     shots,    errors,  discards, seconds,decoder,strong_id,json_metadata,custom_counts
         1,         0,         0,   0.069,decoder_by_matrix,6e3a1f380712a757a3b5fe9f9ef1a6075c7a0550e780d9e60559e4f3ce4ef0bf,"{""distance"":5,""physical_error_rate"":0.005}","{""detectors_checked"":170}"
         8,         0,         0,   0.036,decoder_by_matrix,6e3a1f380712a757a3b5fe9f9ef1a6075c7a0550e780d9e60559e4f3ce4ef0bf,"{""distance"":5,""physical_error_rate"":0.005}","{""detection_events"":20,""detectors_checked"":1360}"
       128,         0,         0,   0.052,decoder_by_matrix,6e3a1f380712a757a3b5fe9f9ef1a6075c7a0550e780d9e60559e4f3ce4ef0bf,"{""distance"":5,""physical_error_rate"":0.005}","{""detection_events"":260,""detectors_checked"":21760}"
      1024,         0,         0,   0.056,decoder_by_matrix,6e3a1f380712a757a3b5fe9f9ef1a6075c7a0550e780d9e60559e4f3ce4ef0bf,"{""distance"":5,""physical_error_rate"":0.005}","{""detection_events"":2585,""detectors_checked"":174080}"
      1024,         0,         0,   0.054,decoder_by_matrix,6e3a1f380712a757a3b5fe9f9ef1a6075c7a0550e780d9e60559e4f3ce4ef0bf,"{""distance"":5,""physical_error_rate"":0.005}","{""detection_events"":3015,""detectors_checked"":174080}"
         1,         0,         0,   0.046,decoder_by_matrix,6e3a1f380712a757a3b5fe9f9ef1a6075c7a0550e780d9e60559e4f3ce4ef0bf,"{""distance"":5,""physical_error_rate"":0.005}","{""detectors_checked"":170}"
         8,         0,         0,   0.022,decoder_by_matrix,6e3a1f380712a757a3b5fe9f9ef1a6075c7a0550e780d9e60559e4f3ce4ef0bf,"{""distance"":5,""physical_error_rate"":0.005}","{""detection_events"":10,""detectors_checked"":1360}"
       128,         0,         0,   0.023,decoder_by_matrix,6e3a1f380712a757a3b5fe9f9ef1a6075c7a0550e780d9e60559e4f3ce4ef0bf,"{""distance"":5,""physical_error_rate"":0.005}","{""detection_events"":360,""detectors_checked"":21760}"
      2048,         0,         0,   0.052,decoder_by_matrix,6e3a1f380712a757a3b5fe9f9ef1a6075c7a0550e780d9e60559e4f3ce4ef0bf,"{""distance"":5,""physical_error_rate"":0.005}","{""detection_events"":6615,""detectors_checked"":348160}"
      2048,         1,         0,   0.104,decoder_by_matrix,6e3a1f380712a757a3b5fe9f9ef1a6075c7a0550e780d9e60559e4f3ce4ef0bf,"{""distance"":5,""physical_error_rate"":0.005}","{""detection_events"":5820,""detectors_checked"":348160,""obs_mistake_mask=E_"":1}"
      2048,         0,         0,   0.058,decoder_by_matrix,6e3a1f380712a757a3b5fe9f9ef1a6075c7a0550e780d9e60559e4f3ce4ef0bf,"{""distance"":5,""physical_error_rate"":0.005}","{""detection_events"":6360,""detectors_checked"":348160}"
      2048,         0,         0,   0.054,decoder_by_matrix,6e3a1f380712a757a3b5fe9f9ef1a6075c7a0550e780d9e60559e4f3ce4ef0bf,"{""distance"":5,""physical_error_rate"":0.005}","{""detection_events"":5225,""detectors_checked"":348160}"
      2048,         1,         0,   0.107,decoder_by_matrix,6e3a1f380712a757a3b5fe9f9ef1a6075c7a0550e780d9e60559e4f3ce4ef0bf,"{""distance"":5,""physical_error_rate"":0.005}","{""detection_events"":5240,""detectors_checked"":348160,""obs_mistake_mask=EE"":1}"
         1,         0,         0,   0.045,decoder_by_matrix,ea7f9f6779b22135d209c4f5fb271040b08fef7381a446752a0daec93f56ae96,"{""distance"":5,""physical_error_rate"":0.01}","{""detectors_checked"":170}"
         8,         0,         0,   0.050,decoder_by_matrix,ea7f9f6779b22135d209c4f5fb271040b08fef7381a446752a0daec93f56ae96,"{""distance"":5,""physical_error_rate"":0.01}","{""detection_events"":55,""detectors_checked"":1360}"
      3072,         0,         0,   0.078,decoder_by_matrix,6e3a1f380712a757a3b5fe9f9ef1a6075c7a0550e780d9e60559e4f3ce4ef0bf,"{""distance"":5,""physical_error_rate"":0.005}","{""detection_events"":8855,""detectors_checked"":522240}"
        64,         0,         0,   0.024,decoder_by_matrix,ea7f9f6779b22135d209c4f5fb271040b08fef7381a446752a0daec93f56ae96,"{""distance"":5,""physical_error_rate"":0.01}","{""detection_events"":290,""detectors_checked"":10880}"
         1,         0,         0,   0.060,decoder_by_matrix,6866428194f3c2ecf80b799fe3d7eaa0d7bfdd0bee14693d15f8abf3c1159eda,"{""distance"":5,""physical_error_rate"":1e-05}","{""detectors_checked"":170}"
      2048,         1,         0,   0.119,decoder_by_matrix,6e3a1f380712a757a3b5fe9f9ef1a6075c7a0550e780d9e60559e4f3ce4ef0bf,"{""distance"":5,""physical_error_rate"":0.005}","{""detection_events"":5460,""detectors_checked"":348160,""obs_mistake_mask=E_"":1}"
         1,         0,         0,   0.032,decoder_by_matrix,161b5fe948dcfe007f335a5c57bcb8ff38ff3ea8726714a4cc08f5b9386b17ca,"{""distance"":5,""physical_error_rate"":5e-06}","{""detectors_checked"":170}"
         1,         0,         0,   0.050,decoder_by_matrix,161b5fe948dcfe007f335a5c57bcb8ff38ff3ea8726714a4cc08f5b9386b17ca,"{""distance"":5,""physical_error_rate"":5e-06}","{""detectors_checked"":170}"
      2048,         4,         0,   0.053,decoder_by_matrix,ea7f9f6779b22135d209c4f5fb271040b08fef7381a446752a0daec93f56ae96,"{""distance"":5,""physical_error_rate"":0.01}","{""detection_events"":11220,""detectors_checked"":348160,""obs_mistake_mask=EE"":3,""obs_mistake_mask=E_"":1}"
        16,         0,         0,   0.027,decoder_by_matrix,161b5fe948dcfe007f335a5c57bcb8ff38ff3ea8726714a4cc08f5b9386b17ca,"{""distance"":5,""physical_error_rate"":5e-06}","{""detectors_checked"":2720}"
         8,         0,         0,   0.053,decoder_by_matrix,6866428194f3c2ecf80b799fe3d7eaa0d7bfdd0bee14693d15f8abf3c1159eda,"{""distance"":5,""physical_error_rate"":1e-05}","{""detectors_checked"":1360}"
      4096,         0,         0,   0.105,decoder_by_matrix,6e3a1f380712a757a3b5fe9f9ef1a6075c7a0550e780d9e60559e4f3ce4ef0bf,"{""distance"":5,""physical_error_rate"":0.005}","{""detection_events"":11275,""detectors_checked"":696320}"
         8,         0,         0,   0.055,decoder_by_matrix,161b5fe948dcfe007f335a5c57bcb8ff38ff3ea8726714a4cc08f5b9386b17ca,"{""distance"":5,""physical_error_rate"":5e-06}","{""detectors_checked"":1360}"
        64,         0,         0,   0.025,decoder_by_matrix,6866428194f3c2ecf80b799fe3d7eaa0d7bfdd0bee14693d15f8abf3c1159eda,"{""distance"":5,""physical_error_rate"":1e-05}","{""detectors_checked"":10880}"
      2048,         5,         0,   0.059,decoder_by_matrix,ea7f9f6779b22135d209c4f5fb271040b08fef7381a446752a0daec93f56ae96,"{""distance"":5,""physical_error_rate"":0.01}","{""detection_events"":11695,""detectors_checked"":348160,""obs_mistake_mask=E_"":2,""obs_mistake_mask=_E"":3}"
       256,         0,         0,   0.028,decoder_by_matrix,161b5fe948dcfe007f335a5c57bcb8ff38ff3ea8726714a4cc08f5b9386b17ca,"{""distance"":5,""physical_error_rate"":5e-06}","{""detectors_checked"":43520}"
      1024,         0,         0,   0.028,decoder_by_matrix,6866428194f3c2ecf80b799fe3d7eaa0d7bfdd0bee14693d15f8abf3c1159eda,"{""distance"":5,""physical_error_rate"":1e-05}","{""detectors_checked"":174080}"
      1024,         0,         0,   0.028,decoder_by_matrix,161b5fe948dcfe007f335a5c57bcb8ff38ff3ea8726714a4cc08f5b9386b17ca,"{""distance"":5,""physical_error_rate"":5e-06}","{""detectors_checked"":174080}"
         1,         0,         0,   0.056,decoder_by_matrix,cc9cd6551b3048ae216380ccb8ae5d3cca75b5b766fe651c47ef084ce4ce7dc6,"{""distance"":5,""physical_error_rate"":5e-05}","{""detectors_checked"":170}"
        64,         0,         0,   0.055,decoder_by_matrix,161b5fe948dcfe007f335a5c57bcb8ff38ff3ea8726714a4cc08f5b9386b17ca,"{""distance"":5,""physical_error_rate"":5e-06}","{""detectors_checked"":10880}"
      2048,         2,         0,   0.067,decoder_by_matrix,ea7f9f6779b22135d209c4f5fb271040b08fef7381a446752a0daec93f56ae96,"{""distance"":5,""physical_error_rate"":0.01}","{""detection_events"":11275,""detectors_checked"":348160,""obs_mistake_mask=E_"":1,""obs_mistake_mask=_E"":1}"
         1,         0,         0,   0.030,decoder_by_matrix,6866428194f3c2ecf80b799fe3d7eaa0d7bfdd0bee14693d15f8abf3c1159eda,"{""distance"":5,""physical_error_rate"":1e-05}","{""detectors_checked"":170}"
      2048,         0,         0,   0.055,decoder_by_matrix,6866428194f3c2ecf80b799fe3d7eaa0d7bfdd0bee14693d15f8abf3c1159eda,"{""distance"":5,""physical_error_rate"":1e-05}","{""detection_events"":40,""detectors_checked"":348160}"
      2048,         0,         0,   0.053,decoder_by_matrix,161b5fe948dcfe007f335a5c57bcb8ff38ff3ea8726714a4cc08f5b9386b17ca,"{""distance"":5,""physical_error_rate"":5e-06}","{""detection_events"":25,""detectors_checked"":348160}"
         8,         0,         0,   0.066,decoder_by_matrix,cc9cd6551b3048ae216380ccb8ae5d3cca75b5b766fe651c47ef084ce4ce7dc6,"{""distance"":5,""physical_error_rate"":5e-05}","{""detectors_checked"":1360}"
        16,         0,         0,   0.025,decoder_by_matrix,6866428194f3c2ecf80b799fe3d7eaa0d7bfdd0bee14693d15f8abf3c1159eda,"{""distance"":5,""physical_error_rate"":1e-05}","{""detectors_checked"":2720}"
      1536,         0,         0,   0.053,decoder_by_matrix,161b5fe948dcfe007f335a5c57bcb8ff38ff3ea8726714a4cc08f5b9386b17ca,"{""distance"":5,""physical_error_rate"":5e-06}","{""detectors_checked"":261120}"
      3072,         1,         0,   0.183,decoder_by_matrix,6e3a1f380712a757a3b5fe9f9ef1a6075c7a0550e780d9e60559e4f3ce4ef0bf,"{""distance"":5,""physical_error_rate"":0.005}","{""detection_events"":9140,""detectors_checked"":522240,""obs_mistake_mask=_E"":1}"
       256,         0,         0,   0.029,decoder_by_matrix,6866428194f3c2ecf80b799fe3d7eaa0d7bfdd0bee14693d15f8abf3c1159eda,"{""distance"":5,""physical_error_rate"":1e-05}","{""detection_events"":15,""detectors_checked"":43520}"
      2048,         0,         0,   0.060,decoder_by_matrix,6866428194f3c2ecf80b799fe3d7eaa0d7bfdd0bee14693d15f8abf3c1159eda,"{""distance"":5,""physical_error_rate"":1e-05}","{""detectors_checked"":348160}"
      2048,         0,         0,   0.064,decoder_by_matrix,161b5fe948dcfe007f335a5c57bcb8ff38ff3ea8726714a4cc08f5b9386b17ca,"{""distance"":5,""physical_error_rate"":5e-06}","{""detectors_checked"":348160}"
      5120,         1,         0,   0.161,decoder_by_matrix,6e3a1f380712a757a3b5fe9f9ef1a6075c7a0550e780d9e60559e4f3ce4ef0bf,"{""distance"":5,""physical_error_rate"":0.005}","{""detection_events"":13495,""detectors_checked"":870400,""obs_mistake_mask=E_"":1}"
        64,         0,         0,   0.058,decoder_by_matrix,cc9cd6551b3048ae216380ccb8ae5d3cca75b5b766fe651c47ef084ce4ce7dc6,"{""distance"":5,""physical_error_rate"":5e-05}","{""detectors_checked"":10880}"
         1,         0,         0,   0.065,decoder_by_matrix,ea7f9f6779b22135d209c4f5fb271040b08fef7381a446752a0daec93f56ae96,"{""distance"":5,""physical_error_rate"":0.01}","{""detection_events"":15,""detectors_checked"":170}"
      2048,         0,         0,   0.055,decoder_by_matrix,161b5fe948dcfe007f335a5c57bcb8ff38ff3ea8726714a4cc08f5b9386b17ca,"{""distance"":5,""physical_error_rate"":5e-06}","{""detection_events"":10,""detectors_checked"":348160}"
      1024,         0,         0,   0.033,decoder_by_matrix,6866428194f3c2ecf80b799fe3d7eaa0d7bfdd0bee14693d15f8abf3c1159eda,"{""distance"":5,""physical_error_rate"":1e-05}","{""detection_events"":40,""detectors_checked"":174080}"
      3072,         8,         0,   0.100,decoder_by_matrix,ea7f9f6779b22135d209c4f5fb271040b08fef7381a446752a0daec93f56ae96,"{""distance"":5,""physical_error_rate"":0.01}","{""detection_events"":17260,""detectors_checked"":522240,""obs_mistake_mask=EE"":1,""obs_mistake_mask=E_"":3,""obs_mistake_mask=_E"":4}"
         1,         0,         0,   0.055,decoder_by_matrix,a052b2ce6ed64a98931ebcd7492590a746d7ec6e385d9f4479eb5b69a31b01f0,"{""distance"":5,""physical_error_rate"":0.0001}","{""detectors_checked"":170}"
      2048,         0,         0,   0.053,decoder_by_matrix,161b5fe948dcfe007f335a5c57bcb8ff38ff3ea8726714a4cc08f5b9386b17ca,"{""distance"":5,""physical_error_rate"":5e-06}","{""detection_events"":10,""detectors_checked"":348160}"
         8,         0,         0,   0.060,decoder_by_matrix,ea7f9f6779b22135d209c4f5fb271040b08fef7381a446752a0daec93f56ae96,"{""distance"":5,""physical_error_rate"":0.01}","{""detection_events"":25,""detectors_checked"":1360}"
      2048,         0,         0,   0.065,decoder_by_matrix,6866428194f3c2ecf80b799fe3d7eaa0d7bfdd0bee14693d15f8abf3c1159eda,"{""distance"":5,""physical_error_rate"":1e-05}","{""detectors_checked"":348160}"
       512,         0,         0,   0.073,decoder_by_matrix,cc9cd6551b3048ae216380ccb8ae5d3cca75b5b766fe651c47ef084ce4ce7dc6,"{""distance"":5,""physical_error_rate"":5e-05}","{""detection_events"":25,""detectors_checked"":87040}"
      3072,         0,         0,   0.096,decoder_by_matrix,6866428194f3c2ecf80b799fe3d7eaa0d7bfdd0bee14693d15f8abf3c1159eda,"{""distance"":5,""physical_error_rate"":1e-05}","{""detectors_checked"":522240}"
      3072,         0,         0,   0.095,decoder_by_matrix,161b5fe948dcfe007f335a5c57bcb8ff38ff3ea8726714a4cc08f5b9386b17ca,"{""distance"":5,""physical_error_rate"":5e-06}","{""detection_events"":10,""detectors_checked"":522240}"
         8,         0,         0,   0.039,decoder_by_matrix,a052b2ce6ed64a98931ebcd7492590a746d7ec6e385d9f4479eb5b69a31b01f0,"{""distance"":5,""physical_error_rate"":0.0001}","{""detectors_checked"":1360}"
        64,         1,         0,   0.041,decoder_by_matrix,ea7f9f6779b22135d209c4f5fb271040b08fef7381a446752a0daec93f56ae96,"{""distance"":5,""physical_error_rate"":0.01}","{""detection_events"":495,""detectors_checked"":10880,""obs_mistake_mask=E_"":1}"
        64,         0,         0,   0.025,decoder_by_matrix,a052b2ce6ed64a98931ebcd7492590a746d7ec6e385d9f4479eb5b69a31b01f0,"{""distance"":5,""physical_error_rate"":0.0001}","{""detection_events"":20,""detectors_checked"":10880}"
      2048,         0,         0,   0.059,decoder_by_matrix,cc9cd6551b3048ae216380ccb8ae5d3cca75b5b766fe651c47ef084ce4ce7dc6,"{""distance"":5,""physical_error_rate"":5e-05}","{""detection_events"":35,""detectors_checked"":348160}"
       512,         0,         0,   0.034,decoder_by_matrix,ea7f9f6779b22135d209c4f5fb271040b08fef7381a446752a0daec93f56ae96,"{""distance"":5,""physical_error_rate"":0.01}","{""detection_events"":2910,""detectors_checked"":87040}"
         1,         0,         0,   0.066,decoder_by_matrix,f0fc70a0432f83ff513e502442839d2eab02e2bed2f658d0464ff826d304e5e7,"{""distance"":5,""physical_error_rate"":0.0005}","{""detectors_checked"":170}"
      1024,         0,         0,   0.027,decoder_by_matrix,a052b2ce6ed64a98931ebcd7492590a746d7ec6e385d9f4479eb5b69a31b01f0,"{""distance"":5,""physical_error_rate"":0.0001}","{""detection_events"":95,""detectors_checked"":174080}"
         1,         0,         0,   0.066,decoder_by_matrix,161b5fe948dcfe007f335a5c57bcb8ff38ff3ea8726714a4cc08f5b9386b17ca,"{""distance"":5,""physical_error_rate"":5e-06}","{""detectors_checked"":170}"
      2048,         0,         0,   0.093,decoder_by_matrix,161b5fe948dcfe007f335a5c57bcb8ff38ff3ea8726714a4cc08f5b9386b17ca,"{""distance"":5,""physical_error_rate"":5e-06}","{""detection_events"":20,""detectors_checked"":348160}"
      3072,         0,         0,   0.080,decoder_by_matrix,6866428194f3c2ecf80b799fe3d7eaa0d7bfdd0bee14693d15f8abf3c1159eda,"{""distance"":5,""physical_error_rate"":1e-05}","{""detectors_checked"":522240}"
      3072,         3,         0,   0.207,decoder_by_matrix,6e3a1f380712a757a3b5fe9f9ef1a6075c7a0550e780d9e60559e4f3ce4ef0bf,"{""distance"":5,""physical_error_rate"":0.005}","{""detection_events"":9060,""detectors_checked"":522240,""obs_mistake_mask=EE"":1,""obs_mistake_mask=E_"":2}"
      3072,         2,         0,   0.144,decoder_by_matrix,ea7f9f6779b22135d209c4f5fb271040b08fef7381a446752a0daec93f56ae96,"{""distance"":5,""physical_error_rate"":0.01}","{""detection_events"":16435,""detectors_checked"":522240,""obs_mistake_mask=E_"":1,""obs_mistake_mask=_E"":1}"
         1,         0,         0,   0.079,decoder_by_matrix,5b8a070a3cf8d31d64f24dbee89f3428cb9cab13fc59f7448d798f9bf08e9187,"{""distance"":5,""physical_error_rate"":0.001}","{""detectors_checked"":170}"
         8,         0,         0,   0.041,decoder_by_matrix,f0fc70a0432f83ff513e502442839d2eab02e2bed2f658d0464ff826d304e5e7,"{""distance"":5,""physical_error_rate"":0.0005}","{""detectors_checked"":1360}"
      2048,         0,         0,   0.055,decoder_by_matrix,cc9cd6551b3048ae216380ccb8ae5d3cca75b5b766fe651c47ef084ce4ce7dc6,"{""distance"":5,""physical_error_rate"":5e-05}","{""detection_events"":70,""detectors_checked"":348160}"
      4096,         0,         0,   0.110,decoder_by_matrix,6866428194f3c2ecf80b799fe3d7eaa0d7bfdd0bee14693d15f8abf3c1159eda,"{""distance"":5,""physical_error_rate"":1e-05}","{""detection_events"":45,""detectors_checked"":696320}"
      4096,         0,         0,   0.110,decoder_by_matrix,161b5fe948dcfe007f335a5c57bcb8ff38ff3ea8726714a4cc08f5b9386b17ca,"{""distance"":5,""physical_error_rate"":5e-06}","{""detectors_checked"":696320}"
      6144,         0,         0,   0.207,decoder_by_matrix,6e3a1f380712a757a3b5fe9f9ef1a6075c7a0550e780d9e60559e4f3ce4ef0bf,"{""distance"":5,""physical_error_rate"":0.005}","{""detection_events"":16815,""detectors_checked"":1044480}"
         8,         0,         0,   0.054,decoder_by_matrix,161b5fe948dcfe007f335a5c57bcb8ff38ff3ea8726714a4cc08f5b9386b17ca,"{""distance"":5,""physical_error_rate"":5e-06}","{""detectors_checked"":1360}"
      2048,         4,         0,   0.069,decoder_by_matrix,ea7f9f6779b22135d209c4f5fb271040b08fef7381a446752a0daec93f56ae96,"{""distance"":5,""physical_error_rate"":0.01}","{""detection_events"":10970,""detectors_checked"":348160,""obs_mistake_mask=EE"":2,""obs_mistake_mask=E_"":2}"
        64,         0,         0,   0.027,decoder_by_matrix,f0fc70a0432f83ff513e502442839d2eab02e2bed2f658d0464ff826d304e5e7,"{""distance"":5,""physical_error_rate"":0.0005}","{""detectors_checked"":10880}"
      2048,         0,         0,   0.065,decoder_by_matrix,a052b2ce6ed64a98931ebcd7492590a746d7ec6e385d9f4479eb5b69a31b01f0,"{""distance"":5,""physical_error_rate"":0.0001}","{""detection_events"":160,""detectors_checked"":348160}"
         4,         0,         0,   0.056,decoder_by_matrix,5b8a070a3cf8d31d64f24dbee89f3428cb9cab13fc59f7448d798f9bf08e9187,"{""distance"":5,""physical_error_rate"":0.001}","{""detectors_checked"":680}"
      1024,         0,         0,   0.028,decoder_by_matrix,f0fc70a0432f83ff513e502442839d2eab02e2bed2f658d0464ff826d304e5e7,"{""distance"":5,""physical_error_rate"":0.0005}","{""detection_events"":170,""detectors_checked"":174080}"
      3072,         0,         0,   0.086,decoder_by_matrix,6866428194f3c2ecf80b799fe3d7eaa0d7bfdd0bee14693d15f8abf3c1159eda,"{""distance"":5,""physical_error_rate"":1e-05}","{""detection_events"":45,""detectors_checked"":522240}"
        64,         0,         0,   0.053,decoder_by_matrix,161b5fe948dcfe007f335a5c57bcb8ff38ff3ea8726714a4cc08f5b9386b17ca,"{""distance"":5,""physical_error_rate"":5e-06}","{""detectors_checked"":10880}"
      3072,         0,         0,   0.110,decoder_by_matrix,161b5fe948dcfe007f335a5c57bcb8ff38ff3ea8726714a4cc08f5b9386b17ca,"{""distance"":5,""physical_error_rate"":5e-06}","{""detectors_checked"":522240}"
      2048,         3,         0,   0.069,decoder_by_matrix,ea7f9f6779b22135d209c4f5fb271040b08fef7381a446752a0daec93f56ae96,"{""distance"":5,""physical_error_rate"":0.01}","{""detection_events"":11655,""detectors_checked"":348160,""obs_mistake_mask=E_"":3}"
      2048,         0,         0,   0.065,decoder_by_matrix,a052b2ce6ed64a98931ebcd7492590a746d7ec6e385d9f4479eb5b69a31b01f0,"{""distance"":5,""physical_error_rate"":0.0001}","{""detection_events"":85,""detectors_checked"":348160}"
      3072,         0,         0,   0.088,decoder_by_matrix,cc9cd6551b3048ae216380ccb8ae5d3cca75b5b766fe651c47ef084ce4ce7dc6,"{""distance"":5,""physical_error_rate"":5e-05}","{""detection_events"":35,""detectors_checked"":522240}"
      2048,         0,         0,   0.058,decoder_by_matrix,f0fc70a0432f83ff513e502442839d2eab02e2bed2f658d0464ff826d304e5e7,"{""distance"":5,""physical_error_rate"":0.0005}","{""detection_events"":590,""detectors_checked"":348160}"
        32,         0,         0,   0.072,decoder_by_matrix,5b8a070a3cf8d31d64f24dbee89f3428cb9cab13fc59f7448d798f9bf08e9187,"{""distance"":5,""physical_error_rate"":0.001}","{""detection_events"":20,""detectors_checked"":5440}"
      4096,         7,         0,   0.150,decoder_by_matrix,ea7f9f6779b22135d209c4f5fb271040b08fef7381a446752a0daec93f56ae96,"{""distance"":5,""physical_error_rate"":0.01}","{""detection_events"":22300,""detectors_checked"":696320,""obs_mistake_mask=EE"":2,""obs_mistake_mask=E_"":3,""obs_mistake_mask=_E"":2}"
       512,         0,         0,   0.058,decoder_by_matrix,161b5fe948dcfe007f335a5c57bcb8ff38ff3ea8726714a4cc08f5b9386b17ca,"{""distance"":5,""physical_error_rate"":5e-06}","{""detectors_checked"":87040}"
         1,         0,         0,   0.033,decoder_by_matrix,5b8a070a3cf8d31d64f24dbee89f3428cb9cab13fc59f7448d798f9bf08e9187,"{""distance"":5,""physical_error_rate"":0.001}","{""detection_events"":5,""detectors_checked"":170}"
         1,         0,         0,   0.059,decoder_by_matrix,cc9cd6551b3048ae216380ccb8ae5d3cca75b5b766fe651c47ef084ce4ce7dc6,"{""distance"":5,""physical_error_rate"":5e-05}","{""detectors_checked"":170}"
       256,         0,         0,   0.042,decoder_by_matrix,5b8a070a3cf8d31d64f24dbee89f3428cb9cab13fc59f7448d798f9bf08e9187,"{""distance"":5,""physical_error_rate"":0.001}","{""detection_events"":145,""detectors_checked"":43520}"
      5120,         0,         0,   0.154,decoder_by_matrix,6866428194f3c2ecf80b799fe3d7eaa0d7bfdd0bee14693d15f8abf3c1159eda,"{""distance"":5,""physical_error_rate"":1e-05}","{""detection_events"":20,""detectors_checked"":870400}"
        16,         0,         0,   0.027,decoder_by_matrix,5b8a070a3cf8d31d64f24dbee89f3428cb9cab13fc59f7448d798f9bf08e9187,"{""distance"":5,""physical_error_rate"":0.001}","{""detectors_checked"":2720}"
      5120,         0,         0,   0.165,decoder_by_matrix,161b5fe948dcfe007f335a5c57bcb8ff38ff3ea8726714a4cc08f5b9386b17ca,"{""distance"":5,""physical_error_rate"":5e-06}","{""detectors_checked"":870400}"
      4096,         0,         0,   0.135,decoder_by_matrix,6866428194f3c2ecf80b799fe3d7eaa0d7bfdd0bee14693d15f8abf3c1159eda,"{""distance"":5,""physical_error_rate"":1e-05}","{""detection_events"":60,""detectors_checked"":696320}"
      2048,         0,         0,   0.080,decoder_by_matrix,f0fc70a0432f83ff513e502442839d2eab02e2bed2f658d0464ff826d304e5e7,"{""distance"":5,""physical_error_rate"":0.0005}","{""detection_events"":935,""detectors_checked"":348160}"
         8,         0,         0,   0.052,decoder_by_matrix,cc9cd6551b3048ae216380ccb8ae5d3cca75b5b766fe651c47ef084ce4ce7dc6,"{""distance"":5,""physical_error_rate"":5e-05}","{""detectors_checked"":1360}"
       256,         0,         0,   0.031,decoder_by_matrix,5b8a070a3cf8d31d64f24dbee89f3428cb9cab13fc59f7448d798f9bf08e9187,"{""distance"":5,""physical_error_rate"":0.001}","{""detection_events"":85,""detectors_checked"":43520}"
      3072,         0,         0,   0.108,decoder_by_matrix,cc9cd6551b3048ae216380ccb8ae5d3cca75b5b766fe651c47ef084ce4ce7dc6,"{""distance"":5,""physical_error_rate"":5e-05}","{""detection_events"":195,""detectors_checked"":522240}"
      1024,         0,         0,   0.077,decoder_by_matrix,161b5fe948dcfe007f335a5c57bcb8ff38ff3ea8726714a4cc08f5b9386b17ca,"{""distance"":5,""physical_error_rate"":5e-06}","{""detectors_checked"":174080}"
      2048,         0,         0,   0.113,decoder_by_matrix,a052b2ce6ed64a98931ebcd7492590a746d7ec6e385d9f4479eb5b69a31b01f0,"{""distance"":5,""physical_error_rate"":0.0001}","{""detection_events"":145,""detectors_checked"":348160}"
      2048,         0,         0,   0.065,decoder_by_matrix,5b8a070a3cf8d31d64f24dbee89f3428cb9cab13fc59f7448d798f9bf08e9187,"{""distance"":5,""physical_error_rate"":0.001}","{""detection_events"":895,""detectors_checked"":348160}"
      5120,         0,         0,   0.150,decoder_by_matrix,161b5fe948dcfe007f335a5c57bcb8ff38ff3ea8726714a4cc08f5b9386b17ca,"{""distance"":5,""physical_error_rate"":5e-06}","{""detectors_checked"":870400}"
      2048,         1,         0,   0.137,decoder_by_matrix,ea7f9f6779b22135d209c4f5fb271040b08fef7381a446752a0daec93f56ae96,"{""distance"":5,""physical_error_rate"":0.01}","{""detection_events"":11585,""detectors_checked"":348160,""obs_mistake_mask=E_"":1}"
      1024,         0,         0,   0.032,decoder_by_matrix,5b8a070a3cf8d31d64f24dbee89f3428cb9cab13fc59f7448d798f9bf08e9187,"{""distance"":5,""physical_error_rate"":0.001}","{""detection_events"":560,""detectors_checked"":174080}"
         1,         0,         0,   0.038,decoder_by_matrix,a052b2ce6ed64a98931ebcd7492590a746d7ec6e385d9f4479eb5b69a31b01f0,"{""distance"":5,""physical_error_rate"":0.0001}","{""detectors_checked"":170}"
        64,         0,         0,   0.072,decoder_by_matrix,cc9cd6551b3048ae216380ccb8ae5d3cca75b5b766fe651c47ef084ce4ce7dc6,"{""distance"":5,""physical_error_rate"":5e-05}","{""detectors_checked"":10880}"
         8,         0,         0,   0.033,decoder_by_matrix,a052b2ce6ed64a98931ebcd7492590a746d7ec6e385d9f4479eb5b69a31b01f0,"{""distance"":5,""physical_error_rate"":0.0001}","{""detectors_checked"":1360}"
      1024,         0,         0,   0.075,decoder_by_matrix,161b5fe948dcfe007f335a5c57bcb8ff38ff3ea8726714a4cc08f5b9386b17ca,"{""distance"":5,""physical_error_rate"":5e-06}","{""detectors_checked"":174080}"
      2048,         0,         0,   0.088,decoder_by_matrix,f0fc70a0432f83ff513e502442839d2eab02e2bed2f658d0464ff826d304e5e7,"{""distance"":5,""physical_error_rate"":0.0005}","{""detection_events"":460,""detectors_checked"":348160}"
      2048,         0,         0,   0.066,decoder_by_matrix,5b8a070a3cf8d31d64f24dbee89f3428cb9cab13fc59f7448d798f9bf08e9187,"{""distance"":5,""physical_error_rate"":0.001}","{""detection_events"":1365,""detectors_checked"":348160}"
      2048,         0,         0,   0.079,decoder_by_matrix,5b8a070a3cf8d31d64f24dbee89f3428cb9cab13fc59f7448d798f9bf08e9187,"{""distance"":5,""physical_error_rate"":0.001}","{""detection_events"":1285,""detectors_checked"":348160}"
      2048,         0,         0,   0.105,decoder_by_matrix,a052b2ce6ed64a98931ebcd7492590a746d7ec6e385d9f4479eb5b69a31b01f0,"{""distance"":5,""physical_error_rate"":0.0001}","{""detection_events"":115,""detectors_checked"":348160}"
      5120,         0,         0,   0.338,decoder_by_matrix,6e3a1f380712a757a3b5fe9f9ef1a6075c7a0550e780d9e60559e4f3ce4ef0bf,"{""distance"":5,""physical_error_rate"":0.005}","{""detection_events"":14750,""detectors_checked"":870400}"
      9216,         1,         0,   0.296,decoder_by_matrix,6e3a1f380712a757a3b5fe9f9ef1a6075c7a0550e780d9e60559e4f3ce4ef0bf,"{""distance"":5,""physical_error_rate"":0.005}","{""detection_events"":25410,""detectors_checked"":1566720,""obs_mistake_mask=EE"":1}"
       128,         0,         0,   0.034,decoder_by_matrix,a052b2ce6ed64a98931ebcd7492590a746d7ec6e385d9f4479eb5b69a31b01f0,"{""distance"":5,""physical_error_rate"":0.0001}","{""detectors_checked"":21760}"
       512,         0,         0,   0.055,decoder_by_matrix,cc9cd6551b3048ae216380ccb8ae5d3cca75b5b766fe651c47ef084ce4ce7dc6,"{""distance"":5,""physical_error_rate"":5e-05}","{""detection_events"":10,""detectors_checked"":87040}"
         1,         0,         0,   0.036,decoder_by_matrix,be0c214c078cdb5104153598b498575a1fc035ba16beb428536e5a87ee0a867f,"{""distance"":5,""physical_error_rate"":1e-06}","{""detectors_checked"":170}"
      4096,         0,         0,   0.150,decoder_by_matrix,6866428194f3c2ecf80b799fe3d7eaa0d7bfdd0bee14693d15f8abf3c1159eda,"{""distance"":5,""physical_error_rate"":1e-05}","{""detectors_checked"":696320}"
      1024,         0,         0,   0.032,decoder_by_matrix,a052b2ce6ed64a98931ebcd7492590a746d7ec6e385d9f4479eb5b69a31b01f0,"{""distance"":5,""physical_error_rate"":0.0001}","{""detection_events"":65,""detectors_checked"":174080}"
         1,         0,         0,   0.036,decoder_by_matrix,f0fc70a0432f83ff513e502442839d2eab02e2bed2f658d0464ff826d304e5e7,"{""distance"":5,""physical_error_rate"":0.0005}","{""detectors_checked"":170}"
         1,         0,         0,   0.073,decoder_by_matrix,a052b2ce6ed64a98931ebcd7492590a746d7ec6e385d9f4479eb5b69a31b01f0,"{""distance"":5,""physical_error_rate"":0.0001}","{""detectors_checked"":170}"
        16,         0,         0,   0.031,decoder_by_matrix,be0c214c078cdb5104153598b498575a1fc035ba16beb428536e5a87ee0a867f,"{""distance"":5,""physical_error_rate"":1e-06}","{""detectors_checked"":2720}"
      1024,         0,         0,   0.076,decoder_by_matrix,161b5fe948dcfe007f335a5c57bcb8ff38ff3ea8726714a4cc08f5b9386b17ca,"{""distance"":5,""physical_error_rate"":5e-06}","{""detectors_checked"":174080}"
         1,         0,         0,   0.058,decoder_by_matrix,be0c214c078cdb5104153598b498575a1fc035ba16beb428536e5a87ee0a867f,"{""distance"":5,""physical_error_rate"":1e-06}","{""detectors_checked"":170}"
      3072,        10,         0,   0.134,decoder_by_matrix,ea7f9f6779b22135d209c4f5fb271040b08fef7381a446752a0daec93f56ae96,"{""distance"":5,""physical_error_rate"":0.01}","{""detection_events"":16455,""detectors_checked"":522240,""obs_mistake_mask=EE"":2,""obs_mistake_mask=E_"":3,""obs_mistake_mask=_E"":5}"
      7168,        13,         0,   0.242,decoder_by_matrix,ea7f9f6779b22135d209c4f5fb271040b08fef7381a446752a0daec93f56ae96,"{""distance"":5,""physical_error_rate"":0.01}","{""detection_events"":39950,""detectors_checked"":1218560,""obs_mistake_mask=EE"":2,""obs_mistake_mask=E_"":8,""obs_mistake_mask=_E"":3}"
      2048,         0,         0,   0.068,decoder_by_matrix,5b8a070a3cf8d31d64f24dbee89f3428cb9cab13fc59f7448d798f9bf08e9187,"{""distance"":5,""physical_error_rate"":0.001}","{""detection_events"":1350,""detectors_checked"":348160}"
      5120,         0,         0,   0.179,decoder_by_matrix,cc9cd6551b3048ae216380ccb8ae5d3cca75b5b766fe651c47ef084ce4ce7dc6,"{""distance"":5,""physical_error_rate"":5e-05}","{""detection_events"":185,""detectors_checked"":870400}"
      6144,         0,         0,   0.216,decoder_by_matrix,6866428194f3c2ecf80b799fe3d7eaa0d7bfdd0bee14693d15f8abf3c1159eda,"{""distance"":5,""physical_error_rate"":1e-05}","{""detection_events"":25,""detectors_checked"":1044480}"
        16,         0,         0,   0.031,decoder_by_matrix,f0fc70a0432f83ff513e502442839d2eab02e2bed2f658d0464ff826d304e5e7,"{""distance"":5,""physical_error_rate"":0.0005}","{""detectors_checked"":2720}"
      3072,         0,         0,   0.106,decoder_by_matrix,f0fc70a0432f83ff513e502442839d2eab02e2bed2f658d0464ff826d304e5e7,"{""distance"":5,""physical_error_rate"":0.0005}","{""detection_events"":660,""detectors_checked"":522240}"
       256,         0,         0,   0.032,decoder_by_matrix,be0c214c078cdb5104153598b498575a1fc035ba16beb428536e5a87ee0a867f,"{""distance"":5,""physical_error_rate"":1e-06}","{""detectors_checked"":43520}"
      1024,         0,         0,   0.072,decoder_by_matrix,cc9cd6551b3048ae216380ccb8ae5d3cca75b5b766fe651c47ef084ce4ce7dc6,"{""distance"":5,""physical_error_rate"":5e-05}","{""detection_events"":75,""detectors_checked"":174080}"
         8,         0,         0,   0.046,decoder_by_matrix,a052b2ce6ed64a98931ebcd7492590a746d7ec6e385d9f4479eb5b69a31b01f0,"{""distance"":5,""physical_error_rate"":0.0001}","{""detectors_checked"":1360}"
      6144,         0,         0,   0.224,decoder_by_matrix,161b5fe948dcfe007f335a5c57bcb8ff38ff3ea8726714a4cc08f5b9386b17ca,"{""distance"":5,""physical_error_rate"":5e-06}","{""detection_events"":10,""detectors_checked"":1044480}"
      2048,         0,         0,   0.066,decoder_by_matrix,a052b2ce6ed64a98931ebcd7492590a746d7ec6e385d9f4479eb5b69a31b01f0,"{""distance"":5,""physical_error_rate"":0.0001}","{""detection_events"":90,""detectors_checked"":348160}"
         8,         0,         0,   0.057,decoder_by_matrix,be0c214c078cdb5104153598b498575a1fc035ba16beb428536e5a87ee0a867f,"{""distance"":5,""physical_error_rate"":1e-06}","{""detectors_checked"":1360}"
       256,         0,         0,   0.033,decoder_by_matrix,f0fc70a0432f83ff513e502442839d2eab02e2bed2f658d0464ff826d304e5e7,"{""distance"":5,""physical_error_rate"":0.0005}","{""detection_events"":85,""detectors_checked"":43520}"
      1024,         0,         0,   0.034,decoder_by_matrix,be0c214c078cdb5104153598b498575a1fc035ba16beb428536e5a87ee0a867f,"{""distance"":5,""physical_error_rate"":1e-06}","{""detectors_checked"":174080}"
        64,         0,         0,   0.035,decoder_by_matrix,a052b2ce6ed64a98931ebcd7492590a746d7ec6e385d9f4479eb5b69a31b01f0,"{""distance"":5,""physical_error_rate"":0.0001}","{""detectors_checked"":10880}"
      6144,         0,         0,   0.210,decoder_by_matrix,161b5fe948dcfe007f335a5c57bcb8ff38ff3ea8726714a4cc08f5b9386b17ca,"{""distance"":5,""physical_error_rate"":5e-06}","{""detectors_checked"":1044480}"
      2048,         0,         0,   0.135,decoder_by_matrix,5b8a070a3cf8d31d64f24dbee89f3428cb9cab13fc59f7448d798f9bf08e9187,"{""distance"":5,""physical_error_rate"":0.001}","{""detection_events"":1025,""detectors_checked"":348160}"
      1024,         0,         0,   0.035,decoder_by_matrix,f0fc70a0432f83ff513e502442839d2eab02e2bed2f658d0464ff826d304e5e7,"{""distance"":5,""physical_error_rate"":0.0005}","{""detection_events"":220,""detectors_checked"":174080}"
      1024,         0,         0,   0.059,decoder_by_matrix,cc9cd6551b3048ae216380ccb8ae5d3cca75b5b766fe651c47ef084ce4ce7dc6,"{""distance"":5,""physical_error_rate"":5e-05}","{""detection_events"":10,""detectors_checked"":174080}"
      1024,         0,         0,   0.034,decoder_by_matrix,a052b2ce6ed64a98931ebcd7492590a746d7ec6e385d9f4479eb5b69a31b01f0,"{""distance"":5,""physical_error_rate"":0.0001}","{""detection_events"":40,""detectors_checked"":174080}"
        64,         0,         0,   0.057,decoder_by_matrix,be0c214c078cdb5104153598b498575a1fc035ba16beb428536e5a87ee0a867f,"{""distance"":5,""physical_error_rate"":1e-06}","{""detectors_checked"":10880}"
      3072,         0,         0,   0.103,decoder_by_matrix,5b8a070a3cf8d31d64f24dbee89f3428cb9cab13fc59f7448d798f9bf08e9187,"{""distance"":5,""physical_error_rate"":0.001}","{""detection_events"":1675,""detectors_checked"":522240}"
      5120,         0,         0,   0.165,decoder_by_matrix,a052b2ce6ed64a98931ebcd7492590a746d7ec6e385d9f4479eb5b69a31b01f0,"{""distance"":5,""physical_error_rate"":0.0001}","{""detection_events"":485,""detectors_checked"":870400}"
      2048,         0,         0,   0.068,decoder_by_matrix,a052b2ce6ed64a98931ebcd7492590a746d7ec6e385d9f4479eb5b69a31b01f0,"{""distance"":5,""physical_error_rate"":0.0001}","{""detection_events"":85,""detectors_checked"":348160}"
      2048,         0,         0,   0.068,decoder_by_matrix,be0c214c078cdb5104153598b498575a1fc035ba16beb428536e5a87ee0a867f,"{""distance"":5,""physical_error_rate"":1e-06}","{""detectors_checked"":348160}"
       512,         0,         0,   0.029,decoder_by_matrix,be0c214c078cdb5104153598b498575a1fc035ba16beb428536e5a87ee0a867f,"{""distance"":5,""physical_error_rate"":1e-06}","{""detectors_checked"":87040}"
      2048,         0,         0,   0.146,decoder_by_matrix,161b5fe948dcfe007f335a5c57bcb8ff38ff3ea8726714a4cc08f5b9386b17ca,"{""distance"":5,""physical_error_rate"":5e-06}","{""detectors_checked"":348160}"
      2048,         0,         0,   0.071,decoder_by_matrix,f0fc70a0432f83ff513e502442839d2eab02e2bed2f658d0464ff826d304e5e7,"{""distance"":5,""physical_error_rate"":0.0005}","{""detection_events"":445,""detectors_checked"":348160}"
      2048,         0,         0,   0.069,decoder_by_matrix,a052b2ce6ed64a98931ebcd7492590a746d7ec6e385d9f4479eb5b69a31b01f0,"{""distance"":5,""physical_error_rate"":0.0001}","{""detection_events"":240,""detectors_checked"":348160}"
      5120,         8,         0,   0.178,decoder_by_matrix,ea7f9f6779b22135d209c4f5fb271040b08fef7381a446752a0daec93f56ae96,"{""distance"":5,""physical_error_rate"":0.01}","{""detection_events"":28315,""detectors_checked"":870400,""obs_mistake_mask=EE"":2,""obs_mistake_mask=E_"":2,""obs_mistake_mask=_E"":4}"
      3072,         0,         0,   0.114,decoder_by_matrix,5b8a070a3cf8d31d64f24dbee89f3428cb9cab13fc59f7448d798f9bf08e9187,"{""distance"":5,""physical_error_rate"":0.001}","{""detection_events"":1875,""detectors_checked"":522240}"
      2048,         0,         0,   0.066,decoder_by_matrix,be0c214c078cdb5104153598b498575a1fc035ba16beb428536e5a87ee0a867f,"{""distance"":5,""physical_error_rate"":1e-06}","{""detectors_checked"":348160}"
      2048,         0,         0,   0.059,decoder_by_matrix,be0c214c078cdb5104153598b498575a1fc035ba16beb428536e5a87ee0a867f,"{""distance"":5,""physical_error_rate"":1e-06}","{""detectors_checked"":348160}"
      5120,         0,         0,   0.220,decoder_by_matrix,6866428194f3c2ecf80b799fe3d7eaa0d7bfdd0bee14693d15f8abf3c1159eda,"{""distance"":5,""physical_error_rate"":1e-05}","{""detection_events"":25,""detectors_checked"":870400}"
      5120,         0,         0,   0.179,decoder_by_matrix,f0fc70a0432f83ff513e502442839d2eab02e2bed2f658d0464ff826d304e5e7,"{""distance"":5,""physical_error_rate"":0.0005}","{""detection_events"":1425,""detectors_checked"":870400}"
      3072,         0,         0,   0.098,decoder_by_matrix,a052b2ce6ed64a98931ebcd7492590a746d7ec6e385d9f4479eb5b69a31b01f0,"{""distance"":5,""physical_error_rate"":0.0001}","{""detection_events"":130,""detectors_checked"":522240}"
      2048,         0,         0,   0.130,decoder_by_matrix,cc9cd6551b3048ae216380ccb8ae5d3cca75b5b766fe651c47ef084ce4ce7dc6,"{""distance"":5,""physical_error_rate"":5e-05}","{""detection_events"":95,""detectors_checked"":348160}"
      2048,         0,         0,   0.068,decoder_by_matrix,f0fc70a0432f83ff513e502442839d2eab02e2bed2f658d0464ff826d304e5e7,"{""distance"":5,""physical_error_rate"":0.0005}","{""detection_events"":780,""detectors_checked"":348160}"
      4096,         0,         0,   0.136,decoder_by_matrix,5b8a070a3cf8d31d64f24dbee89f3428cb9cab13fc59f7448d798f9bf08e9187,"{""distance"":5,""physical_error_rate"":0.001}","{""detection_events"":1950,""detectors_checked"":696320}"
      2048,         0,         0,   0.068,decoder_by_matrix,a052b2ce6ed64a98931ebcd7492590a746d7ec6e385d9f4479eb5b69a31b01f0,"{""distance"":5,""physical_error_rate"":0.0001}","{""detection_events"":55,""detectors_checked"":348160}"
      7168,         0,         0,   0.238,decoder_by_matrix,cc9cd6551b3048ae216380ccb8ae5d3cca75b5b766fe651c47ef084ce4ce7dc6,"{""distance"":5,""physical_error_rate"":5e-05}","{""detection_events"":235,""detectors_checked"":1218560}"
      2048,         0,         0,   0.060,decoder_by_matrix,be0c214c078cdb5104153598b498575a1fc035ba16beb428536e5a87ee0a867f,"{""distance"":5,""physical_error_rate"":1e-06}","{""detectors_checked"":348160}"
      3072,         0,         0,   0.100,decoder_by_matrix,be0c214c078cdb5104153598b498575a1fc035ba16beb428536e5a87ee0a867f,"{""distance"":5,""physical_error_rate"":1e-06}","{""detection_events"":30,""detectors_checked"":522240}"
      7168,        11,         0,   0.304,decoder_by_matrix,ea7f9f6779b22135d209c4f5fb271040b08fef7381a446752a0daec93f56ae96,"{""distance"":5,""physical_error_rate"":0.01}","{""detection_events"":38490,""detectors_checked"":1218560,""obs_mistake_mask=EE"":2,""obs_mistake_mask=E_"":4,""obs_mistake_mask=_E"":5}"
      9216,         0,         0,   0.297,decoder_by_matrix,6866428194f3c2ecf80b799fe3d7eaa0d7bfdd0bee14693d15f8abf3c1159eda,"{""distance"":5,""physical_error_rate"":1e-05}","{""detection_events"":5,""detectors_checked"":1566720}"
      3072,         0,         0,   0.191,decoder_by_matrix,161b5fe948dcfe007f335a5c57bcb8ff38ff3ea8726714a4cc08f5b9386b17ca,"{""distance"":5,""physical_error_rate"":5e-06}","{""detectors_checked"":522240}"
      3072,         0,         0,   0.106,decoder_by_matrix,f0fc70a0432f83ff513e502442839d2eab02e2bed2f658d0464ff826d304e5e7,"{""distance"":5,""physical_error_rate"":0.0005}","{""detection_events"":805,""detectors_checked"":522240}"
      7168,         0,         0,   0.226,decoder_by_matrix,a052b2ce6ed64a98931ebcd7492590a746d7ec6e385d9f4479eb5b69a31b01f0,"{""distance"":5,""physical_error_rate"":0.0001}","{""detection_events"":425,""detectors_checked"":1218560}"
      9216,         0,         0,   0.301,decoder_by_matrix,161b5fe948dcfe007f335a5c57bcb8ff38ff3ea8726714a4cc08f5b9386b17ca,"{""distance"":5,""physical_error_rate"":5e-06}","{""detection_events"":5,""detectors_checked"":1566720}"
      3072,         0,         0,   0.087,decoder_by_matrix,be0c214c078cdb5104153598b498575a1fc035ba16beb428536e5a87ee0a867f,"{""distance"":5,""physical_error_rate"":1e-06}","{""detectors_checked"":522240}"
      4096,         0,         0,   0.130,decoder_by_matrix,a052b2ce6ed64a98931ebcd7492590a746d7ec6e385d9f4479eb5b69a31b01f0,"{""distance"":5,""physical_error_rate"":0.0001}","{""detection_events"":280,""detectors_checked"":696320}"
      3072,         0,         0,   0.103,decoder_by_matrix,a052b2ce6ed64a98931ebcd7492590a746d7ec6e385d9f4479eb5b69a31b01f0,"{""distance"":5,""physical_error_rate"":0.0001}","{""detection_events"":250,""detectors_checked"":522240}"
      2048,         0,         0,   0.131,decoder_by_matrix,cc9cd6551b3048ae216380ccb8ae5d3cca75b5b766fe651c47ef084ce4ce7dc6,"{""distance"":5,""physical_error_rate"":5e-05}","{""detection_events"":110,""detectors_checked"":348160}"
      5120,         0,         0,   0.163,decoder_by_matrix,5b8a070a3cf8d31d64f24dbee89f3428cb9cab13fc59f7448d798f9bf08e9187,"{""distance"":5,""physical_error_rate"":0.001}","{""detection_events"":3045,""detectors_checked"":870400}"
     12288,         3,         0,   0.416,decoder_by_matrix,6e3a1f380712a757a3b5fe9f9ef1a6075c7a0550e780d9e60559e4f3ce4ef0bf,"{""distance"":5,""physical_error_rate"":0.005}","{""detection_events"":33665,""detectors_checked"":2088960,""obs_mistake_mask=EE"":1,""obs_mistake_mask=E_"":1,""obs_mistake_mask=_E"":1}"
      8192,         0,         0,   0.309,decoder_by_matrix,161b5fe948dcfe007f335a5c57bcb8ff38ff3ea8726714a4cc08f5b9386b17ca,"{""distance"":5,""physical_error_rate"":5e-06}","{""detection_events"":25,""detectors_checked"":1392640}"
      6144,         0,         0,   0.446,decoder_by_matrix,6e3a1f380712a757a3b5fe9f9ef1a6075c7a0550e780d9e60559e4f3ce4ef0bf,"{""distance"":5,""physical_error_rate"":0.005}","{""detection_events"":18130,""detectors_checked"":1044480}"
      6144,         0,         0,   0.208,decoder_by_matrix,f0fc70a0432f83ff513e502442839d2eab02e2bed2f658d0464ff826d304e5e7,"{""distance"":5,""physical_error_rate"":0.0005}","{""detection_events"":1695,""detectors_checked"":1044480}"
      5120,        10,         0,   0.234,decoder_by_matrix,ea7f9f6779b22135d209c4f5fb271040b08fef7381a446752a0daec93f56ae96,"{""distance"":5,""physical_error_rate"":0.01}","{""detection_events"":28125,""detectors_checked"":870400,""obs_mistake_mask=EE"":3,""obs_mistake_mask=E_"":6,""obs_mistake_mask=_E"":1}"
      4096,         0,         0,   0.175,decoder_by_matrix,5b8a070a3cf8d31d64f24dbee89f3428cb9cab13fc59f7448d798f9bf08e9187,"{""distance"":5,""physical_error_rate"":0.001}","{""detection_events"":2275,""detectors_checked"":696320}"
      4096,         0,         0,   0.133,decoder_by_matrix,be0c214c078cdb5104153598b498575a1fc035ba16beb428536e5a87ee0a867f,"{""distance"":5,""physical_error_rate"":1e-06}","{""detectors_checked"":696320}"
      3072,         0,         0,   0.106,decoder_by_matrix,f0fc70a0432f83ff513e502442839d2eab02e2bed2f658d0464ff826d304e5e7,"{""distance"":5,""physical_error_rate"":0.0005}","{""detection_events"":1190,""detectors_checked"":522240}"
      3072,         0,         0,   0.124,decoder_by_matrix,be0c214c078cdb5104153598b498575a1fc035ba16beb428536e5a87ee0a867f,"{""distance"":5,""physical_error_rate"":1e-06}","{""detectors_checked"":522240}"
      4096,         0,         0,   0.138,decoder_by_matrix,a052b2ce6ed64a98931ebcd7492590a746d7ec6e385d9f4479eb5b69a31b01f0,"{""distance"":5,""physical_error_rate"":0.0001}","{""detection_events"":100,""detectors_checked"":696320}"
      9216,         0,         0,   0.300,decoder_by_matrix,6866428194f3c2ecf80b799fe3d7eaa0d7bfdd0bee14693d15f8abf3c1159eda,"{""distance"":5,""physical_error_rate"":1e-05}","{""detection_events"":20,""detectors_checked"":1566720}"
      5120,         0,         0,   0.164,decoder_by_matrix,a052b2ce6ed64a98931ebcd7492590a746d7ec6e385d9f4479eb5b69a31b01f0,"{""distance"":5,""physical_error_rate"":0.0001}","{""detection_events"":250,""detectors_checked"":870400}"
      4096,         0,         0,   0.173,decoder_by_matrix,cc9cd6551b3048ae216380ccb8ae5d3cca75b5b766fe651c47ef084ce4ce7dc6,"{""distance"":5,""physical_error_rate"":5e-05}","{""detection_events"":180,""detectors_checked"":696320}"
      6144,         0,         0,   0.210,decoder_by_matrix,5b8a070a3cf8d31d64f24dbee89f3428cb9cab13fc59f7448d798f9bf08e9187,"{""distance"":5,""physical_error_rate"":0.001}","{""detection_events"":3000,""detectors_checked"":1044480}"
      9216,         0,         0,   0.313,decoder_by_matrix,cc9cd6551b3048ae216380ccb8ae5d3cca75b5b766fe651c47ef084ce4ce7dc6,"{""distance"":5,""physical_error_rate"":5e-05}","{""detection_events"":245,""detectors_checked"":1566720}"
      5120,         0,         0,   0.164,decoder_by_matrix,be0c214c078cdb5104153598b498575a1fc035ba16beb428536e5a87ee0a867f,"{""distance"":5,""physical_error_rate"":1e-06}","{""detectors_checked"":870400}"
      4096,         0,         0,   0.152,decoder_by_matrix,f0fc70a0432f83ff513e502442839d2eab02e2bed2f658d0464ff826d304e5e7,"{""distance"":5,""physical_error_rate"":0.0005}","{""detection_events"":1435,""detectors_checked"":696320}"
      4096,         0,         0,   0.279,decoder_by_matrix,161b5fe948dcfe007f335a5c57bcb8ff38ff3ea8726714a4cc08f5b9386b17ca,"{""distance"":5,""physical_error_rate"":5e-06}","{""detectors_checked"":696320}"
      5120,         0,         0,   0.150,decoder_by_matrix,be0c214c078cdb5104153598b498575a1fc035ba16beb428536e5a87ee0a867f,"{""distance"":5,""physical_error_rate"":1e-06}","{""detectors_checked"":870400}"
      6144,         0,         0,   0.215,decoder_by_matrix,5b8a070a3cf8d31d64f24dbee89f3428cb9cab13fc59f7448d798f9bf08e9187,"{""distance"":5,""physical_error_rate"":0.001}","{""detection_events"":3565,""detectors_checked"":1044480}"
      8192,         0,         0,   0.305,decoder_by_matrix,a052b2ce6ed64a98931ebcd7492590a746d7ec6e385d9f4479eb5b69a31b01f0,"{""distance"":5,""physical_error_rate"":0.0001}","{""detection_events"":510,""detectors_checked"":1392640}"
      5120,         0,         0,   0.185,decoder_by_matrix,a052b2ce6ed64a98931ebcd7492590a746d7ec6e385d9f4479eb5b69a31b01f0,"{""distance"":5,""physical_error_rate"":0.0001}","{""detection_events"":235,""detectors_checked"":870400}"
      8192,         0,         0,   0.300,decoder_by_matrix,f0fc70a0432f83ff513e502442839d2eab02e2bed2f658d0464ff826d304e5e7,"{""distance"":5,""physical_error_rate"":0.0005}","{""detection_events"":2595,""detectors_checked"":1392640}"
      8192,        16,         0,   0.300,decoder_by_matrix,ea7f9f6779b22135d209c4f5fb271040b08fef7381a446752a0daec93f56ae96,"{""distance"":5,""physical_error_rate"":0.01}","{""detection_events"":44695,""detectors_checked"":1392640,""obs_mistake_mask=EE"":3,""obs_mistake_mask=E_"":11,""obs_mistake_mask=_E"":2}"
         1,         0,         0,   0.040,decoder_by_matrix,be0c214c078cdb5104153598b498575a1fc035ba16beb428536e5a87ee0a867f,"{""distance"":5,""physical_error_rate"":1e-06}","{""detectors_checked"":170}"
      6144,         0,         0,   0.221,decoder_by_matrix,a052b2ce6ed64a98931ebcd7492590a746d7ec6e385d9f4479eb5b69a31b01f0,"{""distance"":5,""physical_error_rate"":0.0001}","{""detection_events"":310,""detectors_checked"":1044480}"
     12288,         0,         0,   0.425,decoder_by_matrix,6866428194f3c2ecf80b799fe3d7eaa0d7bfdd0bee14693d15f8abf3c1159eda,"{""distance"":5,""physical_error_rate"":1e-05}","{""detection_events"":30,""detectors_checked"":2088960}"
     12288,        16,         0,   0.440,decoder_by_matrix,ea7f9f6779b22135d209c4f5fb271040b08fef7381a446752a0daec93f56ae96,"{""distance"":5,""physical_error_rate"":0.01}","{""detection_events"":67065,""detectors_checked"":2088960,""obs_mistake_mask=EE"":5,""obs_mistake_mask=E_"":7,""obs_mistake_mask=_E"":4}"
         8,         0,         0,   0.034,decoder_by_matrix,be0c214c078cdb5104153598b498575a1fc035ba16beb428536e5a87ee0a867f,"{""distance"":5,""physical_error_rate"":1e-06}","{""detectors_checked"":1360}"
      7168,         0,         0,   0.222,decoder_by_matrix,cc9cd6551b3048ae216380ccb8ae5d3cca75b5b766fe651c47ef084ce4ce7dc6,"{""distance"":5,""physical_error_rate"":5e-05}","{""detection_events"":255,""detectors_checked"":1218560}"
     12288,         0,         0,   0.432,decoder_by_matrix,161b5fe948dcfe007f335a5c57bcb8ff38ff3ea8726714a4cc08f5b9386b17ca,"{""distance"":5,""physical_error_rate"":5e-06}","{""detection_events"":25,""detectors_checked"":2088960}"
       128,         0,         0,   0.030,decoder_by_matrix,be0c214c078cdb5104153598b498575a1fc035ba16beb428536e5a87ee0a867f,"{""distance"":5,""physical_error_rate"":1e-06}","{""detectors_checked"":21760}"
     13312,         0,         0,   0.428,decoder_by_matrix,161b5fe948dcfe007f335a5c57bcb8ff38ff3ea8726714a4cc08f5b9386b17ca,"{""distance"":5,""physical_error_rate"":5e-06}","{""detection_events"":35,""detectors_checked"":2263040}"
      1024,         0,         0,   0.034,decoder_by_matrix,be0c214c078cdb5104153598b498575a1fc035ba16beb428536e5a87ee0a867f,"{""distance"":5,""physical_error_rate"":1e-06}","{""detectors_checked"":174080}"
      6144,         0,         0,   0.223,decoder_by_matrix,f0fc70a0432f83ff513e502442839d2eab02e2bed2f658d0464ff826d304e5e7,"{""distance"":5,""physical_error_rate"":0.0005}","{""detection_events"":1525,""detectors_checked"":1044480}"
      6144,         0,         0,   0.235,decoder_by_matrix,be0c214c078cdb5104153598b498575a1fc035ba16beb428536e5a87ee0a867f,"{""distance"":5,""physical_error_rate"":1e-06}","{""detectors_checked"":1044480}"
         1,         0,         0,   0.079,decoder_by_matrix,cc9cd6551b3048ae216380ccb8ae5d3cca75b5b766fe651c47ef084ce4ce7dc6,"{""distance"":5,""physical_error_rate"":5e-05}","{""detectors_checked"":170}"
      7168,         0,         0,   0.220,decoder_by_matrix,be0c214c078cdb5104153598b498575a1fc035ba16beb428536e5a87ee0a867f,"{""distance"":5,""physical_error_rate"":1e-06}","{""detectors_checked"":1218560}"
      8192,         0,         0,   0.291,decoder_by_matrix,5b8a070a3cf8d31d64f24dbee89f3428cb9cab13fc59f7448d798f9bf08e9187,"{""distance"":5,""physical_error_rate"":0.001}","{""detection_events"":4530,""detectors_checked"":1392640}"
      2048,         0,         0,   0.070,decoder_by_matrix,be0c214c078cdb5104153598b498575a1fc035ba16beb428536e5a87ee0a867f,"{""distance"":5,""physical_error_rate"":1e-06}","{""detectors_checked"":348160}"
     11264,         0,         0,   0.407,decoder_by_matrix,6866428194f3c2ecf80b799fe3d7eaa0d7bfdd0bee14693d15f8abf3c1159eda,"{""distance"":5,""physical_error_rate"":1e-05}","{""detection_events"":70,""detectors_checked"":1914880}"
      6144,         0,         0,   0.232,decoder_by_matrix,a052b2ce6ed64a98931ebcd7492590a746d7ec6e385d9f4479eb5b69a31b01f0,"{""distance"":5,""physical_error_rate"":0.0001}","{""detection_events"":290,""detectors_checked"":1044480}"
         4,         0,         0,   0.075,decoder_by_matrix,cc9cd6551b3048ae216380ccb8ae5d3cca75b5b766fe651c47ef084ce4ce7dc6,"{""distance"":5,""physical_error_rate"":5e-05}","{""detectors_checked"":680}"
      8192,         0,         0,   0.291,decoder_by_matrix,5b8a070a3cf8d31d64f24dbee89f3428cb9cab13fc59f7448d798f9bf08e9187,"{""distance"":5,""physical_error_rate"":0.001}","{""detection_events"":4325,""detectors_checked"":1392640}"
     16384,         3,         0,   0.576,decoder_by_matrix,6e3a1f380712a757a3b5fe9f9ef1a6075c7a0550e780d9e60559e4f3ce4ef0bf,"{""distance"":5,""physical_error_rate"":0.005}","{""detection_events"":47035,""detectors_checked"":2785280,""obs_mistake_mask=EE"":1,""obs_mistake_mask=E_"":1,""obs_mistake_mask=_E"":1}"
      2048,         0,         0,   0.071,decoder_by_matrix,be0c214c078cdb5104153598b498575a1fc035ba16beb428536e5a87ee0a867f,"{""distance"":5,""physical_error_rate"":1e-06}","{""detectors_checked"":348160}"
      5120,         0,         0,   0.361,decoder_by_matrix,161b5fe948dcfe007f335a5c57bcb8ff38ff3ea8726714a4cc08f5b9386b17ca,"{""distance"":5,""physical_error_rate"":5e-06}","{""detection_events"":45,""detectors_checked"":870400}"
     11264,         0,         0,   0.406,decoder_by_matrix,cc9cd6551b3048ae216380ccb8ae5d3cca75b5b766fe651c47ef084ce4ce7dc6,"{""distance"":5,""physical_error_rate"":5e-05}","{""detection_events"":490,""detectors_checked"":1914880}"
        16,         0,         0,   0.076,decoder_by_matrix,cc9cd6551b3048ae216380ccb8ae5d3cca75b5b766fe651c47ef084ce4ce7dc6,"{""distance"":5,""physical_error_rate"":5e-05}","{""detectors_checked"":2720}"
     13312,         1,         0,   0.596,decoder_by_matrix,6e3a1f380712a757a3b5fe9f9ef1a6075c7a0550e780d9e60559e4f3ce4ef0bf,"{""distance"":5,""physical_error_rate"":0.005}","{""detection_events"":37105,""detectors_checked"":2263040,""obs_mistake_mask=EE"":1}"
        64,         0,         0,   0.048,decoder_by_matrix,cc9cd6551b3048ae216380ccb8ae5d3cca75b5b766fe651c47ef084ce4ce7dc6,"{""distance"":5,""physical_error_rate"":5e-05}","{""detectors_checked"":10880}"
      8192,         0,         0,   0.294,decoder_by_matrix,cc9cd6551b3048ae216380ccb8ae5d3cca75b5b766fe651c47ef084ce4ce7dc6,"{""distance"":5,""physical_error_rate"":5e-05}","{""detection_events"":215,""detectors_checked"":1392640}"
      3072,         0,         0,   0.098,decoder_by_matrix,be0c214c078cdb5104153598b498575a1fc035ba16beb428536e5a87ee0a867f,"{""distance"":5,""physical_error_rate"":1e-06}","{""detectors_checked"":522240}"
         1,         0,         0,   0.077,decoder_by_matrix,6866428194f3c2ecf80b799fe3d7eaa0d7bfdd0bee14693d15f8abf3c1159eda,"{""distance"":5,""physical_error_rate"":1e-05}","{""detectors_checked"":170}"
      9216,         0,         0,   0.348,decoder_by_matrix,a052b2ce6ed64a98931ebcd7492590a746d7ec6e385d9f4479eb5b69a31b01f0,"{""distance"":5,""physical_error_rate"":0.0001}","{""detection_events"":480,""detectors_checked"":1566720}"
     12288,         0,         0,   0.437,decoder_by_matrix,a052b2ce6ed64a98931ebcd7492590a746d7ec6e385d9f4479eb5b69a31b01f0,"{""distance"":5,""physical_error_rate"":0.0001}","{""detection_events"":825,""detectors_checked"":2088960}"
      1536,         0,         0,   0.070,decoder_by_matrix,cc9cd6551b3048ae216380ccb8ae5d3cca75b5b766fe651c47ef084ce4ce7dc6,"{""distance"":5,""physical_error_rate"":5e-05}","{""detection_events"":10,""detectors_checked"":261120}"
         4,         0,         0,   0.034,decoder_by_matrix,6866428194f3c2ecf80b799fe3d7eaa0d7bfdd0bee14693d15f8abf3c1159eda,"{""distance"":5,""physical_error_rate"":1e-05}","{""detectors_checked"":680}"
      7168,         0,         0,   0.298,decoder_by_matrix,f0fc70a0432f83ff513e502442839d2eab02e2bed2f658d0464ff826d304e5e7,"{""distance"":5,""physical_error_rate"":0.0005}","{""detection_events"":1885,""detectors_checked"":1218560}"
     11264,         0,         0,   0.404,decoder_by_matrix,f0fc70a0432f83ff513e502442839d2eab02e2bed2f658d0464ff826d304e5e7,"{""distance"":5,""physical_error_rate"":0.0005}","{""detection_events"":3600,""detectors_checked"":1914880}"
     11264,        21,         0,   0.414,decoder_by_matrix,ea7f9f6779b22135d209c4f5fb271040b08fef7381a446752a0daec93f56ae96,"{""distance"":5,""physical_error_rate"":0.01}","{""detection_events"":61055,""detectors_checked"":1914880,""obs_mistake_mask=EE"":10,""obs_mistake_mask=E_"":8,""obs_mistake_mask=_E"":3}"
      9216,         0,         0,   0.310,decoder_by_matrix,be0c214c078cdb5104153598b498575a1fc035ba16beb428536e5a87ee0a867f,"{""distance"":5,""physical_error_rate"":1e-06}","{""detection_events"":30,""detectors_checked"":1566720}"
        64,         0,         0,   0.034,decoder_by_matrix,6866428194f3c2ecf80b799fe3d7eaa0d7bfdd0bee14693d15f8abf3c1159eda,"{""distance"":5,""physical_error_rate"":1e-05}","{""detectors_checked"":10880}"
      9216,         0,         0,   0.318,decoder_by_matrix,be0c214c078cdb5104153598b498575a1fc035ba16beb428536e5a87ee0a867f,"{""distance"":5,""physical_error_rate"":1e-06}","{""detection_events"":25,""detectors_checked"":1566720}"
      3072,         0,         0,   0.116,decoder_by_matrix,be0c214c078cdb5104153598b498575a1fc035ba16beb428536e5a87ee0a867f,"{""distance"":5,""physical_error_rate"":1e-06}","{""detectors_checked"":522240}"
      2048,         0,         0,   0.070,decoder_by_matrix,cc9cd6551b3048ae216380ccb8ae5d3cca75b5b766fe651c47ef084ce4ce7dc6,"{""distance"":5,""physical_error_rate"":5e-05}","{""detection_events"":75,""detectors_checked"":348160}"
      1024,         0,         0,   0.037,decoder_by_matrix,6866428194f3c2ecf80b799fe3d7eaa0d7bfdd0bee14693d15f8abf3c1159eda,"{""distance"":5,""physical_error_rate"":1e-05}","{""detection_events"":30,""detectors_checked"":174080}"
      9216,         0,         0,   0.322,decoder_by_matrix,a052b2ce6ed64a98931ebcd7492590a746d7ec6e385d9f4479eb5b69a31b01f0,"{""distance"":5,""physical_error_rate"":0.0001}","{""detection_events"":435,""detectors_checked"":1566720}"
      2048,         0,         0,   0.075,decoder_by_matrix,cc9cd6551b3048ae216380ccb8ae5d3cca75b5b766fe651c47ef084ce4ce7dc6,"{""distance"":5,""physical_error_rate"":5e-05}","{""detection_events"":45,""detectors_checked"":348160}"
      2048,         0,         0,   0.071,decoder_by_matrix,6866428194f3c2ecf80b799fe3d7eaa0d7bfdd0bee14693d15f8abf3c1159eda,"{""distance"":5,""physical_error_rate"":1e-05}","{""detectors_checked"":348160}"
     12288,         0,         0,   0.435,decoder_by_matrix,5b8a070a3cf8d31d64f24dbee89f3428cb9cab13fc59f7448d798f9bf08e9187,"{""distance"":5,""physical_error_rate"":0.001}","{""detection_events"":6950,""detectors_checked"":2088960}"
      4096,         0,         0,   0.151,decoder_by_matrix,be0c214c078cdb5104153598b498575a1fc035ba16beb428536e5a87ee0a867f,"{""distance"":5,""physical_error_rate"":1e-06}","{""detectors_checked"":696320}"
     15360,         0,         0,   0.583,decoder_by_matrix,6866428194f3c2ecf80b799fe3d7eaa0d7bfdd0bee14693d15f8abf3c1159eda,"{""distance"":5,""physical_error_rate"":1e-05}","{""detection_events"":25,""detectors_checked"":2611200}"
     14336,        26,         0,   0.582,decoder_by_matrix,ea7f9f6779b22135d209c4f5fb271040b08fef7381a446752a0daec93f56ae96,"{""distance"":5,""physical_error_rate"":0.01}","{""detection_events"":77065,""detectors_checked"":2437120,""obs_mistake_mask=EE"":3,""obs_mistake_mask=E_"":11,""obs_mistake_mask=_E"":12}"
     11264,         0,         0,   0.407,decoder_by_matrix,5b8a070a3cf8d31d64f24dbee89f3428cb9cab13fc59f7448d798f9bf08e9187,"{""distance"":5,""physical_error_rate"":0.001}","{""detection_events"":6270,""detectors_checked"":1914880}"
      2048,         0,         0,   0.080,decoder_by_matrix,6866428194f3c2ecf80b799fe3d7eaa0d7bfdd0bee14693d15f8abf3c1159eda,"{""distance"":5,""physical_error_rate"":1e-05}","{""detectors_checked"":348160}"
     15360,         0,         0,   0.581,decoder_by_matrix,161b5fe948dcfe007f335a5c57bcb8ff38ff3ea8726714a4cc08f5b9386b17ca,"{""distance"":5,""physical_error_rate"":5e-06}","{""detection_events"":50,""detectors_checked"":2611200}"
      3072,         0,         0,   0.115,decoder_by_matrix,cc9cd6551b3048ae216380ccb8ae5d3cca75b5b766fe651c47ef084ce4ce7dc6,"{""distance"":5,""physical_error_rate"":5e-05}","{""detection_events"":75,""detectors_checked"":522240}"
     12288,         0,         0,   0.433,decoder_by_matrix,161b5fe948dcfe007f335a5c57bcb8ff38ff3ea8726714a4cc08f5b9386b17ca,"{""distance"":5,""physical_error_rate"":5e-06}","{""detection_events"":30,""detectors_checked"":2088960}"
      2048,         0,         0,   0.079,decoder_by_matrix,6866428194f3c2ecf80b799fe3d7eaa0d7bfdd0bee14693d15f8abf3c1159eda,"{""distance"":5,""physical_error_rate"":1e-05}","{""detectors_checked"":348160}"
     15360,         0,         0,   0.612,decoder_by_matrix,161b5fe948dcfe007f335a5c57bcb8ff38ff3ea8726714a4cc08f5b9386b17ca,"{""distance"":5,""physical_error_rate"":5e-06}","{""detectors_checked"":2611200}"
     11264,         0,         0,   0.408,decoder_by_matrix,cc9cd6551b3048ae216380ccb8ae5d3cca75b5b766fe651c47ef084ce4ce7dc6,"{""distance"":5,""physical_error_rate"":5e-05}","{""detection_events"":275,""detectors_checked"":1914880}"
     15360,         0,         0,   0.588,decoder_by_matrix,6866428194f3c2ecf80b799fe3d7eaa0d7bfdd0bee14693d15f8abf3c1159eda,"{""distance"":5,""physical_error_rate"":1e-05}","{""detection_events"":105,""detectors_checked"":2611200}"
     11264,         0,         0,   0.414,decoder_by_matrix,a052b2ce6ed64a98931ebcd7492590a746d7ec6e385d9f4479eb5b69a31b01f0,"{""distance"":5,""physical_error_rate"":0.0001}","{""detection_events"":510,""detectors_checked"":1914880}"
      4096,         0,         0,   0.153,decoder_by_matrix,cc9cd6551b3048ae216380ccb8ae5d3cca75b5b766fe651c47ef084ce4ce7dc6,"{""distance"":5,""physical_error_rate"":5e-05}","{""detection_events"":150,""detectors_checked"":696320}"
         1,         0,         0,   0.084,decoder_by_matrix,f0fc70a0432f83ff513e502442839d2eab02e2bed2f658d0464ff826d304e5e7,"{""distance"":5,""physical_error_rate"":0.0005}","{""detectors_checked"":170}"
      3072,         0,         0,   0.112,decoder_by_matrix,6866428194f3c2ecf80b799fe3d7eaa0d7bfdd0bee14693d15f8abf3c1159eda,"{""distance"":5,""physical_error_rate"":1e-05}","{""detection_events"":35,""detectors_checked"":522240}"
     11264,         0,         0,   0.428,decoder_by_matrix,f0fc70a0432f83ff513e502442839d2eab02e2bed2f658d0464ff826d304e5e7,"{""distance"":5,""physical_error_rate"":0.0005}","{""detection_events"":3340,""detectors_checked"":1914880}"
      6144,         0,         0,   0.224,decoder_by_matrix,be0c214c078cdb5104153598b498575a1fc035ba16beb428536e5a87ee0a867f,"{""distance"":5,""physical_error_rate"":1e-06}","{""detectors_checked"":1044480}"
     10240,         0,         0,   0.411,decoder_by_matrix,be0c214c078cdb5104153598b498575a1fc035ba16beb428536e5a87ee0a867f,"{""distance"":5,""physical_error_rate"":1e-06}","{""detection_events"":15,""detectors_checked"":1740800}"
     10240,         0,         0,   0.405,decoder_by_matrix,be0c214c078cdb5104153598b498575a1fc035ba16beb428536e5a87ee0a867f,"{""distance"":5,""physical_error_rate"":1e-06}","{""detectors_checked"":1740800}"
     16384,         0,         0,   0.604,decoder_by_matrix,cc9cd6551b3048ae216380ccb8ae5d3cca75b5b766fe651c47ef084ce4ce7dc6,"{""distance"":5,""physical_error_rate"":5e-05}","{""detection_events"":310,""detectors_checked"":2785280}"
         4,         0,         0,   0.074,decoder_by_matrix,f0fc70a0432f83ff513e502442839d2eab02e2bed2f658d0464ff826d304e5e7,"{""distance"":5,""physical_error_rate"":0.0005}","{""detectors_checked"":680}"
     11264,         0,         0,   0.417,decoder_by_matrix,a052b2ce6ed64a98931ebcd7492590a746d7ec6e385d9f4479eb5b69a31b01f0,"{""distance"":5,""physical_error_rate"":0.0001}","{""detection_events"":560,""detectors_checked"":1914880}"
     14336,         0,         0,   0.579,decoder_by_matrix,a052b2ce6ed64a98931ebcd7492590a746d7ec6e385d9f4479eb5b69a31b01f0,"{""distance"":5,""physical_error_rate"":0.0001}","{""detection_events"":655,""detectors_checked"":2437120}"
        32,         0,         0,   0.064,decoder_by_matrix,f0fc70a0432f83ff513e502442839d2eab02e2bed2f658d0464ff826d304e5e7,"{""distance"":5,""physical_error_rate"":0.0005}","{""detectors_checked"":5440}"
     14336,         0,         0,   0.579,decoder_by_matrix,f0fc70a0432f83ff513e502442839d2eab02e2bed2f658d0464ff826d304e5e7,"{""distance"":5,""physical_error_rate"":0.0005}","{""detection_events"":4425,""detectors_checked"":2437120}"
      5120,         0,         0,   0.181,decoder_by_matrix,6866428194f3c2ecf80b799fe3d7eaa0d7bfdd0bee14693d15f8abf3c1159eda,"{""distance"":5,""physical_error_rate"":1e-05}","{""detection_events"":40,""detectors_checked"":870400}"
       256,         0,         0,   0.051,decoder_by_matrix,f0fc70a0432f83ff513e502442839d2eab02e2bed2f658d0464ff826d304e5e7,"{""distance"":5,""physical_error_rate"":0.0005}","{""detection_events"":10,""detectors_checked"":43520}"
     15360,        18,         0,   0.601,decoder_by_matrix,ea7f9f6779b22135d209c4f5fb271040b08fef7381a446752a0daec93f56ae96,"{""distance"":5,""physical_error_rate"":0.01}","{""detection_events"":82635,""detectors_checked"":2611200,""obs_mistake_mask=EE"":1,""obs_mistake_mask=E_"":13,""obs_mistake_mask=_E"":4}"
      6144,         0,         0,   0.229,decoder_by_matrix,cc9cd6551b3048ae216380ccb8ae5d3cca75b5b766fe651c47ef084ce4ce7dc6,"{""distance"":5,""physical_error_rate"":5e-05}","{""detection_events"":220,""detectors_checked"":1044480}"
     20480,         5,         0,   0.810,decoder_by_matrix,6e3a1f380712a757a3b5fe9f9ef1a6075c7a0550e780d9e60559e4f3ce4ef0bf,"{""distance"":5,""physical_error_rate"":0.005}","{""detection_events"":57525,""detectors_checked"":3481600,""obs_mistake_mask=E_"":3,""obs_mistake_mask=_E"":2}"
      1024,         0,         0,   0.040,decoder_by_matrix,f0fc70a0432f83ff513e502442839d2eab02e2bed2f658d0464ff826d304e5e7,"{""distance"":5,""physical_error_rate"":0.0005}","{""detection_events"":200,""detectors_checked"":174080}"
     21504,         4,         0,   0.811,decoder_by_matrix,6e3a1f380712a757a3b5fe9f9ef1a6075c7a0550e780d9e60559e4f3ce4ef0bf,"{""distance"":5,""physical_error_rate"":0.005}","{""detection_events"":60960,""detectors_checked"":3655680,""obs_mistake_mask=E_"":2,""obs_mistake_mask=_E"":2}"
      2048,         0,         0,   0.078,decoder_by_matrix,f0fc70a0432f83ff513e502442839d2eab02e2bed2f658d0464ff826d304e5e7,"{""distance"":5,""physical_error_rate"":0.0005}","{""detection_events"":430,""detectors_checked"":348160}"
      8192,         0,         0,   0.303,decoder_by_matrix,be0c214c078cdb5104153598b498575a1fc035ba16beb428536e5a87ee0a867f,"{""distance"":5,""physical_error_rate"":1e-06}","{""detectors_checked"":1392640}"
     15360,         0,         0,   0.572,decoder_by_matrix,5b8a070a3cf8d31d64f24dbee89f3428cb9cab13fc59f7448d798f9bf08e9187,"{""distance"":5,""physical_error_rate"":0.001}","{""detection_events"":8485,""detectors_checked"":2611200}"
     15360,         0,         0,   0.578,decoder_by_matrix,5b8a070a3cf8d31d64f24dbee89f3428cb9cab13fc59f7448d798f9bf08e9187,"{""distance"":5,""physical_error_rate"":0.001}","{""detection_events"":8230,""detectors_checked"":2611200}"
      2048,         0,         0,   0.075,decoder_by_matrix,f0fc70a0432f83ff513e502442839d2eab02e2bed2f658d0464ff826d304e5e7,"{""distance"":5,""physical_error_rate"":0.0005}","{""detection_events"":495,""detectors_checked"":348160}"
      6144,         0,         0,   0.226,decoder_by_matrix,6866428194f3c2ecf80b799fe3d7eaa0d7bfdd0bee14693d15f8abf3c1159eda,"{""distance"":5,""physical_error_rate"":1e-05}","{""detection_events"":15,""detectors_checked"":1044480}"
     16384,         0,         0,   0.571,decoder_by_matrix,161b5fe948dcfe007f335a5c57bcb8ff38ff3ea8726714a4cc08f5b9386b17ca,"{""distance"":5,""physical_error_rate"":5e-06}","{""detection_events"":75,""detectors_checked"":2785280}"
      3072,         0,         0,   0.118,decoder_by_matrix,f0fc70a0432f83ff513e502442839d2eab02e2bed2f658d0464ff826d304e5e7,"{""distance"":5,""physical_error_rate"":0.0005}","{""detection_events"":860,""detectors_checked"":522240}"
     15360,         0,         0,   0.597,decoder_by_matrix,cc9cd6551b3048ae216380ccb8ae5d3cca75b5b766fe651c47ef084ce4ce7dc6,"{""distance"":5,""physical_error_rate"":5e-05}","{""detection_events"":475,""detectors_checked"":2611200}"
      7168,         0,         0,   0.309,decoder_by_matrix,cc9cd6551b3048ae216380ccb8ae5d3cca75b5b766fe651c47ef084ce4ce7dc6,"{""distance"":5,""physical_error_rate"":5e-05}","{""detection_events"":280,""detectors_checked"":1218560}"
     16384,         0,         0,   0.597,decoder_by_matrix,a052b2ce6ed64a98931ebcd7492590a746d7ec6e385d9f4479eb5b69a31b01f0,"{""distance"":5,""physical_error_rate"":0.0001}","{""detection_events"":815,""detectors_checked"":2785280}"
     15360,         0,         0,   0.576,decoder_by_matrix,f0fc70a0432f83ff513e502442839d2eab02e2bed2f658d0464ff826d304e5e7,"{""distance"":5,""physical_error_rate"":0.0005}","{""detection_events"":4170,""detectors_checked"":2611200}"
     16384,         0,         0,   0.591,decoder_by_matrix,be0c214c078cdb5104153598b498575a1fc035ba16beb428536e5a87ee0a867f,"{""distance"":5,""physical_error_rate"":1e-06}","{""detection_events"":30,""detectors_checked"":2785280}"
     22528,         0,         0,   0.826,decoder_by_matrix,6866428194f3c2ecf80b799fe3d7eaa0d7bfdd0bee14693d15f8abf3c1159eda,"{""distance"":5,""physical_error_rate"":1e-05}","{""detection_events"":125,""detectors_checked"":3829760}"
     21504,        31,         0,   0.822,decoder_by_matrix,ea7f9f6779b22135d209c4f5fb271040b08fef7381a446752a0daec93f56ae96,"{""distance"":5,""physical_error_rate"":0.01}","{""detection_events"":118840,""detectors_checked"":3655680,""obs_mistake_mask=EE"":10,""obs_mistake_mask=E_"":11,""obs_mistake_mask=_E"":10}"
     22528,         0,         0,   0.809,decoder_by_matrix,161b5fe948dcfe007f335a5c57bcb8ff38ff3ea8726714a4cc08f5b9386b17ca,"{""distance"":5,""physical_error_rate"":5e-06}","{""detection_events"":25,""detectors_checked"":3829760}"
     17408,         0,         0,   0.594,decoder_by_matrix,be0c214c078cdb5104153598b498575a1fc035ba16beb428536e5a87ee0a867f,"{""distance"":5,""physical_error_rate"":1e-06}","{""detectors_checked"":2959360}"
      4096,         0,         0,   0.160,decoder_by_matrix,f0fc70a0432f83ff513e502442839d2eab02e2bed2f658d0464ff826d304e5e7,"{""distance"":5,""physical_error_rate"":0.0005}","{""detection_events"":1330,""detectors_checked"":696320}"
     14336,         0,         0,   0.583,decoder_by_matrix,a052b2ce6ed64a98931ebcd7492590a746d7ec6e385d9f4479eb5b69a31b01f0,"{""distance"":5,""physical_error_rate"":0.0001}","{""detection_events"":655,""detectors_checked"":2437120}"
      8192,         0,         0,   0.310,decoder_by_matrix,6866428194f3c2ecf80b799fe3d7eaa0d7bfdd0bee14693d15f8abf3c1159eda,"{""distance"":5,""physical_error_rate"":1e-05}","{""detection_events"":50,""detectors_checked"":1392640}"
     22528,         0,         0,   0.828,decoder_by_matrix,161b5fe948dcfe007f335a5c57bcb8ff38ff3ea8726714a4cc08f5b9386b17ca,"{""distance"":5,""physical_error_rate"":5e-06}","{""detection_events"":35,""detectors_checked"":3829760}"
     10240,         0,         0,   0.415,decoder_by_matrix,be0c214c078cdb5104153598b498575a1fc035ba16beb428536e5a87ee0a867f,"{""distance"":5,""physical_error_rate"":1e-06}","{""detectors_checked"":1740800}"
     22528,         0,         0,   0.815,decoder_by_matrix,6866428194f3c2ecf80b799fe3d7eaa0d7bfdd0bee14693d15f8abf3c1159eda,"{""distance"":5,""physical_error_rate"":1e-05}","{""detection_events"":155,""detectors_checked"":3829760}"
     20480,         0,         0,   0.821,decoder_by_matrix,cc9cd6551b3048ae216380ccb8ae5d3cca75b5b766fe651c47ef084ce4ce7dc6,"{""distance"":5,""physical_error_rate"":5e-05}","{""detection_events"":560,""detectors_checked"":3481600}"
      6144,         0,         0,   0.239,decoder_by_matrix,f0fc70a0432f83ff513e502442839d2eab02e2bed2f658d0464ff826d304e5e7,"{""distance"":5,""physical_error_rate"":0.0005}","{""detection_events"":1715,""detectors_checked"":1044480}"
     21504,         0,         0,   0.821,decoder_by_matrix,a052b2ce6ed64a98931ebcd7492590a746d7ec6e385d9f4479eb5b69a31b01f0,"{""distance"":5,""physical_error_rate"":0.0001}","{""detection_events"":1410,""detectors_checked"":3655680}"
     11264,         0,         0,   0.426,decoder_by_matrix,cc9cd6551b3048ae216380ccb8ae5d3cca75b5b766fe651c47ef084ce4ce7dc6,"{""distance"":5,""physical_error_rate"":5e-05}","{""detection_events"":360,""detectors_checked"":1914880}"
     21504,         0,         0,   0.811,decoder_by_matrix,f0fc70a0432f83ff513e502442839d2eab02e2bed2f658d0464ff826d304e5e7,"{""distance"":5,""physical_error_rate"":0.0005}","{""detection_events"":5490,""detectors_checked"":3655680}"
     19456,        25,         0,   0.796,decoder_by_matrix,ea7f9f6779b22135d209c4f5fb271040b08fef7381a446752a0daec93f56ae96,"{""distance"":5,""physical_error_rate"":0.01}","{""detection_events"":105255,""detectors_checked"":3307520,""obs_mistake_mask=EE"":6,""obs_mistake_mask=E_"":14,""obs_mistake_mask=_E"":5}"
     20480,         0,         0,   0.797,decoder_by_matrix,5b8a070a3cf8d31d64f24dbee89f3428cb9cab13fc59f7448d798f9bf08e9187,"{""distance"":5,""physical_error_rate"":0.001}","{""detection_events"":11855,""detectors_checked"":3481600}"
     10240,         0,         0,   0.432,decoder_by_matrix,6866428194f3c2ecf80b799fe3d7eaa0d7bfdd0bee14693d15f8abf3c1159eda,"{""distance"":5,""physical_error_rate"":1e-05}","{""detection_events"":95,""detectors_checked"":1740800}"
     20480,         0,         0,   0.804,decoder_by_matrix,5b8a070a3cf8d31d64f24dbee89f3428cb9cab13fc59f7448d798f9bf08e9187,"{""distance"":5,""physical_error_rate"":0.001}","{""detection_events"":11305,""detectors_checked"":3481600}"
      8192,         0,         0,   0.313,decoder_by_matrix,f0fc70a0432f83ff513e502442839d2eab02e2bed2f658d0464ff826d304e5e7,"{""distance"":5,""physical_error_rate"":0.0005}","{""detection_events"":2455,""detectors_checked"":1392640}"
     21504,         0,         0,   0.796,decoder_by_matrix,161b5fe948dcfe007f335a5c57bcb8ff38ff3ea8726714a4cc08f5b9386b17ca,"{""distance"":5,""physical_error_rate"":5e-06}","{""detection_events"":5,""detectors_checked"":3655680}"
     22528,         0,         0,   0.815,decoder_by_matrix,cc9cd6551b3048ae216380ccb8ae5d3cca75b5b766fe651c47ef084ce4ce7dc6,"{""distance"":5,""physical_error_rate"":5e-05}","{""detection_events"":855,""detectors_checked"":3829760}"
     16384,         0,         0,   0.602,decoder_by_matrix,be0c214c078cdb5104153598b498575a1fc035ba16beb428536e5a87ee0a867f,"{""distance"":5,""physical_error_rate"":1e-06}","{""detectors_checked"":2785280}"
     30720,         8,         0,    1.13,decoder_by_matrix,6e3a1f380712a757a3b5fe9f9ef1a6075c7a0550e780d9e60559e4f3ce4ef0bf,"{""distance"":5,""physical_error_rate"":0.005}","{""detection_events"":85795,""detectors_checked"":5222400,""obs_mistake_mask=EE"":1,""obs_mistake_mask=E_"":4,""obs_mistake_mask=_E"":3}"
     22528,         0,         0,   0.823,decoder_by_matrix,a052b2ce6ed64a98931ebcd7492590a746d7ec6e385d9f4479eb5b69a31b01f0,"{""distance"":5,""physical_error_rate"":0.0001}","{""detection_events"":1015,""detectors_checked"":3829760}"
     21504,         0,         0,   0.794,decoder_by_matrix,be0c214c078cdb5104153598b498575a1fc035ba16beb428536e5a87ee0a867f,"{""distance"":5,""physical_error_rate"":1e-06}","{""detection_events"":10,""detectors_checked"":3655680}"
     30720,         5,         0,    1.13,decoder_by_matrix,6e3a1f380712a757a3b5fe9f9ef1a6075c7a0550e780d9e60559e4f3ce4ef0bf,"{""distance"":5,""physical_error_rate"":0.005}","{""detection_events"":82125,""detectors_checked"":5222400,""obs_mistake_mask=E_"":5}"
     21504,         0,         0,   0.825,decoder_by_matrix,f0fc70a0432f83ff513e502442839d2eab02e2bed2f658d0464ff826d304e5e7,"{""distance"":5,""physical_error_rate"":0.0005}","{""detection_events"":5900,""detectors_checked"":3655680}"
     23552,         0,         0,   0.820,decoder_by_matrix,be0c214c078cdb5104153598b498575a1fc035ba16beb428536e5a87ee0a867f,"{""distance"":5,""physical_error_rate"":1e-06}","{""detection_events"":5,""detectors_checked"":4003840}"
     21504,         0,         0,   0.819,decoder_by_matrix,a052b2ce6ed64a98931ebcd7492590a746d7ec6e385d9f4479eb5b69a31b01f0,"{""distance"":5,""physical_error_rate"":0.0001}","{""detection_events"":1080,""detectors_checked"":3655680}"
     15360,         0,         0,   0.582,decoder_by_matrix,cc9cd6551b3048ae216380ccb8ae5d3cca75b5b766fe651c47ef084ce4ce7dc6,"{""distance"":5,""physical_error_rate"":5e-05}","{""detection_events"":460,""detectors_checked"":2611200}"
      9216,         0,         0,   0.404,decoder_by_matrix,f0fc70a0432f83ff513e502442839d2eab02e2bed2f658d0464ff826d304e5e7,"{""distance"":5,""physical_error_rate"":0.0005}","{""detection_events"":2885,""detectors_checked"":1566720}"
     15360,         0,         0,   0.574,decoder_by_matrix,6866428194f3c2ecf80b799fe3d7eaa0d7bfdd0bee14693d15f8abf3c1159eda,"{""distance"":5,""physical_error_rate"":1e-05}","{""detection_events"":45,""detectors_checked"":2611200}"
     29696,         0,         0,    1.11,decoder_by_matrix,6866428194f3c2ecf80b799fe3d7eaa0d7bfdd0bee14693d15f8abf3c1159eda,"{""distance"":5,""physical_error_rate"":1e-05}","{""detection_events"":80,""detectors_checked"":5048320}"
     28672,        44,         0,    1.12,decoder_by_matrix,ea7f9f6779b22135d209c4f5fb271040b08fef7381a446752a0daec93f56ae96,"{""distance"":5,""physical_error_rate"":0.01}","{""detection_events"":156260,""detectors_checked"":4874240,""obs_mistake_mask=EE"":11,""obs_mistake_mask=E_"":20,""obs_mistake_mask=_E"":13}"
     30720,         0,         0,    1.14,decoder_by_matrix,161b5fe948dcfe007f335a5c57bcb8ff38ff3ea8726714a4cc08f5b9386b17ca,"{""distance"":5,""physical_error_rate"":5e-06}","{""detection_events"":80,""detectors_checked"":5222400}"
     29696,         0,         0,    1.12,decoder_by_matrix,161b5fe948dcfe007f335a5c57bcb8ff38ff3ea8726714a4cc08f5b9386b17ca,"{""distance"":5,""physical_error_rate"":5e-06}","{""detection_events"":35,""detectors_checked"":5048320}"
     30720,         0,         0,    1.14,decoder_by_matrix,6866428194f3c2ecf80b799fe3d7eaa0d7bfdd0bee14693d15f8abf3c1159eda,"{""distance"":5,""physical_error_rate"":1e-05}","{""detection_events"":205,""detectors_checked"":5222400}"
     28672,         0,         0,    1.11,decoder_by_matrix,cc9cd6551b3048ae216380ccb8ae5d3cca75b5b766fe651c47ef084ce4ce7dc6,"{""distance"":5,""physical_error_rate"":5e-05}","{""detection_events"":800,""detectors_checked"":4874240}"
     28672,         0,         0,    1.11,decoder_by_matrix,a052b2ce6ed64a98931ebcd7492590a746d7ec6e385d9f4479eb5b69a31b01f0,"{""distance"":5,""physical_error_rate"":0.0001}","{""detection_events"":1630,""detectors_checked"":4874240}"
     29696,         0,         0,    1.14,decoder_by_matrix,f0fc70a0432f83ff513e502442839d2eab02e2bed2f658d0464ff826d304e5e7,"{""distance"":5,""physical_error_rate"":0.0005}","{""detection_events"":8630,""detectors_checked"":5048320}"
     28672,        43,         0,    1.12,decoder_by_matrix,ea7f9f6779b22135d209c4f5fb271040b08fef7381a446752a0daec93f56ae96,"{""distance"":5,""physical_error_rate"":0.01}","{""detection_events"":152955,""detectors_checked"":4874240,""obs_mistake_mask=EE"":17,""obs_mistake_mask=E_"":16,""obs_mistake_mask=_E"":10}"
     21504,         0,         0,   0.805,decoder_by_matrix,be0c214c078cdb5104153598b498575a1fc035ba16beb428536e5a87ee0a867f,"{""distance"":5,""physical_error_rate"":1e-06}","{""detectors_checked"":3655680}"
     15360,         0,         0,   0.602,decoder_by_matrix,f0fc70a0432f83ff513e502442839d2eab02e2bed2f658d0464ff826d304e5e7,"{""distance"":5,""physical_error_rate"":0.0005}","{""detection_events"":4700,""detectors_checked"":2611200}"
     29696,         0,         0,    1.11,decoder_by_matrix,5b8a070a3cf8d31d64f24dbee89f3428cb9cab13fc59f7448d798f9bf08e9187,"{""distance"":5,""physical_error_rate"":0.001}","{""detection_events"":17070,""detectors_checked"":5048320}"
     29696,         0,         0,    1.11,decoder_by_matrix,5b8a070a3cf8d31d64f24dbee89f3428cb9cab13fc59f7448d798f9bf08e9187,"{""distance"":5,""physical_error_rate"":0.001}","{""detection_events"":16930,""detectors_checked"":5048320}"
     21504,         0,         0,   0.818,decoder_by_matrix,cc9cd6551b3048ae216380ccb8ae5d3cca75b5b766fe651c47ef084ce4ce7dc6,"{""distance"":5,""physical_error_rate"":5e-05}","{""detection_events"":750,""detectors_checked"":3655680}"
     31744,         0,         0,    1.12,decoder_by_matrix,161b5fe948dcfe007f335a5c57bcb8ff38ff3ea8726714a4cc08f5b9386b17ca,"{""distance"":5,""physical_error_rate"":5e-06}","{""detection_events"":5,""detectors_checked"":5396480}"
     30720,         0,         0,    1.13,decoder_by_matrix,cc9cd6551b3048ae216380ccb8ae5d3cca75b5b766fe651c47ef084ce4ce7dc6,"{""distance"":5,""physical_error_rate"":5e-05}","{""detection_events"":570,""detectors_checked"":5222400}"
     30720,         0,         0,    1.13,decoder_by_matrix,be0c214c078cdb5104153598b498575a1fc035ba16beb428536e5a87ee0a867f,"{""distance"":5,""physical_error_rate"":1e-06}","{""detection_events"":10,""detectors_checked"":5222400}"
     21504,         0,         0,   0.823,decoder_by_matrix,6866428194f3c2ecf80b799fe3d7eaa0d7bfdd0bee14693d15f8abf3c1159eda,"{""distance"":5,""physical_error_rate"":1e-05}","{""detection_events"":150,""detectors_checked"":3655680}"
     30720,         0,         0,    1.17,decoder_by_matrix,a052b2ce6ed64a98931ebcd7492590a746d7ec6e385d9f4479eb5b69a31b01f0,"{""distance"":5,""physical_error_rate"":0.0001}","{""detection_events"":1930,""detectors_checked"":5222400}"
     28672,         0,         0,    1.14,decoder_by_matrix,f0fc70a0432f83ff513e502442839d2eab02e2bed2f658d0464ff826d304e5e7,"{""distance"":5,""physical_error_rate"":0.0005}","{""detection_events"":7395,""detectors_checked"":4874240}"
     31744,         0,         0,    1.12,decoder_by_matrix,be0c214c078cdb5104153598b498575a1fc035ba16beb428536e5a87ee0a867f,"{""distance"":5,""physical_error_rate"":1e-06}","{""detectors_checked"":5396480}"
     29696,         0,         0,    1.12,decoder_by_matrix,a052b2ce6ed64a98931ebcd7492590a746d7ec6e385d9f4479eb5b69a31b01f0,"{""distance"":5,""physical_error_rate"":0.0001}","{""detection_events"":1740,""detectors_checked"":5048320}"
     41984,         7,         0,    1.56,decoder_by_matrix,6e3a1f380712a757a3b5fe9f9ef1a6075c7a0550e780d9e60559e4f3ce4ef0bf,"{""distance"":5,""physical_error_rate"":0.005}","{""detection_events"":117320,""detectors_checked"":7137280,""obs_mistake_mask=EE"":3,""obs_mistake_mask=E_"":2,""obs_mistake_mask=_E"":2}"
     40960,         9,         0,    1.58,decoder_by_matrix,6e3a1f380712a757a3b5fe9f9ef1a6075c7a0550e780d9e60559e4f3ce4ef0bf,"{""distance"":5,""physical_error_rate"":0.005}","{""detection_events"":113705,""detectors_checked"":6963200,""obs_mistake_mask=EE"":2,""obs_mistake_mask=E_"":5,""obs_mistake_mask=_E"":2}"
     20480,         0,         0,   0.797,decoder_by_matrix,f0fc70a0432f83ff513e502442839d2eab02e2bed2f658d0464ff826d304e5e7,"{""distance"":5,""physical_error_rate"":0.0005}","{""detection_events"":6055,""detectors_checked"":3481600}"
     30720,         0,         0,    1.12,decoder_by_matrix,be0c214c078cdb5104153598b498575a1fc035ba16beb428536e5a87ee0a867f,"{""distance"":5,""physical_error_rate"":1e-06}","{""detection_events"":10,""detectors_checked"":5222400}"
     40960,         0,         0,    1.58,decoder_by_matrix,6866428194f3c2ecf80b799fe3d7eaa0d7bfdd0bee14693d15f8abf3c1159eda,"{""distance"":5,""physical_error_rate"":1e-05}","{""detection_events"":270,""detectors_checked"":6963200}"
     38912,        62,         0,    1.56,decoder_by_matrix,ea7f9f6779b22135d209c4f5fb271040b08fef7381a446752a0daec93f56ae96,"{""distance"":5,""physical_error_rate"":0.01}","{""detection_events"":212840,""detectors_checked"":6615040,""obs_mistake_mask=EE"":13,""obs_mistake_mask=E_"":34,""obs_mistake_mask=_E"":15}"
     41984,         0,         0,    1.58,decoder_by_matrix,161b5fe948dcfe007f335a5c57bcb8ff38ff3ea8726714a4cc08f5b9386b17ca,"{""distance"":5,""physical_error_rate"":5e-06}","{""detection_events"":125,""detectors_checked"":7137280}"
     39936,         0,         0,    1.55,decoder_by_matrix,161b5fe948dcfe007f335a5c57bcb8ff38ff3ea8726714a4cc08f5b9386b17ca,"{""distance"":5,""physical_error_rate"":5e-06}","{""detection_events"":70,""detectors_checked"":6789120}"
     30720,         0,         0,    1.12,decoder_by_matrix,cc9cd6551b3048ae216380ccb8ae5d3cca75b5b766fe651c47ef084ce4ce7dc6,"{""distance"":5,""physical_error_rate"":5e-05}","{""detection_events"":845,""detectors_checked"":5222400}"
     41984,         0,         0,    1.57,decoder_by_matrix,6866428194f3c2ecf80b799fe3d7eaa0d7bfdd0bee14693d15f8abf3c1159eda,"{""distance"":5,""physical_error_rate"":1e-05}","{""detection_events"":190,""detectors_checked"":7137280}"
     41984,         0,         0,    1.57,decoder_by_matrix,cc9cd6551b3048ae216380ccb8ae5d3cca75b5b766fe651c47ef084ce4ce7dc6,"{""distance"":5,""physical_error_rate"":5e-05}","{""detection_events"":1170,""detectors_checked"":7137280}"
     39936,         0,         0,    1.58,decoder_by_matrix,a052b2ce6ed64a98931ebcd7492590a746d7ec6e385d9f4479eb5b69a31b01f0,"{""distance"":5,""physical_error_rate"":0.0001}","{""detection_events"":2360,""detectors_checked"":6789120}"
     30720,         0,         0,    1.13,decoder_by_matrix,6866428194f3c2ecf80b799fe3d7eaa0d7bfdd0bee14693d15f8abf3c1159eda,"{""distance"":5,""physical_error_rate"":1e-05}","{""detection_events"":125,""detectors_checked"":5222400}"
     40960,         0,         0,    1.58,decoder_by_matrix,f0fc70a0432f83ff513e502442839d2eab02e2bed2f658d0464ff826d304e5e7,"{""distance"":5,""physical_error_rate"":0.0005}","{""detection_events"":12265,""detectors_checked"":6963200}"
     40960,        50,         0,    1.58,decoder_by_matrix,ea7f9f6779b22135d209c4f5fb271040b08fef7381a446752a0daec93f56ae96,"{""distance"":5,""physical_error_rate"":0.01}","{""detection_events"":219820,""detectors_checked"":6963200,""obs_mistake_mask=EE"":13,""obs_mistake_mask=E_"":26,""obs_mistake_mask=_E"":11}"
     43008,         0,         0,    1.57,decoder_by_matrix,5b8a070a3cf8d31d64f24dbee89f3428cb9cab13fc59f7448d798f9bf08e9187,"{""distance"":5,""physical_error_rate"":0.001}","{""detection_events"":24435,""detectors_checked"":7311360}"
     43008,         0,         0,    1.58,decoder_by_matrix,5b8a070a3cf8d31d64f24dbee89f3428cb9cab13fc59f7448d798f9bf08e9187,"{""distance"":5,""physical_error_rate"":0.001}","{""detection_events"":23330,""detectors_checked"":7311360}"
     43008,         0,         0,    1.55,decoder_by_matrix,161b5fe948dcfe007f335a5c57bcb8ff38ff3ea8726714a4cc08f5b9386b17ca,"{""distance"":5,""physical_error_rate"":5e-06}","{""detection_events"":35,""detectors_checked"":7311360}"
     41984,         0,         0,    1.57,decoder_by_matrix,cc9cd6551b3048ae216380ccb8ae5d3cca75b5b766fe651c47ef084ce4ce7dc6,"{""distance"":5,""physical_error_rate"":5e-05}","{""detection_events"":1010,""detectors_checked"":7137280}"
     37888,         0,         0,    1.56,decoder_by_matrix,be0c214c078cdb5104153598b498575a1fc035ba16beb428536e5a87ee0a867f,"{""distance"":5,""physical_error_rate"":1e-06}","{""detectors_checked"":6440960}"
     43008,         0,         0,    1.56,decoder_by_matrix,a052b2ce6ed64a98931ebcd7492590a746d7ec6e385d9f4479eb5b69a31b01f0,"{""distance"":5,""physical_error_rate"":0.0001}","{""detection_events"":2725,""detectors_checked"":7311360}"
     29696,         0,         0,    1.12,decoder_by_matrix,f0fc70a0432f83ff513e502442839d2eab02e2bed2f658d0464ff826d304e5e7,"{""distance"":5,""physical_error_rate"":0.0005}","{""detection_events"":8755,""detectors_checked"":5048320}"
     41984,         0,         0,    1.59,decoder_by_matrix,f0fc70a0432f83ff513e502442839d2eab02e2bed2f658d0464ff826d304e5e7,"{""distance"":5,""physical_error_rate"":0.0005}","{""detection_events"":12145,""detectors_checked"":7137280}"
     44032,         0,         0,    1.57,decoder_by_matrix,be0c214c078cdb5104153598b498575a1fc035ba16beb428536e5a87ee0a867f,"{""distance"":5,""physical_error_rate"":1e-06}","{""detection_events"":55,""detectors_checked"":7485440}"
     40960,         0,         0,    1.57,decoder_by_matrix,a052b2ce6ed64a98931ebcd7492590a746d7ec6e385d9f4479eb5b69a31b01f0,"{""distance"":5,""physical_error_rate"":0.0001}","{""detection_events"":2235,""detectors_checked"":6963200}"
     37888,         0,         0,    1.56,decoder_by_matrix,be0c214c078cdb5104153598b498575a1fc035ba16beb428536e5a87ee0a867f,"{""distance"":5,""physical_error_rate"":1e-06}","{""detection_events"":45,""detectors_checked"":6440960}"
     39936,         0,         0,    1.56,decoder_by_matrix,cc9cd6551b3048ae216380ccb8ae5d3cca75b5b766fe651c47ef084ce4ce7dc6,"{""distance"":5,""physical_error_rate"":5e-05}","{""detection_events"":1110,""detectors_checked"":6789120}"
     58368,         6,         0,    2.21,decoder_by_matrix,6e3a1f380712a757a3b5fe9f9ef1a6075c7a0550e780d9e60559e4f3ce4ef0bf,"{""distance"":5,""physical_error_rate"":0.005}","{""detection_events"":163115,""detectors_checked"":9922560,""obs_mistake_mask=EE"":1,""obs_mistake_mask=E_"":4,""obs_mistake_mask=_E"":1}"
     59392,        16,         0,    2.20,decoder_by_matrix,6e3a1f380712a757a3b5fe9f9ef1a6075c7a0550e780d9e60559e4f3ce4ef0bf,"{""distance"":5,""physical_error_rate"":0.005}","{""detection_events"":167620,""detectors_checked"":10096640,""obs_mistake_mask=EE"":4,""obs_mistake_mask=E_"":8,""obs_mistake_mask=_E"":4}"
     39936,         0,         0,    1.56,decoder_by_matrix,6866428194f3c2ecf80b799fe3d7eaa0d7bfdd0bee14693d15f8abf3c1159eda,"{""distance"":5,""physical_error_rate"":1e-05}","{""detection_events"":230,""detectors_checked"":6789120}"
     56320,        90,         0,    2.19,decoder_by_matrix,ea7f9f6779b22135d209c4f5fb271040b08fef7381a446752a0daec93f56ae96,"{""distance"":5,""physical_error_rate"":0.01}","{""detection_events"":301765,""detectors_checked"":9574400,""obs_mistake_mask=EE"":22,""obs_mistake_mask=E_"":39,""obs_mistake_mask=_E"":29}"
     59392,         0,         0,    2.19,decoder_by_matrix,6866428194f3c2ecf80b799fe3d7eaa0d7bfdd0bee14693d15f8abf3c1159eda,"{""distance"":5,""physical_error_rate"":1e-05}","{""detection_events"":320,""detectors_checked"":10096640}"
     58368,         0,         0,    2.19,decoder_by_matrix,161b5fe948dcfe007f335a5c57bcb8ff38ff3ea8726714a4cc08f5b9386b17ca,"{""distance"":5,""physical_error_rate"":5e-06}","{""detection_events"":120,""detectors_checked"":9922560}"
     58368,         0,         0,    2.19,decoder_by_matrix,161b5fe948dcfe007f335a5c57bcb8ff38ff3ea8726714a4cc08f5b9386b17ca,"{""distance"":5,""physical_error_rate"":5e-06}","{""detection_events"":195,""detectors_checked"":9922560}"
     59392,         0,         0,    2.20,decoder_by_matrix,6866428194f3c2ecf80b799fe3d7eaa0d7bfdd0bee14693d15f8abf3c1159eda,"{""distance"":5,""physical_error_rate"":1e-05}","{""detection_events"":380,""detectors_checked"":10096640}"
     38912,         0,         0,    1.57,decoder_by_matrix,f0fc70a0432f83ff513e502442839d2eab02e2bed2f658d0464ff826d304e5e7,"{""distance"":5,""physical_error_rate"":0.0005}","{""detection_events"":12085,""detectors_checked"":6615040}"
     57344,         0,         0,    2.21,decoder_by_matrix,cc9cd6551b3048ae216380ccb8ae5d3cca75b5b766fe651c47ef084ce4ce7dc6,"{""distance"":5,""physical_error_rate"":5e-05}","{""detection_events"":1460,""detectors_checked"":9748480}"
     57344,         0,         0,    2.21,decoder_by_matrix,a052b2ce6ed64a98931ebcd7492590a746d7ec6e385d9f4479eb5b69a31b01f0,"{""distance"":5,""physical_error_rate"":0.0001}","{""detection_events"":2950,""detectors_checked"":9748480}"
     57344,         0,         0,    2.18,decoder_by_matrix,f0fc70a0432f83ff513e502442839d2eab02e2bed2f658d0464ff826d304e5e7,"{""distance"":5,""physical_error_rate"":0.0005}","{""detection_events"":17390,""detectors_checked"":9748480}"
     55296,        69,         0,    2.19,decoder_by_matrix,ea7f9f6779b22135d209c4f5fb271040b08fef7381a446752a0daec93f56ae96,"{""distance"":5,""physical_error_rate"":0.01}","{""detection_events"":304610,""detectors_checked"":9400320,""obs_mistake_mask=EE"":17,""obs_mistake_mask=E_"":29,""obs_mistake_mask=_E"":23}"
     58368,         0,         0,    2.20,decoder_by_matrix,5b8a070a3cf8d31d64f24dbee89f3428cb9cab13fc59f7448d798f9bf08e9187,"{""distance"":5,""physical_error_rate"":0.001}","{""detection_events"":32060,""detectors_checked"":9922560}"
     57344,         0,         0,    2.19,decoder_by_matrix,5b8a070a3cf8d31d64f24dbee89f3428cb9cab13fc59f7448d798f9bf08e9187,"{""distance"":5,""physical_error_rate"":0.001}","{""detection_events"":32920,""detectors_checked"":9748480}"
     61440,         0,         0,    2.18,decoder_by_matrix,161b5fe948dcfe007f335a5c57bcb8ff38ff3ea8726714a4cc08f5b9386b17ca,"{""distance"":5,""physical_error_rate"":5e-06}","{""detection_events"":120,""detectors_checked"":10444800}"
     60416,         0,         0,    2.21,decoder_by_matrix,cc9cd6551b3048ae216380ccb8ae5d3cca75b5b766fe651c47ef084ce4ce7dc6,"{""distance"":5,""physical_error_rate"":5e-05}","{""detection_events"":1735,""detectors_checked"":10270720}"
     57344,         0,         0,    2.18,decoder_by_matrix,be0c214c078cdb5104153598b498575a1fc035ba16beb428536e5a87ee0a867f,"{""distance"":5,""physical_error_rate"":1e-06}","{""detection_events"":15,""detectors_checked"":9748480}"
     59392,         0,         0,    2.20,decoder_by_matrix,a052b2ce6ed64a98931ebcd7492590a746d7ec6e385d9f4479eb5b69a31b01f0,"{""distance"":5,""physical_error_rate"":0.0001}","{""detection_events"":3820,""detectors_checked"":10096640}"
     62464,         0,         0,    2.19,decoder_by_matrix,be0c214c078cdb5104153598b498575a1fc035ba16beb428536e5a87ee0a867f,"{""distance"":5,""physical_error_rate"":1e-06}","{""detectors_checked"":10618880}"
     57344,         0,         0,    2.21,decoder_by_matrix,f0fc70a0432f83ff513e502442839d2eab02e2bed2f658d0464ff826d304e5e7,"{""distance"":5,""physical_error_rate"":0.0005}","{""detection_events"":16300,""detectors_checked"":9748480}"
     57344,         0,         0,    2.18,decoder_by_matrix,a052b2ce6ed64a98931ebcd7492590a746d7ec6e385d9f4479eb5b69a31b01f0,"{""distance"":5,""physical_error_rate"":0.0001}","{""detection_events"":3125,""detectors_checked"":9748480}"
     59392,         0,         0,    2.20,decoder_by_matrix,be0c214c078cdb5104153598b498575a1fc035ba16beb428536e5a87ee0a867f,"{""distance"":5,""physical_error_rate"":1e-06}","{""detection_events"":10,""detectors_checked"":10096640}"
     58368,         0,         0,    2.20,decoder_by_matrix,cc9cd6551b3048ae216380ccb8ae5d3cca75b5b766fe651c47ef084ce4ce7dc6,"{""distance"":5,""physical_error_rate"":5e-05}","{""detection_events"":1640,""detectors_checked"":9922560}"
     58368,         0,         0,    2.20,decoder_by_matrix,6866428194f3c2ecf80b799fe3d7eaa0d7bfdd0bee14693d15f8abf3c1159eda,"{""distance"":5,""physical_error_rate"":1e-05}","{""detection_events"":165,""detectors_checked"":9922560}"
     56320,         0,         0,    2.19,decoder_by_matrix,f0fc70a0432f83ff513e502442839d2eab02e2bed2f658d0464ff826d304e5e7,"{""distance"":5,""physical_error_rate"":0.0005}","{""detection_events"":14785,""detectors_checked"":9574400}"
     80896,        21,         0,    3.05,decoder_by_matrix,6e3a1f380712a757a3b5fe9f9ef1a6075c7a0550e780d9e60559e4f3ce4ef0bf,"{""distance"":5,""physical_error_rate"":0.005}","{""detection_events"":229690,""detectors_checked"":13752320,""obs_mistake_mask=EE"":4,""obs_mistake_mask=E_"":5,""obs_mistake_mask=_E"":12}"
     80896,        12,         0,    3.05,decoder_by_matrix,6e3a1f380712a757a3b5fe9f9ef1a6075c7a0550e780d9e60559e4f3ce4ef0bf,"{""distance"":5,""physical_error_rate"":0.005}","{""detection_events"":220055,""detectors_checked"":13752320,""obs_mistake_mask=EE"":1,""obs_mistake_mask=E_"":7,""obs_mistake_mask=_E"":4}"
     80896,         0,         0,    3.06,decoder_by_matrix,6866428194f3c2ecf80b799fe3d7eaa0d7bfdd0bee14693d15f8abf3c1159eda,"{""distance"":5,""physical_error_rate"":1e-05}","{""detection_events"":325,""detectors_checked"":13752320}"
     77824,        93,         0,    3.07,decoder_by_matrix,ea7f9f6779b22135d209c4f5fb271040b08fef7381a446752a0daec93f56ae96,"{""distance"":5,""physical_error_rate"":0.01}","{""detection_events"":415425,""detectors_checked"":13230080,""obs_mistake_mask=EE"":26,""obs_mistake_mask=E_"":46,""obs_mistake_mask=_E"":21}"
     81920,         0,         0,    3.07,decoder_by_matrix,161b5fe948dcfe007f335a5c57bcb8ff38ff3ea8726714a4cc08f5b9386b17ca,"{""distance"":5,""physical_error_rate"":5e-06}","{""detection_events"":220,""detectors_checked"":13926400}"
     79872,         0,         0,    3.05,decoder_by_matrix,161b5fe948dcfe007f335a5c57bcb8ff38ff3ea8726714a4cc08f5b9386b17ca,"{""distance"":5,""physical_error_rate"":5e-06}","{""detection_events"":185,""detectors_checked"":13578240}"
     81920,         0,         0,    3.05,decoder_by_matrix,6866428194f3c2ecf80b799fe3d7eaa0d7bfdd0bee14693d15f8abf3c1159eda,"{""distance"":5,""physical_error_rate"":1e-05}","{""detection_events"":490,""detectors_checked"":13926400}"
     78848,         0,         0,    3.05,decoder_by_matrix,cc9cd6551b3048ae216380ccb8ae5d3cca75b5b766fe651c47ef084ce4ce7dc6,"{""distance"":5,""physical_error_rate"":5e-05}","{""detection_events"":2600,""detectors_checked"":13404160}"
     78848,         0,         0,    3.07,decoder_by_matrix,a052b2ce6ed64a98931ebcd7492590a746d7ec6e385d9f4479eb5b69a31b01f0,"{""distance"":5,""physical_error_rate"":0.0001}","{""detection_events"":4665,""detectors_checked"":13404160}"
     79872,         0,         0,    3.07,decoder_by_matrix,f0fc70a0432f83ff513e502442839d2eab02e2bed2f658d0464ff826d304e5e7,"{""distance"":5,""physical_error_rate"":0.0005}","{""detection_events"":23940,""detectors_checked"":13578240}"
     77824,       102,         0,    3.07,decoder_by_matrix,ea7f9f6779b22135d209c4f5fb271040b08fef7381a446752a0daec93f56ae96,"{""distance"":5,""physical_error_rate"":0.01}","{""detection_events"":422100,""detectors_checked"":13230080,""obs_mistake_mask=EE"":26,""obs_mistake_mask=E_"":57,""obs_mistake_mask=_E"":19}"
     81920,         0,         0,    3.06,decoder_by_matrix,5b8a070a3cf8d31d64f24dbee89f3428cb9cab13fc59f7448d798f9bf08e9187,"{""distance"":5,""physical_error_rate"":0.001}","{""detection_events"":45240,""detectors_checked"":13926400}"
     80896,         0,         0,    3.05,decoder_by_matrix,5b8a070a3cf8d31d64f24dbee89f3428cb9cab13fc59f7448d798f9bf08e9187,"{""distance"":5,""physical_error_rate"":0.001}","{""detection_events"":45845,""detectors_checked"":13752320}"
     87040,         0,         0,    3.06,decoder_by_matrix,161b5fe948dcfe007f335a5c57bcb8ff38ff3ea8726714a4cc08f5b9386b17ca,"{""distance"":5,""physical_error_rate"":5e-06}","{""detection_events"":260,""detectors_checked"":14796800}"
     80896,         0,         0,    3.06,decoder_by_matrix,cc9cd6551b3048ae216380ccb8ae5d3cca75b5b766fe651c47ef084ce4ce7dc6,"{""distance"":5,""physical_error_rate"":5e-05}","{""detection_events"":2410,""detectors_checked"":13752320}"
     82944,         0,         0,    3.06,decoder_by_matrix,a052b2ce6ed64a98931ebcd7492590a746d7ec6e385d9f4479eb5b69a31b01f0,"{""distance"":5,""physical_error_rate"":0.0001}","{""detection_events"":4790,""detectors_checked"":14100480}"
     79872,         0,         0,    3.10,decoder_by_matrix,be0c214c078cdb5104153598b498575a1fc035ba16beb428536e5a87ee0a867f,"{""distance"":5,""physical_error_rate"":1e-06}","{""detectors_checked"":13578240}"
     86016,         0,         0,    3.05,decoder_by_matrix,be0c214c078cdb5104153598b498575a1fc035ba16beb428536e5a87ee0a867f,"{""distance"":5,""physical_error_rate"":1e-06}","{""detection_events"":80,""detectors_checked"":14622720}"
     78848,         0,         0,    3.05,decoder_by_matrix,f0fc70a0432f83ff513e502442839d2eab02e2bed2f658d0464ff826d304e5e7,"{""distance"":5,""physical_error_rate"":0.0005}","{""detection_events"":21620,""detectors_checked"":13404160}"
     80896,         0,         0,    3.07,decoder_by_matrix,a052b2ce6ed64a98931ebcd7492590a746d7ec6e385d9f4479eb5b69a31b01f0,"{""distance"":5,""physical_error_rate"":0.0001}","{""detection_events"":4740,""detectors_checked"":13752320}"
     81920,         0,         0,    3.06,decoder_by_matrix,be0c214c078cdb5104153598b498575a1fc035ba16beb428536e5a87ee0a867f,"{""distance"":5,""physical_error_rate"":1e-06}","{""detection_events"":85,""detectors_checked"":13926400}"
     80896,         0,         0,    3.05,decoder_by_matrix,cc9cd6551b3048ae216380ccb8ae5d3cca75b5b766fe651c47ef084ce4ce7dc6,"{""distance"":5,""physical_error_rate"":5e-05}","{""detection_events"":2710,""detectors_checked"":13752320}"
     80896,         0,         0,    3.07,decoder_by_matrix,6866428194f3c2ecf80b799fe3d7eaa0d7bfdd0bee14693d15f8abf3c1159eda,"{""distance"":5,""physical_error_rate"":1e-05}","{""detection_events"":285,""detectors_checked"":13752320}"
     78848,         0,         0,    3.08,decoder_by_matrix,f0fc70a0432f83ff513e502442839d2eab02e2bed2f658d0464ff826d304e5e7,"{""distance"":5,""physical_error_rate"":0.0005}","{""detection_events"":21875,""detectors_checked"":13404160}"
    113664,        20,         0,    4.26,decoder_by_matrix,6e3a1f380712a757a3b5fe9f9ef1a6075c7a0550e780d9e60559e4f3ce4ef0bf,"{""distance"":5,""physical_error_rate"":0.005}","{""detection_events"":312770,""detectors_checked"":19322880,""obs_mistake_mask=EE"":4,""obs_mistake_mask=E_"":13,""obs_mistake_mask=_E"":3}"
    113664,        16,         0,    4.28,decoder_by_matrix,6e3a1f380712a757a3b5fe9f9ef1a6075c7a0550e780d9e60559e4f3ce4ef0bf,"{""distance"":5,""physical_error_rate"":0.005}","{""detection_events"":312775,""detectors_checked"":19322880,""obs_mistake_mask=EE"":2,""obs_mistake_mask=E_"":7,""obs_mistake_mask=_E"":7}"
    112640,         0,         0,    4.26,decoder_by_matrix,6866428194f3c2ecf80b799fe3d7eaa0d7bfdd0bee14693d15f8abf3c1159eda,"{""distance"":5,""physical_error_rate"":1e-05}","{""detection_events"":880,""detectors_checked"":19148800}"
    108544,       159,         0,    4.28,decoder_by_matrix,ea7f9f6779b22135d209c4f5fb271040b08fef7381a446752a0daec93f56ae96,"{""distance"":5,""physical_error_rate"":0.01}","{""detection_events"":586525,""detectors_checked"":18452480,""obs_mistake_mask=EE"":33,""obs_mistake_mask=E_"":84,""obs_mistake_mask=_E"":42}"
    115712,         0,         0,    4.28,decoder_by_matrix,161b5fe948dcfe007f335a5c57bcb8ff38ff3ea8726714a4cc08f5b9386b17ca,"{""distance"":5,""physical_error_rate"":5e-06}","{""detection_events"":485,""detectors_checked"":19671040}"
    112640,         0,         0,    4.28,decoder_by_matrix,161b5fe948dcfe007f335a5c57bcb8ff38ff3ea8726714a4cc08f5b9386b17ca,"{""distance"":5,""physical_error_rate"":5e-06}","{""detection_events"":215,""detectors_checked"":19148800}"
    115712,         0,         0,    4.27,decoder_by_matrix,6866428194f3c2ecf80b799fe3d7eaa0d7bfdd0bee14693d15f8abf3c1159eda,"{""distance"":5,""physical_error_rate"":1e-05}","{""detection_events"":505,""detectors_checked"":19671040}"
    113664,         0,         0,    4.29,decoder_by_matrix,cc9cd6551b3048ae216380ccb8ae5d3cca75b5b766fe651c47ef084ce4ce7dc6,"{""distance"":5,""physical_error_rate"":5e-05}","{""detection_events"":3305,""detectors_checked"":19322880}"
    107520,         0,         0,    4.27,decoder_by_matrix,a052b2ce6ed64a98931ebcd7492590a746d7ec6e385d9f4479eb5b69a31b01f0,"{""distance"":5,""physical_error_rate"":0.0001}","{""detection_events"":6575,""detectors_checked"":18278400}"
    111616,         0,         0,    4.27,decoder_by_matrix,f0fc70a0432f83ff513e502442839d2eab02e2bed2f658d0464ff826d304e5e7,"{""distance"":5,""physical_error_rate"":0.0005}","{""detection_events"":32105,""detectors_checked"":18974720}"
    108544,       154,         0,    4.27,decoder_by_matrix,ea7f9f6779b22135d209c4f5fb271040b08fef7381a446752a0daec93f56ae96,"{""distance"":5,""physical_error_rate"":0.01}","{""detection_events"":583880,""detectors_checked"":18452480,""obs_mistake_mask=EE"":27,""obs_mistake_mask=E_"":78,""obs_mistake_mask=_E"":49}"
    114688,         0,         0,    4.28,decoder_by_matrix,5b8a070a3cf8d31d64f24dbee89f3428cb9cab13fc59f7448d798f9bf08e9187,"{""distance"":5,""physical_error_rate"":0.001}","{""detection_events"":62475,""detectors_checked"":19496960}"
    113664,         1,         0,    4.28,decoder_by_matrix,5b8a070a3cf8d31d64f24dbee89f3428cb9cab13fc59f7448d798f9bf08e9187,"{""distance"":5,""physical_error_rate"":0.001}","{""detection_events"":62375,""detectors_checked"":19322880,""obs_mistake_mask=EE"":1}"
    118784,         0,         0,    4.27,decoder_by_matrix,161b5fe948dcfe007f335a5c57bcb8ff38ff3ea8726714a4cc08f5b9386b17ca,"{""distance"":5,""physical_error_rate"":5e-06}","{""detection_events"":280,""detectors_checked"":20193280}"
    116736,         0,         0,    4.26,decoder_by_matrix,cc9cd6551b3048ae216380ccb8ae5d3cca75b5b766fe651c47ef084ce4ce7dc6,"{""distance"":5,""physical_error_rate"":5e-05}","{""detection_events"":3285,""detectors_checked"":19845120}"
    113664,         0,         0,    4.26,decoder_by_matrix,be0c214c078cdb5104153598b498575a1fc035ba16beb428536e5a87ee0a867f,"{""distance"":5,""physical_error_rate"":1e-06}","{""detection_events"":15,""detectors_checked"":19322880}"
    115712,         0,         0,    4.28,decoder_by_matrix,a052b2ce6ed64a98931ebcd7492590a746d7ec6e385d9f4479eb5b69a31b01f0,"{""distance"":5,""physical_error_rate"":0.0001}","{""detection_events"":6245,""detectors_checked"":19671040}"
    110592,         0,         0,    4.27,decoder_by_matrix,f0fc70a0432f83ff513e502442839d2eab02e2bed2f658d0464ff826d304e5e7,"{""distance"":5,""physical_error_rate"":0.0005}","{""detection_events"":31675,""detectors_checked"":18800640}"
    121856,         0,         0,    4.28,decoder_by_matrix,be0c214c078cdb5104153598b498575a1fc035ba16beb428536e5a87ee0a867f,"{""distance"":5,""physical_error_rate"":1e-06}","{""detection_events"":140,""detectors_checked"":20715520}"
    111616,         0,         0,    4.27,decoder_by_matrix,a052b2ce6ed64a98931ebcd7492590a746d7ec6e385d9f4479eb5b69a31b01f0,"{""distance"":5,""physical_error_rate"":0.0001}","{""detection_events"":6500,""detectors_checked"":18974720}"
    114688,         0,         0,    4.27,decoder_by_matrix,be0c214c078cdb5104153598b498575a1fc035ba16beb428536e5a87ee0a867f,"{""distance"":5,""physical_error_rate"":1e-06}","{""detection_events"":120,""detectors_checked"":19496960}"
    112640,         0,         0,    4.26,decoder_by_matrix,cc9cd6551b3048ae216380ccb8ae5d3cca75b5b766fe651c47ef084ce4ce7dc6,"{""distance"":5,""physical_error_rate"":5e-05}","{""detection_events"":3535,""detectors_checked"":19148800}"
    112640,         0,         0,    4.26,decoder_by_matrix,6866428194f3c2ecf80b799fe3d7eaa0d7bfdd0bee14693d15f8abf3c1159eda,"{""distance"":5,""physical_error_rate"":1e-05}","{""detection_events"":650,""detectors_checked"":19148800}"
    109568,         0,         0,    4.26,decoder_by_matrix,f0fc70a0432f83ff513e502442839d2eab02e2bed2f658d0464ff826d304e5e7,"{""distance"":5,""physical_error_rate"":0.0005}","{""detection_events"":31145,""detectors_checked"":18626560}"
    160768,        36,         0,    5.96,decoder_by_matrix,6e3a1f380712a757a3b5fe9f9ef1a6075c7a0550e780d9e60559e4f3ce4ef0bf,"{""distance"":5,""physical_error_rate"":0.005}","{""detection_events"":451190,""detectors_checked"":27330560,""obs_mistake_mask=EE"":9,""obs_mistake_mask=E_"":18,""obs_mistake_mask=_E"":9}"
    157696,        27,         0,    5.96,decoder_by_matrix,6e3a1f380712a757a3b5fe9f9ef1a6075c7a0550e780d9e60559e4f3ce4ef0bf,"{""distance"":5,""physical_error_rate"":0.005}","{""detection_events"":443205,""detectors_checked"":26808320,""obs_mistake_mask=EE"":13,""obs_mistake_mask=E_"":9,""obs_mistake_mask=_E"":5}"
    158720,         0,         0,    5.97,decoder_by_matrix,6866428194f3c2ecf80b799fe3d7eaa0d7bfdd0bee14693d15f8abf3c1159eda,"{""distance"":5,""physical_error_rate"":1e-05}","{""detection_events"":890,""detectors_checked"":26982400}"
    152576,       223,         0,    5.98,decoder_by_matrix,ea7f9f6779b22135d209c4f5fb271040b08fef7381a446752a0daec93f56ae96,"{""distance"":5,""physical_error_rate"":0.01}","{""detection_events"":830560,""detectors_checked"":25937920,""obs_mistake_mask=EE"":58,""obs_mistake_mask=E_"":103,""obs_mistake_mask=_E"":62}"
    159744,         0,         0,    5.96,decoder_by_matrix,161b5fe948dcfe007f335a5c57bcb8ff38ff3ea8726714a4cc08f5b9386b17ca,"{""distance"":5,""physical_error_rate"":5e-06}","{""detection_events"":395,""detectors_checked"":27156480}"
    157696,         0,         0,    5.98,decoder_by_matrix,161b5fe948dcfe007f335a5c57bcb8ff38ff3ea8726714a4cc08f5b9386b17ca,"{""distance"":5,""physical_error_rate"":5e-06}","{""detection_events"":495,""detectors_checked"":26808320}"
    161792,         0,         0,    5.99,decoder_by_matrix,6866428194f3c2ecf80b799fe3d7eaa0d7bfdd0bee14693d15f8abf3c1159eda,"{""distance"":5,""physical_error_rate"":1e-05}","{""detection_events"":895,""detectors_checked"":27504640}"
    154624,         0,         0,    5.97,decoder_by_matrix,cc9cd6551b3048ae216380ccb8ae5d3cca75b5b766fe651c47ef084ce4ce7dc6,"{""distance"":5,""physical_error_rate"":5e-05}","{""detection_events"":4370,""detectors_checked"":26286080}"
    152576,         0,         0,    5.98,decoder_by_matrix,a052b2ce6ed64a98931ebcd7492590a746d7ec6e385d9f4479eb5b69a31b01f0,"{""distance"":5,""physical_error_rate"":0.0001}","{""detection_events"":8860,""detectors_checked"":25937920}"
    152576,       226,         0,    5.98,decoder_by_matrix,ea7f9f6779b22135d209c4f5fb271040b08fef7381a446752a0daec93f56ae96,"{""distance"":5,""physical_error_rate"":0.01}","{""detection_events"":835095,""detectors_checked"":25937920,""obs_mistake_mask=EE"":43,""obs_mistake_mask=E_"":123,""obs_mistake_mask=_E"":60}"
    156672,         0,         0,    5.99,decoder_by_matrix,f0fc70a0432f83ff513e502442839d2eab02e2bed2f658d0464ff826d304e5e7,"{""distance"":5,""physical_error_rate"":0.0005}","{""detection_events"":44575,""detectors_checked"":26634240}"
    159744,         0,         0,    5.97,decoder_by_matrix,5b8a070a3cf8d31d64f24dbee89f3428cb9cab13fc59f7448d798f9bf08e9187,"{""distance"":5,""physical_error_rate"":0.001}","{""detection_events"":88560,""detectors_checked"":27156480}"
    158720,         0,         0,    5.96,decoder_by_matrix,5b8a070a3cf8d31d64f24dbee89f3428cb9cab13fc59f7448d798f9bf08e9187,"{""distance"":5,""physical_error_rate"":0.001}","{""detection_events"":91180,""detectors_checked"":26982400}"
    167936,         0,         0,    5.97,decoder_by_matrix,161b5fe948dcfe007f335a5c57bcb8ff38ff3ea8726714a4cc08f5b9386b17ca,"{""distance"":5,""physical_error_rate"":5e-06}","{""detection_events"":470,""detectors_checked"":28549120}"
    162816,         0,         0,    5.99,decoder_by_matrix,cc9cd6551b3048ae216380ccb8ae5d3cca75b5b766fe651c47ef084ce4ce7dc6,"{""distance"":5,""physical_error_rate"":5e-05}","{""detection_events"":4725,""detectors_checked"":27678720}"
    156672,         0,         0,    5.96,decoder_by_matrix,be0c214c078cdb5104153598b498575a1fc035ba16beb428536e5a87ee0a867f,"{""distance"":5,""physical_error_rate"":1e-06}","{""detection_events"":90,""detectors_checked"":26634240}"
    161792,         0,         0,    5.97,decoder_by_matrix,a052b2ce6ed64a98931ebcd7492590a746d7ec6e385d9f4479eb5b69a31b01f0,"{""distance"":5,""physical_error_rate"":0.0001}","{""detection_events"":9075,""detectors_checked"":27504640}"
    154624,         0,         0,    5.96,decoder_by_matrix,f0fc70a0432f83ff513e502442839d2eab02e2bed2f658d0464ff826d304e5e7,"{""distance"":5,""physical_error_rate"":0.0005}","{""detection_events"":44205,""detectors_checked"":26286080}"
    168960,         0,         0,    5.96,decoder_by_matrix,be0c214c078cdb5104153598b498575a1fc035ba16beb428536e5a87ee0a867f,"{""distance"":5,""physical_error_rate"":1e-06}","{""detection_events"":180,""detectors_checked"":28723200}"
    157696,         0,         0,    5.99,decoder_by_matrix,a052b2ce6ed64a98931ebcd7492590a746d7ec6e385d9f4479eb5b69a31b01f0,"{""distance"":5,""physical_error_rate"":0.0001}","{""detection_events"":9495,""detectors_checked"":26808320}"
    160768,         0,         0,    5.98,decoder_by_matrix,be0c214c078cdb5104153598b498575a1fc035ba16beb428536e5a87ee0a867f,"{""distance"":5,""physical_error_rate"":1e-06}","{""detection_events"":180,""detectors_checked"":27330560}"
    158720,         0,         0,    5.96,decoder_by_matrix,cc9cd6551b3048ae216380ccb8ae5d3cca75b5b766fe651c47ef084ce4ce7dc6,"{""distance"":5,""physical_error_rate"":5e-05}","{""detection_events"":4835,""detectors_checked"":26982400}"
    157696,         0,         0,    5.96,decoder_by_matrix,6866428194f3c2ecf80b799fe3d7eaa0d7bfdd0bee14693d15f8abf3c1159eda,"{""distance"":5,""physical_error_rate"":1e-05}","{""detection_events"":770,""detectors_checked"":26808320}"
    153600,         0,         0,    5.99,decoder_by_matrix,f0fc70a0432f83ff513e502442839d2eab02e2bed2f658d0464ff826d304e5e7,"{""distance"":5,""physical_error_rate"":0.0005}","{""detection_events"":42935,""detectors_checked"":26112000}"
    223232,        39,         0,    8.37,decoder_by_matrix,6e3a1f380712a757a3b5fe9f9ef1a6075c7a0550e780d9e60559e4f3ce4ef0bf,"{""distance"":5,""physical_error_rate"":0.005}","{""detection_events"":619055,""detectors_checked"":37949440,""obs_mistake_mask=EE"":9,""obs_mistake_mask=E_"":18,""obs_mistake_mask=_E"":12}"
    223232,        41,         0,    8.35,decoder_by_matrix,6e3a1f380712a757a3b5fe9f9ef1a6075c7a0550e780d9e60559e4f3ce4ef0bf,"{""distance"":5,""physical_error_rate"":0.005}","{""detection_events"":623460,""detectors_checked"":37949440,""obs_mistake_mask=EE"":9,""obs_mistake_mask=E_"":22,""obs_mistake_mask=_E"":10}"
    223232,         0,         0,    8.37,decoder_by_matrix,6866428194f3c2ecf80b799fe3d7eaa0d7bfdd0bee14693d15f8abf3c1159eda,"{""distance"":5,""physical_error_rate"":1e-05}","{""detection_events"":1140,""detectors_checked"":37949440}"
    211968,       317,         0,    8.35,decoder_by_matrix,ea7f9f6779b22135d209c4f5fb271040b08fef7381a446752a0daec93f56ae96,"{""distance"":5,""physical_error_rate"":0.01}","{""detection_events"":1160060,""detectors_checked"":36034560,""obs_mistake_mask=EE"":77,""obs_mistake_mask=E_"":156,""obs_mistake_mask=_E"":84}"
    224256,         0,         0,    8.35,decoder_by_matrix,161b5fe948dcfe007f335a5c57bcb8ff38ff3ea8726714a4cc08f5b9386b17ca,"{""distance"":5,""physical_error_rate"":5e-06}","{""detection_events"":610,""detectors_checked"":38123520}"
    212992,         0,         0,    8.35,decoder_by_matrix,161b5fe948dcfe007f335a5c57bcb8ff38ff3ea8726714a4cc08f5b9386b17ca,"{""distance"":5,""physical_error_rate"":5e-06}","{""detection_events"":715,""detectors_checked"":36208640}"
    226304,         0,         0,    8.36,decoder_by_matrix,6866428194f3c2ecf80b799fe3d7eaa0d7bfdd0bee14693d15f8abf3c1159eda,"{""distance"":5,""physical_error_rate"":1e-05}","{""detection_events"":1135,""detectors_checked"":38471680}"
    219136,         0,         0,    8.41,decoder_by_matrix,cc9cd6551b3048ae216380ccb8ae5d3cca75b5b766fe651c47ef084ce4ce7dc6,"{""distance"":5,""physical_error_rate"":5e-05}","{""detection_events"":6150,""detectors_checked"":37253120}"
    216064,         0,         0,    8.36,decoder_by_matrix,a052b2ce6ed64a98931ebcd7492590a746d7ec6e385d9f4479eb5b69a31b01f0,"{""distance"":5,""physical_error_rate"":0.0001}","{""detection_events"":11610,""detectors_checked"":36730880}"
    212992,       305,         0,    8.36,decoder_by_matrix,ea7f9f6779b22135d209c4f5fb271040b08fef7381a446752a0daec93f56ae96,"{""distance"":5,""physical_error_rate"":0.01}","{""detection_events"":1169125,""detectors_checked"":36208640,""obs_mistake_mask=EE"":66,""obs_mistake_mask=E_"":151,""obs_mistake_mask=_E"":88}"
    217088,         0,         0,    8.35,decoder_by_matrix,f0fc70a0432f83ff513e502442839d2eab02e2bed2f658d0464ff826d304e5e7,"{""distance"":5,""physical_error_rate"":0.0005}","{""detection_events"":63030,""detectors_checked"":36904960}"
    224256,         0,         0,    8.37,decoder_by_matrix,5b8a070a3cf8d31d64f24dbee89f3428cb9cab13fc59f7448d798f9bf08e9187,"{""distance"":5,""physical_error_rate"":0.001}","{""detection_events"":127715,""detectors_checked"":38123520}"
    223232,         0,         0,    8.37,decoder_by_matrix,5b8a070a3cf8d31d64f24dbee89f3428cb9cab13fc59f7448d798f9bf08e9187,"{""distance"":5,""physical_error_rate"":0.001}","{""detection_events"":131290,""detectors_checked"":37949440}"
    235520,         0,         0,    8.36,decoder_by_matrix,161b5fe948dcfe007f335a5c57bcb8ff38ff3ea8726714a4cc08f5b9386b17ca,"{""distance"":5,""physical_error_rate"":5e-06}","{""detection_events"":570,""detectors_checked"":40038400}"
    229376,         0,         0,    8.37,decoder_by_matrix,cc9cd6551b3048ae216380ccb8ae5d3cca75b5b766fe651c47ef084ce4ce7dc6,"{""distance"":5,""physical_error_rate"":5e-05}","{""detection_events"":6480,""detectors_checked"":38993920}"
    223232,         0,         0,    8.37,decoder_by_matrix,be0c214c078cdb5104153598b498575a1fc035ba16beb428536e5a87ee0a867f,"{""distance"":5,""physical_error_rate"":1e-06}","{""detection_events"":60,""detectors_checked"":37949440}"
    217088,         0,         0,    8.35,decoder_by_matrix,f0fc70a0432f83ff513e502442839d2eab02e2bed2f658d0464ff826d304e5e7,"{""distance"":5,""physical_error_rate"":0.0005}","{""detection_events"":62100,""detectors_checked"":36904960}"
    227328,         0,         0,    8.37,decoder_by_matrix,a052b2ce6ed64a98931ebcd7492590a746d7ec6e385d9f4479eb5b69a31b01f0,"{""distance"":5,""physical_error_rate"":0.0001}","{""detection_events"":12660,""detectors_checked"":38645760}"
    236544,         0,         0,    8.35,decoder_by_matrix,be0c214c078cdb5104153598b498575a1fc035ba16beb428536e5a87ee0a867f,"{""distance"":5,""physical_error_rate"":1e-06}","{""detection_events"":95,""detectors_checked"":40212480}"
    220160,         0,         0,    8.37,decoder_by_matrix,a052b2ce6ed64a98931ebcd7492590a746d7ec6e385d9f4479eb5b69a31b01f0,"{""distance"":5,""physical_error_rate"":0.0001}","{""detection_events"":13150,""detectors_checked"":37427200}"
    225280,         0,         0,    8.35,decoder_by_matrix,be0c214c078cdb5104153598b498575a1fc035ba16beb428536e5a87ee0a867f,"{""distance"":5,""physical_error_rate"":1e-06}","{""detection_events"":25,""detectors_checked"":38297600}"
    222208,         0,         0,    8.35,decoder_by_matrix,cc9cd6551b3048ae216380ccb8ae5d3cca75b5b766fe651c47ef084ce4ce7dc6,"{""distance"":5,""physical_error_rate"":5e-05}","{""detection_events"":5935,""detectors_checked"":37775360}"
    217088,         0,         0,    8.36,decoder_by_matrix,6866428194f3c2ecf80b799fe3d7eaa0d7bfdd0bee14693d15f8abf3c1159eda,"{""distance"":5,""physical_error_rate"":1e-05}","{""detection_events"":1035,""detectors_checked"":36904960}"
    215040,         0,         0,    8.36,decoder_by_matrix,f0fc70a0432f83ff513e502442839d2eab02e2bed2f658d0464ff826d304e5e7,"{""distance"":5,""physical_error_rate"":0.0005}","{""detection_events"":62885,""detectors_checked"":36556800}"
    297984,        58,         0,    11.7,decoder_by_matrix,6e3a1f380712a757a3b5fe9f9ef1a6075c7a0550e780d9e60559e4f3ce4ef0bf,"{""distance"":5,""physical_error_rate"":0.005}","{""detection_events"":836570,""detectors_checked"":50657280,""obs_mistake_mask=EE"":13,""obs_mistake_mask=E_"":30,""obs_mistake_mask=_E"":15}"
    312320,        59,         0,    11.7,decoder_by_matrix,6e3a1f380712a757a3b5fe9f9ef1a6075c7a0550e780d9e60559e4f3ce4ef0bf,"{""distance"":5,""physical_error_rate"":0.005}","{""detection_events"":871965,""detectors_checked"":53094400,""obs_mistake_mask=EE"":18,""obs_mistake_mask=E_"":31,""obs_mistake_mask=_E"":10}"
    299008,         0,         0,    11.7,decoder_by_matrix,6866428194f3c2ecf80b799fe3d7eaa0d7bfdd0bee14693d15f8abf3c1159eda,"{""distance"":5,""physical_error_rate"":1e-05}","{""detection_events"":1605,""detectors_checked"":50831360}"
    295936,       416,         0,    11.7,decoder_by_matrix,ea7f9f6779b22135d209c4f5fb271040b08fef7381a446752a0daec93f56ae96,"{""distance"":5,""physical_error_rate"":0.01}","{""detection_events"":1618345,""detectors_checked"":50309120,""obs_mistake_mask=EE"":90,""obs_mistake_mask=E_"":213,""obs_mistake_mask=_E"":113}"
    319488,         0,         0,    11.7,decoder_by_matrix,161b5fe948dcfe007f335a5c57bcb8ff38ff3ea8726714a4cc08f5b9386b17ca,"{""distance"":5,""physical_error_rate"":5e-06}","{""detection_events"":760,""detectors_checked"":54312960}"
    310272,         0,         0,    11.7,decoder_by_matrix,161b5fe948dcfe007f335a5c57bcb8ff38ff3ea8726714a4cc08f5b9386b17ca,"{""distance"":5,""physical_error_rate"":5e-06}","{""detection_events"":895,""detectors_checked"":52746240}"
    317440,         0,         0,    11.7,decoder_by_matrix,6866428194f3c2ecf80b799fe3d7eaa0d7bfdd0bee14693d15f8abf3c1159eda,"{""distance"":5,""physical_error_rate"":1e-05}","{""detection_events"":1840,""detectors_checked"":53964800}"
    308224,         0,         0,    11.7,decoder_by_matrix,cc9cd6551b3048ae216380ccb8ae5d3cca75b5b766fe651c47ef084ce4ce7dc6,"{""distance"":5,""physical_error_rate"":5e-05}","{""detection_events"":9400,""detectors_checked"":52398080}"
    301056,         0,         0,    11.7,decoder_by_matrix,a052b2ce6ed64a98931ebcd7492590a746d7ec6e385d9f4479eb5b69a31b01f0,"{""distance"":5,""physical_error_rate"":0.0001}","{""detection_events"":17150,""detectors_checked"":51179520}"
    307200,         0,         0,    11.7,decoder_by_matrix,f0fc70a0432f83ff513e502442839d2eab02e2bed2f658d0464ff826d304e5e7,"{""distance"":5,""physical_error_rate"":0.0005}","{""detection_events"":86155,""detectors_checked"":52224000}"
    294912,       411,         0,    11.7,decoder_by_matrix,ea7f9f6779b22135d209c4f5fb271040b08fef7381a446752a0daec93f56ae96,"{""distance"":5,""physical_error_rate"":0.01}","{""detection_events"":1609890,""detectors_checked"":50135040,""obs_mistake_mask=EE"":90,""obs_mistake_mask=E_"":206,""obs_mistake_mask=_E"":115}"
    305152,         0,         0,    11.7,decoder_by_matrix,5b8a070a3cf8d31d64f24dbee89f3428cb9cab13fc59f7448d798f9bf08e9187,"{""distance"":5,""physical_error_rate"":0.001}","{""detection_events"":173850,""detectors_checked"":51875840}"
    311296,         0,         0,    11.7,decoder_by_matrix,5b8a070a3cf8d31d64f24dbee89f3428cb9cab13fc59f7448d798f9bf08e9187,"{""distance"":5,""physical_error_rate"":0.001}","{""detection_events"":179290,""detectors_checked"":52920320}"
    328704,         0,         0,    11.7,decoder_by_matrix,161b5fe948dcfe007f335a5c57bcb8ff38ff3ea8726714a4cc08f5b9386b17ca,"{""distance"":5,""physical_error_rate"":5e-06}","{""detection_events"":975,""detectors_checked"":55879680}"
    319488,         0,         0,    11.7,decoder_by_matrix,cc9cd6551b3048ae216380ccb8ae5d3cca75b5b766fe651c47ef084ce4ce7dc6,"{""distance"":5,""physical_error_rate"":5e-05}","{""detection_events"":9455,""detectors_checked"":54312960}"
    294912,         0,         0,    11.7,decoder_by_matrix,be0c214c078cdb5104153598b498575a1fc035ba16beb428536e5a87ee0a867f,"{""distance"":5,""physical_error_rate"":1e-06}","{""detection_events"":155,""detectors_checked"":50135040}"
    302080,         0,         0,    11.7,decoder_by_matrix,f0fc70a0432f83ff513e502442839d2eab02e2bed2f658d0464ff826d304e5e7,"{""distance"":5,""physical_error_rate"":0.0005}","{""detection_events"":85435,""detectors_checked"":51353600}"
    318464,         0,         0,    11.7,decoder_by_matrix,a052b2ce6ed64a98931ebcd7492590a746d7ec6e385d9f4479eb5b69a31b01f0,"{""distance"":5,""physical_error_rate"":0.0001}","{""detection_events"":17995,""detectors_checked"":54138880}"
    330752,         0,         0,    11.7,decoder_by_matrix,be0c214c078cdb5104153598b498575a1fc035ba16beb428536e5a87ee0a867f,"{""distance"":5,""physical_error_rate"":1e-06}","{""detection_events"":100,""detectors_checked"":56227840}"
    310272,         0,         0,    11.7,decoder_by_matrix,a052b2ce6ed64a98931ebcd7492590a746d7ec6e385d9f4479eb5b69a31b01f0,"{""distance"":5,""physical_error_rate"":0.0001}","{""detection_events"":19340,""detectors_checked"":52746240}"
    313344,         0,         0,    11.7,decoder_by_matrix,be0c214c078cdb5104153598b498575a1fc035ba16beb428536e5a87ee0a867f,"{""distance"":5,""physical_error_rate"":1e-06}","{""detection_events"":55,""detectors_checked"":53268480}"
    310272,         0,         0,    11.7,decoder_by_matrix,cc9cd6551b3048ae216380ccb8ae5d3cca75b5b766fe651c47ef084ce4ce7dc6,"{""distance"":5,""physical_error_rate"":5e-05}","{""detection_events"":8795,""detectors_checked"":52746240}"
    308224,         0,         0,    11.7,decoder_by_matrix,6866428194f3c2ecf80b799fe3d7eaa0d7bfdd0bee14693d15f8abf3c1159eda,"{""distance"":5,""physical_error_rate"":1e-05}","{""detection_events"":1590,""detectors_checked"":52398080}"
    297984,         0,         0,    11.7,decoder_by_matrix,f0fc70a0432f83ff513e502442839d2eab02e2bed2f658d0464ff826d304e5e7,"{""distance"":5,""physical_error_rate"":0.0005}","{""detection_events"":86340,""detectors_checked"":50657280}"
    436224,        74,         0,    16.4,decoder_by_matrix,6e3a1f380712a757a3b5fe9f9ef1a6075c7a0550e780d9e60559e4f3ce4ef0bf,"{""distance"":5,""physical_error_rate"":0.005}","{""detection_events"":1216845,""detectors_checked"":74158080,""obs_mistake_mask=EE"":22,""obs_mistake_mask=E_"":31,""obs_mistake_mask=_E"":21}"
    438272,        97,         0,    16.3,decoder_by_matrix,6e3a1f380712a757a3b5fe9f9ef1a6075c7a0550e780d9e60559e4f3ce4ef0bf,"{""distance"":5,""physical_error_rate"":0.005}","{""detection_events"":1219025,""detectors_checked"":74506240,""obs_mistake_mask=EE"":23,""obs_mistake_mask=E_"":50,""obs_mistake_mask=_E"":24}"
    432128,         0,         0,    16.3,decoder_by_matrix,6866428194f3c2ecf80b799fe3d7eaa0d7bfdd0bee14693d15f8abf3c1159eda,"{""distance"":5,""physical_error_rate"":1e-05}","{""detection_events"":2560,""detectors_checked"":73461760}"
    419840,       599,         0,    16.4,decoder_by_matrix,ea7f9f6779b22135d209c4f5fb271040b08fef7381a446752a0daec93f56ae96,"{""distance"":5,""physical_error_rate"":0.01}","{""detection_events"":2288865,""detectors_checked"":71372800,""obs_mistake_mask=EE"":139,""obs_mistake_mask=E_"":295,""obs_mistake_mask=_E"":165}"
    439296,         0,         0,    16.4,decoder_by_matrix,161b5fe948dcfe007f335a5c57bcb8ff38ff3ea8726714a4cc08f5b9386b17ca,"{""distance"":5,""physical_error_rate"":5e-06}","{""detection_events"":985,""detectors_checked"":74680320}"
    436224,         0,         0,    16.4,decoder_by_matrix,161b5fe948dcfe007f335a5c57bcb8ff38ff3ea8726714a4cc08f5b9386b17ca,"{""distance"":5,""physical_error_rate"":5e-06}","{""detection_events"":1115,""detectors_checked"":74158080}"
    447488,         0,         0,    16.4,decoder_by_matrix,6866428194f3c2ecf80b799fe3d7eaa0d7bfdd0bee14693d15f8abf3c1159eda,"{""distance"":5,""physical_error_rate"":1e-05}","{""detection_events"":2510,""detectors_checked"":76072960}"
    433152,         0,         0,    16.4,decoder_by_matrix,cc9cd6551b3048ae216380ccb8ae5d3cca75b5b766fe651c47ef084ce4ce7dc6,"{""distance"":5,""physical_error_rate"":5e-05}","{""detection_events"":11535,""detectors_checked"":73635840}"
    407552,         0,         0,    16.4,decoder_by_matrix,a052b2ce6ed64a98931ebcd7492590a746d7ec6e385d9f4479eb5b69a31b01f0,"{""distance"":5,""physical_error_rate"":0.0001}","{""detection_events"":23735,""detectors_checked"":69283840}"
    421888,         0,         0,    16.4,decoder_by_matrix,f0fc70a0432f83ff513e502442839d2eab02e2bed2f658d0464ff826d304e5e7,"{""distance"":5,""physical_error_rate"":0.0005}","{""detection_events"":120585,""detectors_checked"":71720960}"
    419840,       632,         0,    16.4,decoder_by_matrix,ea7f9f6779b22135d209c4f5fb271040b08fef7381a446752a0daec93f56ae96,"{""distance"":5,""physical_error_rate"":0.01}","{""detection_events"":2284115,""detectors_checked"":71372800,""obs_mistake_mask=EE"":123,""obs_mistake_mask=E_"":295,""obs_mistake_mask=_E"":214}"
    406528,         2,         0,    16.4,decoder_by_matrix,5b8a070a3cf8d31d64f24dbee89f3428cb9cab13fc59f7448d798f9bf08e9187,"{""distance"":5,""physical_error_rate"":0.001}","{""detection_events"":229460,""detectors_checked"":69109760,""obs_mistake_mask=EE"":1,""obs_mistake_mask=E_"":1}"
    434176,         0,         0,    16.4,decoder_by_matrix,5b8a070a3cf8d31d64f24dbee89f3428cb9cab13fc59f7448d798f9bf08e9187,"{""distance"":5,""physical_error_rate"":0.001}","{""detection_events"":244705,""detectors_checked"":73809920}"
    462848,         0,         0,    16.4,decoder_by_matrix,161b5fe948dcfe007f335a5c57bcb8ff38ff3ea8726714a4cc08f5b9386b17ca,"{""distance"":5,""physical_error_rate"":5e-06}","{""detection_events"":1430,""detectors_checked"":78684160}"
    451584,         0,         0,    16.4,decoder_by_matrix,cc9cd6551b3048ae216380ccb8ae5d3cca75b5b766fe651c47ef084ce4ce7dc6,"{""distance"":5,""physical_error_rate"":5e-05}","{""detection_events"":12835,""detectors_checked"":76769280}"
    390144,         0,         0,    16.3,decoder_by_matrix,be0c214c078cdb5104153598b498575a1fc035ba16beb428536e5a87ee0a867f,"{""distance"":5,""physical_error_rate"":1e-06}","{""detection_events"":170,""detectors_checked"":66324480}"
    464896,         0,         0,    16.3,decoder_by_matrix,be0c214c078cdb5104153598b498575a1fc035ba16beb428536e5a87ee0a867f,"{""distance"":5,""physical_error_rate"":1e-06}","{""detection_events"":545,""detectors_checked"":79032320}"
    424960,         0,         0,    16.4,decoder_by_matrix,f0fc70a0432f83ff513e502442839d2eab02e2bed2f658d0464ff826d304e5e7,"{""distance"":5,""physical_error_rate"":0.0005}","{""detection_events"":121225,""detectors_checked"":72243200}"
    441344,         0,         0,    16.4,decoder_by_matrix,a052b2ce6ed64a98931ebcd7492590a746d7ec6e385d9f4479eb5b69a31b01f0,"{""distance"":5,""physical_error_rate"":0.0001}","{""detection_events"":24410,""detectors_checked"":75028480}"
    434176,         0,         0,    16.4,decoder_by_matrix,a052b2ce6ed64a98931ebcd7492590a746d7ec6e385d9f4479eb5b69a31b01f0,"{""distance"":5,""physical_error_rate"":0.0001}","{""detection_events"":25385,""detectors_checked"":73809920}"
    409600,         0,         0,    16.4,decoder_by_matrix,be0c214c078cdb5104153598b498575a1fc035ba16beb428536e5a87ee0a867f,"{""distance"":5,""physical_error_rate"":1e-06}","{""detection_events"":215,""detectors_checked"":69632000}"
    439296,         0,         0,    16.4,decoder_by_matrix,cc9cd6551b3048ae216380ccb8ae5d3cca75b5b766fe651c47ef084ce4ce7dc6,"{""distance"":5,""physical_error_rate"":5e-05}","{""detection_events"":12005,""detectors_checked"":74680320}"
    429056,         0,         0,    16.3,decoder_by_matrix,6866428194f3c2ecf80b799fe3d7eaa0d7bfdd0bee14693d15f8abf3c1159eda,"{""distance"":5,""physical_error_rate"":1e-05}","{""detection_events"":2420,""detectors_checked"":72939520}"
    394240,         0,         0,    16.4,decoder_by_matrix,f0fc70a0432f83ff513e502442839d2eab02e2bed2f658d0464ff826d304e5e7,"{""distance"":5,""physical_error_rate"":0.0005}","{""detection_events"":113450,""detectors_checked"":67020800}"
         1,         0,         0,   0.429,decoder_by_matrix,6866428194f3c2ecf80b799fe3d7eaa0d7bfdd0bee14693d15f8abf3c1159eda,"{""distance"":5,""physical_error_rate"":1e-05}","{""detectors_checked"":170}"
         1,         0,         0,   0.078,decoder_by_matrix,6866428194f3c2ecf80b799fe3d7eaa0d7bfdd0bee14693d15f8abf3c1159eda,"{""distance"":5,""physical_error_rate"":1e-05}","{""detectors_checked"":170}"
         4,         0,         0,   0.061,decoder_by_matrix,6866428194f3c2ecf80b799fe3d7eaa0d7bfdd0bee14693d15f8abf3c1159eda,"{""distance"":5,""physical_error_rate"":1e-05}","{""detectors_checked"":680}"
        32,         0,         0,   0.082,decoder_by_matrix,6866428194f3c2ecf80b799fe3d7eaa0d7bfdd0bee14693d15f8abf3c1159eda,"{""distance"":5,""physical_error_rate"":1e-05}","{""detectors_checked"":5440}"
       128,         0,         0,   0.058,decoder_by_matrix,6866428194f3c2ecf80b799fe3d7eaa0d7bfdd0bee14693d15f8abf3c1159eda,"{""distance"":5,""physical_error_rate"":1e-05}","{""detectors_checked"":21760}"
      1024,         0,         0,   0.071,decoder_by_matrix,6866428194f3c2ecf80b799fe3d7eaa0d7bfdd0bee14693d15f8abf3c1159eda,"{""distance"":5,""physical_error_rate"":1e-05}","{""detection_events"":10,""detectors_checked"":174080}"
      1024,         0,         0,   0.079,decoder_by_matrix,6866428194f3c2ecf80b799fe3d7eaa0d7bfdd0bee14693d15f8abf3c1159eda,"{""distance"":5,""physical_error_rate"":1e-05}","{""detection_events"":15,""detectors_checked"":174080}"
      2048,         0,         0,   0.153,decoder_by_matrix,6866428194f3c2ecf80b799fe3d7eaa0d7bfdd0bee14693d15f8abf3c1159eda,"{""distance"":5,""physical_error_rate"":1e-05}","{""detection_events"":30,""detectors_checked"":348160}"
      3072,         0,         0,   0.216,decoder_by_matrix,6866428194f3c2ecf80b799fe3d7eaa0d7bfdd0bee14693d15f8abf3c1159eda,"{""distance"":5,""physical_error_rate"":1e-05}","{""detection_events"":10,""detectors_checked"":522240}"
      3072,         0,         0,   0.241,decoder_by_matrix,6866428194f3c2ecf80b799fe3d7eaa0d7bfdd0bee14693d15f8abf3c1159eda,"{""distance"":5,""physical_error_rate"":1e-05}","{""detection_events"":5,""detectors_checked"":522240}"
      5120,         0,         0,   0.345,decoder_by_matrix,6866428194f3c2ecf80b799fe3d7eaa0d7bfdd0bee14693d15f8abf3c1159eda,"{""distance"":5,""physical_error_rate"":1e-05}","{""detection_events"":30,""detectors_checked"":870400}"
      6144,         0,         0,   0.419,decoder_by_matrix,6866428194f3c2ecf80b799fe3d7eaa0d7bfdd0bee14693d15f8abf3c1159eda,"{""distance"":5,""physical_error_rate"":1e-05}","{""detection_events"":55,""detectors_checked"":1044480}"
      8192,         0,         0,   0.606,decoder_by_matrix,6866428194f3c2ecf80b799fe3d7eaa0d7bfdd0bee14693d15f8abf3c1159eda,"{""distance"":5,""physical_error_rate"":1e-05}","{""detection_events"":100,""detectors_checked"":1392640}"
     10240,         0,         0,   0.834,decoder_by_matrix,6866428194f3c2ecf80b799fe3d7eaa0d7bfdd0bee14693d15f8abf3c1159eda,"{""distance"":5,""physical_error_rate"":1e-05}","{""detection_events"":65,""detectors_checked"":1740800}"
     10240,         0,         0,    1.41,decoder_by_matrix,6866428194f3c2ecf80b799fe3d7eaa0d7bfdd0bee14693d15f8abf3c1159eda,"{""distance"":5,""physical_error_rate"":1e-05}","{""detection_events"":100,""detectors_checked"":1740800}"
         1,         0,         0,   0.105,decoder_by_matrix,f0fc70a0432f83ff513e502442839d2eab02e2bed2f658d0464ff826d304e5e7,"{""distance"":5,""physical_error_rate"":0.0005}","{""detectors_checked"":170}"
         4,         0,         0,   0.074,decoder_by_matrix,f0fc70a0432f83ff513e502442839d2eab02e2bed2f658d0464ff826d304e5e7,"{""distance"":5,""physical_error_rate"":0.0005}","{""detectors_checked"":680}"
        32,         0,         0,   0.062,decoder_by_matrix,f0fc70a0432f83ff513e502442839d2eab02e2bed2f658d0464ff826d304e5e7,"{""distance"":5,""physical_error_rate"":0.0005}","{""detection_events"":15,""detectors_checked"":5440}"
       256,         0,         0,   0.076,decoder_by_matrix,f0fc70a0432f83ff513e502442839d2eab02e2bed2f658d0464ff826d304e5e7,"{""distance"":5,""physical_error_rate"":0.0005}","{""detection_events"":15,""detectors_checked"":43520}"
      1024,         0,         0,   0.077,decoder_by_matrix,f0fc70a0432f83ff513e502442839d2eab02e2bed2f658d0464ff826d304e5e7,"{""distance"":5,""physical_error_rate"":0.0005}","{""detection_events"":265,""detectors_checked"":174080}"
      1024,         0,         0,   0.071,decoder_by_matrix,f0fc70a0432f83ff513e502442839d2eab02e2bed2f658d0464ff826d304e5e7,"{""distance"":5,""physical_error_rate"":0.0005}","{""detection_events"":225,""detectors_checked"":174080}"
      7168,         0,         0,    2.05,decoder_by_matrix,6866428194f3c2ecf80b799fe3d7eaa0d7bfdd0bee14693d15f8abf3c1159eda,"{""distance"":5,""physical_error_rate"":1e-05}","{""detection_events"":15,""detectors_checked"":1218560}"
      1024,         0,         0,   0.801,decoder_by_matrix,f0fc70a0432f83ff513e502442839d2eab02e2bed2f658d0464ff826d304e5e7,"{""distance"":5,""physical_error_rate"":0.0005}","{""detection_events"":250,""detectors_checked"":174080}"
         1,         0,         0,   0.122,decoder_by_matrix,161b5fe948dcfe007f335a5c57bcb8ff38ff3ea8726714a4cc08f5b9386b17ca,"{""distance"":5,""physical_error_rate"":5e-06}","{""detectors_checked"":170}"
      1024,         0,         0,    1.53,decoder_by_matrix,f0fc70a0432f83ff513e502442839d2eab02e2bed2f658d0464ff826d304e5e7,"{""distance"":5,""physical_error_rate"":0.0005}","{""detection_events"":415,""detectors_checked"":174080}"
         4,         0,         0,   0.617,decoder_by_matrix,161b5fe948dcfe007f335a5c57bcb8ff38ff3ea8726714a4cc08f5b9386b17ca,"{""distance"":5,""physical_error_rate"":5e-06}","{""detectors_checked"":680}"
         4,         0,         0,   0.076,decoder_by_matrix,161b5fe948dcfe007f335a5c57bcb8ff38ff3ea8726714a4cc08f5b9386b17ca,"{""distance"":5,""physical_error_rate"":5e-06}","{""detectors_checked"":680}"
      2048,         0,         0,    2.20,decoder_by_matrix,6866428194f3c2ecf80b799fe3d7eaa0d7bfdd0bee14693d15f8abf3c1159eda,"{""distance"":5,""physical_error_rate"":1e-05}","{""detection_events"":5,""detectors_checked"":348160}"
        16,         0,         0,   0.126,decoder_by_matrix,161b5fe948dcfe007f335a5c57bcb8ff38ff3ea8726714a4cc08f5b9386b17ca,"{""distance"":5,""physical_error_rate"":5e-06}","{""detectors_checked"":2720}"
        64,         0,         0,   0.073,decoder_by_matrix,161b5fe948dcfe007f335a5c57bcb8ff38ff3ea8726714a4cc08f5b9386b17ca,"{""distance"":5,""physical_error_rate"":5e-06}","{""detectors_checked"":10880}"
       512,         0,         0,   0.074,decoder_by_matrix,161b5fe948dcfe007f335a5c57bcb8ff38ff3ea8726714a4cc08f5b9386b17ca,"{""distance"":5,""physical_error_rate"":5e-06}","{""detectors_checked"":87040}"
      2048,         0,         0,   0.136,decoder_by_matrix,161b5fe948dcfe007f335a5c57bcb8ff38ff3ea8726714a4cc08f5b9386b17ca,"{""distance"":5,""physical_error_rate"":5e-06}","{""detectors_checked"":348160}"
       512,         0,         0,   0.988,decoder_by_matrix,f0fc70a0432f83ff513e502442839d2eab02e2bed2f658d0464ff826d304e5e7,"{""distance"":5,""physical_error_rate"":0.0005}","{""detection_events"":140,""detectors_checked"":87040}"
      1024,         0,         0,   0.325,decoder_by_matrix,161b5fe948dcfe007f335a5c57bcb8ff38ff3ea8726714a4cc08f5b9386b17ca,"{""distance"":5,""physical_error_rate"":5e-06}","{""detectors_checked"":174080}"
      2560,         0,         0,   0.206,decoder_by_matrix,f0fc70a0432f83ff513e502442839d2eab02e2bed2f658d0464ff826d304e5e7,"{""distance"":5,""physical_error_rate"":0.0005}","{""detection_events"":670,""detectors_checked"":435200}"
      1024,         0,         0,   0.962,decoder_by_matrix,161b5fe948dcfe007f335a5c57bcb8ff38ff3ea8726714a4cc08f5b9386b17ca,"{""distance"":5,""physical_error_rate"":5e-06}","{""detection_events"":40,""detectors_checked"":174080}"
      1024,         0,         0,   0.481,decoder_by_matrix,161b5fe948dcfe007f335a5c57bcb8ff38ff3ea8726714a4cc08f5b9386b17ca,"{""distance"":5,""physical_error_rate"":5e-06}","{""detectors_checked"":174080}"
      2048,         0,         0,    1.54,decoder_by_matrix,f0fc70a0432f83ff513e502442839d2eab02e2bed2f658d0464ff826d304e5e7,"{""distance"":5,""physical_error_rate"":0.0005}","{""detection_events"":415,""detectors_checked"":348160}"
      2048,         0,         0,   0.457,decoder_by_matrix,161b5fe948dcfe007f335a5c57bcb8ff38ff3ea8726714a4cc08f5b9386b17ca,"{""distance"":5,""physical_error_rate"":5e-06}","{""detectors_checked"":348160}"
      1024,         0,         0,   0.602,decoder_by_matrix,f0fc70a0432f83ff513e502442839d2eab02e2bed2f658d0464ff826d304e5e7,"{""distance"":5,""physical_error_rate"":0.0005}","{""detection_events"":305,""detectors_checked"":174080}"
      2048,         0,         0,   0.438,decoder_by_matrix,161b5fe948dcfe007f335a5c57bcb8ff38ff3ea8726714a4cc08f5b9386b17ca,"{""distance"":5,""physical_error_rate"":5e-06}","{""detectors_checked"":348160}"
         1,         0,         0,   0.091,decoder_by_matrix,be0c214c078cdb5104153598b498575a1fc035ba16beb428536e5a87ee0a867f,"{""distance"":5,""physical_error_rate"":1e-06}","{""detectors_checked"":170}"
         4,         0,         0,   0.060,decoder_by_matrix,be0c214c078cdb5104153598b498575a1fc035ba16beb428536e5a87ee0a867f,"{""distance"":5,""physical_error_rate"":1e-06}","{""detectors_checked"":680}"
        32,         0,         0,   0.077,decoder_by_matrix,be0c214c078cdb5104153598b498575a1fc035ba16beb428536e5a87ee0a867f,"{""distance"":5,""physical_error_rate"":1e-06}","{""detectors_checked"":5440}"
       128,         0,         0,   0.078,decoder_by_matrix,be0c214c078cdb5104153598b498575a1fc035ba16beb428536e5a87ee0a867f,"{""distance"":5,""physical_error_rate"":1e-06}","{""detectors_checked"":21760}"
      5120,         0,         0,    3.76,decoder_by_matrix,6866428194f3c2ecf80b799fe3d7eaa0d7bfdd0bee14693d15f8abf3c1159eda,"{""distance"":5,""physical_error_rate"":1e-05}","{""detection_events"":55,""detectors_checked"":870400}"
      2048,         0,         0,   0.588,decoder_by_matrix,161b5fe948dcfe007f335a5c57bcb8ff38ff3ea8726714a4cc08f5b9386b17ca,"{""distance"":5,""physical_error_rate"":5e-06}","{""detectors_checked"":348160}"
      1024,         0,         0,   0.914,decoder_by_matrix,f0fc70a0432f83ff513e502442839d2eab02e2bed2f658d0464ff826d304e5e7,"{""distance"":5,""physical_error_rate"":0.0005}","{""detection_events"":305,""detectors_checked"":174080}"
       512,         0,         0,   0.673,decoder_by_matrix,be0c214c078cdb5104153598b498575a1fc035ba16beb428536e5a87ee0a867f,"{""distance"":5,""physical_error_rate"":1e-06}","{""detectors_checked"":87040}"
      1024,         0,         0,   0.870,decoder_by_matrix,f0fc70a0432f83ff513e502442839d2eab02e2bed2f658d0464ff826d304e5e7,"{""distance"":5,""physical_error_rate"":0.0005}","{""detection_events"":260,""detectors_checked"":174080}"
      1024,         0,         0,   0.957,decoder_by_matrix,161b5fe948dcfe007f335a5c57bcb8ff38ff3ea8726714a4cc08f5b9386b17ca,"{""distance"":5,""physical_error_rate"":5e-06}","{""detectors_checked"":174080}"
       512,         0,         0,   0.847,decoder_by_matrix,be0c214c078cdb5104153598b498575a1fc035ba16beb428536e5a87ee0a867f,"{""distance"":5,""physical_error_rate"":1e-06}","{""detectors_checked"":87040}"
    616448,       104,         0,    22.9,decoder_by_matrix,6e3a1f380712a757a3b5fe9f9ef1a6075c7a0550e780d9e60559e4f3ce4ef0bf,"{""distance"":5,""physical_error_rate"":0.005}","{""detection_events"":1718875,""detectors_checked"":104796160,""obs_mistake_mask=EE"":30,""obs_mistake_mask=E_"":41,""obs_mistake_mask=_E"":33}"
    611328,       120,         0,    22.9,decoder_by_matrix,6e3a1f380712a757a3b5fe9f9ef1a6075c7a0550e780d9e60559e4f3ce4ef0bf,"{""distance"":5,""physical_error_rate"":0.005}","{""detection_events"":1692930,""detectors_checked"":103925760,""obs_mistake_mask=EE"":33,""obs_mistake_mask=E_"":54,""obs_mistake_mask=_E"":33}"
    550912,         0,         0,    22.9,decoder_by_matrix,6866428194f3c2ecf80b799fe3d7eaa0d7bfdd0bee14693d15f8abf3c1159eda,"{""distance"":5,""physical_error_rate"":1e-05}","{""detection_events"":3110,""detectors_checked"":93655040}"
    621568,         0,         0,    22.9,decoder_by_matrix,161b5fe948dcfe007f335a5c57bcb8ff38ff3ea8726714a4cc08f5b9386b17ca,"{""distance"":5,""physical_error_rate"":5e-06}","{""detection_events"":1665,""detectors_checked"":105666560}"
    580608,       853,         0,    22.9,decoder_by_matrix,ea7f9f6779b22135d209c4f5fb271040b08fef7381a446752a0daec93f56ae96,"{""distance"":5,""physical_error_rate"":0.01}","{""detection_events"":3162705,""detectors_checked"":98703360,""obs_mistake_mask=EE"":186,""obs_mistake_mask=E_"":427,""obs_mistake_mask=_E"":240}"
    609280,         0,         0,    22.9,decoder_by_matrix,161b5fe948dcfe007f335a5c57bcb8ff38ff3ea8726714a4cc08f5b9386b17ca,"{""distance"":5,""physical_error_rate"":5e-06}","{""detection_events"":2070,""detectors_checked"":103577600}"
    618496,         0,         0,    22.9,decoder_by_matrix,6866428194f3c2ecf80b799fe3d7eaa0d7bfdd0bee14693d15f8abf3c1159eda,"{""distance"":5,""physical_error_rate"":1e-05}","{""detection_events"":3285,""detectors_checked"":105144320}"
    546816,         0,         0,    22.9,decoder_by_matrix,cc9cd6551b3048ae216380ccb8ae5d3cca75b5b766fe651c47ef084ce4ce7dc6,"{""distance"":5,""physical_error_rate"":5e-05}","{""detection_events"":17420,""detectors_checked"":92958720}"
    601088,         0,         0,    22.9,decoder_by_matrix,f0fc70a0432f83ff513e502442839d2eab02e2bed2f658d0464ff826d304e5e7,"{""distance"":5,""physical_error_rate"":0.0005}","{""detection_events"":170995,""detectors_checked"":102184960}"
    584704,         0,         0,    22.9,decoder_by_matrix,a052b2ce6ed64a98931ebcd7492590a746d7ec6e385d9f4479eb5b69a31b01f0,"{""distance"":5,""physical_error_rate"":0.0001}","{""detection_events"":33110,""detectors_checked"":99399680}"
    589824,       902,         0,    22.9,decoder_by_matrix,ea7f9f6779b22135d209c4f5fb271040b08fef7381a446752a0daec93f56ae96,"{""distance"":5,""physical_error_rate"":0.01}","{""detection_events"":3206355,""detectors_checked"":100270080,""obs_mistake_mask=EE"":208,""obs_mistake_mask=E_"":428,""obs_mistake_mask=_E"":266}"
    591872,         3,         0,    22.9,decoder_by_matrix,5b8a070a3cf8d31d64f24dbee89f3428cb9cab13fc59f7448d798f9bf08e9187,"{""distance"":5,""physical_error_rate"":0.001}","{""detection_events"":334660,""detectors_checked"":100618240,""obs_mistake_mask=EE"":1,""obs_mistake_mask=E_"":2}"
    614400,         1,         0,    22.9,decoder_by_matrix,5b8a070a3cf8d31d64f24dbee89f3428cb9cab13fc59f7448d798f9bf08e9187,"{""distance"":5,""physical_error_rate"":0.001}","{""detection_events"":352715,""detectors_checked"":104448000,""obs_mistake_mask=_E"":1}"
    616448,         0,         0,    22.9,decoder_by_matrix,161b5fe948dcfe007f335a5c57bcb8ff38ff3ea8726714a4cc08f5b9386b17ca,"{""distance"":5,""physical_error_rate"":5e-06}","{""detection_events"":1700,""detectors_checked"":104796160}"
    627712,         0,         0,    22.9,decoder_by_matrix,cc9cd6551b3048ae216380ccb8ae5d3cca75b5b766fe651c47ef084ce4ce7dc6,"{""distance"":5,""physical_error_rate"":5e-05}","{""detection_events"":17635,""detectors_checked"":106711040}"
    563200,         0,         0,    22.9,decoder_by_matrix,be0c214c078cdb5104153598b498575a1fc035ba16beb428536e5a87ee0a867f,"{""distance"":5,""physical_error_rate"":1e-06}","{""detection_events"":410,""detectors_checked"":95744000}"
    656384,         0,         0,    22.9,decoder_by_matrix,be0c214c078cdb5104153598b498575a1fc035ba16beb428536e5a87ee0a867f,"{""distance"":5,""physical_error_rate"":1e-06}","{""detection_events"":325,""detectors_checked"":111585280}"
    503808,         0,         0,    22.9,decoder_by_matrix,f0fc70a0432f83ff513e502442839d2eab02e2bed2f658d0464ff826d304e5e7,"{""distance"":5,""physical_error_rate"":0.0005}","{""detection_events"":144725,""detectors_checked"":85647360}"
    543744,         0,         0,    22.9,decoder_by_matrix,a052b2ce6ed64a98931ebcd7492590a746d7ec6e385d9f4479eb5b69a31b01f0,"{""distance"":5,""physical_error_rate"":0.0001}","{""detection_events"":31805,""detectors_checked"":92436480}"
    593920,         0,         0,    22.9,decoder_by_matrix,a052b2ce6ed64a98931ebcd7492590a746d7ec6e385d9f4479eb5b69a31b01f0,"{""distance"":5,""physical_error_rate"":0.0001}","{""detection_events"":33415,""detectors_checked"":100966400}"
       512,         0,         0,    1.45,decoder_by_matrix,be0c214c078cdb5104153598b498575a1fc035ba16beb428536e5a87ee0a867f,"{""distance"":5,""physical_error_rate"":1e-06}","{""detectors_checked"":87040}"
      3072,         0,         0,    1.75,decoder_by_matrix,161b5fe948dcfe007f335a5c57bcb8ff38ff3ea8726714a4cc08f5b9386b17ca,"{""distance"":5,""physical_error_rate"":5e-06}","{""detectors_checked"":522240}"
      2048,         0,         0,    1.91,decoder_by_matrix,f0fc70a0432f83ff513e502442839d2eab02e2bed2f658d0464ff826d304e5e7,"{""distance"":5,""physical_error_rate"":0.0005}","{""detection_events"":775,""detectors_checked"":348160}"
         1,         0,         0,   0.194,decoder_by_matrix,6e3a1f380712a757a3b5fe9f9ef1a6075c7a0550e780d9e60559e4f3ce4ef0bf,"{""distance"":5,""physical_error_rate"":0.005}","{""detection_events"":30,""detectors_checked"":170}"
         2,         0,         0,   0.104,decoder_by_matrix,6e3a1f380712a757a3b5fe9f9ef1a6075c7a0550e780d9e60559e4f3ce4ef0bf,"{""distance"":5,""physical_error_rate"":0.005}","{""detectors_checked"":340}"
         8,         0,         0,   0.075,decoder_by_matrix,6e3a1f380712a757a3b5fe9f9ef1a6075c7a0550e780d9e60559e4f3ce4ef0bf,"{""distance"":5,""physical_error_rate"":0.005}","{""detectors_checked"":1360}"
        32,         0,         0,   0.062,decoder_by_matrix,6e3a1f380712a757a3b5fe9f9ef1a6075c7a0550e780d9e60559e4f3ce4ef0bf,"{""distance"":5,""physical_error_rate"":0.005}","{""detection_events"":150,""detectors_checked"":5440}"
       256,         0,         0,   0.079,decoder_by_matrix,6e3a1f380712a757a3b5fe9f9ef1a6075c7a0550e780d9e60559e4f3ce4ef0bf,"{""distance"":5,""physical_error_rate"":0.005}","{""detection_events"":645,""detectors_checked"":43520}"
    589824,         0,         0,    22.9,decoder_by_matrix,be0c214c078cdb5104153598b498575a1fc035ba16beb428536e5a87ee0a867f,"{""distance"":5,""physical_error_rate"":1e-06}","{""detection_events"":210,""detectors_checked"":100270080}"
      1024,         0,         0,   0.081,decoder_by_matrix,6e3a1f380712a757a3b5fe9f9ef1a6075c7a0550e780d9e60559e4f3ce4ef0bf,"{""distance"":5,""physical_error_rate"":0.005}","{""detection_events"":2625,""detectors_checked"":174080}"
      1024,         0,         0,   0.117,decoder_by_matrix,6e3a1f380712a757a3b5fe9f9ef1a6075c7a0550e780d9e60559e4f3ce4ef0bf,"{""distance"":5,""physical_error_rate"":0.005}","{""detection_events"":2820,""detectors_checked"":174080}"
    604160,         0,         0,    22.9,decoder_by_matrix,cc9cd6551b3048ae216380ccb8ae5d3cca75b5b766fe651c47ef084ce4ce7dc6,"{""distance"":5,""physical_error_rate"":5e-05}","{""detection_events"":16790,""detectors_checked"":102707200}"
       256,         0,         0,   0.781,decoder_by_matrix,be0c214c078cdb5104153598b498575a1fc035ba16beb428536e5a87ee0a867f,"{""distance"":5,""physical_error_rate"":1e-06}","{""detectors_checked"":43520}"
      2048,         1,         0,   0.163,decoder_by_matrix,6e3a1f380712a757a3b5fe9f9ef1a6075c7a0550e780d9e60559e4f3ce4ef0bf,"{""distance"":5,""physical_error_rate"":0.005}","{""detection_events"":5240,""detectors_checked"":348160,""obs_mistake_mask=_E"":1}"
    610304,         0,         0,    22.9,decoder_by_matrix,6866428194f3c2ecf80b799fe3d7eaa0d7bfdd0bee14693d15f8abf3c1159eda,"{""distance"":5,""physical_error_rate"":1e-05}","{""detection_events"":3770,""detectors_checked"":103751680}"
      2304,         0,         0,   0.216,decoder_by_matrix,be0c214c078cdb5104153598b498575a1fc035ba16beb428536e5a87ee0a867f,"{""distance"":5,""physical_error_rate"":1e-06}","{""detectors_checked"":391680}"
      3072,         0,         0,   0.211,decoder_by_matrix,be0c214c078cdb5104153598b498575a1fc035ba16beb428536e5a87ee0a867f,"{""distance"":5,""physical_error_rate"":1e-06}","{""detectors_checked"":522240}"
      1024,         2,         0,   0.340,decoder_by_matrix,6e3a1f380712a757a3b5fe9f9ef1a6075c7a0550e780d9e60559e4f3ce4ef0bf,"{""distance"":5,""physical_error_rate"":0.005}","{""detection_events"":3030,""detectors_checked"":174080,""obs_mistake_mask=E_"":1,""obs_mistake_mask=_E"":1}"
    574464,         0,         0,    22.9,decoder_by_matrix,f0fc70a0432f83ff513e502442839d2eab02e2bed2f658d0464ff826d304e5e7,"{""distance"":5,""physical_error_rate"":0.0005}","{""detection_events"":164025,""detectors_checked"":97658880}"
      4096,         0,         0,   0.412,decoder_by_matrix,be0c214c078cdb5104153598b498575a1fc035ba16beb428536e5a87ee0a867f,"{""distance"":5,""physical_error_rate"":1e-06}","{""detectors_checked"":696320}"
      8192,         0,         0,    4.43,decoder_by_matrix,6866428194f3c2ecf80b799fe3d7eaa0d7bfdd0bee14693d15f8abf3c1159eda,"{""distance"":5,""physical_error_rate"":1e-05}","{""detection_events"":20,""detectors_checked"":1392640}"
      3072,         0,         0,   0.673,decoder_by_matrix,6e3a1f380712a757a3b5fe9f9ef1a6075c7a0550e780d9e60559e4f3ce4ef0bf,"{""distance"":5,""physical_error_rate"":0.005}","{""detection_events"":8175,""detectors_checked"":522240}"
      9216,         0,         0,    1.95,decoder_by_matrix,f0fc70a0432f83ff513e502442839d2eab02e2bed2f658d0464ff826d304e5e7,"{""distance"":5,""physical_error_rate"":0.0005}","{""detection_events"":3060,""detectors_checked"":1566720}"
      1024,         0,         0,   0.847,decoder_by_matrix,be0c214c078cdb5104153598b498575a1fc035ba16beb428536e5a87ee0a867f,"{""distance"":5,""physical_error_rate"":1e-06}","{""detectors_checked"":174080}"
      4096,         0,         0,    2.32,decoder_by_matrix,161b5fe948dcfe007f335a5c57bcb8ff38ff3ea8726714a4cc08f5b9386b17ca,"{""distance"":5,""physical_error_rate"":5e-06}","{""detectors_checked"":696320}"
      4096,         1,         0,    1.09,decoder_by_matrix,6e3a1f380712a757a3b5fe9f9ef1a6075c7a0550e780d9e60559e4f3ce4ef0bf,"{""distance"":5,""physical_error_rate"":0.005}","{""detection_events"":11120,""detectors_checked"":696320,""obs_mistake_mask=EE"":1}"
      1024,         0,         0,   0.942,decoder_by_matrix,be0c214c078cdb5104153598b498575a1fc035ba16beb428536e5a87ee0a867f,"{""distance"":5,""physical_error_rate"":1e-06}","{""detectors_checked"":174080}"
      1024,         0,         0,   0.957,decoder_by_matrix,be0c214c078cdb5104153598b498575a1fc035ba16beb428536e5a87ee0a867f,"{""distance"":5,""physical_error_rate"":1e-06}","{""detection_events"":5,""detectors_checked"":174080}"
      2048,         0,         0,    2.56,decoder_by_matrix,f0fc70a0432f83ff513e502442839d2eab02e2bed2f658d0464ff826d304e5e7,"{""distance"":5,""physical_error_rate"":0.0005}","{""detection_events"":430,""detectors_checked"":348160}"
      1024,         0,         0,    1.72,decoder_by_matrix,6e3a1f380712a757a3b5fe9f9ef1a6075c7a0550e780d9e60559e4f3ce4ef0bf,"{""distance"":5,""physical_error_rate"":0.005}","{""detection_events"":2850,""detectors_checked"":174080}"
      3072,         0,         0,    2.82,decoder_by_matrix,161b5fe948dcfe007f335a5c57bcb8ff38ff3ea8726714a4cc08f5b9386b17ca,"{""distance"":5,""physical_error_rate"":5e-06}","{""detection_events"":10,""detectors_checked"":522240}"
       512,         0,         0,   0.866,decoder_by_matrix,6e3a1f380712a757a3b5fe9f9ef1a6075c7a0550e780d9e60559e4f3ce4ef0bf,"{""distance"":5,""physical_error_rate"":0.005}","{""detection_events"":1385,""detectors_checked"":87040}"
      2048,         0,         0,    1.90,decoder_by_matrix,be0c214c078cdb5104153598b498575a1fc035ba16beb428536e5a87ee0a867f,"{""distance"":5,""physical_error_rate"":1e-06}","{""detectors_checked"":348160}"
       512,         0,         0,   0.850,decoder_by_matrix,6e3a1f380712a757a3b5fe9f9ef1a6075c7a0550e780d9e60559e4f3ce4ef0bf,"{""distance"":5,""physical_error_rate"":0.005}","{""detection_events"":1465,""detectors_checked"":87040}"
     12288,         0,         0,    1.62,decoder_by_matrix,be0c214c078cdb5104153598b498575a1fc035ba16beb428536e5a87ee0a867f,"{""distance"":5,""physical_error_rate"":1e-06}","{""detectors_checked"":2088960}"
      2048,         0,         0,    3.20,decoder_by_matrix,f0fc70a0432f83ff513e502442839d2eab02e2bed2f658d0464ff826d304e5e7,"{""distance"":5,""physical_error_rate"":0.0005}","{""detection_events"":415,""detectors_checked"":348160}"
      1024,         0,         0,    1.77,decoder_by_matrix,6e3a1f380712a757a3b5fe9f9ef1a6075c7a0550e780d9e60559e4f3ce4ef0bf,"{""distance"":5,""physical_error_rate"":0.005}","{""detection_events"":3495,""detectors_checked"":174080}"
      8192,         0,         0,    6.51,decoder_by_matrix,6866428194f3c2ecf80b799fe3d7eaa0d7bfdd0bee14693d15f8abf3c1159eda,"{""distance"":5,""physical_error_rate"":1e-05}","{""detection_events"":35,""detectors_checked"":1392640}"
      4096,         0,         0,    3.59,decoder_by_matrix,161b5fe948dcfe007f335a5c57bcb8ff38ff3ea8726714a4cc08f5b9386b17ca,"{""distance"":5,""physical_error_rate"":5e-06}","{""detection_events"":15,""detectors_checked"":696320}"
      1024,         0,         0,    1.71,decoder_by_matrix,6e3a1f380712a757a3b5fe9f9ef1a6075c7a0550e780d9e60559e4f3ce4ef0bf,"{""distance"":5,""physical_error_rate"":0.005}","{""detection_events"":2835,""detectors_checked"":174080}"
      5120,         0,         0,    2.21,decoder_by_matrix,be0c214c078cdb5104153598b498575a1fc035ba16beb428536e5a87ee0a867f,"{""distance"":5,""physical_error_rate"":1e-06}","{""detectors_checked"":870400}"
      1536,         0,         0,    2.61,decoder_by_matrix,6e3a1f380712a757a3b5fe9f9ef1a6075c7a0550e780d9e60559e4f3ce4ef0bf,"{""distance"":5,""physical_error_rate"":0.005}","{""detection_events"":3720,""detectors_checked"":261120}"
      3072,         0,         0,    4.94,decoder_by_matrix,f0fc70a0432f83ff513e502442839d2eab02e2bed2f658d0464ff826d304e5e7,"{""distance"":5,""physical_error_rate"":0.0005}","{""detection_events"":860,""detectors_checked"":522240}"
      4096,         0,         0,    3.26,decoder_by_matrix,be0c214c078cdb5104153598b498575a1fc035ba16beb428536e5a87ee0a867f,"{""distance"":5,""physical_error_rate"":1e-06}","{""detectors_checked"":696320}"
      5120,         0,         0,    4.33,decoder_by_matrix,161b5fe948dcfe007f335a5c57bcb8ff38ff3ea8726714a4cc08f5b9386b17ca,"{""distance"":5,""physical_error_rate"":5e-06}","{""detection_events"":10,""detectors_checked"":870400}"
     11776,         2,         0,    3.96,decoder_by_matrix,6e3a1f380712a757a3b5fe9f9ef1a6075c7a0550e780d9e60559e4f3ce4ef0bf,"{""distance"":5,""physical_error_rate"":0.005}","{""detection_events"":31960,""detectors_checked"":2001920,""obs_mistake_mask=EE"":1,""obs_mistake_mask=E_"":1}"
     13312,         0,         0,    8.65,decoder_by_matrix,6866428194f3c2ecf80b799fe3d7eaa0d7bfdd0bee14693d15f8abf3c1159eda,"{""distance"":5,""physical_error_rate"":1e-05}","{""detection_events"":115,""detectors_checked"":2263040}"
      5120,         0,         0,    4.23,decoder_by_matrix,be0c214c078cdb5104153598b498575a1fc035ba16beb428536e5a87ee0a867f,"{""distance"":5,""physical_error_rate"":1e-06}","{""detectors_checked"":870400}"
     13312,         0,         0,    6.60,decoder_by_matrix,f0fc70a0432f83ff513e502442839d2eab02e2bed2f658d0464ff826d304e5e7,"{""distance"":5,""physical_error_rate"":0.0005}","{""detection_events"":3165,""detectors_checked"":2263040}"
      6144,         0,         0,    6.72,decoder_by_matrix,161b5fe948dcfe007f335a5c57bcb8ff38ff3ea8726714a4cc08f5b9386b17ca,"{""distance"":5,""physical_error_rate"":5e-06}","{""detectors_checked"":1044480}"
      5120,         0,         0,    4.58,decoder_by_matrix,6e3a1f380712a757a3b5fe9f9ef1a6075c7a0550e780d9e60559e4f3ce4ef0bf,"{""distance"":5,""physical_error_rate"":0.005}","{""detection_events"":14525,""detectors_checked"":870400}"
      8704,         0,         0,    6.12,decoder_by_matrix,be0c214c078cdb5104153598b498575a1fc035ba16beb428536e5a87ee0a867f,"{""distance"":5,""physical_error_rate"":1e-06}","{""detectors_checked"":1479680}"
      6144,         2,         0,    6.20,decoder_by_matrix,6e3a1f380712a757a3b5fe9f9ef1a6075c7a0550e780d9e60559e4f3ce4ef0bf,"{""distance"":5,""physical_error_rate"":0.005}","{""detection_events"":17215,""detectors_checked"":1044480,""obs_mistake_mask=E_"":1,""obs_mistake_mask=_E"":1}"
      9216,         0,         0,    9.07,decoder_by_matrix,f0fc70a0432f83ff513e502442839d2eab02e2bed2f658d0464ff826d304e5e7,"{""distance"":5,""physical_error_rate"":0.0005}","{""detection_events"":2735,""detectors_checked"":1566720}"
     13312,         0,         0,    11.6,decoder_by_matrix,6866428194f3c2ecf80b799fe3d7eaa0d7bfdd0bee14693d15f8abf3c1159eda,"{""distance"":5,""physical_error_rate"":1e-05}","{""detection_events"":40,""detectors_checked"":2263040}"
      4096,         0,         0,    8.71,decoder_by_matrix,161b5fe948dcfe007f335a5c57bcb8ff38ff3ea8726714a4cc08f5b9386b17ca,"{""distance"":5,""physical_error_rate"":5e-06}","{""detectors_checked"":696320}"
    850944,       177,         0,    32.1,decoder_by_matrix,6e3a1f380712a757a3b5fe9f9ef1a6075c7a0550e780d9e60559e4f3ce4ef0bf,"{""distance"":5,""physical_error_rate"":0.005}","{""detection_events"":2367910,""detectors_checked"":144660480,""obs_mistake_mask=EE"":52,""obs_mistake_mask=E_"":76,""obs_mistake_mask=_E"":49}"
    846848,       167,         0,    32.0,decoder_by_matrix,6e3a1f380712a757a3b5fe9f9ef1a6075c7a0550e780d9e60559e4f3ce4ef0bf,"{""distance"":5,""physical_error_rate"":0.005}","{""detection_events"":2359630,""detectors_checked"":143964160,""obs_mistake_mask=EE"":43,""obs_mistake_mask=E_"":81,""obs_mistake_mask=_E"":43}"
    849920,         0,         0,    32.1,decoder_by_matrix,6866428194f3c2ecf80b799fe3d7eaa0d7bfdd0bee14693d15f8abf3c1159eda,"{""distance"":5,""physical_error_rate"":1e-05}","{""detection_events"":4780,""detectors_checked"":144486400}"
    856064,         0,         0,    32.1,decoder_by_matrix,161b5fe948dcfe007f335a5c57bcb8ff38ff3ea8726714a4cc08f5b9386b17ca,"{""distance"":5,""physical_error_rate"":5e-06}","{""detection_events"":2075,""detectors_checked"":145530880}"
    814080,      1242,         0,    32.1,decoder_by_matrix,ea7f9f6779b22135d209c4f5fb271040b08fef7381a446752a0daec93f56ae96,"{""distance"":5,""physical_error_rate"":0.01}","{""detection_events"":4451470,""detectors_checked"":138393600,""obs_mistake_mask=EE"":276,""obs_mistake_mask=E_"":597,""obs_mistake_mask=_E"":369}"
    843776,         0,         0,    32.1,decoder_by_matrix,161b5fe948dcfe007f335a5c57bcb8ff38ff3ea8726714a4cc08f5b9386b17ca,"{""distance"":5,""physical_error_rate"":5e-06}","{""detection_events"":2050,""detectors_checked"":143441920}"
    858112,         0,         0,    32.1,decoder_by_matrix,6866428194f3c2ecf80b799fe3d7eaa0d7bfdd0bee14693d15f8abf3c1159eda,"{""distance"":5,""physical_error_rate"":1e-05}","{""detection_events"":4930,""detectors_checked"":145879040}"
    837632,         0,         0,    32.1,decoder_by_matrix,cc9cd6551b3048ae216380ccb8ae5d3cca75b5b766fe651c47ef084ce4ce7dc6,"{""distance"":5,""physical_error_rate"":5e-05}","{""detection_events"":23030,""detectors_checked"":142397440}"
    830464,         0,         0,    32.1,decoder_by_matrix,f0fc70a0432f83ff513e502442839d2eab02e2bed2f658d0464ff826d304e5e7,"{""distance"":5,""physical_error_rate"":0.0005}","{""detection_events"":235290,""detectors_checked"":141178880}"
    822272,         0,         0,    32.1,decoder_by_matrix,a052b2ce6ed64a98931ebcd7492590a746d7ec6e385d9f4479eb5b69a31b01f0,"{""distance"":5,""physical_error_rate"":0.0001}","{""detection_events"":45660,""detectors_checked"":139786240}"
    815104,      1162,         0,    32.1,decoder_by_matrix,ea7f9f6779b22135d209c4f5fb271040b08fef7381a446752a0daec93f56ae96,"{""distance"":5,""physical_error_rate"":0.01}","{""detection_events"":4426295,""detectors_checked"":138567680,""obs_mistake_mask=EE"":257,""obs_mistake_mask=E_"":567,""obs_mistake_mask=_E"":338}"
    848896,         1,         0,    32.1,decoder_by_matrix,5b8a070a3cf8d31d64f24dbee89f3428cb9cab13fc59f7448d798f9bf08e9187,"{""distance"":5,""physical_error_rate"":0.001}","{""detection_events"":489855,""detectors_checked"":144312320,""obs_mistake_mask=E_"":1}"
    850944,         1,         0,    32.0,decoder_by_matrix,5b8a070a3cf8d31d64f24dbee89f3428cb9cab13fc59f7448d798f9bf08e9187,"{""distance"":5,""physical_error_rate"":0.001}","{""detection_events"":482910,""detectors_checked"":144660480,""obs_mistake_mask=EE"":1}"
    896000,         0,         0,    32.0,decoder_by_matrix,161b5fe948dcfe007f335a5c57bcb8ff38ff3ea8726714a4cc08f5b9386b17ca,"{""distance"":5,""physical_error_rate"":5e-06}","{""detection_events"":2570,""detectors_checked"":152320000}"
    872448,         0,         0,    32.1,decoder_by_matrix,cc9cd6551b3048ae216380ccb8ae5d3cca75b5b766fe651c47ef084ce4ce7dc6,"{""distance"":5,""physical_error_rate"":5e-05}","{""detection_events"":24665,""detectors_checked"":148316160}"
    817152,         0,         0,    32.0,decoder_by_matrix,be0c214c078cdb5104153598b498575a1fc035ba16beb428536e5a87ee0a867f,"{""distance"":5,""physical_error_rate"":1e-06}","{""detection_events"":425,""detectors_checked"":138915840}"
    907264,         0,         0,    32.0,decoder_by_matrix,be0c214c078cdb5104153598b498575a1fc035ba16beb428536e5a87ee0a867f,"{""distance"":5,""physical_error_rate"":1e-06}","{""detection_events"":525,""detectors_checked"":154234880}"
    828416,         0,         0,    32.1,decoder_by_matrix,f0fc70a0432f83ff513e502442839d2eab02e2bed2f658d0464ff826d304e5e7,"{""distance"":5,""physical_error_rate"":0.0005}","{""detection_events"":235125,""detectors_checked"":140830720}"
    866304,         0,         0,    32.1,decoder_by_matrix,a052b2ce6ed64a98931ebcd7492590a746d7ec6e385d9f4479eb5b69a31b01f0,"{""distance"":5,""physical_error_rate"":0.0001}","{""detection_events"":47790,""detectors_checked"":147271680}"
    824320,         0,         0,    32.0,decoder_by_matrix,a052b2ce6ed64a98931ebcd7492590a746d7ec6e385d9f4479eb5b69a31b01f0,"{""distance"":5,""physical_error_rate"":0.0001}","{""detection_events"":46005,""detectors_checked"":140134400}"
      4096,         0,         0,    8.90,decoder_by_matrix,be0c214c078cdb5104153598b498575a1fc035ba16beb428536e5a87ee0a867f,"{""distance"":5,""physical_error_rate"":1e-06}","{""detectors_checked"":696320}"
    857088,         0,         0,    32.0,decoder_by_matrix,be0c214c078cdb5104153598b498575a1fc035ba16beb428536e5a87ee0a867f,"{""distance"":5,""physical_error_rate"":1e-06}","{""detection_events"":540,""detectors_checked"":145704960}"
    844800,         0,         0,    32.0,decoder_by_matrix,cc9cd6551b3048ae216380ccb8ae5d3cca75b5b766fe651c47ef084ce4ce7dc6,"{""distance"":5,""physical_error_rate"":5e-05}","{""detection_events"":24305,""detectors_checked"":143616000}"
    843776,         0,         0,    32.0,decoder_by_matrix,6866428194f3c2ecf80b799fe3d7eaa0d7bfdd0bee14693d15f8abf3c1159eda,"{""distance"":5,""physical_error_rate"":1e-05}","{""detection_events"":4650,""detectors_checked"":143441920}"
    813056,         0,         0,    32.0,decoder_by_matrix,f0fc70a0432f83ff513e502442839d2eab02e2bed2f658d0464ff826d304e5e7,"{""distance"":5,""physical_error_rate"":0.0005}","{""detection_events"":232240,""detectors_checked"":138219520}"
      5120,         1,         0,    8.81,decoder_by_matrix,6e3a1f380712a757a3b5fe9f9ef1a6075c7a0550e780d9e60559e4f3ce4ef0bf,"{""distance"":5,""physical_error_rate"":0.005}","{""detection_events"":14565,""detectors_checked"":870400,""obs_mistake_mask=E_"":1}"
      7680,         0,         0,    11.8,decoder_by_matrix,f0fc70a0432f83ff513e502442839d2eab02e2bed2f658d0464ff826d304e5e7,"{""distance"":5,""physical_error_rate"":0.0005}","{""detection_events"":2120,""detectors_checked"":1305600}"
     28416,         0,         0,    11.6,decoder_by_matrix,161b5fe948dcfe007f335a5c57bcb8ff38ff3ea8726714a4cc08f5b9386b17ca,"{""distance"":5,""physical_error_rate"":5e-06}","{""detection_events"":35,""detectors_checked"":4830720}"
      2048,         0,         0,    11.9,decoder_by_matrix,be0c214c078cdb5104153598b498575a1fc035ba16beb428536e5a87ee0a867f,"{""distance"":5,""physical_error_rate"":1e-06}","{""detectors_checked"":348160}"
      5760,         0,         0,    16.9,decoder_by_matrix,6866428194f3c2ecf80b799fe3d7eaa0d7bfdd0bee14693d15f8abf3c1159eda,"{""distance"":5,""physical_error_rate"":1e-05}","{""detection_events"":45,""detectors_checked"":979200}"
      8192,         3,         0,    11.8,decoder_by_matrix,6e3a1f380712a757a3b5fe9f9ef1a6075c7a0550e780d9e60559e4f3ce4ef0bf,"{""distance"":5,""physical_error_rate"":0.005}","{""detection_events"":23080,""detectors_checked"":1392640,""obs_mistake_mask=E_"":1,""obs_mistake_mask=_E"":2}"
         1,         0,         0,   0.222,decoder_by_matrix,be0c214c078cdb5104153598b498575a1fc035ba16beb428536e5a87ee0a867f,"{""distance"":5,""physical_error_rate"":1e-06}","{""detectors_checked"":170}"
         2,         0,         0,   0.463,decoder_by_matrix,be0c214c078cdb5104153598b498575a1fc035ba16beb428536e5a87ee0a867f,"{""distance"":5,""physical_error_rate"":1e-06}","{""detectors_checked"":340}"
         2,         0,         0,   0.469,decoder_by_matrix,be0c214c078cdb5104153598b498575a1fc035ba16beb428536e5a87ee0a867f,"{""distance"":5,""physical_error_rate"":1e-06}","{""detectors_checked"":340}"
         2,         0,         0,   0.483,decoder_by_matrix,be0c214c078cdb5104153598b498575a1fc035ba16beb428536e5a87ee0a867f,"{""distance"":5,""physical_error_rate"":1e-06}","{""detectors_checked"":340}"
         2,         0,         0,   0.479,decoder_by_matrix,be0c214c078cdb5104153598b498575a1fc035ba16beb428536e5a87ee0a867f,"{""distance"":5,""physical_error_rate"":1e-06}","{""detectors_checked"":340}"
         2,         0,         0,   0.386,decoder_by_matrix,be0c214c078cdb5104153598b498575a1fc035ba16beb428536e5a87ee0a867f,"{""distance"":5,""physical_error_rate"":1e-06}","{""detectors_checked"":340}"
         1,         0,         0,   0.505,decoder_by_matrix,5b8a070a3cf8d31d64f24dbee89f3428cb9cab13fc59f7448d798f9bf08e9187,"{""distance"":5,""physical_error_rate"":0.001}","{""detectors_checked"":170}"
         2,         0,         0,   0.475,decoder_by_matrix,be0c214c078cdb5104153598b498575a1fc035ba16beb428536e5a87ee0a867f,"{""distance"":5,""physical_error_rate"":1e-06}","{""detectors_checked"":340}"
         1,         0,         0,   0.281,decoder_by_matrix,5b8a070a3cf8d31d64f24dbee89f3428cb9cab13fc59f7448d798f9bf08e9187,"{""distance"":5,""physical_error_rate"":0.001}","{""detectors_checked"":170}"
         2,         0,         0,   0.459,decoder_by_matrix,be0c214c078cdb5104153598b498575a1fc035ba16beb428536e5a87ee0a867f,"{""distance"":5,""physical_error_rate"":1e-06}","{""detectors_checked"":340}"
         2,         0,         0,   0.273,decoder_by_matrix,5b8a070a3cf8d31d64f24dbee89f3428cb9cab13fc59f7448d798f9bf08e9187,"{""distance"":5,""physical_error_rate"":0.001}","{""detectors_checked"":340}"
         4,         0,         0,   0.292,decoder_by_matrix,5b8a070a3cf8d31d64f24dbee89f3428cb9cab13fc59f7448d798f9bf08e9187,"{""distance"":5,""physical_error_rate"":0.001}","{""detectors_checked"":680}"
         2,         0,         0,   0.483,decoder_by_matrix,be0c214c078cdb5104153598b498575a1fc035ba16beb428536e5a87ee0a867f,"{""distance"":5,""physical_error_rate"":1e-06}","{""detectors_checked"":340}"
         8,         0,         0,   0.381,decoder_by_matrix,5b8a070a3cf8d31d64f24dbee89f3428cb9cab13fc59f7448d798f9bf08e9187,"{""distance"":5,""physical_error_rate"":0.001}","{""detectors_checked"":1360}"
         2,         0,         0,   0.471,decoder_by_matrix,be0c214c078cdb5104153598b498575a1fc035ba16beb428536e5a87ee0a867f,"{""distance"":5,""physical_error_rate"":1e-06}","{""detectors_checked"":340}"
         8,         0,         0,   0.289,decoder_by_matrix,5b8a070a3cf8d31d64f24dbee89f3428cb9cab13fc59f7448d798f9bf08e9187,"{""distance"":5,""physical_error_rate"":0.001}","{""detectors_checked"":1360}"
        16,         0,         0,   0.288,decoder_by_matrix,5b8a070a3cf8d31d64f24dbee89f3428cb9cab13fc59f7448d798f9bf08e9187,"{""distance"":5,""physical_error_rate"":0.001}","{""detection_events"":20,""detectors_checked"":2720}"
         2,         0,         0,   0.384,decoder_by_matrix,be0c214c078cdb5104153598b498575a1fc035ba16beb428536e5a87ee0a867f,"{""distance"":5,""physical_error_rate"":1e-06}","{""detectors_checked"":340}"
         1,         0,         0,   0.159,decoder_by_matrix,5b8a070a3cf8d31d64f24dbee89f3428cb9cab13fc59f7448d798f9bf08e9187,"{""distance"":5,""physical_error_rate"":0.001}","{""detectors_checked"":170}"
        32,         0,         0,   0.265,decoder_by_matrix,5b8a070a3cf8d31d64f24dbee89f3428cb9cab13fc59f7448d798f9bf08e9187,"{""distance"":5,""physical_error_rate"":0.001}","{""detection_events"":5,""detectors_checked"":5440}"
         2,         0,         0,   0.214,decoder_by_matrix,5b8a070a3cf8d31d64f24dbee89f3428cb9cab13fc59f7448d798f9bf08e9187,"{""distance"":5,""physical_error_rate"":0.001}","{""detectors_checked"":340}"
        64,         0,         0,   0.272,decoder_by_matrix,5b8a070a3cf8d31d64f24dbee89f3428cb9cab13fc59f7448d798f9bf08e9187,"{""distance"":5,""physical_error_rate"":0.001}","{""detection_events"":10,""detectors_checked"":10880}"
      5888,         0,         0,    16.6,decoder_by_matrix,f0fc70a0432f83ff513e502442839d2eab02e2bed2f658d0464ff826d304e5e7,"{""distance"":5,""physical_error_rate"":0.0005}","{""detection_events"":1660,""detectors_checked"":1000960}"
         4,         0,         0,   0.276,decoder_by_matrix,5b8a070a3cf8d31d64f24dbee89f3428cb9cab13fc59f7448d798f9bf08e9187,"{""distance"":5,""physical_error_rate"":0.001}","{""detectors_checked"":680}"
     17920,         0,         0,    16.4,decoder_by_matrix,161b5fe948dcfe007f335a5c57bcb8ff38ff3ea8726714a4cc08f5b9386b17ca,"{""distance"":5,""physical_error_rate"":5e-06}","{""detection_events"":70,""detectors_checked"":3046400}"
         4,         0,         0,   0.841,decoder_by_matrix,be0c214c078cdb5104153598b498575a1fc035ba16beb428536e5a87ee0a867f,"{""distance"":5,""physical_error_rate"":1e-06}","{""detectors_checked"":680}"
       128,         0,         0,   0.285,decoder_by_matrix,5b8a070a3cf8d31d64f24dbee89f3428cb9cab13fc59f7448d798f9bf08e9187,"{""distance"":5,""physical_error_rate"":0.001}","{""detection_events"":70,""detectors_checked"":21760}"
         8,         0,         0,   0.272,decoder_by_matrix,5b8a070a3cf8d31d64f24dbee89f3428cb9cab13fc59f7448d798f9bf08e9187,"{""distance"":5,""physical_error_rate"":0.001}","{""detection_events"":20,""detectors_checked"":1360}"
       256,         0,         0,   0.285,decoder_by_matrix,5b8a070a3cf8d31d64f24dbee89f3428cb9cab13fc59f7448d798f9bf08e9187,"{""distance"":5,""physical_error_rate"":0.001}","{""detection_events"":95,""detectors_checked"":43520}"
        16,         0,         0,   0.287,decoder_by_matrix,5b8a070a3cf8d31d64f24dbee89f3428cb9cab13fc59f7448d798f9bf08e9187,"{""distance"":5,""physical_error_rate"":0.001}","{""detectors_checked"":2720}"
         1,         0,         0,   0.187,decoder_by_matrix,ea7f9f6779b22135d209c4f5fb271040b08fef7381a446752a0daec93f56ae96,"{""distance"":5,""physical_error_rate"":0.01}","{""detectors_checked"":170}"
        32,         0,         0,   0.292,decoder_by_matrix,5b8a070a3cf8d31d64f24dbee89f3428cb9cab13fc59f7448d798f9bf08e9187,"{""distance"":5,""physical_error_rate"":0.001}","{""detection_events"":50,""detectors_checked"":5440}"
         4,         0,         0,   0.830,decoder_by_matrix,be0c214c078cdb5104153598b498575a1fc035ba16beb428536e5a87ee0a867f,"{""distance"":5,""physical_error_rate"":1e-06}","{""detectors_checked"":680}"
         2,         0,         0,   0.458,decoder_by_matrix,ea7f9f6779b22135d209c4f5fb271040b08fef7381a446752a0daec93f56ae96,"{""distance"":5,""physical_error_rate"":0.01}","{""detectors_checked"":340}"
      1024,         0,         0,   0.680,decoder_by_matrix,5b8a070a3cf8d31d64f24dbee89f3428cb9cab13fc59f7448d798f9bf08e9187,"{""distance"":5,""physical_error_rate"":0.001}","{""detection_events"":435,""detectors_checked"":174080}"
        64,         0,         0,   0.379,decoder_by_matrix,5b8a070a3cf8d31d64f24dbee89f3428cb9cab13fc59f7448d798f9bf08e9187,"{""distance"":5,""physical_error_rate"":0.001}","{""detection_events"":35,""detectors_checked"":10880}"
         2,         0,         0,   0.376,decoder_by_matrix,ea7f9f6779b22135d209c4f5fb271040b08fef7381a446752a0daec93f56ae96,"{""distance"":5,""physical_error_rate"":0.01}","{""detection_events"":30,""detectors_checked"":340}"
        64,         0,         0,   0.328,decoder_by_matrix,5b8a070a3cf8d31d64f24dbee89f3428cb9cab13fc59f7448d798f9bf08e9187,"{""distance"":5,""physical_error_rate"":0.001}","{""detection_events"":85,""detectors_checked"":10880}"
         1,         0,         0,   0.151,decoder_by_matrix,ea7f9f6779b22135d209c4f5fb271040b08fef7381a446752a0daec93f56ae96,"{""distance"":5,""physical_error_rate"":0.01}","{""detectors_checked"":170}"
         2,         0,         0,   0.280,decoder_by_matrix,ea7f9f6779b22135d209c4f5fb271040b08fef7381a446752a0daec93f56ae96,"{""distance"":5,""physical_error_rate"":0.01}","{""detection_events"":50,""detectors_checked"":340}"
         2,         0,         0,   0.074,decoder_by_matrix,ea7f9f6779b22135d209c4f5fb271040b08fef7381a446752a0daec93f56ae96,"{""distance"":5,""physical_error_rate"":0.01}","{""detectors_checked"":340}"
        64,         0,         0,   0.280,decoder_by_matrix,5b8a070a3cf8d31d64f24dbee89f3428cb9cab13fc59f7448d798f9bf08e9187,"{""distance"":5,""physical_error_rate"":0.001}","{""detection_events"":20,""detectors_checked"":10880}"
      1536,         0,         0,   0.659,decoder_by_matrix,5b8a070a3cf8d31d64f24dbee89f3428cb9cab13fc59f7448d798f9bf08e9187,"{""distance"":5,""physical_error_rate"":0.001}","{""detection_events"":960,""detectors_checked"":261120}"
         4,         0,         0,   0.758,decoder_by_matrix,be0c214c078cdb5104153598b498575a1fc035ba16beb428536e5a87ee0a867f,"{""distance"":5,""physical_error_rate"":1e-06}","{""detectors_checked"":680}"
        16,         0,         0,   0.076,decoder_by_matrix,ea7f9f6779b22135d209c4f5fb271040b08fef7381a446752a0daec93f56ae96,"{""distance"":5,""physical_error_rate"":0.01}","{""detection_events"":60,""detectors_checked"":2720}"
        64,         0,         0,   0.137,decoder_by_matrix,ea7f9f6779b22135d209c4f5fb271040b08fef7381a446752a0daec93f56ae96,"{""distance"":5,""physical_error_rate"":0.01}","{""detection_events"":410,""detectors_checked"":10880}"
       128,         0,         0,   0.280,decoder_by_matrix,5b8a070a3cf8d31d64f24dbee89f3428cb9cab13fc59f7448d798f9bf08e9187,"{""distance"":5,""physical_error_rate"":0.001}","{""detection_events"":180,""detectors_checked"":21760}"
         4,         0,         0,   0.379,decoder_by_matrix,ea7f9f6779b22135d209c4f5fb271040b08fef7381a446752a0daec93f56ae96,"{""distance"":5,""physical_error_rate"":0.01}","{""detection_events"":70,""detectors_checked"":680}"
       256,         0,         0,   0.289,decoder_by_matrix,5b8a070a3cf8d31d64f24dbee89f3428cb9cab13fc59f7448d798f9bf08e9187,"{""distance"":5,""physical_error_rate"":0.001}","{""detection_events"":140,""detectors_checked"":43520}"
       256,         1,         0,   0.389,decoder_by_matrix,ea7f9f6779b22135d209c4f5fb271040b08fef7381a446752a0daec93f56ae96,"{""distance"":5,""physical_error_rate"":0.01}","{""detection_events"":1500,""detectors_checked"":43520,""obs_mistake_mask=E_"":1}"
         4,         0,         0,   0.382,decoder_by_matrix,ea7f9f6779b22135d209c4f5fb271040b08fef7381a446752a0daec93f56ae96,"{""distance"":5,""physical_error_rate"":0.01}","{""detection_events"":40,""detectors_checked"":680}"
       256,         0,         0,   0.376,decoder_by_matrix,ea7f9f6779b22135d209c4f5fb271040b08fef7381a446752a0daec93f56ae96,"{""distance"":5,""physical_error_rate"":0.01}","{""detection_events"":1355,""detectors_checked"":43520}"
         4,         0,         0,   0.270,decoder_by_matrix,ea7f9f6779b22135d209c4f5fb271040b08fef7381a446752a0daec93f56ae96,"{""distance"":5,""physical_error_rate"":0.01}","{""detection_events"":40,""detectors_checked"":680}"
      2048,         0,         0,    1.12,decoder_by_matrix,5b8a070a3cf8d31d64f24dbee89f3428cb9cab13fc59f7448d798f9bf08e9187,"{""distance"":5,""physical_error_rate"":0.001}","{""detection_events"":995,""detectors_checked"":348160}"
      1536,         0,         0,   0.650,decoder_by_matrix,5b8a070a3cf8d31d64f24dbee89f3428cb9cab13fc59f7448d798f9bf08e9187,"{""distance"":5,""physical_error_rate"":0.001}","{""detection_events"":825,""detectors_checked"":261120}"
       256,         0,         0,   0.372,decoder_by_matrix,ea7f9f6779b22135d209c4f5fb271040b08fef7381a446752a0daec93f56ae96,"{""distance"":5,""physical_error_rate"":0.01}","{""detection_events"":1000,""detectors_checked"":43520}"
         1,         0,         0,   0.484,decoder_by_matrix,6e3a1f380712a757a3b5fe9f9ef1a6075c7a0550e780d9e60559e4f3ce4ef0bf,"{""distance"":5,""physical_error_rate"":0.005}","{""detectors_checked"":170}"
         8,         0,         0,   0.288,decoder_by_matrix,ea7f9f6779b22135d209c4f5fb271040b08fef7381a446752a0daec93f56ae96,"{""distance"":5,""physical_error_rate"":0.01}","{""detection_events"":80,""detectors_checked"":1360}"
         1,         0,         0,   0.286,decoder_by_matrix,6e3a1f380712a757a3b5fe9f9ef1a6075c7a0550e780d9e60559e4f3ce4ef0bf,"{""distance"":5,""physical_error_rate"":0.005}","{""detection_events"":30,""detectors_checked"":170}"
        16,         0,         0,   0.291,decoder_by_matrix,ea7f9f6779b22135d209c4f5fb271040b08fef7381a446752a0daec93f56ae96,"{""distance"":5,""physical_error_rate"":0.01}","{""detection_events"":160,""detectors_checked"":2720}"
       256,         0,         0,   0.477,decoder_by_matrix,ea7f9f6779b22135d209c4f5fb271040b08fef7381a446752a0daec93f56ae96,"{""distance"":5,""physical_error_rate"":0.01}","{""detection_events"":1325,""detectors_checked"":43520}"
         6,         0,         0,    1.79,decoder_by_matrix,be0c214c078cdb5104153598b498575a1fc035ba16beb428536e5a87ee0a867f,"{""distance"":5,""physical_error_rate"":1e-06}","{""detectors_checked"":1020}"
         1,         0,         0,   0.290,decoder_by_matrix,6e3a1f380712a757a3b5fe9f9ef1a6075c7a0550e780d9e60559e4f3ce4ef0bf,"{""distance"":5,""physical_error_rate"":0.005}","{""detectors_checked"":170}"
      2048,         0,         0,   0.774,decoder_by_matrix,5b8a070a3cf8d31d64f24dbee89f3428cb9cab13fc59f7448d798f9bf08e9187,"{""distance"":5,""physical_error_rate"":0.001}","{""detection_events"":1145,""detectors_checked"":348160}"
        32,         0,         0,   0.374,decoder_by_matrix,ea7f9f6779b22135d209c4f5fb271040b08fef7381a446752a0daec93f56ae96,"{""distance"":5,""physical_error_rate"":0.01}","{""detection_events"":210,""detectors_checked"":5440}"
       256,         2,         0,   0.404,decoder_by_matrix,ea7f9f6779b22135d209c4f5fb271040b08fef7381a446752a0daec93f56ae96,"{""distance"":5,""physical_error_rate"":0.01}","{""detection_events"":1305,""detectors_checked"":43520,""obs_mistake_mask=E_"":1,""obs_mistake_mask=_E"":1}"
     12288,         0,         0,    16.5,decoder_by_matrix,be0c214c078cdb5104153598b498575a1fc035ba16beb428536e5a87ee0a867f,"{""distance"":5,""physical_error_rate"":1e-06}","{""detectors_checked"":2088960}"
         2,         0,         0,   0.281,decoder_by_matrix,6e3a1f380712a757a3b5fe9f9ef1a6075c7a0550e780d9e60559e4f3ce4ef0bf,"{""distance"":5,""physical_error_rate"":0.005}","{""detectors_checked"":340}"
         1,         0,         0,   0.311,decoder_by_matrix,cc9cd6551b3048ae216380ccb8ae5d3cca75b5b766fe651c47ef084ce4ce7dc6,"{""distance"":5,""physical_error_rate"":5e-05}","{""detectors_checked"":170}"
       256,         0,         0,   0.347,decoder_by_matrix,ea7f9f6779b22135d209c4f5fb271040b08fef7381a446752a0daec93f56ae96,"{""distance"":5,""physical_error_rate"":0.01}","{""detection_events"":1255,""detectors_checked"":43520}"
         4,         0,         0,   0.276,decoder_by_matrix,6e3a1f380712a757a3b5fe9f9ef1a6075c7a0550e780d9e60559e4f3ce4ef0bf,"{""distance"":5,""physical_error_rate"":0.005}","{""detectors_checked"":680}"
      4096,         0,         0,    1.43,decoder_by_matrix,5b8a070a3cf8d31d64f24dbee89f3428cb9cab13fc59f7448d798f9bf08e9187,"{""distance"":5,""physical_error_rate"":0.001}","{""detection_events"":2255,""detectors_checked"":696320}"
        32,         1,         0,   0.462,decoder_by_matrix,ea7f9f6779b22135d209c4f5fb271040b08fef7381a446752a0daec93f56ae96,"{""distance"":5,""physical_error_rate"":0.01}","{""detection_events"":255,""detectors_checked"":5440,""obs_mistake_mask=_E"":1}"
         1,         0,         0,   0.378,decoder_by_matrix,cc9cd6551b3048ae216380ccb8ae5d3cca75b5b766fe651c47ef084ce4ce7dc6,"{""distance"":5,""physical_error_rate"":5e-05}","{""detectors_checked"":170}"
         8,         0,         0,   0.379,decoder_by_matrix,6e3a1f380712a757a3b5fe9f9ef1a6075c7a0550e780d9e60559e4f3ce4ef0bf,"{""distance"":5,""physical_error_rate"":0.005}","{""detection_events"":45,""detectors_checked"":1360}"
       256,         0,         0,   0.470,decoder_by_matrix,ea7f9f6779b22135d209c4f5fb271040b08fef7381a446752a0daec93f56ae96,"{""distance"":5,""physical_error_rate"":0.01}","{""detection_events"":1265,""detectors_checked"":43520}"
      3072,         0,         0,    1.04,decoder_by_matrix,5b8a070a3cf8d31d64f24dbee89f3428cb9cab13fc59f7448d798f9bf08e9187,"{""distance"":5,""physical_error_rate"":0.001}","{""detection_events"":1740,""detectors_checked"":522240}"
         1,         0,         0,   0.253,decoder_by_matrix,f0fc70a0432f83ff513e502442839d2eab02e2bed2f658d0464ff826d304e5e7,"{""distance"":5,""physical_error_rate"":0.0005}","{""detectors_checked"":170}"
         1,         0,         0,   0.288,decoder_by_matrix,cc9cd6551b3048ae216380ccb8ae5d3cca75b5b766fe651c47ef084ce4ce7dc6,"{""distance"":5,""physical_error_rate"":5e-05}","{""detectors_checked"":170}"
         8,         0,         0,   0.280,decoder_by_matrix,6e3a1f380712a757a3b5fe9f9ef1a6075c7a0550e780d9e60559e4f3ce4ef0bf,"{""distance"":5,""physical_error_rate"":0.005}","{""detection_events"":50,""detectors_checked"":1360}"
        64,         0,         0,   0.775,decoder_by_matrix,ea7f9f6779b22135d209c4f5fb271040b08fef7381a446752a0daec93f56ae96,"{""distance"":5,""physical_error_rate"":0.01}","{""detection_events"":200,""detectors_checked"":10880}"
         2,         0,         0,   0.280,decoder_by_matrix,cc9cd6551b3048ae216380ccb8ae5d3cca75b5b766fe651c47ef084ce4ce7dc6,"{""distance"":5,""physical_error_rate"":5e-05}","{""detectors_checked"":340}"
        16,         1,         0,   0.280,decoder_by_matrix,6e3a1f380712a757a3b5fe9f9ef1a6075c7a0550e780d9e60559e4f3ce4ef0bf,"{""distance"":5,""physical_error_rate"":0.005}","{""detection_events"":20,""detectors_checked"":2720,""obs_mistake_mask=EE"":1}"
         2,         0,         0,   0.378,decoder_by_matrix,f0fc70a0432f83ff513e502442839d2eab02e2bed2f658d0464ff826d304e5e7,"{""distance"":5,""physical_error_rate"":0.0005}","{""detectors_checked"":340}"
         8,         0,         0,    1.78,decoder_by_matrix,be0c214c078cdb5104153598b498575a1fc035ba16beb428536e5a87ee0a867f,"{""distance"":5,""physical_error_rate"":1e-06}","{""detectors_checked"":1360}"
         1,         0,         0,   0.301,decoder_by_matrix,6866428194f3c2ecf80b799fe3d7eaa0d7bfdd0bee14693d15f8abf3c1159eda,"{""distance"":5,""physical_error_rate"":1e-05}","{""detectors_checked"":170}"
         2,         0,         0,   0.280,decoder_by_matrix,f0fc70a0432f83ff513e502442839d2eab02e2bed2f658d0464ff826d304e5e7,"{""distance"":5,""physical_error_rate"":0.0005}","{""detectors_checked"":340}"
         4,         0,         0,   0.370,decoder_by_matrix,cc9cd6551b3048ae216380ccb8ae5d3cca75b5b766fe651c47ef084ce4ce7dc6,"{""distance"":5,""physical_error_rate"":5e-05}","{""detectors_checked"":680}"
        32,         0,         0,   0.424,decoder_by_matrix,6e3a1f380712a757a3b5fe9f9ef1a6075c7a0550e780d9e60559e4f3ce4ef0bf,"{""distance"":5,""physical_error_rate"":0.005}","{""detection_events"":85,""detectors_checked"":5440}"
         1,         0,         0,   0.077,decoder_by_matrix,5b8a070a3cf8d31d64f24dbee89f3428cb9cab13fc59f7448d798f9bf08e9187,"{""distance"":5,""physical_error_rate"":0.001}","{""detectors_checked"":170}"
       512,         0,         0,    1.06,decoder_by_matrix,ea7f9f6779b22135d209c4f5fb271040b08fef7381a446752a0daec93f56ae96,"{""distance"":5,""physical_error_rate"":0.01}","{""detection_events"":2705,""detectors_checked"":87040}"
         1,         0,         0,   0.426,decoder_by_matrix,6866428194f3c2ecf80b799fe3d7eaa0d7bfdd0bee14693d15f8abf3c1159eda,"{""distance"":5,""physical_error_rate"":1e-05}","{""detectors_checked"":170}"
        64,         0,         0,   0.739,decoder_by_matrix,ea7f9f6779b22135d209c4f5fb271040b08fef7381a446752a0daec93f56ae96,"{""distance"":5,""physical_error_rate"":0.01}","{""detection_events"":205,""detectors_checked"":10880}"
         4,         0,         0,   0.376,decoder_by_matrix,f0fc70a0432f83ff513e502442839d2eab02e2bed2f658d0464ff826d304e5e7,"{""distance"":5,""physical_error_rate"":0.0005}","{""detectors_checked"":680}"
         4,         0,         0,   0.362,decoder_by_matrix,cc9cd6551b3048ae216380ccb8ae5d3cca75b5b766fe651c47ef084ce4ce7dc6,"{""distance"":5,""physical_error_rate"":5e-05}","{""detectors_checked"":680}"
        32,         0,         0,   0.303,decoder_by_matrix,6e3a1f380712a757a3b5fe9f9ef1a6075c7a0550e780d9e60559e4f3ce4ef0bf,"{""distance"":5,""physical_error_rate"":0.005}","{""detection_events"":115,""detectors_checked"":5440}"
      3072,         0,         0,    1.12,decoder_by_matrix,5b8a070a3cf8d31d64f24dbee89f3428cb9cab13fc59f7448d798f9bf08e9187,"{""distance"":5,""physical_error_rate"":0.001}","{""detection_events"":1910,""detectors_checked"":522240}"
         1,         0,         0,   0.216,decoder_by_matrix,161b5fe948dcfe007f335a5c57bcb8ff38ff3ea8726714a4cc08f5b9386b17ca,"{""distance"":5,""physical_error_rate"":5e-06}","{""detectors_checked"":170}"
      5120,         0,         0,    1.77,decoder_by_matrix,5b8a070a3cf8d31d64f24dbee89f3428cb9cab13fc59f7448d798f9bf08e9187,"{""distance"":5,""physical_error_rate"":0.001}","{""detection_events"":2710,""detectors_checked"":870400}"
         1,         0,         0,   0.282,decoder_by_matrix,6866428194f3c2ecf80b799fe3d7eaa0d7bfdd0bee14693d15f8abf3c1159eda,"{""distance"":5,""physical_error_rate"":1e-05}","{""detectors_checked"":170}"
         4,         0,         0,   0.359,decoder_by_matrix,5b8a070a3cf8d31d64f24dbee89f3428cb9cab13fc59f7448d798f9bf08e9187,"{""distance"":5,""physical_error_rate"":0.001}","{""detectors_checked"":680}"
         1,         0,         0,   0.491,decoder_by_matrix,ea7f9f6779b22135d209c4f5fb271040b08fef7381a446752a0daec93f56ae96,"{""distance"":5,""physical_error_rate"":0.01}","{""detection_events"":10,""detectors_checked"":170}"
         4,         0,         0,   0.267,decoder_by_matrix,f0fc70a0432f83ff513e502442839d2eab02e2bed2f658d0464ff826d304e5e7,"{""distance"":5,""physical_error_rate"":0.0005}","{""detectors_checked"":680}"
         2,         0,         0,   0.296,decoder_by_matrix,161b5fe948dcfe007f335a5c57bcb8ff38ff3ea8726714a4cc08f5b9386b17ca,"{""distance"":5,""physical_error_rate"":5e-06}","{""detectors_checked"":340}"
         4,         0,         0,   0.339,decoder_by_matrix,cc9cd6551b3048ae216380ccb8ae5d3cca75b5b766fe651c47ef084ce4ce7dc6,"{""distance"":5,""physical_error_rate"":5e-05}","{""detectors_checked"":680}"
         4,         0,         0,   0.269,decoder_by_matrix,5b8a070a3cf8d31d64f24dbee89f3428cb9cab13fc59f7448d798f9bf08e9187,"{""distance"":5,""physical_error_rate"":0.001}","{""detection_events"":5,""detectors_checked"":680}"
         1,         0,         0,   0.282,decoder_by_matrix,ea7f9f6779b22135d209c4f5fb271040b08fef7381a446752a0daec93f56ae96,"{""distance"":5,""physical_error_rate"":0.01}","{""detectors_checked"":170}"
         2,         0,         0,   0.346,decoder_by_matrix,6866428194f3c2ecf80b799fe3d7eaa0d7bfdd0bee14693d15f8abf3c1159eda,"{""distance"":5,""physical_error_rate"":1e-05}","{""detectors_checked"":340}"
         8,         0,         0,   0.267,decoder_by_matrix,f0fc70a0432f83ff513e502442839d2eab02e2bed2f658d0464ff826d304e5e7,"{""distance"":5,""physical_error_rate"":0.0005}","{""detectors_checked"":1360}"
       512,         0,         0,   0.680,decoder_by_matrix,ea7f9f6779b22135d209c4f5fb271040b08fef7381a446752a0daec93f56ae96,"{""distance"":5,""physical_error_rate"":0.01}","{""detection_events"":2390,""detectors_checked"":87040}"
        96,         0,         0,   0.556,decoder_by_matrix,6e3a1f380712a757a3b5fe9f9ef1a6075c7a0550e780d9e60559e4f3ce4ef0bf,"{""distance"":5,""physical_error_rate"":0.005}","{""detection_events"":365,""detectors_checked"":16320}"
         1,         0,         0,   0.324,decoder_by_matrix,a052b2ce6ed64a98931ebcd7492590a746d7ec6e385d9f4479eb5b69a31b01f0,"{""distance"":5,""physical_error_rate"":0.0001}","{""detectors_checked"":170}"
         4,         0,         0,   0.271,decoder_by_matrix,161b5fe948dcfe007f335a5c57bcb8ff38ff3ea8726714a4cc08f5b9386b17ca,"{""distance"":5,""physical_error_rate"":5e-06}","{""detectors_checked"":680}"
         1,         0,         0,   0.453,decoder_by_matrix,5b8a070a3cf8d31d64f24dbee89f3428cb9cab13fc59f7448d798f9bf08e9187,"{""distance"":5,""physical_error_rate"":0.001}","{""detection_events"":5,""detectors_checked"":170}"
         8,         0,         0,   0.363,decoder_by_matrix,5b8a070a3cf8d31d64f24dbee89f3428cb9cab13fc59f7448d798f9bf08e9187,"{""distance"":5,""physical_error_rate"":0.001}","{""detectors_checked"":1360}"
         2,         0,         0,   0.364,decoder_by_matrix,ea7f9f6779b22135d209c4f5fb271040b08fef7381a446752a0daec93f56ae96,"{""distance"":5,""physical_error_rate"":0.01}","{""detection_events"":45,""detectors_checked"":340}"
        96,         0,         0,   0.946,decoder_by_matrix,ea7f9f6779b22135d209c4f5fb271040b08fef7381a446752a0daec93f56ae96,"{""distance"":5,""physical_error_rate"":0.01}","{""detection_events"":420,""detectors_checked"":16320}"
         1,         0,         0,   0.276,decoder_by_matrix,a052b2ce6ed64a98931ebcd7492590a746d7ec6e385d9f4479eb5b69a31b01f0,"{""distance"":5,""physical_error_rate"":0.0001}","{""detectors_checked"":170}"
         2,         0,         0,   0.365,decoder_by_matrix,6866428194f3c2ecf80b799fe3d7eaa0d7bfdd0bee14693d15f8abf3c1159eda,"{""distance"":5,""physical_error_rate"":1e-05}","{""detectors_checked"":340}"
        16,         0,         0,   0.360,decoder_by_matrix,f0fc70a0432f83ff513e502442839d2eab02e2bed2f658d0464ff826d304e5e7,"{""distance"":5,""physical_error_rate"":0.0005}","{""detectors_checked"":2720}"
         8,         0,         0,   0.363,decoder_by_matrix,161b5fe948dcfe007f335a5c57bcb8ff38ff3ea8726714a4cc08f5b9386b17ca,"{""distance"":5,""physical_error_rate"":5e-06}","{""detectors_checked"":1360}"
         1,         0,         0,   0.280,decoder_by_matrix,5b8a070a3cf8d31d64f24dbee89f3428cb9cab13fc59f7448d798f9bf08e9187,"{""distance"":5,""physical_error_rate"":0.001}","{""detectors_checked"":170}"
         8,         0,         0,   0.274,decoder_by_matrix,5b8a070a3cf8d31d64f24dbee89f3428cb9cab13fc59f7448d798f9bf08e9187,"{""distance"":5,""physical_error_rate"":0.001}","{""detectors_checked"":1360}"
         2,         0,         0,   0.293,decoder_by_matrix,ea7f9f6779b22135d209c4f5fb271040b08fef7381a446752a0daec93f56ae96,"{""distance"":5,""physical_error_rate"":0.01}","{""detection_events"":5,""detectors_checked"":340}"
         1,         0,         0,   0.339,decoder_by_matrix,6e3a1f380712a757a3b5fe9f9ef1a6075c7a0550e780d9e60559e4f3ce4ef0bf,"{""distance"":5,""physical_error_rate"":0.005}","{""detectors_checked"":170}"
        16,         0,         0,   0.278,decoder_by_matrix,f0fc70a0432f83ff513e502442839d2eab02e2bed2f658d0464ff826d304e5e7,"{""distance"":5,""physical_error_rate"":0.0005}","{""detectors_checked"":2720}"
         4,         0,         0,   0.814,decoder_by_matrix,cc9cd6551b3048ae216380ccb8ae5d3cca75b5b766fe651c47ef084ce4ce7dc6,"{""distance"":5,""physical_error_rate"":5e-05}","{""detectors_checked"":680}"
         2,         0,         0,   0.330,decoder_by_matrix,6866428194f3c2ecf80b799fe3d7eaa0d7bfdd0bee14693d15f8abf3c1159eda,"{""distance"":5,""physical_error_rate"":1e-05}","{""detectors_checked"":340}"
       384,         0,         0,   0.649,decoder_by_matrix,6e3a1f380712a757a3b5fe9f9ef1a6075c7a0550e780d9e60559e4f3ce4ef0bf,"{""distance"":5,""physical_error_rate"":0.005}","{""detection_events"":835,""detectors_checked"":65280}"
         2,         0,         0,   0.376,decoder_by_matrix,a052b2ce6ed64a98931ebcd7492590a746d7ec6e385d9f4479eb5b69a31b01f0,"{""distance"":5,""physical_error_rate"":0.0001}","{""detectors_checked"":340}"
         1,         0,         0,   0.250,decoder_by_matrix,cc9cd6551b3048ae216380ccb8ae5d3cca75b5b766fe651c47ef084ce4ce7dc6,"{""distance"":5,""physical_error_rate"":5e-05}","{""detectors_checked"":170}"
         8,         0,         0,   0.372,decoder_by_matrix,161b5fe948dcfe007f335a5c57bcb8ff38ff3ea8726714a4cc08f5b9386b17ca,"{""distance"":5,""physical_error_rate"":5e-06}","{""detectors_checked"":1360}"
         2,         0,         0,   0.385,decoder_by_matrix,5b8a070a3cf8d31d64f24dbee89f3428cb9cab13fc59f7448d798f9bf08e9187,"{""distance"":5,""physical_error_rate"":0.001}","{""detectors_checked"":340}"
         1,         0,         0,   0.290,decoder_by_matrix,6e3a1f380712a757a3b5fe9f9ef1a6075c7a0550e780d9e60559e4f3ce4ef0bf,"{""distance"":5,""physical_error_rate"":0.005}","{""detectors_checked"":170}"
         1,         0,         0,   0.401,decoder_by_matrix,ea7f9f6779b22135d209c4f5fb271040b08fef7381a446752a0daec93f56ae96,"{""distance"":5,""physical_error_rate"":0.01}","{""detectors_checked"":170}"
        16,         0,         0,   0.375,decoder_by_matrix,5b8a070a3cf8d31d64f24dbee89f3428cb9cab13fc59f7448d798f9bf08e9187,"{""distance"":5,""physical_error_rate"":0.001}","{""detection_events"":40,""detectors_checked"":2720}"
      1024,         1,         0,   0.738,decoder_by_matrix,ea7f9f6779b22135d209c4f5fb271040b08fef7381a446752a0daec93f56ae96,"{""distance"":5,""physical_error_rate"":0.01}","{""detection_events"":6195,""detectors_checked"":174080,""obs_mistake_mask=E_"":1}"
         2,         0,         0,   0.290,decoder_by_matrix,6866428194f3c2ecf80b799fe3d7eaa0d7bfdd0bee14693d15f8abf3c1159eda,"{""distance"":5,""physical_error_rate"":1e-05}","{""detectors_checked"":340}"
         4,         0,         0,   0.377,decoder_by_matrix,ea7f9f6779b22135d209c4f5fb271040b08fef7381a446752a0daec93f56ae96,"{""distance"":5,""physical_error_rate"":0.01}","{""detection_events"":20,""detectors_checked"":680}"
        32,         0,         0,   0.381,decoder_by_matrix,f0fc70a0432f83ff513e502442839d2eab02e2bed2f658d0464ff826d304e5e7,"{""distance"":5,""physical_error_rate"":0.0005}","{""detectors_checked"":5440}"
         4,         0,         0,   0.381,decoder_by_matrix,cc9cd6551b3048ae216380ccb8ae5d3cca75b5b766fe651c47ef084ce4ce7dc6,"{""distance"":5,""physical_error_rate"":5e-05}","{""detectors_checked"":680}"
         2,         0,         0,   0.382,decoder_by_matrix,a052b2ce6ed64a98931ebcd7492590a746d7ec6e385d9f4479eb5b69a31b01f0,"{""distance"":5,""physical_error_rate"":0.0001}","{""detectors_checked"":340}"
         8,         0,         0,   0.287,decoder_by_matrix,161b5fe948dcfe007f335a5c57bcb8ff38ff3ea8726714a4cc08f5b9386b17ca,"{""distance"":5,""physical_error_rate"":5e-06}","{""detectors_checked"":1360}"
         2,         0,         0,   0.374,decoder_by_matrix,cc9cd6551b3048ae216380ccb8ae5d3cca75b5b766fe651c47ef084ce4ce7dc6,"{""distance"":5,""physical_error_rate"":5e-05}","{""detectors_checked"":340}"
         2,         0,         0,   0.282,decoder_by_matrix,5b8a070a3cf8d31d64f24dbee89f3428cb9cab13fc59f7448d798f9bf08e9187,"{""distance"":5,""physical_error_rate"":0.001}","{""detectors_checked"":340}"
         4,         0,         0,   0.278,decoder_by_matrix,ea7f9f6779b22135d209c4f5fb271040b08fef7381a446752a0daec93f56ae96,"{""distance"":5,""physical_error_rate"":0.01}","{""detection_events"":15,""detectors_checked"":680}"
         2,         0,         0,   0.285,decoder_by_matrix,6e3a1f380712a757a3b5fe9f9ef1a6075c7a0550e780d9e60559e4f3ce4ef0bf,"{""distance"":5,""physical_error_rate"":0.005}","{""detectors_checked"":340}"
         1,         0,         0,   0.286,decoder_by_matrix,ea7f9f6779b22135d209c4f5fb271040b08fef7381a446752a0daec93f56ae96,"{""distance"":5,""physical_error_rate"":0.01}","{""detectors_checked"":170}"
        12,         0,         0,    2.42,decoder_by_matrix,be0c214c078cdb5104153598b498575a1fc035ba16beb428536e5a87ee0a867f,"{""distance"":5,""physical_error_rate"":1e-06}","{""detectors_checked"":2040}"
         4,         0,         0,   0.282,decoder_by_matrix,cc9cd6551b3048ae216380ccb8ae5d3cca75b5b766fe651c47ef084ce4ce7dc6,"{""distance"":5,""physical_error_rate"":5e-05}","{""detectors_checked"":680}"
        16,         0,         0,   0.368,decoder_by_matrix,5b8a070a3cf8d31d64f24dbee89f3428cb9cab13fc59f7448d798f9bf08e9187,"{""distance"":5,""physical_error_rate"":0.001}","{""detectors_checked"":2720}"
         4,         0,         0,   0.373,decoder_by_matrix,6866428194f3c2ecf80b799fe3d7eaa0d7bfdd0bee14693d15f8abf3c1159eda,"{""distance"":5,""physical_error_rate"":1e-05}","{""detectors_checked"":680}"
       512,         0,         0,   0.647,decoder_by_matrix,6e3a1f380712a757a3b5fe9f9ef1a6075c7a0550e780d9e60559e4f3ce4ef0bf,"{""distance"":5,""physical_error_rate"":0.005}","{""detection_events"":1555,""detectors_checked"":87040}"
        32,         0,         0,   0.359,decoder_by_matrix,f0fc70a0432f83ff513e502442839d2eab02e2bed2f658d0464ff826d304e5e7,"{""distance"":5,""physical_error_rate"":0.0005}","{""detection_events"":40,""detectors_checked"":5440}"
      5120,         0,         0,    1.87,decoder_by_matrix,5b8a070a3cf8d31d64f24dbee89f3428cb9cab13fc59f7448d798f9bf08e9187,"{""distance"":5,""physical_error_rate"":0.001}","{""detection_events"":2695,""detectors_checked"":870400}"
         1,         0,         0,   0.174,decoder_by_matrix,a052b2ce6ed64a98931ebcd7492590a746d7ec6e385d9f4479eb5b69a31b01f0,"{""distance"":5,""physical_error_rate"":0.0001}","{""detectors_checked"":170}"
        16,         0,         0,   0.263,decoder_by_matrix,161b5fe948dcfe007f335a5c57bcb8ff38ff3ea8726714a4cc08f5b9386b17ca,"{""distance"":5,""physical_error_rate"":5e-06}","{""detectors_checked"":2720}"
         2,         0,         0,   0.276,decoder_by_matrix,cc9cd6551b3048ae216380ccb8ae5d3cca75b5b766fe651c47ef084ce4ce7dc6,"{""distance"":5,""physical_error_rate"":5e-05}","{""detectors_checked"":340}"
         2,         0,         0,   0.309,decoder_by_matrix,a052b2ce6ed64a98931ebcd7492590a746d7ec6e385d9f4479eb5b69a31b01f0,"{""distance"":5,""physical_error_rate"":0.0001}","{""detectors_checked"":340}"
     30720,         6,         0,    16.8,decoder_by_matrix,6e3a1f380712a757a3b5fe9f9ef1a6075c7a0550e780d9e60559e4f3ce4ef0bf,"{""distance"":5,""physical_error_rate"":0.005}","{""detection_events"":85190,""detectors_checked"":5222400,""obs_mistake_mask=EE"":2,""obs_mistake_mask=E_"":2,""obs_mistake_mask=_E"":2}"
         4,         0,         0,   0.281,decoder_by_matrix,5b8a070a3cf8d31d64f24dbee89f3428cb9cab13fc59f7448d798f9bf08e9187,"{""distance"":5,""physical_error_rate"":0.001}","{""detectors_checked"":680}"
         2,         0,         0,   0.278,decoder_by_matrix,ea7f9f6779b22135d209c4f5fb271040b08fef7381a446752a0daec93f56ae96,"{""distance"":5,""physical_error_rate"":0.01}","{""detection_events"":15,""detectors_checked"":340}"
        16,         0,         0,   0.309,decoder_by_matrix,5b8a070a3cf8d31d64f24dbee89f3428cb9cab13fc59f7448d798f9bf08e9187,"{""distance"":5,""physical_error_rate"":0.001}","{""detectors_checked"":2720}"
         8,         0,         0,   0.368,decoder_by_matrix,ea7f9f6779b22135d209c4f5fb271040b08fef7381a446752a0daec93f56ae96,"{""distance"":5,""physical_error_rate"":0.01}","{""detection_events"":15,""detectors_checked"":1360}"
         4,         0,         0,   0.361,decoder_by_matrix,6e3a1f380712a757a3b5fe9f9ef1a6075c7a0550e780d9e60559e4f3ce4ef0bf,"{""distance"":5,""physical_error_rate"":0.005}","{""detection_events"":40,""detectors_checked"":680}"
         8,         0,         0,   0.367,decoder_by_matrix,cc9cd6551b3048ae216380ccb8ae5d3cca75b5b766fe651c47ef084ce4ce7dc6,"{""distance"":5,""physical_error_rate"":5e-05}","{""detectors_checked"":1360}"
         4,         0,         0,   0.363,decoder_by_matrix,6866428194f3c2ecf80b799fe3d7eaa0d7bfdd0bee14693d15f8abf3c1159eda,"{""distance"":5,""physical_error_rate"":1e-05}","{""detectors_checked"":680}"
        32,         0,         0,   0.279,decoder_by_matrix,161b5fe948dcfe007f335a5c57bcb8ff38ff3ea8726714a4cc08f5b9386b17ca,"{""distance"":5,""physical_error_rate"":5e-06}","{""detectors_checked"":5440}"
       256,         2,         0,    1.44,decoder_by_matrix,ea7f9f6779b22135d209c4f5fb271040b08fef7381a446752a0daec93f56ae96,"{""distance"":5,""physical_error_rate"":0.01}","{""detection_events"":1530,""detectors_checked"":43520,""obs_mistake_mask=EE"":1,""obs_mistake_mask=E_"":1}"
         4,         0,         0,   0.262,decoder_by_matrix,ea7f9f6779b22135d209c4f5fb271040b08fef7381a446752a0daec93f56ae96,"{""distance"":5,""physical_error_rate"":0.01}","{""detection_events"":20,""detectors_checked"":680}"
         2,         0,         0,   0.366,decoder_by_matrix,a052b2ce6ed64a98931ebcd7492590a746d7ec6e385d9f4479eb5b69a31b01f0,"{""distance"":5,""physical_error_rate"":0.0001}","{""detectors_checked"":340}"
         4,         0,         0,   0.371,decoder_by_matrix,cc9cd6551b3048ae216380ccb8ae5d3cca75b5b766fe651c47ef084ce4ce7dc6,"{""distance"":5,""physical_error_rate"":5e-05}","{""detectors_checked"":680}"
         2,         0,         0,   0.373,decoder_by_matrix,a052b2ce6ed64a98931ebcd7492590a746d7ec6e385d9f4479eb5b69a31b01f0,"{""distance"":5,""physical_error_rate"":0.0001}","{""detectors_checked"":340}"
         8,         0,         0,   0.372,decoder_by_matrix,5b8a070a3cf8d31d64f24dbee89f3428cb9cab13fc59f7448d798f9bf08e9187,"{""distance"":5,""physical_error_rate"":0.001}","{""detectors_checked"":1360}"
         8,         0,         0,   0.307,decoder_by_matrix,ea7f9f6779b22135d209c4f5fb271040b08fef7381a446752a0daec93f56ae96,"{""distance"":5,""physical_error_rate"":0.01}","{""detection_events"":10,""detectors_checked"":1360}"
      7168,         0,         0,    2.35,decoder_by_matrix,5b8a070a3cf8d31d64f24dbee89f3428cb9cab13fc59f7448d798f9bf08e9187,"{""distance"":5,""physical_error_rate"":0.001}","{""detection_events"":3855,""detectors_checked"":1218560}"
         4,         0,         0,   0.285,decoder_by_matrix,6866428194f3c2ecf80b799fe3d7eaa0d7bfdd0bee14693d15f8abf3c1159eda,"{""distance"":5,""physical_error_rate"":1e-05}","{""detectors_checked"":680}"
        16,         0,         0,   0.375,decoder_by_matrix,5b8a070a3cf8d31d64f24dbee89f3428cb9cab13fc59f7448d798f9bf08e9187,"{""distance"":5,""physical_error_rate"":0.001}","{""detection_events"":5,""detectors_checked"":2720}"
         4,         0,         0,   0.386,decoder_by_matrix,6e3a1f380712a757a3b5fe9f9ef1a6075c7a0550e780d9e60559e4f3ce4ef0bf,"{""distance"":5,""physical_error_rate"":0.005}","{""detectors_checked"":680}"
        96,         0,         0,   0.652,decoder_by_matrix,f0fc70a0432f83ff513e502442839d2eab02e2bed2f658d0464ff826d304e5e7,"{""distance"":5,""physical_error_rate"":0.0005}","{""detection_events"":15,""detectors_checked"":16320}"
      1536,         3,         0,    1.13,decoder_by_matrix,ea7f9f6779b22135d209c4f5fb271040b08fef7381a446752a0daec93f56ae96,"{""distance"":5,""physical_error_rate"":0.01}","{""detection_events"":9055,""detectors_checked"":261120,""obs_mistake_mask=E_"":3}"
         2,         0,         0,   0.294,decoder_by_matrix,a052b2ce6ed64a98931ebcd7492590a746d7ec6e385d9f4479eb5b69a31b01f0,"{""distance"":5,""physical_error_rate"":0.0001}","{""detectors_checked"":340}"
        64,         0,         0,   0.293,decoder_by_matrix,161b5fe948dcfe007f335a5c57bcb8ff38ff3ea8726714a4cc08f5b9386b17ca,"{""distance"":5,""physical_error_rate"":5e-06}","{""detectors_checked"":10880}"
         2,         0,         0,   0.290,decoder_by_matrix,a052b2ce6ed64a98931ebcd7492590a746d7ec6e385d9f4479eb5b69a31b01f0,"{""distance"":5,""physical_error_rate"":0.0001}","{""detectors_checked"":340}"
         8,         0,         0,   0.386,decoder_by_matrix,ea7f9f6779b22135d209c4f5fb271040b08fef7381a446752a0daec93f56ae96,"{""distance"":5,""physical_error_rate"":0.01}","{""detection_events"":85,""detectors_checked"":1360}"
         4,         0,         0,   0.291,decoder_by_matrix,cc9cd6551b3048ae216380ccb8ae5d3cca75b5b766fe651c47ef084ce4ce7dc6,"{""distance"":5,""physical_error_rate"":5e-05}","{""detectors_checked"":680}"
        16,         0,         0,   0.286,decoder_by_matrix,5b8a070a3cf8d31d64f24dbee89f3428cb9cab13fc59f7448d798f9bf08e9187,"{""distance"":5,""physical_error_rate"":0.001}","{""detectors_checked"":2720}"
         8,         0,         0,   0.381,decoder_by_matrix,5b8a070a3cf8d31d64f24dbee89f3428cb9cab13fc59f7448d798f9bf08e9187,"{""distance"":5,""physical_error_rate"":0.001}","{""detectors_checked"":1360}"
         8,         0,         0,   0.360,decoder_by_matrix,ea7f9f6779b22135d209c4f5fb271040b08fef7381a446752a0daec93f56ae96,"{""distance"":5,""physical_error_rate"":0.01}","{""detection_events"":50,""detectors_checked"":1360}"
         4,         0,         0,   0.285,decoder_by_matrix,6e3a1f380712a757a3b5fe9f9ef1a6075c7a0550e780d9e60559e4f3ce4ef0bf,"{""distance"":5,""physical_error_rate"":0.005}","{""detectors_checked"":680}"
        16,         0,         0,   0.664,decoder_by_matrix,cc9cd6551b3048ae216380ccb8ae5d3cca75b5b766fe651c47ef084ce4ce7dc6,"{""distance"":5,""physical_error_rate"":5e-05}","{""detectors_checked"":2720}"
         8,         0,         0,   0.385,decoder_by_matrix,6866428194f3c2ecf80b799fe3d7eaa0d7bfdd0bee14693d15f8abf3c1159eda,"{""distance"":5,""physical_error_rate"":1e-05}","{""detectors_checked"":1360}"
       128,         0,         0,   0.288,decoder_by_matrix,161b5fe948dcfe007f335a5c57bcb8ff38ff3ea8726714a4cc08f5b9386b17ca,"{""distance"":5,""physical_error_rate"":5e-06}","{""detectors_checked"":21760}"
         8,         0,         0,   0.283,decoder_by_matrix,ea7f9f6779b22135d209c4f5fb271040b08fef7381a446752a0daec93f56ae96,"{""distance"":5,""physical_error_rate"":0.01}","{""detection_events"":25,""detectors_checked"":1360}"
      1536,         0,         0,    1.13,decoder_by_matrix,6e3a1f380712a757a3b5fe9f9ef1a6075c7a0550e780d9e60559e4f3ce4ef0bf,"{""distance"":5,""physical_error_rate"":0.005}","{""detection_events"":3960,""detectors_checked"":261120}"
         4,         0,         0,   0.385,decoder_by_matrix,a052b2ce6ed64a98931ebcd7492590a746d7ec6e385d9f4479eb5b69a31b01f0,"{""distance"":5,""physical_error_rate"":0.0001}","{""detectors_checked"":680}"
         8,         0,         0,   0.289,decoder_by_matrix,cc9cd6551b3048ae216380ccb8ae5d3cca75b5b766fe651c47ef084ce4ce7dc6,"{""distance"":5,""physical_error_rate"":5e-05}","{""detectors_checked"":1360}"
         4,         0,         0,   0.384,decoder_by_matrix,a052b2ce6ed64a98931ebcd7492590a746d7ec6e385d9f4479eb5b69a31b01f0,"{""distance"":5,""physical_error_rate"":0.0001}","{""detectors_checked"":680}"
         8,         0,         0,   0.357,decoder_by_matrix,5b8a070a3cf8d31d64f24dbee89f3428cb9cab13fc59f7448d798f9bf08e9187,"{""distance"":5,""physical_error_rate"":0.001}","{""detectors_checked"":1360}"
        32,         0,         0,   0.384,decoder_by_matrix,5b8a070a3cf8d31d64f24dbee89f3428cb9cab13fc59f7448d798f9bf08e9187,"{""distance"":5,""physical_error_rate"":0.001}","{""detection_events"":40,""detectors_checked"":5440}"
         8,         0,         0,   0.379,decoder_by_matrix,ea7f9f6779b22135d209c4f5fb271040b08fef7381a446752a0daec93f56ae96,"{""distance"":5,""physical_error_rate"":0.01}","{""detection_events"":45,""detectors_checked"":1360}"
         8,         0,         0,   0.384,decoder_by_matrix,6e3a1f380712a757a3b5fe9f9ef1a6075c7a0550e780d9e60559e4f3ce4ef0bf,"{""distance"":5,""physical_error_rate"":0.005}","{""detection_events"":10,""detectors_checked"":1360}"
       192,         0,         0,   0.672,decoder_by_matrix,f0fc70a0432f83ff513e502442839d2eab02e2bed2f658d0464ff826d304e5e7,"{""distance"":5,""physical_error_rate"":0.0005}","{""detection_events"":70,""detectors_checked"":32640}"
         4,         0,         0,   0.287,decoder_by_matrix,a052b2ce6ed64a98931ebcd7492590a746d7ec6e385d9f4479eb5b69a31b01f0,"{""distance"":5,""physical_error_rate"":0.0001}","{""detectors_checked"":680}"
       256,         0,         0,   0.384,decoder_by_matrix,161b5fe948dcfe007f335a5c57bcb8ff38ff3ea8726714a4cc08f5b9386b17ca,"{""distance"":5,""physical_error_rate"":5e-06}","{""detectors_checked"":43520}"
        16,         0,         0,   0.389,decoder_by_matrix,ea7f9f6779b22135d209c4f5fb271040b08fef7381a446752a0daec93f56ae96,"{""distance"":5,""physical_error_rate"":0.01}","{""detection_events"":45,""detectors_checked"":2720}"
        16,         0,         0,   0.383,decoder_by_matrix,cc9cd6551b3048ae216380ccb8ae5d3cca75b5b766fe651c47ef084ce4ce7dc6,"{""distance"":5,""physical_error_rate"":5e-05}","{""detectors_checked"":2720}"
         8,         0,         0,   0.290,decoder_by_matrix,5b8a070a3cf8d31d64f24dbee89f3428cb9cab13fc59f7448d798f9bf08e9187,"{""distance"":5,""physical_error_rate"":0.001}","{""detectors_checked"":1360}"
         4,         0,         0,   0.382,decoder_by_matrix,a052b2ce6ed64a98931ebcd7492590a746d7ec6e385d9f4479eb5b69a31b01f0,"{""distance"":5,""physical_error_rate"":0.0001}","{""detectors_checked"":680}"
         8,         0,         0,   0.287,decoder_by_matrix,6e3a1f380712a757a3b5fe9f9ef1a6075c7a0550e780d9e60559e4f3ce4ef0bf,"{""distance"":5,""physical_error_rate"":0.005}","{""detectors_checked"":1360}"
        32,         0,         0,   0.678,decoder_by_matrix,cc9cd6551b3048ae216380ccb8ae5d3cca75b5b766fe651c47ef084ce4ce7dc6,"{""distance"":5,""physical_error_rate"":5e-05}","{""detectors_checked"":5440}"
        16,         0,         0,   0.672,decoder_by_matrix,6866428194f3c2ecf80b799fe3d7eaa0d7bfdd0bee14693d15f8abf3c1159eda,"{""distance"":5,""physical_error_rate"":1e-05}","{""detectors_checked"":2720}"
         8,         0,         0,   0.385,decoder_by_matrix,a052b2ce6ed64a98931ebcd7492590a746d7ec6e385d9f4479eb5b69a31b01f0,"{""distance"":5,""physical_error_rate"":0.0001}","{""detectors_checked"":1360}"
         1,         0,         0,   0.186,decoder_by_matrix,6e3a1f380712a757a3b5fe9f9ef1a6075c7a0550e780d9e60559e4f3ce4ef0bf,"{""distance"":5,""physical_error_rate"":0.005}","{""detectors_checked"":170}"
        16,         0,         0,   0.383,decoder_by_matrix,ea7f9f6779b22135d209c4f5fb271040b08fef7381a446752a0daec93f56ae96,"{""distance"":5,""physical_error_rate"":0.01}","{""detection_events"":135,""detectors_checked"":2720}"
        16,         0,         0,   0.286,decoder_by_matrix,5b8a070a3cf8d31d64f24dbee89f3428cb9cab13fc59f7448d798f9bf08e9187,"{""distance"":5,""physical_error_rate"":0.001}","{""detection_events"":25,""detectors_checked"":2720}"
        16,         0,         0,   0.384,decoder_by_matrix,cc9cd6551b3048ae216380ccb8ae5d3cca75b5b766fe651c47ef084ce4ce7dc6,"{""distance"":5,""physical_error_rate"":5e-05}","{""detectors_checked"":2720}"
         4,         0,         0,   0.382,decoder_by_matrix,a052b2ce6ed64a98931ebcd7492590a746d7ec6e385d9f4479eb5b69a31b01f0,"{""distance"":5,""physical_error_rate"":0.0001}","{""detectors_checked"":680}"
        24,         0,         0,   0.669,decoder_by_matrix,ea7f9f6779b22135d209c4f5fb271040b08fef7381a446752a0daec93f56ae96,"{""distance"":5,""physical_error_rate"":0.01}","{""detection_events"":210,""detectors_checked"":4080}"
       256,         0,         0,   0.650,decoder_by_matrix,f0fc70a0432f83ff513e502442839d2eab02e2bed2f658d0464ff826d304e5e7,"{""distance"":5,""physical_error_rate"":0.0005}","{""detection_events"":105,""detectors_checked"":43520}"
        16,         0,         0,   0.393,decoder_by_matrix,6e3a1f380712a757a3b5fe9f9ef1a6075c7a0550e780d9e60559e4f3ce4ef0bf,"{""distance"":5,""physical_error_rate"":0.005}","{""detection_events"":110,""detectors_checked"":2720}"
        64,         0,         0,   0.673,decoder_by_matrix,5b8a070a3cf8d31d64f24dbee89f3428cb9cab13fc59f7448d798f9bf08e9187,"{""distance"":5,""physical_error_rate"":0.001}","{""detection_events"":25,""detectors_checked"":10880}"
         2,         0,         0,   0.323,decoder_by_matrix,6e3a1f380712a757a3b5fe9f9ef1a6075c7a0550e780d9e60559e4f3ce4ef0bf,"{""distance"":5,""physical_error_rate"":0.005}","{""detection_events"":10,""detectors_checked"":340}"
        16,         0,         0,   0.287,decoder_by_matrix,ea7f9f6779b22135d209c4f5fb271040b08fef7381a446752a0daec93f56ae96,"{""distance"":5,""physical_error_rate"":0.01}","{""detection_events"":80,""detectors_checked"":2720}"
         8,         0,         0,   0.379,decoder_by_matrix,a052b2ce6ed64a98931ebcd7492590a746d7ec6e385d9f4479eb5b69a31b01f0,"{""distance"":5,""physical_error_rate"":0.0001}","{""detectors_checked"":1360}"
        16,         0,         0,   0.286,decoder_by_matrix,cc9cd6551b3048ae216380ccb8ae5d3cca75b5b766fe651c47ef084ce4ce7dc6,"{""distance"":5,""physical_error_rate"":5e-05}","{""detectors_checked"":2720}"
       576,         2,         0,    1.72,decoder_by_matrix,ea7f9f6779b22135d209c4f5fb271040b08fef7381a446752a0daec93f56ae96,"{""distance"":5,""physical_error_rate"":0.01}","{""detection_events"":3215,""detectors_checked"":97920,""obs_mistake_mask=EE"":2}"
        16,         0,         0,   0.282,decoder_by_matrix,6e3a1f380712a757a3b5fe9f9ef1a6075c7a0550e780d9e60559e4f3ce4ef0bf,"{""distance"":5,""physical_error_rate"":0.005}","{""detection_events"":35,""detectors_checked"":2720}"
        32,         0,         0,   0.379,decoder_by_matrix,5b8a070a3cf8d31d64f24dbee89f3428cb9cab13fc59f7448d798f9bf08e9187,"{""distance"":5,""physical_error_rate"":0.001}","{""detection_events"":20,""detectors_checked"":5440}"
         4,         0,         0,   0.294,decoder_by_matrix,a052b2ce6ed64a98931ebcd7492590a746d7ec6e385d9f4479eb5b69a31b01f0,"{""distance"":5,""physical_error_rate"":0.0001}","{""detectors_checked"":680}"
      1536,         0,         0,    1.26,decoder_by_matrix,6e3a1f380712a757a3b5fe9f9ef1a6075c7a0550e780d9e60559e4f3ce4ef0bf,"{""distance"":5,""physical_error_rate"":0.005}","{""detection_events"":4105,""detectors_checked"":261120}"
        32,         0,         0,   0.748,decoder_by_matrix,6866428194f3c2ecf80b799fe3d7eaa0d7bfdd0bee14693d15f8abf3c1159eda,"{""distance"":5,""physical_error_rate"":1e-05}","{""detectors_checked"":5440}"
        32,         0,         0,   0.289,decoder_by_matrix,ea7f9f6779b22135d209c4f5fb271040b08fef7381a446752a0daec93f56ae96,"{""distance"":5,""physical_error_rate"":0.01}","{""detection_events"":320,""detectors_checked"":5440}"
         8,         0,         0,   0.290,decoder_by_matrix,a052b2ce6ed64a98931ebcd7492590a746d7ec6e385d9f4479eb5b69a31b01f0,"{""distance"":5,""physical_error_rate"":0.0001}","{""detectors_checked"":1360}"
        32,         0,         0,   0.288,decoder_by_matrix,cc9cd6551b3048ae216380ccb8ae5d3cca75b5b766fe651c47ef084ce4ce7dc6,"{""distance"":5,""physical_error_rate"":5e-05}","{""detectors_checked"":5440}"
         2,         0,         0,   0.386,decoder_by_matrix,6e3a1f380712a757a3b5fe9f9ef1a6075c7a0550e780d9e60559e4f3ce4ef0bf,"{""distance"":5,""physical_error_rate"":0.005}","{""detectors_checked"":340}"
      2560,         0,         0,    1.90,decoder_by_matrix,ea7f9f6779b22135d209c4f5fb271040b08fef7381a446752a0daec93f56ae96,"{""distance"":5,""physical_error_rate"":0.01}","{""detection_events"":13635,""detectors_checked"":435200}"
        48,         0,         0,   0.670,decoder_by_matrix,ea7f9f6779b22135d209c4f5fb271040b08fef7381a446752a0daec93f56ae96,"{""distance"":5,""physical_error_rate"":0.01}","{""detection_events"":295,""detectors_checked"":8160}"
        32,         0,         0,   0.380,decoder_by_matrix,6e3a1f380712a757a3b5fe9f9ef1a6075c7a0550e780d9e60559e4f3ce4ef0bf,"{""distance"":5,""physical_error_rate"":0.005}","{""detection_events"":130,""detectors_checked"":5440}"
       512,         0,         0,    1.24,decoder_by_matrix,161b5fe948dcfe007f335a5c57bcb8ff38ff3ea8726714a4cc08f5b9386b17ca,"{""distance"":5,""physical_error_rate"":5e-06}","{""detectors_checked"":87040}"
       128,         0,         0,    1.04,decoder_by_matrix,cc9cd6551b3048ae216380ccb8ae5d3cca75b5b766fe651c47ef084ce4ce7dc6,"{""distance"":5,""physical_error_rate"":5e-05}","{""detectors_checked"":21760}"
        96,         0,         0,   0.687,decoder_by_matrix,5b8a070a3cf8d31d64f24dbee89f3428cb9cab13fc59f7448d798f9bf08e9187,"{""distance"":5,""physical_error_rate"":0.001}","{""detection_events"":10,""detectors_checked"":16320}"
        64,         0,         0,   0.383,decoder_by_matrix,ea7f9f6779b22135d209c4f5fb271040b08fef7381a446752a0daec93f56ae96,"{""distance"":5,""physical_error_rate"":0.01}","{""detection_events"":245,""detectors_checked"":10880}"
        64,         0,         0,   0.379,decoder_by_matrix,cc9cd6551b3048ae216380ccb8ae5d3cca75b5b766fe651c47ef084ce4ce7dc6,"{""distance"":5,""physical_error_rate"":5e-05}","{""detectors_checked"":10880}"
        16,         0,         0,   0.427,decoder_by_matrix,a052b2ce6ed64a98931ebcd7492590a746d7ec6e385d9f4479eb5b69a31b01f0,"{""distance"":5,""physical_error_rate"":0.0001}","{""detectors_checked"":2720}"
         2,         0,         0,   0.387,decoder_by_matrix,6e3a1f380712a757a3b5fe9f9ef1a6075c7a0550e780d9e60559e4f3ce4ef0bf,"{""distance"":5,""physical_error_rate"":0.005}","{""detectors_checked"":340}"
        96,         0,         0,   0.670,decoder_by_matrix,5b8a070a3cf8d31d64f24dbee89f3428cb9cab13fc59f7448d798f9bf08e9187,"{""distance"":5,""physical_error_rate"":0.001}","{""detection_events"":60,""detectors_checked"":16320}"
        24,         0,         0,   0.680,decoder_by_matrix,a052b2ce6ed64a98931ebcd7492590a746d7ec6e385d9f4479eb5b69a31b01f0,"{""distance"":5,""physical_error_rate"":0.0001}","{""detectors_checked"":4080}"
       768,         0,         0,    1.06,decoder_by_matrix,f0fc70a0432f83ff513e502442839d2eab02e2bed2f658d0464ff826d304e5e7,"{""distance"":5,""physical_error_rate"":0.0005}","{""detection_events"":270,""detectors_checked"":130560}"
      7168,         0,         0,    3.12,decoder_by_matrix,5b8a070a3cf8d31d64f24dbee89f3428cb9cab13fc59f7448d798f9bf08e9187,"{""distance"":5,""physical_error_rate"":0.001}","{""detection_events"":3660,""detectors_checked"":1218560}"
        16,         0,         0,   0.291,decoder_by_matrix,a052b2ce6ed64a98931ebcd7492590a746d7ec6e385d9f4479eb5b69a31b01f0,"{""distance"":5,""physical_error_rate"":0.0001}","{""detectors_checked"":2720}"
         2,         0,         0,   0.291,decoder_by_matrix,6e3a1f380712a757a3b5fe9f9ef1a6075c7a0550e780d9e60559e4f3ce4ef0bf,"{""distance"":5,""physical_error_rate"":0.005}","{""detectors_checked"":340}"
       768,         0,         0,   0.668,decoder_by_matrix,161b5fe948dcfe007f335a5c57bcb8ff38ff3ea8726714a4cc08f5b9386b17ca,"{""distance"":5,""physical_error_rate"":5e-06}","{""detectors_checked"":130560}"
        96,         2,         0,   0.702,decoder_by_matrix,ea7f9f6779b22135d209c4f5fb271040b08fef7381a446752a0daec93f56ae96,"{""distance"":5,""physical_error_rate"":0.01}","{""detection_events"":615,""detectors_checked"":16320,""obs_mistake_mask=E_"":1,""obs_mistake_mask=_E"":1}"
        64,         0,         0,   0.751,decoder_by_matrix,6e3a1f380712a757a3b5fe9f9ef1a6075c7a0550e780d9e60559e4f3ce4ef0bf,"{""distance"":5,""physical_error_rate"":0.005}","{""detection_events"":345,""detectors_checked"":10880}"
       192,         1,         0,   0.573,decoder_by_matrix,ea7f9f6779b22135d209c4f5fb271040b08fef7381a446752a0daec93f56ae96,"{""distance"":5,""physical_error_rate"":0.01}","{""detection_events"":1135,""detectors_checked"":32640,""obs_mistake_mask=EE"":1}"
        16,         0,         0,    3.43,decoder_by_matrix,be0c214c078cdb5104153598b498575a1fc035ba16beb428536e5a87ee0a867f,"{""distance"":5,""physical_error_rate"":1e-06}","{""detectors_checked"":2720}"
       192,         0,         0,   0.577,decoder_by_matrix,cc9cd6551b3048ae216380ccb8ae5d3cca75b5b766fe651c47ef084ce4ce7dc6,"{""distance"":5,""physical_error_rate"":5e-05}","{""detection_events"":45,""detectors_checked"":32640}"
        48,         0,         0,    1.04,decoder_by_matrix,6866428194f3c2ecf80b799fe3d7eaa0d7bfdd0bee14693d15f8abf3c1159eda,"{""distance"":5,""physical_error_rate"":1e-05}","{""detectors_checked"":8160}"
        32,         0,         0,   0.385,decoder_by_matrix,a052b2ce6ed64a98931ebcd7492590a746d7ec6e385d9f4479eb5b69a31b01f0,"{""distance"":5,""physical_error_rate"":0.0001}","{""detectors_checked"":5440}"
         4,         0,         0,   0.382,decoder_by_matrix,6e3a1f380712a757a3b5fe9f9ef1a6075c7a0550e780d9e60559e4f3ce4ef0bf,"{""distance"":5,""physical_error_rate"":0.005}","{""detectors_checked"":680}"
       128,         0,         0,   0.669,decoder_by_matrix,5b8a070a3cf8d31d64f24dbee89f3428cb9cab13fc59f7448d798f9bf08e9187,"{""distance"":5,""physical_error_rate"":0.001}","{""detection_events"":90,""detectors_checked"":21760}"
        32,         0,         0,   0.671,decoder_by_matrix,a052b2ce6ed64a98931ebcd7492590a746d7ec6e385d9f4479eb5b69a31b01f0,"{""distance"":5,""physical_error_rate"":0.0001}","{""detectors_checked"":5440}"
       320,         0,         0,   0.956,decoder_by_matrix,5b8a070a3cf8d31d64f24dbee89f3428cb9cab13fc59f7448d798f9bf08e9187,"{""distance"":5,""physical_error_rate"":0.001}","{""detection_events"":180,""detectors_checked"":54400}"
      9216,         0,         0,    3.09,decoder_by_matrix,5b8a070a3cf8d31d64f24dbee89f3428cb9cab13fc59f7448d798f9bf08e9187,"{""distance"":5,""physical_error_rate"":0.001}","{""detection_events"":5575,""detectors_checked"":1566720}"
         4,         0,         0,   0.288,decoder_by_matrix,6e3a1f380712a757a3b5fe9f9ef1a6075c7a0550e780d9e60559e4f3ce4ef0bf,"{""distance"":5,""physical_error_rate"":0.005}","{""detection_events"":75,""detectors_checked"":680}"
      4096,         0,         0,    1.63,decoder_by_matrix,6e3a1f380712a757a3b5fe9f9ef1a6075c7a0550e780d9e60559e4f3ce4ef0bf,"{""distance"":5,""physical_error_rate"":0.005}","{""detection_events"":11115,""detectors_checked"":696320}"
       704,         0,         0,    1.35,decoder_by_matrix,cc9cd6551b3048ae216380ccb8ae5d3cca75b5b766fe651c47ef084ce4ce7dc6,"{""distance"":5,""physical_error_rate"":5e-05}","{""detection_events"":10,""detectors_checked"":119680}"
        64,         0,         0,   0.672,decoder_by_matrix,6e3a1f380712a757a3b5fe9f9ef1a6075c7a0550e780d9e60559e4f3ce4ef0bf,"{""distance"":5,""physical_error_rate"":0.005}","{""detection_events"":235,""detectors_checked"":10880}"
       512,         0,         0,   0.762,decoder_by_matrix,ea7f9f6779b22135d209c4f5fb271040b08fef7381a446752a0daec93f56ae96,"{""distance"":5,""physical_error_rate"":0.01}","{""detection_events"":3185,""detectors_checked"":87040}"
       512,         0,         0,   0.674,decoder_by_matrix,cc9cd6551b3048ae216380ccb8ae5d3cca75b5b766fe651c47ef084ce4ce7dc6,"{""distance"":5,""physical_error_rate"":5e-05}","{""detection_events"":20,""detectors_checked"":87040}"
        96,         0,         0,   0.662,decoder_by_matrix,a052b2ce6ed64a98931ebcd7492590a746d7ec6e385d9f4479eb5b69a31b01f0,"{""distance"":5,""physical_error_rate"":0.0001}","{""detectors_checked"":16320}"
         8,         0,         0,   0.381,decoder_by_matrix,6e3a1f380712a757a3b5fe9f9ef1a6075c7a0550e780d9e60559e4f3ce4ef0bf,"{""distance"":5,""physical_error_rate"":0.005}","{""detection_events"":30,""detectors_checked"":1360}"
     30976,         0,         0,    23.5,decoder_by_matrix,6866428194f3c2ecf80b799fe3d7eaa0d7bfdd0bee14693d15f8abf3c1159eda,"{""distance"":5,""physical_error_rate"":1e-05}","{""detection_events"":305,""detectors_checked"":5265920}"
      2560,         0,         0,    1.05,decoder_by_matrix,161b5fe948dcfe007f335a5c57bcb8ff38ff3ea8726714a4cc08f5b9386b17ca,"{""distance"":5,""physical_error_rate"":5e-06}","{""detectors_checked"":435200}"
      2560,         0,         0,    1.45,decoder_by_matrix,f0fc70a0432f83ff513e502442839d2eab02e2bed2f658d0464ff826d304e5e7,"{""distance"":5,""physical_error_rate"":0.0005}","{""detection_events"":640,""detectors_checked"":435200}"
         8,         0,         0,   0.285,decoder_by_matrix,6e3a1f380712a757a3b5fe9f9ef1a6075c7a0550e780d9e60559e4f3ce4ef0bf,"{""distance"":5,""physical_error_rate"":0.005}","{""detection_events"":25,""detectors_checked"":1360}"
       384,         0,         0,    1.04,decoder_by_matrix,5b8a070a3cf8d31d64f24dbee89f3428cb9cab13fc59f7448d798f9bf08e9187,"{""distance"":5,""physical_error_rate"":0.001}","{""detection_events"":310,""detectors_checked"":65280}"
      1280,         4,         0,    2.50,decoder_by_matrix,ea7f9f6779b22135d209c4f5fb271040b08fef7381a446752a0daec93f56ae96,"{""distance"":5,""physical_error_rate"":0.01}","{""detection_events"":6625,""detectors_checked"":217600,""obs_mistake_mask=EE"":1,""obs_mistake_mask=E_"":3}"
       128,         0,         0,    1.04,decoder_by_matrix,a052b2ce6ed64a98931ebcd7492590a746d7ec6e385d9f4479eb5b69a31b01f0,"{""distance"":5,""physical_error_rate"":0.0001}","{""detectors_checked"":21760}"
       320,         0,         0,    1.51,decoder_by_matrix,ea7f9f6779b22135d209c4f5fb271040b08fef7381a446752a0daec93f56ae96,"{""distance"":5,""physical_error_rate"":0.01}","{""detection_events"":1885,""detectors_checked"":54400}"
       192,         0,         0,   0.649,decoder_by_matrix,a052b2ce6ed64a98931ebcd7492590a746d7ec6e385d9f4479eb5b69a31b01f0,"{""distance"":5,""physical_error_rate"":0.0001}","{""detection_events"":20,""detectors_checked"":32640}"
        16,         0,         0,   0.272,decoder_by_matrix,6e3a1f380712a757a3b5fe9f9ef1a6075c7a0550e780d9e60559e4f3ce4ef0bf,"{""distance"":5,""physical_error_rate"":0.005}","{""detection_events"":25,""detectors_checked"":2720}"
      3072,         4,         0,    2.36,decoder_by_matrix,ea7f9f6779b22135d209c4f5fb271040b08fef7381a446752a0daec93f56ae96,"{""distance"":5,""physical_error_rate"":0.01}","{""detection_events"":16630,""detectors_checked"":522240,""obs_mistake_mask=EE"":2,""obs_mistake_mask=E_"":1,""obs_mistake_mask=_E"":1}"
       512,         0,         0,   0.826,decoder_by_matrix,cc9cd6551b3048ae216380ccb8ae5d3cca75b5b766fe651c47ef084ce4ce7dc6,"{""distance"":5,""physical_error_rate"":5e-05}","{""detectors_checked"":87040}"
       320,         0,         0,   0.998,decoder_by_matrix,6e3a1f380712a757a3b5fe9f9ef1a6075c7a0550e780d9e60559e4f3ce4ef0bf,"{""distance"":5,""physical_error_rate"":0.005}","{""detection_events"":945,""detectors_checked"":54400}"
      2048,         0,         0,    1.30,decoder_by_matrix,5b8a070a3cf8d31d64f24dbee89f3428cb9cab13fc59f7448d798f9bf08e9187,"{""distance"":5,""physical_error_rate"":0.001}","{""detection_events"":1170,""detectors_checked"":348160}"
      1024,         3,         0,    1.00,decoder_by_matrix,ea7f9f6779b22135d209c4f5fb271040b08fef7381a446752a0daec93f56ae96,"{""distance"":5,""physical_error_rate"":0.01}","{""detection_events"":5465,""detectors_checked"":174080,""obs_mistake_mask=E_"":3}"
        32,         0,         0,   0.349,decoder_by_matrix,6e3a1f380712a757a3b5fe9f9ef1a6075c7a0550e780d9e60559e4f3ce4ef0bf,"{""distance"":5,""physical_error_rate"":0.005}","{""detection_events"":85,""detectors_checked"":5440}"
       192,         0,         0,    1.85,decoder_by_matrix,6866428194f3c2ecf80b799fe3d7eaa0d7bfdd0bee14693d15f8abf3c1159eda,"{""distance"":5,""physical_error_rate"":1e-05}","{""detectors_checked"":32640}"
      2304,         0,         0,    1.61,decoder_by_matrix,cc9cd6551b3048ae216380ccb8ae5d3cca75b5b766fe651c47ef084ce4ce7dc6,"{""distance"":5,""physical_error_rate"":5e-05}","{""detection_events"":150,""detectors_checked"":391680}"
      4096,         0,         0,    1.40,decoder_by_matrix,161b5fe948dcfe007f335a5c57bcb8ff38ff3ea8726714a4cc08f5b9386b17ca,"{""distance"":5,""physical_error_rate"":5e-06}","{""detectors_checked"":696320}"
       640,         0,         0,   0.954,decoder_by_matrix,a052b2ce6ed64a98931ebcd7492590a746d7ec6e385d9f4479eb5b69a31b01f0,"{""distance"":5,""physical_error_rate"":0.0001}","{""detection_events"":15,""detectors_checked"":108800}"
        96,         0,         0,   0.605,decoder_by_matrix,6e3a1f380712a757a3b5fe9f9ef1a6075c7a0550e780d9e60559e4f3ce4ef0bf,"{""distance"":5,""physical_error_rate"":0.005}","{""detection_events"":330,""detectors_checked"":16320}"
       384,         0,         0,    1.22,decoder_by_matrix,a052b2ce6ed64a98931ebcd7492590a746d7ec6e385d9f4479eb5b69a31b01f0,"{""distance"":5,""physical_error_rate"":0.0001}","{""detectors_checked"":65280}"
      1024,         0,         0,    1.32,decoder_by_matrix,5b8a070a3cf8d31d64f24dbee89f3428cb9cab13fc59f7448d798f9bf08e9187,"{""distance"":5,""physical_error_rate"":0.001}","{""detection_events"":805,""detectors_checked"":174080}"
       768,         1,         0,    1.30,decoder_by_matrix,ea7f9f6779b22135d209c4f5fb271040b08fef7381a446752a0daec93f56ae96,"{""distance"":5,""physical_error_rate"":0.01}","{""detection_events"":4205,""detectors_checked"":130560,""obs_mistake_mask=_E"":1}"
      6144,         1,         0,    2.20,decoder_by_matrix,6e3a1f380712a757a3b5fe9f9ef1a6075c7a0550e780d9e60559e4f3ce4ef0bf,"{""distance"":5,""physical_error_rate"":0.005}","{""detection_events"":17285,""detectors_checked"":1044480,""obs_mistake_mask=_E"":1}"
      9216,         0,         0,    3.17,decoder_by_matrix,5b8a070a3cf8d31d64f24dbee89f3428cb9cab13fc59f7448d798f9bf08e9187,"{""distance"":5,""physical_error_rate"":0.001}","{""detection_events"":4945,""detectors_checked"":1566720}"
      1536,         2,         0,    1.12,decoder_by_matrix,ea7f9f6779b22135d209c4f5fb271040b08fef7381a446752a0daec93f56ae96,"{""distance"":5,""physical_error_rate"":0.01}","{""detection_events"":8220,""detectors_checked"":261120,""obs_mistake_mask=E_"":1,""obs_mistake_mask=_E"":1}"
      4096,         0,         0,    1.74,decoder_by_matrix,f0fc70a0432f83ff513e502442839d2eab02e2bed2f658d0464ff826d304e5e7,"{""distance"":5,""physical_error_rate"":0.0005}","{""detection_events"":860,""detectors_checked"":696320}"
      3584,         0,         0,    1.29,decoder_by_matrix,cc9cd6551b3048ae216380ccb8ae5d3cca75b5b766fe651c47ef084ce4ce7dc6,"{""distance"":5,""physical_error_rate"":5e-05}","{""detection_events"":185,""detectors_checked"":609280}"
       640,         0,         0,    1.29,decoder_by_matrix,6e3a1f380712a757a3b5fe9f9ef1a6075c7a0550e780d9e60559e4f3ce4ef0bf,"{""distance"":5,""physical_error_rate"":0.005}","{""detection_events"":1740,""detectors_checked"":108800}"
       128,         0,         0,   0.681,decoder_by_matrix,6e3a1f380712a757a3b5fe9f9ef1a6075c7a0550e780d9e60559e4f3ce4ef0bf,"{""distance"":5,""physical_error_rate"":0.005}","{""detection_events"":530,""detectors_checked"":21760}"
      4096,         0,         0,    1.83,decoder_by_matrix,5b8a070a3cf8d31d64f24dbee89f3428cb9cab13fc59f7448d798f9bf08e9187,"{""distance"":5,""physical_error_rate"":0.001}","{""detection_events"":2335,""detectors_checked"":696320}"
      1088,         0,         0,    1.78,decoder_by_matrix,6866428194f3c2ecf80b799fe3d7eaa0d7bfdd0bee14693d15f8abf3c1159eda,"{""distance"":5,""physical_error_rate"":1e-05}","{""detectors_checked"":184960}"
      1792,         0,         0,    1.25,decoder_by_matrix,a052b2ce6ed64a98931ebcd7492590a746d7ec6e385d9f4479eb5b69a31b01f0,"{""distance"":5,""physical_error_rate"":0.0001}","{""detection_events"":55,""detectors_checked"":304640}"
      5120,         0,         0,    1.58,decoder_by_matrix,161b5fe948dcfe007f335a5c57bcb8ff38ff3ea8726714a4cc08f5b9386b17ca,"{""distance"":5,""physical_error_rate"":5e-06}","{""detectors_checked"":870400}"
       256,         0,         0,   0.916,decoder_by_matrix,6e3a1f380712a757a3b5fe9f9ef1a6075c7a0550e780d9e60559e4f3ce4ef0bf,"{""distance"":5,""physical_error_rate"":0.005}","{""detection_events"":735,""detectors_checked"":43520}"
      1280,         0,         0,    1.69,decoder_by_matrix,a052b2ce6ed64a98931ebcd7492590a746d7ec6e385d9f4479eb5b69a31b01f0,"{""distance"":5,""physical_error_rate"":0.0001}","{""detection_events"":145,""detectors_checked"":217600}"
      2560,         0,         0,    1.68,decoder_by_matrix,5b8a070a3cf8d31d64f24dbee89f3428cb9cab13fc59f7448d798f9bf08e9187,"{""distance"":5,""physical_error_rate"":0.001}","{""detection_events"":1760,""detectors_checked"":435200}"
      3072,         9,         0,    3.09,decoder_by_matrix,ea7f9f6779b22135d209c4f5fb271040b08fef7381a446752a0daec93f56ae96,"{""distance"":5,""physical_error_rate"":0.01}","{""detection_events"":16225,""detectors_checked"":522240,""obs_mistake_mask=EE"":1,""obs_mistake_mask=E_"":4,""obs_mistake_mask=_E"":4}"
      2304,         4,         0,    1.63,decoder_by_matrix,ea7f9f6779b22135d209c4f5fb271040b08fef7381a446752a0daec93f56ae96,"{""distance"":5,""physical_error_rate"":0.01}","{""detection_events"":12745,""detectors_checked"":391680,""obs_mistake_mask=E_"":3,""obs_mistake_mask=_E"":1}"
        24,         0,         0,    4.52,decoder_by_matrix,be0c214c078cdb5104153598b498575a1fc035ba16beb428536e5a87ee0a867f,"{""distance"":5,""physical_error_rate"":1e-06}","{""detectors_checked"":4080}"
      2560,         5,         0,    1.72,decoder_by_matrix,ea7f9f6779b22135d209c4f5fb271040b08fef7381a446752a0daec93f56ae96,"{""distance"":5,""physical_error_rate"":0.01}","{""detection_events"":14565,""detectors_checked"":435200,""obs_mistake_mask=EE"":1,""obs_mistake_mask=E_"":4}"
      5120,         0,         0,    1.69,decoder_by_matrix,cc9cd6551b3048ae216380ccb8ae5d3cca75b5b766fe651c47ef084ce4ce7dc6,"{""distance"":5,""physical_error_rate"":5e-05}","{""detection_events"":130,""detectors_checked"":870400}"
      4608,         6,         0,    3.20,decoder_by_matrix,ea7f9f6779b22135d209c4f5fb271040b08fef7381a446752a0daec93f56ae96,"{""distance"":5,""physical_error_rate"":0.01}","{""detection_events"":23260,""detectors_checked"":783360,""obs_mistake_mask=EE"":1,""obs_mistake_mask=E_"":3,""obs_mistake_mask=_E"":2}"
      7168,         0,         0,    2.50,decoder_by_matrix,cc9cd6551b3048ae216380ccb8ae5d3cca75b5b766fe651c47ef084ce4ce7dc6,"{""distance"":5,""physical_error_rate"":5e-05}","{""detection_events"":150,""detectors_checked"":1218560}"
      1280,         0,         0,    1.70,decoder_by_matrix,6e3a1f380712a757a3b5fe9f9ef1a6075c7a0550e780d9e60559e4f3ce4ef0bf,"{""distance"":5,""physical_error_rate"":0.005}","{""detection_events"":3315,""detectors_checked"":217600}"
     13312,         0,         0,    4.43,decoder_by_matrix,5b8a070a3cf8d31d64f24dbee89f3428cb9cab13fc59f7448d798f9bf08e9187,"{""distance"":5,""physical_error_rate"":0.001}","{""detection_events"":8180,""detectors_checked"":2263040}"
      6144,         0,         0,    2.19,decoder_by_matrix,f0fc70a0432f83ff513e502442839d2eab02e2bed2f658d0464ff826d304e5e7,"{""distance"":5,""physical_error_rate"":0.0005}","{""detection_events"":1575,""detectors_checked"":1044480}"
       640,         0,         0,    1.40,decoder_by_matrix,6e3a1f380712a757a3b5fe9f9ef1a6075c7a0550e780d9e60559e4f3ce4ef0bf,"{""distance"":5,""physical_error_rate"":0.005}","{""detection_events"":1670,""detectors_checked"":108800}"
      2048,         0,         0,    1.94,decoder_by_matrix,a052b2ce6ed64a98931ebcd7492590a746d7ec6e385d9f4479eb5b69a31b01f0,"{""distance"":5,""physical_error_rate"":0.0001}","{""detection_events"":105,""detectors_checked"":348160}"
      6144,         0,         0,    2.20,decoder_by_matrix,5b8a070a3cf8d31d64f24dbee89f3428cb9cab13fc59f7448d798f9bf08e9187,"{""distance"":5,""physical_error_rate"":0.001}","{""detection_events"":3530,""detectors_checked"":1044480}"
      4608,         0,         0,    2.22,decoder_by_matrix,6866428194f3c2ecf80b799fe3d7eaa0d7bfdd0bee14693d15f8abf3c1159eda,"{""distance"":5,""physical_error_rate"":1e-05}","{""detection_events"":45,""detectors_checked"":783360}"
      9216,         5,         0,    3.40,decoder_by_matrix,6e3a1f380712a757a3b5fe9f9ef1a6075c7a0550e780d9e60559e4f3ce4ef0bf,"{""distance"":5,""physical_error_rate"":0.005}","{""detection_events"":26135,""detectors_checked"":1566720,""obs_mistake_mask=EE"":2,""obs_mistake_mask=E_"":2,""obs_mistake_mask=_E"":1}"
      7168,         0,         0,    2.53,decoder_by_matrix,161b5fe948dcfe007f335a5c57bcb8ff38ff3ea8726714a4cc08f5b9386b17ca,"{""distance"":5,""physical_error_rate"":5e-06}","{""detectors_checked"":1218560}"
      5120,         0,         0,    2.26,decoder_by_matrix,5b8a070a3cf8d31d64f24dbee89f3428cb9cab13fc59f7448d798f9bf08e9187,"{""distance"":5,""physical_error_rate"":0.001}","{""detection_events"":2730,""detectors_checked"":870400}"
      2304,         0,         0,    2.36,decoder_by_matrix,a052b2ce6ed64a98931ebcd7492590a746d7ec6e385d9f4479eb5b69a31b01f0,"{""distance"":5,""physical_error_rate"":0.0001}","{""detection_events"":175,""detectors_checked"":391680}"
      3072,         5,         0,    2.26,decoder_by_matrix,ea7f9f6779b22135d209c4f5fb271040b08fef7381a446752a0daec93f56ae96,"{""distance"":5,""physical_error_rate"":0.01}","{""detection_events"":17220,""detectors_checked"":522240,""obs_mistake_mask=EE"":2,""obs_mistake_mask=E_"":2,""obs_mistake_mask=_E"":1}"
      1536,         1,         0,    2.18,decoder_by_matrix,6e3a1f380712a757a3b5fe9f9ef1a6075c7a0550e780d9e60559e4f3ce4ef0bf,"{""distance"":5,""physical_error_rate"":0.005}","{""detection_events"":4460,""detectors_checked"":261120,""obs_mistake_mask=E_"":1}"
      6144,         0,         0,    2.30,decoder_by_matrix,cc9cd6551b3048ae216380ccb8ae5d3cca75b5b766fe651c47ef084ce4ce7dc6,"{""distance"":5,""physical_error_rate"":5e-05}","{""detection_events"":295,""detectors_checked"":1044480}"
      5632,        11,         0,    2.45,decoder_by_matrix,ea7f9f6779b22135d209c4f5fb271040b08fef7381a446752a0daec93f56ae96,"{""distance"":5,""physical_error_rate"":0.01}","{""detection_events"":31370,""detectors_checked"":957440,""obs_mistake_mask=EE"":1,""obs_mistake_mask=E_"":6,""obs_mistake_mask=_E"":4}"
     12288,         0,         0,    4.29,decoder_by_matrix,5b8a070a3cf8d31d64f24dbee89f3428cb9cab13fc59f7448d798f9bf08e9187,"{""distance"":5,""physical_error_rate"":0.001}","{""detection_events"":6600,""detectors_checked"":2088960}"
      1536,         0,         0,    1.87,decoder_by_matrix,6e3a1f380712a757a3b5fe9f9ef1a6075c7a0550e780d9e60559e4f3ce4ef0bf,"{""distance"":5,""physical_error_rate"":0.005}","{""detection_events"":4155,""detectors_checked"":261120}"
   1193984,       221,         0,    44.8,decoder_by_matrix,6e3a1f380712a757a3b5fe9f9ef1a6075c7a0550e780d9e60559e4f3ce4ef0bf,"{""distance"":5,""physical_error_rate"":0.005}","{""detection_events"":3328055,""detectors_checked"":202977280,""obs_mistake_mask=EE"":49,""obs_mistake_mask=E_"":126,""obs_mistake_mask=_E"":46}"
   1185792,       245,         0,    44.8,decoder_by_matrix,6e3a1f380712a757a3b5fe9f9ef1a6075c7a0550e780d9e60559e4f3ce4ef0bf,"{""distance"":5,""physical_error_rate"":0.005}","{""detection_events"":3294200,""detectors_checked"":201584640,""obs_mistake_mask=EE"":57,""obs_mistake_mask=E_"":112,""obs_mistake_mask=_E"":76}"
      3072,         0,         0,    2.18,decoder_by_matrix,a052b2ce6ed64a98931ebcd7492590a746d7ec6e385d9f4479eb5b69a31b01f0,"{""distance"":5,""physical_error_rate"":0.0001}","{""detection_events"":155,""detectors_checked"":522240}"
   1191936,         0,         0,    44.9,decoder_by_matrix,6866428194f3c2ecf80b799fe3d7eaa0d7bfdd0bee14693d15f8abf3c1159eda,"{""distance"":5,""physical_error_rate"":1e-05}","{""detection_events"":6625,""detectors_checked"":202629120}"
   1187840,         0,         0,    44.9,decoder_by_matrix,161b5fe948dcfe007f335a5c57bcb8ff38ff3ea8726714a4cc08f5b9386b17ca,"{""distance"":5,""physical_error_rate"":5e-06}","{""detection_events"":3500,""detectors_checked"":201932800}"
   1139712,      1673,         0,    44.9,decoder_by_matrix,ea7f9f6779b22135d209c4f5fb271040b08fef7381a446752a0daec93f56ae96,"{""distance"":5,""physical_error_rate"":0.01}","{""detection_events"":6183825,""detectors_checked"":193751040,""obs_mistake_mask=EE"":412,""obs_mistake_mask=E_"":780,""obs_mistake_mask=_E"":481}"
   1178624,         0,         0,    44.9,decoder_by_matrix,161b5fe948dcfe007f335a5c57bcb8ff38ff3ea8726714a4cc08f5b9386b17ca,"{""distance"":5,""physical_error_rate"":5e-06}","{""detection_events"":3525,""detectors_checked"":200366080}"
      3072,         6,         0,   0.121,decoder_by_matrix,ea7f9f6779b22135d209c4f5fb271040b08fef7381a446752a0daec93f56ae96,"{""distance"":5,""physical_error_rate"":0.01}","{""detection_events"":16290,""detectors_checked"":522240,""obs_mistake_mask=EE"":2,""obs_mistake_mask=E_"":2,""obs_mistake_mask=_E"":2}"
   1138688,      1721,         0,    44.7,decoder_by_matrix,ea7f9f6779b22135d209c4f5fb271040b08fef7381a446752a0daec93f56ae96,"{""distance"":5,""physical_error_rate"":0.01}","{""detection_events"":6199410,""detectors_checked"":193576960,""obs_mistake_mask=EE"":387,""obs_mistake_mask=E_"":815,""obs_mistake_mask=_E"":519}"
   1189888,         0,         0,    44.8,decoder_by_matrix,6866428194f3c2ecf80b799fe3d7eaa0d7bfdd0bee14693d15f8abf3c1159eda,"{""distance"":5,""physical_error_rate"":1e-05}","{""detection_events"":7165,""detectors_checked"":202280960}"
      9216,         0,         0,    3.31,decoder_by_matrix,cc9cd6551b3048ae216380ccb8ae5d3cca75b5b766fe651c47ef084ce4ce7dc6,"{""distance"":5,""physical_error_rate"":5e-05}","{""detection_events"":260,""detectors_checked"":1566720}"
      2048,         1,         0,    1.40,decoder_by_matrix,ea7f9f6779b22135d209c4f5fb271040b08fef7381a446752a0daec93f56ae96,"{""distance"":5,""physical_error_rate"":0.01}","{""detection_events"":12040,""detectors_checked"":348160,""obs_mistake_mask=E_"":1}"
      5120,         8,         0,    3.77,decoder_by_matrix,ea7f9f6779b22135d209c4f5fb271040b08fef7381a446752a0daec93f56ae96,"{""distance"":5,""physical_error_rate"":0.01}","{""detection_events"":28610,""detectors_checked"":870400,""obs_mistake_mask=EE"":3,""obs_mistake_mask=E_"":3,""obs_mistake_mask=_E"":2}"
   1172480,         0,         0,    44.9,decoder_by_matrix,cc9cd6551b3048ae216380ccb8ae5d3cca75b5b766fe651c47ef084ce4ce7dc6,"{""distance"":5,""physical_error_rate"":5e-05}","{""detection_events"":34240,""detectors_checked"":199321600}"
   1153024,         1,         0,    44.9,decoder_by_matrix,f0fc70a0432f83ff513e502442839d2eab02e2bed2f658d0464ff826d304e5e7,"{""distance"":5,""physical_error_rate"":0.0005}","{""detection_events"":329060,""detectors_checked"":196014080,""obs_mistake_mask=E_"":1}"
   1154048,         0,         0,    44.9,decoder_by_matrix,a052b2ce6ed64a98931ebcd7492590a746d7ec6e385d9f4479eb5b69a31b01f0,"{""distance"":5,""physical_error_rate"":0.0001}","{""detection_events"":67485,""detectors_checked"":196188160}"
      3072,         7,         0,    1.11,decoder_by_matrix,ea7f9f6779b22135d209c4f5fb271040b08fef7381a446752a0daec93f56ae96,"{""distance"":5,""physical_error_rate"":0.01}","{""detection_events"":17210,""detectors_checked"":522240,""obs_mistake_mask=EE"":2,""obs_mistake_mask=E_"":2,""obs_mistake_mask=_E"":3}"
      9216,         0,         0,    3.18,decoder_by_matrix,f0fc70a0432f83ff513e502442839d2eab02e2bed2f658d0464ff826d304e5e7,"{""distance"":5,""physical_error_rate"":0.0005}","{""detection_events"":2280,""detectors_checked"":1566720}"
      4096,         6,         0,    3.55,decoder_by_matrix,ea7f9f6779b22135d209c4f5fb271040b08fef7381a446752a0daec93f56ae96,"{""distance"":5,""physical_error_rate"":0.01}","{""detection_events"":22380,""detectors_checked"":696320,""obs_mistake_mask=EE"":2,""obs_mistake_mask=E_"":1,""obs_mistake_mask=_E"":3}"
   1183744,         3,         0,    44.9,decoder_by_matrix,5b8a070a3cf8d31d64f24dbee89f3428cb9cab13fc59f7448d798f9bf08e9187,"{""distance"":5,""physical_error_rate"":0.001}","{""detection_events"":675820,""detectors_checked"":201236480,""obs_mistake_mask=E_"":1,""obs_mistake_mask=_E"":2}"
   1195008,         1,         0,    44.9,decoder_by_matrix,5b8a070a3cf8d31d64f24dbee89f3428cb9cab13fc59f7448d798f9bf08e9187,"{""distance"":5,""physical_error_rate"":0.001}","{""detection_events"":682530,""detectors_checked"":203151360,""obs_mistake_mask=_E"":1}"
   1255424,         0,         0,    44.8,decoder_by_matrix,161b5fe948dcfe007f335a5c57bcb8ff38ff3ea8726714a4cc08f5b9386b17ca,"{""distance"":5,""physical_error_rate"":5e-06}","{""detection_events"":3835,""detectors_checked"":213422080}"
         1,         0,         0,   0.061,decoder_by_matrix,161b5fe948dcfe007f335a5c57bcb8ff38ff3ea8726714a4cc08f5b9386b17ca,"{""distance"":5,""physical_error_rate"":5e-06}","{""detectors_checked"":170}"
         1,         0,         0,   0.077,decoder_by_matrix,be0c214c078cdb5104153598b498575a1fc035ba16beb428536e5a87ee0a867f,"{""distance"":5,""physical_error_rate"":1e-06}","{""detectors_checked"":170}"
         1,         0,         0,   0.099,decoder_by_matrix,6866428194f3c2ecf80b799fe3d7eaa0d7bfdd0bee14693d15f8abf3c1159eda,"{""distance"":5,""physical_error_rate"":1e-05}","{""detectors_checked"":170}"
         1,         0,         0,   0.127,decoder_by_matrix,f0fc70a0432f83ff513e502442839d2eab02e2bed2f658d0464ff826d304e5e7,"{""distance"":5,""physical_error_rate"":0.0005}","{""detectors_checked"":170}"
         8,         0,         0,   0.074,decoder_by_matrix,161b5fe948dcfe007f335a5c57bcb8ff38ff3ea8726714a4cc08f5b9386b17ca,"{""distance"":5,""physical_error_rate"":5e-06}","{""detectors_checked"":1360}"
         4,         0,         0,   0.079,decoder_by_matrix,be0c214c078cdb5104153598b498575a1fc035ba16beb428536e5a87ee0a867f,"{""distance"":5,""physical_error_rate"":1e-06}","{""detectors_checked"":680}"
         1,         0,         0,   0.158,decoder_by_matrix,a052b2ce6ed64a98931ebcd7492590a746d7ec6e385d9f4479eb5b69a31b01f0,"{""distance"":5,""physical_error_rate"":0.0001}","{""detectors_checked"":170}"
   1219584,         0,         0,    44.9,decoder_by_matrix,cc9cd6551b3048ae216380ccb8ae5d3cca75b5b766fe651c47ef084ce4ce7dc6,"{""distance"":5,""physical_error_rate"":5e-05}","{""detection_events"":35440,""detectors_checked"":207329280}"
   1147904,         0,         0,    44.9,decoder_by_matrix,be0c214c078cdb5104153598b498575a1fc035ba16beb428536e5a87ee0a867f,"{""distance"":5,""physical_error_rate"":1e-06}","{""detection_events"":650,""detectors_checked"":195143680}"
        64,         0,         0,   0.074,decoder_by_matrix,161b5fe948dcfe007f335a5c57bcb8ff38ff3ea8726714a4cc08f5b9386b17ca,"{""distance"":5,""physical_error_rate"":5e-06}","{""detectors_checked"":10880}"
        16,         0,         0,   0.060,decoder_by_matrix,be0c214c078cdb5104153598b498575a1fc035ba16beb428536e5a87ee0a867f,"{""distance"":5,""physical_error_rate"":1e-06}","{""detectors_checked"":2720}"
   1153024,         0,         0,    44.8,decoder_by_matrix,f0fc70a0432f83ff513e502442839d2eab02e2bed2f658d0464ff826d304e5e7,"{""distance"":5,""physical_error_rate"":0.0005}","{""detection_events"":325010,""detectors_checked"":196014080}"
       512,         0,         0,   0.061,decoder_by_matrix,161b5fe948dcfe007f335a5c57bcb8ff38ff3ea8726714a4cc08f5b9386b17ca,"{""distance"":5,""physical_error_rate"":5e-06}","{""detectors_checked"":87040}"
   1266688,         0,         0,    44.9,decoder_by_matrix,be0c214c078cdb5104153598b498575a1fc035ba16beb428536e5a87ee0a867f,"{""distance"":5,""physical_error_rate"":1e-06}","{""detection_events"":1060,""detectors_checked"":215336960}"
   1212416,         0,         0,    44.9,decoder_by_matrix,a052b2ce6ed64a98931ebcd7492590a746d7ec6e385d9f4479eb5b69a31b01f0,"{""distance"":5,""physical_error_rate"":0.0001}","{""detection_events"":68625,""detectors_checked"":206110720}"
       128,         0,         0,   0.060,decoder_by_matrix,be0c214c078cdb5104153598b498575a1fc035ba16beb428536e5a87ee0a867f,"{""distance"":5,""physical_error_rate"":1e-06}","{""detectors_checked"":21760}"
         1,         0,         0,   0.283,decoder_by_matrix,cc9cd6551b3048ae216380ccb8ae5d3cca75b5b766fe651c47ef084ce4ce7dc6,"{""distance"":5,""physical_error_rate"":5e-05}","{""detectors_checked"":170}"
   1127424,         0,         0,    44.9,decoder_by_matrix,a052b2ce6ed64a98931ebcd7492590a746d7ec6e385d9f4479eb5b69a31b01f0,"{""distance"":5,""physical_error_rate"":0.0001}","{""detection_events"":64170,""detectors_checked"":191662080}"
      1024,         0,         0,   0.075,decoder_by_matrix,161b5fe948dcfe007f335a5c57bcb8ff38ff3ea8726714a4cc08f5b9386b17ca,"{""distance"":5,""physical_error_rate"":5e-06}","{""detectors_checked"":174080}"
         2,         0,         0,   0.189,decoder_by_matrix,a052b2ce6ed64a98931ebcd7492590a746d7ec6e385d9f4479eb5b69a31b01f0,"{""distance"":5,""physical_error_rate"":0.0001}","{""detectors_checked"":340}"
      1024,         0,         0,   0.075,decoder_by_matrix,be0c214c078cdb5104153598b498575a1fc035ba16beb428536e5a87ee0a867f,"{""distance"":5,""physical_error_rate"":1e-06}","{""detectors_checked"":174080}"
         4,         0,         0,   0.283,decoder_by_matrix,6866428194f3c2ecf80b799fe3d7eaa0d7bfdd0bee14693d15f8abf3c1159eda,"{""distance"":5,""physical_error_rate"":1e-05}","{""detectors_checked"":680}"
         4,         0,         0,   0.283,decoder_by_matrix,f0fc70a0432f83ff513e502442839d2eab02e2bed2f658d0464ff826d304e5e7,"{""distance"":5,""physical_error_rate"":0.0005}","{""detection_events"":30,""detectors_checked"":680}"
      1024,         0,         0,   0.070,decoder_by_matrix,161b5fe948dcfe007f335a5c57bcb8ff38ff3ea8726714a4cc08f5b9386b17ca,"{""distance"":5,""physical_error_rate"":5e-06}","{""detectors_checked"":174080}"
         4,         0,         0,   0.070,decoder_by_matrix,a052b2ce6ed64a98931ebcd7492590a746d7ec6e385d9f4479eb5b69a31b01f0,"{""distance"":5,""physical_error_rate"":0.0001}","{""detectors_checked"":680}"
      1024,         0,         0,   0.059,decoder_by_matrix,be0c214c078cdb5104153598b498575a1fc035ba16beb428536e5a87ee0a867f,"{""distance"":5,""physical_error_rate"":1e-06}","{""detectors_checked"":174080}"
      1024,         0,         0,   0.076,decoder_by_matrix,161b5fe948dcfe007f335a5c57bcb8ff38ff3ea8726714a4cc08f5b9386b17ca,"{""distance"":5,""physical_error_rate"":5e-06}","{""detectors_checked"":174080}"
      9216,         0,         0,    3.09,decoder_by_matrix,5b8a070a3cf8d31d64f24dbee89f3428cb9cab13fc59f7448d798f9bf08e9187,"{""distance"":5,""physical_error_rate"":0.001}","{""detection_events"":5670,""detectors_checked"":1566720}"
      1024,         0,         0,   0.076,decoder_by_matrix,be0c214c078cdb5104153598b498575a1fc035ba16beb428536e5a87ee0a867f,"{""distance"":5,""physical_error_rate"":1e-06}","{""detectors_checked"":174080}"
         2,         0,         0,   0.209,decoder_by_matrix,cc9cd6551b3048ae216380ccb8ae5d3cca75b5b766fe651c47ef084ce4ce7dc6,"{""distance"":5,""physical_error_rate"":5e-05}","{""detectors_checked"":340}"
      2048,         0,         0,   0.138,decoder_by_matrix,161b5fe948dcfe007f335a5c57bcb8ff38ff3ea8726714a4cc08f5b9386b17ca,"{""distance"":5,""physical_error_rate"":5e-06}","{""detectors_checked"":348160}"
      2048,         0,         0,   0.150,decoder_by_matrix,be0c214c078cdb5104153598b498575a1fc035ba16beb428536e5a87ee0a867f,"{""distance"":5,""physical_error_rate"":1e-06}","{""detectors_checked"":348160}"
         8,         0,         0,   0.282,decoder_by_matrix,6866428194f3c2ecf80b799fe3d7eaa0d7bfdd0bee14693d15f8abf3c1159eda,"{""distance"":5,""physical_error_rate"":1e-05}","{""detectors_checked"":1360}"
         8,         0,         0,   0.287,decoder_by_matrix,f0fc70a0432f83ff513e502442839d2eab02e2bed2f658d0464ff826d304e5e7,"{""distance"":5,""physical_error_rate"":0.0005}","{""detection_events"":70,""detectors_checked"":1360}"
      2048,         0,         0,   0.150,decoder_by_matrix,161b5fe948dcfe007f335a5c57bcb8ff38ff3ea8726714a4cc08f5b9386b17ca,"{""distance"":5,""physical_error_rate"":5e-06}","{""detectors_checked"":348160}"
         4,         0,         0,   0.299,decoder_by_matrix,cc9cd6551b3048ae216380ccb8ae5d3cca75b5b766fe651c47ef084ce4ce7dc6,"{""distance"":5,""physical_error_rate"":5e-05}","{""detectors_checked"":680}"
      5120,         0,         0,   0.181,decoder_by_matrix,be0c214c078cdb5104153598b498575a1fc035ba16beb428536e5a87ee0a867f,"{""distance"":5,""physical_error_rate"":1e-06}","{""detection_events"":5,""detectors_checked"":870400}"
     10240,         0,         0,    3.33,decoder_by_matrix,6866428194f3c2ecf80b799fe3d7eaa0d7bfdd0bee14693d15f8abf3c1159eda,"{""distance"":5,""physical_error_rate"":1e-05}","{""detection_events"":25,""detectors_checked"":1740800}"
        16,         0,         0,   0.230,decoder_by_matrix,6866428194f3c2ecf80b799fe3d7eaa0d7bfdd0bee14693d15f8abf3c1159eda,"{""distance"":5,""physical_error_rate"":1e-05}","{""detectors_checked"":2720}"
        32,         0,         0,   0.519,decoder_by_matrix,a052b2ce6ed64a98931ebcd7492590a746d7ec6e385d9f4479eb5b69a31b01f0,"{""distance"":5,""physical_error_rate"":0.0001}","{""detectors_checked"":5440}"
   1198080,         0,         0,    44.8,decoder_by_matrix,be0c214c078cdb5104153598b498575a1fc035ba16beb428536e5a87ee0a867f,"{""distance"":5,""physical_error_rate"":1e-06}","{""detection_events"":640,""detectors_checked"":203673600}"
        16,         0,         0,   0.299,decoder_by_matrix,f0fc70a0432f83ff513e502442839d2eab02e2bed2f658d0464ff826d304e5e7,"{""distance"":5,""physical_error_rate"":0.0005}","{""detectors_checked"":2720}"
      4096,         0,         0,   0.222,decoder_by_matrix,161b5fe948dcfe007f335a5c57bcb8ff38ff3ea8726714a4cc08f5b9386b17ca,"{""distance"":5,""physical_error_rate"":5e-06}","{""detection_events"":20,""detectors_checked"":696320}"
      6144,         0,         0,   0.221,decoder_by_matrix,be0c214c078cdb5104153598b498575a1fc035ba16beb428536e5a87ee0a867f,"{""distance"":5,""physical_error_rate"":1e-06}","{""detectors_checked"":1044480}"
         8,         0,         0,   0.304,decoder_by_matrix,cc9cd6551b3048ae216380ccb8ae5d3cca75b5b766fe651c47ef084ce4ce7dc6,"{""distance"":5,""physical_error_rate"":5e-05}","{""detectors_checked"":1360}"
   1176576,         0,         0,    44.9,decoder_by_matrix,cc9cd6551b3048ae216380ccb8ae5d3cca75b5b766fe651c47ef084ce4ce7dc6,"{""distance"":5,""physical_error_rate"":5e-05}","{""detection_events"":32065,""detectors_checked"":200017920}"
        32,         0,         0,   0.229,decoder_by_matrix,a052b2ce6ed64a98931ebcd7492590a746d7ec6e385d9f4479eb5b69a31b01f0,"{""distance"":5,""physical_error_rate"":0.0001}","{""detectors_checked"":5440}"
        32,         0,         0,   0.302,decoder_by_matrix,6866428194f3c2ecf80b799fe3d7eaa0d7bfdd0bee14693d15f8abf3c1159eda,"{""distance"":5,""physical_error_rate"":1e-05}","{""detectors_checked"":5440}"
        32,         0,         0,   0.230,decoder_by_matrix,f0fc70a0432f83ff513e502442839d2eab02e2bed2f658d0464ff826d304e5e7,"{""distance"":5,""physical_error_rate"":0.0005}","{""detection_events"":70,""detectors_checked"":5440}"
      8192,         0,         0,    3.12,decoder_by_matrix,5b8a070a3cf8d31d64f24dbee89f3428cb9cab13fc59f7448d798f9bf08e9187,"{""distance"":5,""physical_error_rate"":0.001}","{""detection_events"":4445,""detectors_checked"":1392640}"
     11264,         5,         0,    2.35,decoder_by_matrix,6e3a1f380712a757a3b5fe9f9ef1a6075c7a0550e780d9e60559e4f3ce4ef0bf,"{""distance"":5,""physical_error_rate"":0.005}","{""detection_events"":30360,""detectors_checked"":1914880,""obs_mistake_mask=EE"":1,""obs_mistake_mask=E_"":3,""obs_mistake_mask=_E"":1}"
      8192,         0,         0,   0.300,decoder_by_matrix,161b5fe948dcfe007f335a5c57bcb8ff38ff3ea8726714a4cc08f5b9386b17ca,"{""distance"":5,""physical_error_rate"":5e-06}","{""detection_events"":30,""detectors_checked"":1392640}"
   1181696,         0,         0,    44.8,decoder_by_matrix,6866428194f3c2ecf80b799fe3d7eaa0d7bfdd0bee14693d15f8abf3c1159eda,"{""distance"":5,""physical_error_rate"":1e-05}","{""detection_events"":6490,""detectors_checked"":200888320}"
      8192,         0,         0,   0.301,decoder_by_matrix,be0c214c078cdb5104153598b498575a1fc035ba16beb428536e5a87ee0a867f,"{""distance"":5,""physical_error_rate"":1e-06}","{""detectors_checked"":1392640}"
     11264,         0,         0,    3.25,decoder_by_matrix,161b5fe948dcfe007f335a5c57bcb8ff38ff3ea8726714a4cc08f5b9386b17ca,"{""distance"":5,""physical_error_rate"":5e-06}","{""detection_events"":40,""detectors_checked"":1914880}"
        32,         0,         0,   0.235,decoder_by_matrix,6866428194f3c2ecf80b799fe3d7eaa0d7bfdd0bee14693d15f8abf3c1159eda,"{""distance"":5,""physical_error_rate"":1e-05}","{""detectors_checked"":5440}"
         8,         0,         0,   0.307,decoder_by_matrix,cc9cd6551b3048ae216380ccb8ae5d3cca75b5b766fe651c47ef084ce4ce7dc6,"{""distance"":5,""physical_error_rate"":5e-05}","{""detectors_checked"":1360}"
        64,         0,         0,   0.306,decoder_by_matrix,a052b2ce6ed64a98931ebcd7492590a746d7ec6e385d9f4479eb5b69a31b01f0,"{""distance"":5,""physical_error_rate"":0.0001}","{""detectors_checked"":10880}"
        64,         0,         0,   0.236,decoder_by_matrix,f0fc70a0432f83ff513e502442839d2eab02e2bed2f658d0464ff826d304e5e7,"{""distance"":5,""physical_error_rate"":0.0005}","{""detection_events"":5,""detectors_checked"":10880}"
      7680,         0,         0,    3.33,decoder_by_matrix,a052b2ce6ed64a98931ebcd7492590a746d7ec6e385d9f4479eb5b69a31b01f0,"{""distance"":5,""physical_error_rate"":0.0001}","{""detection_events"":565,""detectors_checked"":1305600}"
      5632,         0,         0,    3.02,decoder_by_matrix,6e3a1f380712a757a3b5fe9f9ef1a6075c7a0550e780d9e60559e4f3ce4ef0bf,"{""distance"":5,""physical_error_rate"":0.005}","{""detection_events"":15245,""detectors_checked"":957440}"
        64,         0,         0,   0.241,decoder_by_matrix,a052b2ce6ed64a98931ebcd7492590a746d7ec6e385d9f4479eb5b69a31b01f0,"{""distance"":5,""physical_error_rate"":0.0001}","{""detectors_checked"":10880}"
     11264,         0,         0,   0.417,decoder_by_matrix,161b5fe948dcfe007f335a5c57bcb8ff38ff3ea8726714a4cc08f5b9386b17ca,"{""distance"":5,""physical_error_rate"":5e-06}","{""detectors_checked"":1914880}"
        64,         0,         0,   0.317,decoder_by_matrix,6866428194f3c2ecf80b799fe3d7eaa0d7bfdd0bee14693d15f8abf3c1159eda,"{""distance"":5,""physical_error_rate"":1e-05}","{""detectors_checked"":10880}"
     10240,         0,         0,    3.09,decoder_by_matrix,cc9cd6551b3048ae216380ccb8ae5d3cca75b5b766fe651c47ef084ce4ce7dc6,"{""distance"":5,""physical_error_rate"":5e-05}","{""detection_events"":120,""detectors_checked"":1740800}"
         8,         0,         0,   0.241,decoder_by_matrix,cc9cd6551b3048ae216380ccb8ae5d3cca75b5b766fe651c47ef084ce4ce7dc6,"{""distance"":5,""physical_error_rate"":5e-05}","{""detectors_checked"":1360}"
     11264,         0,         0,   0.410,decoder_by_matrix,be0c214c078cdb5104153598b498575a1fc035ba16beb428536e5a87ee0a867f,"{""distance"":5,""physical_error_rate"":1e-06}","{""detectors_checked"":1914880}"
       128,         0,         0,   0.320,decoder_by_matrix,f0fc70a0432f83ff513e502442839d2eab02e2bed2f658d0464ff826d304e5e7,"{""distance"":5,""physical_error_rate"":0.0005}","{""detection_events"":15,""detectors_checked"":21760}"
   1123328,         1,         0,    44.9,decoder_by_matrix,f0fc70a0432f83ff513e502442839d2eab02e2bed2f658d0464ff826d304e5e7,"{""distance"":5,""physical_error_rate"":0.0005}","{""detection_events"":317665,""detectors_checked"":190965760,""obs_mistake_mask=_E"":1}"
       128,         0,         0,   0.240,decoder_by_matrix,a052b2ce6ed64a98931ebcd7492590a746d7ec6e385d9f4479eb5b69a31b01f0,"{""distance"":5,""physical_error_rate"":0.0001}","{""detectors_checked"":21760}"
        64,         0,         0,   0.242,decoder_by_matrix,6866428194f3c2ecf80b799fe3d7eaa0d7bfdd0bee14693d15f8abf3c1159eda,"{""distance"":5,""physical_error_rate"":1e-05}","{""detectors_checked"":10880}"
        16,         0,         0,   0.243,decoder_by_matrix,cc9cd6551b3048ae216380ccb8ae5d3cca75b5b766fe651c47ef084ce4ce7dc6,"{""distance"":5,""physical_error_rate"":5e-05}","{""detectors_checked"":2720}"
     13312,         4,         0,    4.38,decoder_by_matrix,6e3a1f380712a757a3b5fe9f9ef1a6075c7a0550e780d9e60559e4f3ce4ef0bf,"{""distance"":5,""physical_error_rate"":0.005}","{""detection_events"":37080,""detectors_checked"":2263040,""obs_mistake_mask=E_"":1,""obs_mistake_mask=_E"":3}"
       128,         0,         0,   0.428,decoder_by_matrix,f0fc70a0432f83ff513e502442839d2eab02e2bed2f658d0464ff826d304e5e7,"{""distance"":5,""physical_error_rate"":0.0005}","{""detection_events"":85,""detectors_checked"":21760}"
     15360,         0,         0,   0.586,decoder_by_matrix,161b5fe948dcfe007f335a5c57bcb8ff38ff3ea8726714a4cc08f5b9386b17ca,"{""distance"":5,""physical_error_rate"":5e-06}","{""detectors_checked"":2611200}"
       256,         0,         0,   0.359,decoder_by_matrix,a052b2ce6ed64a98931ebcd7492590a746d7ec6e385d9f4479eb5b69a31b01f0,"{""distance"":5,""physical_error_rate"":0.0001}","{""detectors_checked"":43520}"
       128,         0,         0,   0.360,decoder_by_matrix,6866428194f3c2ecf80b799fe3d7eaa0d7bfdd0bee14693d15f8abf3c1159eda,"{""distance"":5,""physical_error_rate"":1e-05}","{""detectors_checked"":21760}"
        32,         0,         0,   0.360,decoder_by_matrix,cc9cd6551b3048ae216380ccb8ae5d3cca75b5b766fe651c47ef084ce4ce7dc6,"{""distance"":5,""physical_error_rate"":5e-05}","{""detectors_checked"":5440}"
     16384,         0,         0,   0.601,decoder_by_matrix,be0c214c078cdb5104153598b498575a1fc035ba16beb428536e5a87ee0a867f,"{""distance"":5,""physical_error_rate"":1e-06}","{""detectors_checked"":2785280}"
        66,         0,         0,    6.36,decoder_by_matrix,be0c214c078cdb5104153598b498575a1fc035ba16beb428536e5a87ee0a867f,"{""distance"":5,""physical_error_rate"":1e-06}","{""detectors_checked"":11220}"
       128,         0,         0,   0.287,decoder_by_matrix,f0fc70a0432f83ff513e502442839d2eab02e2bed2f658d0464ff826d304e5e7,"{""distance"":5,""physical_error_rate"":0.0005}","{""detection_events"":20,""detectors_checked"":21760}"
     19456,         0,         0,    6.01,decoder_by_matrix,5b8a070a3cf8d31d64f24dbee89f3428cb9cab13fc59f7448d798f9bf08e9187,"{""distance"":5,""physical_error_rate"":0.001}","{""detection_events"":10525,""detectors_checked"":3307520}"
       256,         0,         0,   0.374,decoder_by_matrix,a052b2ce6ed64a98931ebcd7492590a746d7ec6e385d9f4479eb5b69a31b01f0,"{""distance"":5,""physical_error_rate"":0.0001}","{""detection_events"":20,""detectors_checked"":43520}"
      8704,         0,         0,    3.29,decoder_by_matrix,a052b2ce6ed64a98931ebcd7492590a746d7ec6e385d9f4479eb5b69a31b01f0,"{""distance"":5,""physical_error_rate"":0.0001}","{""detection_events"":460,""detectors_checked"":1479680}"
       128,         0,         0,   0.377,decoder_by_matrix,6866428194f3c2ecf80b799fe3d7eaa0d7bfdd0bee14693d15f8abf3c1159eda,"{""distance"":5,""physical_error_rate"":1e-05}","{""detectors_checked"":21760}"
        32,         0,         0,   0.376,decoder_by_matrix,cc9cd6551b3048ae216380ccb8ae5d3cca75b5b766fe651c47ef084ce4ce7dc6,"{""distance"":5,""physical_error_rate"":5e-05}","{""detectors_checked"":5440}"
       256,         0,         0,   0.291,decoder_by_matrix,a052b2ce6ed64a98931ebcd7492590a746d7ec6e385d9f4479eb5b69a31b01f0,"{""distance"":5,""physical_error_rate"":0.0001}","{""detection_events"":10,""detectors_checked"":43520}"
        32,         0,         0,   0.292,decoder_by_matrix,cc9cd6551b3048ae216380ccb8ae5d3cca75b5b766fe651c47ef084ce4ce7dc6,"{""distance"":5,""physical_error_rate"":5e-05}","{""detectors_checked"":5440}"
       256,         0,         0,   0.476,decoder_by_matrix,f0fc70a0432f83ff513e502442839d2eab02e2bed2f658d0464ff826d304e5e7,"{""distance"":5,""physical_error_rate"":0.0005}","{""detection_events"":60,""detectors_checked"":43520}"
       128,         0,         0,   0.380,decoder_by_matrix,6866428194f3c2ecf80b799fe3d7eaa0d7bfdd0bee14693d15f8abf3c1159eda,"{""distance"":5,""physical_error_rate"":1e-05}","{""detectors_checked"":21760}"
     21504,         0,         0,   0.808,decoder_by_matrix,161b5fe948dcfe007f335a5c57bcb8ff38ff3ea8726714a4cc08f5b9386b17ca,"{""distance"":5,""physical_error_rate"":5e-06}","{""detection_events"":60,""detectors_checked"":3655680}"
     21504,         0,         0,   0.796,decoder_by_matrix,be0c214c078cdb5104153598b498575a1fc035ba16beb428536e5a87ee0a867f,"{""distance"":5,""physical_error_rate"":1e-06}","{""detection_events"":10,""detectors_checked"":3655680}"
        64,         0,         0,   0.288,decoder_by_matrix,cc9cd6551b3048ae216380ccb8ae5d3cca75b5b766fe651c47ef084ce4ce7dc6,"{""distance"":5,""physical_error_rate"":5e-05}","{""detectors_checked"":10880}"
      1024,         0,         0,   0.672,decoder_by_matrix,a052b2ce6ed64a98931ebcd7492590a746d7ec6e385d9f4479eb5b69a31b01f0,"{""distance"":5,""physical_error_rate"":0.0001}","{""detection_events"":105,""detectors_checked"":174080}"
       256,         0,         0,   0.639,decoder_by_matrix,6866428194f3c2ecf80b799fe3d7eaa0d7bfdd0bee14693d15f8abf3c1159eda,"{""distance"":5,""physical_error_rate"":1e-05}","{""detectors_checked"":43520}"
     68608,         0,         0,    23.2,decoder_by_matrix,161b5fe948dcfe007f335a5c57bcb8ff38ff3ea8726714a4cc08f5b9386b17ca,"{""distance"":5,""physical_error_rate"":5e-06}","{""detection_events"":205,""detectors_checked"":11663360}"
       768,         0,         0,   0.671,decoder_by_matrix,f0fc70a0432f83ff513e502442839d2eab02e2bed2f658d0464ff826d304e5e7,"{""distance"":5,""physical_error_rate"":0.0005}","{""detection_events"":175,""detectors_checked"":130560}"
     69376,         0,         0,    23.5,decoder_by_matrix,f0fc70a0432f83ff513e502442839d2eab02e2bed2f658d0464ff826d304e5e7,"{""distance"":5,""physical_error_rate"":0.0005}","{""detection_events"":19970,""detectors_checked"":11793920}"
     13312,         0,         0,    4.28,decoder_by_matrix,cc9cd6551b3048ae216380ccb8ae5d3cca75b5b766fe651c47ef084ce4ce7dc6,"{""distance"":5,""physical_error_rate"":5e-05}","{""detection_events"":520,""detectors_checked"":2263040}"
       256,         0,         0,   0.767,decoder_by_matrix,cc9cd6551b3048ae216380ccb8ae5d3cca75b5b766fe651c47ef084ce4ce7dc6,"{""distance"":5,""physical_error_rate"":5e-05}","{""detectors_checked"":43520}"
       512,         0,         0,   0.384,decoder_by_matrix,f0fc70a0432f83ff513e502442839d2eab02e2bed2f658d0464ff826d304e5e7,"{""distance"":5,""physical_error_rate"":0.0005}","{""detection_events"":140,""detectors_checked"":87040}"
     28672,         0,         0,    1.11,decoder_by_matrix,161b5fe948dcfe007f335a5c57bcb8ff38ff3ea8726714a4cc08f5b9386b17ca,"{""distance"":5,""physical_error_rate"":5e-06}","{""detection_events"":105,""detectors_checked"":4874240}"
     29696,         0,         0,    1.12,decoder_by_matrix,be0c214c078cdb5104153598b498575a1fc035ba16beb428536e5a87ee0a867f,"{""distance"":5,""physical_error_rate"":1e-06}","{""detectors_checked"":5048320}"
     13312,         0,         0,    4.43,decoder_by_matrix,f0fc70a0432f83ff513e502442839d2eab02e2bed2f658d0464ff826d304e5e7,"{""distance"":5,""physical_error_rate"":0.0005}","{""detection_events"":3775,""detectors_checked"":2263040}"
       512,         0,         0,   0.669,decoder_by_matrix,6866428194f3c2ecf80b799fe3d7eaa0d7bfdd0bee14693d15f8abf3c1159eda,"{""distance"":5,""physical_error_rate"":1e-05}","{""detectors_checked"":87040}"
      2048,         0,         0,   0.766,decoder_by_matrix,a052b2ce6ed64a98931ebcd7492590a746d7ec6e385d9f4479eb5b69a31b01f0,"{""distance"":5,""physical_error_rate"":0.0001}","{""detection_events"":165,""detectors_checked"":348160}"
      7168,         2,         0,    3.48,decoder_by_matrix,6e3a1f380712a757a3b5fe9f9ef1a6075c7a0550e780d9e60559e4f3ce4ef0bf,"{""distance"":5,""physical_error_rate"":0.005}","{""detection_events"":19525,""detectors_checked"":1218560,""obs_mistake_mask=_E"":2}"
       256,         0,         0,   0.772,decoder_by_matrix,cc9cd6551b3048ae216380ccb8ae5d3cca75b5b766fe651c47ef084ce4ce7dc6,"{""distance"":5,""physical_error_rate"":5e-05}","{""detection_events"":10,""detectors_checked"":43520}"
      1024,         0,         0,   0.768,decoder_by_matrix,f0fc70a0432f83ff513e502442839d2eab02e2bed2f658d0464ff826d304e5e7,"{""distance"":5,""physical_error_rate"":0.0005}","{""detection_events"":265,""detectors_checked"":174080}"
     13312,         0,         0,    4.60,decoder_by_matrix,5b8a070a3cf8d31d64f24dbee89f3428cb9cab13fc59f7448d798f9bf08e9187,"{""distance"":5,""physical_error_rate"":0.001}","{""detection_events"":7895,""detectors_checked"":2263040}"
     19456,         0,         0,    6.18,decoder_by_matrix,5b8a070a3cf8d31d64f24dbee89f3428cb9cab13fc59f7448d798f9bf08e9187,"{""distance"":5,""physical_error_rate"":0.001}","{""detection_events"":10940,""detectors_checked"":3307520}"
     13312,         0,         0,    4.53,decoder_by_matrix,6866428194f3c2ecf80b799fe3d7eaa0d7bfdd0bee14693d15f8abf3c1159eda,"{""distance"":5,""physical_error_rate"":1e-05}","{""detection_events"":35,""detectors_checked"":2263040}"
      1536,         0,         0,    1.15,decoder_by_matrix,6866428194f3c2ecf80b799fe3d7eaa0d7bfdd0bee14693d15f8abf3c1159eda,"{""distance"":5,""physical_error_rate"":1e-05}","{""detection_events"":5,""detectors_checked"":261120}"
      3072,         0,         0,    1.06,decoder_by_matrix,a052b2ce6ed64a98931ebcd7492590a746d7ec6e385d9f4479eb5b69a31b01f0,"{""distance"":5,""physical_error_rate"":0.0001}","{""detection_events"":160,""detectors_checked"":522240}"
     12288,         0,         0,    4.47,decoder_by_matrix,5b8a070a3cf8d31d64f24dbee89f3428cb9cab13fc59f7448d798f9bf08e9187,"{""distance"":5,""physical_error_rate"":0.001}","{""detection_events"":7475,""detectors_checked"":2088960}"
     41984,         0,         0,    1.57,decoder_by_matrix,161b5fe948dcfe007f335a5c57bcb8ff38ff3ea8726714a4cc08f5b9386b17ca,"{""distance"":5,""physical_error_rate"":5e-06}","{""detection_events"":150,""detectors_checked"":7137280}"
     43008,         0,         0,    1.58,decoder_by_matrix,be0c214c078cdb5104153598b498575a1fc035ba16beb428536e5a87ee0a867f,"{""distance"":5,""physical_error_rate"":1e-06}","{""detection_events"":5,""detectors_checked"":7311360}"
       512,         0,         0,    1.04,decoder_by_matrix,cc9cd6551b3048ae216380ccb8ae5d3cca75b5b766fe651c47ef084ce4ce7dc6,"{""distance"":5,""physical_error_rate"":5e-05}","{""detectors_checked"":87040}"
     13312,         0,         0,    4.63,decoder_by_matrix,161b5fe948dcfe007f335a5c57bcb8ff38ff3ea8726714a4cc08f5b9386b17ca,"{""distance"":5,""physical_error_rate"":5e-06}","{""detection_events"":25,""detectors_checked"":2263040}"
     11264,         0,         0,    4.41,decoder_by_matrix,a052b2ce6ed64a98931ebcd7492590a746d7ec6e385d9f4479eb5b69a31b01f0,"{""distance"":5,""physical_error_rate"":0.0001}","{""detection_events"":905,""detectors_checked"":1914880}"
      1536,         0,         0,    1.16,decoder_by_matrix,f0fc70a0432f83ff513e502442839d2eab02e2bed2f658d0464ff826d304e5e7,"{""distance"":5,""physical_error_rate"":0.0005}","{""detection_events"":540,""detectors_checked"":261120}"
     12288,         0,         0,    4.52,decoder_by_matrix,cc9cd6551b3048ae216380ccb8ae5d3cca75b5b766fe651c47ef084ce4ce7dc6,"{""distance"":5,""physical_error_rate"":5e-05}","{""detection_events"":545,""detectors_checked"":2088960}"
     11264,         2,         0,    4.70,decoder_by_matrix,6e3a1f380712a757a3b5fe9f9ef1a6075c7a0550e780d9e60559e4f3ce4ef0bf,"{""distance"":5,""physical_error_rate"":0.005}","{""detection_events"":31705,""detectors_checked"":1914880,""obs_mistake_mask=E_"":2}"
      3072,         0,         0,    1.05,decoder_by_matrix,a052b2ce6ed64a98931ebcd7492590a746d7ec6e385d9f4479eb5b69a31b01f0,"{""distance"":5,""physical_error_rate"":0.0001}","{""detection_events"":250,""detectors_checked"":522240}"
      3072,         0,         0,    1.39,decoder_by_matrix,6866428194f3c2ecf80b799fe3d7eaa0d7bfdd0bee14693d15f8abf3c1159eda,"{""distance"":5,""physical_error_rate"":1e-05}","{""detection_events"":40,""detectors_checked"":522240}"
     12288,         0,         0,    4.56,decoder_by_matrix,a052b2ce6ed64a98931ebcd7492590a746d7ec6e385d9f4479eb5b69a31b01f0,"{""distance"":5,""physical_error_rate"":0.0001}","{""detection_events"":625,""detectors_checked"":2088960}"
      1280,         0,         0,    1.29,decoder_by_matrix,cc9cd6551b3048ae216380ccb8ae5d3cca75b5b766fe651c47ef084ce4ce7dc6,"{""distance"":5,""physical_error_rate"":5e-05}","{""detection_events"":40,""detectors_checked"":217600}"
     85504,         0,         0,    22.8,decoder_by_matrix,be0c214c078cdb5104153598b498575a1fc035ba16beb428536e5a87ee0a867f,"{""distance"":5,""physical_error_rate"":1e-06}","{""detection_events"":60,""detectors_checked"":14535680}"
      3072,         0,         0,    1.27,decoder_by_matrix,f0fc70a0432f83ff513e502442839d2eab02e2bed2f658d0464ff826d304e5e7,"{""distance"":5,""physical_error_rate"":0.0005}","{""detection_events"":850,""detectors_checked"":522240}"
     59392,         0,         0,    2.18,decoder_by_matrix,161b5fe948dcfe007f335a5c57bcb8ff38ff3ea8726714a4cc08f5b9386b17ca,"{""distance"":5,""physical_error_rate"":5e-06}","{""detection_events"":175,""detectors_checked"":10096640}"
     60416,         0,         0,    2.19,decoder_by_matrix,be0c214c078cdb5104153598b498575a1fc035ba16beb428536e5a87ee0a867f,"{""distance"":5,""physical_error_rate"":1e-06}","{""detectors_checked"":10270720}"
      5120,         0,         0,    1.53,decoder_by_matrix,a052b2ce6ed64a98931ebcd7492590a746d7ec6e385d9f4479eb5b69a31b01f0,"{""distance"":5,""physical_error_rate"":0.0001}","{""detection_events"":220,""detectors_checked"":870400}"
     16384,         2,         0,    6.27,decoder_by_matrix,6e3a1f380712a757a3b5fe9f9ef1a6075c7a0550e780d9e60559e4f3ce4ef0bf,"{""distance"":5,""physical_error_rate"":0.005}","{""detection_events"":46065,""detectors_checked"":2785280,""obs_mistake_mask=E_"":1,""obs_mistake_mask=_E"":1}"
      6144,         0,         0,    1.87,decoder_by_matrix,6866428194f3c2ecf80b799fe3d7eaa0d7bfdd0bee14693d15f8abf3c1159eda,"{""distance"":5,""physical_error_rate"":1e-05}","{""detection_events"":50,""detectors_checked"":1044480}"
      2560,         0,         0,    1.70,decoder_by_matrix,cc9cd6551b3048ae216380ccb8ae5d3cca75b5b766fe651c47ef084ce4ce7dc6,"{""distance"":5,""physical_error_rate"":5e-05}","{""detection_events"":70,""detectors_checked"":435200}"
      5120,         0,         0,    1.91,decoder_by_matrix,f0fc70a0432f83ff513e502442839d2eab02e2bed2f658d0464ff826d304e5e7,"{""distance"":5,""physical_error_rate"":0.0005}","{""detection_events"":1415,""detectors_checked"":870400}"
     11264,         2,         0,    4.58,decoder_by_matrix,6e3a1f380712a757a3b5fe9f9ef1a6075c7a0550e780d9e60559e4f3ce4ef0bf,"{""distance"":5,""physical_error_rate"":0.005}","{""detection_events"":31395,""detectors_checked"":1914880,""obs_mistake_mask=E_"":2}"
     16384,         0,         0,    6.24,decoder_by_matrix,cc9cd6551b3048ae216380ccb8ae5d3cca75b5b766fe651c47ef084ce4ce7dc6,"{""distance"":5,""physical_error_rate"":5e-05}","{""detection_events"":390,""detectors_checked"":2785280}"
      6144,         0,         0,    2.24,decoder_by_matrix,a052b2ce6ed64a98931ebcd7492590a746d7ec6e385d9f4479eb5b69a31b01f0,"{""distance"":5,""physical_error_rate"":0.0001}","{""detection_events"":340,""detectors_checked"":1044480}"
     16384,         0,         0,    6.06,decoder_by_matrix,f0fc70a0432f83ff513e502442839d2eab02e2bed2f658d0464ff826d304e5e7,"{""distance"":5,""physical_error_rate"":0.0005}","{""detection_events"":4505,""detectors_checked"":2785280}"
       168,         0,         0,    8.31,decoder_by_matrix,be0c214c078cdb5104153598b498575a1fc035ba16beb428536e5a87ee0a867f,"{""distance"":5,""physical_error_rate"":1e-06}","{""detectors_checked"":28560}"
     82944,         0,         0,    3.07,decoder_by_matrix,161b5fe948dcfe007f335a5c57bcb8ff38ff3ea8726714a4cc08f5b9386b17ca,"{""distance"":5,""physical_error_rate"":5e-06}","{""detection_events"":255,""detectors_checked"":14100480}"
     80896,         0,         0,    3.04,decoder_by_matrix,be0c214c078cdb5104153598b498575a1fc035ba16beb428536e5a87ee0a867f,"{""distance"":5,""physical_error_rate"":1e-06}","{""detection_events"":90,""detectors_checked"":13752320}"
     25600,         0,         0,    8.55,decoder_by_matrix,5b8a070a3cf8d31d64f24dbee89f3428cb9cab13fc59f7448d798f9bf08e9187,"{""distance"":5,""physical_error_rate"":0.001}","{""detection_events"":15255,""detectors_checked"":4352000}"
      7168,         0,         0,    2.41,decoder_by_matrix,6866428194f3c2ecf80b799fe3d7eaa0d7bfdd0bee14693d15f8abf3c1159eda,"{""distance"":5,""physical_error_rate"":1e-05}","{""detection_events"":10,""detectors_checked"":1218560}"
      3072,         0,         0,    2.30,decoder_by_matrix,cc9cd6551b3048ae216380ccb8ae5d3cca75b5b766fe651c47ef084ce4ce7dc6,"{""distance"":5,""physical_error_rate"":5e-05}","{""detection_events"":95,""detectors_checked"":522240}"
     16384,         0,         0,    6.38,decoder_by_matrix,5b8a070a3cf8d31d64f24dbee89f3428cb9cab13fc59f7448d798f9bf08e9187,"{""distance"":5,""physical_error_rate"":0.001}","{""detection_events"":9350,""detectors_checked"":2785280}"
    107520,        29,         0,    23.2,decoder_by_matrix,6e3a1f380712a757a3b5fe9f9ef1a6075c7a0550e780d9e60559e4f3ce4ef0bf,"{""distance"":5,""physical_error_rate"":0.005}","{""detection_events"":304065,""detectors_checked"":18278400,""obs_mistake_mask=EE"":4,""obs_mistake_mask=E_"":18,""obs_mistake_mask=_E"":7}"
     17408,         0,         0,    6.14,decoder_by_matrix,6866428194f3c2ecf80b799fe3d7eaa0d7bfdd0bee14693d15f8abf3c1159eda,"{""distance"":5,""physical_error_rate"":1e-05}","{""detection_events"":30,""detectors_checked"":2959360}"
      6144,         0,         0,    2.49,decoder_by_matrix,f0fc70a0432f83ff513e502442839d2eab02e2bed2f658d0464ff826d304e5e7,"{""distance"":5,""physical_error_rate"":0.0005}","{""detection_events"":1775,""detectors_checked"":1044480}"
     17408,         0,         0,    6.24,decoder_by_matrix,5b8a070a3cf8d31d64f24dbee89f3428cb9cab13fc59f7448d798f9bf08e9187,"{""distance"":5,""physical_error_rate"":0.001}","{""detection_events"":9790,""detectors_checked"":2959360}"
     16384,         0,         0,    6.04,decoder_by_matrix,a052b2ce6ed64a98931ebcd7492590a746d7ec6e385d9f4479eb5b69a31b01f0,"{""distance"":5,""physical_error_rate"":0.0001}","{""detection_events"":800,""detectors_checked"":2785280}"
     19456,         0,         0,    6.05,decoder_by_matrix,cc9cd6551b3048ae216380ccb8ae5d3cca75b5b766fe651c47ef084ce4ce7dc6,"{""distance"":5,""physical_error_rate"":5e-05}","{""detection_events"":700,""detectors_checked"":3307520}"
     18432,         0,         0,    6.62,decoder_by_matrix,161b5fe948dcfe007f335a5c57bcb8ff38ff3ea8726714a4cc08f5b9386b17ca,"{""distance"":5,""physical_error_rate"":5e-06}","{""detection_events"":105,""detectors_checked"":3133440}"
     16384,         2,         0,    6.25,decoder_by_matrix,6e3a1f380712a757a3b5fe9f9ef1a6075c7a0550e780d9e60559e4f3ce4ef0bf,"{""distance"":5,""physical_error_rate"":0.005}","{""detection_events"":46075,""detectors_checked"":2785280,""obs_mistake_mask=E_"":2}"
     16384,         0,         0,    6.38,decoder_by_matrix,a052b2ce6ed64a98931ebcd7492590a746d7ec6e385d9f4479eb5b69a31b01f0,"{""distance"":5,""physical_error_rate"":0.0001}","{""detection_events"":915,""detectors_checked"":2785280}"
     23552,         0,         0,    8.71,decoder_by_matrix,5b8a070a3cf8d31d64f24dbee89f3428cb9cab13fc59f7448d798f9bf08e9187,"{""distance"":5,""physical_error_rate"":0.001}","{""detection_events"":14115,""detectors_checked"":4003840}"
      9216,         0,         0,    3.35,decoder_by_matrix,a052b2ce6ed64a98931ebcd7492590a746d7ec6e385d9f4479eb5b69a31b01f0,"{""distance"":5,""physical_error_rate"":0.0001}","{""detection_events"":535,""detectors_checked"":1566720}"
      7168,         0,         0,    3.05,decoder_by_matrix,6866428194f3c2ecf80b799fe3d7eaa0d7bfdd0bee14693d15f8abf3c1159eda,"{""distance"":5,""physical_error_rate"":1e-05}","{""detection_events"":20,""detectors_checked"":1218560}"
      4096,         0,         0,    3.05,decoder_by_matrix,cc9cd6551b3048ae216380ccb8ae5d3cca75b5b766fe651c47ef084ce4ce7dc6,"{""distance"":5,""physical_error_rate"":5e-05}","{""detection_events"":105,""detectors_checked"":696320}"
      7168,         0,         0,    3.06,decoder_by_matrix,f0fc70a0432f83ff513e502442839d2eab02e2bed2f658d0464ff826d304e5e7,"{""distance"":5,""physical_error_rate"":0.0005}","{""detection_events"":1980,""detectors_checked"":1218560}"
    113664,         0,         0,    4.26,decoder_by_matrix,161b5fe948dcfe007f335a5c57bcb8ff38ff3ea8726714a4cc08f5b9386b17ca,"{""distance"":5,""physical_error_rate"":5e-06}","{""detection_events"":215,""detectors_checked"":19322880}"
    115712,         0,         0,    4.29,decoder_by_matrix,be0c214c078cdb5104153598b498575a1fc035ba16beb428536e5a87ee0a867f,"{""distance"":5,""physical_error_rate"":1e-06}","{""detection_events"":55,""detectors_checked"":19671040}"
     14336,         1,         0,    6.30,decoder_by_matrix,6e3a1f380712a757a3b5fe9f9ef1a6075c7a0550e780d9e60559e4f3ce4ef0bf,"{""distance"":5,""physical_error_rate"":0.005}","{""detection_events"":38905,""detectors_checked"":2437120,""obs_mistake_mask=_E"":1}"
     22528,        11,         0,    8.60,decoder_by_matrix,6e3a1f380712a757a3b5fe9f9ef1a6075c7a0550e780d9e60559e4f3ce4ef0bf,"{""distance"":5,""physical_error_rate"":0.005}","{""detection_events"":64900,""detectors_checked"":3829760,""obs_mistake_mask=EE"":3,""obs_mistake_mask=E_"":5,""obs_mistake_mask=_E"":3}"
     10240,         0,         0,    4.27,decoder_by_matrix,a052b2ce6ed64a98931ebcd7492590a746d7ec6e385d9f4479eb5b69a31b01f0,"{""distance"":5,""physical_error_rate"":0.0001}","{""detection_events"":710,""detectors_checked"":1740800}"
     12288,         0,         0,    4.35,decoder_by_matrix,6866428194f3c2ecf80b799fe3d7eaa0d7bfdd0bee14693d15f8abf3c1159eda,"{""distance"":5,""physical_error_rate"":1e-05}","{""detection_events"":95,""detectors_checked"":2088960}"
     10752,         0,         0,    4.25,decoder_by_matrix,cc9cd6551b3048ae216380ccb8ae5d3cca75b5b766fe651c47ef084ce4ce7dc6,"{""distance"":5,""physical_error_rate"":5e-05}","{""detection_events"":85,""detectors_checked"":1827840}"
     22528,         0,         0,    8.36,decoder_by_matrix,f0fc70a0432f83ff513e502442839d2eab02e2bed2f658d0464ff826d304e5e7,"{""distance"":5,""physical_error_rate"":0.0005}","{""detection_events"":6095,""detectors_checked"":3829760}"
     23552,         0,         0,    8.83,decoder_by_matrix,cc9cd6551b3048ae216380ccb8ae5d3cca75b5b766fe651c47ef084ce4ce7dc6,"{""distance"":5,""physical_error_rate"":5e-05}","{""detection_events"":620,""detectors_checked"":4003840}"
     11264,         0,         0,    4.44,decoder_by_matrix,f0fc70a0432f83ff513e502442839d2eab02e2bed2f658d0464ff826d304e5e7,"{""distance"":5,""physical_error_rate"":0.0005}","{""detection_events"":3030,""detectors_checked"":1914880}"
     22528,         0,         0,    8.44,decoder_by_matrix,5b8a070a3cf8d31d64f24dbee89f3428cb9cab13fc59f7448d798f9bf08e9187,"{""distance"":5,""physical_error_rate"":0.001}","{""detection_events"":12665,""detectors_checked"":3829760}"
     21504,         0,         0,    8.35,decoder_by_matrix,6866428194f3c2ecf80b799fe3d7eaa0d7bfdd0bee14693d15f8abf3c1159eda,"{""distance"":5,""physical_error_rate"":1e-05}","{""detection_events"":125,""detectors_checked"":3655680}"
     20480,         0,         0,    8.43,decoder_by_matrix,a052b2ce6ed64a98931ebcd7492590a746d7ec6e385d9f4479eb5b69a31b01f0,"{""distance"":5,""physical_error_rate"":0.0001}","{""detection_events"":1180,""detectors_checked"":3481600}"
     22528,         0,         0,    8.56,decoder_by_matrix,5b8a070a3cf8d31d64f24dbee89f3428cb9cab13fc59f7448d798f9bf08e9187,"{""distance"":5,""physical_error_rate"":0.001}","{""detection_events"":12615,""detectors_checked"":3829760}"
     24576,         0,         0,    8.51,decoder_by_matrix,161b5fe948dcfe007f335a5c57bcb8ff38ff3ea8726714a4cc08f5b9386b17ca,"{""distance"":5,""physical_error_rate"":5e-06}","{""detection_events"":60,""detectors_checked"":4177920}"
     23552,         0,         0,    8.41,decoder_by_matrix,cc9cd6551b3048ae216380ccb8ae5d3cca75b5b766fe651c47ef084ce4ce7dc6,"{""distance"":5,""physical_error_rate"":5e-05}","{""detection_events"":570,""detectors_checked"":4003840}"
     20480,         3,         0,    8.62,decoder_by_matrix,6e3a1f380712a757a3b5fe9f9ef1a6075c7a0550e780d9e60559e4f3ce4ef0bf,"{""distance"":5,""physical_error_rate"":0.005}","{""detection_events"":57330,""detectors_checked"":3481600,""obs_mistake_mask=E_"":2,""obs_mistake_mask=_E"":1}"
    159744,         0,         0,    5.97,decoder_by_matrix,161b5fe948dcfe007f335a5c57bcb8ff38ff3ea8726714a4cc08f5b9386b17ca,"{""distance"":5,""physical_error_rate"":5e-06}","{""detection_events"":495,""detectors_checked"":27156480}"
    160768,         0,         0,    5.96,decoder_by_matrix,be0c214c078cdb5104153598b498575a1fc035ba16beb428536e5a87ee0a867f,"{""distance"":5,""physical_error_rate"":1e-06}","{""detection_events"":50,""detectors_checked"":27330560}"
     21504,         0,         0,    8.56,decoder_by_matrix,a052b2ce6ed64a98931ebcd7492590a746d7ec6e385d9f4479eb5b69a31b01f0,"{""distance"":5,""physical_error_rate"":0.0001}","{""detection_events"":900,""detectors_checked"":3655680}"
       224,         0,         0,    11.8,decoder_by_matrix,be0c214c078cdb5104153598b498575a1fc035ba16beb428536e5a87ee0a867f,"{""distance"":5,""physical_error_rate"":1e-06}","{""detectors_checked"":38080}"
     33792,         0,         0,    11.9,decoder_by_matrix,5b8a070a3cf8d31d64f24dbee89f3428cb9cab13fc59f7448d798f9bf08e9187,"{""distance"":5,""physical_error_rate"":0.001}","{""detection_events"":18480,""detectors_checked"":5744640}"
     16384,         0,         0,    5.89,decoder_by_matrix,a052b2ce6ed64a98931ebcd7492590a746d7ec6e385d9f4479eb5b69a31b01f0,"{""distance"":5,""physical_error_rate"":0.0001}","{""detection_events"":1205,""detectors_checked"":2785280}"
     18432,         5,         0,    8.63,decoder_by_matrix,6e3a1f380712a757a3b5fe9f9ef1a6075c7a0550e780d9e60559e4f3ce4ef0bf,"{""distance"":5,""physical_error_rate"":0.005}","{""detection_events"":49930,""detectors_checked"":3133440,""obs_mistake_mask=EE"":1,""obs_mistake_mask=E_"":3,""obs_mistake_mask=_E"":1}"
     16384,         0,         0,    5.97,decoder_by_matrix,6866428194f3c2ecf80b799fe3d7eaa0d7bfdd0bee14693d15f8abf3c1159eda,"{""distance"":5,""physical_error_rate"":1e-05}","{""detection_events"":60,""detectors_checked"":2785280}"
    100864,         0,         0,    32.6,decoder_by_matrix,6866428194f3c2ecf80b799fe3d7eaa0d7bfdd0bee14693d15f8abf3c1159eda,"{""distance"":5,""physical_error_rate"":1e-05}","{""detection_events"":535,""detectors_checked"":17146880}"
     15360,         0,         0,    6.24,decoder_by_matrix,cc9cd6551b3048ae216380ccb8ae5d3cca75b5b766fe651c47ef084ce4ce7dc6,"{""distance"":5,""physical_error_rate"":5e-05}","{""detection_events"":335,""detectors_checked"":2611200}"
     15360,         0,         0,    6.21,decoder_by_matrix,f0fc70a0432f83ff513e502442839d2eab02e2bed2f658d0464ff826d304e5e7,"{""distance"":5,""physical_error_rate"":0.0005}","{""detection_events"":4520,""detectors_checked"":2611200}"
     32768,         0,         0,    11.9,decoder_by_matrix,5b8a070a3cf8d31d64f24dbee89f3428cb9cab13fc59f7448d798f9bf08e9187,"{""distance"":5,""physical_error_rate"":0.001}","{""detection_events"":18720,""detectors_checked"":5570560}"
     29696,         5,         0,    11.9,decoder_by_matrix,6e3a1f380712a757a3b5fe9f9ef1a6075c7a0550e780d9e60559e4f3ce4ef0bf,"{""distance"":5,""physical_error_rate"":0.005}","{""detection_events"":81705,""detectors_checked"":5048320,""obs_mistake_mask=EE"":5}"
    224256,         0,         0,    8.36,decoder_by_matrix,161b5fe948dcfe007f335a5c57bcb8ff38ff3ea8726714a4cc08f5b9386b17ca,"{""distance"":5,""physical_error_rate"":5e-06}","{""detection_events"":740,""detectors_checked"":38123520}"
    225280,         0,         0,    8.34,decoder_by_matrix,be0c214c078cdb5104153598b498575a1fc035ba16beb428536e5a87ee0a867f,"{""distance"":5,""physical_error_rate"":1e-06}","{""detection_events"":55,""detectors_checked"":38297600}"
     29696,         0,         0,    11.7,decoder_by_matrix,cc9cd6551b3048ae216380ccb8ae5d3cca75b5b766fe651c47ef084ce4ce7dc6,"{""distance"":5,""physical_error_rate"":5e-05}","{""detection_events"":920,""detectors_checked"":5048320}"
     31744,         0,         0,    11.9,decoder_by_matrix,f0fc70a0432f83ff513e502442839d2eab02e2bed2f658d0464ff826d304e5e7,"{""distance"":5,""physical_error_rate"":0.0005}","{""detection_events"":8190,""detectors_checked"":5396480}"
     32768,         0,         0,    11.8,decoder_by_matrix,6866428194f3c2ecf80b799fe3d7eaa0d7bfdd0bee14693d15f8abf3c1159eda,"{""distance"":5,""physical_error_rate"":1e-05}","{""detection_events"":235,""detectors_checked"":5570560}"
     31744,         1,         0,    12.4,decoder_by_matrix,5b8a070a3cf8d31d64f24dbee89f3428cb9cab13fc59f7448d798f9bf08e9187,"{""distance"":5,""physical_error_rate"":0.001}","{""detection_events"":18715,""detectors_checked"":5396480,""obs_mistake_mask=E_"":1}"
     30720,         0,         0,    11.9,decoder_by_matrix,a052b2ce6ed64a98931ebcd7492590a746d7ec6e385d9f4479eb5b69a31b01f0,"{""distance"":5,""physical_error_rate"":0.0001}","{""detection_events"":2035,""detectors_checked"":5222400}"
     29696,         0,         0,    11.9,decoder_by_matrix,5b8a070a3cf8d31d64f24dbee89f3428cb9cab13fc59f7448d798f9bf08e9187,"{""distance"":5,""physical_error_rate"":0.001}","{""detection_events"":17510,""detectors_checked"":5048320}"
     29696,         0,         0,    11.7,decoder_by_matrix,cc9cd6551b3048ae216380ccb8ae5d3cca75b5b766fe651c47ef084ce4ce7dc6,"{""distance"":5,""physical_error_rate"":5e-05}","{""detection_events"":1010,""detectors_checked"":5048320}"
     23552,         0,         0,    8.61,decoder_by_matrix,a052b2ce6ed64a98931ebcd7492590a746d7ec6e385d9f4479eb5b69a31b01f0,"{""distance"":5,""physical_error_rate"":0.0001}","{""detection_events"":1460,""detectors_checked"":4003840}"
     32768,         0,         0,    11.9,decoder_by_matrix,161b5fe948dcfe007f335a5c57bcb8ff38ff3ea8726714a4cc08f5b9386b17ca,"{""distance"":5,""physical_error_rate"":5e-06}","{""detection_events"":50,""detectors_checked"":5570560}"
     21504,         0,         0,    8.40,decoder_by_matrix,6866428194f3c2ecf80b799fe3d7eaa0d7bfdd0bee14693d15f8abf3c1159eda,"{""distance"":5,""physical_error_rate"":1e-05}","{""detection_events"":70,""detectors_checked"":3655680}"
     27648,         6,         0,    11.8,decoder_by_matrix,6e3a1f380712a757a3b5fe9f9ef1a6075c7a0550e780d9e60559e4f3ce4ef0bf,"{""distance"":5,""physical_error_rate"":0.005}","{""detection_events"":79555,""detectors_checked"":4700160,""obs_mistake_mask=E_"":4,""obs_mistake_mask=_E"":2}"
     22528,         0,         0,    8.63,decoder_by_matrix,cc9cd6551b3048ae216380ccb8ae5d3cca75b5b766fe651c47ef084ce4ce7dc6,"{""distance"":5,""physical_error_rate"":5e-05}","{""detection_events"":560,""detectors_checked"":3829760}"
     19456,         0,         0,    8.42,decoder_by_matrix,f0fc70a0432f83ff513e502442839d2eab02e2bed2f658d0464ff826d304e5e7,"{""distance"":5,""physical_error_rate"":0.0005}","{""detection_events"":5435,""detectors_checked"":3307520}"
     31744,         0,         0,    12.5,decoder_by_matrix,a052b2ce6ed64a98931ebcd7492590a746d7ec6e385d9f4479eb5b69a31b01f0,"{""distance"":5,""physical_error_rate"":0.0001}","{""detection_events"":1455,""detectors_checked"":5396480}"
     60416,         0,         0,    32.2,decoder_by_matrix,161b5fe948dcfe007f335a5c57bcb8ff38ff3ea8726714a4cc08f5b9386b17ca,"{""distance"":5,""physical_error_rate"":5e-06}","{""detection_events"":205,""detectors_checked"":10270720}"
     27648,         5,         0,    12.0,decoder_by_matrix,6e3a1f380712a757a3b5fe9f9ef1a6075c7a0550e780d9e60559e4f3ce4ef0bf,"{""distance"":5,""physical_error_rate"":0.005}","{""detection_events"":76185,""detectors_checked"":4700160,""obs_mistake_mask=EE"":1,""obs_mistake_mask=E_"":2,""obs_mistake_mask=_E"":2}"
     66560,         0,         0,    32.9,decoder_by_matrix,f0fc70a0432f83ff513e502442839d2eab02e2bed2f658d0464ff826d304e5e7,"{""distance"":5,""physical_error_rate"":0.0005}","{""detection_events"":19655,""detectors_checked"":11315200}"
       328,         0,         0,    16.3,decoder_by_matrix,be0c214c078cdb5104153598b498575a1fc035ba16beb428536e5a87ee0a867f,"{""distance"":5,""physical_error_rate"":1e-06}","{""detectors_checked"":55760}"
     46080,         0,         0,    16.6,decoder_by_matrix,5b8a070a3cf8d31d64f24dbee89f3428cb9cab13fc59f7448d798f9bf08e9187,"{""distance"":5,""physical_error_rate"":0.001}","{""detection_events"":26505,""detectors_checked"":7833600}"
     63488,         0,         0,    32.5,decoder_by_matrix,be0c214c078cdb5104153598b498575a1fc035ba16beb428536e5a87ee0a867f,"{""distance"":5,""physical_error_rate"":1e-06}","{""detection_events"":10,""detectors_checked"":10792960}"
    314368,         0,         0,    11.7,decoder_by_matrix,161b5fe948dcfe007f335a5c57bcb8ff38ff3ea8726714a4cc08f5b9386b17ca,"{""distance"":5,""physical_error_rate"":5e-06}","{""detection_events"":1160,""detectors_checked"":53442560}"
    315392,         0,         0,    11.7,decoder_by_matrix,be0c214c078cdb5104153598b498575a1fc035ba16beb428536e5a87ee0a867f,"{""distance"":5,""physical_error_rate"":1e-06}","{""detection_events"":205,""detectors_checked"":53616640}"
     44032,         0,         0,    16.3,decoder_by_matrix,5b8a070a3cf8d31d64f24dbee89f3428cb9cab13fc59f7448d798f9bf08e9187,"{""distance"":5,""physical_error_rate"":0.001}","{""detection_events"":24335,""detectors_checked"":7485440}"
     52736,        15,         0,    32.0,decoder_by_matrix,6e3a1f380712a757a3b5fe9f9ef1a6075c7a0550e780d9e60559e4f3ce4ef0bf,"{""distance"":5,""physical_error_rate"":0.005}","{""detection_events"":146805,""detectors_checked"":8965120,""obs_mistake_mask=EE"":5,""obs_mistake_mask=E_"":7,""obs_mistake_mask=_E"":3}"
     30720,         0,         0,    11.8,decoder_by_matrix,a052b2ce6ed64a98931ebcd7492590a746d7ec6e385d9f4479eb5b69a31b01f0,"{""distance"":5,""physical_error_rate"":0.0001}","{""detection_events"":1875,""detectors_checked"":5222400}"
     32768,         0,         0,    12.0,decoder_by_matrix,6866428194f3c2ecf80b799fe3d7eaa0d7bfdd0bee14693d15f8abf3c1159eda,"{""distance"":5,""physical_error_rate"":1e-05}","{""detection_events"":190,""detectors_checked"":5570560}"
     30720,         0,         0,    11.6,decoder_by_matrix,cc9cd6551b3048ae216380ccb8ae5d3cca75b5b766fe651c47ef084ce4ce7dc6,"{""distance"":5,""physical_error_rate"":5e-05}","{""detection_events"":915,""detectors_checked"":5222400}"
     43008,         7,         0,    16.4,decoder_by_matrix,6e3a1f380712a757a3b5fe9f9ef1a6075c7a0550e780d9e60559e4f3ce4ef0bf,"{""distance"":5,""physical_error_rate"":0.005}","{""detection_events"":122895,""detectors_checked"":7311360,""obs_mistake_mask=EE"":1,""obs_mistake_mask=E_"":3,""obs_mistake_mask=_E"":3}"
     29696,         0,         0,    12.0,decoder_by_matrix,f0fc70a0432f83ff513e502442839d2eab02e2bed2f658d0464ff826d304e5e7,"{""distance"":5,""physical_error_rate"":0.0005}","{""detection_events"":8245,""detectors_checked"":5048320}"
     43008,         0,         0,    16.6,decoder_by_matrix,cc9cd6551b3048ae216380ccb8ae5d3cca75b5b766fe651c47ef084ce4ce7dc6,"{""distance"":5,""physical_error_rate"":5e-05}","{""detection_events"":1180,""detectors_checked"":7311360}"
     43008,         0,         0,    16.5,decoder_by_matrix,f0fc70a0432f83ff513e502442839d2eab02e2bed2f658d0464ff826d304e5e7,"{""distance"":5,""physical_error_rate"":0.0005}","{""detection_events"":11970,""detectors_checked"":7311360}"
     46080,         0,         0,    16.4,decoder_by_matrix,6866428194f3c2ecf80b799fe3d7eaa0d7bfdd0bee14693d15f8abf3c1159eda,"{""distance"":5,""physical_error_rate"":1e-05}","{""detection_events"":265,""detectors_checked"":7833600}"
     41984,         0,         0,    16.4,decoder_by_matrix,5b8a070a3cf8d31d64f24dbee89f3428cb9cab13fc59f7448d798f9bf08e9187,"{""distance"":5,""physical_error_rate"":0.001}","{""detection_events"":24740,""detectors_checked"":7137280}"
     40960,         0,         0,    16.5,decoder_by_matrix,a052b2ce6ed64a98931ebcd7492590a746d7ec6e385d9f4479eb5b69a31b01f0,"{""distance"":5,""physical_error_rate"":0.0001}","{""detection_events"":2455,""detectors_checked"":6963200}"
     41984,         0,         0,    16.4,decoder_by_matrix,5b8a070a3cf8d31d64f24dbee89f3428cb9cab13fc59f7448d798f9bf08e9187,"{""distance"":5,""physical_error_rate"":0.001}","{""detection_events"":24335,""detectors_checked"":7137280}"
     44032,         0,         0,    16.5,decoder_by_matrix,cc9cd6551b3048ae216380ccb8ae5d3cca75b5b766fe651c47ef084ce4ce7dc6,"{""distance"":5,""physical_error_rate"":5e-05}","{""detection_events"":1175,""detectors_checked"":7485440}"
     47104,         0,         0,    16.3,decoder_by_matrix,161b5fe948dcfe007f335a5c57bcb8ff38ff3ea8726714a4cc08f5b9386b17ca,"{""distance"":5,""physical_error_rate"":5e-06}","{""detection_events"":75,""detectors_checked"":8007680}"
     38912,        10,         0,    16.6,decoder_by_matrix,6e3a1f380712a757a3b5fe9f9ef1a6075c7a0550e780d9e60559e4f3ce4ef0bf,"{""distance"":5,""physical_error_rate"":0.005}","{""detection_events"":108815,""detectors_checked"":6615040,""obs_mistake_mask=EE"":2,""obs_mistake_mask=E_"":5,""obs_mistake_mask=_E"":3}"
     43008,         0,         0,    16.4,decoder_by_matrix,a052b2ce6ed64a98931ebcd7492590a746d7ec6e385d9f4479eb5b69a31b01f0,"{""distance"":5,""physical_error_rate"":0.0001}","{""detection_events"":2520,""detectors_checked"":7311360}"
     37888,         5,         0,    16.5,decoder_by_matrix,6e3a1f380712a757a3b5fe9f9ef1a6075c7a0550e780d9e60559e4f3ce4ef0bf,"{""distance"":5,""physical_error_rate"":0.005}","{""detection_events"":106000,""detectors_checked"":6440960,""obs_mistake_mask=EE"":1,""obs_mistake_mask=E_"":1,""obs_mistake_mask=_E"":3}"
    440320,         0,         0,    16.4,decoder_by_matrix,161b5fe948dcfe007f335a5c57bcb8ff38ff3ea8726714a4cc08f5b9386b17ca,"{""distance"":5,""physical_error_rate"":5e-06}","{""detection_events"":1450,""detectors_checked"":74854400}"
    441344,         0,         0,    16.3,decoder_by_matrix,be0c214c078cdb5104153598b498575a1fc035ba16beb428536e5a87ee0a867f,"{""distance"":5,""physical_error_rate"":1e-06}","{""detection_events"":420,""detectors_checked"":75028480}"
     44032,         0,         0,    16.5,decoder_by_matrix,a052b2ce6ed64a98931ebcd7492590a746d7ec6e385d9f4479eb5b69a31b01f0,"{""distance"":5,""physical_error_rate"":0.0001}","{""detection_events"":2465,""detectors_checked"":7485440}"
   1653760,       353,         0,    62.8,decoder_by_matrix,6e3a1f380712a757a3b5fe9f9ef1a6075c7a0550e780d9e60559e4f3ce4ef0bf,"{""distance"":5,""physical_error_rate"":0.005}","{""detection_events"":4618305,""detectors_checked"":281139200,""obs_mistake_mask=EE"":80,""obs_mistake_mask=E_"":169,""obs_mistake_mask=_E"":104}"
   1651712,       337,         0,    62.8,decoder_by_matrix,6e3a1f380712a757a3b5fe9f9ef1a6075c7a0550e780d9e60559e4f3ce4ef0bf,"{""distance"":5,""physical_error_rate"":0.005}","{""detection_events"":4606485,""detectors_checked"":280791040,""obs_mistake_mask=EE"":77,""obs_mistake_mask=E_"":154,""obs_mistake_mask=_E"":106}"
     44032,         0,         0,    16.3,decoder_by_matrix,cc9cd6551b3048ae216380ccb8ae5d3cca75b5b766fe651c47ef084ce4ce7dc6,"{""distance"":5,""physical_error_rate"":5e-05}","{""detection_events"":1160,""detectors_checked"":7485440}"
     44032,         0,         0,    16.6,decoder_by_matrix,6866428194f3c2ecf80b799fe3d7eaa0d7bfdd0bee14693d15f8abf3c1159eda,"{""distance"":5,""physical_error_rate"":1e-05}","{""detection_events"":210,""detectors_checked"":7485440}"
       664,         0,         0,    22.9,decoder_by_matrix,be0c214c078cdb5104153598b498575a1fc035ba16beb428536e5a87ee0a867f,"{""distance"":5,""physical_error_rate"":1e-06}","{""detectors_checked"":112880}"
   1657856,         0,         0,    62.8,decoder_by_matrix,6866428194f3c2ecf80b799fe3d7eaa0d7bfdd0bee14693d15f8abf3c1159eda,"{""distance"":5,""physical_error_rate"":1e-05}","{""detection_events"":10360,""detectors_checked"":281835520}"
   1658880,         0,         0,    62.8,decoder_by_matrix,161b5fe948dcfe007f335a5c57bcb8ff38ff3ea8726714a4cc08f5b9386b17ca,"{""distance"":5,""physical_error_rate"":5e-06}","{""detection_events"":4280,""detectors_checked"":282009600}"
   1651712,         0,         0,    62.8,decoder_by_matrix,161b5fe948dcfe007f335a5c57bcb8ff38ff3ea8726714a4cc08f5b9386b17ca,"{""distance"":5,""physical_error_rate"":5e-06}","{""detection_events"":4145,""detectors_checked"":280791040}"
     39936,         0,         0,    16.6,decoder_by_matrix,f0fc70a0432f83ff513e502442839d2eab02e2bed2f658d0464ff826d304e5e7,"{""distance"":5,""physical_error_rate"":0.0005}","{""detection_events"":11290,""detectors_checked"":6789120}"
   1661952,         0,         0,    62.8,decoder_by_matrix,6866428194f3c2ecf80b799fe3d7eaa0d7bfdd0bee14693d15f8abf3c1159eda,"{""distance"":5,""physical_error_rate"":1e-05}","{""detection_events"":9365,""detectors_checked"":282531840}"
   1637376,         0,         0,    62.8,decoder_by_matrix,cc9cd6551b3048ae216380ccb8ae5d3cca75b5b766fe651c47ef084ce4ce7dc6,"{""distance"":5,""physical_error_rate"":5e-05}","{""detection_events"":45250,""detectors_checked"":278353920}"
   1617920,         0,         0,    62.8,decoder_by_matrix,f0fc70a0432f83ff513e502442839d2eab02e2bed2f658d0464ff826d304e5e7,"{""distance"":5,""physical_error_rate"":0.0005}","{""detection_events"":457710,""detectors_checked"":275046400}"
   1593344,         0,         0,    62.8,decoder_by_matrix,a052b2ce6ed64a98931ebcd7492590a746d7ec6e385d9f4479eb5b69a31b01f0,"{""distance"":5,""physical_error_rate"":0.0001}","{""detection_events"":93565,""detectors_checked"":270868480}"
     65536,         0,         0,    23.0,decoder_by_matrix,5b8a070a3cf8d31d64f24dbee89f3428cb9cab13fc59f7448d798f9bf08e9187,"{""distance"":5,""physical_error_rate"":0.001}","{""detection_events"":36895,""detectors_checked"":11141120}"
   1624064,         4,         0,    62.8,decoder_by_matrix,5b8a070a3cf8d31d64f24dbee89f3428cb9cab13fc59f7448d798f9bf08e9187,"{""distance"":5,""physical_error_rate"":0.001}","{""detection_events"":914105,""detectors_checked"":276090880,""obs_mistake_mask=EE"":1,""obs_mistake_mask=E_"":1,""obs_mistake_mask=_E"":2}"
   1636352,         1,         0,    62.8,decoder_by_matrix,5b8a070a3cf8d31d64f24dbee89f3428cb9cab13fc59f7448d798f9bf08e9187,"{""distance"":5,""physical_error_rate"":0.001}","{""detection_events"":928660,""detectors_checked"":278179840,""obs_mistake_mask=E_"":1}"
   1752064,         0,         0,    62.8,decoder_by_matrix,161b5fe948dcfe007f335a5c57bcb8ff38ff3ea8726714a4cc08f5b9386b17ca,"{""distance"":5,""physical_error_rate"":5e-06}","{""detection_events"":5365,""detectors_checked"":297850880}"
   1708032,         0,         0,    62.8,decoder_by_matrix,cc9cd6551b3048ae216380ccb8ae5d3cca75b5b766fe651c47ef084ce4ce7dc6,"{""distance"":5,""physical_error_rate"":5e-05}","{""detection_events"":49210,""detectors_checked"":290365440}"
   1605632,         0,         0,    62.8,decoder_by_matrix,be0c214c078cdb5104153598b498575a1fc035ba16beb428536e5a87ee0a867f,"{""distance"":5,""physical_error_rate"":1e-06}","{""detection_events"":770,""detectors_checked"":272957440}"
   1622016,         0,         0,    62.8,decoder_by_matrix,f0fc70a0432f83ff513e502442839d2eab02e2bed2f658d0464ff826d304e5e7,"{""distance"":5,""physical_error_rate"":0.0005}","{""detection_events"":461840,""detectors_checked"":275742720}"
   1687552,         0,         0,    62.8,decoder_by_matrix,a052b2ce6ed64a98931ebcd7492590a746d7ec6e385d9f4479eb5b69a31b01f0,"{""distance"":5,""physical_error_rate"":0.0001}","{""detection_events"":94020,""detectors_checked"":286883840}"
   1776640,         0,         0,    62.8,decoder_by_matrix,be0c214c078cdb5104153598b498575a1fc035ba16beb428536e5a87ee0a867f,"{""distance"":5,""physical_error_rate"":1e-06}","{""detection_events"":865,""detectors_checked"":302028800}"
   1631232,         0,         0,    62.8,decoder_by_matrix,a052b2ce6ed64a98931ebcd7492590a746d7ec6e385d9f4479eb5b69a31b01f0,"{""distance"":5,""physical_error_rate"":0.0001}","{""detection_events"":92895,""detectors_checked"":277309440}"
   1676288,         0,         0,    62.8,decoder_by_matrix,be0c214c078cdb5104153598b498575a1fc035ba16beb428536e5a87ee0a867f,"{""distance"":5,""physical_error_rate"":1e-06}","{""detection_events"":905,""detectors_checked"":284968960}"
   1627136,         0,         0,    62.8,decoder_by_matrix,cc9cd6551b3048ae216380ccb8ae5d3cca75b5b766fe651c47ef084ce4ce7dc6,"{""distance"":5,""physical_error_rate"":5e-05}","{""detection_events"":46175,""detectors_checked"":276613120}"
   1655808,         0,         0,    62.8,decoder_by_matrix,6866428194f3c2ecf80b799fe3d7eaa0d7bfdd0bee14693d15f8abf3c1159eda,"{""distance"":5,""physical_error_rate"":1e-05}","{""detection_events"":9660,""detectors_checked"":281487360}"
   1612800,         0,         0,    62.8,decoder_by_matrix,f0fc70a0432f83ff513e502442839d2eab02e2bed2f658d0464ff826d304e5e7,"{""distance"":5,""physical_error_rate"":0.0005}","{""detection_events"":458090,""detectors_checked"":274176000}"
     61440,         0,         0,    23.0,decoder_by_matrix,5b8a070a3cf8d31d64f24dbee89f3428cb9cab13fc59f7448d798f9bf08e9187,"{""distance"":5,""physical_error_rate"":0.001}","{""detection_events"":34620,""detectors_checked"":10444800}"
     57344,        12,         0,    23.2,decoder_by_matrix,6e3a1f380712a757a3b5fe9f9ef1a6075c7a0550e780d9e60559e4f3ce4ef0bf,"{""distance"":5,""physical_error_rate"":0.005}","{""detection_events"":159035,""detectors_checked"":9748480,""obs_mistake_mask=EE"":2,""obs_mistake_mask=E_"":6,""obs_mistake_mask=_E"":4}"
     70656,         0,         0,    45.1,decoder_by_matrix,6866428194f3c2ecf80b799fe3d7eaa0d7bfdd0bee14693d15f8abf3c1159eda,"{""distance"":5,""physical_error_rate"":1e-05}","{""detection_events"":285,""detectors_checked"":12011520}"
     58368,         0,         0,    22.8,decoder_by_matrix,cc9cd6551b3048ae216380ccb8ae5d3cca75b5b766fe651c47ef084ce4ce7dc6,"{""distance"":5,""physical_error_rate"":5e-05}","{""detection_events"":1425,""detectors_checked"":9922560}"
     60416,         0,         0,    23.0,decoder_by_matrix,f0fc70a0432f83ff513e502442839d2eab02e2bed2f658d0464ff826d304e5e7,"{""distance"":5,""physical_error_rate"":0.0005}","{""detection_events"":16930,""detectors_checked"":10270720}"
     66560,         0,         0,    23.1,decoder_by_matrix,6866428194f3c2ecf80b799fe3d7eaa0d7bfdd0bee14693d15f8abf3c1159eda,"{""distance"":5,""physical_error_rate"":1e-05}","{""detection_events"":400,""detectors_checked"":11315200}"
     57344,         0,         0,    23.1,decoder_by_matrix,a052b2ce6ed64a98931ebcd7492590a746d7ec6e385d9f4479eb5b69a31b01f0,"{""distance"":5,""physical_error_rate"":0.0001}","{""detection_events"":3235,""detectors_checked"":9748480}"
     59392,         0,         0,    23.2,decoder_by_matrix,5b8a070a3cf8d31d64f24dbee89f3428cb9cab13fc59f7448d798f9bf08e9187,"{""distance"":5,""physical_error_rate"":0.001}","{""detection_events"":33720,""detectors_checked"":10096640}"
     59392,         0,         0,    23.2,decoder_by_matrix,5b8a070a3cf8d31d64f24dbee89f3428cb9cab13fc59f7448d798f9bf08e9187,"{""distance"":5,""physical_error_rate"":0.001}","{""detection_events"":32995,""detectors_checked"":10096640}"
     59392,         0,         0,    22.8,decoder_by_matrix,cc9cd6551b3048ae216380ccb8ae5d3cca75b5b766fe651c47ef084ce4ce7dc6,"{""distance"":5,""physical_error_rate"":5e-05}","{""detection_events"":1670,""detectors_checked"":10096640}"
     61440,         0,         0,    22.6,decoder_by_matrix,161b5fe948dcfe007f335a5c57bcb8ff38ff3ea8726714a4cc08f5b9386b17ca,"{""distance"":5,""physical_error_rate"":5e-06}","{""detection_events"":160,""detectors_checked"":10444800}"
     54272,        10,         0,    23.1,decoder_by_matrix,6e3a1f380712a757a3b5fe9f9ef1a6075c7a0550e780d9e60559e4f3ce4ef0bf,"{""distance"":5,""physical_error_rate"":0.005}","{""detection_events"":150125,""detectors_checked"":9226240,""obs_mistake_mask=EE"":3,""obs_mistake_mask=E_"":3,""obs_mistake_mask=_E"":4}"
     58368,         0,         0,    23.1,decoder_by_matrix,a052b2ce6ed64a98931ebcd7492590a746d7ec6e385d9f4479eb5b69a31b01f0,"{""distance"":5,""physical_error_rate"":0.0001}","{""detection_events"":3455,""detectors_checked"":9922560}"
     56320,        10,         0,    23.2,decoder_by_matrix,6e3a1f380712a757a3b5fe9f9ef1a6075c7a0550e780d9e60559e4f3ce4ef0bf,"{""distance"":5,""physical_error_rate"":0.005}","{""detection_events"":154285,""detectors_checked"":9574400,""obs_mistake_mask=EE"":3,""obs_mistake_mask=E_"":3,""obs_mistake_mask=_E"":4}"
    616448,         0,         0,    22.9,decoder_by_matrix,161b5fe948dcfe007f335a5c57bcb8ff38ff3ea8726714a4cc08f5b9386b17ca,"{""distance"":5,""physical_error_rate"":5e-06}","{""detection_events"":1880,""detectors_checked"":104796160}"
    618496,         0,         0,    22.9,decoder_by_matrix,be0c214c078cdb5104153598b498575a1fc035ba16beb428536e5a87ee0a867f,"{""distance"":5,""physical_error_rate"":1e-06}","{""detection_events"":495,""detectors_checked"":105144320}"
     62464,         0,         0,    45.6,decoder_by_matrix,161b5fe948dcfe007f335a5c57bcb8ff38ff3ea8726714a4cc08f5b9386b17ca,"{""distance"":5,""physical_error_rate"":5e-06}","{""detection_events"":75,""detectors_checked"":10618880}"
     66048,         0,         0,    45.0,decoder_by_matrix,f0fc70a0432f83ff513e502442839d2eab02e2bed2f658d0464ff826d304e5e7,"{""distance"":5,""physical_error_rate"":0.0005}","{""detection_events"":19805,""detectors_checked"":11228160}"
     61440,         0,         0,    22.9,decoder_by_matrix,a052b2ce6ed64a98931ebcd7492590a746d7ec6e385d9f4479eb5b69a31b01f0,"{""distance"":5,""physical_error_rate"":0.0001}","{""detection_events"":3035,""detectors_checked"":10444800}"
     60416,         0,         0,    22.4,decoder_by_matrix,6866428194f3c2ecf80b799fe3d7eaa0d7bfdd0bee14693d15f8abf3c1159eda,"{""distance"":5,""physical_error_rate"":1e-05}","{""detection_events"":330,""detectors_checked"":10270720}"
     60416,         0,         0,    22.8,decoder_by_matrix,cc9cd6551b3048ae216380ccb8ae5d3cca75b5b766fe651c47ef084ce4ce7dc6,"{""distance"":5,""physical_error_rate"":5e-05}","{""detection_events"":1725,""detectors_checked"":10270720}"
     55296,         0,         0,    22.9,decoder_by_matrix,f0fc70a0432f83ff513e502442839d2eab02e2bed2f658d0464ff826d304e5e7,"{""distance"":5,""physical_error_rate"":0.0005}","{""detection_events"":15045,""detectors_checked"":9400320}"
     67584,         0,         0,    45.5,decoder_by_matrix,be0c214c078cdb5104153598b498575a1fc035ba16beb428536e5a87ee0a867f,"{""distance"":5,""physical_error_rate"":1e-06}","{""detection_events"":25,""detectors_checked"":11489280}"
     46592,         6,         0,    45.6,decoder_by_matrix,6e3a1f380712a757a3b5fe9f9ef1a6075c7a0550e780d9e60559e4f3ce4ef0bf,"{""distance"":5,""physical_error_rate"":0.005}","{""detection_events"":131490,""detectors_checked"":7920640,""obs_mistake_mask=E_"":5,""obs_mistake_mask=_E"":1}"
      1280,         0,         0,    32.3,decoder_by_matrix,be0c214c078cdb5104153598b498575a1fc035ba16beb428536e5a87ee0a867f,"{""distance"":5,""physical_error_rate"":1e-06}","{""detectors_checked"":217600}"
     91136,         0,         0,    32.1,decoder_by_matrix,5b8a070a3cf8d31d64f24dbee89f3428cb9cab13fc59f7448d798f9bf08e9187,"{""distance"":5,""physical_error_rate"":0.001}","{""detection_events"":51900,""detectors_checked"":15493120}"
     86016,         0,         0,    32.2,decoder_by_matrix,5b8a070a3cf8d31d64f24dbee89f3428cb9cab13fc59f7448d798f9bf08e9187,"{""distance"":5,""physical_error_rate"":0.001}","{""detection_events"":48225,""detectors_checked"":14622720}"
     83968,        15,         0,    32.4,decoder_by_matrix,6e3a1f380712a757a3b5fe9f9ef1a6075c7a0550e780d9e60559e4f3ce4ef0bf,"{""distance"":5,""physical_error_rate"":0.005}","{""detection_events"":235235,""detectors_checked"":14274560,""obs_mistake_mask=EE"":3,""obs_mistake_mask=E_"":8,""obs_mistake_mask=_E"":4}"
     83968,         0,         0,    31.9,decoder_by_matrix,cc9cd6551b3048ae216380ccb8ae5d3cca75b5b766fe651c47ef084ce4ce7dc6,"{""distance"":5,""physical_error_rate"":5e-05}","{""detection_events"":2645,""detectors_checked"":14274560}"
     86016,         0,         0,    32.1,decoder_by_matrix,f0fc70a0432f83ff513e502442839d2eab02e2bed2f658d0464ff826d304e5e7,"{""distance"":5,""physical_error_rate"":0.0005}","{""detection_events"":24965,""detectors_checked"":14622720}"
     91136,         0,         0,    31.9,decoder_by_matrix,6866428194f3c2ecf80b799fe3d7eaa0d7bfdd0bee14693d15f8abf3c1159eda,"{""distance"":5,""physical_error_rate"":1e-05}","{""detection_events"":610,""detectors_checked"":15493120}"
     83968,         0,         0,    32.0,decoder_by_matrix,5b8a070a3cf8d31d64f24dbee89f3428cb9cab13fc59f7448d798f9bf08e9187,"{""distance"":5,""physical_error_rate"":0.001}","{""detection_events"":47845,""detectors_checked"":14274560}"
     79872,         0,         0,    32.2,decoder_by_matrix,a052b2ce6ed64a98931ebcd7492590a746d7ec6e385d9f4479eb5b69a31b01f0,"{""distance"":5,""physical_error_rate"":0.0001}","{""detection_events"":5375,""detectors_checked"":13578240}"
     90112,         0,         0,    32.3,decoder_by_matrix,5b8a070a3cf8d31d64f24dbee89f3428cb9cab13fc59f7448d798f9bf08e9187,"{""distance"":5,""physical_error_rate"":0.001}","{""detection_events"":51170,""detectors_checked"":15319040}"
     86016,         0,         0,    32.2,decoder_by_matrix,cc9cd6551b3048ae216380ccb8ae5d3cca75b5b766fe651c47ef084ce4ce7dc6,"{""distance"":5,""physical_error_rate"":5e-05}","{""detection_events"":2440,""detectors_checked"":14622720}"
     92160,         0,         0,    32.4,decoder_by_matrix,161b5fe948dcfe007f335a5c57bcb8ff38ff3ea8726714a4cc08f5b9386b17ca,"{""distance"":5,""physical_error_rate"":5e-06}","{""detection_events"":405,""detectors_checked"":15667200}"
     77824,        22,         0,    32.5,decoder_by_matrix,6e3a1f380712a757a3b5fe9f9ef1a6075c7a0550e780d9e60559e4f3ce4ef0bf,"{""distance"":5,""physical_error_rate"":0.005}","{""detection_events"":216460,""detectors_checked"":13230080,""obs_mistake_mask=EE"":2,""obs_mistake_mask=E_"":10,""obs_mistake_mask=_E"":10}"
     81920,         0,         0,    32.1,decoder_by_matrix,a052b2ce6ed64a98931ebcd7492590a746d7ec6e385d9f4479eb5b69a31b01f0,"{""distance"":5,""physical_error_rate"":0.0001}","{""detection_events"":4075,""detectors_checked"":13926400}"
     78848,        22,         0,    32.4,decoder_by_matrix,6e3a1f380712a757a3b5fe9f9ef1a6075c7a0550e780d9e60559e4f3ce4ef0bf,"{""distance"":5,""physical_error_rate"":0.005}","{""detection_events"":218125,""detectors_checked"":13404160,""obs_mistake_mask=EE"":5,""obs_mistake_mask=E_"":12,""obs_mistake_mask=_E"":5}"
    864256,         0,         0,    32.0,decoder_by_matrix,be0c214c078cdb5104153598b498575a1fc035ba16beb428536e5a87ee0a867f,"{""distance"":5,""physical_error_rate"":1e-06}","{""detection_events"":395,""detectors_checked"":146923520}"
    863232,         0,         0,    32.0,decoder_by_matrix,161b5fe948dcfe007f335a5c57bcb8ff38ff3ea8726714a4cc08f5b9386b17ca,"{""distance"":5,""physical_error_rate"":5e-06}","{""detection_events"":2445,""detectors_checked"":146749440}"
     86016,         0,         0,    32.0,decoder_by_matrix,a052b2ce6ed64a98931ebcd7492590a746d7ec6e385d9f4479eb5b69a31b01f0,"{""distance"":5,""physical_error_rate"":0.0001}","{""detection_events"":5070,""detectors_checked"":14622720}"
     87040,         0,         0,    31.6,decoder_by_matrix,cc9cd6551b3048ae216380ccb8ae5d3cca75b5b766fe651c47ef084ce4ce7dc6,"{""distance"":5,""physical_error_rate"":5e-05}","{""detection_events"":2540,""detectors_checked"":14796800}"
     87040,         0,         0,    31.7,decoder_by_matrix,6866428194f3c2ecf80b799fe3d7eaa0d7bfdd0bee14693d15f8abf3c1159eda,"{""distance"":5,""physical_error_rate"":1e-05}","{""detection_events"":475,""detectors_checked"":14796800}"
     80896,         0,         0,    31.9,decoder_by_matrix,f0fc70a0432f83ff513e502442839d2eab02e2bed2f658d0464ff826d304e5e7,"{""distance"":5,""physical_error_rate"":0.0005}","{""detection_events"":23215,""detectors_checked"":13752320}"
     66560,         0,         0,    62.6,decoder_by_matrix,6866428194f3c2ecf80b799fe3d7eaa0d7bfdd0bee14693d15f8abf3c1159eda,"{""distance"":5,""physical_error_rate"":1e-05}","{""detection_events"":400,""detectors_checked"":11315200}"
      6496,         0,         0,    45.1,decoder_by_matrix,be0c214c078cdb5104153598b498575a1fc035ba16beb428536e5a87ee0a867f,"{""distance"":5,""physical_error_rate"":1e-06}","{""detectors_checked"":1104320}"
    128000,         2,         0,    44.7,decoder_by_matrix,5b8a070a3cf8d31d64f24dbee89f3428cb9cab13fc59f7448d798f9bf08e9187,"{""distance"":5,""physical_error_rate"":0.001}","{""detection_events"":72300,""detectors_checked"":21760000,""obs_mistake_mask=E_"":1,""obs_mistake_mask=_E"":1}"
    121856,         0,         0,    44.7,decoder_by_matrix,5b8a070a3cf8d31d64f24dbee89f3428cb9cab13fc59f7448d798f9bf08e9187,"{""distance"":5,""physical_error_rate"":0.001}","{""detection_events"":70990,""detectors_checked"":20715520}"
    143872,         0,         0,    63.0,decoder_by_matrix,161b5fe948dcfe007f335a5c57bcb8ff38ff3ea8726714a4cc08f5b9386b17ca,"{""distance"":5,""physical_error_rate"":5e-06}","{""detection_events"":400,""detectors_checked"":24458240}"
    115200,         0,         0,    63.6,decoder_by_matrix,f0fc70a0432f83ff513e502442839d2eab02e2bed2f658d0464ff826d304e5e7,"{""distance"":5,""physical_error_rate"":0.0005}","{""detection_events"":33310,""detectors_checked"":19584000}"
    114688,        27,         0,    45.0,decoder_by_matrix,6e3a1f380712a757a3b5fe9f9ef1a6075c7a0550e780d9e60559e4f3ce4ef0bf,"{""distance"":5,""physical_error_rate"":0.005}","{""detection_events"":317250,""detectors_checked"":19496960,""obs_mistake_mask=E_"":18,""obs_mistake_mask=_E"":9}"
    115712,         0,         0,    45.1,decoder_by_matrix,cc9cd6551b3048ae216380ccb8ae5d3cca75b5b766fe651c47ef084ce4ce7dc6,"{""distance"":5,""physical_error_rate"":5e-05}","{""detection_events"":3040,""detectors_checked"":19671040}"
    118784,         0,         0,    44.6,decoder_by_matrix,f0fc70a0432f83ff513e502442839d2eab02e2bed2f658d0464ff826d304e5e7,"{""distance"":5,""physical_error_rate"":0.0005}","{""detection_events"":33345,""detectors_checked"":20193280}"
    128000,         0,         0,    44.6,decoder_by_matrix,6866428194f3c2ecf80b799fe3d7eaa0d7bfdd0bee14693d15f8abf3c1159eda,"{""distance"":5,""physical_error_rate"":1e-05}","{""detection_events"":700,""detectors_checked"":21760000}"
    118272,         0,         0,    63.4,decoder_by_matrix,be0c214c078cdb5104153598b498575a1fc035ba16beb428536e5a87ee0a867f,"{""distance"":5,""physical_error_rate"":1e-06}","{""detection_events"":50,""detectors_checked"":20106240}"
    110592,         0,         0,    45.1,decoder_by_matrix,a052b2ce6ed64a98931ebcd7492590a746d7ec6e385d9f4479eb5b69a31b01f0,"{""distance"":5,""physical_error_rate"":0.0001}","{""detection_events"":6265,""detectors_checked"":18800640}"
    115712,         0,         0,    44.9,decoder_by_matrix,5b8a070a3cf8d31d64f24dbee89f3428cb9cab13fc59f7448d798f9bf08e9187,"{""distance"":5,""physical_error_rate"":0.001}","{""detection_events"":68275,""detectors_checked"":19671040}"
    116736,         0,         0,    45.1,decoder_by_matrix,5b8a070a3cf8d31d64f24dbee89f3428cb9cab13fc59f7448d798f9bf08e9187,"{""distance"":5,""physical_error_rate"":0.001}","{""detection_events"":66095,""detectors_checked"":19845120}"
    117760,         0,         0,    44.9,decoder_by_matrix,cc9cd6551b3048ae216380ccb8ae5d3cca75b5b766fe651c47ef084ce4ce7dc6,"{""distance"":5,""physical_error_rate"":5e-05}","{""detection_events"":3310,""detectors_checked"":20019200}"
    124928,         0,         0,    44.9,decoder_by_matrix,161b5fe948dcfe007f335a5c57bcb8ff38ff3ea8726714a4cc08f5b9386b17ca,"{""distance"":5,""physical_error_rate"":5e-06}","{""detection_events"":260,""detectors_checked"":21237760}"
   2310144,       478,         0,    87.9,decoder_by_matrix,6e3a1f380712a757a3b5fe9f9ef1a6075c7a0550e780d9e60559e4f3ce4ef0bf,"{""distance"":5,""physical_error_rate"":0.005}","{""detection_events"":6411160,""detectors_checked"":392724480,""obs_mistake_mask=EE"":97,""obs_mistake_mask=E_"":228,""obs_mistake_mask=_E"":153}"
   2347008,       451,         0,    87.8,decoder_by_matrix,6e3a1f380712a757a3b5fe9f9ef1a6075c7a0550e780d9e60559e4f3ce4ef0bf,"{""distance"":5,""physical_error_rate"":0.005}","{""detection_events"":6532380,""detectors_checked"":398991360,""obs_mistake_mask=EE"":132,""obs_mistake_mask=E_"":213,""obs_mistake_mask=_E"":106}"
   2337792,         0,         0,    87.9,decoder_by_matrix,6866428194f3c2ecf80b799fe3d7eaa0d7bfdd0bee14693d15f8abf3c1159eda,"{""distance"":5,""physical_error_rate"":1e-05}","{""detection_events"":12910,""detectors_checked"":397424640}"
   2356224,         0,         0,    87.9,decoder_by_matrix,161b5fe948dcfe007f335a5c57bcb8ff38ff3ea8726714a4cc08f5b9386b17ca,"{""distance"":5,""physical_error_rate"":5e-06}","{""detection_events"":6235,""detectors_checked"":400558080}"
   2322432,         0,         0,    87.9,decoder_by_matrix,161b5fe948dcfe007f335a5c57bcb8ff38ff3ea8726714a4cc08f5b9386b17ca,"{""distance"":5,""physical_error_rate"":5e-06}","{""detection_events"":7350,""detectors_checked"":394813440}"
    106496,        23,         0,    45.1,decoder_by_matrix,6e3a1f380712a757a3b5fe9f9ef1a6075c7a0550e780d9e60559e4f3ce4ef0bf,"{""distance"":5,""physical_error_rate"":0.005}","{""detection_events"":299725,""detectors_checked"":18104320,""obs_mistake_mask=EE"":4,""obs_mistake_mask=E_"":12,""obs_mistake_mask=_E"":7}"
   2345984,         0,         0,    87.9,decoder_by_matrix,6866428194f3c2ecf80b799fe3d7eaa0d7bfdd0bee14693d15f8abf3c1159eda,"{""distance"":5,""physical_error_rate"":1e-05}","{""detection_events"":13410,""detectors_checked"":398817280}"
   2301952,         0,         0,    87.9,decoder_by_matrix,cc9cd6551b3048ae216380ccb8ae5d3cca75b5b766fe651c47ef084ce4ce7dc6,"{""distance"":5,""physical_error_rate"":5e-05}","{""detection_events"":67815,""detectors_checked"":391331840}"
   2274304,         0,         0,    87.9,decoder_by_matrix,f0fc70a0432f83ff513e502442839d2eab02e2bed2f658d0464ff826d304e5e7,"{""distance"":5,""physical_error_rate"":0.0005}","{""detection_events"":645200,""detectors_checked"":386631680}"
   2263040,         0,         0,    87.9,decoder_by_matrix,a052b2ce6ed64a98931ebcd7492590a746d7ec6e385d9f4479eb5b69a31b01f0,"{""distance"":5,""physical_error_rate"":0.0001}","{""detection_events"":129760,""detectors_checked"":384716800}"
   2286592,         4,         0,    87.9,decoder_by_matrix,5b8a070a3cf8d31d64f24dbee89f3428cb9cab13fc59f7448d798f9bf08e9187,"{""distance"":5,""physical_error_rate"":0.001}","{""detection_events"":1304465,""detectors_checked"":388720640,""obs_mistake_mask=EE"":1,""obs_mistake_mask=E_"":2,""obs_mistake_mask=_E"":1}"
   2296832,         3,         0,    87.9,decoder_by_matrix,5b8a070a3cf8d31d64f24dbee89f3428cb9cab13fc59f7448d798f9bf08e9187,"{""distance"":5,""physical_error_rate"":0.001}","{""detection_events"":1300110,""detectors_checked"":390461440,""obs_mistake_mask=EE"":1,""obs_mistake_mask=E_"":1,""obs_mistake_mask=_E"":1}"
   2466816,         0,         0,    87.9,decoder_by_matrix,161b5fe948dcfe007f335a5c57bcb8ff38ff3ea8726714a4cc08f5b9386b17ca,"{""distance"":5,""physical_error_rate"":5e-06}","{""detection_events"":7055,""detectors_checked"":419358720}"
   2405376,         0,         0,    87.9,decoder_by_matrix,cc9cd6551b3048ae216380ccb8ae5d3cca75b5b766fe651c47ef084ce4ce7dc6,"{""distance"":5,""physical_error_rate"":5e-05}","{""detection_events"":68300,""detectors_checked"":408913920}"
   2221056,         0,         0,    87.9,decoder_by_matrix,be0c214c078cdb5104153598b498575a1fc035ba16beb428536e5a87ee0a867f,"{""distance"":5,""physical_error_rate"":1e-06}","{""detection_events"":1400,""detectors_checked"":377579520}"
   2500608,         0,         0,    87.9,decoder_by_matrix,be0c214c078cdb5104153598b498575a1fc035ba16beb428536e5a87ee0a867f,"{""distance"":5,""physical_error_rate"":1e-06}","{""detection_events"":1365,""detectors_checked"":425103360}"
   2280448,         0,         0,    87.9,decoder_by_matrix,f0fc70a0432f83ff513e502442839d2eab02e2bed2f658d0464ff826d304e5e7,"{""distance"":5,""physical_error_rate"":0.0005}","{""detection_events"":653265,""detectors_checked"":387676160}"
   2379776,         0,         0,    87.9,decoder_by_matrix,a052b2ce6ed64a98931ebcd7492590a746d7ec6e385d9f4479eb5b69a31b01f0,"{""distance"":5,""physical_error_rate"":0.0001}","{""detection_events"":137330,""detectors_checked"":404561920}"
   2298880,         0,         0,    87.9,decoder_by_matrix,a052b2ce6ed64a98931ebcd7492590a746d7ec6e385d9f4479eb5b69a31b01f0,"{""distance"":5,""physical_error_rate"":0.0001}","{""detection_events"":130435,""detectors_checked"":390809600}"
    113664,         0,         0,    44.5,decoder_by_matrix,a052b2ce6ed64a98931ebcd7492590a746d7ec6e385d9f4479eb5b69a31b01f0,"{""distance"":5,""physical_error_rate"":0.0001}","{""detection_events"":7305,""detectors_checked"":19322880}"
   2337792,         0,         0,    87.9,decoder_by_matrix,be0c214c078cdb5104153598b498575a1fc035ba16beb428536e5a87ee0a867f,"{""distance"":5,""physical_error_rate"":1e-06}","{""detection_events"":1780,""detectors_checked"":397424640}"
   2311168,         0,         0,    87.9,decoder_by_matrix,cc9cd6551b3048ae216380ccb8ae5d3cca75b5b766fe651c47ef084ce4ce7dc6,"{""distance"":5,""physical_error_rate"":5e-05}","{""detection_events"":64790,""detectors_checked"":392898560}"
   2328576,         0,         0,    87.9,decoder_by_matrix,6866428194f3c2ecf80b799fe3d7eaa0d7bfdd0bee14693d15f8abf3c1159eda,"{""distance"":5,""physical_error_rate"":1e-05}","{""detection_events"":13865,""detectors_checked"":395857920}"
   2257920,         0,         0,    87.9,decoder_by_matrix,f0fc70a0432f83ff513e502442839d2eab02e2bed2f658d0464ff826d304e5e7,"{""distance"":5,""physical_error_rate"":0.0005}","{""detection_events"":646670,""detectors_checked"":383846400}"
    136192,        28,         0,    63.7,decoder_by_matrix,6e3a1f380712a757a3b5fe9f9ef1a6075c7a0550e780d9e60559e4f3ce4ef0bf,"{""distance"":5,""physical_error_rate"":0.005}","{""detection_events"":382245,""detectors_checked"":23152640,""obs_mistake_mask=EE"":3,""obs_mistake_mask=E_"":17,""obs_mistake_mask=_E"":8}"
    107520,        27,         0,    44.6,decoder_by_matrix,6e3a1f380712a757a3b5fe9f9ef1a6075c7a0550e780d9e60559e4f3ce4ef0bf,"{""distance"":5,""physical_error_rate"":0.005}","{""detection_events"":297765,""detectors_checked"":18278400,""obs_mistake_mask=EE"":2,""obs_mistake_mask=E_"":13,""obs_mistake_mask=_E"":12}"
   1216512,         0,         0,    44.9,decoder_by_matrix,be0c214c078cdb5104153598b498575a1fc035ba16beb428536e5a87ee0a867f,"{""distance"":5,""physical_error_rate"":1e-06}","{""detection_events"":675,""detectors_checked"":206807040}"
   1208320,         0,         0,    44.9,decoder_by_matrix,161b5fe948dcfe007f335a5c57bcb8ff38ff3ea8726714a4cc08f5b9386b17ca,"{""distance"":5,""physical_error_rate"":5e-06}","{""detection_events"":3680,""detectors_checked"":205414400}"
    118784,         0,         0,    44.8,decoder_by_matrix,a052b2ce6ed64a98931ebcd7492590a746d7ec6e385d9f4479eb5b69a31b01f0,"{""distance"":5,""physical_error_rate"":0.0001}","{""detection_events"":6810,""detectors_checked"":20193280}"
    119808,         0,         0,    44.8,decoder_by_matrix,cc9cd6551b3048ae216380ccb8ae5d3cca75b5b766fe651c47ef084ce4ce7dc6,"{""distance"":5,""physical_error_rate"":5e-05}","{""detection_events"":3115,""detectors_checked"":20367360}"
    120832,         0,         0,    44.6,decoder_by_matrix,6866428194f3c2ecf80b799fe3d7eaa0d7bfdd0bee14693d15f8abf3c1159eda,"{""distance"":5,""physical_error_rate"":1e-05}","{""detection_events"":730,""detectors_checked"":20541440}"
    108544,         0,         0,    44.9,decoder_by_matrix,f0fc70a0432f83ff513e502442839d2eab02e2bed2f658d0464ff826d304e5e7,"{""distance"":5,""physical_error_rate"":0.0005}","{""detection_events"":30410,""detectors_checked"":18452480}"
     83328,         0,         0,    62.9,decoder_by_matrix,be0c214c078cdb5104153598b498575a1fc035ba16beb428536e5a87ee0a867f,"{""distance"":5,""physical_error_rate"":1e-06}","{""detection_events"":20,""detectors_checked"":14165760}"
    177152,         2,         0,    62.2,decoder_by_matrix,5b8a070a3cf8d31d64f24dbee89f3428cb9cab13fc59f7448d798f9bf08e9187,"{""distance"":5,""physical_error_rate"":0.001}","{""detection_events"":100455,""detectors_checked"":30115840,""obs_mistake_mask=E_"":1,""obs_mistake_mask=_E"":1}"
    179200,         0,         0,    62.8,decoder_by_matrix,5b8a070a3cf8d31d64f24dbee89f3428cb9cab13fc59f7448d798f9bf08e9187,"{""distance"":5,""physical_error_rate"":0.001}","{""detection_events"":98210,""detectors_checked"":30464000}"
    162816,        30,         0,    62.9,decoder_by_matrix,6e3a1f380712a757a3b5fe9f9ef1a6075c7a0550e780d9e60559e4f3ce4ef0bf,"{""distance"":5,""physical_error_rate"":0.005}","{""detection_events"":447445,""detectors_checked"":27678720,""obs_mistake_mask=EE"":10,""obs_mistake_mask=E_"":12,""obs_mistake_mask=_E"":8}"
    168960,         0,         0,    63.0,decoder_by_matrix,cc9cd6551b3048ae216380ccb8ae5d3cca75b5b766fe651c47ef084ce4ce7dc6,"{""distance"":5,""physical_error_rate"":5e-05}","{""detection_events"":5100,""detectors_checked"":28723200}"
    167936,         1,         0,    62.5,decoder_by_matrix,f0fc70a0432f83ff513e502442839d2eab02e2bed2f658d0464ff826d304e5e7,"{""distance"":5,""physical_error_rate"":0.0005}","{""detection_events"":47645,""detectors_checked"":28549120,""obs_mistake_mask=EE"":1}"
    184320,         0,         0,    62.1,decoder_by_matrix,6866428194f3c2ecf80b799fe3d7eaa0d7bfdd0bee14693d15f8abf3c1159eda,"{""distance"":5,""physical_error_rate"":1e-05}","{""detection_events"":1130,""detectors_checked"":31334400}"
    154624,         0,         0,    62.8,decoder_by_matrix,a052b2ce6ed64a98931ebcd7492590a746d7ec6e385d9f4479eb5b69a31b01f0,"{""distance"":5,""physical_error_rate"":0.0001}","{""detection_events"":8850,""detectors_checked"":26286080}"
    162816,         1,         0,    62.5,decoder_by_matrix,5b8a070a3cf8d31d64f24dbee89f3428cb9cab13fc59f7448d798f9bf08e9187,"{""distance"":5,""physical_error_rate"":0.001}","{""detection_events"":90170,""detectors_checked"":27678720,""obs_mistake_mask=E_"":1}"
    158720,         0,         0,    63.0,decoder_by_matrix,5b8a070a3cf8d31d64f24dbee89f3428cb9cab13fc59f7448d798f9bf08e9187,"{""distance"":5,""physical_error_rate"":0.001}","{""detection_events"":88685,""detectors_checked"":26982400}"
    165888,         0,         0,    63.1,decoder_by_matrix,cc9cd6551b3048ae216380ccb8ae5d3cca75b5b766fe651c47ef084ce4ce7dc6,"{""distance"":5,""physical_error_rate"":5e-05}","{""detection_events"":4780,""detectors_checked"":28200960}"
    174080,         0,         0,    62.5,decoder_by_matrix,161b5fe948dcfe007f335a5c57bcb8ff38ff3ea8726714a4cc08f5b9386b17ca,"{""distance"":5,""physical_error_rate"":5e-06}","{""detection_events"":435,""detectors_checked"":29593600}"
    164864,        30,         0,    62.7,decoder_by_matrix,6e3a1f380712a757a3b5fe9f9ef1a6075c7a0550e780d9e60559e4f3ce4ef0bf,"{""distance"":5,""physical_error_rate"":0.005}","{""detection_events"":454055,""detectors_checked"":28026880,""obs_mistake_mask=EE"":9,""obs_mistake_mask=E_"":14,""obs_mistake_mask=_E"":7}"
    167936,         0,         0,    62.9,decoder_by_matrix,a052b2ce6ed64a98931ebcd7492590a746d7ec6e385d9f4479eb5b69a31b01f0,"{""distance"":5,""physical_error_rate"":0.0001}","{""detection_events"":9320,""detectors_checked"":28549120}"
    160768,        32,         0,    63.3,decoder_by_matrix,6e3a1f380712a757a3b5fe9f9ef1a6075c7a0550e780d9e60559e4f3ce4ef0bf,"{""distance"":5,""physical_error_rate"":0.005}","{""detection_events"":449200,""detectors_checked"":27330560,""obs_mistake_mask=EE"":6,""obs_mistake_mask=E_"":17,""obs_mistake_mask=_E"":9}"
   1708032,         0,         0,    62.8,decoder_by_matrix,be0c214c078cdb5104153598b498575a1fc035ba16beb428536e5a87ee0a867f,"{""distance"":5,""physical_error_rate"":1e-06}","{""detection_events"":770,""detectors_checked"":290365440}"
   1697792,         0,         0,    62.8,decoder_by_matrix,161b5fe948dcfe007f335a5c57bcb8ff38ff3ea8726714a4cc08f5b9386b17ca,"{""distance"":5,""physical_error_rate"":5e-06}","{""detection_events"":4815,""detectors_checked"":288624640}"
    142336,         0,         0,    87.4,decoder_by_matrix,6866428194f3c2ecf80b799fe3d7eaa0d7bfdd0bee14693d15f8abf3c1159eda,"{""distance"":5,""physical_error_rate"":1e-05}","{""detection_events"":690,""detectors_checked"":24197120}"
    166912,         0,         0,    62.5,decoder_by_matrix,a052b2ce6ed64a98931ebcd7492590a746d7ec6e385d9f4479eb5b69a31b01f0,"{""distance"":5,""physical_error_rate"":0.0001}","{""detection_events"":9520,""detectors_checked"":28375040}"
    169984,         0,         0,    62.5,decoder_by_matrix,cc9cd6551b3048ae216380ccb8ae5d3cca75b5b766fe651c47ef084ce4ce7dc6,"{""distance"":5,""physical_error_rate"":5e-05}","{""detection_events"":5195,""detectors_checked"":28897280}"
    153600,         0,         0,    62.6,decoder_by_matrix,f0fc70a0432f83ff513e502442839d2eab02e2bed2f658d0464ff826d304e5e7,"{""distance"":5,""physical_error_rate"":0.0005}","{""detection_events"":44300,""detectors_checked"":26112000}"
    166912,         0,         0,    62.8,decoder_by_matrix,6866428194f3c2ecf80b799fe3d7eaa0d7bfdd0bee14693d15f8abf3c1159eda,"{""distance"":5,""physical_error_rate"":1e-05}","{""detection_events"":1310,""detectors_checked"":28375040}"
    150016,         0,         0,    88.1,decoder_by_matrix,161b5fe948dcfe007f335a5c57bcb8ff38ff3ea8726714a4cc08f5b9386b17ca,"{""distance"":5,""physical_error_rate"":5e-06}","{""detection_events"":470,""detectors_checked"":25502720}"
    152576,         0,         0,    88.1,decoder_by_matrix,f0fc70a0432f83ff513e502442839d2eab02e2bed2f658d0464ff826d304e5e7,"{""distance"":5,""physical_error_rate"":0.0005}","{""detection_events"":41395,""detectors_checked"":25937920}"
    195584,         0,         0,    87.9,decoder_by_matrix,be0c214c078cdb5104153598b498575a1fc035ba16beb428536e5a87ee0a867f,"{""distance"":5,""physical_error_rate"":1e-06}","{""detection_events"":195,""detectors_checked"":33249280}"
    165888,        41,         0,    88.1,decoder_by_matrix,6e3a1f380712a757a3b5fe9f9ef1a6075c7a0550e780d9e60559e4f3ce4ef0bf,"{""distance"":5,""physical_error_rate"":0.005}","{""detection_events"":463125,""detectors_checked"":28200960,""obs_mistake_mask=EE"":7,""obs_mistake_mask=E_"":23,""obs_mistake_mask=_E"":11}"
   3156992,       611,         0,   119.6,decoder_by_matrix,6e3a1f380712a757a3b5fe9f9ef1a6075c7a0550e780d9e60559e4f3ce4ef0bf,"{""distance"":5,""physical_error_rate"":0.005}","{""detection_events"":8797215,""detectors_checked"":536688640,""obs_mistake_mask=EE"":134,""obs_mistake_mask=E_"":313,""obs_mistake_mask=_E"":164}"
   3197952,       675,         0,   119.6,decoder_by_matrix,6e3a1f380712a757a3b5fe9f9ef1a6075c7a0550e780d9e60559e4f3ce4ef0bf,"{""distance"":5,""physical_error_rate"":0.005}","{""detection_events"":8904470,""detectors_checked"":543651840,""obs_mistake_mask=EE"":163,""obs_mistake_mask=E_"":314,""obs_mistake_mask=_E"":198}"
   3186688,         0,         0,   119.6,decoder_by_matrix,6866428194f3c2ecf80b799fe3d7eaa0d7bfdd0bee14693d15f8abf3c1159eda,"{""distance"":5,""physical_error_rate"":1e-05}","{""detection_events"":18160,""detectors_checked"":541736960}"
   3194880,         0,         0,   119.6,decoder_by_matrix,161b5fe948dcfe007f335a5c57bcb8ff38ff3ea8726714a4cc08f5b9386b17ca,"{""distance"":5,""physical_error_rate"":5e-06}","{""detection_events"":10215,""detectors_checked"":543129600}"
   3164160,         0,         0,   119.6,decoder_by_matrix,161b5fe948dcfe007f335a5c57bcb8ff38ff3ea8726714a4cc08f5b9386b17ca,"{""distance"":5,""physical_error_rate"":5e-06}","{""detection_events"":9465,""detectors_checked"":537907200}"
   3192832,         0,         0,   119.6,decoder_by_matrix,6866428194f3c2ecf80b799fe3d7eaa0d7bfdd0bee14693d15f8abf3c1159eda,"{""distance"":5,""physical_error_rate"":1e-05}","{""detection_events"":17920,""detectors_checked"":542781440}"
   3139584,         0,         0,   119.6,decoder_by_matrix,cc9cd6551b3048ae216380ccb8ae5d3cca75b5b766fe651c47ef084ce4ce7dc6,"{""distance"":5,""physical_error_rate"":5e-05}","{""detection_events"":86095,""detectors_checked"":533729280}"
   3095552,         1,         0,   119.6,decoder_by_matrix,f0fc70a0432f83ff513e502442839d2eab02e2bed2f658d0464ff826d304e5e7,"{""distance"":5,""physical_error_rate"":0.0005}","{""detection_events"":870250,""detectors_checked"":526243840,""obs_mistake_mask=_E"":1}"
   3087360,         0,         0,   119.6,decoder_by_matrix,a052b2ce6ed64a98931ebcd7492590a746d7ec6e385d9f4479eb5b69a31b01f0,"{""distance"":5,""physical_error_rate"":0.0001}","{""detection_events"":177235,""detectors_checked"":524851200}"
   3120128,         4,         0,   119.6,decoder_by_matrix,5b8a070a3cf8d31d64f24dbee89f3428cb9cab13fc59f7448d798f9bf08e9187,"{""distance"":5,""physical_error_rate"":0.001}","{""detection_events"":1768870,""detectors_checked"":530421760,""obs_mistake_mask=E_"":4}"
   3361792,         0,         0,   119.6,decoder_by_matrix,161b5fe948dcfe007f335a5c57bcb8ff38ff3ea8726714a4cc08f5b9386b17ca,"{""distance"":5,""physical_error_rate"":5e-06}","{""detection_events"":9680,""detectors_checked"":571504640}"
   3133440,         5,         0,   119.6,decoder_by_matrix,5b8a070a3cf8d31d64f24dbee89f3428cb9cab13fc59f7448d798f9bf08e9187,"{""distance"":5,""physical_error_rate"":0.001}","{""detection_events"":1782920,""detectors_checked"":532684800,""obs_mistake_mask=E_"":3,""obs_mistake_mask=_E"":2}"
   3274752,         0,         0,   119.6,decoder_by_matrix,cc9cd6551b3048ae216380ccb8ae5d3cca75b5b766fe651c47ef084ce4ce7dc6,"{""distance"":5,""physical_error_rate"":5e-05}","{""detection_events"":92270,""detectors_checked"":556707840}"
   3004416,         0,         0,   119.6,decoder_by_matrix,be0c214c078cdb5104153598b498575a1fc035ba16beb428536e5a87ee0a867f,"{""distance"":5,""physical_error_rate"":1e-06}","{""detection_events"":1675,""detectors_checked"":510750720}"
   3407872,         0,         0,   119.6,decoder_by_matrix,be0c214c078cdb5104153598b498575a1fc035ba16beb428536e5a87ee0a867f,"{""distance"":5,""physical_error_rate"":1e-06}","{""detection_events"":2165,""detectors_checked"":579338240}"
   3104768,         0,         0,   119.6,decoder_by_matrix,f0fc70a0432f83ff513e502442839d2eab02e2bed2f658d0464ff826d304e5e7,"{""distance"":5,""physical_error_rate"":0.0005}","{""detection_events"":890310,""detectors_checked"":527810560}"
   3239936,         0,         0,   119.6,decoder_by_matrix,a052b2ce6ed64a98931ebcd7492590a746d7ec6e385d9f4479eb5b69a31b01f0,"{""distance"":5,""physical_error_rate"":0.0001}","{""detection_events"":184270,""detectors_checked"":550789120}"
   3115008,         0,         0,   119.6,decoder_by_matrix,a052b2ce6ed64a98931ebcd7492590a746d7ec6e385d9f4479eb5b69a31b01f0,"{""distance"":5,""physical_error_rate"":0.0001}","{""detection_events"":180085,""detectors_checked"":529551360}"
   3216384,         0,         0,   119.6,decoder_by_matrix,be0c214c078cdb5104153598b498575a1fc035ba16beb428536e5a87ee0a867f,"{""distance"":5,""physical_error_rate"":1e-06}","{""detection_events"":2065,""detectors_checked"":546785280}"
   3138560,         0,         0,   119.6,decoder_by_matrix,cc9cd6551b3048ae216380ccb8ae5d3cca75b5b766fe651c47ef084ce4ce7dc6,"{""distance"":5,""physical_error_rate"":5e-05}","{""detection_events"":91085,""detectors_checked"":533555200}"
   3173376,         0,         0,   119.6,decoder_by_matrix,6866428194f3c2ecf80b799fe3d7eaa0d7bfdd0bee14693d15f8abf3c1159eda,"{""distance"":5,""physical_error_rate"":1e-05}","{""detection_events"":18740,""detectors_checked"":539473920}"
   3078144,         1,         0,   119.6,decoder_by_matrix,f0fc70a0432f83ff513e502442839d2eab02e2bed2f658d0464ff826d304e5e7,"{""distance"":5,""physical_error_rate"":0.0005}","{""detection_events"":874910,""detectors_checked"":523284480,""obs_mistake_mask=E_"":1}"
    190464,         0,         0,    88.0,decoder_by_matrix,be0c214c078cdb5104153598b498575a1fc035ba16beb428536e5a87ee0a867f,"{""distance"":5,""physical_error_rate"":1e-06}","{""detection_events"":60,""detectors_checked"":32378880}"
    248832,         0,         0,    87.1,decoder_by_matrix,5b8a070a3cf8d31d64f24dbee89f3428cb9cab13fc59f7448d798f9bf08e9187,"{""distance"":5,""physical_error_rate"":0.001}","{""detection_events"":138815,""detectors_checked"":42301440}"
    236544,         1,         0,    87.5,decoder_by_matrix,5b8a070a3cf8d31d64f24dbee89f3428cb9cab13fc59f7448d798f9bf08e9187,"{""distance"":5,""physical_error_rate"":0.001}","{""detection_events"":132870,""detectors_checked"":40212480,""obs_mistake_mask=E_"":1}"
    222208,        49,         0,    87.7,decoder_by_matrix,6e3a1f380712a757a3b5fe9f9ef1a6075c7a0550e780d9e60559e4f3ce4ef0bf,"{""distance"":5,""physical_error_rate"":0.005}","{""detection_events"":615220,""detectors_checked"":37775360,""obs_mistake_mask=EE"":13,""obs_mistake_mask=E_"":23,""obs_mistake_mask=_E"":13}"
    224256,         0,         0,    88.0,decoder_by_matrix,cc9cd6551b3048ae216380ccb8ae5d3cca75b5b766fe651c47ef084ce4ce7dc6,"{""distance"":5,""physical_error_rate"":5e-05}","{""detection_events"":6745,""detectors_checked"":38123520}"
    218112,         0,         0,    87.6,decoder_by_matrix,f0fc70a0432f83ff513e502442839d2eab02e2bed2f658d0464ff826d304e5e7,"{""distance"":5,""physical_error_rate"":0.0005}","{""detection_events"":62260,""detectors_checked"":37079040}"
    236544,         0,         0,    87.5,decoder_by_matrix,6866428194f3c2ecf80b799fe3d7eaa0d7bfdd0bee14693d15f8abf3c1159eda,"{""distance"":5,""physical_error_rate"":1e-05}","{""detection_events"":1075,""detectors_checked"":40212480}"
    228352,         1,         0,    87.8,decoder_by_matrix,5b8a070a3cf8d31d64f24dbee89f3428cb9cab13fc59f7448d798f9bf08e9187,"{""distance"":5,""physical_error_rate"":0.001}","{""detection_events"":128040,""detectors_checked"":38819840,""obs_mistake_mask=_E"":1}"
    210944,         0,         0,    88.2,decoder_by_matrix,a052b2ce6ed64a98931ebcd7492590a746d7ec6e385d9f4479eb5b69a31b01f0,"{""distance"":5,""physical_error_rate"":0.0001}","{""detection_events"":11690,""detectors_checked"":35860480}"
    240640,         0,         0,    87.6,decoder_by_matrix,161b5fe948dcfe007f335a5c57bcb8ff38ff3ea8726714a4cc08f5b9386b17ca,"{""distance"":5,""physical_error_rate"":5e-06}","{""detection_events"":665,""detectors_checked"":40908800}"
    218112,         0,         0,    88.1,decoder_by_matrix,5b8a070a3cf8d31d64f24dbee89f3428cb9cab13fc59f7448d798f9bf08e9187,"{""distance"":5,""physical_error_rate"":0.001}","{""detection_events"":122645,""detectors_checked"":37079040}"
    232448,         0,         0,    88.0,decoder_by_matrix,cc9cd6551b3048ae216380ccb8ae5d3cca75b5b766fe651c47ef084ce4ce7dc6,"{""distance"":5,""physical_error_rate"":5e-05}","{""detection_events"":7275,""detectors_checked"":39516160}"
    165888,        29,         0,    87.6,decoder_by_matrix,6e3a1f380712a757a3b5fe9f9ef1a6075c7a0550e780d9e60559e4f3ce4ef0bf,"{""distance"":5,""physical_error_rate"":0.005}","{""detection_events"":463835,""detectors_checked"":28200960,""obs_mistake_mask=EE"":4,""obs_mistake_mask=E_"":10,""obs_mistake_mask=_E"":15}"
    183296,         0,         0,    88.1,decoder_by_matrix,a052b2ce6ed64a98931ebcd7492590a746d7ec6e385d9f4479eb5b69a31b01f0,"{""distance"":5,""physical_error_rate"":0.0001}","{""detection_events"":10590,""detectors_checked"":31160320}"
    237568,        35,         0,    88.1,decoder_by_matrix,6e3a1f380712a757a3b5fe9f9ef1a6075c7a0550e780d9e60559e4f3ce4ef0bf,"{""distance"":5,""physical_error_rate"":0.005}","{""detection_events"":657095,""detectors_checked"":40386560,""obs_mistake_mask=EE"":8,""obs_mistake_mask=E_"":15,""obs_mistake_mask=_E"":12}"
   2387968,         0,         0,    87.9,decoder_by_matrix,be0c214c078cdb5104153598b498575a1fc035ba16beb428536e5a87ee0a867f,"{""distance"":5,""physical_error_rate"":1e-06}","{""detection_events"":1075,""detectors_checked"":405954560}"
   2371584,         0,         0,    87.9,decoder_by_matrix,161b5fe948dcfe007f335a5c57bcb8ff38ff3ea8726714a4cc08f5b9386b17ca,"{""distance"":5,""physical_error_rate"":5e-06}","{""detection_events"":7250,""detectors_checked"":403169280}"
    232448,         0,         0,    88.0,decoder_by_matrix,a052b2ce6ed64a98931ebcd7492590a746d7ec6e385d9f4479eb5b69a31b01f0,"{""distance"":5,""physical_error_rate"":0.0001}","{""detection_events"":11955,""detectors_checked"":39516160}"
    233472,         0,         0,    87.0,decoder_by_matrix,cc9cd6551b3048ae216380ccb8ae5d3cca75b5b766fe651c47ef084ce4ce7dc6,"{""distance"":5,""physical_error_rate"":5e-05}","{""detection_events"":6680,""detectors_checked"":39690240}"
    230400,         0,         0,    86.9,decoder_by_matrix,6866428194f3c2ecf80b799fe3d7eaa0d7bfdd0bee14693d15f8abf3c1159eda,"{""distance"":5,""physical_error_rate"":1e-05}","{""detection_events"":1160,""detectors_checked"":39168000}"
    209920,         0,         0,    88.0,decoder_by_matrix,f0fc70a0432f83ff513e502442839d2eab02e2bed2f658d0464ff826d304e5e7,"{""distance"":5,""physical_error_rate"":0.0005}","{""detection_events"":58695,""detectors_checked"":35686400}"
    265216,         0,         0,   119.9,decoder_by_matrix,6866428194f3c2ecf80b799fe3d7eaa0d7bfdd0bee14693d15f8abf3c1159eda,"{""distance"":5,""physical_error_rate"":1e-05}","{""detection_events"":1300,""detectors_checked"":45086720}"
    260096,         0,         0,   119.6,decoder_by_matrix,161b5fe948dcfe007f335a5c57bcb8ff38ff3ea8726714a4cc08f5b9386b17ca,"{""distance"":5,""physical_error_rate"":5e-06}","{""detection_events"":685,""detectors_checked"":44216320}"
    261120,         0,         0,   120.2,decoder_by_matrix,f0fc70a0432f83ff513e502442839d2eab02e2bed2f658d0464ff826d304e5e7,"{""distance"":5,""physical_error_rate"":0.0005}","{""detection_events"":75380,""detectors_checked"":44390400}"
    279552,         0,         0,   119.4,decoder_by_matrix,be0c214c078cdb5104153598b498575a1fc035ba16beb428536e5a87ee0a867f,"{""distance"":5,""physical_error_rate"":1e-06}","{""detection_events"":135,""detectors_checked"":47523840}"
    243712,        58,         0,   119.4,decoder_by_matrix,6e3a1f380712a757a3b5fe9f9ef1a6075c7a0550e780d9e60559e4f3ce4ef0bf,"{""distance"":5,""physical_error_rate"":0.005}","{""detection_events"":682910,""detectors_checked"":41431040,""obs_mistake_mask=EE"":22,""obs_mistake_mask=E_"":19,""obs_mistake_mask=_E"":17}"
   3152896,       659,         0,   119.6,decoder_by_matrix,6e3a1f380712a757a3b5fe9f9ef1a6075c7a0550e780d9e60559e4f3ce4ef0bf,"{""distance"":5,""physical_error_rate"":0.005}","{""detection_events"":8787435,""detectors_checked"":535992320,""obs_mistake_mask=EE"":146,""obs_mistake_mask=E_"":325,""obs_mistake_mask=_E"":188}"
   3207168,       626,         0,   119.6,decoder_by_matrix,6e3a1f380712a757a3b5fe9f9ef1a6075c7a0550e780d9e60559e4f3ce4ef0bf,"{""distance"":5,""physical_error_rate"":0.005}","{""detection_events"":8936880,""detectors_checked"":545218560,""obs_mistake_mask=EE"":156,""obs_mistake_mask=E_"":289,""obs_mistake_mask=_E"":181}"
   3185664,         0,         0,   119.6,decoder_by_matrix,6866428194f3c2ecf80b799fe3d7eaa0d7bfdd0bee14693d15f8abf3c1159eda,"{""distance"":5,""physical_error_rate"":1e-05}","{""detection_events"":18135,""detectors_checked"":541562880}"
   3217408,         0,         0,   119.6,decoder_by_matrix,161b5fe948dcfe007f335a5c57bcb8ff38ff3ea8726714a4cc08f5b9386b17ca,"{""distance"":5,""physical_error_rate"":5e-06}","{""detection_events"":9415,""detectors_checked"":546959360}"
   3164160,         0,         0,   119.5,decoder_by_matrix,161b5fe948dcfe007f335a5c57bcb8ff38ff3ea8726714a4cc08f5b9386b17ca,"{""distance"":5,""physical_error_rate"":5e-06}","{""detection_events"":8785,""detectors_checked"":537907200}"
   3229696,         0,         0,   119.6,decoder_by_matrix,6866428194f3c2ecf80b799fe3d7eaa0d7bfdd0bee14693d15f8abf3c1159eda,"{""distance"":5,""physical_error_rate"":1e-05}","{""detection_events"":17665,""detectors_checked"":549048320}"
   3137536,         0,         0,   119.6,decoder_by_matrix,cc9cd6551b3048ae216380ccb8ae5d3cca75b5b766fe651c47ef084ce4ce7dc6,"{""distance"":5,""physical_error_rate"":5e-05}","{""detection_events"":86425,""detectors_checked"":533381120}"
   3130368,         0,         0,   119.6,decoder_by_matrix,f0fc70a0432f83ff513e502442839d2eab02e2bed2f658d0464ff826d304e5e7,"{""distance"":5,""physical_error_rate"":0.0005}","{""detection_events"":896485,""detectors_checked"":532162560}"
   3083264,         0,         0,   119.6,decoder_by_matrix,a052b2ce6ed64a98931ebcd7492590a746d7ec6e385d9f4479eb5b69a31b01f0,"{""distance"":5,""physical_error_rate"":0.0001}","{""detection_events"":175805,""detectors_checked"":524154880}"
   3359744,         0,         0,   119.6,decoder_by_matrix,161b5fe948dcfe007f335a5c57bcb8ff38ff3ea8726714a4cc08f5b9386b17ca,"{""distance"":5,""physical_error_rate"":5e-06}","{""detection_events"":9610,""detectors_checked"":571156480}"
   3117056,         5,         0,   119.6,decoder_by_matrix,5b8a070a3cf8d31d64f24dbee89f3428cb9cab13fc59f7448d798f9bf08e9187,"{""distance"":5,""physical_error_rate"":0.001}","{""detection_events"":1767715,""detectors_checked"":529899520,""obs_mistake_mask=E_"":5}"
   3128320,        14,         0,   119.6,decoder_by_matrix,5b8a070a3cf8d31d64f24dbee89f3428cb9cab13fc59f7448d798f9bf08e9187,"{""distance"":5,""physical_error_rate"":0.001}","{""detection_events"":1771900,""detectors_checked"":531814400,""obs_mistake_mask=EE"":3,""obs_mistake_mask=E_"":7,""obs_mistake_mask=_E"":4}"
   3274752,         0,         0,   119.6,decoder_by_matrix,cc9cd6551b3048ae216380ccb8ae5d3cca75b5b766fe651c47ef084ce4ce7dc6,"{""distance"":5,""physical_error_rate"":5e-05}","{""detection_events"":93835,""detectors_checked"":556707840}"
   3049472,         0,         0,   119.6,decoder_by_matrix,be0c214c078cdb5104153598b498575a1fc035ba16beb428536e5a87ee0a867f,"{""distance"":5,""physical_error_rate"":1e-06}","{""detection_events"":1910,""detectors_checked"":518410240}"
   3406848,         0,         0,   119.6,decoder_by_matrix,be0c214c078cdb5104153598b498575a1fc035ba16beb428536e5a87ee0a867f,"{""distance"":5,""physical_error_rate"":1e-06}","{""detection_events"":1805,""detectors_checked"":579164160}"
   3106816,         0,         0,   119.6,decoder_by_matrix,f0fc70a0432f83ff513e502442839d2eab02e2bed2f658d0464ff826d304e5e7,"{""distance"":5,""physical_error_rate"":0.0005}","{""detection_events"":882680,""detectors_checked"":528158720}"
   3240960,         0,         0,   119.6,decoder_by_matrix,a052b2ce6ed64a98931ebcd7492590a746d7ec6e385d9f4479eb5b69a31b01f0,"{""distance"":5,""physical_error_rate"":0.0001}","{""detection_events"":186695,""detectors_checked"":550963200}"
   3147776,         0,         0,   119.6,decoder_by_matrix,a052b2ce6ed64a98931ebcd7492590a746d7ec6e385d9f4479eb5b69a31b01f0,"{""distance"":5,""physical_error_rate"":0.0001}","{""detection_events"":183275,""detectors_checked"":535121920}"
   3218432,         0,         0,   119.6,decoder_by_matrix,be0c214c078cdb5104153598b498575a1fc035ba16beb428536e5a87ee0a867f,"{""distance"":5,""physical_error_rate"":1e-06}","{""detection_events"":1810,""detectors_checked"":547133440}"
   3176448,         0,         0,   119.6,decoder_by_matrix,cc9cd6551b3048ae216380ccb8ae5d3cca75b5b766fe651c47ef084ce4ce7dc6,"{""distance"":5,""physical_error_rate"":5e-05}","{""detection_events"":92325,""detectors_checked"":539996160}"
   3172352,         0,         0,   119.6,decoder_by_matrix,6866428194f3c2ecf80b799fe3d7eaa0d7bfdd0bee14693d15f8abf3c1159eda,"{""distance"":5,""physical_error_rate"":1e-05}","{""detection_events"":18780,""detectors_checked"":539299840}"
   3080192,         0,         0,   119.6,decoder_by_matrix,f0fc70a0432f83ff513e502442839d2eab02e2bed2f658d0464ff826d304e5e7,"{""distance"":5,""physical_error_rate"":0.0005}","{""detection_events"":874840,""detectors_checked"":523632640}"
    280576,         0,         0,   119.6,decoder_by_matrix,be0c214c078cdb5104153598b498575a1fc035ba16beb428536e5a87ee0a867f,"{""distance"":5,""physical_error_rate"":1e-06}","{""detection_events"":190,""detectors_checked"":47697920}"
    336896,         0,         0,   119.3,decoder_by_matrix,5b8a070a3cf8d31d64f24dbee89f3428cb9cab13fc59f7448d798f9bf08e9187,"{""distance"":5,""physical_error_rate"":0.001}","{""detection_events"":192020,""detectors_checked"":57272320}"
    324608,         0,         0,   119.2,decoder_by_matrix,5b8a070a3cf8d31d64f24dbee89f3428cb9cab13fc59f7448d798f9bf08e9187,"{""distance"":5,""physical_error_rate"":0.001}","{""detection_events"":181030,""detectors_checked"":55183360}"
    303104,        62,         0,   119.9,decoder_by_matrix,6e3a1f380712a757a3b5fe9f9ef1a6075c7a0550e780d9e60559e4f3ce4ef0bf,"{""distance"":5,""physical_error_rate"":0.005}","{""detection_events"":846065,""detectors_checked"":51527680,""obs_mistake_mask=EE"":15,""obs_mistake_mask=E_"":23,""obs_mistake_mask=_E"":24}"
    305152,         0,         0,   119.5,decoder_by_matrix,cc9cd6551b3048ae216380ccb8ae5d3cca75b5b766fe651c47ef084ce4ce7dc6,"{""distance"":5,""physical_error_rate"":5e-05}","{""detection_events"":8690,""detectors_checked"":51875840}"
    304128,         0,         0,   120.1,decoder_by_matrix,f0fc70a0432f83ff513e502442839d2eab02e2bed2f658d0464ff826d304e5e7,"{""distance"":5,""physical_error_rate"":0.0005}","{""detection_events"":85445,""detectors_checked"":51701760}"
    342016,         0,         0,   118.9,decoder_by_matrix,6866428194f3c2ecf80b799fe3d7eaa0d7bfdd0bee14693d15f8abf3c1159eda,"{""distance"":5,""physical_error_rate"":1e-05}","{""detection_events"":1940,""detectors_checked"":58142720}"
    306176,         2,         0,   120.0,decoder_by_matrix,5b8a070a3cf8d31d64f24dbee89f3428cb9cab13fc59f7448d798f9bf08e9187,"{""distance"":5,""physical_error_rate"":0.001}","{""detection_events"":172675,""detectors_checked"":52049920,""obs_mistake_mask=E_"":2}"
    330752,         0,         0,   119.5,decoder_by_matrix,161b5fe948dcfe007f335a5c57bcb8ff38ff3ea8726714a4cc08f5b9386b17ca,"{""distance"":5,""physical_error_rate"":5e-06}","{""detection_events"":945,""detectors_checked"":56227840}"
    292864,         0,         0,   119.5,decoder_by_matrix,a052b2ce6ed64a98931ebcd7492590a746d7ec6e385d9f4479eb5b69a31b01f0,"{""distance"":5,""physical_error_rate"":0.0001}","{""detection_events"":16045,""detectors_checked"":49786880}"
    307200,         1,         0,   120.0,decoder_by_matrix,5b8a070a3cf8d31d64f24dbee89f3428cb9cab13fc59f7448d798f9bf08e9187,"{""distance"":5,""physical_error_rate"":0.001}","{""detection_events"":174020,""detectors_checked"":52224000,""obs_mistake_mask=EE"":1}"
    308224,         0,         0,   119.8,decoder_by_matrix,cc9cd6551b3048ae216380ccb8ae5d3cca75b5b766fe651c47ef084ce4ce7dc6,"{""distance"":5,""physical_error_rate"":5e-05}","{""detection_events"":8300,""detectors_checked"":52398080}"
    282624,        59,         0,   119.6,decoder_by_matrix,6e3a1f380712a757a3b5fe9f9ef1a6075c7a0550e780d9e60559e4f3ce4ef0bf,"{""distance"":5,""physical_error_rate"":0.005}","{""detection_events"":789735,""detectors_checked"":48046080,""obs_mistake_mask=EE"":19,""obs_mistake_mask=E_"":27,""obs_mistake_mask=_E"":13}"
    296960,         0,         0,   119.4,decoder_by_matrix,a052b2ce6ed64a98931ebcd7492590a746d7ec6e385d9f4479eb5b69a31b01f0,"{""distance"":5,""physical_error_rate"":0.0001}","{""detection_events"":16765,""detectors_checked"":50483200}"
    246272,        48,         0,   120.9,decoder_by_matrix,6e3a1f380712a757a3b5fe9f9ef1a6075c7a0550e780d9e60559e4f3ce4ef0bf,"{""distance"":5,""physical_error_rate"":0.005}","{""detection_events"":682245,""detectors_checked"":41866240,""obs_mistake_mask=EE"":16,""obs_mistake_mask=E_"":21,""obs_mistake_mask=_E"":11}"
   3250176,         0,         0,   119.6,decoder_by_matrix,be0c214c078cdb5104153598b498575a1fc035ba16beb428536e5a87ee0a867f,"{""distance"":5,""physical_error_rate"":1e-06}","{""detection_events"":2015,""detectors_checked"":552529920}"
   3231744,         0,         0,   119.6,decoder_by_matrix,161b5fe948dcfe007f335a5c57bcb8ff38ff3ea8726714a4cc08f5b9386b17ca,"{""distance"":5,""physical_error_rate"":5e-06}","{""detection_events"":8995,""detectors_checked"":549396480}"
    320512,         0,         0,   119.2,decoder_by_matrix,a052b2ce6ed64a98931ebcd7492590a746d7ec6e385d9f4479eb5b69a31b01f0,"{""distance"":5,""physical_error_rate"":0.0001}","{""detection_events"":17980,""detectors_checked"":54487040}"
    318464,         0,         0,   118.8,decoder_by_matrix,cc9cd6551b3048ae216380ccb8ae5d3cca75b5b766fe651c47ef084ce4ce7dc6,"{""distance"":5,""physical_error_rate"":5e-05}","{""detection_events"":9150,""detectors_checked"":54138880}"
    318464,         0,         0,   119.1,decoder_by_matrix,6866428194f3c2ecf80b799fe3d7eaa0d7bfdd0bee14693d15f8abf3c1159eda,"{""distance"":5,""physical_error_rate"":1e-05}","{""detection_events"":1530,""detectors_checked"":54138880}"
    289792,         0,         0,   119.7,decoder_by_matrix,f0fc70a0432f83ff513e502442839d2eab02e2bed2f658d0464ff826d304e5e7,"{""distance"":5,""physical_error_rate"":0.0005}","{""detection_events"":81755,""detectors_checked"":49264640}"
    272384,         0,         0,   119.6,decoder_by_matrix,6866428194f3c2ecf80b799fe3d7eaa0d7bfdd0bee14693d15f8abf3c1159eda,"{""distance"":5,""physical_error_rate"":1e-05}","{""detection_events"":1825,""detectors_checked"":46305280}"
    295936,         0,         0,   119.5,decoder_by_matrix,161b5fe948dcfe007f335a5c57bcb8ff38ff3ea8726714a4cc08f5b9386b17ca,"{""distance"":5,""physical_error_rate"":5e-06}","{""detection_events"":775,""detectors_checked"":50309120}"
    259072,         0,         0,   119.9,decoder_by_matrix,f0fc70a0432f83ff513e502442839d2eab02e2bed2f658d0464ff826d304e5e7,"{""distance"":5,""physical_error_rate"":0.0005}","{""detection_events"":73770,""detectors_checked"":44042240}"
    284672,         0,         0,   119.9,decoder_by_matrix,be0c214c078cdb5104153598b498575a1fc035ba16beb428536e5a87ee0a867f,"{""distance"":5,""physical_error_rate"":1e-06}","{""detection_events"":60,""detectors_checked"":48394240}"
    252928,        53,         0,   120.1,decoder_by_matrix,6e3a1f380712a757a3b5fe9f9ef1a6075c7a0550e780d9e60559e4f3ce4ef0bf,"{""distance"":5,""physical_error_rate"":0.005}","{""detection_events"":703175,""detectors_checked"":42997760,""obs_mistake_mask=EE"":19,""obs_mistake_mask=E_"":22,""obs_mistake_mask=_E"":12}"
   3159040,       671,         0,   119.6,decoder_by_matrix,6e3a1f380712a757a3b5fe9f9ef1a6075c7a0550e780d9e60559e4f3ce4ef0bf,"{""distance"":5,""physical_error_rate"":0.005}","{""detection_events"":8795235,""detectors_checked"":537036800,""obs_mistake_mask=EE"":170,""obs_mistake_mask=E_"":314,""obs_mistake_mask=_E"":187}"
   3198976,       628,         0,   119.6,decoder_by_matrix,6e3a1f380712a757a3b5fe9f9ef1a6075c7a0550e780d9e60559e4f3ce4ef0bf,"{""distance"":5,""physical_error_rate"":0.005}","{""detection_events"":8908835,""detectors_checked"":543825920,""obs_mistake_mask=EE"":140,""obs_mistake_mask=E_"":303,""obs_mistake_mask=_E"":185}"
   3184640,         0,         0,   119.6,decoder_by_matrix,6866428194f3c2ecf80b799fe3d7eaa0d7bfdd0bee14693d15f8abf3c1159eda,"{""distance"":5,""physical_error_rate"":1e-05}","{""detection_events"":18780,""detectors_checked"":541388800}"
   3194880,         0,         0,   119.6,decoder_by_matrix,161b5fe948dcfe007f335a5c57bcb8ff38ff3ea8726714a4cc08f5b9386b17ca,"{""distance"":5,""physical_error_rate"":5e-06}","{""detection_events"":9170,""detectors_checked"":543129600}"
   3165184,         0,         0,   119.5,decoder_by_matrix,161b5fe948dcfe007f335a5c57bcb8ff38ff3ea8726714a4cc08f5b9386b17ca,"{""distance"":5,""physical_error_rate"":5e-06}","{""detection_events"":8415,""detectors_checked"":538081280}"
   3191808,         0,         0,   119.6,decoder_by_matrix,6866428194f3c2ecf80b799fe3d7eaa0d7bfdd0bee14693d15f8abf3c1159eda,"{""distance"":5,""physical_error_rate"":1e-05}","{""detection_events"":19290,""detectors_checked"":542607360}"
   3139584,         0,         0,   119.6,decoder_by_matrix,cc9cd6551b3048ae216380ccb8ae5d3cca75b5b766fe651c47ef084ce4ce7dc6,"{""distance"":5,""physical_error_rate"":5e-05}","{""detection_events"":88320,""detectors_checked"":533729280}"
   3086336,         0,         0,   119.6,decoder_by_matrix,a052b2ce6ed64a98931ebcd7492590a746d7ec6e385d9f4479eb5b69a31b01f0,"{""distance"":5,""physical_error_rate"":0.0001}","{""detection_events"":173970,""detectors_checked"":524677120}"
   3102720,         0,         0,   119.6,decoder_by_matrix,f0fc70a0432f83ff513e502442839d2eab02e2bed2f658d0464ff826d304e5e7,"{""distance"":5,""physical_error_rate"":0.0005}","{""detection_events"":886680,""detectors_checked"":527462400}"
   3359744,         0,         0,   119.6,decoder_by_matrix,161b5fe948dcfe007f335a5c57bcb8ff38ff3ea8726714a4cc08f5b9386b17ca,"{""distance"":5,""physical_error_rate"":5e-06}","{""detection_events"":9640,""detectors_checked"":571156480}"
   3127296,         2,         0,   119.6,decoder_by_matrix,5b8a070a3cf8d31d64f24dbee89f3428cb9cab13fc59f7448d798f9bf08e9187,"{""distance"":5,""physical_error_rate"":0.001}","{""detection_events"":1774475,""detectors_checked"":531640320,""obs_mistake_mask=E_"":1,""obs_mistake_mask=_E"":1}"
   3118080,         6,         0,   119.6,decoder_by_matrix,5b8a070a3cf8d31d64f24dbee89f3428cb9cab13fc59f7448d798f9bf08e9187,"{""distance"":5,""physical_error_rate"":0.001}","{""detection_events"":1772900,""detectors_checked"":530073600,""obs_mistake_mask=EE"":2,""obs_mistake_mask=E_"":3,""obs_mistake_mask=_E"":1}"
   3271680,         0,         0,   119.6,decoder_by_matrix,cc9cd6551b3048ae216380ccb8ae5d3cca75b5b766fe651c47ef084ce4ce7dc6,"{""distance"":5,""physical_error_rate"":5e-05}","{""detection_events"":92405,""detectors_checked"":556185600}"
   3041280,         0,         0,   119.6,decoder_by_matrix,be0c214c078cdb5104153598b498575a1fc035ba16beb428536e5a87ee0a867f,"{""distance"":5,""physical_error_rate"":1e-06}","{""detection_events"":1515,""detectors_checked"":517017600}"
   3407872,         0,         0,   119.5,decoder_by_matrix,be0c214c078cdb5104153598b498575a1fc035ba16beb428536e5a87ee0a867f,"{""distance"":5,""physical_error_rate"":1e-06}","{""detection_events"":1645,""detectors_checked"":579338240}"
   3107840,         1,         0,   119.6,decoder_by_matrix,f0fc70a0432f83ff513e502442839d2eab02e2bed2f658d0464ff826d304e5e7,"{""distance"":5,""physical_error_rate"":0.0005}","{""detection_events"":879775,""detectors_checked"":528332800,""obs_mistake_mask=E_"":1}"
   3244032,         0,         0,   119.6,decoder_by_matrix,a052b2ce6ed64a98931ebcd7492590a746d7ec6e385d9f4479eb5b69a31b01f0,"{""distance"":5,""physical_error_rate"":0.0001}","{""detection_events"":184930,""detectors_checked"":551485440}"
   3107840,         0,         0,   119.6,decoder_by_matrix,a052b2ce6ed64a98931ebcd7492590a746d7ec6e385d9f4479eb5b69a31b01f0,"{""distance"":5,""physical_error_rate"":0.0001}","{""detection_events"":178665,""detectors_checked"":528332800}"
   3207168,         0,         0,   119.6,decoder_by_matrix,be0c214c078cdb5104153598b498575a1fc035ba16beb428536e5a87ee0a867f,"{""distance"":5,""physical_error_rate"":1e-06}","{""detection_events"":1940,""detectors_checked"":545218560}"
   3144704,         0,         0,   119.6,decoder_by_matrix,cc9cd6551b3048ae216380ccb8ae5d3cca75b5b766fe651c47ef084ce4ce7dc6,"{""distance"":5,""physical_error_rate"":5e-05}","{""detection_events"":87465,""detectors_checked"":534599680}"
   3173376,         0,         0,   119.6,decoder_by_matrix,6866428194f3c2ecf80b799fe3d7eaa0d7bfdd0bee14693d15f8abf3c1159eda,"{""distance"":5,""physical_error_rate"":1e-05}","{""detection_events"":17695,""detectors_checked"":539473920}"
   3065856,         0,         0,   119.6,decoder_by_matrix,f0fc70a0432f83ff513e502442839d2eab02e2bed2f658d0464ff826d304e5e7,"{""distance"":5,""physical_error_rate"":0.0005}","{""detection_events"":871585,""detectors_checked"":521195520}"
    286720,         0,         0,   119.6,decoder_by_matrix,be0c214c078cdb5104153598b498575a1fc035ba16beb428536e5a87ee0a867f,"{""distance"":5,""physical_error_rate"":1e-06}","{""detection_events"":85,""detectors_checked"":48742400}"
    339968,         0,         0,   119.0,decoder_by_matrix,5b8a070a3cf8d31d64f24dbee89f3428cb9cab13fc59f7448d798f9bf08e9187,"{""distance"":5,""physical_error_rate"":0.001}","{""detection_events"":192790,""detectors_checked"":57794560}"
    320512,         0,         0,   119.1,decoder_by_matrix,5b8a070a3cf8d31d64f24dbee89f3428cb9cab13fc59f7448d798f9bf08e9187,"{""distance"":5,""physical_error_rate"":0.001}","{""detection_events"":184245,""detectors_checked"":54487040}"
    290816,        59,         0,   119.2,decoder_by_matrix,6e3a1f380712a757a3b5fe9f9ef1a6075c7a0550e780d9e60559e4f3ce4ef0bf,"{""distance"":5,""physical_error_rate"":0.005}","{""detection_events"":814310,""detectors_checked"":49438720,""obs_mistake_mask=EE"":21,""obs_mistake_mask=E_"":21,""obs_mistake_mask=_E"":17}"
    300032,         0,         0,   119.6,decoder_by_matrix,cc9cd6551b3048ae216380ccb8ae5d3cca75b5b766fe651c47ef084ce4ce7dc6,"{""distance"":5,""physical_error_rate"":5e-05}","{""detection_events"":7615,""detectors_checked"":51005440}"
    305152,         0,         0,   119.2,decoder_by_matrix,f0fc70a0432f83ff513e502442839d2eab02e2bed2f658d0464ff826d304e5e7,"{""distance"":5,""physical_error_rate"":0.0005}","{""detection_events"":88010,""detectors_checked"":51875840}"
    327680,         0,         0,   119.4,decoder_by_matrix,6866428194f3c2ecf80b799fe3d7eaa0d7bfdd0bee14693d15f8abf3c1159eda,"{""distance"":5,""physical_error_rate"":1e-05}","{""detection_events"":1685,""detectors_checked"":55705600}"
    326656,         0,         0,   118.9,decoder_by_matrix,161b5fe948dcfe007f335a5c57bcb8ff38ff3ea8726714a4cc08f5b9386b17ca,"{""distance"":5,""physical_error_rate"":5e-06}","{""detection_events"":1185,""detectors_checked"":55531520}"
    312320,         1,         0,   119.8,decoder_by_matrix,5b8a070a3cf8d31d64f24dbee89f3428cb9cab13fc59f7448d798f9bf08e9187,"{""distance"":5,""physical_error_rate"":0.001}","{""detection_events"":173675,""detectors_checked"":53094400,""obs_mistake_mask=_E"":1}"
    301056,         0,         0,   119.5,decoder_by_matrix,5b8a070a3cf8d31d64f24dbee89f3428cb9cab13fc59f7448d798f9bf08e9187,"{""distance"":5,""physical_error_rate"":0.001}","{""detection_events"":169265,""detectors_checked"":51179520}"
    307200,         0,         0,   119.2,decoder_by_matrix,cc9cd6551b3048ae216380ccb8ae5d3cca75b5b766fe651c47ef084ce4ce7dc6,"{""distance"":5,""physical_error_rate"":5e-05}","{""detection_events"":8650,""detectors_checked"":52224000}"
    256000,         0,         0,   120.1,decoder_by_matrix,a052b2ce6ed64a98931ebcd7492590a746d7ec6e385d9f4479eb5b69a31b01f0,"{""distance"":5,""physical_error_rate"":0.0001}","{""detection_events"":14705,""detectors_checked"":43520000}"
    280576,        54,         0,   119.8,decoder_by_matrix,6e3a1f380712a757a3b5fe9f9ef1a6075c7a0550e780d9e60559e4f3ce4ef0bf,"{""distance"":5,""physical_error_rate"":0.005}","{""detection_events"":782775,""detectors_checked"":47697920,""obs_mistake_mask=EE"":18,""obs_mistake_mask=E_"":21,""obs_mistake_mask=_E"":15}"
    293888,         0,         0,   119.7,decoder_by_matrix,a052b2ce6ed64a98931ebcd7492590a746d7ec6e385d9f4479eb5b69a31b01f0,"{""distance"":5,""physical_error_rate"":0.0001}","{""detection_events"":16435,""detectors_checked"":49960960}"
    194048,        30,         0,   119.9,decoder_by_matrix,6e3a1f380712a757a3b5fe9f9ef1a6075c7a0550e780d9e60559e4f3ce4ef0bf,"{""distance"":5,""physical_error_rate"":0.005}","{""detection_events"":540875,""detectors_checked"":32988160,""obs_mistake_mask=EE"":3,""obs_mistake_mask=E_"":15,""obs_mistake_mask=_E"":12}"
   3245056,         0,         0,   119.6,decoder_by_matrix,be0c214c078cdb5104153598b498575a1fc035ba16beb428536e5a87ee0a867f,"{""distance"":5,""physical_error_rate"":1e-06}","{""detection_events"":2135,""detectors_checked"":551659520}"
   3222528,         0,         0,   119.6,decoder_by_matrix,161b5fe948dcfe007f335a5c57bcb8ff38ff3ea8726714a4cc08f5b9386b17ca,"{""distance"":5,""physical_error_rate"":5e-06}","{""detection_events"":9950,""detectors_checked"":547829760}"
    317440,         0,         0,   118.6,decoder_by_matrix,cc9cd6551b3048ae216380ccb8ae5d3cca75b5b766fe651c47ef084ce4ce7dc6,"{""distance"":5,""physical_error_rate"":5e-05}","{""detection_events"":9035,""detectors_checked"":53964800}"
    314368,         0,         0,   118.9,decoder_by_matrix,a052b2ce6ed64a98931ebcd7492590a746d7ec6e385d9f4479eb5b69a31b01f0,"{""distance"":5,""physical_error_rate"":0.0001}","{""detection_events"":18560,""detectors_checked"":53442560}"
    290816,         0,         0,   119.8,decoder_by_matrix,f0fc70a0432f83ff513e502442839d2eab02e2bed2f658d0464ff826d304e5e7,"{""distance"":5,""physical_error_rate"":0.0005}","{""detection_events"":81180,""detectors_checked"":49438720}"
    320512,         0,         0,   119.5,decoder_by_matrix,6866428194f3c2ecf80b799fe3d7eaa0d7bfdd0bee14693d15f8abf3c1159eda,"{""distance"":5,""physical_error_rate"":1e-05}","{""detection_events"":1785,""detectors_checked"":54487040}"
    369152,         0,         0,   119.5,decoder_by_matrix,6866428194f3c2ecf80b799fe3d7eaa0d7bfdd0bee14693d15f8abf3c1159eda,"{""distance"":5,""physical_error_rate"":1e-05}","{""detection_events"":2175,""detectors_checked"":62755840}"
    274432,         0,         0,   119.3,decoder_by_matrix,161b5fe948dcfe007f335a5c57bcb8ff38ff3ea8726714a4cc08f5b9386b17ca,"{""distance"":5,""physical_error_rate"":5e-06}","{""detection_events"":635,""detectors_checked"":46653440}"
    278528,         0,         0,   119.8,decoder_by_matrix,f0fc70a0432f83ff513e502442839d2eab02e2bed2f658d0464ff826d304e5e7,"{""distance"":5,""physical_error_rate"":0.0005}","{""detection_events"":76365,""detectors_checked"":47349760}"
    291840,         0,         0,   119.3,decoder_by_matrix,be0c214c078cdb5104153598b498575a1fc035ba16beb428536e5a87ee0a867f,"{""distance"":5,""physical_error_rate"":1e-06}","{""detection_events"":50,""detectors_checked"":49612800}"
    259072,        58,         0,   119.9,decoder_by_matrix,6e3a1f380712a757a3b5fe9f9ef1a6075c7a0550e780d9e60559e4f3ce4ef0bf,"{""distance"":5,""physical_error_rate"":0.005}","{""detection_events"":727970,""detectors_checked"":44042240,""obs_mistake_mask=EE"":10,""obs_mistake_mask=E_"":34,""obs_mistake_mask=_E"":14}"
   3146752,       601,         0,   119.6,decoder_by_matrix,6e3a1f380712a757a3b5fe9f9ef1a6075c7a0550e780d9e60559e4f3ce4ef0bf,"{""distance"":5,""physical_error_rate"":0.005}","{""detection_events"":8757910,""detectors_checked"":534947840,""obs_mistake_mask=EE"":144,""obs_mistake_mask=E_"":317,""obs_mistake_mask=_E"":140}"
   3181568,       641,         0,   119.6,decoder_by_matrix,6e3a1f380712a757a3b5fe9f9ef1a6075c7a0550e780d9e60559e4f3ce4ef0bf,"{""distance"":5,""physical_error_rate"":0.005}","{""detection_events"":8823405,""detectors_checked"":540866560,""obs_mistake_mask=EE"":159,""obs_mistake_mask=E_"":328,""obs_mistake_mask=_E"":154}"
   3184640,         0,         0,   119.6,decoder_by_matrix,6866428194f3c2ecf80b799fe3d7eaa0d7bfdd0bee14693d15f8abf3c1159eda,"{""distance"":5,""physical_error_rate"":1e-05}","{""detection_events"":17310,""detectors_checked"":541388800}"
   3179520,         0,         0,   119.6,decoder_by_matrix,161b5fe948dcfe007f335a5c57bcb8ff38ff3ea8726714a4cc08f5b9386b17ca,"{""distance"":5,""physical_error_rate"":5e-06}","{""detection_events"":9540,""detectors_checked"":540518400}"
   3143680,         0,         0,   119.6,decoder_by_matrix,161b5fe948dcfe007f335a5c57bcb8ff38ff3ea8726714a4cc08f5b9386b17ca,"{""distance"":5,""physical_error_rate"":5e-06}","{""detection_events"":8760,""detectors_checked"":534425600}"
   3193856,         0,         0,   119.6,decoder_by_matrix,6866428194f3c2ecf80b799fe3d7eaa0d7bfdd0bee14693d15f8abf3c1159eda,"{""distance"":5,""physical_error_rate"":1e-05}","{""detection_events"":18675,""detectors_checked"":542955520}"
   3115008,         0,         0,   119.6,decoder_by_matrix,cc9cd6551b3048ae216380ccb8ae5d3cca75b5b766fe651c47ef084ce4ce7dc6,"{""distance"":5,""physical_error_rate"":5e-05}","{""detection_events"":89735,""detectors_checked"":529551360}"
   3073024,         0,         0,   119.6,decoder_by_matrix,a052b2ce6ed64a98931ebcd7492590a746d7ec6e385d9f4479eb5b69a31b01f0,"{""distance"":5,""physical_error_rate"":0.0001}","{""detection_events"":174275,""detectors_checked"":522414080}"
   3106816,         0,         0,   119.6,decoder_by_matrix,f0fc70a0432f83ff513e502442839d2eab02e2bed2f658d0464ff826d304e5e7,"{""distance"":5,""physical_error_rate"":0.0005}","{""detection_events"":878905,""detectors_checked"":528158720}"
   3353600,         0,         0,   119.6,decoder_by_matrix,161b5fe948dcfe007f335a5c57bcb8ff38ff3ea8726714a4cc08f5b9386b17ca,"{""distance"":5,""physical_error_rate"":5e-06}","{""detection_events"":9860,""detectors_checked"":570112000}"
   3058688,         3,         0,   119.6,decoder_by_matrix,5b8a070a3cf8d31d64f24dbee89f3428cb9cab13fc59f7448d798f9bf08e9187,"{""distance"":5,""physical_error_rate"":0.001}","{""detection_events"":1742580,""detectors_checked"":519976960,""obs_mistake_mask=E_"":1,""obs_mistake_mask=_E"":2}"
   3072000,         5,         0,   119.6,decoder_by_matrix,5b8a070a3cf8d31d64f24dbee89f3428cb9cab13fc59f7448d798f9bf08e9187,"{""distance"":5,""physical_error_rate"":0.001}","{""detection_events"":1735940,""detectors_checked"":522240000,""obs_mistake_mask=EE"":1,""obs_mistake_mask=E_"":3,""obs_mistake_mask=_E"":1}"
   3234816,         0,         0,   119.6,decoder_by_matrix,cc9cd6551b3048ae216380ccb8ae5d3cca75b5b766fe651c47ef084ce4ce7dc6,"{""distance"":5,""physical_error_rate"":5e-05}","{""detection_events"":94840,""detectors_checked"":549918720}"
   3386368,         0,         0,   119.6,decoder_by_matrix,be0c214c078cdb5104153598b498575a1fc035ba16beb428536e5a87ee0a867f,"{""distance"":5,""physical_error_rate"":1e-06}","{""detection_events"":1910,""detectors_checked"":575682560}"
   3051520,         0,         0,   119.6,decoder_by_matrix,be0c214c078cdb5104153598b498575a1fc035ba16beb428536e5a87ee0a867f,"{""distance"":5,""physical_error_rate"":1e-06}","{""detection_events"":1970,""detectors_checked"":518758400}"
   3066880,         0,         0,   119.6,decoder_by_matrix,f0fc70a0432f83ff513e502442839d2eab02e2bed2f658d0464ff826d304e5e7,"{""distance"":5,""physical_error_rate"":0.0005}","{""detection_events"":875845,""detectors_checked"":521369600}"
   3234816,         0,         0,   119.6,decoder_by_matrix,a052b2ce6ed64a98931ebcd7492590a746d7ec6e385d9f4479eb5b69a31b01f0,"{""distance"":5,""physical_error_rate"":0.0001}","{""detection_events"":184995,""detectors_checked"":549918720}"
   3112960,         0,         0,   119.6,decoder_by_matrix,a052b2ce6ed64a98931ebcd7492590a746d7ec6e385d9f4479eb5b69a31b01f0,"{""distance"":5,""physical_error_rate"":0.0001}","{""detection_events"":179270,""detectors_checked"":529203200}"
   3165184,         0,         0,   119.6,decoder_by_matrix,be0c214c078cdb5104153598b498575a1fc035ba16beb428536e5a87ee0a867f,"{""distance"":5,""physical_error_rate"":1e-06}","{""detection_events"":1750,""detectors_checked"":538081280}"
   3096576,         0,         0,   119.6,decoder_by_matrix,cc9cd6551b3048ae216380ccb8ae5d3cca75b5b766fe651c47ef084ce4ce7dc6,"{""distance"":5,""physical_error_rate"":5e-05}","{""detection_events"":87635,""detectors_checked"":526417920}"
   3165184,         0,         0,   119.6,decoder_by_matrix,6866428194f3c2ecf80b799fe3d7eaa0d7bfdd0bee14693d15f8abf3c1159eda,"{""distance"":5,""physical_error_rate"":1e-05}","{""detection_events"":17575,""detectors_checked"":538081280}"
   3007488,         2,         0,   119.6,decoder_by_matrix,f0fc70a0432f83ff513e502442839d2eab02e2bed2f658d0464ff826d304e5e7,"{""distance"":5,""physical_error_rate"":0.0005}","{""detection_events"":850025,""detectors_checked"":511272960,""obs_mistake_mask=E_"":1,""obs_mistake_mask=_E"":1}"
    301056,         0,         0,   119.8,decoder_by_matrix,be0c214c078cdb5104153598b498575a1fc035ba16beb428536e5a87ee0a867f,"{""distance"":5,""physical_error_rate"":1e-06}","{""detection_events"":280,""detectors_checked"":51179520}"
    349184,         0,         0,   119.2,decoder_by_matrix,5b8a070a3cf8d31d64f24dbee89f3428cb9cab13fc59f7448d798f9bf08e9187,"{""distance"":5,""physical_error_rate"":0.001}","{""detection_events"":196765,""detectors_checked"":59361280}"
    339968,         0,         0,   119.7,decoder_by_matrix,5b8a070a3cf8d31d64f24dbee89f3428cb9cab13fc59f7448d798f9bf08e9187,"{""distance"":5,""physical_error_rate"":0.001}","{""detection_events"":190720,""detectors_checked"":57794560}"
    292864,        59,         0,   119.9,decoder_by_matrix,6e3a1f380712a757a3b5fe9f9ef1a6075c7a0550e780d9e60559e4f3ce4ef0bf,"{""distance"":5,""physical_error_rate"":0.005}","{""detection_events"":818955,""detectors_checked"":49786880,""obs_mistake_mask=EE"":16,""obs_mistake_mask=E_"":36,""obs_mistake_mask=_E"":7}"
    330752,         0,         0,   119.8,decoder_by_matrix,cc9cd6551b3048ae216380ccb8ae5d3cca75b5b766fe651c47ef084ce4ce7dc6,"{""distance"":5,""physical_error_rate"":5e-05}","{""detection_events"":9325,""detectors_checked"":56227840}"
    321536,         0,         0,   119.8,decoder_by_matrix,f0fc70a0432f83ff513e502442839d2eab02e2bed2f658d0464ff826d304e5e7,"{""distance"":5,""physical_error_rate"":0.0005}","{""detection_events"":92465,""detectors_checked"":54661120}"
    353280,         0,         0,   119.3,decoder_by_matrix,6866428194f3c2ecf80b799fe3d7eaa0d7bfdd0bee14693d15f8abf3c1159eda,"{""distance"":5,""physical_error_rate"":1e-05}","{""detection_events"":2130,""detectors_checked"":60057600}"
    344064,         0,         0,   119.0,decoder_by_matrix,161b5fe948dcfe007f335a5c57bcb8ff38ff3ea8726714a4cc08f5b9386b17ca,"{""distance"":5,""physical_error_rate"":5e-06}","{""detection_events"":1075,""detectors_checked"":58490880}"
    311296,         1,         0,   119.6,decoder_by_matrix,5b8a070a3cf8d31d64f24dbee89f3428cb9cab13fc59f7448d798f9bf08e9187,"{""distance"":5,""physical_error_rate"":0.001}","{""detection_events"":177565,""detectors_checked"":52920320,""obs_mistake_mask=EE"":1}"
    288768,         0,         0,   119.3,decoder_by_matrix,a052b2ce6ed64a98931ebcd7492590a746d7ec6e385d9f4479eb5b69a31b01f0,"{""distance"":5,""physical_error_rate"":0.0001}","{""detection_events"":17140,""detectors_checked"":49090560}"
    313344,         0,         0,   119.6,decoder_by_matrix,cc9cd6551b3048ae216380ccb8ae5d3cca75b5b766fe651c47ef084ce4ce7dc6,"{""distance"":5,""physical_error_rate"":5e-05}","{""detection_events"":8585,""detectors_checked"":53268480}"
    370176,         2,         0,   120.0,decoder_by_matrix,5b8a070a3cf8d31d64f24dbee89f3428cb9cab13fc59f7448d798f9bf08e9187,"{""distance"":5,""physical_error_rate"":0.001}","{""detection_events"":210915,""detectors_checked"":62929920,""obs_mistake_mask=E_"":1,""obs_mistake_mask=_E"":1}"
    295936,        46,         0,   119.8,decoder_by_matrix,6e3a1f380712a757a3b5fe9f9ef1a6075c7a0550e780d9e60559e4f3ce4ef0bf,"{""distance"":5,""physical_error_rate"":0.005}","{""detection_events"":820985,""detectors_checked"":50309120,""obs_mistake_mask=EE"":10,""obs_mistake_mask=E_"":27,""obs_mistake_mask=_E"":9}"
    335872,         0,         0,   119.5,decoder_by_matrix,a052b2ce6ed64a98931ebcd7492590a746d7ec6e385d9f4479eb5b69a31b01f0,"{""distance"":5,""physical_error_rate"":0.0001}","{""detection_events"":18540,""detectors_checked"":57098240}"
    312320,        68,         0,   119.7,decoder_by_matrix,6e3a1f380712a757a3b5fe9f9ef1a6075c7a0550e780d9e60559e4f3ce4ef0bf,"{""distance"":5,""physical_error_rate"":0.005}","{""detection_events"":878085,""detectors_checked"":53094400,""obs_mistake_mask=EE"":16,""obs_mistake_mask=E_"":34,""obs_mistake_mask=_E"":18}"
   3237888,         0,         0,   119.6,decoder_by_matrix,be0c214c078cdb5104153598b498575a1fc035ba16beb428536e5a87ee0a867f,"{""distance"":5,""physical_error_rate"":1e-06}","{""detection_events"":1830,""detectors_checked"":550440960}"
   3204096,         0,         0,   119.6,decoder_by_matrix,161b5fe948dcfe007f335a5c57bcb8ff38ff3ea8726714a4cc08f5b9386b17ca,"{""distance"":5,""physical_error_rate"":5e-06}","{""detection_events"":9395,""detectors_checked"":544696320}"
    327680,         0,         0,   118.7,decoder_by_matrix,cc9cd6551b3048ae216380ccb8ae5d3cca75b5b766fe651c47ef084ce4ce7dc6,"{""distance"":5,""physical_error_rate"":5e-05}","{""detection_events"":8845,""detectors_checked"":55705600}"
    328704,         0,         0,   118.6,decoder_by_matrix,a052b2ce6ed64a98931ebcd7492590a746d7ec6e385d9f4479eb5b69a31b01f0,"{""distance"":5,""physical_error_rate"":0.0001}","{""detection_events"":17735,""detectors_checked"":55879680}"
    310272,         0,         0,   119.4,decoder_by_matrix,f0fc70a0432f83ff513e502442839d2eab02e2bed2f658d0464ff826d304e5e7,"{""distance"":5,""physical_error_rate"":0.0005}","{""detection_events"":88830,""detectors_checked"":52746240}"
    342016,         0,         0,   119.7,decoder_by_matrix,6866428194f3c2ecf80b799fe3d7eaa0d7bfdd0bee14693d15f8abf3c1159eda,"{""distance"":5,""physical_error_rate"":1e-05}","{""detection_events"":1880,""detectors_checked"":58142720}"
    386048,         0,         0,   120.5,decoder_by_matrix,6866428194f3c2ecf80b799fe3d7eaa0d7bfdd0bee14693d15f8abf3c1159eda,"{""distance"":5,""physical_error_rate"":1e-05}","{""detection_events"":2220,""detectors_checked"":65628160}"
    309248,         0,         0,   118.9,decoder_by_matrix,161b5fe948dcfe007f335a5c57bcb8ff38ff3ea8726714a4cc08f5b9386b17ca,"{""distance"":5,""physical_error_rate"":5e-06}","{""detection_events"":1005,""detectors_checked"":52572160}"
    355328,         0,         0,   119.9,decoder_by_matrix,f0fc70a0432f83ff513e502442839d2eab02e2bed2f658d0464ff826d304e5e7,"{""distance"":5,""physical_error_rate"":0.0005}","{""detection_events"":97470,""detectors_checked"":60405760}"
    299008,         0,         0,   119.7,decoder_by_matrix,be0c214c078cdb5104153598b498575a1fc035ba16beb428536e5a87ee0a867f,"{""distance"":5,""physical_error_rate"":1e-06}","{""detection_events"":145,""detectors_checked"":50831360}"
    251904,        47,         0,   119.0,decoder_by_matrix,6e3a1f380712a757a3b5fe9f9ef1a6075c7a0550e780d9e60559e4f3ce4ef0bf,"{""distance"":5,""physical_error_rate"":0.005}","{""detection_events"":696885,""detectors_checked"":42823680,""obs_mistake_mask=EE"":8,""obs_mistake_mask=E_"":25,""obs_mistake_mask=_E"":14}"
   3129344,       647,         0,   119.6,decoder_by_matrix,6e3a1f380712a757a3b5fe9f9ef1a6075c7a0550e780d9e60559e4f3ce4ef0bf,"{""distance"":5,""physical_error_rate"":0.005}","{""detection_events"":8720215,""detectors_checked"":531988480,""obs_mistake_mask=EE"":153,""obs_mistake_mask=E_"":305,""obs_mistake_mask=_E"":189}"
   3159040,       622,         0,   119.6,decoder_by_matrix,6e3a1f380712a757a3b5fe9f9ef1a6075c7a0550e780d9e60559e4f3ce4ef0bf,"{""distance"":5,""physical_error_rate"":0.005}","{""detection_events"":8810845,""detectors_checked"":537036800,""obs_mistake_mask=EE"":144,""obs_mistake_mask=E_"":321,""obs_mistake_mask=_E"":157}"
      1024,         1,         0,   0.040,decoder_by_matrix,6e3a1f380712a757a3b5fe9f9ef1a6075c7a0550e780d9e60559e4f3ce4ef0bf,"{""distance"":5,""physical_error_rate"":0.005}","{""detection_events"":2860,""detectors_checked"":174080,""obs_mistake_mask=E_"":1}"
    369664,        71,         0,    91.1,decoder_by_matrix,6e3a1f380712a757a3b5fe9f9ef1a6075c7a0550e780d9e60559e4f3ce4ef0bf,"{""distance"":5,""physical_error_rate"":0.005}","{""detection_events"":1030110,""detectors_checked"":62842880,""obs_mistake_mask=EE"":17,""obs_mistake_mask=E_"":35,""obs_mistake_mask=_E"":19}"
    220160,        41,         0,    87.2,decoder_by_matrix,6e3a1f380712a757a3b5fe9f9ef1a6075c7a0550e780d9e60559e4f3ce4ef0bf,"{""distance"":5,""physical_error_rate"":0.005}","{""detection_events"":611560,""detectors_checked"":37427200,""obs_mistake_mask=EE"":13,""obs_mistake_mask=E_"":15,""obs_mistake_mask=_E"":13}"
    217088,        42,         0,    82.6,decoder_by_matrix,6e3a1f380712a757a3b5fe9f9ef1a6075c7a0550e780d9e60559e4f3ce4ef0bf,"{""distance"":5,""physical_error_rate"":0.005}","{""detection_events"":601690,""detectors_checked"":36904960,""obs_mistake_mask=EE"":18,""obs_mistake_mask=E_"":10,""obs_mistake_mask=_E"":14}"
     65536,        16,         0,    27.9,decoder_by_matrix,6e3a1f380712a757a3b5fe9f9ef1a6075c7a0550e780d9e60559e4f3ce4ef0bf,"{""distance"":5,""physical_error_rate"":0.005}","{""detection_events"":182600,""detectors_checked"":11141120,""obs_mistake_mask=EE"":3,""obs_mistake_mask=E_"":6,""obs_mistake_mask=_E"":7}"
   3140608,         0,         0,   119.6,decoder_by_matrix,6866428194f3c2ecf80b799fe3d7eaa0d7bfdd0bee14693d15f8abf3c1159eda,"{""distance"":5,""physical_error_rate"":1e-05}","{""detection_events"":18025,""detectors_checked"":533903360}"
         1,         0,         0,   0.037,decoder_by_matrix,be0c214c078cdb5104153598b498575a1fc035ba16beb428536e5a87ee0a867f,"{""distance"":5,""physical_error_rate"":1e-06}","{""detectors_checked"":170}"
   3173376,         0,         0,   119.6,decoder_by_matrix,161b5fe948dcfe007f335a5c57bcb8ff38ff3ea8726714a4cc08f5b9386b17ca,"{""distance"":5,""physical_error_rate"":5e-06}","{""detection_events"":9180,""detectors_checked"":539473920}"
        16,         0,         0,   0.037,decoder_by_matrix,be0c214c078cdb5104153598b498575a1fc035ba16beb428536e5a87ee0a867f,"{""distance"":5,""physical_error_rate"":1e-06}","{""detectors_checked"":2720}"
         1,         0,         0,   0.091,decoder_by_matrix,161b5fe948dcfe007f335a5c57bcb8ff38ff3ea8726714a4cc08f5b9386b17ca,"{""distance"":5,""physical_error_rate"":5e-06}","{""detectors_checked"":170}"
         1,         0,         0,   0.078,decoder_by_matrix,cc9cd6551b3048ae216380ccb8ae5d3cca75b5b766fe651c47ef084ce4ce7dc6,"{""distance"":5,""physical_error_rate"":5e-05}","{""detectors_checked"":170}"
       256,         0,         0,   0.035,decoder_by_matrix,be0c214c078cdb5104153598b498575a1fc035ba16beb428536e5a87ee0a867f,"{""distance"":5,""physical_error_rate"":1e-06}","{""detectors_checked"":43520}"
   3127296,         0,         0,   119.6,decoder_by_matrix,161b5fe948dcfe007f335a5c57bcb8ff38ff3ea8726714a4cc08f5b9386b17ca,"{""distance"":5,""physical_error_rate"":5e-06}","{""detection_events"":8360,""detectors_checked"":531640320}"
      1024,         0,         0,   0.035,decoder_by_matrix,be0c214c078cdb5104153598b498575a1fc035ba16beb428536e5a87ee0a867f,"{""distance"":5,""physical_error_rate"":1e-06}","{""detectors_checked"":174080}"
         1,         0,         0,   0.142,decoder_by_matrix,6866428194f3c2ecf80b799fe3d7eaa0d7bfdd0bee14693d15f8abf3c1159eda,"{""distance"":5,""physical_error_rate"":1e-05}","{""detectors_checked"":170}"
         4,         0,         0,   0.074,decoder_by_matrix,161b5fe948dcfe007f335a5c57bcb8ff38ff3ea8726714a4cc08f5b9386b17ca,"{""distance"":5,""physical_error_rate"":5e-06}","{""detectors_checked"":680}"
         4,         0,         0,   0.072,decoder_by_matrix,cc9cd6551b3048ae216380ccb8ae5d3cca75b5b766fe651c47ef084ce4ce7dc6,"{""distance"":5,""physical_error_rate"":5e-05}","{""detectors_checked"":680}"
      2048,         0,         0,   0.070,decoder_by_matrix,be0c214c078cdb5104153598b498575a1fc035ba16beb428536e5a87ee0a867f,"{""distance"":5,""physical_error_rate"":1e-06}","{""detectors_checked"":348160}"
         1,         0,         0,   0.218,decoder_by_matrix,a052b2ce6ed64a98931ebcd7492590a746d7ec6e385d9f4479eb5b69a31b01f0,"{""distance"":5,""physical_error_rate"":0.0001}","{""detectors_checked"":170}"
        32,         0,         0,   0.073,decoder_by_matrix,161b5fe948dcfe007f335a5c57bcb8ff38ff3ea8726714a4cc08f5b9386b17ca,"{""distance"":5,""physical_error_rate"":5e-06}","{""detectors_checked"":5440}"
        32,         0,         0,   0.080,decoder_by_matrix,cc9cd6551b3048ae216380ccb8ae5d3cca75b5b766fe651c47ef084ce4ce7dc6,"{""distance"":5,""physical_error_rate"":5e-05}","{""detectors_checked"":5440}"
      2048,         0,         0,   0.075,decoder_by_matrix,be0c214c078cdb5104153598b498575a1fc035ba16beb428536e5a87ee0a867f,"{""distance"":5,""physical_error_rate"":1e-06}","{""detection_events"":25,""detectors_checked"":348160}"
   3125248,         0,         0,   119.6,decoder_by_matrix,6866428194f3c2ecf80b799fe3d7eaa0d7bfdd0bee14693d15f8abf3c1159eda,"{""distance"":5,""physical_error_rate"":1e-05}","{""detection_events"":17475,""detectors_checked"":531292160}"
       256,         0,         0,   0.059,decoder_by_matrix,161b5fe948dcfe007f335a5c57bcb8ff38ff3ea8726714a4cc08f5b9386b17ca,"{""distance"":5,""physical_error_rate"":5e-06}","{""detectors_checked"":43520}"
       128,         0,         0,   0.075,decoder_by_matrix,cc9cd6551b3048ae216380ccb8ae5d3cca75b5b766fe651c47ef084ce4ce7dc6,"{""distance"":5,""physical_error_rate"":5e-05}","{""detectors_checked"":21760}"
         1,         0,         0,   0.294,decoder_by_matrix,f0fc70a0432f83ff513e502442839d2eab02e2bed2f658d0464ff826d304e5e7,"{""distance"":5,""physical_error_rate"":0.0005}","{""detectors_checked"":170}"
      1024,         0,         0,   0.061,decoder_by_matrix,161b5fe948dcfe007f335a5c57bcb8ff38ff3ea8726714a4cc08f5b9386b17ca,"{""distance"":5,""physical_error_rate"":5e-06}","{""detectors_checked"":174080}"
      2048,         0,         0,   0.076,decoder_by_matrix,be0c214c078cdb5104153598b498575a1fc035ba16beb428536e5a87ee0a867f,"{""distance"":5,""physical_error_rate"":1e-06}","{""detectors_checked"":348160}"
      1024,         0,         0,   0.084,decoder_by_matrix,cc9cd6551b3048ae216380ccb8ae5d3cca75b5b766fe651c47ef084ce4ce7dc6,"{""distance"":5,""physical_error_rate"":5e-05}","{""detection_events"":15,""detectors_checked"":174080}"
   3121152,         0,         0,   119.6,decoder_by_matrix,cc9cd6551b3048ae216380ccb8ae5d3cca75b5b766fe651c47ef084ce4ce7dc6,"{""distance"":5,""physical_error_rate"":5e-05}","{""detection_events"":89060,""detectors_checked"":530595840}"
      1024,         0,         0,   0.063,decoder_by_matrix,161b5fe948dcfe007f335a5c57bcb8ff38ff3ea8726714a4cc08f5b9386b17ca,"{""distance"":5,""physical_error_rate"":5e-06}","{""detectors_checked"":174080}"
         4,         0,         0,   0.232,decoder_by_matrix,6866428194f3c2ecf80b799fe3d7eaa0d7bfdd0bee14693d15f8abf3c1159eda,"{""distance"":5,""physical_error_rate"":1e-05}","{""detectors_checked"":680}"
   3063808,         0,         0,   119.6,decoder_by_matrix,a052b2ce6ed64a98931ebcd7492590a746d7ec6e385d9f4479eb5b69a31b01f0,"{""distance"":5,""physical_error_rate"":0.0001}","{""detection_events"":174110,""detectors_checked"":520847360}"
   3021824,         1,         0,   119.6,decoder_by_matrix,f0fc70a0432f83ff513e502442839d2eab02e2bed2f658d0464ff826d304e5e7,"{""distance"":5,""physical_error_rate"":0.0005}","{""detection_events"":856020,""detectors_checked"":513710080,""obs_mistake_mask=E_"":1}"
      3072,         0,         0,   0.112,decoder_by_matrix,be0c214c078cdb5104153598b498575a1fc035ba16beb428536e5a87ee0a867f,"{""distance"":5,""physical_error_rate"":1e-06}","{""detectors_checked"":522240}"
      1024,         0,         0,   0.076,decoder_by_matrix,cc9cd6551b3048ae216380ccb8ae5d3cca75b5b766fe651c47ef084ce4ce7dc6,"{""distance"":5,""physical_error_rate"":5e-05}","{""detection_events"":25,""detectors_checked"":174080}"
      1024,         0,         0,   0.075,decoder_by_matrix,161b5fe948dcfe007f335a5c57bcb8ff38ff3ea8726714a4cc08f5b9386b17ca,"{""distance"":5,""physical_error_rate"":5e-06}","{""detectors_checked"":174080}"
      1024,         0,         0,   0.080,decoder_by_matrix,cc9cd6551b3048ae216380ccb8ae5d3cca75b5b766fe651c47ef084ce4ce7dc6,"{""distance"":5,""physical_error_rate"":5e-05}","{""detection_events"":35,""detectors_checked"":174080}"
   3347456,         0,         0,   119.6,decoder_by_matrix,161b5fe948dcfe007f335a5c57bcb8ff38ff3ea8726714a4cc08f5b9386b17ca,"{""distance"":5,""physical_error_rate"":5e-06}","{""detection_events"":10190,""detectors_checked"":569067520}"
         2,         0,         0,   0.240,decoder_by_matrix,a052b2ce6ed64a98931ebcd7492590a746d7ec6e385d9f4479eb5b69a31b01f0,"{""distance"":5,""physical_error_rate"":0.0001}","{""detectors_checked"":340}"
   3036160,        12,         0,   119.6,decoder_by_matrix,5b8a070a3cf8d31d64f24dbee89f3428cb9cab13fc59f7448d798f9bf08e9187,"{""distance"":5,""physical_error_rate"":0.001}","{""detection_events"":1704865,""detectors_checked"":516147200,""obs_mistake_mask=EE"":3,""obs_mistake_mask=E_"":7,""obs_mistake_mask=_E"":2}"
      3072,         0,         0,   0.162,decoder_by_matrix,be0c214c078cdb5104153598b498575a1fc035ba16beb428536e5a87ee0a867f,"{""distance"":5,""physical_error_rate"":1e-06}","{""detectors_checked"":522240}"
         2,         0,         0,   0.316,decoder_by_matrix,f0fc70a0432f83ff513e502442839d2eab02e2bed2f658d0464ff826d304e5e7,"{""distance"":5,""physical_error_rate"":0.0005}","{""detectors_checked"":340}"
      2048,         0,         0,   0.150,decoder_by_matrix,161b5fe948dcfe007f335a5c57bcb8ff38ff3ea8726714a4cc08f5b9386b17ca,"{""distance"":5,""physical_error_rate"":5e-06}","{""detection_events"":10,""detectors_checked"":348160}"
   3065856,         3,         0,   119.6,decoder_by_matrix,5b8a070a3cf8d31d64f24dbee89f3428cb9cab13fc59f7448d798f9bf08e9187,"{""distance"":5,""physical_error_rate"":0.001}","{""detection_events"":1735705,""detectors_checked"":521195520,""obs_mistake_mask=EE"":1,""obs_mistake_mask=E_"":1,""obs_mistake_mask=_E"":1}"
         8,         0,         0,   0.263,decoder_by_matrix,6866428194f3c2ecf80b799fe3d7eaa0d7bfdd0bee14693d15f8abf3c1159eda,"{""distance"":5,""physical_error_rate"":1e-05}","{""detectors_checked"":1360}"
      2048,         0,         0,   0.156,decoder_by_matrix,cc9cd6551b3048ae216380ccb8ae5d3cca75b5b766fe651c47ef084ce4ce7dc6,"{""distance"":5,""physical_error_rate"":5e-05}","{""detection_events"":45,""detectors_checked"":348160}"
   3250176,         0,         0,   119.6,decoder_by_matrix,cc9cd6551b3048ae216380ccb8ae5d3cca75b5b766fe651c47ef084ce4ce7dc6,"{""distance"":5,""physical_error_rate"":5e-05}","{""detection_events"":93640,""detectors_checked"":552529920}"
      2048,         0,         0,   0.154,decoder_by_matrix,161b5fe948dcfe007f335a5c57bcb8ff38ff3ea8726714a4cc08f5b9386b17ca,"{""distance"":5,""physical_error_rate"":5e-06}","{""detection_events"":5,""detectors_checked"":348160}"
   3331072,         0,         0,   119.5,decoder_by_matrix,be0c214c078cdb5104153598b498575a1fc035ba16beb428536e5a87ee0a867f,"{""distance"":5,""physical_error_rate"":1e-06}","{""detection_events"":1620,""detectors_checked"":566282240}"
         4,         0,         0,   0.240,decoder_by_matrix,a052b2ce6ed64a98931ebcd7492590a746d7ec6e385d9f4479eb5b69a31b01f0,"{""distance"":5,""physical_error_rate"":0.0001}","{""detectors_checked"":680}"
      6144,         0,         0,   0.217,decoder_by_matrix,be0c214c078cdb5104153598b498575a1fc035ba16beb428536e5a87ee0a867f,"{""distance"":5,""physical_error_rate"":1e-06}","{""detection_events"":40,""detectors_checked"":1044480}"
   2919424,         0,         0,   119.6,decoder_by_matrix,be0c214c078cdb5104153598b498575a1fc035ba16beb428536e5a87ee0a867f,"{""distance"":5,""physical_error_rate"":1e-06}","{""detection_events"":1420,""detectors_checked"":496302080}"
      2048,         0,         0,   0.157,decoder_by_matrix,cc9cd6551b3048ae216380ccb8ae5d3cca75b5b766fe651c47ef084ce4ce7dc6,"{""distance"":5,""physical_error_rate"":5e-05}","{""detection_events"":45,""detectors_checked"":348160}"
   3086336,         1,         0,   119.6,decoder_by_matrix,f0fc70a0432f83ff513e502442839d2eab02e2bed2f658d0464ff826d304e5e7,"{""distance"":5,""physical_error_rate"":0.0005}","{""detection_events"":880775,""detectors_checked"":524677120,""obs_mistake_mask=E_"":1}"
   3131392,         0,         0,   119.6,decoder_by_matrix,a052b2ce6ed64a98931ebcd7492590a746d7ec6e385d9f4479eb5b69a31b01f0,"{""distance"":5,""physical_error_rate"":0.0001}","{""detection_events"":177220,""detectors_checked"":532336640}"
         2,         0,         0,   0.311,decoder_by_matrix,f0fc70a0432f83ff513e502442839d2eab02e2bed2f658d0464ff826d304e5e7,"{""distance"":5,""physical_error_rate"":0.0005}","{""detectors_checked"":340}"
   3036160,         0,         0,   119.6,decoder_by_matrix,a052b2ce6ed64a98931ebcd7492590a746d7ec6e385d9f4479eb5b69a31b01f0,"{""distance"":5,""physical_error_rate"":0.0001}","{""detection_events"":172165,""detectors_checked"":516147200}"
        16,         0,         0,   0.307,decoder_by_matrix,6866428194f3c2ecf80b799fe3d7eaa0d7bfdd0bee14693d15f8abf3c1159eda,"{""distance"":5,""physical_error_rate"":1e-05}","{""detectors_checked"":2720}"
      3072,         0,         0,   0.216,decoder_by_matrix,161b5fe948dcfe007f335a5c57bcb8ff38ff3ea8726714a4cc08f5b9386b17ca,"{""distance"":5,""physical_error_rate"":5e-06}","{""detectors_checked"":522240}"
      3072,         0,         0,   0.237,decoder_by_matrix,cc9cd6551b3048ae216380ccb8ae5d3cca75b5b766fe651c47ef084ce4ce7dc6,"{""distance"":5,""physical_error_rate"":5e-05}","{""detection_events"":70,""detectors_checked"":522240}"
         8,         0,         0,   0.303,decoder_by_matrix,a052b2ce6ed64a98931ebcd7492590a746d7ec6e385d9f4479eb5b69a31b01f0,"{""distance"":5,""physical_error_rate"":0.0001}","{""detectors_checked"":1360}"
      7168,         0,         0,   0.298,decoder_by_matrix,be0c214c078cdb5104153598b498575a1fc035ba16beb428536e5a87ee0a867f,"{""distance"":5,""physical_error_rate"":1e-06}","{""detectors_checked"":1218560}"
         2,         0,         0,   0.305,decoder_by_matrix,f0fc70a0432f83ff513e502442839d2eab02e2bed2f658d0464ff826d304e5e7,"{""distance"":5,""physical_error_rate"":0.0005}","{""detectors_checked"":340}"
        16,         0,         0,   0.303,decoder_by_matrix,6866428194f3c2ecf80b799fe3d7eaa0d7bfdd0bee14693d15f8abf3c1159eda,"{""distance"":5,""physical_error_rate"":1e-05}","{""detectors_checked"":2720}"
      4096,         0,         0,   0.306,decoder_by_matrix,161b5fe948dcfe007f335a5c57bcb8ff38ff3ea8726714a4cc08f5b9386b17ca,"{""distance"":5,""physical_error_rate"":5e-06}","{""detection_events"":35,""detectors_checked"":696320}"
      4096,         0,         0,   0.327,decoder_by_matrix,cc9cd6551b3048ae216380ccb8ae5d3cca75b5b766fe651c47ef084ce4ce7dc6,"{""distance"":5,""physical_error_rate"":5e-05}","{""detection_events"":110,""detectors_checked"":696320}"
         8,         0,         0,   0.307,decoder_by_matrix,a052b2ce6ed64a98931ebcd7492590a746d7ec6e385d9f4479eb5b69a31b01f0,"{""distance"":5,""physical_error_rate"":0.0001}","{""detectors_checked"":1360}"
   3040256,         0,         0,   119.6,decoder_by_matrix,be0c214c078cdb5104153598b498575a1fc035ba16beb428536e5a87ee0a867f,"{""distance"":5,""physical_error_rate"":1e-06}","{""detection_events"":2150,""detectors_checked"":516843520}"
     11264,         0,         0,   0.421,decoder_by_matrix,be0c214c078cdb5104153598b498575a1fc035ba16beb428536e5a87ee0a867f,"{""distance"":5,""physical_error_rate"":1e-06}","{""detection_events"":10,""detectors_checked"":1914880}"
         2,         0,         0,   0.317,decoder_by_matrix,f0fc70a0432f83ff513e502442839d2eab02e2bed2f658d0464ff826d304e5e7,"{""distance"":5,""physical_error_rate"":0.0005}","{""detectors_checked"":340}"
        16,         0,         0,   0.313,decoder_by_matrix,6866428194f3c2ecf80b799fe3d7eaa0d7bfdd0bee14693d15f8abf3c1159eda,"{""distance"":5,""physical_error_rate"":1e-05}","{""detectors_checked"":2720}"
   3081216,         0,         0,   119.6,decoder_by_matrix,cc9cd6551b3048ae216380ccb8ae5d3cca75b5b766fe651c47ef084ce4ce7dc6,"{""distance"":5,""physical_error_rate"":5e-05}","{""detection_events"":88175,""detectors_checked"":523806720}"
         8,         0,         0,   0.328,decoder_by_matrix,a052b2ce6ed64a98931ebcd7492590a746d7ec6e385d9f4479eb5b69a31b01f0,"{""distance"":5,""physical_error_rate"":0.0001}","{""detectors_checked"":1360}"
      6144,         0,         0,   0.488,decoder_by_matrix,161b5fe948dcfe007f335a5c57bcb8ff38ff3ea8726714a4cc08f5b9386b17ca,"{""distance"":5,""physical_error_rate"":5e-06}","{""detection_events"":5,""detectors_checked"":1044480}"
      5120,         0,         0,   0.462,decoder_by_matrix,cc9cd6551b3048ae216380ccb8ae5d3cca75b5b766fe651c47ef084ce4ce7dc6,"{""distance"":5,""physical_error_rate"":5e-05}","{""detection_events"":115,""detectors_checked"":870400}"
   3161088,         0,         0,   119.5,decoder_by_matrix,6866428194f3c2ecf80b799fe3d7eaa0d7bfdd0bee14693d15f8abf3c1159eda,"{""distance"":5,""physical_error_rate"":1e-05}","{""detection_events"":17680,""detectors_checked"":537384960}"
        16,         0,         0,   0.323,decoder_by_matrix,6866428194f3c2ecf80b799fe3d7eaa0d7bfdd0bee14693d15f8abf3c1159eda,"{""distance"":5,""physical_error_rate"":1e-05}","{""detectors_checked"":2720}"
         2,         0,         0,   0.403,decoder_by_matrix,f0fc70a0432f83ff513e502442839d2eab02e2bed2f658d0464ff826d304e5e7,"{""distance"":5,""physical_error_rate"":0.0005}","{""detectors_checked"":340}"
         8,         0,         0,   0.243,decoder_by_matrix,a052b2ce6ed64a98931ebcd7492590a746d7ec6e385d9f4479eb5b69a31b01f0,"{""distance"":5,""physical_error_rate"":0.0001}","{""detectors_checked"":1360}"
     15360,         0,         0,   0.584,decoder_by_matrix,be0c214c078cdb5104153598b498575a1fc035ba16beb428536e5a87ee0a867f,"{""distance"":5,""physical_error_rate"":1e-06}","{""detection_events"":50,""detectors_checked"":2611200}"
        16,         0,         0,   0.244,decoder_by_matrix,6866428194f3c2ecf80b799fe3d7eaa0d7bfdd0bee14693d15f8abf3c1159eda,"{""distance"":5,""physical_error_rate"":1e-05}","{""detectors_checked"":2720}"
         2,         0,         0,   0.321,decoder_by_matrix,f0fc70a0432f83ff513e502442839d2eab02e2bed2f658d0464ff826d304e5e7,"{""distance"":5,""physical_error_rate"":0.0005}","{""detectors_checked"":340}"
        16,         0,         0,   0.324,decoder_by_matrix,a052b2ce6ed64a98931ebcd7492590a746d7ec6e385d9f4479eb5b69a31b01f0,"{""distance"":5,""physical_error_rate"":0.0001}","{""detectors_checked"":2720}"
   2942976,         2,         0,   119.6,decoder_by_matrix,f0fc70a0432f83ff513e502442839d2eab02e2bed2f658d0464ff826d304e5e7,"{""distance"":5,""physical_error_rate"":0.0005}","{""detection_events"":834940,""detectors_checked"":500305920,""obs_mistake_mask=EE"":1,""obs_mistake_mask=_E"":1}"
      8192,         0,         0,   0.615,decoder_by_matrix,161b5fe948dcfe007f335a5c57bcb8ff38ff3ea8726714a4cc08f5b9386b17ca,"{""distance"":5,""physical_error_rate"":5e-06}","{""detection_events"":25,""detectors_checked"":1392640}"
        32,         0,         0,   0.244,decoder_by_matrix,6866428194f3c2ecf80b799fe3d7eaa0d7bfdd0bee14693d15f8abf3c1159eda,"{""distance"":5,""physical_error_rate"":1e-05}","{""detectors_checked"":5440}"
      7168,         0,         0,   0.596,decoder_by_matrix,cc9cd6551b3048ae216380ccb8ae5d3cca75b5b766fe651c47ef084ce4ce7dc6,"{""distance"":5,""physical_error_rate"":5e-05}","{""detection_events"":225,""detectors_checked"":1218560}"
         2,         0,         0,   0.332,decoder_by_matrix,f0fc70a0432f83ff513e502442839d2eab02e2bed2f658d0464ff826d304e5e7,"{""distance"":5,""physical_error_rate"":0.0005}","{""detectors_checked"":340}"
        16,         0,         0,   0.329,decoder_by_matrix,a052b2ce6ed64a98931ebcd7492590a746d7ec6e385d9f4479eb5b69a31b01f0,"{""distance"":5,""physical_error_rate"":0.0001}","{""detectors_checked"":2720}"
        64,         0,         0,   0.336,decoder_by_matrix,6866428194f3c2ecf80b799fe3d7eaa0d7bfdd0bee14693d15f8abf3c1159eda,"{""distance"":5,""physical_error_rate"":1e-05}","{""detectors_checked"":10880}"
        16,         0,         0,   0.255,decoder_by_matrix,a052b2ce6ed64a98931ebcd7492590a746d7ec6e385d9f4479eb5b69a31b01f0,"{""distance"":5,""physical_error_rate"":0.0001}","{""detectors_checked"":2720}"
         2,         0,         0,   0.335,decoder_by_matrix,f0fc70a0432f83ff513e502442839d2eab02e2bed2f658d0464ff826d304e5e7,"{""distance"":5,""physical_error_rate"":0.0005}","{""detectors_checked"":340}"
     22528,         0,         0,   0.822,decoder_by_matrix,be0c214c078cdb5104153598b498575a1fc035ba16beb428536e5a87ee0a867f,"{""distance"":5,""physical_error_rate"":1e-06}","{""detectors_checked"":3829760}"
        64,         0,         0,   0.344,decoder_by_matrix,6866428194f3c2ecf80b799fe3d7eaa0d7bfdd0bee14693d15f8abf3c1159eda,"{""distance"":5,""physical_error_rate"":1e-05}","{""detectors_checked"":10880}"
     17408,         0,         0,   0.815,decoder_by_matrix,161b5fe948dcfe007f335a5c57bcb8ff38ff3ea8726714a4cc08f5b9386b17ca,"{""distance"":5,""physical_error_rate"":5e-06}","{""detection_events"":50,""detectors_checked"":2959360}"
        32,         0,         0,   0.352,decoder_by_matrix,a052b2ce6ed64a98931ebcd7492590a746d7ec6e385d9f4479eb5b69a31b01f0,"{""distance"":5,""physical_error_rate"":0.0001}","{""detectors_checked"":5440}"
         2,         0,         0,   0.358,decoder_by_matrix,f0fc70a0432f83ff513e502442839d2eab02e2bed2f658d0464ff826d304e5e7,"{""distance"":5,""physical_error_rate"":0.0005}","{""detectors_checked"":340}"
         2,         0,         0,   0.379,decoder_by_matrix,f0fc70a0432f83ff513e502442839d2eab02e2bed2f658d0464ff826d304e5e7,"{""distance"":5,""physical_error_rate"":0.0005}","{""detectors_checked"":340}"
       128,         0,         0,   0.750,decoder_by_matrix,6866428194f3c2ecf80b799fe3d7eaa0d7bfdd0bee14693d15f8abf3c1159eda,"{""distance"":5,""physical_error_rate"":1e-05}","{""detection_events"":10,""detectors_checked"":21760}"
      9216,         0,         0,    1.44,decoder_by_matrix,cc9cd6551b3048ae216380ccb8ae5d3cca75b5b766fe651c47ef084ce4ce7dc6,"{""distance"":5,""physical_error_rate"":5e-05}","{""detection_events"":350,""detectors_checked"":1566720}"
        64,         0,         0,   0.668,decoder_by_matrix,a052b2ce6ed64a98931ebcd7492590a746d7ec6e385d9f4479eb5b69a31b01f0,"{""distance"":5,""physical_error_rate"":0.0001}","{""detectors_checked"":10880}"
     31744,         0,         0,    1.13,decoder_by_matrix,be0c214c078cdb5104153598b498575a1fc035ba16beb428536e5a87ee0a867f,"{""distance"":5,""physical_error_rate"":1e-06}","{""detection_events"":35,""detectors_checked"":5396480}"
     30720,         0,         0,    1.13,decoder_by_matrix,161b5fe948dcfe007f335a5c57bcb8ff38ff3ea8726714a4cc08f5b9386b17ca,"{""distance"":5,""physical_error_rate"":5e-06}","{""detection_events"":125,""detectors_checked"":5222400}"
         6,         0,         0,   0.767,decoder_by_matrix,f0fc70a0432f83ff513e502442839d2eab02e2bed2f658d0464ff826d304e5e7,"{""distance"":5,""physical_error_rate"":0.0005}","{""detectors_checked"":1020}"
       192,         0,         0,   0.582,decoder_by_matrix,6866428194f3c2ecf80b799fe3d7eaa0d7bfdd0bee14693d15f8abf3c1159eda,"{""distance"":5,""physical_error_rate"":1e-05}","{""detectors_checked"":32640}"
       128,         0,         0,   0.769,decoder_by_matrix,a052b2ce6ed64a98931ebcd7492590a746d7ec6e385d9f4479eb5b69a31b01f0,"{""distance"":5,""physical_error_rate"":0.0001}","{""detectors_checked"":21760}"
        12,         0,         0,   0.674,decoder_by_matrix,f0fc70a0432f83ff513e502442839d2eab02e2bed2f658d0464ff826d304e5e7,"{""distance"":5,""physical_error_rate"":0.0005}","{""detectors_checked"":2040}"
      2048,         0,         0,    1.53,decoder_by_matrix,cc9cd6551b3048ae216380ccb8ae5d3cca75b5b766fe651c47ef084ce4ce7dc6,"{""distance"":5,""physical_error_rate"":5e-05}","{""detection_events"":75,""detectors_checked"":348160}"
       768,         0,         0,    1.03,decoder_by_matrix,6866428194f3c2ecf80b799fe3d7eaa0d7bfdd0bee14693d15f8abf3c1159eda,"{""distance"":5,""physical_error_rate"":1e-05}","{""detectors_checked"":130560}"
     44032,         0,         0,    1.56,decoder_by_matrix,be0c214c078cdb5104153598b498575a1fc035ba16beb428536e5a87ee0a867f,"{""distance"":5,""physical_error_rate"":1e-06}","{""detection_events"":20,""detectors_checked"":7485440}"
       320,         0,         0,    1.02,decoder_by_matrix,a052b2ce6ed64a98931ebcd7492590a746d7ec6e385d9f4479eb5b69a31b01f0,"{""distance"":5,""physical_error_rate"":0.0001}","{""detectors_checked"":54400}"
        16,         0,         0,   0.796,decoder_by_matrix,f0fc70a0432f83ff513e502442839d2eab02e2bed2f658d0464ff826d304e5e7,"{""distance"":5,""physical_error_rate"":0.0005}","{""detectors_checked"":2720}"
     43008,         0,         0,    1.56,decoder_by_matrix,161b5fe948dcfe007f335a5c57bcb8ff38ff3ea8726714a4cc08f5b9386b17ca,"{""distance"":5,""physical_error_rate"":5e-06}","{""detection_events"":105,""detectors_checked"":7311360}"
       896,         0,         0,    1.21,decoder_by_matrix,a052b2ce6ed64a98931ebcd7492590a746d7ec6e385d9f4479eb5b69a31b01f0,"{""distance"":5,""physical_error_rate"":0.0001}","{""detection_events"":70,""detectors_checked"":152320}"
      2560,         0,         0,    1.39,decoder_by_matrix,6866428194f3c2ecf80b799fe3d7eaa0d7bfdd0bee14693d15f8abf3c1159eda,"{""distance"":5,""physical_error_rate"":1e-05}","{""detection_events"":25,""detectors_checked"":435200}"
        32,         0,         0,    1.37,decoder_by_matrix,f0fc70a0432f83ff513e502442839d2eab02e2bed2f658d0464ff826d304e5e7,"{""distance"":5,""physical_error_rate"":0.0005}","{""detectors_checked"":5440}"
      3072,         0,         0,    1.76,decoder_by_matrix,cc9cd6551b3048ae216380ccb8ae5d3cca75b5b766fe651c47ef084ce4ce7dc6,"{""distance"":5,""physical_error_rate"":5e-05}","{""detection_events"":95,""detectors_checked"":522240}"
     60416,         0,         0,    2.19,decoder_by_matrix,be0c214c078cdb5104153598b498575a1fc035ba16beb428536e5a87ee0a867f,"{""distance"":5,""physical_error_rate"":1e-06}","{""detection_events"":15,""detectors_checked"":10270720}"
     61440,         0,         0,    2.20,decoder_by_matrix,161b5fe948dcfe007f335a5c57bcb8ff38ff3ea8726714a4cc08f5b9386b17ca,"{""distance"":5,""physical_error_rate"":5e-06}","{""detection_events"":110,""detectors_checked"":10444800}"
      2560,         0,         0,    1.71,decoder_by_matrix,a052b2ce6ed64a98931ebcd7492590a746d7ec6e385d9f4479eb5b69a31b01f0,"{""distance"":5,""physical_error_rate"":0.0001}","{""detection_events"":115,""detectors_checked"":435200}"
        40,         0,         0,    1.78,decoder_by_matrix,f0fc70a0432f83ff513e502442839d2eab02e2bed2f658d0464ff826d304e5e7,"{""distance"":5,""physical_error_rate"":0.0005}","{""detection_events"":10,""detectors_checked"":6800}"
      5120,         0,         0,    2.21,decoder_by_matrix,6866428194f3c2ecf80b799fe3d7eaa0d7bfdd0bee14693d15f8abf3c1159eda,"{""distance"":5,""physical_error_rate"":1e-05}","{""detection_events"":15,""detectors_checked"":870400}"
     11264,         0,         0,    2.24,decoder_by_matrix,cc9cd6551b3048ae216380ccb8ae5d3cca75b5b766fe651c47ef084ce4ce7dc6,"{""distance"":5,""physical_error_rate"":5e-05}","{""detection_events"":295,""detectors_checked"":1914880}"
     87040,         0,         0,    3.07,decoder_by_matrix,be0c214c078cdb5104153598b498575a1fc035ba16beb428536e5a87ee0a867f,"{""distance"":5,""physical_error_rate"":1e-06}","{""detection_events"":35,""detectors_checked"":14796800}"
      7168,         0,         0,    2.42,decoder_by_matrix,a052b2ce6ed64a98931ebcd7492590a746d7ec6e385d9f4479eb5b69a31b01f0,"{""distance"":5,""physical_error_rate"":0.0001}","{""detection_events"":265,""detectors_checked"":1218560}"
     82944,         0,         0,    3.04,decoder_by_matrix,161b5fe948dcfe007f335a5c57bcb8ff38ff3ea8726714a4cc08f5b9386b17ca,"{""distance"":5,""physical_error_rate"":5e-06}","{""detection_events"":240,""detectors_checked"":14100480}"
      6144,         0,         0,    2.10,decoder_by_matrix,6866428194f3c2ecf80b799fe3d7eaa0d7bfdd0bee14693d15f8abf3c1159eda,"{""distance"":5,""physical_error_rate"":1e-05}","{""detection_events"":50,""detectors_checked"":1044480}"
        96,         0,         0,    2.35,decoder_by_matrix,f0fc70a0432f83ff513e502442839d2eab02e2bed2f658d0464ff826d304e5e7,"{""distance"":5,""physical_error_rate"":0.0005}","{""detection_events"":5,""detectors_checked"":16320}"
     12288,         0,         0,    3.13,decoder_by_matrix,cc9cd6551b3048ae216380ccb8ae5d3cca75b5b766fe651c47ef084ce4ce7dc6,"{""distance"":5,""physical_error_rate"":5e-05}","{""detection_events"":565,""detectors_checked"":2088960}"
      8192,         0,         0,    3.11,decoder_by_matrix,a052b2ce6ed64a98931ebcd7492590a746d7ec6e385d9f4479eb5b69a31b01f0,"{""distance"":5,""physical_error_rate"":0.0001}","{""detection_events"":605,""detectors_checked"":1392640}"
       256,         0,         0,    3.12,decoder_by_matrix,f0fc70a0432f83ff513e502442839d2eab02e2bed2f658d0464ff826d304e5e7,"{""distance"":5,""physical_error_rate"":0.0005}","{""detection_events"":10,""detectors_checked"":43520}"
      9216,         0,         0,    3.39,decoder_by_matrix,6866428194f3c2ecf80b799fe3d7eaa0d7bfdd0bee14693d15f8abf3c1159eda,"{""distance"":5,""physical_error_rate"":1e-05}","{""detection_events"":75,""detectors_checked"":1566720}"
    118784,         0,         0,    4.26,decoder_by_matrix,be0c214c078cdb5104153598b498575a1fc035ba16beb428536e5a87ee0a867f,"{""distance"":5,""physical_error_rate"":1e-06}","{""detection_events"":95,""detectors_checked"":20193280}"
    117760,         0,         0,    4.28,decoder_by_matrix,161b5fe948dcfe007f335a5c57bcb8ff38ff3ea8726714a4cc08f5b9386b17ca,"{""distance"":5,""physical_error_rate"":5e-06}","{""detection_events"":350,""detectors_checked"":20019200}"
     21504,         0,         0,    4.63,decoder_by_matrix,cc9cd6551b3048ae216380ccb8ae5d3cca75b5b766fe651c47ef084ce4ce7dc6,"{""distance"":5,""physical_error_rate"":5e-05}","{""detection_events"":505,""detectors_checked"":3655680}"
     12288,         0,         0,    4.37,decoder_by_matrix,a052b2ce6ed64a98931ebcd7492590a746d7ec6e385d9f4479eb5b69a31b01f0,"{""distance"":5,""physical_error_rate"":0.0001}","{""detection_events"":715,""detectors_checked"":2088960}"
       608,         0,         0,    4.42,decoder_by_matrix,f0fc70a0432f83ff513e502442839d2eab02e2bed2f658d0464ff826d304e5e7,"{""distance"":5,""physical_error_rate"":0.0005}","{""detection_events"":195,""detectors_checked"":103360}"
     13312,         0,         0,    4.62,decoder_by_matrix,6866428194f3c2ecf80b799fe3d7eaa0d7bfdd0bee14693d15f8abf3c1159eda,"{""distance"":5,""physical_error_rate"":1e-05}","{""detection_events"":35,""detectors_checked"":2263040}"
    167936,         0,         0,    5.97,decoder_by_matrix,be0c214c078cdb5104153598b498575a1fc035ba16beb428536e5a87ee0a867f,"{""distance"":5,""physical_error_rate"":1e-06}","{""detection_events"":85,""detectors_checked"":28549120}"
    164864,         0,         0,    5.96,decoder_by_matrix,161b5fe948dcfe007f335a5c57bcb8ff38ff3ea8726714a4cc08f5b9386b17ca,"{""distance"":5,""physical_error_rate"":5e-06}","{""detection_events"":475,""detectors_checked"":28026880}"
    308224,         0,         0,   119.6,decoder_by_matrix,be0c214c078cdb5104153598b498575a1fc035ba16beb428536e5a87ee0a867f,"{""distance"":5,""physical_error_rate"":1e-06}","{""detection_events"":160,""detectors_checked"":52398080}"
    356352,         0,         0,   119.1,decoder_by_matrix,5b8a070a3cf8d31d64f24dbee89f3428cb9cab13fc59f7448d798f9bf08e9187,"{""distance"":5,""physical_error_rate"":0.001}","{""detection_events"":195715,""detectors_checked"":60579840}"
     22528,         0,         0,    5.99,decoder_by_matrix,cc9cd6551b3048ae216380ccb8ae5d3cca75b5b766fe651c47ef084ce4ce7dc6,"{""distance"":5,""physical_error_rate"":5e-05}","{""detection_events"":710,""detectors_checked"":3829760}"
    334848,         0,         0,   118.6,decoder_by_matrix,5b8a070a3cf8d31d64f24dbee89f3428cb9cab13fc59f7448d798f9bf08e9187,"{""distance"":5,""physical_error_rate"":0.001}","{""detection_events"":192025,""detectors_checked"":56924160}"
     17408,         0,         0,    6.01,decoder_by_matrix,a052b2ce6ed64a98931ebcd7492590a746d7ec6e385d9f4479eb5b69a31b01f0,"{""distance"":5,""physical_error_rate"":0.0001}","{""detection_events"":1015,""detectors_checked"":2959360}"
      1280,         0,         0,    6.11,decoder_by_matrix,f0fc70a0432f83ff513e502442839d2eab02e2bed2f658d0464ff826d304e5e7,"{""distance"":5,""physical_error_rate"":0.0005}","{""detection_events"":405,""detectors_checked"":217600}"
     17408,         0,         0,    6.02,decoder_by_matrix,6866428194f3c2ecf80b799fe3d7eaa0d7bfdd0bee14693d15f8abf3c1159eda,"{""distance"":5,""physical_error_rate"":1e-05}","{""detection_events"":75,""detectors_checked"":2959360}"
    230400,         0,         0,    8.34,decoder_by_matrix,be0c214c078cdb5104153598b498575a1fc035ba16beb428536e5a87ee0a867f,"{""distance"":5,""physical_error_rate"":1e-06}","{""detection_events"":60,""detectors_checked"":39168000}"
    226304,         0,         0,    8.37,decoder_by_matrix,161b5fe948dcfe007f335a5c57bcb8ff38ff3ea8726714a4cc08f5b9386b17ca,"{""distance"":5,""physical_error_rate"":5e-06}","{""detection_events"":745,""detectors_checked"":38471680}"
    328704,         0,         0,   119.8,decoder_by_matrix,cc9cd6551b3048ae216380ccb8ae5d3cca75b5b766fe651c47ef084ce4ce7dc6,"{""distance"":5,""physical_error_rate"":5e-05}","{""detection_events"":9325,""detectors_checked"":55879680}"
    333824,         0,         0,   119.5,decoder_by_matrix,f0fc70a0432f83ff513e502442839d2eab02e2bed2f658d0464ff826d304e5e7,"{""distance"":5,""physical_error_rate"":0.0005}","{""detection_events"":95155,""detectors_checked"":56750080}"
    364544,         0,         0,   119.3,decoder_by_matrix,6866428194f3c2ecf80b799fe3d7eaa0d7bfdd0bee14693d15f8abf3c1159eda,"{""distance"":5,""physical_error_rate"":1e-05}","{""detection_events"":2045,""detectors_checked"":61972480}"
    354304,         0,         0,   119.2,decoder_by_matrix,161b5fe948dcfe007f335a5c57bcb8ff38ff3ea8726714a4cc08f5b9386b17ca,"{""distance"":5,""physical_error_rate"":5e-06}","{""detection_events"":780,""detectors_checked"":60231680}"
    317440,         0,         0,   119.7,decoder_by_matrix,5b8a070a3cf8d31d64f24dbee89f3428cb9cab13fc59f7448d798f9bf08e9187,"{""distance"":5,""physical_error_rate"":0.001}","{""detection_events"":178805,""detectors_checked"":53964800}"
    315392,         0,         0,   119.8,decoder_by_matrix,a052b2ce6ed64a98931ebcd7492590a746d7ec6e385d9f4479eb5b69a31b01f0,"{""distance"":5,""physical_error_rate"":0.0001}","{""detection_events"":17305,""detectors_checked"":53616640}"
    431104,         0,         0,   119.6,decoder_by_matrix,cc9cd6551b3048ae216380ccb8ae5d3cca75b5b766fe651c47ef084ce4ce7dc6,"{""distance"":5,""physical_error_rate"":5e-05}","{""detection_events"":11985,""detectors_checked"":73287680}"
     37888,         0,         0,    8.57,decoder_by_matrix,cc9cd6551b3048ae216380ccb8ae5d3cca75b5b766fe651c47ef084ce4ce7dc6,"{""distance"":5,""physical_error_rate"":5e-05}","{""detection_events"":1260,""detectors_checked"":6440960}"
    509952,         0,         0,   119.8,decoder_by_matrix,5b8a070a3cf8d31d64f24dbee89f3428cb9cab13fc59f7448d798f9bf08e9187,"{""distance"":5,""physical_error_rate"":0.001}","{""detection_events"":286075,""detectors_checked"":86691840}"
     23552,         0,         0,    8.43,decoder_by_matrix,a052b2ce6ed64a98931ebcd7492590a746d7ec6e385d9f4479eb5b69a31b01f0,"{""distance"":5,""physical_error_rate"":0.0001}","{""detection_events"":1385,""detectors_checked"":4003840}"
      3328,         0,         0,    8.59,decoder_by_matrix,f0fc70a0432f83ff513e502442839d2eab02e2bed2f658d0464ff826d304e5e7,"{""distance"":5,""physical_error_rate"":0.0005}","{""detection_events"":780,""detectors_checked"":565760}"
     23552,         0,         0,    8.56,decoder_by_matrix,6866428194f3c2ecf80b799fe3d7eaa0d7bfdd0bee14693d15f8abf3c1159eda,"{""distance"":5,""physical_error_rate"":1e-05}","{""detection_events"":140,""detectors_checked"":4003840}"
    326656,         0,         0,   119.8,decoder_by_matrix,a052b2ce6ed64a98931ebcd7492590a746d7ec6e385d9f4479eb5b69a31b01f0,"{""distance"":5,""physical_error_rate"":0.0001}","{""detection_events"":19065,""detectors_checked"":55531520}"
   3190784,         0,         0,   119.6,decoder_by_matrix,be0c214c078cdb5104153598b498575a1fc035ba16beb428536e5a87ee0a867f,"{""distance"":5,""physical_error_rate"":1e-06}","{""detection_events"":1905,""detectors_checked"":542433280}"
   3154944,         0,         0,   119.6,decoder_by_matrix,161b5fe948dcfe007f335a5c57bcb8ff38ff3ea8726714a4cc08f5b9386b17ca,"{""distance"":5,""physical_error_rate"":5e-06}","{""detection_events"":9660,""detectors_checked"":536340480}"
    327680,         0,         0,    11.7,decoder_by_matrix,be0c214c078cdb5104153598b498575a1fc035ba16beb428536e5a87ee0a867f,"{""distance"":5,""physical_error_rate"":1e-06}","{""detection_events"":155,""detectors_checked"":55705600}"
    323584,         0,         0,    11.7,decoder_by_matrix,161b5fe948dcfe007f335a5c57bcb8ff38ff3ea8726714a4cc08f5b9386b17ca,"{""distance"":5,""physical_error_rate"":5e-06}","{""detection_events"":1040,""detectors_checked"":55009280}"
     40960,         0,         0,    11.7,decoder_by_matrix,cc9cd6551b3048ae216380ccb8ae5d3cca75b5b766fe651c47ef084ce4ce7dc6,"{""distance"":5,""physical_error_rate"":5e-05}","{""detection_events"":1300,""detectors_checked"":6963200}"
    340992,         0,         0,   119.3,decoder_by_matrix,cc9cd6551b3048ae216380ccb8ae5d3cca75b5b766fe651c47ef084ce4ce7dc6,"{""distance"":5,""physical_error_rate"":5e-05}","{""detection_events"":9810,""detectors_checked"":57968640}"
    338944,         0,         0,   119.4,decoder_by_matrix,a052b2ce6ed64a98931ebcd7492590a746d7ec6e385d9f4479eb5b69a31b01f0,"{""distance"":5,""physical_error_rate"":0.0001}","{""detection_events"":19830,""detectors_checked"":57620480}"
    317440,         0,         0,   119.7,decoder_by_matrix,f0fc70a0432f83ff513e502442839d2eab02e2bed2f658d0464ff826d304e5e7,"{""distance"":5,""physical_error_rate"":0.0005}","{""detection_events"":90885,""detectors_checked"":53964800}"
     32768,         0,         0,    11.6,decoder_by_matrix,a052b2ce6ed64a98931ebcd7492590a746d7ec6e385d9f4479eb5b69a31b01f0,"{""distance"":5,""physical_error_rate"":0.0001}","{""detection_events"":1635,""detectors_checked"":5570560}"
    492544,         0,         0,   120.1,decoder_by_matrix,6866428194f3c2ecf80b799fe3d7eaa0d7bfdd0bee14693d15f8abf3c1159eda,"{""distance"":5,""physical_error_rate"":1e-05}","{""detection_events"":2570,""detectors_checked"":83732480}"
     25088,         0,         0,    12.0,decoder_by_matrix,f0fc70a0432f83ff513e502442839d2eab02e2bed2f658d0464ff826d304e5e7,"{""distance"":5,""physical_error_rate"":0.0005}","{""detection_events"":7225,""detectors_checked"":4264960}"
     33792,         0,         0,    12.1,decoder_by_matrix,6866428194f3c2ecf80b799fe3d7eaa0d7bfdd0bee14693d15f8abf3c1159eda,"{""distance"":5,""physical_error_rate"":1e-05}","{""detection_events"":350,""detectors_checked"":5744640}"
    456704,         0,         0,    16.3,decoder_by_matrix,be0c214c078cdb5104153598b498575a1fc035ba16beb428536e5a87ee0a867f,"{""distance"":5,""physical_error_rate"":1e-06}","{""detection_events"":365,""detectors_checked"":77639680}"
    450560,         0,         0,    16.4,decoder_by_matrix,161b5fe948dcfe007f335a5c57bcb8ff38ff3ea8726714a4cc08f5b9386b17ca,"{""distance"":5,""physical_error_rate"":5e-06}","{""detection_events"":1360,""detectors_checked"":76595200}"
     21504,         0,         0,    16.5,decoder_by_matrix,cc9cd6551b3048ae216380ccb8ae5d3cca75b5b766fe651c47ef084ce4ce7dc6,"{""distance"":5,""physical_error_rate"":5e-05}","{""detection_events"":560,""detectors_checked"":3655680}"
     44032,         0,         0,    16.6,decoder_by_matrix,a052b2ce6ed64a98931ebcd7492590a746d7ec6e385d9f4479eb5b69a31b01f0,"{""distance"":5,""physical_error_rate"":0.0001}","{""detection_events"":2370,""detectors_checked"":7485440}"
     35840,         0,         0,    16.3,decoder_by_matrix,f0fc70a0432f83ff513e502442839d2eab02e2bed2f658d0464ff826d304e5e7,"{""distance"":5,""physical_error_rate"":0.0005}","{""detection_events"":9690,""detectors_checked"":6092800}"
     43008,         0,         0,    16.5,decoder_by_matrix,6866428194f3c2ecf80b799fe3d7eaa0d7bfdd0bee14693d15f8abf3c1159eda,"{""distance"":5,""physical_error_rate"":1e-05}","{""detection_events"":275,""detectors_checked"":7311360}"
    248832,         0,         0,   119.9,decoder_by_matrix,6866428194f3c2ecf80b799fe3d7eaa0d7bfdd0bee14693d15f8abf3c1159eda,"{""distance"":5,""physical_error_rate"":1e-05}","{""detection_events"":1195,""detectors_checked"":42301440}"
    641024,         0,         0,    22.9,decoder_by_matrix,be0c214c078cdb5104153598b498575a1fc035ba16beb428536e5a87ee0a867f,"{""distance"":5,""physical_error_rate"":1e-06}","{""detection_events"":335,""detectors_checked"":108974080}"
    633856,         0,         0,    22.9,decoder_by_matrix,161b5fe948dcfe007f335a5c57bcb8ff38ff3ea8726714a4cc08f5b9386b17ca,"{""distance"":5,""physical_error_rate"":5e-06}","{""detection_events"":1500,""detectors_checked"":107755520}"
     38912,         0,         0,    23.0,decoder_by_matrix,cc9cd6551b3048ae216380ccb8ae5d3cca75b5b766fe651c47ef084ce4ce7dc6,"{""distance"":5,""physical_error_rate"":5e-05}","{""detection_events"":1075,""detectors_checked"":6615040}"
    314368,         0,         0,   120.0,decoder_by_matrix,161b5fe948dcfe007f335a5c57bcb8ff38ff3ea8726714a4cc08f5b9386b17ca,"{""distance"":5,""physical_error_rate"":5e-06}","{""detection_events"":1030,""detectors_checked"":53442560}"
     61440,         0,         0,    23.1,decoder_by_matrix,a052b2ce6ed64a98931ebcd7492590a746d7ec6e385d9f4479eb5b69a31b01f0,"{""distance"":5,""physical_error_rate"":0.0001}","{""detection_events"":3450,""detectors_checked"":10444800}"
    377344,         1,         0,   120.4,decoder_by_matrix,f0fc70a0432f83ff513e502442839d2eab02e2bed2f658d0464ff826d304e5e7,"{""distance"":5,""physical_error_rate"":0.0005}","{""detection_events"":109255,""detectors_checked"":64148480,""obs_mistake_mask=E_"":1}"
     51200,         0,         0,    23.2,decoder_by_matrix,f0fc70a0432f83ff513e502442839d2eab02e2bed2f658d0464ff826d304e5e7,"{""distance"":5,""physical_error_rate"":0.0005}","{""detection_events"":15430,""detectors_checked"":8704000}"
     62464,         0,         0,    23.1,decoder_by_matrix,6866428194f3c2ecf80b799fe3d7eaa0d7bfdd0bee14693d15f8abf3c1159eda,"{""distance"":5,""physical_error_rate"":1e-05}","{""detection_events"":315,""detectors_checked"":10618880}"
    317440,         0,         0,   119.7,decoder_by_matrix,be0c214c078cdb5104153598b498575a1fc035ba16beb428536e5a87ee0a867f,"{""distance"":5,""physical_error_rate"":1e-06}","{""detection_events"":70,""detectors_checked"":53964800}"
    898048,         0,         0,    32.0,decoder_by_matrix,be0c214c078cdb5104153598b498575a1fc035ba16beb428536e5a87ee0a867f,"{""distance"":5,""physical_error_rate"":1e-06}","{""detection_events"":670,""detectors_checked"":152668160}"
    886784,         0,         0,    32.0,decoder_by_matrix,161b5fe948dcfe007f335a5c57bcb8ff38ff3ea8726714a4cc08f5b9386b17ca,"{""distance"":5,""physical_error_rate"":5e-06}","{""detection_events"":2530,""detectors_checked"":150753280}"
    100352,         0,         0,    32.4,decoder_by_matrix,cc9cd6551b3048ae216380ccb8ae5d3cca75b5b766fe651c47ef084ce4ce7dc6,"{""distance"":5,""physical_error_rate"":5e-05}","{""detection_events"":2915,""detectors_checked"":17059840}"
     88064,         0,         0,    32.4,decoder_by_matrix,a052b2ce6ed64a98931ebcd7492590a746d7ec6e385d9f4479eb5b69a31b01f0,"{""distance"":5,""physical_error_rate"":0.0001}","{""detection_events"":4725,""detectors_checked"":14970880}"
     77824,         0,         0,    31.9,decoder_by_matrix,f0fc70a0432f83ff513e502442839d2eab02e2bed2f658d0464ff826d304e5e7,"{""distance"":5,""physical_error_rate"":0.0005}","{""detection_events"":21980,""detectors_checked"":13230080}"
     84992,         0,         0,    32.3,decoder_by_matrix,6866428194f3c2ecf80b799fe3d7eaa0d7bfdd0bee14693d15f8abf3c1159eda,"{""distance"":5,""physical_error_rate"":1e-05}","{""detection_events"":260,""detectors_checked"":14448640}"
   3174400,         0,         0,   119.6,decoder_by_matrix,6866428194f3c2ecf80b799fe3d7eaa0d7bfdd0bee14693d15f8abf3c1159eda,"{""distance"":5,""physical_error_rate"":1e-05}","{""detection_events"":19190,""detectors_checked"":539648000}"
   3127296,         0,         0,   119.6,decoder_by_matrix,161b5fe948dcfe007f335a5c57bcb8ff38ff3ea8726714a4cc08f5b9386b17ca,"{""distance"":5,""physical_error_rate"":5e-06}","{""detection_events"":9015,""detectors_checked"":531640320}"
   3154944,         0,         0,   119.6,decoder_by_matrix,161b5fe948dcfe007f335a5c57bcb8ff38ff3ea8726714a4cc08f5b9386b17ca,"{""distance"":5,""physical_error_rate"":5e-06}","{""detection_events"":8495,""detectors_checked"":536340480}"
   3147776,         0,         0,   119.6,decoder_by_matrix,6866428194f3c2ecf80b799fe3d7eaa0d7bfdd0bee14693d15f8abf3c1159eda,"{""distance"":5,""physical_error_rate"":1e-05}","{""detection_events"":18805,""detectors_checked"":535121920}"
   3127296,         0,         0,   119.6,decoder_by_matrix,cc9cd6551b3048ae216380ccb8ae5d3cca75b5b766fe651c47ef084ce4ce7dc6,"{""distance"":5,""physical_error_rate"":5e-05}","{""detection_events"":88270,""detectors_checked"":531640320}"
   3076096,         0,         0,   119.6,decoder_by_matrix,a052b2ce6ed64a98931ebcd7492590a746d7ec6e385d9f4479eb5b69a31b01f0,"{""distance"":5,""physical_error_rate"":0.0001}","{""detection_events"":176665,""detectors_checked"":522936320}"
   3007488,         1,         0,   119.6,decoder_by_matrix,f0fc70a0432f83ff513e502442839d2eab02e2bed2f658d0464ff826d304e5e7,"{""distance"":5,""physical_error_rate"":0.0005}","{""detection_events"":855770,""detectors_checked"":511272960,""obs_mistake_mask=E_"":1}"
   3345408,         0,         0,   119.6,decoder_by_matrix,161b5fe948dcfe007f335a5c57bcb8ff38ff3ea8726714a4cc08f5b9386b17ca,"{""distance"":5,""physical_error_rate"":5e-06}","{""detection_events"":9610,""detectors_checked"":568719360}"
   3059712,         3,         0,   119.6,decoder_by_matrix,5b8a070a3cf8d31d64f24dbee89f3428cb9cab13fc59f7448d798f9bf08e9187,"{""distance"":5,""physical_error_rate"":0.001}","{""detection_events"":1724930,""detectors_checked"":520151040,""obs_mistake_mask=EE"":1,""obs_mistake_mask=_E"":2}"
   3034112,         5,         0,   119.6,decoder_by_matrix,5b8a070a3cf8d31d64f24dbee89f3428cb9cab13fc59f7448d798f9bf08e9187,"{""distance"":5,""physical_error_rate"":0.001}","{""detection_events"":1724335,""detectors_checked"":515799040,""obs_mistake_mask=E_"":2,""obs_mistake_mask=_E"":3}"
   3262464,         0,         0,   119.6,decoder_by_matrix,cc9cd6551b3048ae216380ccb8ae5d3cca75b5b766fe651c47ef084ce4ce7dc6,"{""distance"":5,""physical_error_rate"":5e-05}","{""detection_events"":93975,""detectors_checked"":554618880}"
   3394560,         0,         0,   119.6,decoder_by_matrix,be0c214c078cdb5104153598b498575a1fc035ba16beb428536e5a87ee0a867f,"{""distance"":5,""physical_error_rate"":1e-06}","{""detection_events"":1650,""detectors_checked"":577075200}"
   3095552,         0,         0,   119.6,decoder_by_matrix,f0fc70a0432f83ff513e502442839d2eab02e2bed2f658d0464ff826d304e5e7,"{""distance"":5,""physical_error_rate"":0.0005}","{""detection_events"":871750,""detectors_checked"":526243840}"
   2913280,         0,         0,   119.6,decoder_by_matrix,be0c214c078cdb5104153598b498575a1fc035ba16beb428536e5a87ee0a867f,"{""distance"":5,""physical_error_rate"":1e-06}","{""detection_events"":1625,""detectors_checked"":495257600}"
   3224576,         0,         0,   119.6,decoder_by_matrix,a052b2ce6ed64a98931ebcd7492590a746d7ec6e385d9f4479eb5b69a31b01f0,"{""distance"":5,""physical_error_rate"":0.0001}","{""detection_events"":186870,""detectors_checked"":548177920}"
   3019776,         0,         0,   119.6,decoder_by_matrix,a052b2ce6ed64a98931ebcd7492590a746d7ec6e385d9f4479eb5b69a31b01f0,"{""distance"":5,""physical_error_rate"":0.0001}","{""detection_events"":172425,""detectors_checked"":513361920}"
   3096576,         0,         0,   119.6,decoder_by_matrix,be0c214c078cdb5104153598b498575a1fc035ba16beb428536e5a87ee0a867f,"{""distance"":5,""physical_error_rate"":1e-06}","{""detection_events"":1930,""detectors_checked"":526417920}"
   3072000,         0,         0,   119.7,decoder_by_matrix,cc9cd6551b3048ae216380ccb8ae5d3cca75b5b766fe651c47ef084ce4ce7dc6,"{""distance"":5,""physical_error_rate"":5e-05}","{""detection_events"":87950,""detectors_checked"":522240000}"
   3152896,         0,         0,   119.6,decoder_by_matrix,6866428194f3c2ecf80b799fe3d7eaa0d7bfdd0bee14693d15f8abf3c1159eda,"{""distance"":5,""physical_error_rate"":1e-05}","{""detection_events"":16975,""detectors_checked"":535992320}"
   2991104,         0,         0,   119.6,decoder_by_matrix,f0fc70a0432f83ff513e502442839d2eab02e2bed2f658d0464ff826d304e5e7,"{""distance"":5,""physical_error_rate"":0.0005}","{""detection_events"":850255,""detectors_checked"":508487680}"
    296960,         0,         0,   120.0,decoder_by_matrix,be0c214c078cdb5104153598b498575a1fc035ba16beb428536e5a87ee0a867f,"{""distance"":5,""physical_error_rate"":1e-06}","{""detection_events"":200,""detectors_checked"":50483200}"
    347136,         1,         0,   119.1,decoder_by_matrix,5b8a070a3cf8d31d64f24dbee89f3428cb9cab13fc59f7448d798f9bf08e9187,"{""distance"":5,""physical_error_rate"":0.001}","{""detection_events"":193950,""detectors_checked"":59013120,""obs_mistake_mask=_E"":1}"
    336896,         1,         0,   119.4,decoder_by_matrix,5b8a070a3cf8d31d64f24dbee89f3428cb9cab13fc59f7448d798f9bf08e9187,"{""distance"":5,""physical_error_rate"":0.001}","{""detection_events"":193400,""detectors_checked"":57272320,""obs_mistake_mask=E_"":1}"
    318464,         0,         0,   119.7,decoder_by_matrix,cc9cd6551b3048ae216380ccb8ae5d3cca75b5b766fe651c47ef084ce4ce7dc6,"{""distance"":5,""physical_error_rate"":5e-05}","{""detection_events"":8290,""detectors_checked"":54138880}"
    320512,         0,         0,   119.6,decoder_by_matrix,f0fc70a0432f83ff513e502442839d2eab02e2bed2f658d0464ff826d304e5e7,"{""distance"":5,""physical_error_rate"":0.0005}","{""detection_events"":92175,""detectors_checked"":54487040}"
    335872,         0,         0,   119.4,decoder_by_matrix,6866428194f3c2ecf80b799fe3d7eaa0d7bfdd0bee14693d15f8abf3c1159eda,"{""distance"":5,""physical_error_rate"":1e-05}","{""detection_events"":1885,""detectors_checked"":57098240}"
    339968,         0,         0,   119.4,decoder_by_matrix,161b5fe948dcfe007f335a5c57bcb8ff38ff3ea8726714a4cc08f5b9386b17ca,"{""distance"":5,""physical_error_rate"":5e-06}","{""detection_events"":1055,""detectors_checked"":57794560}"
    318464,         1,         0,   119.3,decoder_by_matrix,5b8a070a3cf8d31d64f24dbee89f3428cb9cab13fc59f7448d798f9bf08e9187,"{""distance"":5,""physical_error_rate"":0.001}","{""detection_events"":182025,""detectors_checked"":54138880,""obs_mistake_mask=_E"":1}"
    251904,         0,         0,   119.8,decoder_by_matrix,cc9cd6551b3048ae216380ccb8ae5d3cca75b5b766fe651c47ef084ce4ce7dc6,"{""distance"":5,""physical_error_rate"":5e-05}","{""detection_events"":7675,""detectors_checked"":42823680}"
    309248,         0,         0,   120.3,decoder_by_matrix,a052b2ce6ed64a98931ebcd7492590a746d7ec6e385d9f4479eb5b69a31b01f0,"{""distance"":5,""physical_error_rate"":0.0001}","{""detection_events"":18340,""detectors_checked"":52572160}"
    242688,         0,         0,   119.6,decoder_by_matrix,5b8a070a3cf8d31d64f24dbee89f3428cb9cab13fc59f7448d798f9bf08e9187,"{""distance"":5,""physical_error_rate"":0.001}","{""detection_events"":135870,""detectors_checked"":41256960}"
    303104,         0,         0,   119.9,decoder_by_matrix,a052b2ce6ed64a98931ebcd7492590a746d7ec6e385d9f4479eb5b69a31b01f0,"{""distance"":5,""physical_error_rate"":0.0001}","{""detection_events"":16325,""detectors_checked"":51527680}"
   1260544,         0,         0,    44.8,decoder_by_matrix,be0c214c078cdb5104153598b498575a1fc035ba16beb428536e5a87ee0a867f,"{""distance"":5,""physical_error_rate"":1e-06}","{""detection_events"":655,""detectors_checked"":214292480}"
   1246208,         0,         0,    44.9,decoder_by_matrix,161b5fe948dcfe007f335a5c57bcb8ff38ff3ea8726714a4cc08f5b9386b17ca,"{""distance"":5,""physical_error_rate"":5e-06}","{""detection_events"":3120,""detectors_checked"":211855360}"
   3190784,         0,         0,   119.6,decoder_by_matrix,be0c214c078cdb5104153598b498575a1fc035ba16beb428536e5a87ee0a867f,"{""distance"":5,""physical_error_rate"":1e-06}","{""detection_events"":1960,""detectors_checked"":542433280}"
   3170304,         0,         0,   119.6,decoder_by_matrix,161b5fe948dcfe007f335a5c57bcb8ff38ff3ea8726714a4cc08f5b9386b17ca,"{""distance"":5,""physical_error_rate"":5e-06}","{""detection_events"":9500,""detectors_checked"":538951680}"
     87040,         0,         0,    45.3,decoder_by_matrix,cc9cd6551b3048ae216380ccb8ae5d3cca75b5b766fe651c47ef084ce4ce7dc6,"{""distance"":5,""physical_error_rate"":5e-05}","{""detection_events"":2635,""detectors_checked"":14796800}"
    115712,         0,         0,    45.1,decoder_by_matrix,a052b2ce6ed64a98931ebcd7492590a746d7ec6e385d9f4479eb5b69a31b01f0,"{""distance"":5,""physical_error_rate"":0.0001}","{""detection_events"":7225,""detectors_checked"":19671040}"
    101376,         0,         0,    44.9,decoder_by_matrix,f0fc70a0432f83ff513e502442839d2eab02e2bed2f658d0464ff826d304e5e7,"{""distance"":5,""physical_error_rate"":0.0005}","{""detection_events"":30145,""detectors_checked"":17233920}"
    100352,         0,         0,    44.9,decoder_by_matrix,6866428194f3c2ecf80b799fe3d7eaa0d7bfdd0bee14693d15f8abf3c1159eda,"{""distance"":5,""physical_error_rate"":1e-05}","{""detection_events"":510,""detectors_checked"":17059840}"
    319488,         0,         0,   119.2,decoder_by_matrix,cc9cd6551b3048ae216380ccb8ae5d3cca75b5b766fe651c47ef084ce4ce7dc6,"{""distance"":5,""physical_error_rate"":5e-05}","{""detection_events"":9320,""detectors_checked"":54312960}"
    319488,         0,         0,   118.4,decoder_by_matrix,a052b2ce6ed64a98931ebcd7492590a746d7ec6e385d9f4479eb5b69a31b01f0,"{""distance"":5,""physical_error_rate"":0.0001}","{""detection_events"":17815,""detectors_checked"":54312960}"
    279552,         0,         0,   119.8,decoder_by_matrix,f0fc70a0432f83ff513e502442839d2eab02e2bed2f658d0464ff826d304e5e7,"{""distance"":5,""physical_error_rate"":0.0005}","{""detection_events"":79200,""detectors_checked"":47523840}"
    248832,         0,         0,   119.4,decoder_by_matrix,6866428194f3c2ecf80b799fe3d7eaa0d7bfdd0bee14693d15f8abf3c1159eda,"{""distance"":5,""physical_error_rate"":1e-05}","{""detection_events"":1275,""detectors_checked"":42301440}"
    287744,         0,         0,   119.7,decoder_by_matrix,6866428194f3c2ecf80b799fe3d7eaa0d7bfdd0bee14693d15f8abf3c1159eda,"{""distance"":5,""physical_error_rate"":1e-05}","{""detection_events"":1380,""detectors_checked"":48916480}"
    292864,         0,         0,   119.6,decoder_by_matrix,161b5fe948dcfe007f335a5c57bcb8ff38ff3ea8726714a4cc08f5b9386b17ca,"{""distance"":5,""physical_error_rate"":5e-06}","{""detection_events"":365,""detectors_checked"":49786880}"
    292352,         0,         0,   120.2,decoder_by_matrix,f0fc70a0432f83ff513e502442839d2eab02e2bed2f658d0464ff826d304e5e7,"{""distance"":5,""physical_error_rate"":0.0005}","{""detection_events"":85880,""detectors_checked"":49699840}"
    293888,         0,         0,   119.5,decoder_by_matrix,be0c214c078cdb5104153598b498575a1fc035ba16beb428536e5a87ee0a867f,"{""distance"":5,""physical_error_rate"":1e-06}","{""detection_events"":170,""detectors_checked"":49960960}"
   1765376,         0,         0,    62.8,decoder_by_matrix,be0c214c078cdb5104153598b498575a1fc035ba16beb428536e5a87ee0a867f,"{""distance"":5,""physical_error_rate"":1e-06}","{""detection_events"":1120,""detectors_checked"":300113920}"
   1737728,         0,         0,    62.8,decoder_by_matrix,161b5fe948dcfe007f335a5c57bcb8ff38ff3ea8726714a4cc08f5b9386b17ca,"{""distance"":5,""physical_error_rate"":5e-06}","{""detection_events"":5110,""detectors_checked"":295413760}"
    148480,         0,         0,    62.5,decoder_by_matrix,cc9cd6551b3048ae216380ccb8ae5d3cca75b5b766fe651c47ef084ce4ce7dc6,"{""distance"":5,""physical_error_rate"":5e-05}","{""detection_events"":4675,""detectors_checked"":25241600}"
    161792,         0,         0,    62.8,decoder_by_matrix,a052b2ce6ed64a98931ebcd7492590a746d7ec6e385d9f4479eb5b69a31b01f0,"{""distance"":5,""physical_error_rate"":0.0001}","{""detection_events"":9700,""detectors_checked"":27504640}"
    140288,         0,         0,    63.1,decoder_by_matrix,f0fc70a0432f83ff513e502442839d2eab02e2bed2f658d0464ff826d304e5e7,"{""distance"":5,""physical_error_rate"":0.0005}","{""detection_events"":38445,""detectors_checked"":23848960}"
    156672,         0,         0,    62.8,decoder_by_matrix,6866428194f3c2ecf80b799fe3d7eaa0d7bfdd0bee14693d15f8abf3c1159eda,"{""distance"":5,""physical_error_rate"":1e-05}","{""detection_events"":805,""detectors_checked"":26634240}"
   3179520,         0,         0,   119.6,decoder_by_matrix,6866428194f3c2ecf80b799fe3d7eaa0d7bfdd0bee14693d15f8abf3c1159eda,"{""distance"":5,""physical_error_rate"":1e-05}","{""detection_events"":17795,""detectors_checked"":540518400}"
   3213312,         0,         0,   119.6,decoder_by_matrix,161b5fe948dcfe007f335a5c57bcb8ff38ff3ea8726714a4cc08f5b9386b17ca,"{""distance"":5,""physical_error_rate"":5e-06}","{""detection_events"":8555,""detectors_checked"":546263040}"
   3158016,         0,         0,   119.6,decoder_by_matrix,161b5fe948dcfe007f335a5c57bcb8ff38ff3ea8726714a4cc08f5b9386b17ca,"{""distance"":5,""physical_error_rate"":5e-06}","{""detection_events"":8925,""detectors_checked"":536862720}"
   3210240,         0,         0,   119.6,decoder_by_matrix,6866428194f3c2ecf80b799fe3d7eaa0d7bfdd0bee14693d15f8abf3c1159eda,"{""distance"":5,""physical_error_rate"":1e-05}","{""detection_events"":18505,""detectors_checked"":545740800}"
   3131392,         0,         0,   119.6,decoder_by_matrix,cc9cd6551b3048ae216380ccb8ae5d3cca75b5b766fe651c47ef084ce4ce7dc6,"{""distance"":5,""physical_error_rate"":5e-05}","{""detection_events"":90705,""detectors_checked"":532336640}"
   3079168,         0,         0,   119.6,decoder_by_matrix,a052b2ce6ed64a98931ebcd7492590a746d7ec6e385d9f4479eb5b69a31b01f0,"{""distance"":5,""physical_error_rate"":0.0001}","{""detection_events"":176745,""detectors_checked"":523458560}"
   3108864,         0,         0,   119.6,decoder_by_matrix,f0fc70a0432f83ff513e502442839d2eab02e2bed2f658d0464ff826d304e5e7,"{""distance"":5,""physical_error_rate"":0.0005}","{""detection_events"":888865,""detectors_checked"":528506880}"
   3352576,         0,         0,   119.6,decoder_by_matrix,161b5fe948dcfe007f335a5c57bcb8ff38ff3ea8726714a4cc08f5b9386b17ca,"{""distance"":5,""physical_error_rate"":5e-06}","{""detection_events"":9760,""detectors_checked"":569937920}"
   3098624,         6,         0,   119.6,decoder_by_matrix,5b8a070a3cf8d31d64f24dbee89f3428cb9cab13fc59f7448d798f9bf08e9187,"{""distance"":5,""physical_error_rate"":0.001}","{""detection_events"":1755140,""detectors_checked"":526766080,""obs_mistake_mask=EE"":2,""obs_mistake_mask=E_"":3,""obs_mistake_mask=_E"":1}"
   3066880,         4,         0,   119.6,decoder_by_matrix,5b8a070a3cf8d31d64f24dbee89f3428cb9cab13fc59f7448d798f9bf08e9187,"{""distance"":5,""physical_error_rate"":0.001}","{""detection_events"":1733155,""detectors_checked"":521369600,""obs_mistake_mask=EE"":2,""obs_mistake_mask=E_"":2}"
   3268608,         0,         0,   119.6,decoder_by_matrix,cc9cd6551b3048ae216380ccb8ae5d3cca75b5b766fe651c47ef084ce4ce7dc6,"{""distance"":5,""physical_error_rate"":5e-05}","{""detection_events"":94080,""detectors_checked"":555663360}"
   3397632,         0,         0,   119.6,decoder_by_matrix,be0c214c078cdb5104153598b498575a1fc035ba16beb428536e5a87ee0a867f,"{""distance"":5,""physical_error_rate"":1e-06}","{""detection_events"":1945,""detectors_checked"":577597440}"
   3000320,         0,         0,   119.6,decoder_by_matrix,be0c214c078cdb5104153598b498575a1fc035ba16beb428536e5a87ee0a867f,"{""distance"":5,""physical_error_rate"":1e-06}","{""detection_events"":1695,""detectors_checked"":510054400}"
   3100672,         1,         0,   119.6,decoder_by_matrix,f0fc70a0432f83ff513e502442839d2eab02e2bed2f658d0464ff826d304e5e7,"{""distance"":5,""physical_error_rate"":0.0005}","{""detection_events"":876510,""detectors_checked"":527114240,""obs_mistake_mask=EE"":1}"
   3236864,         0,         0,   119.6,decoder_by_matrix,a052b2ce6ed64a98931ebcd7492590a746d7ec6e385d9f4479eb5b69a31b01f0,"{""distance"":5,""physical_error_rate"":0.0001}","{""detection_events"":181895,""detectors_checked"":550266880}"
   3128320,         0,         0,   119.6,decoder_by_matrix,a052b2ce6ed64a98931ebcd7492590a746d7ec6e385d9f4479eb5b69a31b01f0,"{""distance"":5,""physical_error_rate"":0.0001}","{""detection_events"":177915,""detectors_checked"":531814400}"
   3211264,         0,         0,   119.6,decoder_by_matrix,be0c214c078cdb5104153598b498575a1fc035ba16beb428536e5a87ee0a867f,"{""distance"":5,""physical_error_rate"":1e-06}","{""detection_events"":2065,""detectors_checked"":545914880}"
   3153920,         0,         0,   119.6,decoder_by_matrix,cc9cd6551b3048ae216380ccb8ae5d3cca75b5b766fe651c47ef084ce4ce7dc6,"{""distance"":5,""physical_error_rate"":5e-05}","{""detection_events"":89915,""detectors_checked"":536166400}"
   3167232,         0,         0,   119.6,decoder_by_matrix,6866428194f3c2ecf80b799fe3d7eaa0d7bfdd0bee14693d15f8abf3c1159eda,"{""distance"":5,""physical_error_rate"":1e-05}","{""detection_events"":17925,""detectors_checked"":538429440}"
   3076096,         0,         0,   119.6,decoder_by_matrix,f0fc70a0432f83ff513e502442839d2eab02e2bed2f658d0464ff826d304e5e7,"{""distance"":5,""physical_error_rate"":0.0005}","{""detection_events"":869280,""detectors_checked"":522936320}"
    335872,         1,         0,   119.3,decoder_by_matrix,5b8a070a3cf8d31d64f24dbee89f3428cb9cab13fc59f7448d798f9bf08e9187,"{""distance"":5,""physical_error_rate"":0.001}","{""detection_events"":189420,""detectors_checked"":57098240,""obs_mistake_mask=E_"":1}"
    281600,         0,         0,   119.7,decoder_by_matrix,be0c214c078cdb5104153598b498575a1fc035ba16beb428536e5a87ee0a867f,"{""distance"":5,""physical_error_rate"":1e-06}","{""detection_events"":220,""detectors_checked"":47872000}"
    305152,         0,         0,   119.4,decoder_by_matrix,5b8a070a3cf8d31d64f24dbee89f3428cb9cab13fc59f7448d798f9bf08e9187,"{""distance"":5,""physical_error_rate"":0.001}","{""detection_events"":169950,""detectors_checked"":51875840}"
    309248,         0,         0,   119.5,decoder_by_matrix,cc9cd6551b3048ae216380ccb8ae5d3cca75b5b766fe651c47ef084ce4ce7dc6,"{""distance"":5,""physical_error_rate"":5e-05}","{""detection_events"":8340,""detectors_checked"":52572160}"
    317440,         0,         0,   119.7,decoder_by_matrix,f0fc70a0432f83ff513e502442839d2eab02e2bed2f658d0464ff826d304e5e7,"{""distance"":5,""physical_error_rate"":0.0005}","{""detection_events"":89355,""detectors_checked"":53964800}"
    324608,         0,         0,   119.9,decoder_by_matrix,6866428194f3c2ecf80b799fe3d7eaa0d7bfdd0bee14693d15f8abf3c1159eda,"{""distance"":5,""physical_error_rate"":1e-05}","{""detection_events"":1590,""detectors_checked"":55183360}"
    335872,         0,         0,   119.5,decoder_by_matrix,161b5fe948dcfe007f335a5c57bcb8ff38ff3ea8726714a4cc08f5b9386b17ca,"{""distance"":5,""physical_error_rate"":5e-06}","{""detection_events"":1065,""detectors_checked"":57098240}"
    310272,         0,         0,   119.4,decoder_by_matrix,5b8a070a3cf8d31d64f24dbee89f3428cb9cab13fc59f7448d798f9bf08e9187,"{""distance"":5,""physical_error_rate"":0.001}","{""detection_events"":176435,""detectors_checked"":52746240}"
    297984,         0,         0,   119.6,decoder_by_matrix,cc9cd6551b3048ae216380ccb8ae5d3cca75b5b766fe651c47ef084ce4ce7dc6,"{""distance"":5,""physical_error_rate"":5e-05}","{""detection_events"":8410,""detectors_checked"":50657280}"
    293888,         0,         0,   119.8,decoder_by_matrix,a052b2ce6ed64a98931ebcd7492590a746d7ec6e385d9f4479eb5b69a31b01f0,"{""distance"":5,""physical_error_rate"":0.0001}","{""detection_events"":16255,""detectors_checked"":49960960}"
    314368,         2,         0,   119.7,decoder_by_matrix,5b8a070a3cf8d31d64f24dbee89f3428cb9cab13fc59f7448d798f9bf08e9187,"{""distance"":5,""physical_error_rate"":0.001}","{""detection_events"":176680,""detectors_checked"":53442560,""obs_mistake_mask=E_"":2}"
    299008,         0,         0,   119.6,decoder_by_matrix,a052b2ce6ed64a98931ebcd7492590a746d7ec6e385d9f4479eb5b69a31b01f0,"{""distance"":5,""physical_error_rate"":0.0001}","{""detection_events"":17345,""detectors_checked"":50831360}"
   3198976,         0,         0,   119.6,decoder_by_matrix,be0c214c078cdb5104153598b498575a1fc035ba16beb428536e5a87ee0a867f,"{""distance"":5,""physical_error_rate"":1e-06}","{""detection_events"":1620,""detectors_checked"":543825920}"
   3180544,         0,         0,   119.6,decoder_by_matrix,161b5fe948dcfe007f335a5c57bcb8ff38ff3ea8726714a4cc08f5b9386b17ca,"{""distance"":5,""physical_error_rate"":5e-06}","{""detection_events"":8760,""detectors_checked"":540692480}"
    316416,         0,         0,   119.0,decoder_by_matrix,cc9cd6551b3048ae216380ccb8ae5d3cca75b5b766fe651c47ef084ce4ce7dc6,"{""distance"":5,""physical_error_rate"":5e-05}","{""detection_events"":8460,""detectors_checked"":53790720}"
    313344,         0,         0,   119.1,decoder_by_matrix,a052b2ce6ed64a98931ebcd7492590a746d7ec6e385d9f4479eb5b69a31b01f0,"{""distance"":5,""physical_error_rate"":0.0001}","{""detection_events"":18345,""detectors_checked"":53268480}"
    304640,         0,         0,   120.0,decoder_by_matrix,f0fc70a0432f83ff513e502442839d2eab02e2bed2f658d0464ff826d304e5e7,"{""distance"":5,""physical_error_rate"":0.0005}","{""detection_events"":87540,""detectors_checked"":51788800}"
    325632,         0,         0,   119.3,decoder_by_matrix,6866428194f3c2ecf80b799fe3d7eaa0d7bfdd0bee14693d15f8abf3c1159eda,"{""distance"":5,""physical_error_rate"":1e-05}","{""detection_events"":1885,""detectors_checked"":55357440}"
   2472960,         0,         0,    87.9,decoder_by_matrix,be0c214c078cdb5104153598b498575a1fc035ba16beb428536e5a87ee0a867f,"{""distance"":5,""physical_error_rate"":1e-06}","{""detection_events"":1660,""detectors_checked"":420403200}"
   2442240,         0,         0,    87.9,decoder_by_matrix,161b5fe948dcfe007f335a5c57bcb8ff38ff3ea8726714a4cc08f5b9386b17ca,"{""distance"":5,""physical_error_rate"":5e-06}","{""detection_events"":6800,""detectors_checked"":415180800}"
    245760,         0,         0,    87.9,decoder_by_matrix,cc9cd6551b3048ae216380ccb8ae5d3cca75b5b766fe651c47ef084ce4ce7dc6,"{""distance"":5,""physical_error_rate"":5e-05}","{""detection_events"":6260,""detectors_checked"":41779200}"
    280576,         0,         0,   119.5,decoder_by_matrix,6866428194f3c2ecf80b799fe3d7eaa0d7bfdd0bee14693d15f8abf3c1159eda,"{""distance"":5,""physical_error_rate"":1e-05}","{""detection_events"":1460,""detectors_checked"":47697920}"
    232448,         0,         0,    87.9,decoder_by_matrix,a052b2ce6ed64a98931ebcd7492590a746d7ec6e385d9f4479eb5b69a31b01f0,"{""distance"":5,""physical_error_rate"":0.0001}","{""detection_events"":12580,""detectors_checked"":39516160}"
    202752,         0,         0,    88.1,decoder_by_matrix,f0fc70a0432f83ff513e502442839d2eab02e2bed2f658d0464ff826d304e5e7,"{""distance"":5,""physical_error_rate"":0.0005}","{""detection_events"":58050,""detectors_checked"":34467840}"
    238592,         0,         0,    87.5,decoder_by_matrix,6866428194f3c2ecf80b799fe3d7eaa0d7bfdd0bee14693d15f8abf3c1159eda,"{""distance"":5,""physical_error_rate"":1e-05}","{""detection_events"":1285,""detectors_checked"":40560640}"
    288768,         0,         0,   119.7,decoder_by_matrix,161b5fe948dcfe007f335a5c57bcb8ff38ff3ea8726714a4cc08f5b9386b17ca,"{""distance"":5,""physical_error_rate"":5e-06}","{""detection_events"":1035,""detectors_checked"":49090560}"
    327168,         0,         0,   120.7,decoder_by_matrix,f0fc70a0432f83ff513e502442839d2eab02e2bed2f658d0464ff826d304e5e7,"{""distance"":5,""physical_error_rate"":0.0005}","{""detection_events"":93445,""detectors_checked"":55618560}"
    293888,         0,         0,   119.6,decoder_by_matrix,be0c214c078cdb5104153598b498575a1fc035ba16beb428536e5a87ee0a867f,"{""distance"":5,""physical_error_rate"":1e-06}","{""detection_events"":210,""detectors_checked"":49960960}"
   3184640,         0,         0,   119.6,decoder_by_matrix,6866428194f3c2ecf80b799fe3d7eaa0d7bfdd0bee14693d15f8abf3c1159eda,"{""distance"":5,""physical_error_rate"":1e-05}","{""detection_events"":18335,""detectors_checked"":541388800}"
   3177472,         0,         0,   119.5,decoder_by_matrix,161b5fe948dcfe007f335a5c57bcb8ff38ff3ea8726714a4cc08f5b9386b17ca,"{""distance"":5,""physical_error_rate"":5e-06}","{""detection_events"":9215,""detectors_checked"":540170240}"
   3161088,         0,         0,   119.6,decoder_by_matrix,161b5fe948dcfe007f335a5c57bcb8ff38ff3ea8726714a4cc08f5b9386b17ca,"{""distance"":5,""physical_error_rate"":5e-06}","{""detection_events"":9115,""detectors_checked"":537384960}"
   3195904,         0,         0,   119.6,decoder_by_matrix,6866428194f3c2ecf80b799fe3d7eaa0d7bfdd0bee14693d15f8abf3c1159eda,"{""distance"":5,""physical_error_rate"":1e-05}","{""detection_events"":18765,""detectors_checked"":543303680}"
   3132416,         0,         0,   119.6,decoder_by_matrix,cc9cd6551b3048ae216380ccb8ae5d3cca75b5b766fe651c47ef084ce4ce7dc6,"{""distance"":5,""physical_error_rate"":5e-05}","{""detection_events"":90360,""detectors_checked"":532510720}"
   3083264,         2,         0,   119.6,decoder_by_matrix,f0fc70a0432f83ff513e502442839d2eab02e2bed2f658d0464ff826d304e5e7,"{""distance"":5,""physical_error_rate"":0.0005}","{""detection_events"":879885,""detectors_checked"":524154880,""obs_mistake_mask=E_"":1,""obs_mistake_mask=_E"":1}"
   3083264,         0,         0,   119.6,decoder_by_matrix,a052b2ce6ed64a98931ebcd7492590a746d7ec6e385d9f4479eb5b69a31b01f0,"{""distance"":5,""physical_error_rate"":0.0001}","{""detection_events"":176255,""detectors_checked"":524154880}"
   3353600,         0,         0,   119.6,decoder_by_matrix,161b5fe948dcfe007f335a5c57bcb8ff38ff3ea8726714a4cc08f5b9386b17ca,"{""distance"":5,""physical_error_rate"":5e-06}","{""detection_events"":10425,""detectors_checked"":570112000}"
   3092480,         9,         0,   119.6,decoder_by_matrix,5b8a070a3cf8d31d64f24dbee89f3428cb9cab13fc59f7448d798f9bf08e9187,"{""distance"":5,""physical_error_rate"":0.001}","{""detection_events"":1747070,""detectors_checked"":525721600,""obs_mistake_mask=EE"":1,""obs_mistake_mask=E_"":6,""obs_mistake_mask=_E"":2}"
   3068928,         4,         0,   119.6,decoder_by_matrix,5b8a070a3cf8d31d64f24dbee89f3428cb9cab13fc59f7448d798f9bf08e9187,"{""distance"":5,""physical_error_rate"":0.001}","{""detection_events"":1744880,""detectors_checked"":521717760,""obs_mistake_mask=EE"":2,""obs_mistake_mask=E_"":1,""obs_mistake_mask=_E"":1}"
   3268608,         0,         0,   119.6,decoder_by_matrix,cc9cd6551b3048ae216380ccb8ae5d3cca75b5b766fe651c47ef084ce4ce7dc6,"{""distance"":5,""physical_error_rate"":5e-05}","{""detection_events"":95600,""detectors_checked"":555663360}"
   3402752,         0,         0,   119.6,decoder_by_matrix,be0c214c078cdb5104153598b498575a1fc035ba16beb428536e5a87ee0a867f,"{""distance"":5,""physical_error_rate"":1e-06}","{""detection_events"":1905,""detectors_checked"":578467840}"
   2973696,         0,         0,   119.6,decoder_by_matrix,be0c214c078cdb5104153598b498575a1fc035ba16beb428536e5a87ee0a867f,"{""distance"":5,""physical_error_rate"":1e-06}","{""detection_events"":1985,""detectors_checked"":505528320}"
   3104768,         0,         0,   119.6,decoder_by_matrix,f0fc70a0432f83ff513e502442839d2eab02e2bed2f658d0464ff826d304e5e7,"{""distance"":5,""physical_error_rate"":0.0005}","{""detection_events"":886760,""detectors_checked"":527810560}"
   3237888,         0,         0,   119.6,decoder_by_matrix,a052b2ce6ed64a98931ebcd7492590a746d7ec6e385d9f4479eb5b69a31b01f0,"{""distance"":5,""physical_error_rate"":0.0001}","{""detection_events"":186670,""detectors_checked"":550440960}"
   3113984,         0,         0,   119.6,decoder_by_matrix,a052b2ce6ed64a98931ebcd7492590a746d7ec6e385d9f4479eb5b69a31b01f0,"{""distance"":5,""physical_error_rate"":0.0001}","{""detection_events"":174515,""detectors_checked"":529377280}"
   3195904,         0,         0,   119.6,decoder_by_matrix,be0c214c078cdb5104153598b498575a1fc035ba16beb428536e5a87ee0a867f,"{""distance"":5,""physical_error_rate"":1e-06}","{""detection_events"":2295,""detectors_checked"":543303680}"
   3117056,         0,         0,   119.6,decoder_by_matrix,cc9cd6551b3048ae216380ccb8ae5d3cca75b5b766fe651c47ef084ce4ce7dc6,"{""distance"":5,""physical_error_rate"":5e-05}","{""detection_events"":88785,""detectors_checked"":529899520}"
   3171328,         0,         0,   119.6,decoder_by_matrix,6866428194f3c2ecf80b799fe3d7eaa0d7bfdd0bee14693d15f8abf3c1159eda,"{""distance"":5,""physical_error_rate"":1e-05}","{""detection_events"":18760,""detectors_checked"":539125760}"
   3028992,         0,         0,   119.6,decoder_by_matrix,f0fc70a0432f83ff513e502442839d2eab02e2bed2f658d0464ff826d304e5e7,"{""distance"":5,""physical_error_rate"":0.0005}","{""detection_events"":859870,""detectors_checked"":514928640}"
    342016,         0,         0,   119.2,decoder_by_matrix,5b8a070a3cf8d31d64f24dbee89f3428cb9cab13fc59f7448d798f9bf08e9187,"{""distance"":5,""physical_error_rate"":0.001}","{""detection_events"":196220,""detectors_checked"":58142720}"
    284672,         0,         0,   119.5,decoder_by_matrix,be0c214c078cdb5104153598b498575a1fc035ba16beb428536e5a87ee0a867f,"{""distance"":5,""physical_error_rate"":1e-06}","{""detection_events"":60,""detectors_checked"":48394240}"
    302080,         1,         0,   119.7,decoder_by_matrix,5b8a070a3cf8d31d64f24dbee89f3428cb9cab13fc59f7448d798f9bf08e9187,"{""distance"":5,""physical_error_rate"":0.001}","{""detection_events"":171645,""detectors_checked"":51353600,""obs_mistake_mask=E_"":1}"
    303104,         0,         0,   119.3,decoder_by_matrix,cc9cd6551b3048ae216380ccb8ae5d3cca75b5b766fe651c47ef084ce4ce7dc6,"{""distance"":5,""physical_error_rate"":5e-05}","{""detection_events"":8750,""detectors_checked"":51527680}"
    314368,         0,         0,   119.1,decoder_by_matrix,f0fc70a0432f83ff513e502442839d2eab02e2bed2f658d0464ff826d304e5e7,"{""distance"":5,""physical_error_rate"":0.0005}","{""detection_events"":90345,""detectors_checked"":53442560}"
    307200,         0,         0,   119.7,decoder_by_matrix,161b5fe948dcfe007f335a5c57bcb8ff38ff3ea8726714a4cc08f5b9386b17ca,"{""distance"":5,""physical_error_rate"":5e-06}","{""detection_events"":865,""detectors_checked"":52224000}"
    346112,         0,         0,   119.5,decoder_by_matrix,6866428194f3c2ecf80b799fe3d7eaa0d7bfdd0bee14693d15f8abf3c1159eda,"{""distance"":5,""physical_error_rate"":1e-05}","{""detection_events"":1950,""detectors_checked"":58839040}"
    310272,         0,         0,   119.3,decoder_by_matrix,5b8a070a3cf8d31d64f24dbee89f3428cb9cab13fc59f7448d798f9bf08e9187,"{""distance"":5,""physical_error_rate"":0.001}","{""detection_events"":175840,""detectors_checked"":52746240}"
    306176,         0,         0,   119.7,decoder_by_matrix,cc9cd6551b3048ae216380ccb8ae5d3cca75b5b766fe651c47ef084ce4ce7dc6,"{""distance"":5,""physical_error_rate"":5e-05}","{""detection_events"":8840,""detectors_checked"":52049920}"
    317440,         1,         0,   119.5,decoder_by_matrix,5b8a070a3cf8d31d64f24dbee89f3428cb9cab13fc59f7448d798f9bf08e9187,"{""distance"":5,""physical_error_rate"":0.001}","{""detection_events"":178535,""detectors_checked"":53964800,""obs_mistake_mask=EE"":1}"
    277504,         0,         0,   119.5,decoder_by_matrix,a052b2ce6ed64a98931ebcd7492590a746d7ec6e385d9f4479eb5b69a31b01f0,"{""distance"":5,""physical_error_rate"":0.0001}","{""detection_events"":15405,""detectors_checked"":47175680}"
    305152,         0,         0,   119.1,decoder_by_matrix,a052b2ce6ed64a98931ebcd7492590a746d7ec6e385d9f4479eb5b69a31b01f0,"{""distance"":5,""physical_error_rate"":0.0001}","{""detection_events"":17970,""detectors_checked"":51875840}"
   3196928,         0,         0,   119.6,decoder_by_matrix,be0c214c078cdb5104153598b498575a1fc035ba16beb428536e5a87ee0a867f,"{""distance"":5,""physical_error_rate"":1e-06}","{""detection_events"":1820,""detectors_checked"":543477760}"
   3176448,         0,         0,   119.6,decoder_by_matrix,161b5fe948dcfe007f335a5c57bcb8ff38ff3ea8726714a4cc08f5b9386b17ca,"{""distance"":5,""physical_error_rate"":5e-06}","{""detection_events"":8820,""detectors_checked"":539996160}"
    312320,         0,         0,   119.4,decoder_by_matrix,cc9cd6551b3048ae216380ccb8ae5d3cca75b5b766fe651c47ef084ce4ce7dc6,"{""distance"":5,""physical_error_rate"":5e-05}","{""detection_events"":9420,""detectors_checked"":53094400}"
    321536,         0,         0,   119.6,decoder_by_matrix,a052b2ce6ed64a98931ebcd7492590a746d7ec6e385d9f4479eb5b69a31b01f0,"{""distance"":5,""physical_error_rate"":0.0001}","{""detection_events"":17855,""detectors_checked"":54661120}"
    232960,         0,         0,   119.6,decoder_by_matrix,f0fc70a0432f83ff513e502442839d2eab02e2bed2f658d0464ff826d304e5e7,"{""distance"":5,""physical_error_rate"":0.0005}","{""detection_events"":68495,""detectors_checked"":39603200}"
    325632,         0,         0,   118.7,decoder_by_matrix,6866428194f3c2ecf80b799fe3d7eaa0d7bfdd0bee14693d15f8abf3c1159eda,"{""distance"":5,""physical_error_rate"":1e-05}","{""detection_events"":1865,""detectors_checked"":55357440}"
   3360768,         0,         0,   119.5,decoder_by_matrix,be0c214c078cdb5104153598b498575a1fc035ba16beb428536e5a87ee0a867f,"{""distance"":5,""physical_error_rate"":1e-06}","{""detection_events"":1990,""detectors_checked"":571330560}"
   3316736,         0,         0,   119.6,decoder_by_matrix,161b5fe948dcfe007f335a5c57bcb8ff38ff3ea8726714a4cc08f5b9386b17ca,"{""distance"":5,""physical_error_rate"":5e-06}","{""detection_events"":9610,""detectors_checked"":563845120}"
    332800,         0,         0,   119.5,decoder_by_matrix,cc9cd6551b3048ae216380ccb8ae5d3cca75b5b766fe651c47ef084ce4ce7dc6,"{""distance"":5,""physical_error_rate"":5e-05}","{""detection_events"":9710,""detectors_checked"":56576000}"
    280576,         0,         0,   119.7,decoder_by_matrix,6866428194f3c2ecf80b799fe3d7eaa0d7bfdd0bee14693d15f8abf3c1159eda,"{""distance"":5,""physical_error_rate"":1e-05}","{""detection_events"":1505,""detectors_checked"":47697920}"
    299008,         0,         0,   119.5,decoder_by_matrix,a052b2ce6ed64a98931ebcd7492590a746d7ec6e385d9f4479eb5b69a31b01f0,"{""distance"":5,""physical_error_rate"":0.0001}","{""detection_events"":16675,""detectors_checked"":50831360}"
    273408,         0,         0,   119.3,decoder_by_matrix,f0fc70a0432f83ff513e502442839d2eab02e2bed2f658d0464ff826d304e5e7,"{""distance"":5,""physical_error_rate"":0.0005}","{""detection_events"":79465,""detectors_checked"":46479360}"
    313344,         0,         0,   119.2,decoder_by_matrix,6866428194f3c2ecf80b799fe3d7eaa0d7bfdd0bee14693d15f8abf3c1159eda,"{""distance"":5,""physical_error_rate"":1e-05}","{""detection_events"":1610,""detectors_checked"":53268480}"
    287744,         0,         0,   119.8,decoder_by_matrix,161b5fe948dcfe007f335a5c57bcb8ff38ff3ea8726714a4cc08f5b9386b17ca,"{""distance"":5,""physical_error_rate"":5e-06}","{""detection_events"":745,""detectors_checked"":48916480}"
    196608,         0,         0,   119.9,decoder_by_matrix,f0fc70a0432f83ff513e502442839d2eab02e2bed2f658d0464ff826d304e5e7,"{""distance"":5,""physical_error_rate"":0.0005}","{""detection_events"":55670,""detectors_checked"":33423360}"
    289792,         0,         0,   119.3,decoder_by_matrix,be0c214c078cdb5104153598b498575a1fc035ba16beb428536e5a87ee0a867f,"{""distance"":5,""physical_error_rate"":1e-06}","{""detection_events"":395,""detectors_checked"":49264640}"
   3180544,         0,         0,   119.6,decoder_by_matrix,161b5fe948dcfe007f335a5c57bcb8ff38ff3ea8726714a4cc08f5b9386b17ca,"{""distance"":5,""physical_error_rate"":5e-06}","{""detection_events"":9365,""detectors_checked"":540692480}"
   3188736,         0,         0,   119.6,decoder_by_matrix,6866428194f3c2ecf80b799fe3d7eaa0d7bfdd0bee14693d15f8abf3c1159eda,"{""distance"":5,""physical_error_rate"":1e-05}","{""detection_events"":17770,""detectors_checked"":542085120}"
   3169280,         0,         0,   119.6,decoder_by_matrix,161b5fe948dcfe007f335a5c57bcb8ff38ff3ea8726714a4cc08f5b9386b17ca,"{""distance"":5,""physical_error_rate"":5e-06}","{""detection_events"":9105,""detectors_checked"":538777600}"
   3191808,         0,         0,   119.6,decoder_by_matrix,6866428194f3c2ecf80b799fe3d7eaa0d7bfdd0bee14693d15f8abf3c1159eda,"{""distance"":5,""physical_error_rate"":1e-05}","{""detection_events"":17280,""detectors_checked"":542607360}"
   3137536,         0,         0,   119.6,decoder_by_matrix,cc9cd6551b3048ae216380ccb8ae5d3cca75b5b766fe651c47ef084ce4ce7dc6,"{""distance"":5,""physical_error_rate"":5e-05}","{""detection_events"":90570,""detectors_checked"":533381120}"
   3054592,         1,         0,   119.6,decoder_by_matrix,f0fc70a0432f83ff513e502442839d2eab02e2bed2f658d0464ff826d304e5e7,"{""distance"":5,""physical_error_rate"":0.0005}","{""detection_events"":865585,""detectors_checked"":519280640,""obs_mistake_mask=_E"":1}"
   3087360,         0,         0,   119.6,decoder_by_matrix,a052b2ce6ed64a98931ebcd7492590a746d7ec6e385d9f4479eb5b69a31b01f0,"{""distance"":5,""physical_error_rate"":0.0001}","{""detection_events"":177410,""detectors_checked"":524851200}"
   3358720,         0,         0,   119.6,decoder_by_matrix,161b5fe948dcfe007f335a5c57bcb8ff38ff3ea8726714a4cc08f5b9386b17ca,"{""distance"":5,""physical_error_rate"":5e-06}","{""detection_events"":9560,""detectors_checked"":570982400}"
   3083264,         6,         0,   119.6,decoder_by_matrix,5b8a070a3cf8d31d64f24dbee89f3428cb9cab13fc59f7448d798f9bf08e9187,"{""distance"":5,""physical_error_rate"":0.001}","{""detection_events"":1741505,""detectors_checked"":524154880,""obs_mistake_mask=EE"":3,""obs_mistake_mask=E_"":2,""obs_mistake_mask=_E"":1}"
   3070976,         5,         0,   119.6,decoder_by_matrix,5b8a070a3cf8d31d64f24dbee89f3428cb9cab13fc59f7448d798f9bf08e9187,"{""distance"":5,""physical_error_rate"":0.001}","{""detection_events"":1747815,""detectors_checked"":522065920,""obs_mistake_mask=EE"":1,""obs_mistake_mask=E_"":2,""obs_mistake_mask=_E"":2}"
   3280896,         0,         0,   119.6,decoder_by_matrix,cc9cd6551b3048ae216380ccb8ae5d3cca75b5b766fe651c47ef084ce4ce7dc6,"{""distance"":5,""physical_error_rate"":5e-05}","{""detection_events"":91100,""detectors_checked"":557752320}"
   3409920,         0,         0,   119.6,decoder_by_matrix,be0c214c078cdb5104153598b498575a1fc035ba16beb428536e5a87ee0a867f,"{""distance"":5,""physical_error_rate"":1e-06}","{""detection_events"":1675,""detectors_checked"":579686400}"
   3107840,         0,         0,   119.6,decoder_by_matrix,f0fc70a0432f83ff513e502442839d2eab02e2bed2f658d0464ff826d304e5e7,"{""distance"":5,""physical_error_rate"":0.0005}","{""detection_events"":883110,""detectors_checked"":528332800}"
   2997248,         0,         0,   119.6,decoder_by_matrix,be0c214c078cdb5104153598b498575a1fc035ba16beb428536e5a87ee0a867f,"{""distance"":5,""physical_error_rate"":1e-06}","{""detection_events"":1235,""detectors_checked"":509532160}"
   3099648,         0,         0,   119.6,decoder_by_matrix,a052b2ce6ed64a98931ebcd7492590a746d7ec6e385d9f4479eb5b69a31b01f0,"{""distance"":5,""physical_error_rate"":0.0001}","{""detection_events"":173805,""detectors_checked"":526940160}"
   3243008,         0,         0,   119.6,decoder_by_matrix,a052b2ce6ed64a98931ebcd7492590a746d7ec6e385d9f4479eb5b69a31b01f0,"{""distance"":5,""physical_error_rate"":0.0001}","{""detection_events"":182255,""detectors_checked"":551311360}"
   3152896,         0,         0,   119.6,decoder_by_matrix,be0c214c078cdb5104153598b498575a1fc035ba16beb428536e5a87ee0a867f,"{""distance"":5,""physical_error_rate"":1e-06}","{""detection_events"":1860,""detectors_checked"":535992320}"
   3123200,         0,         0,   119.6,decoder_by_matrix,cc9cd6551b3048ae216380ccb8ae5d3cca75b5b766fe651c47ef084ce4ce7dc6,"{""distance"":5,""physical_error_rate"":5e-05}","{""detection_events"":91760,""detectors_checked"":530944000}"
   3177472,         0,         0,   119.6,decoder_by_matrix,6866428194f3c2ecf80b799fe3d7eaa0d7bfdd0bee14693d15f8abf3c1159eda,"{""distance"":5,""physical_error_rate"":1e-05}","{""detection_events"":18090,""detectors_checked"":540170240}"
   3041280,         1,         0,   119.6,decoder_by_matrix,f0fc70a0432f83ff513e502442839d2eab02e2bed2f658d0464ff826d304e5e7,"{""distance"":5,""physical_error_rate"":0.0005}","{""detection_events"":869675,""detectors_checked"":517017600,""obs_mistake_mask=_E"":1}"
    347136,         0,         0,   119.2,decoder_by_matrix,5b8a070a3cf8d31d64f24dbee89f3428cb9cab13fc59f7448d798f9bf08e9187,"{""distance"":5,""physical_error_rate"":0.001}","{""detection_events"":194615,""detectors_checked"":59013120}"
    297984,         0,         0,   119.7,decoder_by_matrix,be0c214c078cdb5104153598b498575a1fc035ba16beb428536e5a87ee0a867f,"{""distance"":5,""physical_error_rate"":1e-06}","{""detection_events"":165,""detectors_checked"":50657280}"
    334848,         1,         0,   119.4,decoder_by_matrix,5b8a070a3cf8d31d64f24dbee89f3428cb9cab13fc59f7448d798f9bf08e9187,"{""distance"":5,""physical_error_rate"":0.001}","{""detection_events"":189120,""detectors_checked"":56924160,""obs_mistake_mask=EE"":1}"
    320512,         0,         0,   119.7,decoder_by_matrix,cc9cd6551b3048ae216380ccb8ae5d3cca75b5b766fe651c47ef084ce4ce7dc6,"{""distance"":5,""physical_error_rate"":5e-05}","{""detection_events"":9175,""detectors_checked"":54487040}"
    305152,         0,         0,   119.2,decoder_by_matrix,f0fc70a0432f83ff513e502442839d2eab02e2bed2f658d0464ff826d304e5e7,"{""distance"":5,""physical_error_rate"":0.0005}","{""detection_events"":85575,""detectors_checked"":51875840}"
    286720,         0,         0,   119.7,decoder_by_matrix,161b5fe948dcfe007f335a5c57bcb8ff38ff3ea8726714a4cc08f5b9386b17ca,"{""distance"":5,""physical_error_rate"":5e-06}","{""detection_events"":690,""detectors_checked"":48742400}"
    364544,         0,         0,   119.1,decoder_by_matrix,6866428194f3c2ecf80b799fe3d7eaa0d7bfdd0bee14693d15f8abf3c1159eda,"{""distance"":5,""physical_error_rate"":1e-05}","{""detection_events"":1685,""detectors_checked"":61972480}"
    353280,         0,         0,   119.9,decoder_by_matrix,5b8a070a3cf8d31d64f24dbee89f3428cb9cab13fc59f7448d798f9bf08e9187,"{""distance"":5,""physical_error_rate"":0.001}","{""detection_events"":203970,""detectors_checked"":60057600}"
    326656,         0,         0,   119.6,decoder_by_matrix,cc9cd6551b3048ae216380ccb8ae5d3cca75b5b766fe651c47ef084ce4ce7dc6,"{""distance"":5,""physical_error_rate"":5e-05}","{""detection_events"":8570,""detectors_checked"":55531520}"
    344064,         0,         0,   119.5,decoder_by_matrix,5b8a070a3cf8d31d64f24dbee89f3428cb9cab13fc59f7448d798f9bf08e9187,"{""distance"":5,""physical_error_rate"":0.001}","{""detection_events"":194715,""detectors_checked"":58490880}"
    316416,         0,         0,   119.2,decoder_by_matrix,a052b2ce6ed64a98931ebcd7492590a746d7ec6e385d9f4479eb5b69a31b01f0,"{""distance"":5,""physical_error_rate"":0.0001}","{""detection_events"":18445,""detectors_checked"":53790720}"
    330752,         0,         0,   119.2,decoder_by_matrix,a052b2ce6ed64a98931ebcd7492590a746d7ec6e385d9f4479eb5b69a31b01f0,"{""distance"":5,""physical_error_rate"":0.0001}","{""detection_events"":18305,""detectors_checked"":56227840}"
   3187712,         0,         0,   119.6,decoder_by_matrix,be0c214c078cdb5104153598b498575a1fc035ba16beb428536e5a87ee0a867f,"{""distance"":5,""physical_error_rate"":1e-06}","{""detection_events"":1670,""detectors_checked"":541911040}"
   3188736,         0,         0,   119.6,decoder_by_matrix,161b5fe948dcfe007f335a5c57bcb8ff38ff3ea8726714a4cc08f5b9386b17ca,"{""distance"":5,""physical_error_rate"":5e-06}","{""detection_events"":8405,""detectors_checked"":542085120}"
    339968,         0,         0,   119.2,decoder_by_matrix,cc9cd6551b3048ae216380ccb8ae5d3cca75b5b766fe651c47ef084ce4ce7dc6,"{""distance"":5,""physical_error_rate"":5e-05}","{""detection_events"":9435,""detectors_checked"":57794560}"
    332800,         0,         0,   118.9,decoder_by_matrix,a052b2ce6ed64a98931ebcd7492590a746d7ec6e385d9f4479eb5b69a31b01f0,"{""distance"":5,""physical_error_rate"":0.0001}","{""detection_events"":18890,""detectors_checked"":56576000}"
    302080,         0,         0,   119.5,decoder_by_matrix,f0fc70a0432f83ff513e502442839d2eab02e2bed2f658d0464ff826d304e5e7,"{""distance"":5,""physical_error_rate"":0.0005}","{""detection_events"":83345,""detectors_checked"":51353600}"
    330752,         0,         0,   119.5,decoder_by_matrix,6866428194f3c2ecf80b799fe3d7eaa0d7bfdd0bee14693d15f8abf3c1159eda,"{""distance"":5,""physical_error_rate"":1e-05}","{""detection_events"":1995,""detectors_checked"":56227840}"
   3371008,         0,         0,   119.6,decoder_by_matrix,be0c214c078cdb5104153598b498575a1fc035ba16beb428536e5a87ee0a867f,"{""distance"":5,""physical_error_rate"":1e-06}","{""detection_events"":2110,""detectors_checked"":573071360}"
   3292160,         0,         0,   119.6,decoder_by_matrix,161b5fe948dcfe007f335a5c57bcb8ff38ff3ea8726714a4cc08f5b9386b17ca,"{""distance"":5,""physical_error_rate"":5e-06}","{""detection_events"":9745,""detectors_checked"":559667200}"
    339968,         0,         0,   119.4,decoder_by_matrix,cc9cd6551b3048ae216380ccb8ae5d3cca75b5b766fe651c47ef084ce4ce7dc6,"{""distance"":5,""physical_error_rate"":5e-05}","{""detection_events"":9860,""detectors_checked"":57794560}"
    340992,         0,         0,   119.8,decoder_by_matrix,6866428194f3c2ecf80b799fe3d7eaa0d7bfdd0bee14693d15f8abf3c1159eda,"{""distance"":5,""physical_error_rate"":1e-05}","{""detection_events"":1985,""detectors_checked"":57968640}"
    265216,         0,         0,   119.7,decoder_by_matrix,f0fc70a0432f83ff513e502442839d2eab02e2bed2f658d0464ff826d304e5e7,"{""distance"":5,""physical_error_rate"":0.0005}","{""detection_events"":77665,""detectors_checked"":45086720}"
    391168,         0,         0,   120.2,decoder_by_matrix,a052b2ce6ed64a98931ebcd7492590a746d7ec6e385d9f4479eb5b69a31b01f0,"{""distance"":5,""physical_error_rate"":0.0001}","{""detection_events"":20675,""detectors_checked"":66498560}"
    328704,         0,         0,   119.4,decoder_by_matrix,6866428194f3c2ecf80b799fe3d7eaa0d7bfdd0bee14693d15f8abf3c1159eda,"{""distance"":5,""physical_error_rate"":1e-05}","{""detection_events"":1965,""detectors_checked"":55879680}"
    311296,         0,         0,   119.7,decoder_by_matrix,161b5fe948dcfe007f335a5c57bcb8ff38ff3ea8726714a4cc08f5b9386b17ca,"{""distance"":5,""physical_error_rate"":5e-06}","{""detection_events"":845,""detectors_checked"":52920320}"
    241152,         0,         0,   119.9,decoder_by_matrix,f0fc70a0432f83ff513e502442839d2eab02e2bed2f658d0464ff826d304e5e7,"{""distance"":5,""physical_error_rate"":0.0005}","{""detection_events"":69505,""detectors_checked"":40995840}"
    329728,         0,         0,   119.3,decoder_by_matrix,be0c214c078cdb5104153598b498575a1fc035ba16beb428536e5a87ee0a867f,"{""distance"":5,""physical_error_rate"":1e-06}","{""detection_events"":55,""detectors_checked"":56053760}"
   3172352,         0,         0,   119.6,decoder_by_matrix,161b5fe948dcfe007f335a5c57bcb8ff38ff3ea8726714a4cc08f5b9386b17ca,"{""distance"":5,""physical_error_rate"":5e-06}","{""detection_events"":9165,""detectors_checked"":539299840}"
   3177472,         0,         0,   119.6,decoder_by_matrix,6866428194f3c2ecf80b799fe3d7eaa0d7bfdd0bee14693d15f8abf3c1159eda,"{""distance"":5,""physical_error_rate"":1e-05}","{""detection_events"":17280,""detectors_checked"":540170240}"
   3123200,         0,         0,   119.6,decoder_by_matrix,161b5fe948dcfe007f335a5c57bcb8ff38ff3ea8726714a4cc08f5b9386b17ca,"{""distance"":5,""physical_error_rate"":5e-06}","{""detection_events"":9275,""detectors_checked"":530944000}"
   3133440,         0,         0,   119.6,decoder_by_matrix,6866428194f3c2ecf80b799fe3d7eaa0d7bfdd0bee14693d15f8abf3c1159eda,"{""distance"":5,""physical_error_rate"":1e-05}","{""detection_events"":17840,""detectors_checked"":532684800}"
   3128320,         0,         0,   119.6,decoder_by_matrix,cc9cd6551b3048ae216380ccb8ae5d3cca75b5b766fe651c47ef084ce4ce7dc6,"{""distance"":5,""physical_error_rate"":5e-05}","{""detection_events"":89930,""detectors_checked"":531814400}"
   3013632,         0,         0,   119.6,decoder_by_matrix,f0fc70a0432f83ff513e502442839d2eab02e2bed2f658d0464ff826d304e5e7,"{""distance"":5,""physical_error_rate"":0.0005}","{""detection_events"":853180,""detectors_checked"":512317440}"
   3045376,         0,         0,   119.6,decoder_by_matrix,a052b2ce6ed64a98931ebcd7492590a746d7ec6e385d9f4479eb5b69a31b01f0,"{""distance"":5,""physical_error_rate"":0.0001}","{""detection_events"":172555,""detectors_checked"":517713920}"
   3350528,         0,         0,   119.6,decoder_by_matrix,161b5fe948dcfe007f335a5c57bcb8ff38ff3ea8726714a4cc08f5b9386b17ca,"{""distance"":5,""physical_error_rate"":5e-06}","{""detection_events"":10250,""detectors_checked"":569589760}"
   3055616,         8,         0,   119.6,decoder_by_matrix,5b8a070a3cf8d31d64f24dbee89f3428cb9cab13fc59f7448d798f9bf08e9187,"{""distance"":5,""physical_error_rate"":0.001}","{""detection_events"":1736025,""detectors_checked"":519454720,""obs_mistake_mask=EE"":2,""obs_mistake_mask=E_"":6}"
   3076096,         7,         0,   119.6,decoder_by_matrix,5b8a070a3cf8d31d64f24dbee89f3428cb9cab13fc59f7448d798f9bf08e9187,"{""distance"":5,""physical_error_rate"":0.001}","{""detection_events"":1753275,""detectors_checked"":522936320,""obs_mistake_mask=EE"":1,""obs_mistake_mask=E_"":2,""obs_mistake_mask=_E"":4}"
   3188736,         0,         0,   119.6,decoder_by_matrix,cc9cd6551b3048ae216380ccb8ae5d3cca75b5b766fe651c47ef084ce4ce7dc6,"{""distance"":5,""physical_error_rate"":5e-05}","{""detection_events"":89060,""detectors_checked"":542085120}"
   3365888,         0,         0,   119.6,decoder_by_matrix,be0c214c078cdb5104153598b498575a1fc035ba16beb428536e5a87ee0a867f,"{""distance"":5,""physical_error_rate"":1e-06}","{""detection_events"":1900,""detectors_checked"":572200960}"
   2910208,         0,         0,   119.5,decoder_by_matrix,be0c214c078cdb5104153598b498575a1fc035ba16beb428536e5a87ee0a867f,"{""distance"":5,""physical_error_rate"":1e-06}","{""detection_events"":1915,""detectors_checked"":494735360}"
   3051520,         0,         0,   119.6,decoder_by_matrix,f0fc70a0432f83ff513e502442839d2eab02e2bed2f658d0464ff826d304e5e7,"{""distance"":5,""physical_error_rate"":0.0005}","{""detection_events"":861420,""detectors_checked"":518758400}"
   3041280,         0,         0,   119.6,decoder_by_matrix,a052b2ce6ed64a98931ebcd7492590a746d7ec6e385d9f4479eb5b69a31b01f0,"{""distance"":5,""physical_error_rate"":0.0001}","{""detection_events"":171770,""detectors_checked"":517017600}"
   3231744,         0,         0,   119.6,decoder_by_matrix,a052b2ce6ed64a98931ebcd7492590a746d7ec6e385d9f4479eb5b69a31b01f0,"{""distance"":5,""physical_error_rate"":0.0001}","{""detection_events"":186405,""detectors_checked"":549396480}"
   3133440,         0,         0,   119.6,decoder_by_matrix,be0c214c078cdb5104153598b498575a1fc035ba16beb428536e5a87ee0a867f,"{""distance"":5,""physical_error_rate"":1e-06}","{""detection_events"":2195,""detectors_checked"":532684800}"
   3068928,         0,         0,   119.6,decoder_by_matrix,cc9cd6551b3048ae216380ccb8ae5d3cca75b5b766fe651c47ef084ce4ce7dc6,"{""distance"":5,""physical_error_rate"":5e-05}","{""detection_events"":85670,""detectors_checked"":521717760}"
   3148800,         0,         0,   119.6,decoder_by_matrix,6866428194f3c2ecf80b799fe3d7eaa0d7bfdd0bee14693d15f8abf3c1159eda,"{""distance"":5,""physical_error_rate"":1e-05}","{""detection_events"":17045,""detectors_checked"":535296000}"
   2952192,         0,         0,   119.6,decoder_by_matrix,f0fc70a0432f83ff513e502442839d2eab02e2bed2f658d0464ff826d304e5e7,"{""distance"":5,""physical_error_rate"":0.0005}","{""detection_events"":835305,""detectors_checked"":501872640}"
    356352,         0,         0,   119.4,decoder_by_matrix,5b8a070a3cf8d31d64f24dbee89f3428cb9cab13fc59f7448d798f9bf08e9187,"{""distance"":5,""physical_error_rate"":0.001}","{""detection_events"":201080,""detectors_checked"":60579840}"
    301056,         0,         0,   119.6,decoder_by_matrix,be0c214c078cdb5104153598b498575a1fc035ba16beb428536e5a87ee0a867f,"{""distance"":5,""physical_error_rate"":1e-06}","{""detection_events"":215,""detectors_checked"":51179520}"
    308224,         0,         0,   119.6,decoder_by_matrix,5b8a070a3cf8d31d64f24dbee89f3428cb9cab13fc59f7448d798f9bf08e9187,"{""distance"":5,""physical_error_rate"":0.001}","{""detection_events"":173745,""detectors_checked"":52398080}"
    330752,         0,         0,   119.1,decoder_by_matrix,cc9cd6551b3048ae216380ccb8ae5d3cca75b5b766fe651c47ef084ce4ce7dc6,"{""distance"":5,""physical_error_rate"":5e-05}","{""detection_events"":8980,""detectors_checked"":56227840}"
    348160,         0,         0,   119.5,decoder_by_matrix,161b5fe948dcfe007f335a5c57bcb8ff38ff3ea8726714a4cc08f5b9386b17ca,"{""distance"":5,""physical_error_rate"":5e-06}","{""detection_events"":700,""detectors_checked"":59187200}"
    360448,         0,         0,   119.2,decoder_by_matrix,6866428194f3c2ecf80b799fe3d7eaa0d7bfdd0bee14693d15f8abf3c1159eda,"{""distance"":5,""physical_error_rate"":1e-05}","{""detection_events"":1565,""detectors_checked"":61276160}"
    380928,         0,         0,   120.2,decoder_by_matrix,f0fc70a0432f83ff513e502442839d2eab02e2bed2f658d0464ff826d304e5e7,"{""distance"":5,""physical_error_rate"":0.0005}","{""detection_events"":106560,""detectors_checked"":64757760}"
    294912,         0,         0,   119.6,decoder_by_matrix,5b8a070a3cf8d31d64f24dbee89f3428cb9cab13fc59f7448d798f9bf08e9187,"{""distance"":5,""physical_error_rate"":0.001}","{""detection_events"":168225,""detectors_checked"":50135040}"
    336896,         0,         0,   118.7,decoder_by_matrix,cc9cd6551b3048ae216380ccb8ae5d3cca75b5b766fe651c47ef084ce4ce7dc6,"{""distance"":5,""physical_error_rate"":5e-05}","{""detection_events"":10355,""detectors_checked"":57272320}"
    332800,         0,         0,   119.3,decoder_by_matrix,5b8a070a3cf8d31d64f24dbee89f3428cb9cab13fc59f7448d798f9bf08e9187,"{""distance"":5,""physical_error_rate"":0.001}","{""detection_events"":192560,""detectors_checked"":56576000}"
    303104,         0,         0,   119.6,decoder_by_matrix,a052b2ce6ed64a98931ebcd7492590a746d7ec6e385d9f4479eb5b69a31b01f0,"{""distance"":5,""physical_error_rate"":0.0001}","{""detection_events"":16315,""detectors_checked"":51527680}"
    355328,         0,         0,   119.9,decoder_by_matrix,a052b2ce6ed64a98931ebcd7492590a746d7ec6e385d9f4479eb5b69a31b01f0,"{""distance"":5,""physical_error_rate"":0.0001}","{""detection_events"":19410,""detectors_checked"":60405760}"
   3154944,         0,         0,   119.6,decoder_by_matrix,be0c214c078cdb5104153598b498575a1fc035ba16beb428536e5a87ee0a867f,"{""distance"":5,""physical_error_rate"":1e-06}","{""detection_events"":1510,""detectors_checked"":536340480}"
   3172352,         0,         0,   119.6,decoder_by_matrix,161b5fe948dcfe007f335a5c57bcb8ff38ff3ea8726714a4cc08f5b9386b17ca,"{""distance"":5,""physical_error_rate"":5e-06}","{""detection_events"":8900,""detectors_checked"":539299840}"
    310272,         0,         0,   119.4,decoder_by_matrix,cc9cd6551b3048ae216380ccb8ae5d3cca75b5b766fe651c47ef084ce4ce7dc6,"{""distance"":5,""physical_error_rate"":5e-05}","{""detection_events"":8585,""detectors_checked"":52746240}"
    320512,         0,         0,   119.6,decoder_by_matrix,a052b2ce6ed64a98931ebcd7492590a746d7ec6e385d9f4479eb5b69a31b01f0,"{""distance"":5,""physical_error_rate"":0.0001}","{""detection_events"":18680,""detectors_checked"":54487040}"
    293888,         0,         0,   119.9,decoder_by_matrix,f0fc70a0432f83ff513e502442839d2eab02e2bed2f658d0464ff826d304e5e7,"{""distance"":5,""physical_error_rate"":0.0005}","{""detection_events"":83650,""detectors_checked"":49960960}"
    336896,         0,         0,   119.0,decoder_by_matrix,6866428194f3c2ecf80b799fe3d7eaa0d7bfdd0bee14693d15f8abf3c1159eda,"{""distance"":5,""physical_error_rate"":1e-05}","{""detection_events"":2130,""detectors_checked"":57272320}"
   3321856,         0,         0,   119.6,decoder_by_matrix,be0c214c078cdb5104153598b498575a1fc035ba16beb428536e5a87ee0a867f,"{""distance"":5,""physical_error_rate"":1e-06}","{""detection_events"":1835,""detectors_checked"":564715520}"
   3305472,         0,         0,   119.6,decoder_by_matrix,161b5fe948dcfe007f335a5c57bcb8ff38ff3ea8726714a4cc08f5b9386b17ca,"{""distance"":5,""physical_error_rate"":5e-06}","{""detection_events"":9235,""detectors_checked"":561930240}"
    345088,         0,         0,   119.6,decoder_by_matrix,cc9cd6551b3048ae216380ccb8ae5d3cca75b5b766fe651c47ef084ce4ce7dc6,"{""distance"":5,""physical_error_rate"":5e-05}","{""detection_events"":9710,""detectors_checked"":58664960}"
    308224,         0,         0,   120.1,decoder_by_matrix,6866428194f3c2ecf80b799fe3d7eaa0d7bfdd0bee14693d15f8abf3c1159eda,"{""distance"":5,""physical_error_rate"":1e-05}","{""detection_events"":1685,""detectors_checked"":52398080}"
    274944,         0,         0,   119.5,decoder_by_matrix,a052b2ce6ed64a98931ebcd7492590a746d7ec6e385d9f4479eb5b69a31b01f0,"{""distance"":5,""physical_error_rate"":0.0001}","{""detection_events"":15570,""detectors_checked"":46740480}"
    286720,         0,         0,   119.5,decoder_by_matrix,f0fc70a0432f83ff513e502442839d2eab02e2bed2f658d0464ff826d304e5e7,"{""distance"":5,""physical_error_rate"":0.0005}","{""detection_events"":81855,""detectors_checked"":48742400}"
    328704,         0,         0,   119.7,decoder_by_matrix,6866428194f3c2ecf80b799fe3d7eaa0d7bfdd0bee14693d15f8abf3c1159eda,"{""distance"":5,""physical_error_rate"":1e-05}","{""detection_events"":2530,""detectors_checked"":55879680}"
    309248,         0,         0,   119.7,decoder_by_matrix,161b5fe948dcfe007f335a5c57bcb8ff38ff3ea8726714a4cc08f5b9386b17ca,"{""distance"":5,""physical_error_rate"":5e-06}","{""detection_events"":860,""detectors_checked"":52572160}"
    278528,         0,         0,   119.5,decoder_by_matrix,f0fc70a0432f83ff513e502442839d2eab02e2bed2f658d0464ff826d304e5e7,"{""distance"":5,""physical_error_rate"":0.0005}","{""detection_events"":76025,""detectors_checked"":47349760}"
    347648,         0,         0,   119.6,decoder_by_matrix,be0c214c078cdb5104153598b498575a1fc035ba16beb428536e5a87ee0a867f,"{""distance"":5,""physical_error_rate"":1e-06}","{""detection_events"":225,""detectors_checked"":59100160}"
   3173376,         0,         0,   119.6,decoder_by_matrix,161b5fe948dcfe007f335a5c57bcb8ff38ff3ea8726714a4cc08f5b9386b17ca,"{""distance"":5,""physical_error_rate"":5e-06}","{""detection_events"":9290,""detectors_checked"":539473920}"
   3176448,         0,         0,   119.6,decoder_by_matrix,6866428194f3c2ecf80b799fe3d7eaa0d7bfdd0bee14693d15f8abf3c1159eda,"{""distance"":5,""physical_error_rate"":1e-05}","{""detection_events"":18715,""detectors_checked"":539996160}"
   3159040,         0,         0,   119.6,decoder_by_matrix,161b5fe948dcfe007f335a5c57bcb8ff38ff3ea8726714a4cc08f5b9386b17ca,"{""distance"":5,""physical_error_rate"":5e-06}","{""detection_events"":8745,""detectors_checked"":537036800}"
   3168256,         0,         0,   119.6,decoder_by_matrix,6866428194f3c2ecf80b799fe3d7eaa0d7bfdd0bee14693d15f8abf3c1159eda,"{""distance"":5,""physical_error_rate"":1e-05}","{""detection_events"":19045,""detectors_checked"":538603520}"
   3129344,         0,         0,   119.6,decoder_by_matrix,cc9cd6551b3048ae216380ccb8ae5d3cca75b5b766fe651c47ef084ce4ce7dc6,"{""distance"":5,""physical_error_rate"":5e-05}","{""detection_events"":86120,""detectors_checked"":531988480}"
   3032064,         0,         0,   119.6,decoder_by_matrix,f0fc70a0432f83ff513e502442839d2eab02e2bed2f658d0464ff826d304e5e7,"{""distance"":5,""physical_error_rate"":0.0005}","{""detection_events"":856155,""detectors_checked"":515450880}"
   3075072,         0,         0,   119.6,decoder_by_matrix,a052b2ce6ed64a98931ebcd7492590a746d7ec6e385d9f4479eb5b69a31b01f0,"{""distance"":5,""physical_error_rate"":0.0001}","{""detection_events"":170485,""detectors_checked"":522762240}"
   3348480,         0,         0,   119.6,decoder_by_matrix,161b5fe948dcfe007f335a5c57bcb8ff38ff3ea8726714a4cc08f5b9386b17ca,"{""distance"":5,""physical_error_rate"":5e-06}","{""detection_events"":9950,""detectors_checked"":569241600}"
   3051520,         5,         0,   119.6,decoder_by_matrix,5b8a070a3cf8d31d64f24dbee89f3428cb9cab13fc59f7448d798f9bf08e9187,"{""distance"":5,""physical_error_rate"":0.001}","{""detection_events"":1720840,""detectors_checked"":518758400,""obs_mistake_mask=EE"":3,""obs_mistake_mask=E_"":2}"
   3062784,         5,         0,   119.6,decoder_by_matrix,5b8a070a3cf8d31d64f24dbee89f3428cb9cab13fc59f7448d798f9bf08e9187,"{""distance"":5,""physical_error_rate"":0.001}","{""detection_events"":1726820,""detectors_checked"":520673280,""obs_mistake_mask=E_"":2,""obs_mistake_mask=_E"":3}"
   3267584,         0,         0,   119.6,decoder_by_matrix,cc9cd6551b3048ae216380ccb8ae5d3cca75b5b766fe651c47ef084ce4ce7dc6,"{""distance"":5,""physical_error_rate"":5e-05}","{""detection_events"":92610,""detectors_checked"":555489280}"
   3394560,         0,         0,   119.6,decoder_by_matrix,be0c214c078cdb5104153598b498575a1fc035ba16beb428536e5a87ee0a867f,"{""distance"":5,""physical_error_rate"":1e-06}","{""detection_events"":1955,""detectors_checked"":577075200}"
   2939904,         0,         0,   119.6,decoder_by_matrix,be0c214c078cdb5104153598b498575a1fc035ba16beb428536e5a87ee0a867f,"{""distance"":5,""physical_error_rate"":1e-06}","{""detection_events"":1480,""detectors_checked"":499783680}"
   3097600,         0,         0,   119.6,decoder_by_matrix,f0fc70a0432f83ff513e502442839d2eab02e2bed2f658d0464ff826d304e5e7,"{""distance"":5,""physical_error_rate"":0.0005}","{""detection_events"":879465,""detectors_checked"":526592000}"
   3092480,         0,         0,   119.6,decoder_by_matrix,a052b2ce6ed64a98931ebcd7492590a746d7ec6e385d9f4479eb5b69a31b01f0,"{""distance"":5,""physical_error_rate"":0.0001}","{""detection_events"":174500,""detectors_checked"":525721600}"
   3231744,         0,         0,   119.6,decoder_by_matrix,a052b2ce6ed64a98931ebcd7492590a746d7ec6e385d9f4479eb5b69a31b01f0,"{""distance"":5,""physical_error_rate"":0.0001}","{""detection_events"":182150,""detectors_checked"":549396480}"
   3136512,         0,         0,   119.6,decoder_by_matrix,be0c214c078cdb5104153598b498575a1fc035ba16beb428536e5a87ee0a867f,"{""distance"":5,""physical_error_rate"":1e-06}","{""detection_events"":1785,""detectors_checked"":533207040}"
   3081216,         0,         0,   119.7,decoder_by_matrix,cc9cd6551b3048ae216380ccb8ae5d3cca75b5b766fe651c47ef084ce4ce7dc6,"{""distance"":5,""physical_error_rate"":5e-05}","{""detection_events"":88330,""detectors_checked"":523806720}"
   3164160,         0,         0,   119.6,decoder_by_matrix,6866428194f3c2ecf80b799fe3d7eaa0d7bfdd0bee14693d15f8abf3c1159eda,"{""distance"":5,""physical_error_rate"":1e-05}","{""detection_events"":17540,""detectors_checked"":537907200}"
   3050496,         0,         0,   119.6,decoder_by_matrix,f0fc70a0432f83ff513e502442839d2eab02e2bed2f658d0464ff826d304e5e7,"{""distance"":5,""physical_error_rate"":0.0005}","{""detection_events"":871945,""detectors_checked"":518584320}"
    344064,         0,         0,   119.5,decoder_by_matrix,5b8a070a3cf8d31d64f24dbee89f3428cb9cab13fc59f7448d798f9bf08e9187,"{""distance"":5,""physical_error_rate"":0.001}","{""detection_events"":195980,""detectors_checked"":58490880}"
    290816,         0,         0,   119.8,decoder_by_matrix,be0c214c078cdb5104153598b498575a1fc035ba16beb428536e5a87ee0a867f,"{""distance"":5,""physical_error_rate"":1e-06}","{""detection_events"":190,""detectors_checked"":49438720}"
    301056,         0,         0,   119.4,decoder_by_matrix,5b8a070a3cf8d31d64f24dbee89f3428cb9cab13fc59f7448d798f9bf08e9187,"{""distance"":5,""physical_error_rate"":0.001}","{""detection_events"":173260,""detectors_checked"":51179520}"
    378880,         0,         0,   119.4,decoder_by_matrix,cc9cd6551b3048ae216380ccb8ae5d3cca75b5b766fe651c47ef084ce4ce7dc6,"{""distance"":5,""physical_error_rate"":5e-05}","{""detection_events"":10675,""detectors_checked"":64409600}"
    362496,         0,         0,   119.6,decoder_by_matrix,161b5fe948dcfe007f335a5c57bcb8ff38ff3ea8726714a4cc08f5b9386b17ca,"{""distance"":5,""physical_error_rate"":5e-06}","{""detection_events"":1330,""detectors_checked"":61624320}"
    376832,         0,         0,   119.0,decoder_by_matrix,6866428194f3c2ecf80b799fe3d7eaa0d7bfdd0bee14693d15f8abf3c1159eda,"{""distance"":5,""physical_error_rate"":1e-05}","{""detection_events"":1955,""detectors_checked"":64061440}"
    313344,         0,         0,   120.3,decoder_by_matrix,f0fc70a0432f83ff513e502442839d2eab02e2bed2f658d0464ff826d304e5e7,"{""distance"":5,""physical_error_rate"":0.0005}","{""detection_events"":89895,""detectors_checked"":53268480}"
    338944,         1,         0,   120.1,decoder_by_matrix,5b8a070a3cf8d31d64f24dbee89f3428cb9cab13fc59f7448d798f9bf08e9187,"{""distance"":5,""physical_error_rate"":0.001}","{""detection_events"":191420,""detectors_checked"":57620480,""obs_mistake_mask=EE"":1}"
    343040,         0,         0,   119.5,decoder_by_matrix,cc9cd6551b3048ae216380ccb8ae5d3cca75b5b766fe651c47ef084ce4ce7dc6,"{""distance"":5,""physical_error_rate"":5e-05}","{""detection_events"":9865,""detectors_checked"":58316800}"
    329728,         0,         0,   119.9,decoder_by_matrix,5b8a070a3cf8d31d64f24dbee89f3428cb9cab13fc59f7448d798f9bf08e9187,"{""distance"":5,""physical_error_rate"":0.001}","{""detection_events"":189315,""detectors_checked"":56053760}"
    357376,         0,         0,   119.5,decoder_by_matrix,a052b2ce6ed64a98931ebcd7492590a746d7ec6e385d9f4479eb5b69a31b01f0,"{""distance"":5,""physical_error_rate"":0.0001}","{""detection_events"":19890,""detectors_checked"":60753920}"
    282112,         0,         0,   120.1,decoder_by_matrix,a052b2ce6ed64a98931ebcd7492590a746d7ec6e385d9f4479eb5b69a31b01f0,"{""distance"":5,""physical_error_rate"":0.0001}","{""detection_events"":15860,""detectors_checked"":47959040}"
   3194880,         0,         0,   119.6,decoder_by_matrix,be0c214c078cdb5104153598b498575a1fc035ba16beb428536e5a87ee0a867f,"{""distance"":5,""physical_error_rate"":1e-06}","{""detection_events"":1975,""detectors_checked"":543129600}"
   3182592,         0,         0,   119.6,decoder_by_matrix,161b5fe948dcfe007f335a5c57bcb8ff38ff3ea8726714a4cc08f5b9386b17ca,"{""distance"":5,""physical_error_rate"":5e-06}","{""detection_events"":8730,""detectors_checked"":541040640}"
    333824,         0,         0,   119.6,decoder_by_matrix,cc9cd6551b3048ae216380ccb8ae5d3cca75b5b766fe651c47ef084ce4ce7dc6,"{""distance"":5,""physical_error_rate"":5e-05}","{""detection_events"":9660,""detectors_checked"":56750080}"
    332800,         0,         0,   118.7,decoder_by_matrix,a052b2ce6ed64a98931ebcd7492590a746d7ec6e385d9f4479eb5b69a31b01f0,"{""distance"":5,""physical_error_rate"":0.0001}","{""detection_events"":18995,""detectors_checked"":56576000}"
    317440,         0,         0,   119.6,decoder_by_matrix,f0fc70a0432f83ff513e502442839d2eab02e2bed2f658d0464ff826d304e5e7,"{""distance"":5,""physical_error_rate"":0.0005}","{""detection_events"":90400,""detectors_checked"":53964800}"
    367616,         0,         0,   119.2,decoder_by_matrix,6866428194f3c2ecf80b799fe3d7eaa0d7bfdd0bee14693d15f8abf3c1159eda,"{""distance"":5,""physical_error_rate"":1e-05}","{""detection_events"":2220,""detectors_checked"":62494720}"
   3359744,         0,         0,   119.6,decoder_by_matrix,be0c214c078cdb5104153598b498575a1fc035ba16beb428536e5a87ee0a867f,"{""distance"":5,""physical_error_rate"":1e-06}","{""detection_events"":1850,""detectors_checked"":571156480}"
   3317760,         0,         0,   119.6,decoder_by_matrix,161b5fe948dcfe007f335a5c57bcb8ff38ff3ea8726714a4cc08f5b9386b17ca,"{""distance"":5,""physical_error_rate"":5e-06}","{""detection_events"":9160,""detectors_checked"":564019200}"
    365568,         0,         0,   118.9,decoder_by_matrix,cc9cd6551b3048ae216380ccb8ae5d3cca75b5b766fe651c47ef084ce4ce7dc6,"{""distance"":5,""physical_error_rate"":5e-05}","{""detection_events"":10455,""detectors_checked"":62146560}"
    347136,         0,         0,   119.3,decoder_by_matrix,a052b2ce6ed64a98931ebcd7492590a746d7ec6e385d9f4479eb5b69a31b01f0,"{""distance"":5,""physical_error_rate"":0.0001}","{""detection_events"":20355,""detectors_checked"":59013120}"
    234496,         0,         0,   119.4,decoder_by_matrix,6866428194f3c2ecf80b799fe3d7eaa0d7bfdd0bee14693d15f8abf3c1159eda,"{""distance"":5,""physical_error_rate"":1e-05}","{""detection_events"":1450,""detectors_checked"":39864320}"
    324608,         0,         0,   119.2,decoder_by_matrix,f0fc70a0432f83ff513e502442839d2eab02e2bed2f658d0464ff826d304e5e7,"{""distance"":5,""physical_error_rate"":0.0005}","{""detection_events"":90805,""detectors_checked"":55183360}"
    337920,         0,         0,   119.0,decoder_by_matrix,6866428194f3c2ecf80b799fe3d7eaa0d7bfdd0bee14693d15f8abf3c1159eda,"{""distance"":5,""physical_error_rate"":1e-05}","{""detection_events"":2265,""detectors_checked"":57446400}"
    402432,         0,         0,   119.5,decoder_by_matrix,161b5fe948dcfe007f335a5c57bcb8ff38ff3ea8726714a4cc08f5b9386b17ca,"{""distance"":5,""physical_error_rate"":5e-06}","{""detection_events"":1160,""detectors_checked"":68413440}"
    299008,         1,         0,   120.1,decoder_by_matrix,f0fc70a0432f83ff513e502442839d2eab02e2bed2f658d0464ff826d304e5e7,"{""distance"":5,""physical_error_rate"":0.0005}","{""detection_events"":86380,""detectors_checked"":50831360,""obs_mistake_mask=E_"":1}"
    367616,         0,         0,   120.3,decoder_by_matrix,be0c214c078cdb5104153598b498575a1fc035ba16beb428536e5a87ee0a867f,"{""distance"":5,""physical_error_rate"":1e-06}","{""detection_events"":260,""detectors_checked"":62494720}"
   3068928,         0,         0,   119.5,decoder_by_matrix,6866428194f3c2ecf80b799fe3d7eaa0d7bfdd0bee14693d15f8abf3c1159eda,"{""distance"":5,""physical_error_rate"":1e-05}","{""detection_events"":16255,""detectors_checked"":521717760}"
   3140608,         0,         0,   119.6,decoder_by_matrix,161b5fe948dcfe007f335a5c57bcb8ff38ff3ea8726714a4cc08f5b9386b17ca,"{""distance"":5,""physical_error_rate"":5e-06}","{""detection_events"":9230,""detectors_checked"":533903360}"
   3100672,         0,         0,   119.6,decoder_by_matrix,161b5fe948dcfe007f335a5c57bcb8ff38ff3ea8726714a4cc08f5b9386b17ca,"{""distance"":5,""physical_error_rate"":5e-06}","{""detection_events"":8050,""detectors_checked"":527114240}"
   3089408,         0,         0,   119.6,decoder_by_matrix,6866428194f3c2ecf80b799fe3d7eaa0d7bfdd0bee14693d15f8abf3c1159eda,"{""distance"":5,""physical_error_rate"":1e-05}","{""detection_events"":18705,""detectors_checked"":525199360}"
   3041280,         0,         0,   119.6,decoder_by_matrix,cc9cd6551b3048ae216380ccb8ae5d3cca75b5b766fe651c47ef084ce4ce7dc6,"{""distance"":5,""physical_error_rate"":5e-05}","{""detection_events"":85450,""detectors_checked"":517017600}"
   2940928,         0,         0,   119.6,decoder_by_matrix,f0fc70a0432f83ff513e502442839d2eab02e2bed2f658d0464ff826d304e5e7,"{""distance"":5,""physical_error_rate"":0.0005}","{""detection_events"":837690,""detectors_checked"":499957760}"
   2987008,         0,         0,   119.6,decoder_by_matrix,a052b2ce6ed64a98931ebcd7492590a746d7ec6e385d9f4479eb5b69a31b01f0,"{""distance"":5,""physical_error_rate"":0.0001}","{""detection_events"":170595,""detectors_checked"":507791360}"
   3228672,         0,         0,   119.6,decoder_by_matrix,161b5fe948dcfe007f335a5c57bcb8ff38ff3ea8726714a4cc08f5b9386b17ca,"{""distance"":5,""physical_error_rate"":5e-06}","{""detection_events"":9805,""detectors_checked"":548874240}"
   2949120,         5,         0,   119.6,decoder_by_matrix,5b8a070a3cf8d31d64f24dbee89f3428cb9cab13fc59f7448d798f9bf08e9187,"{""distance"":5,""physical_error_rate"":0.001}","{""detection_events"":1675600,""detectors_checked"":501350400,""obs_mistake_mask=EE"":2,""obs_mistake_mask=E_"":2,""obs_mistake_mask=_E"":1}"
   3031040,         3,         0,   119.6,decoder_by_matrix,5b8a070a3cf8d31d64f24dbee89f3428cb9cab13fc59f7448d798f9bf08e9187,"{""distance"":5,""physical_error_rate"":0.001}","{""detection_events"":1716420,""detectors_checked"":515276800,""obs_mistake_mask=EE"":1,""obs_mistake_mask=E_"":1,""obs_mistake_mask=_E"":1}"
   3090432,         0,         0,   119.6,decoder_by_matrix,cc9cd6551b3048ae216380ccb8ae5d3cca75b5b766fe651c47ef084ce4ce7dc6,"{""distance"":5,""physical_error_rate"":5e-05}","{""detection_events"":83040,""detectors_checked"":525373440}"
   3338240,         0,         0,   119.5,decoder_by_matrix,be0c214c078cdb5104153598b498575a1fc035ba16beb428536e5a87ee0a867f,"{""distance"":5,""physical_error_rate"":1e-06}","{""detection_events"":1585,""detectors_checked"":567500800}"
   2958336,         0,         0,   119.6,decoder_by_matrix,be0c214c078cdb5104153598b498575a1fc035ba16beb428536e5a87ee0a867f,"{""distance"":5,""physical_error_rate"":1e-06}","{""detection_events"":1605,""detectors_checked"":502917120}"
   2969600,         1,         0,   119.5,decoder_by_matrix,f0fc70a0432f83ff513e502442839d2eab02e2bed2f658d0464ff826d304e5e7,"{""distance"":5,""physical_error_rate"":0.0005}","{""detection_events"":839080,""detectors_checked"":504832000,""obs_mistake_mask=_E"":1}"
   3036160,         0,         0,   119.6,decoder_by_matrix,a052b2ce6ed64a98931ebcd7492590a746d7ec6e385d9f4479eb5b69a31b01f0,"{""distance"":5,""physical_error_rate"":0.0001}","{""detection_events"":173070,""detectors_checked"":516147200}"
   3160064,         0,         0,   119.5,decoder_by_matrix,a052b2ce6ed64a98931ebcd7492590a746d7ec6e385d9f4479eb5b69a31b01f0,"{""distance"":5,""physical_error_rate"":0.0001}","{""detection_events"":180765,""detectors_checked"":537210880}"
   2997248,         0,         0,   119.6,decoder_by_matrix,be0c214c078cdb5104153598b498575a1fc035ba16beb428536e5a87ee0a867f,"{""distance"":5,""physical_error_rate"":1e-06}","{""detection_events"":1555,""detectors_checked"":509532160}"
   3027968,         0,         0,   119.6,decoder_by_matrix,cc9cd6551b3048ae216380ccb8ae5d3cca75b5b766fe651c47ef084ce4ce7dc6,"{""distance"":5,""physical_error_rate"":5e-05}","{""detection_events"":86225,""detectors_checked"":514754560}"
   3116032,         0,         0,   119.6,decoder_by_matrix,6866428194f3c2ecf80b799fe3d7eaa0d7bfdd0bee14693d15f8abf3c1159eda,"{""distance"":5,""physical_error_rate"":1e-05}","{""detection_events"":19020,""detectors_checked"":529725440}"
   2951168,         2,         0,   119.6,decoder_by_matrix,f0fc70a0432f83ff513e502442839d2eab02e2bed2f658d0464ff826d304e5e7,"{""distance"":5,""physical_error_rate"":0.0005}","{""detection_events"":844440,""detectors_checked"":501698560,""obs_mistake_mask=EE"":1,""obs_mistake_mask=_E"":1}"
    376832,         1,         0,   119.3,decoder_by_matrix,5b8a070a3cf8d31d64f24dbee89f3428cb9cab13fc59f7448d798f9bf08e9187,"{""distance"":5,""physical_error_rate"":0.001}","{""detection_events"":212925,""detectors_checked"":64061440,""obs_mistake_mask=E_"":1}"
    359424,         0,         0,   119.1,decoder_by_matrix,be0c214c078cdb5104153598b498575a1fc035ba16beb428536e5a87ee0a867f,"{""distance"":5,""physical_error_rate"":1e-06}","{""detection_events"":110,""detectors_checked"":61102080}"
    353280,         0,         0,   119.1,decoder_by_matrix,5b8a070a3cf8d31d64f24dbee89f3428cb9cab13fc59f7448d798f9bf08e9187,"{""distance"":5,""physical_error_rate"":0.001}","{""detection_events"":204075,""detectors_checked"":60057600}"
    276480,         0,         0,   119.6,decoder_by_matrix,cc9cd6551b3048ae216380ccb8ae5d3cca75b5b766fe651c47ef084ce4ce7dc6,"{""distance"":5,""physical_error_rate"":5e-05}","{""detection_events"":7945,""detectors_checked"":47001600}"
    364544,         0,         0,   119.7,decoder_by_matrix,161b5fe948dcfe007f335a5c57bcb8ff38ff3ea8726714a4cc08f5b9386b17ca,"{""distance"":5,""physical_error_rate"":5e-06}","{""detection_events"":1060,""detectors_checked"":61972480}"
    339968,         0,         0,   118.7,decoder_by_matrix,6866428194f3c2ecf80b799fe3d7eaa0d7bfdd0bee14693d15f8abf3c1159eda,"{""distance"":5,""physical_error_rate"":1e-05}","{""detection_events"":2150,""detectors_checked"":57794560}"
    273408,         0,         0,   119.9,decoder_by_matrix,f0fc70a0432f83ff513e502442839d2eab02e2bed2f658d0464ff826d304e5e7,"{""distance"":5,""physical_error_rate"":0.0005}","{""detection_events"":78520,""detectors_checked"":46479360}"
    324608,         0,         0,   119.4,decoder_by_matrix,5b8a070a3cf8d31d64f24dbee89f3428cb9cab13fc59f7448d798f9bf08e9187,"{""distance"":5,""physical_error_rate"":0.001}","{""detection_events"":182535,""detectors_checked"":55183360}"
    339968,         0,         0,   119.7,decoder_by_matrix,cc9cd6551b3048ae216380ccb8ae5d3cca75b5b766fe651c47ef084ce4ce7dc6,"{""distance"":5,""physical_error_rate"":5e-05}","{""detection_events"":9045,""detectors_checked"":57794560}"
    337920,         0,         0,   119.5,decoder_by_matrix,5b8a070a3cf8d31d64f24dbee89f3428cb9cab13fc59f7448d798f9bf08e9187,"{""distance"":5,""physical_error_rate"":0.001}","{""detection_events"":193440,""detectors_checked"":57446400}"
    268288,         0,         0,   119.7,decoder_by_matrix,a052b2ce6ed64a98931ebcd7492590a746d7ec6e385d9f4479eb5b69a31b01f0,"{""distance"":5,""physical_error_rate"":0.0001}","{""detection_events"":15380,""detectors_checked"":45608960}"
    408576,         0,         0,   119.8,decoder_by_matrix,a052b2ce6ed64a98931ebcd7492590a746d7ec6e385d9f4479eb5b69a31b01f0,"{""distance"":5,""physical_error_rate"":0.0001}","{""detection_events"":23520,""detectors_checked"":69457920}"
   3159040,         0,         0,   119.6,decoder_by_matrix,be0c214c078cdb5104153598b498575a1fc035ba16beb428536e5a87ee0a867f,"{""distance"":5,""physical_error_rate"":1e-06}","{""detection_events"":1960,""detectors_checked"":537036800}"
   3139584,         0,         0,   119.6,decoder_by_matrix,161b5fe948dcfe007f335a5c57bcb8ff38ff3ea8726714a4cc08f5b9386b17ca,"{""distance"":5,""physical_error_rate"":5e-06}","{""detection_events"":9260,""detectors_checked"":533729280}"
    338944,         0,         0,   118.2,decoder_by_matrix,cc9cd6551b3048ae216380ccb8ae5d3cca75b5b766fe651c47ef084ce4ce7dc6,"{""distance"":5,""physical_error_rate"":5e-05}","{""detection_events"":9255,""detectors_checked"":57620480}"
    312320,         0,         0,   119.6,decoder_by_matrix,a052b2ce6ed64a98931ebcd7492590a746d7ec6e385d9f4479eb5b69a31b01f0,"{""distance"":5,""physical_error_rate"":0.0001}","{""detection_events"":17870,""detectors_checked"":53094400}"
    324608,         0,         0,   119.9,decoder_by_matrix,f0fc70a0432f83ff513e502442839d2eab02e2bed2f658d0464ff826d304e5e7,"{""distance"":5,""physical_error_rate"":0.0005}","{""detection_events"":92550,""detectors_checked"":55183360}"
    377856,         0,         0,   120.0,decoder_by_matrix,6866428194f3c2ecf80b799fe3d7eaa0d7bfdd0bee14693d15f8abf3c1159eda,"{""distance"":5,""physical_error_rate"":1e-05}","{""detection_events"":1800,""detectors_checked"":64235520}"
   3296256,         0,         0,   119.6,decoder_by_matrix,be0c214c078cdb5104153598b498575a1fc035ba16beb428536e5a87ee0a867f,"{""distance"":5,""physical_error_rate"":1e-06}","{""detection_events"":1595,""detectors_checked"":560363520}"
   3259392,         0,         0,   119.6,decoder_by_matrix,161b5fe948dcfe007f335a5c57bcb8ff38ff3ea8726714a4cc08f5b9386b17ca,"{""distance"":5,""physical_error_rate"":5e-06}","{""detection_events"":10050,""detectors_checked"":554096640}"
    341504,         0,         0,   119.5,decoder_by_matrix,cc9cd6551b3048ae216380ccb8ae5d3cca75b5b766fe651c47ef084ce4ce7dc6,"{""distance"":5,""physical_error_rate"":5e-05}","{""detection_events"":10775,""detectors_checked"":58055680}"
    351744,         0,         0,   119.6,decoder_by_matrix,f0fc70a0432f83ff513e502442839d2eab02e2bed2f658d0464ff826d304e5e7,"{""distance"":5,""physical_error_rate"":0.0005}","{""detection_events"":102930,""detectors_checked"":59796480}"
    306176,         0,         0,   119.8,decoder_by_matrix,6866428194f3c2ecf80b799fe3d7eaa0d7bfdd0bee14693d15f8abf3c1159eda,"{""distance"":5,""physical_error_rate"":1e-05}","{""detection_events"":2215,""detectors_checked"":52049920}"
    395776,         0,         0,   119.9,decoder_by_matrix,a052b2ce6ed64a98931ebcd7492590a746d7ec6e385d9f4479eb5b69a31b01f0,"{""distance"":5,""physical_error_rate"":0.0001}","{""detection_events"":23335,""detectors_checked"":67281920}"
    334848,         0,         0,   119.1,decoder_by_matrix,6866428194f3c2ecf80b799fe3d7eaa0d7bfdd0bee14693d15f8abf3c1159eda,"{""distance"":5,""physical_error_rate"":1e-05}","{""detection_events"":2100,""detectors_checked"":56924160}"
    233472,         0,         0,   120.3,decoder_by_matrix,161b5fe948dcfe007f335a5c57bcb8ff38ff3ea8726714a4cc08f5b9386b17ca,"{""distance"":5,""physical_error_rate"":5e-06}","{""detection_events"":555,""detectors_checked"":39690240}"
    276480,         0,         0,   119.3,decoder_by_matrix,f0fc70a0432f83ff513e502442839d2eab02e2bed2f658d0464ff826d304e5e7,"{""distance"":5,""physical_error_rate"":0.0005}","{""detection_events"":78620,""detectors_checked"":47001600}"
    301568,         0,         0,   120.0,decoder_by_matrix,be0c214c078cdb5104153598b498575a1fc035ba16beb428536e5a87ee0a867f,"{""distance"":5,""physical_error_rate"":1e-06}","{""detection_events"":235,""detectors_checked"":51266560}"
   3107840,         0,         0,   119.6,decoder_by_matrix,6866428194f3c2ecf80b799fe3d7eaa0d7bfdd0bee14693d15f8abf3c1159eda,"{""distance"":5,""physical_error_rate"":1e-05}","{""detection_events"":17620,""detectors_checked"":528332800}"
   3175424,         0,         0,   119.6,decoder_by_matrix,161b5fe948dcfe007f335a5c57bcb8ff38ff3ea8726714a4cc08f5b9386b17ca,"{""distance"":5,""physical_error_rate"":5e-06}","{""detection_events"":8410,""detectors_checked"":539822080}"
   3186688,         0,         0,   119.6,decoder_by_matrix,6866428194f3c2ecf80b799fe3d7eaa0d7bfdd0bee14693d15f8abf3c1159eda,"{""distance"":5,""physical_error_rate"":1e-05}","{""detection_events"":18505,""detectors_checked"":541736960}"
   3151872,         0,         0,   119.6,decoder_by_matrix,161b5fe948dcfe007f335a5c57bcb8ff38ff3ea8726714a4cc08f5b9386b17ca,"{""distance"":5,""physical_error_rate"":5e-06}","{""detection_events"":8285,""detectors_checked"":535818240}"
   3109888,         0,         0,   119.6,decoder_by_matrix,cc9cd6551b3048ae216380ccb8ae5d3cca75b5b766fe651c47ef084ce4ce7dc6,"{""distance"":5,""physical_error_rate"":5e-05}","{""detection_events"":88660,""detectors_checked"":528680960}"
   3060736,         2,         0,   119.6,decoder_by_matrix,f0fc70a0432f83ff513e502442839d2eab02e2bed2f658d0464ff826d304e5e7,"{""distance"":5,""physical_error_rate"":0.0005}","{""detection_events"":872930,""detectors_checked"":520325120,""obs_mistake_mask=E_"":1,""obs_mistake_mask=_E"":1}"
   3068928,         0,         0,   119.6,decoder_by_matrix,a052b2ce6ed64a98931ebcd7492590a746d7ec6e385d9f4479eb5b69a31b01f0,"{""distance"":5,""physical_error_rate"":0.0001}","{""detection_events"":180300,""detectors_checked"":521717760}"
   3333120,         0,         0,   119.6,decoder_by_matrix,161b5fe948dcfe007f335a5c57bcb8ff38ff3ea8726714a4cc08f5b9386b17ca,"{""distance"":5,""physical_error_rate"":5e-06}","{""detection_events"":9695,""detectors_checked"":566630400}"
   3040256,         4,         0,   119.6,decoder_by_matrix,5b8a070a3cf8d31d64f24dbee89f3428cb9cab13fc59f7448d798f9bf08e9187,"{""distance"":5,""physical_error_rate"":0.001}","{""detection_events"":1732680,""detectors_checked"":516843520,""obs_mistake_mask=EE"":2,""obs_mistake_mask=E_"":1,""obs_mistake_mask=_E"":1}"
   3048448,         9,         0,   119.6,decoder_by_matrix,5b8a070a3cf8d31d64f24dbee89f3428cb9cab13fc59f7448d798f9bf08e9187,"{""distance"":5,""physical_error_rate"":0.001}","{""detection_events"":1729000,""detectors_checked"":518236160,""obs_mistake_mask=EE"":2,""obs_mistake_mask=E_"":5,""obs_mistake_mask=_E"":2}"
   3258368,         0,         0,   119.6,decoder_by_matrix,cc9cd6551b3048ae216380ccb8ae5d3cca75b5b766fe651c47ef084ce4ce7dc6,"{""distance"":5,""physical_error_rate"":5e-05}","{""detection_events"":92455,""detectors_checked"":553922560}"
   3388416,         0,         0,   119.6,decoder_by_matrix,be0c214c078cdb5104153598b498575a1fc035ba16beb428536e5a87ee0a867f,"{""distance"":5,""physical_error_rate"":1e-06}","{""detection_events"":2135,""detectors_checked"":576030720}"
   2960384,         0,         0,   119.6,decoder_by_matrix,be0c214c078cdb5104153598b498575a1fc035ba16beb428536e5a87ee0a867f,"{""distance"":5,""physical_error_rate"":1e-06}","{""detection_events"":1825,""detectors_checked"":503265280}"
   3041280,         0,         0,   119.6,decoder_by_matrix,f0fc70a0432f83ff513e502442839d2eab02e2bed2f658d0464ff826d304e5e7,"{""distance"":5,""physical_error_rate"":0.0005}","{""detection_events"":865920,""detectors_checked"":517017600}"
   3216384,         0,         0,   119.5,decoder_by_matrix,a052b2ce6ed64a98931ebcd7492590a746d7ec6e385d9f4479eb5b69a31b01f0,"{""distance"":5,""physical_error_rate"":0.0001}","{""detection_events"":185835,""detectors_checked"":546785280}"
   3101696,         0,         0,   119.6,decoder_by_matrix,a052b2ce6ed64a98931ebcd7492590a746d7ec6e385d9f4479eb5b69a31b01f0,"{""distance"":5,""physical_error_rate"":0.0001}","{""detection_events"":177330,""detectors_checked"":527288320}"
   3142656,         0,         0,   119.5,decoder_by_matrix,be0c214c078cdb5104153598b498575a1fc035ba16beb428536e5a87ee0a867f,"{""distance"":5,""physical_error_rate"":1e-06}","{""detection_events"":1545,""detectors_checked"":534251520}"
   3117056,         0,         0,   119.6,decoder_by_matrix,cc9cd6551b3048ae216380ccb8ae5d3cca75b5b766fe651c47ef084ce4ce7dc6,"{""distance"":5,""physical_error_rate"":5e-05}","{""detection_events"":87470,""detectors_checked"":529899520}"
   3158016,         0,         0,   119.6,decoder_by_matrix,6866428194f3c2ecf80b799fe3d7eaa0d7bfdd0bee14693d15f8abf3c1159eda,"{""distance"":5,""physical_error_rate"":1e-05}","{""detection_events"":17175,""detectors_checked"":536862720}"
   3034112,         0,         0,   119.6,decoder_by_matrix,f0fc70a0432f83ff513e502442839d2eab02e2bed2f658d0464ff826d304e5e7,"{""distance"":5,""physical_error_rate"":0.0005}","{""detection_events"":864120,""detectors_checked"":515799040}"
    346112,         0,         0,   119.3,decoder_by_matrix,5b8a070a3cf8d31d64f24dbee89f3428cb9cab13fc59f7448d798f9bf08e9187,"{""distance"":5,""physical_error_rate"":0.001}","{""detection_events"":195675,""detectors_checked"":58839040}"
    293888,         0,         0,   119.6,decoder_by_matrix,be0c214c078cdb5104153598b498575a1fc035ba16beb428536e5a87ee0a867f,"{""distance"":5,""physical_error_rate"":1e-06}","{""detection_events"":175,""detectors_checked"":49960960}"
    335872,         0,         0,   118.9,decoder_by_matrix,5b8a070a3cf8d31d64f24dbee89f3428cb9cab13fc59f7448d798f9bf08e9187,"{""distance"":5,""physical_error_rate"":0.001}","{""detection_events"":187125,""detectors_checked"":57098240}"
    289792,         0,         0,   119.6,decoder_by_matrix,cc9cd6551b3048ae216380ccb8ae5d3cca75b5b766fe651c47ef084ce4ce7dc6,"{""distance"":5,""physical_error_rate"":5e-05}","{""detection_events"":8185,""detectors_checked"":49264640}"
    346112,         0,         0,   119.1,decoder_by_matrix,161b5fe948dcfe007f335a5c57bcb8ff38ff3ea8726714a4cc08f5b9386b17ca,"{""distance"":5,""physical_error_rate"":5e-06}","{""detection_events"":895,""detectors_checked"":58839040}"
    350208,         0,         0,   119.3,decoder_by_matrix,6866428194f3c2ecf80b799fe3d7eaa0d7bfdd0bee14693d15f8abf3c1159eda,"{""distance"":5,""physical_error_rate"":1e-05}","{""detection_events"":2210,""detectors_checked"":59535360}"
    327680,         0,         0,   119.3,decoder_by_matrix,f0fc70a0432f83ff513e502442839d2eab02e2bed2f658d0464ff826d304e5e7,"{""distance"":5,""physical_error_rate"":0.0005}","{""detection_events"":92745,""detectors_checked"":55705600}"
    318464,         0,         0,   119.5,decoder_by_matrix,5b8a070a3cf8d31d64f24dbee89f3428cb9cab13fc59f7448d798f9bf08e9187,"{""distance"":5,""physical_error_rate"":0.001}","{""detection_events"":180760,""detectors_checked"":54138880}"
    325632,         0,         0,   119.7,decoder_by_matrix,cc9cd6551b3048ae216380ccb8ae5d3cca75b5b766fe651c47ef084ce4ce7dc6,"{""distance"":5,""physical_error_rate"":5e-05}","{""detection_events"":9615,""detectors_checked"":55357440}"
    323584,         2,         0,   119.6,decoder_by_matrix,5b8a070a3cf8d31d64f24dbee89f3428cb9cab13fc59f7448d798f9bf08e9187,"{""distance"":5,""physical_error_rate"":0.001}","{""detection_events"":186260,""detectors_checked"":55009280,""obs_mistake_mask=EE"":1,""obs_mistake_mask=E_"":1}"
    311296,         0,         0,   119.9,decoder_by_matrix,a052b2ce6ed64a98931ebcd7492590a746d7ec6e385d9f4479eb5b69a31b01f0,"{""distance"":5,""physical_error_rate"":0.0001}","{""detection_events"":17275,""detectors_checked"":52920320}"
    275456,         0,         0,   120.0,decoder_by_matrix,a052b2ce6ed64a98931ebcd7492590a746d7ec6e385d9f4479eb5b69a31b01f0,"{""distance"":5,""physical_error_rate"":0.0001}","{""detection_events"":16500,""detectors_checked"":46827520}"
   3169280,         0,         0,   119.6,decoder_by_matrix,be0c214c078cdb5104153598b498575a1fc035ba16beb428536e5a87ee0a867f,"{""distance"":5,""physical_error_rate"":1e-06}","{""detection_events"":1695,""detectors_checked"":538777600}"
   3141632,         0,         0,   119.6,decoder_by_matrix,161b5fe948dcfe007f335a5c57bcb8ff38ff3ea8726714a4cc08f5b9386b17ca,"{""distance"":5,""physical_error_rate"":5e-06}","{""detection_events"":8505,""detectors_checked"":534077440}"
    326656,         0,         0,   119.0,decoder_by_matrix,cc9cd6551b3048ae216380ccb8ae5d3cca75b5b766fe651c47ef084ce4ce7dc6,"{""distance"":5,""physical_error_rate"":5e-05}","{""detection_events"":9380,""detectors_checked"":55531520}"
    294400,         0,         0,   119.9,decoder_by_matrix,a052b2ce6ed64a98931ebcd7492590a746d7ec6e385d9f4479eb5b69a31b01f0,"{""distance"":5,""physical_error_rate"":0.0001}","{""detection_events"":15490,""detectors_checked"":50048000}"
    306176,         0,         0,   120.0,decoder_by_matrix,f0fc70a0432f83ff513e502442839d2eab02e2bed2f658d0464ff826d304e5e7,"{""distance"":5,""physical_error_rate"":0.0005}","{""detection_events"":85085,""detectors_checked"":52049920}"
    330752,         0,         0,   119.9,decoder_by_matrix,6866428194f3c2ecf80b799fe3d7eaa0d7bfdd0bee14693d15f8abf3c1159eda,"{""distance"":5,""physical_error_rate"":1e-05}","{""detection_events"":1725,""detectors_checked"":56227840}"
   3315712,         0,         0,   119.6,decoder_by_matrix,be0c214c078cdb5104153598b498575a1fc035ba16beb428536e5a87ee0a867f,"{""distance"":5,""physical_error_rate"":1e-06}","{""detection_events"":1315,""detectors_checked"":563671040}"
   3309568,         0,         0,   119.6,decoder_by_matrix,161b5fe948dcfe007f335a5c57bcb8ff38ff3ea8726714a4cc08f5b9386b17ca,"{""distance"":5,""physical_error_rate"":5e-06}","{""detection_events"":10010,""detectors_checked"":562626560}"
    363520,         0,         0,   118.6,decoder_by_matrix,cc9cd6551b3048ae216380ccb8ae5d3cca75b5b766fe651c47ef084ce4ce7dc6,"{""distance"":5,""physical_error_rate"":5e-05}","{""detection_events"":11010,""detectors_checked"":61798400}"
    291840,         0,         0,   119.5,decoder_by_matrix,a052b2ce6ed64a98931ebcd7492590a746d7ec6e385d9f4479eb5b69a31b01f0,"{""distance"":5,""physical_error_rate"":0.0001}","{""detection_events"":15965,""detectors_checked"":49612800}"
    250880,         0,         0,   119.6,decoder_by_matrix,f0fc70a0432f83ff513e502442839d2eab02e2bed2f658d0464ff826d304e5e7,"{""distance"":5,""physical_error_rate"":0.0005}","{""detection_events"":69570,""detectors_checked"":42649600}"
    300032,         0,         0,   119.5,decoder_by_matrix,6866428194f3c2ecf80b799fe3d7eaa0d7bfdd0bee14693d15f8abf3c1159eda,"{""distance"":5,""physical_error_rate"":1e-05}","{""detection_events"":1460,""detectors_checked"":51005440}"
    346112,         0,         0,   119.6,decoder_by_matrix,6866428194f3c2ecf80b799fe3d7eaa0d7bfdd0bee14693d15f8abf3c1159eda,"{""distance"":5,""physical_error_rate"":1e-05}","{""detection_events"":1490,""detectors_checked"":58839040}"
    305152,         0,         0,   120.1,decoder_by_matrix,161b5fe948dcfe007f335a5c57bcb8ff38ff3ea8726714a4cc08f5b9386b17ca,"{""distance"":5,""physical_error_rate"":5e-06}","{""detection_events"":995,""detectors_checked"":51875840}"
    284672,         0,         0,   119.7,decoder_by_matrix,f0fc70a0432f83ff513e502442839d2eab02e2bed2f658d0464ff826d304e5e7,"{""distance"":5,""physical_error_rate"":0.0005}","{""detection_events"":81670,""detectors_checked"":48394240}"
    286720,         0,         0,   119.9,decoder_by_matrix,be0c214c078cdb5104153598b498575a1fc035ba16beb428536e5a87ee0a867f,"{""distance"":5,""physical_error_rate"":1e-06}","{""detection_events"":110,""detectors_checked"":48742400}"
   3050496,         0,         0,   119.6,decoder_by_matrix,6866428194f3c2ecf80b799fe3d7eaa0d7bfdd0bee14693d15f8abf3c1159eda,"{""distance"":5,""physical_error_rate"":1e-05}","{""detection_events"":17825,""detectors_checked"":518584320}"
   3128320,         0,         0,   119.6,decoder_by_matrix,161b5fe948dcfe007f335a5c57bcb8ff38ff3ea8726714a4cc08f5b9386b17ca,"{""distance"":5,""physical_error_rate"":5e-06}","{""detection_events"":9590,""detectors_checked"":531814400}"
   3079168,         0,         0,   119.6,decoder_by_matrix,6866428194f3c2ecf80b799fe3d7eaa0d7bfdd0bee14693d15f8abf3c1159eda,"{""distance"":5,""physical_error_rate"":1e-05}","{""detection_events"":17345,""detectors_checked"":523458560}"
   3130368,         0,         0,   119.6,decoder_by_matrix,161b5fe948dcfe007f335a5c57bcb8ff38ff3ea8726714a4cc08f5b9386b17ca,"{""distance"":5,""physical_error_rate"":5e-06}","{""detection_events"":8805,""detectors_checked"":532162560}"
   3067904,         0,         0,   119.6,decoder_by_matrix,cc9cd6551b3048ae216380ccb8ae5d3cca75b5b766fe651c47ef084ce4ce7dc6,"{""distance"":5,""physical_error_rate"":5e-05}","{""detection_events"":86685,""detectors_checked"":521543680}"
   2970624,         0,         0,   119.6,decoder_by_matrix,f0fc70a0432f83ff513e502442839d2eab02e2bed2f658d0464ff826d304e5e7,"{""distance"":5,""physical_error_rate"":0.0005}","{""detection_events"":845830,""detectors_checked"":505006080}"
   3052544,         0,         0,   119.6,decoder_by_matrix,a052b2ce6ed64a98931ebcd7492590a746d7ec6e385d9f4479eb5b69a31b01f0,"{""distance"":5,""physical_error_rate"":0.0001}","{""detection_events"":172380,""detectors_checked"":518932480}"
   3326976,         0,         0,   119.6,decoder_by_matrix,161b5fe948dcfe007f335a5c57bcb8ff38ff3ea8726714a4cc08f5b9386b17ca,"{""distance"":5,""physical_error_rate"":5e-06}","{""detection_events"":10460,""detectors_checked"":565585920}"
   3020800,         3,         0,   119.5,decoder_by_matrix,5b8a070a3cf8d31d64f24dbee89f3428cb9cab13fc59f7448d798f9bf08e9187,"{""distance"":5,""physical_error_rate"":0.001}","{""detection_events"":1708050,""detectors_checked"":513536000,""obs_mistake_mask=EE"":1,""obs_mistake_mask=E_"":1,""obs_mistake_mask=_E"":1}"
   3036160,         2,         0,   119.6,decoder_by_matrix,5b8a070a3cf8d31d64f24dbee89f3428cb9cab13fc59f7448d798f9bf08e9187,"{""distance"":5,""physical_error_rate"":0.001}","{""detection_events"":1720370,""detectors_checked"":516147200,""obs_mistake_mask=E_"":1,""obs_mistake_mask=_E"":1}"
   3167232,         0,         0,   119.6,decoder_by_matrix,cc9cd6551b3048ae216380ccb8ae5d3cca75b5b766fe651c47ef084ce4ce7dc6,"{""distance"":5,""physical_error_rate"":5e-05}","{""detection_events"":91280,""detectors_checked"":538429440}"
   3374080,         0,         0,   119.6,decoder_by_matrix,be0c214c078cdb5104153598b498575a1fc035ba16beb428536e5a87ee0a867f,"{""distance"":5,""physical_error_rate"":1e-06}","{""detection_events"":2275,""detectors_checked"":573593600}"
   2877440,         0,         0,   119.6,decoder_by_matrix,be0c214c078cdb5104153598b498575a1fc035ba16beb428536e5a87ee0a867f,"{""distance"":5,""physical_error_rate"":1e-06}","{""detection_events"":1810,""detectors_checked"":489164800}"
   3064832,         0,         0,   119.6,decoder_by_matrix,f0fc70a0432f83ff513e502442839d2eab02e2bed2f658d0464ff826d304e5e7,"{""distance"":5,""physical_error_rate"":0.0005}","{""detection_events"":869805,""detectors_checked"":521021440}"
   3008512,         0,         0,   119.6,decoder_by_matrix,a052b2ce6ed64a98931ebcd7492590a746d7ec6e385d9f4479eb5b69a31b01f0,"{""distance"":5,""physical_error_rate"":0.0001}","{""detection_events"":171985,""detectors_checked"":511447040}"
   3215360,         0,         0,   119.6,decoder_by_matrix,a052b2ce6ed64a98931ebcd7492590a746d7ec6e385d9f4479eb5b69a31b01f0,"{""distance"":5,""physical_error_rate"":0.0001}","{""detection_events"":184615,""detectors_checked"":546611200}"
   3088384,         0,         0,   119.6,decoder_by_matrix,be0c214c078cdb5104153598b498575a1fc035ba16beb428536e5a87ee0a867f,"{""distance"":5,""physical_error_rate"":1e-06}","{""detection_events"":1835,""detectors_checked"":525025280}"
   2991104,         0,         0,   119.6,decoder_by_matrix,cc9cd6551b3048ae216380ccb8ae5d3cca75b5b766fe651c47ef084ce4ce7dc6,"{""distance"":5,""physical_error_rate"":5e-05}","{""detection_events"":82080,""detectors_checked"":508487680}"
   3160064,         0,         0,   119.6,decoder_by_matrix,6866428194f3c2ecf80b799fe3d7eaa0d7bfdd0bee14693d15f8abf3c1159eda,"{""distance"":5,""physical_error_rate"":1e-05}","{""detection_events"":17620,""detectors_checked"":537210880}"
   2922496,         0,         0,   119.6,decoder_by_matrix,f0fc70a0432f83ff513e502442839d2eab02e2bed2f658d0464ff826d304e5e7,"{""distance"":5,""physical_error_rate"":0.0005}","{""detection_events"":830395,""detectors_checked"":496824320}"
    372736,         0,         0,   119.2,decoder_by_matrix,5b8a070a3cf8d31d64f24dbee89f3428cb9cab13fc59f7448d798f9bf08e9187,"{""distance"":5,""physical_error_rate"":0.001}","{""detection_events"":206930,""detectors_checked"":63365120}"
    504832,         0,         0,   119.8,decoder_by_matrix,be0c214c078cdb5104153598b498575a1fc035ba16beb428536e5a87ee0a867f,"{""distance"":5,""physical_error_rate"":1e-06}","{""detection_events"":305,""detectors_checked"":85821440}"
    523264,         0,         0,   119.0,decoder_by_matrix,5b8a070a3cf8d31d64f24dbee89f3428cb9cab13fc59f7448d798f9bf08e9187,"{""distance"":5,""physical_error_rate"":0.001}","{""detection_events"":294105,""detectors_checked"":88954880}"
    315392,         0,         0,   120.0,decoder_by_matrix,cc9cd6551b3048ae216380ccb8ae5d3cca75b5b766fe651c47ef084ce4ce7dc6,"{""distance"":5,""physical_error_rate"":5e-05}","{""detection_events"":9780,""detectors_checked"":53616640}"
    363520,         0,         0,   119.6,decoder_by_matrix,161b5fe948dcfe007f335a5c57bcb8ff38ff3ea8726714a4cc08f5b9386b17ca,"{""distance"":5,""physical_error_rate"":5e-06}","{""detection_events"":865,""detectors_checked"":61798400}"
    388096,         0,         0,   119.8,decoder_by_matrix,6866428194f3c2ecf80b799fe3d7eaa0d7bfdd0bee14693d15f8abf3c1159eda,"{""distance"":5,""physical_error_rate"":1e-05}","{""detection_events"":1830,""detectors_checked"":65976320}"
    358400,         0,         0,   118.8,decoder_by_matrix,f0fc70a0432f83ff513e502442839d2eab02e2bed2f658d0464ff826d304e5e7,"{""distance"":5,""physical_error_rate"":0.0005}","{""detection_events"":100060,""detectors_checked"":60928000}"
    335872,         0,         0,   119.4,decoder_by_matrix,5b8a070a3cf8d31d64f24dbee89f3428cb9cab13fc59f7448d798f9bf08e9187,"{""distance"":5,""physical_error_rate"":0.001}","{""detection_events"":190615,""detectors_checked"":57098240}"
    350208,         1,         0,   119.5,decoder_by_matrix,5b8a070a3cf8d31d64f24dbee89f3428cb9cab13fc59f7448d798f9bf08e9187,"{""distance"":5,""physical_error_rate"":0.001}","{""detection_events"":201900,""detectors_checked"":59535360,""obs_mistake_mask=EE"":1}"
    367616,         0,         0,   120.1,decoder_by_matrix,cc9cd6551b3048ae216380ccb8ae5d3cca75b5b766fe651c47ef084ce4ce7dc6,"{""distance"":5,""physical_error_rate"":5e-05}","{""detection_events"":9630,""detectors_checked"":62494720}"
    474112,         0,         0,   119.6,decoder_by_matrix,a052b2ce6ed64a98931ebcd7492590a746d7ec6e385d9f4479eb5b69a31b01f0,"{""distance"":5,""physical_error_rate"":0.0001}","{""detection_events"":28815,""detectors_checked"":80599040}"
    286720,         0,         0,   119.6,decoder_by_matrix,a052b2ce6ed64a98931ebcd7492590a746d7ec6e385d9f4479eb5b69a31b01f0,"{""distance"":5,""physical_error_rate"":0.0001}","{""detection_events"":15980,""detectors_checked"":48742400}"
   3090432,         0,         0,   119.6,decoder_by_matrix,be0c214c078cdb5104153598b498575a1fc035ba16beb428536e5a87ee0a867f,"{""distance"":5,""physical_error_rate"":1e-06}","{""detection_events"":1660,""detectors_checked"":525373440}"
   3127296,         0,         0,   119.6,decoder_by_matrix,161b5fe948dcfe007f335a5c57bcb8ff38ff3ea8726714a4cc08f5b9386b17ca,"{""distance"":5,""physical_error_rate"":5e-06}","{""detection_events"":8875,""detectors_checked"":531640320}"
    346112,         0,         0,   119.8,decoder_by_matrix,cc9cd6551b3048ae216380ccb8ae5d3cca75b5b766fe651c47ef084ce4ce7dc6,"{""distance"":5,""physical_error_rate"":5e-05}","{""detection_events"":9275,""detectors_checked"":58839040}"
    286720,         0,         0,   119.4,decoder_by_matrix,a052b2ce6ed64a98931ebcd7492590a746d7ec6e385d9f4479eb5b69a31b01f0,"{""distance"":5,""physical_error_rate"":0.0001}","{""detection_events"":16530,""detectors_checked"":48742400}"
    540672,         0,         0,   120.0,decoder_by_matrix,f0fc70a0432f83ff513e502442839d2eab02e2bed2f658d0464ff826d304e5e7,"{""distance"":5,""physical_error_rate"":0.0005}","{""detection_events"":157045,""detectors_checked"":91914240}"
    468992,         0,         0,   119.2,decoder_by_matrix,6866428194f3c2ecf80b799fe3d7eaa0d7bfdd0bee14693d15f8abf3c1159eda,"{""distance"":5,""physical_error_rate"":1e-05}","{""detection_events"":2490,""detectors_checked"":79728640}"
   3279872,         0,         0,   119.5,decoder_by_matrix,be0c214c078cdb5104153598b498575a1fc035ba16beb428536e5a87ee0a867f,"{""distance"":5,""physical_error_rate"":1e-06}","{""detection_events"":1755,""detectors_checked"":557578240}"
   3257344,         0,         0,   119.6,decoder_by_matrix,161b5fe948dcfe007f335a5c57bcb8ff38ff3ea8726714a4cc08f5b9386b17ca,"{""distance"":5,""physical_error_rate"":5e-06}","{""detection_events"":10060,""detectors_checked"":553748480}"
    361472,         0,         0,   119.2,decoder_by_matrix,cc9cd6551b3048ae216380ccb8ae5d3cca75b5b766fe651c47ef084ce4ce7dc6,"{""distance"":5,""physical_error_rate"":5e-05}","{""detection_events"":9805,""detectors_checked"":61450240}"
    330752,         0,         0,   119.2,decoder_by_matrix,a052b2ce6ed64a98931ebcd7492590a746d7ec6e385d9f4479eb5b69a31b01f0,"{""distance"":5,""physical_error_rate"":0.0001}","{""detection_events"":18815,""detectors_checked"":56227840}"
    304128,         0,         0,   119.4,decoder_by_matrix,f0fc70a0432f83ff513e502442839d2eab02e2bed2f658d0464ff826d304e5e7,"{""distance"":5,""physical_error_rate"":0.0005}","{""detection_events"":85465,""detectors_checked"":51701760}"
    321536,         0,         0,   119.6,decoder_by_matrix,6866428194f3c2ecf80b799fe3d7eaa0d7bfdd0bee14693d15f8abf3c1159eda,"{""distance"":5,""physical_error_rate"":1e-05}","{""detection_events"":2055,""detectors_checked"":54661120}"
    339968,         0,         0,   119.2,decoder_by_matrix,6866428194f3c2ecf80b799fe3d7eaa0d7bfdd0bee14693d15f8abf3c1159eda,"{""distance"":5,""physical_error_rate"":1e-05}","{""detection_events"":1850,""detectors_checked"":57794560}"
    329728,         0,         0,   120.0,decoder_by_matrix,161b5fe948dcfe007f335a5c57bcb8ff38ff3ea8726714a4cc08f5b9386b17ca,"{""distance"":5,""physical_error_rate"":5e-06}","{""detection_events"":1080,""detectors_checked"":56053760}"
    420352,         0,         0,   119.4,decoder_by_matrix,f0fc70a0432f83ff513e502442839d2eab02e2bed2f658d0464ff826d304e5e7,"{""distance"":5,""physical_error_rate"":0.0005}","{""detection_events"":116600,""detectors_checked"":71459840}"
    315392,         0,         0,   119.5,decoder_by_matrix,be0c214c078cdb5104153598b498575a1fc035ba16beb428536e5a87ee0a867f,"{""distance"":5,""physical_error_rate"":1e-06}","{""detection_events"":180,""detectors_checked"":53616640}"
   3142656,         0,         0,   119.6,decoder_by_matrix,6866428194f3c2ecf80b799fe3d7eaa0d7bfdd0bee14693d15f8abf3c1159eda,"{""distance"":5,""physical_error_rate"":1e-05}","{""detection_events"":17970,""detectors_checked"":534251520}"
   3109888,         0,         0,   119.6,decoder_by_matrix,161b5fe948dcfe007f335a5c57bcb8ff38ff3ea8726714a4cc08f5b9386b17ca,"{""distance"":5,""physical_error_rate"":5e-06}","{""detection_events"":8315,""detectors_checked"":528680960}"
   3084288,         0,         0,   119.6,decoder_by_matrix,6866428194f3c2ecf80b799fe3d7eaa0d7bfdd0bee14693d15f8abf3c1159eda,"{""distance"":5,""physical_error_rate"":1e-05}","{""detection_events"":17500,""detectors_checked"":524328960}"
   3144704,         0,         0,   119.6,decoder_by_matrix,161b5fe948dcfe007f335a5c57bcb8ff38ff3ea8726714a4cc08f5b9386b17ca,"{""distance"":5,""physical_error_rate"":5e-06}","{""detection_events"":8620,""detectors_checked"":534599680}"
   3101696,         0,         0,   119.6,decoder_by_matrix,cc9cd6551b3048ae216380ccb8ae5d3cca75b5b766fe651c47ef084ce4ce7dc6,"{""distance"":5,""physical_error_rate"":5e-05}","{""detection_events"":91135,""detectors_checked"":527288320}"
   2946048,         2,         0,   119.6,decoder_by_matrix,f0fc70a0432f83ff513e502442839d2eab02e2bed2f658d0464ff826d304e5e7,"{""distance"":5,""physical_error_rate"":0.0005}","{""detection_events"":835250,""detectors_checked"":500828160,""obs_mistake_mask=EE"":1,""obs_mistake_mask=_E"":1}"
   3058688,         0,         0,   119.6,decoder_by_matrix,a052b2ce6ed64a98931ebcd7492590a746d7ec6e385d9f4479eb5b69a31b01f0,"{""distance"":5,""physical_error_rate"":0.0001}","{""detection_events"":170305,""detectors_checked"":519976960}"
   3293184,         0,         0,   119.6,decoder_by_matrix,161b5fe948dcfe007f335a5c57bcb8ff38ff3ea8726714a4cc08f5b9386b17ca,"{""distance"":5,""physical_error_rate"":5e-06}","{""detection_events"":8890,""detectors_checked"":559841280}"
   2941952,         4,         0,   119.6,decoder_by_matrix,5b8a070a3cf8d31d64f24dbee89f3428cb9cab13fc59f7448d798f9bf08e9187,"{""distance"":5,""physical_error_rate"":0.001}","{""detection_events"":1675400,""detectors_checked"":500131840,""obs_mistake_mask=E_"":2,""obs_mistake_mask=_E"":2}"
   3019776,         5,         0,   119.6,decoder_by_matrix,5b8a070a3cf8d31d64f24dbee89f3428cb9cab13fc59f7448d798f9bf08e9187,"{""distance"":5,""physical_error_rate"":0.001}","{""detection_events"":1713945,""detectors_checked"":513361920,""obs_mistake_mask=E_"":2,""obs_mistake_mask=_E"":3}"
   3235840,         0,         0,   119.6,decoder_by_matrix,cc9cd6551b3048ae216380ccb8ae5d3cca75b5b766fe651c47ef084ce4ce7dc6,"{""distance"":5,""physical_error_rate"":5e-05}","{""detection_events"":88480,""detectors_checked"":550092800}"
   3382272,         0,         0,   119.6,decoder_by_matrix,be0c214c078cdb5104153598b498575a1fc035ba16beb428536e5a87ee0a867f,"{""distance"":5,""physical_error_rate"":1e-06}","{""detection_events"":1770,""detectors_checked"":574986240}"
   2862080,         0,         0,   119.6,decoder_by_matrix,be0c214c078cdb5104153598b498575a1fc035ba16beb428536e5a87ee0a867f,"{""distance"":5,""physical_error_rate"":1e-06}","{""detection_events"":1290,""detectors_checked"":486553600}"
   3037184,         0,         0,   119.6,decoder_by_matrix,f0fc70a0432f83ff513e502442839d2eab02e2bed2f658d0464ff826d304e5e7,"{""distance"":5,""physical_error_rate"":0.0005}","{""detection_events"":868250,""detectors_checked"":516321280}"
   3019776,         0,         0,   119.6,decoder_by_matrix,a052b2ce6ed64a98931ebcd7492590a746d7ec6e385d9f4479eb5b69a31b01f0,"{""distance"":5,""physical_error_rate"":0.0001}","{""detection_events"":170000,""detectors_checked"":513361920}"
   3185664,         0,         0,   119.6,decoder_by_matrix,a052b2ce6ed64a98931ebcd7492590a746d7ec6e385d9f4479eb5b69a31b01f0,"{""distance"":5,""physical_error_rate"":0.0001}","{""detection_events"":183130,""detectors_checked"":541562880}"
   2945024,         0,         0,   119.6,decoder_by_matrix,be0c214c078cdb5104153598b498575a1fc035ba16beb428536e5a87ee0a867f,"{""distance"":5,""physical_error_rate"":1e-06}","{""detection_events"":1135,""detectors_checked"":500654080}"
   2974720,         0,         0,   119.6,decoder_by_matrix,cc9cd6551b3048ae216380ccb8ae5d3cca75b5b766fe651c47ef084ce4ce7dc6,"{""distance"":5,""physical_error_rate"":5e-05}","{""detection_events"":86400,""detectors_checked"":505702400}"
   3149824,         0,         0,   119.6,decoder_by_matrix,6866428194f3c2ecf80b799fe3d7eaa0d7bfdd0bee14693d15f8abf3c1159eda,"{""distance"":5,""physical_error_rate"":1e-05}","{""detection_events"":18575,""detectors_checked"":535470080}"
   2946048,         0,         0,   119.6,decoder_by_matrix,f0fc70a0432f83ff513e502442839d2eab02e2bed2f658d0464ff826d304e5e7,"{""distance"":5,""physical_error_rate"":0.0005}","{""detection_events"":838035,""detectors_checked"":500828160}"
    360448,         1,         0,   119.7,decoder_by_matrix,5b8a070a3cf8d31d64f24dbee89f3428cb9cab13fc59f7448d798f9bf08e9187,"{""distance"":5,""physical_error_rate"":0.001}","{""detection_events"":203450,""detectors_checked"":61276160,""obs_mistake_mask=EE"":1}"
    332800,         0,         0,   119.7,decoder_by_matrix,be0c214c078cdb5104153598b498575a1fc035ba16beb428536e5a87ee0a867f,"{""distance"":5,""physical_error_rate"":1e-06}","{""detection_events"":195,""detectors_checked"":56576000}"
    500736,         1,         0,   119.9,decoder_by_matrix,5b8a070a3cf8d31d64f24dbee89f3428cb9cab13fc59f7448d798f9bf08e9187,"{""distance"":5,""physical_error_rate"":0.001}","{""detection_events"":283140,""detectors_checked"":85125120,""obs_mistake_mask=E_"":1}"
    339968,         0,         0,   119.3,decoder_by_matrix,cc9cd6551b3048ae216380ccb8ae5d3cca75b5b766fe651c47ef084ce4ce7dc6,"{""distance"":5,""physical_error_rate"":5e-05}","{""detection_events"":9665,""detectors_checked"":57794560}"
    359424,         0,         0,   118.7,decoder_by_matrix,161b5fe948dcfe007f335a5c57bcb8ff38ff3ea8726714a4cc08f5b9386b17ca,"{""distance"":5,""physical_error_rate"":5e-06}","{""detection_events"":945,""detectors_checked"":61102080}"
    419840,         0,         0,   119.5,decoder_by_matrix,6866428194f3c2ecf80b799fe3d7eaa0d7bfdd0bee14693d15f8abf3c1159eda,"{""distance"":5,""physical_error_rate"":1e-05}","{""detection_events"":2115,""detectors_checked"":71372800}"
    340992,         0,         0,   118.9,decoder_by_matrix,f0fc70a0432f83ff513e502442839d2eab02e2bed2f658d0464ff826d304e5e7,"{""distance"":5,""physical_error_rate"":0.0005}","{""detection_events"":95735,""detectors_checked"":57968640}"
    333824,         4,         0,   119.1,decoder_by_matrix,5b8a070a3cf8d31d64f24dbee89f3428cb9cab13fc59f7448d798f9bf08e9187,"{""distance"":5,""physical_error_rate"":0.001}","{""detection_events"":184120,""detectors_checked"":56750080,""obs_mistake_mask=EE"":1,""obs_mistake_mask=E_"":1,""obs_mistake_mask=_E"":2}"
    313344,         0,         0,   119.5,decoder_by_matrix,cc9cd6551b3048ae216380ccb8ae5d3cca75b5b766fe651c47ef084ce4ce7dc6,"{""distance"":5,""physical_error_rate"":5e-05}","{""detection_events"":8380,""detectors_checked"":53268480}"
    332800,         1,         0,   119.4,decoder_by_matrix,5b8a070a3cf8d31d64f24dbee89f3428cb9cab13fc59f7448d798f9bf08e9187,"{""distance"":5,""physical_error_rate"":0.001}","{""detection_events"":185805,""detectors_checked"":56576000,""obs_mistake_mask=_E"":1}"
    412160,         0,         0,   119.8,decoder_by_matrix,a052b2ce6ed64a98931ebcd7492590a746d7ec6e385d9f4479eb5b69a31b01f0,"{""distance"":5,""physical_error_rate"":0.0001}","{""detection_events"":23350,""detectors_checked"":70067200}"
    331776,         0,         0,   119.5,decoder_by_matrix,a052b2ce6ed64a98931ebcd7492590a746d7ec6e385d9f4479eb5b69a31b01f0,"{""distance"":5,""physical_error_rate"":0.0001}","{""detection_events"":18895,""detectors_checked"":56401920}"
   3182592,         0,         0,   119.6,decoder_by_matrix,be0c214c078cdb5104153598b498575a1fc035ba16beb428536e5a87ee0a867f,"{""distance"":5,""physical_error_rate"":1e-06}","{""detection_events"":1435,""detectors_checked"":541040640}"
   3151872,         0,         0,   119.6,decoder_by_matrix,161b5fe948dcfe007f335a5c57bcb8ff38ff3ea8726714a4cc08f5b9386b17ca,"{""distance"":5,""physical_error_rate"":5e-06}","{""detection_events"":8480,""detectors_checked"":535818240}"
    318464,         0,         0,   119.6,decoder_by_matrix,cc9cd6551b3048ae216380ccb8ae5d3cca75b5b766fe651c47ef084ce4ce7dc6,"{""distance"":5,""physical_error_rate"":5e-05}","{""detection_events"":8305,""detectors_checked"":54138880}"
    344064,         0,         0,   118.5,decoder_by_matrix,a052b2ce6ed64a98931ebcd7492590a746d7ec6e385d9f4479eb5b69a31b01f0,"{""distance"":5,""physical_error_rate"":0.0001}","{""detection_events"":18470,""detectors_checked"":58490880}"
    330752,         0,         0,   119.8,decoder_by_matrix,6866428194f3c2ecf80b799fe3d7eaa0d7bfdd0bee14693d15f8abf3c1159eda,"{""distance"":5,""physical_error_rate"":1e-05}","{""detection_events"":1935,""detectors_checked"":56227840}"
    257024,         0,         0,   119.4,decoder_by_matrix,f0fc70a0432f83ff513e502442839d2eab02e2bed2f658d0464ff826d304e5e7,"{""distance"":5,""physical_error_rate"":0.0005}","{""detection_events"":73520,""detectors_checked"":43694080}"
   3347456,         0,         0,   119.6,decoder_by_matrix,be0c214c078cdb5104153598b498575a1fc035ba16beb428536e5a87ee0a867f,"{""distance"":5,""physical_error_rate"":1e-06}","{""detection_events"":2230,""detectors_checked"":569067520}"
   3287040,         0,         0,   119.6,decoder_by_matrix,161b5fe948dcfe007f335a5c57bcb8ff38ff3ea8726714a4cc08f5b9386b17ca,"{""distance"":5,""physical_error_rate"":5e-06}","{""detection_events"":10150,""detectors_checked"":558796800}"
    343040,         0,         0,   119.7,decoder_by_matrix,cc9cd6551b3048ae216380ccb8ae5d3cca75b5b766fe651c47ef084ce4ce7dc6,"{""distance"":5,""physical_error_rate"":5e-05}","{""detection_events"":10195,""detectors_checked"":58316800}"
    332800,         0,         0,   119.5,decoder_by_matrix,a052b2ce6ed64a98931ebcd7492590a746d7ec6e385d9f4479eb5b69a31b01f0,"{""distance"":5,""physical_error_rate"":0.0001}","{""detection_events"":19205,""detectors_checked"":56576000}"
    303104,         0,         0,   119.4,decoder_by_matrix,6866428194f3c2ecf80b799fe3d7eaa0d7bfdd0bee14693d15f8abf3c1159eda,"{""distance"":5,""physical_error_rate"":1e-05}","{""detection_events"":1695,""detectors_checked"":51527680}"
    287744,         0,         0,   119.8,decoder_by_matrix,f0fc70a0432f83ff513e502442839d2eab02e2bed2f658d0464ff826d304e5e7,"{""distance"":5,""physical_error_rate"":0.0005}","{""detection_events"":81985,""detectors_checked"":48916480}"
    335872,         0,         0,   119.5,decoder_by_matrix,6866428194f3c2ecf80b799fe3d7eaa0d7bfdd0bee14693d15f8abf3c1159eda,"{""distance"":5,""physical_error_rate"":1e-05}","{""detection_events"":1890,""detectors_checked"":57098240}"
    315392,         0,         0,   120.2,decoder_by_matrix,161b5fe948dcfe007f335a5c57bcb8ff38ff3ea8726714a4cc08f5b9386b17ca,"{""distance"":5,""physical_error_rate"":5e-06}","{""detection_events"":925,""detectors_checked"":53616640}"
    402944,         0,         0,   120.1,decoder_by_matrix,f0fc70a0432f83ff513e502442839d2eab02e2bed2f658d0464ff826d304e5e7,"{""distance"":5,""physical_error_rate"":0.0005}","{""detection_events"":114245,""detectors_checked"":68500480}"
    312320,         0,         0,   119.5,decoder_by_matrix,be0c214c078cdb5104153598b498575a1fc035ba16beb428536e5a87ee0a867f,"{""distance"":5,""physical_error_rate"":1e-06}","{""detection_events"":175,""detectors_checked"":53094400}"
   3151872,         0,         0,   119.6,decoder_by_matrix,6866428194f3c2ecf80b799fe3d7eaa0d7bfdd0bee14693d15f8abf3c1159eda,"{""distance"":5,""physical_error_rate"":1e-05}","{""detection_events"":17440,""detectors_checked"":535818240}"
   3122176,         0,         0,   119.6,decoder_by_matrix,161b5fe948dcfe007f335a5c57bcb8ff38ff3ea8726714a4cc08f5b9386b17ca,"{""distance"":5,""physical_error_rate"":5e-06}","{""detection_events"":9385,""detectors_checked"":530769920}"
   3160064,         0,         0,   119.6,decoder_by_matrix,6866428194f3c2ecf80b799fe3d7eaa0d7bfdd0bee14693d15f8abf3c1159eda,"{""distance"":5,""physical_error_rate"":1e-05}","{""detection_events"":17960,""detectors_checked"":537210880}"
   3147776,         0,         0,   119.6,decoder_by_matrix,161b5fe948dcfe007f335a5c57bcb8ff38ff3ea8726714a4cc08f5b9386b17ca,"{""distance"":5,""physical_error_rate"":5e-06}","{""detection_events"":9175,""detectors_checked"":535121920}"
   3070976,         0,         0,   119.6,decoder_by_matrix,cc9cd6551b3048ae216380ccb8ae5d3cca75b5b766fe651c47ef084ce4ce7dc6,"{""distance"":5,""physical_error_rate"":5e-05}","{""detection_events"":91510,""detectors_checked"":522065920}"
   3004416,         3,         0,   119.7,decoder_by_matrix,f0fc70a0432f83ff513e502442839d2eab02e2bed2f658d0464ff826d304e5e7,"{""distance"":5,""physical_error_rate"":0.0005}","{""detection_events"":856365,""detectors_checked"":510750720,""obs_mistake_mask=E_"":3}"
   3062784,         0,         0,   119.6,decoder_by_matrix,a052b2ce6ed64a98931ebcd7492590a746d7ec6e385d9f4479eb5b69a31b01f0,"{""distance"":5,""physical_error_rate"":0.0001}","{""detection_events"":178300,""detectors_checked"":520673280}"
   3328000,         0,         0,   119.6,decoder_by_matrix,161b5fe948dcfe007f335a5c57bcb8ff38ff3ea8726714a4cc08f5b9386b17ca,"{""distance"":5,""physical_error_rate"":5e-06}","{""detection_events"":9065,""detectors_checked"":565760000}"
   3016704,         9,         0,   119.6,decoder_by_matrix,5b8a070a3cf8d31d64f24dbee89f3428cb9cab13fc59f7448d798f9bf08e9187,"{""distance"":5,""physical_error_rate"":0.001}","{""detection_events"":1725175,""detectors_checked"":512839680,""obs_mistake_mask=EE"":4,""obs_mistake_mask=E_"":5}"
   3048448,         5,         0,   119.6,decoder_by_matrix,5b8a070a3cf8d31d64f24dbee89f3428cb9cab13fc59f7448d798f9bf08e9187,"{""distance"":5,""physical_error_rate"":0.001}","{""detection_events"":1736090,""detectors_checked"":518236160,""obs_mistake_mask=EE"":2,""obs_mistake_mask=E_"":2,""obs_mistake_mask=_E"":1}"
   3246080,         0,         0,   119.6,decoder_by_matrix,cc9cd6551b3048ae216380ccb8ae5d3cca75b5b766fe651c47ef084ce4ce7dc6,"{""distance"":5,""physical_error_rate"":5e-05}","{""detection_events"":89565,""detectors_checked"":551833600}"
   3390464,         0,         0,   119.6,decoder_by_matrix,be0c214c078cdb5104153598b498575a1fc035ba16beb428536e5a87ee0a867f,"{""distance"":5,""physical_error_rate"":1e-06}","{""detection_events"":1590,""detectors_checked"":576378880}"
   2879488,         0,         0,   119.6,decoder_by_matrix,be0c214c078cdb5104153598b498575a1fc035ba16beb428536e5a87ee0a867f,"{""distance"":5,""physical_error_rate"":1e-06}","{""detection_events"":1715,""detectors_checked"":489512960}"
   3066880,         1,         0,   119.6,decoder_by_matrix,f0fc70a0432f83ff513e502442839d2eab02e2bed2f658d0464ff826d304e5e7,"{""distance"":5,""physical_error_rate"":0.0005}","{""detection_events"":870830,""detectors_checked"":521369600,""obs_mistake_mask=E_"":1}"
   3218432,         0,         0,   119.6,decoder_by_matrix,a052b2ce6ed64a98931ebcd7492590a746d7ec6e385d9f4479eb5b69a31b01f0,"{""distance"":5,""physical_error_rate"":0.0001}","{""detection_events"":185880,""detectors_checked"":547133440}"
   3045376,         0,         0,   119.6,decoder_by_matrix,a052b2ce6ed64a98931ebcd7492590a746d7ec6e385d9f4479eb5b69a31b01f0,"{""distance"":5,""physical_error_rate"":0.0001}","{""detection_events"":177590,""detectors_checked"":517713920}"
   2991104,         0,         0,   119.6,decoder_by_matrix,be0c214c078cdb5104153598b498575a1fc035ba16beb428536e5a87ee0a867f,"{""distance"":5,""physical_error_rate"":1e-06}","{""detection_events"":1845,""detectors_checked"":508487680}"
   3059712,         0,         0,   119.6,decoder_by_matrix,cc9cd6551b3048ae216380ccb8ae5d3cca75b5b766fe651c47ef084ce4ce7dc6,"{""distance"":5,""physical_error_rate"":5e-05}","{""detection_events"":87285,""detectors_checked"":520151040}"
   3159040,         0,         0,   119.6,decoder_by_matrix,6866428194f3c2ecf80b799fe3d7eaa0d7bfdd0bee14693d15f8abf3c1159eda,"{""distance"":5,""physical_error_rate"":1e-05}","{""detection_events"":17425,""detectors_checked"":537036800}"
   2944000,         0,         0,   119.6,decoder_by_matrix,f0fc70a0432f83ff513e502442839d2eab02e2bed2f658d0464ff826d304e5e7,"{""distance"":5,""physical_error_rate"":0.0005}","{""detection_events"":836840,""detectors_checked"":500480000}"
    350208,         1,         0,   119.1,decoder_by_matrix,5b8a070a3cf8d31d64f24dbee89f3428cb9cab13fc59f7448d798f9bf08e9187,"{""distance"":5,""physical_error_rate"":0.001}","{""detection_events"":201000,""detectors_checked"":59535360,""obs_mistake_mask=_E"":1}"
    229376,         0,         0,   120.2,decoder_by_matrix,be0c214c078cdb5104153598b498575a1fc035ba16beb428536e5a87ee0a867f,"{""distance"":5,""physical_error_rate"":1e-06}","{""detection_events"":110,""detectors_checked"":38993920}"
    354304,         2,         0,   119.9,decoder_by_matrix,5b8a070a3cf8d31d64f24dbee89f3428cb9cab13fc59f7448d798f9bf08e9187,"{""distance"":5,""physical_error_rate"":0.001}","{""detection_events"":202580,""detectors_checked"":60231680,""obs_mistake_mask=E_"":2}"
    325632,         0,         0,   119.2,decoder_by_matrix,cc9cd6551b3048ae216380ccb8ae5d3cca75b5b766fe651c47ef084ce4ce7dc6,"{""distance"":5,""physical_error_rate"":5e-05}","{""detection_events"":9620,""detectors_checked"":55357440}"
    349184,         0,         0,   118.9,decoder_by_matrix,161b5fe948dcfe007f335a5c57bcb8ff38ff3ea8726714a4cc08f5b9386b17ca,"{""distance"":5,""physical_error_rate"":5e-06}","{""detection_events"":915,""detectors_checked"":59361280}"
    331776,         0,         0,   119.2,decoder_by_matrix,f0fc70a0432f83ff513e502442839d2eab02e2bed2f658d0464ff826d304e5e7,"{""distance"":5,""physical_error_rate"":0.0005}","{""detection_events"":94220,""detectors_checked"":56401920}"
    326656,         0,         0,   119.6,decoder_by_matrix,5b8a070a3cf8d31d64f24dbee89f3428cb9cab13fc59f7448d798f9bf08e9187,"{""distance"":5,""physical_error_rate"":0.001}","{""detection_events"":187240,""detectors_checked"":55531520}"
    321536,         0,         0,   120.5,decoder_by_matrix,6866428194f3c2ecf80b799fe3d7eaa0d7bfdd0bee14693d15f8abf3c1159eda,"{""distance"":5,""physical_error_rate"":1e-05}","{""detection_events"":1610,""detectors_checked"":54661120}"
    332800,         0,         0,   119.5,decoder_by_matrix,cc9cd6551b3048ae216380ccb8ae5d3cca75b5b766fe651c47ef084ce4ce7dc6,"{""distance"":5,""physical_error_rate"":5e-05}","{""detection_events"":9980,""detectors_checked"":56576000}"
    327680,         2,         0,   119.4,decoder_by_matrix,5b8a070a3cf8d31d64f24dbee89f3428cb9cab13fc59f7448d798f9bf08e9187,"{""distance"":5,""physical_error_rate"":0.001}","{""detection_events"":186120,""detectors_checked"":55705600,""obs_mistake_mask=E_"":2}"
    382464,         0,         0,   120.4,decoder_by_matrix,a052b2ce6ed64a98931ebcd7492590a746d7ec6e385d9f4479eb5b69a31b01f0,"{""distance"":5,""physical_error_rate"":0.0001}","{""detection_events"":21465,""detectors_checked"":65018880}"
    320512,         0,         0,   119.6,decoder_by_matrix,a052b2ce6ed64a98931ebcd7492590a746d7ec6e385d9f4479eb5b69a31b01f0,"{""distance"":5,""physical_error_rate"":0.0001}","{""detection_events"":17850,""detectors_checked"":54487040}"
   3182592,         0,         0,   119.6,decoder_by_matrix,be0c214c078cdb5104153598b498575a1fc035ba16beb428536e5a87ee0a867f,"{""distance"":5,""physical_error_rate"":1e-06}","{""detection_events"":1940,""detectors_checked"":541040640}"
   3162112,         0,         0,   119.5,decoder_by_matrix,161b5fe948dcfe007f335a5c57bcb8ff38ff3ea8726714a4cc08f5b9386b17ca,"{""distance"":5,""physical_error_rate"":5e-06}","{""detection_events"":8135,""detectors_checked"":537559040}"
    325632,         0,         0,   119.6,decoder_by_matrix,cc9cd6551b3048ae216380ccb8ae5d3cca75b5b766fe651c47ef084ce4ce7dc6,"{""distance"":5,""physical_error_rate"":5e-05}","{""detection_events"":9325,""detectors_checked"":55357440}"
    332800,         0,         0,   119.3,decoder_by_matrix,a052b2ce6ed64a98931ebcd7492590a746d7ec6e385d9f4479eb5b69a31b01f0,"{""distance"":5,""physical_error_rate"":0.0001}","{""detection_events"":19090,""detectors_checked"":56576000}"
    312320,         0,         0,   119.5,decoder_by_matrix,f0fc70a0432f83ff513e502442839d2eab02e2bed2f658d0464ff826d304e5e7,"{""distance"":5,""physical_error_rate"":0.0005}","{""detection_events"":87670,""detectors_checked"":53094400}"
    291840,         0,         0,   119.4,decoder_by_matrix,6866428194f3c2ecf80b799fe3d7eaa0d7bfdd0bee14693d15f8abf3c1159eda,"{""distance"":5,""physical_error_rate"":1e-05}","{""detection_events"":1370,""detectors_checked"":49612800}"
   3352576,         0,         0,   119.6,decoder_by_matrix,be0c214c078cdb5104153598b498575a1fc035ba16beb428536e5a87ee0a867f,"{""distance"":5,""physical_error_rate"":1e-06}","{""detection_events"":2095,""detectors_checked"":569937920}"
   3311616,         0,         0,   119.5,decoder_by_matrix,161b5fe948dcfe007f335a5c57bcb8ff38ff3ea8726714a4cc08f5b9386b17ca,"{""distance"":5,""physical_error_rate"":5e-06}","{""detection_events"":8680,""detectors_checked"":562974720}"
    334848,         0,         0,   118.3,decoder_by_matrix,cc9cd6551b3048ae216380ccb8ae5d3cca75b5b766fe651c47ef084ce4ce7dc6,"{""distance"":5,""physical_error_rate"":5e-05}","{""detection_events"":9325,""detectors_checked"":56924160}"
    289792,         0,         0,   119.0,decoder_by_matrix,6866428194f3c2ecf80b799fe3d7eaa0d7bfdd0bee14693d15f8abf3c1159eda,"{""distance"":5,""physical_error_rate"":1e-05}","{""detection_events"":1340,""detectors_checked"":49264640}"
    317440,         0,         0,   120.0,decoder_by_matrix,a052b2ce6ed64a98931ebcd7492590a746d7ec6e385d9f4479eb5b69a31b01f0,"{""distance"":5,""physical_error_rate"":0.0001}","{""detection_events"":18220,""detectors_checked"":53964800}"
    278528,         0,         0,   119.2,decoder_by_matrix,f0fc70a0432f83ff513e502442839d2eab02e2bed2f658d0464ff826d304e5e7,"{""distance"":5,""physical_error_rate"":0.0005}","{""detection_events"":77805,""detectors_checked"":47349760}"
    299008,         0,         0,   119.4,decoder_by_matrix,6866428194f3c2ecf80b799fe3d7eaa0d7bfdd0bee14693d15f8abf3c1159eda,"{""distance"":5,""physical_error_rate"":1e-05}","{""detection_events"":1660,""detectors_checked"":50831360}"
    305152,         0,         0,   119.2,decoder_by_matrix,161b5fe948dcfe007f335a5c57bcb8ff38ff3ea8726714a4cc08f5b9386b17ca,"{""distance"":5,""physical_error_rate"":5e-06}","{""detection_events"":990,""detectors_checked"":51875840}"
    236544,         0,         0,   120.3,decoder_by_matrix,f0fc70a0432f83ff513e502442839d2eab02e2bed2f658d0464ff826d304e5e7,"{""distance"":5,""physical_error_rate"":0.0005}","{""detection_events"":67515,""detectors_checked"":40212480}"
    297984,         0,         0,   119.3,decoder_by_matrix,be0c214c078cdb5104153598b498575a1fc035ba16beb428536e5a87ee0a867f,"{""distance"":5,""physical_error_rate"":1e-06}","{""detection_events"":95,""detectors_checked"":50657280}"
   3174400,         0,         0,   119.6,decoder_by_matrix,6866428194f3c2ecf80b799fe3d7eaa0d7bfdd0bee14693d15f8abf3c1159eda,"{""distance"":5,""physical_error_rate"":1e-05}","{""detection_events"":17890,""detectors_checked"":539648000}"
   3202048,         0,         0,   119.6,decoder_by_matrix,161b5fe948dcfe007f335a5c57bcb8ff38ff3ea8726714a4cc08f5b9386b17ca,"{""distance"":5,""physical_error_rate"":5e-06}","{""detection_events"":9065,""detectors_checked"":544348160}"
   3188736,         0,         0,   119.6,decoder_by_matrix,6866428194f3c2ecf80b799fe3d7eaa0d7bfdd0bee14693d15f8abf3c1159eda,"{""distance"":5,""physical_error_rate"":1e-05}","{""detection_events"":18245,""detectors_checked"":542085120}"
   3152896,         0,         0,   119.6,decoder_by_matrix,161b5fe948dcfe007f335a5c57bcb8ff38ff3ea8726714a4cc08f5b9386b17ca,"{""distance"":5,""physical_error_rate"":5e-06}","{""detection_events"":8895,""detectors_checked"":535992320}"
   3123200,         0,         0,   119.6,decoder_by_matrix,cc9cd6551b3048ae216380ccb8ae5d3cca75b5b766fe651c47ef084ce4ce7dc6,"{""distance"":5,""physical_error_rate"":5e-05}","{""detection_events"":88915,""detectors_checked"":530944000}"
   3087360,         2,         0,   119.6,decoder_by_matrix,f0fc70a0432f83ff513e502442839d2eab02e2bed2f658d0464ff826d304e5e7,"{""distance"":5,""physical_error_rate"":0.0005}","{""detection_events"":875215,""detectors_checked"":524851200,""obs_mistake_mask=EE"":1,""obs_mistake_mask=E_"":1}"
   3074048,         0,         0,   119.6,decoder_by_matrix,a052b2ce6ed64a98931ebcd7492590a746d7ec6e385d9f4479eb5b69a31b01f0,"{""distance"":5,""physical_error_rate"":0.0001}","{""detection_events"":175220,""detectors_checked"":522588160}"
   3350528,         0,         0,   119.6,decoder_by_matrix,161b5fe948dcfe007f335a5c57bcb8ff38ff3ea8726714a4cc08f5b9386b17ca,"{""distance"":5,""physical_error_rate"":5e-06}","{""detection_events"":9035,""detectors_checked"":569589760}"
   3054592,         7,         0,   119.5,decoder_by_matrix,5b8a070a3cf8d31d64f24dbee89f3428cb9cab13fc59f7448d798f9bf08e9187,"{""distance"":5,""physical_error_rate"":0.001}","{""detection_events"":1738885,""detectors_checked"":519280640,""obs_mistake_mask=EE"":1,""obs_mistake_mask=E_"":3,""obs_mistake_mask=_E"":3}"
   3064832,         7,         0,   119.6,decoder_by_matrix,5b8a070a3cf8d31d64f24dbee89f3428cb9cab13fc59f7448d798f9bf08e9187,"{""distance"":5,""physical_error_rate"":0.001}","{""detection_events"":1742130,""detectors_checked"":521021440,""obs_mistake_mask=EE"":3,""obs_mistake_mask=E_"":3,""obs_mistake_mask=_E"":1}"
   3262464,         0,         0,   119.6,decoder_by_matrix,cc9cd6551b3048ae216380ccb8ae5d3cca75b5b766fe651c47ef084ce4ce7dc6,"{""distance"":5,""physical_error_rate"":5e-05}","{""detection_events"":93395,""detectors_checked"":554618880}"
   3395584,         0,         0,   119.6,decoder_by_matrix,be0c214c078cdb5104153598b498575a1fc035ba16beb428536e5a87ee0a867f,"{""distance"":5,""physical_error_rate"":1e-06}","{""detection_events"":1770,""detectors_checked"":577249280}"
   3016704,         0,         0,   119.6,decoder_by_matrix,be0c214c078cdb5104153598b498575a1fc035ba16beb428536e5a87ee0a867f,"{""distance"":5,""physical_error_rate"":1e-06}","{""detection_events"":1925,""detectors_checked"":512839680}"
   3093504,         0,         0,   119.6,decoder_by_matrix,f0fc70a0432f83ff513e502442839d2eab02e2bed2f658d0464ff826d304e5e7,"{""distance"":5,""physical_error_rate"":0.0005}","{""detection_events"":880875,""detectors_checked"":525895680}"
   3232768,         0,         0,   119.6,decoder_by_matrix,a052b2ce6ed64a98931ebcd7492590a746d7ec6e385d9f4479eb5b69a31b01f0,"{""distance"":5,""physical_error_rate"":0.0001}","{""detection_events"":185985,""detectors_checked"":549570560}"
   3129344,         0,         0,   119.6,decoder_by_matrix,a052b2ce6ed64a98931ebcd7492590a746d7ec6e385d9f4479eb5b69a31b01f0,"{""distance"":5,""physical_error_rate"":0.0001}","{""detection_events"":180195,""detectors_checked"":531988480}"
   3183616,         0,         0,   119.6,decoder_by_matrix,be0c214c078cdb5104153598b498575a1fc035ba16beb428536e5a87ee0a867f,"{""distance"":5,""physical_error_rate"":1e-06}","{""detection_events"":1965,""detectors_checked"":541214720}"
   3147776,         0,         0,   119.6,decoder_by_matrix,cc9cd6551b3048ae216380ccb8ae5d3cca75b5b766fe651c47ef084ce4ce7dc6,"{""distance"":5,""physical_error_rate"":5e-05}","{""detection_events"":87760,""detectors_checked"":535121920}"
   3161088,         0,         0,   119.6,decoder_by_matrix,6866428194f3c2ecf80b799fe3d7eaa0d7bfdd0bee14693d15f8abf3c1159eda,"{""distance"":5,""physical_error_rate"":1e-05}","{""detection_events"":17840,""detectors_checked"":537384960}"
   3067904,         1,         0,   119.6,decoder_by_matrix,f0fc70a0432f83ff513e502442839d2eab02e2bed2f658d0464ff826d304e5e7,"{""distance"":5,""physical_error_rate"":0.0005}","{""detection_events"":870320,""detectors_checked"":521543680,""obs_mistake_mask=_E"":1}"
    342016,         0,         0,   119.9,decoder_by_matrix,5b8a070a3cf8d31d64f24dbee89f3428cb9cab13fc59f7448d798f9bf08e9187,"{""distance"":5,""physical_error_rate"":0.001}","{""detection_events"":194240,""detectors_checked"":58142720}"
    290816,         0,         0,   119.4,decoder_by_matrix,be0c214c078cdb5104153598b498575a1fc035ba16beb428536e5a87ee0a867f,"{""distance"":5,""physical_error_rate"":1e-06}","{""detection_events"":165,""detectors_checked"":49438720}"
    288256,         1,         0,   119.7,decoder_by_matrix,5b8a070a3cf8d31d64f24dbee89f3428cb9cab13fc59f7448d798f9bf08e9187,"{""distance"":5,""physical_error_rate"":0.001}","{""detection_events"":167055,""detectors_checked"":49003520,""obs_mistake_mask=E_"":1}"
    336896,         0,         0,   119.2,decoder_by_matrix,cc9cd6551b3048ae216380ccb8ae5d3cca75b5b766fe651c47ef084ce4ce7dc6,"{""distance"":5,""physical_error_rate"":5e-05}","{""detection_events"":9980,""detectors_checked"":57272320}"
    336896,         0,         0,   119.6,decoder_by_matrix,161b5fe948dcfe007f335a5c57bcb8ff38ff3ea8726714a4cc08f5b9386b17ca,"{""distance"":5,""physical_error_rate"":5e-06}","{""detection_events"":1105,""detectors_checked"":57272320}"
    324608,         0,         0,   118.6,decoder_by_matrix,f0fc70a0432f83ff513e502442839d2eab02e2bed2f658d0464ff826d304e5e7,"{""distance"":5,""physical_error_rate"":0.0005}","{""detection_events"":94160,""detectors_checked"":55183360}"
    317440,         0,         0,   119.6,decoder_by_matrix,5b8a070a3cf8d31d64f24dbee89f3428cb9cab13fc59f7448d798f9bf08e9187,"{""distance"":5,""physical_error_rate"":0.001}","{""detection_events"":177595,""detectors_checked"":53964800}"
    310272,         0,         0,   119.4,decoder_by_matrix,6866428194f3c2ecf80b799fe3d7eaa0d7bfdd0bee14693d15f8abf3c1159eda,"{""distance"":5,""physical_error_rate"":1e-05}","{""detection_events"":1645,""detectors_checked"":52746240}"
    319488,         0,         0,   119.5,decoder_by_matrix,cc9cd6551b3048ae216380ccb8ae5d3cca75b5b766fe651c47ef084ce4ce7dc6,"{""distance"":5,""physical_error_rate"":5e-05}","{""detection_events"":9025,""detectors_checked"":54312960}"
    314368,         1,         0,   119.5,decoder_by_matrix,5b8a070a3cf8d31d64f24dbee89f3428cb9cab13fc59f7448d798f9bf08e9187,"{""distance"":5,""physical_error_rate"":0.001}","{""detection_events"":180275,""detectors_checked"":53442560,""obs_mistake_mask=_E"":1}"
    287744,         0,         0,   120.8,decoder_by_matrix,a052b2ce6ed64a98931ebcd7492590a746d7ec6e385d9f4479eb5b69a31b01f0,"{""distance"":5,""physical_error_rate"":0.0001}","{""detection_events"":16560,""detectors_checked"":48916480}"
    313344,         0,         0,   119.6,decoder_by_matrix,a052b2ce6ed64a98931ebcd7492590a746d7ec6e385d9f4479eb5b69a31b01f0,"{""distance"":5,""physical_error_rate"":0.0001}","{""detection_events"":18665,""detectors_checked"":53268480}"
   3184640,         0,         0,   119.6,decoder_by_matrix,be0c214c078cdb5104153598b498575a1fc035ba16beb428536e5a87ee0a867f,"{""distance"":5,""physical_error_rate"":1e-06}","{""detection_events"":1675,""detectors_checked"":541388800}"
   3178496,         0,         0,   119.6,decoder_by_matrix,161b5fe948dcfe007f335a5c57bcb8ff38ff3ea8726714a4cc08f5b9386b17ca,"{""distance"":5,""physical_error_rate"":5e-06}","{""detection_events"":9220,""detectors_checked"":540344320}"
    325632,         0,         0,   119.7,decoder_by_matrix,cc9cd6551b3048ae216380ccb8ae5d3cca75b5b766fe651c47ef084ce4ce7dc6,"{""distance"":5,""physical_error_rate"":5e-05}","{""detection_events"":9275,""detectors_checked"":55357440}"
    326656,         0,         0,   118.2,decoder_by_matrix,a052b2ce6ed64a98931ebcd7492590a746d7ec6e385d9f4479eb5b69a31b01f0,"{""distance"":5,""physical_error_rate"":0.0001}","{""detection_events"":18135,""detectors_checked"":55531520}"
    330752,         0,         0,   119.4,decoder_by_matrix,6866428194f3c2ecf80b799fe3d7eaa0d7bfdd0bee14693d15f8abf3c1159eda,"{""distance"":5,""physical_error_rate"":1e-05}","{""detection_events"":1655,""detectors_checked"":56227840}"
    305152,         0,         0,   120.1,decoder_by_matrix,f0fc70a0432f83ff513e502442839d2eab02e2bed2f658d0464ff826d304e5e7,"{""distance"":5,""physical_error_rate"":0.0005}","{""detection_events"":87285,""detectors_checked"":51875840}"
   3362816,         0,         0,   119.6,decoder_by_matrix,be0c214c078cdb5104153598b498575a1fc035ba16beb428536e5a87ee0a867f,"{""distance"":5,""physical_error_rate"":1e-06}","{""detection_events"":2040,""detectors_checked"":571678720}"
   3321856,         0,         0,   119.6,decoder_by_matrix,161b5fe948dcfe007f335a5c57bcb8ff38ff3ea8726714a4cc08f5b9386b17ca,"{""distance"":5,""physical_error_rate"":5e-06}","{""detection_events"":9345,""detectors_checked"":564715520}"
    335872,         0,         0,   119.1,decoder_by_matrix,cc9cd6551b3048ae216380ccb8ae5d3cca75b5b766fe651c47ef084ce4ce7dc6,"{""distance"":5,""physical_error_rate"":5e-05}","{""detection_events"":8830,""detectors_checked"":57098240}"
    285696,         0,         0,   119.5,decoder_by_matrix,6866428194f3c2ecf80b799fe3d7eaa0d7bfdd0bee14693d15f8abf3c1159eda,"{""distance"":5,""physical_error_rate"":1e-05}","{""detection_events"":1450,""detectors_checked"":48568320}"
    315392,         0,         0,   119.6,decoder_by_matrix,a052b2ce6ed64a98931ebcd7492590a746d7ec6e385d9f4479eb5b69a31b01f0,"{""distance"":5,""physical_error_rate"":0.0001}","{""detection_events"":18645,""detectors_checked"":53616640}"
    276480,         0,         0,   119.8,decoder_by_matrix,f0fc70a0432f83ff513e502442839d2eab02e2bed2f658d0464ff826d304e5e7,"{""distance"":5,""physical_error_rate"":0.0005}","{""detection_events"":76745,""detectors_checked"":47001600}"
    293888,         0,         0,   119.5,decoder_by_matrix,6866428194f3c2ecf80b799fe3d7eaa0d7bfdd0bee14693d15f8abf3c1159eda,"{""distance"":5,""physical_error_rate"":1e-05}","{""detection_events"":1190,""detectors_checked"":49960960}"
    292864,         0,         0,   119.6,decoder_by_matrix,161b5fe948dcfe007f335a5c57bcb8ff38ff3ea8726714a4cc08f5b9386b17ca,"{""distance"":5,""physical_error_rate"":5e-06}","{""detection_events"":580,""detectors_checked"":49786880}"
    246784,         0,         0,   120.1,decoder_by_matrix,f0fc70a0432f83ff513e502442839d2eab02e2bed2f658d0464ff826d304e5e7,"{""distance"":5,""physical_error_rate"":0.0005}","{""detection_events"":69390,""detectors_checked"":41953280}"
    299008,         0,         0,   119.4,decoder_by_matrix,be0c214c078cdb5104153598b498575a1fc035ba16beb428536e5a87ee0a867f,"{""distance"":5,""physical_error_rate"":1e-06}","{""detection_events"":85,""detectors_checked"":50831360}"
   3175424,         0,         0,   119.6,decoder_by_matrix,6866428194f3c2ecf80b799fe3d7eaa0d7bfdd0bee14693d15f8abf3c1159eda,"{""distance"":5,""physical_error_rate"":1e-05}","{""detection_events"":17390,""detectors_checked"":539822080}"
   3155968,         0,         0,   119.6,decoder_by_matrix,161b5fe948dcfe007f335a5c57bcb8ff38ff3ea8726714a4cc08f5b9386b17ca,"{""distance"":5,""physical_error_rate"":5e-06}","{""detection_events"":8795,""detectors_checked"":536514560}"
   3152896,         0,         0,   119.6,decoder_by_matrix,6866428194f3c2ecf80b799fe3d7eaa0d7bfdd0bee14693d15f8abf3c1159eda,"{""distance"":5,""physical_error_rate"":1e-05}","{""detection_events"":18505,""detectors_checked"":535992320}"
   3161088,         0,         0,   119.6,decoder_by_matrix,161b5fe948dcfe007f335a5c57bcb8ff38ff3ea8726714a4cc08f5b9386b17ca,"{""distance"":5,""physical_error_rate"":5e-06}","{""detection_events"":9090,""detectors_checked"":537384960}"
   3134464,         0,         0,   119.6,decoder_by_matrix,cc9cd6551b3048ae216380ccb8ae5d3cca75b5b766fe651c47ef084ce4ce7dc6,"{""distance"":5,""physical_error_rate"":5e-05}","{""detection_events"":87865,""detectors_checked"":532858880}"
   3082240,         0,         0,   119.6,decoder_by_matrix,a052b2ce6ed64a98931ebcd7492590a746d7ec6e385d9f4479eb5b69a31b01f0,"{""distance"":5,""physical_error_rate"":0.0001}","{""detection_events"":175300,""detectors_checked"":523980800}"
   3048448,         1,         0,   119.6,decoder_by_matrix,f0fc70a0432f83ff513e502442839d2eab02e2bed2f658d0464ff826d304e5e7,"{""distance"":5,""physical_error_rate"":0.0005}","{""detection_events"":869165,""detectors_checked"":518236160,""obs_mistake_mask=EE"":1}"
   3354624,         0,         0,   119.6,decoder_by_matrix,161b5fe948dcfe007f335a5c57bcb8ff38ff3ea8726714a4cc08f5b9386b17ca,"{""distance"":5,""physical_error_rate"":5e-06}","{""detection_events"":8935,""detectors_checked"":570286080}"
   3101696,         4,         0,   119.6,decoder_by_matrix,5b8a070a3cf8d31d64f24dbee89f3428cb9cab13fc59f7448d798f9bf08e9187,"{""distance"":5,""physical_error_rate"":0.001}","{""detection_events"":1755540,""detectors_checked"":527288320,""obs_mistake_mask=EE"":1,""obs_mistake_mask=_E"":3}"
   3070976,         6,         0,   119.6,decoder_by_matrix,5b8a070a3cf8d31d64f24dbee89f3428cb9cab13fc59f7448d798f9bf08e9187,"{""distance"":5,""physical_error_rate"":0.001}","{""detection_events"":1734700,""detectors_checked"":522065920,""obs_mistake_mask=EE"":2,""obs_mistake_mask=E_"":1,""obs_mistake_mask=_E"":3}"
   3272704,         0,         0,   119.6,decoder_by_matrix,cc9cd6551b3048ae216380ccb8ae5d3cca75b5b766fe651c47ef084ce4ce7dc6,"{""distance"":5,""physical_error_rate"":5e-05}","{""detection_events"":91370,""detectors_checked"":556359680}"
   3402752,         0,         0,   119.6,decoder_by_matrix,be0c214c078cdb5104153598b498575a1fc035ba16beb428536e5a87ee0a867f,"{""distance"":5,""physical_error_rate"":1e-06}","{""detection_events"":1980,""detectors_checked"":578467840}"
   2956288,         0,         0,   119.6,decoder_by_matrix,be0c214c078cdb5104153598b498575a1fc035ba16beb428536e5a87ee0a867f,"{""distance"":5,""physical_error_rate"":1e-06}","{""detection_events"":1820,""detectors_checked"":502568960}"
   3098624,         2,         0,   119.6,decoder_by_matrix,f0fc70a0432f83ff513e502442839d2eab02e2bed2f658d0464ff826d304e5e7,"{""distance"":5,""physical_error_rate"":0.0005}","{""detection_events"":883970,""detectors_checked"":526766080,""obs_mistake_mask=E_"":2}"
   3084288,         0,         0,   119.6,decoder_by_matrix,a052b2ce6ed64a98931ebcd7492590a746d7ec6e385d9f4479eb5b69a31b01f0,"{""distance"":5,""physical_error_rate"":0.0001}","{""detection_events"":173585,""detectors_checked"":524328960}"
   3233792,         0,         0,   119.6,decoder_by_matrix,a052b2ce6ed64a98931ebcd7492590a746d7ec6e385d9f4479eb5b69a31b01f0,"{""distance"":5,""physical_error_rate"":0.0001}","{""detection_events"":184345,""detectors_checked"":549744640}"
   3171328,         0,         0,   119.6,decoder_by_matrix,be0c214c078cdb5104153598b498575a1fc035ba16beb428536e5a87ee0a867f,"{""distance"":5,""physical_error_rate"":1e-06}","{""detection_events"":2210,""detectors_checked"":539125760}"
   3165184,         0,         0,   119.6,decoder_by_matrix,6866428194f3c2ecf80b799fe3d7eaa0d7bfdd0bee14693d15f8abf3c1159eda,"{""distance"":5,""physical_error_rate"":1e-05}","{""detection_events"":18655,""detectors_checked"":538081280}"
   3091456,         0,         0,   119.6,decoder_by_matrix,cc9cd6551b3048ae216380ccb8ae5d3cca75b5b766fe651c47ef084ce4ce7dc6,"{""distance"":5,""physical_error_rate"":5e-05}","{""detection_events"":86040,""detectors_checked"":525547520}"
   3080192,         1,         0,   119.6,decoder_by_matrix,f0fc70a0432f83ff513e502442839d2eab02e2bed2f658d0464ff826d304e5e7,"{""distance"":5,""physical_error_rate"":0.0005}","{""detection_events"":874050,""detectors_checked"":523632640,""obs_mistake_mask=EE"":1}"
    343040,         2,         0,   119.4,decoder_by_matrix,5b8a070a3cf8d31d64f24dbee89f3428cb9cab13fc59f7448d798f9bf08e9187,"{""distance"":5,""physical_error_rate"":0.001}","{""detection_events"":195980,""detectors_checked"":58316800,""obs_mistake_mask=E_"":2}"
    286720,         0,         0,   119.1,decoder_by_matrix,be0c214c078cdb5104153598b498575a1fc035ba16beb428536e5a87ee0a867f,"{""distance"":5,""physical_error_rate"":1e-06}","{""detection_events"":135,""detectors_checked"":48742400}"
    285696,         0,         0,   119.2,decoder_by_matrix,5b8a070a3cf8d31d64f24dbee89f3428cb9cab13fc59f7448d798f9bf08e9187,"{""distance"":5,""physical_error_rate"":0.001}","{""detection_events"":158940,""detectors_checked"":48568320}"
    271360,         0,         0,   119.2,decoder_by_matrix,cc9cd6551b3048ae216380ccb8ae5d3cca75b5b766fe651c47ef084ce4ce7dc6,"{""distance"":5,""physical_error_rate"":5e-05}","{""detection_events"":7585,""detectors_checked"":46131200}"
    272384,         0,         0,   120.0,decoder_by_matrix,161b5fe948dcfe007f335a5c57bcb8ff38ff3ea8726714a4cc08f5b9386b17ca,"{""distance"":5,""physical_error_rate"":5e-06}","{""detection_events"":545,""detectors_checked"":46305280}"
    325632,         0,         0,   119.2,decoder_by_matrix,f0fc70a0432f83ff513e502442839d2eab02e2bed2f658d0464ff826d304e5e7,"{""distance"":5,""physical_error_rate"":0.0005}","{""detection_events"":92070,""detectors_checked"":55357440}"
    319488,         0,         0,   119.3,decoder_by_matrix,cc9cd6551b3048ae216380ccb8ae5d3cca75b5b766fe651c47ef084ce4ce7dc6,"{""distance"":5,""physical_error_rate"":5e-05}","{""detection_events"":9030,""detectors_checked"":54312960}"
    351232,         0,         0,   119.2,decoder_by_matrix,6866428194f3c2ecf80b799fe3d7eaa0d7bfdd0bee14693d15f8abf3c1159eda,"{""distance"":5,""physical_error_rate"":1e-05}","{""detection_events"":1845,""detectors_checked"":59709440}"
    316416,         1,         0,   119.6,decoder_by_matrix,5b8a070a3cf8d31d64f24dbee89f3428cb9cab13fc59f7448d798f9bf08e9187,"{""distance"":5,""physical_error_rate"":0.001}","{""detection_events"":178215,""detectors_checked"":53790720,""obs_mistake_mask=_E"":1}"
    314368,         0,         0,   119.7,decoder_by_matrix,5b8a070a3cf8d31d64f24dbee89f3428cb9cab13fc59f7448d798f9bf08e9187,"{""distance"":5,""physical_error_rate"":0.001}","{""detection_events"":179535,""detectors_checked"":53442560}"
    218112,         0,         0,   119.7,decoder_by_matrix,a052b2ce6ed64a98931ebcd7492590a746d7ec6e385d9f4479eb5b69a31b01f0,"{""distance"":5,""physical_error_rate"":0.0001}","{""detection_events"":12420,""detectors_checked"":37079040}"
    315392,         0,         0,   119.5,decoder_by_matrix,a052b2ce6ed64a98931ebcd7492590a746d7ec6e385d9f4479eb5b69a31b01f0,"{""distance"":5,""physical_error_rate"":0.0001}","{""detection_events"":17940,""detectors_checked"":53616640}"
   3195904,         0,         0,   119.6,decoder_by_matrix,be0c214c078cdb5104153598b498575a1fc035ba16beb428536e5a87ee0a867f,"{""distance"":5,""physical_error_rate"":1e-06}","{""detection_events"":1805,""detectors_checked"":543303680}"
   3176448,         0,         0,   119.6,decoder_by_matrix,161b5fe948dcfe007f335a5c57bcb8ff38ff3ea8726714a4cc08f5b9386b17ca,"{""distance"":5,""physical_error_rate"":5e-06}","{""detection_events"":9655,""detectors_checked"":539996160}"
    324608,         0,         0,   119.4,decoder_by_matrix,cc9cd6551b3048ae216380ccb8ae5d3cca75b5b766fe651c47ef084ce4ce7dc6,"{""distance"":5,""physical_error_rate"":5e-05}","{""detection_events"":9245,""detectors_checked"":55183360}"
    326656,         0,         0,   119.1,decoder_by_matrix,a052b2ce6ed64a98931ebcd7492590a746d7ec6e385d9f4479eb5b69a31b01f0,"{""distance"":5,""physical_error_rate"":0.0001}","{""detection_events"":19575,""detectors_checked"":55531520}"
    330752,         0,         0,   119.3,decoder_by_matrix,6866428194f3c2ecf80b799fe3d7eaa0d7bfdd0bee14693d15f8abf3c1159eda,"{""distance"":5,""physical_error_rate"":1e-05}","{""detection_events"":1805,""detectors_checked"":56227840}"
    283648,         0,         0,   120.1,decoder_by_matrix,f0fc70a0432f83ff513e502442839d2eab02e2bed2f658d0464ff826d304e5e7,"{""distance"":5,""physical_error_rate"":0.0005}","{""detection_events"":81195,""detectors_checked"":48220160}"
   3352576,         0,         0,   119.6,decoder_by_matrix,be0c214c078cdb5104153598b498575a1fc035ba16beb428536e5a87ee0a867f,"{""distance"":5,""physical_error_rate"":1e-06}","{""detection_events"":1875,""detectors_checked"":569937920}"
   3316736,         0,         0,   119.6,decoder_by_matrix,161b5fe948dcfe007f335a5c57bcb8ff38ff3ea8726714a4cc08f5b9386b17ca,"{""distance"":5,""physical_error_rate"":5e-06}","{""detection_events"":8885,""detectors_checked"":563845120}"
    329728,         0,         0,   118.7,decoder_by_matrix,cc9cd6551b3048ae216380ccb8ae5d3cca75b5b766fe651c47ef084ce4ce7dc6,"{""distance"":5,""physical_error_rate"":5e-05}","{""detection_events"":9285,""detectors_checked"":56053760}"
    279552,         0,         0,   119.9,decoder_by_matrix,6866428194f3c2ecf80b799fe3d7eaa0d7bfdd0bee14693d15f8abf3c1159eda,"{""distance"":5,""physical_error_rate"":1e-05}","{""detection_events"":1640,""detectors_checked"":47523840}"
    312320,         0,         0,   119.5,decoder_by_matrix,a052b2ce6ed64a98931ebcd7492590a746d7ec6e385d9f4479eb5b69a31b01f0,"{""distance"":5,""physical_error_rate"":0.0001}","{""detection_events"":17775,""detectors_checked"":53094400}"
    272384,         0,         0,   119.7,decoder_by_matrix,f0fc70a0432f83ff513e502442839d2eab02e2bed2f658d0464ff826d304e5e7,"{""distance"":5,""physical_error_rate"":0.0005}","{""detection_events"":79050,""detectors_checked"":46305280}"
    309248,         0,         0,   119.5,decoder_by_matrix,6866428194f3c2ecf80b799fe3d7eaa0d7bfdd0bee14693d15f8abf3c1159eda,"{""distance"":5,""physical_error_rate"":1e-05}","{""detection_events"":1680,""detectors_checked"":52572160}"
    288768,         0,         0,   119.7,decoder_by_matrix,161b5fe948dcfe007f335a5c57bcb8ff38ff3ea8726714a4cc08f5b9386b17ca,"{""distance"":5,""physical_error_rate"":5e-06}","{""detection_events"":720,""detectors_checked"":49090560}"
    261120,         0,         0,   120.1,decoder_by_matrix,f0fc70a0432f83ff513e502442839d2eab02e2bed2f658d0464ff826d304e5e7,"{""distance"":5,""physical_error_rate"":0.0005}","{""detection_events"":76255,""detectors_checked"":44390400}"
    288768,         0,         0,   119.3,decoder_by_matrix,be0c214c078cdb5104153598b498575a1fc035ba16beb428536e5a87ee0a867f,"{""distance"":5,""physical_error_rate"":1e-06}","{""detection_events"":180,""detectors_checked"":49090560}"
   3214336,         0,         0,   119.6,decoder_by_matrix,161b5fe948dcfe007f335a5c57bcb8ff38ff3ea8726714a4cc08f5b9386b17ca,"{""distance"":5,""physical_error_rate"":5e-06}","{""detection_events"":8510,""detectors_checked"":546437120}"
   3177472,         0,         0,   119.6,decoder_by_matrix,6866428194f3c2ecf80b799fe3d7eaa0d7bfdd0bee14693d15f8abf3c1159eda,"{""distance"":5,""physical_error_rate"":1e-05}","{""detection_events"":19185,""detectors_checked"":540170240}"
   3217408,         0,         0,   119.6,decoder_by_matrix,6866428194f3c2ecf80b799fe3d7eaa0d7bfdd0bee14693d15f8abf3c1159eda,"{""distance"":5,""physical_error_rate"":1e-05}","{""detection_events"":18110,""detectors_checked"":546959360}"
   3156992,         0,         0,   119.6,decoder_by_matrix,161b5fe948dcfe007f335a5c57bcb8ff38ff3ea8726714a4cc08f5b9386b17ca,"{""distance"":5,""physical_error_rate"":5e-06}","{""detection_events"":8655,""detectors_checked"":536688640}"
   3131392,         0,         0,   119.6,decoder_by_matrix,cc9cd6551b3048ae216380ccb8ae5d3cca75b5b766fe651c47ef084ce4ce7dc6,"{""distance"":5,""physical_error_rate"":5e-05}","{""detection_events"":89410,""detectors_checked"":532336640}"
   3077120,         0,         0,   119.6,decoder_by_matrix,a052b2ce6ed64a98931ebcd7492590a746d7ec6e385d9f4479eb5b69a31b01f0,"{""distance"":5,""physical_error_rate"":0.0001}","{""detection_events"":176685,""detectors_checked"":523110400}"
   3120128,         0,         0,   119.6,decoder_by_matrix,f0fc70a0432f83ff513e502442839d2eab02e2bed2f658d0464ff826d304e5e7,"{""distance"":5,""physical_error_rate"":0.0005}","{""detection_events"":888065,""detectors_checked"":530421760}"
   3351552,         0,         0,   119.6,decoder_by_matrix,161b5fe948dcfe007f335a5c57bcb8ff38ff3ea8726714a4cc08f5b9386b17ca,"{""distance"":5,""physical_error_rate"":5e-06}","{""detection_events"":9755,""detectors_checked"":569763840}"
   3101696,         6,         0,   119.6,decoder_by_matrix,5b8a070a3cf8d31d64f24dbee89f3428cb9cab13fc59f7448d798f9bf08e9187,"{""distance"":5,""physical_error_rate"":0.001}","{""detection_events"":1751215,""detectors_checked"":527288320,""obs_mistake_mask=EE"":1,""obs_mistake_mask=E_"":3,""obs_mistake_mask=_E"":2}"
   3065856,         8,         0,   119.6,decoder_by_matrix,5b8a070a3cf8d31d64f24dbee89f3428cb9cab13fc59f7448d798f9bf08e9187,"{""distance"":5,""physical_error_rate"":0.001}","{""detection_events"":1747500,""detectors_checked"":521195520,""obs_mistake_mask=EE"":1,""obs_mistake_mask=E_"":1,""obs_mistake_mask=_E"":6}"
   3267584,         0,         0,   119.6,decoder_by_matrix,cc9cd6551b3048ae216380ccb8ae5d3cca75b5b766fe651c47ef084ce4ce7dc6,"{""distance"":5,""physical_error_rate"":5e-05}","{""detection_events"":93555,""detectors_checked"":555489280}"
   3398656,         0,         0,   119.6,decoder_by_matrix,be0c214c078cdb5104153598b498575a1fc035ba16beb428536e5a87ee0a867f,"{""distance"":5,""physical_error_rate"":1e-06}","{""detection_events"":1915,""detectors_checked"":577771520}"
   3017728,         0,         0,   119.6,decoder_by_matrix,be0c214c078cdb5104153598b498575a1fc035ba16beb428536e5a87ee0a867f,"{""distance"":5,""physical_error_rate"":1e-06}","{""detection_events"":1675,""detectors_checked"":513013760}"
   3100672,         1,         0,   119.6,decoder_by_matrix,f0fc70a0432f83ff513e502442839d2eab02e2bed2f658d0464ff826d304e5e7,"{""distance"":5,""physical_error_rate"":0.0005}","{""detection_events"":884030,""detectors_checked"":527114240,""obs_mistake_mask=EE"":1}"
   3125248,         0,         0,   119.6,decoder_by_matrix,a052b2ce6ed64a98931ebcd7492590a746d7ec6e385d9f4479eb5b69a31b01f0,"{""distance"":5,""physical_error_rate"":0.0001}","{""detection_events"":178405,""detectors_checked"":531292160}"
   3236864,         0,         0,   119.6,decoder_by_matrix,a052b2ce6ed64a98931ebcd7492590a746d7ec6e385d9f4479eb5b69a31b01f0,"{""distance"":5,""physical_error_rate"":0.0001}","{""detection_events"":187225,""detectors_checked"":550266880}"
   3212288,         0,         0,   119.5,decoder_by_matrix,be0c214c078cdb5104153598b498575a1fc035ba16beb428536e5a87ee0a867f,"{""distance"":5,""physical_error_rate"":1e-06}","{""detection_events"":1625,""detectors_checked"":546088960}"
   3166208,         0,         0,   119.6,decoder_by_matrix,6866428194f3c2ecf80b799fe3d7eaa0d7bfdd0bee14693d15f8abf3c1159eda,"{""distance"":5,""physical_error_rate"":1e-05}","{""detection_events"":16770,""detectors_checked"":538255360}"
   3158016,         0,         0,   119.6,decoder_by_matrix,cc9cd6551b3048ae216380ccb8ae5d3cca75b5b766fe651c47ef084ce4ce7dc6,"{""distance"":5,""physical_error_rate"":5e-05}","{""detection_events"":90980,""detectors_checked"":536862720}"
   3078144,         1,         0,   119.6,decoder_by_matrix,f0fc70a0432f83ff513e502442839d2eab02e2bed2f658d0464ff826d304e5e7,"{""distance"":5,""physical_error_rate"":0.0005}","{""detection_events"":881285,""detectors_checked"":523284480,""obs_mistake_mask=_E"":1}"
    334848,         1,         0,   118.8,decoder_by_matrix,5b8a070a3cf8d31d64f24dbee89f3428cb9cab13fc59f7448d798f9bf08e9187,"{""distance"":5,""physical_error_rate"":0.001}","{""detection_events"":190160,""detectors_checked"":56924160,""obs_mistake_mask=_E"":1}"
    277504,         0,         0,   119.3,decoder_by_matrix,be0c214c078cdb5104153598b498575a1fc035ba16beb428536e5a87ee0a867f,"{""distance"":5,""physical_error_rate"":1e-06}","{""detection_events"":105,""detectors_checked"":47175680}"
    241664,         0,         0,   119.7,decoder_by_matrix,5b8a070a3cf8d31d64f24dbee89f3428cb9cab13fc59f7448d798f9bf08e9187,"{""distance"":5,""physical_error_rate"":0.001}","{""detection_events"":138550,""detectors_checked"":41082880}"
    299008,         0,         0,   119.5,decoder_by_matrix,cc9cd6551b3048ae216380ccb8ae5d3cca75b5b766fe651c47ef084ce4ce7dc6,"{""distance"":5,""physical_error_rate"":5e-05}","{""detection_events"":8335,""detectors_checked"":50831360}"
    299008,         0,         0,   119.3,decoder_by_matrix,161b5fe948dcfe007f335a5c57bcb8ff38ff3ea8726714a4cc08f5b9386b17ca,"{""distance"":5,""physical_error_rate"":5e-06}","{""detection_events"":610,""detectors_checked"":50831360}"
    344064,         0,         0,   119.3,decoder_by_matrix,6866428194f3c2ecf80b799fe3d7eaa0d7bfdd0bee14693d15f8abf3c1159eda,"{""distance"":5,""physical_error_rate"":1e-05}","{""detection_events"":1740,""detectors_checked"":58490880}"
    317440,         0,         0,   119.4,decoder_by_matrix,cc9cd6551b3048ae216380ccb8ae5d3cca75b5b766fe651c47ef084ce4ce7dc6,"{""distance"":5,""physical_error_rate"":5e-05}","{""detection_events"":9165,""detectors_checked"":53964800}"
    314368,         0,         0,   119.4,decoder_by_matrix,f0fc70a0432f83ff513e502442839d2eab02e2bed2f658d0464ff826d304e5e7,"{""distance"":5,""physical_error_rate"":0.0005}","{""detection_events"":87125,""detectors_checked"":53442560}"
    312320,         1,         0,   119.9,decoder_by_matrix,5b8a070a3cf8d31d64f24dbee89f3428cb9cab13fc59f7448d798f9bf08e9187,"{""distance"":5,""physical_error_rate"":0.001}","{""detection_events"":176805,""detectors_checked"":53094400,""obs_mistake_mask=EE"":1}"
    313344,         0,         0,   120.0,decoder_by_matrix,5b8a070a3cf8d31d64f24dbee89f3428cb9cab13fc59f7448d798f9bf08e9187,"{""distance"":5,""physical_error_rate"":0.001}","{""detection_events"":179660,""detectors_checked"":53268480}"
    296960,         0,         0,   119.8,decoder_by_matrix,a052b2ce6ed64a98931ebcd7492590a746d7ec6e385d9f4479eb5b69a31b01f0,"{""distance"":5,""physical_error_rate"":0.0001}","{""detection_events"":16895,""detectors_checked"":50483200}"
    306176,         0,         0,   119.4,decoder_by_matrix,a052b2ce6ed64a98931ebcd7492590a746d7ec6e385d9f4479eb5b69a31b01f0,"{""distance"":5,""physical_error_rate"":0.0001}","{""detection_events"":17500,""detectors_checked"":52049920}"
   3196928,         0,         0,   119.6,decoder_by_matrix,be0c214c078cdb5104153598b498575a1fc035ba16beb428536e5a87ee0a867f,"{""distance"":5,""physical_error_rate"":1e-06}","{""detection_events"":1765,""detectors_checked"":543477760}"
   3175424,         0,         0,   119.6,decoder_by_matrix,161b5fe948dcfe007f335a5c57bcb8ff38ff3ea8726714a4cc08f5b9386b17ca,"{""distance"":5,""physical_error_rate"":5e-06}","{""detection_events"":8625,""detectors_checked"":539822080}"
    320512,         0,         0,   119.3,decoder_by_matrix,cc9cd6551b3048ae216380ccb8ae5d3cca75b5b766fe651c47ef084ce4ce7dc6,"{""distance"":5,""physical_error_rate"":5e-05}","{""detection_events"":8920,""detectors_checked"":54487040}"
    319488,         0,         0,   119.1,decoder_by_matrix,a052b2ce6ed64a98931ebcd7492590a746d7ec6e385d9f4479eb5b69a31b01f0,"{""distance"":5,""physical_error_rate"":0.0001}","{""detection_events"":17990,""detectors_checked"":54312960}"
    320512,         0,         0,   119.1,decoder_by_matrix,6866428194f3c2ecf80b799fe3d7eaa0d7bfdd0bee14693d15f8abf3c1159eda,"{""distance"":5,""physical_error_rate"":1e-05}","{""detection_events"":1635,""detectors_checked"":54487040}"
    234496,         0,         0,   120.5,decoder_by_matrix,f0fc70a0432f83ff513e502442839d2eab02e2bed2f658d0464ff826d304e5e7,"{""distance"":5,""physical_error_rate"":0.0005}","{""detection_events"":65890,""detectors_checked"":39864320}"
   3359744,         0,         0,   119.6,decoder_by_matrix,be0c214c078cdb5104153598b498575a1fc035ba16beb428536e5a87ee0a867f,"{""distance"":5,""physical_error_rate"":1e-06}","{""detection_events"":1945,""detectors_checked"":571156480}"
   3319808,         0,         0,   119.6,decoder_by_matrix,161b5fe948dcfe007f335a5c57bcb8ff38ff3ea8726714a4cc08f5b9386b17ca,"{""distance"":5,""physical_error_rate"":5e-06}","{""detection_events"":8925,""detectors_checked"":564367360}"
    326656,         0,         0,   119.4,decoder_by_matrix,cc9cd6551b3048ae216380ccb8ae5d3cca75b5b766fe651c47ef084ce4ce7dc6,"{""distance"":5,""physical_error_rate"":5e-05}","{""detection_events"":9520,""detectors_checked"":55531520}"
    273408,         0,         0,   119.5,decoder_by_matrix,6866428194f3c2ecf80b799fe3d7eaa0d7bfdd0bee14693d15f8abf3c1159eda,"{""distance"":5,""physical_error_rate"":1e-05}","{""detection_events"":1660,""detectors_checked"":46479360}"
    311296,         0,         0,   119.5,decoder_by_matrix,a052b2ce6ed64a98931ebcd7492590a746d7ec6e385d9f4479eb5b69a31b01f0,"{""distance"":5,""physical_error_rate"":0.0001}","{""detection_events"":18075,""detectors_checked"":52920320}"
    258048,         0,         0,   119.6,decoder_by_matrix,f0fc70a0432f83ff513e502442839d2eab02e2bed2f658d0464ff826d304e5e7,"{""distance"":5,""physical_error_rate"":0.0005}","{""detection_events"":75295,""detectors_checked"":43868160}"
    312320,         0,         0,   119.0,decoder_by_matrix,6866428194f3c2ecf80b799fe3d7eaa0d7bfdd0bee14693d15f8abf3c1159eda,"{""distance"":5,""physical_error_rate"":1e-05}","{""detection_events"":2140,""detectors_checked"":53094400}"
    271360,         0,         0,   119.2,decoder_by_matrix,161b5fe948dcfe007f335a5c57bcb8ff38ff3ea8726714a4cc08f5b9386b17ca,"{""distance"":5,""physical_error_rate"":5e-06}","{""detection_events"":690,""detectors_checked"":46131200}"
    264192,         0,         0,   119.7,decoder_by_matrix,f0fc70a0432f83ff513e502442839d2eab02e2bed2f658d0464ff826d304e5e7,"{""distance"":5,""physical_error_rate"":0.0005}","{""detection_events"":78715,""detectors_checked"":44912640}"
    281600,         0,         0,   119.4,decoder_by_matrix,be0c214c078cdb5104153598b498575a1fc035ba16beb428536e5a87ee0a867f,"{""distance"":5,""physical_error_rate"":1e-06}","{""detection_events"":140,""detectors_checked"":47872000}"
   3207168,         0,         0,   119.6,decoder_by_matrix,161b5fe948dcfe007f335a5c57bcb8ff38ff3ea8726714a4cc08f5b9386b17ca,"{""distance"":5,""physical_error_rate"":5e-06}","{""detection_events"":9675,""detectors_checked"":545218560}"
   3182592,         0,         0,   119.6,decoder_by_matrix,6866428194f3c2ecf80b799fe3d7eaa0d7bfdd0bee14693d15f8abf3c1159eda,"{""distance"":5,""physical_error_rate"":1e-05}","{""detection_events"":18255,""detectors_checked"":541040640}"
   3206144,         0,         0,   119.6,decoder_by_matrix,6866428194f3c2ecf80b799fe3d7eaa0d7bfdd0bee14693d15f8abf3c1159eda,"{""distance"":5,""physical_error_rate"":1e-05}","{""detection_events"":19385,""detectors_checked"":545044480}"
   3161088,         0,         0,   119.6,decoder_by_matrix,161b5fe948dcfe007f335a5c57bcb8ff38ff3ea8726714a4cc08f5b9386b17ca,"{""distance"":5,""physical_error_rate"":5e-06}","{""detection_events"":8620,""detectors_checked"":537384960}"
   3134464,         0,         0,   119.6,decoder_by_matrix,cc9cd6551b3048ae216380ccb8ae5d3cca75b5b766fe651c47ef084ce4ce7dc6,"{""distance"":5,""physical_error_rate"":5e-05}","{""detection_events"":88415,""detectors_checked"":532858880}"
   3085312,         0,         0,   119.6,decoder_by_matrix,a052b2ce6ed64a98931ebcd7492590a746d7ec6e385d9f4479eb5b69a31b01f0,"{""distance"":5,""physical_error_rate"":0.0001}","{""detection_events"":175420,""detectors_checked"":524503040}"
   3355648,         0,         0,   119.6,decoder_by_matrix,161b5fe948dcfe007f335a5c57bcb8ff38ff3ea8726714a4cc08f5b9386b17ca,"{""distance"":5,""physical_error_rate"":5e-06}","{""detection_events"":9490,""detectors_checked"":570460160}"
   3101696,         0,         0,   119.6,decoder_by_matrix,f0fc70a0432f83ff513e502442839d2eab02e2bed2f658d0464ff826d304e5e7,"{""distance"":5,""physical_error_rate"":0.0005}","{""detection_events"":878105,""detectors_checked"":527288320}"
   3075072,         5,         0,   119.6,decoder_by_matrix,5b8a070a3cf8d31d64f24dbee89f3428cb9cab13fc59f7448d798f9bf08e9187,"{""distance"":5,""physical_error_rate"":0.001}","{""detection_events"":1751835,""detectors_checked"":522762240,""obs_mistake_mask=EE"":1,""obs_mistake_mask=E_"":1,""obs_mistake_mask=_E"":3}"
   3066880,         5,         0,   119.5,decoder_by_matrix,5b8a070a3cf8d31d64f24dbee89f3428cb9cab13fc59f7448d798f9bf08e9187,"{""distance"":5,""physical_error_rate"":0.001}","{""detection_events"":1736645,""detectors_checked"":521369600,""obs_mistake_mask=EE"":1,""obs_mistake_mask=E_"":3,""obs_mistake_mask=_E"":1}"
   3269632,         0,         0,   119.6,decoder_by_matrix,cc9cd6551b3048ae216380ccb8ae5d3cca75b5b766fe651c47ef084ce4ce7dc6,"{""distance"":5,""physical_error_rate"":5e-05}","{""detection_events"":95575,""detectors_checked"":555837440}"
   3042304,         0,         0,   119.6,decoder_by_matrix,be0c214c078cdb5104153598b498575a1fc035ba16beb428536e5a87ee0a867f,"{""distance"":5,""physical_error_rate"":1e-06}","{""detection_events"":1560,""detectors_checked"":517191680}"
   3402752,         0,         0,   119.6,decoder_by_matrix,be0c214c078cdb5104153598b498575a1fc035ba16beb428536e5a87ee0a867f,"{""distance"":5,""physical_error_rate"":1e-06}","{""detection_events"":2110,""detectors_checked"":578467840}"
   3101696,         0,         0,   119.6,decoder_by_matrix,f0fc70a0432f83ff513e502442839d2eab02e2bed2f658d0464ff826d304e5e7,"{""distance"":5,""physical_error_rate"":0.0005}","{""detection_events"":881065,""detectors_checked"":527288320}"
   3126272,         0,         0,   119.6,decoder_by_matrix,a052b2ce6ed64a98931ebcd7492590a746d7ec6e385d9f4479eb5b69a31b01f0,"{""distance"":5,""physical_error_rate"":0.0001}","{""detection_events"":173605,""detectors_checked"":531466240}"
   3239936,         0,         0,   119.6,decoder_by_matrix,a052b2ce6ed64a98931ebcd7492590a746d7ec6e385d9f4479eb5b69a31b01f0,"{""distance"":5,""physical_error_rate"":0.0001}","{""detection_events"":184385,""detectors_checked"":550789120}"
   3213312,         0,         0,   119.5,decoder_by_matrix,be0c214c078cdb5104153598b498575a1fc035ba16beb428536e5a87ee0a867f,"{""distance"":5,""physical_error_rate"":1e-06}","{""detection_events"":1875,""detectors_checked"":546263040}"
   3170304,         0,         0,   119.6,decoder_by_matrix,6866428194f3c2ecf80b799fe3d7eaa0d7bfdd0bee14693d15f8abf3c1159eda,"{""distance"":5,""physical_error_rate"":1e-05}","{""detection_events"":17235,""detectors_checked"":538951680}"
   3144704,         0,         0,   119.6,decoder_by_matrix,cc9cd6551b3048ae216380ccb8ae5d3cca75b5b766fe651c47ef084ce4ce7dc6,"{""distance"":5,""physical_error_rate"":5e-05}","{""detection_events"":90450,""detectors_checked"":534599680}"
   3073024,         2,         0,   119.6,decoder_by_matrix,f0fc70a0432f83ff513e502442839d2eab02e2bed2f658d0464ff826d304e5e7,"{""distance"":5,""physical_error_rate"":0.0005}","{""detection_events"":874775,""detectors_checked"":522414080,""obs_mistake_mask=_E"":2}"
    350208,         0,         0,   119.4,decoder_by_matrix,5b8a070a3cf8d31d64f24dbee89f3428cb9cab13fc59f7448d798f9bf08e9187,"{""distance"":5,""physical_error_rate"":0.001}","{""detection_events"":200260,""detectors_checked"":59535360}"
    320512,         0,         0,   120.0,decoder_by_matrix,be0c214c078cdb5104153598b498575a1fc035ba16beb428536e5a87ee0a867f,"{""distance"":5,""physical_error_rate"":1e-06}","{""detection_events"":80,""detectors_checked"":54487040}"
    339968,         1,         0,   119.2,decoder_by_matrix,5b8a070a3cf8d31d64f24dbee89f3428cb9cab13fc59f7448d798f9bf08e9187,"{""distance"":5,""physical_error_rate"":0.001}","{""detection_events"":192365,""detectors_checked"":57794560,""obs_mistake_mask=_E"":1}"
    356352,         0,         0,   119.4,decoder_by_matrix,cc9cd6551b3048ae216380ccb8ae5d3cca75b5b766fe651c47ef084ce4ce7dc6,"{""distance"":5,""physical_error_rate"":5e-05}","{""detection_events"":10365,""detectors_checked"":60579840}"
    325632,         0,         0,   119.7,decoder_by_matrix,161b5fe948dcfe007f335a5c57bcb8ff38ff3ea8726714a4cc08f5b9386b17ca,"{""distance"":5,""physical_error_rate"":5e-06}","{""detection_events"":750,""detectors_checked"":55357440}"
    367616,         0,         0,   119.5,decoder_by_matrix,6866428194f3c2ecf80b799fe3d7eaa0d7bfdd0bee14693d15f8abf3c1159eda,"{""distance"":5,""physical_error_rate"":1e-05}","{""detection_events"":2155,""detectors_checked"":62494720}"
    325632,         0,         0,   119.4,decoder_by_matrix,cc9cd6551b3048ae216380ccb8ae5d3cca75b5b766fe651c47ef084ce4ce7dc6,"{""distance"":5,""physical_error_rate"":5e-05}","{""detection_events"":8640,""detectors_checked"":55357440}"
    331776,         0,         0,   119.5,decoder_by_matrix,f0fc70a0432f83ff513e502442839d2eab02e2bed2f658d0464ff826d304e5e7,"{""distance"":5,""physical_error_rate"":0.0005}","{""detection_events"":94870,""detectors_checked"":56401920}"
    322560,         1,         0,   119.6,decoder_by_matrix,5b8a070a3cf8d31d64f24dbee89f3428cb9cab13fc59f7448d798f9bf08e9187,"{""distance"":5,""physical_error_rate"":0.001}","{""detection_events"":182185,""detectors_checked"":54835200,""obs_mistake_mask=E_"":1}"
    316416,         2,         0,   119.4,decoder_by_matrix,5b8a070a3cf8d31d64f24dbee89f3428cb9cab13fc59f7448d798f9bf08e9187,"{""distance"":5,""physical_error_rate"":0.001}","{""detection_events"":179445,""detectors_checked"":53790720,""obs_mistake_mask=_E"":2}"
    326656,         0,         0,   119.6,decoder_by_matrix,a052b2ce6ed64a98931ebcd7492590a746d7ec6e385d9f4479eb5b69a31b01f0,"{""distance"":5,""physical_error_rate"":0.0001}","{""detection_events"":18100,""detectors_checked"":55531520}"
    330752,         0,         0,   119.4,decoder_by_matrix,a052b2ce6ed64a98931ebcd7492590a746d7ec6e385d9f4479eb5b69a31b01f0,"{""distance"":5,""physical_error_rate"":0.0001}","{""detection_events"":17585,""detectors_checked"":56227840}"
   3203072,         0,         0,   119.6,decoder_by_matrix,be0c214c078cdb5104153598b498575a1fc035ba16beb428536e5a87ee0a867f,"{""distance"":5,""physical_error_rate"":1e-06}","{""detection_events"":1975,""detectors_checked"":544522240}"
   3181568,         0,         0,   119.5,decoder_by_matrix,161b5fe948dcfe007f335a5c57bcb8ff38ff3ea8726714a4cc08f5b9386b17ca,"{""distance"":5,""physical_error_rate"":5e-06}","{""detection_events"":9915,""detectors_checked"":540866560}"
    344064,         0,         0,   119.2,decoder_by_matrix,cc9cd6551b3048ae216380ccb8ae5d3cca75b5b766fe651c47ef084ce4ce7dc6,"{""distance"":5,""physical_error_rate"":5e-05}","{""detection_events"":9805,""detectors_checked"":58490880}"
    372736,         0,         0,   119.3,decoder_by_matrix,a052b2ce6ed64a98931ebcd7492590a746d7ec6e385d9f4479eb5b69a31b01f0,"{""distance"":5,""physical_error_rate"":0.0001}","{""detection_events"":20020,""detectors_checked"":63365120}"
    331776,         0,         0,   119.7,decoder_by_matrix,6866428194f3c2ecf80b799fe3d7eaa0d7bfdd0bee14693d15f8abf3c1159eda,"{""distance"":5,""physical_error_rate"":1e-05}","{""detection_events"":1675,""detectors_checked"":56401920}"
    260096,         0,         0,   119.7,decoder_by_matrix,f0fc70a0432f83ff513e502442839d2eab02e2bed2f658d0464ff826d304e5e7,"{""distance"":5,""physical_error_rate"":0.0005}","{""detection_events"":75115,""detectors_checked"":44216320}"
   3355648,         0,         0,   119.6,decoder_by_matrix,be0c214c078cdb5104153598b498575a1fc035ba16beb428536e5a87ee0a867f,"{""distance"":5,""physical_error_rate"":1e-06}","{""detection_events"":1975,""detectors_checked"":570460160}"
   3293184,         0,         0,   119.6,decoder_by_matrix,161b5fe948dcfe007f335a5c57bcb8ff38ff3ea8726714a4cc08f5b9386b17ca,"{""distance"":5,""physical_error_rate"":5e-06}","{""detection_events"":9175,""detectors_checked"":559841280}"
    449536,         0,         0,   119.9,decoder_by_matrix,cc9cd6551b3048ae216380ccb8ae5d3cca75b5b766fe651c47ef084ce4ce7dc6,"{""distance"":5,""physical_error_rate"":5e-05}","{""detection_events"":12165,""detectors_checked"":76421120}"
    305152,         0,         0,   119.7,decoder_by_matrix,6866428194f3c2ecf80b799fe3d7eaa0d7bfdd0bee14693d15f8abf3c1159eda,"{""distance"":5,""physical_error_rate"":1e-05}","{""detection_events"":1725,""detectors_checked"":51875840}"
    318464,         0,         0,   119.5,decoder_by_matrix,a052b2ce6ed64a98931ebcd7492590a746d7ec6e385d9f4479eb5b69a31b01f0,"{""distance"":5,""physical_error_rate"":0.0001}","{""detection_events"":17745,""detectors_checked"":54138880}"
    279552,         0,         0,   120.1,decoder_by_matrix,f0fc70a0432f83ff513e502442839d2eab02e2bed2f658d0464ff826d304e5e7,"{""distance"":5,""physical_error_rate"":0.0005}","{""detection_events"":81390,""detectors_checked"":47523840}"
    326656,         0,         0,   119.4,decoder_by_matrix,6866428194f3c2ecf80b799fe3d7eaa0d7bfdd0bee14693d15f8abf3c1159eda,"{""distance"":5,""physical_error_rate"":1e-05}","{""detection_events"":2150,""detectors_checked"":55531520}"
    300032,         0,         0,   119.7,decoder_by_matrix,161b5fe948dcfe007f335a5c57bcb8ff38ff3ea8726714a4cc08f5b9386b17ca,"{""distance"":5,""physical_error_rate"":5e-06}","{""detection_events"":1130,""detectors_checked"":51005440}"
    373248,         0,         0,   119.9,decoder_by_matrix,f0fc70a0432f83ff513e502442839d2eab02e2bed2f658d0464ff826d304e5e7,"{""distance"":5,""physical_error_rate"":0.0005}","{""detection_events"":107260,""detectors_checked"":63452160}"
    315392,         0,         0,   120.0,decoder_by_matrix,be0c214c078cdb5104153598b498575a1fc035ba16beb428536e5a87ee0a867f,"{""distance"":5,""physical_error_rate"":1e-06}","{""detection_events"":190,""detectors_checked"":53616640}"
   3143680,         0,         0,   119.6,decoder_by_matrix,161b5fe948dcfe007f335a5c57bcb8ff38ff3ea8726714a4cc08f5b9386b17ca,"{""distance"":5,""physical_error_rate"":5e-06}","{""detection_events"":9500,""detectors_checked"":534425600}"
   3156992,         0,         0,   119.6,decoder_by_matrix,6866428194f3c2ecf80b799fe3d7eaa0d7bfdd0bee14693d15f8abf3c1159eda,"{""distance"":5,""physical_error_rate"":1e-05}","{""detection_events"":18785,""detectors_checked"":536688640}"
   3150848,         0,         0,   119.6,decoder_by_matrix,6866428194f3c2ecf80b799fe3d7eaa0d7bfdd0bee14693d15f8abf3c1159eda,"{""distance"":5,""physical_error_rate"":1e-05}","{""detection_events"":17605,""detectors_checked"":535644160}"
   3150848,         0,         0,   119.6,decoder_by_matrix,161b5fe948dcfe007f335a5c57bcb8ff38ff3ea8726714a4cc08f5b9386b17ca,"{""distance"":5,""physical_error_rate"":5e-06}","{""detection_events"":9210,""detectors_checked"":535644160}"
   3058688,         0,         0,   119.6,decoder_by_matrix,cc9cd6551b3048ae216380ccb8ae5d3cca75b5b766fe651c47ef084ce4ce7dc6,"{""distance"":5,""physical_error_rate"":5e-05}","{""detection_events"":89360,""detectors_checked"":519976960}"
   3069952,         0,         0,   119.6,decoder_by_matrix,a052b2ce6ed64a98931ebcd7492590a746d7ec6e385d9f4479eb5b69a31b01f0,"{""distance"":5,""physical_error_rate"":0.0001}","{""detection_events"":172790,""detectors_checked"":521891840}"
   3301376,         0,         0,   119.6,decoder_by_matrix,161b5fe948dcfe007f335a5c57bcb8ff38ff3ea8726714a4cc08f5b9386b17ca,"{""distance"":5,""physical_error_rate"":5e-06}","{""detection_events"":9135,""detectors_checked"":561233920}"
   2990080,         2,         0,   119.6,decoder_by_matrix,f0fc70a0432f83ff513e502442839d2eab02e2bed2f658d0464ff826d304e5e7,"{""distance"":5,""physical_error_rate"":0.0005}","{""detection_events"":855360,""detectors_checked"":508313600,""obs_mistake_mask=E_"":1,""obs_mistake_mask=_E"":1}"
   2984960,         4,         0,   119.6,decoder_by_matrix,5b8a070a3cf8d31d64f24dbee89f3428cb9cab13fc59f7448d798f9bf08e9187,"{""distance"":5,""physical_error_rate"":0.001}","{""detection_events"":1682015,""detectors_checked"":507443200,""obs_mistake_mask=EE"":2,""obs_mistake_mask=E_"":2}"
   3049472,         7,         0,   119.6,decoder_by_matrix,5b8a070a3cf8d31d64f24dbee89f3428cb9cab13fc59f7448d798f9bf08e9187,"{""distance"":5,""physical_error_rate"":0.001}","{""detection_events"":1740720,""detectors_checked"":518410240,""obs_mistake_mask=EE"":2,""obs_mistake_mask=E_"":4,""obs_mistake_mask=_E"":1}"
   3249152,         0,         0,   119.6,decoder_by_matrix,cc9cd6551b3048ae216380ccb8ae5d3cca75b5b766fe651c47ef084ce4ce7dc6,"{""distance"":5,""physical_error_rate"":5e-05}","{""detection_events"":91375,""detectors_checked"":552355840}"
   2844672,         0,         0,   119.6,decoder_by_matrix,be0c214c078cdb5104153598b498575a1fc035ba16beb428536e5a87ee0a867f,"{""distance"":5,""physical_error_rate"":1e-06}","{""detection_events"":1950,""detectors_checked"":483594240}"
   3375104,         0,         0,   119.6,decoder_by_matrix,be0c214c078cdb5104153598b498575a1fc035ba16beb428536e5a87ee0a867f,"{""distance"":5,""physical_error_rate"":1e-06}","{""detection_events"":2300,""detectors_checked"":573767680}"
   3064832,         0,         0,   119.6,decoder_by_matrix,f0fc70a0432f83ff513e502442839d2eab02e2bed2f658d0464ff826d304e5e7,"{""distance"":5,""physical_error_rate"":0.0005}","{""detection_events"":876155,""detectors_checked"":521021440}"
   2992128,         0,         0,   119.6,decoder_by_matrix,a052b2ce6ed64a98931ebcd7492590a746d7ec6e385d9f4479eb5b69a31b01f0,"{""distance"":5,""physical_error_rate"":0.0001}","{""detection_events"":169910,""detectors_checked"":508661760}"
   3200000,         0,         0,   119.6,decoder_by_matrix,a052b2ce6ed64a98931ebcd7492590a746d7ec6e385d9f4479eb5b69a31b01f0,"{""distance"":5,""physical_error_rate"":0.0001}","{""detection_events"":184065,""detectors_checked"":544000000}"
   3078144,         0,         0,   119.5,decoder_by_matrix,be0c214c078cdb5104153598b498575a1fc035ba16beb428536e5a87ee0a867f,"{""distance"":5,""physical_error_rate"":1e-06}","{""detection_events"":1880,""detectors_checked"":523284480}"
   3160064,         0,         0,   119.6,decoder_by_matrix,6866428194f3c2ecf80b799fe3d7eaa0d7bfdd0bee14693d15f8abf3c1159eda,"{""distance"":5,""physical_error_rate"":1e-05}","{""detection_events"":18465,""detectors_checked"":537210880}"
   3083264,         0,         0,   119.7,decoder_by_matrix,cc9cd6551b3048ae216380ccb8ae5d3cca75b5b766fe651c47ef084ce4ce7dc6,"{""distance"":5,""physical_error_rate"":5e-05}","{""detection_events"":88360,""detectors_checked"":524154880}"
   2971648,         0,         0,   119.6,decoder_by_matrix,f0fc70a0432f83ff513e502442839d2eab02e2bed2f658d0464ff826d304e5e7,"{""distance"":5,""physical_error_rate"":0.0005}","{""detection_events"":841665,""detectors_checked"":505180160}"
    353280,         0,         0,   119.9,decoder_by_matrix,5b8a070a3cf8d31d64f24dbee89f3428cb9cab13fc59f7448d798f9bf08e9187,"{""distance"":5,""physical_error_rate"":0.001}","{""detection_events"":200720,""detectors_checked"":60057600}"
    308224,         0,         0,   119.8,decoder_by_matrix,be0c214c078cdb5104153598b498575a1fc035ba16beb428536e5a87ee0a867f,"{""distance"":5,""physical_error_rate"":1e-06}","{""detection_events"":80,""detectors_checked"":52398080}"
    345088,         2,         0,   119.2,decoder_by_matrix,5b8a070a3cf8d31d64f24dbee89f3428cb9cab13fc59f7448d798f9bf08e9187,"{""distance"":5,""physical_error_rate"":0.001}","{""detection_events"":193000,""detectors_checked"":58664960,""obs_mistake_mask=E_"":1,""obs_mistake_mask=_E"":1}"
    300032,         0,         0,   119.4,decoder_by_matrix,cc9cd6551b3048ae216380ccb8ae5d3cca75b5b766fe651c47ef084ce4ce7dc6,"{""distance"":5,""physical_error_rate"":5e-05}","{""detection_events"":8345,""detectors_checked"":51005440}"
    337920,         0,         0,   120.0,decoder_by_matrix,161b5fe948dcfe007f335a5c57bcb8ff38ff3ea8726714a4cc08f5b9386b17ca,"{""distance"":5,""physical_error_rate"":5e-06}","{""detection_events"":905,""detectors_checked"":57446400}"
    345088,         0,         0,   119.5,decoder_by_matrix,6866428194f3c2ecf80b799fe3d7eaa0d7bfdd0bee14693d15f8abf3c1159eda,"{""distance"":5,""physical_error_rate"":1e-05}","{""detection_events"":1665,""detectors_checked"":58664960}"
    332800,         0,         0,   118.7,decoder_by_matrix,cc9cd6551b3048ae216380ccb8ae5d3cca75b5b766fe651c47ef084ce4ce7dc6,"{""distance"":5,""physical_error_rate"":5e-05}","{""detection_events"":9275,""detectors_checked"":56576000}"
    330752,         0,         0,   119.5,decoder_by_matrix,f0fc70a0432f83ff513e502442839d2eab02e2bed2f658d0464ff826d304e5e7,"{""distance"":5,""physical_error_rate"":0.0005}","{""detection_events"":92345,""detectors_checked"":56227840}"
    327680,         1,         0,   119.2,decoder_by_matrix,5b8a070a3cf8d31d64f24dbee89f3428cb9cab13fc59f7448d798f9bf08e9187,"{""distance"":5,""physical_error_rate"":0.001}","{""detection_events"":184795,""detectors_checked"":55705600,""obs_mistake_mask=_E"":1}"
    329728,         1,         0,   119.5,decoder_by_matrix,5b8a070a3cf8d31d64f24dbee89f3428cb9cab13fc59f7448d798f9bf08e9187,"{""distance"":5,""physical_error_rate"":0.001}","{""detection_events"":186095,""detectors_checked"":56053760,""obs_mistake_mask=EE"":1}"
    319488,         0,         0,   119.7,decoder_by_matrix,a052b2ce6ed64a98931ebcd7492590a746d7ec6e385d9f4479eb5b69a31b01f0,"{""distance"":5,""physical_error_rate"":0.0001}","{""detection_events"":18195,""detectors_checked"":54312960}"
    317440,         0,         0,   119.2,decoder_by_matrix,a052b2ce6ed64a98931ebcd7492590a746d7ec6e385d9f4479eb5b69a31b01f0,"{""distance"":5,""physical_error_rate"":0.0001}","{""detection_events"":18520,""detectors_checked"":53964800}"
   3172352,         0,         0,   119.6,decoder_by_matrix,be0c214c078cdb5104153598b498575a1fc035ba16beb428536e5a87ee0a867f,"{""distance"":5,""physical_error_rate"":1e-06}","{""detection_events"":1605,""detectors_checked"":539299840}"
   3121152,         0,         0,   119.6,decoder_by_matrix,161b5fe948dcfe007f335a5c57bcb8ff38ff3ea8726714a4cc08f5b9386b17ca,"{""distance"":5,""physical_error_rate"":5e-06}","{""detection_events"":9050,""detectors_checked"":530595840}"
    324608,         0,         0,   118.9,decoder_by_matrix,cc9cd6551b3048ae216380ccb8ae5d3cca75b5b766fe651c47ef084ce4ce7dc6,"{""distance"":5,""physical_error_rate"":5e-05}","{""detection_events"":9060,""detectors_checked"":55183360}"
    322560,         0,         0,   119.6,decoder_by_matrix,a052b2ce6ed64a98931ebcd7492590a746d7ec6e385d9f4479eb5b69a31b01f0,"{""distance"":5,""physical_error_rate"":0.0001}","{""detection_events"":17300,""detectors_checked"":54835200}"
    335872,         0,         0,   119.1,decoder_by_matrix,6866428194f3c2ecf80b799fe3d7eaa0d7bfdd0bee14693d15f8abf3c1159eda,"{""distance"":5,""physical_error_rate"":1e-05}","{""detection_events"":1860,""detectors_checked"":57098240}"
    315392,         0,         0,   119.9,decoder_by_matrix,f0fc70a0432f83ff513e502442839d2eab02e2bed2f658d0464ff826d304e5e7,"{""distance"":5,""physical_error_rate"":0.0005}","{""detection_events"":88845,""detectors_checked"":53616640}"
   3346432,         0,         0,   119.5,decoder_by_matrix,be0c214c078cdb5104153598b498575a1fc035ba16beb428536e5a87ee0a867f,"{""distance"":5,""physical_error_rate"":1e-06}","{""detection_events"":1970,""detectors_checked"":568893440}"
   3302400,         0,         0,   119.6,decoder_by_matrix,161b5fe948dcfe007f335a5c57bcb8ff38ff3ea8726714a4cc08f5b9386b17ca,"{""distance"":5,""physical_error_rate"":5e-06}","{""detection_events"":9645,""detectors_checked"":561408000}"
    321024,         0,         0,   119.7,decoder_by_matrix,cc9cd6551b3048ae216380ccb8ae5d3cca75b5b766fe651c47ef084ce4ce7dc6,"{""distance"":5,""physical_error_rate"":5e-05}","{""detection_events"":8675,""detectors_checked"":54574080}"
    269312,         0,         0,   119.6,decoder_by_matrix,6866428194f3c2ecf80b799fe3d7eaa0d7bfdd0bee14693d15f8abf3c1159eda,"{""distance"":5,""physical_error_rate"":1e-05}","{""detection_events"":1530,""detectors_checked"":45783040}"
    320512,         0,         0,   119.8,decoder_by_matrix,a052b2ce6ed64a98931ebcd7492590a746d7ec6e385d9f4479eb5b69a31b01f0,"{""distance"":5,""physical_error_rate"":0.0001}","{""detection_events"":17935,""detectors_checked"":54487040}"
    281600,         0,         0,   119.7,decoder_by_matrix,f0fc70a0432f83ff513e502442839d2eab02e2bed2f658d0464ff826d304e5e7,"{""distance"":5,""physical_error_rate"":0.0005}","{""detection_events"":78020,""detectors_checked"":47872000}"
    314368,         0,         0,   119.1,decoder_by_matrix,6866428194f3c2ecf80b799fe3d7eaa0d7bfdd0bee14693d15f8abf3c1159eda,"{""distance"":5,""physical_error_rate"":1e-05}","{""detection_events"":1800,""detectors_checked"":53442560}"
    293888,         0,         0,   119.7,decoder_by_matrix,161b5fe948dcfe007f335a5c57bcb8ff38ff3ea8726714a4cc08f5b9386b17ca,"{""distance"":5,""physical_error_rate"":5e-06}","{""detection_events"":905,""detectors_checked"":49960960}"
    258048,         0,         0,   119.8,decoder_by_matrix,f0fc70a0432f83ff513e502442839d2eab02e2bed2f658d0464ff826d304e5e7,"{""distance"":5,""physical_error_rate"":0.0005}","{""detection_events"":72815,""detectors_checked"":43868160}"
    299008,         0,         0,   119.6,decoder_by_matrix,be0c214c078cdb5104153598b498575a1fc035ba16beb428536e5a87ee0a867f,"{""distance"":5,""physical_error_rate"":1e-06}","{""detection_events"":365,""detectors_checked"":50831360}"
   3170304,         0,         0,   119.6,decoder_by_matrix,161b5fe948dcfe007f335a5c57bcb8ff38ff3ea8726714a4cc08f5b9386b17ca,"{""distance"":5,""physical_error_rate"":5e-06}","{""detection_events"":8770,""detectors_checked"":538951680}"
   3175424,         0,         0,   119.6,decoder_by_matrix,6866428194f3c2ecf80b799fe3d7eaa0d7bfdd0bee14693d15f8abf3c1159eda,"{""distance"":5,""physical_error_rate"":1e-05}","{""detection_events"":18900,""detectors_checked"":539822080}"
   3149824,         0,         0,   119.6,decoder_by_matrix,6866428194f3c2ecf80b799fe3d7eaa0d7bfdd0bee14693d15f8abf3c1159eda,"{""distance"":5,""physical_error_rate"":1e-05}","{""detection_events"":18495,""detectors_checked"":535470080}"
   3158016,         0,         0,   119.6,decoder_by_matrix,161b5fe948dcfe007f335a5c57bcb8ff38ff3ea8726714a4cc08f5b9386b17ca,"{""distance"":5,""physical_error_rate"":5e-06}","{""detection_events"":8625,""detectors_checked"":536862720}"
   3129344,         0,         0,   119.6,decoder_by_matrix,cc9cd6551b3048ae216380ccb8ae5d3cca75b5b766fe651c47ef084ce4ce7dc6,"{""distance"":5,""physical_error_rate"":5e-05}","{""detection_events"":89990,""detectors_checked"":531988480}"
   3081216,         0,         0,   119.6,decoder_by_matrix,a052b2ce6ed64a98931ebcd7492590a746d7ec6e385d9f4479eb5b69a31b01f0,"{""distance"":5,""physical_error_rate"":0.0001}","{""detection_events"":172990,""detectors_checked"":523806720}"
   3333120,         0,         0,   119.6,decoder_by_matrix,161b5fe948dcfe007f335a5c57bcb8ff38ff3ea8726714a4cc08f5b9386b17ca,"{""distance"":5,""physical_error_rate"":5e-06}","{""detection_events"":9565,""detectors_checked"":566630400}"
   3043328,         1,         0,   119.6,decoder_by_matrix,f0fc70a0432f83ff513e502442839d2eab02e2bed2f658d0464ff826d304e5e7,"{""distance"":5,""physical_error_rate"":0.0005}","{""detection_events"":864740,""detectors_checked"":517365760,""obs_mistake_mask=E_"":1}"
   3034112,         3,         0,   119.6,decoder_by_matrix,5b8a070a3cf8d31d64f24dbee89f3428cb9cab13fc59f7448d798f9bf08e9187,"{""distance"":5,""physical_error_rate"":0.001}","{""detection_events"":1721210,""detectors_checked"":515799040,""obs_mistake_mask=E_"":2,""obs_mistake_mask=_E"":1}"
   3066880,         3,         0,   119.6,decoder_by_matrix,5b8a070a3cf8d31d64f24dbee89f3428cb9cab13fc59f7448d798f9bf08e9187,"{""distance"":5,""physical_error_rate"":0.001}","{""detection_events"":1736460,""detectors_checked"":521369600,""obs_mistake_mask=E_"":2,""obs_mistake_mask=_E"":1}"
   3263488,         0,         0,   119.6,decoder_by_matrix,cc9cd6551b3048ae216380ccb8ae5d3cca75b5b766fe651c47ef084ce4ce7dc6,"{""distance"":5,""physical_error_rate"":5e-05}","{""detection_events"":94960,""detectors_checked"":554792960}"
   2938880,         0,         0,   119.6,decoder_by_matrix,be0c214c078cdb5104153598b498575a1fc035ba16beb428536e5a87ee0a867f,"{""distance"":5,""physical_error_rate"":1e-06}","{""detection_events"":1710,""detectors_checked"":499609600}"
   3398656,         0,         0,   119.6,decoder_by_matrix,be0c214c078cdb5104153598b498575a1fc035ba16beb428536e5a87ee0a867f,"{""distance"":5,""physical_error_rate"":1e-06}","{""detection_events"":2290,""detectors_checked"":577771520}"
   3094528,         0,         0,   119.6,decoder_by_matrix,f0fc70a0432f83ff513e502442839d2eab02e2bed2f658d0464ff826d304e5e7,"{""distance"":5,""physical_error_rate"":0.0005}","{""detection_events"":883005,""detectors_checked"":526069760}"
   3073024,         0,         0,   119.5,decoder_by_matrix,a052b2ce6ed64a98931ebcd7492590a746d7ec6e385d9f4479eb5b69a31b01f0,"{""distance"":5,""physical_error_rate"":0.0001}","{""detection_events"":172990,""detectors_checked"":522414080}"
   3230720,         0,         0,   119.6,decoder_by_matrix,a052b2ce6ed64a98931ebcd7492590a746d7ec6e385d9f4479eb5b69a31b01f0,"{""distance"":5,""physical_error_rate"":0.0001}","{""detection_events"":186245,""detectors_checked"":549222400}"
   3164160,         0,         0,   119.6,decoder_by_matrix,be0c214c078cdb5104153598b498575a1fc035ba16beb428536e5a87ee0a867f,"{""distance"":5,""physical_error_rate"":1e-06}","{""detection_events"":1595,""detectors_checked"":537907200}"
   3167232,         0,         0,   119.6,decoder_by_matrix,6866428194f3c2ecf80b799fe3d7eaa0d7bfdd0bee14693d15f8abf3c1159eda,"{""distance"":5,""physical_error_rate"":1e-05}","{""detection_events"":17860,""detectors_checked"":538429440}"
   3121152,         0,         0,   119.6,decoder_by_matrix,cc9cd6551b3048ae216380ccb8ae5d3cca75b5b766fe651c47ef084ce4ce7dc6,"{""distance"":5,""physical_error_rate"":5e-05}","{""detection_events"":88750,""detectors_checked"":530595840}"
   3012608,         1,         0,   119.5,decoder_by_matrix,f0fc70a0432f83ff513e502442839d2eab02e2bed2f658d0464ff826d304e5e7,"{""distance"":5,""physical_error_rate"":0.0005}","{""detection_events"":866440,""detectors_checked"":512143360,""obs_mistake_mask=E_"":1}"
    343040,         1,         0,   119.7,decoder_by_matrix,5b8a070a3cf8d31d64f24dbee89f3428cb9cab13fc59f7448d798f9bf08e9187,"{""distance"":5,""physical_error_rate"":0.001}","{""detection_events"":195335,""detectors_checked"":58316800,""obs_mistake_mask=EE"":1}"
    230400,         0,         0,   120.0,decoder_by_matrix,be0c214c078cdb5104153598b498575a1fc035ba16beb428536e5a87ee0a867f,"{""distance"":5,""physical_error_rate"":1e-06}","{""detection_events"":165,""detectors_checked"":39168000}"
    336896,         2,         0,   119.6,decoder_by_matrix,5b8a070a3cf8d31d64f24dbee89f3428cb9cab13fc59f7448d798f9bf08e9187,"{""distance"":5,""physical_error_rate"":0.001}","{""detection_events"":194900,""detectors_checked"":57272320,""obs_mistake_mask=EE"":1,""obs_mistake_mask=_E"":1}"
    284672,         0,         0,   119.2,decoder_by_matrix,cc9cd6551b3048ae216380ccb8ae5d3cca75b5b766fe651c47ef084ce4ce7dc6,"{""distance"":5,""physical_error_rate"":5e-05}","{""detection_events"":8360,""detectors_checked"":48394240}"
    344064,         0,         0,   118.6,decoder_by_matrix,161b5fe948dcfe007f335a5c57bcb8ff38ff3ea8726714a4cc08f5b9386b17ca,"{""distance"":5,""physical_error_rate"":5e-06}","{""detection_events"":1035,""detectors_checked"":58490880}"
    332800,         0,         0,   119.0,decoder_by_matrix,6866428194f3c2ecf80b799fe3d7eaa0d7bfdd0bee14693d15f8abf3c1159eda,"{""distance"":5,""physical_error_rate"":1e-05}","{""detection_events"":1865,""detectors_checked"":56576000}"
    317440,         1,         0,   119.1,decoder_by_matrix,5b8a070a3cf8d31d64f24dbee89f3428cb9cab13fc59f7448d798f9bf08e9187,"{""distance"":5,""physical_error_rate"":0.001}","{""detection_events"":179695,""detectors_checked"":53964800,""obs_mistake_mask=E_"":1}"
    303104,         0,         0,   119.4,decoder_by_matrix,f0fc70a0432f83ff513e502442839d2eab02e2bed2f658d0464ff826d304e5e7,"{""distance"":5,""physical_error_rate"":0.0005}","{""detection_events"":83725,""detectors_checked"":51527680}"
    323584,         0,         0,   119.6,decoder_by_matrix,cc9cd6551b3048ae216380ccb8ae5d3cca75b5b766fe651c47ef084ce4ce7dc6,"{""distance"":5,""physical_error_rate"":5e-05}","{""detection_events"":9355,""detectors_checked"":55009280}"
    309248,         1,         0,   119.5,decoder_by_matrix,5b8a070a3cf8d31d64f24dbee89f3428cb9cab13fc59f7448d798f9bf08e9187,"{""distance"":5,""physical_error_rate"":0.001}","{""detection_events"":177655,""detectors_checked"":52572160,""obs_mistake_mask=EE"":1}"
    305152,         0,         0,   119.6,decoder_by_matrix,a052b2ce6ed64a98931ebcd7492590a746d7ec6e385d9f4479eb5b69a31b01f0,"{""distance"":5,""physical_error_rate"":0.0001}","{""detection_events"":18220,""detectors_checked"":51875840}"
    312320,         0,         0,   119.4,decoder_by_matrix,a052b2ce6ed64a98931ebcd7492590a746d7ec6e385d9f4479eb5b69a31b01f0,"{""distance"":5,""physical_error_rate"":0.0001}","{""detection_events"":18160,""detectors_checked"":53094400}"
   3191808,         0,         0,   119.6,decoder_by_matrix,be0c214c078cdb5104153598b498575a1fc035ba16beb428536e5a87ee0a867f,"{""distance"":5,""physical_error_rate"":1e-06}","{""detection_events"":1760,""detectors_checked"":542607360}"
   3171328,         0,         0,   119.6,decoder_by_matrix,161b5fe948dcfe007f335a5c57bcb8ff38ff3ea8726714a4cc08f5b9386b17ca,"{""distance"":5,""physical_error_rate"":5e-06}","{""detection_events"":9100,""detectors_checked"":539125760}"
    324608,         0,         0,   118.5,decoder_by_matrix,cc9cd6551b3048ae216380ccb8ae5d3cca75b5b766fe651c47ef084ce4ce7dc6,"{""distance"":5,""physical_error_rate"":5e-05}","{""detection_events"":10245,""detectors_checked"":55183360}"
    268288,         0,         0,   119.2,decoder_by_matrix,a052b2ce6ed64a98931ebcd7492590a746d7ec6e385d9f4479eb5b69a31b01f0,"{""distance"":5,""physical_error_rate"":0.0001}","{""detection_events"":15315,""detectors_checked"":45608960}"
    322560,         0,         0,   118.9,decoder_by_matrix,6866428194f3c2ecf80b799fe3d7eaa0d7bfdd0bee14693d15f8abf3c1159eda,"{""distance"":5,""physical_error_rate"":1e-05}","{""detection_events"":1670,""detectors_checked"":54835200}"
    303104,         0,         0,   119.8,decoder_by_matrix,f0fc70a0432f83ff513e502442839d2eab02e2bed2f658d0464ff826d304e5e7,"{""distance"":5,""physical_error_rate"":0.0005}","{""detection_events"":88325,""detectors_checked"":51527680}"
   3352576,         0,         0,   119.6,decoder_by_matrix,be0c214c078cdb5104153598b498575a1fc035ba16beb428536e5a87ee0a867f,"{""distance"":5,""physical_error_rate"":1e-06}","{""detection_events"":1920,""detectors_checked"":569937920}"
   3309568,         0,         0,   119.6,decoder_by_matrix,161b5fe948dcfe007f335a5c57bcb8ff38ff3ea8726714a4cc08f5b9386b17ca,"{""distance"":5,""physical_error_rate"":5e-06}","{""detection_events"":9315,""detectors_checked"":562626560}"
    259072,         0,         0,   119.3,decoder_by_matrix,cc9cd6551b3048ae216380ccb8ae5d3cca75b5b766fe651c47ef084ce4ce7dc6,"{""distance"":5,""physical_error_rate"":5e-05}","{""detection_events"":7660,""detectors_checked"":44042240}"
    291840,         0,         0,   119.8,decoder_by_matrix,a052b2ce6ed64a98931ebcd7492590a746d7ec6e385d9f4479eb5b69a31b01f0,"{""distance"":5,""physical_error_rate"":0.0001}","{""detection_events"":16115,""detectors_checked"":49612800}"
    293888,         0,         0,   119.7,decoder_by_matrix,6866428194f3c2ecf80b799fe3d7eaa0d7bfdd0bee14693d15f8abf3c1159eda,"{""distance"":5,""physical_error_rate"":1e-05}","{""detection_events"":1480,""detectors_checked"":49960960}"
    318464,         0,         0,   119.6,decoder_by_matrix,6866428194f3c2ecf80b799fe3d7eaa0d7bfdd0bee14693d15f8abf3c1159eda,"{""distance"":5,""physical_error_rate"":1e-05}","{""detection_events"":1900,""detectors_checked"":54138880}"
    273408,         0,         0,   119.9,decoder_by_matrix,f0fc70a0432f83ff513e502442839d2eab02e2bed2f658d0464ff826d304e5e7,"{""distance"":5,""physical_error_rate"":0.0005}","{""detection_events"":77305,""detectors_checked"":46479360}"
    289792,         0,         0,   119.7,decoder_by_matrix,161b5fe948dcfe007f335a5c57bcb8ff38ff3ea8726714a4cc08f5b9386b17ca,"{""distance"":5,""physical_error_rate"":5e-06}","{""detection_events"":1040,""detectors_checked"":49264640}"
    283904,         0,         0,   119.6,decoder_by_matrix,f0fc70a0432f83ff513e502442839d2eab02e2bed2f658d0464ff826d304e5e7,"{""distance"":5,""physical_error_rate"":0.0005}","{""detection_events"":79035,""detectors_checked"":48263680}"
    297984,         0,         0,   119.3,decoder_by_matrix,be0c214c078cdb5104153598b498575a1fc035ba16beb428536e5a87ee0a867f,"{""distance"":5,""physical_error_rate"":1e-06}","{""detection_events"":235,""detectors_checked"":50657280}"
   3203072,         0,         0,   119.6,decoder_by_matrix,161b5fe948dcfe007f335a5c57bcb8ff38ff3ea8726714a4cc08f5b9386b17ca,"{""distance"":5,""physical_error_rate"":5e-06}","{""detection_events"":9360,""detectors_checked"":544522240}"
   3171328,         0,         0,   119.6,decoder_by_matrix,6866428194f3c2ecf80b799fe3d7eaa0d7bfdd0bee14693d15f8abf3c1159eda,"{""distance"":5,""physical_error_rate"":1e-05}","{""detection_events"":18265,""detectors_checked"":539125760}"
   3213312,         0,         0,   119.6,decoder_by_matrix,6866428194f3c2ecf80b799fe3d7eaa0d7bfdd0bee14693d15f8abf3c1159eda,"{""distance"":5,""physical_error_rate"":1e-05}","{""detection_events"":19030,""detectors_checked"":546263040}"
   3160064,         0,         0,   119.6,decoder_by_matrix,161b5fe948dcfe007f335a5c57bcb8ff38ff3ea8726714a4cc08f5b9386b17ca,"{""distance"":5,""physical_error_rate"":5e-06}","{""detection_events"":9375,""detectors_checked"":537210880}"
   3128320,         0,         0,   119.6,decoder_by_matrix,cc9cd6551b3048ae216380ccb8ae5d3cca75b5b766fe651c47ef084ce4ce7dc6,"{""distance"":5,""physical_error_rate"":5e-05}","{""detection_events"":91560,""detectors_checked"":531814400}"
   3075072,         0,         0,   119.6,decoder_by_matrix,a052b2ce6ed64a98931ebcd7492590a746d7ec6e385d9f4479eb5b69a31b01f0,"{""distance"":5,""physical_error_rate"":0.0001}","{""detection_events"":177090,""detectors_checked"":522762240}"
   3100672,         0,         0,   119.6,decoder_by_matrix,f0fc70a0432f83ff513e502442839d2eab02e2bed2f658d0464ff826d304e5e7,"{""distance"":5,""physical_error_rate"":0.0005}","{""detection_events"":878440,""detectors_checked"":527114240}"
   3347456,         0,         0,   119.6,decoder_by_matrix,161b5fe948dcfe007f335a5c57bcb8ff38ff3ea8726714a4cc08f5b9386b17ca,"{""distance"":5,""physical_error_rate"":5e-06}","{""detection_events"":8915,""detectors_checked"":569067520}"
   3067904,         5,         0,   119.6,decoder_by_matrix,5b8a070a3cf8d31d64f24dbee89f3428cb9cab13fc59f7448d798f9bf08e9187,"{""distance"":5,""physical_error_rate"":0.001}","{""detection_events"":1736190,""detectors_checked"":521543680,""obs_mistake_mask=EE"":3,""obs_mistake_mask=E_"":1,""obs_mistake_mask=_E"":1}"
   3090432,         6,         0,   119.6,decoder_by_matrix,5b8a070a3cf8d31d64f24dbee89f3428cb9cab13fc59f7448d798f9bf08e9187,"{""distance"":5,""physical_error_rate"":0.001}","{""detection_events"":1757145,""detectors_checked"":525373440,""obs_mistake_mask=E_"":3,""obs_mistake_mask=_E"":3}"
   3266560,         0,         0,   119.6,decoder_by_matrix,cc9cd6551b3048ae216380ccb8ae5d3cca75b5b766fe651c47ef084ce4ce7dc6,"{""distance"":5,""physical_error_rate"":5e-05}","{""detection_events"":96680,""detectors_checked"":555315200}"
   3008512,         0,         0,   119.6,decoder_by_matrix,be0c214c078cdb5104153598b498575a1fc035ba16beb428536e5a87ee0a867f,"{""distance"":5,""physical_error_rate"":1e-06}","{""detection_events"":1840,""detectors_checked"":511447040}"
   3399680,         0,         0,   119.6,decoder_by_matrix,be0c214c078cdb5104153598b498575a1fc035ba16beb428536e5a87ee0a867f,"{""distance"":5,""physical_error_rate"":1e-06}","{""detection_events"":1640,""detectors_checked"":577945600}"
   3090432,         2,         0,   119.6,decoder_by_matrix,f0fc70a0432f83ff513e502442839d2eab02e2bed2f658d0464ff826d304e5e7,"{""distance"":5,""physical_error_rate"":0.0005}","{""detection_events"":877820,""detectors_checked"":525373440,""obs_mistake_mask=E_"":1,""obs_mistake_mask=_E"":1}"
   3110912,         0,         0,   119.6,decoder_by_matrix,a052b2ce6ed64a98931ebcd7492590a746d7ec6e385d9f4479eb5b69a31b01f0,"{""distance"":5,""physical_error_rate"":0.0001}","{""detection_events"":177895,""detectors_checked"":528855040}"
   3208192,         0,         0,   119.6,decoder_by_matrix,a052b2ce6ed64a98931ebcd7492590a746d7ec6e385d9f4479eb5b69a31b01f0,"{""distance"":5,""physical_error_rate"":0.0001}","{""detection_events"":184565,""detectors_checked"":545392640}"
   3182592,         0,         0,   119.6,decoder_by_matrix,be0c214c078cdb5104153598b498575a1fc035ba16beb428536e5a87ee0a867f,"{""distance"":5,""physical_error_rate"":1e-06}","{""detection_events"":1850,""detectors_checked"":541040640}"
   3168256,         0,         0,   119.6,decoder_by_matrix,6866428194f3c2ecf80b799fe3d7eaa0d7bfdd0bee14693d15f8abf3c1159eda,"{""distance"":5,""physical_error_rate"":1e-05}","{""detection_events"":17770,""detectors_checked"":538603520}"
   3156992,         0,         0,   119.6,decoder_by_matrix,cc9cd6551b3048ae216380ccb8ae5d3cca75b5b766fe651c47ef084ce4ce7dc6,"{""distance"":5,""physical_error_rate"":5e-05}","{""detection_events"":90640,""detectors_checked"":536688640}"
   3073024,         1,         0,   119.6,decoder_by_matrix,f0fc70a0432f83ff513e502442839d2eab02e2bed2f658d0464ff826d304e5e7,"{""distance"":5,""physical_error_rate"":0.0005}","{""detection_events"":878135,""detectors_checked"":522414080,""obs_mistake_mask=_E"":1}"
    337920,         1,         0,   119.4,decoder_by_matrix,5b8a070a3cf8d31d64f24dbee89f3428cb9cab13fc59f7448d798f9bf08e9187,"{""distance"":5,""physical_error_rate"":0.001}","{""detection_events"":189455,""detectors_checked"":57446400,""obs_mistake_mask=E_"":1}"
    278528,         0,         0,   119.6,decoder_by_matrix,be0c214c078cdb5104153598b498575a1fc035ba16beb428536e5a87ee0a867f,"{""distance"":5,""physical_error_rate"":1e-06}","{""detection_events"":90,""detectors_checked"":47349760}"
    329728,         0,         0,   119.3,decoder_by_matrix,5b8a070a3cf8d31d64f24dbee89f3428cb9cab13fc59f7448d798f9bf08e9187,"{""distance"":5,""physical_error_rate"":0.001}","{""detection_events"":188785,""detectors_checked"":56053760}"
    324608,         0,         0,   119.7,decoder_by_matrix,cc9cd6551b3048ae216380ccb8ae5d3cca75b5b766fe651c47ef084ce4ce7dc6,"{""distance"":5,""physical_error_rate"":5e-05}","{""detection_events"":8875,""detectors_checked"":55183360}"
    338944,         0,         0,   119.0,decoder_by_matrix,161b5fe948dcfe007f335a5c57bcb8ff38ff3ea8726714a4cc08f5b9386b17ca,"{""distance"":5,""physical_error_rate"":5e-06}","{""detection_events"":825,""detectors_checked"":57620480}"
    348160,         0,         0,   119.1,decoder_by_matrix,6866428194f3c2ecf80b799fe3d7eaa0d7bfdd0bee14693d15f8abf3c1159eda,"{""distance"":5,""physical_error_rate"":1e-05}","{""detection_events"":1900,""detectors_checked"":59187200}"
    321536,         0,         0,   118.5,decoder_by_matrix,f0fc70a0432f83ff513e502442839d2eab02e2bed2f658d0464ff826d304e5e7,"{""distance"":5,""physical_error_rate"":0.0005}","{""detection_events"":91700,""detectors_checked"":54661120}"
    310272,         2,         0,   119.7,decoder_by_matrix,5b8a070a3cf8d31d64f24dbee89f3428cb9cab13fc59f7448d798f9bf08e9187,"{""distance"":5,""physical_error_rate"":0.001}","{""detection_events"":173620,""detectors_checked"":52746240,""obs_mistake_mask=E_"":1,""obs_mistake_mask=_E"":1}"
    320512,         0,         0,   119.7,decoder_by_matrix,cc9cd6551b3048ae216380ccb8ae5d3cca75b5b766fe651c47ef084ce4ce7dc6,"{""distance"":5,""physical_error_rate"":5e-05}","{""detection_events"":9380,""detectors_checked"":54487040}"
    294912,         1,         0,   119.4,decoder_by_matrix,5b8a070a3cf8d31d64f24dbee89f3428cb9cab13fc59f7448d798f9bf08e9187,"{""distance"":5,""physical_error_rate"":0.001}","{""detection_events"":170325,""detectors_checked"":50135040,""obs_mistake_mask=E_"":1}"
    302080,         0,         0,   119.9,decoder_by_matrix,a052b2ce6ed64a98931ebcd7492590a746d7ec6e385d9f4479eb5b69a31b01f0,"{""distance"":5,""physical_error_rate"":0.0001}","{""detection_events"":16865,""detectors_checked"":51353600}"
   3197952,         0,         0,   119.6,decoder_by_matrix,be0c214c078cdb5104153598b498575a1fc035ba16beb428536e5a87ee0a867f,"{""distance"":5,""physical_error_rate"":1e-06}","{""detection_events"":2170,""detectors_checked"":543651840}"
   3176448,         0,         0,   119.6,decoder_by_matrix,161b5fe948dcfe007f335a5c57bcb8ff38ff3ea8726714a4cc08f5b9386b17ca,"{""distance"":5,""physical_error_rate"":5e-06}","{""detection_events"":9720,""detectors_checked"":539996160}"
    307200,         0,         0,   119.8,decoder_by_matrix,a052b2ce6ed64a98931ebcd7492590a746d7ec6e385d9f4479eb5b69a31b01f0,"{""distance"":5,""physical_error_rate"":0.0001}","{""detection_events"":17375,""detectors_checked"":52224000}"
    324608,         0,         0,   119.3,decoder_by_matrix,cc9cd6551b3048ae216380ccb8ae5d3cca75b5b766fe651c47ef084ce4ce7dc6,"{""distance"":5,""physical_error_rate"":5e-05}","{""detection_events"":9185,""detectors_checked"":55183360}"
    323584,         0,         0,   119.5,decoder_by_matrix,a052b2ce6ed64a98931ebcd7492590a746d7ec6e385d9f4479eb5b69a31b01f0,"{""distance"":5,""physical_error_rate"":0.0001}","{""detection_events"":18190,""detectors_checked"":55009280}"
    324608,         0,         0,   119.1,decoder_by_matrix,6866428194f3c2ecf80b799fe3d7eaa0d7bfdd0bee14693d15f8abf3c1159eda,"{""distance"":5,""physical_error_rate"":1e-05}","{""detection_events"":1745,""detectors_checked"":55183360}"
    294912,         0,         0,   119.6,decoder_by_matrix,f0fc70a0432f83ff513e502442839d2eab02e2bed2f658d0464ff826d304e5e7,"{""distance"":5,""physical_error_rate"":0.0005}","{""detection_events"":85135,""detectors_checked"":50135040}"
   3366912,         0,         0,   119.6,decoder_by_matrix,be0c214c078cdb5104153598b498575a1fc035ba16beb428536e5a87ee0a867f,"{""distance"":5,""physical_error_rate"":1e-06}","{""detection_events"":1775,""detectors_checked"":572375040}"
   3317760,         0,         0,   119.6,decoder_by_matrix,161b5fe948dcfe007f335a5c57bcb8ff38ff3ea8726714a4cc08f5b9386b17ca,"{""distance"":5,""physical_error_rate"":5e-06}","{""detection_events"":9000,""detectors_checked"":564019200}"
    338944,         0,         0,   118.9,decoder_by_matrix,cc9cd6551b3048ae216380ccb8ae5d3cca75b5b766fe651c47ef084ce4ce7dc6,"{""distance"":5,""physical_error_rate"":5e-05}","{""detection_events"":9530,""detectors_checked"":57620480}"
    309248,         0,         0,   119.4,decoder_by_matrix,a052b2ce6ed64a98931ebcd7492590a746d7ec6e385d9f4479eb5b69a31b01f0,"{""distance"":5,""physical_error_rate"":0.0001}","{""detection_events"":15895,""detectors_checked"":52572160}"
    279552,         0,         0,   119.5,decoder_by_matrix,6866428194f3c2ecf80b799fe3d7eaa0d7bfdd0bee14693d15f8abf3c1159eda,"{""distance"":5,""physical_error_rate"":1e-05}","{""detection_events"":1475,""detectors_checked"":47523840}"
    291840,         0,         0,   119.8,decoder_by_matrix,6866428194f3c2ecf80b799fe3d7eaa0d7bfdd0bee14693d15f8abf3c1159eda,"{""distance"":5,""physical_error_rate"":1e-05}","{""detection_events"":1735,""detectors_checked"":49612800}"
    265216,         0,         0,   119.8,decoder_by_matrix,f0fc70a0432f83ff513e502442839d2eab02e2bed2f658d0464ff826d304e5e7,"{""distance"":5,""physical_error_rate"":0.0005}","{""detection_events"":78070,""detectors_checked"":45086720}"
    276480,         0,         0,   119.1,decoder_by_matrix,161b5fe948dcfe007f335a5c57bcb8ff38ff3ea8726714a4cc08f5b9386b17ca,"{""distance"":5,""physical_error_rate"":5e-06}","{""detection_events"":765,""detectors_checked"":47001600}"
    225280,         0,         0,   119.7,decoder_by_matrix,f0fc70a0432f83ff513e502442839d2eab02e2bed2f658d0464ff826d304e5e7,"{""distance"":5,""physical_error_rate"":0.0005}","{""detection_events"":64835,""detectors_checked"":38297600}"
    285696,         0,         0,   120.2,decoder_by_matrix,be0c214c078cdb5104153598b498575a1fc035ba16beb428536e5a87ee0a867f,"{""distance"":5,""physical_error_rate"":1e-06}","{""detection_events"":85,""detectors_checked"":48568320}"
   3216384,         0,         0,   119.6,decoder_by_matrix,161b5fe948dcfe007f335a5c57bcb8ff38ff3ea8726714a4cc08f5b9386b17ca,"{""distance"":5,""physical_error_rate"":5e-06}","{""detection_events"":9060,""detectors_checked"":546785280}"
   3177472,         0,         0,   119.6,decoder_by_matrix,6866428194f3c2ecf80b799fe3d7eaa0d7bfdd0bee14693d15f8abf3c1159eda,"{""distance"":5,""physical_error_rate"":1e-05}","{""detection_events"":18355,""detectors_checked"":540170240}"
   3212288,         0,         0,   119.6,decoder_by_matrix,6866428194f3c2ecf80b799fe3d7eaa0d7bfdd0bee14693d15f8abf3c1159eda,"{""distance"":5,""physical_error_rate"":1e-05}","{""detection_events"":17930,""detectors_checked"":546088960}"
   3160064,         0,         0,   119.6,decoder_by_matrix,161b5fe948dcfe007f335a5c57bcb8ff38ff3ea8726714a4cc08f5b9386b17ca,"{""distance"":5,""physical_error_rate"":5e-06}","{""detection_events"":9570,""detectors_checked"":537210880}"
   3132416,         0,         0,   119.6,decoder_by_matrix,cc9cd6551b3048ae216380ccb8ae5d3cca75b5b766fe651c47ef084ce4ce7dc6,"{""distance"":5,""physical_error_rate"":5e-05}","{""detection_events"":89240,""detectors_checked"":532510720}"
   3110912,         0,         0,   119.6,decoder_by_matrix,f0fc70a0432f83ff513e502442839d2eab02e2bed2f658d0464ff826d304e5e7,"{""distance"":5,""physical_error_rate"":0.0005}","{""detection_events"":877745,""detectors_checked"":528855040}"
   3349504,         0,         0,   119.6,decoder_by_matrix,161b5fe948dcfe007f335a5c57bcb8ff38ff3ea8726714a4cc08f5b9386b17ca,"{""distance"":5,""physical_error_rate"":5e-06}","{""detection_events"":10075,""detectors_checked"":569415680}"
   3085312,         0,         0,   119.7,decoder_by_matrix,a052b2ce6ed64a98931ebcd7492590a746d7ec6e385d9f4479eb5b69a31b01f0,"{""distance"":5,""physical_error_rate"":0.0001}","{""detection_events"":177030,""detectors_checked"":524503040}"
   3064832,         9,         0,   119.6,decoder_by_matrix,5b8a070a3cf8d31d64f24dbee89f3428cb9cab13fc59f7448d798f9bf08e9187,"{""distance"":5,""physical_error_rate"":0.001}","{""detection_events"":1739050,""detectors_checked"":521021440,""obs_mistake_mask=EE"":2,""obs_mistake_mask=E_"":4,""obs_mistake_mask=_E"":3}"
   3094528,         4,         0,   119.6,decoder_by_matrix,5b8a070a3cf8d31d64f24dbee89f3428cb9cab13fc59f7448d798f9bf08e9187,"{""distance"":5,""physical_error_rate"":0.001}","{""detection_events"":1755045,""detectors_checked"":526069760,""obs_mistake_mask=E_"":4}"
   3267584,         0,         0,   119.6,decoder_by_matrix,cc9cd6551b3048ae216380ccb8ae5d3cca75b5b766fe651c47ef084ce4ce7dc6,"{""distance"":5,""physical_error_rate"":5e-05}","{""detection_events"":91915,""detectors_checked"":555489280}"
   3022848,         0,         0,   119.6,decoder_by_matrix,be0c214c078cdb5104153598b498575a1fc035ba16beb428536e5a87ee0a867f,"{""distance"":5,""physical_error_rate"":1e-06}","{""detection_events"":2100,""detectors_checked"":513884160}"
   3401728,         0,         0,   119.6,decoder_by_matrix,be0c214c078cdb5104153598b498575a1fc035ba16beb428536e5a87ee0a867f,"{""distance"":5,""physical_error_rate"":1e-06}","{""detection_events"":1720,""detectors_checked"":578293760}"
   3090432,         1,         0,   119.6,decoder_by_matrix,f0fc70a0432f83ff513e502442839d2eab02e2bed2f658d0464ff826d304e5e7,"{""distance"":5,""physical_error_rate"":0.0005}","{""detection_events"":878085,""detectors_checked"":525373440,""obs_mistake_mask=EE"":1}"
   3128320,         0,         0,   119.6,decoder_by_matrix,a052b2ce6ed64a98931ebcd7492590a746d7ec6e385d9f4479eb5b69a31b01f0,"{""distance"":5,""physical_error_rate"":0.0001}","{""detection_events"":178860,""detectors_checked"":531814400}"
   3234816,         0,         0,   119.6,decoder_by_matrix,a052b2ce6ed64a98931ebcd7492590a746d7ec6e385d9f4479eb5b69a31b01f0,"{""distance"":5,""physical_error_rate"":0.0001}","{""detection_events"":187080,""detectors_checked"":549918720}"
   3184640,         0,         0,   119.6,decoder_by_matrix,be0c214c078cdb5104153598b498575a1fc035ba16beb428536e5a87ee0a867f,"{""distance"":5,""physical_error_rate"":1e-06}","{""detection_events"":2265,""detectors_checked"":541388800}"
   3170304,         0,         0,   119.5,decoder_by_matrix,6866428194f3c2ecf80b799fe3d7eaa0d7bfdd0bee14693d15f8abf3c1159eda,"{""distance"":5,""physical_error_rate"":1e-05}","{""detection_events"":18480,""detectors_checked"":538951680}"
   3146752,         0,         0,   119.6,decoder_by_matrix,cc9cd6551b3048ae216380ccb8ae5d3cca75b5b766fe651c47ef084ce4ce7dc6,"{""distance"":5,""physical_error_rate"":5e-05}","{""detection_events"":90570,""detectors_checked"":534947840}"
   3041280,         0,         0,   119.7,decoder_by_matrix,f0fc70a0432f83ff513e502442839d2eab02e2bed2f658d0464ff826d304e5e7,"{""distance"":5,""physical_error_rate"":0.0005}","{""detection_events"":871895,""detectors_checked"":517017600}"
    343040,         0,         0,   119.4,decoder_by_matrix,5b8a070a3cf8d31d64f24dbee89f3428cb9cab13fc59f7448d798f9bf08e9187,"{""distance"":5,""physical_error_rate"":0.001}","{""detection_events"":199365,""detectors_checked"":58316800}"
    300032,         0,         0,   119.6,decoder_by_matrix,be0c214c078cdb5104153598b498575a1fc035ba16beb428536e5a87ee0a867f,"{""distance"":5,""physical_error_rate"":1e-06}","{""detection_events"":65,""detectors_checked"":51005440}"
    352256,         0,         0,   119.3,decoder_by_matrix,5b8a070a3cf8d31d64f24dbee89f3428cb9cab13fc59f7448d798f9bf08e9187,"{""distance"":5,""physical_error_rate"":0.001}","{""detection_events"":200700,""detectors_checked"":59883520}"
    318464,         0,         0,   119.3,decoder_by_matrix,cc9cd6551b3048ae216380ccb8ae5d3cca75b5b766fe651c47ef084ce4ce7dc6,"{""distance"":5,""physical_error_rate"":5e-05}","{""detection_events"":9610,""detectors_checked"":54138880}"
    361472,         0,         0,   119.0,decoder_by_matrix,161b5fe948dcfe007f335a5c57bcb8ff38ff3ea8726714a4cc08f5b9386b17ca,"{""distance"":5,""physical_error_rate"":5e-06}","{""detection_events"":1185,""detectors_checked"":61450240}"
    363520,         0,         0,   119.7,decoder_by_matrix,6866428194f3c2ecf80b799fe3d7eaa0d7bfdd0bee14693d15f8abf3c1159eda,"{""distance"":5,""physical_error_rate"":1e-05}","{""detection_events"":1905,""detectors_checked"":61798400}"
    324608,         1,         0,   119.2,decoder_by_matrix,5b8a070a3cf8d31d64f24dbee89f3428cb9cab13fc59f7448d798f9bf08e9187,"{""distance"":5,""physical_error_rate"":0.001}","{""detection_events"":185915,""detectors_checked"":55183360,""obs_mistake_mask=E_"":1}"
    334848,         0,         0,   119.1,decoder_by_matrix,f0fc70a0432f83ff513e502442839d2eab02e2bed2f658d0464ff826d304e5e7,"{""distance"":5,""physical_error_rate"":0.0005}","{""detection_events"":97425,""detectors_checked"":56924160}"
    327680,         0,         0,   119.3,decoder_by_matrix,cc9cd6551b3048ae216380ccb8ae5d3cca75b5b766fe651c47ef084ce4ce7dc6,"{""distance"":5,""physical_error_rate"":5e-05}","{""detection_events"":9720,""detectors_checked"":55705600}"
    318464,         1,         0,   119.5,decoder_by_matrix,5b8a070a3cf8d31d64f24dbee89f3428cb9cab13fc59f7448d798f9bf08e9187,"{""distance"":5,""physical_error_rate"":0.001}","{""detection_events"":180695,""detectors_checked"":54138880,""obs_mistake_mask=_E"":1}"
    315392,         0,         0,   119.8,decoder_by_matrix,a052b2ce6ed64a98931ebcd7492590a746d7ec6e385d9f4479eb5b69a31b01f0,"{""distance"":5,""physical_error_rate"":0.0001}","{""detection_events"":17345,""detectors_checked"":53616640}"
   3194880,         0,         0,   119.6,decoder_by_matrix,be0c214c078cdb5104153598b498575a1fc035ba16beb428536e5a87ee0a867f,"{""distance"":5,""physical_error_rate"":1e-06}","{""detection_events"":1815,""detectors_checked"":543129600}"
   3178496,         0,         0,   119.6,decoder_by_matrix,161b5fe948dcfe007f335a5c57bcb8ff38ff3ea8726714a4cc08f5b9386b17ca,"{""distance"":5,""physical_error_rate"":5e-06}","{""detection_events"":9695,""detectors_checked"":540344320}"
    321536,         0,         0,   119.8,decoder_by_matrix,a052b2ce6ed64a98931ebcd7492590a746d7ec6e385d9f4479eb5b69a31b01f0,"{""distance"":5,""physical_error_rate"":0.0001}","{""detection_events"":16295,""detectors_checked"":54661120}"
    335872,         0,         0,   119.2,decoder_by_matrix,cc9cd6551b3048ae216380ccb8ae5d3cca75b5b766fe651c47ef084ce4ce7dc6,"{""distance"":5,""physical_error_rate"":5e-05}","{""detection_events"":10020,""detectors_checked"":57098240}"
    343040,         0,         0,   119.3,decoder_by_matrix,a052b2ce6ed64a98931ebcd7492590a746d7ec6e385d9f4479eb5b69a31b01f0,"{""distance"":5,""physical_error_rate"":0.0001}","{""detection_events"":18685,""detectors_checked"":58316800}"
    403456,         0,         0,   119.8,decoder_by_matrix,6866428194f3c2ecf80b799fe3d7eaa0d7bfdd0bee14693d15f8abf3c1159eda,"{""distance"":5,""physical_error_rate"":1e-05}","{""detection_events"":2435,""detectors_checked"":68587520}"
    307200,         0,         0,   119.6,decoder_by_matrix,f0fc70a0432f83ff513e502442839d2eab02e2bed2f658d0464ff826d304e5e7,"{""distance"":5,""physical_error_rate"":0.0005}","{""detection_events"":86640,""detectors_checked"":52224000}"
   3309568,         0,         0,   119.6,decoder_by_matrix,be0c214c078cdb5104153598b498575a1fc035ba16beb428536e5a87ee0a867f,"{""distance"":5,""physical_error_rate"":1e-06}","{""detection_events"":1610,""detectors_checked"":562626560}"
   3292160,         0,         0,   119.6,decoder_by_matrix,161b5fe948dcfe007f335a5c57bcb8ff38ff3ea8726714a4cc08f5b9386b17ca,"{""distance"":5,""physical_error_rate"":5e-06}","{""detection_events"":9450,""detectors_checked"":559667200}"
    621568,         0,         0,   119.4,decoder_by_matrix,cc9cd6551b3048ae216380ccb8ae5d3cca75b5b766fe651c47ef084ce4ce7dc6,"{""distance"":5,""physical_error_rate"":5e-05}","{""detection_events"":16450,""detectors_checked"":105666560}"
    689664,         0,         0,   119.6,decoder_by_matrix,a052b2ce6ed64a98931ebcd7492590a746d7ec6e385d9f4479eb5b69a31b01f0,"{""distance"":5,""physical_error_rate"":0.0001}","{""detection_events"":39565,""detectors_checked"":117242880}"
    570368,         0,         0,   119.4,decoder_by_matrix,6866428194f3c2ecf80b799fe3d7eaa0d7bfdd0bee14693d15f8abf3c1159eda,"{""distance"":5,""physical_error_rate"":1e-05}","{""detection_events"":3295,""detectors_checked"":96962560}"
    353280,         0,         0,   119.2,decoder_by_matrix,6866428194f3c2ecf80b799fe3d7eaa0d7bfdd0bee14693d15f8abf3c1159eda,"{""distance"":5,""physical_error_rate"":1e-05}","{""detection_events"":1745,""detectors_checked"":60057600}"
    312320,         0,         0,   119.5,decoder_by_matrix,f0fc70a0432f83ff513e502442839d2eab02e2bed2f658d0464ff826d304e5e7,"{""distance"":5,""physical_error_rate"":0.0005}","{""detection_events"":86690,""detectors_checked"":53094400}"
    333824,         0,         0,   119.4,decoder_by_matrix,161b5fe948dcfe007f335a5c57bcb8ff38ff3ea8726714a4cc08f5b9386b17ca,"{""distance"":5,""physical_error_rate"":5e-06}","{""detection_events"":790,""detectors_checked"":56750080}"
    327680,         0,         0,   119.9,decoder_by_matrix,f0fc70a0432f83ff513e502442839d2eab02e2bed2f658d0464ff826d304e5e7,"{""distance"":5,""physical_error_rate"":0.0005}","{""detection_events"":91375,""detectors_checked"":55705600}"
    600064,         0,         0,   119.7,decoder_by_matrix,be0c214c078cdb5104153598b498575a1fc035ba16beb428536e5a87ee0a867f,"{""distance"":5,""physical_error_rate"":1e-06}","{""detection_events"":310,""detectors_checked"":102010880}"
   3081216,         0,         0,   119.6,decoder_by_matrix,161b5fe948dcfe007f335a5c57bcb8ff38ff3ea8726714a4cc08f5b9386b17ca,"{""distance"":5,""physical_error_rate"":5e-06}","{""detection_events"":8495,""detectors_checked"":523806720}"
   2853888,         0,         0,   119.6,decoder_by_matrix,6866428194f3c2ecf80b799fe3d7eaa0d7bfdd0bee14693d15f8abf3c1159eda,"{""distance"":5,""physical_error_rate"":1e-05}","{""detection_events"":16200,""detectors_checked"":485160960}"
   3066880,         0,         0,   119.6,decoder_by_matrix,6866428194f3c2ecf80b799fe3d7eaa0d7bfdd0bee14693d15f8abf3c1159eda,"{""distance"":5,""physical_error_rate"":1e-05}","{""detection_events"":17600,""detectors_checked"":521369600}"
   2904064,         0,         0,   119.6,decoder_by_matrix,161b5fe948dcfe007f335a5c57bcb8ff38ff3ea8726714a4cc08f5b9386b17ca,"{""distance"":5,""physical_error_rate"":5e-06}","{""detection_events"":8780,""detectors_checked"":493690880}"
   2871296,         0,         0,   119.6,decoder_by_matrix,cc9cd6551b3048ae216380ccb8ae5d3cca75b5b766fe651c47ef084ce4ce7dc6,"{""distance"":5,""physical_error_rate"":5e-05}","{""detection_events"":82430,""detectors_checked"":488120320}"
   2940928,         0,         0,   119.7,decoder_by_matrix,f0fc70a0432f83ff513e502442839d2eab02e2bed2f658d0464ff826d304e5e7,"{""distance"":5,""physical_error_rate"":0.0005}","{""detection_events"":837170,""detectors_checked"":499957760}"
   2856960,         0,         0,   119.6,decoder_by_matrix,161b5fe948dcfe007f335a5c57bcb8ff38ff3ea8726714a4cc08f5b9386b17ca,"{""distance"":5,""physical_error_rate"":5e-06}","{""detection_events"":7940,""detectors_checked"":485683200}"
   2661376,         0,         0,   119.6,decoder_by_matrix,a052b2ce6ed64a98931ebcd7492590a746d7ec6e385d9f4479eb5b69a31b01f0,"{""distance"":5,""physical_error_rate"":0.0001}","{""detection_events"":151170,""detectors_checked"":452433920}"
   2826240,         5,         0,   119.6,decoder_by_matrix,5b8a070a3cf8d31d64f24dbee89f3428cb9cab13fc59f7448d798f9bf08e9187,"{""distance"":5,""physical_error_rate"":0.001}","{""detection_events"":1592575,""detectors_checked"":480460800,""obs_mistake_mask=EE"":2,""obs_mistake_mask=E_"":2,""obs_mistake_mask=_E"":1}"
   2735104,        10,         0,   119.6,decoder_by_matrix,5b8a070a3cf8d31d64f24dbee89f3428cb9cab13fc59f7448d798f9bf08e9187,"{""distance"":5,""physical_error_rate"":0.001}","{""detection_events"":1558925,""detectors_checked"":464967680,""obs_mistake_mask=E_"":6,""obs_mistake_mask=_E"":4}"
   2783232,         0,         0,   119.6,decoder_by_matrix,cc9cd6551b3048ae216380ccb8ae5d3cca75b5b766fe651c47ef084ce4ce7dc6,"{""distance"":5,""physical_error_rate"":5e-05}","{""detection_events"":79775,""detectors_checked"":473149440}"
   2809856,         0,         0,   119.6,decoder_by_matrix,be0c214c078cdb5104153598b498575a1fc035ba16beb428536e5a87ee0a867f,"{""distance"":5,""physical_error_rate"":1e-06}","{""detection_events"":1625,""detectors_checked"":477675520}"
   2956288,         0,         0,   119.6,decoder_by_matrix,be0c214c078cdb5104153598b498575a1fc035ba16beb428536e5a87ee0a867f,"{""distance"":5,""physical_error_rate"":1e-06}","{""detection_events"":2125,""detectors_checked"":502568960}"
   2651136,         1,         0,   119.6,decoder_by_matrix,f0fc70a0432f83ff513e502442839d2eab02e2bed2f658d0464ff826d304e5e7,"{""distance"":5,""physical_error_rate"":0.0005}","{""detection_events"":755505,""detectors_checked"":450693120,""obs_mistake_mask=E_"":1}"
   2789376,         0,         0,   119.6,decoder_by_matrix,a052b2ce6ed64a98931ebcd7492590a746d7ec6e385d9f4479eb5b69a31b01f0,"{""distance"":5,""physical_error_rate"":0.0001}","{""detection_events"":156950,""detectors_checked"":474193920}"
   3000320,         0,         0,   119.6,decoder_by_matrix,a052b2ce6ed64a98931ebcd7492590a746d7ec6e385d9f4479eb5b69a31b01f0,"{""distance"":5,""physical_error_rate"":0.0001}","{""detection_events"":171285,""detectors_checked"":510054400}"
   2575360,         0,         0,   119.5,decoder_by_matrix,be0c214c078cdb5104153598b498575a1fc035ba16beb428536e5a87ee0a867f,"{""distance"":5,""physical_error_rate"":1e-06}","{""detection_events"":1380,""detectors_checked"":437811200}"
   2695168,         0,         0,   119.6,decoder_by_matrix,6866428194f3c2ecf80b799fe3d7eaa0d7bfdd0bee14693d15f8abf3c1159eda,"{""distance"":5,""physical_error_rate"":1e-05}","{""detection_events"":14270,""detectors_checked"":458178560}"
   3010560,         0,         0,   119.6,decoder_by_matrix,cc9cd6551b3048ae216380ccb8ae5d3cca75b5b766fe651c47ef084ce4ce7dc6,"{""distance"":5,""physical_error_rate"":5e-05}","{""detection_events"":84875,""detectors_checked"":511795200}"
   2733056,         1,         0,   119.6,decoder_by_matrix,f0fc70a0432f83ff513e502442839d2eab02e2bed2f658d0464ff826d304e5e7,"{""distance"":5,""physical_error_rate"":0.0005}","{""detection_events"":773450,""detectors_checked"":464619520,""obs_mistake_mask=E_"":1}"
    473088,         1,         0,   119.5,decoder_by_matrix,5b8a070a3cf8d31d64f24dbee89f3428cb9cab13fc59f7448d798f9bf08e9187,"{""distance"":5,""physical_error_rate"":0.001}","{""detection_events"":267380,""detectors_checked"":80424960,""obs_mistake_mask=_E"":1}"
    406528,         0,         0,   119.6,decoder_by_matrix,be0c214c078cdb5104153598b498575a1fc035ba16beb428536e5a87ee0a867f,"{""distance"":5,""physical_error_rate"":1e-06}","{""detection_events"":180,""detectors_checked"":69109760}"
    432128,         0,         0,   119.4,decoder_by_matrix,5b8a070a3cf8d31d64f24dbee89f3428cb9cab13fc59f7448d798f9bf08e9187,"{""distance"":5,""physical_error_rate"":0.001}","{""detection_events"":242600,""detectors_checked"":73461760}"
   1042432,         0,         0,   119.8,decoder_by_matrix,cc9cd6551b3048ae216380ccb8ae5d3cca75b5b766fe651c47ef084ce4ce7dc6,"{""distance"":5,""physical_error_rate"":5e-05}","{""detection_events"":27215,""detectors_checked"":177213440}"
    485376,         0,         0,   119.4,decoder_by_matrix,161b5fe948dcfe007f335a5c57bcb8ff38ff3ea8726714a4cc08f5b9386b17ca,"{""distance"":5,""physical_error_rate"":5e-06}","{""detection_events"":1670,""detectors_checked"":82513920}"
    442368,         0,         0,   118.7,decoder_by_matrix,5b8a070a3cf8d31d64f24dbee89f3428cb9cab13fc59f7448d798f9bf08e9187,"{""distance"":5,""physical_error_rate"":0.001}","{""detection_events"":255310,""detectors_checked"":75202560}"
    453632,         0,         0,   118.6,decoder_by_matrix,f0fc70a0432f83ff513e502442839d2eab02e2bed2f658d0464ff826d304e5e7,"{""distance"":5,""physical_error_rate"":0.0005}","{""detection_events"":129925,""detectors_checked"":77117440}"
   1149952,         0,         0,   119.7,decoder_by_matrix,6866428194f3c2ecf80b799fe3d7eaa0d7bfdd0bee14693d15f8abf3c1159eda,"{""distance"":5,""physical_error_rate"":1e-05}","{""detection_events"":7100,""detectors_checked"":195491840}"
    449536,         0,         0,   119.4,decoder_by_matrix,cc9cd6551b3048ae216380ccb8ae5d3cca75b5b766fe651c47ef084ce4ce7dc6,"{""distance"":5,""physical_error_rate"":5e-05}","{""detection_events"":12890,""detectors_checked"":76421120}"
    438272,         1,         0,   119.6,decoder_by_matrix,5b8a070a3cf8d31d64f24dbee89f3428cb9cab13fc59f7448d798f9bf08e9187,"{""distance"":5,""physical_error_rate"":0.001}","{""detection_events"":254630,""detectors_checked"":74506240,""obs_mistake_mask=E_"":1}"
    431104,         0,         0,   119.6,decoder_by_matrix,a052b2ce6ed64a98931ebcd7492590a746d7ec6e385d9f4479eb5b69a31b01f0,"{""distance"":5,""physical_error_rate"":0.0001}","{""detection_events"":23750,""detectors_checked"":73287680}"
   2799616,         0,         0,   119.6,decoder_by_matrix,be0c214c078cdb5104153598b498575a1fc035ba16beb428536e5a87ee0a867f,"{""distance"":5,""physical_error_rate"":1e-06}","{""detection_events"":1550,""detectors_checked"":475934720}"
   2792448,         0,         0,   119.6,decoder_by_matrix,161b5fe948dcfe007f335a5c57bcb8ff38ff3ea8726714a4cc08f5b9386b17ca,"{""distance"":5,""physical_error_rate"":5e-06}","{""detection_events"":7515,""detectors_checked"":474716160}"
    962560,         0,         0,   119.4,decoder_by_matrix,a052b2ce6ed64a98931ebcd7492590a746d7ec6e385d9f4479eb5b69a31b01f0,"{""distance"":5,""physical_error_rate"":0.0001}","{""detection_events"":55610,""detectors_checked"":163635200}"
    454656,         0,         0,   118.5,decoder_by_matrix,cc9cd6551b3048ae216380ccb8ae5d3cca75b5b766fe651c47ef084ce4ce7dc6,"{""distance"":5,""physical_error_rate"":5e-05}","{""detection_events"":12585,""detectors_checked"":77291520}"
    998400,         0,         0,   119.6,decoder_by_matrix,a052b2ce6ed64a98931ebcd7492590a746d7ec6e385d9f4479eb5b69a31b01f0,"{""distance"":5,""physical_error_rate"":0.0001}","{""detection_events"":56020,""detectors_checked"":169728000}"
   1113088,         0,         0,   119.7,decoder_by_matrix,6866428194f3c2ecf80b799fe3d7eaa0d7bfdd0bee14693d15f8abf3c1159eda,"{""distance"":5,""physical_error_rate"":1e-05}","{""detection_events"":5950,""detectors_checked"":189224960}"
   1006592,         0,         0,   119.4,decoder_by_matrix,f0fc70a0432f83ff513e502442839d2eab02e2bed2f658d0464ff826d304e5e7,"{""distance"":5,""physical_error_rate"":0.0005}","{""detection_events"":286145,""detectors_checked"":171120640}"
   2991104,         0,         0,   119.6,decoder_by_matrix,be0c214c078cdb5104153598b498575a1fc035ba16beb428536e5a87ee0a867f,"{""distance"":5,""physical_error_rate"":1e-06}","{""detection_events"":1535,""detectors_checked"":508487680}"
   2866176,         0,         0,   119.5,decoder_by_matrix,161b5fe948dcfe007f335a5c57bcb8ff38ff3ea8726714a4cc08f5b9386b17ca,"{""distance"":5,""physical_error_rate"":5e-06}","{""detection_events"":7720,""detectors_checked"":487249920}"
   1198080,         0,         0,   120.0,decoder_by_matrix,cc9cd6551b3048ae216380ccb8ae5d3cca75b5b766fe651c47ef084ce4ce7dc6,"{""distance"":5,""physical_error_rate"":5e-05}","{""detection_events"":34880,""detectors_checked"":203673600}"
   1217536,         0,         0,   119.7,decoder_by_matrix,a052b2ce6ed64a98931ebcd7492590a746d7ec6e385d9f4479eb5b69a31b01f0,"{""distance"":5,""physical_error_rate"":0.0001}","{""detection_events"":69830,""detectors_checked"":206981120}"
   1217536,         0,         0,   119.8,decoder_by_matrix,6866428194f3c2ecf80b799fe3d7eaa0d7bfdd0bee14693d15f8abf3c1159eda,"{""distance"":5,""physical_error_rate"":1e-05}","{""detection_events"":6645,""detectors_checked"":206981120}"
   1191936,         0,         0,   119.7,decoder_by_matrix,6866428194f3c2ecf80b799fe3d7eaa0d7bfdd0bee14693d15f8abf3c1159eda,"{""distance"":5,""physical_error_rate"":1e-05}","{""detection_events"":6955,""detectors_checked"":202629120}"
    416768,         0,         0,   119.3,decoder_by_matrix,f0fc70a0432f83ff513e502442839d2eab02e2bed2f658d0464ff826d304e5e7,"{""distance"":5,""physical_error_rate"":0.0005}","{""detection_events"":119325,""detectors_checked"":70850560}"
    421888,         0,         0,   119.9,decoder_by_matrix,161b5fe948dcfe007f335a5c57bcb8ff38ff3ea8726714a4cc08f5b9386b17ca,"{""distance"":5,""physical_error_rate"":5e-06}","{""detection_events"":1200,""detectors_checked"":71720960}"
    394240,         0,         0,   119.5,decoder_by_matrix,f0fc70a0432f83ff513e502442839d2eab02e2bed2f658d0464ff826d304e5e7,"{""distance"":5,""physical_error_rate"":0.0005}","{""detection_events"":112645,""detectors_checked"":67020800}"
   1000448,         0,         0,   119.7,decoder_by_matrix,be0c214c078cdb5104153598b498575a1fc035ba16beb428536e5a87ee0a867f,"{""distance"":5,""physical_error_rate"":1e-06}","{""detection_events"":510,""detectors_checked"":170076160}"
   3078144,         0,         0,   119.6,decoder_by_matrix,161b5fe948dcfe007f335a5c57bcb8ff38ff3ea8726714a4cc08f5b9386b17ca,"{""distance"":5,""physical_error_rate"":5e-06}","{""detection_events"":8485,""detectors_checked"":523284480}"
   2734080,         0,         0,   119.6,decoder_by_matrix,6866428194f3c2ecf80b799fe3d7eaa0d7bfdd0bee14693d15f8abf3c1159eda,"{""distance"":5,""physical_error_rate"":1e-05}","{""detection_events"":15300,""detectors_checked"":464793600}"
   3090432,         0,         0,   119.6,decoder_by_matrix,6866428194f3c2ecf80b799fe3d7eaa0d7bfdd0bee14693d15f8abf3c1159eda,"{""distance"":5,""physical_error_rate"":1e-05}","{""detection_events"":17650,""detectors_checked"":525373440}"
   2607104,         0,         0,   119.6,decoder_by_matrix,161b5fe948dcfe007f335a5c57bcb8ff38ff3ea8726714a4cc08f5b9386b17ca,"{""distance"":5,""physical_error_rate"":5e-06}","{""detection_events"":7640,""detectors_checked"":443207680}"
   2851840,         0,         0,   119.6,decoder_by_matrix,cc9cd6551b3048ae216380ccb8ae5d3cca75b5b766fe651c47ef084ce4ce7dc6,"{""distance"":5,""physical_error_rate"":5e-05}","{""detection_events"":81920,""detectors_checked"":484812800}"
   2906112,         2,         0,   119.6,decoder_by_matrix,f0fc70a0432f83ff513e502442839d2eab02e2bed2f658d0464ff826d304e5e7,"{""distance"":5,""physical_error_rate"":0.0005}","{""detection_events"":830170,""detectors_checked"":494039040,""obs_mistake_mask=EE"":1,""obs_mistake_mask=_E"":1}"
   2742272,         0,         0,   119.6,decoder_by_matrix,161b5fe948dcfe007f335a5c57bcb8ff38ff3ea8726714a4cc08f5b9386b17ca,"{""distance"":5,""physical_error_rate"":5e-06}","{""detection_events"":8360,""detectors_checked"":466186240}"
   2489344,         0,         0,   119.6,decoder_by_matrix,a052b2ce6ed64a98931ebcd7492590a746d7ec6e385d9f4479eb5b69a31b01f0,"{""distance"":5,""physical_error_rate"":0.0001}","{""detection_events"":142430,""detectors_checked"":423188480}"
   2563072,         4,         0,   119.6,decoder_by_matrix,5b8a070a3cf8d31d64f24dbee89f3428cb9cab13fc59f7448d798f9bf08e9187,"{""distance"":5,""physical_error_rate"":0.001}","{""detection_events"":1451240,""detectors_checked"":435722240,""obs_mistake_mask=EE"":2,""obs_mistake_mask=E_"":1,""obs_mistake_mask=_E"":1}"
   2565120,         4,         0,   119.6,decoder_by_matrix,5b8a070a3cf8d31d64f24dbee89f3428cb9cab13fc59f7448d798f9bf08e9187,"{""distance"":5,""physical_error_rate"":0.001}","{""detection_events"":1453865,""detectors_checked"":436070400,""obs_mistake_mask=EE"":1,""obs_mistake_mask=E_"":3}"
   2822144,         0,         0,   119.6,decoder_by_matrix,cc9cd6551b3048ae216380ccb8ae5d3cca75b5b766fe651c47ef084ce4ce7dc6,"{""distance"":5,""physical_error_rate"":5e-05}","{""detection_events"":81540,""detectors_checked"":479764480}"
   2556928,         0,         0,   119.5,decoder_by_matrix,be0c214c078cdb5104153598b498575a1fc035ba16beb428536e5a87ee0a867f,"{""distance"":5,""physical_error_rate"":1e-06}","{""detection_events"":1470,""detectors_checked"":434677760}"
   2808832,         0,         0,   119.6,decoder_by_matrix,be0c214c078cdb5104153598b498575a1fc035ba16beb428536e5a87ee0a867f,"{""distance"":5,""physical_error_rate"":1e-06}","{""detection_events"":1335,""detectors_checked"":477501440}"
   2788352,         0,         0,   119.6,decoder_by_matrix,f0fc70a0432f83ff513e502442839d2eab02e2bed2f658d0464ff826d304e5e7,"{""distance"":5,""physical_error_rate"":0.0005}","{""detection_events"":793920,""detectors_checked"":474019840}"
   2714624,         0,         0,   119.6,decoder_by_matrix,a052b2ce6ed64a98931ebcd7492590a746d7ec6e385d9f4479eb5b69a31b01f0,"{""distance"":5,""physical_error_rate"":0.0001}","{""detection_events"":155160,""detectors_checked"":461486080}"
   2959360,         0,         0,   119.6,decoder_by_matrix,a052b2ce6ed64a98931ebcd7492590a746d7ec6e385d9f4479eb5b69a31b01f0,"{""distance"":5,""physical_error_rate"":0.0001}","{""detection_events"":170815,""detectors_checked"":503091200}"
   2603008,         0,         0,   119.6,decoder_by_matrix,be0c214c078cdb5104153598b498575a1fc035ba16beb428536e5a87ee0a867f,"{""distance"":5,""physical_error_rate"":1e-06}","{""detection_events"":1400,""detectors_checked"":442511360}"
   2567168,         0,         0,   119.6,decoder_by_matrix,6866428194f3c2ecf80b799fe3d7eaa0d7bfdd0bee14693d15f8abf3c1159eda,"{""distance"":5,""physical_error_rate"":1e-05}","{""detection_events"":14775,""detectors_checked"":436418560}"
   2941952,         0,         0,   119.6,decoder_by_matrix,cc9cd6551b3048ae216380ccb8ae5d3cca75b5b766fe651c47ef084ce4ce7dc6,"{""distance"":5,""physical_error_rate"":5e-05}","{""detection_events"":80645,""detectors_checked"":500131840}"
   2459648,         0,         0,   119.6,decoder_by_matrix,f0fc70a0432f83ff513e502442839d2eab02e2bed2f658d0464ff826d304e5e7,"{""distance"":5,""physical_error_rate"":0.0005}","{""detection_events"":706030,""detectors_checked"":418140160}"
    481280,         3,         0,   119.3,decoder_by_matrix,5b8a070a3cf8d31d64f24dbee89f3428cb9cab13fc59f7448d798f9bf08e9187,"{""distance"":5,""physical_error_rate"":0.001}","{""detection_events"":272225,""detectors_checked"":81817600,""obs_mistake_mask=_E"":3}"
    424960,         0,         0,   119.5,decoder_by_matrix,be0c214c078cdb5104153598b498575a1fc035ba16beb428536e5a87ee0a867f,"{""distance"":5,""physical_error_rate"":1e-06}","{""detection_events"":270,""detectors_checked"":72243200}"
    476160,         1,         0,   119.1,decoder_by_matrix,5b8a070a3cf8d31d64f24dbee89f3428cb9cab13fc59f7448d798f9bf08e9187,"{""distance"":5,""physical_error_rate"":0.001}","{""detection_events"":273410,""detectors_checked"":80947200,""obs_mistake_mask=_E"":1}"
   1036288,         0,         0,   119.8,decoder_by_matrix,cc9cd6551b3048ae216380ccb8ae5d3cca75b5b766fe651c47ef084ce4ce7dc6,"{""distance"":5,""physical_error_rate"":5e-05}","{""detection_events"":29730,""detectors_checked"":176168960}"
    493568,         0,         0,   119.0,decoder_by_matrix,161b5fe948dcfe007f335a5c57bcb8ff38ff3ea8726714a4cc08f5b9386b17ca,"{""distance"":5,""physical_error_rate"":5e-06}","{""detection_events"":1580,""detectors_checked"":83906560}"
    451584,         3,         0,   119.2,decoder_by_matrix,5b8a070a3cf8d31d64f24dbee89f3428cb9cab13fc59f7448d798f9bf08e9187,"{""distance"":5,""physical_error_rate"":0.001}","{""detection_events"":256705,""detectors_checked"":76769280,""obs_mistake_mask=EE"":1,""obs_mistake_mask=E_"":2}"
    461824,         0,         0,   119.2,decoder_by_matrix,f0fc70a0432f83ff513e502442839d2eab02e2bed2f658d0464ff826d304e5e7,"{""distance"":5,""physical_error_rate"":0.0005}","{""detection_events"":132040,""detectors_checked"":78510080}"
    989184,         0,         0,   119.7,decoder_by_matrix,6866428194f3c2ecf80b799fe3d7eaa0d7bfdd0bee14693d15f8abf3c1159eda,"{""distance"":5,""physical_error_rate"":1e-05}","{""detection_events"":5700,""detectors_checked"":168161280}"
    459776,         0,         0,   119.2,decoder_by_matrix,cc9cd6551b3048ae216380ccb8ae5d3cca75b5b766fe651c47ef084ce4ce7dc6,"{""distance"":5,""physical_error_rate"":5e-05}","{""detection_events"":14380,""detectors_checked"":78161920}"
    453632,         0,         0,   119.5,decoder_by_matrix,5b8a070a3cf8d31d64f24dbee89f3428cb9cab13fc59f7448d798f9bf08e9187,"{""distance"":5,""physical_error_rate"":0.001}","{""detection_events"":257725,""detectors_checked"":77117440}"
    437248,         0,         0,   119.8,decoder_by_matrix,a052b2ce6ed64a98931ebcd7492590a746d7ec6e385d9f4479eb5b69a31b01f0,"{""distance"":5,""physical_error_rate"":0.0001}","{""detection_events"":24390,""detectors_checked"":74332160}"
   2944000,         0,         0,   119.6,decoder_by_matrix,be0c214c078cdb5104153598b498575a1fc035ba16beb428536e5a87ee0a867f,"{""distance"":5,""physical_error_rate"":1e-06}","{""detection_events"":1770,""detectors_checked"":500480000}"
   2814976,         0,         0,   119.6,decoder_by_matrix,161b5fe948dcfe007f335a5c57bcb8ff38ff3ea8726714a4cc08f5b9386b17ca,"{""distance"":5,""physical_error_rate"":5e-06}","{""detection_events"":8075,""detectors_checked"":478545920}"
    983040,         0,         0,   119.7,decoder_by_matrix,a052b2ce6ed64a98931ebcd7492590a746d7ec6e385d9f4479eb5b69a31b01f0,"{""distance"":5,""physical_error_rate"":0.0001}","{""detection_events"":55805,""detectors_checked"":167116800}"
    466944,         0,         0,   119.5,decoder_by_matrix,cc9cd6551b3048ae216380ccb8ae5d3cca75b5b766fe651c47ef084ce4ce7dc6,"{""distance"":5,""physical_error_rate"":5e-05}","{""detection_events"":12845,""detectors_checked"":79380480}"
    947200,         0,         0,   119.5,decoder_by_matrix,a052b2ce6ed64a98931ebcd7492590a746d7ec6e385d9f4479eb5b69a31b01f0,"{""distance"":5,""physical_error_rate"":0.0001}","{""detection_events"":54105,""detectors_checked"":161024000}"
    975872,         0,         0,   119.8,decoder_by_matrix,6866428194f3c2ecf80b799fe3d7eaa0d7bfdd0bee14693d15f8abf3c1159eda,"{""distance"":5,""physical_error_rate"":1e-05}","{""detection_events"":5450,""detectors_checked"":165898240}"
    935936,         0,         0,   119.5,decoder_by_matrix,f0fc70a0432f83ff513e502442839d2eab02e2bed2f658d0464ff826d304e5e7,"{""distance"":5,""physical_error_rate"":0.0005}","{""detection_events"":265830,""detectors_checked"":159109120}"
   2989056,         0,         0,   119.6,decoder_by_matrix,be0c214c078cdb5104153598b498575a1fc035ba16beb428536e5a87ee0a867f,"{""distance"":5,""physical_error_rate"":1e-06}","{""detection_events"":1890,""detectors_checked"":508139520}"
   2792448,         0,         0,   119.6,decoder_by_matrix,161b5fe948dcfe007f335a5c57bcb8ff38ff3ea8726714a4cc08f5b9386b17ca,"{""distance"":5,""physical_error_rate"":5e-06}","{""detection_events"":7730,""detectors_checked"":474716160}"
   1053696,         0,         0,   119.7,decoder_by_matrix,cc9cd6551b3048ae216380ccb8ae5d3cca75b5b766fe651c47ef084ce4ce7dc6,"{""distance"":5,""physical_error_rate"":5e-05}","{""detection_events"":29720,""detectors_checked"":179128320}"
   1136640,         0,         0,   119.7,decoder_by_matrix,a052b2ce6ed64a98931ebcd7492590a746d7ec6e385d9f4479eb5b69a31b01f0,"{""distance"":5,""physical_error_rate"":0.0001}","{""detection_events"":65160,""detectors_checked"":193228800}"
    884736,         0,         0,   120.0,decoder_by_matrix,6866428194f3c2ecf80b799fe3d7eaa0d7bfdd0bee14693d15f8abf3c1159eda,"{""distance"":5,""physical_error_rate"":1e-05}","{""detection_events"":5310,""detectors_checked"":150405120}"
   1047552,         0,         0,   119.8,decoder_by_matrix,6866428194f3c2ecf80b799fe3d7eaa0d7bfdd0bee14693d15f8abf3c1159eda,"{""distance"":5,""physical_error_rate"":1e-05}","{""detection_events"":5555,""detectors_checked"":178083840}"
    401408,         0,         0,   119.7,decoder_by_matrix,f0fc70a0432f83ff513e502442839d2eab02e2bed2f658d0464ff826d304e5e7,"{""distance"":5,""physical_error_rate"":0.0005}","{""detection_events"":115500,""detectors_checked"":68239360}"
    430080,         0,         0,   119.6,decoder_by_matrix,161b5fe948dcfe007f335a5c57bcb8ff38ff3ea8726714a4cc08f5b9386b17ca,"{""distance"":5,""physical_error_rate"":5e-06}","{""detection_events"":1035,""detectors_checked"":73113600}"
    396288,         0,         0,   119.6,decoder_by_matrix,f0fc70a0432f83ff513e502442839d2eab02e2bed2f658d0464ff826d304e5e7,"{""distance"":5,""physical_error_rate"":0.0005}","{""detection_events"":112410,""detectors_checked"":67368960}"
    988160,         0,         0,   120.1,decoder_by_matrix,be0c214c078cdb5104153598b498575a1fc035ba16beb428536e5a87ee0a867f,"{""distance"":5,""physical_error_rate"":1e-06}","{""detection_events"":590,""detectors_checked"":167987200}"
   3142656,         0,         0,   119.6,decoder_by_matrix,161b5fe948dcfe007f335a5c57bcb8ff38ff3ea8726714a4cc08f5b9386b17ca,"{""distance"":5,""physical_error_rate"":5e-06}","{""detection_events"":8895,""detectors_checked"":534251520}"
   2653184,         0,         0,   119.4,decoder_by_matrix,6866428194f3c2ecf80b799fe3d7eaa0d7bfdd0bee14693d15f8abf3c1159eda,"{""distance"":5,""physical_error_rate"":1e-05}","{""detection_events"":16080,""detectors_checked"":451041280}"
   3108864,         0,         0,   119.6,decoder_by_matrix,6866428194f3c2ecf80b799fe3d7eaa0d7bfdd0bee14693d15f8abf3c1159eda,"{""distance"":5,""physical_error_rate"":1e-05}","{""detection_events"":18900,""detectors_checked"":528506880}"
   2522112,         0,         0,   119.6,decoder_by_matrix,161b5fe948dcfe007f335a5c57bcb8ff38ff3ea8726714a4cc08f5b9386b17ca,"{""distance"":5,""physical_error_rate"":5e-06}","{""detection_events"":7185,""detectors_checked"":428759040}"
   2466816,         0,         0,   119.6,decoder_by_matrix,cc9cd6551b3048ae216380ccb8ae5d3cca75b5b766fe651c47ef084ce4ce7dc6,"{""distance"":5,""physical_error_rate"":5e-05}","{""detection_events"":70110,""detectors_checked"":419358720}"
   2939904,         1,         0,   119.6,decoder_by_matrix,f0fc70a0432f83ff513e502442839d2eab02e2bed2f658d0464ff826d304e5e7,"{""distance"":5,""physical_error_rate"":0.0005}","{""detection_events"":839400,""detectors_checked"":499783680,""obs_mistake_mask=E_"":1}"
   2844672,         0,         0,   119.6,decoder_by_matrix,161b5fe948dcfe007f335a5c57bcb8ff38ff3ea8726714a4cc08f5b9386b17ca,"{""distance"":5,""physical_error_rate"":5e-06}","{""detection_events"":8630,""detectors_checked"":483594240}"
   2565120,         0,         0,   119.7,decoder_by_matrix,a052b2ce6ed64a98931ebcd7492590a746d7ec6e385d9f4479eb5b69a31b01f0,"{""distance"":5,""physical_error_rate"":0.0001}","{""detection_events"":144520,""detectors_checked"":436070400}"
   2587648,         5,         0,   119.6,decoder_by_matrix,5b8a070a3cf8d31d64f24dbee89f3428cb9cab13fc59f7448d798f9bf08e9187,"{""distance"":5,""physical_error_rate"":0.001}","{""detection_events"":1464100,""detectors_checked"":439900160,""obs_mistake_mask=EE"":3,""obs_mistake_mask=E_"":2}"
   2429952,         4,         0,   119.5,decoder_by_matrix,5b8a070a3cf8d31d64f24dbee89f3428cb9cab13fc59f7448d798f9bf08e9187,"{""distance"":5,""physical_error_rate"":0.001}","{""detection_events"":1382065,""detectors_checked"":413091840,""obs_mistake_mask=EE"":2,""obs_mistake_mask=E_"":2}"
   2589696,         0,         0,   119.6,decoder_by_matrix,cc9cd6551b3048ae216380ccb8ae5d3cca75b5b766fe651c47ef084ce4ce7dc6,"{""distance"":5,""physical_error_rate"":5e-05}","{""detection_events"":74235,""detectors_checked"":440248320}"
   2799616,         0,         0,   119.6,decoder_by_matrix,be0c214c078cdb5104153598b498575a1fc035ba16beb428536e5a87ee0a867f,"{""distance"":5,""physical_error_rate"":1e-06}","{""detection_events"":1500,""detectors_checked"":475934720}"
   2408448,         1,         0,   119.6,decoder_by_matrix,f0fc70a0432f83ff513e502442839d2eab02e2bed2f658d0464ff826d304e5e7,"{""distance"":5,""physical_error_rate"":0.0005}","{""detection_events"":684615,""detectors_checked"":409436160,""obs_mistake_mask=E_"":1}"
   2591744,         0,         0,   119.6,decoder_by_matrix,be0c214c078cdb5104153598b498575a1fc035ba16beb428536e5a87ee0a867f,"{""distance"":5,""physical_error_rate"":1e-06}","{""detection_events"":1340,""detectors_checked"":440596480}"
   2664448,         0,         0,   119.6,decoder_by_matrix,a052b2ce6ed64a98931ebcd7492590a746d7ec6e385d9f4479eb5b69a31b01f0,"{""distance"":5,""physical_error_rate"":0.0001}","{""detection_events"":154035,""detectors_checked"":452956160}"
   3022848,         0,         0,   119.6,decoder_by_matrix,a052b2ce6ed64a98931ebcd7492590a746d7ec6e385d9f4479eb5b69a31b01f0,"{""distance"":5,""physical_error_rate"":0.0001}","{""detection_events"":172155,""detectors_checked"":513884160}"
   2412544,         0,         0,   119.7,decoder_by_matrix,be0c214c078cdb5104153598b498575a1fc035ba16beb428536e5a87ee0a867f,"{""distance"":5,""physical_error_rate"":1e-06}","{""detection_events"":1175,""detectors_checked"":410132480}"
   2604032,         0,         0,   119.6,decoder_by_matrix,6866428194f3c2ecf80b799fe3d7eaa0d7bfdd0bee14693d15f8abf3c1159eda,"{""distance"":5,""physical_error_rate"":1e-05}","{""detection_events"":15150,""detectors_checked"":442685440}"
   3036160,         0,         0,   119.6,decoder_by_matrix,cc9cd6551b3048ae216380ccb8ae5d3cca75b5b766fe651c47ef084ce4ce7dc6,"{""distance"":5,""physical_error_rate"":5e-05}","{""detection_events"":84810,""detectors_checked"":516147200}"
   2380800,         1,         0,   119.6,decoder_by_matrix,f0fc70a0432f83ff513e502442839d2eab02e2bed2f658d0464ff826d304e5e7,"{""distance"":5,""physical_error_rate"":0.0005}","{""detection_events"":685365,""detectors_checked"":404736000,""obs_mistake_mask=EE"":1}"
    494592,         0,         0,   118.8,decoder_by_matrix,5b8a070a3cf8d31d64f24dbee89f3428cb9cab13fc59f7448d798f9bf08e9187,"{""distance"":5,""physical_error_rate"":0.001}","{""detection_events"":282620,""detectors_checked"":84080640}"
    439296,         0,         0,   119.6,decoder_by_matrix,be0c214c078cdb5104153598b498575a1fc035ba16beb428536e5a87ee0a867f,"{""distance"":5,""physical_error_rate"":1e-06}","{""detection_events"":295,""detectors_checked"":74680320}"
    492544,         0,         0,   119.4,decoder_by_matrix,5b8a070a3cf8d31d64f24dbee89f3428cb9cab13fc59f7448d798f9bf08e9187,"{""distance"":5,""physical_error_rate"":0.001}","{""detection_events"":280600,""detectors_checked"":83732480}"
    991232,         0,         0,   120.2,decoder_by_matrix,cc9cd6551b3048ae216380ccb8ae5d3cca75b5b766fe651c47ef084ce4ce7dc6,"{""distance"":5,""physical_error_rate"":5e-05}","{""detection_events"":29435,""detectors_checked"":168509440}"
    505856,         0,         0,   119.5,decoder_by_matrix,161b5fe948dcfe007f335a5c57bcb8ff38ff3ea8726714a4cc08f5b9386b17ca,"{""distance"":5,""physical_error_rate"":5e-06}","{""detection_events"":1505,""detectors_checked"":85995520}"
    463872,         0,         0,   119.2,decoder_by_matrix,5b8a070a3cf8d31d64f24dbee89f3428cb9cab13fc59f7448d798f9bf08e9187,"{""distance"":5,""physical_error_rate"":0.001}","{""detection_events"":261015,""detectors_checked"":78858240}"
   1048576,         0,         0,   119.4,decoder_by_matrix,6866428194f3c2ecf80b799fe3d7eaa0d7bfdd0bee14693d15f8abf3c1159eda,"{""distance"":5,""physical_error_rate"":1e-05}","{""detection_events"":5880,""detectors_checked"":178257920}"
    473088,         0,         0,   118.0,decoder_by_matrix,f0fc70a0432f83ff513e502442839d2eab02e2bed2f658d0464ff826d304e5e7,"{""distance"":5,""physical_error_rate"":0.0005}","{""detection_events"":132215,""detectors_checked"":80424960}"
    457728,         0,         0,   118.9,decoder_by_matrix,cc9cd6551b3048ae216380ccb8ae5d3cca75b5b766fe651c47ef084ce4ce7dc6,"{""distance"":5,""physical_error_rate"":5e-05}","{""detection_events"":12995,""detectors_checked"":77813760}"
    453632,         0,         0,   119.6,decoder_by_matrix,5b8a070a3cf8d31d64f24dbee89f3428cb9cab13fc59f7448d798f9bf08e9187,"{""distance"":5,""physical_error_rate"":0.001}","{""detection_events"":257045,""detectors_checked"":77117440}"
    457728,         0,         0,   119.6,decoder_by_matrix,a052b2ce6ed64a98931ebcd7492590a746d7ec6e385d9f4479eb5b69a31b01f0,"{""distance"":5,""physical_error_rate"":0.0001}","{""detection_events"":25475,""detectors_checked"":77813760}"
   2813952,         0,         0,   119.6,decoder_by_matrix,be0c214c078cdb5104153598b498575a1fc035ba16beb428536e5a87ee0a867f,"{""distance"":5,""physical_error_rate"":1e-06}","{""detection_events"":1550,""detectors_checked"":478371840}"
   2658304,         0,         0,   119.6,decoder_by_matrix,161b5fe948dcfe007f335a5c57bcb8ff38ff3ea8726714a4cc08f5b9386b17ca,"{""distance"":5,""physical_error_rate"":5e-06}","{""detection_events"":7415,""detectors_checked"":451911680}"
   1051648,         0,         0,   119.6,decoder_by_matrix,a052b2ce6ed64a98931ebcd7492590a746d7ec6e385d9f4479eb5b69a31b01f0,"{""distance"":5,""physical_error_rate"":0.0001}","{""detection_events"":58500,""detectors_checked"":178780160}"
    479232,         0,         0,   119.2,decoder_by_matrix,cc9cd6551b3048ae216380ccb8ae5d3cca75b5b766fe651c47ef084ce4ce7dc6,"{""distance"":5,""physical_error_rate"":5e-05}","{""detection_events"":13360,""detectors_checked"":81469440}"
   1064960,         0,         0,   119.6,decoder_by_matrix,a052b2ce6ed64a98931ebcd7492590a746d7ec6e385d9f4479eb5b69a31b01f0,"{""distance"":5,""physical_error_rate"":0.0001}","{""detection_events"":61165,""detectors_checked"":181043200}"
   1186816,         0,         0,   119.5,decoder_by_matrix,6866428194f3c2ecf80b799fe3d7eaa0d7bfdd0bee14693d15f8abf3c1159eda,"{""distance"":5,""physical_error_rate"":1e-05}","{""detection_events"":6450,""detectors_checked"":201758720}"
   1124864,         0,         0,   119.6,decoder_by_matrix,f0fc70a0432f83ff513e502442839d2eab02e2bed2f658d0464ff826d304e5e7,"{""distance"":5,""physical_error_rate"":0.0005}","{""detection_events"":320680,""detectors_checked"":191226880}"
   3005440,         0,         0,   119.6,decoder_by_matrix,be0c214c078cdb5104153598b498575a1fc035ba16beb428536e5a87ee0a867f,"{""distance"":5,""physical_error_rate"":1e-06}","{""detection_events"":1670,""detectors_checked"":510924800}"
   2872320,         0,         0,   119.5,decoder_by_matrix,161b5fe948dcfe007f335a5c57bcb8ff38ff3ea8726714a4cc08f5b9386b17ca,"{""distance"":5,""physical_error_rate"":5e-06}","{""detection_events"":8430,""detectors_checked"":488294400}"
    972288,         0,         0,   119.6,decoder_by_matrix,cc9cd6551b3048ae216380ccb8ae5d3cca75b5b766fe651c47ef084ce4ce7dc6,"{""distance"":5,""physical_error_rate"":5e-05}","{""detection_events"":28375,""detectors_checked"":165288960}"
    947200,         0,         0,   119.5,decoder_by_matrix,a052b2ce6ed64a98931ebcd7492590a746d7ec6e385d9f4479eb5b69a31b01f0,"{""distance"":5,""physical_error_rate"":0.0001}","{""detection_events"":53775,""detectors_checked"":161024000}"
    859136,         0,         0,   119.6,decoder_by_matrix,6866428194f3c2ecf80b799fe3d7eaa0d7bfdd0bee14693d15f8abf3c1159eda,"{""distance"":5,""physical_error_rate"":1e-05}","{""detection_events"":5060,""detectors_checked"":146053120}"
    972800,         0,         0,   119.8,decoder_by_matrix,6866428194f3c2ecf80b799fe3d7eaa0d7bfdd0bee14693d15f8abf3c1159eda,"{""distance"":5,""physical_error_rate"":1e-05}","{""detection_events"":5630,""detectors_checked"":165376000}"
    389120,         0,         0,   119.4,decoder_by_matrix,f0fc70a0432f83ff513e502442839d2eab02e2bed2f658d0464ff826d304e5e7,"{""distance"":5,""physical_error_rate"":0.0005}","{""detection_events"":108925,""detectors_checked"":66150400}"
    427008,         0,         0,   119.4,decoder_by_matrix,161b5fe948dcfe007f335a5c57bcb8ff38ff3ea8726714a4cc08f5b9386b17ca,"{""distance"":5,""physical_error_rate"":5e-06}","{""detection_events"":1140,""detectors_checked"":72591360}"
    379904,         0,         0,   119.7,decoder_by_matrix,f0fc70a0432f83ff513e502442839d2eab02e2bed2f658d0464ff826d304e5e7,"{""distance"":5,""physical_error_rate"":0.0005}","{""detection_events"":110080,""detectors_checked"":64583680}"
    907264,         0,         0,   119.8,decoder_by_matrix,be0c214c078cdb5104153598b498575a1fc035ba16beb428536e5a87ee0a867f,"{""distance"":5,""physical_error_rate"":1e-06}","{""detection_events"":530,""detectors_checked"":154234880}"
   3066880,         0,         0,   119.6,decoder_by_matrix,161b5fe948dcfe007f335a5c57bcb8ff38ff3ea8726714a4cc08f5b9386b17ca,"{""distance"":5,""physical_error_rate"":5e-06}","{""detection_events"":8865,""detectors_checked"":521369600}"
   2844672,         0,         0,   119.6,decoder_by_matrix,6866428194f3c2ecf80b799fe3d7eaa0d7bfdd0bee14693d15f8abf3c1159eda,"{""distance"":5,""physical_error_rate"":1e-05}","{""detection_events"":15445,""detectors_checked"":483594240}"
   3038208,         0,         0,   119.7,decoder_by_matrix,6866428194f3c2ecf80b799fe3d7eaa0d7bfdd0bee14693d15f8abf3c1159eda,"{""distance"":5,""physical_error_rate"":1e-05}","{""detection_events"":17035,""detectors_checked"":516495360}"
   2692096,         0,         0,   119.6,decoder_by_matrix,161b5fe948dcfe007f335a5c57bcb8ff38ff3ea8726714a4cc08f5b9386b17ca,"{""distance"":5,""physical_error_rate"":5e-06}","{""detection_events"":7435,""detectors_checked"":457656320}"
   2713600,         0,         0,   119.6,decoder_by_matrix,cc9cd6551b3048ae216380ccb8ae5d3cca75b5b766fe651c47ef084ce4ce7dc6,"{""distance"":5,""physical_error_rate"":5e-05}","{""detection_events"":78265,""detectors_checked"":461312000}"
   2775040,         1,         0,   119.5,decoder_by_matrix,f0fc70a0432f83ff513e502442839d2eab02e2bed2f658d0464ff826d304e5e7,"{""distance"":5,""physical_error_rate"":0.0005}","{""detection_events"":787625,""detectors_checked"":471756800,""obs_mistake_mask=E_"":1}"
   2953216,         0,         0,   119.6,decoder_by_matrix,161b5fe948dcfe007f335a5c57bcb8ff38ff3ea8726714a4cc08f5b9386b17ca,"{""distance"":5,""physical_error_rate"":5e-06}","{""detection_events"":7990,""detectors_checked"":502046720}"
   2563072,         0,         0,   119.6,decoder_by_matrix,a052b2ce6ed64a98931ebcd7492590a746d7ec6e385d9f4479eb5b69a31b01f0,"{""distance"":5,""physical_error_rate"":0.0001}","{""detection_events"":142895,""detectors_checked"":435722240}"
   2630656,         4,         0,   119.6,decoder_by_matrix,5b8a070a3cf8d31d64f24dbee89f3428cb9cab13fc59f7448d798f9bf08e9187,"{""distance"":5,""physical_error_rate"":0.001}","{""detection_events"":1491825,""detectors_checked"":447211520,""obs_mistake_mask=EE"":1,""obs_mistake_mask=E_"":1,""obs_mistake_mask=_E"":2}"
   2701312,         5,         0,   119.6,decoder_by_matrix,5b8a070a3cf8d31d64f24dbee89f3428cb9cab13fc59f7448d798f9bf08e9187,"{""distance"":5,""physical_error_rate"":0.001}","{""detection_events"":1528650,""detectors_checked"":459223040,""obs_mistake_mask=EE"":1,""obs_mistake_mask=E_"":3,""obs_mistake_mask=_E"":1}"
   2624512,         0,         0,   119.6,decoder_by_matrix,cc9cd6551b3048ae216380ccb8ae5d3cca75b5b766fe651c47ef084ce4ce7dc6,"{""distance"":5,""physical_error_rate"":5e-05}","{""detection_events"":74880,""detectors_checked"":446167040}"
   2816000,         0,         0,   119.6,decoder_by_matrix,be0c214c078cdb5104153598b498575a1fc035ba16beb428536e5a87ee0a867f,"{""distance"":5,""physical_error_rate"":1e-06}","{""detection_events"":1610,""detectors_checked"":478720000}"
   2627584,         0,         0,   119.6,decoder_by_matrix,f0fc70a0432f83ff513e502442839d2eab02e2bed2f658d0464ff826d304e5e7,"{""distance"":5,""physical_error_rate"":0.0005}","{""detection_events"":745325,""detectors_checked"":446689280}"
   2911232,         0,         0,   119.6,decoder_by_matrix,a052b2ce6ed64a98931ebcd7492590a746d7ec6e385d9f4479eb5b69a31b01f0,"{""distance"":5,""physical_error_rate"":0.0001}","{""detection_events"":164890,""detectors_checked"":494909440}"
   2728960,         0,         0,   119.7,decoder_by_matrix,be0c214c078cdb5104153598b498575a1fc035ba16beb428536e5a87ee0a867f,"{""distance"":5,""physical_error_rate"":1e-06}","{""detection_events"":1465,""detectors_checked"":463923200}"
   2913280,         0,         0,   119.6,decoder_by_matrix,a052b2ce6ed64a98931ebcd7492590a746d7ec6e385d9f4479eb5b69a31b01f0,"{""distance"":5,""physical_error_rate"":0.0001}","{""detection_events"":166850,""detectors_checked"":495257600}"
   2693120,         0,         0,   119.6,decoder_by_matrix,be0c214c078cdb5104153598b498575a1fc035ba16beb428536e5a87ee0a867f,"{""distance"":5,""physical_error_rate"":1e-06}","{""detection_events"":1835,""detectors_checked"":457830400}"
   2690048,         0,         0,   119.6,decoder_by_matrix,6866428194f3c2ecf80b799fe3d7eaa0d7bfdd0bee14693d15f8abf3c1159eda,"{""distance"":5,""physical_error_rate"":1e-05}","{""detection_events"":14995,""detectors_checked"":457308160}"
   2914304,         0,         0,   119.6,decoder_by_matrix,cc9cd6551b3048ae216380ccb8ae5d3cca75b5b766fe651c47ef084ce4ce7dc6,"{""distance"":5,""physical_error_rate"":5e-05}","{""detection_events"":82090,""detectors_checked"":495431680}"
   2263040,         0,         0,   119.6,decoder_by_matrix,f0fc70a0432f83ff513e502442839d2eab02e2bed2f658d0464ff826d304e5e7,"{""distance"":5,""physical_error_rate"":0.0005}","{""detection_events"":638260,""detectors_checked"":384716800}"
    480256,         1,         0,   119.2,decoder_by_matrix,5b8a070a3cf8d31d64f24dbee89f3428cb9cab13fc59f7448d798f9bf08e9187,"{""distance"":5,""physical_error_rate"":0.001}","{""detection_events"":271890,""detectors_checked"":81643520,""obs_mistake_mask=_E"":1}"
    423936,         0,         0,   119.3,decoder_by_matrix,be0c214c078cdb5104153598b498575a1fc035ba16beb428536e5a87ee0a867f,"{""distance"":5,""physical_error_rate"":1e-06}","{""detection_events"":145,""detectors_checked"":72069120}"
    471040,         0,         0,   119.5,decoder_by_matrix,5b8a070a3cf8d31d64f24dbee89f3428cb9cab13fc59f7448d798f9bf08e9187,"{""distance"":5,""physical_error_rate"":0.001}","{""detection_events"":264845,""detectors_checked"":80076800}"
   1020928,         0,         0,   119.6,decoder_by_matrix,cc9cd6551b3048ae216380ccb8ae5d3cca75b5b766fe651c47ef084ce4ce7dc6,"{""distance"":5,""physical_error_rate"":5e-05}","{""detection_events"":29015,""detectors_checked"":173557760}"
    490496,         0,         0,   119.4,decoder_by_matrix,161b5fe948dcfe007f335a5c57bcb8ff38ff3ea8726714a4cc08f5b9386b17ca,"{""distance"":5,""physical_error_rate"":5e-06}","{""detection_events"":1540,""detectors_checked"":83384320}"
    452608,         0,         0,   119.1,decoder_by_matrix,5b8a070a3cf8d31d64f24dbee89f3428cb9cab13fc59f7448d798f9bf08e9187,"{""distance"":5,""physical_error_rate"":0.001}","{""detection_events"":254050,""detectors_checked"":76943360}"
    929792,         0,         0,   119.8,decoder_by_matrix,6866428194f3c2ecf80b799fe3d7eaa0d7bfdd0bee14693d15f8abf3c1159eda,"{""distance"":5,""physical_error_rate"":1e-05}","{""detection_events"":5240,""detectors_checked"":158064640}"
    457728,         0,         0,   118.9,decoder_by_matrix,f0fc70a0432f83ff513e502442839d2eab02e2bed2f658d0464ff826d304e5e7,"{""distance"":5,""physical_error_rate"":0.0005}","{""detection_events"":129935,""detectors_checked"":77813760}"
    457728,         0,         0,   119.6,decoder_by_matrix,cc9cd6551b3048ae216380ccb8ae5d3cca75b5b766fe651c47ef084ce4ce7dc6,"{""distance"":5,""physical_error_rate"":5e-05}","{""detection_events"":14225,""detectors_checked"":77813760}"
    442368,         1,         0,   119.7,decoder_by_matrix,5b8a070a3cf8d31d64f24dbee89f3428cb9cab13fc59f7448d798f9bf08e9187,"{""distance"":5,""physical_error_rate"":0.001}","{""detection_events"":246595,""detectors_checked"":75202560,""obs_mistake_mask=_E"":1}"
    435200,         0,         0,   119.7,decoder_by_matrix,a052b2ce6ed64a98931ebcd7492590a746d7ec6e385d9f4479eb5b69a31b01f0,"{""distance"":5,""physical_error_rate"":0.0001}","{""detection_events"":24805,""detectors_checked"":73984000}"
   2798592,         0,         0,   119.6,decoder_by_matrix,be0c214c078cdb5104153598b498575a1fc035ba16beb428536e5a87ee0a867f,"{""distance"":5,""physical_error_rate"":1e-06}","{""detection_events"":1335,""detectors_checked"":475760640}"
   2895872,         0,         0,   119.6,decoder_by_matrix,161b5fe948dcfe007f335a5c57bcb8ff38ff3ea8726714a4cc08f5b9386b17ca,"{""distance"":5,""physical_error_rate"":5e-06}","{""detection_events"":9075,""detectors_checked"":492298240}"
    984064,         0,         0,   120.1,decoder_by_matrix,a052b2ce6ed64a98931ebcd7492590a746d7ec6e385d9f4479eb5b69a31b01f0,"{""distance"":5,""physical_error_rate"":0.0001}","{""detection_events"":54465,""detectors_checked"":167290880}"
    456704,         0,         0,   118.8,decoder_by_matrix,cc9cd6551b3048ae216380ccb8ae5d3cca75b5b766fe651c47ef084ce4ce7dc6,"{""distance"":5,""physical_error_rate"":5e-05}","{""detection_events"":13525,""detectors_checked"":77639680}"
   1075200,         0,         0,   119.9,decoder_by_matrix,a052b2ce6ed64a98931ebcd7492590a746d7ec6e385d9f4479eb5b69a31b01f0,"{""distance"":5,""physical_error_rate"":0.0001}","{""detection_events"":60945,""detectors_checked"":182784000}"
   1001472,         0,         0,   119.7,decoder_by_matrix,6866428194f3c2ecf80b799fe3d7eaa0d7bfdd0bee14693d15f8abf3c1159eda,"{""distance"":5,""physical_error_rate"":1e-05}","{""detection_events"":5270,""detectors_checked"":170250240}"
    841728,         0,         0,   119.9,decoder_by_matrix,f0fc70a0432f83ff513e502442839d2eab02e2bed2f658d0464ff826d304e5e7,"{""distance"":5,""physical_error_rate"":0.0005}","{""detection_events"":239245,""detectors_checked"":143093760}"
   2900992,         0,         0,   119.6,decoder_by_matrix,be0c214c078cdb5104153598b498575a1fc035ba16beb428536e5a87ee0a867f,"{""distance"":5,""physical_error_rate"":1e-06}","{""detection_events"":1345,""detectors_checked"":493168640}"
   2879488,         0,         0,   119.7,decoder_by_matrix,161b5fe948dcfe007f335a5c57bcb8ff38ff3ea8726714a4cc08f5b9386b17ca,"{""distance"":5,""physical_error_rate"":5e-06}","{""detection_events"":7360,""detectors_checked"":489512960}"
   1204224,         0,         0,   119.7,decoder_by_matrix,cc9cd6551b3048ae216380ccb8ae5d3cca75b5b766fe651c47ef084ce4ce7dc6,"{""distance"":5,""physical_error_rate"":5e-05}","{""detection_events"":33930,""detectors_checked"":204718080}"
   1121280,         0,         0,   119.6,decoder_by_matrix,a052b2ce6ed64a98931ebcd7492590a746d7ec6e385d9f4479eb5b69a31b01f0,"{""distance"":5,""physical_error_rate"":0.0001}","{""detection_events"":62275,""detectors_checked"":190617600}"
    963584,         0,         0,   119.5,decoder_by_matrix,6866428194f3c2ecf80b799fe3d7eaa0d7bfdd0bee14693d15f8abf3c1159eda,"{""distance"":5,""physical_error_rate"":1e-05}","{""detection_events"":4990,""detectors_checked"":163809280}"
    996352,         0,         0,   119.6,decoder_by_matrix,6866428194f3c2ecf80b799fe3d7eaa0d7bfdd0bee14693d15f8abf3c1159eda,"{""distance"":5,""physical_error_rate"":1e-05}","{""detection_events"":5675,""detectors_checked"":169379840}"
    405504,         0,         0,   119.7,decoder_by_matrix,f0fc70a0432f83ff513e502442839d2eab02e2bed2f658d0464ff826d304e5e7,"{""distance"":5,""physical_error_rate"":0.0005}","{""detection_events"":116745,""detectors_checked"":68935680}"
    428032,         0,         0,   119.2,decoder_by_matrix,161b5fe948dcfe007f335a5c57bcb8ff38ff3ea8726714a4cc08f5b9386b17ca,"{""distance"":5,""physical_error_rate"":5e-06}","{""detection_events"":1080,""detectors_checked"":72765440}"
    391168,         0,         0,   119.8,decoder_by_matrix,f0fc70a0432f83ff513e502442839d2eab02e2bed2f658d0464ff826d304e5e7,"{""distance"":5,""physical_error_rate"":0.0005}","{""detection_events"":112275,""detectors_checked"":66498560}"
   1014784,         0,         0,   119.6,decoder_by_matrix,be0c214c078cdb5104153598b498575a1fc035ba16beb428536e5a87ee0a867f,"{""distance"":5,""physical_error_rate"":1e-06}","{""detection_events"":415,""detectors_checked"":172513280}"
   3125248,         0,         0,   119.6,decoder_by_matrix,161b5fe948dcfe007f335a5c57bcb8ff38ff3ea8726714a4cc08f5b9386b17ca,"{""distance"":5,""physical_error_rate"":5e-06}","{""detection_events"":9270,""detectors_checked"":531292160}"
   2874368,         0,         0,   119.6,decoder_by_matrix,6866428194f3c2ecf80b799fe3d7eaa0d7bfdd0bee14693d15f8abf3c1159eda,"{""distance"":5,""physical_error_rate"":1e-05}","{""detection_events"":15250,""detectors_checked"":488642560}"
   3113984,         0,         0,   119.6,decoder_by_matrix,6866428194f3c2ecf80b799fe3d7eaa0d7bfdd0bee14693d15f8abf3c1159eda,"{""distance"":5,""physical_error_rate"":1e-05}","{""detection_events"":17225,""detectors_checked"":529377280}"
   2557952,         0,         0,   119.7,decoder_by_matrix,161b5fe948dcfe007f335a5c57bcb8ff38ff3ea8726714a4cc08f5b9386b17ca,"{""distance"":5,""physical_error_rate"":5e-06}","{""detection_events"":7320,""detectors_checked"":434851840}"
   2675712,         0,         0,   119.5,decoder_by_matrix,cc9cd6551b3048ae216380ccb8ae5d3cca75b5b766fe651c47ef084ce4ce7dc6,"{""distance"":5,""physical_error_rate"":5e-05}","{""detection_events"":78160,""detectors_checked"":454871040}"
   2922496,         0,         0,   119.6,decoder_by_matrix,f0fc70a0432f83ff513e502442839d2eab02e2bed2f658d0464ff826d304e5e7,"{""distance"":5,""physical_error_rate"":0.0005}","{""detection_events"":832555,""detectors_checked"":496824320}"
   2805760,         0,         0,   119.6,decoder_by_matrix,161b5fe948dcfe007f335a5c57bcb8ff38ff3ea8726714a4cc08f5b9386b17ca,"{""distance"":5,""physical_error_rate"":5e-06}","{""detection_events"":7835,""detectors_checked"":476979200}"
   2534400,         0,         0,   119.6,decoder_by_matrix,a052b2ce6ed64a98931ebcd7492590a746d7ec6e385d9f4479eb5b69a31b01f0,"{""distance"":5,""physical_error_rate"":0.0001}","{""detection_events"":146295,""detectors_checked"":430848000}"
   2568192,         5,         0,   119.6,decoder_by_matrix,5b8a070a3cf8d31d64f24dbee89f3428cb9cab13fc59f7448d798f9bf08e9187,"{""distance"":5,""physical_error_rate"":0.001}","{""detection_events"":1458455,""detectors_checked"":436592640,""obs_mistake_mask=EE"":1,""obs_mistake_mask=E_"":3,""obs_mistake_mask=_E"":1}"
   2587648,         5,         0,   119.6,decoder_by_matrix,5b8a070a3cf8d31d64f24dbee89f3428cb9cab13fc59f7448d798f9bf08e9187,"{""distance"":5,""physical_error_rate"":0.001}","{""detection_events"":1465660,""detectors_checked"":439900160,""obs_mistake_mask=EE"":1,""obs_mistake_mask=E_"":2,""obs_mistake_mask=_E"":2}"
   2417664,         0,         0,   119.5,decoder_by_matrix,cc9cd6551b3048ae216380ccb8ae5d3cca75b5b766fe651c47ef084ce4ce7dc6,"{""distance"":5,""physical_error_rate"":5e-05}","{""detection_events"":68890,""detectors_checked"":411002880}"
   2779136,         0,         0,   119.6,decoder_by_matrix,be0c214c078cdb5104153598b498575a1fc035ba16beb428536e5a87ee0a867f,"{""distance"":5,""physical_error_rate"":1e-06}","{""detection_events"":1565,""detectors_checked"":472453120}"
   2769920,         0,         0,   119.6,decoder_by_matrix,f0fc70a0432f83ff513e502442839d2eab02e2bed2f658d0464ff826d304e5e7,"{""distance"":5,""physical_error_rate"":0.0005}","{""detection_events"":785575,""detectors_checked"":470886400}"
   2322432,         0,         0,   119.6,decoder_by_matrix,be0c214c078cdb5104153598b498575a1fc035ba16beb428536e5a87ee0a867f,"{""distance"":5,""physical_error_rate"":1e-06}","{""detection_events"":975,""detectors_checked"":394813440}"
   2876416,         0,         0,   119.6,decoder_by_matrix,a052b2ce6ed64a98931ebcd7492590a746d7ec6e385d9f4479eb5b69a31b01f0,"{""distance"":5,""physical_error_rate"":0.0001}","{""detection_events"":163765,""detectors_checked"":488990720}"
   3005440,         0,         0,   119.6,decoder_by_matrix,a052b2ce6ed64a98931ebcd7492590a746d7ec6e385d9f4479eb5b69a31b01f0,"{""distance"":5,""physical_error_rate"":0.0001}","{""detection_events"":173480,""detectors_checked"":510924800}"
   2688000,         0,         0,   119.6,decoder_by_matrix,be0c214c078cdb5104153598b498575a1fc035ba16beb428536e5a87ee0a867f,"{""distance"":5,""physical_error_rate"":1e-06}","{""detection_events"":1625,""detectors_checked"":456960000}"
   2453504,         0,         0,   119.6,decoder_by_matrix,6866428194f3c2ecf80b799fe3d7eaa0d7bfdd0bee14693d15f8abf3c1159eda,"{""distance"":5,""physical_error_rate"":1e-05}","{""detection_events"":15205,""detectors_checked"":417095680}"
   2991104,         0,         0,   119.6,decoder_by_matrix,cc9cd6551b3048ae216380ccb8ae5d3cca75b5b766fe651c47ef084ce4ce7dc6,"{""distance"":5,""physical_error_rate"":5e-05}","{""detection_events"":82865,""detectors_checked"":508487680}"
   2186240,         1,         0,   119.5,decoder_by_matrix,f0fc70a0432f83ff513e502442839d2eab02e2bed2f658d0464ff826d304e5e7,"{""distance"":5,""physical_error_rate"":0.0005}","{""detection_events"":618730,""detectors_checked"":371660800,""obs_mistake_mask=_E"":1}"
    488448,         1,         0,   119.3,decoder_by_matrix,5b8a070a3cf8d31d64f24dbee89f3428cb9cab13fc59f7448d798f9bf08e9187,"{""distance"":5,""physical_error_rate"":0.001}","{""detection_events"":277310,""detectors_checked"":83036160,""obs_mistake_mask=_E"":1}"
    430080,         0,         0,   119.3,decoder_by_matrix,be0c214c078cdb5104153598b498575a1fc035ba16beb428536e5a87ee0a867f,"{""distance"":5,""physical_error_rate"":1e-06}","{""detection_events"":140,""detectors_checked"":73113600}"
    478208,         0,         0,   119.4,decoder_by_matrix,5b8a070a3cf8d31d64f24dbee89f3428cb9cab13fc59f7448d798f9bf08e9187,"{""distance"":5,""physical_error_rate"":0.001}","{""detection_events"":268820,""detectors_checked"":81295360}"
   1037312,         0,         0,   120.0,decoder_by_matrix,cc9cd6551b3048ae216380ccb8ae5d3cca75b5b766fe651c47ef084ce4ce7dc6,"{""distance"":5,""physical_error_rate"":5e-05}","{""detection_events"":29455,""detectors_checked"":176343040}"
    502784,         0,         0,   119.4,decoder_by_matrix,161b5fe948dcfe007f335a5c57bcb8ff38ff3ea8726714a4cc08f5b9386b17ca,"{""distance"":5,""physical_error_rate"":5e-06}","{""detection_events"":1205,""detectors_checked"":85473280}"
    460800,         0,         0,   119.0,decoder_by_matrix,5b8a070a3cf8d31d64f24dbee89f3428cb9cab13fc59f7448d798f9bf08e9187,"{""distance"":5,""physical_error_rate"":0.001}","{""detection_events"":263850,""detectors_checked"":78336000}"
   1089536,         0,         0,   119.6,decoder_by_matrix,6866428194f3c2ecf80b799fe3d7eaa0d7bfdd0bee14693d15f8abf3c1159eda,"{""distance"":5,""physical_error_rate"":1e-05}","{""detection_events"":6190,""detectors_checked"":185221120}"
    470016,         0,         0,   118.7,decoder_by_matrix,f0fc70a0432f83ff513e502442839d2eab02e2bed2f658d0464ff826d304e5e7,"{""distance"":5,""physical_error_rate"":0.0005}","{""detection_events"":136625,""detectors_checked"":79902720}"
    465920,         0,         0,   118.7,decoder_by_matrix,cc9cd6551b3048ae216380ccb8ae5d3cca75b5b766fe651c47ef084ce4ce7dc6,"{""distance"":5,""physical_error_rate"":5e-05}","{""detection_events"":15080,""detectors_checked"":79206400}"
    464896,         2,         0,   119.6,decoder_by_matrix,5b8a070a3cf8d31d64f24dbee89f3428cb9cab13fc59f7448d798f9bf08e9187,"{""distance"":5,""physical_error_rate"":0.001}","{""detection_events"":266045,""detectors_checked"":79032320,""obs_mistake_mask=E_"":1,""obs_mistake_mask=_E"":1}"
    453632,         0,         0,   119.6,decoder_by_matrix,a052b2ce6ed64a98931ebcd7492590a746d7ec6e385d9f4479eb5b69a31b01f0,"{""distance"":5,""physical_error_rate"":0.0001}","{""detection_events"":24445,""detectors_checked"":77117440}"
   2879488,         0,         0,   119.6,decoder_by_matrix,be0c214c078cdb5104153598b498575a1fc035ba16beb428536e5a87ee0a867f,"{""distance"":5,""physical_error_rate"":1e-06}","{""detection_events"":1400,""detectors_checked"":489512960}"
   2848768,         0,         0,   119.6,decoder_by_matrix,161b5fe948dcfe007f335a5c57bcb8ff38ff3ea8726714a4cc08f5b9386b17ca,"{""distance"":5,""physical_error_rate"":5e-06}","{""detection_events"":7820,""detectors_checked"":484290560}"
   1044480,         0,         0,   119.7,decoder_by_matrix,a052b2ce6ed64a98931ebcd7492590a746d7ec6e385d9f4479eb5b69a31b01f0,"{""distance"":5,""physical_error_rate"":0.0001}","{""detection_events"":57525,""detectors_checked"":177561600}"
    485376,         0,         0,   119.4,decoder_by_matrix,cc9cd6551b3048ae216380ccb8ae5d3cca75b5b766fe651c47ef084ce4ce7dc6,"{""distance"":5,""physical_error_rate"":5e-05}","{""detection_events"":14085,""detectors_checked"":82513920}"
   1105920,         0,         0,   119.6,decoder_by_matrix,a052b2ce6ed64a98931ebcd7492590a746d7ec6e385d9f4479eb5b69a31b01f0,"{""distance"":5,""physical_error_rate"":0.0001}","{""detection_events"":60770,""detectors_checked"":188006400}"
   1361920,         0,         0,   119.7,decoder_by_matrix,6866428194f3c2ecf80b799fe3d7eaa0d7bfdd0bee14693d15f8abf3c1159eda,"{""distance"":5,""physical_error_rate"":1e-05}","{""detection_events"":6935,""detectors_checked"":231526400}"
   1245184,         1,         0,   119.6,decoder_by_matrix,f0fc70a0432f83ff513e502442839d2eab02e2bed2f658d0464ff826d304e5e7,"{""distance"":5,""physical_error_rate"":0.0005}","{""detection_events"":356020,""detectors_checked"":211681280,""obs_mistake_mask=E_"":1}"
   3012608,         0,         0,   119.6,decoder_by_matrix,be0c214c078cdb5104153598b498575a1fc035ba16beb428536e5a87ee0a867f,"{""distance"":5,""physical_error_rate"":1e-06}","{""detection_events"":1760,""detectors_checked"":512143360}"
   2882560,         0,         0,   119.6,decoder_by_matrix,161b5fe948dcfe007f335a5c57bcb8ff38ff3ea8726714a4cc08f5b9386b17ca,"{""distance"":5,""physical_error_rate"":5e-06}","{""detection_events"":8095,""detectors_checked"":490035200}"
   1128448,         0,         0,   119.6,decoder_by_matrix,cc9cd6551b3048ae216380ccb8ae5d3cca75b5b766fe651c47ef084ce4ce7dc6,"{""distance"":5,""physical_error_rate"":5e-05}","{""detection_events"":32510,""detectors_checked"":191836160}"
   1154048,         0,         0,   119.9,decoder_by_matrix,a052b2ce6ed64a98931ebcd7492590a746d7ec6e385d9f4479eb5b69a31b01f0,"{""distance"":5,""physical_error_rate"":0.0001}","{""detection_events"":66995,""detectors_checked"":196188160}"
    980992,         0,         0,   119.9,decoder_by_matrix,6866428194f3c2ecf80b799fe3d7eaa0d7bfdd0bee14693d15f8abf3c1159eda,"{""distance"":5,""physical_error_rate"":1e-05}","{""detection_events"":5205,""detectors_checked"":166768640}"
   1164288,         0,         0,   119.5,decoder_by_matrix,6866428194f3c2ecf80b799fe3d7eaa0d7bfdd0bee14693d15f8abf3c1159eda,"{""distance"":5,""physical_error_rate"":1e-05}","{""detection_events"":6555,""detectors_checked"":197928960}"
    408576,         0,         0,   119.7,decoder_by_matrix,f0fc70a0432f83ff513e502442839d2eab02e2bed2f658d0464ff826d304e5e7,"{""distance"":5,""physical_error_rate"":0.0005}","{""detection_events"":118825,""detectors_checked"":69457920}"
    440320,         0,         0,   119.3,decoder_by_matrix,161b5fe948dcfe007f335a5c57bcb8ff38ff3ea8726714a4cc08f5b9386b17ca,"{""distance"":5,""physical_error_rate"":5e-06}","{""detection_events"":950,""detectors_checked"":74854400}"
    400384,         0,         0,   119.5,decoder_by_matrix,f0fc70a0432f83ff513e502442839d2eab02e2bed2f658d0464ff826d304e5e7,"{""distance"":5,""physical_error_rate"":0.0005}","{""detection_events"":117065,""detectors_checked"":68065280}"
    950272,         0,         0,   119.6,decoder_by_matrix,be0c214c078cdb5104153598b498575a1fc035ba16beb428536e5a87ee0a867f,"{""distance"":5,""physical_error_rate"":1e-06}","{""detection_events"":545,""detectors_checked"":161546240}"
   3101696,         0,         0,   119.6,decoder_by_matrix,161b5fe948dcfe007f335a5c57bcb8ff38ff3ea8726714a4cc08f5b9386b17ca,"{""distance"":5,""physical_error_rate"":5e-06}","{""detection_events"":8350,""detectors_checked"":527288320}"
   2721792,         0,         0,   119.6,decoder_by_matrix,6866428194f3c2ecf80b799fe3d7eaa0d7bfdd0bee14693d15f8abf3c1159eda,"{""distance"":5,""physical_error_rate"":1e-05}","{""detection_events"":15955,""detectors_checked"":462704640}"
   3076096,         0,         0,   119.6,decoder_by_matrix,6866428194f3c2ecf80b799fe3d7eaa0d7bfdd0bee14693d15f8abf3c1159eda,"{""distance"":5,""physical_error_rate"":1e-05}","{""detection_events"":17700,""detectors_checked"":522936320}"
   2330624,         0,         0,   119.6,decoder_by_matrix,161b5fe948dcfe007f335a5c57bcb8ff38ff3ea8726714a4cc08f5b9386b17ca,"{""distance"":5,""physical_error_rate"":5e-06}","{""detection_events"":6685,""detectors_checked"":396206080}"
   2488320,         0,         0,   119.6,decoder_by_matrix,cc9cd6551b3048ae216380ccb8ae5d3cca75b5b766fe651c47ef084ce4ce7dc6,"{""distance"":5,""physical_error_rate"":5e-05}","{""detection_events"":73885,""detectors_checked"":423014400}"
   2921472,         0,         0,   119.7,decoder_by_matrix,f0fc70a0432f83ff513e502442839d2eab02e2bed2f658d0464ff826d304e5e7,"{""distance"":5,""physical_error_rate"":0.0005}","{""detection_events"":831495,""detectors_checked"":496650240}"
   3019776,         0,         0,   119.6,decoder_by_matrix,161b5fe948dcfe007f335a5c57bcb8ff38ff3ea8726714a4cc08f5b9386b17ca,"{""distance"":5,""physical_error_rate"":5e-06}","{""detection_events"":8005,""detectors_checked"":513361920}"
   2510848,         3,         0,   119.5,decoder_by_matrix,5b8a070a3cf8d31d64f24dbee89f3428cb9cab13fc59f7448d798f9bf08e9187,"{""distance"":5,""physical_error_rate"":0.001}","{""detection_events"":1428370,""detectors_checked"":426844160,""obs_mistake_mask=E_"":3}"
   2663424,         5,         0,   119.6,decoder_by_matrix,5b8a070a3cf8d31d64f24dbee89f3428cb9cab13fc59f7448d798f9bf08e9187,"{""distance"":5,""physical_error_rate"":0.001}","{""detection_events"":1514090,""detectors_checked"":452782080,""obs_mistake_mask=E_"":5}"
   2470912,         0,         0,   119.6,decoder_by_matrix,a052b2ce6ed64a98931ebcd7492590a746d7ec6e385d9f4479eb5b69a31b01f0,"{""distance"":5,""physical_error_rate"":0.0001}","{""detection_events"":139220,""detectors_checked"":420055040}"
   2519040,         0,         0,   119.6,decoder_by_matrix,cc9cd6551b3048ae216380ccb8ae5d3cca75b5b766fe651c47ef084ce4ce7dc6,"{""distance"":5,""physical_error_rate"":5e-05}","{""detection_events"":72765,""detectors_checked"":428236800}"
   2722816,         0,         0,   119.6,decoder_by_matrix,be0c214c078cdb5104153598b498575a1fc035ba16beb428536e5a87ee0a867f,"{""distance"":5,""physical_error_rate"":1e-06}","{""detection_events"":1515,""detectors_checked"":462878720}"
   2626560,         0,         0,   119.6,decoder_by_matrix,f0fc70a0432f83ff513e502442839d2eab02e2bed2f658d0464ff826d304e5e7,"{""distance"":5,""physical_error_rate"":0.0005}","{""detection_events"":748435,""detectors_checked"":446515200}"
   2292736,         0,         0,   119.5,decoder_by_matrix,be0c214c078cdb5104153598b498575a1fc035ba16beb428536e5a87ee0a867f,"{""distance"":5,""physical_error_rate"":1e-06}","{""detection_events"":985,""detectors_checked"":389765120}"
   2927616,         0,         0,   119.6,decoder_by_matrix,a052b2ce6ed64a98931ebcd7492590a746d7ec6e385d9f4479eb5b69a31b01f0,"{""distance"":5,""physical_error_rate"":0.0001}","{""detection_events"":164165,""detectors_checked"":497694720}"
   2699264,         0,         0,   119.6,decoder_by_matrix,a052b2ce6ed64a98931ebcd7492590a746d7ec6e385d9f4479eb5b69a31b01f0,"{""distance"":5,""physical_error_rate"":0.0001}","{""detection_events"":155290,""detectors_checked"":458874880}"
   2632704,         0,         0,   119.6,decoder_by_matrix,be0c214c078cdb5104153598b498575a1fc035ba16beb428536e5a87ee0a867f,"{""distance"":5,""physical_error_rate"":1e-06}","{""detection_events"":1375,""detectors_checked"":447559680}"
   2347008,         0,         0,   119.5,decoder_by_matrix,6866428194f3c2ecf80b799fe3d7eaa0d7bfdd0bee14693d15f8abf3c1159eda,"{""distance"":5,""physical_error_rate"":1e-05}","{""detection_events"":12450,""detectors_checked"":398991360}"
   2998272,         0,         0,   119.6,decoder_by_matrix,cc9cd6551b3048ae216380ccb8ae5d3cca75b5b766fe651c47ef084ce4ce7dc6,"{""distance"":5,""physical_error_rate"":5e-05}","{""detection_events"":85350,""detectors_checked"":509706240}"
   2504704,         1,         0,   119.6,decoder_by_matrix,f0fc70a0432f83ff513e502442839d2eab02e2bed2f658d0464ff826d304e5e7,"{""distance"":5,""physical_error_rate"":0.0005}","{""detection_events"":712995,""detectors_checked"":425799680,""obs_mistake_mask=E_"":1}"
    501760,         0,         0,   119.0,decoder_by_matrix,5b8a070a3cf8d31d64f24dbee89f3428cb9cab13fc59f7448d798f9bf08e9187,"{""distance"":5,""physical_error_rate"":0.001}","{""detection_events"":283700,""detectors_checked"":85299200}"
    446464,         0,         0,   119.6,decoder_by_matrix,be0c214c078cdb5104153598b498575a1fc035ba16beb428536e5a87ee0a867f,"{""distance"":5,""physical_error_rate"":1e-06}","{""detection_events"":265,""detectors_checked"":75898880}"
    496640,         5,         0,   119.6,decoder_by_matrix,5b8a070a3cf8d31d64f24dbee89f3428cb9cab13fc59f7448d798f9bf08e9187,"{""distance"":5,""physical_error_rate"":0.001}","{""detection_events"":280105,""detectors_checked"":84428800,""obs_mistake_mask=EE"":1,""obs_mistake_mask=E_"":3,""obs_mistake_mask=_E"":1}"
   1206272,         0,         0,   119.6,decoder_by_matrix,cc9cd6551b3048ae216380ccb8ae5d3cca75b5b766fe651c47ef084ce4ce7dc6,"{""distance"":5,""physical_error_rate"":5e-05}","{""detection_events"":35265,""detectors_checked"":205066240}"
    504832,         0,         0,   119.1,decoder_by_matrix,161b5fe948dcfe007f335a5c57bcb8ff38ff3ea8726714a4cc08f5b9386b17ca,"{""distance"":5,""physical_error_rate"":5e-06}","{""detection_events"":1410,""detectors_checked"":85821440}"
    471040,         2,         0,   119.6,decoder_by_matrix,5b8a070a3cf8d31d64f24dbee89f3428cb9cab13fc59f7448d798f9bf08e9187,"{""distance"":5,""physical_error_rate"":0.001}","{""detection_events"":269275,""detectors_checked"":80076800,""obs_mistake_mask=E_"":1,""obs_mistake_mask=_E"":1}"
   1103872,         0,         0,   119.6,decoder_by_matrix,6866428194f3c2ecf80b799fe3d7eaa0d7bfdd0bee14693d15f8abf3c1159eda,"{""distance"":5,""physical_error_rate"":1e-05}","{""detection_events"":7050,""detectors_checked"":187658240}"
    477184,         0,         0,   118.9,decoder_by_matrix,cc9cd6551b3048ae216380ccb8ae5d3cca75b5b766fe651c47ef084ce4ce7dc6,"{""distance"":5,""physical_error_rate"":5e-05}","{""detection_events"":13135,""detectors_checked"":81121280}"
    478208,         0,         0,   118.7,decoder_by_matrix,f0fc70a0432f83ff513e502442839d2eab02e2bed2f658d0464ff826d304e5e7,"{""distance"":5,""physical_error_rate"":0.0005}","{""detection_events"":138780,""detectors_checked"":81295360}"
    471040,         0,         0,   119.5,decoder_by_matrix,5b8a070a3cf8d31d64f24dbee89f3428cb9cab13fc59f7448d798f9bf08e9187,"{""distance"":5,""physical_error_rate"":0.001}","{""detection_events"":266675,""detectors_checked"":80076800}"
    454656,         0,         0,   119.8,decoder_by_matrix,a052b2ce6ed64a98931ebcd7492590a746d7ec6e385d9f4479eb5b69a31b01f0,"{""distance"":5,""physical_error_rate"":0.0001}","{""detection_events"":26740,""detectors_checked"":77291520}"
   2667520,         0,         0,   119.6,decoder_by_matrix,be0c214c078cdb5104153598b498575a1fc035ba16beb428536e5a87ee0a867f,"{""distance"":5,""physical_error_rate"":1e-06}","{""detection_events"":1370,""detectors_checked"":453478400}"
   2642944,         0,         0,   119.5,decoder_by_matrix,161b5fe948dcfe007f335a5c57bcb8ff38ff3ea8726714a4cc08f5b9386b17ca,"{""distance"":5,""physical_error_rate"":5e-06}","{""detection_events"":7520,""detectors_checked"":449300480}"
   1118208,         0,         0,   119.3,decoder_by_matrix,a052b2ce6ed64a98931ebcd7492590a746d7ec6e385d9f4479eb5b69a31b01f0,"{""distance"":5,""physical_error_rate"":0.0001}","{""detection_events"":63475,""detectors_checked"":190095360}"
    477184,         0,         0,   119.1,decoder_by_matrix,cc9cd6551b3048ae216380ccb8ae5d3cca75b5b766fe651c47ef084ce4ce7dc6,"{""distance"":5,""physical_error_rate"":5e-05}","{""detection_events"":13710,""detectors_checked"":81121280}"
   1064960,         0,         0,   119.7,decoder_by_matrix,a052b2ce6ed64a98931ebcd7492590a746d7ec6e385d9f4479eb5b69a31b01f0,"{""distance"":5,""physical_error_rate"":0.0001}","{""detection_events"":61175,""detectors_checked"":181043200}"
    980992,         0,         0,   119.6,decoder_by_matrix,6866428194f3c2ecf80b799fe3d7eaa0d7bfdd0bee14693d15f8abf3c1159eda,"{""distance"":5,""physical_error_rate"":1e-05}","{""detection_events"":5565,""detectors_checked"":166768640}"
   1172480,         0,         0,   119.9,decoder_by_matrix,f0fc70a0432f83ff513e502442839d2eab02e2bed2f658d0464ff826d304e5e7,"{""distance"":5,""physical_error_rate"":0.0005}","{""detection_events"":333000,""detectors_checked"":199321600}"
   2797568,         0,         0,   119.6,decoder_by_matrix,be0c214c078cdb5104153598b498575a1fc035ba16beb428536e5a87ee0a867f,"{""distance"":5,""physical_error_rate"":1e-06}","{""detection_events"":1455,""detectors_checked"":475586560}"
   2695168,         0,         0,   119.6,decoder_by_matrix,161b5fe948dcfe007f335a5c57bcb8ff38ff3ea8726714a4cc08f5b9386b17ca,"{""distance"":5,""physical_error_rate"":5e-06}","{""detection_events"":8625,""detectors_checked"":458178560}"
   1163264,         0,         0,   120.0,decoder_by_matrix,cc9cd6551b3048ae216380ccb8ae5d3cca75b5b766fe651c47ef084ce4ce7dc6,"{""distance"":5,""physical_error_rate"":5e-05}","{""detection_events"":33440,""detectors_checked"":197754880}"
   1089536,         0,         0,   119.9,decoder_by_matrix,a052b2ce6ed64a98931ebcd7492590a746d7ec6e385d9f4479eb5b69a31b01f0,"{""distance"":5,""physical_error_rate"":0.0001}","{""detection_events"":62940,""detectors_checked"":185221120}"
   1175552,         0,         0,   119.6,decoder_by_matrix,6866428194f3c2ecf80b799fe3d7eaa0d7bfdd0bee14693d15f8abf3c1159eda,"{""distance"":5,""physical_error_rate"":1e-05}","{""detection_events"":6665,""detectors_checked"":199843840}"
   1176576,         0,         0,   119.8,decoder_by_matrix,6866428194f3c2ecf80b799fe3d7eaa0d7bfdd0bee14693d15f8abf3c1159eda,"{""distance"":5,""physical_error_rate"":1e-05}","{""detection_events"":6665,""detectors_checked"":200017920}"
    412672,         0,         0,   119.8,decoder_by_matrix,f0fc70a0432f83ff513e502442839d2eab02e2bed2f658d0464ff826d304e5e7,"{""distance"":5,""physical_error_rate"":0.0005}","{""detection_events"":117435,""detectors_checked"":70154240}"
    446464,         0,         0,   119.2,decoder_by_matrix,161b5fe948dcfe007f335a5c57bcb8ff38ff3ea8726714a4cc08f5b9386b17ca,"{""distance"":5,""physical_error_rate"":5e-06}","{""detection_events"":1030,""detectors_checked"":75898880}"
    389120,         0,         0,   119.6,decoder_by_matrix,f0fc70a0432f83ff513e502442839d2eab02e2bed2f658d0464ff826d304e5e7,"{""distance"":5,""physical_error_rate"":0.0005}","{""detection_events"":110290,""detectors_checked"":66150400}"
    935936,         0,         0,   119.6,decoder_by_matrix,be0c214c078cdb5104153598b498575a1fc035ba16beb428536e5a87ee0a867f,"{""distance"":5,""physical_error_rate"":1e-06}","{""detection_events"":535,""detectors_checked"":159109120}"
   3103744,         0,         0,   119.6,decoder_by_matrix,161b5fe948dcfe007f335a5c57bcb8ff38ff3ea8726714a4cc08f5b9386b17ca,"{""distance"":5,""physical_error_rate"":5e-06}","{""detection_events"":9080,""detectors_checked"":527636480}"
   2604032,         0,         0,   119.6,decoder_by_matrix,6866428194f3c2ecf80b799fe3d7eaa0d7bfdd0bee14693d15f8abf3c1159eda,"{""distance"":5,""physical_error_rate"":1e-05}","{""detection_events"":15295,""detectors_checked"":442685440}"
   3053568,         0,         0,   119.6,decoder_by_matrix,6866428194f3c2ecf80b799fe3d7eaa0d7bfdd0bee14693d15f8abf3c1159eda,"{""distance"":5,""physical_error_rate"":1e-05}","{""detection_events"":16890,""detectors_checked"":519106560}"
   2694144,         0,         0,   119.6,decoder_by_matrix,161b5fe948dcfe007f335a5c57bcb8ff38ff3ea8726714a4cc08f5b9386b17ca,"{""distance"":5,""physical_error_rate"":5e-06}","{""detection_events"":7595,""detectors_checked"":458004480}"
   2382848,         0,         0,   119.6,decoder_by_matrix,cc9cd6551b3048ae216380ccb8ae5d3cca75b5b766fe651c47ef084ce4ce7dc6,"{""distance"":5,""physical_error_rate"":5e-05}","{""detection_events"":68910,""detectors_checked"":405084160}"
   2919424,         3,         0,   119.6,decoder_by_matrix,f0fc70a0432f83ff513e502442839d2eab02e2bed2f658d0464ff826d304e5e7,"{""distance"":5,""physical_error_rate"":0.0005}","{""detection_events"":822095,""detectors_checked"":496302080,""obs_mistake_mask=EE"":1,""obs_mistake_mask=E_"":2}"
   2839552,         0,         0,   119.6,decoder_by_matrix,161b5fe948dcfe007f335a5c57bcb8ff38ff3ea8726714a4cc08f5b9386b17ca,"{""distance"":5,""physical_error_rate"":5e-06}","{""detection_events"":8385,""detectors_checked"":482723840}"
   2454528,         3,         0,   119.6,decoder_by_matrix,5b8a070a3cf8d31d64f24dbee89f3428cb9cab13fc59f7448d798f9bf08e9187,"{""distance"":5,""physical_error_rate"":0.001}","{""detection_events"":1402520,""detectors_checked"":417269760,""obs_mistake_mask=E_"":1,""obs_mistake_mask=_E"":2}"
   2239488,         4,         0,   119.6,decoder_by_matrix,5b8a070a3cf8d31d64f24dbee89f3428cb9cab13fc59f7448d798f9bf08e9187,"{""distance"":5,""physical_error_rate"":0.001}","{""detection_events"":1275585,""detectors_checked"":380712960,""obs_mistake_mask=EE"":2,""obs_mistake_mask=E_"":1,""obs_mistake_mask=_E"":1}"
   2698240,         0,         0,   119.5,decoder_by_matrix,a052b2ce6ed64a98931ebcd7492590a746d7ec6e385d9f4479eb5b69a31b01f0,"{""distance"":5,""physical_error_rate"":0.0001}","{""detection_events"":154855,""detectors_checked"":458700800}"
   2853888,         0,         0,   119.6,decoder_by_matrix,cc9cd6551b3048ae216380ccb8ae5d3cca75b5b766fe651c47ef084ce4ce7dc6,"{""distance"":5,""physical_error_rate"":5e-05}","{""detection_events"":82300,""detectors_checked"":485160960}"
   2629632,         0,         0,   119.6,decoder_by_matrix,f0fc70a0432f83ff513e502442839d2eab02e2bed2f658d0464ff826d304e5e7,"{""distance"":5,""physical_error_rate"":0.0005}","{""detection_events"":741725,""detectors_checked"":447037440}"
   2738176,         0,         0,   119.7,decoder_by_matrix,be0c214c078cdb5104153598b498575a1fc035ba16beb428536e5a87ee0a867f,"{""distance"":5,""physical_error_rate"":1e-06}","{""detection_events"":1630,""detectors_checked"":465489920}"
   2798592,         0,         0,   119.6,decoder_by_matrix,be0c214c078cdb5104153598b498575a1fc035ba16beb428536e5a87ee0a867f,"{""distance"":5,""physical_error_rate"":1e-06}","{""detection_events"":1650,""detectors_checked"":475760640}"
   2961408,         0,         0,   119.5,decoder_by_matrix,a052b2ce6ed64a98931ebcd7492590a746d7ec6e385d9f4479eb5b69a31b01f0,"{""distance"":5,""physical_error_rate"":0.0001}","{""detection_events"":163310,""detectors_checked"":503439360}"
   2661376,         0,         0,   119.6,decoder_by_matrix,a052b2ce6ed64a98931ebcd7492590a746d7ec6e385d9f4479eb5b69a31b01f0,"{""distance"":5,""physical_error_rate"":0.0001}","{""detection_events"":153830,""detectors_checked"":452433920}"
   2614272,         0,         0,   119.6,decoder_by_matrix,be0c214c078cdb5104153598b498575a1fc035ba16beb428536e5a87ee0a867f,"{""distance"":5,""physical_error_rate"":1e-06}","{""detection_events"":1620,""detectors_checked"":444426240}"
   2590720,         0,         0,   119.6,decoder_by_matrix,6866428194f3c2ecf80b799fe3d7eaa0d7bfdd0bee14693d15f8abf3c1159eda,"{""distance"":5,""physical_error_rate"":1e-05}","{""detection_events"":14180,""detectors_checked"":440422400}"
   2940928,         0,         0,   119.6,decoder_by_matrix,cc9cd6551b3048ae216380ccb8ae5d3cca75b5b766fe651c47ef084ce4ce7dc6,"{""distance"":5,""physical_error_rate"":5e-05}","{""detection_events"":80735,""detectors_checked"":499957760}"
   2386944,         0,         0,   119.6,decoder_by_matrix,f0fc70a0432f83ff513e502442839d2eab02e2bed2f658d0464ff826d304e5e7,"{""distance"":5,""physical_error_rate"":0.0005}","{""detection_events"":671885,""detectors_checked"":405780480}"
    507904,         0,         0,   119.0,decoder_by_matrix,5b8a070a3cf8d31d64f24dbee89f3428cb9cab13fc59f7448d798f9bf08e9187,"{""distance"":5,""physical_error_rate"":0.001}","{""detection_events"":284690,""detectors_checked"":86343680}"
    444416,         0,         0,   119.4,decoder_by_matrix,be0c214c078cdb5104153598b498575a1fc035ba16beb428536e5a87ee0a867f,"{""distance"":5,""physical_error_rate"":1e-06}","{""detection_events"":285,""detectors_checked"":75550720}"
    499712,         0,         0,   119.4,decoder_by_matrix,5b8a070a3cf8d31d64f24dbee89f3428cb9cab13fc59f7448d798f9bf08e9187,"{""distance"":5,""physical_error_rate"":0.001}","{""detection_events"":282340,""detectors_checked"":84951040}"
   1172480,         0,         0,   119.7,decoder_by_matrix,cc9cd6551b3048ae216380ccb8ae5d3cca75b5b766fe651c47ef084ce4ce7dc6,"{""distance"":5,""physical_error_rate"":5e-05}","{""detection_events"":34095,""detectors_checked"":199321600}"
    512000,         0,         0,   119.5,decoder_by_matrix,161b5fe948dcfe007f335a5c57bcb8ff38ff3ea8726714a4cc08f5b9386b17ca,"{""distance"":5,""physical_error_rate"":5e-06}","{""detection_events"":1480,""detectors_checked"":87040000}"
   1007616,         0,         0,   119.6,decoder_by_matrix,6866428194f3c2ecf80b799fe3d7eaa0d7bfdd0bee14693d15f8abf3c1159eda,"{""distance"":5,""physical_error_rate"":1e-05}","{""detection_events"":5405,""detectors_checked"":171294720}"
    473088,         1,         0,   119.5,decoder_by_matrix,5b8a070a3cf8d31d64f24dbee89f3428cb9cab13fc59f7448d798f9bf08e9187,"{""distance"":5,""physical_error_rate"":0.001}","{""detection_events"":268515,""detectors_checked"":80424960,""obs_mistake_mask=_E"":1}"
    480256,         0,         0,   118.6,decoder_by_matrix,cc9cd6551b3048ae216380ccb8ae5d3cca75b5b766fe651c47ef084ce4ce7dc6,"{""distance"":5,""physical_error_rate"":5e-05}","{""detection_events"":13815,""detectors_checked"":81643520}"
    482304,         0,         0,   119.2,decoder_by_matrix,f0fc70a0432f83ff513e502442839d2eab02e2bed2f658d0464ff826d304e5e7,"{""distance"":5,""physical_error_rate"":0.0005}","{""detection_events"":137960,""detectors_checked"":81991680}"
    474112,         1,         0,   119.6,decoder_by_matrix,5b8a070a3cf8d31d64f24dbee89f3428cb9cab13fc59f7448d798f9bf08e9187,"{""distance"":5,""physical_error_rate"":0.001}","{""detection_events"":272225,""detectors_checked"":80599040,""obs_mistake_mask=E_"":1}"
    459776,         0,         0,   119.6,decoder_by_matrix,a052b2ce6ed64a98931ebcd7492590a746d7ec6e385d9f4479eb5b69a31b01f0,"{""distance"":5,""physical_error_rate"":0.0001}","{""detection_events"":24790,""detectors_checked"":78161920}"
   2593792,         0,         0,   119.6,decoder_by_matrix,be0c214c078cdb5104153598b498575a1fc035ba16beb428536e5a87ee0a867f,"{""distance"":5,""physical_error_rate"":1e-06}","{""detection_events"":1370,""detectors_checked"":440944640}"
   2600960,         0,         0,   119.6,decoder_by_matrix,161b5fe948dcfe007f335a5c57bcb8ff38ff3ea8726714a4cc08f5b9386b17ca,"{""distance"":5,""physical_error_rate"":5e-06}","{""detection_events"":7745,""detectors_checked"":442163200}"
   1247232,         0,         0,   119.5,decoder_by_matrix,a052b2ce6ed64a98931ebcd7492590a746d7ec6e385d9f4479eb5b69a31b01f0,"{""distance"":5,""physical_error_rate"":0.0001}","{""detection_events"":70730,""detectors_checked"":212029440}"
    483328,         0,         0,   118.9,decoder_by_matrix,cc9cd6551b3048ae216380ccb8ae5d3cca75b5b766fe651c47ef084ce4ce7dc6,"{""distance"":5,""physical_error_rate"":5e-05}","{""detection_events"":13700,""detectors_checked"":82165760}"
   1070080,         0,         0,   119.7,decoder_by_matrix,a052b2ce6ed64a98931ebcd7492590a746d7ec6e385d9f4479eb5b69a31b01f0,"{""distance"":5,""physical_error_rate"":0.0001}","{""detection_events"":60065,""detectors_checked"":181913600}"
   1347584,         0,         0,   119.5,decoder_by_matrix,6866428194f3c2ecf80b799fe3d7eaa0d7bfdd0bee14693d15f8abf3c1159eda,"{""distance"":5,""physical_error_rate"":1e-05}","{""detection_events"":7745,""detectors_checked"":229089280}"
   1104896,         0,         0,   119.5,decoder_by_matrix,f0fc70a0432f83ff513e502442839d2eab02e2bed2f658d0464ff826d304e5e7,"{""distance"":5,""physical_error_rate"":0.0005}","{""detection_events"":320315,""detectors_checked"":187832320}"
   2690048,         0,         0,   119.7,decoder_by_matrix,be0c214c078cdb5104153598b498575a1fc035ba16beb428536e5a87ee0a867f,"{""distance"":5,""physical_error_rate"":1e-06}","{""detection_events"":1620,""detectors_checked"":457308160}"
   2560000,         0,         0,   119.6,decoder_by_matrix,161b5fe948dcfe007f335a5c57bcb8ff38ff3ea8726714a4cc08f5b9386b17ca,"{""distance"":5,""physical_error_rate"":5e-06}","{""detection_events"":7710,""detectors_checked"":435200000}"
   1045504,         0,         0,   120.1,decoder_by_matrix,cc9cd6551b3048ae216380ccb8ae5d3cca75b5b766fe651c47ef084ce4ce7dc6,"{""distance"":5,""physical_error_rate"":5e-05}","{""detection_events"":29460,""detectors_checked"":177735680}"
   1127424,         0,         0,   119.6,decoder_by_matrix,a052b2ce6ed64a98931ebcd7492590a746d7ec6e385d9f4479eb5b69a31b01f0,"{""distance"":5,""physical_error_rate"":0.0001}","{""detection_events"":63365,""detectors_checked"":191662080}"
   1108992,         0,         0,   119.5,decoder_by_matrix,6866428194f3c2ecf80b799fe3d7eaa0d7bfdd0bee14693d15f8abf3c1159eda,"{""distance"":5,""physical_error_rate"":1e-05}","{""detection_events"":5485,""detectors_checked"":188528640}"
   1408000,         0,         0,   119.6,decoder_by_matrix,6866428194f3c2ecf80b799fe3d7eaa0d7bfdd0bee14693d15f8abf3c1159eda,"{""distance"":5,""physical_error_rate"":1e-05}","{""detection_events"":8470,""detectors_checked"":239360000}"
    424960,         0,         0,   119.7,decoder_by_matrix,f0fc70a0432f83ff513e502442839d2eab02e2bed2f658d0464ff826d304e5e7,"{""distance"":5,""physical_error_rate"":0.0005}","{""detection_events"":121550,""detectors_checked"":72243200}"
    451584,         0,         0,   119.5,decoder_by_matrix,161b5fe948dcfe007f335a5c57bcb8ff38ff3ea8726714a4cc08f5b9386b17ca,"{""distance"":5,""physical_error_rate"":5e-06}","{""detection_events"":1220,""detectors_checked"":76769280}"
    409600,         0,         0,   119.6,decoder_by_matrix,f0fc70a0432f83ff513e502442839d2eab02e2bed2f658d0464ff826d304e5e7,"{""distance"":5,""physical_error_rate"":0.0005}","{""detection_events"":117325,""detectors_checked"":69632000}"
   1143808,         0,         0,   119.5,decoder_by_matrix,be0c214c078cdb5104153598b498575a1fc035ba16beb428536e5a87ee0a867f,"{""distance"":5,""physical_error_rate"":1e-06}","{""detection_events"":555,""detectors_checked"":194447360}"
   2742272,         0,         0,   119.5,decoder_by_matrix,6866428194f3c2ecf80b799fe3d7eaa0d7bfdd0bee14693d15f8abf3c1159eda,"{""distance"":5,""physical_error_rate"":1e-05}","{""detection_events"":15660,""detectors_checked"":466186240}"
   3136512,         0,         0,   119.7,decoder_by_matrix,161b5fe948dcfe007f335a5c57bcb8ff38ff3ea8726714a4cc08f5b9386b17ca,"{""distance"":5,""physical_error_rate"":5e-06}","{""detection_events"":9195,""detectors_checked"":533207040}"
   3112960,         0,         0,   119.6,decoder_by_matrix,6866428194f3c2ecf80b799fe3d7eaa0d7bfdd0bee14693d15f8abf3c1159eda,"{""distance"":5,""physical_error_rate"":1e-05}","{""detection_events"":18145,""detectors_checked"":529203200}"
   2574336,         0,         0,   119.6,decoder_by_matrix,161b5fe948dcfe007f335a5c57bcb8ff38ff3ea8726714a4cc08f5b9386b17ca,"{""distance"":5,""physical_error_rate"":5e-06}","{""detection_events"":7405,""detectors_checked"":437637120}"
   2502656,         0,         0,   119.6,decoder_by_matrix,cc9cd6551b3048ae216380ccb8ae5d3cca75b5b766fe651c47ef084ce4ce7dc6,"{""distance"":5,""physical_error_rate"":5e-05}","{""detection_events"":70015,""detectors_checked"":425451520}"
   2921472,         2,         0,   119.6,decoder_by_matrix,f0fc70a0432f83ff513e502442839d2eab02e2bed2f658d0464ff826d304e5e7,"{""distance"":5,""physical_error_rate"":0.0005}","{""detection_events"":829755,""detectors_checked"":496650240,""obs_mistake_mask=E_"":2}"
   2761728,         0,         0,   119.5,decoder_by_matrix,161b5fe948dcfe007f335a5c57bcb8ff38ff3ea8726714a4cc08f5b9386b17ca,"{""distance"":5,""physical_error_rate"":5e-06}","{""detection_events"":6745,""detectors_checked"":469493760}"
   2469888,         5,         0,   119.6,decoder_by_matrix,5b8a070a3cf8d31d64f24dbee89f3428cb9cab13fc59f7448d798f9bf08e9187,"{""distance"":5,""physical_error_rate"":0.001}","{""detection_events"":1393840,""detectors_checked"":419880960,""obs_mistake_mask=EE"":1,""obs_mistake_mask=E_"":3,""obs_mistake_mask=_E"":1}"
   2481152,         0,         0,   119.6,decoder_by_matrix,a052b2ce6ed64a98931ebcd7492590a746d7ec6e385d9f4479eb5b69a31b01f0,"{""distance"":5,""physical_error_rate"":0.0001}","{""detection_events"":142545,""detectors_checked"":421795840}"
   2304000,         7,         0,   119.6,decoder_by_matrix,5b8a070a3cf8d31d64f24dbee89f3428cb9cab13fc59f7448d798f9bf08e9187,"{""distance"":5,""physical_error_rate"":0.001}","{""detection_events"":1308145,""detectors_checked"":391680000,""obs_mistake_mask=EE"":1,""obs_mistake_mask=E_"":2,""obs_mistake_mask=_E"":4}"
   2649088,         0,         0,   119.6,decoder_by_matrix,cc9cd6551b3048ae216380ccb8ae5d3cca75b5b766fe651c47ef084ce4ce7dc6,"{""distance"":5,""physical_error_rate"":5e-05}","{""detection_events"":77305,""detectors_checked"":450344960}"
   2767872,         0,         0,   119.6,decoder_by_matrix,be0c214c078cdb5104153598b498575a1fc035ba16beb428536e5a87ee0a867f,"{""distance"":5,""physical_error_rate"":1e-06}","{""detection_events"":1635,""detectors_checked"":470538240}"
   2806784,         0,         0,   119.6,decoder_by_matrix,f0fc70a0432f83ff513e502442839d2eab02e2bed2f658d0464ff826d304e5e7,"{""distance"":5,""physical_error_rate"":0.0005}","{""detection_events"":790655,""detectors_checked"":477153280}"
   3026944,         0,         0,   119.6,decoder_by_matrix,a052b2ce6ed64a98931ebcd7492590a746d7ec6e385d9f4479eb5b69a31b01f0,"{""distance"":5,""physical_error_rate"":0.0001}","{""detection_events"":172215,""detectors_checked"":514580480}"
   2239488,         0,         0,   119.6,decoder_by_matrix,be0c214c078cdb5104153598b498575a1fc035ba16beb428536e5a87ee0a867f,"{""distance"":5,""physical_error_rate"":1e-06}","{""detection_events"":1495,""detectors_checked"":380712960}"
   2424832,         0,         0,   119.6,decoder_by_matrix,a052b2ce6ed64a98931ebcd7492590a746d7ec6e385d9f4479eb5b69a31b01f0,"{""distance"":5,""physical_error_rate"":0.0001}","{""detection_events"":139080,""detectors_checked"":412221440}"
   2638848,         0,         0,   119.6,decoder_by_matrix,be0c214c078cdb5104153598b498575a1fc035ba16beb428536e5a87ee0a867f,"{""distance"":5,""physical_error_rate"":1e-06}","{""detection_events"":1060,""detectors_checked"":448604160}"
   2456576,         0,         0,   119.6,decoder_by_matrix,6866428194f3c2ecf80b799fe3d7eaa0d7bfdd0bee14693d15f8abf3c1159eda,"{""distance"":5,""physical_error_rate"":1e-05}","{""detection_events"":14535,""detectors_checked"":417617920}"
   3069952,         0,         0,   119.6,decoder_by_matrix,cc9cd6551b3048ae216380ccb8ae5d3cca75b5b766fe651c47ef084ce4ce7dc6,"{""distance"":5,""physical_error_rate"":5e-05}","{""detection_events"":86700,""detectors_checked"":521891840}"
   2456576,         0,         0,   119.6,decoder_by_matrix,f0fc70a0432f83ff513e502442839d2eab02e2bed2f658d0464ff826d304e5e7,"{""distance"":5,""physical_error_rate"":0.0005}","{""detection_events"":695810,""detectors_checked"":417617920}"
    509952,         2,         0,   119.4,decoder_by_matrix,5b8a070a3cf8d31d64f24dbee89f3428cb9cab13fc59f7448d798f9bf08e9187,"{""distance"":5,""physical_error_rate"":0.001}","{""detection_events"":293070,""detectors_checked"":86691840,""obs_mistake_mask=E_"":2}"
    449536,         0,         0,   119.4,decoder_by_matrix,be0c214c078cdb5104153598b498575a1fc035ba16beb428536e5a87ee0a867f,"{""distance"":5,""physical_error_rate"":1e-06}","{""detection_events"":130,""detectors_checked"":76421120}"
    506880,         2,         0,   119.3,decoder_by_matrix,5b8a070a3cf8d31d64f24dbee89f3428cb9cab13fc59f7448d798f9bf08e9187,"{""distance"":5,""physical_error_rate"":0.001}","{""detection_events"":284830,""detectors_checked"":86169600,""obs_mistake_mask=EE"":1,""obs_mistake_mask=_E"":1}"
   1330176,         0,         0,   119.5,decoder_by_matrix,cc9cd6551b3048ae216380ccb8ae5d3cca75b5b766fe651c47ef084ce4ce7dc6,"{""distance"":5,""physical_error_rate"":5e-05}","{""detection_events"":38930,""detectors_checked"":226129920}"
    525312,         0,         0,   119.1,decoder_by_matrix,161b5fe948dcfe007f335a5c57bcb8ff38ff3ea8726714a4cc08f5b9386b17ca,"{""distance"":5,""physical_error_rate"":5e-06}","{""detection_events"":1510,""detectors_checked"":89303040}"
   1158144,         0,         0,   119.6,decoder_by_matrix,6866428194f3c2ecf80b799fe3d7eaa0d7bfdd0bee14693d15f8abf3c1159eda,"{""distance"":5,""physical_error_rate"":1e-05}","{""detection_events"":6965,""detectors_checked"":196884480}"
    484352,         2,         0,   119.4,decoder_by_matrix,5b8a070a3cf8d31d64f24dbee89f3428cb9cab13fc59f7448d798f9bf08e9187,"{""distance"":5,""physical_error_rate"":0.001}","{""detection_events"":273105,""detectors_checked"":82339840,""obs_mistake_mask=EE"":2}"
    492544,         0,         0,   119.3,decoder_by_matrix,cc9cd6551b3048ae216380ccb8ae5d3cca75b5b766fe651c47ef084ce4ce7dc6,"{""distance"":5,""physical_error_rate"":5e-05}","{""detection_events"":13635,""detectors_checked"":83732480}"
    495616,         0,         0,   119.6,decoder_by_matrix,f0fc70a0432f83ff513e502442839d2eab02e2bed2f658d0464ff826d304e5e7,"{""distance"":5,""physical_error_rate"":0.0005}","{""detection_events"":140395,""detectors_checked"":84254720}"
    486400,         1,         0,   119.5,decoder_by_matrix,5b8a070a3cf8d31d64f24dbee89f3428cb9cab13fc59f7448d798f9bf08e9187,"{""distance"":5,""physical_error_rate"":0.001}","{""detection_events"":271605,""detectors_checked"":82688000,""obs_mistake_mask=EE"":1}"
   2634752,         0,         0,   119.6,decoder_by_matrix,be0c214c078cdb5104153598b498575a1fc035ba16beb428536e5a87ee0a867f,"{""distance"":5,""physical_error_rate"":1e-06}","{""detection_events"":1635,""detectors_checked"":447907840}"
    470016,         0,         0,   119.8,decoder_by_matrix,a052b2ce6ed64a98931ebcd7492590a746d7ec6e385d9f4479eb5b69a31b01f0,"{""distance"":5,""physical_error_rate"":0.0001}","{""detection_events"":27915,""detectors_checked"":79902720}"
   2512896,         0,         0,   119.6,decoder_by_matrix,161b5fe948dcfe007f335a5c57bcb8ff38ff3ea8726714a4cc08f5b9386b17ca,"{""distance"":5,""physical_error_rate"":5e-06}","{""detection_events"":6725,""detectors_checked"":427192320}"
   1142784,         0,         0,   119.7,decoder_by_matrix,a052b2ce6ed64a98931ebcd7492590a746d7ec6e385d9f4479eb5b69a31b01f0,"{""distance"":5,""physical_error_rate"":0.0001}","{""detection_events"":64630,""detectors_checked"":194273280}"
    495616,         0,         0,   119.1,decoder_by_matrix,cc9cd6551b3048ae216380ccb8ae5d3cca75b5b766fe651c47ef084ce4ce7dc6,"{""distance"":5,""physical_error_rate"":5e-05}","{""detection_events"":15530,""detectors_checked"":84254720}"
   1382400,         0,         0,   119.6,decoder_by_matrix,a052b2ce6ed64a98931ebcd7492590a746d7ec6e385d9f4479eb5b69a31b01f0,"{""distance"":5,""physical_error_rate"":0.0001}","{""detection_events"":78675,""detectors_checked"":235008000}"
   1090560,         0,         0,   119.6,decoder_by_matrix,6866428194f3c2ecf80b799fe3d7eaa0d7bfdd0bee14693d15f8abf3c1159eda,"{""distance"":5,""physical_error_rate"":1e-05}","{""detection_events"":5980,""detectors_checked"":185395200}"
   1418240,         0,         0,   119.6,decoder_by_matrix,f0fc70a0432f83ff513e502442839d2eab02e2bed2f658d0464ff826d304e5e7,"{""distance"":5,""physical_error_rate"":0.0005}","{""detection_events"":404145,""detectors_checked"":241100800}"
   2867200,         0,         0,   119.6,decoder_by_matrix,be0c214c078cdb5104153598b498575a1fc035ba16beb428536e5a87ee0a867f,"{""distance"":5,""physical_error_rate"":1e-06}","{""detection_events"":1740,""detectors_checked"":487424000}"
   2593792,         0,         0,   119.6,decoder_by_matrix,161b5fe948dcfe007f335a5c57bcb8ff38ff3ea8726714a4cc08f5b9386b17ca,"{""distance"":5,""physical_error_rate"":5e-06}","{""detection_events"":6975,""detectors_checked"":440944640}"
   1313792,         0,         0,   119.7,decoder_by_matrix,cc9cd6551b3048ae216380ccb8ae5d3cca75b5b766fe651c47ef084ce4ce7dc6,"{""distance"":5,""physical_error_rate"":5e-05}","{""detection_events"":37865,""detectors_checked"":223344640}"
   1179648,         0,         0,   119.7,decoder_by_matrix,a052b2ce6ed64a98931ebcd7492590a746d7ec6e385d9f4479eb5b69a31b01f0,"{""distance"":5,""physical_error_rate"":0.0001}","{""detection_events"":66875,""detectors_checked"":200540160}"
   1030144,         0,         0,   119.8,decoder_by_matrix,6866428194f3c2ecf80b799fe3d7eaa0d7bfdd0bee14693d15f8abf3c1159eda,"{""distance"":5,""physical_error_rate"":1e-05}","{""detection_events"":5255,""detectors_checked"":175124480}"
   1091584,         0,         0,   119.9,decoder_by_matrix,6866428194f3c2ecf80b799fe3d7eaa0d7bfdd0bee14693d15f8abf3c1159eda,"{""distance"":5,""physical_error_rate"":1e-05}","{""detection_events"":5780,""detectors_checked"":185569280}"
    417792,         0,         0,   119.4,decoder_by_matrix,f0fc70a0432f83ff513e502442839d2eab02e2bed2f658d0464ff826d304e5e7,"{""distance"":5,""physical_error_rate"":0.0005}","{""detection_events"":120795,""detectors_checked"":71024640}"
    449536,         0,         0,   119.8,decoder_by_matrix,161b5fe948dcfe007f335a5c57bcb8ff38ff3ea8726714a4cc08f5b9386b17ca,"{""distance"":5,""physical_error_rate"":5e-06}","{""detection_events"":1310,""detectors_checked"":76421120}"
    409600,         0,         0,   119.3,decoder_by_matrix,f0fc70a0432f83ff513e502442839d2eab02e2bed2f658d0464ff826d304e5e7,"{""distance"":5,""physical_error_rate"":0.0005}","{""detection_events"":115905,""detectors_checked"":69632000}"
   1049600,         0,         0,   119.7,decoder_by_matrix,be0c214c078cdb5104153598b498575a1fc035ba16beb428536e5a87ee0a867f,"{""distance"":5,""physical_error_rate"":1e-06}","{""detection_events"":765,""detectors_checked"":178432000}"
   2855936,         0,         0,   119.6,decoder_by_matrix,6866428194f3c2ecf80b799fe3d7eaa0d7bfdd0bee14693d15f8abf3c1159eda,"{""distance"":5,""physical_error_rate"":1e-05}","{""detection_events"":16780,""detectors_checked"":485509120}"
   3084288,         0,         0,   119.7,decoder_by_matrix,161b5fe948dcfe007f335a5c57bcb8ff38ff3ea8726714a4cc08f5b9386b17ca,"{""distance"":5,""physical_error_rate"":5e-06}","{""detection_events"":7935,""detectors_checked"":524328960}"
   3104768,         0,         0,   119.6,decoder_by_matrix,6866428194f3c2ecf80b799fe3d7eaa0d7bfdd0bee14693d15f8abf3c1159eda,"{""distance"":5,""physical_error_rate"":1e-05}","{""detection_events"":18185,""detectors_checked"":527810560}"
   2340864,         0,         0,   119.6,decoder_by_matrix,161b5fe948dcfe007f335a5c57bcb8ff38ff3ea8726714a4cc08f5b9386b17ca,"{""distance"":5,""physical_error_rate"":5e-06}","{""detection_events"":6640,""detectors_checked"":397946880}"
   2886656,         0,         0,   119.6,decoder_by_matrix,cc9cd6551b3048ae216380ccb8ae5d3cca75b5b766fe651c47ef084ce4ce7dc6,"{""distance"":5,""physical_error_rate"":5e-05}","{""detection_events"":82125,""detectors_checked"":490731520}"
   2881536,         1,         0,   119.6,decoder_by_matrix,f0fc70a0432f83ff513e502442839d2eab02e2bed2f658d0464ff826d304e5e7,"{""distance"":5,""physical_error_rate"":0.0005}","{""detection_events"":824100,""detectors_checked"":489861120,""obs_mistake_mask=_E"":1}"
   2557952,         0,         0,   119.6,decoder_by_matrix,161b5fe948dcfe007f335a5c57bcb8ff38ff3ea8726714a4cc08f5b9386b17ca,"{""distance"":5,""physical_error_rate"":5e-06}","{""detection_events"":7300,""detectors_checked"":434851840}"
   2427904,         6,         0,   119.6,decoder_by_matrix,5b8a070a3cf8d31d64f24dbee89f3428cb9cab13fc59f7448d798f9bf08e9187,"{""distance"":5,""physical_error_rate"":0.001}","{""detection_events"":1385635,""detectors_checked"":412743680,""obs_mistake_mask=EE"":1,""obs_mistake_mask=E_"":4,""obs_mistake_mask=_E"":1}"
   2598912,         0,         0,   119.6,decoder_by_matrix,a052b2ce6ed64a98931ebcd7492590a746d7ec6e385d9f4479eb5b69a31b01f0,"{""distance"":5,""physical_error_rate"":0.0001}","{""detection_events"":147125,""detectors_checked"":441815040}"
   2467840,         6,         0,   119.7,decoder_by_matrix,5b8a070a3cf8d31d64f24dbee89f3428cb9cab13fc59f7448d798f9bf08e9187,"{""distance"":5,""physical_error_rate"":0.001}","{""detection_events"":1400835,""detectors_checked"":419532800,""obs_mistake_mask=E_"":5,""obs_mistake_mask=_E"":1}"
   2464768,         0,         0,   119.6,decoder_by_matrix,cc9cd6551b3048ae216380ccb8ae5d3cca75b5b766fe651c47ef084ce4ce7dc6,"{""distance"":5,""physical_error_rate"":5e-05}","{""detection_events"":69980,""detectors_checked"":419010560}"
   2873344,         0,         0,   119.6,decoder_by_matrix,f0fc70a0432f83ff513e502442839d2eab02e2bed2f658d0464ff826d304e5e7,"{""distance"":5,""physical_error_rate"":0.0005}","{""detection_events"":819720,""detectors_checked"":488468480}"
   2717696,         0,         0,   119.6,decoder_by_matrix,be0c214c078cdb5104153598b498575a1fc035ba16beb428536e5a87ee0a867f,"{""distance"":5,""physical_error_rate"":1e-06}","{""detection_events"":1285,""detectors_checked"":462008320}"
   2981888,         0,         0,   119.6,decoder_by_matrix,a052b2ce6ed64a98931ebcd7492590a746d7ec6e385d9f4479eb5b69a31b01f0,"{""distance"":5,""physical_error_rate"":0.0001}","{""detection_events"":167580,""detectors_checked"":506920960}"
   2514944,         0,         0,   119.6,decoder_by_matrix,be0c214c078cdb5104153598b498575a1fc035ba16beb428536e5a87ee0a867f,"{""distance"":5,""physical_error_rate"":1e-06}","{""detection_events"":1340,""detectors_checked"":427540480}"
   2765824,         0,         0,   119.6,decoder_by_matrix,a052b2ce6ed64a98931ebcd7492590a746d7ec6e385d9f4479eb5b69a31b01f0,"{""distance"":5,""physical_error_rate"":0.0001}","{""detection_events"":156715,""detectors_checked"":470190080}"
   2528256,         0,         0,   119.6,decoder_by_matrix,be0c214c078cdb5104153598b498575a1fc035ba16beb428536e5a87ee0a867f,"{""distance"":5,""physical_error_rate"":1e-06}","{""detection_events"":1185,""detectors_checked"":429803520}"
   2974720,         0,         0,   119.6,decoder_by_matrix,cc9cd6551b3048ae216380ccb8ae5d3cca75b5b766fe651c47ef084ce4ce7dc6,"{""distance"":5,""physical_error_rate"":5e-05}","{""detection_events"":83140,""detectors_checked"":505702400}"
   2424832,         0,         0,   119.6,decoder_by_matrix,6866428194f3c2ecf80b799fe3d7eaa0d7bfdd0bee14693d15f8abf3c1159eda,"{""distance"":5,""physical_error_rate"":1e-05}","{""detection_events"":13405,""detectors_checked"":412221440}"
   2561024,         0,         0,   119.6,decoder_by_matrix,f0fc70a0432f83ff513e502442839d2eab02e2bed2f658d0464ff826d304e5e7,"{""distance"":5,""physical_error_rate"":0.0005}","{""detection_events"":723440,""detectors_checked"":435374080}"
    505856,         2,         0,   119.8,decoder_by_matrix,5b8a070a3cf8d31d64f24dbee89f3428cb9cab13fc59f7448d798f9bf08e9187,"{""distance"":5,""physical_error_rate"":0.001}","{""detection_events"":287345,""detectors_checked"":85995520,""obs_mistake_mask=E_"":1,""obs_mistake_mask=_E"":1}"
    441344,         0,         0,   119.4,decoder_by_matrix,be0c214c078cdb5104153598b498575a1fc035ba16beb428536e5a87ee0a867f,"{""distance"":5,""physical_error_rate"":1e-06}","{""detection_events"":340,""detectors_checked"":75028480}"
    496640,         0,         0,   119.2,decoder_by_matrix,5b8a070a3cf8d31d64f24dbee89f3428cb9cab13fc59f7448d798f9bf08e9187,"{""distance"":5,""physical_error_rate"":0.001}","{""detection_events"":277925,""detectors_checked"":84428800}"
   1129472,         0,         0,   119.6,decoder_by_matrix,cc9cd6551b3048ae216380ccb8ae5d3cca75b5b766fe651c47ef084ce4ce7dc6,"{""distance"":5,""physical_error_rate"":5e-05}","{""detection_events"":31655,""detectors_checked"":192010240}"
    509952,         0,         0,   119.6,decoder_by_matrix,161b5fe948dcfe007f335a5c57bcb8ff38ff3ea8726714a4cc08f5b9386b17ca,"{""distance"":5,""physical_error_rate"":5e-06}","{""detection_events"":1620,""detectors_checked"":86691840}"
   1103872,         0,         0,   119.4,decoder_by_matrix,6866428194f3c2ecf80b799fe3d7eaa0d7bfdd0bee14693d15f8abf3c1159eda,"{""distance"":5,""physical_error_rate"":1e-05}","{""detection_events"":6430,""detectors_checked"":187658240}"
    473088,         0,         0,   119.3,decoder_by_matrix,5b8a070a3cf8d31d64f24dbee89f3428cb9cab13fc59f7448d798f9bf08e9187,"{""distance"":5,""physical_error_rate"":0.001}","{""detection_events"":267165,""detectors_checked"":80424960}"
    479232,         0,         0,   119.0,decoder_by_matrix,cc9cd6551b3048ae216380ccb8ae5d3cca75b5b766fe651c47ef084ce4ce7dc6,"{""distance"":5,""physical_error_rate"":5e-05}","{""detection_events"":14285,""detectors_checked"":81469440}"
    480256,         0,         0,   119.3,decoder_by_matrix,f0fc70a0432f83ff513e502442839d2eab02e2bed2f658d0464ff826d304e5e7,"{""distance"":5,""physical_error_rate"":0.0005}","{""detection_events"":133420,""detectors_checked"":81643520}"
    473088,         0,         0,   119.3,decoder_by_matrix,5b8a070a3cf8d31d64f24dbee89f3428cb9cab13fc59f7448d798f9bf08e9187,"{""distance"":5,""physical_error_rate"":0.001}","{""detection_events"":268715,""detectors_checked"":80424960}"
   2748416,         0,         0,   119.6,decoder_by_matrix,be0c214c078cdb5104153598b498575a1fc035ba16beb428536e5a87ee0a867f,"{""distance"":5,""physical_error_rate"":1e-06}","{""detection_events"":1315,""detectors_checked"":467230720}"
    459776,         0,         0,   119.8,decoder_by_matrix,a052b2ce6ed64a98931ebcd7492590a746d7ec6e385d9f4479eb5b69a31b01f0,"{""distance"":5,""physical_error_rate"":0.0001}","{""detection_events"":26260,""detectors_checked"":78161920}"
   2749440,         0,         0,   119.6,decoder_by_matrix,161b5fe948dcfe007f335a5c57bcb8ff38ff3ea8726714a4cc08f5b9386b17ca,"{""distance"":5,""physical_error_rate"":5e-06}","{""detection_events"":7445,""detectors_checked"":467404800}"
   1233920,         0,         0,   119.5,decoder_by_matrix,a052b2ce6ed64a98931ebcd7492590a746d7ec6e385d9f4479eb5b69a31b01f0,"{""distance"":5,""physical_error_rate"":0.0001}","{""detection_events"":71205,""detectors_checked"":209766400}"
    486400,         0,         0,   119.2,decoder_by_matrix,cc9cd6551b3048ae216380ccb8ae5d3cca75b5b766fe651c47ef084ce4ce7dc6,"{""distance"":5,""physical_error_rate"":5e-05}","{""detection_events"":14080,""detectors_checked"":82688000}"
   1169408,         0,         0,   119.6,decoder_by_matrix,a052b2ce6ed64a98931ebcd7492590a746d7ec6e385d9f4479eb5b69a31b01f0,"{""distance"":5,""physical_error_rate"":0.0001}","{""detection_events"":66330,""detectors_checked"":198799360}"
   1144832,         0,         0,   119.6,decoder_by_matrix,6866428194f3c2ecf80b799fe3d7eaa0d7bfdd0bee14693d15f8abf3c1159eda,"{""distance"":5,""physical_error_rate"":1e-05}","{""detection_events"":6500,""detectors_checked"":194621440}"
   1093632,         0,         0,   119.9,decoder_by_matrix,f0fc70a0432f83ff513e502442839d2eab02e2bed2f658d0464ff826d304e5e7,"{""distance"":5,""physical_error_rate"":0.0005}","{""detection_events"":308655,""detectors_checked"":185917440}"
   2854912,         0,         0,   119.6,decoder_by_matrix,be0c214c078cdb5104153598b498575a1fc035ba16beb428536e5a87ee0a867f,"{""distance"":5,""physical_error_rate"":1e-06}","{""detection_events"":1810,""detectors_checked"":485335040}"
   2582528,         0,         0,   119.6,decoder_by_matrix,161b5fe948dcfe007f335a5c57bcb8ff38ff3ea8726714a4cc08f5b9386b17ca,"{""distance"":5,""physical_error_rate"":5e-06}","{""detection_events"":7860,""detectors_checked"":439029760}"
   1044480,         0,         0,   119.6,decoder_by_matrix,cc9cd6551b3048ae216380ccb8ae5d3cca75b5b766fe651c47ef084ce4ce7dc6,"{""distance"":5,""physical_error_rate"":5e-05}","{""detection_events"":28795,""detectors_checked"":177561600}"
   1267712,         0,         0,   119.5,decoder_by_matrix,a052b2ce6ed64a98931ebcd7492590a746d7ec6e385d9f4479eb5b69a31b01f0,"{""distance"":5,""physical_error_rate"":0.0001}","{""detection_events"":70040,""detectors_checked"":215511040}"
   1084416,         0,         0,   119.6,decoder_by_matrix,6866428194f3c2ecf80b799fe3d7eaa0d7bfdd0bee14693d15f8abf3c1159eda,"{""distance"":5,""physical_error_rate"":1e-05}","{""detection_events"":6780,""detectors_checked"":184350720}"
   1075200,         0,         0,   120.1,decoder_by_matrix,6866428194f3c2ecf80b799fe3d7eaa0d7bfdd0bee14693d15f8abf3c1159eda,"{""distance"":5,""physical_error_rate"":1e-05}","{""detection_events"":6115,""detectors_checked"":182784000}"
    416768,         0,         0,   119.3,decoder_by_matrix,f0fc70a0432f83ff513e502442839d2eab02e2bed2f658d0464ff826d304e5e7,"{""distance"":5,""physical_error_rate"":0.0005}","{""detection_events"":116690,""detectors_checked"":70850560}"
    439296,         0,         0,   119.7,decoder_by_matrix,161b5fe948dcfe007f335a5c57bcb8ff38ff3ea8726714a4cc08f5b9386b17ca,"{""distance"":5,""physical_error_rate"":5e-06}","{""detection_events"":1215,""detectors_checked"":74680320}"
    398336,         0,         0,   119.7,decoder_by_matrix,f0fc70a0432f83ff513e502442839d2eab02e2bed2f658d0464ff826d304e5e7,"{""distance"":5,""physical_error_rate"":0.0005}","{""detection_events"":111595,""detectors_checked"":67717120}"
   1020928,         0,         0,   119.8,decoder_by_matrix,be0c214c078cdb5104153598b498575a1fc035ba16beb428536e5a87ee0a867f,"{""distance"":5,""physical_error_rate"":1e-06}","{""detection_events"":740,""detectors_checked"":173557760}"
   3083264,         0,         0,   119.6,decoder_by_matrix,161b5fe948dcfe007f335a5c57bcb8ff38ff3ea8726714a4cc08f5b9386b17ca,"{""distance"":5,""physical_error_rate"":5e-06}","{""detection_events"":7890,""detectors_checked"":524154880}"
   2532352,         0,         0,   119.7,decoder_by_matrix,6866428194f3c2ecf80b799fe3d7eaa0d7bfdd0bee14693d15f8abf3c1159eda,"{""distance"":5,""physical_error_rate"":1e-05}","{""detection_events"":13460,""detectors_checked"":430499840}"
   3082240,         0,         0,   119.6,decoder_by_matrix,6866428194f3c2ecf80b799fe3d7eaa0d7bfdd0bee14693d15f8abf3c1159eda,"{""distance"":5,""physical_error_rate"":1e-05}","{""detection_events"":17000,""detectors_checked"":523980800}"
   2596864,         0,         0,   119.6,decoder_by_matrix,161b5fe948dcfe007f335a5c57bcb8ff38ff3ea8726714a4cc08f5b9386b17ca,"{""distance"":5,""physical_error_rate"":5e-06}","{""detection_events"":7425,""detectors_checked"":441466880}"
   2675712,         0,         0,   119.6,decoder_by_matrix,cc9cd6551b3048ae216380ccb8ae5d3cca75b5b766fe651c47ef084ce4ce7dc6,"{""distance"":5,""physical_error_rate"":5e-05}","{""detection_events"":75015,""detectors_checked"":454871040}"
   2945024,         0,         0,   119.6,decoder_by_matrix,f0fc70a0432f83ff513e502442839d2eab02e2bed2f658d0464ff826d304e5e7,"{""distance"":5,""physical_error_rate"":0.0005}","{""detection_events"":838530,""detectors_checked"":500654080}"
   2430976,         6,         0,   119.6,decoder_by_matrix,5b8a070a3cf8d31d64f24dbee89f3428cb9cab13fc59f7448d798f9bf08e9187,"{""distance"":5,""physical_error_rate"":0.001}","{""detection_events"":1388005,""detectors_checked"":413265920,""obs_mistake_mask=E_"":3,""obs_mistake_mask=_E"":3}"
   2601984,         0,         0,   119.6,decoder_by_matrix,a052b2ce6ed64a98931ebcd7492590a746d7ec6e385d9f4479eb5b69a31b01f0,"{""distance"":5,""physical_error_rate"":0.0001}","{""detection_events"":144585,""detectors_checked"":442337280}"
   2810880,         0,         0,   119.6,decoder_by_matrix,161b5fe948dcfe007f335a5c57bcb8ff38ff3ea8726714a4cc08f5b9386b17ca,"{""distance"":5,""physical_error_rate"":5e-06}","{""detection_events"":8335,""detectors_checked"":477849600}"
   2340864,         3,         0,   119.6,decoder_by_matrix,5b8a070a3cf8d31d64f24dbee89f3428cb9cab13fc59f7448d798f9bf08e9187,"{""distance"":5,""physical_error_rate"":0.001}","{""detection_events"":1327720,""detectors_checked"":397946880,""obs_mistake_mask=E_"":3}"
   2524160,         0,         0,   119.4,decoder_by_matrix,cc9cd6551b3048ae216380ccb8ae5d3cca75b5b766fe651c47ef084ce4ce7dc6,"{""distance"":5,""physical_error_rate"":5e-05}","{""detection_events"":71120,""detectors_checked"":429107200}"
   2713600,         0,         0,   119.5,decoder_by_matrix,f0fc70a0432f83ff513e502442839d2eab02e2bed2f658d0464ff826d304e5e7,"{""distance"":5,""physical_error_rate"":0.0005}","{""detection_events"":775780,""detectors_checked"":461312000}"
   2738176,         0,         0,   119.5,decoder_by_matrix,be0c214c078cdb5104153598b498575a1fc035ba16beb428536e5a87ee0a867f,"{""distance"":5,""physical_error_rate"":1e-06}","{""detection_events"":1335,""detectors_checked"":465489920}"
   2982912,         0,         0,   119.6,decoder_by_matrix,a052b2ce6ed64a98931ebcd7492590a746d7ec6e385d9f4479eb5b69a31b01f0,"{""distance"":5,""physical_error_rate"":0.0001}","{""detection_events"":171835,""detectors_checked"":507095040}"
   2733056,         0,         0,   119.6,decoder_by_matrix,a052b2ce6ed64a98931ebcd7492590a746d7ec6e385d9f4479eb5b69a31b01f0,"{""distance"":5,""physical_error_rate"":0.0001}","{""detection_events"":154635,""detectors_checked"":464619520}"
   2480128,         0,         0,   119.6,decoder_by_matrix,be0c214c078cdb5104153598b498575a1fc035ba16beb428536e5a87ee0a867f,"{""distance"":5,""physical_error_rate"":1e-06}","{""detection_events"":1170,""detectors_checked"":421621760}"
   2547712,         0,         0,   119.6,decoder_by_matrix,be0c214c078cdb5104153598b498575a1fc035ba16beb428536e5a87ee0a867f,"{""distance"":5,""physical_error_rate"":1e-06}","{""detection_events"":1360,""detectors_checked"":433111040}"
   2973696,         0,         0,   119.6,decoder_by_matrix,cc9cd6551b3048ae216380ccb8ae5d3cca75b5b766fe651c47ef084ce4ce7dc6,"{""distance"":5,""physical_error_rate"":5e-05}","{""detection_events"":82695,""detectors_checked"":505528320}"
   2530304,         0,         0,   119.6,decoder_by_matrix,6866428194f3c2ecf80b799fe3d7eaa0d7bfdd0bee14693d15f8abf3c1159eda,"{""distance"":5,""physical_error_rate"":1e-05}","{""detection_events"":14080,""detectors_checked"":430151680}"
   2521088,         0,         0,   119.6,decoder_by_matrix,f0fc70a0432f83ff513e502442839d2eab02e2bed2f658d0464ff826d304e5e7,"{""distance"":5,""physical_error_rate"":0.0005}","{""detection_events"":715340,""detectors_checked"":428584960}"
    503808,         2,         0,   119.4,decoder_by_matrix,5b8a070a3cf8d31d64f24dbee89f3428cb9cab13fc59f7448d798f9bf08e9187,"{""distance"":5,""physical_error_rate"":0.001}","{""detection_events"":284535,""detectors_checked"":85647360,""obs_mistake_mask=_E"":2}"
    443392,         0,         0,   119.0,decoder_by_matrix,be0c214c078cdb5104153598b498575a1fc035ba16beb428536e5a87ee0a867f,"{""distance"":5,""physical_error_rate"":1e-06}","{""detection_events"":325,""detectors_checked"":75376640}"
    493568,         0,         0,   119.6,decoder_by_matrix,5b8a070a3cf8d31d64f24dbee89f3428cb9cab13fc59f7448d798f9bf08e9187,"{""distance"":5,""physical_error_rate"":0.001}","{""detection_events"":279915,""detectors_checked"":83906560}"
   1034240,         0,         0,   119.7,decoder_by_matrix,cc9cd6551b3048ae216380ccb8ae5d3cca75b5b766fe651c47ef084ce4ce7dc6,"{""distance"":5,""physical_error_rate"":5e-05}","{""detection_events"":28000,""detectors_checked"":175820800}"
    513024,         0,         0,   119.0,decoder_by_matrix,161b5fe948dcfe007f335a5c57bcb8ff38ff3ea8726714a4cc08f5b9386b17ca,"{""distance"":5,""physical_error_rate"":5e-06}","{""detection_events"":1645,""detectors_checked"":87214080}"
   1068032,         0,         0,   119.7,decoder_by_matrix,6866428194f3c2ecf80b799fe3d7eaa0d7bfdd0bee14693d15f8abf3c1159eda,"{""distance"":5,""physical_error_rate"":1e-05}","{""detection_events"":6745,""detectors_checked"":181565440}"
    475136,         2,         0,   119.1,decoder_by_matrix,5b8a070a3cf8d31d64f24dbee89f3428cb9cab13fc59f7448d798f9bf08e9187,"{""distance"":5,""physical_error_rate"":0.001}","{""detection_events"":271395,""detectors_checked"":80773120,""obs_mistake_mask=EE"":1,""obs_mistake_mask=E_"":1}"
    484352,         0,         0,   119.0,decoder_by_matrix,cc9cd6551b3048ae216380ccb8ae5d3cca75b5b766fe651c47ef084ce4ce7dc6,"{""distance"":5,""physical_error_rate"":5e-05}","{""detection_events"":14075,""detectors_checked"":82339840}"
    484352,         0,         0,   118.9,decoder_by_matrix,f0fc70a0432f83ff513e502442839d2eab02e2bed2f658d0464ff826d304e5e7,"{""distance"":5,""physical_error_rate"":0.0005}","{""detection_events"":137830,""detectors_checked"":82339840}"
    474112,         0,         0,   119.7,decoder_by_matrix,5b8a070a3cf8d31d64f24dbee89f3428cb9cab13fc59f7448d798f9bf08e9187,"{""distance"":5,""physical_error_rate"":0.001}","{""detection_events"":269740,""detectors_checked"":80599040}"
   2702336,         0,         0,   119.6,decoder_by_matrix,be0c214c078cdb5104153598b498575a1fc035ba16beb428536e5a87ee0a867f,"{""distance"":5,""physical_error_rate"":1e-06}","{""detection_events"":1145,""detectors_checked"":459397120}"
   2706432,         0,         0,   119.6,decoder_by_matrix,161b5fe948dcfe007f335a5c57bcb8ff38ff3ea8726714a4cc08f5b9386b17ca,"{""distance"":5,""physical_error_rate"":5e-06}","{""detection_events"":8145,""detectors_checked"":460093440}"
    458752,         0,         0,   119.7,decoder_by_matrix,a052b2ce6ed64a98931ebcd7492590a746d7ec6e385d9f4479eb5b69a31b01f0,"{""distance"":5,""physical_error_rate"":0.0001}","{""detection_events"":27340,""detectors_checked"":77987840}"
   1174528,         0,         0,   119.6,decoder_by_matrix,a052b2ce6ed64a98931ebcd7492590a746d7ec6e385d9f4479eb5b69a31b01f0,"{""distance"":5,""physical_error_rate"":0.0001}","{""detection_events"":65825,""detectors_checked"":199669760}"
    485376,         0,         0,   118.8,decoder_by_matrix,cc9cd6551b3048ae216380ccb8ae5d3cca75b5b766fe651c47ef084ce4ce7dc6,"{""distance"":5,""physical_error_rate"":5e-05}","{""detection_events"":14265,""detectors_checked"":82513920}"
   1173504,         0,         0,   119.5,decoder_by_matrix,a052b2ce6ed64a98931ebcd7492590a746d7ec6e385d9f4479eb5b69a31b01f0,"{""distance"":5,""physical_error_rate"":0.0001}","{""detection_events"":68070,""detectors_checked"":199495680}"
   1260544,         0,         0,   119.7,decoder_by_matrix,6866428194f3c2ecf80b799fe3d7eaa0d7bfdd0bee14693d15f8abf3c1159eda,"{""distance"":5,""physical_error_rate"":1e-05}","{""detection_events"":7470,""detectors_checked"":214292480}"
    996352,         0,         0,   119.7,decoder_by_matrix,f0fc70a0432f83ff513e502442839d2eab02e2bed2f658d0464ff826d304e5e7,"{""distance"":5,""physical_error_rate"":0.0005}","{""detection_events"":283480,""detectors_checked"":169379840}"
   2844672,         0,         0,   119.6,decoder_by_matrix,be0c214c078cdb5104153598b498575a1fc035ba16beb428536e5a87ee0a867f,"{""distance"":5,""physical_error_rate"":1e-06}","{""detection_events"":1655,""detectors_checked"":483594240}"
   2707456,         0,         0,   119.6,decoder_by_matrix,161b5fe948dcfe007f335a5c57bcb8ff38ff3ea8726714a4cc08f5b9386b17ca,"{""distance"":5,""physical_error_rate"":5e-06}","{""detection_events"":7270,""detectors_checked"":460267520}"
   1119232,         0,         0,   120.0,decoder_by_matrix,cc9cd6551b3048ae216380ccb8ae5d3cca75b5b766fe651c47ef084ce4ce7dc6,"{""distance"":5,""physical_error_rate"":5e-05}","{""detection_events"":29800,""detectors_checked"":190269440}"
   1154048,         0,         0,   120.1,decoder_by_matrix,a052b2ce6ed64a98931ebcd7492590a746d7ec6e385d9f4479eb5b69a31b01f0,"{""distance"":5,""physical_error_rate"":0.0001}","{""detection_events"":66095,""detectors_checked"":196188160}"
    911360,         0,         0,   119.7,decoder_by_matrix,6866428194f3c2ecf80b799fe3d7eaa0d7bfdd0bee14693d15f8abf3c1159eda,"{""distance"":5,""physical_error_rate"":1e-05}","{""detection_events"":5470,""detectors_checked"":154931200}"
   1027072,         0,         0,   119.7,decoder_by_matrix,6866428194f3c2ecf80b799fe3d7eaa0d7bfdd0bee14693d15f8abf3c1159eda,"{""distance"":5,""physical_error_rate"":1e-05}","{""detection_events"":5400,""detectors_checked"":174602240}"
    402432,         0,         0,   119.8,decoder_by_matrix,f0fc70a0432f83ff513e502442839d2eab02e2bed2f658d0464ff826d304e5e7,"{""distance"":5,""physical_error_rate"":0.0005}","{""detection_events"":113165,""detectors_checked"":68413440}"
    428032,         0,         0,   119.2,decoder_by_matrix,161b5fe948dcfe007f335a5c57bcb8ff38ff3ea8726714a4cc08f5b9386b17ca,"{""distance"":5,""physical_error_rate"":5e-06}","{""detection_events"":1080,""detectors_checked"":72765440}"
    388096,         0,         0,   119.7,decoder_by_matrix,f0fc70a0432f83ff513e502442839d2eab02e2bed2f658d0464ff826d304e5e7,"{""distance"":5,""physical_error_rate"":0.0005}","{""detection_events"":109870,""detectors_checked"":65976320}"
   1055744,         0,         0,   119.6,decoder_by_matrix,be0c214c078cdb5104153598b498575a1fc035ba16beb428536e5a87ee0a867f,"{""distance"":5,""physical_error_rate"":1e-06}","{""detection_events"":520,""detectors_checked"":179476480}"
   3043328,         0,         0,   119.6,decoder_by_matrix,161b5fe948dcfe007f335a5c57bcb8ff38ff3ea8726714a4cc08f5b9386b17ca,"{""distance"":5,""physical_error_rate"":5e-06}","{""detection_events"":8245,""detectors_checked"":517365760}"
   2910208,         0,         0,   119.5,decoder_by_matrix,6866428194f3c2ecf80b799fe3d7eaa0d7bfdd0bee14693d15f8abf3c1159eda,"{""distance"":5,""physical_error_rate"":1e-05}","{""detection_events"":17050,""detectors_checked"":494735360}"
   3032064,         0,         0,   119.6,decoder_by_matrix,6866428194f3c2ecf80b799fe3d7eaa0d7bfdd0bee14693d15f8abf3c1159eda,"{""distance"":5,""physical_error_rate"":1e-05}","{""detection_events"":17935,""detectors_checked"":515450880}"
   2515968,         0,         0,   119.6,decoder_by_matrix,161b5fe948dcfe007f335a5c57bcb8ff38ff3ea8726714a4cc08f5b9386b17ca,"{""distance"":5,""physical_error_rate"":5e-06}","{""detection_events"":6975,""detectors_checked"":427714560}"
   2699264,         0,         0,   119.7,decoder_by_matrix,cc9cd6551b3048ae216380ccb8ae5d3cca75b5b766fe651c47ef084ce4ce7dc6,"{""distance"":5,""physical_error_rate"":5e-05}","{""detection_events"":76765,""detectors_checked"":458874880}"
   2908160,         0,         0,   119.6,decoder_by_matrix,f0fc70a0432f83ff513e502442839d2eab02e2bed2f658d0464ff826d304e5e7,"{""distance"":5,""physical_error_rate"":0.0005}","{""detection_events"":829695,""detectors_checked"":494387200}"
   2466816,         1,         0,   119.6,decoder_by_matrix,5b8a070a3cf8d31d64f24dbee89f3428cb9cab13fc59f7448d798f9bf08e9187,"{""distance"":5,""physical_error_rate"":0.001}","{""detection_events"":1389855,""detectors_checked"":419358720,""obs_mistake_mask=_E"":1}"
   2925568,         0,         0,   119.6,decoder_by_matrix,161b5fe948dcfe007f335a5c57bcb8ff38ff3ea8726714a4cc08f5b9386b17ca,"{""distance"":5,""physical_error_rate"":5e-06}","{""detection_events"":7735,""detectors_checked"":497346560}"
   2547712,         0,         0,   119.7,decoder_by_matrix,a052b2ce6ed64a98931ebcd7492590a746d7ec6e385d9f4479eb5b69a31b01f0,"{""distance"":5,""physical_error_rate"":0.0001}","{""detection_events"":146770,""detectors_checked"":433111040}"
   2519040,         3,         0,   119.6,decoder_by_matrix,5b8a070a3cf8d31d64f24dbee89f3428cb9cab13fc59f7448d798f9bf08e9187,"{""distance"":5,""physical_error_rate"":0.001}","{""detection_events"":1429685,""detectors_checked"":428236800,""obs_mistake_mask=E_"":2,""obs_mistake_mask=_E"":1}"
   2711552,         0,         0,   119.6,decoder_by_matrix,cc9cd6551b3048ae216380ccb8ae5d3cca75b5b766fe651c47ef084ce4ce7dc6,"{""distance"":5,""physical_error_rate"":5e-05}","{""detection_events"":78015,""detectors_checked"":460963840}"
   2600960,         0,         0,   119.6,decoder_by_matrix,f0fc70a0432f83ff513e502442839d2eab02e2bed2f658d0464ff826d304e5e7,"{""distance"":5,""physical_error_rate"":0.0005}","{""detection_events"":739380,""detectors_checked"":442163200}"
   2680832,         0,         0,   119.6,decoder_by_matrix,be0c214c078cdb5104153598b498575a1fc035ba16beb428536e5a87ee0a867f,"{""distance"":5,""physical_error_rate"":1e-06}","{""detection_events"":1390,""detectors_checked"":455741440}"
   2953216,         0,         0,   119.6,decoder_by_matrix,a052b2ce6ed64a98931ebcd7492590a746d7ec6e385d9f4479eb5b69a31b01f0,"{""distance"":5,""physical_error_rate"":0.0001}","{""detection_events"":168705,""detectors_checked"":502046720}"
   2961408,         0,         0,   119.6,decoder_by_matrix,a052b2ce6ed64a98931ebcd7492590a746d7ec6e385d9f4479eb5b69a31b01f0,"{""distance"":5,""physical_error_rate"":0.0001}","{""detection_events"":166360,""detectors_checked"":503439360}"
   2543616,         0,         0,   119.6,decoder_by_matrix,be0c214c078cdb5104153598b498575a1fc035ba16beb428536e5a87ee0a867f,"{""distance"":5,""physical_error_rate"":1e-06}","{""detection_events"":1720,""detectors_checked"":432414720}"
   2536448,         0,         0,   119.6,decoder_by_matrix,be0c214c078cdb5104153598b498575a1fc035ba16beb428536e5a87ee0a867f,"{""distance"":5,""physical_error_rate"":1e-06}","{""detection_events"":1460,""detectors_checked"":431196160}"
   2920448,         0,         0,   119.6,decoder_by_matrix,cc9cd6551b3048ae216380ccb8ae5d3cca75b5b766fe651c47ef084ce4ce7dc6,"{""distance"":5,""physical_error_rate"":5e-05}","{""detection_events"":84695,""detectors_checked"":496476160}"
   2604032,         0,         0,   119.5,decoder_by_matrix,6866428194f3c2ecf80b799fe3d7eaa0d7bfdd0bee14693d15f8abf3c1159eda,"{""distance"":5,""physical_error_rate"":1e-05}","{""detection_events"":15820,""detectors_checked"":442685440}"
   2325504,         1,         0,   119.7,decoder_by_matrix,f0fc70a0432f83ff513e502442839d2eab02e2bed2f658d0464ff826d304e5e7,"{""distance"":5,""physical_error_rate"":0.0005}","{""detection_events"":664220,""detectors_checked"":395335680,""obs_mistake_mask=E_"":1}"
    494592,         1,         0,   119.2,decoder_by_matrix,5b8a070a3cf8d31d64f24dbee89f3428cb9cab13fc59f7448d798f9bf08e9187,"{""distance"":5,""physical_error_rate"":0.001}","{""detection_events"":284305,""detectors_checked"":84080640,""obs_mistake_mask=E_"":1}"
    433152,         0,         0,   119.7,decoder_by_matrix,be0c214c078cdb5104153598b498575a1fc035ba16beb428536e5a87ee0a867f,"{""distance"":5,""physical_error_rate"":1e-06}","{""detection_events"":210,""detectors_checked"":73635840}"
    486400,         2,         0,   119.9,decoder_by_matrix,5b8a070a3cf8d31d64f24dbee89f3428cb9cab13fc59f7448d798f9bf08e9187,"{""distance"":5,""physical_error_rate"":0.001}","{""detection_events"":276035,""detectors_checked"":82688000,""obs_mistake_mask=E_"":2}"
   1186816,         0,         0,   119.7,decoder_by_matrix,cc9cd6551b3048ae216380ccb8ae5d3cca75b5b766fe651c47ef084ce4ce7dc6,"{""distance"":5,""physical_error_rate"":5e-05}","{""detection_events"":33275,""detectors_checked"":201758720}"
    500736,         0,         0,   119.4,decoder_by_matrix,161b5fe948dcfe007f335a5c57bcb8ff38ff3ea8726714a4cc08f5b9386b17ca,"{""distance"":5,""physical_error_rate"":5e-06}","{""detection_events"":1075,""detectors_checked"":85125120}"
   1069056,         0,         0,   119.4,decoder_by_matrix,6866428194f3c2ecf80b799fe3d7eaa0d7bfdd0bee14693d15f8abf3c1159eda,"{""distance"":5,""physical_error_rate"":1e-05}","{""detection_events"":5965,""detectors_checked"":181739520}"
    458752,         1,         0,   119.9,decoder_by_matrix,5b8a070a3cf8d31d64f24dbee89f3428cb9cab13fc59f7448d798f9bf08e9187,"{""distance"":5,""physical_error_rate"":0.001}","{""detection_events"":260535,""detectors_checked"":77987840,""obs_mistake_mask=E_"":1}"
    471040,         0,         0,   119.3,decoder_by_matrix,cc9cd6551b3048ae216380ccb8ae5d3cca75b5b766fe651c47ef084ce4ce7dc6,"{""distance"":5,""physical_error_rate"":5e-05}","{""detection_events"":12590,""detectors_checked"":80076800}"
    467968,         0,         0,   118.1,decoder_by_matrix,f0fc70a0432f83ff513e502442839d2eab02e2bed2f658d0464ff826d304e5e7,"{""distance"":5,""physical_error_rate"":0.0005}","{""detection_events"":133510,""detectors_checked"":79554560}"
    461824,         1,         0,   119.5,decoder_by_matrix,5b8a070a3cf8d31d64f24dbee89f3428cb9cab13fc59f7448d798f9bf08e9187,"{""distance"":5,""physical_error_rate"":0.001}","{""detection_events"":265250,""detectors_checked"":78510080,""obs_mistake_mask=E_"":1}"
   2877440,         0,         0,   119.6,decoder_by_matrix,be0c214c078cdb5104153598b498575a1fc035ba16beb428536e5a87ee0a867f,"{""distance"":5,""physical_error_rate"":1e-06}","{""detection_events"":1485,""detectors_checked"":489164800}"
   2834432,         0,         0,   119.6,decoder_by_matrix,161b5fe948dcfe007f335a5c57bcb8ff38ff3ea8726714a4cc08f5b9386b17ca,"{""distance"":5,""physical_error_rate"":5e-06}","{""detection_events"":7410,""detectors_checked"":481853440}"
    448512,         0,         0,   119.9,decoder_by_matrix,a052b2ce6ed64a98931ebcd7492590a746d7ec6e385d9f4479eb5b69a31b01f0,"{""distance"":5,""physical_error_rate"":0.0001}","{""detection_events"":25500,""detectors_checked"":76247040}"
   1046528,         0,         0,   119.5,decoder_by_matrix,a052b2ce6ed64a98931ebcd7492590a746d7ec6e385d9f4479eb5b69a31b01f0,"{""distance"":5,""physical_error_rate"":0.0001}","{""detection_events"":61015,""detectors_checked"":177909760}"
    480256,         0,         0,   119.0,decoder_by_matrix,cc9cd6551b3048ae216380ccb8ae5d3cca75b5b766fe651c47ef084ce4ce7dc6,"{""distance"":5,""physical_error_rate"":5e-05}","{""detection_events"":13795,""detectors_checked"":81643520}"
   1166336,         0,         0,   119.8,decoder_by_matrix,a052b2ce6ed64a98931ebcd7492590a746d7ec6e385d9f4479eb5b69a31b01f0,"{""distance"":5,""physical_error_rate"":0.0001}","{""detection_events"":69005,""detectors_checked"":198277120}"
   1038336,         0,         0,   119.5,decoder_by_matrix,6866428194f3c2ecf80b799fe3d7eaa0d7bfdd0bee14693d15f8abf3c1159eda,"{""distance"":5,""physical_error_rate"":1e-05}","{""detection_events"":5680,""detectors_checked"":176517120}"
    978944,         1,         0,   119.7,decoder_by_matrix,f0fc70a0432f83ff513e502442839d2eab02e2bed2f658d0464ff826d304e5e7,"{""distance"":5,""physical_error_rate"":0.0005}","{""detection_events"":279355,""detectors_checked"":166420480,""obs_mistake_mask=EE"":1}"
   2985984,         0,         0,   119.6,decoder_by_matrix,be0c214c078cdb5104153598b498575a1fc035ba16beb428536e5a87ee0a867f,"{""distance"":5,""physical_error_rate"":1e-06}","{""detection_events"":1820,""detectors_checked"":507617280}"
   2774016,         0,         0,   119.6,decoder_by_matrix,161b5fe948dcfe007f335a5c57bcb8ff38ff3ea8726714a4cc08f5b9386b17ca,"{""distance"":5,""physical_error_rate"":5e-06}","{""detection_events"":9275,""detectors_checked"":471582720}"
   1443840,         0,         0,   119.6,decoder_by_matrix,cc9cd6551b3048ae216380ccb8ae5d3cca75b5b766fe651c47ef084ce4ce7dc6,"{""distance"":5,""physical_error_rate"":5e-05}","{""detection_events"":39115,""detectors_checked"":245452800}"
   1191936,         0,         0,   119.5,decoder_by_matrix,a052b2ce6ed64a98931ebcd7492590a746d7ec6e385d9f4479eb5b69a31b01f0,"{""distance"":5,""physical_error_rate"":0.0001}","{""detection_events"":67665,""detectors_checked"":202629120}"
   1233920,         0,         0,   119.7,decoder_by_matrix,6866428194f3c2ecf80b799fe3d7eaa0d7bfdd0bee14693d15f8abf3c1159eda,"{""distance"":5,""physical_error_rate"":1e-05}","{""detection_events"":7305,""detectors_checked"":209766400}"
    998400,         0,         0,   119.8,decoder_by_matrix,6866428194f3c2ecf80b799fe3d7eaa0d7bfdd0bee14693d15f8abf3c1159eda,"{""distance"":5,""physical_error_rate"":1e-05}","{""detection_events"":5365,""detectors_checked"":169728000}"
    424960,         0,         0,   119.8,decoder_by_matrix,f0fc70a0432f83ff513e502442839d2eab02e2bed2f658d0464ff826d304e5e7,"{""distance"":5,""physical_error_rate"":0.0005}","{""detection_events"":122080,""detectors_checked"":72243200}"
    453632,         0,         0,   119.5,decoder_by_matrix,161b5fe948dcfe007f335a5c57bcb8ff38ff3ea8726714a4cc08f5b9386b17ca,"{""distance"":5,""physical_error_rate"":5e-06}","{""detection_events"":1170,""detectors_checked"":77117440}"
    409600,         0,         0,   119.8,decoder_by_matrix,f0fc70a0432f83ff513e502442839d2eab02e2bed2f658d0464ff826d304e5e7,"{""distance"":5,""physical_error_rate"":0.0005}","{""detection_events"":117380,""detectors_checked"":69632000}"
   1099776,         0,         0,   119.8,decoder_by_matrix,be0c214c078cdb5104153598b498575a1fc035ba16beb428536e5a87ee0a867f,"{""distance"":5,""physical_error_rate"":1e-06}","{""detection_events"":555,""detectors_checked"":186961920}"
   3108864,         0,         0,   119.6,decoder_by_matrix,161b5fe948dcfe007f335a5c57bcb8ff38ff3ea8726714a4cc08f5b9386b17ca,"{""distance"":5,""physical_error_rate"":5e-06}","{""detection_events"":9405,""detectors_checked"":528506880}"
   2558976,         0,         0,   119.5,decoder_by_matrix,6866428194f3c2ecf80b799fe3d7eaa0d7bfdd0bee14693d15f8abf3c1159eda,"{""distance"":5,""physical_error_rate"":1e-05}","{""detection_events"":15985,""detectors_checked"":435025920}"
   3117056,         0,         0,   119.6,decoder_by_matrix,6866428194f3c2ecf80b799fe3d7eaa0d7bfdd0bee14693d15f8abf3c1159eda,"{""distance"":5,""physical_error_rate"":1e-05}","{""detection_events"":17215,""detectors_checked"":529899520}"
   2375680,         0,         0,   119.6,decoder_by_matrix,161b5fe948dcfe007f335a5c57bcb8ff38ff3ea8726714a4cc08f5b9386b17ca,"{""distance"":5,""physical_error_rate"":5e-06}","{""detection_events"":6705,""detectors_checked"":403865600}"
   2692096,         0,         0,   119.6,decoder_by_matrix,cc9cd6551b3048ae216380ccb8ae5d3cca75b5b766fe651c47ef084ce4ce7dc6,"{""distance"":5,""physical_error_rate"":5e-05}","{""detection_events"":74985,""detectors_checked"":457656320}"
   2952192,         0,         0,   119.6,decoder_by_matrix,f0fc70a0432f83ff513e502442839d2eab02e2bed2f658d0464ff826d304e5e7,"{""distance"":5,""physical_error_rate"":0.0005}","{""detection_events"":835415,""detectors_checked"":501872640}"
   2463744,         7,         0,   119.6,decoder_by_matrix,5b8a070a3cf8d31d64f24dbee89f3428cb9cab13fc59f7448d798f9bf08e9187,"{""distance"":5,""physical_error_rate"":0.001}","{""detection_events"":1392190,""detectors_checked"":418836480,""obs_mistake_mask=E_"":3,""obs_mistake_mask=_E"":4}"
   2811904,         0,         0,   119.6,decoder_by_matrix,161b5fe948dcfe007f335a5c57bcb8ff38ff3ea8726714a4cc08f5b9386b17ca,"{""distance"":5,""physical_error_rate"":5e-06}","{""detection_events"":7195,""detectors_checked"":478023680}"
   2313216,         0,         0,   119.7,decoder_by_matrix,a052b2ce6ed64a98931ebcd7492590a746d7ec6e385d9f4479eb5b69a31b01f0,"{""distance"":5,""physical_error_rate"":0.0001}","{""detection_events"":132465,""detectors_checked"":393246720}"
   2617344,         2,         0,   119.5,decoder_by_matrix,5b8a070a3cf8d31d64f24dbee89f3428cb9cab13fc59f7448d798f9bf08e9187,"{""distance"":5,""physical_error_rate"":0.001}","{""detection_events"":1486125,""detectors_checked"":444948480,""obs_mistake_mask=E_"":1,""obs_mistake_mask=_E"":1}"
   2518016,         0,         0,   119.6,decoder_by_matrix,cc9cd6551b3048ae216380ccb8ae5d3cca75b5b766fe651c47ef084ce4ce7dc6,"{""distance"":5,""physical_error_rate"":5e-05}","{""detection_events"":71505,""detectors_checked"":428062720}"
   2699264,         0,         0,   119.6,decoder_by_matrix,be0c214c078cdb5104153598b498575a1fc035ba16beb428536e5a87ee0a867f,"{""distance"":5,""physical_error_rate"":1e-06}","{""detection_events"":1610,""detectors_checked"":458874880}"
   2694144,         0,         0,   119.6,decoder_by_matrix,f0fc70a0432f83ff513e502442839d2eab02e2bed2f658d0464ff826d304e5e7,"{""distance"":5,""physical_error_rate"":0.0005}","{""detection_events"":768530,""detectors_checked"":458004480}"
   2998272,         0,         0,   119.6,decoder_by_matrix,a052b2ce6ed64a98931ebcd7492590a746d7ec6e385d9f4479eb5b69a31b01f0,"{""distance"":5,""physical_error_rate"":0.0001}","{""detection_events"":172540,""detectors_checked"":509706240}"
   2763776,         0,         0,   119.6,decoder_by_matrix,a052b2ce6ed64a98931ebcd7492590a746d7ec6e385d9f4479eb5b69a31b01f0,"{""distance"":5,""physical_error_rate"":0.0001}","{""detection_events"":162050,""detectors_checked"":469841920}"
   2019328,         0,         0,   119.6,decoder_by_matrix,be0c214c078cdb5104153598b498575a1fc035ba16beb428536e5a87ee0a867f,"{""distance"":5,""physical_error_rate"":1e-06}","{""detection_events"":1135,""detectors_checked"":343285760}"
   2417664,         0,         0,   119.6,decoder_by_matrix,be0c214c078cdb5104153598b498575a1fc035ba16beb428536e5a87ee0a867f,"{""distance"":5,""physical_error_rate"":1e-06}","{""detection_events"":1580,""detectors_checked"":411002880}"
   3026944,         0,         0,   119.6,decoder_by_matrix,cc9cd6551b3048ae216380ccb8ae5d3cca75b5b766fe651c47ef084ce4ce7dc6,"{""distance"":5,""physical_error_rate"":5e-05}","{""detection_events"":84810,""detectors_checked"":514580480}"
   2401280,         0,         0,   119.6,decoder_by_matrix,6866428194f3c2ecf80b799fe3d7eaa0d7bfdd0bee14693d15f8abf3c1159eda,"{""distance"":5,""physical_error_rate"":1e-05}","{""detection_events"":13255,""detectors_checked"":408217600}"
   2581504,         0,         0,   119.6,decoder_by_matrix,f0fc70a0432f83ff513e502442839d2eab02e2bed2f658d0464ff826d304e5e7,"{""distance"":5,""physical_error_rate"":0.0005}","{""detection_events"":735775,""detectors_checked"":438855680}"
    508928,         0,         0,   119.8,decoder_by_matrix,5b8a070a3cf8d31d64f24dbee89f3428cb9cab13fc59f7448d798f9bf08e9187,"{""distance"":5,""physical_error_rate"":0.001}","{""detection_events"":291510,""detectors_checked"":86517760}"
    447488,         0,         0,   119.7,decoder_by_matrix,be0c214c078cdb5104153598b498575a1fc035ba16beb428536e5a87ee0a867f,"{""distance"":5,""physical_error_rate"":1e-06}","{""detection_events"":265,""detectors_checked"":76072960}"
    502784,         0,         0,   119.2,decoder_by_matrix,5b8a070a3cf8d31d64f24dbee89f3428cb9cab13fc59f7448d798f9bf08e9187,"{""distance"":5,""physical_error_rate"":0.001}","{""detection_events"":286995,""detectors_checked"":85473280}"
   1130496,         0,         0,   120.2,decoder_by_matrix,cc9cd6551b3048ae216380ccb8ae5d3cca75b5b766fe651c47ef084ce4ce7dc6,"{""distance"":5,""physical_error_rate"":5e-05}","{""detection_events"":32760,""detectors_checked"":192184320}"
    514048,         0,         0,   119.7,decoder_by_matrix,161b5fe948dcfe007f335a5c57bcb8ff38ff3ea8726714a4cc08f5b9386b17ca,"{""distance"":5,""physical_error_rate"":5e-06}","{""detection_events"":1600,""detectors_checked"":87388160}"
    475136,         0,         0,   119.3,decoder_by_matrix,5b8a070a3cf8d31d64f24dbee89f3428cb9cab13fc59f7448d798f9bf08e9187,"{""distance"":5,""physical_error_rate"":0.001}","{""detection_events"":264970,""detectors_checked"":80773120}"
   1057792,         0,         0,   120.2,decoder_by_matrix,6866428194f3c2ecf80b799fe3d7eaa0d7bfdd0bee14693d15f8abf3c1159eda,"{""distance"":5,""physical_error_rate"":1e-05}","{""detection_events"":5610,""detectors_checked"":179824640}"
    481280,         0,         0,   119.3,decoder_by_matrix,cc9cd6551b3048ae216380ccb8ae5d3cca75b5b766fe651c47ef084ce4ce7dc6,"{""distance"":5,""physical_error_rate"":5e-05}","{""detection_events"":13455,""detectors_checked"":81817600}"
    483328,         0,         0,   119.0,decoder_by_matrix,f0fc70a0432f83ff513e502442839d2eab02e2bed2f658d0464ff826d304e5e7,"{""distance"":5,""physical_error_rate"":0.0005}","{""detection_events"":136850,""detectors_checked"":82165760}"
    475136,         1,         0,   119.9,decoder_by_matrix,5b8a070a3cf8d31d64f24dbee89f3428cb9cab13fc59f7448d798f9bf08e9187,"{""distance"":5,""physical_error_rate"":0.001}","{""detection_events"":270425,""detectors_checked"":80773120,""obs_mistake_mask=E_"":1}"
   2722816,         0,         0,   119.5,decoder_by_matrix,be0c214c078cdb5104153598b498575a1fc035ba16beb428536e5a87ee0a867f,"{""distance"":5,""physical_error_rate"":1e-06}","{""detection_events"":1710,""detectors_checked"":462878720}"
   2635776,         0,         0,   119.5,decoder_by_matrix,161b5fe948dcfe007f335a5c57bcb8ff38ff3ea8726714a4cc08f5b9386b17ca,"{""distance"":5,""physical_error_rate"":5e-06}","{""detection_events"":7705,""detectors_checked"":448081920}"
    456704,         0,         0,   119.7,decoder_by_matrix,a052b2ce6ed64a98931ebcd7492590a746d7ec6e385d9f4479eb5b69a31b01f0,"{""distance"":5,""physical_error_rate"":0.0001}","{""detection_events"":25475,""detectors_checked"":77639680}"
   1233920,         0,         0,   119.7,decoder_by_matrix,a052b2ce6ed64a98931ebcd7492590a746d7ec6e385d9f4479eb5b69a31b01f0,"{""distance"":5,""physical_error_rate"":0.0001}","{""detection_events"":70320,""detectors_checked"":209766400}"
    478208,         0,         0,   118.9,decoder_by_matrix,cc9cd6551b3048ae216380ccb8ae5d3cca75b5b766fe651c47ef084ce4ce7dc6,"{""distance"":5,""physical_error_rate"":5e-05}","{""detection_events"":13675,""detectors_checked"":81295360}"
   1141760,         0,         0,   119.6,decoder_by_matrix,a052b2ce6ed64a98931ebcd7492590a746d7ec6e385d9f4479eb5b69a31b01f0,"{""distance"":5,""physical_error_rate"":0.0001}","{""detection_events"":65640,""detectors_checked"":194099200}"
   1120256,         0,         0,   120.2,decoder_by_matrix,6866428194f3c2ecf80b799fe3d7eaa0d7bfdd0bee14693d15f8abf3c1159eda,"{""distance"":5,""physical_error_rate"":1e-05}","{""detection_events"":6645,""detectors_checked"":190443520}"
   1217536,         1,         0,   120.2,decoder_by_matrix,f0fc70a0432f83ff513e502442839d2eab02e2bed2f658d0464ff826d304e5e7,"{""distance"":5,""physical_error_rate"":0.0005}","{""detection_events"":343525,""detectors_checked"":206981120,""obs_mistake_mask=EE"":1}"
   2948096,         0,         0,   119.6,decoder_by_matrix,be0c214c078cdb5104153598b498575a1fc035ba16beb428536e5a87ee0a867f,"{""distance"":5,""physical_error_rate"":1e-06}","{""detection_events"":1710,""detectors_checked"":501176320}"
   2614272,         0,         0,   119.6,decoder_by_matrix,161b5fe948dcfe007f335a5c57bcb8ff38ff3ea8726714a4cc08f5b9386b17ca,"{""distance"":5,""physical_error_rate"":5e-06}","{""detection_events"":7580,""detectors_checked"":444426240}"
   1145856,         0,         0,   119.8,decoder_by_matrix,cc9cd6551b3048ae216380ccb8ae5d3cca75b5b766fe651c47ef084ce4ce7dc6,"{""distance"":5,""physical_error_rate"":5e-05}","{""detection_events"":31550,""detectors_checked"":194795520}"
    994304,         0,         0,   119.6,decoder_by_matrix,a052b2ce6ed64a98931ebcd7492590a746d7ec6e385d9f4479eb5b69a31b01f0,"{""distance"":5,""physical_error_rate"":0.0001}","{""detection_events"":55205,""detectors_checked"":169031680}"
   1000448,         0,         0,   119.7,decoder_by_matrix,6866428194f3c2ecf80b799fe3d7eaa0d7bfdd0bee14693d15f8abf3c1159eda,"{""distance"":5,""physical_error_rate"":1e-05}","{""detection_events"":5105,""detectors_checked"":170076160}"
   1056768,         0,         0,   120.0,decoder_by_matrix,6866428194f3c2ecf80b799fe3d7eaa0d7bfdd0bee14693d15f8abf3c1159eda,"{""distance"":5,""physical_error_rate"":1e-05}","{""detection_events"":6320,""detectors_checked"":179650560}"
    395264,         0,         0,   119.6,decoder_by_matrix,f0fc70a0432f83ff513e502442839d2eab02e2bed2f658d0464ff826d304e5e7,"{""distance"":5,""physical_error_rate"":0.0005}","{""detection_events"":113080,""detectors_checked"":67194880}"
    427008,         0,         0,   119.6,decoder_by_matrix,161b5fe948dcfe007f335a5c57bcb8ff38ff3ea8726714a4cc08f5b9386b17ca,"{""distance"":5,""physical_error_rate"":5e-06}","{""detection_events"":880,""detectors_checked"":72591360}"
    387072,         0,         0,   119.4,decoder_by_matrix,f0fc70a0432f83ff513e502442839d2eab02e2bed2f658d0464ff826d304e5e7,"{""distance"":5,""physical_error_rate"":0.0005}","{""detection_events"":110145,""detectors_checked"":65802240}"
    799744,         0,         0,   119.7,decoder_by_matrix,be0c214c078cdb5104153598b498575a1fc035ba16beb428536e5a87ee0a867f,"{""distance"":5,""physical_error_rate"":1e-06}","{""detection_events"":450,""detectors_checked"":135956480}"
   3128320,         0,         0,   119.6,decoder_by_matrix,161b5fe948dcfe007f335a5c57bcb8ff38ff3ea8726714a4cc08f5b9386b17ca,"{""distance"":5,""physical_error_rate"":5e-06}","{""detection_events"":8655,""detectors_checked"":531814400}"
   2746368,         0,         0,   119.5,decoder_by_matrix,6866428194f3c2ecf80b799fe3d7eaa0d7bfdd0bee14693d15f8abf3c1159eda,"{""distance"":5,""physical_error_rate"":1e-05}","{""detection_events"":16775,""detectors_checked"":466882560}"
   3142656,         0,         0,   119.6,decoder_by_matrix,6866428194f3c2ecf80b799fe3d7eaa0d7bfdd0bee14693d15f8abf3c1159eda,"{""distance"":5,""physical_error_rate"":1e-05}","{""detection_events"":18780,""detectors_checked"":534251520}"
   2506752,         0,         0,   119.6,decoder_by_matrix,161b5fe948dcfe007f335a5c57bcb8ff38ff3ea8726714a4cc08f5b9386b17ca,"{""distance"":5,""physical_error_rate"":5e-06}","{""detection_events"":7520,""detectors_checked"":426147840}"
   2666496,         0,         0,   119.5,decoder_by_matrix,cc9cd6551b3048ae216380ccb8ae5d3cca75b5b766fe651c47ef084ce4ce7dc6,"{""distance"":5,""physical_error_rate"":5e-05}","{""detection_events"":78005,""detectors_checked"":453304320}"
   2973696,         0,         0,   119.6,decoder_by_matrix,f0fc70a0432f83ff513e502442839d2eab02e2bed2f658d0464ff826d304e5e7,"{""distance"":5,""physical_error_rate"":0.0005}","{""detection_events"":846885,""detectors_checked"":505528320}"
   2969600,         0,         0,   119.6,decoder_by_matrix,161b5fe948dcfe007f335a5c57bcb8ff38ff3ea8726714a4cc08f5b9386b17ca,"{""distance"":5,""physical_error_rate"":5e-06}","{""detection_events"":8515,""detectors_checked"":504832000}"
   2732032,         0,         0,   119.6,decoder_by_matrix,a052b2ce6ed64a98931ebcd7492590a746d7ec6e385d9f4479eb5b69a31b01f0,"{""distance"":5,""physical_error_rate"":0.0001}","{""detection_events"":153120,""detectors_checked"":464445440}"
   2466816,         2,         0,   119.7,decoder_by_matrix,5b8a070a3cf8d31d64f24dbee89f3428cb9cab13fc59f7448d798f9bf08e9187,"{""distance"":5,""physical_error_rate"":0.001}","{""detection_events"":1395420,""detectors_checked"":419358720,""obs_mistake_mask=E_"":1,""obs_mistake_mask=_E"":1}"
   2531328,         8,         0,   119.6,decoder_by_matrix,5b8a070a3cf8d31d64f24dbee89f3428cb9cab13fc59f7448d798f9bf08e9187,"{""distance"":5,""physical_error_rate"":0.001}","{""detection_events"":1436260,""detectors_checked"":430325760,""obs_mistake_mask=EE"":2,""obs_mistake_mask=E_"":3,""obs_mistake_mask=_E"":3}"
   2654208,         0,         0,   119.7,decoder_by_matrix,cc9cd6551b3048ae216380ccb8ae5d3cca75b5b766fe651c47ef084ce4ce7dc6,"{""distance"":5,""physical_error_rate"":5e-05}","{""detection_events"":75685,""detectors_checked"":451215360}"
   2777088,         0,         0,   119.6,decoder_by_matrix,be0c214c078cdb5104153598b498575a1fc035ba16beb428536e5a87ee0a867f,"{""distance"":5,""physical_error_rate"":1e-06}","{""detection_events"":1565,""detectors_checked"":472104960}"
   2580480,         0,         0,   119.6,decoder_by_matrix,f0fc70a0432f83ff513e502442839d2eab02e2bed2f658d0464ff826d304e5e7,"{""distance"":5,""physical_error_rate"":0.0005}","{""detection_events"":738460,""detectors_checked"":438681600}"
   3021824,         0,         0,   119.6,decoder_by_matrix,a052b2ce6ed64a98931ebcd7492590a746d7ec6e385d9f4479eb5b69a31b01f0,"{""distance"":5,""physical_error_rate"":0.0001}","{""detection_events"":175025,""detectors_checked"":513710080}"
   2761728,         0,         0,   119.5,decoder_by_matrix,be0c214c078cdb5104153598b498575a1fc035ba16beb428536e5a87ee0a867f,"{""distance"":5,""physical_error_rate"":1e-06}","{""detection_events"":1345,""detectors_checked"":469493760}"
   2883584,         0,         0,   119.7,decoder_by_matrix,a052b2ce6ed64a98931ebcd7492590a746d7ec6e385d9f4479eb5b69a31b01f0,"{""distance"":5,""physical_error_rate"":0.0001}","{""detection_events"":161795,""detectors_checked"":490209280}"
   2359296,         0,         0,   119.6,decoder_by_matrix,be0c214c078cdb5104153598b498575a1fc035ba16beb428536e5a87ee0a867f,"{""distance"":5,""physical_error_rate"":1e-06}","{""detection_events"":1180,""detectors_checked"":401080320}"
   3016704,         0,         0,   119.6,decoder_by_matrix,cc9cd6551b3048ae216380ccb8ae5d3cca75b5b766fe651c47ef084ce4ce7dc6,"{""distance"":5,""physical_error_rate"":5e-05}","{""detection_events"":86585,""detectors_checked"":512839680}"
   2388992,         0,         0,   119.6,decoder_by_matrix,6866428194f3c2ecf80b799fe3d7eaa0d7bfdd0bee14693d15f8abf3c1159eda,"{""distance"":5,""physical_error_rate"":1e-05}","{""detection_events"":14270,""detectors_checked"":406128640}"
   2522112,         0,         0,   119.6,decoder_by_matrix,f0fc70a0432f83ff513e502442839d2eab02e2bed2f658d0464ff826d304e5e7,"{""distance"":5,""physical_error_rate"":0.0005}","{""detection_events"":711000,""detectors_checked"":428759040}"
    483328,         0,         0,   119.4,decoder_by_matrix,5b8a070a3cf8d31d64f24dbee89f3428cb9cab13fc59f7448d798f9bf08e9187,"{""distance"":5,""physical_error_rate"":0.001}","{""detection_events"":278835,""detectors_checked"":82165760}"
    427008,         0,         0,   119.4,decoder_by_matrix,be0c214c078cdb5104153598b498575a1fc035ba16beb428536e5a87ee0a867f,"{""distance"":5,""physical_error_rate"":1e-06}","{""detection_events"":260,""detectors_checked"":72591360}"
    479232,         0,         0,   118.9,decoder_by_matrix,5b8a070a3cf8d31d64f24dbee89f3428cb9cab13fc59f7448d798f9bf08e9187,"{""distance"":5,""physical_error_rate"":0.001}","{""detection_events"":274555,""detectors_checked"":81469440}"
   1128448,         0,         0,   119.5,decoder_by_matrix,cc9cd6551b3048ae216380ccb8ae5d3cca75b5b766fe651c47ef084ce4ce7dc6,"{""distance"":5,""physical_error_rate"":5e-05}","{""detection_events"":31460,""detectors_checked"":191836160}"
    496640,         0,         0,   119.6,decoder_by_matrix,161b5fe948dcfe007f335a5c57bcb8ff38ff3ea8726714a4cc08f5b9386b17ca,"{""distance"":5,""physical_error_rate"":5e-06}","{""detection_events"":1380,""detectors_checked"":84428800}"
    460800,         0,         0,   118.7,decoder_by_matrix,5b8a070a3cf8d31d64f24dbee89f3428cb9cab13fc59f7448d798f9bf08e9187,"{""distance"":5,""physical_error_rate"":0.001}","{""detection_events"":258590,""detectors_checked"":78336000}"
    467968,         0,         0,   118.6,decoder_by_matrix,f0fc70a0432f83ff513e502442839d2eab02e2bed2f658d0464ff826d304e5e7,"{""distance"":5,""physical_error_rate"":0.0005}","{""detection_events"":134585,""detectors_checked"":79554560}"
    463872,         0,         0,   118.8,decoder_by_matrix,cc9cd6551b3048ae216380ccb8ae5d3cca75b5b766fe651c47ef084ce4ce7dc6,"{""distance"":5,""physical_error_rate"":5e-05}","{""detection_events"":13380,""detectors_checked"":78858240}"
   1009664,         0,         0,   120.2,decoder_by_matrix,6866428194f3c2ecf80b799fe3d7eaa0d7bfdd0bee14693d15f8abf3c1159eda,"{""distance"":5,""physical_error_rate"":1e-05}","{""detection_events"":6840,""detectors_checked"":171642880}"
    462848,         1,         0,   119.2,decoder_by_matrix,5b8a070a3cf8d31d64f24dbee89f3428cb9cab13fc59f7448d798f9bf08e9187,"{""distance"":5,""physical_error_rate"":0.001}","{""detection_events"":261705,""detectors_checked"":78684160,""obs_mistake_mask=EE"":1}"
   2700288,         0,         0,   119.5,decoder_by_matrix,be0c214c078cdb5104153598b498575a1fc035ba16beb428536e5a87ee0a867f,"{""distance"":5,""physical_error_rate"":1e-06}","{""detection_events"":1375,""detectors_checked"":459048960}"
   2625536,         0,         0,   119.7,decoder_by_matrix,161b5fe948dcfe007f335a5c57bcb8ff38ff3ea8726714a4cc08f5b9386b17ca,"{""distance"":5,""physical_error_rate"":5e-06}","{""detection_events"":7615,""detectors_checked"":446341120}"
    449536,         0,         0,   119.3,decoder_by_matrix,a052b2ce6ed64a98931ebcd7492590a746d7ec6e385d9f4479eb5b69a31b01f0,"{""distance"":5,""physical_error_rate"":0.0001}","{""detection_events"":25240,""detectors_checked"":76421120}"
   1127424,         0,         0,   119.7,decoder_by_matrix,a052b2ce6ed64a98931ebcd7492590a746d7ec6e385d9f4479eb5b69a31b01f0,"{""distance"":5,""physical_error_rate"":0.0001}","{""detection_events"":64840,""detectors_checked"":191662080}"
    481280,         0,         0,   119.3,decoder_by_matrix,cc9cd6551b3048ae216380ccb8ae5d3cca75b5b766fe651c47ef084ce4ce7dc6,"{""distance"":5,""physical_error_rate"":5e-05}","{""detection_events"":12720,""detectors_checked"":81817600}"
   1110016,         0,         0,   119.6,decoder_by_matrix,a052b2ce6ed64a98931ebcd7492590a746d7ec6e385d9f4479eb5b69a31b01f0,"{""distance"":5,""physical_error_rate"":0.0001}","{""detection_events"":65400,""detectors_checked"":188702720}"
   1010688,         0,         0,   119.9,decoder_by_matrix,6866428194f3c2ecf80b799fe3d7eaa0d7bfdd0bee14693d15f8abf3c1159eda,"{""distance"":5,""physical_error_rate"":1e-05}","{""detection_events"":5730,""detectors_checked"":171816960}"
   1239040,         0,         0,   120.1,decoder_by_matrix,f0fc70a0432f83ff513e502442839d2eab02e2bed2f658d0464ff826d304e5e7,"{""distance"":5,""physical_error_rate"":0.0005}","{""detection_events"":355215,""detectors_checked"":210636800}"
   2805760,         0,         0,   119.6,decoder_by_matrix,be0c214c078cdb5104153598b498575a1fc035ba16beb428536e5a87ee0a867f,"{""distance"":5,""physical_error_rate"":1e-06}","{""detection_events"":1510,""detectors_checked"":476979200}"
   2696192,         0,         0,   119.6,decoder_by_matrix,161b5fe948dcfe007f335a5c57bcb8ff38ff3ea8726714a4cc08f5b9386b17ca,"{""distance"":5,""physical_error_rate"":5e-06}","{""detection_events"":7315,""detectors_checked"":458352640}"
   1137664,         0,         0,   119.3,decoder_by_matrix,cc9cd6551b3048ae216380ccb8ae5d3cca75b5b766fe651c47ef084ce4ce7dc6,"{""distance"":5,""physical_error_rate"":5e-05}","{""detection_events"":32380,""detectors_checked"":193402880}"
    997376,         0,         0,   119.5,decoder_by_matrix,a052b2ce6ed64a98931ebcd7492590a746d7ec6e385d9f4479eb5b69a31b01f0,"{""distance"":5,""physical_error_rate"":0.0001}","{""detection_events"":59240,""detectors_checked"":169553920}"
   1140736,         0,         0,   120.0,decoder_by_matrix,6866428194f3c2ecf80b799fe3d7eaa0d7bfdd0bee14693d15f8abf3c1159eda,"{""distance"":5,""physical_error_rate"":1e-05}","{""detection_events"":7190,""detectors_checked"":193925120}"
    978944,         0,         0,   119.8,decoder_by_matrix,6866428194f3c2ecf80b799fe3d7eaa0d7bfdd0bee14693d15f8abf3c1159eda,"{""distance"":5,""physical_error_rate"":1e-05}","{""detection_events"":6120,""detectors_checked"":166420480}"
    409600,         0,         0,   119.3,decoder_by_matrix,f0fc70a0432f83ff513e502442839d2eab02e2bed2f658d0464ff826d304e5e7,"{""distance"":5,""physical_error_rate"":0.0005}","{""detection_events"":116370,""detectors_checked"":69632000}"
    431104,         0,         0,   119.8,decoder_by_matrix,161b5fe948dcfe007f335a5c57bcb8ff38ff3ea8726714a4cc08f5b9386b17ca,"{""distance"":5,""physical_error_rate"":5e-06}","{""detection_events"":1295,""detectors_checked"":73287680}"
    390144,         0,         0,   119.7,decoder_by_matrix,f0fc70a0432f83ff513e502442839d2eab02e2bed2f658d0464ff826d304e5e7,"{""distance"":5,""physical_error_rate"":0.0005}","{""detection_events"":109830,""detectors_checked"":66324480}"
   1012736,         0,         0,   120.1,decoder_by_matrix,be0c214c078cdb5104153598b498575a1fc035ba16beb428536e5a87ee0a867f,"{""distance"":5,""physical_error_rate"":1e-06}","{""detection_events"":395,""detectors_checked"":172165120}"
   3100672,         0,         0,   119.6,decoder_by_matrix,161b5fe948dcfe007f335a5c57bcb8ff38ff3ea8726714a4cc08f5b9386b17ca,"{""distance"":5,""physical_error_rate"":5e-06}","{""detection_events"":8640,""detectors_checked"":527114240}"
   2920448,         0,         0,   119.6,decoder_by_matrix,6866428194f3c2ecf80b799fe3d7eaa0d7bfdd0bee14693d15f8abf3c1159eda,"{""distance"":5,""physical_error_rate"":1e-05}","{""detection_events"":16415,""detectors_checked"":496476160}"
   3068928,         0,         0,   119.6,decoder_by_matrix,6866428194f3c2ecf80b799fe3d7eaa0d7bfdd0bee14693d15f8abf3c1159eda,"{""distance"":5,""physical_error_rate"":1e-05}","{""detection_events"":18300,""detectors_checked"":521717760}"
   2695168,         0,         0,   119.6,decoder_by_matrix,161b5fe948dcfe007f335a5c57bcb8ff38ff3ea8726714a4cc08f5b9386b17ca,"{""distance"":5,""physical_error_rate"":5e-06}","{""detection_events"":8205,""detectors_checked"":458178560}"
   2741248,         0,         0,   119.6,decoder_by_matrix,cc9cd6551b3048ae216380ccb8ae5d3cca75b5b766fe651c47ef084ce4ce7dc6,"{""distance"":5,""physical_error_rate"":5e-05}","{""detection_events"":80395,""detectors_checked"":466012160}"
   2932736,         1,         0,   119.6,decoder_by_matrix,f0fc70a0432f83ff513e502442839d2eab02e2bed2f658d0464ff826d304e5e7,"{""distance"":5,""physical_error_rate"":0.0005}","{""detection_events"":831295,""detectors_checked"":498565120,""obs_mistake_mask=E_"":1}"
   2511872,         0,         0,   119.5,decoder_by_matrix,161b5fe948dcfe007f335a5c57bcb8ff38ff3ea8726714a4cc08f5b9386b17ca,"{""distance"":5,""physical_error_rate"":5e-06}","{""detection_events"":7575,""detectors_checked"":427018240}"
   2513920,         0,         0,   119.6,decoder_by_matrix,a052b2ce6ed64a98931ebcd7492590a746d7ec6e385d9f4479eb5b69a31b01f0,"{""distance"":5,""physical_error_rate"":0.0001}","{""detection_events"":146610,""detectors_checked"":427366400}"
   2662400,         4,         0,   119.6,decoder_by_matrix,5b8a070a3cf8d31d64f24dbee89f3428cb9cab13fc59f7448d798f9bf08e9187,"{""distance"":5,""physical_error_rate"":0.001}","{""detection_events"":1507505,""detectors_checked"":452608000,""obs_mistake_mask=EE"":1,""obs_mistake_mask=E_"":3}"
   2612224,         4,         0,   119.6,decoder_by_matrix,5b8a070a3cf8d31d64f24dbee89f3428cb9cab13fc59f7448d798f9bf08e9187,"{""distance"":5,""physical_error_rate"":0.001}","{""detection_events"":1482225,""detectors_checked"":444078080,""obs_mistake_mask=_E"":4}"
   2803712,         0,         0,   119.6,decoder_by_matrix,cc9cd6551b3048ae216380ccb8ae5d3cca75b5b766fe651c47ef084ce4ce7dc6,"{""distance"":5,""physical_error_rate"":5e-05}","{""detection_events"":80470,""detectors_checked"":476631040}"
   2831360,         0,         0,   119.6,decoder_by_matrix,be0c214c078cdb5104153598b498575a1fc035ba16beb428536e5a87ee0a867f,"{""distance"":5,""physical_error_rate"":1e-06}","{""detection_events"":1395,""detectors_checked"":481331200}"
   2707456,         0,         0,   119.6,decoder_by_matrix,f0fc70a0432f83ff513e502442839d2eab02e2bed2f658d0464ff826d304e5e7,"{""distance"":5,""physical_error_rate"":0.0005}","{""detection_events"":768830,""detectors_checked"":460267520}"
   3019776,         0,         0,   119.6,decoder_by_matrix,a052b2ce6ed64a98931ebcd7492590a746d7ec6e385d9f4479eb5b69a31b01f0,"{""distance"":5,""physical_error_rate"":0.0001}","{""detection_events"":172435,""detectors_checked"":513361920}"
   2864128,         0,         0,   119.6,decoder_by_matrix,be0c214c078cdb5104153598b498575a1fc035ba16beb428536e5a87ee0a867f,"{""distance"":5,""physical_error_rate"":1e-06}","{""detection_events"":1655,""detectors_checked"":486901760}"
   2759680,         0,         0,   119.5,decoder_by_matrix,a052b2ce6ed64a98931ebcd7492590a746d7ec6e385d9f4479eb5b69a31b01f0,"{""distance"":5,""physical_error_rate"":0.0001}","{""detection_events"":157415,""detectors_checked"":469145600}"
   2501632,         0,         0,   119.6,decoder_by_matrix,be0c214c078cdb5104153598b498575a1fc035ba16beb428536e5a87ee0a867f,"{""distance"":5,""physical_error_rate"":1e-06}","{""detection_events"":1045,""detectors_checked"":425277440}"
   2996224,         0,         0,   119.7,decoder_by_matrix,cc9cd6551b3048ae216380ccb8ae5d3cca75b5b766fe651c47ef084ce4ce7dc6,"{""distance"":5,""physical_error_rate"":5e-05}","{""detection_events"":85415,""detectors_checked"":509358080}"
   2646016,         0,         0,   119.6,decoder_by_matrix,6866428194f3c2ecf80b799fe3d7eaa0d7bfdd0bee14693d15f8abf3c1159eda,"{""distance"":5,""physical_error_rate"":1e-05}","{""detection_events"":15475,""detectors_checked"":449822720}"
   2506752,         0,         0,   119.6,decoder_by_matrix,f0fc70a0432f83ff513e502442839d2eab02e2bed2f658d0464ff826d304e5e7,"{""distance"":5,""physical_error_rate"":0.0005}","{""detection_events"":709610,""detectors_checked"":426147840}"
    468992,         0,         0,   119.5,decoder_by_matrix,5b8a070a3cf8d31d64f24dbee89f3428cb9cab13fc59f7448d798f9bf08e9187,"{""distance"":5,""physical_error_rate"":0.001}","{""detection_events"":265420,""detectors_checked"":79728640}"
    415744,         0,         0,   119.5,decoder_by_matrix,be0c214c078cdb5104153598b498575a1fc035ba16beb428536e5a87ee0a867f,"{""distance"":5,""physical_error_rate"":1e-06}","{""detection_events"":255,""detectors_checked"":70676480}"
    464896,         0,         0,   119.4,decoder_by_matrix,5b8a070a3cf8d31d64f24dbee89f3428cb9cab13fc59f7448d798f9bf08e9187,"{""distance"":5,""physical_error_rate"":0.001}","{""detection_events"":267060,""detectors_checked"":79032320}"
   1017856,         0,         0,   119.7,decoder_by_matrix,cc9cd6551b3048ae216380ccb8ae5d3cca75b5b766fe651c47ef084ce4ce7dc6,"{""distance"":5,""physical_error_rate"":5e-05}","{""detection_events"":27070,""detectors_checked"":173035520}"
    484352,         0,         0,   119.1,decoder_by_matrix,161b5fe948dcfe007f335a5c57bcb8ff38ff3ea8726714a4cc08f5b9386b17ca,"{""distance"":5,""physical_error_rate"":5e-06}","{""detection_events"":1200,""detectors_checked"":82339840}"
    439296,         2,         0,   119.0,decoder_by_matrix,5b8a070a3cf8d31d64f24dbee89f3428cb9cab13fc59f7448d798f9bf08e9187,"{""distance"":5,""physical_error_rate"":0.001}","{""detection_events"":253325,""detectors_checked"":74680320,""obs_mistake_mask=E_"":1,""obs_mistake_mask=_E"":1}"
    451584,         0,         0,   119.5,decoder_by_matrix,f0fc70a0432f83ff513e502442839d2eab02e2bed2f658d0464ff826d304e5e7,"{""distance"":5,""physical_error_rate"":0.0005}","{""detection_events"":127405,""detectors_checked"":76769280}"
    450560,         0,         0,   118.8,decoder_by_matrix,cc9cd6551b3048ae216380ccb8ae5d3cca75b5b766fe651c47ef084ce4ce7dc6,"{""distance"":5,""physical_error_rate"":5e-05}","{""detection_events"":13185,""detectors_checked"":76595200}"
   1051648,         0,         0,   119.6,decoder_by_matrix,6866428194f3c2ecf80b799fe3d7eaa0d7bfdd0bee14693d15f8abf3c1159eda,"{""distance"":5,""physical_error_rate"":1e-05}","{""detection_events"":5975,""detectors_checked"":178780160}"
    439296,         2,         0,   119.2,decoder_by_matrix,5b8a070a3cf8d31d64f24dbee89f3428cb9cab13fc59f7448d798f9bf08e9187,"{""distance"":5,""physical_error_rate"":0.001}","{""detection_events"":248625,""detectors_checked"":74680320,""obs_mistake_mask=_E"":2}"
   2917376,         0,         0,   119.6,decoder_by_matrix,be0c214c078cdb5104153598b498575a1fc035ba16beb428536e5a87ee0a867f,"{""distance"":5,""physical_error_rate"":1e-06}","{""detection_events"":1440,""detectors_checked"":495953920}"
   2823168,         0,         0,   119.7,decoder_by_matrix,161b5fe948dcfe007f335a5c57bcb8ff38ff3ea8726714a4cc08f5b9386b17ca,"{""distance"":5,""physical_error_rate"":5e-06}","{""detection_events"":8510,""detectors_checked"":479938560}"
    430080,         0,         0,   119.8,decoder_by_matrix,a052b2ce6ed64a98931ebcd7492590a746d7ec6e385d9f4479eb5b69a31b01f0,"{""distance"":5,""physical_error_rate"":0.0001}","{""detection_events"":23780,""detectors_checked"":73113600}"
   1041408,         0,         0,   119.7,decoder_by_matrix,a052b2ce6ed64a98931ebcd7492590a746d7ec6e385d9f4479eb5b69a31b01f0,"{""distance"":5,""physical_error_rate"":0.0001}","{""detection_events"":58875,""detectors_checked"":177039360}"
    456704,         0,         0,   119.2,decoder_by_matrix,cc9cd6551b3048ae216380ccb8ae5d3cca75b5b766fe651c47ef084ce4ce7dc6,"{""distance"":5,""physical_error_rate"":5e-05}","{""detection_events"":13665,""detectors_checked"":77639680}"
    990208,         0,         0,   119.5,decoder_by_matrix,a052b2ce6ed64a98931ebcd7492590a746d7ec6e385d9f4479eb5b69a31b01f0,"{""distance"":5,""physical_error_rate"":0.0001}","{""detection_events"":57810,""detectors_checked"":168335360}"
   1033216,         0,         0,   119.6,decoder_by_matrix,6866428194f3c2ecf80b799fe3d7eaa0d7bfdd0bee14693d15f8abf3c1159eda,"{""distance"":5,""physical_error_rate"":1e-05}","{""detection_events"":5645,""detectors_checked"":175646720}"
    763904,         0,         0,   120.0,decoder_by_matrix,f0fc70a0432f83ff513e502442839d2eab02e2bed2f658d0464ff826d304e5e7,"{""distance"":5,""physical_error_rate"":0.0005}","{""detection_events"":220110,""detectors_checked"":129863680}"
   3059712,         0,         0,   119.7,decoder_by_matrix,be0c214c078cdb5104153598b498575a1fc035ba16beb428536e5a87ee0a867f,"{""distance"":5,""physical_error_rate"":1e-06}","{""detection_events"":2095,""detectors_checked"":520151040}"
   2941952,         0,         0,   119.6,decoder_by_matrix,161b5fe948dcfe007f335a5c57bcb8ff38ff3ea8726714a4cc08f5b9386b17ca,"{""distance"":5,""physical_error_rate"":5e-06}","{""detection_events"":7880,""detectors_checked"":500131840}"
    921600,         0,         0,   119.7,decoder_by_matrix,cc9cd6551b3048ae216380ccb8ae5d3cca75b5b766fe651c47ef084ce4ce7dc6,"{""distance"":5,""physical_error_rate"":5e-05}","{""detection_events"":26625,""detectors_checked"":156672000}"
    807936,         0,         0,   120.0,decoder_by_matrix,a052b2ce6ed64a98931ebcd7492590a746d7ec6e385d9f4479eb5b69a31b01f0,"{""distance"":5,""physical_error_rate"":0.0001}","{""detection_events"":45825,""detectors_checked"":137349120}"
    960512,         0,         0,   119.8,decoder_by_matrix,6866428194f3c2ecf80b799fe3d7eaa0d7bfdd0bee14693d15f8abf3c1159eda,"{""distance"":5,""physical_error_rate"":1e-05}","{""detection_events"":5215,""detectors_checked"":163287040}"
   1006592,         0,         0,   119.7,decoder_by_matrix,6866428194f3c2ecf80b799fe3d7eaa0d7bfdd0bee14693d15f8abf3c1159eda,"{""distance"":5,""physical_error_rate"":1e-05}","{""detection_events"":6150,""detectors_checked"":171120640}"
    388096,         0,         0,   119.8,decoder_by_matrix,f0fc70a0432f83ff513e502442839d2eab02e2bed2f658d0464ff826d304e5e7,"{""distance"":5,""physical_error_rate"":0.0005}","{""detection_events"":113190,""detectors_checked"":65976320}"
    416768,         0,         0,   119.5,decoder_by_matrix,161b5fe948dcfe007f335a5c57bcb8ff38ff3ea8726714a4cc08f5b9386b17ca,"{""distance"":5,""physical_error_rate"":5e-06}","{""detection_events"":1190,""detectors_checked"":70850560}"
    385024,         0,         0,   119.6,decoder_by_matrix,f0fc70a0432f83ff513e502442839d2eab02e2bed2f658d0464ff826d304e5e7,"{""distance"":5,""physical_error_rate"":0.0005}","{""detection_events"":110000,""detectors_checked"":65454080}"
    818176,         0,         0,   119.6,decoder_by_matrix,be0c214c078cdb5104153598b498575a1fc035ba16beb428536e5a87ee0a867f,"{""distance"":5,""physical_error_rate"":1e-06}","{""detection_events"":485,""detectors_checked"":139089920}"
   2783232,         0,         0,   119.6,decoder_by_matrix,6866428194f3c2ecf80b799fe3d7eaa0d7bfdd0bee14693d15f8abf3c1159eda,"{""distance"":5,""physical_error_rate"":1e-05}","{""detection_events"":16225,""detectors_checked"":473149440}"
   3119104,         0,         0,   119.6,decoder_by_matrix,161b5fe948dcfe007f335a5c57bcb8ff38ff3ea8726714a4cc08f5b9386b17ca,"{""distance"":5,""physical_error_rate"":5e-06}","{""detection_events"":9220,""detectors_checked"":530247680}"
   3094528,         0,         0,   119.6,decoder_by_matrix,6866428194f3c2ecf80b799fe3d7eaa0d7bfdd0bee14693d15f8abf3c1159eda,"{""distance"":5,""physical_error_rate"":1e-05}","{""detection_events"":17705,""detectors_checked"":526069760}"
   2637824,         0,         0,   119.6,decoder_by_matrix,161b5fe948dcfe007f335a5c57bcb8ff38ff3ea8726714a4cc08f5b9386b17ca,"{""distance"":5,""physical_error_rate"":5e-06}","{""detection_events"":7430,""detectors_checked"":448430080}"
   2622464,         0,         0,   119.5,decoder_by_matrix,cc9cd6551b3048ae216380ccb8ae5d3cca75b5b766fe651c47ef084ce4ce7dc6,"{""distance"":5,""physical_error_rate"":5e-05}","{""detection_events"":74080,""detectors_checked"":445818880}"
   2929664,         1,         0,   119.6,decoder_by_matrix,f0fc70a0432f83ff513e502442839d2eab02e2bed2f658d0464ff826d304e5e7,"{""distance"":5,""physical_error_rate"":0.0005}","{""detection_events"":831655,""detectors_checked"":498042880,""obs_mistake_mask=EE"":1}"
   2758656,         0,         0,   119.6,decoder_by_matrix,161b5fe948dcfe007f335a5c57bcb8ff38ff3ea8726714a4cc08f5b9386b17ca,"{""distance"":5,""physical_error_rate"":5e-06}","{""detection_events"":8065,""detectors_checked"":468971520}"
   2640896,         0,         0,   119.6,decoder_by_matrix,a052b2ce6ed64a98931ebcd7492590a746d7ec6e385d9f4479eb5b69a31b01f0,"{""distance"":5,""physical_error_rate"":0.0001}","{""detection_events"":151410,""detectors_checked"":448952320}"
   2586624,         7,         0,   119.6,decoder_by_matrix,5b8a070a3cf8d31d64f24dbee89f3428cb9cab13fc59f7448d798f9bf08e9187,"{""distance"":5,""physical_error_rate"":0.001}","{""detection_events"":1466205,""detectors_checked"":439726080,""obs_mistake_mask=EE"":3,""obs_mistake_mask=E_"":2,""obs_mistake_mask=_E"":2}"
   2699264,         5,         0,   119.6,decoder_by_matrix,5b8a070a3cf8d31d64f24dbee89f3428cb9cab13fc59f7448d798f9bf08e9187,"{""distance"":5,""physical_error_rate"":0.001}","{""detection_events"":1521125,""detectors_checked"":458874880,""obs_mistake_mask=EE"":1,""obs_mistake_mask=E_"":1,""obs_mistake_mask=_E"":3}"
   2724864,         0,         0,   119.5,decoder_by_matrix,be0c214c078cdb5104153598b498575a1fc035ba16beb428536e5a87ee0a867f,"{""distance"":5,""physical_error_rate"":1e-06}","{""detection_events"":1630,""detectors_checked"":463226880}"
   2770944,         0,         0,   119.6,decoder_by_matrix,cc9cd6551b3048ae216380ccb8ae5d3cca75b5b766fe651c47ef084ce4ce7dc6,"{""distance"":5,""physical_error_rate"":5e-05}","{""detection_events"":78700,""detectors_checked"":471060480}"
   3061760,         0,         0,   119.6,decoder_by_matrix,a052b2ce6ed64a98931ebcd7492590a746d7ec6e385d9f4479eb5b69a31b01f0,"{""distance"":5,""physical_error_rate"":0.0001}","{""detection_events"":175430,""detectors_checked"":520499200}"
   2328576,         0,         0,   119.7,decoder_by_matrix,f0fc70a0432f83ff513e502442839d2eab02e2bed2f658d0464ff826d304e5e7,"{""distance"":5,""physical_error_rate"":0.0005}","{""detection_events"":656350,""detectors_checked"":395857920}"
   2576384,         0,         0,   119.6,decoder_by_matrix,be0c214c078cdb5104153598b498575a1fc035ba16beb428536e5a87ee0a867f,"{""distance"":5,""physical_error_rate"":1e-06}","{""detection_events"":1505,""detectors_checked"":437985280}"
   2257920,         0,         0,   119.6,decoder_by_matrix,a052b2ce6ed64a98931ebcd7492590a746d7ec6e385d9f4479eb5b69a31b01f0,"{""distance"":5,""physical_error_rate"":0.0001}","{""detection_events"":126870,""detectors_checked"":383846400}"
   2548736,         0,         0,   119.6,decoder_by_matrix,be0c214c078cdb5104153598b498575a1fc035ba16beb428536e5a87ee0a867f,"{""distance"":5,""physical_error_rate"":1e-06}","{""detection_events"":1605,""detectors_checked"":433285120}"
   3055616,         0,         0,   119.6,decoder_by_matrix,cc9cd6551b3048ae216380ccb8ae5d3cca75b5b766fe651c47ef084ce4ce7dc6,"{""distance"":5,""physical_error_rate"":5e-05}","{""detection_events"":86935,""detectors_checked"":519454720}"
   2664448,         0,         0,   119.6,decoder_by_matrix,6866428194f3c2ecf80b799fe3d7eaa0d7bfdd0bee14693d15f8abf3c1159eda,"{""distance"":5,""physical_error_rate"":1e-05}","{""detection_events"":15315,""detectors_checked"":452956160}"
   2302976,         1,         0,   119.6,decoder_by_matrix,f0fc70a0432f83ff513e502442839d2eab02e2bed2f658d0464ff826d304e5e7,"{""distance"":5,""physical_error_rate"":0.0005}","{""detection_events"":653690,""detectors_checked"":391505920,""obs_mistake_mask=E_"":1}"
    499712,         1,         0,   119.6,decoder_by_matrix,5b8a070a3cf8d31d64f24dbee89f3428cb9cab13fc59f7448d798f9bf08e9187,"{""distance"":5,""physical_error_rate"":0.001}","{""detection_events"":284130,""detectors_checked"":84951040,""obs_mistake_mask=_E"":1}"
    438272,         0,         0,   119.4,decoder_by_matrix,be0c214c078cdb5104153598b498575a1fc035ba16beb428536e5a87ee0a867f,"{""distance"":5,""physical_error_rate"":1e-06}","{""detection_events"":330,""detectors_checked"":74506240}"
    494592,         1,         0,   119.5,decoder_by_matrix,5b8a070a3cf8d31d64f24dbee89f3428cb9cab13fc59f7448d798f9bf08e9187,"{""distance"":5,""physical_error_rate"":0.001}","{""detection_events"":278865,""detectors_checked"":84080640,""obs_mistake_mask=E_"":1}"
   1106944,         0,         0,   119.6,decoder_by_matrix,cc9cd6551b3048ae216380ccb8ae5d3cca75b5b766fe651c47ef084ce4ce7dc6,"{""distance"":5,""physical_error_rate"":5e-05}","{""detection_events"":32020,""detectors_checked"":188180480}"
    508928,         0,         0,   119.1,decoder_by_matrix,161b5fe948dcfe007f335a5c57bcb8ff38ff3ea8726714a4cc08f5b9386b17ca,"{""distance"":5,""physical_error_rate"":5e-06}","{""detection_events"":1465,""detectors_checked"":86517760}"
    461824,         0,         0,   119.1,decoder_by_matrix,5b8a070a3cf8d31d64f24dbee89f3428cb9cab13fc59f7448d798f9bf08e9187,"{""distance"":5,""physical_error_rate"":0.001}","{""detection_events"":259805,""detectors_checked"":78510080}"
    478208,         0,         0,   119.0,decoder_by_matrix,cc9cd6551b3048ae216380ccb8ae5d3cca75b5b766fe651c47ef084ce4ce7dc6,"{""distance"":5,""physical_error_rate"":5e-05}","{""detection_events"":13570,""detectors_checked"":81295360}"
    474112,         0,         0,   119.5,decoder_by_matrix,f0fc70a0432f83ff513e502442839d2eab02e2bed2f658d0464ff826d304e5e7,"{""distance"":5,""physical_error_rate"":0.0005}","{""detection_events"":135990,""detectors_checked"":80599040}"
   1119232,         0,         0,   119.5,decoder_by_matrix,6866428194f3c2ecf80b799fe3d7eaa0d7bfdd0bee14693d15f8abf3c1159eda,"{""distance"":5,""physical_error_rate"":1e-05}","{""detection_events"":6455,""detectors_checked"":190269440}"
    470016,         1,         0,   119.1,decoder_by_matrix,5b8a070a3cf8d31d64f24dbee89f3428cb9cab13fc59f7448d798f9bf08e9187,"{""distance"":5,""physical_error_rate"":0.001}","{""detection_events"":266080,""detectors_checked"":79902720,""obs_mistake_mask=EE"":1}"
   2814976,         0,         0,   119.6,decoder_by_matrix,be0c214c078cdb5104153598b498575a1fc035ba16beb428536e5a87ee0a867f,"{""distance"":5,""physical_error_rate"":1e-06}","{""detection_events"":1700,""detectors_checked"":478545920}"
   2798592,         0,         0,   119.6,decoder_by_matrix,161b5fe948dcfe007f335a5c57bcb8ff38ff3ea8726714a4cc08f5b9386b17ca,"{""distance"":5,""physical_error_rate"":5e-06}","{""detection_events"":7200,""detectors_checked"":475760640}"
    456704,         0,         0,   119.6,decoder_by_matrix,a052b2ce6ed64a98931ebcd7492590a746d7ec6e385d9f4479eb5b69a31b01f0,"{""distance"":5,""physical_error_rate"":0.0001}","{""detection_events"":25715,""detectors_checked"":77639680}"
   1225728,         0,         0,   119.4,decoder_by_matrix,a052b2ce6ed64a98931ebcd7492590a746d7ec6e385d9f4479eb5b69a31b01f0,"{""distance"":5,""physical_error_rate"":0.0001}","{""detection_events"":70550,""detectors_checked"":208373760}"
    481280,         0,         0,   118.6,decoder_by_matrix,cc9cd6551b3048ae216380ccb8ae5d3cca75b5b766fe651c47ef084ce4ce7dc6,"{""distance"":5,""physical_error_rate"":5e-05}","{""detection_events"":13235,""detectors_checked"":81817600}"
   1165312,         0,         0,   119.7,decoder_by_matrix,a052b2ce6ed64a98931ebcd7492590a746d7ec6e385d9f4479eb5b69a31b01f0,"{""distance"":5,""physical_error_rate"":0.0001}","{""detection_events"":65895,""detectors_checked"":198103040}"
   1175552,         0,         0,   119.7,decoder_by_matrix,6866428194f3c2ecf80b799fe3d7eaa0d7bfdd0bee14693d15f8abf3c1159eda,"{""distance"":5,""physical_error_rate"":1e-05}","{""detection_events"":6495,""detectors_checked"":199843840}"
   1071104,         0,         0,   119.6,decoder_by_matrix,f0fc70a0432f83ff513e502442839d2eab02e2bed2f658d0464ff826d304e5e7,"{""distance"":5,""physical_error_rate"":0.0005}","{""detection_events"":305985,""detectors_checked"":182087680}"
   2996224,         0,         0,   119.6,decoder_by_matrix,be0c214c078cdb5104153598b498575a1fc035ba16beb428536e5a87ee0a867f,"{""distance"":5,""physical_error_rate"":1e-06}","{""detection_events"":1435,""detectors_checked"":509358080}"
   2896896,         0,         0,   119.6,decoder_by_matrix,161b5fe948dcfe007f335a5c57bcb8ff38ff3ea8726714a4cc08f5b9386b17ca,"{""distance"":5,""physical_error_rate"":5e-06}","{""detection_events"":8245,""detectors_checked"":492472320}"
   1068032,         0,         0,   119.7,decoder_by_matrix,cc9cd6551b3048ae216380ccb8ae5d3cca75b5b766fe651c47ef084ce4ce7dc6,"{""distance"":5,""physical_error_rate"":5e-05}","{""detection_events"":30500,""detectors_checked"":181565440}"
   1299456,         0,         0,   119.7,decoder_by_matrix,a052b2ce6ed64a98931ebcd7492590a746d7ec6e385d9f4479eb5b69a31b01f0,"{""distance"":5,""physical_error_rate"":0.0001}","{""detection_events"":73570,""detectors_checked"":220907520}"
   1031168,         0,         0,   119.7,decoder_by_matrix,6866428194f3c2ecf80b799fe3d7eaa0d7bfdd0bee14693d15f8abf3c1159eda,"{""distance"":5,""physical_error_rate"":1e-05}","{""detection_events"":6325,""detectors_checked"":175298560}"
   1048576,         0,         0,   119.5,decoder_by_matrix,6866428194f3c2ecf80b799fe3d7eaa0d7bfdd0bee14693d15f8abf3c1159eda,"{""distance"":5,""physical_error_rate"":1e-05}","{""detection_events"":5630,""detectors_checked"":178257920}"
    417792,         0,         0,   119.5,decoder_by_matrix,f0fc70a0432f83ff513e502442839d2eab02e2bed2f658d0464ff826d304e5e7,"{""distance"":5,""physical_error_rate"":0.0005}","{""detection_events"":116895,""detectors_checked"":71024640}"
    452608,         0,         0,   119.6,decoder_by_matrix,161b5fe948dcfe007f335a5c57bcb8ff38ff3ea8726714a4cc08f5b9386b17ca,"{""distance"":5,""physical_error_rate"":5e-06}","{""detection_events"":1145,""detectors_checked"":76943360}"
    409600,         0,         0,   119.6,decoder_by_matrix,f0fc70a0432f83ff513e502442839d2eab02e2bed2f658d0464ff826d304e5e7,"{""distance"":5,""physical_error_rate"":0.0005}","{""detection_events"":114145,""detectors_checked"":69632000}"
   1199104,         0,         0,   119.4,decoder_by_matrix,be0c214c078cdb5104153598b498575a1fc035ba16beb428536e5a87ee0a867f,"{""distance"":5,""physical_error_rate"":1e-06}","{""detection_events"":665,""detectors_checked"":203847680}"
   2668544,         0,         0,   119.5,decoder_by_matrix,6866428194f3c2ecf80b799fe3d7eaa0d7bfdd0bee14693d15f8abf3c1159eda,"{""distance"":5,""physical_error_rate"":1e-05}","{""detection_events"":14205,""detectors_checked"":453652480}"
   3026944,         0,         0,   119.6,decoder_by_matrix,161b5fe948dcfe007f335a5c57bcb8ff38ff3ea8726714a4cc08f5b9386b17ca,"{""distance"":5,""physical_error_rate"":5e-06}","{""detection_events"":8450,""detectors_checked"":514580480}"
   3045376,         0,         0,   119.6,decoder_by_matrix,6866428194f3c2ecf80b799fe3d7eaa0d7bfdd0bee14693d15f8abf3c1159eda,"{""distance"":5,""physical_error_rate"":1e-05}","{""detection_events"":16870,""detectors_checked"":517713920}"
   2386944,         0,         0,   119.5,decoder_by_matrix,161b5fe948dcfe007f335a5c57bcb8ff38ff3ea8726714a4cc08f5b9386b17ca,"{""distance"":5,""physical_error_rate"":5e-06}","{""detection_events"":6630,""detectors_checked"":405780480}"
   2583552,         0,         0,   119.5,decoder_by_matrix,cc9cd6551b3048ae216380ccb8ae5d3cca75b5b766fe651c47ef084ce4ce7dc6,"{""distance"":5,""physical_error_rate"":5e-05}","{""detection_events"":73470,""detectors_checked"":439203840}"
   2830336,         0,         0,   119.6,decoder_by_matrix,f0fc70a0432f83ff513e502442839d2eab02e2bed2f658d0464ff826d304e5e7,"{""distance"":5,""physical_error_rate"":0.0005}","{""detection_events"":814000,""detectors_checked"":481157120}"
   2906112,         0,         0,   119.5,decoder_by_matrix,161b5fe948dcfe007f335a5c57bcb8ff38ff3ea8726714a4cc08f5b9386b17ca,"{""distance"":5,""physical_error_rate"":5e-06}","{""detection_events"":8050,""detectors_checked"":494039040}"
   2502656,         0,         0,   119.6,decoder_by_matrix,a052b2ce6ed64a98931ebcd7492590a746d7ec6e385d9f4479eb5b69a31b01f0,"{""distance"":5,""physical_error_rate"":0.0001}","{""detection_events"":143560,""detectors_checked"":425451520}"
   2629632,         6,         0,   119.6,decoder_by_matrix,5b8a070a3cf8d31d64f24dbee89f3428cb9cab13fc59f7448d798f9bf08e9187,"{""distance"":5,""physical_error_rate"":0.001}","{""detection_events"":1494525,""detectors_checked"":447037440,""obs_mistake_mask=EE"":2,""obs_mistake_mask=E_"":2,""obs_mistake_mask=_E"":2}"
   2464768,         7,         0,   119.7,decoder_by_matrix,5b8a070a3cf8d31d64f24dbee89f3428cb9cab13fc59f7448d798f9bf08e9187,"{""distance"":5,""physical_error_rate"":0.001}","{""detection_events"":1389865,""detectors_checked"":419010560,""obs_mistake_mask=EE"":4,""obs_mistake_mask=E_"":2,""obs_mistake_mask=_E"":1}"
   2707456,         0,         0,   119.6,decoder_by_matrix,be0c214c078cdb5104153598b498575a1fc035ba16beb428536e5a87ee0a867f,"{""distance"":5,""physical_error_rate"":1e-06}","{""detection_events"":1345,""detectors_checked"":460267520}"
   2493440,         0,         0,   119.6,decoder_by_matrix,cc9cd6551b3048ae216380ccb8ae5d3cca75b5b766fe651c47ef084ce4ce7dc6,"{""distance"":5,""physical_error_rate"":5e-05}","{""detection_events"":71385,""detectors_checked"":423884800}"
   2381824,         0,         0,   119.7,decoder_by_matrix,f0fc70a0432f83ff513e502442839d2eab02e2bed2f658d0464ff826d304e5e7,"{""distance"":5,""physical_error_rate"":0.0005}","{""detection_events"":684810,""detectors_checked"":404910080}"
   2919424,         0,         0,   119.6,decoder_by_matrix,a052b2ce6ed64a98931ebcd7492590a746d7ec6e385d9f4479eb5b69a31b01f0,"{""distance"":5,""physical_error_rate"":0.0001}","{""detection_events"":165480,""detectors_checked"":496302080}"
   2508800,         0,         0,   119.6,decoder_by_matrix,be0c214c078cdb5104153598b498575a1fc035ba16beb428536e5a87ee0a867f,"{""distance"":5,""physical_error_rate"":1e-06}","{""detection_events"":1125,""detectors_checked"":426496000}"
   2742272,         0,         0,   119.6,decoder_by_matrix,a052b2ce6ed64a98931ebcd7492590a746d7ec6e385d9f4479eb5b69a31b01f0,"{""distance"":5,""physical_error_rate"":0.0001}","{""detection_events"":152580,""detectors_checked"":466186240}"
   2552832,         0,         0,   119.6,decoder_by_matrix,be0c214c078cdb5104153598b498575a1fc035ba16beb428536e5a87ee0a867f,"{""distance"":5,""physical_error_rate"":1e-06}","{""detection_events"":1615,""detectors_checked"":433981440}"
   2967552,         0,         0,   119.6,decoder_by_matrix,cc9cd6551b3048ae216380ccb8ae5d3cca75b5b766fe651c47ef084ce4ce7dc6,"{""distance"":5,""physical_error_rate"":5e-05}","{""detection_events"":85900,""detectors_checked"":504483840}"
   2487296,         0,         0,   119.6,decoder_by_matrix,6866428194f3c2ecf80b799fe3d7eaa0d7bfdd0bee14693d15f8abf3c1159eda,"{""distance"":5,""physical_error_rate"":1e-05}","{""detection_events"":15095,""detectors_checked"":422840320}"
   2491392,         0,         0,   119.6,decoder_by_matrix,f0fc70a0432f83ff513e502442839d2eab02e2bed2f658d0464ff826d304e5e7,"{""distance"":5,""physical_error_rate"":0.0005}","{""detection_events"":712130,""detectors_checked"":423536640}"
    492544,         1,         0,   119.4,decoder_by_matrix,5b8a070a3cf8d31d64f24dbee89f3428cb9cab13fc59f7448d798f9bf08e9187,"{""distance"":5,""physical_error_rate"":0.001}","{""detection_events"":279195,""detectors_checked"":83732480,""obs_mistake_mask=EE"":1}"
    435200,         0,         0,   119.3,decoder_by_matrix,be0c214c078cdb5104153598b498575a1fc035ba16beb428536e5a87ee0a867f,"{""distance"":5,""physical_error_rate"":1e-06}","{""detection_events"":115,""detectors_checked"":73984000}"
    486400,         0,         0,   119.5,decoder_by_matrix,5b8a070a3cf8d31d64f24dbee89f3428cb9cab13fc59f7448d798f9bf08e9187,"{""distance"":5,""physical_error_rate"":0.001}","{""detection_events"":278645,""detectors_checked"":82688000}"
   1158144,         0,         0,   119.7,decoder_by_matrix,cc9cd6551b3048ae216380ccb8ae5d3cca75b5b766fe651c47ef084ce4ce7dc6,"{""distance"":5,""physical_error_rate"":5e-05}","{""detection_events"":33935,""detectors_checked"":196884480}"
    457728,         0,         0,   119.0,decoder_by_matrix,5b8a070a3cf8d31d64f24dbee89f3428cb9cab13fc59f7448d798f9bf08e9187,"{""distance"":5,""physical_error_rate"":0.001}","{""detection_events"":264175,""detectors_checked"":77813760}"
    502784,         0,         0,   119.4,decoder_by_matrix,161b5fe948dcfe007f335a5c57bcb8ff38ff3ea8726714a4cc08f5b9386b17ca,"{""distance"":5,""physical_error_rate"":5e-06}","{""detection_events"":1325,""detectors_checked"":85473280}"
    472064,         0,         0,   119.1,decoder_by_matrix,cc9cd6551b3048ae216380ccb8ae5d3cca75b5b766fe651c47ef084ce4ce7dc6,"{""distance"":5,""physical_error_rate"":5e-05}","{""detection_events"":13200,""detectors_checked"":80250880}"
   1165312,         0,         0,   119.6,decoder_by_matrix,6866428194f3c2ecf80b799fe3d7eaa0d7bfdd0bee14693d15f8abf3c1159eda,"{""distance"":5,""physical_error_rate"":1e-05}","{""detection_events"":7085,""detectors_checked"":198103040}"
    465920,         0,         0,   118.7,decoder_by_matrix,f0fc70a0432f83ff513e502442839d2eab02e2bed2f658d0464ff826d304e5e7,"{""distance"":5,""physical_error_rate"":0.0005}","{""detection_events"":131845,""detectors_checked"":79206400}"
    443392,         0,         0,   119.4,decoder_by_matrix,5b8a070a3cf8d31d64f24dbee89f3428cb9cab13fc59f7448d798f9bf08e9187,"{""distance"":5,""physical_error_rate"":0.001}","{""detection_events"":251415,""detectors_checked"":75376640}"
   2940928,         0,         0,   119.6,decoder_by_matrix,be0c214c078cdb5104153598b498575a1fc035ba16beb428536e5a87ee0a867f,"{""distance"":5,""physical_error_rate"":1e-06}","{""detection_events"":1530,""detectors_checked"":499957760}"
   2864128,         0,         0,   119.6,decoder_by_matrix,161b5fe948dcfe007f335a5c57bcb8ff38ff3ea8726714a4cc08f5b9386b17ca,"{""distance"":5,""physical_error_rate"":5e-06}","{""detection_events"":7895,""detectors_checked"":486901760}"
   1051648,         0,         0,   119.5,decoder_by_matrix,a052b2ce6ed64a98931ebcd7492590a746d7ec6e385d9f4479eb5b69a31b01f0,"{""distance"":5,""physical_error_rate"":0.0001}","{""detection_events"":58940,""detectors_checked"":178780160}"
    448512,         0,         0,   119.5,decoder_by_matrix,a052b2ce6ed64a98931ebcd7492590a746d7ec6e385d9f4479eb5b69a31b01f0,"{""distance"":5,""physical_error_rate"":0.0001}","{""detection_events"":24820,""detectors_checked"":76247040}"
    470016,         0,         0,   119.1,decoder_by_matrix,cc9cd6551b3048ae216380ccb8ae5d3cca75b5b766fe651c47ef084ce4ce7dc6,"{""distance"":5,""physical_error_rate"":5e-05}","{""detection_events"":14115,""detectors_checked"":79902720}"
   1084416,         0,         0,   119.4,decoder_by_matrix,a052b2ce6ed64a98931ebcd7492590a746d7ec6e385d9f4479eb5b69a31b01f0,"{""distance"":5,""physical_error_rate"":0.0001}","{""detection_events"":65265,""detectors_checked"":184350720}"
    959488,         0,         0,   119.6,decoder_by_matrix,6866428194f3c2ecf80b799fe3d7eaa0d7bfdd0bee14693d15f8abf3c1159eda,"{""distance"":5,""physical_error_rate"":1e-05}","{""detection_events"":5770,""detectors_checked"":163112960}"
   1047552,         0,         0,   119.6,decoder_by_matrix,f0fc70a0432f83ff513e502442839d2eab02e2bed2f658d0464ff826d304e5e7,"{""distance"":5,""physical_error_rate"":0.0005}","{""detection_events"":299950,""detectors_checked"":178083840}"
   2985984,         0,         0,   119.6,decoder_by_matrix,be0c214c078cdb5104153598b498575a1fc035ba16beb428536e5a87ee0a867f,"{""distance"":5,""physical_error_rate"":1e-06}","{""detection_events"":1780,""detectors_checked"":507617280}"
   2838528,         0,         0,   119.6,decoder_by_matrix,161b5fe948dcfe007f335a5c57bcb8ff38ff3ea8726714a4cc08f5b9386b17ca,"{""distance"":5,""physical_error_rate"":5e-06}","{""detection_events"":8000,""detectors_checked"":482549760}"
   1226752,         0,         0,   119.6,decoder_by_matrix,cc9cd6551b3048ae216380ccb8ae5d3cca75b5b766fe651c47ef084ce4ce7dc6,"{""distance"":5,""physical_error_rate"":5e-05}","{""detection_events"":35920,""detectors_checked"":208547840}"
   1073152,         0,         0,   120.2,decoder_by_matrix,a052b2ce6ed64a98931ebcd7492590a746d7ec6e385d9f4479eb5b69a31b01f0,"{""distance"":5,""physical_error_rate"":0.0001}","{""detection_events"":60020,""detectors_checked"":182435840}"
   1043456,         0,         0,   119.6,decoder_by_matrix,6866428194f3c2ecf80b799fe3d7eaa0d7bfdd0bee14693d15f8abf3c1159eda,"{""distance"":5,""physical_error_rate"":1e-05}","{""detection_events"":5695,""detectors_checked"":177387520}"
   1038336,         0,         0,   119.9,decoder_by_matrix,6866428194f3c2ecf80b799fe3d7eaa0d7bfdd0bee14693d15f8abf3c1159eda,"{""distance"":5,""physical_error_rate"":1e-05}","{""detection_events"":5365,""detectors_checked"":176517120}"
    398336,         0,         0,   119.9,decoder_by_matrix,f0fc70a0432f83ff513e502442839d2eab02e2bed2f658d0464ff826d304e5e7,"{""distance"":5,""physical_error_rate"":0.0005}","{""detection_events"":112970,""detectors_checked"":67717120}"
    429056,         0,         0,   119.5,decoder_by_matrix,161b5fe948dcfe007f335a5c57bcb8ff38ff3ea8726714a4cc08f5b9386b17ca,"{""distance"":5,""physical_error_rate"":5e-06}","{""detection_events"":1095,""detectors_checked"":72939520}"
    389120,         0,         0,   119.6,decoder_by_matrix,f0fc70a0432f83ff513e502442839d2eab02e2bed2f658d0464ff826d304e5e7,"{""distance"":5,""physical_error_rate"":0.0005}","{""detection_events"":112600,""detectors_checked"":66150400}"
    886784,         0,         0,   119.8,decoder_by_matrix,be0c214c078cdb5104153598b498575a1fc035ba16beb428536e5a87ee0a867f,"{""distance"":5,""physical_error_rate"":1e-06}","{""detection_events"":560,""detectors_checked"":150753280}"
   2742272,         0,         0,   119.6,decoder_by_matrix,6866428194f3c2ecf80b799fe3d7eaa0d7bfdd0bee14693d15f8abf3c1159eda,"{""distance"":5,""physical_error_rate"":1e-05}","{""detection_events"":14695,""detectors_checked"":466186240}"
   3073024,         0,         0,   119.6,decoder_by_matrix,161b5fe948dcfe007f335a5c57bcb8ff38ff3ea8726714a4cc08f5b9386b17ca,"{""distance"":5,""physical_error_rate"":5e-06}","{""detection_events"":8935,""detectors_checked"":522414080}"
   3119104,         0,         0,   119.6,decoder_by_matrix,6866428194f3c2ecf80b799fe3d7eaa0d7bfdd0bee14693d15f8abf3c1159eda,"{""distance"":5,""physical_error_rate"":1e-05}","{""detection_events"":17950,""detectors_checked"":530247680}"
   2646016,         0,         0,   119.5,decoder_by_matrix,161b5fe948dcfe007f335a5c57bcb8ff38ff3ea8726714a4cc08f5b9386b17ca,"{""distance"":5,""physical_error_rate"":5e-06}","{""detection_events"":6980,""detectors_checked"":449822720}"
   2661376,         0,         0,   119.6,decoder_by_matrix,cc9cd6551b3048ae216380ccb8ae5d3cca75b5b766fe651c47ef084ce4ce7dc6,"{""distance"":5,""physical_error_rate"":5e-05}","{""detection_events"":76810,""detectors_checked"":452433920}"
   2994176,         1,         0,   119.6,decoder_by_matrix,f0fc70a0432f83ff513e502442839d2eab02e2bed2f658d0464ff826d304e5e7,"{""distance"":5,""physical_error_rate"":0.0005}","{""detection_events"":858365,""detectors_checked"":509009920,""obs_mistake_mask=_E"":1}"
   2513920,         0,         0,   119.6,decoder_by_matrix,161b5fe948dcfe007f335a5c57bcb8ff38ff3ea8726714a4cc08f5b9386b17ca,"{""distance"":5,""physical_error_rate"":5e-06}","{""detection_events"":7115,""detectors_checked"":427366400}"
   2596864,         0,         0,   119.6,decoder_by_matrix,a052b2ce6ed64a98931ebcd7492590a746d7ec6e385d9f4479eb5b69a31b01f0,"{""distance"":5,""physical_error_rate"":0.0001}","{""detection_events"":147575,""detectors_checked"":441466880}"
   2562048,         4,         0,   119.6,decoder_by_matrix,5b8a070a3cf8d31d64f24dbee89f3428cb9cab13fc59f7448d798f9bf08e9187,"{""distance"":5,""physical_error_rate"":0.001}","{""detection_events"":1454560,""detectors_checked"":435548160,""obs_mistake_mask=EE"":3,""obs_mistake_mask=E_"":1}"
   2561024,         7,         0,   119.6,decoder_by_matrix,5b8a070a3cf8d31d64f24dbee89f3428cb9cab13fc59f7448d798f9bf08e9187,"{""distance"":5,""physical_error_rate"":0.001}","{""detection_events"":1457850,""detectors_checked"":435374080,""obs_mistake_mask=EE"":3,""obs_mistake_mask=E_"":4}"
   2766848,         0,         0,   119.6,decoder_by_matrix,be0c214c078cdb5104153598b498575a1fc035ba16beb428536e5a87ee0a867f,"{""distance"":5,""physical_error_rate"":1e-06}","{""detection_events"":1230,""detectors_checked"":470364160}"
   2681856,         0,         0,   119.6,decoder_by_matrix,cc9cd6551b3048ae216380ccb8ae5d3cca75b5b766fe651c47ef084ce4ce7dc6,"{""distance"":5,""physical_error_rate"":5e-05}","{""detection_events"":79410,""detectors_checked"":455915520}"
   2457600,         1,         0,   119.5,decoder_by_matrix,f0fc70a0432f83ff513e502442839d2eab02e2bed2f658d0464ff826d304e5e7,"{""distance"":5,""physical_error_rate"":0.0005}","{""detection_events"":700790,""detectors_checked"":417792000,""obs_mistake_mask=E_"":1}"
   3033088,         0,         0,   119.6,decoder_by_matrix,a052b2ce6ed64a98931ebcd7492590a746d7ec6e385d9f4479eb5b69a31b01f0,"{""distance"":5,""physical_error_rate"":0.0001}","{""detection_events"":169140,""detectors_checked"":515624960}"
   2685952,         0,         0,   119.5,decoder_by_matrix,be0c214c078cdb5104153598b498575a1fc035ba16beb428536e5a87ee0a867f,"{""distance"":5,""physical_error_rate"":1e-06}","{""detection_events"":1595,""detectors_checked"":456611840}"
   2787328,         0,         0,   119.6,decoder_by_matrix,a052b2ce6ed64a98931ebcd7492590a746d7ec6e385d9f4479eb5b69a31b01f0,"{""distance"":5,""physical_error_rate"":0.0001}","{""detection_events"":159325,""detectors_checked"":473845760}"
   2560000,         0,         0,   119.6,decoder_by_matrix,be0c214c078cdb5104153598b498575a1fc035ba16beb428536e5a87ee0a867f,"{""distance"":5,""physical_error_rate"":1e-06}","{""detection_events"":1705,""detectors_checked"":435200000}"
   3058688,         0,         0,   119.6,decoder_by_matrix,cc9cd6551b3048ae216380ccb8ae5d3cca75b5b766fe651c47ef084ce4ce7dc6,"{""distance"":5,""physical_error_rate"":5e-05}","{""detection_events"":86475,""detectors_checked"":519976960}"
   2633728,         0,         0,   119.6,decoder_by_matrix,6866428194f3c2ecf80b799fe3d7eaa0d7bfdd0bee14693d15f8abf3c1159eda,"{""distance"":5,""physical_error_rate"":1e-05}","{""detection_events"":14610,""detectors_checked"":447733760}"
   2301952,         0,         0,   119.6,decoder_by_matrix,f0fc70a0432f83ff513e502442839d2eab02e2bed2f658d0464ff826d304e5e7,"{""distance"":5,""physical_error_rate"":0.0005}","{""detection_events"":655035,""detectors_checked"":391331840}"
    487424,         1,         0,   119.1,decoder_by_matrix,5b8a070a3cf8d31d64f24dbee89f3428cb9cab13fc59f7448d798f9bf08e9187,"{""distance"":5,""physical_error_rate"":0.001}","{""detection_events"":278405,""detectors_checked"":82862080,""obs_mistake_mask=E_"":1}"
    425984,         0,         0,   119.5,decoder_by_matrix,be0c214c078cdb5104153598b498575a1fc035ba16beb428536e5a87ee0a867f,"{""distance"":5,""physical_error_rate"":1e-06}","{""detection_events"":255,""detectors_checked"":72417280}"
    478208,         1,         0,   119.3,decoder_by_matrix,5b8a070a3cf8d31d64f24dbee89f3428cb9cab13fc59f7448d798f9bf08e9187,"{""distance"":5,""physical_error_rate"":0.001}","{""detection_events"":275110,""detectors_checked"":81295360,""obs_mistake_mask=_E"":1}"
   1146880,         0,         0,   119.6,decoder_by_matrix,cc9cd6551b3048ae216380ccb8ae5d3cca75b5b766fe651c47ef084ce4ce7dc6,"{""distance"":5,""physical_error_rate"":5e-05}","{""detection_events"":31965,""detectors_checked"":194969600}"
    484352,         0,         0,   119.4,decoder_by_matrix,161b5fe948dcfe007f335a5c57bcb8ff38ff3ea8726714a4cc08f5b9386b17ca,"{""distance"":5,""physical_error_rate"":5e-06}","{""detection_events"":1680,""detectors_checked"":82339840}"
    443392,         2,         0,   119.5,decoder_by_matrix,5b8a070a3cf8d31d64f24dbee89f3428cb9cab13fc59f7448d798f9bf08e9187,"{""distance"":5,""physical_error_rate"":0.001}","{""detection_events"":256035,""detectors_checked"":75376640,""obs_mistake_mask=E_"":1,""obs_mistake_mask=_E"":1}"
    453632,         0,         0,   118.6,decoder_by_matrix,cc9cd6551b3048ae216380ccb8ae5d3cca75b5b766fe651c47ef084ce4ce7dc6,"{""distance"":5,""physical_error_rate"":5e-05}","{""detection_events"":11830,""detectors_checked"":77117440}"
    451584,         0,         0,   119.0,decoder_by_matrix,f0fc70a0432f83ff513e502442839d2eab02e2bed2f658d0464ff826d304e5e7,"{""distance"":5,""physical_error_rate"":0.0005}","{""detection_events"":130500,""detectors_checked"":76769280}"
    996352,         0,         0,   120.2,decoder_by_matrix,6866428194f3c2ecf80b799fe3d7eaa0d7bfdd0bee14693d15f8abf3c1159eda,"{""distance"":5,""physical_error_rate"":1e-05}","{""detection_events"":5310,""detectors_checked"":169379840}"
    445440,         2,         0,   119.5,decoder_by_matrix,5b8a070a3cf8d31d64f24dbee89f3428cb9cab13fc59f7448d798f9bf08e9187,"{""distance"":5,""physical_error_rate"":0.001}","{""detection_events"":259185,""detectors_checked"":75724800,""obs_mistake_mask=E_"":2}"
   2885632,         0,         0,   119.6,decoder_by_matrix,be0c214c078cdb5104153598b498575a1fc035ba16beb428536e5a87ee0a867f,"{""distance"":5,""physical_error_rate"":1e-06}","{""detection_events"":1475,""detectors_checked"":490557440}"
   2764800,         0,         0,   119.6,decoder_by_matrix,161b5fe948dcfe007f335a5c57bcb8ff38ff3ea8726714a4cc08f5b9386b17ca,"{""distance"":5,""physical_error_rate"":5e-06}","{""detection_events"":8425,""detectors_checked"":470016000}"
    432128,         0,         0,   119.7,decoder_by_matrix,a052b2ce6ed64a98931ebcd7492590a746d7ec6e385d9f4479eb5b69a31b01f0,"{""distance"":5,""physical_error_rate"":0.0001}","{""detection_events"":24385,""detectors_checked"":73461760}"
    871424,         0,         0,   119.7,decoder_by_matrix,a052b2ce6ed64a98931ebcd7492590a746d7ec6e385d9f4479eb5b69a31b01f0,"{""distance"":5,""physical_error_rate"":0.0001}","{""detection_events"":51795,""detectors_checked"":148142080}"
    437248,         0,         0,   119.6,decoder_by_matrix,cc9cd6551b3048ae216380ccb8ae5d3cca75b5b766fe651c47ef084ce4ce7dc6,"{""distance"":5,""physical_error_rate"":5e-05}","{""detection_events"":12335,""detectors_checked"":74332160}"
    987136,         0,         0,   119.6,decoder_by_matrix,a052b2ce6ed64a98931ebcd7492590a746d7ec6e385d9f4479eb5b69a31b01f0,"{""distance"":5,""physical_error_rate"":0.0001}","{""detection_events"":58160,""detectors_checked"":167813120}"
   1064960,         0,         0,   119.6,decoder_by_matrix,6866428194f3c2ecf80b799fe3d7eaa0d7bfdd0bee14693d15f8abf3c1159eda,"{""distance"":5,""physical_error_rate"":1e-05}","{""detection_events"":5890,""detectors_checked"":181043200}"
    731136,         0,         0,   119.7,decoder_by_matrix,f0fc70a0432f83ff513e502442839d2eab02e2bed2f658d0464ff826d304e5e7,"{""distance"":5,""physical_error_rate"":0.0005}","{""detection_events"":208110,""detectors_checked"":124293120}"
   3034112,         0,         0,   119.5,decoder_by_matrix,be0c214c078cdb5104153598b498575a1fc035ba16beb428536e5a87ee0a867f,"{""distance"":5,""physical_error_rate"":1e-06}","{""detection_events"":1705,""detectors_checked"":515799040}"
   2797568,         0,         0,   119.5,decoder_by_matrix,161b5fe948dcfe007f335a5c57bcb8ff38ff3ea8726714a4cc08f5b9386b17ca,"{""distance"":5,""physical_error_rate"":5e-06}","{""detection_events"":7515,""detectors_checked"":475586560}"
    807936,         0,         0,   119.7,decoder_by_matrix,cc9cd6551b3048ae216380ccb8ae5d3cca75b5b766fe651c47ef084ce4ce7dc6,"{""distance"":5,""physical_error_rate"":5e-05}","{""detection_events"":24065,""detectors_checked"":137349120}"
   1012736,         0,         0,   119.7,decoder_by_matrix,a052b2ce6ed64a98931ebcd7492590a746d7ec6e385d9f4479eb5b69a31b01f0,"{""distance"":5,""physical_error_rate"":0.0001}","{""detection_events"":57790,""detectors_checked"":172165120}"
    886784,         0,         0,   119.8,decoder_by_matrix,6866428194f3c2ecf80b799fe3d7eaa0d7bfdd0bee14693d15f8abf3c1159eda,"{""distance"":5,""physical_error_rate"":1e-05}","{""detection_events"":4480,""detectors_checked"":150753280}"
    808960,         0,         0,   119.6,decoder_by_matrix,6866428194f3c2ecf80b799fe3d7eaa0d7bfdd0bee14693d15f8abf3c1159eda,"{""distance"":5,""physical_error_rate"":1e-05}","{""detection_events"":4265,""detectors_checked"":137523200}"
    381952,         1,         0,   119.2,decoder_by_matrix,f0fc70a0432f83ff513e502442839d2eab02e2bed2f658d0464ff826d304e5e7,"{""distance"":5,""physical_error_rate"":0.0005}","{""detection_events"":107495,""detectors_checked"":64931840,""obs_mistake_mask=_E"":1}"
    402432,         0,         0,   119.6,decoder_by_matrix,161b5fe948dcfe007f335a5c57bcb8ff38ff3ea8726714a4cc08f5b9386b17ca,"{""distance"":5,""physical_error_rate"":5e-06}","{""detection_events"":1170,""detectors_checked"":68413440}"
    367616,         0,         0,   119.6,decoder_by_matrix,f0fc70a0432f83ff513e502442839d2eab02e2bed2f658d0464ff826d304e5e7,"{""distance"":5,""physical_error_rate"":0.0005}","{""detection_events"":105700,""detectors_checked"":62494720}"
    740352,         0,         0,   119.7,decoder_by_matrix,be0c214c078cdb5104153598b498575a1fc035ba16beb428536e5a87ee0a867f,"{""distance"":5,""physical_error_rate"":1e-06}","{""detection_events"":320,""detectors_checked"":125859840}"
   2808832,         0,         0,   119.6,decoder_by_matrix,6866428194f3c2ecf80b799fe3d7eaa0d7bfdd0bee14693d15f8abf3c1159eda,"{""distance"":5,""physical_error_rate"":1e-05}","{""detection_events"":17305,""detectors_checked"":477501440}"
   3079168,         0,         0,   119.6,decoder_by_matrix,161b5fe948dcfe007f335a5c57bcb8ff38ff3ea8726714a4cc08f5b9386b17ca,"{""distance"":5,""physical_error_rate"":5e-06}","{""detection_events"":8730,""detectors_checked"":523458560}"
   3076096,         0,         0,   119.6,decoder_by_matrix,6866428194f3c2ecf80b799fe3d7eaa0d7bfdd0bee14693d15f8abf3c1159eda,"{""distance"":5,""physical_error_rate"":1e-05}","{""detection_events"":18435,""detectors_checked"":522936320}"
   2589696,         0,         0,   119.6,decoder_by_matrix,cc9cd6551b3048ae216380ccb8ae5d3cca75b5b766fe651c47ef084ce4ce7dc6,"{""distance"":5,""physical_error_rate"":5e-05}","{""detection_events"":71315,""detectors_checked"":440248320}"
   2563072,         0,         0,   119.6,decoder_by_matrix,161b5fe948dcfe007f335a5c57bcb8ff38ff3ea8726714a4cc08f5b9386b17ca,"{""distance"":5,""physical_error_rate"":5e-06}","{""detection_events"":7380,""detectors_checked"":435722240}"
   2959360,         0,         0,   119.5,decoder_by_matrix,f0fc70a0432f83ff513e502442839d2eab02e2bed2f658d0464ff826d304e5e7,"{""distance"":5,""physical_error_rate"":0.0005}","{""detection_events"":835060,""detectors_checked"":503091200}"
   2733056,         0,         0,   119.6,decoder_by_matrix,a052b2ce6ed64a98931ebcd7492590a746d7ec6e385d9f4479eb5b69a31b01f0,"{""distance"":5,""physical_error_rate"":0.0001}","{""detection_events"":155670,""detectors_checked"":464619520}"
   2907136,         0,         0,   119.5,decoder_by_matrix,161b5fe948dcfe007f335a5c57bcb8ff38ff3ea8726714a4cc08f5b9386b17ca,"{""distance"":5,""physical_error_rate"":5e-06}","{""detection_events"":7835,""detectors_checked"":494213120}"
   2699264,         4,         0,   119.6,decoder_by_matrix,5b8a070a3cf8d31d64f24dbee89f3428cb9cab13fc59f7448d798f9bf08e9187,"{""distance"":5,""physical_error_rate"":0.001}","{""detection_events"":1525715,""detectors_checked"":458874880,""obs_mistake_mask=EE"":2,""obs_mistake_mask=E_"":1,""obs_mistake_mask=_E"":1}"
   2586624,         3,         0,   119.6,decoder_by_matrix,5b8a070a3cf8d31d64f24dbee89f3428cb9cab13fc59f7448d798f9bf08e9187,"{""distance"":5,""physical_error_rate"":0.001}","{""detection_events"":1464055,""detectors_checked"":439726080,""obs_mistake_mask=EE"":1,""obs_mistake_mask=E_"":1,""obs_mistake_mask=_E"":1}"
   2812928,         0,         0,   119.6,decoder_by_matrix,be0c214c078cdb5104153598b498575a1fc035ba16beb428536e5a87ee0a867f,"{""distance"":5,""physical_error_rate"":1e-06}","{""detection_events"":1700,""detectors_checked"":478197760}"
   2839552,         0,         0,   119.6,decoder_by_matrix,cc9cd6551b3048ae216380ccb8ae5d3cca75b5b766fe651c47ef084ce4ce7dc6,"{""distance"":5,""physical_error_rate"":5e-05}","{""detection_events"":81715,""detectors_checked"":482723840}"
   2981888,         0,         0,   119.6,decoder_by_matrix,a052b2ce6ed64a98931ebcd7492590a746d7ec6e385d9f4479eb5b69a31b01f0,"{""distance"":5,""physical_error_rate"":0.0001}","{""detection_events"":174500,""detectors_checked"":506920960}"
   2790400,         1,         0,   119.6,decoder_by_matrix,f0fc70a0432f83ff513e502442839d2eab02e2bed2f658d0464ff826d304e5e7,"{""distance"":5,""physical_error_rate"":0.0005}","{""detection_events"":796330,""detectors_checked"":474368000,""obs_mistake_mask=_E"":1}"
   2709504,         0,         0,   119.6,decoder_by_matrix,be0c214c078cdb5104153598b498575a1fc035ba16beb428536e5a87ee0a867f,"{""distance"":5,""physical_error_rate"":1e-06}","{""detection_events"":1705,""detectors_checked"":460615680}"
   2818048,         0,         0,   119.6,decoder_by_matrix,a052b2ce6ed64a98931ebcd7492590a746d7ec6e385d9f4479eb5b69a31b01f0,"{""distance"":5,""physical_error_rate"":0.0001}","{""detection_events"":160950,""detectors_checked"":479068160}"
   2592768,         0,         0,   119.5,decoder_by_matrix,be0c214c078cdb5104153598b498575a1fc035ba16beb428536e5a87ee0a867f,"{""distance"":5,""physical_error_rate"":1e-06}","{""detection_events"":1185,""detectors_checked"":440770560}"
   2988032,         0,         0,   119.6,decoder_by_matrix,cc9cd6551b3048ae216380ccb8ae5d3cca75b5b766fe651c47ef084ce4ce7dc6,"{""distance"":5,""physical_error_rate"":5e-05}","{""detection_events"":85920,""detectors_checked"":507965440}"
   2852864,         0,         0,   119.6,decoder_by_matrix,6866428194f3c2ecf80b799fe3d7eaa0d7bfdd0bee14693d15f8abf3c1159eda,"{""distance"":5,""physical_error_rate"":1e-05}","{""detection_events"":16020,""detectors_checked"":484986880}"
   2499584,         0,         0,   119.6,decoder_by_matrix,f0fc70a0432f83ff513e502442839d2eab02e2bed2f658d0464ff826d304e5e7,"{""distance"":5,""physical_error_rate"":0.0005}","{""detection_events"":709825,""detectors_checked"":424929280}"
    470016,         2,         0,   119.4,decoder_by_matrix,5b8a070a3cf8d31d64f24dbee89f3428cb9cab13fc59f7448d798f9bf08e9187,"{""distance"":5,""physical_error_rate"":0.001}","{""detection_events"":266380,""detectors_checked"":79902720,""obs_mistake_mask=EE"":1,""obs_mistake_mask=E_"":1}"
    417792,         0,         0,   119.6,decoder_by_matrix,be0c214c078cdb5104153598b498575a1fc035ba16beb428536e5a87ee0a867f,"{""distance"":5,""physical_error_rate"":1e-06}","{""detection_events"":205,""detectors_checked"":71024640}"
    470016,         1,         0,   119.5,decoder_by_matrix,5b8a070a3cf8d31d64f24dbee89f3428cb9cab13fc59f7448d798f9bf08e9187,"{""distance"":5,""physical_error_rate"":0.001}","{""detection_events"":263215,""detectors_checked"":79902720,""obs_mistake_mask=EE"":1}"
   1065984,         0,         0,   119.5,decoder_by_matrix,cc9cd6551b3048ae216380ccb8ae5d3cca75b5b766fe651c47ef084ce4ce7dc6,"{""distance"":5,""physical_error_rate"":5e-05}","{""detection_events"":31860,""detectors_checked"":181217280}"
    493568,         0,         0,   119.3,decoder_by_matrix,161b5fe948dcfe007f335a5c57bcb8ff38ff3ea8726714a4cc08f5b9386b17ca,"{""distance"":5,""physical_error_rate"":5e-06}","{""detection_events"":1290,""detectors_checked"":83906560}"
    452608,         1,         0,   119.3,decoder_by_matrix,5b8a070a3cf8d31d64f24dbee89f3428cb9cab13fc59f7448d798f9bf08e9187,"{""distance"":5,""physical_error_rate"":0.001}","{""detection_events"":256275,""detectors_checked"":76943360,""obs_mistake_mask=_E"":1}"
    462848,         0,         0,   119.4,decoder_by_matrix,cc9cd6551b3048ae216380ccb8ae5d3cca75b5b766fe651c47ef084ce4ce7dc6,"{""distance"":5,""physical_error_rate"":5e-05}","{""detection_events"":12910,""detectors_checked"":78684160}"
   1155072,         0,         0,   119.6,decoder_by_matrix,6866428194f3c2ecf80b799fe3d7eaa0d7bfdd0bee14693d15f8abf3c1159eda,"{""distance"":5,""physical_error_rate"":1e-05}","{""detection_events"":6700,""detectors_checked"":196362240}"
    461824,         0,         0,   119.6,decoder_by_matrix,f0fc70a0432f83ff513e502442839d2eab02e2bed2f658d0464ff826d304e5e7,"{""distance"":5,""physical_error_rate"":0.0005}","{""detection_events"":132820,""detectors_checked"":78510080}"
    454656,         1,         0,   119.0,decoder_by_matrix,5b8a070a3cf8d31d64f24dbee89f3428cb9cab13fc59f7448d798f9bf08e9187,"{""distance"":5,""physical_error_rate"":0.001}","{""detection_events"":259765,""detectors_checked"":77291520,""obs_mistake_mask=EE"":1}"
   2797568,         0,         0,   119.6,decoder_by_matrix,be0c214c078cdb5104153598b498575a1fc035ba16beb428536e5a87ee0a867f,"{""distance"":5,""physical_error_rate"":1e-06}","{""detection_events"":1530,""detectors_checked"":475586560}"
   2808832,         0,         0,   119.5,decoder_by_matrix,161b5fe948dcfe007f335a5c57bcb8ff38ff3ea8726714a4cc08f5b9386b17ca,"{""distance"":5,""physical_error_rate"":5e-06}","{""detection_events"":7835,""detectors_checked"":477501440}"
    444416,         0,         0,   119.7,decoder_by_matrix,a052b2ce6ed64a98931ebcd7492590a746d7ec6e385d9f4479eb5b69a31b01f0,"{""distance"":5,""physical_error_rate"":0.0001}","{""detection_events"":25570,""detectors_checked"":75550720}"
   1003520,         0,         0,   119.7,decoder_by_matrix,a052b2ce6ed64a98931ebcd7492590a746d7ec6e385d9f4479eb5b69a31b01f0,"{""distance"":5,""physical_error_rate"":0.0001}","{""detection_events"":57080,""detectors_checked"":170598400}"
    465920,         0,         0,   119.2,decoder_by_matrix,cc9cd6551b3048ae216380ccb8ae5d3cca75b5b766fe651c47ef084ce4ce7dc6,"{""distance"":5,""physical_error_rate"":5e-05}","{""detection_events"":13260,""detectors_checked"":79206400}"
    978944,         0,         0,   119.4,decoder_by_matrix,a052b2ce6ed64a98931ebcd7492590a746d7ec6e385d9f4479eb5b69a31b01f0,"{""distance"":5,""physical_error_rate"":0.0001}","{""detection_events"":57110,""detectors_checked"":166420480}"
   1175552,         0,         0,   119.6,decoder_by_matrix,6866428194f3c2ecf80b799fe3d7eaa0d7bfdd0bee14693d15f8abf3c1159eda,"{""distance"":5,""physical_error_rate"":1e-05}","{""detection_events"":6785,""detectors_checked"":199843840}"
    892928,         0,         0,   119.8,decoder_by_matrix,f0fc70a0432f83ff513e502442839d2eab02e2bed2f658d0464ff826d304e5e7,"{""distance"":5,""physical_error_rate"":0.0005}","{""detection_events"":255355,""detectors_checked"":151797760}"
   2948096,         0,         0,   119.6,decoder_by_matrix,be0c214c078cdb5104153598b498575a1fc035ba16beb428536e5a87ee0a867f,"{""distance"":5,""physical_error_rate"":1e-06}","{""detection_events"":1530,""detectors_checked"":501176320}"
   2758656,         0,         0,   119.6,decoder_by_matrix,161b5fe948dcfe007f335a5c57bcb8ff38ff3ea8726714a4cc08f5b9386b17ca,"{""distance"":5,""physical_error_rate"":5e-06}","{""detection_events"":8715,""detectors_checked"":468971520}"
   1147904,         0,         0,   119.5,decoder_by_matrix,cc9cd6551b3048ae216380ccb8ae5d3cca75b5b766fe651c47ef084ce4ce7dc6,"{""distance"":5,""physical_error_rate"":5e-05}","{""detection_events"":31195,""detectors_checked"":195143680}"
   1010688,         0,         0,   119.6,decoder_by_matrix,a052b2ce6ed64a98931ebcd7492590a746d7ec6e385d9f4479eb5b69a31b01f0,"{""distance"":5,""physical_error_rate"":0.0001}","{""detection_events"":58840,""detectors_checked"":171816960}"
   1137664,         0,         0,   119.5,decoder_by_matrix,6866428194f3c2ecf80b799fe3d7eaa0d7bfdd0bee14693d15f8abf3c1159eda,"{""distance"":5,""physical_error_rate"":1e-05}","{""detection_events"":6455,""detectors_checked"":193402880}"
    892928,         0,         0,   119.3,decoder_by_matrix,6866428194f3c2ecf80b799fe3d7eaa0d7bfdd0bee14693d15f8abf3c1159eda,"{""distance"":5,""physical_error_rate"":1e-05}","{""detection_events"":4905,""detectors_checked"":151797760}"
    407552,         0,         0,   119.7,decoder_by_matrix,f0fc70a0432f83ff513e502442839d2eab02e2bed2f658d0464ff826d304e5e7,"{""distance"":5,""physical_error_rate"":0.0005}","{""detection_events"":117545,""detectors_checked"":69283840}"
    435200,         0,         0,   119.8,decoder_by_matrix,161b5fe948dcfe007f335a5c57bcb8ff38ff3ea8726714a4cc08f5b9386b17ca,"{""distance"":5,""physical_error_rate"":5e-06}","{""detection_events"":1235,""detectors_checked"":73984000}"
    397312,         0,         0,   119.9,decoder_by_matrix,f0fc70a0432f83ff513e502442839d2eab02e2bed2f658d0464ff826d304e5e7,"{""distance"":5,""physical_error_rate"":0.0005}","{""detection_events"":115530,""detectors_checked"":67543040}"
   1075200,         0,         0,   119.6,decoder_by_matrix,be0c214c078cdb5104153598b498575a1fc035ba16beb428536e5a87ee0a867f,"{""distance"":5,""physical_error_rate"":1e-06}","{""detection_events"":675,""detectors_checked"":182784000}"
   2812928,         0,         0,   119.6,decoder_by_matrix,6866428194f3c2ecf80b799fe3d7eaa0d7bfdd0bee14693d15f8abf3c1159eda,"{""distance"":5,""physical_error_rate"":1e-05}","{""detection_events"":15800,""detectors_checked"":478197760}"
   3149824,         0,         0,   119.6,decoder_by_matrix,161b5fe948dcfe007f335a5c57bcb8ff38ff3ea8726714a4cc08f5b9386b17ca,"{""distance"":5,""physical_error_rate"":5e-06}","{""detection_events"":9125,""detectors_checked"":535470080}"
   3136512,         0,         0,   119.6,decoder_by_matrix,6866428194f3c2ecf80b799fe3d7eaa0d7bfdd0bee14693d15f8abf3c1159eda,"{""distance"":5,""physical_error_rate"":1e-05}","{""detection_events"":16885,""detectors_checked"":533207040}"
   2585600,         0,         0,   119.7,decoder_by_matrix,cc9cd6551b3048ae216380ccb8ae5d3cca75b5b766fe651c47ef084ce4ce7dc6,"{""distance"":5,""physical_error_rate"":5e-05}","{""detection_events"":76510,""detectors_checked"":439552000}"
   2540544,         0,         0,   119.5,decoder_by_matrix,161b5fe948dcfe007f335a5c57bcb8ff38ff3ea8726714a4cc08f5b9386b17ca,"{""distance"":5,""physical_error_rate"":5e-06}","{""detection_events"":7665,""detectors_checked"":431892480}"
   3015680,         0,         0,   119.6,decoder_by_matrix,f0fc70a0432f83ff513e502442839d2eab02e2bed2f658d0464ff826d304e5e7,"{""distance"":5,""physical_error_rate"":0.0005}","{""detection_events"":854165,""detectors_checked"":512665600}"
   2623488,         0,         0,   119.5,decoder_by_matrix,161b5fe948dcfe007f335a5c57bcb8ff38ff3ea8726714a4cc08f5b9386b17ca,"{""distance"":5,""physical_error_rate"":5e-06}","{""detection_events"":6760,""detectors_checked"":445992960}"
   2659328,         0,         0,   119.7,decoder_by_matrix,a052b2ce6ed64a98931ebcd7492590a746d7ec6e385d9f4479eb5b69a31b01f0,"{""distance"":5,""physical_error_rate"":0.0001}","{""detection_events"":150240,""detectors_checked"":452085760}"
   2396160,         2,         0,   119.6,decoder_by_matrix,5b8a070a3cf8d31d64f24dbee89f3428cb9cab13fc59f7448d798f9bf08e9187,"{""distance"":5,""physical_error_rate"":0.001}","{""detection_events"":1367880,""detectors_checked"":407347200,""obs_mistake_mask=EE"":1,""obs_mistake_mask=E_"":1}"
   2415616,         4,         0,   119.6,decoder_by_matrix,5b8a070a3cf8d31d64f24dbee89f3428cb9cab13fc59f7448d798f9bf08e9187,"{""distance"":5,""physical_error_rate"":0.001}","{""detection_events"":1377890,""detectors_checked"":410654720,""obs_mistake_mask=EE"":2,""obs_mistake_mask=E_"":2}"
   2742272,         0,         0,   119.6,decoder_by_matrix,cc9cd6551b3048ae216380ccb8ae5d3cca75b5b766fe651c47ef084ce4ce7dc6,"{""distance"":5,""physical_error_rate"":5e-05}","{""detection_events"":76755,""detectors_checked"":466186240}"
   2736128,         0,         0,   119.6,decoder_by_matrix,be0c214c078cdb5104153598b498575a1fc035ba16beb428536e5a87ee0a867f,"{""distance"":5,""physical_error_rate"":1e-06}","{""detection_events"":1700,""detectors_checked"":465141760}"
   2548736,         0,         0,   119.6,decoder_by_matrix,f0fc70a0432f83ff513e502442839d2eab02e2bed2f658d0464ff826d304e5e7,"{""distance"":5,""physical_error_rate"":0.0005}","{""detection_events"":724255,""detectors_checked"":433285120}"
   3025920,         0,         0,   119.7,decoder_by_matrix,a052b2ce6ed64a98931ebcd7492590a746d7ec6e385d9f4479eb5b69a31b01f0,"{""distance"":5,""physical_error_rate"":0.0001}","{""detection_events"":174245,""detectors_checked"":514406400}"
   2483200,         0,         0,   119.6,decoder_by_matrix,be0c214c078cdb5104153598b498575a1fc035ba16beb428536e5a87ee0a867f,"{""distance"":5,""physical_error_rate"":1e-06}","{""detection_events"":1150,""detectors_checked"":422144000}"
   2662400,         0,         0,   119.6,decoder_by_matrix,a052b2ce6ed64a98931ebcd7492590a746d7ec6e385d9f4479eb5b69a31b01f0,"{""distance"":5,""physical_error_rate"":0.0001}","{""detection_events"":152900,""detectors_checked"":452608000}"
   2615296,         0,         0,   119.6,decoder_by_matrix,be0c214c078cdb5104153598b498575a1fc035ba16beb428536e5a87ee0a867f,"{""distance"":5,""physical_error_rate"":1e-06}","{""detection_events"":1400,""detectors_checked"":444600320}"
   3006464,         0,         0,   119.6,decoder_by_matrix,cc9cd6551b3048ae216380ccb8ae5d3cca75b5b766fe651c47ef084ce4ce7dc6,"{""distance"":5,""physical_error_rate"":5e-05}","{""detection_events"":87855,""detectors_checked"":511098880}"
   2401280,         0,         0,   119.6,decoder_by_matrix,6866428194f3c2ecf80b799fe3d7eaa0d7bfdd0bee14693d15f8abf3c1159eda,"{""distance"":5,""physical_error_rate"":1e-05}","{""detection_events"":13870,""detectors_checked"":408217600}"
   2384896,         0,         0,   119.6,decoder_by_matrix,f0fc70a0432f83ff513e502442839d2eab02e2bed2f658d0464ff826d304e5e7,"{""distance"":5,""physical_error_rate"":0.0005}","{""detection_events"":679685,""detectors_checked"":405432320}"
    486400,         1,         0,   119.5,decoder_by_matrix,5b8a070a3cf8d31d64f24dbee89f3428cb9cab13fc59f7448d798f9bf08e9187,"{""distance"":5,""physical_error_rate"":0.001}","{""detection_events"":283040,""detectors_checked"":82688000,""obs_mistake_mask=EE"":1}"
    423936,         0,         0,   119.5,decoder_by_matrix,be0c214c078cdb5104153598b498575a1fc035ba16beb428536e5a87ee0a867f,"{""distance"":5,""physical_error_rate"":1e-06}","{""detection_events"":195,""detectors_checked"":72069120}"
    478208,         0,         0,   119.3,decoder_by_matrix,5b8a070a3cf8d31d64f24dbee89f3428cb9cab13fc59f7448d798f9bf08e9187,"{""distance"":5,""physical_error_rate"":0.001}","{""detection_events"":272200,""detectors_checked"":81295360}"
   1244160,         0,         0,   119.6,decoder_by_matrix,cc9cd6551b3048ae216380ccb8ae5d3cca75b5b766fe651c47ef084ce4ce7dc6,"{""distance"":5,""physical_error_rate"":5e-05}","{""detection_events"":35070,""detectors_checked"":211507200}"
    495616,         0,         0,   119.1,decoder_by_matrix,161b5fe948dcfe007f335a5c57bcb8ff38ff3ea8726714a4cc08f5b9386b17ca,"{""distance"":5,""physical_error_rate"":5e-06}","{""detection_events"":1470,""detectors_checked"":84254720}"
    457728,         2,         0,   119.6,decoder_by_matrix,5b8a070a3cf8d31d64f24dbee89f3428cb9cab13fc59f7448d798f9bf08e9187,"{""distance"":5,""physical_error_rate"":0.001}","{""detection_events"":260850,""detectors_checked"":77813760,""obs_mistake_mask=E_"":1,""obs_mistake_mask=_E"":1}"
    465920,         0,         0,   119.1,decoder_by_matrix,cc9cd6551b3048ae216380ccb8ae5d3cca75b5b766fe651c47ef084ce4ce7dc6,"{""distance"":5,""physical_error_rate"":5e-05}","{""detection_events"":13840,""detectors_checked"":79206400}"
   1052672,         0,         0,   119.8,decoder_by_matrix,6866428194f3c2ecf80b799fe3d7eaa0d7bfdd0bee14693d15f8abf3c1159eda,"{""distance"":5,""physical_error_rate"":1e-05}","{""detection_events"":5340,""detectors_checked"":178954240}"
    464896,         1,         0,   118.7,decoder_by_matrix,f0fc70a0432f83ff513e502442839d2eab02e2bed2f658d0464ff826d304e5e7,"{""distance"":5,""physical_error_rate"":0.0005}","{""detection_events"":132315,""detectors_checked"":79032320,""obs_mistake_mask=EE"":1}"
    456704,         1,         0,   119.4,decoder_by_matrix,5b8a070a3cf8d31d64f24dbee89f3428cb9cab13fc59f7448d798f9bf08e9187,"{""distance"":5,""physical_error_rate"":0.001}","{""detection_events"":264325,""detectors_checked"":77639680,""obs_mistake_mask=_E"":1}"
   2781184,         0,         0,   119.6,decoder_by_matrix,be0c214c078cdb5104153598b498575a1fc035ba16beb428536e5a87ee0a867f,"{""distance"":5,""physical_error_rate"":1e-06}","{""detection_events"":1390,""detectors_checked"":472801280}"
   2695168,         0,         0,   119.6,decoder_by_matrix,161b5fe948dcfe007f335a5c57bcb8ff38ff3ea8726714a4cc08f5b9386b17ca,"{""distance"":5,""physical_error_rate"":5e-06}","{""detection_events"":7240,""detectors_checked"":458178560}"
    444416,         0,         0,   119.6,decoder_by_matrix,a052b2ce6ed64a98931ebcd7492590a746d7ec6e385d9f4479eb5b69a31b01f0,"{""distance"":5,""physical_error_rate"":0.0001}","{""detection_events"":25440,""detectors_checked"":75550720}"
   1038336,         0,         0,   119.7,decoder_by_matrix,a052b2ce6ed64a98931ebcd7492590a746d7ec6e385d9f4479eb5b69a31b01f0,"{""distance"":5,""physical_error_rate"":0.0001}","{""detection_events"":60285,""detectors_checked"":176517120}"
    466944,         0,         0,   118.6,decoder_by_matrix,cc9cd6551b3048ae216380ccb8ae5d3cca75b5b766fe651c47ef084ce4ce7dc6,"{""distance"":5,""physical_error_rate"":5e-05}","{""detection_events"":14215,""detectors_checked"":79380480}"
   1105920,         0,         0,   119.6,decoder_by_matrix,a052b2ce6ed64a98931ebcd7492590a746d7ec6e385d9f4479eb5b69a31b01f0,"{""distance"":5,""physical_error_rate"":0.0001}","{""detection_events"":62510,""detectors_checked"":188006400}"
   1009664,         0,         0,   119.6,decoder_by_matrix,6866428194f3c2ecf80b799fe3d7eaa0d7bfdd0bee14693d15f8abf3c1159eda,"{""distance"":5,""physical_error_rate"":1e-05}","{""detection_events"":5855,""detectors_checked"":171642880}"
    906240,         0,         0,   119.6,decoder_by_matrix,f0fc70a0432f83ff513e502442839d2eab02e2bed2f658d0464ff826d304e5e7,"{""distance"":5,""physical_error_rate"":0.0005}","{""detection_events"":260975,""detectors_checked"":154060800}"
   2846720,         0,         0,   119.6,decoder_by_matrix,be0c214c078cdb5104153598b498575a1fc035ba16beb428536e5a87ee0a867f,"{""distance"":5,""physical_error_rate"":1e-06}","{""detection_events"":1665,""detectors_checked"":483942400}"
   2657280,         0,         0,   119.6,decoder_by_matrix,161b5fe948dcfe007f335a5c57bcb8ff38ff3ea8726714a4cc08f5b9386b17ca,"{""distance"":5,""physical_error_rate"":5e-06}","{""detection_events"":7435,""detectors_checked"":451737600}"
   1302528,         0,         0,   120.3,decoder_by_matrix,cc9cd6551b3048ae216380ccb8ae5d3cca75b5b766fe651c47ef084ce4ce7dc6,"{""distance"":5,""physical_error_rate"":5e-05}","{""detection_events"":37155,""detectors_checked"":221429760}"
   1179648,         0,         0,   119.8,decoder_by_matrix,a052b2ce6ed64a98931ebcd7492590a746d7ec6e385d9f4479eb5b69a31b01f0,"{""distance"":5,""physical_error_rate"":0.0001}","{""detection_events"":68545,""detectors_checked"":200540160}"
   1048576,         0,         0,   119.6,decoder_by_matrix,6866428194f3c2ecf80b799fe3d7eaa0d7bfdd0bee14693d15f8abf3c1159eda,"{""distance"":5,""physical_error_rate"":1e-05}","{""detection_events"":5435,""detectors_checked"":178257920}"
    936960,         0,         0,   119.4,decoder_by_matrix,6866428194f3c2ecf80b799fe3d7eaa0d7bfdd0bee14693d15f8abf3c1159eda,"{""distance"":5,""physical_error_rate"":1e-05}","{""detection_events"":5570,""detectors_checked"":159283200}"
    401408,         0,         0,   119.3,decoder_by_matrix,f0fc70a0432f83ff513e502442839d2eab02e2bed2f658d0464ff826d304e5e7,"{""distance"":5,""physical_error_rate"":0.0005}","{""detection_events"":116540,""detectors_checked"":68239360}"
    427008,         0,         0,   119.6,decoder_by_matrix,161b5fe948dcfe007f335a5c57bcb8ff38ff3ea8726714a4cc08f5b9386b17ca,"{""distance"":5,""physical_error_rate"":5e-06}","{""detection_events"":1440,""detectors_checked"":72591360}"
    390144,         0,         0,   119.6,decoder_by_matrix,f0fc70a0432f83ff513e502442839d2eab02e2bed2f658d0464ff826d304e5e7,"{""distance"":5,""physical_error_rate"":0.0005}","{""detection_events"":111010,""detectors_checked"":66324480}"
    779264,         0,         0,   119.6,decoder_by_matrix,be0c214c078cdb5104153598b498575a1fc035ba16beb428536e5a87ee0a867f,"{""distance"":5,""physical_error_rate"":1e-06}","{""detection_events"":575,""detectors_checked"":132474880}"
   2908160,         0,         0,   119.6,decoder_by_matrix,6866428194f3c2ecf80b799fe3d7eaa0d7bfdd0bee14693d15f8abf3c1159eda,"{""distance"":5,""physical_error_rate"":1e-05}","{""detection_events"":16460,""detectors_checked"":494387200}"
   3042304,         0,         0,   119.6,decoder_by_matrix,161b5fe948dcfe007f335a5c57bcb8ff38ff3ea8726714a4cc08f5b9386b17ca,"{""distance"":5,""physical_error_rate"":5e-06}","{""detection_events"":9280,""detectors_checked"":517191680}"
   3058688,         0,         0,   119.6,decoder_by_matrix,6866428194f3c2ecf80b799fe3d7eaa0d7bfdd0bee14693d15f8abf3c1159eda,"{""distance"":5,""physical_error_rate"":1e-05}","{""detection_events"":16535,""detectors_checked"":519976960}"
   2647040,         0,         0,   119.6,decoder_by_matrix,cc9cd6551b3048ae216380ccb8ae5d3cca75b5b766fe651c47ef084ce4ce7dc6,"{""distance"":5,""physical_error_rate"":5e-05}","{""detection_events"":72445,""detectors_checked"":449996800}"
   2870272,         0,         0,   119.6,decoder_by_matrix,f0fc70a0432f83ff513e502442839d2eab02e2bed2f658d0464ff826d304e5e7,"{""distance"":5,""physical_error_rate"":0.0005}","{""detection_events"":819520,""detectors_checked"":487946240}"
   2741248,         0,         0,   119.7,decoder_by_matrix,161b5fe948dcfe007f335a5c57bcb8ff38ff3ea8726714a4cc08f5b9386b17ca,"{""distance"":5,""physical_error_rate"":5e-06}","{""detection_events"":7710,""detectors_checked"":466012160}"
   2934784,         0,         0,   119.6,decoder_by_matrix,161b5fe948dcfe007f335a5c57bcb8ff38ff3ea8726714a4cc08f5b9386b17ca,"{""distance"":5,""physical_error_rate"":5e-06}","{""detection_events"":8570,""detectors_checked"":498913280}"
   2759680,         0,         0,   119.6,decoder_by_matrix,a052b2ce6ed64a98931ebcd7492590a746d7ec6e385d9f4479eb5b69a31b01f0,"{""distance"":5,""physical_error_rate"":0.0001}","{""detection_events"":151645,""detectors_checked"":469145600}"
   2364416,         6,         0,   119.6,decoder_by_matrix,5b8a070a3cf8d31d64f24dbee89f3428cb9cab13fc59f7448d798f9bf08e9187,"{""distance"":5,""physical_error_rate"":0.001}","{""detection_events"":1340110,""detectors_checked"":401950720,""obs_mistake_mask=EE"":1,""obs_mistake_mask=E_"":4,""obs_mistake_mask=_E"":1}"
   2510848,         5,         0,   119.6,decoder_by_matrix,5b8a070a3cf8d31d64f24dbee89f3428cb9cab13fc59f7448d798f9bf08e9187,"{""distance"":5,""physical_error_rate"":0.001}","{""detection_events"":1434580,""detectors_checked"":426844160,""obs_mistake_mask=EE"":2,""obs_mistake_mask=E_"":3}"
   2942976,         0,         0,   119.6,decoder_by_matrix,cc9cd6551b3048ae216380ccb8ae5d3cca75b5b766fe651c47ef084ce4ce7dc6,"{""distance"":5,""physical_error_rate"":5e-05}","{""detection_events"":80505,""detectors_checked"":500305920}"
   2764800,         0,         0,   119.6,decoder_by_matrix,be0c214c078cdb5104153598b498575a1fc035ba16beb428536e5a87ee0a867f,"{""distance"":5,""physical_error_rate"":1e-06}","{""detection_events"":1230,""detectors_checked"":470016000}"
   2696192,         2,         0,   119.6,decoder_by_matrix,f0fc70a0432f83ff513e502442839d2eab02e2bed2f658d0464ff826d304e5e7,"{""distance"":5,""physical_error_rate"":0.0005}","{""detection_events"":770100,""detectors_checked"":458352640,""obs_mistake_mask=EE"":1,""obs_mistake_mask=_E"":1}"
   2910208,         0,         0,   119.6,decoder_by_matrix,a052b2ce6ed64a98931ebcd7492590a746d7ec6e385d9f4479eb5b69a31b01f0,"{""distance"":5,""physical_error_rate"":0.0001}","{""detection_events"":164400,""detectors_checked"":494735360}"
   2879488,         0,         0,   119.6,decoder_by_matrix,be0c214c078cdb5104153598b498575a1fc035ba16beb428536e5a87ee0a867f,"{""distance"":5,""physical_error_rate"":1e-06}","{""detection_events"":1480,""detectors_checked"":489512960}"
   2751488,         0,         0,   119.6,decoder_by_matrix,a052b2ce6ed64a98931ebcd7492590a746d7ec6e385d9f4479eb5b69a31b01f0,"{""distance"":5,""physical_error_rate"":0.0001}","{""detection_events"":155250,""detectors_checked"":467752960}"
   2529280,         0,         0,   119.6,decoder_by_matrix,be0c214c078cdb5104153598b498575a1fc035ba16beb428536e5a87ee0a867f,"{""distance"":5,""physical_error_rate"":1e-06}","{""detection_events"":1550,""detectors_checked"":429977600}"
   2893824,         0,         0,   119.6,decoder_by_matrix,cc9cd6551b3048ae216380ccb8ae5d3cca75b5b766fe651c47ef084ce4ce7dc6,"{""distance"":5,""physical_error_rate"":5e-05}","{""detection_events"":81140,""detectors_checked"":491950080}"
   2549760,         0,         0,   119.6,decoder_by_matrix,6866428194f3c2ecf80b799fe3d7eaa0d7bfdd0bee14693d15f8abf3c1159eda,"{""distance"":5,""physical_error_rate"":1e-05}","{""detection_events"":13635,""detectors_checked"":433459200}"
   2335744,         0,         0,   119.6,decoder_by_matrix,f0fc70a0432f83ff513e502442839d2eab02e2bed2f658d0464ff826d304e5e7,"{""distance"":5,""physical_error_rate"":0.0005}","{""detection_events"":669620,""detectors_checked"":397076480}"
    492544,         2,         0,   119.3,decoder_by_matrix,5b8a070a3cf8d31d64f24dbee89f3428cb9cab13fc59f7448d798f9bf08e9187,"{""distance"":5,""physical_error_rate"":0.001}","{""detection_events"":280515,""detectors_checked"":83732480,""obs_mistake_mask=E_"":1,""obs_mistake_mask=_E"":1}"
    434176,         0,         0,   119.6,decoder_by_matrix,be0c214c078cdb5104153598b498575a1fc035ba16beb428536e5a87ee0a867f,"{""distance"":5,""physical_error_rate"":1e-06}","{""detection_events"":295,""detectors_checked"":73809920}"
    487424,         1,         0,   119.7,decoder_by_matrix,5b8a070a3cf8d31d64f24dbee89f3428cb9cab13fc59f7448d798f9bf08e9187,"{""distance"":5,""physical_error_rate"":0.001}","{""detection_events"":274015,""detectors_checked"":82862080,""obs_mistake_mask=_E"":1}"
   1137664,         0,         0,   119.6,decoder_by_matrix,cc9cd6551b3048ae216380ccb8ae5d3cca75b5b766fe651c47ef084ce4ce7dc6,"{""distance"":5,""physical_error_rate"":5e-05}","{""detection_events"":32545,""detectors_checked"":193402880}"
    496640,         0,         0,   119.0,decoder_by_matrix,161b5fe948dcfe007f335a5c57bcb8ff38ff3ea8726714a4cc08f5b9386b17ca,"{""distance"":5,""physical_error_rate"":5e-06}","{""detection_events"":1660,""detectors_checked"":84428800}"
    461824,         0,         0,   119.2,decoder_by_matrix,5b8a070a3cf8d31d64f24dbee89f3428cb9cab13fc59f7448d798f9bf08e9187,"{""distance"":5,""physical_error_rate"":0.001}","{""detection_events"":261325,""detectors_checked"":78510080}"
    471040,         0,         0,   119.3,decoder_by_matrix,cc9cd6551b3048ae216380ccb8ae5d3cca75b5b766fe651c47ef084ce4ce7dc6,"{""distance"":5,""physical_error_rate"":5e-05}","{""detection_events"":13630,""detectors_checked"":80076800}"
   1060864,         0,         0,   119.3,decoder_by_matrix,6866428194f3c2ecf80b799fe3d7eaa0d7bfdd0bee14693d15f8abf3c1159eda,"{""distance"":5,""physical_error_rate"":1e-05}","{""detection_events"":5235,""detectors_checked"":180346880}"
    471040,         0,         0,   119.4,decoder_by_matrix,f0fc70a0432f83ff513e502442839d2eab02e2bed2f658d0464ff826d304e5e7,"{""distance"":5,""physical_error_rate"":0.0005}","{""detection_events"":137425,""detectors_checked"":80076800}"
    463872,         0,         0,   119.7,decoder_by_matrix,5b8a070a3cf8d31d64f24dbee89f3428cb9cab13fc59f7448d798f9bf08e9187,"{""distance"":5,""physical_error_rate"":0.001}","{""detection_events"":263020,""detectors_checked"":78858240}"
   2792448,         0,         0,   119.6,decoder_by_matrix,be0c214c078cdb5104153598b498575a1fc035ba16beb428536e5a87ee0a867f,"{""distance"":5,""physical_error_rate"":1e-06}","{""detection_events"":1655,""detectors_checked"":474716160}"
   2801664,         0,         0,   119.6,decoder_by_matrix,161b5fe948dcfe007f335a5c57bcb8ff38ff3ea8726714a4cc08f5b9386b17ca,"{""distance"":5,""physical_error_rate"":5e-06}","{""detection_events"":8185,""detectors_checked"":476282880}"
   1226752,         0,         0,   119.7,decoder_by_matrix,a052b2ce6ed64a98931ebcd7492590a746d7ec6e385d9f4479eb5b69a31b01f0,"{""distance"":5,""physical_error_rate"":0.0001}","{""detection_events"":70230,""detectors_checked"":208547840}"
    450560,         0,         0,   119.3,decoder_by_matrix,a052b2ce6ed64a98931ebcd7492590a746d7ec6e385d9f4479eb5b69a31b01f0,"{""distance"":5,""physical_error_rate"":0.0001}","{""detection_events"":24775,""detectors_checked"":76595200}"
    480256,         0,         0,   118.8,decoder_by_matrix,cc9cd6551b3048ae216380ccb8ae5d3cca75b5b766fe651c47ef084ce4ce7dc6,"{""distance"":5,""physical_error_rate"":5e-05}","{""detection_events"":14275,""detectors_checked"":81643520}"
    933888,         0,         0,   119.9,decoder_by_matrix,a052b2ce6ed64a98931ebcd7492590a746d7ec6e385d9f4479eb5b69a31b01f0,"{""distance"":5,""physical_error_rate"":0.0001}","{""detection_events"":52505,""detectors_checked"":158760960}"
   1071104,         0,         0,   119.5,decoder_by_matrix,6866428194f3c2ecf80b799fe3d7eaa0d7bfdd0bee14693d15f8abf3c1159eda,"{""distance"":5,""physical_error_rate"":1e-05}","{""detection_events"":6180,""detectors_checked"":182087680}"
   1198080,         0,         0,   119.8,decoder_by_matrix,f0fc70a0432f83ff513e502442839d2eab02e2bed2f658d0464ff826d304e5e7,"{""distance"":5,""physical_error_rate"":0.0005}","{""detection_events"":338825,""detectors_checked"":203673600}"
   2937856,         0,         0,   119.6,decoder_by_matrix,be0c214c078cdb5104153598b498575a1fc035ba16beb428536e5a87ee0a867f,"{""distance"":5,""physical_error_rate"":1e-06}","{""detection_events"":1700,""detectors_checked"":499435520}"
   2807808,         0,         0,   119.6,decoder_by_matrix,161b5fe948dcfe007f335a5c57bcb8ff38ff3ea8726714a4cc08f5b9386b17ca,"{""distance"":5,""physical_error_rate"":5e-06}","{""detection_events"":8600,""detectors_checked"":477327360}"
   1102848,         0,         0,   119.7,decoder_by_matrix,cc9cd6551b3048ae216380ccb8ae5d3cca75b5b766fe651c47ef084ce4ce7dc6,"{""distance"":5,""physical_error_rate"":5e-05}","{""detection_events"":31005,""detectors_checked"":187484160}"
   1187840,         0,         0,   119.6,decoder_by_matrix,a052b2ce6ed64a98931ebcd7492590a746d7ec6e385d9f4479eb5b69a31b01f0,"{""distance"":5,""physical_error_rate"":0.0001}","{""detection_events"":69415,""detectors_checked"":201932800}"
   1046528,         0,         0,   120.3,decoder_by_matrix,6866428194f3c2ecf80b799fe3d7eaa0d7bfdd0bee14693d15f8abf3c1159eda,"{""distance"":5,""physical_error_rate"":1e-05}","{""detection_events"":6055,""detectors_checked"":177909760}"
    928768,         0,         0,   119.9,decoder_by_matrix,6866428194f3c2ecf80b799fe3d7eaa0d7bfdd0bee14693d15f8abf3c1159eda,"{""distance"":5,""physical_error_rate"":1e-05}","{""detection_events"":4690,""detectors_checked"":157890560}"
    403456,         0,         0,   119.8,decoder_by_matrix,f0fc70a0432f83ff513e502442839d2eab02e2bed2f658d0464ff826d304e5e7,"{""distance"":5,""physical_error_rate"":0.0005}","{""detection_events"":113980,""detectors_checked"":68587520}"
    421888,         0,         0,   119.7,decoder_by_matrix,161b5fe948dcfe007f335a5c57bcb8ff38ff3ea8726714a4cc08f5b9386b17ca,"{""distance"":5,""physical_error_rate"":5e-06}","{""detection_events"":1005,""detectors_checked"":71720960}"
    381952,         1,         0,   119.4,decoder_by_matrix,f0fc70a0432f83ff513e502442839d2eab02e2bed2f658d0464ff826d304e5e7,"{""distance"":5,""physical_error_rate"":0.0005}","{""detection_events"":108065,""detectors_checked"":64931840,""obs_mistake_mask=EE"":1}"
    857088,         0,         0,   119.5,decoder_by_matrix,be0c214c078cdb5104153598b498575a1fc035ba16beb428536e5a87ee0a867f,"{""distance"":5,""physical_error_rate"":1e-06}","{""detection_events"":425,""detectors_checked"":145704960}"
   2736128,         0,         0,   119.6,decoder_by_matrix,6866428194f3c2ecf80b799fe3d7eaa0d7bfdd0bee14693d15f8abf3c1159eda,"{""distance"":5,""physical_error_rate"":1e-05}","{""detection_events"":15855,""detectors_checked"":465141760}"
   3068928,         0,         0,   119.6,decoder_by_matrix,161b5fe948dcfe007f335a5c57bcb8ff38ff3ea8726714a4cc08f5b9386b17ca,"{""distance"":5,""physical_error_rate"":5e-06}","{""detection_events"":8570,""detectors_checked"":521717760}"
   3070976,         0,         0,   119.6,decoder_by_matrix,6866428194f3c2ecf80b799fe3d7eaa0d7bfdd0bee14693d15f8abf3c1159eda,"{""distance"":5,""physical_error_rate"":1e-05}","{""detection_events"":17955,""detectors_checked"":522065920}"
   2579456,         0,         0,   119.6,decoder_by_matrix,161b5fe948dcfe007f335a5c57bcb8ff38ff3ea8726714a4cc08f5b9386b17ca,"{""distance"":5,""physical_error_rate"":5e-06}","{""detection_events"":7255,""detectors_checked"":438507520}"
   2755584,         0,         0,   119.7,decoder_by_matrix,cc9cd6551b3048ae216380ccb8ae5d3cca75b5b766fe651c47ef084ce4ce7dc6,"{""distance"":5,""physical_error_rate"":5e-05}","{""detection_events"":78445,""detectors_checked"":468449280}"
   2880512,         0,         0,   119.6,decoder_by_matrix,f0fc70a0432f83ff513e502442839d2eab02e2bed2f658d0464ff826d304e5e7,"{""distance"":5,""physical_error_rate"":0.0005}","{""detection_events"":818330,""detectors_checked"":489687040}"
   2753536,         0,         0,   119.6,decoder_by_matrix,161b5fe948dcfe007f335a5c57bcb8ff38ff3ea8726714a4cc08f5b9386b17ca,"{""distance"":5,""physical_error_rate"":5e-06}","{""detection_events"":7930,""detectors_checked"":468101120}"
   2741248,         0,         0,   119.6,decoder_by_matrix,a052b2ce6ed64a98931ebcd7492590a746d7ec6e385d9f4479eb5b69a31b01f0,"{""distance"":5,""physical_error_rate"":0.0001}","{""detection_events"":156715,""detectors_checked"":466012160}"
   2799616,         3,         0,   119.6,decoder_by_matrix,5b8a070a3cf8d31d64f24dbee89f3428cb9cab13fc59f7448d798f9bf08e9187,"{""distance"":5,""physical_error_rate"":0.001}","{""detection_events"":1585745,""detectors_checked"":475934720,""obs_mistake_mask=EE"":1,""obs_mistake_mask=_E"":2}"
   2640896,         6,         0,   119.6,decoder_by_matrix,5b8a070a3cf8d31d64f24dbee89f3428cb9cab13fc59f7448d798f9bf08e9187,"{""distance"":5,""physical_error_rate"":0.001}","{""detection_events"":1505555,""detectors_checked"":448952320,""obs_mistake_mask=E_"":5,""obs_mistake_mask=_E"":1}"
   2767872,         0,         0,   119.6,decoder_by_matrix,cc9cd6551b3048ae216380ccb8ae5d3cca75b5b766fe651c47ef084ce4ce7dc6,"{""distance"":5,""physical_error_rate"":5e-05}","{""detection_events"":78090,""detectors_checked"":470538240}"
   2969600,         0,         0,   119.6,decoder_by_matrix,a052b2ce6ed64a98931ebcd7492590a746d7ec6e385d9f4479eb5b69a31b01f0,"{""distance"":5,""physical_error_rate"":0.0001}","{""detection_events"":167985,""detectors_checked"":504832000}"
   2830336,         0,         0,   119.6,decoder_by_matrix,be0c214c078cdb5104153598b498575a1fc035ba16beb428536e5a87ee0a867f,"{""distance"":5,""physical_error_rate"":1e-06}","{""detection_events"":1590,""detectors_checked"":481157120}"
   2557952,         0,         0,   119.7,decoder_by_matrix,f0fc70a0432f83ff513e502442839d2eab02e2bed2f658d0464ff826d304e5e7,"{""distance"":5,""physical_error_rate"":0.0005}","{""detection_events"":724445,""detectors_checked"":434851840}"
   2837504,         0,         0,   119.6,decoder_by_matrix,be0c214c078cdb5104153598b498575a1fc035ba16beb428536e5a87ee0a867f,"{""distance"":5,""physical_error_rate"":1e-06}","{""detection_events"":1500,""detectors_checked"":482375680}"
   2625536,         0,         0,   119.6,decoder_by_matrix,a052b2ce6ed64a98931ebcd7492590a746d7ec6e385d9f4479eb5b69a31b01f0,"{""distance"":5,""physical_error_rate"":0.0001}","{""detection_events"":146440,""detectors_checked"":446341120}"
   2463744,         0,         0,   119.7,decoder_by_matrix,be0c214c078cdb5104153598b498575a1fc035ba16beb428536e5a87ee0a867f,"{""distance"":5,""physical_error_rate"":1e-06}","{""detection_events"":1500,""detectors_checked"":418836480}"
   2978816,         0,         0,   119.6,decoder_by_matrix,cc9cd6551b3048ae216380ccb8ae5d3cca75b5b766fe651c47ef084ce4ce7dc6,"{""distance"":5,""physical_error_rate"":5e-05}","{""detection_events"":81515,""detectors_checked"":506398720}"
   2763776,         0,         0,   119.6,decoder_by_matrix,6866428194f3c2ecf80b799fe3d7eaa0d7bfdd0bee14693d15f8abf3c1159eda,"{""distance"":5,""physical_error_rate"":1e-05}","{""detection_events"":15630,""detectors_checked"":469841920}"
   2551808,         2,         0,   119.6,decoder_by_matrix,f0fc70a0432f83ff513e502442839d2eab02e2bed2f658d0464ff826d304e5e7,"{""distance"":5,""physical_error_rate"":0.0005}","{""detection_events"":731620,""detectors_checked"":433807360,""obs_mistake_mask=E_"":1,""obs_mistake_mask=_E"":1}"
    443392,         0,         0,   119.5,decoder_by_matrix,5b8a070a3cf8d31d64f24dbee89f3428cb9cab13fc59f7448d798f9bf08e9187,"{""distance"":5,""physical_error_rate"":0.001}","{""detection_events"":254445,""detectors_checked"":75376640}"
    435200,         2,         0,   119.0,decoder_by_matrix,5b8a070a3cf8d31d64f24dbee89f3428cb9cab13fc59f7448d798f9bf08e9187,"{""distance"":5,""physical_error_rate"":0.001}","{""detection_events"":247140,""detectors_checked"":73984000,""obs_mistake_mask=E_"":1,""obs_mistake_mask=_E"":1}"
    392192,         0,         0,   119.1,decoder_by_matrix,be0c214c078cdb5104153598b498575a1fc035ba16beb428536e5a87ee0a867f,"{""distance"":5,""physical_error_rate"":1e-06}","{""detection_events"":90,""detectors_checked"":66672640}"
    807936,         0,         0,   119.6,decoder_by_matrix,cc9cd6551b3048ae216380ccb8ae5d3cca75b5b766fe651c47ef084ce4ce7dc6,"{""distance"":5,""physical_error_rate"":5e-05}","{""detection_events"":21650,""detectors_checked"":137349120}"
    429056,         0,         0,   119.2,decoder_by_matrix,161b5fe948dcfe007f335a5c57bcb8ff38ff3ea8726714a4cc08f5b9386b17ca,"{""distance"":5,""physical_error_rate"":5e-06}","{""detection_events"":965,""detectors_checked"":72939520}"
    407552,         1,         0,   119.2,decoder_by_matrix,5b8a070a3cf8d31d64f24dbee89f3428cb9cab13fc59f7448d798f9bf08e9187,"{""distance"":5,""physical_error_rate"":0.001}","{""detection_events"":230385,""detectors_checked"":69283840,""obs_mistake_mask=EE"":1}"
    415744,         0,         0,   118.8,decoder_by_matrix,cc9cd6551b3048ae216380ccb8ae5d3cca75b5b766fe651c47ef084ce4ce7dc6,"{""distance"":5,""physical_error_rate"":5e-05}","{""detection_events"":11455,""detectors_checked"":70676480}"
    558080,         0,         0,   119.1,decoder_by_matrix,6866428194f3c2ecf80b799fe3d7eaa0d7bfdd0bee14693d15f8abf3c1159eda,"{""distance"":5,""physical_error_rate"":1e-05}","{""detection_events"":3480,""detectors_checked"":94873600}"
    414720,         0,         0,   119.6,decoder_by_matrix,f0fc70a0432f83ff513e502442839d2eab02e2bed2f658d0464ff826d304e5e7,"{""distance"":5,""physical_error_rate"":0.0005}","{""detection_events"":117015,""detectors_checked"":70502400}"
    408576,         3,         0,   119.2,decoder_by_matrix,5b8a070a3cf8d31d64f24dbee89f3428cb9cab13fc59f7448d798f9bf08e9187,"{""distance"":5,""physical_error_rate"":0.001}","{""detection_events"":226240,""detectors_checked"":69457920,""obs_mistake_mask=_E"":3}"
   3036160,         0,         0,   119.6,decoder_by_matrix,be0c214c078cdb5104153598b498575a1fc035ba16beb428536e5a87ee0a867f,"{""distance"":5,""physical_error_rate"":1e-06}","{""detection_events"":1740,""detectors_checked"":516147200}"
   3027968,         0,         0,   119.6,decoder_by_matrix,161b5fe948dcfe007f335a5c57bcb8ff38ff3ea8726714a4cc08f5b9386b17ca,"{""distance"":5,""physical_error_rate"":5e-06}","{""detection_events"":8255,""detectors_checked"":514754560}"
    394240,         0,         0,   119.8,decoder_by_matrix,a052b2ce6ed64a98931ebcd7492590a746d7ec6e385d9f4479eb5b69a31b01f0,"{""distance"":5,""physical_error_rate"":0.0001}","{""detection_events"":21660,""detectors_checked"":67020800}"
    748544,         0,         0,   120.1,decoder_by_matrix,a052b2ce6ed64a98931ebcd7492590a746d7ec6e385d9f4479eb5b69a31b01f0,"{""distance"":5,""physical_error_rate"":0.0001}","{""detection_events"":45010,""detectors_checked"":127252480}"
    398336,         0,         0,   119.2,decoder_by_matrix,cc9cd6551b3048ae216380ccb8ae5d3cca75b5b766fe651c47ef084ce4ce7dc6,"{""distance"":5,""physical_error_rate"":5e-05}","{""detection_events"":10995,""detectors_checked"":67717120}"
    695296,         0,         0,   119.7,decoder_by_matrix,a052b2ce6ed64a98931ebcd7492590a746d7ec6e385d9f4479eb5b69a31b01f0,"{""distance"":5,""physical_error_rate"":0.0001}","{""detection_events"":42390,""detectors_checked"":118200320}"
    584704,         0,         0,   119.4,decoder_by_matrix,6866428194f3c2ecf80b799fe3d7eaa0d7bfdd0bee14693d15f8abf3c1159eda,"{""distance"":5,""physical_error_rate"":1e-05}","{""detection_events"":3195,""detectors_checked"":99399680}"
    401408,         0,         0,   119.5,decoder_by_matrix,f0fc70a0432f83ff513e502442839d2eab02e2bed2f658d0464ff826d304e5e7,"{""distance"":5,""physical_error_rate"":0.0005}","{""detection_events"":112320,""detectors_checked"":68239360}"
   3167232,         0,         0,   119.6,decoder_by_matrix,be0c214c078cdb5104153598b498575a1fc035ba16beb428536e5a87ee0a867f,"{""distance"":5,""physical_error_rate"":1e-06}","{""detection_events"":1495,""detectors_checked"":538429440}"
   3096576,         0,         0,   119.6,decoder_by_matrix,161b5fe948dcfe007f335a5c57bcb8ff38ff3ea8726714a4cc08f5b9386b17ca,"{""distance"":5,""physical_error_rate"":5e-06}","{""detection_events"":9365,""detectors_checked"":526417920}"
    751616,         0,         0,   120.2,decoder_by_matrix,cc9cd6551b3048ae216380ccb8ae5d3cca75b5b766fe651c47ef084ce4ce7dc6,"{""distance"":5,""physical_error_rate"":5e-05}","{""detection_events"":20995,""detectors_checked"":127774720}"
    796672,         0,         0,   120.5,decoder_by_matrix,a052b2ce6ed64a98931ebcd7492590a746d7ec6e385d9f4479eb5b69a31b01f0,"{""distance"":5,""physical_error_rate"":0.0001}","{""detection_events"":43820,""detectors_checked"":135434240}"
    729088,         0,         0,   119.6,decoder_by_matrix,6866428194f3c2ecf80b799fe3d7eaa0d7bfdd0bee14693d15f8abf3c1159eda,"{""distance"":5,""physical_error_rate"":1e-05}","{""detection_events"":3985,""detectors_checked"":123944960}"
    778240,         0,         0,   119.5,decoder_by_matrix,6866428194f3c2ecf80b799fe3d7eaa0d7bfdd0bee14693d15f8abf3c1159eda,"{""distance"":5,""physical_error_rate"":1e-05}","{""detection_events"":4380,""detectors_checked"":132300800}"
    344064,         0,         0,   119.9,decoder_by_matrix,f0fc70a0432f83ff513e502442839d2eab02e2bed2f658d0464ff826d304e5e7,"{""distance"":5,""physical_error_rate"":0.0005}","{""detection_events"":98100,""detectors_checked"":58490880}"
    373760,         0,         0,   119.8,decoder_by_matrix,161b5fe948dcfe007f335a5c57bcb8ff38ff3ea8726714a4cc08f5b9386b17ca,"{""distance"":5,""physical_error_rate"":5e-06}","{""detection_events"":1395,""detectors_checked"":63539200}"
    340992,         0,         0,   119.7,decoder_by_matrix,f0fc70a0432f83ff513e502442839d2eab02e2bed2f658d0464ff826d304e5e7,"{""distance"":5,""physical_error_rate"":0.0005}","{""detection_events"":97500,""detectors_checked"":57968640}"
    691200,         0,         0,   120.1,decoder_by_matrix,be0c214c078cdb5104153598b498575a1fc035ba16beb428536e5a87ee0a867f,"{""distance"":5,""physical_error_rate"":1e-06}","{""detection_events"":335,""detectors_checked"":117504000}"
   2768222,         0,         0,   106.3,decoder_by_matrix,161b5fe948dcfe007f335a5c57bcb8ff38ff3ea8726714a4cc08f5b9386b17ca,"{""distance"":5,""physical_error_rate"":5e-06}","{""detection_events"":7980,""detectors_checked"":470597740}"
   2929664,         0,         0,   119.6,decoder_by_matrix,6866428194f3c2ecf80b799fe3d7eaa0d7bfdd0bee14693d15f8abf3c1159eda,"{""distance"":5,""physical_error_rate"":1e-05}","{""detection_events"":17160,""detectors_checked"":498042880}"
   3118080,         0,         0,   119.6,decoder_by_matrix,6866428194f3c2ecf80b799fe3d7eaa0d7bfdd0bee14693d15f8abf3c1159eda,"{""distance"":5,""physical_error_rate"":1e-05}","{""detection_events"":17665,""detectors_checked"":530073600}"
   2755584,         0,         0,   119.6,decoder_by_matrix,161b5fe948dcfe007f335a5c57bcb8ff38ff3ea8726714a4cc08f5b9386b17ca,"{""distance"":5,""physical_error_rate"":5e-06}","{""detection_events"":8125,""detectors_checked"":468449280}"
   2840576,         0,         0,   119.6,decoder_by_matrix,cc9cd6551b3048ae216380ccb8ae5d3cca75b5b766fe651c47ef084ce4ce7dc6,"{""distance"":5,""physical_error_rate"":5e-05}","{""detection_events"":80100,""detectors_checked"":482897920}"
   2883584,         0,         0,   119.6,decoder_by_matrix,f0fc70a0432f83ff513e502442839d2eab02e2bed2f658d0464ff826d304e5e7,"{""distance"":5,""physical_error_rate"":0.0005}","{""detection_events"":828350,""detectors_checked"":490209280}"
   3084288,         0,         0,   119.6,decoder_by_matrix,161b5fe948dcfe007f335a5c57bcb8ff38ff3ea8726714a4cc08f5b9386b17ca,"{""distance"":5,""physical_error_rate"":5e-06}","{""detection_events"":9200,""detectors_checked"":524328960}"
   2851840,         4,         0,   119.6,decoder_by_matrix,5b8a070a3cf8d31d64f24dbee89f3428cb9cab13fc59f7448d798f9bf08e9187,"{""distance"":5,""physical_error_rate"":0.001}","{""detection_events"":1610100,""detectors_checked"":484812800,""obs_mistake_mask=_E"":4}"
   2781184,         0,         0,   119.6,decoder_by_matrix,a052b2ce6ed64a98931ebcd7492590a746d7ec6e385d9f4479eb5b69a31b01f0,"{""distance"":5,""physical_error_rate"":0.0001}","{""detection_events"":159340,""detectors_checked"":472801280}"
   2721792,         3,         0,   119.6,decoder_by_matrix,5b8a070a3cf8d31d64f24dbee89f3428cb9cab13fc59f7448d798f9bf08e9187,"{""distance"":5,""physical_error_rate"":0.001}","{""detection_events"":1553615,""detectors_checked"":462704640,""obs_mistake_mask=E_"":3}"
   2836480,         0,         0,   119.7,decoder_by_matrix,cc9cd6551b3048ae216380ccb8ae5d3cca75b5b766fe651c47ef084ce4ce7dc6,"{""distance"":5,""physical_error_rate"":5e-05}","{""detection_events"":77700,""detectors_checked"":482201600}"
   2832384,         0,         0,   119.6,decoder_by_matrix,be0c214c078cdb5104153598b498575a1fc035ba16beb428536e5a87ee0a867f,"{""distance"":5,""physical_error_rate"":1e-06}","{""detection_events"":1515,""detectors_checked"":481505280}"
   3006464,         0,         0,   119.6,decoder_by_matrix,a052b2ce6ed64a98931ebcd7492590a746d7ec6e385d9f4479eb5b69a31b01f0,"{""distance"":5,""physical_error_rate"":0.0001}","{""detection_events"":170875,""detectors_checked"":511098880}"
   2723840,         1,         0,   119.6,decoder_by_matrix,f0fc70a0432f83ff513e502442839d2eab02e2bed2f658d0464ff826d304e5e7,"{""distance"":5,""physical_error_rate"":0.0005}","{""detection_events"":775230,""detectors_checked"":463052800,""obs_mistake_mask=_E"":1}"
   2908160,         0,         0,   119.6,decoder_by_matrix,be0c214c078cdb5104153598b498575a1fc035ba16beb428536e5a87ee0a867f,"{""distance"":5,""physical_error_rate"":1e-06}","{""detection_events"":2110,""detectors_checked"":494387200}"
   2864128,         0,         0,   119.6,decoder_by_matrix,a052b2ce6ed64a98931ebcd7492590a746d7ec6e385d9f4479eb5b69a31b01f0,"{""distance"":5,""physical_error_rate"":0.0001}","{""detection_events"":164510,""detectors_checked"":486901760}"
   2703360,         0,         0,   119.5,decoder_by_matrix,be0c214c078cdb5104153598b498575a1fc035ba16beb428536e5a87ee0a867f,"{""distance"":5,""physical_error_rate"":1e-06}","{""detection_events"":1470,""detectors_checked"":459571200}"
   3064832,         0,         0,   119.7,decoder_by_matrix,cc9cd6551b3048ae216380ccb8ae5d3cca75b5b766fe651c47ef084ce4ce7dc6,"{""distance"":5,""physical_error_rate"":5e-05}","{""detection_events"":87295,""detectors_checked"":521021440}"
   2767872,         0,         0,   119.5,decoder_by_matrix,6866428194f3c2ecf80b799fe3d7eaa0d7bfdd0bee14693d15f8abf3c1159eda,"{""distance"":5,""physical_error_rate"":1e-05}","{""detection_events"":14720,""detectors_checked"":470538240}"
   2601984,         1,         0,   119.6,decoder_by_matrix,f0fc70a0432f83ff513e502442839d2eab02e2bed2f658d0464ff826d304e5e7,"{""distance"":5,""physical_error_rate"":0.0005}","{""detection_events"":732175,""detectors_checked"":442337280,""obs_mistake_mask=EE"":1}"
    436224,         2,         0,   119.4,decoder_by_matrix,5b8a070a3cf8d31d64f24dbee89f3428cb9cab13fc59f7448d798f9bf08e9187,"{""distance"":5,""physical_error_rate"":0.001}","{""detection_events"":245715,""detectors_checked"":74158080,""obs_mistake_mask=E_"":1,""obs_mistake_mask=_E"":1}"
    430080,         1,         0,   119.3,decoder_by_matrix,5b8a070a3cf8d31d64f24dbee89f3428cb9cab13fc59f7448d798f9bf08e9187,"{""distance"":5,""physical_error_rate"":0.001}","{""detection_events"":240850,""detectors_checked"":73113600,""obs_mistake_mask=_E"":1}"
    379904,         0,         0,   119.6,decoder_by_matrix,be0c214c078cdb5104153598b498575a1fc035ba16beb428536e5a87ee0a867f,"{""distance"":5,""physical_error_rate"":1e-06}","{""detection_events"":175,""detectors_checked"":64583680}"
    929792,         0,         0,   119.5,decoder_by_matrix,cc9cd6551b3048ae216380ccb8ae5d3cca75b5b766fe651c47ef084ce4ce7dc6,"{""distance"":5,""physical_error_rate"":5e-05}","{""detection_events"":27140,""detectors_checked"":158064640}"
    436224,         0,         0,   119.1,decoder_by_matrix,161b5fe948dcfe007f335a5c57bcb8ff38ff3ea8726714a4cc08f5b9386b17ca,"{""distance"":5,""physical_error_rate"":5e-06}","{""detection_events"":1280,""detectors_checked"":74158080}"
    413696,         1,         0,   119.5,decoder_by_matrix,5b8a070a3cf8d31d64f24dbee89f3428cb9cab13fc59f7448d798f9bf08e9187,"{""distance"":5,""physical_error_rate"":0.001}","{""detection_events"":238270,""detectors_checked"":70328320,""obs_mistake_mask=E_"":1}"
    416768,         0,         0,   119.2,decoder_by_matrix,cc9cd6551b3048ae216380ccb8ae5d3cca75b5b766fe651c47ef084ce4ce7dc6,"{""distance"":5,""physical_error_rate"":5e-05}","{""detection_events"":12405,""detectors_checked"":70850560}"
    320512,         0,         0,   119.5,decoder_by_matrix,6866428194f3c2ecf80b799fe3d7eaa0d7bfdd0bee14693d15f8abf3c1159eda,"{""distance"":5,""physical_error_rate"":1e-05}","{""detection_events"":1705,""detectors_checked"":54487040}"
    417792,         0,         0,   118.5,decoder_by_matrix,f0fc70a0432f83ff513e502442839d2eab02e2bed2f658d0464ff826d304e5e7,"{""distance"":5,""physical_error_rate"":0.0005}","{""detection_events"":121020,""detectors_checked"":71024640}"
    411648,         1,         0,   120.0,decoder_by_matrix,5b8a070a3cf8d31d64f24dbee89f3428cb9cab13fc59f7448d798f9bf08e9187,"{""distance"":5,""physical_error_rate"":0.001}","{""detection_events"":236195,""detectors_checked"":69980160,""obs_mistake_mask=_E"":1}"
   2972672,         0,         0,   119.6,decoder_by_matrix,be0c214c078cdb5104153598b498575a1fc035ba16beb428536e5a87ee0a867f,"{""distance"":5,""physical_error_rate"":1e-06}","{""detection_events"":1910,""detectors_checked"":505354240}"
   2966528,         0,         0,   119.6,decoder_by_matrix,161b5fe948dcfe007f335a5c57bcb8ff38ff3ea8726714a4cc08f5b9386b17ca,"{""distance"":5,""physical_error_rate"":5e-06}","{""detection_events"":8030,""detectors_checked"":504309760}"
    401408,         0,         0,   119.7,decoder_by_matrix,a052b2ce6ed64a98931ebcd7492590a746d7ec6e385d9f4479eb5b69a31b01f0,"{""distance"":5,""physical_error_rate"":0.0001}","{""detection_events"":23100,""detectors_checked"":68239360}"
   1116160,         0,         0,   119.8,decoder_by_matrix,a052b2ce6ed64a98931ebcd7492590a746d7ec6e385d9f4479eb5b69a31b01f0,"{""distance"":5,""physical_error_rate"":0.0001}","{""detection_events"":62195,""detectors_checked"":189747200}"
    421888,         0,         0,   118.8,decoder_by_matrix,cc9cd6551b3048ae216380ccb8ae5d3cca75b5b766fe651c47ef084ce4ce7dc6,"{""distance"":5,""physical_error_rate"":5e-05}","{""detection_events"":12450,""detectors_checked"":71720960}"
    973824,         0,         0,   120.2,decoder_by_matrix,a052b2ce6ed64a98931ebcd7492590a746d7ec6e385d9f4479eb5b69a31b01f0,"{""distance"":5,""physical_error_rate"":0.0001}","{""detection_events"":56080,""detectors_checked"":165550080}"
    859136,         0,         0,   120.2,decoder_by_matrix,6866428194f3c2ecf80b799fe3d7eaa0d7bfdd0bee14693d15f8abf3c1159eda,"{""distance"":5,""physical_error_rate"":1e-05}","{""detection_events"":5330,""detectors_checked"":146053120}"
    290816,         0,         0,   119.7,decoder_by_matrix,f0fc70a0432f83ff513e502442839d2eab02e2bed2f658d0464ff826d304e5e7,"{""distance"":5,""physical_error_rate"":0.0005}","{""detection_events"":84560,""detectors_checked"":49438720}"
   3169280,         0,         0,   119.6,decoder_by_matrix,be0c214c078cdb5104153598b498575a1fc035ba16beb428536e5a87ee0a867f,"{""distance"":5,""physical_error_rate"":1e-06}","{""detection_events"":1940,""detectors_checked"":538777600}"
   3023872,         0,         0,   119.6,decoder_by_matrix,161b5fe948dcfe007f335a5c57bcb8ff38ff3ea8726714a4cc08f5b9386b17ca,"{""distance"":5,""physical_error_rate"":5e-06}","{""detection_events"":8745,""detectors_checked"":514058240}"
   1921513,         0,         0,    74.6,decoder_by_matrix,6866428194f3c2ecf80b799fe3d7eaa0d7bfdd0bee14693d15f8abf3c1159eda,"{""distance"":5,""physical_error_rate"":1e-05}","{""detection_events"":10325,""detectors_checked"":326657210}"
   1048576,         0,         0,   119.7,decoder_by_matrix,cc9cd6551b3048ae216380ccb8ae5d3cca75b5b766fe651c47ef084ce4ce7dc6,"{""distance"":5,""physical_error_rate"":5e-05}","{""detection_events"":29910,""detectors_checked"":178257920}"
    983040,         0,         0,   120.3,decoder_by_matrix,a052b2ce6ed64a98931ebcd7492590a746d7ec6e385d9f4479eb5b69a31b01f0,"{""distance"":5,""physical_error_rate"":0.0001}","{""detection_events"":56435,""detectors_checked"":167116800}"
    958464,         0,         0,   120.2,decoder_by_matrix,6866428194f3c2ecf80b799fe3d7eaa0d7bfdd0bee14693d15f8abf3c1159eda,"{""distance"":5,""physical_error_rate"":1e-05}","{""detection_events"":5045,""detectors_checked"":162938880}"
    932864,         0,         0,   120.2,decoder_by_matrix,6866428194f3c2ecf80b799fe3d7eaa0d7bfdd0bee14693d15f8abf3c1159eda,"{""distance"":5,""physical_error_rate"":1e-05}","{""detection_events"":5690,""detectors_checked"":158586880}"
    357376,         0,         0,   119.7,decoder_by_matrix,f0fc70a0432f83ff513e502442839d2eab02e2bed2f658d0464ff826d304e5e7,"{""distance"":5,""physical_error_rate"":0.0005}","{""detection_events"":101750,""detectors_checked"":60753920}"
    529023,         0,         0,    19.2,decoder_by_matrix,be0c214c078cdb5104153598b498575a1fc035ba16beb428536e5a87ee0a867f,"{""distance"":5,""physical_error_rate"":1e-06}","{""detection_events"":305,""detectors_checked"":89933910}"
    377856,         0,         0,   119.7,decoder_by_matrix,161b5fe948dcfe007f335a5c57bcb8ff38ff3ea8726714a4cc08f5b9386b17ca,"{""distance"":5,""physical_error_rate"":5e-06}","{""detection_events"":1045,""detectors_checked"":64235520}"
    334848,         1,         0,   120.2,decoder_by_matrix,f0fc70a0432f83ff513e502442839d2eab02e2bed2f658d0464ff826d304e5e7,"{""distance"":5,""physical_error_rate"":0.0005}","{""detection_events"":96690,""detectors_checked"":56924160,""obs_mistake_mask=_E"":1}"
    633856,         0,         0,   119.5,decoder_by_matrix,be0c214c078cdb5104153598b498575a1fc035ba16beb428536e5a87ee0a867f,"{""distance"":5,""physical_error_rate"":1e-06}","{""detection_events"":370,""detectors_checked"":107755520}"
   3112960,         0,         0,   119.5,decoder_by_matrix,161b5fe948dcfe007f335a5c57bcb8ff38ff3ea8726714a4cc08f5b9386b17ca,"{""distance"":5,""physical_error_rate"":5e-06}","{""detection_events"":8675,""detectors_checked"":529203200}"
   3000320,         0,         0,   119.6,decoder_by_matrix,6866428194f3c2ecf80b799fe3d7eaa0d7bfdd0bee14693d15f8abf3c1159eda,"{""distance"":5,""physical_error_rate"":1e-05}","{""detection_events"":17625,""detectors_checked"":510054400}"
   2871296,         2,         0,   119.6,decoder_by_matrix,f0fc70a0432f83ff513e502442839d2eab02e2bed2f658d0464ff826d304e5e7,"{""distance"":5,""physical_error_rate"":0.0005}","{""detection_events"":815380,""detectors_checked"":488120320,""obs_mistake_mask=EE"":1,""obs_mistake_mask=_E"":1}"
   2679808,         0,         0,   119.6,decoder_by_matrix,cc9cd6551b3048ae216380ccb8ae5d3cca75b5b766fe651c47ef084ce4ce7dc6,"{""distance"":5,""physical_error_rate"":5e-05}","{""detection_events"":75530,""detectors_checked"":455567360}"
   2661376,         0,         0,   119.6,decoder_by_matrix,161b5fe948dcfe007f335a5c57bcb8ff38ff3ea8726714a4cc08f5b9386b17ca,"{""distance"":5,""physical_error_rate"":5e-06}","{""detection_events"":7495,""detectors_checked"":452433920}"
   3022848,         0,         0,   119.5,decoder_by_matrix,161b5fe948dcfe007f335a5c57bcb8ff38ff3ea8726714a4cc08f5b9386b17ca,"{""distance"":5,""physical_error_rate"":5e-06}","{""detection_events"":8690,""detectors_checked"":513884160}"
   2854912,         3,         0,   119.6,decoder_by_matrix,5b8a070a3cf8d31d64f24dbee89f3428cb9cab13fc59f7448d798f9bf08e9187,"{""distance"":5,""physical_error_rate"":0.001}","{""detection_events"":1612195,""detectors_checked"":485335040,""obs_mistake_mask=E_"":1,""obs_mistake_mask=_E"":2}"
   2753536,         0,         0,   119.6,decoder_by_matrix,a052b2ce6ed64a98931ebcd7492590a746d7ec6e385d9f4479eb5b69a31b01f0,"{""distance"":5,""physical_error_rate"":0.0001}","{""detection_events"":157715,""detectors_checked"":468101120}"
   2630656,         7,         0,   119.6,decoder_by_matrix,5b8a070a3cf8d31d64f24dbee89f3428cb9cab13fc59f7448d798f9bf08e9187,"{""distance"":5,""physical_error_rate"":0.001}","{""detection_events"":1493610,""detectors_checked"":447211520,""obs_mistake_mask=E_"":5,""obs_mistake_mask=_E"":2}"
   2775040,         0,         0,   119.6,decoder_by_matrix,cc9cd6551b3048ae216380ccb8ae5d3cca75b5b766fe651c47ef084ce4ce7dc6,"{""distance"":5,""physical_error_rate"":5e-05}","{""detection_events"":76410,""detectors_checked"":471756800}"
   2898944,         0,         0,   119.6,decoder_by_matrix,a052b2ce6ed64a98931ebcd7492590a746d7ec6e385d9f4479eb5b69a31b01f0,"{""distance"":5,""physical_error_rate"":0.0001}","{""detection_events"":165225,""detectors_checked"":492820480}"
   2782208,         0,         0,   119.7,decoder_by_matrix,be0c214c078cdb5104153598b498575a1fc035ba16beb428536e5a87ee0a867f,"{""distance"":5,""physical_error_rate"":1e-06}","{""detection_events"":1600,""detectors_checked"":472975360}"
   2772992,         1,         0,   119.5,decoder_by_matrix,f0fc70a0432f83ff513e502442839d2eab02e2bed2f658d0464ff826d304e5e7,"{""distance"":5,""physical_error_rate"":0.0005}","{""detection_events"":794395,""detectors_checked"":471408640,""obs_mistake_mask=EE"":1}"
   2897920,         0,         0,   119.6,decoder_by_matrix,be0c214c078cdb5104153598b498575a1fc035ba16beb428536e5a87ee0a867f,"{""distance"":5,""physical_error_rate"":1e-06}","{""detection_events"":1470,""detectors_checked"":492646400}"
   2905088,         0,         0,   119.6,decoder_by_matrix,a052b2ce6ed64a98931ebcd7492590a746d7ec6e385d9f4479eb5b69a31b01f0,"{""distance"":5,""physical_error_rate"":0.0001}","{""detection_events"":165300,""detectors_checked"":493864960}"
   2711552,         0,         0,   119.6,decoder_by_matrix,be0c214c078cdb5104153598b498575a1fc035ba16beb428536e5a87ee0a867f,"{""distance"":5,""physical_error_rate"":1e-06}","{""detection_events"":1480,""detectors_checked"":460963840}"
   2956288,         0,         0,   119.6,decoder_by_matrix,cc9cd6551b3048ae216380ccb8ae5d3cca75b5b766fe651c47ef084ce4ce7dc6,"{""distance"":5,""physical_error_rate"":5e-05}","{""detection_events"":83660,""detectors_checked"":502568960}"
   2768896,         0,         0,   119.5,decoder_by_matrix,6866428194f3c2ecf80b799fe3d7eaa0d7bfdd0bee14693d15f8abf3c1159eda,"{""distance"":5,""physical_error_rate"":1e-05}","{""detection_events"":15215,""detectors_checked"":470712320}"
   2535424,         1,         0,   119.6,decoder_by_matrix,f0fc70a0432f83ff513e502442839d2eab02e2bed2f658d0464ff826d304e5e7,"{""distance"":5,""physical_error_rate"":0.0005}","{""detection_events"":721540,""detectors_checked"":431022080,""obs_mistake_mask=E_"":1}"
    431104,         1,         0,   119.0,decoder_by_matrix,5b8a070a3cf8d31d64f24dbee89f3428cb9cab13fc59f7448d798f9bf08e9187,"{""distance"":5,""physical_error_rate"":0.001}","{""detection_events"":245530,""detectors_checked"":73287680,""obs_mistake_mask=_E"":1}"
    430080,         0,         0,   119.5,decoder_by_matrix,5b8a070a3cf8d31d64f24dbee89f3428cb9cab13fc59f7448d798f9bf08e9187,"{""distance"":5,""physical_error_rate"":0.001}","{""detection_events"":246130,""detectors_checked"":73113600}"
    382976,         0,         0,   119.8,decoder_by_matrix,be0c214c078cdb5104153598b498575a1fc035ba16beb428536e5a87ee0a867f,"{""distance"":5,""physical_error_rate"":1e-06}","{""detection_events"":105,""detectors_checked"":65105920}"
    924672,         0,         0,   119.7,decoder_by_matrix,cc9cd6551b3048ae216380ccb8ae5d3cca75b5b766fe651c47ef084ce4ce7dc6,"{""distance"":5,""physical_error_rate"":5e-05}","{""detection_events"":25995,""detectors_checked"":157194240}"
    439296,         0,         0,   119.0,decoder_by_matrix,161b5fe948dcfe007f335a5c57bcb8ff38ff3ea8726714a4cc08f5b9386b17ca,"{""distance"":5,""physical_error_rate"":5e-06}","{""detection_events"":1485,""detectors_checked"":74680320}"
    387072,         1,         0,   118.8,decoder_by_matrix,5b8a070a3cf8d31d64f24dbee89f3428cb9cab13fc59f7448d798f9bf08e9187,"{""distance"":5,""physical_error_rate"":0.001}","{""detection_events"":224370,""detectors_checked"":65802240,""obs_mistake_mask=E_"":1}"
    418816,         0,         0,   119.4,decoder_by_matrix,cc9cd6551b3048ae216380ccb8ae5d3cca75b5b766fe651c47ef084ce4ce7dc6,"{""distance"":5,""physical_error_rate"":5e-05}","{""detection_events"":11260,""detectors_checked"":71198720}"
    430080,         0,         0,   119.3,decoder_by_matrix,6866428194f3c2ecf80b799fe3d7eaa0d7bfdd0bee14693d15f8abf3c1159eda,"{""distance"":5,""physical_error_rate"":1e-05}","{""detection_events"":2160,""detectors_checked"":73113600}"
    415744,         0,         0,   119.0,decoder_by_matrix,f0fc70a0432f83ff513e502442839d2eab02e2bed2f658d0464ff826d304e5e7,"{""distance"":5,""physical_error_rate"":0.0005}","{""detection_events"":117295,""detectors_checked"":70676480}"
   3061760,         0,         0,   119.6,decoder_by_matrix,be0c214c078cdb5104153598b498575a1fc035ba16beb428536e5a87ee0a867f,"{""distance"":5,""physical_error_rate"":1e-06}","{""detection_events"":2030,""detectors_checked"":520499200}"
    409600,         2,         0,   119.7,decoder_by_matrix,5b8a070a3cf8d31d64f24dbee89f3428cb9cab13fc59f7448d798f9bf08e9187,"{""distance"":5,""physical_error_rate"":0.001}","{""detection_events"":228265,""detectors_checked"":69632000,""obs_mistake_mask=E_"":1,""obs_mistake_mask=_E"":1}"
   3092480,         0,         0,   119.6,decoder_by_matrix,161b5fe948dcfe007f335a5c57bcb8ff38ff3ea8726714a4cc08f5b9386b17ca,"{""distance"":5,""physical_error_rate"":5e-06}","{""detection_events"":9165,""detectors_checked"":525721600}"
    837632,         0,         0,   119.5,decoder_by_matrix,a052b2ce6ed64a98931ebcd7492590a746d7ec6e385d9f4479eb5b69a31b01f0,"{""distance"":5,""physical_error_rate"":0.0001}","{""detection_events"":48695,""detectors_checked"":142397440}"
    396288,         0,         0,   119.9,decoder_by_matrix,a052b2ce6ed64a98931ebcd7492590a746d7ec6e385d9f4479eb5b69a31b01f0,"{""distance"":5,""physical_error_rate"":0.0001}","{""detection_events"":22225,""detectors_checked"":67368960}"
    429056,         0,         0,   119.4,decoder_by_matrix,cc9cd6551b3048ae216380ccb8ae5d3cca75b5b766fe651c47ef084ce4ce7dc6,"{""distance"":5,""physical_error_rate"":5e-05}","{""detection_events"":12005,""detectors_checked"":72939520}"
    927744,         0,         0,   119.8,decoder_by_matrix,a052b2ce6ed64a98931ebcd7492590a746d7ec6e385d9f4479eb5b69a31b01f0,"{""distance"":5,""physical_error_rate"":0.0001}","{""detection_events"":53125,""detectors_checked"":157716480}"
    915456,         0,         0,   119.7,decoder_by_matrix,6866428194f3c2ecf80b799fe3d7eaa0d7bfdd0bee14693d15f8abf3c1159eda,"{""distance"":5,""physical_error_rate"":1e-05}","{""detection_events"":5420,""detectors_checked"":155627520}"
    398336,         0,         0,   119.8,decoder_by_matrix,f0fc70a0432f83ff513e502442839d2eab02e2bed2f658d0464ff826d304e5e7,"{""distance"":5,""physical_error_rate"":0.0005}","{""detection_events"":113715,""detectors_checked"":67717120}"
   2954240,         0,         0,   119.6,decoder_by_matrix,161b5fe948dcfe007f335a5c57bcb8ff38ff3ea8726714a4cc08f5b9386b17ca,"{""distance"":5,""physical_error_rate"":5e-06}","{""detection_events"":8095,""detectors_checked"":502220800}"
   3073024,         0,         0,   119.6,decoder_by_matrix,6866428194f3c2ecf80b799fe3d7eaa0d7bfdd0bee14693d15f8abf3c1159eda,"{""distance"":5,""physical_error_rate"":1e-05}","{""detection_events"":17005,""detectors_checked"":522414080}"
   1177600,         0,         0,   119.6,decoder_by_matrix,cc9cd6551b3048ae216380ccb8ae5d3cca75b5b766fe651c47ef084ce4ce7dc6,"{""distance"":5,""physical_error_rate"":5e-05}","{""detection_events"":33475,""detectors_checked"":200192000}"
    993280,         0,         0,   119.8,decoder_by_matrix,a052b2ce6ed64a98931ebcd7492590a746d7ec6e385d9f4479eb5b69a31b01f0,"{""distance"":5,""physical_error_rate"":0.0001}","{""detection_events"":54060,""detectors_checked"":168857600}"
   1055744,         0,         0,   119.7,decoder_by_matrix,6866428194f3c2ecf80b799fe3d7eaa0d7bfdd0bee14693d15f8abf3c1159eda,"{""distance"":5,""physical_error_rate"":1e-05}","{""detection_events"":5635,""detectors_checked"":179476480}"
   1012736,         0,         0,   119.5,decoder_by_matrix,6866428194f3c2ecf80b799fe3d7eaa0d7bfdd0bee14693d15f8abf3c1159eda,"{""distance"":5,""physical_error_rate"":1e-05}","{""detection_events"":4875,""detectors_checked"":172165120}"
    382976,         0,         0,   119.7,decoder_by_matrix,f0fc70a0432f83ff513e502442839d2eab02e2bed2f658d0464ff826d304e5e7,"{""distance"":5,""physical_error_rate"":0.0005}","{""detection_events"":107935,""detectors_checked"":65105920}"
   3036160,         0,         0,   119.5,decoder_by_matrix,be0c214c078cdb5104153598b498575a1fc035ba16beb428536e5a87ee0a867f,"{""distance"":5,""physical_error_rate"":1e-06}","{""detection_events"":1815,""detectors_checked"":516147200}"
    933888,         0,         0,   119.5,decoder_by_matrix,161b5fe948dcfe007f335a5c57bcb8ff38ff3ea8726714a4cc08f5b9386b17ca,"{""distance"":5,""physical_error_rate"":5e-06}","{""detection_events"":2535,""detectors_checked"":158760960}"
    371712,         0,         0,   119.3,decoder_by_matrix,f0fc70a0432f83ff513e502442839d2eab02e2bed2f658d0464ff826d304e5e7,"{""distance"":5,""physical_error_rate"":0.0005}","{""detection_events"":103290,""detectors_checked"":63191040}"
    897024,         0,         0,   119.6,decoder_by_matrix,be0c214c078cdb5104153598b498575a1fc035ba16beb428536e5a87ee0a867f,"{""distance"":5,""physical_error_rate"":1e-06}","{""detection_events"":630,""detectors_checked"":152494080}"
   2457063,         0,         0,    97.1,decoder_by_matrix,cc9cd6551b3048ae216380ccb8ae5d3cca75b5b766fe651c47ef084ce4ce7dc6,"{""distance"":5,""physical_error_rate"":5e-05}","{""detection_events"":71955,""detectors_checked"":417700710}"
   3051520,         0,         0,   119.6,decoder_by_matrix,161b5fe948dcfe007f335a5c57bcb8ff38ff3ea8726714a4cc08f5b9386b17ca,"{""distance"":5,""physical_error_rate"":5e-06}","{""detection_events"":8945,""detectors_checked"":518758400}"
   2679808,         0,         0,   119.5,decoder_by_matrix,6866428194f3c2ecf80b799fe3d7eaa0d7bfdd0bee14693d15f8abf3c1159eda,"{""distance"":5,""physical_error_rate"":1e-05}","{""detection_events"":15370,""detectors_checked"":455567360}"
   2789376,         0,         0,   119.6,decoder_by_matrix,cc9cd6551b3048ae216380ccb8ae5d3cca75b5b766fe651c47ef084ce4ce7dc6,"{""distance"":5,""physical_error_rate"":5e-05}","{""detection_events"":78990,""detectors_checked"":474193920}"
   2764800,         0,         0,   119.5,decoder_by_matrix,161b5fe948dcfe007f335a5c57bcb8ff38ff3ea8726714a4cc08f5b9386b17ca,"{""distance"":5,""physical_error_rate"":5e-06}","{""detection_events"":7815,""detectors_checked"":470016000}"
   2869248,         0,         0,   119.7,decoder_by_matrix,f0fc70a0432f83ff513e502442839d2eab02e2bed2f658d0464ff826d304e5e7,"{""distance"":5,""physical_error_rate"":0.0005}","{""detection_events"":813735,""detectors_checked"":487772160}"
   2898944,         0,         0,   119.7,decoder_by_matrix,161b5fe948dcfe007f335a5c57bcb8ff38ff3ea8726714a4cc08f5b9386b17ca,"{""distance"":5,""physical_error_rate"":5e-06}","{""detection_events"":8540,""detectors_checked"":492820480}"
   2445312,         2,         0,   119.6,decoder_by_matrix,5b8a070a3cf8d31d64f24dbee89f3428cb9cab13fc59f7448d798f9bf08e9187,"{""distance"":5,""physical_error_rate"":0.001}","{""detection_events"":1393745,""detectors_checked"":415703040,""obs_mistake_mask=EE"":1,""obs_mistake_mask=E_"":1}"
   2669568,         0,         0,   119.7,decoder_by_matrix,a052b2ce6ed64a98931ebcd7492590a746d7ec6e385d9f4479eb5b69a31b01f0,"{""distance"":5,""physical_error_rate"":0.0001}","{""detection_events"":153620,""detectors_checked"":453826560}"
   2383872,         6,         0,   119.6,decoder_by_matrix,5b8a070a3cf8d31d64f24dbee89f3428cb9cab13fc59f7448d798f9bf08e9187,"{""distance"":5,""physical_error_rate"":0.001}","{""detection_events"":1348420,""detectors_checked"":405258240,""obs_mistake_mask=EE"":1,""obs_mistake_mask=E_"":2,""obs_mistake_mask=_E"":3}"
   2801664,         0,         0,   119.6,decoder_by_matrix,cc9cd6551b3048ae216380ccb8ae5d3cca75b5b766fe651c47ef084ce4ce7dc6,"{""distance"":5,""physical_error_rate"":5e-05}","{""detection_events"":82500,""detectors_checked"":476282880}"
   2738176,         0,         0,   119.6,decoder_by_matrix,be0c214c078cdb5104153598b498575a1fc035ba16beb428536e5a87ee0a867f,"{""distance"":5,""physical_error_rate"":1e-06}","{""detection_events"":2020,""detectors_checked"":465489920}"
   2710528,         0,         0,   119.6,decoder_by_matrix,f0fc70a0432f83ff513e502442839d2eab02e2bed2f658d0464ff826d304e5e7,"{""distance"":5,""physical_error_rate"":0.0005}","{""detection_events"":769010,""detectors_checked"":460789760}"
   2960384,         0,         0,   119.6,decoder_by_matrix,a052b2ce6ed64a98931ebcd7492590a746d7ec6e385d9f4479eb5b69a31b01f0,"{""distance"":5,""physical_error_rate"":0.0001}","{""detection_events"":167595,""detectors_checked"":503265280}"
   2585600,         0,         0,   119.6,decoder_by_matrix,be0c214c078cdb5104153598b498575a1fc035ba16beb428536e5a87ee0a867f,"{""distance"":5,""physical_error_rate"":1e-06}","{""detection_events"":1825,""detectors_checked"":439552000}"
   2672640,         0,         0,   119.6,decoder_by_matrix,a052b2ce6ed64a98931ebcd7492590a746d7ec6e385d9f4479eb5b69a31b01f0,"{""distance"":5,""physical_error_rate"":0.0001}","{""detection_events"":151185,""detectors_checked"":454348800}"
   2640896,         0,         0,   119.6,decoder_by_matrix,be0c214c078cdb5104153598b498575a1fc035ba16beb428536e5a87ee0a867f,"{""distance"":5,""physical_error_rate"":1e-06}","{""detection_events"":1790,""detectors_checked"":448952320}"
   2753536,         0,         0,   119.5,decoder_by_matrix,6866428194f3c2ecf80b799fe3d7eaa0d7bfdd0bee14693d15f8abf3c1159eda,"{""distance"":5,""physical_error_rate"":1e-05}","{""detection_events"":14840,""detectors_checked"":468101120}"
   2464768,         1,         0,   119.6,decoder_by_matrix,f0fc70a0432f83ff513e502442839d2eab02e2bed2f658d0464ff826d304e5e7,"{""distance"":5,""physical_error_rate"":0.0005}","{""detection_events"":702785,""detectors_checked"":419010560,""obs_mistake_mask=E_"":1}"
    237176,         0,         0,    11.0,decoder_by_matrix,a052b2ce6ed64a98931ebcd7492590a746d7ec6e385d9f4479eb5b69a31b01f0,"{""distance"":5,""physical_error_rate"":0.0001}","{""detection_events"":12575,""detectors_checked"":40319920}"
    514048,         0,         0,   119.3,decoder_by_matrix,5b8a070a3cf8d31d64f24dbee89f3428cb9cab13fc59f7448d798f9bf08e9187,"{""distance"":5,""physical_error_rate"":0.001}","{""detection_events"":290070,""detectors_checked"":87388160}"
    632832,         1,         0,   119.5,decoder_by_matrix,5b8a070a3cf8d31d64f24dbee89f3428cb9cab13fc59f7448d798f9bf08e9187,"{""distance"":5,""physical_error_rate"":0.001}","{""detection_events"":357835,""detectors_checked"":107581440,""obs_mistake_mask=_E"":1}"
    443392,         0,         0,   119.7,decoder_by_matrix,be0c214c078cdb5104153598b498575a1fc035ba16beb428536e5a87ee0a867f,"{""distance"":5,""physical_error_rate"":1e-06}","{""detection_events"":255,""detectors_checked"":75376640}"
   1383424,         0,         0,   119.5,decoder_by_matrix,cc9cd6551b3048ae216380ccb8ae5d3cca75b5b766fe651c47ef084ce4ce7dc6,"{""distance"":5,""physical_error_rate"":5e-05}","{""detection_events"":39405,""detectors_checked"":235182080}"
    506880,         0,         0,   119.1,decoder_by_matrix,161b5fe948dcfe007f335a5c57bcb8ff38ff3ea8726714a4cc08f5b9386b17ca,"{""distance"":5,""physical_error_rate"":5e-06}","{""detection_events"":1535,""detectors_checked"":86169600}"
    468992,         0,         0,   119.3,decoder_by_matrix,5b8a070a3cf8d31d64f24dbee89f3428cb9cab13fc59f7448d798f9bf08e9187,"{""distance"":5,""physical_error_rate"":0.001}","{""detection_events"":266480,""detectors_checked"":79728640}"
    485376,         0,         0,   119.6,decoder_by_matrix,6866428194f3c2ecf80b799fe3d7eaa0d7bfdd0bee14693d15f8abf3c1159eda,"{""distance"":5,""physical_error_rate"":1e-05}","{""detection_events"":2545,""detectors_checked"":82513920}"
    489472,         0,         0,   119.3,decoder_by_matrix,cc9cd6551b3048ae216380ccb8ae5d3cca75b5b766fe651c47ef084ce4ce7dc6,"{""distance"":5,""physical_error_rate"":5e-05}","{""detection_events"":14570,""detectors_checked"":83210240}"
    492544,         0,         0,   119.0,decoder_by_matrix,f0fc70a0432f83ff513e502442839d2eab02e2bed2f658d0464ff826d304e5e7,"{""distance"":5,""physical_error_rate"":0.0005}","{""detection_events"":139040,""detectors_checked"":83732480}"
   2673664,         0,         0,   119.6,decoder_by_matrix,be0c214c078cdb5104153598b498575a1fc035ba16beb428536e5a87ee0a867f,"{""distance"":5,""physical_error_rate"":1e-06}","{""detection_events"":1830,""detectors_checked"":454522880}"
   2607104,         0,         0,   119.6,decoder_by_matrix,161b5fe948dcfe007f335a5c57bcb8ff38ff3ea8726714a4cc08f5b9386b17ca,"{""distance"":5,""physical_error_rate"":5e-06}","{""detection_events"":6850,""detectors_checked"":443207680}"
    479232,         0,         0,   119.1,decoder_by_matrix,5b8a070a3cf8d31d64f24dbee89f3428cb9cab13fc59f7448d798f9bf08e9187,"{""distance"":5,""physical_error_rate"":0.001}","{""detection_events"":272985,""detectors_checked"":81469440}"
   1250304,         0,         0,   119.5,decoder_by_matrix,a052b2ce6ed64a98931ebcd7492590a746d7ec6e385d9f4479eb5b69a31b01f0,"{""distance"":5,""physical_error_rate"":0.0001}","{""detection_events"":72140,""detectors_checked"":212551680}"
    448512,         0,         0,   119.7,decoder_by_matrix,a052b2ce6ed64a98931ebcd7492590a746d7ec6e385d9f4479eb5b69a31b01f0,"{""distance"":5,""physical_error_rate"":0.0001}","{""detection_events"":25790,""detectors_checked"":76247040}"
    492544,         0,         0,   119.3,decoder_by_matrix,cc9cd6551b3048ae216380ccb8ae5d3cca75b5b766fe651c47ef084ce4ce7dc6,"{""distance"":5,""physical_error_rate"":5e-05}","{""detection_events"":14280,""detectors_checked"":83732480}"
   1153024,         0,         0,   119.6,decoder_by_matrix,a052b2ce6ed64a98931ebcd7492590a746d7ec6e385d9f4479eb5b69a31b01f0,"{""distance"":5,""physical_error_rate"":0.0001}","{""detection_events"":66845,""detectors_checked"":196014080}"
   1163264,         0,         0,   119.6,decoder_by_matrix,6866428194f3c2ecf80b799fe3d7eaa0d7bfdd0bee14693d15f8abf3c1159eda,"{""distance"":5,""physical_error_rate"":1e-05}","{""detection_events"":6660,""detectors_checked"":197754880}"
    478208,         0,         0,   119.5,decoder_by_matrix,f0fc70a0432f83ff513e502442839d2eab02e2bed2f658d0464ff826d304e5e7,"{""distance"":5,""physical_error_rate"":0.0005}","{""detection_events"":137960,""detectors_checked"":81295360}"
   2487296,         0,         0,   119.5,decoder_by_matrix,161b5fe948dcfe007f335a5c57bcb8ff38ff3ea8726714a4cc08f5b9386b17ca,"{""distance"":5,""physical_error_rate"":5e-06}","{""detection_events"":7380,""detectors_checked"":422840320}"
   2960384,         0,         0,   119.6,decoder_by_matrix,6866428194f3c2ecf80b799fe3d7eaa0d7bfdd0bee14693d15f8abf3c1159eda,"{""distance"":5,""physical_error_rate"":1e-05}","{""detection_events"":16070,""detectors_checked"":503265280}"
   1241088,         0,         0,   119.6,decoder_by_matrix,cc9cd6551b3048ae216380ccb8ae5d3cca75b5b766fe651c47ef084ce4ce7dc6,"{""distance"":5,""physical_error_rate"":5e-05}","{""detection_events"":36080,""detectors_checked"":210984960}"
   1392640,         0,         0,   119.6,decoder_by_matrix,a052b2ce6ed64a98931ebcd7492590a746d7ec6e385d9f4479eb5b69a31b01f0,"{""distance"":5,""physical_error_rate"":0.0001}","{""detection_events"":80455,""detectors_checked"":236748800}"
   1268736,         0,         0,   119.4,decoder_by_matrix,6866428194f3c2ecf80b799fe3d7eaa0d7bfdd0bee14693d15f8abf3c1159eda,"{""distance"":5,""physical_error_rate"":1e-05}","{""detection_events"":6820,""detectors_checked"":215685120}"
   1338368,         0,         0,   119.7,decoder_by_matrix,6866428194f3c2ecf80b799fe3d7eaa0d7bfdd0bee14693d15f8abf3c1159eda,"{""distance"":5,""physical_error_rate"":1e-05}","{""detection_events"":7880,""detectors_checked"":227522560}"
    457728,         0,         0,   119.7,decoder_by_matrix,f0fc70a0432f83ff513e502442839d2eab02e2bed2f658d0464ff826d304e5e7,"{""distance"":5,""physical_error_rate"":0.0005}","{""detection_events"":131185,""detectors_checked"":77813760}"
   2633728,         0,         0,   119.6,decoder_by_matrix,be0c214c078cdb5104153598b498575a1fc035ba16beb428536e5a87ee0a867f,"{""distance"":5,""physical_error_rate"":1e-06}","{""detection_events"":1230,""detectors_checked"":447733760}"
   1133568,         0,         0,   119.6,decoder_by_matrix,161b5fe948dcfe007f335a5c57bcb8ff38ff3ea8726714a4cc08f5b9386b17ca,"{""distance"":5,""physical_error_rate"":5e-06}","{""detection_events"":3145,""detectors_checked"":192706560}"
    816128,         0,         0,   119.4,decoder_by_matrix,f0fc70a0432f83ff513e502442839d2eab02e2bed2f658d0464ff826d304e5e7,"{""distance"":5,""physical_error_rate"":0.0005}","{""detection_events"":231705,""detectors_checked"":138741760}"
   1304576,         0,         0,   119.4,decoder_by_matrix,be0c214c078cdb5104153598b498575a1fc035ba16beb428536e5a87ee0a867f,"{""distance"":5,""physical_error_rate"":1e-06}","{""detection_events"":630,""detectors_checked"":221777920}"
   2923520,         0,         0,   119.6,decoder_by_matrix,cc9cd6551b3048ae216380ccb8ae5d3cca75b5b766fe651c47ef084ce4ce7dc6,"{""distance"":5,""physical_error_rate"":5e-05}","{""detection_events"":84150,""detectors_checked"":496998400}"
   2950144,         0,         0,   119.7,decoder_by_matrix,161b5fe948dcfe007f335a5c57bcb8ff38ff3ea8726714a4cc08f5b9386b17ca,"{""distance"":5,""physical_error_rate"":5e-06}","{""detection_events"":7570,""detectors_checked"":501524480}"
   2665355,         0,         0,   113.9,decoder_by_matrix,f0fc70a0432f83ff513e502442839d2eab02e2bed2f658d0464ff826d304e5e7,"{""distance"":5,""physical_error_rate"":0.0005}","{""detection_events"":757590,""detectors_checked"":453110350}"
   2543616,         0,         0,   119.6,decoder_by_matrix,6866428194f3c2ecf80b799fe3d7eaa0d7bfdd0bee14693d15f8abf3c1159eda,"{""distance"":5,""physical_error_rate"":1e-05}","{""detection_events"":14430,""detectors_checked"":432414720}"
   2418688,         0,         0,   119.6,decoder_by_matrix,cc9cd6551b3048ae216380ccb8ae5d3cca75b5b766fe651c47ef084ce4ce7dc6,"{""distance"":5,""physical_error_rate"":5e-05}","{""detection_events"":69745,""detectors_checked"":411176960}"
   2505728,         0,         0,   119.6,decoder_by_matrix,161b5fe948dcfe007f335a5c57bcb8ff38ff3ea8726714a4cc08f5b9386b17ca,"{""distance"":5,""physical_error_rate"":5e-06}","{""detection_events"":7635,""detectors_checked"":425973760}"
   2725888,         0,         0,   119.6,decoder_by_matrix,161b5fe948dcfe007f335a5c57bcb8ff38ff3ea8726714a4cc08f5b9386b17ca,"{""distance"":5,""physical_error_rate"":5e-06}","{""detection_events"":7825,""detectors_checked"":463400960}"
   2038784,         1,         0,   119.6,decoder_by_matrix,5b8a070a3cf8d31d64f24dbee89f3428cb9cab13fc59f7448d798f9bf08e9187,"{""distance"":5,""physical_error_rate"":0.001}","{""detection_events"":1157225,""detectors_checked"":346593280,""obs_mistake_mask=E_"":1}"
   2276352,         2,         0,   119.6,decoder_by_matrix,5b8a070a3cf8d31d64f24dbee89f3428cb9cab13fc59f7448d798f9bf08e9187,"{""distance"":5,""physical_error_rate"":0.001}","{""detection_events"":1297320,""detectors_checked"":386979840,""obs_mistake_mask=E_"":1,""obs_mistake_mask=_E"":1}"
   2436096,         0,         0,   119.6,decoder_by_matrix,a052b2ce6ed64a98931ebcd7492590a746d7ec6e385d9f4479eb5b69a31b01f0,"{""distance"":5,""physical_error_rate"":0.0001}","{""detection_events"":136205,""detectors_checked"":414136320}"
   2141184,         0,         0,   119.6,decoder_by_matrix,cc9cd6551b3048ae216380ccb8ae5d3cca75b5b766fe651c47ef084ce4ce7dc6,"{""distance"":5,""physical_error_rate"":5e-05}","{""detection_events"":61060,""detectors_checked"":364001280}"
   2676736,         0,         0,   119.5,decoder_by_matrix,be0c214c078cdb5104153598b498575a1fc035ba16beb428536e5a87ee0a867f,"{""distance"":5,""physical_error_rate"":1e-06}","{""detection_events"":1475,""detectors_checked"":455045120}"
   2636800,         0,         0,   119.6,decoder_by_matrix,f0fc70a0432f83ff513e502442839d2eab02e2bed2f658d0464ff826d304e5e7,"{""distance"":5,""physical_error_rate"":0.0005}","{""detection_events"":744845,""detectors_checked"":448256000}"
   2397184,         0,         0,   119.4,decoder_by_matrix,be0c214c078cdb5104153598b498575a1fc035ba16beb428536e5a87ee0a867f,"{""distance"":5,""physical_error_rate"":1e-06}","{""detection_events"":1335,""detectors_checked"":407521280}"
   2409472,         0,         0,   119.6,decoder_by_matrix,a052b2ce6ed64a98931ebcd7492590a746d7ec6e385d9f4479eb5b69a31b01f0,"{""distance"":5,""physical_error_rate"":0.0001}","{""detection_events"":136490,""detectors_checked"":409610240}"
   2365440,         0,         0,   119.5,decoder_by_matrix,be0c214c078cdb5104153598b498575a1fc035ba16beb428536e5a87ee0a867f,"{""distance"":5,""physical_error_rate"":1e-06}","{""detection_events"":1505,""detectors_checked"":402124800}"
   2314240,         0,         0,   119.5,decoder_by_matrix,6866428194f3c2ecf80b799fe3d7eaa0d7bfdd0bee14693d15f8abf3c1159eda,"{""distance"":5,""physical_error_rate"":1e-05}","{""detection_events"":14620,""detectors_checked"":393420800}"
   2263040,         0,         0,   119.6,decoder_by_matrix,f0fc70a0432f83ff513e502442839d2eab02e2bed2f658d0464ff826d304e5e7,"{""distance"":5,""physical_error_rate"":0.0005}","{""detection_events"":645695,""detectors_checked"":384716800}"
   2931712,         0,         0,   119.6,decoder_by_matrix,a052b2ce6ed64a98931ebcd7492590a746d7ec6e385d9f4479eb5b69a31b01f0,"{""distance"":5,""physical_error_rate"":0.0001}","{""detection_events"":170025,""detectors_checked"":498391040}"
    618496,         0,         0,   119.3,decoder_by_matrix,5b8a070a3cf8d31d64f24dbee89f3428cb9cab13fc59f7448d798f9bf08e9187,"{""distance"":5,""physical_error_rate"":0.001}","{""detection_events"":351935,""detectors_checked"":105144320}"
   1364992,         4,         0,   119.7,decoder_by_matrix,5b8a070a3cf8d31d64f24dbee89f3428cb9cab13fc59f7448d798f9bf08e9187,"{""distance"":5,""physical_error_rate"":0.001}","{""detection_events"":772780,""detectors_checked"":232048640,""obs_mistake_mask=E_"":3,""obs_mistake_mask=_E"":1}"
   1319936,         0,         0,   120.1,decoder_by_matrix,be0c214c078cdb5104153598b498575a1fc035ba16beb428536e5a87ee0a867f,"{""distance"":5,""physical_error_rate"":1e-06}","{""detection_events"":790,""detectors_checked"":224389120}"
   1351680,         0,         0,   119.6,decoder_by_matrix,cc9cd6551b3048ae216380ccb8ae5d3cca75b5b766fe651c47ef084ce4ce7dc6,"{""distance"":5,""physical_error_rate"":5e-05}","{""detection_events"":37500,""detectors_checked"":229785600}"
    637952,         0,         0,   119.4,decoder_by_matrix,161b5fe948dcfe007f335a5c57bcb8ff38ff3ea8726714a4cc08f5b9386b17ca,"{""distance"":5,""physical_error_rate"":5e-06}","{""detection_events"":1895,""detectors_checked"":108451840}"
    576512,         2,         0,   119.6,decoder_by_matrix,5b8a070a3cf8d31d64f24dbee89f3428cb9cab13fc59f7448d798f9bf08e9187,"{""distance"":5,""physical_error_rate"":0.001}","{""detection_events"":330690,""detectors_checked"":98007040,""obs_mistake_mask=E_"":2}"
    846848,         0,         0,   119.5,decoder_by_matrix,6866428194f3c2ecf80b799fe3d7eaa0d7bfdd0bee14693d15f8abf3c1159eda,"{""distance"":5,""physical_error_rate"":1e-05}","{""detection_events"":4515,""detectors_checked"":143964160}"
    596992,         0,         0,   118.7,decoder_by_matrix,cc9cd6551b3048ae216380ccb8ae5d3cca75b5b766fe651c47ef084ce4ce7dc6,"{""distance"":5,""physical_error_rate"":5e-05}","{""detection_events"":17195,""detectors_checked"":101488640}"
    585728,         0,         0,   119.1,decoder_by_matrix,f0fc70a0432f83ff513e502442839d2eab02e2bed2f658d0464ff826d304e5e7,"{""distance"":5,""physical_error_rate"":0.0005}","{""detection_events"":166295,""detectors_checked"":99573760}"
   2371584,         0,         0,   119.7,decoder_by_matrix,be0c214c078cdb5104153598b498575a1fc035ba16beb428536e5a87ee0a867f,"{""distance"":5,""physical_error_rate"":1e-06}","{""detection_events"":1440,""detectors_checked"":403169280}"
   2353152,         0,         0,   119.6,decoder_by_matrix,161b5fe948dcfe007f335a5c57bcb8ff38ff3ea8726714a4cc08f5b9386b17ca,"{""distance"":5,""physical_error_rate"":5e-06}","{""detection_events"":6200,""detectors_checked"":400035840}"
    585728,         0,         0,   119.5,decoder_by_matrix,5b8a070a3cf8d31d64f24dbee89f3428cb9cab13fc59f7448d798f9bf08e9187,"{""distance"":5,""physical_error_rate"":0.001}","{""detection_events"":329345,""detectors_checked"":99573760}"
   1403904,         0,         0,   119.6,decoder_by_matrix,a052b2ce6ed64a98931ebcd7492590a746d7ec6e385d9f4479eb5b69a31b01f0,"{""distance"":5,""physical_error_rate"":0.0001}","{""detection_events"":79650,""detectors_checked"":238663680}"
    538624,         0,         0,   119.7,decoder_by_matrix,a052b2ce6ed64a98931ebcd7492590a746d7ec6e385d9f4479eb5b69a31b01f0,"{""distance"":5,""physical_error_rate"":0.0001}","{""detection_events"":30390,""detectors_checked"":91566080}"
    618496,         0,         0,   119.0,decoder_by_matrix,cc9cd6551b3048ae216380ccb8ae5d3cca75b5b766fe651c47ef084ce4ce7dc6,"{""distance"":5,""physical_error_rate"":5e-05}","{""detection_events"":17370,""detectors_checked"":105144320}"
   1343488,         0,         0,   119.6,decoder_by_matrix,a052b2ce6ed64a98931ebcd7492590a746d7ec6e385d9f4479eb5b69a31b01f0,"{""distance"":5,""physical_error_rate"":0.0001}","{""detection_events"":79430,""detectors_checked"":228392960}"
   1404928,         0,         0,   119.6,decoder_by_matrix,6866428194f3c2ecf80b799fe3d7eaa0d7bfdd0bee14693d15f8abf3c1159eda,"{""distance"":5,""physical_error_rate"":1e-05}","{""detection_events"":7650,""detectors_checked"":238837760}"
    596992,         1,         0,   119.4,decoder_by_matrix,f0fc70a0432f83ff513e502442839d2eab02e2bed2f658d0464ff826d304e5e7,"{""distance"":5,""physical_error_rate"":0.0005}","{""detection_events"":170855,""detectors_checked"":101488640,""obs_mistake_mask=EE"":1}"
   2203648,         0,         0,   119.6,decoder_by_matrix,161b5fe948dcfe007f335a5c57bcb8ff38ff3ea8726714a4cc08f5b9386b17ca,"{""distance"":5,""physical_error_rate"":5e-06}","{""detection_events"":6025,""detectors_checked"":374620160}"
   2980864,         0,         0,   119.6,decoder_by_matrix,6866428194f3c2ecf80b799fe3d7eaa0d7bfdd0bee14693d15f8abf3c1159eda,"{""distance"":5,""physical_error_rate"":1e-05}","{""detection_events"":17455,""detectors_checked"":506746880}"
   1381376,         0,         0,   119.5,decoder_by_matrix,cc9cd6551b3048ae216380ccb8ae5d3cca75b5b766fe651c47ef084ce4ce7dc6,"{""distance"":5,""physical_error_rate"":5e-05}","{""detection_events"":39855,""detectors_checked"":234833920}"
   1318912,         0,         0,   119.7,decoder_by_matrix,a052b2ce6ed64a98931ebcd7492590a746d7ec6e385d9f4479eb5b69a31b01f0,"{""distance"":5,""physical_error_rate"":0.0001}","{""detection_events"":75630,""detectors_checked"":224215040}"
   1296384,         0,         0,   119.9,decoder_by_matrix,6866428194f3c2ecf80b799fe3d7eaa0d7bfdd0bee14693d15f8abf3c1159eda,"{""distance"":5,""physical_error_rate"":1e-05}","{""detection_events"":7310,""detectors_checked"":220385280}"
   1464320,         0,         0,   119.6,decoder_by_matrix,6866428194f3c2ecf80b799fe3d7eaa0d7bfdd0bee14693d15f8abf3c1159eda,"{""distance"":5,""physical_error_rate"":1e-05}","{""detection_events"":8620,""detectors_checked"":248934400}"
    577536,         0,         0,   119.4,decoder_by_matrix,f0fc70a0432f83ff513e502442839d2eab02e2bed2f658d0464ff826d304e5e7,"{""distance"":5,""physical_error_rate"":0.0005}","{""detection_events"":167295,""detectors_checked"":98181120}"
   2401280,         0,         0,   119.5,decoder_by_matrix,be0c214c078cdb5104153598b498575a1fc035ba16beb428536e5a87ee0a867f,"{""distance"":5,""physical_error_rate"":1e-06}","{""detection_events"":1335,""detectors_checked"":408217600}"
   1234944,         0,         0,   119.5,decoder_by_matrix,161b5fe948dcfe007f335a5c57bcb8ff38ff3ea8726714a4cc08f5b9386b17ca,"{""distance"":5,""physical_error_rate"":5e-06}","{""detection_events"":4125,""detectors_checked"":209940480}"
   1192960,         1,         0,   119.5,decoder_by_matrix,f0fc70a0432f83ff513e502442839d2eab02e2bed2f658d0464ff826d304e5e7,"{""distance"":5,""physical_error_rate"":0.0005}","{""detection_events"":338910,""detectors_checked"":202803200,""obs_mistake_mask=EE"":1}"
   1305600,         0,         0,   119.7,decoder_by_matrix,be0c214c078cdb5104153598b498575a1fc035ba16beb428536e5a87ee0a867f,"{""distance"":5,""physical_error_rate"":1e-06}","{""detection_events"":845,""detectors_checked"":221952000}"
   2856960,         0,         0,   119.6,decoder_by_matrix,cc9cd6551b3048ae216380ccb8ae5d3cca75b5b766fe651c47ef084ce4ce7dc6,"{""distance"":5,""physical_error_rate"":5e-05}","{""detection_events"":81170,""detectors_checked"":485683200}"
   2921472,         0,         0,   119.6,decoder_by_matrix,161b5fe948dcfe007f335a5c57bcb8ff38ff3ea8726714a4cc08f5b9386b17ca,"{""distance"":5,""physical_error_rate"":5e-06}","{""detection_events"":7930,""detectors_checked"":496650240}"
   2655232,         1,         0,   119.7,decoder_by_matrix,f0fc70a0432f83ff513e502442839d2eab02e2bed2f658d0464ff826d304e5e7,"{""distance"":5,""physical_error_rate"":0.0005}","{""detection_events"":756845,""detectors_checked"":451389440,""obs_mistake_mask=EE"":1}"
   2089984,         0,         0,   119.5,decoder_by_matrix,6866428194f3c2ecf80b799fe3d7eaa0d7bfdd0bee14693d15f8abf3c1159eda,"{""distance"":5,""physical_error_rate"":1e-05}","{""detection_events"":12860,""detectors_checked"":355297280}"
   2253824,         0,         0,   119.6,decoder_by_matrix,cc9cd6551b3048ae216380ccb8ae5d3cca75b5b766fe651c47ef084ce4ce7dc6,"{""distance"":5,""physical_error_rate"":5e-05}","{""detection_events"":63980,""detectors_checked"":383150080}"
   2244608,         0,         0,   119.7,decoder_by_matrix,161b5fe948dcfe007f335a5c57bcb8ff38ff3ea8726714a4cc08f5b9386b17ca,"{""distance"":5,""physical_error_rate"":5e-06}","{""detection_events"":6555,""detectors_checked"":381583360}"
   2309120,         0,         0,   119.6,decoder_by_matrix,161b5fe948dcfe007f335a5c57bcb8ff38ff3ea8726714a4cc08f5b9386b17ca,"{""distance"":5,""physical_error_rate"":5e-06}","{""detection_events"":6735,""detectors_checked"":392550400}"
   2275328,         1,         0,   119.5,decoder_by_matrix,5b8a070a3cf8d31d64f24dbee89f3428cb9cab13fc59f7448d798f9bf08e9187,"{""distance"":5,""physical_error_rate"":0.001}","{""detection_events"":1296785,""detectors_checked"":386805760,""obs_mistake_mask=_E"":1}"
   1930240,         2,         0,   119.7,decoder_by_matrix,5b8a070a3cf8d31d64f24dbee89f3428cb9cab13fc59f7448d798f9bf08e9187,"{""distance"":5,""physical_error_rate"":0.001}","{""detection_events"":1101175,""detectors_checked"":328140800,""obs_mistake_mask=E_"":1,""obs_mistake_mask=_E"":1}"
   2068480,         0,         0,   119.6,decoder_by_matrix,a052b2ce6ed64a98931ebcd7492590a746d7ec6e385d9f4479eb5b69a31b01f0,"{""distance"":5,""physical_error_rate"":0.0001}","{""detection_events"":118915,""detectors_checked"":351641600}"
   2288640,         0,         0,   119.6,decoder_by_matrix,cc9cd6551b3048ae216380ccb8ae5d3cca75b5b766fe651c47ef084ce4ce7dc6,"{""distance"":5,""physical_error_rate"":5e-05}","{""detection_events"":64945,""detectors_checked"":389068800}"
   2319360,         2,         0,   119.6,decoder_by_matrix,f0fc70a0432f83ff513e502442839d2eab02e2bed2f658d0464ff826d304e5e7,"{""distance"":5,""physical_error_rate"":0.0005}","{""detection_events"":660640,""detectors_checked"":394291200,""obs_mistake_mask=E_"":1,""obs_mistake_mask=_E"":1}"
   2593792,         0,         0,   119.6,decoder_by_matrix,be0c214c078cdb5104153598b498575a1fc035ba16beb428536e5a87ee0a867f,"{""distance"":5,""physical_error_rate"":1e-06}","{""detection_events"":1275,""detectors_checked"":440944640}"
   2039808,         0,         0,   119.7,decoder_by_matrix,be0c214c078cdb5104153598b498575a1fc035ba16beb428536e5a87ee0a867f,"{""distance"":5,""physical_error_rate"":1e-06}","{""detection_events"":1185,""detectors_checked"":346767360}"
   2135040,         0,         0,   119.6,decoder_by_matrix,a052b2ce6ed64a98931ebcd7492590a746d7ec6e385d9f4479eb5b69a31b01f0,"{""distance"":5,""physical_error_rate"":0.0001}","{""detection_events"":124815,""detectors_checked"":362956800}"
   2350080,         0,         0,   119.5,decoder_by_matrix,be0c214c078cdb5104153598b498575a1fc035ba16beb428536e5a87ee0a867f,"{""distance"":5,""physical_error_rate"":1e-06}","{""detection_events"":1660,""detectors_checked"":399513600}"
   1967104,         0,         0,   119.6,decoder_by_matrix,6866428194f3c2ecf80b799fe3d7eaa0d7bfdd0bee14693d15f8abf3c1159eda,"{""distance"":5,""physical_error_rate"":1e-05}","{""detection_events"":12205,""detectors_checked"":334407680}"
   2031616,         0,         0,   119.7,decoder_by_matrix,f0fc70a0432f83ff513e502442839d2eab02e2bed2f658d0464ff826d304e5e7,"{""distance"":5,""physical_error_rate"":0.0005}","{""detection_events"":571825,""detectors_checked"":345374720}"
   2838528,         0,         0,   119.6,decoder_by_matrix,a052b2ce6ed64a98931ebcd7492590a746d7ec6e385d9f4479eb5b69a31b01f0,"{""distance"":5,""physical_error_rate"":0.0001}","{""detection_events"":162385,""detectors_checked"":482549760}"
    924672,         0,         0,   119.5,decoder_by_matrix,5b8a070a3cf8d31d64f24dbee89f3428cb9cab13fc59f7448d798f9bf08e9187,"{""distance"":5,""physical_error_rate"":0.001}","{""detection_events"":521060,""detectors_checked"":157194240}"
   1403904,         0,         0,   119.7,decoder_by_matrix,5b8a070a3cf8d31d64f24dbee89f3428cb9cab13fc59f7448d798f9bf08e9187,"{""distance"":5,""physical_error_rate"":0.001}","{""detection_events"":799790,""detectors_checked"":238663680}"
   1518592,         0,         0,   119.7,decoder_by_matrix,be0c214c078cdb5104153598b498575a1fc035ba16beb428536e5a87ee0a867f,"{""distance"":5,""physical_error_rate"":1e-06}","{""detection_events"":720,""detectors_checked"":258160640}"
   1570816,         0,         0,   119.6,decoder_by_matrix,cc9cd6551b3048ae216380ccb8ae5d3cca75b5b766fe651c47ef084ce4ce7dc6,"{""distance"":5,""physical_error_rate"":5e-05}","{""detection_events"":44580,""detectors_checked"":267038720}"
   1049600,         0,         0,   119.6,decoder_by_matrix,161b5fe948dcfe007f335a5c57bcb8ff38ff3ea8726714a4cc08f5b9386b17ca,"{""distance"":5,""physical_error_rate"":5e-06}","{""detection_events"":2980,""detectors_checked"":178432000}"
   1157120,         3,         0,   119.4,decoder_by_matrix,5b8a070a3cf8d31d64f24dbee89f3428cb9cab13fc59f7448d798f9bf08e9187,"{""distance"":5,""physical_error_rate"":0.001}","{""detection_events"":660535,""detectors_checked"":196710400,""obs_mistake_mask=E_"":3}"
   1581056,         0,         0,   119.6,decoder_by_matrix,6866428194f3c2ecf80b799fe3d7eaa0d7bfdd0bee14693d15f8abf3c1159eda,"{""distance"":5,""physical_error_rate"":1e-05}","{""detection_events"":9280,""detectors_checked"":268779520}"
    908288,         0,         0,   119.1,decoder_by_matrix,cc9cd6551b3048ae216380ccb8ae5d3cca75b5b766fe651c47ef084ce4ce7dc6,"{""distance"":5,""physical_error_rate"":5e-05}","{""detection_events"":25100,""detectors_checked"":154408960}"
    903168,         0,         0,   119.0,decoder_by_matrix,f0fc70a0432f83ff513e502442839d2eab02e2bed2f658d0464ff826d304e5e7,"{""distance"":5,""physical_error_rate"":0.0005}","{""detection_events"":253465,""detectors_checked"":153538560}"
   2101248,         0,         0,   119.6,decoder_by_matrix,be0c214c078cdb5104153598b498575a1fc035ba16beb428536e5a87ee0a867f,"{""distance"":5,""physical_error_rate"":1e-06}","{""detection_events"":995,""detectors_checked"":357212160}"
   1937408,         0,         0,   119.5,decoder_by_matrix,161b5fe948dcfe007f335a5c57bcb8ff38ff3ea8726714a4cc08f5b9386b17ca,"{""distance"":5,""physical_error_rate"":5e-06}","{""detection_events"":6080,""detectors_checked"":329359360}"
    854016,         2,         0,   119.5,decoder_by_matrix,5b8a070a3cf8d31d64f24dbee89f3428cb9cab13fc59f7448d798f9bf08e9187,"{""distance"":5,""physical_error_rate"":0.001}","{""detection_events"":486275,""detectors_checked"":145182720,""obs_mistake_mask=EE"":1,""obs_mistake_mask=E_"":1}"
   1441792,         0,         0,   119.6,decoder_by_matrix,a052b2ce6ed64a98931ebcd7492590a746d7ec6e385d9f4479eb5b69a31b01f0,"{""distance"":5,""physical_error_rate"":0.0001}","{""detection_events"":84245,""detectors_checked"":245104640}"
    861184,         0,         0,   119.6,decoder_by_matrix,a052b2ce6ed64a98931ebcd7492590a746d7ec6e385d9f4479eb5b69a31b01f0,"{""distance"":5,""physical_error_rate"":0.0001}","{""detection_events"":49855,""detectors_checked"":146401280}"
   1262592,         0,         0,   119.5,decoder_by_matrix,cc9cd6551b3048ae216380ccb8ae5d3cca75b5b766fe651c47ef084ce4ce7dc6,"{""distance"":5,""physical_error_rate"":5e-05}","{""detection_events"":36925,""detectors_checked"":214640640}"
   1396736,         0,         0,   119.6,decoder_by_matrix,a052b2ce6ed64a98931ebcd7492590a746d7ec6e385d9f4479eb5b69a31b01f0,"{""distance"":5,""physical_error_rate"":0.0001}","{""detection_events"":78920,""detectors_checked"":237445120}"
   1507328,         0,         0,   119.7,decoder_by_matrix,6866428194f3c2ecf80b799fe3d7eaa0d7bfdd0bee14693d15f8abf3c1159eda,"{""distance"":5,""physical_error_rate"":1e-05}","{""detection_events"":8265,""detectors_checked"":256245760}"
    919552,         0,         0,   119.3,decoder_by_matrix,f0fc70a0432f83ff513e502442839d2eab02e2bed2f658d0464ff826d304e5e7,"{""distance"":5,""physical_error_rate"":0.0005}","{""detection_events"":266445,""detectors_checked"":156323840}"
   1832960,         0,         0,   119.5,decoder_by_matrix,161b5fe948dcfe007f335a5c57bcb8ff38ff3ea8726714a4cc08f5b9386b17ca,"{""distance"":5,""physical_error_rate"":5e-06}","{""detection_events"":5030,""detectors_checked"":311603200}"
   2710528,         0,         0,   119.6,decoder_by_matrix,6866428194f3c2ecf80b799fe3d7eaa0d7bfdd0bee14693d15f8abf3c1159eda,"{""distance"":5,""physical_error_rate"":1e-05}","{""detection_events"":15575,""detectors_checked"":460789760}"
   1536000,         0,         0,   119.7,decoder_by_matrix,cc9cd6551b3048ae216380ccb8ae5d3cca75b5b766fe651c47ef084ce4ce7dc6,"{""distance"":5,""physical_error_rate"":5e-05}","{""detection_events"":43975,""detectors_checked"":261120000}"
   1546240,         0,         0,   119.4,decoder_by_matrix,a052b2ce6ed64a98931ebcd7492590a746d7ec6e385d9f4479eb5b69a31b01f0,"{""distance"":5,""physical_error_rate"":0.0001}","{""detection_events"":89635,""detectors_checked"":262860800}"
   1441792,         0,         0,   119.6,decoder_by_matrix,6866428194f3c2ecf80b799fe3d7eaa0d7bfdd0bee14693d15f8abf3c1159eda,"{""distance"":5,""physical_error_rate"":1e-05}","{""detection_events"":8595,""detectors_checked"":245104640}"
   1646592,         0,         0,   119.6,decoder_by_matrix,6866428194f3c2ecf80b799fe3d7eaa0d7bfdd0bee14693d15f8abf3c1159eda,"{""distance"":5,""physical_error_rate"":1e-05}","{""detection_events"":8985,""detectors_checked"":279920640}"
   1362944,         0,         0,   119.7,decoder_by_matrix,f0fc70a0432f83ff513e502442839d2eab02e2bed2f658d0464ff826d304e5e7,"{""distance"":5,""physical_error_rate"":0.0005}","{""detection_events"":388740,""detectors_checked"":231700480}"
   2014208,         0,         0,   119.5,decoder_by_matrix,be0c214c078cdb5104153598b498575a1fc035ba16beb428536e5a87ee0a867f,"{""distance"":5,""physical_error_rate"":1e-06}","{""detection_events"":1210,""detectors_checked"":342415360}"
   1520640,         0,         0,   119.6,decoder_by_matrix,161b5fe948dcfe007f335a5c57bcb8ff38ff3ea8726714a4cc08f5b9386b17ca,"{""distance"":5,""physical_error_rate"":5e-06}","{""detection_events"":4180,""detectors_checked"":258508800}"
   1564672,         1,         0,   119.5,decoder_by_matrix,f0fc70a0432f83ff513e502442839d2eab02e2bed2f658d0464ff826d304e5e7,"{""distance"":5,""physical_error_rate"":0.0005}","{""detection_events"":446415,""detectors_checked"":265994240,""obs_mistake_mask=E_"":1}"
   1376256,         0,         0,   119.6,decoder_by_matrix,be0c214c078cdb5104153598b498575a1fc035ba16beb428536e5a87ee0a867f,"{""distance"":5,""physical_error_rate"":1e-06}","{""detection_events"":895,""detectors_checked"":233963520}"
   2435072,         0,         0,   119.6,decoder_by_matrix,cc9cd6551b3048ae216380ccb8ae5d3cca75b5b766fe651c47ef084ce4ce7dc6,"{""distance"":5,""physical_error_rate"":5e-05}","{""detection_events"":70505,""detectors_checked"":413962240}"
   2572288,         0,         0,   119.6,decoder_by_matrix,161b5fe948dcfe007f335a5c57bcb8ff38ff3ea8726714a4cc08f5b9386b17ca,"{""distance"":5,""physical_error_rate"":5e-06}","{""detection_events"":7385,""detectors_checked"":437288960}"
   2063360,         1,         0,   119.7,decoder_by_matrix,f0fc70a0432f83ff513e502442839d2eab02e2bed2f658d0464ff826d304e5e7,"{""distance"":5,""physical_error_rate"":0.0005}","{""detection_events"":595690,""detectors_checked"":350771200,""obs_mistake_mask=EE"":1}"
   2027520,         0,         0,   119.6,decoder_by_matrix,6866428194f3c2ecf80b799fe3d7eaa0d7bfdd0bee14693d15f8abf3c1159eda,"{""distance"":5,""physical_error_rate"":1e-05}","{""detection_events"":10840,""detectors_checked"":344678400}"
   1904640,         0,         0,   119.6,decoder_by_matrix,cc9cd6551b3048ae216380ccb8ae5d3cca75b5b766fe651c47ef084ce4ce7dc6,"{""distance"":5,""physical_error_rate"":5e-05}","{""detection_events"":53210,""detectors_checked"":323788800}"
   1772544,         0,         0,   119.6,decoder_by_matrix,161b5fe948dcfe007f335a5c57bcb8ff38ff3ea8726714a4cc08f5b9386b17ca,"{""distance"":5,""physical_error_rate"":5e-06}","{""detection_events"":4900,""detectors_checked"":301332480}"
   1615872,         2,         0,   119.7,decoder_by_matrix,5b8a070a3cf8d31d64f24dbee89f3428cb9cab13fc59f7448d798f9bf08e9187,"{""distance"":5,""physical_error_rate"":0.001}","{""detection_events"":915640,""detectors_checked"":274698240,""obs_mistake_mask=EE"":1,""obs_mistake_mask=E_"":1}"
   2035712,         0,         0,   119.6,decoder_by_matrix,161b5fe948dcfe007f335a5c57bcb8ff38ff3ea8726714a4cc08f5b9386b17ca,"{""distance"":5,""physical_error_rate"":5e-06}","{""detection_events"":6450,""detectors_checked"":346071040}"
   1727488,         4,         0,   119.6,decoder_by_matrix,5b8a070a3cf8d31d64f24dbee89f3428cb9cab13fc59f7448d798f9bf08e9187,"{""distance"":5,""physical_error_rate"":0.001}","{""detection_events"":980325,""detectors_checked"":293672960,""obs_mistake_mask=EE"":1,""obs_mistake_mask=E_"":3}"
   1753088,         0,         0,   119.6,decoder_by_matrix,cc9cd6551b3048ae216380ccb8ae5d3cca75b5b766fe651c47ef084ce4ce7dc6,"{""distance"":5,""physical_error_rate"":5e-05}","{""detection_events"":50220,""detectors_checked"":298024960}"
   1966080,         0,         0,   119.7,decoder_by_matrix,a052b2ce6ed64a98931ebcd7492590a746d7ec6e385d9f4479eb5b69a31b01f0,"{""distance"":5,""physical_error_rate"":0.0001}","{""detection_events"":113295,""detectors_checked"":334233600}"
   2460672,         0,         0,   119.5,decoder_by_matrix,be0c214c078cdb5104153598b498575a1fc035ba16beb428536e5a87ee0a867f,"{""distance"":5,""physical_error_rate"":1e-06}","{""detection_events"":1295,""detectors_checked"":418314240}"
   1757184,         0,         0,   119.7,decoder_by_matrix,f0fc70a0432f83ff513e502442839d2eab02e2bed2f658d0464ff826d304e5e7,"{""distance"":5,""physical_error_rate"":0.0005}","{""detection_events"":501815,""detectors_checked"":298721280}"
   1792000,         0,         0,   119.7,decoder_by_matrix,be0c214c078cdb5104153598b498575a1fc035ba16beb428536e5a87ee0a867f,"{""distance"":5,""physical_error_rate"":1e-06}","{""detection_events"":1275,""detectors_checked"":304640000}"
   1684480,         0,         0,   119.6,decoder_by_matrix,a052b2ce6ed64a98931ebcd7492590a746d7ec6e385d9f4479eb5b69a31b01f0,"{""distance"":5,""physical_error_rate"":0.0001}","{""detection_events"":96980,""detectors_checked"":286361600}"
   1961984,         0,         0,   119.6,decoder_by_matrix,be0c214c078cdb5104153598b498575a1fc035ba16beb428536e5a87ee0a867f,"{""distance"":5,""physical_error_rate"":1e-06}","{""detection_events"":1185,""detectors_checked"":333537280}"
   1822720,         0,         0,   119.6,decoder_by_matrix,6866428194f3c2ecf80b799fe3d7eaa0d7bfdd0bee14693d15f8abf3c1159eda,"{""distance"":5,""physical_error_rate"":1e-05}","{""detection_events"":10200,""detectors_checked"":309862400}"
   1739776,         2,         0,   119.6,decoder_by_matrix,f0fc70a0432f83ff513e502442839d2eab02e2bed2f658d0464ff826d304e5e7,"{""distance"":5,""physical_error_rate"":0.0005}","{""detection_events"":500770,""detectors_checked"":295761920,""obs_mistake_mask=E_"":1,""obs_mistake_mask=_E"":1}"
   2174976,         0,         0,   119.6,decoder_by_matrix,a052b2ce6ed64a98931ebcd7492590a746d7ec6e385d9f4479eb5b69a31b01f0,"{""distance"":5,""physical_error_rate"":0.0001}","{""detection_events"":124610,""detectors_checked"":369745920}"
   3008512,         5,         0,   119.2,decoder_by_matrix,5b8a070a3cf8d31d64f24dbee89f3428cb9cab13fc59f7448d798f9bf08e9187,"{""distance"":5,""physical_error_rate"":0.001}","{""detection_events"":1700430,""detectors_checked"":511447040,""obs_mistake_mask=EE"":2,""obs_mistake_mask=E_"":2,""obs_mistake_mask=_E"":1}"
   1550336,         3,         0,   119.6,decoder_by_matrix,5b8a070a3cf8d31d64f24dbee89f3428cb9cab13fc59f7448d798f9bf08e9187,"{""distance"":5,""physical_error_rate"":0.001}","{""detection_events"":881440,""detectors_checked"":263557120,""obs_mistake_mask=_E"":3}"
   1648640,         0,         0,   119.6,decoder_by_matrix,be0c214c078cdb5104153598b498575a1fc035ba16beb428536e5a87ee0a867f,"{""distance"":5,""physical_error_rate"":1e-06}","{""detection_events"":705,""detectors_checked"":280268800}"
   1632256,         0,         0,   119.6,decoder_by_matrix,cc9cd6551b3048ae216380ccb8ae5d3cca75b5b766fe651c47ef084ce4ce7dc6,"{""distance"":5,""physical_error_rate"":5e-05}","{""detection_events"":45615,""detectors_checked"":277483520}"
   1615872,         0,         0,   119.6,decoder_by_matrix,161b5fe948dcfe007f335a5c57bcb8ff38ff3ea8726714a4cc08f5b9386b17ca,"{""distance"":5,""physical_error_rate"":5e-06}","{""detection_events"":4870,""detectors_checked"":274698240}"
   1555456,         3,         0,   119.6,decoder_by_matrix,5b8a070a3cf8d31d64f24dbee89f3428cb9cab13fc59f7448d798f9bf08e9187,"{""distance"":5,""physical_error_rate"":0.001}","{""detection_events"":876115,""detectors_checked"":264427520,""obs_mistake_mask=EE"":1,""obs_mistake_mask=E_"":2}"
   1672192,         0,         0,   119.6,decoder_by_matrix,6866428194f3c2ecf80b799fe3d7eaa0d7bfdd0bee14693d15f8abf3c1159eda,"{""distance"":5,""physical_error_rate"":1e-05}","{""detection_events"":8740,""detectors_checked"":284272640}"
   1487872,         0,         0,   119.5,decoder_by_matrix,cc9cd6551b3048ae216380ccb8ae5d3cca75b5b766fe651c47ef084ce4ce7dc6,"{""distance"":5,""physical_error_rate"":5e-05}","{""detection_events"":42140,""detectors_checked"":252938240}"
   2662400,         1,         0,   119.0,decoder_by_matrix,f0fc70a0432f83ff513e502442839d2eab02e2bed2f658d0464ff826d304e5e7,"{""distance"":5,""physical_error_rate"":0.0005}","{""detection_events"":756920,""detectors_checked"":452608000,""obs_mistake_mask=EE"":1}"
   1683456,         0,         0,   119.6,decoder_by_matrix,be0c214c078cdb5104153598b498575a1fc035ba16beb428536e5a87ee0a867f,"{""distance"":5,""physical_error_rate"":1e-06}","{""detection_events"":1145,""detectors_checked"":286187520}"
   1654784,         0,         0,   119.5,decoder_by_matrix,161b5fe948dcfe007f335a5c57bcb8ff38ff3ea8726714a4cc08f5b9386b17ca,"{""distance"":5,""physical_error_rate"":5e-06}","{""detection_events"":4495,""detectors_checked"":281313280}"
   1497088,         2,         0,   119.6,decoder_by_matrix,5b8a070a3cf8d31d64f24dbee89f3428cb9cab13fc59f7448d798f9bf08e9187,"{""distance"":5,""physical_error_rate"":0.001}","{""detection_events"":847340,""detectors_checked"":254504960,""obs_mistake_mask=EE"":1,""obs_mistake_mask=_E"":1}"
   1511424,         0,         0,   119.5,decoder_by_matrix,a052b2ce6ed64a98931ebcd7492590a746d7ec6e385d9f4479eb5b69a31b01f0,"{""distance"":5,""physical_error_rate"":0.0001}","{""detection_events"":86235,""detectors_checked"":256942080}"
   1536000,         0,         0,   119.6,decoder_by_matrix,a052b2ce6ed64a98931ebcd7492590a746d7ec6e385d9f4479eb5b69a31b01f0,"{""distance"":5,""physical_error_rate"":0.0001}","{""detection_events"":91355,""detectors_checked"":261120000}"
   1520640,         0,         0,   119.6,decoder_by_matrix,cc9cd6551b3048ae216380ccb8ae5d3cca75b5b766fe651c47ef084ce4ce7dc6,"{""distance"":5,""physical_error_rate"":5e-05}","{""detection_events"":42630,""detectors_checked"":258508800}"
   1498112,         0,         0,   119.6,decoder_by_matrix,a052b2ce6ed64a98931ebcd7492590a746d7ec6e385d9f4479eb5b69a31b01f0,"{""distance"":5,""physical_error_rate"":0.0001}","{""detection_events"":84405,""detectors_checked"":254679040}"
   1630208,         0,         0,   119.6,decoder_by_matrix,6866428194f3c2ecf80b799fe3d7eaa0d7bfdd0bee14693d15f8abf3c1159eda,"{""distance"":5,""physical_error_rate"":1e-05}","{""detection_events"":8560,""detectors_checked"":277135360}"
   1515520,         0,         0,   119.5,decoder_by_matrix,f0fc70a0432f83ff513e502442839d2eab02e2bed2f658d0464ff826d304e5e7,"{""distance"":5,""physical_error_rate"":0.0005}","{""detection_events"":434035,""detectors_checked"":257638400}"
   1654784,         0,         0,   119.6,decoder_by_matrix,161b5fe948dcfe007f335a5c57bcb8ff38ff3ea8726714a4cc08f5b9386b17ca,"{""distance"":5,""physical_error_rate"":5e-06}","{""detection_events"":4985,""detectors_checked"":281313280}"
   2653184,         0,         0,   119.6,decoder_by_matrix,6866428194f3c2ecf80b799fe3d7eaa0d7bfdd0bee14693d15f8abf3c1159eda,"{""distance"":5,""physical_error_rate"":1e-05}","{""detection_events"":14350,""detectors_checked"":451041280}"
   1509376,         0,         0,   119.7,decoder_by_matrix,cc9cd6551b3048ae216380ccb8ae5d3cca75b5b766fe651c47ef084ce4ce7dc6,"{""distance"":5,""physical_error_rate"":5e-05}","{""detection_events"":43950,""detectors_checked"":256593920}"
   1440768,         0,         0,   119.6,decoder_by_matrix,a052b2ce6ed64a98931ebcd7492590a746d7ec6e385d9f4479eb5b69a31b01f0,"{""distance"":5,""physical_error_rate"":0.0001}","{""detection_events"":83095,""detectors_checked"":244930560}"
   1593344,         0,         0,   119.6,decoder_by_matrix,6866428194f3c2ecf80b799fe3d7eaa0d7bfdd0bee14693d15f8abf3c1159eda,"{""distance"":5,""physical_error_rate"":1e-05}","{""detection_events"":9025,""detectors_checked"":270868480}"
   1509376,         0,         0,   119.6,decoder_by_matrix,6866428194f3c2ecf80b799fe3d7eaa0d7bfdd0bee14693d15f8abf3c1159eda,"{""distance"":5,""physical_error_rate"":1e-05}","{""detection_events"":8295,""detectors_checked"":256593920}"
   1487872,         1,         0,   119.7,decoder_by_matrix,f0fc70a0432f83ff513e502442839d2eab02e2bed2f658d0464ff826d304e5e7,"{""distance"":5,""physical_error_rate"":0.0005}","{""detection_events"":420830,""detectors_checked"":252938240,""obs_mistake_mask=EE"":1}"
   1708032,         0,         0,   119.7,decoder_by_matrix,be0c214c078cdb5104153598b498575a1fc035ba16beb428536e5a87ee0a867f,"{""distance"":5,""physical_error_rate"":1e-06}","{""detection_events"":945,""detectors_checked"":290365440}"
   1529856,         0,         0,   119.6,decoder_by_matrix,161b5fe948dcfe007f335a5c57bcb8ff38ff3ea8726714a4cc08f5b9386b17ca,"{""distance"":5,""physical_error_rate"":5e-06}","{""detection_events"":4675,""detectors_checked"":260075520}"
   1568768,         0,         0,   119.6,decoder_by_matrix,f0fc70a0432f83ff513e502442839d2eab02e2bed2f658d0464ff826d304e5e7,"{""distance"":5,""physical_error_rate"":0.0005}","{""detection_events"":449530,""detectors_checked"":266690560}"
   1565696,         0,         0,   119.6,decoder_by_matrix,be0c214c078cdb5104153598b498575a1fc035ba16beb428536e5a87ee0a867f,"{""distance"":5,""physical_error_rate"":1e-06}","{""detection_events"":1095,""detectors_checked"":266168320}"
   2562048,         0,         0,   119.6,decoder_by_matrix,cc9cd6551b3048ae216380ccb8ae5d3cca75b5b766fe651c47ef084ce4ce7dc6,"{""distance"":5,""physical_error_rate"":5e-05}","{""detection_events"":74220,""detectors_checked"":435548160}"
   2811904,         0,         0,   119.7,decoder_by_matrix,161b5fe948dcfe007f335a5c57bcb8ff38ff3ea8726714a4cc08f5b9386b17ca,"{""distance"":5,""physical_error_rate"":5e-06}","{""detection_events"":7895,""detectors_checked"":478023680}"
   2316288,         1,         0,   119.7,decoder_by_matrix,f0fc70a0432f83ff513e502442839d2eab02e2bed2f658d0464ff826d304e5e7,"{""distance"":5,""physical_error_rate"":0.0005}","{""detection_events"":661175,""detectors_checked"":393768960,""obs_mistake_mask=E_"":1}"
   1611776,         0,         0,   119.6,decoder_by_matrix,6866428194f3c2ecf80b799fe3d7eaa0d7bfdd0bee14693d15f8abf3c1159eda,"{""distance"":5,""physical_error_rate"":1e-05}","{""detection_events"":8150,""detectors_checked"":274001920}"
   1591296,         0,         0,   119.6,decoder_by_matrix,cc9cd6551b3048ae216380ccb8ae5d3cca75b5b766fe651c47ef084ce4ce7dc6,"{""distance"":5,""physical_error_rate"":5e-05}","{""detection_events"":46555,""detectors_checked"":270520320}"
   1692672,         0,         0,   119.6,decoder_by_matrix,161b5fe948dcfe007f335a5c57bcb8ff38ff3ea8726714a4cc08f5b9386b17ca,"{""distance"":5,""physical_error_rate"":5e-06}","{""detection_events"":4650,""detectors_checked"":287754240}"
   1543168,         1,         0,   119.6,decoder_by_matrix,5b8a070a3cf8d31d64f24dbee89f3428cb9cab13fc59f7448d798f9bf08e9187,"{""distance"":5,""physical_error_rate"":0.001}","{""detection_events"":878570,""detectors_checked"":262338560,""obs_mistake_mask=E_"":1}"
   1576960,         1,         0,   119.6,decoder_by_matrix,5b8a070a3cf8d31d64f24dbee89f3428cb9cab13fc59f7448d798f9bf08e9187,"{""distance"":5,""physical_error_rate"":0.001}","{""detection_events"":898735,""detectors_checked"":268083200,""obs_mistake_mask=_E"":1}"
   1630208,         0,         0,   119.6,decoder_by_matrix,161b5fe948dcfe007f335a5c57bcb8ff38ff3ea8726714a4cc08f5b9386b17ca,"{""distance"":5,""physical_error_rate"":5e-06}","{""detection_events"":4875,""detectors_checked"":277135360}"
   1643520,         0,         0,   119.5,decoder_by_matrix,cc9cd6551b3048ae216380ccb8ae5d3cca75b5b766fe651c47ef084ce4ce7dc6,"{""distance"":5,""physical_error_rate"":5e-05}","{""detection_events"":45995,""detectors_checked"":279398400}"
   1637376,         0,         0,   119.6,decoder_by_matrix,a052b2ce6ed64a98931ebcd7492590a746d7ec6e385d9f4479eb5b69a31b01f0,"{""distance"":5,""physical_error_rate"":0.0001}","{""detection_events"":94185,""detectors_checked"":278353920}"
   2608128,         0,         0,   119.6,decoder_by_matrix,be0c214c078cdb5104153598b498575a1fc035ba16beb428536e5a87ee0a867f,"{""distance"":5,""physical_error_rate"":1e-06}","{""detection_events"":1250,""detectors_checked"":443381760}"
   1594368,         0,         0,   119.6,decoder_by_matrix,f0fc70a0432f83ff513e502442839d2eab02e2bed2f658d0464ff826d304e5e7,"{""distance"":5,""physical_error_rate"":0.0005}","{""detection_events"":450755,""detectors_checked"":271042560}"
   1608704,         0,         0,   119.7,decoder_by_matrix,a052b2ce6ed64a98931ebcd7492590a746d7ec6e385d9f4479eb5b69a31b01f0,"{""distance"":5,""physical_error_rate"":0.0001}","{""detection_events"":91935,""detectors_checked"":273479680}"
   1685504,         0,         0,   119.6,decoder_by_matrix,be0c214c078cdb5104153598b498575a1fc035ba16beb428536e5a87ee0a867f,"{""distance"":5,""physical_error_rate"":1e-06}","{""detection_events"":720,""detectors_checked"":286535680}"
   1532928,         0,         0,   119.7,decoder_by_matrix,be0c214c078cdb5104153598b498575a1fc035ba16beb428536e5a87ee0a867f,"{""distance"":5,""physical_error_rate"":1e-06}","{""detection_events"":720,""detectors_checked"":260597760}"
   1613824,         0,         0,   119.6,decoder_by_matrix,6866428194f3c2ecf80b799fe3d7eaa0d7bfdd0bee14693d15f8abf3c1159eda,"{""distance"":5,""physical_error_rate"":1e-05}","{""detection_events"":8890,""detectors_checked"":274350080}"
   1544192,         0,         0,   119.7,decoder_by_matrix,f0fc70a0432f83ff513e502442839d2eab02e2bed2f658d0464ff826d304e5e7,"{""distance"":5,""physical_error_rate"":0.0005}","{""detection_events"":439895,""detectors_checked"":262512640}"
   2459648,         0,         0,   119.6,decoder_by_matrix,a052b2ce6ed64a98931ebcd7492590a746d7ec6e385d9f4479eb5b69a31b01f0,"{""distance"":5,""physical_error_rate"":0.0001}","{""detection_events"":144140,""detectors_checked"":418140160}"
   3441664,         4,         0,   119.1,decoder_by_matrix,5b8a070a3cf8d31d64f24dbee89f3428cb9cab13fc59f7448d798f9bf08e9187,"{""distance"":5,""physical_error_rate"":0.001}","{""detection_events"":1941795,""detectors_checked"":585082880,""obs_mistake_mask=EE"":1,""obs_mistake_mask=E_"":1,""obs_mistake_mask=_E"":2}"
   1521664,         5,         0,   119.6,decoder_by_matrix,5b8a070a3cf8d31d64f24dbee89f3428cb9cab13fc59f7448d798f9bf08e9187,"{""distance"":5,""physical_error_rate"":0.001}","{""detection_events"":861620,""detectors_checked"":258682880,""obs_mistake_mask=E_"":4,""obs_mistake_mask=_E"":1}"
   1693696,         0,         0,   119.6,decoder_by_matrix,be0c214c078cdb5104153598b498575a1fc035ba16beb428536e5a87ee0a867f,"{""distance"":5,""physical_error_rate"":1e-06}","{""detection_events"":865,""detectors_checked"":287928320}"
   1572864,         0,         0,   119.7,decoder_by_matrix,cc9cd6551b3048ae216380ccb8ae5d3cca75b5b766fe651c47ef084ce4ce7dc6,"{""distance"":5,""physical_error_rate"":5e-05}","{""detection_events"":45760,""detectors_checked"":267386880}"
   1483776,         0,         0,   119.6,decoder_by_matrix,161b5fe948dcfe007f335a5c57bcb8ff38ff3ea8726714a4cc08f5b9386b17ca,"{""distance"":5,""physical_error_rate"":5e-06}","{""detection_events"":3970,""detectors_checked"":252241920}"
   1506304,         1,         0,   119.5,decoder_by_matrix,5b8a070a3cf8d31d64f24dbee89f3428cb9cab13fc59f7448d798f9bf08e9187,"{""distance"":5,""physical_error_rate"":0.001}","{""detection_events"":856370,""detectors_checked"":256071680,""obs_mistake_mask=EE"":1}"
   1618944,         0,         0,   119.6,decoder_by_matrix,6866428194f3c2ecf80b799fe3d7eaa0d7bfdd0bee14693d15f8abf3c1159eda,"{""distance"":5,""physical_error_rate"":1e-05}","{""detection_events"":8925,""detectors_checked"":275220480}"
   1517568,         0,         0,   119.6,decoder_by_matrix,cc9cd6551b3048ae216380ccb8ae5d3cca75b5b766fe651c47ef084ce4ce7dc6,"{""distance"":5,""physical_error_rate"":5e-05}","{""detection_events"":43250,""detectors_checked"":257986560}"
   3000320,         3,         0,   119.4,decoder_by_matrix,f0fc70a0432f83ff513e502442839d2eab02e2bed2f658d0464ff826d304e5e7,"{""distance"":5,""physical_error_rate"":0.0005}","{""detection_events"":859885,""detectors_checked"":510054400,""obs_mistake_mask=EE"":1,""obs_mistake_mask=E_"":2}"
   1596416,         0,         0,   119.5,decoder_by_matrix,be0c214c078cdb5104153598b498575a1fc035ba16beb428536e5a87ee0a867f,"{""distance"":5,""physical_error_rate"":1e-06}","{""detection_events"":935,""detectors_checked"":271390720}"
   1595392,         0,         0,   119.6,decoder_by_matrix,161b5fe948dcfe007f335a5c57bcb8ff38ff3ea8726714a4cc08f5b9386b17ca,"{""distance"":5,""physical_error_rate"":5e-06}","{""detection_events"":4275,""detectors_checked"":271216640}"
   1575936,         5,         0,   119.6,decoder_by_matrix,5b8a070a3cf8d31d64f24dbee89f3428cb9cab13fc59f7448d798f9bf08e9187,"{""distance"":5,""physical_error_rate"":0.001}","{""detection_events"":896495,""detectors_checked"":267909120,""obs_mistake_mask=EE"":2,""obs_mistake_mask=E_"":1,""obs_mistake_mask=_E"":2}"
   1562624,         0,         0,   119.6,decoder_by_matrix,a052b2ce6ed64a98931ebcd7492590a746d7ec6e385d9f4479eb5b69a31b01f0,"{""distance"":5,""physical_error_rate"":0.0001}","{""detection_events"":89705,""detectors_checked"":265646080}"
   1467392,         0,         0,   119.6,decoder_by_matrix,a052b2ce6ed64a98931ebcd7492590a746d7ec6e385d9f4479eb5b69a31b01f0,"{""distance"":5,""physical_error_rate"":0.0001}","{""detection_events"":82465,""detectors_checked"":249456640}"
   1529856,         0,         0,   119.5,decoder_by_matrix,cc9cd6551b3048ae216380ccb8ae5d3cca75b5b766fe651c47ef084ce4ce7dc6,"{""distance"":5,""physical_error_rate"":5e-05}","{""detection_events"":41025,""detectors_checked"":260075520}"
   1501184,         0,         0,   119.5,decoder_by_matrix,a052b2ce6ed64a98931ebcd7492590a746d7ec6e385d9f4479eb5b69a31b01f0,"{""distance"":5,""physical_error_rate"":0.0001}","{""detection_events"":88380,""detectors_checked"":255201280}"
   1576960,         0,         0,   119.6,decoder_by_matrix,6866428194f3c2ecf80b799fe3d7eaa0d7bfdd0bee14693d15f8abf3c1159eda,"{""distance"":5,""physical_error_rate"":1e-05}","{""detection_events"":9500,""detectors_checked"":268083200}"
   1467392,         0,         0,   119.6,decoder_by_matrix,f0fc70a0432f83ff513e502442839d2eab02e2bed2f658d0464ff826d304e5e7,"{""distance"":5,""physical_error_rate"":0.0005}","{""detection_events"":419485,""detectors_checked"":249456640}"
   1643520,         0,         0,   119.5,decoder_by_matrix,161b5fe948dcfe007f335a5c57bcb8ff38ff3ea8726714a4cc08f5b9386b17ca,"{""distance"":5,""physical_error_rate"":5e-06}","{""detection_events"":4400,""detectors_checked"":279398400}"
   2572288,         0,         0,   119.5,decoder_by_matrix,6866428194f3c2ecf80b799fe3d7eaa0d7bfdd0bee14693d15f8abf3c1159eda,"{""distance"":5,""physical_error_rate"":1e-05}","{""detection_events"":14810,""detectors_checked"":437288960}"
   1592320,         0,         0,   119.6,decoder_by_matrix,cc9cd6551b3048ae216380ccb8ae5d3cca75b5b766fe651c47ef084ce4ce7dc6,"{""distance"":5,""physical_error_rate"":5e-05}","{""detection_events"":44625,""detectors_checked"":270694400}"
   1553408,         0,         0,   119.7,decoder_by_matrix,a052b2ce6ed64a98931ebcd7492590a746d7ec6e385d9f4479eb5b69a31b01f0,"{""distance"":5,""physical_error_rate"":0.0001}","{""detection_events"":87435,""detectors_checked"":264079360}"
   1521664,         0,         0,   119.5,decoder_by_matrix,6866428194f3c2ecf80b799fe3d7eaa0d7bfdd0bee14693d15f8abf3c1159eda,"{""distance"":5,""physical_error_rate"":1e-05}","{""detection_events"":7970,""detectors_checked"":258682880}"
   1572864,         0,         0,   119.6,decoder_by_matrix,6866428194f3c2ecf80b799fe3d7eaa0d7bfdd0bee14693d15f8abf3c1159eda,"{""distance"":5,""physical_error_rate"":1e-05}","{""detection_events"":10040,""detectors_checked"":267386880}"
   1501184,         0,         0,   119.6,decoder_by_matrix,f0fc70a0432f83ff513e502442839d2eab02e2bed2f658d0464ff826d304e5e7,"{""distance"":5,""physical_error_rate"":0.0005}","{""detection_events"":430735,""detectors_checked"":255201280}"
   1658880,         0,         0,   119.6,decoder_by_matrix,be0c214c078cdb5104153598b498575a1fc035ba16beb428536e5a87ee0a867f,"{""distance"":5,""physical_error_rate"":1e-06}","{""detection_events"":1085,""detectors_checked"":282009600}"
   1530880,         0,         0,   119.6,decoder_by_matrix,161b5fe948dcfe007f335a5c57bcb8ff38ff3ea8726714a4cc08f5b9386b17ca,"{""distance"":5,""physical_error_rate"":5e-06}","{""detection_events"":4095,""detectors_checked"":260249600}"
   1521664,         1,         0,   119.6,decoder_by_matrix,f0fc70a0432f83ff513e502442839d2eab02e2bed2f658d0464ff826d304e5e7,"{""distance"":5,""physical_error_rate"":0.0005}","{""detection_events"":437465,""detectors_checked"":258682880,""obs_mistake_mask=E_"":1}"
   1609728,         0,         0,   119.6,decoder_by_matrix,be0c214c078cdb5104153598b498575a1fc035ba16beb428536e5a87ee0a867f,"{""distance"":5,""physical_error_rate"":1e-06}","{""detection_events"":860,""detectors_checked"":273653760}"
   2203648,         0,         0,   119.6,decoder_by_matrix,cc9cd6551b3048ae216380ccb8ae5d3cca75b5b766fe651c47ef084ce4ce7dc6,"{""distance"":5,""physical_error_rate"":5e-05}","{""detection_events"":65860,""detectors_checked"":374620160}"
   2696192,         0,         0,   119.6,decoder_by_matrix,161b5fe948dcfe007f335a5c57bcb8ff38ff3ea8726714a4cc08f5b9386b17ca,"{""distance"":5,""physical_error_rate"":5e-06}","{""detection_events"":7980,""detectors_checked"":458352640}"
   1886208,         0,         0,   119.6,decoder_by_matrix,f0fc70a0432f83ff513e502442839d2eab02e2bed2f658d0464ff826d304e5e7,"{""distance"":5,""physical_error_rate"":0.0005}","{""detection_events"":534950,""detectors_checked"":320655360}"
   1639424,         0,         0,   119.5,decoder_by_matrix,6866428194f3c2ecf80b799fe3d7eaa0d7bfdd0bee14693d15f8abf3c1159eda,"{""distance"":5,""physical_error_rate"":1e-05}","{""detection_events"":9510,""detectors_checked"":278702080}"
   1600512,         0,         0,   119.5,decoder_by_matrix,cc9cd6551b3048ae216380ccb8ae5d3cca75b5b766fe651c47ef084ce4ce7dc6,"{""distance"":5,""physical_error_rate"":5e-05}","{""detection_events"":44690,""detectors_checked"":272087040}"
   1623040,         0,         0,   119.5,decoder_by_matrix,161b5fe948dcfe007f335a5c57bcb8ff38ff3ea8726714a4cc08f5b9386b17ca,"{""distance"":5,""physical_error_rate"":5e-06}","{""detection_events"":4435,""detectors_checked"":275916800}"
   1643520,         0,         0,   119.6,decoder_by_matrix,161b5fe948dcfe007f335a5c57bcb8ff38ff3ea8726714a4cc08f5b9386b17ca,"{""distance"":5,""physical_error_rate"":5e-06}","{""detection_events"":4465,""detectors_checked"":279398400}"
   1574912,         2,         0,   119.7,decoder_by_matrix,5b8a070a3cf8d31d64f24dbee89f3428cb9cab13fc59f7448d798f9bf08e9187,"{""distance"":5,""physical_error_rate"":0.001}","{""detection_events"":889320,""detectors_checked"":267735040,""obs_mistake_mask=E_"":1,""obs_mistake_mask=_E"":1}"
   1571840,         7,         0,   119.6,decoder_by_matrix,5b8a070a3cf8d31d64f24dbee89f3428cb9cab13fc59f7448d798f9bf08e9187,"{""distance"":5,""physical_error_rate"":0.001}","{""detection_events"":891985,""detectors_checked"":267212800,""obs_mistake_mask=EE"":1,""obs_mistake_mask=E_"":4,""obs_mistake_mask=_E"":2}"
   1655808,         0,         0,   119.6,decoder_by_matrix,cc9cd6551b3048ae216380ccb8ae5d3cca75b5b766fe651c47ef084ce4ce7dc6,"{""distance"":5,""physical_error_rate"":5e-05}","{""detection_events"":48280,""detectors_checked"":281487360}"
   1690624,         0,         0,   119.6,decoder_by_matrix,a052b2ce6ed64a98931ebcd7492590a746d7ec6e385d9f4479eb5b69a31b01f0,"{""distance"":5,""physical_error_rate"":0.0001}","{""detection_events"":94635,""detectors_checked"":287406080}"
   2561024,         0,         0,   119.6,decoder_by_matrix,be0c214c078cdb5104153598b498575a1fc035ba16beb428536e5a87ee0a867f,"{""distance"":5,""physical_error_rate"":1e-06}","{""detection_events"":1445,""detectors_checked"":435374080}"
   1591296,         0,         0,   119.7,decoder_by_matrix,f0fc70a0432f83ff513e502442839d2eab02e2bed2f658d0464ff826d304e5e7,"{""distance"":5,""physical_error_rate"":0.0005}","{""detection_events"":452925,""detectors_checked"":270520320}"
   1679360,         0,         0,   119.5,decoder_by_matrix,be0c214c078cdb5104153598b498575a1fc035ba16beb428536e5a87ee0a867f,"{""distance"":5,""physical_error_rate"":1e-06}","{""detection_events"":870,""detectors_checked"":285491200}"
   1588224,         0,         0,   119.7,decoder_by_matrix,a052b2ce6ed64a98931ebcd7492590a746d7ec6e385d9f4479eb5b69a31b01f0,"{""distance"":5,""physical_error_rate"":0.0001}","{""detection_events"":90695,""detectors_checked"":269998080}"
   1587200,         0,         0,   119.6,decoder_by_matrix,be0c214c078cdb5104153598b498575a1fc035ba16beb428536e5a87ee0a867f,"{""distance"":5,""physical_error_rate"":1e-06}","{""detection_events"":925,""detectors_checked"":269824000}"
   1643520,         0,         0,   119.6,decoder_by_matrix,6866428194f3c2ecf80b799fe3d7eaa0d7bfdd0bee14693d15f8abf3c1159eda,"{""distance"":5,""physical_error_rate"":1e-05}","{""detection_events"":8965,""detectors_checked"":279398400}"
   1589248,         1,         0,   119.6,decoder_by_matrix,f0fc70a0432f83ff513e502442839d2eab02e2bed2f658d0464ff826d304e5e7,"{""distance"":5,""physical_error_rate"":0.0005}","{""detection_events"":448285,""detectors_checked"":270172160,""obs_mistake_mask=E_"":1}"
   2307072,         0,         0,   119.6,decoder_by_matrix,a052b2ce6ed64a98931ebcd7492590a746d7ec6e385d9f4479eb5b69a31b01f0,"{""distance"":5,""physical_error_rate"":0.0001}","{""detection_events"":130610,""detectors_checked"":392202240}"
   5751808,         9,         0,   119.2,decoder_by_matrix,5b8a070a3cf8d31d64f24dbee89f3428cb9cab13fc59f7448d798f9bf08e9187,"{""distance"":5,""physical_error_rate"":0.001}","{""detection_events"":3265015,""detectors_checked"":977807360,""obs_mistake_mask=EE"":2,""obs_mistake_mask=E_"":6,""obs_mistake_mask=_E"":1}"
   1515520,         1,         0,   119.7,decoder_by_matrix,5b8a070a3cf8d31d64f24dbee89f3428cb9cab13fc59f7448d798f9bf08e9187,"{""distance"":5,""physical_error_rate"":0.001}","{""detection_events"":858195,""detectors_checked"":257638400,""obs_mistake_mask=E_"":1}"
   1674240,         0,         0,   119.6,decoder_by_matrix,be0c214c078cdb5104153598b498575a1fc035ba16beb428536e5a87ee0a867f,"{""distance"":5,""physical_error_rate"":1e-06}","{""detection_events"":1025,""detectors_checked"":284620800}"
   1582080,         0,         0,   119.5,decoder_by_matrix,cc9cd6551b3048ae216380ccb8ae5d3cca75b5b766fe651c47ef084ce4ce7dc6,"{""distance"":5,""physical_error_rate"":5e-05}","{""detection_events"":44865,""detectors_checked"":268953600}"
   1562624,         0,         0,   119.6,decoder_by_matrix,161b5fe948dcfe007f335a5c57bcb8ff38ff3ea8726714a4cc08f5b9386b17ca,"{""distance"":5,""physical_error_rate"":5e-06}","{""detection_events"":3740,""detectors_checked"":265646080}"
   1551360,         6,         0,   119.6,decoder_by_matrix,5b8a070a3cf8d31d64f24dbee89f3428cb9cab13fc59f7448d798f9bf08e9187,"{""distance"":5,""physical_error_rate"":0.001}","{""detection_events"":888495,""detectors_checked"":263731200,""obs_mistake_mask=EE"":2,""obs_mistake_mask=E_"":3,""obs_mistake_mask=_E"":1}"
   1573888,         0,         0,   119.6,decoder_by_matrix,6866428194f3c2ecf80b799fe3d7eaa0d7bfdd0bee14693d15f8abf3c1159eda,"{""distance"":5,""physical_error_rate"":1e-05}","{""detection_events"":9070,""detectors_checked"":267560960}"
   1572864,         0,         0,   119.5,decoder_by_matrix,cc9cd6551b3048ae216380ccb8ae5d3cca75b5b766fe651c47ef084ce4ce7dc6,"{""distance"":5,""physical_error_rate"":5e-05}","{""detection_events"":44325,""detectors_checked"":267386880}"
   2124800,         1,         0,   119.4,decoder_by_matrix,f0fc70a0432f83ff513e502442839d2eab02e2bed2f658d0464ff826d304e5e7,"{""distance"":5,""physical_error_rate"":0.0005}","{""detection_events"":606910,""detectors_checked"":361216000,""obs_mistake_mask=E_"":1}"
   1603584,         0,         0,   119.4,decoder_by_matrix,be0c214c078cdb5104153598b498575a1fc035ba16beb428536e5a87ee0a867f,"{""distance"":5,""physical_error_rate"":1e-06}","{""detection_events"":765,""detectors_checked"":272609280}"
   1576960,         0,         0,   119.5,decoder_by_matrix,161b5fe948dcfe007f335a5c57bcb8ff38ff3ea8726714a4cc08f5b9386b17ca,"{""distance"":5,""physical_error_rate"":5e-06}","{""detection_events"":4465,""detectors_checked"":268083200}"
   1538048,         4,         0,   119.6,decoder_by_matrix,5b8a070a3cf8d31d64f24dbee89f3428cb9cab13fc59f7448d798f9bf08e9187,"{""distance"":5,""physical_error_rate"":0.001}","{""detection_events"":874950,""detectors_checked"":261468160,""obs_mistake_mask=EE"":1,""obs_mistake_mask=E_"":1,""obs_mistake_mask=_E"":2}"
   1532928,         0,         0,   119.5,decoder_by_matrix,a052b2ce6ed64a98931ebcd7492590a746d7ec6e385d9f4479eb5b69a31b01f0,"{""distance"":5,""physical_error_rate"":0.0001}","{""detection_events"":84610,""detectors_checked"":260597760}"
   1553408,         0,         0,   119.6,decoder_by_matrix,a052b2ce6ed64a98931ebcd7492590a746d7ec6e385d9f4479eb5b69a31b01f0,"{""distance"":5,""physical_error_rate"":0.0001}","{""detection_events"":91450,""detectors_checked"":264079360}"
   1523712,         0,         0,   119.6,decoder_by_matrix,cc9cd6551b3048ae216380ccb8ae5d3cca75b5b766fe651c47ef084ce4ce7dc6,"{""distance"":5,""physical_error_rate"":5e-05}","{""detection_events"":43850,""detectors_checked"":259031040}"
   1585152,         0,         0,   119.6,decoder_by_matrix,a052b2ce6ed64a98931ebcd7492590a746d7ec6e385d9f4479eb5b69a31b01f0,"{""distance"":5,""physical_error_rate"":0.0001}","{""detection_events"":90015,""detectors_checked"":269475840}"
   1614848,         0,         0,   119.6,decoder_by_matrix,6866428194f3c2ecf80b799fe3d7eaa0d7bfdd0bee14693d15f8abf3c1159eda,"{""distance"":5,""physical_error_rate"":1e-05}","{""detection_events"":8910,""detectors_checked"":274524160}"
   1497088,         0,         0,   119.5,decoder_by_matrix,f0fc70a0432f83ff513e502442839d2eab02e2bed2f658d0464ff826d304e5e7,"{""distance"":5,""physical_error_rate"":0.0005}","{""detection_events"":428355,""detectors_checked"":254504960}"
   1626112,         0,         0,   119.7,decoder_by_matrix,161b5fe948dcfe007f335a5c57bcb8ff38ff3ea8726714a4cc08f5b9386b17ca,"{""distance"":5,""physical_error_rate"":5e-06}","{""detection_events"":4575,""detectors_checked"":276439040}"
   2514944,         0,         0,   119.6,decoder_by_matrix,6866428194f3c2ecf80b799fe3d7eaa0d7bfdd0bee14693d15f8abf3c1159eda,"{""distance"":5,""physical_error_rate"":1e-05}","{""detection_events"":13480,""detectors_checked"":427540480}"
   1519616,         0,         0,   119.7,decoder_by_matrix,cc9cd6551b3048ae216380ccb8ae5d3cca75b5b766fe651c47ef084ce4ce7dc6,"{""distance"":5,""physical_error_rate"":5e-05}","{""detection_events"":43375,""detectors_checked"":258334720}"
   1533952,         0,         0,   119.5,decoder_by_matrix,a052b2ce6ed64a98931ebcd7492590a746d7ec6e385d9f4479eb5b69a31b01f0,"{""distance"":5,""physical_error_rate"":0.0001}","{""detection_events"":89130,""detectors_checked"":260771840}"
   1513472,         0,         0,   119.4,decoder_by_matrix,6866428194f3c2ecf80b799fe3d7eaa0d7bfdd0bee14693d15f8abf3c1159eda,"{""distance"":5,""physical_error_rate"":1e-05}","{""detection_events"":8445,""detectors_checked"":257290240}"
   1593344,         0,         0,   119.5,decoder_by_matrix,6866428194f3c2ecf80b799fe3d7eaa0d7bfdd0bee14693d15f8abf3c1159eda,"{""distance"":5,""physical_error_rate"":1e-05}","{""detection_events"":9050,""detectors_checked"":270868480}"
   1460224,         0,         0,   119.6,decoder_by_matrix,f0fc70a0432f83ff513e502442839d2eab02e2bed2f658d0464ff826d304e5e7,"{""distance"":5,""physical_error_rate"":0.0005}","{""detection_events"":412750,""detectors_checked"":248238080}"
   1615872,         0,         0,   119.5,decoder_by_matrix,be0c214c078cdb5104153598b498575a1fc035ba16beb428536e5a87ee0a867f,"{""distance"":5,""physical_error_rate"":1e-06}","{""detection_events"":1085,""detectors_checked"":274698240}"
   1560576,         0,         0,   119.5,decoder_by_matrix,161b5fe948dcfe007f335a5c57bcb8ff38ff3ea8726714a4cc08f5b9386b17ca,"{""distance"":5,""physical_error_rate"":5e-06}","{""detection_events"":4160,""detectors_checked"":265297920}"
   1521664,         0,         0,   119.5,decoder_by_matrix,f0fc70a0432f83ff513e502442839d2eab02e2bed2f658d0464ff826d304e5e7,"{""distance"":5,""physical_error_rate"":0.0005}","{""detection_events"":434690,""detectors_checked"":258682880}"
   1545216,         0,         0,   119.6,decoder_by_matrix,be0c214c078cdb5104153598b498575a1fc035ba16beb428536e5a87ee0a867f,"{""distance"":5,""physical_error_rate"":1e-06}","{""detection_events"":1040,""detectors_checked"":262686720}"
   2134016,         0,         0,   119.5,decoder_by_matrix,cc9cd6551b3048ae216380ccb8ae5d3cca75b5b766fe651c47ef084ce4ce7dc6,"{""distance"":5,""physical_error_rate"":5e-05}","{""detection_events"":60575,""detectors_checked"":362782720}"
   2596864,         0,         0,   119.6,decoder_by_matrix,161b5fe948dcfe007f335a5c57bcb8ff38ff3ea8726714a4cc08f5b9386b17ca,"{""distance"":5,""physical_error_rate"":5e-06}","{""detection_events"":7495,""detectors_checked"":441466880}"
   1976320,         2,         0,   119.7,decoder_by_matrix,f0fc70a0432f83ff513e502442839d2eab02e2bed2f658d0464ff826d304e5e7,"{""distance"":5,""physical_error_rate"":0.0005}","{""detection_events"":562925,""detectors_checked"":335974400,""obs_mistake_mask=EE"":2}"
   1694720,         0,         0,   119.6,decoder_by_matrix,6866428194f3c2ecf80b799fe3d7eaa0d7bfdd0bee14693d15f8abf3c1159eda,"{""distance"":5,""physical_error_rate"":1e-05}","{""detection_events"":10505,""detectors_checked"":288102400}"
   1617920,         0,         0,   119.7,decoder_by_matrix,cc9cd6551b3048ae216380ccb8ae5d3cca75b5b766fe651c47ef084ce4ce7dc6,"{""distance"":5,""physical_error_rate"":5e-05}","{""detection_events"":45970,""detectors_checked"":275046400}"
   1616896,         0,         0,   119.6,decoder_by_matrix,161b5fe948dcfe007f335a5c57bcb8ff38ff3ea8726714a4cc08f5b9386b17ca,"{""distance"":5,""physical_error_rate"":5e-06}","{""detection_events"":4990,""detectors_checked"":274872320}"
   1670144,         0,         0,   119.6,decoder_by_matrix,161b5fe948dcfe007f335a5c57bcb8ff38ff3ea8726714a4cc08f5b9386b17ca,"{""distance"":5,""physical_error_rate"":5e-06}","{""detection_events"":4555,""detectors_checked"":283924480}"
   1631232,         0,         0,   119.6,decoder_by_matrix,a052b2ce6ed64a98931ebcd7492590a746d7ec6e385d9f4479eb5b69a31b01f0,"{""distance"":5,""physical_error_rate"":0.0001}","{""detection_events"":92045,""detectors_checked"":277309440}"
   1607680,         0,         0,   119.7,decoder_by_matrix,cc9cd6551b3048ae216380ccb8ae5d3cca75b5b766fe651c47ef084ce4ce7dc6,"{""distance"":5,""physical_error_rate"":5e-05}","{""detection_events"":45710,""detectors_checked"":273305600}"
   1536000,         6,         0,   119.6,decoder_by_matrix,5b8a070a3cf8d31d64f24dbee89f3428cb9cab13fc59f7448d798f9bf08e9187,"{""distance"":5,""physical_error_rate"":0.001}","{""detection_events"":876200,""detectors_checked"":261120000,""obs_mistake_mask=EE"":2,""obs_mistake_mask=E_"":3,""obs_mistake_mask=_E"":1}"
   1542144,         0,         0,   119.6,decoder_by_matrix,5b8a070a3cf8d31d64f24dbee89f3428cb9cab13fc59f7448d798f9bf08e9187,"{""distance"":5,""physical_error_rate"":0.001}","{""detection_events"":880480,""detectors_checked"":262164480}"
   1591296,         1,         0,   119.6,decoder_by_matrix,f0fc70a0432f83ff513e502442839d2eab02e2bed2f658d0464ff826d304e5e7,"{""distance"":5,""physical_error_rate"":0.0005}","{""detection_events"":453525,""detectors_checked"":270520320,""obs_mistake_mask=_E"":1}"
   2570240,         0,         0,   119.6,decoder_by_matrix,be0c214c078cdb5104153598b498575a1fc035ba16beb428536e5a87ee0a867f,"{""distance"":5,""physical_error_rate"":1e-06}","{""detection_events"":1435,""detectors_checked"":436940800}"
   1660928,         0,         0,   119.7,decoder_by_matrix,be0c214c078cdb5104153598b498575a1fc035ba16beb428536e5a87ee0a867f,"{""distance"":5,""physical_error_rate"":1e-06}","{""detection_events"":730,""detectors_checked"":282357760}"
   1556480,         0,         0,   119.6,decoder_by_matrix,a052b2ce6ed64a98931ebcd7492590a746d7ec6e385d9f4479eb5b69a31b01f0,"{""distance"":5,""physical_error_rate"":0.0001}","{""detection_events"":89800,""detectors_checked"":264601600}"
   1594368,         0,         0,   119.6,decoder_by_matrix,be0c214c078cdb5104153598b498575a1fc035ba16beb428536e5a87ee0a867f,"{""distance"":5,""physical_error_rate"":1e-06}","{""detection_events"":1045,""detectors_checked"":271042560}"
   1577984,         0,         0,   119.7,decoder_by_matrix,6866428194f3c2ecf80b799fe3d7eaa0d7bfdd0bee14693d15f8abf3c1159eda,"{""distance"":5,""physical_error_rate"":1e-05}","{""detection_events"":8330,""detectors_checked"":268257280}"
   1470464,         0,         0,   119.6,decoder_by_matrix,f0fc70a0432f83ff513e502442839d2eab02e2bed2f658d0464ff826d304e5e7,"{""distance"":5,""physical_error_rate"":0.0005}","{""detection_events"":416865,""detectors_checked"":249978880}"
   2230272,         0,         0,   119.7,decoder_by_matrix,a052b2ce6ed64a98931ebcd7492590a746d7ec6e385d9f4479eb5b69a31b01f0,"{""distance"":5,""physical_error_rate"":0.0001}","{""detection_events"":127320,""detectors_checked"":379146240}"
   7391232,        10,         0,   119.1,decoder_by_matrix,5b8a070a3cf8d31d64f24dbee89f3428cb9cab13fc59f7448d798f9bf08e9187,"{""distance"":5,""physical_error_rate"":0.001}","{""detection_events"":4198445,""detectors_checked"":1256509440,""obs_mistake_mask=EE"":1,""obs_mistake_mask=E_"":6,""obs_mistake_mask=_E"":3}"
   1473536,         2,         0,   119.7,decoder_by_matrix,5b8a070a3cf8d31d64f24dbee89f3428cb9cab13fc59f7448d798f9bf08e9187,"{""distance"":5,""physical_error_rate"":0.001}","{""detection_events"":829105,""detectors_checked"":250501120,""obs_mistake_mask=E_"":1,""obs_mistake_mask=_E"":1}"
   1499136,         0,         0,   119.5,decoder_by_matrix,be0c214c078cdb5104153598b498575a1fc035ba16beb428536e5a87ee0a867f,"{""distance"":5,""physical_error_rate"":1e-06}","{""detection_events"":800,""detectors_checked"":254853120}"
   1564672,         0,         0,   119.6,decoder_by_matrix,cc9cd6551b3048ae216380ccb8ae5d3cca75b5b766fe651c47ef084ce4ce7dc6,"{""distance"":5,""physical_error_rate"":5e-05}","{""detection_events"":46255,""detectors_checked"":265994240}"
   1523712,         0,         0,   119.5,decoder_by_matrix,161b5fe948dcfe007f335a5c57bcb8ff38ff3ea8726714a4cc08f5b9386b17ca,"{""distance"":5,""physical_error_rate"":5e-06}","{""detection_events"":4400,""detectors_checked"":259031040}"
   1454080,         1,         0,   119.7,decoder_by_matrix,5b8a070a3cf8d31d64f24dbee89f3428cb9cab13fc59f7448d798f9bf08e9187,"{""distance"":5,""physical_error_rate"":0.001}","{""detection_events"":820530,""detectors_checked"":247193600,""obs_mistake_mask=E_"":1}"
   1597440,         0,         0,   119.6,decoder_by_matrix,6866428194f3c2ecf80b799fe3d7eaa0d7bfdd0bee14693d15f8abf3c1159eda,"{""distance"":5,""physical_error_rate"":1e-05}","{""detection_events"":9185,""detectors_checked"":271564800}"
   1525760,         0,         0,   119.5,decoder_by_matrix,cc9cd6551b3048ae216380ccb8ae5d3cca75b5b766fe651c47ef084ce4ce7dc6,"{""distance"":5,""physical_error_rate"":5e-05}","{""detection_events"":44220,""detectors_checked"":259379200}"
   1552384,         0,         0,   119.6,decoder_by_matrix,f0fc70a0432f83ff513e502442839d2eab02e2bed2f658d0464ff826d304e5e7,"{""distance"":5,""physical_error_rate"":0.0005}","{""detection_events"":440050,""detectors_checked"":263905280}"
   1587200,         0,         0,   119.6,decoder_by_matrix,be0c214c078cdb5104153598b498575a1fc035ba16beb428536e5a87ee0a867f,"{""distance"":5,""physical_error_rate"":1e-06}","{""detection_events"":810,""detectors_checked"":269824000}"
   1546240,         0,         0,   119.5,decoder_by_matrix,161b5fe948dcfe007f335a5c57bcb8ff38ff3ea8726714a4cc08f5b9386b17ca,"{""distance"":5,""physical_error_rate"":5e-06}","{""detection_events"":4310,""detectors_checked"":262860800}"
   1525760,         0,         0,   119.6,decoder_by_matrix,5b8a070a3cf8d31d64f24dbee89f3428cb9cab13fc59f7448d798f9bf08e9187,"{""distance"":5,""physical_error_rate"":0.001}","{""detection_events"":865925,""detectors_checked"":259379200}"
   1488896,         0,         0,   119.6,decoder_by_matrix,a052b2ce6ed64a98931ebcd7492590a746d7ec6e385d9f4479eb5b69a31b01f0,"{""distance"":5,""physical_error_rate"":0.0001}","{""detection_events"":82410,""detectors_checked"":253112320}"
   1559552,         0,         0,   119.6,decoder_by_matrix,a052b2ce6ed64a98931ebcd7492590a746d7ec6e385d9f4479eb5b69a31b01f0,"{""distance"":5,""physical_error_rate"":0.0001}","{""detection_events"":90685,""detectors_checked"":265123840}"
   1479680,         0,         0,   119.5,decoder_by_matrix,cc9cd6551b3048ae216380ccb8ae5d3cca75b5b766fe651c47ef084ce4ce7dc6,"{""distance"":5,""physical_error_rate"":5e-05}","{""detection_events"":42130,""detectors_checked"":251545600}"
   1516544,         0,         0,   119.7,decoder_by_matrix,a052b2ce6ed64a98931ebcd7492590a746d7ec6e385d9f4479eb5b69a31b01f0,"{""distance"":5,""physical_error_rate"":0.0001}","{""detection_events"":84180,""detectors_checked"":257812480}"
   1592320,         0,         0,   119.6,decoder_by_matrix,6866428194f3c2ecf80b799fe3d7eaa0d7bfdd0bee14693d15f8abf3c1159eda,"{""distance"":5,""physical_error_rate"":1e-05}","{""detection_events"":9505,""detectors_checked"":270694400}"
   1515520,         0,         0,   119.7,decoder_by_matrix,f0fc70a0432f83ff513e502442839d2eab02e2bed2f658d0464ff826d304e5e7,"{""distance"":5,""physical_error_rate"":0.0005}","{""detection_events"":432230,""detectors_checked"":257638400}"
   1619968,         0,         0,   119.5,decoder_by_matrix,161b5fe948dcfe007f335a5c57bcb8ff38ff3ea8726714a4cc08f5b9386b17ca,"{""distance"":5,""physical_error_rate"":5e-06}","{""detection_events"":4600,""detectors_checked"":275394560}"
   2446336,         0,         0,   119.5,decoder_by_matrix,6866428194f3c2ecf80b799fe3d7eaa0d7bfdd0bee14693d15f8abf3c1159eda,"{""distance"":5,""physical_error_rate"":1e-05}","{""detection_events"":13425,""detectors_checked"":415877120}"
   1590272,         0,         0,   119.6,decoder_by_matrix,cc9cd6551b3048ae216380ccb8ae5d3cca75b5b766fe651c47ef084ce4ce7dc6,"{""distance"":5,""physical_error_rate"":5e-05}","{""detection_events"":44875,""detectors_checked"":270346240}"
   1519616,         0,         0,   119.6,decoder_by_matrix,a052b2ce6ed64a98931ebcd7492590a746d7ec6e385d9f4479eb5b69a31b01f0,"{""distance"":5,""physical_error_rate"":0.0001}","{""detection_events"":86025,""detectors_checked"":258334720}"
   1521664,         0,         0,   119.5,decoder_by_matrix,6866428194f3c2ecf80b799fe3d7eaa0d7bfdd0bee14693d15f8abf3c1159eda,"{""distance"":5,""physical_error_rate"":1e-05}","{""detection_events"":9460,""detectors_checked"":258682880}"
   1553408,         0,         0,   119.7,decoder_by_matrix,6866428194f3c2ecf80b799fe3d7eaa0d7bfdd0bee14693d15f8abf3c1159eda,"{""distance"":5,""physical_error_rate"":1e-05}","{""detection_events"":9480,""detectors_checked"":264079360}"
   1581056,         0,         0,   119.6,decoder_by_matrix,f0fc70a0432f83ff513e502442839d2eab02e2bed2f658d0464ff826d304e5e7,"{""distance"":5,""physical_error_rate"":0.0005}","{""detection_events"":449720,""detectors_checked"":268779520}"
   1609728,         0,         0,   119.6,decoder_by_matrix,be0c214c078cdb5104153598b498575a1fc035ba16beb428536e5a87ee0a867f,"{""distance"":5,""physical_error_rate"":1e-06}","{""detection_events"":745,""detectors_checked"":273653760}"
   1597440,         0,         0,   119.6,decoder_by_matrix,161b5fe948dcfe007f335a5c57bcb8ff38ff3ea8726714a4cc08f5b9386b17ca,"{""distance"":5,""physical_error_rate"":5e-06}","{""detection_events"":4850,""detectors_checked"":271564800}"
   1509376,         0,         0,   119.6,decoder_by_matrix,f0fc70a0432f83ff513e502442839d2eab02e2bed2f658d0464ff826d304e5e7,"{""distance"":5,""physical_error_rate"":0.0005}","{""detection_events"":428110,""detectors_checked"":256593920}"
   1597440,         0,         0,   119.6,decoder_by_matrix,be0c214c078cdb5104153598b498575a1fc035ba16beb428536e5a87ee0a867f,"{""distance"":5,""physical_error_rate"":1e-06}","{""detection_events"":690,""detectors_checked"":271564800}"
   2339840,         0,         0,   119.5,decoder_by_matrix,cc9cd6551b3048ae216380ccb8ae5d3cca75b5b766fe651c47ef084ce4ce7dc6,"{""distance"":5,""physical_error_rate"":5e-05}","{""detection_events"":68030,""detectors_checked"":397772800}"
   2598912,         0,         0,   119.6,decoder_by_matrix,161b5fe948dcfe007f335a5c57bcb8ff38ff3ea8726714a4cc08f5b9386b17ca,"{""distance"":5,""physical_error_rate"":5e-06}","{""detection_events"":7095,""detectors_checked"":441815040}"
   2059264,         0,         0,   119.6,decoder_by_matrix,f0fc70a0432f83ff513e502442839d2eab02e2bed2f658d0464ff826d304e5e7,"{""distance"":5,""physical_error_rate"":0.0005}","{""detection_events"":577195,""detectors_checked"":350074880}"
   1632256,         0,         0,   119.5,decoder_by_matrix,6866428194f3c2ecf80b799fe3d7eaa0d7bfdd0bee14693d15f8abf3c1159eda,"{""distance"":5,""physical_error_rate"":1e-05}","{""detection_events"":8975,""detectors_checked"":277483520}"
   1599488,         0,         0,   119.6,decoder_by_matrix,cc9cd6551b3048ae216380ccb8ae5d3cca75b5b766fe651c47ef084ce4ce7dc6,"{""distance"":5,""physical_error_rate"":5e-05}","{""detection_events"":44500,""detectors_checked"":271912960}"
   1642496,         0,         0,   119.7,decoder_by_matrix,161b5fe948dcfe007f335a5c57bcb8ff38ff3ea8726714a4cc08f5b9386b17ca,"{""distance"":5,""physical_error_rate"":5e-06}","{""detection_events"":4690,""detectors_checked"":279224320}"
   1598464,         0,         0,   119.6,decoder_by_matrix,cc9cd6551b3048ae216380ccb8ae5d3cca75b5b766fe651c47ef084ce4ce7dc6,"{""distance"":5,""physical_error_rate"":5e-05}","{""detection_events"":44110,""detectors_checked"":271738880}"
   1609728,         0,         0,   119.6,decoder_by_matrix,a052b2ce6ed64a98931ebcd7492590a746d7ec6e385d9f4479eb5b69a31b01f0,"{""distance"":5,""physical_error_rate"":0.0001}","{""detection_events"":88400,""detectors_checked"":273653760}"
   1617920,         0,         0,   119.7,decoder_by_matrix,161b5fe948dcfe007f335a5c57bcb8ff38ff3ea8726714a4cc08f5b9386b17ca,"{""distance"":5,""physical_error_rate"":5e-06}","{""detection_events"":4675,""detectors_checked"":275046400}"
   1520640,         2,         0,   119.6,decoder_by_matrix,5b8a070a3cf8d31d64f24dbee89f3428cb9cab13fc59f7448d798f9bf08e9187,"{""distance"":5,""physical_error_rate"":0.001}","{""detection_events"":857600,""detectors_checked"":258508800,""obs_mistake_mask=E_"":2}"
   1563648,         1,         0,   119.7,decoder_by_matrix,5b8a070a3cf8d31d64f24dbee89f3428cb9cab13fc59f7448d798f9bf08e9187,"{""distance"":5,""physical_error_rate"":0.001}","{""detection_events"":888965,""detectors_checked"":265820160,""obs_mistake_mask=_E"":1}"
   1592320,         0,         0,   119.6,decoder_by_matrix,f0fc70a0432f83ff513e502442839d2eab02e2bed2f658d0464ff826d304e5e7,"{""distance"":5,""physical_error_rate"":0.0005}","{""detection_events"":454765,""detectors_checked"":270694400}"
   2519040,         0,         0,   119.6,decoder_by_matrix,be0c214c078cdb5104153598b498575a1fc035ba16beb428536e5a87ee0a867f,"{""distance"":5,""physical_error_rate"":1e-06}","{""detection_events"":1160,""detectors_checked"":428236800}"
   1655808,         0,         0,   119.6,decoder_by_matrix,be0c214c078cdb5104153598b498575a1fc035ba16beb428536e5a87ee0a867f,"{""distance"":5,""physical_error_rate"":1e-06}","{""detection_events"":965,""detectors_checked"":281487360}"
   1567744,         0,         0,   119.7,decoder_by_matrix,a052b2ce6ed64a98931ebcd7492590a746d7ec6e385d9f4479eb5b69a31b01f0,"{""distance"":5,""physical_error_rate"":0.0001}","{""detection_events"":86365,""detectors_checked"":266516480}"
   1580032,         0,         0,   119.6,decoder_by_matrix,be0c214c078cdb5104153598b498575a1fc035ba16beb428536e5a87ee0a867f,"{""distance"":5,""physical_error_rate"":1e-06}","{""detection_events"":1010,""detectors_checked"":268605440}"
   1605632,         0,         0,   119.6,decoder_by_matrix,6866428194f3c2ecf80b799fe3d7eaa0d7bfdd0bee14693d15f8abf3c1159eda,"{""distance"":5,""physical_error_rate"":1e-05}","{""detection_events"":8790,""detectors_checked"":272957440}"
   1511424,         0,         0,   119.7,decoder_by_matrix,f0fc70a0432f83ff513e502442839d2eab02e2bed2f658d0464ff826d304e5e7,"{""distance"":5,""physical_error_rate"":0.0005}","{""detection_events"":431765,""detectors_checked"":256942080}"
   2049024,         0,         0,   119.7,decoder_by_matrix,a052b2ce6ed64a98931ebcd7492590a746d7ec6e385d9f4479eb5b69a31b01f0,"{""distance"":5,""physical_error_rate"":0.0001}","{""detection_events"":114710,""detectors_checked"":348334080}"
   7516160,        16,         0,   119.1,decoder_by_matrix,5b8a070a3cf8d31d64f24dbee89f3428cb9cab13fc59f7448d798f9bf08e9187,"{""distance"":5,""physical_error_rate"":0.001}","{""detection_events"":4255535,""detectors_checked"":1277747200,""obs_mistake_mask=EE"":5,""obs_mistake_mask=E_"":9,""obs_mistake_mask=_E"":2}"
   1546240,         3,         0,   119.7,decoder_by_matrix,5b8a070a3cf8d31d64f24dbee89f3428cb9cab13fc59f7448d798f9bf08e9187,"{""distance"":5,""physical_error_rate"":0.001}","{""detection_events"":874580,""detectors_checked"":262860800,""obs_mistake_mask=E_"":3}"
   1528832,         0,         0,   119.7,decoder_by_matrix,be0c214c078cdb5104153598b498575a1fc035ba16beb428536e5a87ee0a867f,"{""distance"":5,""physical_error_rate"":1e-06}","{""detection_events"":980,""detectors_checked"":259901440}"
   1562624,         0,         0,   119.6,decoder_by_matrix,cc9cd6551b3048ae216380ccb8ae5d3cca75b5b766fe651c47ef084ce4ce7dc6,"{""distance"":5,""physical_error_rate"":5e-05}","{""detection_events"":42995,""detectors_checked"":265646080}"
   1531904,         0,         0,   119.6,decoder_by_matrix,161b5fe948dcfe007f335a5c57bcb8ff38ff3ea8726714a4cc08f5b9386b17ca,"{""distance"":5,""physical_error_rate"":5e-06}","{""detection_events"":3875,""detectors_checked"":260423680}"
   1514496,         3,         0,   119.7,decoder_by_matrix,5b8a070a3cf8d31d64f24dbee89f3428cb9cab13fc59f7448d798f9bf08e9187,"{""distance"":5,""physical_error_rate"":0.001}","{""detection_events"":855825,""detectors_checked"":257464320,""obs_mistake_mask=E_"":2,""obs_mistake_mask=_E"":1}"
   1581056,         0,         0,   119.6,decoder_by_matrix,6866428194f3c2ecf80b799fe3d7eaa0d7bfdd0bee14693d15f8abf3c1159eda,"{""distance"":5,""physical_error_rate"":1e-05}","{""detection_events"":9080,""detectors_checked"":268779520}"
   1564672,         0,         0,   119.5,decoder_by_matrix,cc9cd6551b3048ae216380ccb8ae5d3cca75b5b766fe651c47ef084ce4ce7dc6,"{""distance"":5,""physical_error_rate"":5e-05}","{""detection_events"":45175,""detectors_checked"":265994240}"
   1527808,         1,         0,   119.7,decoder_by_matrix,f0fc70a0432f83ff513e502442839d2eab02e2bed2f658d0464ff826d304e5e7,"{""distance"":5,""physical_error_rate"":0.0005}","{""detection_events"":432875,""detectors_checked"":259727360,""obs_mistake_mask=E_"":1}"
   1603584,         0,         0,   119.5,decoder_by_matrix,be0c214c078cdb5104153598b498575a1fc035ba16beb428536e5a87ee0a867f,"{""distance"":5,""physical_error_rate"":1e-06}","{""detection_events"":930,""detectors_checked"":272609280}"
   1607680,         0,         0,   119.6,decoder_by_matrix,161b5fe948dcfe007f335a5c57bcb8ff38ff3ea8726714a4cc08f5b9386b17ca,"{""distance"":5,""physical_error_rate"":5e-06}","{""detection_events"":4695,""detectors_checked"":273305600}"
   1545216,         1,         0,   119.6,decoder_by_matrix,5b8a070a3cf8d31d64f24dbee89f3428cb9cab13fc59f7448d798f9bf08e9187,"{""distance"":5,""physical_error_rate"":0.001}","{""detection_events"":875510,""detectors_checked"":262686720,""obs_mistake_mask=EE"":1}"
   1564672,         0,         0,   119.5,decoder_by_matrix,a052b2ce6ed64a98931ebcd7492590a746d7ec6e385d9f4479eb5b69a31b01f0,"{""distance"":5,""physical_error_rate"":0.0001}","{""detection_events"":89805,""detectors_checked"":265994240}"
   1555456,         0,         0,   119.6,decoder_by_matrix,a052b2ce6ed64a98931ebcd7492590a746d7ec6e385d9f4479eb5b69a31b01f0,"{""distance"":5,""physical_error_rate"":0.0001}","{""detection_events"":84445,""detectors_checked"":264427520}"
   1484800,         0,         0,   119.6,decoder_by_matrix,cc9cd6551b3048ae216380ccb8ae5d3cca75b5b766fe651c47ef084ce4ce7dc6,"{""distance"":5,""physical_error_rate"":5e-05}","{""detection_events"":41655,""detectors_checked"":252416000}"
   1555456,         0,         0,   119.6,decoder_by_matrix,a052b2ce6ed64a98931ebcd7492590a746d7ec6e385d9f4479eb5b69a31b01f0,"{""distance"":5,""physical_error_rate"":0.0001}","{""detection_events"":87670,""detectors_checked"":264427520}"
   1596416,         0,         0,   119.6,decoder_by_matrix,6866428194f3c2ecf80b799fe3d7eaa0d7bfdd0bee14693d15f8abf3c1159eda,"{""distance"":5,""physical_error_rate"":1e-05}","{""detection_events"":8610,""detectors_checked"":271390720}"
   1529856,         0,         0,   119.6,decoder_by_matrix,f0fc70a0432f83ff513e502442839d2eab02e2bed2f658d0464ff826d304e5e7,"{""distance"":5,""physical_error_rate"":0.0005}","{""detection_events"":428235,""detectors_checked"":260075520}"
   1599488,         0,         0,   119.6,decoder_by_matrix,161b5fe948dcfe007f335a5c57bcb8ff38ff3ea8726714a4cc08f5b9386b17ca,"{""distance"":5,""physical_error_rate"":5e-06}","{""detection_events"":4885,""detectors_checked"":271912960}"
   2454528,         0,         0,   119.7,decoder_by_matrix,6866428194f3c2ecf80b799fe3d7eaa0d7bfdd0bee14693d15f8abf3c1159eda,"{""distance"":5,""physical_error_rate"":1e-05}","{""detection_events"":14445,""detectors_checked"":417269760}"
   1597440,         0,         0,   119.6,decoder_by_matrix,cc9cd6551b3048ae216380ccb8ae5d3cca75b5b766fe651c47ef084ce4ce7dc6,"{""distance"":5,""physical_error_rate"":5e-05}","{""detection_events"":45415,""detectors_checked"":271564800}"
   1576960,         0,         0,   119.6,decoder_by_matrix,a052b2ce6ed64a98931ebcd7492590a746d7ec6e385d9f4479eb5b69a31b01f0,"{""distance"":5,""physical_error_rate"":0.0001}","{""detection_events"":89635,""detectors_checked"":268083200}"
   1580032,         0,         0,   119.6,decoder_by_matrix,6866428194f3c2ecf80b799fe3d7eaa0d7bfdd0bee14693d15f8abf3c1159eda,"{""distance"":5,""physical_error_rate"":1e-05}","{""detection_events"":9990,""detectors_checked"":268605440}"
   1649664,         0,         0,   119.6,decoder_by_matrix,6866428194f3c2ecf80b799fe3d7eaa0d7bfdd0bee14693d15f8abf3c1159eda,"{""distance"":5,""physical_error_rate"":1e-05}","{""detection_events"":8615,""detectors_checked"":280442880}"
   1471488,         0,         0,   119.7,decoder_by_matrix,f0fc70a0432f83ff513e502442839d2eab02e2bed2f658d0464ff826d304e5e7,"{""distance"":5,""physical_error_rate"":0.0005}","{""detection_events"":416345,""detectors_checked"":250152960}"
   1629184,         0,         0,   119.6,decoder_by_matrix,be0c214c078cdb5104153598b498575a1fc035ba16beb428536e5a87ee0a867f,"{""distance"":5,""physical_error_rate"":1e-06}","{""detection_events"":705,""detectors_checked"":276961280}"
   1579008,         0,         0,   119.6,decoder_by_matrix,161b5fe948dcfe007f335a5c57bcb8ff38ff3ea8726714a4cc08f5b9386b17ca,"{""distance"":5,""physical_error_rate"":5e-06}","{""detection_events"":4720,""detectors_checked"":268431360}"
   1503232,         0,         0,   119.6,decoder_by_matrix,f0fc70a0432f83ff513e502442839d2eab02e2bed2f658d0464ff826d304e5e7,"{""distance"":5,""physical_error_rate"":0.0005}","{""detection_events"":429340,""detectors_checked"":255549440}"
   1516544,         0,         0,   119.6,decoder_by_matrix,be0c214c078cdb5104153598b498575a1fc035ba16beb428536e5a87ee0a867f,"{""distance"":5,""physical_error_rate"":1e-06}","{""detection_events"":715,""detectors_checked"":257812480}"
   2283520,         0,         0,   119.6,decoder_by_matrix,cc9cd6551b3048ae216380ccb8ae5d3cca75b5b766fe651c47ef084ce4ce7dc6,"{""distance"":5,""physical_error_rate"":5e-05}","{""detection_events"":65725,""detectors_checked"":388198400}"
   2595840,         0,         0,   119.5,decoder_by_matrix,161b5fe948dcfe007f335a5c57bcb8ff38ff3ea8726714a4cc08f5b9386b17ca,"{""distance"":5,""physical_error_rate"":5e-06}","{""detection_events"":7360,""detectors_checked"":441292800}"
   2025472,         0,         0,   119.7,decoder_by_matrix,f0fc70a0432f83ff513e502442839d2eab02e2bed2f658d0464ff826d304e5e7,"{""distance"":5,""physical_error_rate"":0.0005}","{""detection_events"":578305,""detectors_checked"":344330240}"
   1644544,         0,         0,   119.6,decoder_by_matrix,6866428194f3c2ecf80b799fe3d7eaa0d7bfdd0bee14693d15f8abf3c1159eda,"{""distance"":5,""physical_error_rate"":1e-05}","{""detection_events"":10340,""detectors_checked"":279572480}"
   1584128,         0,         0,   119.5,decoder_by_matrix,cc9cd6551b3048ae216380ccb8ae5d3cca75b5b766fe651c47ef084ce4ce7dc6,"{""distance"":5,""physical_error_rate"":5e-05}","{""detection_events"":45310,""detectors_checked"":269301760}"
   1646592,         0,         0,   119.6,decoder_by_matrix,161b5fe948dcfe007f335a5c57bcb8ff38ff3ea8726714a4cc08f5b9386b17ca,"{""distance"":5,""physical_error_rate"":5e-06}","{""detection_events"":4465,""detectors_checked"":279920640}"
   1629184,         0,         0,   119.6,decoder_by_matrix,cc9cd6551b3048ae216380ccb8ae5d3cca75b5b766fe651c47ef084ce4ce7dc6,"{""distance"":5,""physical_error_rate"":5e-05}","{""detection_events"":46725,""detectors_checked"":276961280}"
   1614848,         0,         0,   119.5,decoder_by_matrix,a052b2ce6ed64a98931ebcd7492590a746d7ec6e385d9f4479eb5b69a31b01f0,"{""distance"":5,""physical_error_rate"":0.0001}","{""detection_events"":91660,""detectors_checked"":274524160}"
   1617920,         0,         0,   119.5,decoder_by_matrix,161b5fe948dcfe007f335a5c57bcb8ff38ff3ea8726714a4cc08f5b9386b17ca,"{""distance"":5,""physical_error_rate"":5e-06}","{""detection_events"":4935,""detectors_checked"":275046400}"
   1555456,         1,         0,   119.4,decoder_by_matrix,f0fc70a0432f83ff513e502442839d2eab02e2bed2f658d0464ff826d304e5e7,"{""distance"":5,""physical_error_rate"":0.0005}","{""detection_events"":439955,""detectors_checked"":264427520,""obs_mistake_mask=EE"":1}"
   1590272,         3,         0,   119.6,decoder_by_matrix,5b8a070a3cf8d31d64f24dbee89f3428cb9cab13fc59f7448d798f9bf08e9187,"{""distance"":5,""physical_error_rate"":0.001}","{""detection_events"":903925,""detectors_checked"":270346240,""obs_mistake_mask=EE"":1,""obs_mistake_mask=_E"":2}"
   1516544,         1,         0,   119.7,decoder_by_matrix,5b8a070a3cf8d31d64f24dbee89f3428cb9cab13fc59f7448d798f9bf08e9187,"{""distance"":5,""physical_error_rate"":0.001}","{""detection_events"":857035,""detectors_checked"":257812480,""obs_mistake_mask=_E"":1}"
   2584576,         0,         0,   119.6,decoder_by_matrix,be0c214c078cdb5104153598b498575a1fc035ba16beb428536e5a87ee0a867f,"{""distance"":5,""physical_error_rate"":1e-06}","{""detection_events"":1395,""detectors_checked"":439377920}"
   1679360,         0,         0,   119.5,decoder_by_matrix,be0c214c078cdb5104153598b498575a1fc035ba16beb428536e5a87ee0a867f,"{""distance"":5,""physical_error_rate"":1e-06}","{""detection_events"":870,""detectors_checked"":285491200}"
   1583104,         0,         0,   119.6,decoder_by_matrix,a052b2ce6ed64a98931ebcd7492590a746d7ec6e385d9f4479eb5b69a31b01f0,"{""distance"":5,""physical_error_rate"":0.0001}","{""detection_events"":90710,""detectors_checked"":269127680}"
   1559552,         0,         0,   119.6,decoder_by_matrix,be0c214c078cdb5104153598b498575a1fc035ba16beb428536e5a87ee0a867f,"{""distance"":5,""physical_error_rate"":1e-06}","{""detection_events"":880,""detectors_checked"":265123840}"
   1591296,         0,         0,   119.5,decoder_by_matrix,6866428194f3c2ecf80b799fe3d7eaa0d7bfdd0bee14693d15f8abf3c1159eda,"{""distance"":5,""physical_error_rate"":1e-05}","{""detection_events"":8425,""detectors_checked"":270520320}"
   1537024,         0,         0,   119.5,decoder_by_matrix,f0fc70a0432f83ff513e502442839d2eab02e2bed2f658d0464ff826d304e5e7,"{""distance"":5,""physical_error_rate"":0.0005}","{""detection_events"":435410,""detectors_checked"":261294080}"
   2256896,         0,         0,   119.6,decoder_by_matrix,a052b2ce6ed64a98931ebcd7492590a746d7ec6e385d9f4479eb5b69a31b01f0,"{""distance"":5,""physical_error_rate"":0.0001}","{""detection_events"":131410,""detectors_checked"":383672320}"
   6251520,        14,         0,   119.1,decoder_by_matrix,5b8a070a3cf8d31d64f24dbee89f3428cb9cab13fc59f7448d798f9bf08e9187,"{""distance"":5,""physical_error_rate"":0.001}","{""detection_events"":3548620,""detectors_checked"":1062758400,""obs_mistake_mask=EE"":3,""obs_mistake_mask=E_"":6,""obs_mistake_mask=_E"":5}"
   1445888,         2,         0,   119.7,decoder_by_matrix,5b8a070a3cf8d31d64f24dbee89f3428cb9cab13fc59f7448d798f9bf08e9187,"{""distance"":5,""physical_error_rate"":0.001}","{""detection_events"":822675,""detectors_checked"":245800960,""obs_mistake_mask=E_"":1,""obs_mistake_mask=_E"":1}"
   1462272,         0,         0,   119.6,decoder_by_matrix,be0c214c078cdb5104153598b498575a1fc035ba16beb428536e5a87ee0a867f,"{""distance"":5,""physical_error_rate"":1e-06}","{""detection_events"":850,""detectors_checked"":248586240}"
   1543168,         0,         0,   119.6,decoder_by_matrix,cc9cd6551b3048ae216380ccb8ae5d3cca75b5b766fe651c47ef084ce4ce7dc6,"{""distance"":5,""physical_error_rate"":5e-05}","{""detection_events"":43070,""detectors_checked"":262338560}"
   1518592,         0,         0,   119.6,decoder_by_matrix,161b5fe948dcfe007f335a5c57bcb8ff38ff3ea8726714a4cc08f5b9386b17ca,"{""distance"":5,""physical_error_rate"":5e-06}","{""detection_events"":4585,""detectors_checked"":258160640}"
   1565696,         1,         0,   119.6,decoder_by_matrix,5b8a070a3cf8d31d64f24dbee89f3428cb9cab13fc59f7448d798f9bf08e9187,"{""distance"":5,""physical_error_rate"":0.001}","{""detection_events"":894000,""detectors_checked"":266168320,""obs_mistake_mask=E_"":1}"
   1519616,         0,         0,   119.6,decoder_by_matrix,6866428194f3c2ecf80b799fe3d7eaa0d7bfdd0bee14693d15f8abf3c1159eda,"{""distance"":5,""physical_error_rate"":1e-05}","{""detection_events"":8140,""detectors_checked"":258334720}"
   1542144,         0,         0,   119.6,decoder_by_matrix,cc9cd6551b3048ae216380ccb8ae5d3cca75b5b766fe651c47ef084ce4ce7dc6,"{""distance"":5,""physical_error_rate"":5e-05}","{""detection_events"":42400,""detectors_checked"":262164480}"
   1572864,         1,         0,   119.6,decoder_by_matrix,f0fc70a0432f83ff513e502442839d2eab02e2bed2f658d0464ff826d304e5e7,"{""distance"":5,""physical_error_rate"":0.0005}","{""detection_events"":452645,""detectors_checked"":267386880,""obs_mistake_mask=EE"":1}"
   1592320,         0,         0,   119.4,decoder_by_matrix,be0c214c078cdb5104153598b498575a1fc035ba16beb428536e5a87ee0a867f,"{""distance"":5,""physical_error_rate"":1e-06}","{""detection_events"":1075,""detectors_checked"":270694400}"
   1597440,         0,         0,   119.7,decoder_by_matrix,161b5fe948dcfe007f335a5c57bcb8ff38ff3ea8726714a4cc08f5b9386b17ca,"{""distance"":5,""physical_error_rate"":5e-06}","{""detection_events"":4570,""detectors_checked"":271564800}"
   1478656,         4,         0,   119.6,decoder_by_matrix,5b8a070a3cf8d31d64f24dbee89f3428cb9cab13fc59f7448d798f9bf08e9187,"{""distance"":5,""physical_error_rate"":0.001}","{""detection_events"":839235,""detectors_checked"":251371520,""obs_mistake_mask=E_"":3,""obs_mistake_mask=_E"":1}"
   1500160,         0,         0,   119.6,decoder_by_matrix,a052b2ce6ed64a98931ebcd7492590a746d7ec6e385d9f4479eb5b69a31b01f0,"{""distance"":5,""physical_error_rate"":0.0001}","{""detection_events"":87060,""detectors_checked"":255027200}"
   1528832,         0,         0,   119.6,decoder_by_matrix,a052b2ce6ed64a98931ebcd7492590a746d7ec6e385d9f4479eb5b69a31b01f0,"{""distance"":5,""physical_error_rate"":0.0001}","{""detection_events"":88025,""detectors_checked"":259901440}"
   1498112,         0,         0,   119.6,decoder_by_matrix,cc9cd6551b3048ae216380ccb8ae5d3cca75b5b766fe651c47ef084ce4ce7dc6,"{""distance"":5,""physical_error_rate"":5e-05}","{""detection_events"":42375,""detectors_checked"":254679040}"
   1516544,         0,         0,   119.6,decoder_by_matrix,a052b2ce6ed64a98931ebcd7492590a746d7ec6e385d9f4479eb5b69a31b01f0,"{""distance"":5,""physical_error_rate"":0.0001}","{""detection_events"":86885,""detectors_checked"":257812480}"
   1577984,         0,         0,   119.7,decoder_by_matrix,6866428194f3c2ecf80b799fe3d7eaa0d7bfdd0bee14693d15f8abf3c1159eda,"{""distance"":5,""physical_error_rate"":1e-05}","{""detection_events"":8510,""detectors_checked"":268257280}"
   1520640,         0,         0,   119.7,decoder_by_matrix,f0fc70a0432f83ff513e502442839d2eab02e2bed2f658d0464ff826d304e5e7,"{""distance"":5,""physical_error_rate"":0.0005}","{""detection_events"":436360,""detectors_checked"":258508800}"
   1597440,         0,         0,   119.6,decoder_by_matrix,161b5fe948dcfe007f335a5c57bcb8ff38ff3ea8726714a4cc08f5b9386b17ca,"{""distance"":5,""physical_error_rate"":5e-06}","{""detection_events"":4635,""detectors_checked"":271564800}"
   2529280,         0,         0,   119.7,decoder_by_matrix,6866428194f3c2ecf80b799fe3d7eaa0d7bfdd0bee14693d15f8abf3c1159eda,"{""distance"":5,""physical_error_rate"":1e-05}","{""detection_events"":14645,""detectors_checked"":429977600}"
   1552384,         0,         0,   119.6,decoder_by_matrix,cc9cd6551b3048ae216380ccb8ae5d3cca75b5b766fe651c47ef084ce4ce7dc6,"{""distance"":5,""physical_error_rate"":5e-05}","{""detection_events"":45055,""detectors_checked"":263905280}"
   1518592,         0,         0,   119.5,decoder_by_matrix,a052b2ce6ed64a98931ebcd7492590a746d7ec6e385d9f4479eb5b69a31b01f0,"{""distance"":5,""physical_error_rate"":0.0001}","{""detection_events"":87010,""detectors_checked"":258160640}"
   1545216,         0,         0,   119.6,decoder_by_matrix,6866428194f3c2ecf80b799fe3d7eaa0d7bfdd0bee14693d15f8abf3c1159eda,"{""distance"":5,""physical_error_rate"":1e-05}","{""detection_events"":8470,""detectors_checked"":262686720}"
   1586176,         0,         0,   119.6,decoder_by_matrix,6866428194f3c2ecf80b799fe3d7eaa0d7bfdd0bee14693d15f8abf3c1159eda,"{""distance"":5,""physical_error_rate"":1e-05}","{""detection_events"":9090,""detectors_checked"":269649920}"
   1524736,         0,         0,   119.6,decoder_by_matrix,f0fc70a0432f83ff513e502442839d2eab02e2bed2f658d0464ff826d304e5e7,"{""distance"":5,""physical_error_rate"":0.0005}","{""detection_events"":438500,""detectors_checked"":259205120}"
   1667072,         0,         0,   119.6,decoder_by_matrix,be0c214c078cdb5104153598b498575a1fc035ba16beb428536e5a87ee0a867f,"{""distance"":5,""physical_error_rate"":1e-06}","{""detection_events"":1195,""detectors_checked"":283402240}"
   1652736,         0,         0,   119.6,decoder_by_matrix,161b5fe948dcfe007f335a5c57bcb8ff38ff3ea8726714a4cc08f5b9386b17ca,"{""distance"":5,""physical_error_rate"":5e-06}","{""detection_events"":4600,""detectors_checked"":280965120}"
   1474560,         0,         0,   119.6,decoder_by_matrix,f0fc70a0432f83ff513e502442839d2eab02e2bed2f658d0464ff826d304e5e7,"{""distance"":5,""physical_error_rate"":0.0005}","{""detection_events"":417960,""detectors_checked"":250675200}"
   1534976,         0,         0,   119.6,decoder_by_matrix,be0c214c078cdb5104153598b498575a1fc035ba16beb428536e5a87ee0a867f,"{""distance"":5,""physical_error_rate"":1e-06}","{""detection_events"":1090,""detectors_checked"":260945920}"
   2305024,         0,         0,   119.5,decoder_by_matrix,cc9cd6551b3048ae216380ccb8ae5d3cca75b5b766fe651c47ef084ce4ce7dc6,"{""distance"":5,""physical_error_rate"":5e-05}","{""detection_events"":63945,""detectors_checked"":391854080}"
   2629632,         0,         0,   119.6,decoder_by_matrix,161b5fe948dcfe007f335a5c57bcb8ff38ff3ea8726714a4cc08f5b9386b17ca,"{""distance"":5,""physical_error_rate"":5e-06}","{""detection_events"":6490,""detectors_checked"":447037440}"
   1880064,         0,         0,   119.6,decoder_by_matrix,f0fc70a0432f83ff513e502442839d2eab02e2bed2f658d0464ff826d304e5e7,"{""distance"":5,""physical_error_rate"":0.0005}","{""detection_events"":538815,""detectors_checked"":319610880}"
   1641472,         0,         0,   119.6,decoder_by_matrix,6866428194f3c2ecf80b799fe3d7eaa0d7bfdd0bee14693d15f8abf3c1159eda,"{""distance"":5,""physical_error_rate"":1e-05}","{""detection_events"":9660,""detectors_checked"":279050240}"
   1593344,         0,         0,   119.7,decoder_by_matrix,cc9cd6551b3048ae216380ccb8ae5d3cca75b5b766fe651c47ef084ce4ce7dc6,"{""distance"":5,""physical_error_rate"":5e-05}","{""detection_events"":47690,""detectors_checked"":270868480}"
   1626112,         0,         0,   119.6,decoder_by_matrix,161b5fe948dcfe007f335a5c57bcb8ff38ff3ea8726714a4cc08f5b9386b17ca,"{""distance"":5,""physical_error_rate"":5e-06}","{""detection_events"":4915,""detectors_checked"":276439040}"
   1596416,         0,         0,   119.6,decoder_by_matrix,cc9cd6551b3048ae216380ccb8ae5d3cca75b5b766fe651c47ef084ce4ce7dc6,"{""distance"":5,""physical_error_rate"":5e-05}","{""detection_events"":45835,""detectors_checked"":271390720}"
   1616896,         0,         0,   119.7,decoder_by_matrix,a052b2ce6ed64a98931ebcd7492590a746d7ec6e385d9f4479eb5b69a31b01f0,"{""distance"":5,""physical_error_rate"":0.0001}","{""detection_events"":91770,""detectors_checked"":274872320}"
   1630208,         0,         0,   119.6,decoder_by_matrix,161b5fe948dcfe007f335a5c57bcb8ff38ff3ea8726714a4cc08f5b9386b17ca,"{""distance"":5,""physical_error_rate"":5e-06}","{""detection_events"":5070,""detectors_checked"":277135360}"
   1582080,         0,         0,   119.7,decoder_by_matrix,f0fc70a0432f83ff513e502442839d2eab02e2bed2f658d0464ff826d304e5e7,"{""distance"":5,""physical_error_rate"":0.0005}","{""detection_events"":450540,""detectors_checked"":268953600}"
   1528832,         2,         0,   119.6,decoder_by_matrix,5b8a070a3cf8d31d64f24dbee89f3428cb9cab13fc59f7448d798f9bf08e9187,"{""distance"":5,""physical_error_rate"":0.001}","{""detection_events"":864740,""detectors_checked"":259901440,""obs_mistake_mask=E_"":1,""obs_mistake_mask=_E"":1}"
   2506752,         0,         0,   119.6,decoder_by_matrix,be0c214c078cdb5104153598b498575a1fc035ba16beb428536e5a87ee0a867f,"{""distance"":5,""physical_error_rate"":1e-06}","{""detection_events"":1165,""detectors_checked"":426147840}"
   1540096,         1,         0,   119.7,decoder_by_matrix,5b8a070a3cf8d31d64f24dbee89f3428cb9cab13fc59f7448d798f9bf08e9187,"{""distance"":5,""physical_error_rate"":0.001}","{""detection_events"":881310,""detectors_checked"":261816320,""obs_mistake_mask=E_"":1}"
   1683456,         0,         0,   119.6,decoder_by_matrix,be0c214c078cdb5104153598b498575a1fc035ba16beb428536e5a87ee0a867f,"{""distance"":5,""physical_error_rate"":1e-06}","{""detection_events"":950,""detectors_checked"":286187520}"
   1584128,         0,         0,   119.6,decoder_by_matrix,a052b2ce6ed64a98931ebcd7492590a746d7ec6e385d9f4479eb5b69a31b01f0,"{""distance"":5,""physical_error_rate"":0.0001}","{""detection_events"":87005,""detectors_checked"":269301760}"
   1606656,         0,         0,   119.6,decoder_by_matrix,be0c214c078cdb5104153598b498575a1fc035ba16beb428536e5a87ee0a867f,"{""distance"":5,""physical_error_rate"":1e-06}","{""detection_events"":1070,""detectors_checked"":273131520}"
   1611776,         0,         0,   119.5,decoder_by_matrix,6866428194f3c2ecf80b799fe3d7eaa0d7bfdd0bee14693d15f8abf3c1159eda,"{""distance"":5,""physical_error_rate"":1e-05}","{""detection_events"":9205,""detectors_checked"":274001920}"
   1506304,         0,         0,   119.6,decoder_by_matrix,f0fc70a0432f83ff513e502442839d2eab02e2bed2f658d0464ff826d304e5e7,"{""distance"":5,""physical_error_rate"":0.0005}","{""detection_events"":430085,""detectors_checked"":256071680}"
   2119680,         0,         0,   119.6,decoder_by_matrix,a052b2ce6ed64a98931ebcd7492590a746d7ec6e385d9f4479eb5b69a31b01f0,"{""distance"":5,""physical_error_rate"":0.0001}","{""detection_events"":122040,""detectors_checked"":360345600}"
   7232512,        13,         0,   119.1,decoder_by_matrix,5b8a070a3cf8d31d64f24dbee89f3428cb9cab13fc59f7448d798f9bf08e9187,"{""distance"":5,""physical_error_rate"":0.001}","{""detection_events"":4106200,""detectors_checked"":1229527040,""obs_mistake_mask=EE"":6,""obs_mistake_mask=E_"":4,""obs_mistake_mask=_E"":3}"
   1529856,         2,         0,   119.6,decoder_by_matrix,5b8a070a3cf8d31d64f24dbee89f3428cb9cab13fc59f7448d798f9bf08e9187,"{""distance"":5,""physical_error_rate"":0.001}","{""detection_events"":865580,""detectors_checked"":260075520,""obs_mistake_mask=EE"":1,""obs_mistake_mask=E_"":1}"
   1562624,         0,         0,   119.5,decoder_by_matrix,be0c214c078cdb5104153598b498575a1fc035ba16beb428536e5a87ee0a867f,"{""distance"":5,""physical_error_rate"":1e-06}","{""detection_events"":770,""detectors_checked"":265646080}"
   1575936,         0,         0,   119.6,decoder_by_matrix,cc9cd6551b3048ae216380ccb8ae5d3cca75b5b766fe651c47ef084ce4ce7dc6,"{""distance"":5,""physical_error_rate"":5e-05}","{""detection_events"":43625,""detectors_checked"":267909120}"
   1549312,         0,         0,   119.6,decoder_by_matrix,161b5fe948dcfe007f335a5c57bcb8ff38ff3ea8726714a4cc08f5b9386b17ca,"{""distance"":5,""physical_error_rate"":5e-06}","{""detection_events"":4185,""detectors_checked"":263383040}"
   1533952,         4,         0,   119.6,decoder_by_matrix,5b8a070a3cf8d31d64f24dbee89f3428cb9cab13fc59f7448d798f9bf08e9187,"{""distance"":5,""physical_error_rate"":0.001}","{""detection_events"":871555,""detectors_checked"":260771840,""obs_mistake_mask=E_"":3,""obs_mistake_mask=_E"":1}"
   1555456,         0,         0,   119.6,decoder_by_matrix,6866428194f3c2ecf80b799fe3d7eaa0d7bfdd0bee14693d15f8abf3c1159eda,"{""distance"":5,""physical_error_rate"":1e-05}","{""detection_events"":9320,""detectors_checked"":264427520}"
   1572864,         0,         0,   119.6,decoder_by_matrix,cc9cd6551b3048ae216380ccb8ae5d3cca75b5b766fe651c47ef084ce4ce7dc6,"{""distance"":5,""physical_error_rate"":5e-05}","{""detection_events"":43555,""detectors_checked"":267386880}"
   1513472,         0,         0,   119.5,decoder_by_matrix,f0fc70a0432f83ff513e502442839d2eab02e2bed2f658d0464ff826d304e5e7,"{""distance"":5,""physical_error_rate"":0.0005}","{""detection_events"":428100,""detectors_checked"":257290240}"
   1577984,         0,         0,   119.5,decoder_by_matrix,be0c214c078cdb5104153598b498575a1fc035ba16beb428536e5a87ee0a867f,"{""distance"":5,""physical_error_rate"":1e-06}","{""detection_events"":695,""detectors_checked"":268257280}"
   1566720,         0,         0,   119.6,decoder_by_matrix,161b5fe948dcfe007f335a5c57bcb8ff38ff3ea8726714a4cc08f5b9386b17ca,"{""distance"":5,""physical_error_rate"":5e-06}","{""detection_events"":4255,""detectors_checked"":266342400}"
   1533952,         1,         0,   119.7,decoder_by_matrix,5b8a070a3cf8d31d64f24dbee89f3428cb9cab13fc59f7448d798f9bf08e9187,"{""distance"":5,""physical_error_rate"":0.001}","{""detection_events"":866590,""detectors_checked"":260771840,""obs_mistake_mask=E_"":1}"
   1522688,         0,         0,   119.6,decoder_by_matrix,a052b2ce6ed64a98931ebcd7492590a746d7ec6e385d9f4479eb5b69a31b01f0,"{""distance"":5,""physical_error_rate"":0.0001}","{""detection_events"":86015,""detectors_checked"":258856960}"
   1588224,         0,         0,   119.5,decoder_by_matrix,a052b2ce6ed64a98931ebcd7492590a746d7ec6e385d9f4479eb5b69a31b01f0,"{""distance"":5,""physical_error_rate"":0.0001}","{""detection_events"":90145,""detectors_checked"":269998080}"
   1491968,         0,         0,   119.6,decoder_by_matrix,cc9cd6551b3048ae216380ccb8ae5d3cca75b5b766fe651c47ef084ce4ce7dc6,"{""distance"":5,""physical_error_rate"":5e-05}","{""detection_events"":43420,""detectors_checked"":253634560}"
   1583104,         0,         0,   119.5,decoder_by_matrix,a052b2ce6ed64a98931ebcd7492590a746d7ec6e385d9f4479eb5b69a31b01f0,"{""distance"":5,""physical_error_rate"":0.0001}","{""detection_events"":88925,""detectors_checked"":269127680}"
   1587200,         0,         0,   119.5,decoder_by_matrix,6866428194f3c2ecf80b799fe3d7eaa0d7bfdd0bee14693d15f8abf3c1159eda,"{""distance"":5,""physical_error_rate"":1e-05}","{""detection_events"":9755,""detectors_checked"":269824000}"
   1492992,         0,         0,   119.7,decoder_by_matrix,f0fc70a0432f83ff513e502442839d2eab02e2bed2f658d0464ff826d304e5e7,"{""distance"":5,""physical_error_rate"":0.0005}","{""detection_events"":420610,""detectors_checked"":253808640}"
   1627136,         0,         0,   119.7,decoder_by_matrix,161b5fe948dcfe007f335a5c57bcb8ff38ff3ea8726714a4cc08f5b9386b17ca,"{""distance"":5,""physical_error_rate"":5e-06}","{""detection_events"":4365,""detectors_checked"":276613120}"
   2447360,         0,         0,   119.6,decoder_by_matrix,6866428194f3c2ecf80b799fe3d7eaa0d7bfdd0bee14693d15f8abf3c1159eda,"{""distance"":5,""physical_error_rate"":1e-05}","{""detection_events"":14570,""detectors_checked"":416051200}"
   1567744,         0,         0,   119.7,decoder_by_matrix,cc9cd6551b3048ae216380ccb8ae5d3cca75b5b766fe651c47ef084ce4ce7dc6,"{""distance"":5,""physical_error_rate"":5e-05}","{""detection_events"":44985,""detectors_checked"":266516480}"
   1502208,         0,         0,   119.5,decoder_by_matrix,a052b2ce6ed64a98931ebcd7492590a746d7ec6e385d9f4479eb5b69a31b01f0,"{""distance"":5,""physical_error_rate"":0.0001}","{""detection_events"":84525,""detectors_checked"":255375360}"
   1574912,         0,         0,   119.6,decoder_by_matrix,6866428194f3c2ecf80b799fe3d7eaa0d7bfdd0bee14693d15f8abf3c1159eda,"{""distance"":5,""physical_error_rate"":1e-05}","{""detection_events"":8300,""detectors_checked"":267735040}"
   1618944,         0,         0,   119.6,decoder_by_matrix,6866428194f3c2ecf80b799fe3d7eaa0d7bfdd0bee14693d15f8abf3c1159eda,"{""distance"":5,""physical_error_rate"":1e-05}","{""detection_events"":8820,""detectors_checked"":275220480}"
   1541120,         1,         0,   119.7,decoder_by_matrix,f0fc70a0432f83ff513e502442839d2eab02e2bed2f658d0464ff826d304e5e7,"{""distance"":5,""physical_error_rate"":0.0005}","{""detection_events"":437430,""detectors_checked"":261990400,""obs_mistake_mask=_E"":1}"
   1685504,         0,         0,   119.6,decoder_by_matrix,be0c214c078cdb5104153598b498575a1fc035ba16beb428536e5a87ee0a867f,"{""distance"":5,""physical_error_rate"":1e-06}","{""detection_events"":870,""detectors_checked"":286535680}"
   1633280,         0,         0,   119.6,decoder_by_matrix,161b5fe948dcfe007f335a5c57bcb8ff38ff3ea8726714a4cc08f5b9386b17ca,"{""distance"":5,""physical_error_rate"":5e-06}","{""detection_events"":4330,""detectors_checked"":277657600}"
   1532928,         0,         0,   119.5,decoder_by_matrix,f0fc70a0432f83ff513e502442839d2eab02e2bed2f658d0464ff826d304e5e7,"{""distance"":5,""physical_error_rate"":0.0005}","{""detection_events"":438455,""detectors_checked"":260597760}"
   1539072,         0,         0,   119.6,decoder_by_matrix,be0c214c078cdb5104153598b498575a1fc035ba16beb428536e5a87ee0a867f,"{""distance"":5,""physical_error_rate"":1e-06}","{""detection_events"":890,""detectors_checked"":261642240}"
   2108416,         0,         0,   119.6,decoder_by_matrix,cc9cd6551b3048ae216380ccb8ae5d3cca75b5b766fe651c47ef084ce4ce7dc6,"{""distance"":5,""physical_error_rate"":5e-05}","{""detection_events"":60305,""detectors_checked"":358430720}"
   2554880,         0,         0,   119.6,decoder_by_matrix,161b5fe948dcfe007f335a5c57bcb8ff38ff3ea8726714a4cc08f5b9386b17ca,"{""distance"":5,""physical_error_rate"":5e-06}","{""detection_events"":7325,""detectors_checked"":434329600}"
   1885184,         0,         0,   119.7,decoder_by_matrix,f0fc70a0432f83ff513e502442839d2eab02e2bed2f658d0464ff826d304e5e7,"{""distance"":5,""physical_error_rate"":0.0005}","{""detection_events"":537545,""detectors_checked"":320481280}"
   1619968,         0,         0,   119.6,decoder_by_matrix,6866428194f3c2ecf80b799fe3d7eaa0d7bfdd0bee14693d15f8abf3c1159eda,"{""distance"":5,""physical_error_rate"":1e-05}","{""detection_events"":9415,""detectors_checked"":275394560}"
   1593344,         0,         0,   119.6,decoder_by_matrix,cc9cd6551b3048ae216380ccb8ae5d3cca75b5b766fe651c47ef084ce4ce7dc6,"{""distance"":5,""physical_error_rate"":5e-05}","{""detection_events"":43795,""detectors_checked"":270868480}"
   1645568,         0,         0,   119.6,decoder_by_matrix,161b5fe948dcfe007f335a5c57bcb8ff38ff3ea8726714a4cc08f5b9386b17ca,"{""distance"":5,""physical_error_rate"":5e-06}","{""detection_events"":4220,""detectors_checked"":279746560}"
   1645568,         0,         0,   119.6,decoder_by_matrix,cc9cd6551b3048ae216380ccb8ae5d3cca75b5b766fe651c47ef084ce4ce7dc6,"{""distance"":5,""physical_error_rate"":5e-05}","{""detection_events"":49320,""detectors_checked"":279746560}"
   1665024,         0,         0,   119.6,decoder_by_matrix,a052b2ce6ed64a98931ebcd7492590a746d7ec6e385d9f4479eb5b69a31b01f0,"{""distance"":5,""physical_error_rate"":0.0001}","{""detection_events"":96100,""detectors_checked"":283054080}"
   1642496,         0,         0,   119.6,decoder_by_matrix,161b5fe948dcfe007f335a5c57bcb8ff38ff3ea8726714a4cc08f5b9386b17ca,"{""distance"":5,""physical_error_rate"":5e-06}","{""detection_events"":5010,""detectors_checked"":279224320}"
   1584128,         0,         0,   119.4,decoder_by_matrix,f0fc70a0432f83ff513e502442839d2eab02e2bed2f658d0464ff826d304e5e7,"{""distance"":5,""physical_error_rate"":0.0005}","{""detection_events"":448700,""detectors_checked"":269301760}"
   1518592,         4,         0,   119.4,decoder_by_matrix,5b8a070a3cf8d31d64f24dbee89f3428cb9cab13fc59f7448d798f9bf08e9187,"{""distance"":5,""physical_error_rate"":0.001}","{""detection_events"":863610,""detectors_checked"":258160640,""obs_mistake_mask=E_"":3,""obs_mistake_mask=_E"":1}"
   2485248,         0,         0,   119.6,decoder_by_matrix,be0c214c078cdb5104153598b498575a1fc035ba16beb428536e5a87ee0a867f,"{""distance"":5,""physical_error_rate"":1e-06}","{""detection_events"":1365,""detectors_checked"":422492160}"
   1573888,         2,         0,   119.6,decoder_by_matrix,5b8a070a3cf8d31d64f24dbee89f3428cb9cab13fc59f7448d798f9bf08e9187,"{""distance"":5,""physical_error_rate"":0.001}","{""detection_events"":892705,""detectors_checked"":267560960,""obs_mistake_mask=EE"":2}"
   1653760,         0,         0,   119.5,decoder_by_matrix,be0c214c078cdb5104153598b498575a1fc035ba16beb428536e5a87ee0a867f,"{""distance"":5,""physical_error_rate"":1e-06}","{""detection_events"":865,""detectors_checked"":281139200}"
   1564672,         0,         0,   119.7,decoder_by_matrix,a052b2ce6ed64a98931ebcd7492590a746d7ec6e385d9f4479eb5b69a31b01f0,"{""distance"":5,""physical_error_rate"":0.0001}","{""detection_events"":88405,""detectors_checked"":265994240}"
   1556480,         0,         0,   119.7,decoder_by_matrix,be0c214c078cdb5104153598b498575a1fc035ba16beb428536e5a87ee0a867f,"{""distance"":5,""physical_error_rate"":1e-06}","{""detection_events"":1120,""detectors_checked"":264601600}"
   1676288,         0,         0,   119.6,decoder_by_matrix,6866428194f3c2ecf80b799fe3d7eaa0d7bfdd0bee14693d15f8abf3c1159eda,"{""distance"":5,""physical_error_rate"":1e-05}","{""detection_events"":9955,""detectors_checked"":284968960}"
   1514496,         0,         0,   119.6,decoder_by_matrix,f0fc70a0432f83ff513e502442839d2eab02e2bed2f658d0464ff826d304e5e7,"{""distance"":5,""physical_error_rate"":0.0005}","{""detection_events"":431165,""detectors_checked"":257464320}"
   2113536,         0,         0,   119.6,decoder_by_matrix,a052b2ce6ed64a98931ebcd7492590a746d7ec6e385d9f4479eb5b69a31b01f0,"{""distance"":5,""physical_error_rate"":0.0001}","{""detection_events"":119690,""detectors_checked"":359301120}"
   7414784,        18,         0,   119.1,decoder_by_matrix,5b8a070a3cf8d31d64f24dbee89f3428cb9cab13fc59f7448d798f9bf08e9187,"{""distance"":5,""physical_error_rate"":0.001}","{""detection_events"":4224865,""detectors_checked"":1260513280,""obs_mistake_mask=EE"":4,""obs_mistake_mask=E_"":9,""obs_mistake_mask=_E"":5}"
   1498112,         4,         0,   119.7,decoder_by_matrix,5b8a070a3cf8d31d64f24dbee89f3428cb9cab13fc59f7448d798f9bf08e9187,"{""distance"":5,""physical_error_rate"":0.001}","{""detection_events"":846655,""detectors_checked"":254679040,""obs_mistake_mask=EE"":1,""obs_mistake_mask=E_"":2,""obs_mistake_mask=_E"":1}"
   1562624,         0,         0,   119.5,decoder_by_matrix,be0c214c078cdb5104153598b498575a1fc035ba16beb428536e5a87ee0a867f,"{""distance"":5,""physical_error_rate"":1e-06}","{""detection_events"":880,""detectors_checked"":265646080}"
   1608704,         0,         0,   119.6,decoder_by_matrix,cc9cd6551b3048ae216380ccb8ae5d3cca75b5b766fe651c47ef084ce4ce7dc6,"{""distance"":5,""physical_error_rate"":5e-05}","{""detection_events"":46160,""detectors_checked"":273479680}"
   1510400,         0,         0,   119.5,decoder_by_matrix,161b5fe948dcfe007f335a5c57bcb8ff38ff3ea8726714a4cc08f5b9386b17ca,"{""distance"":5,""physical_error_rate"":5e-06}","{""detection_events"":4350,""detectors_checked"":256768000}"
   1529856,         4,         0,   119.7,decoder_by_matrix,5b8a070a3cf8d31d64f24dbee89f3428cb9cab13fc59f7448d798f9bf08e9187,"{""distance"":5,""physical_error_rate"":0.001}","{""detection_events"":868620,""detectors_checked"":260075520,""obs_mistake_mask=EE"":1,""obs_mistake_mask=E_"":2,""obs_mistake_mask=_E"":1}"
   1583104,         0,         0,   119.6,decoder_by_matrix,6866428194f3c2ecf80b799fe3d7eaa0d7bfdd0bee14693d15f8abf3c1159eda,"{""distance"":5,""physical_error_rate"":1e-05}","{""detection_events"":9560,""detectors_checked"":269127680}"
   1552384,         0,         0,   119.6,decoder_by_matrix,cc9cd6551b3048ae216380ccb8ae5d3cca75b5b766fe651c47ef084ce4ce7dc6,"{""distance"":5,""physical_error_rate"":5e-05}","{""detection_events"":43520,""detectors_checked"":263905280}"
   1538048,         0,         0,   119.6,decoder_by_matrix,f0fc70a0432f83ff513e502442839d2eab02e2bed2f658d0464ff826d304e5e7,"{""distance"":5,""physical_error_rate"":0.0005}","{""detection_events"":440550,""detectors_checked"":261468160}"
   1605632,         0,         0,   119.6,decoder_by_matrix,be0c214c078cdb5104153598b498575a1fc035ba16beb428536e5a87ee0a867f,"{""distance"":5,""physical_error_rate"":1e-06}","{""detection_events"":830,""detectors_checked"":272957440}"
   1577984,         0,         0,   119.6,decoder_by_matrix,161b5fe948dcfe007f335a5c57bcb8ff38ff3ea8726714a4cc08f5b9386b17ca,"{""distance"":5,""physical_error_rate"":5e-06}","{""detection_events"":4955,""detectors_checked"":268257280}"
   1503232,         1,         0,   119.6,decoder_by_matrix,5b8a070a3cf8d31d64f24dbee89f3428cb9cab13fc59f7448d798f9bf08e9187,"{""distance"":5,""physical_error_rate"":0.001}","{""detection_events"":854530,""detectors_checked"":255549440,""obs_mistake_mask=_E"":1}"
   1490944,         0,         0,   119.5,decoder_by_matrix,a052b2ce6ed64a98931ebcd7492590a746d7ec6e385d9f4479eb5b69a31b01f0,"{""distance"":5,""physical_error_rate"":0.0001}","{""detection_events"":85070,""detectors_checked"":253460480}"
   1547264,         0,         0,   119.5,decoder_by_matrix,a052b2ce6ed64a98931ebcd7492590a746d7ec6e385d9f4479eb5b69a31b01f0,"{""distance"":5,""physical_error_rate"":0.0001}","{""detection_events"":87925,""detectors_checked"":263034880}"
   1517568,         0,         0,   119.6,decoder_by_matrix,cc9cd6551b3048ae216380ccb8ae5d3cca75b5b766fe651c47ef084ce4ce7dc6,"{""distance"":5,""physical_error_rate"":5e-05}","{""detection_events"":42510,""detectors_checked"":257986560}"
   1500160,         0,         0,   119.7,decoder_by_matrix,a052b2ce6ed64a98931ebcd7492590a746d7ec6e385d9f4479eb5b69a31b01f0,"{""distance"":5,""physical_error_rate"":0.0001}","{""detection_events"":85840,""detectors_checked"":255027200}"
   1536000,         0,         0,   119.7,decoder_by_matrix,6866428194f3c2ecf80b799fe3d7eaa0d7bfdd0bee14693d15f8abf3c1159eda,"{""distance"":5,""physical_error_rate"":1e-05}","{""detection_events"":8830,""detectors_checked"":261120000}"
   1515520,         0,         0,   119.7,decoder_by_matrix,f0fc70a0432f83ff513e502442839d2eab02e2bed2f658d0464ff826d304e5e7,"{""distance"":5,""physical_error_rate"":0.0005}","{""detection_events"":428635,""detectors_checked"":257638400}"
   1596416,         0,         0,   119.7,decoder_by_matrix,161b5fe948dcfe007f335a5c57bcb8ff38ff3ea8726714a4cc08f5b9386b17ca,"{""distance"":5,""physical_error_rate"":5e-06}","{""detection_events"":4640,""detectors_checked"":271390720}"
   2568192,         0,         0,   119.6,decoder_by_matrix,6866428194f3c2ecf80b799fe3d7eaa0d7bfdd0bee14693d15f8abf3c1159eda,"{""distance"":5,""physical_error_rate"":1e-05}","{""detection_events"":15025,""detectors_checked"":436592640}"
   1476608,         0,         0,   119.6,decoder_by_matrix,cc9cd6551b3048ae216380ccb8ae5d3cca75b5b766fe651c47ef084ce4ce7dc6,"{""distance"":5,""physical_error_rate"":5e-05}","{""detection_events"":42575,""detectors_checked"":251023360}"
   1475584,         0,         0,   119.6,decoder_by_matrix,a052b2ce6ed64a98931ebcd7492590a746d7ec6e385d9f4479eb5b69a31b01f0,"{""distance"":5,""physical_error_rate"":0.0001}","{""detection_events"":82800,""detectors_checked"":250849280}"
   1486848,         0,         0,   119.6,decoder_by_matrix,6866428194f3c2ecf80b799fe3d7eaa0d7bfdd0bee14693d15f8abf3c1159eda,"{""distance"":5,""physical_error_rate"":1e-05}","{""detection_events"":8400,""detectors_checked"":252764160}"
   1521664,         0,         0,   119.6,decoder_by_matrix,6866428194f3c2ecf80b799fe3d7eaa0d7bfdd0bee14693d15f8abf3c1159eda,"{""distance"":5,""physical_error_rate"":1e-05}","{""detection_events"":9140,""detectors_checked"":258682880}"
   1500160,         0,         0,   119.6,decoder_by_matrix,f0fc70a0432f83ff513e502442839d2eab02e2bed2f658d0464ff826d304e5e7,"{""distance"":5,""physical_error_rate"":0.0005}","{""detection_events"":425740,""detectors_checked"":255027200}"
   1634304,         0,         0,   119.5,decoder_by_matrix,be0c214c078cdb5104153598b498575a1fc035ba16beb428536e5a87ee0a867f,"{""distance"":5,""physical_error_rate"":1e-06}","{""detection_events"":845,""detectors_checked"":277831680}"
   1657856,         0,         0,   119.5,decoder_by_matrix,161b5fe948dcfe007f335a5c57bcb8ff38ff3ea8726714a4cc08f5b9386b17ca,"{""distance"":5,""physical_error_rate"":5e-06}","{""detection_events"":4835,""detectors_checked"":281835520}"
   1555456,         0,         0,   119.6,decoder_by_matrix,f0fc70a0432f83ff513e502442839d2eab02e2bed2f658d0464ff826d304e5e7,"{""distance"":5,""physical_error_rate"":0.0005}","{""detection_events"":441945,""detectors_checked"":264427520}"
   1559552,         0,         0,   119.6,decoder_by_matrix,be0c214c078cdb5104153598b498575a1fc035ba16beb428536e5a87ee0a867f,"{""distance"":5,""physical_error_rate"":1e-06}","{""detection_events"":925,""detectors_checked"":265123840}"
   2338816,         0,         0,   119.6,decoder_by_matrix,cc9cd6551b3048ae216380ccb8ae5d3cca75b5b766fe651c47ef084ce4ce7dc6,"{""distance"":5,""physical_error_rate"":5e-05}","{""detection_events"":67390,""detectors_checked"":397598720}"
   2681856,         0,         0,   119.7,decoder_by_matrix,161b5fe948dcfe007f335a5c57bcb8ff38ff3ea8726714a4cc08f5b9386b17ca,"{""distance"":5,""physical_error_rate"":5e-06}","{""detection_events"":7355,""detectors_checked"":455915520}"
   2061312,         2,         0,   119.6,decoder_by_matrix,f0fc70a0432f83ff513e502442839d2eab02e2bed2f658d0464ff826d304e5e7,"{""distance"":5,""physical_error_rate"":0.0005}","{""detection_events"":584460,""detectors_checked"":350423040,""obs_mistake_mask=E_"":1,""obs_mistake_mask=_E"":1}"
   1619968,         0,         0,   119.5,decoder_by_matrix,6866428194f3c2ecf80b799fe3d7eaa0d7bfdd0bee14693d15f8abf3c1159eda,"{""distance"":5,""physical_error_rate"":1e-05}","{""detection_events"":8880,""detectors_checked"":275394560}"
   1532928,         0,         0,   119.6,decoder_by_matrix,cc9cd6551b3048ae216380ccb8ae5d3cca75b5b766fe651c47ef084ce4ce7dc6,"{""distance"":5,""physical_error_rate"":5e-05}","{""detection_events"":44095,""detectors_checked"":260597760}"
   1595392,         0,         0,   119.6,decoder_by_matrix,161b5fe948dcfe007f335a5c57bcb8ff38ff3ea8726714a4cc08f5b9386b17ca,"{""distance"":5,""physical_error_rate"":5e-06}","{""detection_events"":4915,""detectors_checked"":271216640}"
   1625088,         0,         0,   119.6,decoder_by_matrix,cc9cd6551b3048ae216380ccb8ae5d3cca75b5b766fe651c47ef084ce4ce7dc6,"{""distance"":5,""physical_error_rate"":5e-05}","{""detection_events"":44520,""detectors_checked"":276264960}"
   1649664,         0,         0,   119.6,decoder_by_matrix,161b5fe948dcfe007f335a5c57bcb8ff38ff3ea8726714a4cc08f5b9386b17ca,"{""distance"":5,""physical_error_rate"":5e-06}","{""detection_events"":4990,""detectors_checked"":280442880}"
   1593344,         0,         0,   119.6,decoder_by_matrix,f0fc70a0432f83ff513e502442839d2eab02e2bed2f658d0464ff826d304e5e7,"{""distance"":5,""physical_error_rate"":0.0005}","{""detection_events"":456815,""detectors_checked"":270868480}"
   1501184,         3,         0,   119.6,decoder_by_matrix,5b8a070a3cf8d31d64f24dbee89f3428cb9cab13fc59f7448d798f9bf08e9187,"{""distance"":5,""physical_error_rate"":0.001}","{""detection_events"":852280,""detectors_checked"":255201280,""obs_mistake_mask=EE"":1,""obs_mistake_mask=E_"":1,""obs_mistake_mask=_E"":1}"
   1642496,         0,         0,   119.7,decoder_by_matrix,a052b2ce6ed64a98931ebcd7492590a746d7ec6e385d9f4479eb5b69a31b01f0,"{""distance"":5,""physical_error_rate"":0.0001}","{""detection_events"":93025,""detectors_checked"":279224320}"
   1551360,         1,         0,   119.6,decoder_by_matrix,5b8a070a3cf8d31d64f24dbee89f3428cb9cab13fc59f7448d798f9bf08e9187,"{""distance"":5,""physical_error_rate"":0.001}","{""detection_events"":888175,""detectors_checked"":263731200,""obs_mistake_mask=E_"":1}"
   2572288,         0,         0,   119.6,decoder_by_matrix,be0c214c078cdb5104153598b498575a1fc035ba16beb428536e5a87ee0a867f,"{""distance"":5,""physical_error_rate"":1e-06}","{""detection_events"":1270,""detectors_checked"":437288960}"
   1644544,         0,         0,   119.5,decoder_by_matrix,be0c214c078cdb5104153598b498575a1fc035ba16beb428536e5a87ee0a867f,"{""distance"":5,""physical_error_rate"":1e-06}","{""detection_events"":940,""detectors_checked"":279572480}"
   1598464,         0,         0,   119.6,decoder_by_matrix,a052b2ce6ed64a98931ebcd7492590a746d7ec6e385d9f4479eb5b69a31b01f0,"{""distance"":5,""physical_error_rate"":0.0001}","{""detection_events"":92155,""detectors_checked"":271738880}"
   1579008,         0,         0,   119.7,decoder_by_matrix,be0c214c078cdb5104153598b498575a1fc035ba16beb428536e5a87ee0a867f,"{""distance"":5,""physical_error_rate"":1e-06}","{""detection_events"":920,""detectors_checked"":268431360}"
   1623040,         0,         0,   119.6,decoder_by_matrix,6866428194f3c2ecf80b799fe3d7eaa0d7bfdd0bee14693d15f8abf3c1159eda,"{""distance"":5,""physical_error_rate"":1e-05}","{""detection_events"":9485,""detectors_checked"":275916800}"
   1486848,         0,         0,   119.6,decoder_by_matrix,f0fc70a0432f83ff513e502442839d2eab02e2bed2f658d0464ff826d304e5e7,"{""distance"":5,""physical_error_rate"":0.0005}","{""detection_events"":417205,""detectors_checked"":252764160}"
   2198528,         0,         0,   119.6,decoder_by_matrix,a052b2ce6ed64a98931ebcd7492590a746d7ec6e385d9f4479eb5b69a31b01f0,"{""distance"":5,""physical_error_rate"":0.0001}","{""detection_events"":123690,""detectors_checked"":373749760}"
   7114752,        12,         0,   119.2,decoder_by_matrix,5b8a070a3cf8d31d64f24dbee89f3428cb9cab13fc59f7448d798f9bf08e9187,"{""distance"":5,""physical_error_rate"":0.001}","{""detection_events"":4023075,""detectors_checked"":1209507840,""obs_mistake_mask=EE"":5,""obs_mistake_mask=E_"":6,""obs_mistake_mask=_E"":1}"
   1556480,         2,         0,   119.6,decoder_by_matrix,5b8a070a3cf8d31d64f24dbee89f3428cb9cab13fc59f7448d798f9bf08e9187,"{""distance"":5,""physical_error_rate"":0.001}","{""detection_events"":882145,""detectors_checked"":264601600,""obs_mistake_mask=EE"":1,""obs_mistake_mask=E_"":1}"
   1544192,         0,         0,   119.7,decoder_by_matrix,be0c214c078cdb5104153598b498575a1fc035ba16beb428536e5a87ee0a867f,"{""distance"":5,""physical_error_rate"":1e-06}","{""detection_events"":675,""detectors_checked"":262512640}"
   1542144,         0,         0,   119.6,decoder_by_matrix,cc9cd6551b3048ae216380ccb8ae5d3cca75b5b766fe651c47ef084ce4ce7dc6,"{""distance"":5,""physical_error_rate"":5e-05}","{""detection_events"":44390,""detectors_checked"":262164480}"
   1520640,         0,         0,   119.6,decoder_by_matrix,161b5fe948dcfe007f335a5c57bcb8ff38ff3ea8726714a4cc08f5b9386b17ca,"{""distance"":5,""physical_error_rate"":5e-06}","{""detection_events"":4595,""detectors_checked"":258508800}"
   1503232,         5,         0,   119.5,decoder_by_matrix,5b8a070a3cf8d31d64f24dbee89f3428cb9cab13fc59f7448d798f9bf08e9187,"{""distance"":5,""physical_error_rate"":0.001}","{""detection_events"":847180,""detectors_checked"":255549440,""obs_mistake_mask=E_"":4,""obs_mistake_mask=_E"":1}"
   1589248,         0,         0,   119.7,decoder_by_matrix,6866428194f3c2ecf80b799fe3d7eaa0d7bfdd0bee14693d15f8abf3c1159eda,"{""distance"":5,""physical_error_rate"":1e-05}","{""detection_events"":9095,""detectors_checked"":270172160}"
   1571840,         0,         0,   119.6,decoder_by_matrix,cc9cd6551b3048ae216380ccb8ae5d3cca75b5b766fe651c47ef084ce4ce7dc6,"{""distance"":5,""physical_error_rate"":5e-05}","{""detection_events"":45405,""detectors_checked"":267212800}"
   1588224,         2,         0,   119.6,decoder_by_matrix,f0fc70a0432f83ff513e502442839d2eab02e2bed2f658d0464ff826d304e5e7,"{""distance"":5,""physical_error_rate"":0.0005}","{""detection_events"":447105,""detectors_checked"":269998080,""obs_mistake_mask=E_"":1,""obs_mistake_mask=_E"":1}"
   1599488,         0,         0,   119.6,decoder_by_matrix,be0c214c078cdb5104153598b498575a1fc035ba16beb428536e5a87ee0a867f,"{""distance"":5,""physical_error_rate"":1e-06}","{""detection_events"":955,""detectors_checked"":271912960}"
   1554432,         0,         0,   119.6,decoder_by_matrix,161b5fe948dcfe007f335a5c57bcb8ff38ff3ea8726714a4cc08f5b9386b17ca,"{""distance"":5,""physical_error_rate"":5e-06}","{""detection_events"":4565,""detectors_checked"":264253440}"
   1495040,         1,         0,   119.7,decoder_by_matrix,5b8a070a3cf8d31d64f24dbee89f3428cb9cab13fc59f7448d798f9bf08e9187,"{""distance"":5,""physical_error_rate"":0.001}","{""detection_events"":855950,""detectors_checked"":254156800,""obs_mistake_mask=_E"":1}"
   1499136,         0,         0,   119.6,decoder_by_matrix,a052b2ce6ed64a98931ebcd7492590a746d7ec6e385d9f4479eb5b69a31b01f0,"{""distance"":5,""physical_error_rate"":0.0001}","{""detection_events"":87645,""detectors_checked"":254853120}"
   1525760,         0,         0,   119.5,decoder_by_matrix,a052b2ce6ed64a98931ebcd7492590a746d7ec6e385d9f4479eb5b69a31b01f0,"{""distance"":5,""physical_error_rate"":0.0001}","{""detection_events"":87970,""detectors_checked"":259379200}"
   1511424,         0,         0,   119.6,decoder_by_matrix,cc9cd6551b3048ae216380ccb8ae5d3cca75b5b766fe651c47ef084ce4ce7dc6,"{""distance"":5,""physical_error_rate"":5e-05}","{""detection_events"":45400,""detectors_checked"":256942080}"
   1507328,         0,         0,   119.5,decoder_by_matrix,a052b2ce6ed64a98931ebcd7492590a746d7ec6e385d9f4479eb5b69a31b01f0,"{""distance"":5,""physical_error_rate"":0.0001}","{""detection_events"":83805,""detectors_checked"":256245760}"
   1576960,         0,         0,   119.6,decoder_by_matrix,6866428194f3c2ecf80b799fe3d7eaa0d7bfdd0bee14693d15f8abf3c1159eda,"{""distance"":5,""physical_error_rate"":1e-05}","{""detection_events"":8365,""detectors_checked"":268083200}"
   1491968,         0,         0,   119.5,decoder_by_matrix,f0fc70a0432f83ff513e502442839d2eab02e2bed2f658d0464ff826d304e5e7,"{""distance"":5,""physical_error_rate"":0.0005}","{""detection_events"":425040,""detectors_checked"":253634560}"
   1600512,         0,         0,   119.6,decoder_by_matrix,161b5fe948dcfe007f335a5c57bcb8ff38ff3ea8726714a4cc08f5b9386b17ca,"{""distance"":5,""physical_error_rate"":5e-06}","{""detection_events"":4510,""detectors_checked"":272087040}"
   2469888,         0,         0,   119.6,decoder_by_matrix,6866428194f3c2ecf80b799fe3d7eaa0d7bfdd0bee14693d15f8abf3c1159eda,"{""distance"":5,""physical_error_rate"":1e-05}","{""detection_events"":14345,""detectors_checked"":419880960}"
   1546240,         0,         0,   119.7,decoder_by_matrix,cc9cd6551b3048ae216380ccb8ae5d3cca75b5b766fe651c47ef084ce4ce7dc6,"{""distance"":5,""physical_error_rate"":5e-05}","{""detection_events"":44565,""detectors_checked"":262860800}"
   1518592,         0,         0,   119.7,decoder_by_matrix,a052b2ce6ed64a98931ebcd7492590a746d7ec6e385d9f4479eb5b69a31b01f0,"{""distance"":5,""physical_error_rate"":0.0001}","{""detection_events"":87325,""detectors_checked"":258160640}"
   1555456,         0,         0,   119.6,decoder_by_matrix,6866428194f3c2ecf80b799fe3d7eaa0d7bfdd0bee14693d15f8abf3c1159eda,"{""distance"":5,""physical_error_rate"":1e-05}","{""detection_events"":8700,""detectors_checked"":264427520}"
   1597440,         0,         0,   119.6,decoder_by_matrix,6866428194f3c2ecf80b799fe3d7eaa0d7bfdd0bee14693d15f8abf3c1159eda,"{""distance"":5,""physical_error_rate"":1e-05}","{""detection_events"":9810,""detectors_checked"":271564800}"
   1524736,         1,         0,   119.7,decoder_by_matrix,f0fc70a0432f83ff513e502442839d2eab02e2bed2f658d0464ff826d304e5e7,"{""distance"":5,""physical_error_rate"":0.0005}","{""detection_events"":437340,""detectors_checked"":259205120,""obs_mistake_mask=E_"":1}"
   2028221,         0,         0,    96.4,decoder_by_matrix,161b5fe948dcfe007f335a5c57bcb8ff38ff3ea8726714a4cc08f5b9386b17ca,"{""distance"":5,""physical_error_rate"":5e-06}","{""detection_events"":5475,""detectors_checked"":344797570}"
   1630208,         0,         0,   119.7,decoder_by_matrix,be0c214c078cdb5104153598b498575a1fc035ba16beb428536e5a87ee0a867f,"{""distance"":5,""physical_error_rate"":1e-06}","{""detection_events"":895,""detectors_checked"":277135360}"
   1650688,         0,         0,   119.7,decoder_by_matrix,161b5fe948dcfe007f335a5c57bcb8ff38ff3ea8726714a4cc08f5b9386b17ca,"{""distance"":5,""physical_error_rate"":5e-06}","{""detection_events"":4330,""detectors_checked"":280616960}"
   1551360,         0,         0,   119.5,decoder_by_matrix,f0fc70a0432f83ff513e502442839d2eab02e2bed2f658d0464ff826d304e5e7,"{""distance"":5,""physical_error_rate"":0.0005}","{""detection_events"":441380,""detectors_checked"":263731200}"
   1543168,         0,         0,   119.6,decoder_by_matrix,be0c214c078cdb5104153598b498575a1fc035ba16beb428536e5a87ee0a867f,"{""distance"":5,""physical_error_rate"":1e-06}","{""detection_events"":830,""detectors_checked"":262338560}"
   2255872,         0,         0,   119.6,decoder_by_matrix,cc9cd6551b3048ae216380ccb8ae5d3cca75b5b766fe651c47ef084ce4ce7dc6,"{""distance"":5,""physical_error_rate"":5e-05}","{""detection_events"":66335,""detectors_checked"":383498240}"
   2078720,         0,         0,   119.6,decoder_by_matrix,f0fc70a0432f83ff513e502442839d2eab02e2bed2f658d0464ff826d304e5e7,"{""distance"":5,""physical_error_rate"":0.0005}","{""detection_events"":594105,""detectors_checked"":353382400}"
   2592966,         0,         0,   118.6,decoder_by_matrix,be0c214c078cdb5104153598b498575a1fc035ba16beb428536e5a87ee0a867f,"{""distance"":5,""physical_error_rate"":1e-06}","{""detection_events"":1615,""detectors_checked"":440804220}"
   1622016,         0,         0,   119.6,decoder_by_matrix,6866428194f3c2ecf80b799fe3d7eaa0d7bfdd0bee14693d15f8abf3c1159eda,"{""distance"":5,""physical_error_rate"":1e-05}","{""detection_events"":9585,""detectors_checked"":275742720}"
   1586176,         0,         0,   119.6,decoder_by_matrix,cc9cd6551b3048ae216380ccb8ae5d3cca75b5b766fe651c47ef084ce4ce7dc6,"{""distance"":5,""physical_error_rate"":5e-05}","{""detection_events"":43260,""detectors_checked"":269649920}"
   1591296,         0,         0,   119.7,decoder_by_matrix,161b5fe948dcfe007f335a5c57bcb8ff38ff3ea8726714a4cc08f5b9386b17ca,"{""distance"":5,""physical_error_rate"":5e-06}","{""detection_events"":4430,""detectors_checked"":270520320}"
   1609728,         0,         0,   119.7,decoder_by_matrix,cc9cd6551b3048ae216380ccb8ae5d3cca75b5b766fe651c47ef084ce4ce7dc6,"{""distance"":5,""physical_error_rate"":5e-05}","{""detection_events"":47530,""detectors_checked"":273653760}"
   1552384,         2,         0,   119.6,decoder_by_matrix,5b8a070a3cf8d31d64f24dbee89f3428cb9cab13fc59f7448d798f9bf08e9187,"{""distance"":5,""physical_error_rate"":0.001}","{""detection_events"":878635,""detectors_checked"":263905280,""obs_mistake_mask=E_"":2}"
   1652736,         0,         0,   119.7,decoder_by_matrix,161b5fe948dcfe007f335a5c57bcb8ff38ff3ea8726714a4cc08f5b9386b17ca,"{""distance"":5,""physical_error_rate"":5e-06}","{""detection_events"":4670,""detectors_checked"":280965120}"
   1565696,         1,         0,   119.7,decoder_by_matrix,f0fc70a0432f83ff513e502442839d2eab02e2bed2f658d0464ff826d304e5e7,"{""distance"":5,""physical_error_rate"":0.0005}","{""detection_events"":450475,""detectors_checked"":266168320,""obs_mistake_mask=EE"":1}"
   1595392,         0,         0,   119.6,decoder_by_matrix,a052b2ce6ed64a98931ebcd7492590a746d7ec6e385d9f4479eb5b69a31b01f0,"{""distance"":5,""physical_error_rate"":0.0001}","{""detection_events"":91155,""detectors_checked"":271216640}"
   1596416,         3,         0,   119.5,decoder_by_matrix,5b8a070a3cf8d31d64f24dbee89f3428cb9cab13fc59f7448d798f9bf08e9187,"{""distance"":5,""physical_error_rate"":0.001}","{""detection_events"":908025,""detectors_checked"":271390720,""obs_mistake_mask=E_"":1,""obs_mistake_mask=_E"":2}"
   1666048,         0,         0,   119.5,decoder_by_matrix,be0c214c078cdb5104153598b498575a1fc035ba16beb428536e5a87ee0a867f,"{""distance"":5,""physical_error_rate"":1e-06}","{""detection_events"":1165,""detectors_checked"":283228160}"
   1593344,         0,         0,   119.7,decoder_by_matrix,a052b2ce6ed64a98931ebcd7492590a746d7ec6e385d9f4479eb5b69a31b01f0,"{""distance"":5,""physical_error_rate"":0.0001}","{""detection_events"":89100,""detectors_checked"":270868480}"
   1577984,         0,         0,   119.6,decoder_by_matrix,be0c214c078cdb5104153598b498575a1fc035ba16beb428536e5a87ee0a867f,"{""distance"":5,""physical_error_rate"":1e-06}","{""detection_events"":860,""detectors_checked"":268257280}"
   1557504,         0,         0,   119.6,decoder_by_matrix,6866428194f3c2ecf80b799fe3d7eaa0d7bfdd0bee14693d15f8abf3c1159eda,"{""distance"":5,""physical_error_rate"":1e-05}","{""detection_events"":9050,""detectors_checked"":264775680}"
   1515520,         0,         0,   119.6,decoder_by_matrix,f0fc70a0432f83ff513e502442839d2eab02e2bed2f658d0464ff826d304e5e7,"{""distance"":5,""physical_error_rate"":0.0005}","{""detection_events"":425105,""detectors_checked"":257638400}"
   2263040,         0,         0,   119.6,decoder_by_matrix,a052b2ce6ed64a98931ebcd7492590a746d7ec6e385d9f4479eb5b69a31b01f0,"{""distance"":5,""physical_error_rate"":0.0001}","{""detection_events"":131950,""detectors_checked"":384716800}"
   7063552,        13,         0,   119.1,decoder_by_matrix,5b8a070a3cf8d31d64f24dbee89f3428cb9cab13fc59f7448d798f9bf08e9187,"{""distance"":5,""physical_error_rate"":0.001}","{""detection_events"":4007895,""detectors_checked"":1200803840,""obs_mistake_mask=EE"":4,""obs_mistake_mask=E_"":6,""obs_mistake_mask=_E"":3}"
   1508352,         1,         0,   119.6,decoder_by_matrix,5b8a070a3cf8d31d64f24dbee89f3428cb9cab13fc59f7448d798f9bf08e9187,"{""distance"":5,""physical_error_rate"":0.001}","{""detection_events"":860875,""detectors_checked"":256419840,""obs_mistake_mask=E_"":1}"
   1550336,         0,         0,   119.5,decoder_by_matrix,be0c214c078cdb5104153598b498575a1fc035ba16beb428536e5a87ee0a867f,"{""distance"":5,""physical_error_rate"":1e-06}","{""detection_events"":780,""detectors_checked"":263557120}"
   1556480,         0,         0,   119.5,decoder_by_matrix,cc9cd6551b3048ae216380ccb8ae5d3cca75b5b766fe651c47ef084ce4ce7dc6,"{""distance"":5,""physical_error_rate"":5e-05}","{""detection_events"":43295,""detectors_checked"":264601600}"
   1512448,         0,         0,   119.6,decoder_by_matrix,161b5fe948dcfe007f335a5c57bcb8ff38ff3ea8726714a4cc08f5b9386b17ca,"{""distance"":5,""physical_error_rate"":5e-06}","{""detection_events"":3800,""detectors_checked"":257116160}"
   1543168,         1,         0,   119.8,decoder_by_matrix,5b8a070a3cf8d31d64f24dbee89f3428cb9cab13fc59f7448d798f9bf08e9187,"{""distance"":5,""physical_error_rate"":0.001}","{""detection_events"":880955,""detectors_checked"":262338560,""obs_mistake_mask=EE"":1}"
   1620992,         0,         0,   119.6,decoder_by_matrix,6866428194f3c2ecf80b799fe3d7eaa0d7bfdd0bee14693d15f8abf3c1159eda,"{""distance"":5,""physical_error_rate"":1e-05}","{""detection_events"":8645,""detectors_checked"":275568640}"
   1500160,         0,         0,   119.5,decoder_by_matrix,f0fc70a0432f83ff513e502442839d2eab02e2bed2f658d0464ff826d304e5e7,"{""distance"":5,""physical_error_rate"":0.0005}","{""detection_events"":427885,""detectors_checked"":255027200}"
   1552384,         0,         0,   119.5,decoder_by_matrix,cc9cd6551b3048ae216380ccb8ae5d3cca75b5b766fe651c47ef084ce4ce7dc6,"{""distance"":5,""physical_error_rate"":5e-05}","{""detection_events"":44550,""detectors_checked"":263905280}"
   1631232,         0,         0,   119.6,decoder_by_matrix,be0c214c078cdb5104153598b498575a1fc035ba16beb428536e5a87ee0a867f,"{""distance"":5,""physical_error_rate"":1e-06}","{""detection_events"":980,""detectors_checked"":277309440}"
   1589248,         0,         0,   119.6,decoder_by_matrix,161b5fe948dcfe007f335a5c57bcb8ff38ff3ea8726714a4cc08f5b9386b17ca,"{""distance"":5,""physical_error_rate"":5e-06}","{""detection_events"":3840,""detectors_checked"":270172160}"
   1477632,         0,         0,   119.6,decoder_by_matrix,5b8a070a3cf8d31d64f24dbee89f3428cb9cab13fc59f7448d798f9bf08e9187,"{""distance"":5,""physical_error_rate"":0.001}","{""detection_events"":830360,""detectors_checked"":251197440}"
   1490944,         0,         0,   119.4,decoder_by_matrix,a052b2ce6ed64a98931ebcd7492590a746d7ec6e385d9f4479eb5b69a31b01f0,"{""distance"":5,""physical_error_rate"":0.0001}","{""detection_events"":82625,""detectors_checked"":253460480}"
   1564672,         0,         0,   119.5,decoder_by_matrix,a052b2ce6ed64a98931ebcd7492590a746d7ec6e385d9f4479eb5b69a31b01f0,"{""distance"":5,""physical_error_rate"":0.0001}","{""detection_events"":90080,""detectors_checked"":265994240}"
   1505280,         0,         0,   119.6,decoder_by_matrix,cc9cd6551b3048ae216380ccb8ae5d3cca75b5b766fe651c47ef084ce4ce7dc6,"{""distance"":5,""physical_error_rate"":5e-05}","{""detection_events"":42305,""detectors_checked"":255897600}"
   1487872,         0,         0,   119.6,decoder_by_matrix,a052b2ce6ed64a98931ebcd7492590a746d7ec6e385d9f4479eb5b69a31b01f0,"{""distance"":5,""physical_error_rate"":0.0001}","{""detection_events"":82600,""detectors_checked"":252938240}"
   1581056,         0,         0,   119.5,decoder_by_matrix,6866428194f3c2ecf80b799fe3d7eaa0d7bfdd0bee14693d15f8abf3c1159eda,"{""distance"":5,""physical_error_rate"":1e-05}","{""detection_events"":9265,""detectors_checked"":268779520}"
   1509376,         0,         0,   119.6,decoder_by_matrix,f0fc70a0432f83ff513e502442839d2eab02e2bed2f658d0464ff826d304e5e7,"{""distance"":5,""physical_error_rate"":0.0005}","{""detection_events"":434250,""detectors_checked"":256593920}"
   1574912,         0,         0,   119.6,decoder_by_matrix,161b5fe948dcfe007f335a5c57bcb8ff38ff3ea8726714a4cc08f5b9386b17ca,"{""distance"":5,""physical_error_rate"":5e-06}","{""detection_events"":4725,""detectors_checked"":267735040}"
   2561024,         0,         0,   119.5,decoder_by_matrix,6866428194f3c2ecf80b799fe3d7eaa0d7bfdd0bee14693d15f8abf3c1159eda,"{""distance"":5,""physical_error_rate"":1e-05}","{""detection_events"":15485,""detectors_checked"":435374080}"
   1513472,         0,         0,   119.5,decoder_by_matrix,cc9cd6551b3048ae216380ccb8ae5d3cca75b5b766fe651c47ef084ce4ce7dc6,"{""distance"":5,""physical_error_rate"":5e-05}","{""detection_events"":43170,""detectors_checked"":257290240}"
   1496064,         0,         0,   119.6,decoder_by_matrix,a052b2ce6ed64a98931ebcd7492590a746d7ec6e385d9f4479eb5b69a31b01f0,"{""distance"":5,""physical_error_rate"":0.0001}","{""detection_events"":83825,""detectors_checked"":254330880}"
   1538048,         0,         0,   119.5,decoder_by_matrix,6866428194f3c2ecf80b799fe3d7eaa0d7bfdd0bee14693d15f8abf3c1159eda,"{""distance"":5,""physical_error_rate"":1e-05}","{""detection_events"":8515,""detectors_checked"":261468160}"
   1523712,         0,         0,   119.6,decoder_by_matrix,6866428194f3c2ecf80b799fe3d7eaa0d7bfdd0bee14693d15f8abf3c1159eda,"{""distance"":5,""physical_error_rate"":1e-05}","{""detection_events"":8710,""detectors_checked"":259031040}"
   1521664,         0,         0,   119.6,decoder_by_matrix,f0fc70a0432f83ff513e502442839d2eab02e2bed2f658d0464ff826d304e5e7,"{""distance"":5,""physical_error_rate"":0.0005}","{""detection_events"":435215,""detectors_checked"":258682880}"
   2680832,         0,         0,   119.6,decoder_by_matrix,161b5fe948dcfe007f335a5c57bcb8ff38ff3ea8726714a4cc08f5b9386b17ca,"{""distance"":5,""physical_error_rate"":5e-06}","{""detection_events"":7505,""detectors_checked"":455741440}"
   1674240,         0,         0,   119.5,decoder_by_matrix,be0c214c078cdb5104153598b498575a1fc035ba16beb428536e5a87ee0a867f,"{""distance"":5,""physical_error_rate"":1e-06}","{""detection_events"":930,""detectors_checked"":284620800}"
   1480704,         0,         0,   119.6,decoder_by_matrix,161b5fe948dcfe007f335a5c57bcb8ff38ff3ea8726714a4cc08f5b9386b17ca,"{""distance"":5,""physical_error_rate"":5e-06}","{""detection_events"":4430,""detectors_checked"":251719680}"
   1476608,         0,         0,   119.5,decoder_by_matrix,f0fc70a0432f83ff513e502442839d2eab02e2bed2f658d0464ff826d304e5e7,"{""distance"":5,""physical_error_rate"":0.0005}","{""detection_events"":418630,""detectors_checked"":251023360}"
   1618944,         0,         0,   119.6,decoder_by_matrix,be0c214c078cdb5104153598b498575a1fc035ba16beb428536e5a87ee0a867f,"{""distance"":5,""physical_error_rate"":1e-06}","{""detection_events"":945,""detectors_checked"":275220480}"
   2609152,         0,         0,   119.6,decoder_by_matrix,cc9cd6551b3048ae216380ccb8ae5d3cca75b5b766fe651c47ef084ce4ce7dc6,"{""distance"":5,""physical_error_rate"":5e-05}","{""detection_events"":72645,""detectors_checked"":443555840}"
   2211840,         0,         0,   119.5,decoder_by_matrix,f0fc70a0432f83ff513e502442839d2eab02e2bed2f658d0464ff826d304e5e7,"{""distance"":5,""physical_error_rate"":0.0005}","{""detection_events"":634515,""detectors_checked"":376012800}"
   2530304,         0,         0,   119.6,decoder_by_matrix,be0c214c078cdb5104153598b498575a1fc035ba16beb428536e5a87ee0a867f,"{""distance"":5,""physical_error_rate"":1e-06}","{""detection_events"":1090,""detectors_checked"":430151680}"
   1582080,         0,         0,   119.6,decoder_by_matrix,6866428194f3c2ecf80b799fe3d7eaa0d7bfdd0bee14693d15f8abf3c1159eda,"{""distance"":5,""physical_error_rate"":1e-05}","{""detection_events"":8810,""detectors_checked"":268953600}"
   1560576,         0,         0,   119.6,decoder_by_matrix,cc9cd6551b3048ae216380ccb8ae5d3cca75b5b766fe651c47ef084ce4ce7dc6,"{""distance"":5,""physical_error_rate"":5e-05}","{""detection_events"":43390,""detectors_checked"":265297920}"
   1620992,         0,         0,   119.6,decoder_by_matrix,161b5fe948dcfe007f335a5c57bcb8ff38ff3ea8726714a4cc08f5b9386b17ca,"{""distance"":5,""physical_error_rate"":5e-06}","{""detection_events"":4350,""detectors_checked"":275568640}"
   1568768,         0,         0,   119.6,decoder_by_matrix,cc9cd6551b3048ae216380ccb8ae5d3cca75b5b766fe651c47ef084ce4ce7dc6,"{""distance"":5,""physical_error_rate"":5e-05}","{""detection_events"":44515,""detectors_checked"":266690560}"
   1498112,         3,         0,   119.6,decoder_by_matrix,5b8a070a3cf8d31d64f24dbee89f3428cb9cab13fc59f7448d798f9bf08e9187,"{""distance"":5,""physical_error_rate"":0.001}","{""detection_events"":847700,""detectors_checked"":254679040,""obs_mistake_mask=EE"":1,""obs_mistake_mask=_E"":2}"
   1629184,         0,         0,   119.4,decoder_by_matrix,161b5fe948dcfe007f335a5c57bcb8ff38ff3ea8726714a4cc08f5b9386b17ca,"{""distance"":5,""physical_error_rate"":5e-06}","{""detection_events"":4940,""detectors_checked"":276961280}"
   1573888,         0,         0,   119.6,decoder_by_matrix,f0fc70a0432f83ff513e502442839d2eab02e2bed2f658d0464ff826d304e5e7,"{""distance"":5,""physical_error_rate"":0.0005}","{""detection_events"":445780,""detectors_checked"":267560960}"
   1616896,         0,         0,   119.7,decoder_by_matrix,a052b2ce6ed64a98931ebcd7492590a746d7ec6e385d9f4479eb5b69a31b01f0,"{""distance"":5,""physical_error_rate"":0.0001}","{""detection_events"":89840,""detectors_checked"":274872320}"
   1506304,         4,         0,   119.6,decoder_by_matrix,5b8a070a3cf8d31d64f24dbee89f3428cb9cab13fc59f7448d798f9bf08e9187,"{""distance"":5,""physical_error_rate"":0.001}","{""detection_events"":854740,""detectors_checked"":256071680,""obs_mistake_mask=EE"":1,""obs_mistake_mask=E_"":2,""obs_mistake_mask=_E"":1}"
   1652736,         0,         0,   119.6,decoder_by_matrix,be0c214c078cdb5104153598b498575a1fc035ba16beb428536e5a87ee0a867f,"{""distance"":5,""physical_error_rate"":1e-06}","{""detection_events"":895,""detectors_checked"":280965120}"
   1575936,         0,         0,   119.7,decoder_by_matrix,a052b2ce6ed64a98931ebcd7492590a746d7ec6e385d9f4479eb5b69a31b01f0,"{""distance"":5,""physical_error_rate"":0.0001}","{""detection_events"":89570,""detectors_checked"":267909120}"
   1532928,         0,         0,   119.6,decoder_by_matrix,be0c214c078cdb5104153598b498575a1fc035ba16beb428536e5a87ee0a867f,"{""distance"":5,""physical_error_rate"":1e-06}","{""detection_events"":825,""detectors_checked"":260597760}"
   1572864,         0,         0,   119.5,decoder_by_matrix,6866428194f3c2ecf80b799fe3d7eaa0d7bfdd0bee14693d15f8abf3c1159eda,"{""distance"":5,""physical_error_rate"":1e-05}","{""detection_events"":8740,""detectors_checked"":267386880}"
   1492992,         0,         0,   119.7,decoder_by_matrix,f0fc70a0432f83ff513e502442839d2eab02e2bed2f658d0464ff826d304e5e7,"{""distance"":5,""physical_error_rate"":0.0005}","{""detection_events"":422370,""detectors_checked"":253808640}"
   2556928,         0,         0,   119.6,decoder_by_matrix,a052b2ce6ed64a98931ebcd7492590a746d7ec6e385d9f4479eb5b69a31b01f0,"{""distance"":5,""physical_error_rate"":0.0001}","{""detection_events"":146565,""detectors_checked"":434677760}"
   6918144,         8,         0,   119.0,decoder_by_matrix,5b8a070a3cf8d31d64f24dbee89f3428cb9cab13fc59f7448d798f9bf08e9187,"{""distance"":5,""physical_error_rate"":0.001}","{""detection_events"":3940465,""detectors_checked"":1176084480,""obs_mistake_mask=EE"":3,""obs_mistake_mask=E_"":4,""obs_mistake_mask=_E"":1}"
   1499136,         1,         0,   119.7,decoder_by_matrix,5b8a070a3cf8d31d64f24dbee89f3428cb9cab13fc59f7448d798f9bf08e9187,"{""distance"":5,""physical_error_rate"":0.001}","{""detection_events"":850630,""detectors_checked"":254853120,""obs_mistake_mask=E_"":1}"
   1529856,         0,         0,   119.6,decoder_by_matrix,be0c214c078cdb5104153598b498575a1fc035ba16beb428536e5a87ee0a867f,"{""distance"":5,""physical_error_rate"":1e-06}","{""detection_events"":705,""detectors_checked"":260075520}"
   1500160,         0,         0,   119.6,decoder_by_matrix,cc9cd6551b3048ae216380ccb8ae5d3cca75b5b766fe651c47ef084ce4ce7dc6,"{""distance"":5,""physical_error_rate"":5e-05}","{""detection_events"":43125,""detectors_checked"":255027200}"
   1544192,         0,         0,   119.6,decoder_by_matrix,161b5fe948dcfe007f335a5c57bcb8ff38ff3ea8726714a4cc08f5b9386b17ca,"{""distance"":5,""physical_error_rate"":5e-06}","{""detection_events"":4610,""detectors_checked"":262512640}"
   1484800,         2,         0,   119.5,decoder_by_matrix,5b8a070a3cf8d31d64f24dbee89f3428cb9cab13fc59f7448d798f9bf08e9187,"{""distance"":5,""physical_error_rate"":0.001}","{""detection_events"":840310,""detectors_checked"":252416000,""obs_mistake_mask=EE"":1,""obs_mistake_mask=E_"":1}"
   1529856,         0,         0,   119.6,decoder_by_matrix,6866428194f3c2ecf80b799fe3d7eaa0d7bfdd0bee14693d15f8abf3c1159eda,"{""distance"":5,""physical_error_rate"":1e-05}","{""detection_events"":9020,""detectors_checked"":260075520}"
   1529856,         0,         0,   119.6,decoder_by_matrix,cc9cd6551b3048ae216380ccb8ae5d3cca75b5b766fe651c47ef084ce4ce7dc6,"{""distance"":5,""physical_error_rate"":5e-05}","{""detection_events"":44305,""detectors_checked"":260075520}"
   1469440,         0,         0,   119.7,decoder_by_matrix,f0fc70a0432f83ff513e502442839d2eab02e2bed2f658d0464ff826d304e5e7,"{""distance"":5,""physical_error_rate"":0.0005}","{""detection_events"":413425,""detectors_checked"":249804800}"
   1563648,         0,         0,   119.5,decoder_by_matrix,be0c214c078cdb5104153598b498575a1fc035ba16beb428536e5a87ee0a867f,"{""distance"":5,""physical_error_rate"":1e-06}","{""detection_events"":740,""detectors_checked"":265820160}"
   1526784,         0,         0,   119.6,decoder_by_matrix,161b5fe948dcfe007f335a5c57bcb8ff38ff3ea8726714a4cc08f5b9386b17ca,"{""distance"":5,""physical_error_rate"":5e-06}","{""detection_events"":4015,""detectors_checked"":259553280}"
   1451008,         0,         0,   119.6,decoder_by_matrix,5b8a070a3cf8d31d64f24dbee89f3428cb9cab13fc59f7448d798f9bf08e9187,"{""distance"":5,""physical_error_rate"":0.001}","{""detection_events"":824025,""detectors_checked"":246671360}"
   1456128,         0,         0,   119.5,decoder_by_matrix,a052b2ce6ed64a98931ebcd7492590a746d7ec6e385d9f4479eb5b69a31b01f0,"{""distance"":5,""physical_error_rate"":0.0001}","{""detection_events"":84220,""detectors_checked"":247541760}"
   1490944,         0,         0,   119.6,decoder_by_matrix,a052b2ce6ed64a98931ebcd7492590a746d7ec6e385d9f4479eb5b69a31b01f0,"{""distance"":5,""physical_error_rate"":0.0001}","{""detection_events"":83445,""detectors_checked"":253460480}"
   1486848,         0,         0,   119.5,decoder_by_matrix,cc9cd6551b3048ae216380ccb8ae5d3cca75b5b766fe651c47ef084ce4ce7dc6,"{""distance"":5,""physical_error_rate"":5e-05}","{""detection_events"":40750,""detectors_checked"":252764160}"
   1441792,         0,         0,   119.5,decoder_by_matrix,a052b2ce6ed64a98931ebcd7492590a746d7ec6e385d9f4479eb5b69a31b01f0,"{""distance"":5,""physical_error_rate"":0.0001}","{""detection_events"":82640,""detectors_checked"":245104640}"
   1573888,         0,         0,   119.6,decoder_by_matrix,6866428194f3c2ecf80b799fe3d7eaa0d7bfdd0bee14693d15f8abf3c1159eda,"{""distance"":5,""physical_error_rate"":1e-05}","{""detection_events"":9240,""detectors_checked"":267560960}"
   1457152,         0,         0,   119.6,decoder_by_matrix,f0fc70a0432f83ff513e502442839d2eab02e2bed2f658d0464ff826d304e5e7,"{""distance"":5,""physical_error_rate"":0.0005}","{""detection_events"":418085,""detectors_checked"":247715840}"
   1584128,         0,         0,   119.5,decoder_by_matrix,161b5fe948dcfe007f335a5c57bcb8ff38ff3ea8726714a4cc08f5b9386b17ca,"{""distance"":5,""physical_error_rate"":5e-06}","{""detection_events"":4275,""detectors_checked"":269301760}"
   2831360,         0,         0,   119.6,decoder_by_matrix,6866428194f3c2ecf80b799fe3d7eaa0d7bfdd0bee14693d15f8abf3c1159eda,"{""distance"":5,""physical_error_rate"":1e-05}","{""detection_events"":15960,""detectors_checked"":481331200}"
   1470464,         0,         0,   119.7,decoder_by_matrix,cc9cd6551b3048ae216380ccb8ae5d3cca75b5b766fe651c47ef084ce4ce7dc6,"{""distance"":5,""physical_error_rate"":5e-05}","{""detection_events"":41785,""detectors_checked"":249978880}"
   1469440,         0,         0,   119.6,decoder_by_matrix,a052b2ce6ed64a98931ebcd7492590a746d7ec6e385d9f4479eb5b69a31b01f0,"{""distance"":5,""physical_error_rate"":0.0001}","{""detection_events"":84010,""detectors_checked"":249804800}"
   1523712,         0,         0,   119.5,decoder_by_matrix,6866428194f3c2ecf80b799fe3d7eaa0d7bfdd0bee14693d15f8abf3c1159eda,"{""distance"":5,""physical_error_rate"":1e-05}","{""detection_events"":8385,""detectors_checked"":259031040}"
   1488896,         0,         0,   119.6,decoder_by_matrix,6866428194f3c2ecf80b799fe3d7eaa0d7bfdd0bee14693d15f8abf3c1159eda,"{""distance"":5,""physical_error_rate"":1e-05}","{""detection_events"":8515,""detectors_checked"":253112320}"
   1452032,         0,         0,   119.6,decoder_by_matrix,f0fc70a0432f83ff513e502442839d2eab02e2bed2f658d0464ff826d304e5e7,"{""distance"":5,""physical_error_rate"":0.0005}","{""detection_events"":419210,""detectors_checked"":246845440}"
   2868224,         0,         0,   119.6,decoder_by_matrix,161b5fe948dcfe007f335a5c57bcb8ff38ff3ea8726714a4cc08f5b9386b17ca,"{""distance"":5,""physical_error_rate"":5e-06}","{""detection_events"":7520,""detectors_checked"":487598080}"
   1584128,         0,         0,   119.5,decoder_by_matrix,be0c214c078cdb5104153598b498575a1fc035ba16beb428536e5a87ee0a867f,"{""distance"":5,""physical_error_rate"":1e-06}","{""detection_events"":1080,""detectors_checked"":269301760}"
   1505280,         0,         0,   119.5,decoder_by_matrix,161b5fe948dcfe007f335a5c57bcb8ff38ff3ea8726714a4cc08f5b9386b17ca,"{""distance"":5,""physical_error_rate"":5e-06}","{""detection_events"":4660,""detectors_checked"":255897600}"
   1526784,         0,         0,   119.6,decoder_by_matrix,f0fc70a0432f83ff513e502442839d2eab02e2bed2f658d0464ff826d304e5e7,"{""distance"":5,""physical_error_rate"":0.0005}","{""detection_events"":437345,""detectors_checked"":259553280}"
   1551360,         0,         0,   119.6,decoder_by_matrix,be0c214c078cdb5104153598b498575a1fc035ba16beb428536e5a87ee0a867f,"{""distance"":5,""physical_error_rate"":1e-06}","{""detection_events"":975,""detectors_checked"":263731200}"
   2578432,         0,         0,   119.7,decoder_by_matrix,cc9cd6551b3048ae216380ccb8ae5d3cca75b5b766fe651c47ef084ce4ce7dc6,"{""distance"":5,""physical_error_rate"":5e-05}","{""detection_events"":72775,""detectors_checked"":438333440}"
   2278400,         0,         0,   119.6,decoder_by_matrix,f0fc70a0432f83ff513e502442839d2eab02e2bed2f658d0464ff826d304e5e7,"{""distance"":5,""physical_error_rate"":0.0005}","{""detection_events"":651590,""detectors_checked"":387328000}"
   2562048,         0,         0,   119.6,decoder_by_matrix,be0c214c078cdb5104153598b498575a1fc035ba16beb428536e5a87ee0a867f,"{""distance"":5,""physical_error_rate"":1e-06}","{""detection_events"":1655,""detectors_checked"":435548160}"
   1623040,         0,         0,   119.5,decoder_by_matrix,6866428194f3c2ecf80b799fe3d7eaa0d7bfdd0bee14693d15f8abf3c1159eda,"{""distance"":5,""physical_error_rate"":1e-05}","{""detection_events"":8445,""detectors_checked"":275916800}"
   1537024,         0,         0,   119.5,decoder_by_matrix,cc9cd6551b3048ae216380ccb8ae5d3cca75b5b766fe651c47ef084ce4ce7dc6,"{""distance"":5,""physical_error_rate"":5e-05}","{""detection_events"":42380,""detectors_checked"":261294080}"
   1588224,         0,         0,   119.7,decoder_by_matrix,161b5fe948dcfe007f335a5c57bcb8ff38ff3ea8726714a4cc08f5b9386b17ca,"{""distance"":5,""physical_error_rate"":5e-06}","{""detection_events"":5275,""detectors_checked"":269998080}"
   1587200,         0,         0,   119.5,decoder_by_matrix,cc9cd6551b3048ae216380ccb8ae5d3cca75b5b766fe651c47ef084ce4ce7dc6,"{""distance"":5,""physical_error_rate"":5e-05}","{""detection_events"":45530,""detectors_checked"":269824000}"
   1508352,         1,         0,   119.5,decoder_by_matrix,5b8a070a3cf8d31d64f24dbee89f3428cb9cab13fc59f7448d798f9bf08e9187,"{""distance"":5,""physical_error_rate"":0.001}","{""detection_events"":863700,""detectors_checked"":256419840,""obs_mistake_mask=EE"":1}"
   1586176,         0,         0,   119.7,decoder_by_matrix,161b5fe948dcfe007f335a5c57bcb8ff38ff3ea8726714a4cc08f5b9386b17ca,"{""distance"":5,""physical_error_rate"":5e-06}","{""detection_events"":4220,""detectors_checked"":269649920}"
   1566720,         1,         0,   119.6,decoder_by_matrix,f0fc70a0432f83ff513e502442839d2eab02e2bed2f658d0464ff826d304e5e7,"{""distance"":5,""physical_error_rate"":0.0005}","{""detection_events"":444140,""detectors_checked"":266342400,""obs_mistake_mask=E_"":1}"
   1547264,         0,         0,   119.6,decoder_by_matrix,a052b2ce6ed64a98931ebcd7492590a746d7ec6e385d9f4479eb5b69a31b01f0,"{""distance"":5,""physical_error_rate"":0.0001}","{""detection_events"":87960,""detectors_checked"":263034880}"
   1530880,         2,         0,   119.6,decoder_by_matrix,5b8a070a3cf8d31d64f24dbee89f3428cb9cab13fc59f7448d798f9bf08e9187,"{""distance"":5,""physical_error_rate"":0.001}","{""detection_events"":864685,""detectors_checked"":260249600,""obs_mistake_mask=E_"":1,""obs_mistake_mask=_E"":1}"
   1660928,         0,         0,   119.6,decoder_by_matrix,be0c214c078cdb5104153598b498575a1fc035ba16beb428536e5a87ee0a867f,"{""distance"":5,""physical_error_rate"":1e-06}","{""detection_events"":835,""detectors_checked"":282357760}"
   1576960,         0,         0,   119.7,decoder_by_matrix,a052b2ce6ed64a98931ebcd7492590a746d7ec6e385d9f4479eb5b69a31b01f0,"{""distance"":5,""physical_error_rate"":0.0001}","{""detection_events"":89820,""detectors_checked"":268083200}"
   1551360,         0,         0,   119.6,decoder_by_matrix,be0c214c078cdb5104153598b498575a1fc035ba16beb428536e5a87ee0a867f,"{""distance"":5,""physical_error_rate"":1e-06}","{""detection_events"":990,""detectors_checked"":263731200}"
   1582080,         0,         0,   119.6,decoder_by_matrix,6866428194f3c2ecf80b799fe3d7eaa0d7bfdd0bee14693d15f8abf3c1159eda,"{""distance"":5,""physical_error_rate"":1e-05}","{""detection_events"":8575,""detectors_checked"":268953600}"
   1399808,         1,         0,   119.7,decoder_by_matrix,f0fc70a0432f83ff513e502442839d2eab02e2bed2f658d0464ff826d304e5e7,"{""distance"":5,""physical_error_rate"":0.0005}","{""detection_events"":394125,""detectors_checked"":237967360,""obs_mistake_mask=E_"":1}"
   2525184,         0,         0,   119.6,decoder_by_matrix,a052b2ce6ed64a98931ebcd7492590a746d7ec6e385d9f4479eb5b69a31b01f0,"{""distance"":5,""physical_error_rate"":0.0001}","{""detection_events"":144715,""detectors_checked"":429281280}"
   7056384,        13,         0,   119.1,decoder_by_matrix,5b8a070a3cf8d31d64f24dbee89f3428cb9cab13fc59f7448d798f9bf08e9187,"{""distance"":5,""physical_error_rate"":0.001}","{""detection_events"":4005150,""detectors_checked"":1199585280,""obs_mistake_mask=EE"":1,""obs_mistake_mask=E_"":5,""obs_mistake_mask=_E"":7}"
   1445888,         4,         0,   119.6,decoder_by_matrix,5b8a070a3cf8d31d64f24dbee89f3428cb9cab13fc59f7448d798f9bf08e9187,"{""distance"":5,""physical_error_rate"":0.001}","{""detection_events"":822735,""detectors_checked"":245800960,""obs_mistake_mask=EE"":1,""obs_mistake_mask=E_"":1,""obs_mistake_mask=_E"":2}"
   1600512,         0,         0,   119.6,decoder_by_matrix,be0c214c078cdb5104153598b498575a1fc035ba16beb428536e5a87ee0a867f,"{""distance"":5,""physical_error_rate"":1e-06}","{""detection_events"":1110,""detectors_checked"":272087040}"
   1515520,         0,         0,   119.6,decoder_by_matrix,cc9cd6551b3048ae216380ccb8ae5d3cca75b5b766fe651c47ef084ce4ce7dc6,"{""distance"":5,""physical_error_rate"":5e-05}","{""detection_events"":41785,""detectors_checked"":257638400}"
   1473536,         0,         0,   119.6,decoder_by_matrix,161b5fe948dcfe007f335a5c57bcb8ff38ff3ea8726714a4cc08f5b9386b17ca,"{""distance"":5,""physical_error_rate"":5e-06}","{""detection_events"":4325,""detectors_checked"":250501120}"
   1498112,         2,         0,   119.7,decoder_by_matrix,5b8a070a3cf8d31d64f24dbee89f3428cb9cab13fc59f7448d798f9bf08e9187,"{""distance"":5,""physical_error_rate"":0.001}","{""detection_events"":847670,""detectors_checked"":254679040,""obs_mistake_mask=EE"":1,""obs_mistake_mask=_E"":1}"
   1561600,         0,         0,   119.6,decoder_by_matrix,6866428194f3c2ecf80b799fe3d7eaa0d7bfdd0bee14693d15f8abf3c1159eda,"{""distance"":5,""physical_error_rate"":1e-05}","{""detection_events"":8855,""detectors_checked"":265472000}"
   1552384,         0,         0,   119.5,decoder_by_matrix,cc9cd6551b3048ae216380ccb8ae5d3cca75b5b766fe651c47ef084ce4ce7dc6,"{""distance"":5,""physical_error_rate"":5e-05}","{""detection_events"":44685,""detectors_checked"":263905280}"
   1485824,         0,         0,   119.7,decoder_by_matrix,f0fc70a0432f83ff513e502442839d2eab02e2bed2f658d0464ff826d304e5e7,"{""distance"":5,""physical_error_rate"":0.0005}","{""detection_events"":420400,""detectors_checked"":252590080}"
   1568768,         0,         0,   119.5,decoder_by_matrix,be0c214c078cdb5104153598b498575a1fc035ba16beb428536e5a87ee0a867f,"{""distance"":5,""physical_error_rate"":1e-06}","{""detection_events"":915,""detectors_checked"":266690560}"
   1528832,         0,         0,   119.5,decoder_by_matrix,161b5fe948dcfe007f335a5c57bcb8ff38ff3ea8726714a4cc08f5b9386b17ca,"{""distance"":5,""physical_error_rate"":5e-06}","{""detection_events"":4400,""detectors_checked"":259901440}"
   1467392,         2,         0,   119.6,decoder_by_matrix,5b8a070a3cf8d31d64f24dbee89f3428cb9cab13fc59f7448d798f9bf08e9187,"{""distance"":5,""physical_error_rate"":0.001}","{""detection_events"":828770,""detectors_checked"":249456640,""obs_mistake_mask=EE"":1,""obs_mistake_mask=_E"":1}"
   1473536,         0,         0,   119.5,decoder_by_matrix,a052b2ce6ed64a98931ebcd7492590a746d7ec6e385d9f4479eb5b69a31b01f0,"{""distance"":5,""physical_error_rate"":0.0001}","{""detection_events"":82505,""detectors_checked"":250501120}"
   1462272,         0,         0,   119.5,decoder_by_matrix,a052b2ce6ed64a98931ebcd7492590a746d7ec6e385d9f4479eb5b69a31b01f0,"{""distance"":5,""physical_error_rate"":0.0001}","{""detection_events"":81785,""detectors_checked"":248586240}"
   1410048,         0,         0,   119.7,decoder_by_matrix,cc9cd6551b3048ae216380ccb8ae5d3cca75b5b766fe651c47ef084ce4ce7dc6,"{""distance"":5,""physical_error_rate"":5e-05}","{""detection_events"":39130,""detectors_checked"":239708160}"
   1502208,         0,         0,   119.7,decoder_by_matrix,a052b2ce6ed64a98931ebcd7492590a746d7ec6e385d9f4479eb5b69a31b01f0,"{""distance"":5,""physical_error_rate"":0.0001}","{""detection_events"":83915,""detectors_checked"":255375360}"
   1489920,         0,         0,   119.6,decoder_by_matrix,6866428194f3c2ecf80b799fe3d7eaa0d7bfdd0bee14693d15f8abf3c1159eda,"{""distance"":5,""physical_error_rate"":1e-05}","{""detection_events"":9005,""detectors_checked"":253286400}"
   1456128,         0,         0,   119.6,decoder_by_matrix,f0fc70a0432f83ff513e502442839d2eab02e2bed2f658d0464ff826d304e5e7,"{""distance"":5,""physical_error_rate"":0.0005}","{""detection_events"":412345,""detectors_checked"":247541760}"
    822426,         0,         0,    66.5,decoder_by_matrix,5b8a070a3cf8d31d64f24dbee89f3428cb9cab13fc59f7448d798f9bf08e9187,"{""distance"":5,""physical_error_rate"":0.001}","{""detection_events"":469355,""detectors_checked"":139812420}"
   1591296,         0,         0,   119.5,decoder_by_matrix,161b5fe948dcfe007f335a5c57bcb8ff38ff3ea8726714a4cc08f5b9386b17ca,"{""distance"":5,""physical_error_rate"":5e-06}","{""detection_events"":4520,""detectors_checked"":270520320}"
   2684928,         0,         0,   119.6,decoder_by_matrix,6866428194f3c2ecf80b799fe3d7eaa0d7bfdd0bee14693d15f8abf3c1159eda,"{""distance"":5,""physical_error_rate"":1e-05}","{""detection_events"":15995,""detectors_checked"":456437760}"
   1533952,         0,         0,   119.7,decoder_by_matrix,cc9cd6551b3048ae216380ccb8ae5d3cca75b5b766fe651c47ef084ce4ce7dc6,"{""distance"":5,""physical_error_rate"":5e-05}","{""detection_events"":43945,""detectors_checked"":260771840}"
   1483776,         0,         0,   119.5,decoder_by_matrix,a052b2ce6ed64a98931ebcd7492590a746d7ec6e385d9f4479eb5b69a31b01f0,"{""distance"":5,""physical_error_rate"":0.0001}","{""detection_events"":84290,""detectors_checked"":252241920}"
   1514496,         0,         0,   119.6,decoder_by_matrix,6866428194f3c2ecf80b799fe3d7eaa0d7bfdd0bee14693d15f8abf3c1159eda,"{""distance"":5,""physical_error_rate"":1e-05}","{""detection_events"":9265,""detectors_checked"":257464320}"
   1496064,         0,         0,   119.6,decoder_by_matrix,6866428194f3c2ecf80b799fe3d7eaa0d7bfdd0bee14693d15f8abf3c1159eda,"{""distance"":5,""physical_error_rate"":1e-05}","{""detection_events"":8645,""detectors_checked"":254330880}"
   1494016,         1,         0,   119.6,decoder_by_matrix,f0fc70a0432f83ff513e502442839d2eab02e2bed2f658d0464ff826d304e5e7,"{""distance"":5,""physical_error_rate"":0.0005}","{""detection_events"":423445,""detectors_checked"":253982720,""obs_mistake_mask=_E"":1}"
   2714624,         0,         0,   119.6,decoder_by_matrix,161b5fe948dcfe007f335a5c57bcb8ff38ff3ea8726714a4cc08f5b9386b17ca,"{""distance"":5,""physical_error_rate"":5e-06}","{""detection_events"":7810,""detectors_checked"":461486080}"
   1650688,         0,         0,   119.7,decoder_by_matrix,be0c214c078cdb5104153598b498575a1fc035ba16beb428536e5a87ee0a867f,"{""distance"":5,""physical_error_rate"":1e-06}","{""detection_events"":915,""detectors_checked"":280616960}"
   1486848,         0,         0,   119.6,decoder_by_matrix,161b5fe948dcfe007f335a5c57bcb8ff38ff3ea8726714a4cc08f5b9386b17ca,"{""distance"":5,""physical_error_rate"":5e-06}","{""detection_events"":4170,""detectors_checked"":252764160}"
   1513472,         0,         0,   119.6,decoder_by_matrix,f0fc70a0432f83ff513e502442839d2eab02e2bed2f658d0464ff826d304e5e7,"{""distance"":5,""physical_error_rate"":0.0005}","{""detection_events"":434560,""detectors_checked"":257290240}"
   1484800,         0,         0,   119.6,decoder_by_matrix,be0c214c078cdb5104153598b498575a1fc035ba16beb428536e5a87ee0a867f,"{""distance"":5,""physical_error_rate"":1e-06}","{""detection_events"":930,""detectors_checked"":252416000}"
   2545664,         0,         0,   119.6,decoder_by_matrix,cc9cd6551b3048ae216380ccb8ae5d3cca75b5b766fe651c47ef084ce4ce7dc6,"{""distance"":5,""physical_error_rate"":5e-05}","{""detection_events"":71675,""detectors_checked"":432762880}"
   2131968,         0,         0,   119.7,decoder_by_matrix,f0fc70a0432f83ff513e502442839d2eab02e2bed2f658d0464ff826d304e5e7,"{""distance"":5,""physical_error_rate"":0.0005}","{""detection_events"":603970,""detectors_checked"":362434560}"
   2554880,         0,         0,   119.6,decoder_by_matrix,be0c214c078cdb5104153598b498575a1fc035ba16beb428536e5a87ee0a867f,"{""distance"":5,""physical_error_rate"":1e-06}","{""detection_events"":1610,""detectors_checked"":434329600}"
   1631232,         0,         0,   119.6,decoder_by_matrix,6866428194f3c2ecf80b799fe3d7eaa0d7bfdd0bee14693d15f8abf3c1159eda,"{""distance"":5,""physical_error_rate"":1e-05}","{""detection_events"":9835,""detectors_checked"":277309440}"
   1586176,         0,         0,   119.7,decoder_by_matrix,cc9cd6551b3048ae216380ccb8ae5d3cca75b5b766fe651c47ef084ce4ce7dc6,"{""distance"":5,""physical_error_rate"":5e-05}","{""detection_events"":45060,""detectors_checked"":269649920}"
   1616896,         0,         0,   119.6,decoder_by_matrix,161b5fe948dcfe007f335a5c57bcb8ff38ff3ea8726714a4cc08f5b9386b17ca,"{""distance"":5,""physical_error_rate"":5e-06}","{""detection_events"":5035,""detectors_checked"":274872320}"
   1594368,         0,         0,   119.7,decoder_by_matrix,cc9cd6551b3048ae216380ccb8ae5d3cca75b5b766fe651c47ef084ce4ce7dc6,"{""distance"":5,""physical_error_rate"":5e-05}","{""detection_events"":46400,""detectors_checked"":271042560}"
   1615872,         0,         0,   119.6,decoder_by_matrix,161b5fe948dcfe007f335a5c57bcb8ff38ff3ea8726714a4cc08f5b9386b17ca,"{""distance"":5,""physical_error_rate"":5e-06}","{""detection_events"":4465,""detectors_checked"":274698240}"
   1570816,         1,         0,   119.7,decoder_by_matrix,f0fc70a0432f83ff513e502442839d2eab02e2bed2f658d0464ff826d304e5e7,"{""distance"":5,""physical_error_rate"":0.0005}","{""detection_events"":445110,""detectors_checked"":267038720,""obs_mistake_mask=EE"":1}"
   1557504,         0,         0,   119.7,decoder_by_matrix,a052b2ce6ed64a98931ebcd7492590a746d7ec6e385d9f4479eb5b69a31b01f0,"{""distance"":5,""physical_error_rate"":0.0001}","{""detection_events"":90865,""detectors_checked"":264775680}"
   1601536,         1,         0,   119.6,decoder_by_matrix,5b8a070a3cf8d31d64f24dbee89f3428cb9cab13fc59f7448d798f9bf08e9187,"{""distance"":5,""physical_error_rate"":0.001}","{""detection_events"":907840,""detectors_checked"":272261120,""obs_mistake_mask=_E"":1}"
   1709056,         0,         0,   119.6,decoder_by_matrix,be0c214c078cdb5104153598b498575a1fc035ba16beb428536e5a87ee0a867f,"{""distance"":5,""physical_error_rate"":1e-06}","{""detection_events"":1180,""detectors_checked"":290539520}"
   1588224,         0,         0,   119.6,decoder_by_matrix,a052b2ce6ed64a98931ebcd7492590a746d7ec6e385d9f4479eb5b69a31b01f0,"{""distance"":5,""physical_error_rate"":0.0001}","{""detection_events"":86425,""detectors_checked"":269998080}"
   1513472,         0,         0,   119.6,decoder_by_matrix,be0c214c078cdb5104153598b498575a1fc035ba16beb428536e5a87ee0a867f,"{""distance"":5,""physical_error_rate"":1e-06}","{""detection_events"":735,""detectors_checked"":257290240}"
   1583104,         0,         0,   119.6,decoder_by_matrix,6866428194f3c2ecf80b799fe3d7eaa0d7bfdd0bee14693d15f8abf3c1159eda,"{""distance"":5,""physical_error_rate"":1e-05}","{""detection_events"":9220,""detectors_checked"":269127680}"
   1511424,         0,         0,   119.7,decoder_by_matrix,f0fc70a0432f83ff513e502442839d2eab02e2bed2f658d0464ff826d304e5e7,"{""distance"":5,""physical_error_rate"":0.0005}","{""detection_events"":429840,""detectors_checked"":256942080}"
   2256896,         0,         0,   119.6,decoder_by_matrix,a052b2ce6ed64a98931ebcd7492590a746d7ec6e385d9f4479eb5b69a31b01f0,"{""distance"":5,""physical_error_rate"":0.0001}","{""detection_events"":131120,""detectors_checked"":383672320}"
   7460864,        11,         0,   119.1,decoder_by_matrix,5b8a070a3cf8d31d64f24dbee89f3428cb9cab13fc59f7448d798f9bf08e9187,"{""distance"":5,""physical_error_rate"":0.001}","{""detection_events"":4239740,""detectors_checked"":1268346880,""obs_mistake_mask=EE"":1,""obs_mistake_mask=E_"":8,""obs_mistake_mask=_E"":2}"
   1561600,         1,         0,   119.7,decoder_by_matrix,5b8a070a3cf8d31d64f24dbee89f3428cb9cab13fc59f7448d798f9bf08e9187,"{""distance"":5,""physical_error_rate"":0.001}","{""detection_events"":884070,""detectors_checked"":265472000,""obs_mistake_mask=E_"":1}"
   1598464,         0,         0,   119.7,decoder_by_matrix,be0c214c078cdb5104153598b498575a1fc035ba16beb428536e5a87ee0a867f,"{""distance"":5,""physical_error_rate"":1e-06}","{""detection_events"":935,""detectors_checked"":271738880}"
   1522688,         0,         0,   119.6,decoder_by_matrix,cc9cd6551b3048ae216380ccb8ae5d3cca75b5b766fe651c47ef084ce4ce7dc6,"{""distance"":5,""physical_error_rate"":5e-05}","{""detection_events"":41040,""detectors_checked"":258856960}"
   1556480,         0,         0,   119.6,decoder_by_matrix,161b5fe948dcfe007f335a5c57bcb8ff38ff3ea8726714a4cc08f5b9386b17ca,"{""distance"":5,""physical_error_rate"":5e-06}","{""detection_events"":3820,""detectors_checked"":264601600}"
   1552384,         1,         0,   119.6,decoder_by_matrix,5b8a070a3cf8d31d64f24dbee89f3428cb9cab13fc59f7448d798f9bf08e9187,"{""distance"":5,""physical_error_rate"":0.001}","{""detection_events"":883205,""detectors_checked"":263905280,""obs_mistake_mask=_E"":1}"
   1528832,         0,         0,   119.5,decoder_by_matrix,6866428194f3c2ecf80b799fe3d7eaa0d7bfdd0bee14693d15f8abf3c1159eda,"{""distance"":5,""physical_error_rate"":1e-05}","{""detection_events"":8020,""detectors_checked"":259901440}"
   1537024,         2,         0,   119.6,decoder_by_matrix,f0fc70a0432f83ff513e502442839d2eab02e2bed2f658d0464ff826d304e5e7,"{""distance"":5,""physical_error_rate"":0.0005}","{""detection_events"":436910,""detectors_checked"":261294080,""obs_mistake_mask=E_"":2}"
   1465344,         0,         0,   119.7,decoder_by_matrix,cc9cd6551b3048ae216380ccb8ae5d3cca75b5b766fe651c47ef084ce4ce7dc6,"{""distance"":5,""physical_error_rate"":5e-05}","{""detection_events"":42085,""detectors_checked"":249108480}"
   1614848,         0,         0,   119.7,decoder_by_matrix,be0c214c078cdb5104153598b498575a1fc035ba16beb428536e5a87ee0a867f,"{""distance"":5,""physical_error_rate"":1e-06}","{""detection_events"":1055,""detectors_checked"":274524160}"
   1569792,         0,         0,   119.7,decoder_by_matrix,161b5fe948dcfe007f335a5c57bcb8ff38ff3ea8726714a4cc08f5b9386b17ca,"{""distance"":5,""physical_error_rate"":5e-06}","{""detection_events"":3930,""detectors_checked"":266864640}"
   1543168,         0,         0,   119.7,decoder_by_matrix,5b8a070a3cf8d31d64f24dbee89f3428cb9cab13fc59f7448d798f9bf08e9187,"{""distance"":5,""physical_error_rate"":0.001}","{""detection_events"":871815,""detectors_checked"":262338560}"
   1542144,         0,         0,   119.5,decoder_by_matrix,a052b2ce6ed64a98931ebcd7492590a746d7ec6e385d9f4479eb5b69a31b01f0,"{""distance"":5,""physical_error_rate"":0.0001}","{""detection_events"":87960,""detectors_checked"":262164480}"
   1532928,         0,         0,   119.7,decoder_by_matrix,a052b2ce6ed64a98931ebcd7492590a746d7ec6e385d9f4479eb5b69a31b01f0,"{""distance"":5,""physical_error_rate"":0.0001}","{""detection_events"":88545,""detectors_checked"":260597760}"
   1564672,         0,         0,   119.5,decoder_by_matrix,cc9cd6551b3048ae216380ccb8ae5d3cca75b5b766fe651c47ef084ce4ce7dc6,"{""distance"":5,""physical_error_rate"":5e-05}","{""detection_events"":43100,""detectors_checked"":265994240}"
   1563648,         0,         0,   119.4,decoder_by_matrix,a052b2ce6ed64a98931ebcd7492590a746d7ec6e385d9f4479eb5b69a31b01f0,"{""distance"":5,""physical_error_rate"":0.0001}","{""detection_events"":88825,""detectors_checked"":265820160}"
   1575936,         0,         0,   119.6,decoder_by_matrix,6866428194f3c2ecf80b799fe3d7eaa0d7bfdd0bee14693d15f8abf3c1159eda,"{""distance"":5,""physical_error_rate"":1e-05}","{""detection_events"":8160,""detectors_checked"":267909120}"
   1491968,         1,         0,   119.5,decoder_by_matrix,f0fc70a0432f83ff513e502442839d2eab02e2bed2f658d0464ff826d304e5e7,"{""distance"":5,""physical_error_rate"":0.0005}","{""detection_events"":427300,""detectors_checked"":253634560,""obs_mistake_mask=_E"":1}"
   1555456,         2,         0,   119.6,decoder_by_matrix,5b8a070a3cf8d31d64f24dbee89f3428cb9cab13fc59f7448d798f9bf08e9187,"{""distance"":5,""physical_error_rate"":0.001}","{""detection_events"":882035,""detectors_checked"":264427520,""obs_mistake_mask=E_"":1,""obs_mistake_mask=_E"":1}"
   1627136,         0,         0,   119.7,decoder_by_matrix,161b5fe948dcfe007f335a5c57bcb8ff38ff3ea8726714a4cc08f5b9386b17ca,"{""distance"":5,""physical_error_rate"":5e-06}","{""detection_events"":4735,""detectors_checked"":276613120}"
   2488320,         0,         0,   119.6,decoder_by_matrix,6866428194f3c2ecf80b799fe3d7eaa0d7bfdd0bee14693d15f8abf3c1159eda,"{""distance"":5,""physical_error_rate"":1e-05}","{""detection_events"":14590,""detectors_checked"":423014400}"
   1519616,         0,         0,   119.6,decoder_by_matrix,cc9cd6551b3048ae216380ccb8ae5d3cca75b5b766fe651c47ef084ce4ce7dc6,"{""distance"":5,""physical_error_rate"":5e-05}","{""detection_events"":41970,""detectors_checked"":258334720}"
   1573888,         0,         0,   119.6,decoder_by_matrix,a052b2ce6ed64a98931ebcd7492590a746d7ec6e385d9f4479eb5b69a31b01f0,"{""distance"":5,""physical_error_rate"":0.0001}","{""detection_events"":89395,""detectors_checked"":267560960}"
   1540096,         0,         0,   119.5,decoder_by_matrix,6866428194f3c2ecf80b799fe3d7eaa0d7bfdd0bee14693d15f8abf3c1159eda,"{""distance"":5,""physical_error_rate"":1e-05}","{""detection_events"":8300,""detectors_checked"":261816320}"
   1601536,         0,         0,   119.5,decoder_by_matrix,6866428194f3c2ecf80b799fe3d7eaa0d7bfdd0bee14693d15f8abf3c1159eda,"{""distance"":5,""physical_error_rate"":1e-05}","{""detection_events"":9360,""detectors_checked"":272261120}"
   1498112,         0,         0,   119.5,decoder_by_matrix,f0fc70a0432f83ff513e502442839d2eab02e2bed2f658d0464ff826d304e5e7,"{""distance"":5,""physical_error_rate"":0.0005}","{""detection_events"":428785,""detectors_checked"":254679040}"
   2598912,         0,         0,   119.6,decoder_by_matrix,161b5fe948dcfe007f335a5c57bcb8ff38ff3ea8726714a4cc08f5b9386b17ca,"{""distance"":5,""physical_error_rate"":5e-06}","{""detection_events"":7085,""detectors_checked"":441815040}"
   1646592,         0,         0,   119.6,decoder_by_matrix,be0c214c078cdb5104153598b498575a1fc035ba16beb428536e5a87ee0a867f,"{""distance"":5,""physical_error_rate"":1e-06}","{""detection_events"":1040,""detectors_checked"":279920640}"
   1524736,         0,         0,   119.6,decoder_by_matrix,161b5fe948dcfe007f335a5c57bcb8ff38ff3ea8726714a4cc08f5b9386b17ca,"{""distance"":5,""physical_error_rate"":5e-06}","{""detection_events"":4505,""detectors_checked"":259205120}"
   1485824,         0,         0,   119.6,decoder_by_matrix,f0fc70a0432f83ff513e502442839d2eab02e2bed2f658d0464ff826d304e5e7,"{""distance"":5,""physical_error_rate"":0.0005}","{""detection_events"":421330,""detectors_checked"":252590080}"
   1521664,         0,         0,   119.6,decoder_by_matrix,be0c214c078cdb5104153598b498575a1fc035ba16beb428536e5a87ee0a867f,"{""distance"":5,""physical_error_rate"":1e-06}","{""detection_events"":770,""detectors_checked"":258682880}"
   2317312,         0,         0,   119.5,decoder_by_matrix,cc9cd6551b3048ae216380ccb8ae5d3cca75b5b766fe651c47ef084ce4ce7dc6,"{""distance"":5,""physical_error_rate"":5e-05}","{""detection_events"":64925,""detectors_checked"":393943040}"
    667810,         0,         0,    31.2,decoder_by_matrix,161b5fe948dcfe007f335a5c57bcb8ff38ff3ea8726714a4cc08f5b9386b17ca,"{""distance"":5,""physical_error_rate"":5e-06}","{""detection_events"":2090,""detectors_checked"":113527700}"
   2049024,         0,         0,   119.5,decoder_by_matrix,f0fc70a0432f83ff513e502442839d2eab02e2bed2f658d0464ff826d304e5e7,"{""distance"":5,""physical_error_rate"":0.0005}","{""detection_events"":588685,""detectors_checked"":348334080}"
   2581504,         0,         0,   119.6,decoder_by_matrix,be0c214c078cdb5104153598b498575a1fc035ba16beb428536e5a87ee0a867f,"{""distance"":5,""physical_error_rate"":1e-06}","{""detection_events"":1315,""detectors_checked"":438855680}"
   1629184,         0,         0,   119.5,decoder_by_matrix,6866428194f3c2ecf80b799fe3d7eaa0d7bfdd0bee14693d15f8abf3c1159eda,"{""distance"":5,""physical_error_rate"":1e-05}","{""detection_events"":9335,""detectors_checked"":276961280}"
   1587200,         0,         0,   119.6,decoder_by_matrix,cc9cd6551b3048ae216380ccb8ae5d3cca75b5b766fe651c47ef084ce4ce7dc6,"{""distance"":5,""physical_error_rate"":5e-05}","{""detection_events"":44840,""detectors_checked"":269824000}"
   1600512,         0,         0,   119.6,decoder_by_matrix,161b5fe948dcfe007f335a5c57bcb8ff38ff3ea8726714a4cc08f5b9386b17ca,"{""distance"":5,""physical_error_rate"":5e-06}","{""detection_events"":4040,""detectors_checked"":272087040}"
   1623040,         0,         0,   119.5,decoder_by_matrix,cc9cd6551b3048ae216380ccb8ae5d3cca75b5b766fe651c47ef084ce4ce7dc6,"{""distance"":5,""physical_error_rate"":5e-05}","{""detection_events"":45705,""detectors_checked"":275916800}"
   1643520,         0,         0,   119.5,decoder_by_matrix,161b5fe948dcfe007f335a5c57bcb8ff38ff3ea8726714a4cc08f5b9386b17ca,"{""distance"":5,""physical_error_rate"":5e-06}","{""detection_events"":5090,""detectors_checked"":279398400}"
   1575936,         1,         0,   119.7,decoder_by_matrix,f0fc70a0432f83ff513e502442839d2eab02e2bed2f658d0464ff826d304e5e7,"{""distance"":5,""physical_error_rate"":0.0005}","{""detection_events"":442990,""detectors_checked"":267909120,""obs_mistake_mask=E_"":1}"
   1565696,         0,         0,   119.6,decoder_by_matrix,a052b2ce6ed64a98931ebcd7492590a746d7ec6e385d9f4479eb5b69a31b01f0,"{""distance"":5,""physical_error_rate"":0.0001}","{""detection_events"":86450,""detectors_checked"":266168320}"
   1522688,         6,         0,   119.7,decoder_by_matrix,5b8a070a3cf8d31d64f24dbee89f3428cb9cab13fc59f7448d798f9bf08e9187,"{""distance"":5,""physical_error_rate"":0.001}","{""detection_events"":868460,""detectors_checked"":258856960,""obs_mistake_mask=EE"":2,""obs_mistake_mask=E_"":3,""obs_mistake_mask=_E"":1}"
   1653760,         0,         0,   119.6,decoder_by_matrix,be0c214c078cdb5104153598b498575a1fc035ba16beb428536e5a87ee0a867f,"{""distance"":5,""physical_error_rate"":1e-06}","{""detection_events"":850,""detectors_checked"":281139200}"
   1583104,         0,         0,   119.6,decoder_by_matrix,a052b2ce6ed64a98931ebcd7492590a746d7ec6e385d9f4479eb5b69a31b01f0,"{""distance"":5,""physical_error_rate"":0.0001}","{""detection_events"":89905,""detectors_checked"":269127680}"
   1532928,         0,         0,   119.5,decoder_by_matrix,be0c214c078cdb5104153598b498575a1fc035ba16beb428536e5a87ee0a867f,"{""distance"":5,""physical_error_rate"":1e-06}","{""detection_events"":870,""detectors_checked"":260597760}"
   1618944,         0,         0,   119.6,decoder_by_matrix,6866428194f3c2ecf80b799fe3d7eaa0d7bfdd0bee14693d15f8abf3c1159eda,"{""distance"":5,""physical_error_rate"":1e-05}","{""detection_events"":9635,""detectors_checked"":275220480}"
   1480704,         0,         0,   119.7,decoder_by_matrix,f0fc70a0432f83ff513e502442839d2eab02e2bed2f658d0464ff826d304e5e7,"{""distance"":5,""physical_error_rate"":0.0005}","{""detection_events"":420020,""detectors_checked"":251719680}"
   2288640,         0,         0,   119.7,decoder_by_matrix,a052b2ce6ed64a98931ebcd7492590a746d7ec6e385d9f4479eb5b69a31b01f0,"{""distance"":5,""physical_error_rate"":0.0001}","{""detection_events"":129865,""detectors_checked"":389068800}"
   7304192,        17,         0,   119.1,decoder_by_matrix,5b8a070a3cf8d31d64f24dbee89f3428cb9cab13fc59f7448d798f9bf08e9187,"{""distance"":5,""physical_error_rate"":0.001}","{""detection_events"":4144490,""detectors_checked"":1241712640,""obs_mistake_mask=EE"":4,""obs_mistake_mask=E_"":7,""obs_mistake_mask=_E"":6}"
   1479680,         1,         0,   119.6,decoder_by_matrix,5b8a070a3cf8d31d64f24dbee89f3428cb9cab13fc59f7448d798f9bf08e9187,"{""distance"":5,""physical_error_rate"":0.001}","{""detection_events"":834455,""detectors_checked"":251545600,""obs_mistake_mask=EE"":1}"
   1522688,         0,         0,   119.5,decoder_by_matrix,be0c214c078cdb5104153598b498575a1fc035ba16beb428536e5a87ee0a867f,"{""distance"":5,""physical_error_rate"":1e-06}","{""detection_events"":810,""detectors_checked"":258856960}"
   1498112,         0,         0,   119.6,decoder_by_matrix,cc9cd6551b3048ae216380ccb8ae5d3cca75b5b766fe651c47ef084ce4ce7dc6,"{""distance"":5,""physical_error_rate"":5e-05}","{""detection_events"":44330,""detectors_checked"":254679040}"
   1511424,         0,         0,   119.6,decoder_by_matrix,161b5fe948dcfe007f335a5c57bcb8ff38ff3ea8726714a4cc08f5b9386b17ca,"{""distance"":5,""physical_error_rate"":5e-06}","{""detection_events"":4020,""detectors_checked"":256942080}"
   1476608,         1,         0,   119.6,decoder_by_matrix,5b8a070a3cf8d31d64f24dbee89f3428cb9cab13fc59f7448d798f9bf08e9187,"{""distance"":5,""physical_error_rate"":0.001}","{""detection_events"":835830,""detectors_checked"":251023360,""obs_mistake_mask=EE"":1}"
   1524736,         0,         0,   119.7,decoder_by_matrix,6866428194f3c2ecf80b799fe3d7eaa0d7bfdd0bee14693d15f8abf3c1159eda,"{""distance"":5,""physical_error_rate"":1e-05}","{""detection_events"":8940,""detectors_checked"":259205120}"
   1483776,         0,         0,   119.6,decoder_by_matrix,cc9cd6551b3048ae216380ccb8ae5d3cca75b5b766fe651c47ef084ce4ce7dc6,"{""distance"":5,""physical_error_rate"":5e-05}","{""detection_events"":41795,""detectors_checked"":252241920}"
   1504256,         0,         0,   119.7,decoder_by_matrix,f0fc70a0432f83ff513e502442839d2eab02e2bed2f658d0464ff826d304e5e7,"{""distance"":5,""physical_error_rate"":0.0005}","{""detection_events"":418750,""detectors_checked"":255723520}"
   1572864,         0,         0,   119.5,decoder_by_matrix,be0c214c078cdb5104153598b498575a1fc035ba16beb428536e5a87ee0a867f,"{""distance"":5,""physical_error_rate"":1e-06}","{""detection_events"":820,""detectors_checked"":267386880}"
   1582080,         0,         0,   119.7,decoder_by_matrix,161b5fe948dcfe007f335a5c57bcb8ff38ff3ea8726714a4cc08f5b9386b17ca,"{""distance"":5,""physical_error_rate"":5e-06}","{""detection_events"":4820,""detectors_checked"":268953600}"
   1532928,         3,         0,   119.6,decoder_by_matrix,5b8a070a3cf8d31d64f24dbee89f3428cb9cab13fc59f7448d798f9bf08e9187,"{""distance"":5,""physical_error_rate"":0.001}","{""detection_events"":872800,""detectors_checked"":260597760,""obs_mistake_mask=EE"":1,""obs_mistake_mask=E_"":1,""obs_mistake_mask=_E"":1}"
   1536000,         0,         0,   119.6,decoder_by_matrix,a052b2ce6ed64a98931ebcd7492590a746d7ec6e385d9f4479eb5b69a31b01f0,"{""distance"":5,""physical_error_rate"":0.0001}","{""detection_events"":87160,""detectors_checked"":261120000}"
   1509376,         0,         0,   119.5,decoder_by_matrix,a052b2ce6ed64a98931ebcd7492590a746d7ec6e385d9f4479eb5b69a31b01f0,"{""distance"":5,""physical_error_rate"":0.0001}","{""detection_events"":84880,""detectors_checked"":256593920}"
   1480704,         0,         0,   119.6,decoder_by_matrix,cc9cd6551b3048ae216380ccb8ae5d3cca75b5b766fe651c47ef084ce4ce7dc6,"{""distance"":5,""physical_error_rate"":5e-05}","{""detection_events"":42290,""detectors_checked"":251719680}"
   1516544,         0,         0,   119.6,decoder_by_matrix,a052b2ce6ed64a98931ebcd7492590a746d7ec6e385d9f4479eb5b69a31b01f0,"{""distance"":5,""physical_error_rate"":0.0001}","{""detection_events"":87485,""detectors_checked"":257812480}"
   1536000,         0,         0,   119.7,decoder_by_matrix,6866428194f3c2ecf80b799fe3d7eaa0d7bfdd0bee14693d15f8abf3c1159eda,"{""distance"":5,""physical_error_rate"":1e-05}","{""detection_events"":9110,""detectors_checked"":261120000}"
   1569792,         0,         0,   119.6,decoder_by_matrix,f0fc70a0432f83ff513e502442839d2eab02e2bed2f658d0464ff826d304e5e7,"{""distance"":5,""physical_error_rate"":0.0005}","{""detection_events"":451860,""detectors_checked"":266864640}"
   1325226,         0,         0,    62.2,decoder_by_matrix,be0c214c078cdb5104153598b498575a1fc035ba16beb428536e5a87ee0a867f,"{""distance"":5,""physical_error_rate"":1e-06}","{""detection_events"":680,""detectors_checked"":225288420}"
   1510400,         4,         0,   119.5,decoder_by_matrix,5b8a070a3cf8d31d64f24dbee89f3428cb9cab13fc59f7448d798f9bf08e9187,"{""distance"":5,""physical_error_rate"":0.001}","{""detection_events"":864685,""detectors_checked"":256768000,""obs_mistake_mask=E_"":3,""obs_mistake_mask=_E"":1}"
   1589248,         0,         0,   119.7,decoder_by_matrix,161b5fe948dcfe007f335a5c57bcb8ff38ff3ea8726714a4cc08f5b9386b17ca,"{""distance"":5,""physical_error_rate"":5e-06}","{""detection_events"":4470,""detectors_checked"":270172160}"
   2692096,         0,         0,   119.7,decoder_by_matrix,6866428194f3c2ecf80b799fe3d7eaa0d7bfdd0bee14693d15f8abf3c1159eda,"{""distance"":5,""physical_error_rate"":1e-05}","{""detection_events"":15785,""detectors_checked"":457656320}"
   1538048,         0,         0,   119.6,decoder_by_matrix,cc9cd6551b3048ae216380ccb8ae5d3cca75b5b766fe651c47ef084ce4ce7dc6,"{""distance"":5,""physical_error_rate"":5e-05}","{""detection_events"":43655,""detectors_checked"":261468160}"
   1502208,         0,         0,   119.6,decoder_by_matrix,a052b2ce6ed64a98931ebcd7492590a746d7ec6e385d9f4479eb5b69a31b01f0,"{""distance"":5,""physical_error_rate"":0.0001}","{""detection_events"":87105,""detectors_checked"":255375360}"
   1478656,         0,         0,   119.6,decoder_by_matrix,6866428194f3c2ecf80b799fe3d7eaa0d7bfdd0bee14693d15f8abf3c1159eda,"{""distance"":5,""physical_error_rate"":1e-05}","{""detection_events"":8660,""detectors_checked"":251371520}"
   1537024,         0,         0,   119.6,decoder_by_matrix,6866428194f3c2ecf80b799fe3d7eaa0d7bfdd0bee14693d15f8abf3c1159eda,"{""distance"":5,""physical_error_rate"":1e-05}","{""detection_events"":8960,""detectors_checked"":261294080}"
   1395712,         0,         0,   119.6,decoder_by_matrix,f0fc70a0432f83ff513e502442839d2eab02e2bed2f658d0464ff826d304e5e7,"{""distance"":5,""physical_error_rate"":0.0005}","{""detection_events"":397790,""detectors_checked"":237271040}"
   1611776,         0,         0,   119.5,decoder_by_matrix,be0c214c078cdb5104153598b498575a1fc035ba16beb428536e5a87ee0a867f,"{""distance"":5,""physical_error_rate"":1e-06}","{""detection_events"":885,""detectors_checked"":274001920}"
   1552384,         0,         0,   119.7,decoder_by_matrix,161b5fe948dcfe007f335a5c57bcb8ff38ff3ea8726714a4cc08f5b9386b17ca,"{""distance"":5,""physical_error_rate"":5e-06}","{""detection_events"":4325,""detectors_checked"":263905280}"
   1525760,         2,         0,   119.5,decoder_by_matrix,f0fc70a0432f83ff513e502442839d2eab02e2bed2f658d0464ff826d304e5e7,"{""distance"":5,""physical_error_rate"":0.0005}","{""detection_events"":435635,""detectors_checked"":259379200,""obs_mistake_mask=E_"":2}"
   1546240,         0,         0,   119.6,decoder_by_matrix,be0c214c078cdb5104153598b498575a1fc035ba16beb428536e5a87ee0a867f,"{""distance"":5,""physical_error_rate"":1e-06}","{""detection_events"":900,""detectors_checked"":262860800}"
   2483200,         0,         0,   119.6,decoder_by_matrix,cc9cd6551b3048ae216380ccb8ae5d3cca75b5b766fe651c47ef084ce4ce7dc6,"{""distance"":5,""physical_error_rate"":5e-05}","{""detection_events"":70770,""detectors_checked"":422144000}"
   2641920,         0,         0,   119.6,decoder_by_matrix,161b5fe948dcfe007f335a5c57bcb8ff38ff3ea8726714a4cc08f5b9386b17ca,"{""distance"":5,""physical_error_rate"":5e-06}","{""detection_events"":7280,""detectors_checked"":449126400}"
   2183168,         0,         0,   119.6,decoder_by_matrix,f0fc70a0432f83ff513e502442839d2eab02e2bed2f658d0464ff826d304e5e7,"{""distance"":5,""physical_error_rate"":0.0005}","{""detection_events"":618950,""detectors_checked"":371138560}"
   1638400,         0,         0,   119.5,decoder_by_matrix,6866428194f3c2ecf80b799fe3d7eaa0d7bfdd0bee14693d15f8abf3c1159eda,"{""distance"":5,""physical_error_rate"":1e-05}","{""detection_events"":9960,""detectors_checked"":278528000}"
   1563648,         0,         0,   119.5,decoder_by_matrix,cc9cd6551b3048ae216380ccb8ae5d3cca75b5b766fe651c47ef084ce4ce7dc6,"{""distance"":5,""physical_error_rate"":5e-05}","{""detection_events"":44335,""detectors_checked"":265820160}"
   1595392,         0,         0,   119.6,decoder_by_matrix,161b5fe948dcfe007f335a5c57bcb8ff38ff3ea8726714a4cc08f5b9386b17ca,"{""distance"":5,""physical_error_rate"":5e-06}","{""detection_events"":4250,""detectors_checked"":271216640}"
   1563648,         0,         0,   119.6,decoder_by_matrix,cc9cd6551b3048ae216380ccb8ae5d3cca75b5b766fe651c47ef084ce4ce7dc6,"{""distance"":5,""physical_error_rate"":5e-05}","{""detection_events"":43770,""detectors_checked"":265820160}"
   1664000,         0,         0,   119.6,decoder_by_matrix,161b5fe948dcfe007f335a5c57bcb8ff38ff3ea8726714a4cc08f5b9386b17ca,"{""distance"":5,""physical_error_rate"":5e-06}","{""detection_events"":5110,""detectors_checked"":282880000}"
   1630208,         2,         0,   119.6,decoder_by_matrix,f0fc70a0432f83ff513e502442839d2eab02e2bed2f658d0464ff826d304e5e7,"{""distance"":5,""physical_error_rate"":0.0005}","{""detection_events"":470095,""detectors_checked"":277135360,""obs_mistake_mask=_E"":2}"
   1531904,         0,         0,   119.6,decoder_by_matrix,a052b2ce6ed64a98931ebcd7492590a746d7ec6e385d9f4479eb5b69a31b01f0,"{""distance"":5,""physical_error_rate"":0.0001}","{""detection_events"":89055,""detectors_checked"":260423680}"
   1615872,         2,         0,   119.6,decoder_by_matrix,5b8a070a3cf8d31d64f24dbee89f3428cb9cab13fc59f7448d798f9bf08e9187,"{""distance"":5,""physical_error_rate"":0.001}","{""detection_events"":916795,""detectors_checked"":274698240,""obs_mistake_mask=E_"":1,""obs_mistake_mask=_E"":1}"
   1674240,         0,         0,   119.6,decoder_by_matrix,be0c214c078cdb5104153598b498575a1fc035ba16beb428536e5a87ee0a867f,"{""distance"":5,""physical_error_rate"":1e-06}","{""detection_events"":1205,""detectors_checked"":284620800}"
   1632256,         0,         0,   119.7,decoder_by_matrix,a052b2ce6ed64a98931ebcd7492590a746d7ec6e385d9f4479eb5b69a31b01f0,"{""distance"":5,""physical_error_rate"":0.0001}","{""detection_events"":93280,""detectors_checked"":277483520}"
   1579008,         0,         0,   119.6,decoder_by_matrix,be0c214c078cdb5104153598b498575a1fc035ba16beb428536e5a87ee0a867f,"{""distance"":5,""physical_error_rate"":1e-06}","{""detection_events"":865,""detectors_checked"":268431360}"
   1588224,         0,         0,   119.4,decoder_by_matrix,6866428194f3c2ecf80b799fe3d7eaa0d7bfdd0bee14693d15f8abf3c1159eda,"{""distance"":5,""physical_error_rate"":1e-05}","{""detection_events"":9320,""detectors_checked"":269998080}"
   1439744,         0,         0,   119.7,decoder_by_matrix,f0fc70a0432f83ff513e502442839d2eab02e2bed2f658d0464ff826d304e5e7,"{""distance"":5,""physical_error_rate"":0.0005}","{""detection_events"":409070,""detectors_checked"":244756480}"
   2352128,         0,         0,   119.6,decoder_by_matrix,a052b2ce6ed64a98931ebcd7492590a746d7ec6e385d9f4479eb5b69a31b01f0,"{""distance"":5,""physical_error_rate"":0.0001}","{""detection_events"":135330,""detectors_checked"":399861760}"
   6805504,        10,         0,   119.1,decoder_by_matrix,5b8a070a3cf8d31d64f24dbee89f3428cb9cab13fc59f7448d798f9bf08e9187,"{""distance"":5,""physical_error_rate"":0.001}","{""detection_events"":3855025,""detectors_checked"":1156935680,""obs_mistake_mask=EE"":3,""obs_mistake_mask=E_"":4,""obs_mistake_mask=_E"":3}"
   1505280,         0,         0,   119.6,decoder_by_matrix,5b8a070a3cf8d31d64f24dbee89f3428cb9cab13fc59f7448d798f9bf08e9187,"{""distance"":5,""physical_error_rate"":0.001}","{""detection_events"":861535,""detectors_checked"":255897600}"
   1626112,         0,         0,   119.6,decoder_by_matrix,be0c214c078cdb5104153598b498575a1fc035ba16beb428536e5a87ee0a867f,"{""distance"":5,""physical_error_rate"":1e-06}","{""detection_events"":1050,""detectors_checked"":276439040}"
   1547264,         0,         0,   119.5,decoder_by_matrix,cc9cd6551b3048ae216380ccb8ae5d3cca75b5b766fe651c47ef084ce4ce7dc6,"{""distance"":5,""physical_error_rate"":5e-05}","{""detection_events"":42255,""detectors_checked"":263034880}"
   1556480,         0,         0,   119.5,decoder_by_matrix,161b5fe948dcfe007f335a5c57bcb8ff38ff3ea8726714a4cc08f5b9386b17ca,"{""distance"":5,""physical_error_rate"":5e-06}","{""detection_events"":4665,""detectors_checked"":264601600}"
   1504256,         2,         0,   119.7,decoder_by_matrix,5b8a070a3cf8d31d64f24dbee89f3428cb9cab13fc59f7448d798f9bf08e9187,"{""distance"":5,""physical_error_rate"":0.001}","{""detection_events"":853350,""detectors_checked"":255723520,""obs_mistake_mask=_E"":2}"
   1570816,         0,         0,   119.6,decoder_by_matrix,6866428194f3c2ecf80b799fe3d7eaa0d7bfdd0bee14693d15f8abf3c1159eda,"{""distance"":5,""physical_error_rate"":1e-05}","{""detection_events"":8565,""detectors_checked"":267038720}"
   1547264,         0,         0,   119.5,decoder_by_matrix,f0fc70a0432f83ff513e502442839d2eab02e2bed2f658d0464ff826d304e5e7,"{""distance"":5,""physical_error_rate"":0.0005}","{""detection_events"":438105,""detectors_checked"":263034880}"
   1557504,         0,         0,   119.6,decoder_by_matrix,cc9cd6551b3048ae216380ccb8ae5d3cca75b5b766fe651c47ef084ce4ce7dc6,"{""distance"":5,""physical_error_rate"":5e-05}","{""detection_events"":43495,""detectors_checked"":264775680}"
   1634304,         0,         0,   119.5,decoder_by_matrix,be0c214c078cdb5104153598b498575a1fc035ba16beb428536e5a87ee0a867f,"{""distance"":5,""physical_error_rate"":1e-06}","{""detection_events"":705,""detectors_checked"":277831680}"
   1603584,         0,         0,   119.5,decoder_by_matrix,161b5fe948dcfe007f335a5c57bcb8ff38ff3ea8726714a4cc08f5b9386b17ca,"{""distance"":5,""physical_error_rate"":5e-06}","{""detection_events"":4185,""detectors_checked"":272609280}"
   1529856,         2,         0,   119.7,decoder_by_matrix,5b8a070a3cf8d31d64f24dbee89f3428cb9cab13fc59f7448d798f9bf08e9187,"{""distance"":5,""physical_error_rate"":0.001}","{""detection_events"":862315,""detectors_checked"":260075520,""obs_mistake_mask=EE"":1,""obs_mistake_mask=E_"":1}"
   1451008,         0,         0,   119.6,decoder_by_matrix,a052b2ce6ed64a98931ebcd7492590a746d7ec6e385d9f4479eb5b69a31b01f0,"{""distance"":5,""physical_error_rate"":0.0001}","{""detection_events"":84530,""detectors_checked"":246671360}"
   1492992,         0,         0,   119.6,decoder_by_matrix,a052b2ce6ed64a98931ebcd7492590a746d7ec6e385d9f4479eb5b69a31b01f0,"{""distance"":5,""physical_error_rate"":0.0001}","{""detection_events"":84875,""detectors_checked"":253808640}"
   1571840,         0,         0,   119.6,decoder_by_matrix,cc9cd6551b3048ae216380ccb8ae5d3cca75b5b766fe651c47ef084ce4ce7dc6,"{""distance"":5,""physical_error_rate"":5e-05}","{""detection_events"":46050,""detectors_checked"":267212800}"
   1571840,         0,         0,   119.6,decoder_by_matrix,a052b2ce6ed64a98931ebcd7492590a746d7ec6e385d9f4479eb5b69a31b01f0,"{""distance"":5,""physical_error_rate"":0.0001}","{""detection_events"":90780,""detectors_checked"":267212800}"
   1567744,         0,         0,   119.6,decoder_by_matrix,6866428194f3c2ecf80b799fe3d7eaa0d7bfdd0bee14693d15f8abf3c1159eda,"{""distance"":5,""physical_error_rate"":1e-05}","{""detection_events"":9085,""detectors_checked"":266516480}"
   1558528,         0,         0,   119.6,decoder_by_matrix,f0fc70a0432f83ff513e502442839d2eab02e2bed2f658d0464ff826d304e5e7,"{""distance"":5,""physical_error_rate"":0.0005}","{""detection_events"":437605,""detectors_checked"":264949760}"
   2466816,         0,         0,   119.6,decoder_by_matrix,be0c214c078cdb5104153598b498575a1fc035ba16beb428536e5a87ee0a867f,"{""distance"":5,""physical_error_rate"":1e-06}","{""detection_events"":1095,""detectors_checked"":419358720}"
   1582080,         2,         0,   119.6,decoder_by_matrix,5b8a070a3cf8d31d64f24dbee89f3428cb9cab13fc59f7448d798f9bf08e9187,"{""distance"":5,""physical_error_rate"":0.001}","{""detection_events"":894305,""detectors_checked"":268953600,""obs_mistake_mask=EE"":1,""obs_mistake_mask=E_"":1}"
   1637222,         0,         0,    73.7,decoder_by_matrix,161b5fe948dcfe007f335a5c57bcb8ff38ff3ea8726714a4cc08f5b9386b17ca,"{""distance"":5,""physical_error_rate"":5e-06}","{""detection_events"":4280,""detectors_checked"":278327740}"
   1630208,         0,         0,   118.5,decoder_by_matrix,161b5fe948dcfe007f335a5c57bcb8ff38ff3ea8726714a4cc08f5b9386b17ca,"{""distance"":5,""physical_error_rate"":5e-06}","{""detection_events"":4745,""detectors_checked"":277135360}"
    971622,         0,         0,    69.9,decoder_by_matrix,161b5fe948dcfe007f335a5c57bcb8ff38ff3ea8726714a4cc08f5b9386b17ca,"{""distance"":5,""physical_error_rate"":5e-06}","{""detection_events"":2920,""detectors_checked"":165175740}"
   1266688,         0,         0,    99.3,decoder_by_matrix,161b5fe948dcfe007f335a5c57bcb8ff38ff3ea8726714a4cc08f5b9386b17ca,"{""distance"":5,""physical_error_rate"":5e-06}","{""detection_events"":3485,""detectors_checked"":215336960}"
   1024914,         0,         0,    71.1,decoder_by_matrix,161b5fe948dcfe007f335a5c57bcb8ff38ff3ea8726714a4cc08f5b9386b17ca,"{""distance"":5,""physical_error_rate"":5e-06}","{""detection_events"":3155,""detectors_checked"":174235380}"
   2472960,         0,         0,   119.7,decoder_by_matrix,6866428194f3c2ecf80b799fe3d7eaa0d7bfdd0bee14693d15f8abf3c1159eda,"{""distance"":5,""physical_error_rate"":1e-05}","{""detection_events"":14100,""detectors_checked"":420403200}"
   1557504,         0,         0,   119.7,decoder_by_matrix,cc9cd6551b3048ae216380ccb8ae5d3cca75b5b766fe651c47ef084ce4ce7dc6,"{""distance"":5,""physical_error_rate"":5e-05}","{""detection_events"":43910,""detectors_checked"":264775680}"
   1478656,         0,         0,   119.6,decoder_by_matrix,a052b2ce6ed64a98931ebcd7492590a746d7ec6e385d9f4479eb5b69a31b01f0,"{""distance"":5,""physical_error_rate"":0.0001}","{""detection_events"":82655,""detectors_checked"":251371520}"
   1587200,         0,         0,   119.5,decoder_by_matrix,6866428194f3c2ecf80b799fe3d7eaa0d7bfdd0bee14693d15f8abf3c1159eda,"{""distance"":5,""physical_error_rate"":1e-05}","{""detection_events"":9065,""detectors_checked"":269824000}"
   1702912,         0,         0,   119.6,decoder_by_matrix,6866428194f3c2ecf80b799fe3d7eaa0d7bfdd0bee14693d15f8abf3c1159eda,"{""distance"":5,""physical_error_rate"":1e-05}","{""detection_events"":10135,""detectors_checked"":289495040}"
   1463296,         1,         0,   119.7,decoder_by_matrix,f0fc70a0432f83ff513e502442839d2eab02e2bed2f658d0464ff826d304e5e7,"{""distance"":5,""physical_error_rate"":0.0005}","{""detection_events"":414945,""detectors_checked"":248760320,""obs_mistake_mask=_E"":1}"
    697543,         0,         0,    50.9,decoder_by_matrix,161b5fe948dcfe007f335a5c57bcb8ff38ff3ea8726714a4cc08f5b9386b17ca,"{""distance"":5,""physical_error_rate"":5e-06}","{""detection_events"":1835,""detectors_checked"":118582310}"
    674816,         0,         0,    48.6,decoder_by_matrix,161b5fe948dcfe007f335a5c57bcb8ff38ff3ea8726714a4cc08f5b9386b17ca,"{""distance"":5,""physical_error_rate"":5e-06}","{""detection_events"":1875,""detectors_checked"":114718720}"
   1762304,         0,         0,   119.6,decoder_by_matrix,be0c214c078cdb5104153598b498575a1fc035ba16beb428536e5a87ee0a867f,"{""distance"":5,""physical_error_rate"":1e-06}","{""detection_events"":1050,""detectors_checked"":299591680}"
   1545216,         0,         0,   119.6,decoder_by_matrix,f0fc70a0432f83ff513e502442839d2eab02e2bed2f658d0464ff826d304e5e7,"{""distance"":5,""physical_error_rate"":0.0005}","{""detection_events"":442110,""detectors_checked"":262686720}"
    597894,         0,         0,    26.2,decoder_by_matrix,161b5fe948dcfe007f335a5c57bcb8ff38ff3ea8726714a4cc08f5b9386b17ca,"{""distance"":5,""physical_error_rate"":5e-06}","{""detection_events"":1585,""detectors_checked"":101641980}"
    416078,         0,         0,    26.6,decoder_by_matrix,161b5fe948dcfe007f335a5c57bcb8ff38ff3ea8726714a4cc08f5b9386b17ca,"{""distance"":5,""physical_error_rate"":5e-06}","{""detection_events"":1140,""detectors_checked"":70733260}"
    166911,         0,         0,    7.80,decoder_by_matrix,be0c214c078cdb5104153598b498575a1fc035ba16beb428536e5a87ee0a867f,"{""distance"":5,""physical_error_rate"":1e-06}","{""detection_events"":60,""detectors_checked"":28374870}"
   1587200,         0,         0,   119.1,decoder_by_matrix,be0c214c078cdb5104153598b498575a1fc035ba16beb428536e5a87ee0a867f,"{""distance"":5,""physical_error_rate"":1e-06}","{""detection_events"":665,""detectors_checked"":269824000}"
    356638,         0,         0,    26.1,decoder_by_matrix,161b5fe948dcfe007f335a5c57bcb8ff38ff3ea8726714a4cc08f5b9386b17ca,"{""distance"":5,""physical_error_rate"":5e-06}","{""detection_events"":985,""detectors_checked"":60628460}"
    317440,         0,         0,    26.0,decoder_by_matrix,161b5fe948dcfe007f335a5c57bcb8ff38ff3ea8726714a4cc08f5b9386b17ca,"{""distance"":5,""physical_error_rate"":5e-06}","{""detection_events"":840,""detectors_checked"":53964800}"
    342016,         0,         0,    25.3,decoder_by_matrix,161b5fe948dcfe007f335a5c57bcb8ff38ff3ea8726714a4cc08f5b9386b17ca,"{""distance"":5,""physical_error_rate"":5e-06}","{""detection_events"":1205,""detectors_checked"":58142720}"
   2462720,         0,         0,   119.7,decoder_by_matrix,cc9cd6551b3048ae216380ccb8ae5d3cca75b5b766fe651c47ef084ce4ce7dc6,"{""distance"":5,""physical_error_rate"":5e-05}","{""detection_events"":67060,""detectors_checked"":418662400}"
     39198,         0,         0,    2.91,decoder_by_matrix,161b5fe948dcfe007f335a5c57bcb8ff38ff3ea8726714a4cc08f5b9386b17ca,"{""distance"":5,""physical_error_rate"":5e-06}","{""detection_events"":70,""detectors_checked"":6663660}"
    205882,         0,         0,    13.3,decoder_by_matrix,161b5fe948dcfe007f335a5c57bcb8ff38ff3ea8726714a4cc08f5b9386b17ca,"{""distance"":5,""physical_error_rate"":5e-06}","{""detection_events"":670,""detectors_checked"":34999940}"
    182272,         0,         0,    13.3,decoder_by_matrix,161b5fe948dcfe007f335a5c57bcb8ff38ff3ea8726714a4cc08f5b9386b17ca,"{""distance"":5,""physical_error_rate"":5e-06}","{""detection_events"":520,""detectors_checked"":30986240}"
    176471,         0,         0,    7.40,decoder_by_matrix,161b5fe948dcfe007f335a5c57bcb8ff38ff3ea8726714a4cc08f5b9386b17ca,"{""distance"":5,""physical_error_rate"":5e-06}","{""detection_events"":690,""detectors_checked"":30000070}"
    125222,         0,         0,    9.27,decoder_by_matrix,161b5fe948dcfe007f335a5c57bcb8ff38ff3ea8726714a4cc08f5b9386b17ca,"{""distance"":5,""physical_error_rate"":5e-06}","{""detection_events"":355,""detectors_checked"":21287740}"
    107333,         0,         0,    7.72,decoder_by_matrix,161b5fe948dcfe007f335a5c57bcb8ff38ff3ea8726714a4cc08f5b9386b17ca,"{""distance"":5,""physical_error_rate"":5e-06}","{""detection_events"":330,""detectors_checked"":18246610}"
    106496,         0,         0,    7.66,decoder_by_matrix,161b5fe948dcfe007f335a5c57bcb8ff38ff3ea8726714a4cc08f5b9386b17ca,"{""distance"":5,""physical_error_rate"":5e-06}","{""detection_events"":355,""detectors_checked"":18104320}"
     91999,         0,         0,    5.05,decoder_by_matrix,161b5fe948dcfe007f335a5c57bcb8ff38ff3ea8726714a4cc08f5b9386b17ca,"{""distance"":5,""physical_error_rate"":5e-06}","{""detection_events"":255,""detectors_checked"":15639830}"
     69632,         0,         0,    5.06,decoder_by_matrix,161b5fe948dcfe007f335a5c57bcb8ff38ff3ea8726714a4cc08f5b9386b17ca,"{""distance"":5,""physical_error_rate"":5e-06}","{""detection_events"":190,""detectors_checked"":11837440}"
     80896,         0,         0,    6.08,decoder_by_matrix,161b5fe948dcfe007f335a5c57bcb8ff38ff3ea8726714a4cc08f5b9386b17ca,"{""distance"":5,""physical_error_rate"":5e-06}","{""detection_events"":260,""detectors_checked"":13752320}"
     88064,         0,         0,    4.09,decoder_by_matrix,161b5fe948dcfe007f335a5c57bcb8ff38ff3ea8726714a4cc08f5b9386b17ca,"{""distance"":5,""physical_error_rate"":5e-06}","{""detection_events"":245,""detectors_checked"":14970880}"
      3935,         0,         0,   0.215,decoder_by_matrix,161b5fe948dcfe007f335a5c57bcb8ff38ff3ea8726714a4cc08f5b9386b17ca,"{""distance"":5,""physical_error_rate"":5e-06}","{""detection_events"":35,""detectors_checked"":668950}"
     34816,         0,         0,    1.99,decoder_by_matrix,161b5fe948dcfe007f335a5c57bcb8ff38ff3ea8726714a4cc08f5b9386b17ca,"{""distance"":5,""physical_error_rate"":5e-06}","{""detection_events"":40,""detectors_checked"":5918720}"
     28996,         0,         0,    2.23,decoder_by_matrix,161b5fe948dcfe007f335a5c57bcb8ff38ff3ea8726714a4cc08f5b9386b17ca,"{""distance"":5,""physical_error_rate"":5e-06}","{""detection_events"":30,""detectors_checked"":4929320}"
     28996,         0,         0,    2.16,decoder_by_matrix,161b5fe948dcfe007f335a5c57bcb8ff38ff3ea8726714a4cc08f5b9386b17ca,"{""distance"":5,""physical_error_rate"":5e-06}","{""detection_events"":95,""detectors_checked"":4929320}"
     15738,         0,         0,    1.18,decoder_by_matrix,161b5fe948dcfe007f335a5c57bcb8ff38ff3ea8726714a4cc08f5b9386b17ca,"{""distance"":5,""physical_error_rate"":5e-06}","{""detection_events"":35,""detectors_checked"":2675460}"
     16384,         0,         0,    1.20,decoder_by_matrix,161b5fe948dcfe007f335a5c57bcb8ff38ff3ea8726714a4cc08f5b9386b17ca,"{""distance"":5,""physical_error_rate"":5e-06}","{""detection_events"":80,""detectors_checked"":2785280}"
     15727,         0,         0,    1.24,decoder_by_matrix,161b5fe948dcfe007f335a5c57bcb8ff38ff3ea8726714a4cc08f5b9386b17ca,"{""distance"":5,""physical_error_rate"":5e-06}","{""detection_events"":90,""detectors_checked"":2673590}"
     13312,         0,         0,   0.908,decoder_by_matrix,161b5fe948dcfe007f335a5c57bcb8ff38ff3ea8726714a4cc08f5b9386b17ca,"{""distance"":5,""physical_error_rate"":5e-06}","{""detection_events"":15,""detectors_checked"":2263040}"
     13490,         0,         0,   0.977,decoder_by_matrix,161b5fe948dcfe007f335a5c57bcb8ff38ff3ea8726714a4cc08f5b9386b17ca,"{""distance"":5,""physical_error_rate"":5e-06}","{""detection_events"":5,""detectors_checked"":2293300}"
       178,         0,         0,   0.062,decoder_by_matrix,161b5fe948dcfe007f335a5c57bcb8ff38ff3ea8726714a4cc08f5b9386b17ca,"{""distance"":5,""physical_error_rate"":5e-06}","{""detectors_checked"":30260}"
      6144,         0,         0,   0.414,decoder_by_matrix,161b5fe948dcfe007f335a5c57bcb8ff38ff3ea8726714a4cc08f5b9386b17ca,"{""distance"":5,""physical_error_rate"":5e-06}","{""detection_events"":35,""detectors_checked"":1044480}"
      6144,         0,         0,   0.433,decoder_by_matrix,161b5fe948dcfe007f335a5c57bcb8ff38ff3ea8726714a4cc08f5b9386b17ca,"{""distance"":5,""physical_error_rate"":5e-06}","{""detection_events"":65,""detectors_checked"":1044480}"
      1870,         0,         0,   0.095,decoder_by_matrix,161b5fe948dcfe007f335a5c57bcb8ff38ff3ea8726714a4cc08f5b9386b17ca,"{""distance"":5,""physical_error_rate"":5e-06}","{""detectors_checked"":317900}"
      3072,         0,         0,   0.208,decoder_by_matrix,161b5fe948dcfe007f335a5c57bcb8ff38ff3ea8726714a4cc08f5b9386b17ca,"{""distance"":5,""physical_error_rate"":5e-06}","{""detection_events"":10,""detectors_checked"":522240}"
      3072,         0,         0,   0.204,decoder_by_matrix,161b5fe948dcfe007f335a5c57bcb8ff38ff3ea8726714a4cc08f5b9386b17ca,"{""distance"":5,""physical_error_rate"":5e-06}","{""detection_events"":10,""detectors_checked"":522240}"
      3072,         0,         0,   0.224,decoder_by_matrix,161b5fe948dcfe007f335a5c57bcb8ff38ff3ea8726714a4cc08f5b9386b17ca,"{""distance"":5,""physical_error_rate"":5e-06}","{""detection_events"":5,""detectors_checked"":522240}"
       424,         0,         0,   0.063,decoder_by_matrix,161b5fe948dcfe007f335a5c57bcb8ff38ff3ea8726714a4cc08f5b9386b17ca,"{""distance"":5,""physical_error_rate"":5e-06}","{""detection_events"":30,""detectors_checked"":72080}"
       455,         0,         0,   0.063,decoder_by_matrix,161b5fe948dcfe007f335a5c57bcb8ff38ff3ea8726714a4cc08f5b9386b17ca,"{""distance"":5,""physical_error_rate"":5e-06}","{""detectors_checked"":77350}"
       171,         0,         0,   0.062,decoder_by_matrix,161b5fe948dcfe007f335a5c57bcb8ff38ff3ea8726714a4cc08f5b9386b17ca,"{""distance"":5,""physical_error_rate"":5e-06}","{""detectors_checked"":29070}"
      2148,         0,         0,   0.188,decoder_by_matrix,161b5fe948dcfe007f335a5c57bcb8ff38ff3ea8726714a4cc08f5b9386b17ca,"{""distance"":5,""physical_error_rate"":5e-06}","{""detection_events"":10,""detectors_checked"":365160}"
      2587,         0,         0,   0.166,decoder_by_matrix,161b5fe948dcfe007f335a5c57bcb8ff38ff3ea8726714a4cc08f5b9386b17ca,"{""distance"":5,""physical_error_rate"":5e-06}","{""detectors_checked"":439790}"
      3026,         0,         0,   0.204,decoder_by_matrix,161b5fe948dcfe007f335a5c57bcb8ff38ff3ea8726714a4cc08f5b9386b17ca,"{""distance"":5,""physical_error_rate"":5e-06}","{""detectors_checked"":514420}"
      1024,         0,         0,   0.038,decoder_by_matrix,161b5fe948dcfe007f335a5c57bcb8ff38ff3ea8726714a4cc08f5b9386b17ca,"{""distance"":5,""physical_error_rate"":5e-06}","{""detection_events"":40,""detectors_checked"":174080}"
       296,         0,         0,   0.062,decoder_by_matrix,161b5fe948dcfe007f335a5c57bcb8ff38ff3ea8726714a4cc08f5b9386b17ca,"{""distance"":5,""physical_error_rate"":5e-06}","{""detectors_checked"":50320}"
      1583,         0,         0,   0.143,decoder_by_matrix,161b5fe948dcfe007f335a5c57bcb8ff38ff3ea8726714a4cc08f5b9386b17ca,"{""distance"":5,""physical_error_rate"":5e-06}","{""detection_events"":10,""detectors_checked"":269110}"
       120,         0,         0,   0.057,decoder_by_matrix,161b5fe948dcfe007f335a5c57bcb8ff38ff3ea8726714a4cc08f5b9386b17ca,"{""distance"":5,""physical_error_rate"":5e-06}","{""detectors_checked"":20400}"
       126,         0,         0,   0.064,decoder_by_matrix,161b5fe948dcfe007f335a5c57bcb8ff38ff3ea8726714a4cc08f5b9386b17ca,"{""distance"":5,""physical_error_rate"":5e-06}","{""detectors_checked"":21420}"
   1406976,         0,         0,   105.8,decoder_by_matrix,be0c214c078cdb5104153598b498575a1fc035ba16beb428536e5a87ee0a867f,"{""distance"":5,""physical_error_rate"":1e-06}","{""detection_events"":1005,""detectors_checked"":239185920}"
    972800,         0,         0,    45.6,decoder_by_matrix,be0c214c078cdb5104153598b498575a1fc035ba16beb428536e5a87ee0a867f,"{""distance"":5,""physical_error_rate"":1e-06}","{""detection_events"":660,""detectors_checked"":165376000}"
         1,         0,         0,   0.037,decoder_by_matrix,6866428194f3c2ecf80b799fe3d7eaa0d7bfdd0bee14693d15f8abf3c1159eda,"{""distance"":5,""physical_error_rate"":1e-05}","{""detectors_checked"":170}"
         1,         0,         0,   0.063,decoder_by_matrix,a052b2ce6ed64a98931ebcd7492590a746d7ec6e385d9f4479eb5b69a31b01f0,"{""distance"":5,""physical_error_rate"":0.0001}","{""detectors_checked"":170}"
   1505280,         0,         0,   106.5,decoder_by_matrix,be0c214c078cdb5104153598b498575a1fc035ba16beb428536e5a87ee0a867f,"{""distance"":5,""physical_error_rate"":1e-06}","{""detection_events"":910,""detectors_checked"":255897600}"
         1,         0,         0,   0.063,decoder_by_matrix,5b8a070a3cf8d31d64f24dbee89f3428cb9cab13fc59f7448d798f9bf08e9187,"{""distance"":5,""physical_error_rate"":0.001}","{""detectors_checked"":170}"
         1,         0,         0,   0.068,decoder_by_matrix,cc9cd6551b3048ae216380ccb8ae5d3cca75b5b766fe651c47ef084ce4ce7dc6,"{""distance"":5,""physical_error_rate"":5e-05}","{""detectors_checked"":170}"
        16,         0,         0,   0.037,decoder_by_matrix,6866428194f3c2ecf80b799fe3d7eaa0d7bfdd0bee14693d15f8abf3c1159eda,"{""distance"":5,""physical_error_rate"":1e-05}","{""detectors_checked"":2720}"
         1,         0,         0,   0.062,decoder_by_matrix,5b8a070a3cf8d31d64f24dbee89f3428cb9cab13fc59f7448d798f9bf08e9187,"{""distance"":5,""physical_error_rate"":0.001}","{""detectors_checked"":170}"
         1,         0,         0,   0.086,decoder_by_matrix,f0fc70a0432f83ff513e502442839d2eab02e2bed2f658d0464ff826d304e5e7,"{""distance"":5,""physical_error_rate"":0.0005}","{""detectors_checked"":170}"
         1,         0,         0,   0.064,decoder_by_matrix,be0c214c078cdb5104153598b498575a1fc035ba16beb428536e5a87ee0a867f,"{""distance"":5,""physical_error_rate"":1e-06}","{""detectors_checked"":170}"
         8,         0,         0,   0.062,decoder_by_matrix,cc9cd6551b3048ae216380ccb8ae5d3cca75b5b766fe651c47ef084ce4ce7dc6,"{""distance"":5,""physical_error_rate"":5e-05}","{""detectors_checked"":1360}"
       256,         0,         0,   0.063,decoder_by_matrix,6866428194f3c2ecf80b799fe3d7eaa0d7bfdd0bee14693d15f8abf3c1159eda,"{""distance"":5,""physical_error_rate"":1e-05}","{""detectors_checked"":43520}"
         8,         0,         0,   0.074,decoder_by_matrix,5b8a070a3cf8d31d64f24dbee89f3428cb9cab13fc59f7448d798f9bf08e9187,"{""distance"":5,""physical_error_rate"":0.001}","{""detection_events"":30,""detectors_checked"":1360}"
         8,         0,         0,   0.070,decoder_by_matrix,a052b2ce6ed64a98931ebcd7492590a746d7ec6e385d9f4479eb5b69a31b01f0,"{""distance"":5,""physical_error_rate"":0.0001}","{""detectors_checked"":1360}"
         8,         0,         0,   0.076,decoder_by_matrix,5b8a070a3cf8d31d64f24dbee89f3428cb9cab13fc59f7448d798f9bf08e9187,"{""distance"":5,""physical_error_rate"":0.001}","{""detectors_checked"":1360}"
         4,         0,         0,   0.077,decoder_by_matrix,f0fc70a0432f83ff513e502442839d2eab02e2bed2f658d0464ff826d304e5e7,"{""distance"":5,""physical_error_rate"":0.0005}","{""detectors_checked"":680}"
         8,         0,         0,   0.062,decoder_by_matrix,be0c214c078cdb5104153598b498575a1fc035ba16beb428536e5a87ee0a867f,"{""distance"":5,""physical_error_rate"":1e-06}","{""detectors_checked"":1360}"
        64,         0,         0,   0.062,decoder_by_matrix,cc9cd6551b3048ae216380ccb8ae5d3cca75b5b766fe651c47ef084ce4ce7dc6,"{""distance"":5,""physical_error_rate"":5e-05}","{""detectors_checked"":10880}"
      1024,         0,         0,   0.063,decoder_by_matrix,6866428194f3c2ecf80b799fe3d7eaa0d7bfdd0bee14693d15f8abf3c1159eda,"{""distance"":5,""physical_error_rate"":1e-05}","{""detection_events"":45,""detectors_checked"":174080}"
        64,         0,         0,   0.064,decoder_by_matrix,5b8a070a3cf8d31d64f24dbee89f3428cb9cab13fc59f7448d798f9bf08e9187,"{""distance"":5,""physical_error_rate"":0.001}","{""detection_events"":75,""detectors_checked"":10880}"
        32,         0,         0,   0.064,decoder_by_matrix,a052b2ce6ed64a98931ebcd7492590a746d7ec6e385d9f4479eb5b69a31b01f0,"{""distance"":5,""physical_error_rate"":0.0001}","{""detectors_checked"":5440}"
        32,         0,         0,   0.064,decoder_by_matrix,5b8a070a3cf8d31d64f24dbee89f3428cb9cab13fc59f7448d798f9bf08e9187,"{""distance"":5,""physical_error_rate"":0.001}","{""detectors_checked"":5440}"
        16,         0,         0,   0.061,decoder_by_matrix,f0fc70a0432f83ff513e502442839d2eab02e2bed2f658d0464ff826d304e5e7,"{""distance"":5,""physical_error_rate"":0.0005}","{""detectors_checked"":2720}"
        64,         0,         0,   0.058,decoder_by_matrix,be0c214c078cdb5104153598b498575a1fc035ba16beb428536e5a87ee0a867f,"{""distance"":5,""physical_error_rate"":1e-06}","{""detectors_checked"":10880}"
       512,         0,         0,   0.060,decoder_by_matrix,cc9cd6551b3048ae216380ccb8ae5d3cca75b5b766fe651c47ef084ce4ce7dc6,"{""distance"":5,""physical_error_rate"":5e-05}","{""detection_events"":20,""detectors_checked"":87040}"
      1024,         0,         0,   0.051,decoder_by_matrix,6866428194f3c2ecf80b799fe3d7eaa0d7bfdd0bee14693d15f8abf3c1159eda,"{""distance"":5,""physical_error_rate"":1e-05}","{""detection_events"":5,""detectors_checked"":174080}"
       512,         0,         0,   0.038,decoder_by_matrix,be0c214c078cdb5104153598b498575a1fc035ba16beb428536e5a87ee0a867f,"{""distance"":5,""physical_error_rate"":1e-06}","{""detectors_checked"":87040}"
       256,         0,         0,   0.062,decoder_by_matrix,a052b2ce6ed64a98931ebcd7492590a746d7ec6e385d9f4479eb5b69a31b01f0,"{""distance"":5,""physical_error_rate"":0.0001}","{""detectors_checked"":43520}"
       128,         0,         0,   0.062,decoder_by_matrix,f0fc70a0432f83ff513e502442839d2eab02e2bed2f658d0464ff826d304e5e7,"{""distance"":5,""physical_error_rate"":0.0005}","{""detection_events"":100,""detectors_checked"":21760}"
       256,         0,         0,   0.077,decoder_by_matrix,5b8a070a3cf8d31d64f24dbee89f3428cb9cab13fc59f7448d798f9bf08e9187,"{""distance"":5,""physical_error_rate"":0.001}","{""detection_events"":225,""detectors_checked"":43520}"
       512,         0,         0,   0.079,decoder_by_matrix,5b8a070a3cf8d31d64f24dbee89f3428cb9cab13fc59f7448d798f9bf08e9187,"{""distance"":5,""physical_error_rate"":0.001}","{""detection_events"":455,""detectors_checked"":87040}"
      1024,         0,         0,   0.036,decoder_by_matrix,be0c214c078cdb5104153598b498575a1fc035ba16beb428536e5a87ee0a867f,"{""distance"":5,""physical_error_rate"":1e-06}","{""detectors_checked"":174080}"
      1024,         0,         0,   0.063,decoder_by_matrix,6866428194f3c2ecf80b799fe3d7eaa0d7bfdd0bee14693d15f8abf3c1159eda,"{""distance"":5,""physical_error_rate"":1e-05}","{""detectors_checked"":174080}"
      1024,         0,         0,   0.064,decoder_by_matrix,cc9cd6551b3048ae216380ccb8ae5d3cca75b5b766fe651c47ef084ce4ce7dc6,"{""distance"":5,""physical_error_rate"":5e-05}","{""detection_events"":15,""detectors_checked"":174080}"
      1024,         0,         0,   0.078,decoder_by_matrix,a052b2ce6ed64a98931ebcd7492590a746d7ec6e385d9f4479eb5b69a31b01f0,"{""distance"":5,""physical_error_rate"":0.0001}","{""detection_events"":30,""detectors_checked"":174080}"
      1024,         0,         0,   0.062,decoder_by_matrix,5b8a070a3cf8d31d64f24dbee89f3428cb9cab13fc59f7448d798f9bf08e9187,"{""distance"":5,""physical_error_rate"":0.001}","{""detection_events"":425,""detectors_checked"":174080}"
      1024,         0,         0,   0.065,decoder_by_matrix,f0fc70a0432f83ff513e502442839d2eab02e2bed2f658d0464ff826d304e5e7,"{""distance"":5,""physical_error_rate"":0.0005}","{""detection_events"":325,""detectors_checked"":174080}"
      1024,         0,         0,   0.079,decoder_by_matrix,5b8a070a3cf8d31d64f24dbee89f3428cb9cab13fc59f7448d798f9bf08e9187,"{""distance"":5,""physical_error_rate"":0.001}","{""detection_events"":570,""detectors_checked"":174080}"
      2048,         0,         0,   0.093,decoder_by_matrix,be0c214c078cdb5104153598b498575a1fc035ba16beb428536e5a87ee0a867f,"{""distance"":5,""physical_error_rate"":1e-06}","{""detectors_checked"":348160}"
      2048,         0,         0,   0.088,decoder_by_matrix,6866428194f3c2ecf80b799fe3d7eaa0d7bfdd0bee14693d15f8abf3c1159eda,"{""distance"":5,""physical_error_rate"":1e-05}","{""detectors_checked"":348160}"
      1024,         0,         0,   0.063,decoder_by_matrix,a052b2ce6ed64a98931ebcd7492590a746d7ec6e385d9f4479eb5b69a31b01f0,"{""distance"":5,""physical_error_rate"":0.0001}","{""detection_events"":80,""detectors_checked"":174080}"
      1024,         0,         0,   0.091,decoder_by_matrix,cc9cd6551b3048ae216380ccb8ae5d3cca75b5b766fe651c47ef084ce4ce7dc6,"{""distance"":5,""physical_error_rate"":5e-05}","{""detection_events"":10,""detectors_checked"":174080}"
      2048,         0,         0,   0.078,decoder_by_matrix,5b8a070a3cf8d31d64f24dbee89f3428cb9cab13fc59f7448d798f9bf08e9187,"{""distance"":5,""physical_error_rate"":0.001}","{""detection_events"":1145,""detectors_checked"":348160}"
      1024,         0,         0,   0.079,decoder_by_matrix,f0fc70a0432f83ff513e502442839d2eab02e2bed2f658d0464ff826d304e5e7,"{""distance"":5,""physical_error_rate"":0.0005}","{""detection_events"":260,""detectors_checked"":174080}"
      1024,         0,         0,   0.083,decoder_by_matrix,5b8a070a3cf8d31d64f24dbee89f3428cb9cab13fc59f7448d798f9bf08e9187,"{""distance"":5,""physical_error_rate"":0.001}","{""detection_events"":430,""detectors_checked"":174080}"
      1024,         0,         0,   0.086,decoder_by_matrix,be0c214c078cdb5104153598b498575a1fc035ba16beb428536e5a87ee0a867f,"{""distance"":5,""physical_error_rate"":1e-06}","{""detectors_checked"":174080}"
      1024,         0,         0,   0.077,decoder_by_matrix,a052b2ce6ed64a98931ebcd7492590a746d7ec6e385d9f4479eb5b69a31b01f0,"{""distance"":5,""physical_error_rate"":0.0001}","{""detection_events"":60,""detectors_checked"":174080}"
      2048,         0,         0,   0.079,decoder_by_matrix,5b8a070a3cf8d31d64f24dbee89f3428cb9cab13fc59f7448d798f9bf08e9187,"{""distance"":5,""physical_error_rate"":0.001}","{""detection_events"":1015,""detectors_checked"":348160}"
      1024,         0,         0,   0.077,decoder_by_matrix,f0fc70a0432f83ff513e502442839d2eab02e2bed2f658d0464ff826d304e5e7,"{""distance"":5,""physical_error_rate"":0.0005}","{""detection_events"":265,""detectors_checked"":174080}"
      3072,         0,         0,   0.115,decoder_by_matrix,6866428194f3c2ecf80b799fe3d7eaa0d7bfdd0bee14693d15f8abf3c1159eda,"{""distance"":5,""physical_error_rate"":1e-05}","{""detectors_checked"":522240}"
      1024,         0,         0,   0.079,decoder_by_matrix,5b8a070a3cf8d31d64f24dbee89f3428cb9cab13fc59f7448d798f9bf08e9187,"{""distance"":5,""physical_error_rate"":0.001}","{""detection_events"":435,""detectors_checked"":174080}"
      2048,         0,         0,   0.129,decoder_by_matrix,cc9cd6551b3048ae216380ccb8ae5d3cca75b5b766fe651c47ef084ce4ce7dc6,"{""distance"":5,""physical_error_rate"":5e-05}","{""detection_events"":55,""detectors_checked"":348160}"
      2048,         0,         0,   0.137,decoder_by_matrix,be0c214c078cdb5104153598b498575a1fc035ba16beb428536e5a87ee0a867f,"{""distance"":5,""physical_error_rate"":1e-06}","{""detectors_checked"":348160}"
      3072,         0,         0,   0.129,decoder_by_matrix,5b8a070a3cf8d31d64f24dbee89f3428cb9cab13fc59f7448d798f9bf08e9187,"{""distance"":5,""physical_error_rate"":0.001}","{""detection_events"":1735,""detectors_checked"":522240}"
      2048,         0,         0,   0.141,decoder_by_matrix,f0fc70a0432f83ff513e502442839d2eab02e2bed2f658d0464ff826d304e5e7,"{""distance"":5,""physical_error_rate"":0.0005}","{""detection_events"":875,""detectors_checked"":348160}"
      4096,         0,         0,   0.155,decoder_by_matrix,6866428194f3c2ecf80b799fe3d7eaa0d7bfdd0bee14693d15f8abf3c1159eda,"{""distance"":5,""physical_error_rate"":1e-05}","{""detection_events"":15,""detectors_checked"":696320}"
      2048,         0,         0,   0.183,decoder_by_matrix,a052b2ce6ed64a98931ebcd7492590a746d7ec6e385d9f4479eb5b69a31b01f0,"{""distance"":5,""physical_error_rate"":0.0001}","{""detection_events"":145,""detectors_checked"":348160}"
      2048,         0,         0,   0.156,decoder_by_matrix,5b8a070a3cf8d31d64f24dbee89f3428cb9cab13fc59f7448d798f9bf08e9187,"{""distance"":5,""physical_error_rate"":0.001}","{""detection_events"":1485,""detectors_checked"":348160}"
      2048,         0,         0,   0.156,decoder_by_matrix,cc9cd6551b3048ae216380ccb8ae5d3cca75b5b766fe651c47ef084ce4ce7dc6,"{""distance"":5,""physical_error_rate"":5e-05}","{""detection_events"":70,""detectors_checked"":348160}"
      2048,         0,         0,   0.141,decoder_by_matrix,be0c214c078cdb5104153598b498575a1fc035ba16beb428536e5a87ee0a867f,"{""distance"":5,""physical_error_rate"":1e-06}","{""detectors_checked"":348160}"
      4096,         0,         0,   0.157,decoder_by_matrix,5b8a070a3cf8d31d64f24dbee89f3428cb9cab13fc59f7448d798f9bf08e9187,"{""distance"":5,""physical_error_rate"":0.001}","{""detection_events"":2065,""detectors_checked"":696320}"
      2048,         0,         0,   0.159,decoder_by_matrix,f0fc70a0432f83ff513e502442839d2eab02e2bed2f658d0464ff826d304e5e7,"{""distance"":5,""physical_error_rate"":0.0005}","{""detection_events"":465,""detectors_checked"":348160}"
      2048,         0,         0,   0.155,decoder_by_matrix,5b8a070a3cf8d31d64f24dbee89f3428cb9cab13fc59f7448d798f9bf08e9187,"{""distance"":5,""physical_error_rate"":0.001}","{""detection_events"":1565,""detectors_checked"":348160}"
      2048,         0,         0,   0.169,decoder_by_matrix,a052b2ce6ed64a98931ebcd7492590a746d7ec6e385d9f4479eb5b69a31b01f0,"{""distance"":5,""physical_error_rate"":0.0001}","{""detection_events"":140,""detectors_checked"":348160}"
      5120,         0,         0,   0.245,decoder_by_matrix,6866428194f3c2ecf80b799fe3d7eaa0d7bfdd0bee14693d15f8abf3c1159eda,"{""distance"":5,""physical_error_rate"":1e-05}","{""detection_events"":5,""detectors_checked"":870400}"
      3072,         0,         0,   0.219,decoder_by_matrix,cc9cd6551b3048ae216380ccb8ae5d3cca75b5b766fe651c47ef084ce4ce7dc6,"{""distance"":5,""physical_error_rate"":5e-05}","{""detection_events"":170,""detectors_checked"":522240}"
      3072,         0,         0,   0.216,decoder_by_matrix,be0c214c078cdb5104153598b498575a1fc035ba16beb428536e5a87ee0a867f,"{""distance"":5,""physical_error_rate"":1e-06}","{""detectors_checked"":522240}"
      3072,         0,         0,   0.229,decoder_by_matrix,5b8a070a3cf8d31d64f24dbee89f3428cb9cab13fc59f7448d798f9bf08e9187,"{""distance"":5,""physical_error_rate"":0.001}","{""detection_events"":2055,""detectors_checked"":522240}"
      3072,         0,         0,   0.232,decoder_by_matrix,5b8a070a3cf8d31d64f24dbee89f3428cb9cab13fc59f7448d798f9bf08e9187,"{""distance"":5,""physical_error_rate"":0.001}","{""detection_events"":1535,""detectors_checked"":522240}"
      3072,         0,         0,   0.244,decoder_by_matrix,f0fc70a0432f83ff513e502442839d2eab02e2bed2f658d0464ff826d304e5e7,"{""distance"":5,""physical_error_rate"":0.0005}","{""detection_events"":655,""detectors_checked"":522240}"
      3072,         0,         0,   0.235,decoder_by_matrix,a052b2ce6ed64a98931ebcd7492590a746d7ec6e385d9f4479eb5b69a31b01f0,"{""distance"":5,""physical_error_rate"":0.0001}","{""detection_events"":230,""detectors_checked"":522240}"
      3072,         0,         0,   0.233,decoder_by_matrix,cc9cd6551b3048ae216380ccb8ae5d3cca75b5b766fe651c47ef084ce4ce7dc6,"{""distance"":5,""physical_error_rate"":5e-05}","{""detection_events"":150,""detectors_checked"":522240}"
      6144,         0,         0,   0.308,decoder_by_matrix,6866428194f3c2ecf80b799fe3d7eaa0d7bfdd0bee14693d15f8abf3c1159eda,"{""distance"":5,""physical_error_rate"":1e-05}","{""detection_events"":25,""detectors_checked"":1044480}"
      6144,         0,         0,   0.311,decoder_by_matrix,be0c214c078cdb5104153598b498575a1fc035ba16beb428536e5a87ee0a867f,"{""distance"":5,""physical_error_rate"":1e-06}","{""detectors_checked"":1044480}"
      8192,         0,         0,   0.325,decoder_by_matrix,5b8a070a3cf8d31d64f24dbee89f3428cb9cab13fc59f7448d798f9bf08e9187,"{""distance"":5,""physical_error_rate"":0.001}","{""detection_events"":4805,""detectors_checked"":1392640}"
      4096,         0,         0,   0.296,decoder_by_matrix,5b8a070a3cf8d31d64f24dbee89f3428cb9cab13fc59f7448d798f9bf08e9187,"{""distance"":5,""physical_error_rate"":0.001}","{""detection_events"":2440,""detectors_checked"":696320}"
      4096,         0,         0,   0.304,decoder_by_matrix,f0fc70a0432f83ff513e502442839d2eab02e2bed2f658d0464ff826d304e5e7,"{""distance"":5,""physical_error_rate"":0.0005}","{""detection_events"":1180,""detectors_checked"":696320}"
      4096,         0,         0,   0.316,decoder_by_matrix,a052b2ce6ed64a98931ebcd7492590a746d7ec6e385d9f4479eb5b69a31b01f0,"{""distance"":5,""physical_error_rate"":0.0001}","{""detection_events"":185,""detectors_checked"":696320}"
      7168,         0,         0,   0.298,decoder_by_matrix,cc9cd6551b3048ae216380ccb8ae5d3cca75b5b766fe651c47ef084ce4ce7dc6,"{""distance"":5,""physical_error_rate"":5e-05}","{""detection_events"":175,""detectors_checked"":1218560}"
      8192,         0,         0,   0.438,decoder_by_matrix,6866428194f3c2ecf80b799fe3d7eaa0d7bfdd0bee14693d15f8abf3c1159eda,"{""distance"":5,""physical_error_rate"":1e-05}","{""detection_events"":20,""detectors_checked"":1392640}"
     11264,         0,         0,   0.456,decoder_by_matrix,be0c214c078cdb5104153598b498575a1fc035ba16beb428536e5a87ee0a867f,"{""distance"":5,""physical_error_rate"":1e-06}","{""detectors_checked"":1914880}"
      7168,         0,         0,   0.447,decoder_by_matrix,5b8a070a3cf8d31d64f24dbee89f3428cb9cab13fc59f7448d798f9bf08e9187,"{""distance"":5,""physical_error_rate"":0.001}","{""detection_events"":3825,""detectors_checked"":1218560}"
      6144,         0,         0,   0.461,decoder_by_matrix,5b8a070a3cf8d31d64f24dbee89f3428cb9cab13fc59f7448d798f9bf08e9187,"{""distance"":5,""physical_error_rate"":0.001}","{""detection_events"":3615,""detectors_checked"":1044480}"
      6144,         0,         0,   0.452,decoder_by_matrix,f0fc70a0432f83ff513e502442839d2eab02e2bed2f658d0464ff826d304e5e7,"{""distance"":5,""physical_error_rate"":0.0005}","{""detection_events"":1830,""detectors_checked"":1044480}"
      6144,         0,         0,   0.472,decoder_by_matrix,a052b2ce6ed64a98931ebcd7492590a746d7ec6e385d9f4479eb5b69a31b01f0,"{""distance"":5,""physical_error_rate"":0.0001}","{""detection_events"":270,""detectors_checked"":1044480}"
     26038,         0,         0,    1.85,decoder_by_matrix,be0c214c078cdb5104153598b498575a1fc035ba16beb428536e5a87ee0a867f,"{""distance"":5,""physical_error_rate"":1e-06}","{""detection_events"":10,""detectors_checked"":4426460}"
     10240,         0,         0,   0.445,decoder_by_matrix,cc9cd6551b3048ae216380ccb8ae5d3cca75b5b766fe651c47ef084ce4ce7dc6,"{""distance"":5,""physical_error_rate"":5e-05}","{""detection_events"":245,""detectors_checked"":1740800}"
   1079296,         0,         0,    78.9,decoder_by_matrix,be0c214c078cdb5104153598b498575a1fc035ba16beb428536e5a87ee0a867f,"{""distance"":5,""physical_error_rate"":1e-06}","{""detection_events"":570,""detectors_checked"":183480320}"
   1067008,         0,         0,    71.0,decoder_by_matrix,be0c214c078cdb5104153598b498575a1fc035ba16beb428536e5a87ee0a867f,"{""distance"":5,""physical_error_rate"":1e-06}","{""detection_events"":535,""detectors_checked"":181391360}"
      8192,         0,         0,   0.595,decoder_by_matrix,6866428194f3c2ecf80b799fe3d7eaa0d7bfdd0bee14693d15f8abf3c1159eda,"{""distance"":5,""physical_error_rate"":1e-05}","{""detection_events"":40,""detectors_checked"":1392640}"
      7168,         0,         0,   0.588,decoder_by_matrix,be0c214c078cdb5104153598b498575a1fc035ba16beb428536e5a87ee0a867f,"{""distance"":5,""physical_error_rate"":1e-06}","{""detectors_checked"":1218560}"
      7168,         0,         0,   0.572,decoder_by_matrix,5b8a070a3cf8d31d64f24dbee89f3428cb9cab13fc59f7448d798f9bf08e9187,"{""distance"":5,""physical_error_rate"":0.001}","{""detection_events"":4630,""detectors_checked"":1218560}"
      8192,         0,         0,   0.620,decoder_by_matrix,5b8a070a3cf8d31d64f24dbee89f3428cb9cab13fc59f7448d798f9bf08e9187,"{""distance"":5,""physical_error_rate"":0.001}","{""detection_events"":4710,""detectors_checked"":1392640}"
      8192,         0,         0,   0.587,decoder_by_matrix,f0fc70a0432f83ff513e502442839d2eab02e2bed2f658d0464ff826d304e5e7,"{""distance"":5,""physical_error_rate"":0.0005}","{""detection_events"":2235,""detectors_checked"":1392640}"
      7168,         0,         0,   0.566,decoder_by_matrix,cc9cd6551b3048ae216380ccb8ae5d3cca75b5b766fe651c47ef084ce4ce7dc6,"{""distance"":5,""physical_error_rate"":5e-05}","{""detection_events"":225,""detectors_checked"":1218560}"
      8192,         0,         0,   0.601,decoder_by_matrix,a052b2ce6ed64a98931ebcd7492590a746d7ec6e385d9f4479eb5b69a31b01f0,"{""distance"":5,""physical_error_rate"":0.0001}","{""detection_events"":365,""detectors_checked"":1392640}"
     11264,         0,         0,   0.825,decoder_by_matrix,6866428194f3c2ecf80b799fe3d7eaa0d7bfdd0bee14693d15f8abf3c1159eda,"{""distance"":5,""physical_error_rate"":1e-05}","{""detection_events"":45,""detectors_checked"":1914880}"
     11264,         0,         0,   0.808,decoder_by_matrix,be0c214c078cdb5104153598b498575a1fc035ba16beb428536e5a87ee0a867f,"{""distance"":5,""physical_error_rate"":1e-06}","{""detectors_checked"":1914880}"
     17408,         0,         0,   0.803,decoder_by_matrix,5b8a070a3cf8d31d64f24dbee89f3428cb9cab13fc59f7448d798f9bf08e9187,"{""distance"":5,""physical_error_rate"":0.001}","{""detection_events"":9880,""detectors_checked"":2959360}"
     11264,         0,         0,   0.842,decoder_by_matrix,f0fc70a0432f83ff513e502442839d2eab02e2bed2f658d0464ff826d304e5e7,"{""distance"":5,""physical_error_rate"":0.0005}","{""detection_events"":3220,""detectors_checked"":1914880}"
     11264,         0,         0,   0.851,decoder_by_matrix,5b8a070a3cf8d31d64f24dbee89f3428cb9cab13fc59f7448d798f9bf08e9187,"{""distance"":5,""physical_error_rate"":0.001}","{""detection_events"":6215,""detectors_checked"":1914880}"
     11264,         0,         0,   0.838,decoder_by_matrix,cc9cd6551b3048ae216380ccb8ae5d3cca75b5b766fe651c47ef084ce4ce7dc6,"{""distance"":5,""physical_error_rate"":5e-05}","{""detection_events"":380,""detectors_checked"":1914880}"
     11264,         0,         0,   0.814,decoder_by_matrix,a052b2ce6ed64a98931ebcd7492590a746d7ec6e385d9f4479eb5b69a31b01f0,"{""distance"":5,""physical_error_rate"":0.0001}","{""detection_events"":765,""detectors_checked"":1914880}"
     15360,         0,         0,    1.13,decoder_by_matrix,6866428194f3c2ecf80b799fe3d7eaa0d7bfdd0bee14693d15f8abf3c1159eda,"{""distance"":5,""physical_error_rate"":1e-05}","{""detection_events"":130,""detectors_checked"":2611200}"
     19456,         0,         0,    1.11,decoder_by_matrix,5b8a070a3cf8d31d64f24dbee89f3428cb9cab13fc59f7448d798f9bf08e9187,"{""distance"":5,""physical_error_rate"":0.001}","{""detection_events"":11695,""detectors_checked"":3307520}"
     16384,         0,         0,    1.18,decoder_by_matrix,be0c214c078cdb5104153598b498575a1fc035ba16beb428536e5a87ee0a867f,"{""distance"":5,""physical_error_rate"":1e-06}","{""detection_events"":20,""detectors_checked"":2785280}"
     11264,         0,         0,    1.12,decoder_by_matrix,f0fc70a0432f83ff513e502442839d2eab02e2bed2f658d0464ff826d304e5e7,"{""distance"":5,""physical_error_rate"":0.0005}","{""detection_events"":3170,""detectors_checked"":1914880}"
     15360,         0,         0,    1.14,decoder_by_matrix,cc9cd6551b3048ae216380ccb8ae5d3cca75b5b766fe651c47ef084ce4ce7dc6,"{""distance"":5,""physical_error_rate"":5e-05}","{""detection_events"":350,""detectors_checked"":2611200}"
     24576,         0,         0,    1.22,decoder_by_matrix,5b8a070a3cf8d31d64f24dbee89f3428cb9cab13fc59f7448d798f9bf08e9187,"{""distance"":5,""physical_error_rate"":0.001}","{""detection_events"":14720,""detectors_checked"":4177920}"
     15360,         0,         0,    1.17,decoder_by_matrix,a052b2ce6ed64a98931ebcd7492590a746d7ec6e385d9f4479eb5b69a31b01f0,"{""distance"":5,""physical_error_rate"":0.0001}","{""detection_events"":775,""detectors_checked"":2611200}"
     21504,         0,         0,    1.60,decoder_by_matrix,6866428194f3c2ecf80b799fe3d7eaa0d7bfdd0bee14693d15f8abf3c1159eda,"{""distance"":5,""physical_error_rate"":1e-05}","{""detection_events"":85,""detectors_checked"":3655680}"
     35840,         0,         0,    1.55,decoder_by_matrix,5b8a070a3cf8d31d64f24dbee89f3428cb9cab13fc59f7448d798f9bf08e9187,"{""distance"":5,""physical_error_rate"":0.001}","{""detection_events"":20085,""detectors_checked"":6092800}"
     74495,         0,         0,    3.86,decoder_by_matrix,be0c214c078cdb5104153598b498575a1fc035ba16beb428536e5a87ee0a867f,"{""distance"":5,""physical_error_rate"":1e-06}","{""detection_events"":15,""detectors_checked"":12664150}"
     31744,         0,         0,    1.57,decoder_by_matrix,be0c214c078cdb5104153598b498575a1fc035ba16beb428536e5a87ee0a867f,"{""distance"":5,""physical_error_rate"":1e-06}","{""detectors_checked"":5396480}"
     18432,         0,         0,    1.59,decoder_by_matrix,f0fc70a0432f83ff513e502442839d2eab02e2bed2f658d0464ff826d304e5e7,"{""distance"":5,""physical_error_rate"":0.0005}","{""detection_events"":4750,""detectors_checked"":3133440}"
     21504,         0,         0,    1.62,decoder_by_matrix,cc9cd6551b3048ae216380ccb8ae5d3cca75b5b766fe651c47ef084ce4ce7dc6,"{""distance"":5,""physical_error_rate"":5e-05}","{""detection_events"":550,""detectors_checked"":3655680}"
     26624,         0,         0,    1.58,decoder_by_matrix,5b8a070a3cf8d31d64f24dbee89f3428cb9cab13fc59f7448d798f9bf08e9187,"{""distance"":5,""physical_error_rate"":0.001}","{""detection_events"":14905,""detectors_checked"":4526080}"
     21504,         0,         0,    1.62,decoder_by_matrix,a052b2ce6ed64a98931ebcd7492590a746d7ec6e385d9f4479eb5b69a31b01f0,"{""distance"":5,""physical_error_rate"":0.0001}","{""detection_events"":1245,""detectors_checked"":3655680}"
   2236416,         0,         0,   119.6,decoder_by_matrix,f0fc70a0432f83ff513e502442839d2eab02e2bed2f658d0464ff826d304e5e7,"{""distance"":5,""physical_error_rate"":0.0005}","{""detection_events"":632135,""detectors_checked"":380190720}"
     28672,         0,         0,    2.18,decoder_by_matrix,6866428194f3c2ecf80b799fe3d7eaa0d7bfdd0bee14693d15f8abf3c1159eda,"{""distance"":5,""physical_error_rate"":1e-05}","{""detection_events"":250,""detectors_checked"":4874240}"
     44032,         0,         0,    2.20,decoder_by_matrix,5b8a070a3cf8d31d64f24dbee89f3428cb9cab13fc59f7448d798f9bf08e9187,"{""distance"":5,""physical_error_rate"":0.001}","{""detection_events"":25155,""detectors_checked"":7485440}"
     35840,         0,         0,    2.18,decoder_by_matrix,be0c214c078cdb5104153598b498575a1fc035ba16beb428536e5a87ee0a867f,"{""distance"":5,""physical_error_rate"":1e-06}","{""detectors_checked"":6092800}"
     25600,         0,         0,    2.23,decoder_by_matrix,f0fc70a0432f83ff513e502442839d2eab02e2bed2f658d0464ff826d304e5e7,"{""distance"":5,""physical_error_rate"":0.0005}","{""detection_events"":6655,""detectors_checked"":4352000}"
     33792,         0,         0,    2.17,decoder_by_matrix,5b8a070a3cf8d31d64f24dbee89f3428cb9cab13fc59f7448d798f9bf08e9187,"{""distance"":5,""physical_error_rate"":0.001}","{""detection_events"":19625,""detectors_checked"":5744640}"
     28672,         0,         0,    2.23,decoder_by_matrix,cc9cd6551b3048ae216380ccb8ae5d3cca75b5b766fe651c47ef084ce4ce7dc6,"{""distance"":5,""physical_error_rate"":5e-05}","{""detection_events"":735,""detectors_checked"":4874240}"
     28672,         0,         0,    2.16,decoder_by_matrix,a052b2ce6ed64a98931ebcd7492590a746d7ec6e385d9f4479eb5b69a31b01f0,"{""distance"":5,""physical_error_rate"":0.0001}","{""detection_events"":1440,""detectors_checked"":4874240}"
    367008,         0,         0,    22.6,decoder_by_matrix,be0c214c078cdb5104153598b498575a1fc035ba16beb428536e5a87ee0a867f,"{""distance"":5,""physical_error_rate"":1e-06}","{""detection_events"":185,""detectors_checked"":62391360}"
     40960,         0,         0,    3.04,decoder_by_matrix,6866428194f3c2ecf80b799fe3d7eaa0d7bfdd0bee14693d15f8abf3c1159eda,"{""distance"":5,""physical_error_rate"":1e-05}","{""detection_events"":245,""detectors_checked"":6963200}"
    333824,         0,         0,    22.8,decoder_by_matrix,be0c214c078cdb5104153598b498575a1fc035ba16beb428536e5a87ee0a867f,"{""distance"":5,""physical_error_rate"":1e-06}","{""detection_events"":100,""detectors_checked"":56750080}"
     65536,         0,         0,    3.06,decoder_by_matrix,5b8a070a3cf8d31d64f24dbee89f3428cb9cab13fc59f7448d798f9bf08e9187,"{""distance"":5,""physical_error_rate"":0.001}","{""detection_events"":37535,""detectors_checked"":11141120}"
     40960,         0,         0,    3.11,decoder_by_matrix,be0c214c078cdb5104153598b498575a1fc035ba16beb428536e5a87ee0a867f,"{""distance"":5,""physical_error_rate"":1e-06}","{""detection_events"":15,""detectors_checked"":6963200}"
     37888,         0,         0,    3.05,decoder_by_matrix,f0fc70a0432f83ff513e502442839d2eab02e2bed2f658d0464ff826d304e5e7,"{""distance"":5,""physical_error_rate"":0.0005}","{""detection_events"":10075,""detectors_checked"":6440960}"
     40960,         0,         0,    3.05,decoder_by_matrix,5b8a070a3cf8d31d64f24dbee89f3428cb9cab13fc59f7448d798f9bf08e9187,"{""distance"":5,""physical_error_rate"":0.001}","{""detection_events"":23285,""detectors_checked"":6963200}"
     40960,         0,         0,    3.05,decoder_by_matrix,a052b2ce6ed64a98931ebcd7492590a746d7ec6e385d9f4479eb5b69a31b01f0,"{""distance"":5,""physical_error_rate"":0.0001}","{""detection_events"":2130,""detectors_checked"":6963200}"
     41984,         0,         0,    3.10,decoder_by_matrix,cc9cd6551b3048ae216380ccb8ae5d3cca75b5b766fe651c47ef084ce4ce7dc6,"{""distance"":5,""physical_error_rate"":5e-05}","{""detection_events"":1145,""detectors_checked"":7137280}"
   1614848,         0,         0,   119.5,decoder_by_matrix,6866428194f3c2ecf80b799fe3d7eaa0d7bfdd0bee14693d15f8abf3c1159eda,"{""distance"":5,""physical_error_rate"":1e-05}","{""detection_events"":9400,""detectors_checked"":274524160}"
   1610752,         0,         0,   119.6,decoder_by_matrix,cc9cd6551b3048ae216380ccb8ae5d3cca75b5b766fe651c47ef084ce4ce7dc6,"{""distance"":5,""physical_error_rate"":5e-05}","{""detection_events"":45220,""detectors_checked"":273827840}"
   1754112,         0,         0,   119.7,decoder_by_matrix,cc9cd6551b3048ae216380ccb8ae5d3cca75b5b766fe651c47ef084ce4ce7dc6,"{""distance"":5,""physical_error_rate"":5e-05}","{""detection_events"":49950,""detectors_checked"":298199040}"
   1607680,         0,         0,   119.6,decoder_by_matrix,f0fc70a0432f83ff513e502442839d2eab02e2bed2f658d0464ff826d304e5e7,"{""distance"":5,""physical_error_rate"":0.0005}","{""detection_events"":454965,""detectors_checked"":273305600}"
   1812480,         0,         0,   119.6,decoder_by_matrix,a052b2ce6ed64a98931ebcd7492590a746d7ec6e385d9f4479eb5b69a31b01f0,"{""distance"":5,""physical_error_rate"":0.0001}","{""detection_events"":103970,""detectors_checked"":308121600}"
   1719296,         7,         0,   119.7,decoder_by_matrix,5b8a070a3cf8d31d64f24dbee89f3428cb9cab13fc59f7448d798f9bf08e9187,"{""distance"":5,""physical_error_rate"":0.001}","{""detection_events"":976490,""detectors_checked"":292280320,""obs_mistake_mask=EE"":2,""obs_mistake_mask=E_"":5}"
   1596416,         0,         0,   119.7,decoder_by_matrix,a052b2ce6ed64a98931ebcd7492590a746d7ec6e385d9f4479eb5b69a31b01f0,"{""distance"":5,""physical_error_rate"":0.0001}","{""detection_events"":92775,""detectors_checked"":271390720}"
     33184,         0,         0,    2.51,decoder_by_matrix,be0c214c078cdb5104153598b498575a1fc035ba16beb428536e5a87ee0a867f,"{""distance"":5,""physical_error_rate"":1e-06}","{""detectors_checked"":5641280}"
    310272,         0,         0,    13.6,decoder_by_matrix,be0c214c078cdb5104153598b498575a1fc035ba16beb428536e5a87ee0a867f,"{""distance"":5,""physical_error_rate"":1e-06}","{""detection_events"":200,""detectors_checked"":52746240}"
   1703936,         0,         0,   119.6,decoder_by_matrix,6866428194f3c2ecf80b799fe3d7eaa0d7bfdd0bee14693d15f8abf3c1159eda,"{""distance"":5,""physical_error_rate"":1e-05}","{""detection_events"":9665,""detectors_checked"":289669120}"
   1683456,         1,         0,   119.6,decoder_by_matrix,f0fc70a0432f83ff513e502442839d2eab02e2bed2f658d0464ff826d304e5e7,"{""distance"":5,""physical_error_rate"":0.0005}","{""detection_events"":484365,""detectors_checked"":286187520,""obs_mistake_mask=_E"":1}"
     67584,         0,         0,    4.28,decoder_by_matrix,6866428194f3c2ecf80b799fe3d7eaa0d7bfdd0bee14693d15f8abf3c1159eda,"{""distance"":5,""physical_error_rate"":1e-05}","{""detection_events"":440,""detectors_checked"":11489280}"
     94208,         0,         0,    4.29,decoder_by_matrix,5b8a070a3cf8d31d64f24dbee89f3428cb9cab13fc59f7448d798f9bf08e9187,"{""distance"":5,""physical_error_rate"":0.001}","{""detection_events"":53585,""detectors_checked"":16015360}"
     57344,         0,         0,    4.28,decoder_by_matrix,be0c214c078cdb5104153598b498575a1fc035ba16beb428536e5a87ee0a867f,"{""distance"":5,""physical_error_rate"":1e-06}","{""detection_events"":85,""detectors_checked"":9748480}"
     36864,         0,         0,    4.27,decoder_by_matrix,f0fc70a0432f83ff513e502442839d2eab02e2bed2f658d0464ff826d304e5e7,"{""distance"":5,""physical_error_rate"":0.0005}","{""detection_events"":10520,""detectors_checked"":6266880}"
     54272,         0,         0,    4.22,decoder_by_matrix,5b8a070a3cf8d31d64f24dbee89f3428cb9cab13fc59f7448d798f9bf08e9187,"{""distance"":5,""physical_error_rate"":0.001}","{""detection_events"":31155,""detectors_checked"":9226240}"
     57344,         0,         0,    4.27,decoder_by_matrix,cc9cd6551b3048ae216380ccb8ae5d3cca75b5b766fe651c47ef084ce4ce7dc6,"{""distance"":5,""physical_error_rate"":5e-05}","{""detection_events"":1620,""detectors_checked"":9748480}"
     58368,         0,         0,    4.31,decoder_by_matrix,a052b2ce6ed64a98931ebcd7492590a746d7ec6e385d9f4479eb5b69a31b01f0,"{""distance"":5,""physical_error_rate"":0.0001}","{""detection_events"":3545,""detectors_checked"":9922560}"
    114440,         0,         0,    5.17,decoder_by_matrix,be0c214c078cdb5104153598b498575a1fc035ba16beb428536e5a87ee0a867f,"{""distance"":5,""physical_error_rate"":1e-06}","{""detection_events"":20,""detectors_checked"":19454800}"
    234496,         0,         0,    16.9,decoder_by_matrix,be0c214c078cdb5104153598b498575a1fc035ba16beb428536e5a87ee0a867f,"{""distance"":5,""physical_error_rate"":1e-06}","{""detection_events"":145,""detectors_checked"":39864320}"
    258048,         0,         0,    16.9,decoder_by_matrix,be0c214c078cdb5104153598b498575a1fc035ba16beb428536e5a87ee0a867f,"{""distance"":5,""physical_error_rate"":1e-06}","{""detection_events"":105,""detectors_checked"":43868160}"
    258048,         0,         0,    18.8,decoder_by_matrix,be0c214c078cdb5104153598b498575a1fc035ba16beb428536e5a87ee0a867f,"{""distance"":5,""physical_error_rate"":1e-06}","{""detection_events"":155,""detectors_checked"":43868160}"
      3640,         0,         0,   0.282,decoder_by_matrix,be0c214c078cdb5104153598b498575a1fc035ba16beb428536e5a87ee0a867f,"{""distance"":5,""physical_error_rate"":1e-06}","{""detectors_checked"":618800}"
    125952,         0,         0,    8.13,decoder_by_matrix,be0c214c078cdb5104153598b498575a1fc035ba16beb428536e5a87ee0a867f,"{""distance"":5,""physical_error_rate"":1e-06}","{""detection_events"":100,""detectors_checked"":21411840}"
    194560,         0,         0,    13.4,decoder_by_matrix,be0c214c078cdb5104153598b498575a1fc035ba16beb428536e5a87ee0a867f,"{""distance"":5,""physical_error_rate"":1e-06}","{""detection_events"":30,""detectors_checked"":33075200}"
    101992,         0,         0,    6.13,decoder_by_matrix,be0c214c078cdb5104153598b498575a1fc035ba16beb428536e5a87ee0a867f,"{""distance"":5,""physical_error_rate"":1e-06}","{""detection_events"":25,""detectors_checked"":17338640}"
     65536,         0,         0,    4.31,decoder_by_matrix,be0c214c078cdb5104153598b498575a1fc035ba16beb428536e5a87ee0a867f,"{""distance"":5,""physical_error_rate"":1e-06}","{""detectors_checked"":11141120}"
      6871,         0,         0,   0.509,decoder_by_matrix,be0c214c078cdb5104153598b498575a1fc035ba16beb428536e5a87ee0a867f,"{""distance"":5,""physical_error_rate"":1e-06}","{""detectors_checked"":1168070}"
     30105,         0,         0,    1.78,decoder_by_matrix,be0c214c078cdb5104153598b498575a1fc035ba16beb428536e5a87ee0a867f,"{""distance"":5,""physical_error_rate"":1e-06}","{""detection_events"":10,""detectors_checked"":5117850}"
     81920,         0,         0,    6.01,decoder_by_matrix,6866428194f3c2ecf80b799fe3d7eaa0d7bfdd0bee14693d15f8abf3c1159eda,"{""distance"":5,""physical_error_rate"":1e-05}","{""detection_events"":270,""detectors_checked"":13926400}"
    144384,         2,         0,    5.97,decoder_by_matrix,5b8a070a3cf8d31d64f24dbee89f3428cb9cab13fc59f7448d798f9bf08e9187,"{""distance"":5,""physical_error_rate"":0.001}","{""detection_events"":82485,""detectors_checked"":24545280,""obs_mistake_mask=EE"":1,""obs_mistake_mask=_E"":1}"
     65536,         0,         0,    6.00,decoder_by_matrix,f0fc70a0432f83ff513e502442839d2eab02e2bed2f658d0464ff826d304e5e7,"{""distance"":5,""physical_error_rate"":0.0005}","{""detection_events"":18715,""detectors_checked"":11141120}"
     41525,         0,         0,    1.81,decoder_by_matrix,be0c214c078cdb5104153598b498575a1fc035ba16beb428536e5a87ee0a867f,"{""distance"":5,""physical_error_rate"":1e-06}","{""detection_events"":10,""detectors_checked"":7059250}"
     84992,         0,         0,    6.00,decoder_by_matrix,5b8a070a3cf8d31d64f24dbee89f3428cb9cab13fc59f7448d798f9bf08e9187,"{""distance"":5,""physical_error_rate"":0.001}","{""detection_events"":47745,""detectors_checked"":14448640}"
     37888,         0,         0,    2.73,decoder_by_matrix,be0c214c078cdb5104153598b498575a1fc035ba16beb428536e5a87ee0a867f,"{""distance"":5,""physical_error_rate"":1e-06}","{""detection_events"":10,""detectors_checked"":6440960}"
     38912,         0,         0,    2.77,decoder_by_matrix,be0c214c078cdb5104153598b498575a1fc035ba16beb428536e5a87ee0a867f,"{""distance"":5,""physical_error_rate"":1e-06}","{""detection_events"":40,""detectors_checked"":6615040}"
     79872,         0,         0,    5.99,decoder_by_matrix,cc9cd6551b3048ae216380ccb8ae5d3cca75b5b766fe651c47ef084ce4ce7dc6,"{""distance"":5,""physical_error_rate"":5e-05}","{""detection_events"":2245,""detectors_checked"":13578240}"
     76800,         0,         0,    6.00,decoder_by_matrix,a052b2ce6ed64a98931ebcd7492590a746d7ec6e385d9f4479eb5b69a31b01f0,"{""distance"":5,""physical_error_rate"":0.0001}","{""detection_events"":3570,""detectors_checked"":13056000}"
     36864,         0,         0,    2.40,decoder_by_matrix,be0c214c078cdb5104153598b498575a1fc035ba16beb428536e5a87ee0a867f,"{""distance"":5,""physical_error_rate"":1e-06}","{""detection_events"":5,""detectors_checked"":6266880}"
     36334,         0,         0,    2.64,decoder_by_matrix,be0c214c078cdb5104153598b498575a1fc035ba16beb428536e5a87ee0a867f,"{""distance"":5,""physical_error_rate"":1e-06}","{""detectors_checked"":6176780}"
     28672,         0,         0,    1.24,decoder_by_matrix,be0c214c078cdb5104153598b498575a1fc035ba16beb428536e5a87ee0a867f,"{""distance"":5,""physical_error_rate"":1e-06}","{""detection_events"":10,""detectors_checked"":4874240}"
     35840,         0,         0,    2.18,decoder_by_matrix,be0c214c078cdb5104153598b498575a1fc035ba16beb428536e5a87ee0a867f,"{""distance"":5,""physical_error_rate"":1e-06}","{""detection_events"":10,""detectors_checked"":6092800}"
     29696,         0,         0,    2.17,decoder_by_matrix,be0c214c078cdb5104153598b498575a1fc035ba16beb428536e5a87ee0a867f,"{""distance"":5,""physical_error_rate"":1e-06}","{""detection_events"":30,""detectors_checked"":5048320}"
       494,         0,         0,   0.063,decoder_by_matrix,be0c214c078cdb5104153598b498575a1fc035ba16beb428536e5a87ee0a867f,"{""distance"":5,""physical_error_rate"":1e-06}","{""detectors_checked"":83980}"
       830,         0,         0,   0.061,decoder_by_matrix,be0c214c078cdb5104153598b498575a1fc035ba16beb428536e5a87ee0a867f,"{""distance"":5,""physical_error_rate"":1e-06}","{""detectors_checked"":141100}"
      4661,         0,         0,   0.295,decoder_by_matrix,be0c214c078cdb5104153598b498575a1fc035ba16beb428536e5a87ee0a867f,"{""distance"":5,""physical_error_rate"":1e-06}","{""detectors_checked"":792370}"
      8192,         0,         0,   0.387,decoder_by_matrix,be0c214c078cdb5104153598b498575a1fc035ba16beb428536e5a87ee0a867f,"{""distance"":5,""physical_error_rate"":1e-06}","{""detectors_checked"":1392640}"
      5120,         0,         0,   0.352,decoder_by_matrix,be0c214c078cdb5104153598b498575a1fc035ba16beb428536e5a87ee0a867f,"{""distance"":5,""physical_error_rate"":1e-06}","{""detection_events"":10,""detectors_checked"":870400}"
      5808,         0,         0,   0.431,decoder_by_matrix,be0c214c078cdb5104153598b498575a1fc035ba16beb428536e5a87ee0a867f,"{""distance"":5,""physical_error_rate"":1e-06}","{""detectors_checked"":987360}"
      1328,         0,         0,   0.074,decoder_by_matrix,be0c214c078cdb5104153598b498575a1fc035ba16beb428536e5a87ee0a867f,"{""distance"":5,""physical_error_rate"":1e-06}","{""detectors_checked"":225760}"
      1854,         0,         0,   0.098,decoder_by_matrix,be0c214c078cdb5104153598b498575a1fc035ba16beb428536e5a87ee0a867f,"{""distance"":5,""physical_error_rate"":1e-06}","{""detectors_checked"":315180}"
       688,         0,         0,   0.069,decoder_by_matrix,be0c214c078cdb5104153598b498575a1fc035ba16beb428536e5a87ee0a867f,"{""distance"":5,""physical_error_rate"":1e-06}","{""detectors_checked"":116960}"
      3072,         0,         0,   0.208,decoder_by_matrix,be0c214c078cdb5104153598b498575a1fc035ba16beb428536e5a87ee0a867f,"{""distance"":5,""physical_error_rate"":1e-06}","{""detectors_checked"":522240}"
      3072,         0,         0,   0.216,decoder_by_matrix,be0c214c078cdb5104153598b498575a1fc035ba16beb428536e5a87ee0a867f,"{""distance"":5,""physical_error_rate"":1e-06}","{""detectors_checked"":522240}"
       748,         0,         0,   0.064,decoder_by_matrix,be0c214c078cdb5104153598b498575a1fc035ba16beb428536e5a87ee0a867f,"{""distance"":5,""physical_error_rate"":1e-06}","{""detectors_checked"":127160}"
       934,         0,         0,   0.034,decoder_by_matrix,be0c214c078cdb5104153598b498575a1fc035ba16beb428536e5a87ee0a867f,"{""distance"":5,""physical_error_rate"":1e-06}","{""detection_events"":40,""detectors_checked"":158780}"
       181,         0,         0,   0.063,decoder_by_matrix,be0c214c078cdb5104153598b498575a1fc035ba16beb428536e5a87ee0a867f,"{""distance"":5,""physical_error_rate"":1e-06}","{""detectors_checked"":30770}"
      2670,         0,         0,   0.212,decoder_by_matrix,be0c214c078cdb5104153598b498575a1fc035ba16beb428536e5a87ee0a867f,"{""distance"":5,""physical_error_rate"":1e-06}","{""detectors_checked"":453900}"
       350,         0,         0,   0.060,decoder_by_matrix,be0c214c078cdb5104153598b498575a1fc035ba16beb428536e5a87ee0a867f,"{""distance"":5,""physical_error_rate"":1e-06}","{""detectors_checked"":59500}"
      2504,         0,         0,   0.215,decoder_by_matrix,be0c214c078cdb5104153598b498575a1fc035ba16beb428536e5a87ee0a867f,"{""distance"":5,""physical_error_rate"":1e-06}","{""detectors_checked"":425680}"
      1325,         0,         0,   0.103,decoder_by_matrix,be0c214c078cdb5104153598b498575a1fc035ba16beb428536e5a87ee0a867f,"{""distance"":5,""physical_error_rate"":1e-06}","{""detection_events"":35,""detectors_checked"":225250}"
       570,         0,         0,   0.070,decoder_by_matrix,be0c214c078cdb5104153598b498575a1fc035ba16beb428536e5a87ee0a867f,"{""distance"":5,""physical_error_rate"":1e-06}","{""detectors_checked"":96900}"
       477,         0,         0,   0.061,decoder_by_matrix,be0c214c078cdb5104153598b498575a1fc035ba16beb428536e5a87ee0a867f,"{""distance"":5,""physical_error_rate"":1e-06}","{""detectors_checked"":81090}"
       166,         0,         0,   0.074,decoder_by_matrix,be0c214c078cdb5104153598b498575a1fc035ba16beb428536e5a87ee0a867f,"{""distance"":5,""physical_error_rate"":1e-06}","{""detectors_checked"":28220}"
        93,         0,         0,   0.047,decoder_by_matrix,be0c214c078cdb5104153598b498575a1fc035ba16beb428536e5a87ee0a867f,"{""distance"":5,""physical_error_rate"":1e-06}","{""detectors_checked"":15810}"
      1325,         0,         0,   0.125,decoder_by_matrix,be0c214c078cdb5104153598b498575a1fc035ba16beb428536e5a87ee0a867f,"{""distance"":5,""physical_error_rate"":1e-06}","{""detectors_checked"":225250}"
         1,         0,         0,   0.047,decoder_by_matrix,a052b2ce6ed64a98931ebcd7492590a746d7ec6e385d9f4479eb5b69a31b01f0,"{""distance"":5,""physical_error_rate"":0.0001}","{""detectors_checked"":170}"
         1,         0,         0,   0.059,decoder_by_matrix,cc9cd6551b3048ae216380ccb8ae5d3cca75b5b766fe651c47ef084ce4ce7dc6,"{""distance"":5,""physical_error_rate"":5e-05}","{""detectors_checked"":170}"
         1,         0,         0,   0.058,decoder_by_matrix,a052b2ce6ed64a98931ebcd7492590a746d7ec6e385d9f4479eb5b69a31b01f0,"{""distance"":5,""physical_error_rate"":0.0001}","{""detectors_checked"":170}"
         1,         0,         0,   0.061,decoder_by_matrix,5b8a070a3cf8d31d64f24dbee89f3428cb9cab13fc59f7448d798f9bf08e9187,"{""distance"":5,""physical_error_rate"":0.001}","{""detectors_checked"":170}"
         1,         0,         0,   0.074,decoder_by_matrix,5b8a070a3cf8d31d64f24dbee89f3428cb9cab13fc59f7448d798f9bf08e9187,"{""distance"":5,""physical_error_rate"":0.001}","{""detectors_checked"":170}"
         1,         0,         0,   0.076,decoder_by_matrix,6866428194f3c2ecf80b799fe3d7eaa0d7bfdd0bee14693d15f8abf3c1159eda,"{""distance"":5,""physical_error_rate"":1e-05}","{""detectors_checked"":170}"
         1,         0,         0,   0.079,decoder_by_matrix,f0fc70a0432f83ff513e502442839d2eab02e2bed2f658d0464ff826d304e5e7,"{""distance"":5,""physical_error_rate"":0.0005}","{""detectors_checked"":170}"
         1,         0,         0,   0.071,decoder_by_matrix,f0fc70a0432f83ff513e502442839d2eab02e2bed2f658d0464ff826d304e5e7,"{""distance"":5,""physical_error_rate"":0.0005}","{""detectors_checked"":170}"
         8,         0,         0,   0.075,decoder_by_matrix,a052b2ce6ed64a98931ebcd7492590a746d7ec6e385d9f4479eb5b69a31b01f0,"{""distance"":5,""physical_error_rate"":0.0001}","{""detectors_checked"":1360}"
         8,         0,         0,   0.066,decoder_by_matrix,a052b2ce6ed64a98931ebcd7492590a746d7ec6e385d9f4479eb5b69a31b01f0,"{""distance"":5,""physical_error_rate"":0.0001}","{""detectors_checked"":1360}"
         8,         0,         0,   0.069,decoder_by_matrix,cc9cd6551b3048ae216380ccb8ae5d3cca75b5b766fe651c47ef084ce4ce7dc6,"{""distance"":5,""physical_error_rate"":5e-05}","{""detectors_checked"":1360}"
         8,         0,         0,   0.071,decoder_by_matrix,5b8a070a3cf8d31d64f24dbee89f3428cb9cab13fc59f7448d798f9bf08e9187,"{""distance"":5,""physical_error_rate"":0.001}","{""detectors_checked"":1360}"
         8,         0,         0,   0.075,decoder_by_matrix,5b8a070a3cf8d31d64f24dbee89f3428cb9cab13fc59f7448d798f9bf08e9187,"{""distance"":5,""physical_error_rate"":0.001}","{""detectors_checked"":1360}"
         8,         0,         0,   0.060,decoder_by_matrix,f0fc70a0432f83ff513e502442839d2eab02e2bed2f658d0464ff826d304e5e7,"{""distance"":5,""physical_error_rate"":0.0005}","{""detectors_checked"":1360}"
         4,         0,         0,   0.064,decoder_by_matrix,f0fc70a0432f83ff513e502442839d2eab02e2bed2f658d0464ff826d304e5e7,"{""distance"":5,""physical_error_rate"":0.0005}","{""detectors_checked"":680}"
         4,         0,         0,   0.076,decoder_by_matrix,6866428194f3c2ecf80b799fe3d7eaa0d7bfdd0bee14693d15f8abf3c1159eda,"{""distance"":5,""physical_error_rate"":1e-05}","{""detectors_checked"":680}"
        64,         0,         0,   0.061,decoder_by_matrix,a052b2ce6ed64a98931ebcd7492590a746d7ec6e385d9f4479eb5b69a31b01f0,"{""distance"":5,""physical_error_rate"":0.0001}","{""detectors_checked"":10880}"
        64,         0,         0,   0.060,decoder_by_matrix,cc9cd6551b3048ae216380ccb8ae5d3cca75b5b766fe651c47ef084ce4ce7dc6,"{""distance"":5,""physical_error_rate"":5e-05}","{""detectors_checked"":10880}"
        64,         0,         0,   0.074,decoder_by_matrix,a052b2ce6ed64a98931ebcd7492590a746d7ec6e385d9f4479eb5b69a31b01f0,"{""distance"":5,""physical_error_rate"":0.0001}","{""detectors_checked"":10880}"
        64,         0,         0,   0.073,decoder_by_matrix,5b8a070a3cf8d31d64f24dbee89f3428cb9cab13fc59f7448d798f9bf08e9187,"{""distance"":5,""physical_error_rate"":0.001}","{""detection_events"":20,""detectors_checked"":10880}"
        64,         0,         0,   0.075,decoder_by_matrix,5b8a070a3cf8d31d64f24dbee89f3428cb9cab13fc59f7448d798f9bf08e9187,"{""distance"":5,""physical_error_rate"":0.001}","{""detection_events"":45,""detectors_checked"":10880}"
        64,         0,         0,   0.073,decoder_by_matrix,f0fc70a0432f83ff513e502442839d2eab02e2bed2f658d0464ff826d304e5e7,"{""distance"":5,""physical_error_rate"":0.0005}","{""detectors_checked"":10880}"
        32,         0,         0,   0.074,decoder_by_matrix,f0fc70a0432f83ff513e502442839d2eab02e2bed2f658d0464ff826d304e5e7,"{""distance"":5,""physical_error_rate"":0.0005}","{""detection_events"":20,""detectors_checked"":5440}"
        16,         0,         0,   0.076,decoder_by_matrix,6866428194f3c2ecf80b799fe3d7eaa0d7bfdd0bee14693d15f8abf3c1159eda,"{""distance"":5,""physical_error_rate"":1e-05}","{""detectors_checked"":2720}"
       512,         0,         0,   0.073,decoder_by_matrix,a052b2ce6ed64a98931ebcd7492590a746d7ec6e385d9f4479eb5b69a31b01f0,"{""distance"":5,""physical_error_rate"":0.0001}","{""detection_events"":35,""detectors_checked"":87040}"
       512,         0,         0,   0.072,decoder_by_matrix,cc9cd6551b3048ae216380ccb8ae5d3cca75b5b766fe651c47ef084ce4ce7dc6,"{""distance"":5,""physical_error_rate"":5e-05}","{""detection_events"":5,""detectors_checked"":87040}"
       512,         0,         0,   0.076,decoder_by_matrix,a052b2ce6ed64a98931ebcd7492590a746d7ec6e385d9f4479eb5b69a31b01f0,"{""distance"":5,""physical_error_rate"":0.0001}","{""detection_events"":10,""detectors_checked"":87040}"
       512,         0,         0,   0.061,decoder_by_matrix,5b8a070a3cf8d31d64f24dbee89f3428cb9cab13fc59f7448d798f9bf08e9187,"{""distance"":5,""physical_error_rate"":0.001}","{""detection_events"":355,""detectors_checked"":87040}"
       256,         0,         0,   0.076,decoder_by_matrix,5b8a070a3cf8d31d64f24dbee89f3428cb9cab13fc59f7448d798f9bf08e9187,"{""distance"":5,""physical_error_rate"":0.001}","{""detection_events"":135,""detectors_checked"":43520}"
       512,         0,         0,   0.075,decoder_by_matrix,f0fc70a0432f83ff513e502442839d2eab02e2bed2f658d0464ff826d304e5e7,"{""distance"":5,""physical_error_rate"":0.0005}","{""detection_events"":95,""detectors_checked"":87040}"
       256,         0,         0,   0.074,decoder_by_matrix,f0fc70a0432f83ff513e502442839d2eab02e2bed2f658d0464ff826d304e5e7,"{""distance"":5,""physical_error_rate"":0.0005}","{""detection_events"":35,""detectors_checked"":43520}"
        64,         0,         0,   0.077,decoder_by_matrix,6866428194f3c2ecf80b799fe3d7eaa0d7bfdd0bee14693d15f8abf3c1159eda,"{""distance"":5,""physical_error_rate"":1e-05}","{""detectors_checked"":10880}"
      1024,         0,         0,   0.075,decoder_by_matrix,cc9cd6551b3048ae216380ccb8ae5d3cca75b5b766fe651c47ef084ce4ce7dc6,"{""distance"":5,""physical_error_rate"":5e-05}","{""detection_events"":25,""detectors_checked"":174080}"
      1024,         0,         0,   0.082,decoder_by_matrix,a052b2ce6ed64a98931ebcd7492590a746d7ec6e385d9f4479eb5b69a31b01f0,"{""distance"":5,""physical_error_rate"":0.0001}","{""detection_events"":105,""detectors_checked"":174080}"
      1024,         0,         0,   0.077,decoder_by_matrix,5b8a070a3cf8d31d64f24dbee89f3428cb9cab13fc59f7448d798f9bf08e9187,"{""distance"":5,""physical_error_rate"":0.001}","{""detection_events"":665,""detectors_checked"":174080}"
      1024,         0,         0,   0.100,decoder_by_matrix,a052b2ce6ed64a98931ebcd7492590a746d7ec6e385d9f4479eb5b69a31b01f0,"{""distance"":5,""physical_error_rate"":0.0001}","{""detection_events"":75,""detectors_checked"":174080}"
      1024,         0,         0,   0.077,decoder_by_matrix,5b8a070a3cf8d31d64f24dbee89f3428cb9cab13fc59f7448d798f9bf08e9187,"{""distance"":5,""physical_error_rate"":0.001}","{""detection_events"":550,""detectors_checked"":174080}"
      1024,         0,         0,   0.076,decoder_by_matrix,f0fc70a0432f83ff513e502442839d2eab02e2bed2f658d0464ff826d304e5e7,"{""distance"":5,""physical_error_rate"":0.0005}","{""detection_events"":125,""detectors_checked"":174080}"
      1024,         0,         0,   0.076,decoder_by_matrix,f0fc70a0432f83ff513e502442839d2eab02e2bed2f658d0464ff826d304e5e7,"{""distance"":5,""physical_error_rate"":0.0005}","{""detection_events"":380,""detectors_checked"":174080}"
       256,         0,         0,   0.074,decoder_by_matrix,6866428194f3c2ecf80b799fe3d7eaa0d7bfdd0bee14693d15f8abf3c1159eda,"{""distance"":5,""physical_error_rate"":1e-05}","{""detectors_checked"":43520}"
      1024,         0,         0,   0.077,decoder_by_matrix,cc9cd6551b3048ae216380ccb8ae5d3cca75b5b766fe651c47ef084ce4ce7dc6,"{""distance"":5,""physical_error_rate"":5e-05}","{""detection_events"":50,""detectors_checked"":174080}"
      1024,         0,         0,   0.076,decoder_by_matrix,5b8a070a3cf8d31d64f24dbee89f3428cb9cab13fc59f7448d798f9bf08e9187,"{""distance"":5,""physical_error_rate"":0.001}","{""detection_events"":830,""detectors_checked"":174080}"
      1024,         0,         0,   0.063,decoder_by_matrix,a052b2ce6ed64a98931ebcd7492590a746d7ec6e385d9f4479eb5b69a31b01f0,"{""distance"":5,""physical_error_rate"":0.0001}","{""detection_events"":50,""detectors_checked"":174080}"
      1024,         0,         0,   0.095,decoder_by_matrix,a052b2ce6ed64a98931ebcd7492590a746d7ec6e385d9f4479eb5b69a31b01f0,"{""distance"":5,""physical_error_rate"":0.0001}","{""detection_events"":170,""detectors_checked"":174080}"
      1024,         0,         0,   0.077,decoder_by_matrix,5b8a070a3cf8d31d64f24dbee89f3428cb9cab13fc59f7448d798f9bf08e9187,"{""distance"":5,""physical_error_rate"":0.001}","{""detection_events"":580,""detectors_checked"":174080}"
      1024,         0,         0,   0.066,decoder_by_matrix,f0fc70a0432f83ff513e502442839d2eab02e2bed2f658d0464ff826d304e5e7,"{""distance"":5,""physical_error_rate"":0.0005}","{""detection_events"":205,""detectors_checked"":174080}"
      1024,         0,         0,   0.064,decoder_by_matrix,6866428194f3c2ecf80b799fe3d7eaa0d7bfdd0bee14693d15f8abf3c1159eda,"{""distance"":5,""physical_error_rate"":1e-05}","{""detectors_checked"":174080}"
      1024,         0,         0,   0.083,decoder_by_matrix,f0fc70a0432f83ff513e502442839d2eab02e2bed2f658d0464ff826d304e5e7,"{""distance"":5,""physical_error_rate"":0.0005}","{""detection_events"":315,""detectors_checked"":174080}"
      1024,         0,         0,   0.076,decoder_by_matrix,cc9cd6551b3048ae216380ccb8ae5d3cca75b5b766fe651c47ef084ce4ce7dc6,"{""distance"":5,""physical_error_rate"":5e-05}","{""detectors_checked"":174080}"
      1024,         0,         0,   0.063,decoder_by_matrix,a052b2ce6ed64a98931ebcd7492590a746d7ec6e385d9f4479eb5b69a31b01f0,"{""distance"":5,""physical_error_rate"":0.0001}","{""detection_events"":115,""detectors_checked"":174080}"
      1024,         0,         0,   0.077,decoder_by_matrix,f0fc70a0432f83ff513e502442839d2eab02e2bed2f658d0464ff826d304e5e7,"{""distance"":5,""physical_error_rate"":0.0005}","{""detection_events"":245,""detectors_checked"":174080}"
      1024,         0,         0,   0.077,decoder_by_matrix,6866428194f3c2ecf80b799fe3d7eaa0d7bfdd0bee14693d15f8abf3c1159eda,"{""distance"":5,""physical_error_rate"":1e-05}","{""detectors_checked"":174080}"
      2048,         0,         0,   0.122,decoder_by_matrix,a052b2ce6ed64a98931ebcd7492590a746d7ec6e385d9f4479eb5b69a31b01f0,"{""distance"":5,""physical_error_rate"":0.0001}","{""detection_events"":180,""detectors_checked"":348160}"
      2048,         0,         0,   0.138,decoder_by_matrix,5b8a070a3cf8d31d64f24dbee89f3428cb9cab13fc59f7448d798f9bf08e9187,"{""distance"":5,""physical_error_rate"":0.001}","{""detection_events"":1205,""detectors_checked"":348160}"
      2048,         0,         0,   0.138,decoder_by_matrix,5b8a070a3cf8d31d64f24dbee89f3428cb9cab13fc59f7448d798f9bf08e9187,"{""distance"":5,""physical_error_rate"":0.001}","{""detection_events"":1075,""detectors_checked"":348160}"
      1024,         0,         0,   0.128,decoder_by_matrix,f0fc70a0432f83ff513e502442839d2eab02e2bed2f658d0464ff826d304e5e7,"{""distance"":5,""physical_error_rate"":0.0005}","{""detection_events"":275,""detectors_checked"":174080}"
      2048,         0,         0,   0.138,decoder_by_matrix,cc9cd6551b3048ae216380ccb8ae5d3cca75b5b766fe651c47ef084ce4ce7dc6,"{""distance"":5,""physical_error_rate"":5e-05}","{""detection_events"":90,""detectors_checked"":348160}"
      2048,         0,         0,   0.138,decoder_by_matrix,a052b2ce6ed64a98931ebcd7492590a746d7ec6e385d9f4479eb5b69a31b01f0,"{""distance"":5,""physical_error_rate"":0.0001}","{""detection_events"":75,""detectors_checked"":348160}"
      2048,         0,         0,   0.126,decoder_by_matrix,6866428194f3c2ecf80b799fe3d7eaa0d7bfdd0bee14693d15f8abf3c1159eda,"{""distance"":5,""physical_error_rate"":1e-05}","{""detectors_checked"":348160}"
      2048,         0,         0,   0.156,decoder_by_matrix,f0fc70a0432f83ff513e502442839d2eab02e2bed2f658d0464ff826d304e5e7,"{""distance"":5,""physical_error_rate"":0.0005}","{""detection_events"":530,""detectors_checked"":348160}"
      2048,         0,         0,   0.140,decoder_by_matrix,5b8a070a3cf8d31d64f24dbee89f3428cb9cab13fc59f7448d798f9bf08e9187,"{""distance"":5,""physical_error_rate"":0.001}","{""detection_events"":1180,""detectors_checked"":348160}"
      2048,         0,         0,   0.174,decoder_by_matrix,a052b2ce6ed64a98931ebcd7492590a746d7ec6e385d9f4479eb5b69a31b01f0,"{""distance"":5,""physical_error_rate"":0.0001}","{""detection_events"":110,""detectors_checked"":348160}"
      2048,         0,         0,   0.151,decoder_by_matrix,5b8a070a3cf8d31d64f24dbee89f3428cb9cab13fc59f7448d798f9bf08e9187,"{""distance"":5,""physical_error_rate"":0.001}","{""detection_events"":1075,""detectors_checked"":348160}"
      2048,         0,         0,   0.166,decoder_by_matrix,f0fc70a0432f83ff513e502442839d2eab02e2bed2f658d0464ff826d304e5e7,"{""distance"":5,""physical_error_rate"":0.0005}","{""detection_events"":940,""detectors_checked"":348160}"
      2048,         0,         0,   0.155,decoder_by_matrix,cc9cd6551b3048ae216380ccb8ae5d3cca75b5b766fe651c47ef084ce4ce7dc6,"{""distance"":5,""physical_error_rate"":5e-05}","{""detection_events"":90,""detectors_checked"":348160}"
      2048,         0,         0,   0.138,decoder_by_matrix,a052b2ce6ed64a98931ebcd7492590a746d7ec6e385d9f4479eb5b69a31b01f0,"{""distance"":5,""physical_error_rate"":0.0001}","{""detection_events"":120,""detectors_checked"":348160}"
      2048,         0,         0,   0.155,decoder_by_matrix,6866428194f3c2ecf80b799fe3d7eaa0d7bfdd0bee14693d15f8abf3c1159eda,"{""distance"":5,""physical_error_rate"":1e-05}","{""detection_events"":5,""detectors_checked"":348160}"
      2048,         0,         0,   0.144,decoder_by_matrix,a052b2ce6ed64a98931ebcd7492590a746d7ec6e385d9f4479eb5b69a31b01f0,"{""distance"":5,""physical_error_rate"":0.0001}","{""detection_events"":135,""detectors_checked"":348160}"
      3072,         0,         0,   0.214,decoder_by_matrix,f0fc70a0432f83ff513e502442839d2eab02e2bed2f658d0464ff826d304e5e7,"{""distance"":5,""physical_error_rate"":0.0005}","{""detection_events"":1285,""detectors_checked"":522240}"
      2048,         0,         0,   0.156,decoder_by_matrix,5b8a070a3cf8d31d64f24dbee89f3428cb9cab13fc59f7448d798f9bf08e9187,"{""distance"":5,""physical_error_rate"":0.001}","{""detection_events"":1200,""detectors_checked"":348160}"
      2048,         0,         0,   0.214,decoder_by_matrix,5b8a070a3cf8d31d64f24dbee89f3428cb9cab13fc59f7448d798f9bf08e9187,"{""distance"":5,""physical_error_rate"":0.001}","{""detection_events"":1015,""detectors_checked"":348160}"
      3072,         0,         0,   0.219,decoder_by_matrix,f0fc70a0432f83ff513e502442839d2eab02e2bed2f658d0464ff826d304e5e7,"{""distance"":5,""physical_error_rate"":0.0005}","{""detection_events"":770,""detectors_checked"":522240}"
      3072,         0,         0,   0.232,decoder_by_matrix,cc9cd6551b3048ae216380ccb8ae5d3cca75b5b766fe651c47ef084ce4ce7dc6,"{""distance"":5,""physical_error_rate"":5e-05}","{""detection_events"":65,""detectors_checked"":522240}"
      3072,         0,         0,   0.220,decoder_by_matrix,6866428194f3c2ecf80b799fe3d7eaa0d7bfdd0bee14693d15f8abf3c1159eda,"{""distance"":5,""physical_error_rate"":1e-05}","{""detectors_checked"":522240}"
      3072,         0,         0,   0.217,decoder_by_matrix,f0fc70a0432f83ff513e502442839d2eab02e2bed2f658d0464ff826d304e5e7,"{""distance"":5,""physical_error_rate"":0.0005}","{""detection_events"":1140,""detectors_checked"":522240}"
      3072,         0,         0,   0.323,decoder_by_matrix,a052b2ce6ed64a98931ebcd7492590a746d7ec6e385d9f4479eb5b69a31b01f0,"{""distance"":5,""physical_error_rate"":0.0001}","{""detection_events"":160,""detectors_checked"":522240}"
      3072,         0,         0,   0.225,decoder_by_matrix,5b8a070a3cf8d31d64f24dbee89f3428cb9cab13fc59f7448d798f9bf08e9187,"{""distance"":5,""physical_error_rate"":0.001}","{""detection_events"":1570,""detectors_checked"":522240}"
      4096,         0,         0,   0.243,decoder_by_matrix,a052b2ce6ed64a98931ebcd7492590a746d7ec6e385d9f4479eb5b69a31b01f0,"{""distance"":5,""physical_error_rate"":0.0001}","{""detection_events"":335,""detectors_checked"":696320}"
      3072,         0,         0,   0.216,decoder_by_matrix,5b8a070a3cf8d31d64f24dbee89f3428cb9cab13fc59f7448d798f9bf08e9187,"{""distance"":5,""physical_error_rate"":0.001}","{""detection_events"":1510,""detectors_checked"":522240}"
      3072,         0,         0,   0.217,decoder_by_matrix,f0fc70a0432f83ff513e502442839d2eab02e2bed2f658d0464ff826d304e5e7,"{""distance"":5,""physical_error_rate"":0.0005}","{""detection_events"":875,""detectors_checked"":522240}"
   2469888,         0,         0,   119.6,decoder_by_matrix,a052b2ce6ed64a98931ebcd7492590a746d7ec6e385d9f4479eb5b69a31b01f0,"{""distance"":5,""physical_error_rate"":0.0001}","{""detection_events"":141965,""detectors_checked"":419880960}"
      4096,         0,         0,   0.296,decoder_by_matrix,cc9cd6551b3048ae216380ccb8ae5d3cca75b5b766fe651c47ef084ce4ce7dc6,"{""distance"":5,""physical_error_rate"":5e-05}","{""detection_events"":190,""detectors_checked"":696320}"
      5120,         0,         0,   0.336,decoder_by_matrix,6866428194f3c2ecf80b799fe3d7eaa0d7bfdd0bee14693d15f8abf3c1159eda,"{""distance"":5,""physical_error_rate"":1e-05}","{""detectors_checked"":870400}"
      4096,         0,         0,   0.295,decoder_by_matrix,a052b2ce6ed64a98931ebcd7492590a746d7ec6e385d9f4479eb5b69a31b01f0,"{""distance"":5,""physical_error_rate"":0.0001}","{""detection_events"":245,""detectors_checked"":696320}"
      4096,         0,         0,   0.312,decoder_by_matrix,f0fc70a0432f83ff513e502442839d2eab02e2bed2f658d0464ff826d304e5e7,"{""distance"":5,""physical_error_rate"":0.0005}","{""detection_events"":1205,""detectors_checked"":696320}"
      3072,         0,         0,   0.316,decoder_by_matrix,5b8a070a3cf8d31d64f24dbee89f3428cb9cab13fc59f7448d798f9bf08e9187,"{""distance"":5,""physical_error_rate"":0.001}","{""detection_events"":1795,""detectors_checked"":522240}"
      3072,         0,         0,   0.329,decoder_by_matrix,a052b2ce6ed64a98931ebcd7492590a746d7ec6e385d9f4479eb5b69a31b01f0,"{""distance"":5,""physical_error_rate"":0.0001}","{""detection_events"":210,""detectors_checked"":522240}"
      4096,         0,         0,   0.292,decoder_by_matrix,5b8a070a3cf8d31d64f24dbee89f3428cb9cab13fc59f7448d798f9bf08e9187,"{""distance"":5,""physical_error_rate"":0.001}","{""detection_events"":2200,""detectors_checked"":696320}"
      4096,         0,         0,   0.303,decoder_by_matrix,f0fc70a0432f83ff513e502442839d2eab02e2bed2f658d0464ff826d304e5e7,"{""distance"":5,""physical_error_rate"":0.0005}","{""detection_events"":1050,""detectors_checked"":696320}"
      6144,         0,         0,   0.433,decoder_by_matrix,cc9cd6551b3048ae216380ccb8ae5d3cca75b5b766fe651c47ef084ce4ce7dc6,"{""distance"":5,""physical_error_rate"":5e-05}","{""detection_events"":155,""detectors_checked"":1044480}"
      6144,         0,         0,   0.452,decoder_by_matrix,6866428194f3c2ecf80b799fe3d7eaa0d7bfdd0bee14693d15f8abf3c1159eda,"{""distance"":5,""physical_error_rate"":1e-05}","{""detectors_checked"":1044480}"
      6144,         0,         0,   0.442,decoder_by_matrix,a052b2ce6ed64a98931ebcd7492590a746d7ec6e385d9f4479eb5b69a31b01f0,"{""distance"":5,""physical_error_rate"":0.0001}","{""detection_events"":230,""detectors_checked"":1044480}"
      7168,         0,         0,   0.428,decoder_by_matrix,5b8a070a3cf8d31d64f24dbee89f3428cb9cab13fc59f7448d798f9bf08e9187,"{""distance"":5,""physical_error_rate"":0.001}","{""detection_events"":3810,""detectors_checked"":1218560}"
      5120,         0,         0,   0.456,decoder_by_matrix,f0fc70a0432f83ff513e502442839d2eab02e2bed2f658d0464ff826d304e5e7,"{""distance"":5,""physical_error_rate"":0.0005}","{""detection_events"":1465,""detectors_checked"":870400}"
      6144,         0,         0,   0.396,decoder_by_matrix,a052b2ce6ed64a98931ebcd7492590a746d7ec6e385d9f4479eb5b69a31b01f0,"{""distance"":5,""physical_error_rate"":0.0001}","{""detection_events"":295,""detectors_checked"":1044480}"
      6144,         0,         0,   0.441,decoder_by_matrix,f0fc70a0432f83ff513e502442839d2eab02e2bed2f658d0464ff826d304e5e7,"{""distance"":5,""physical_error_rate"":0.0005}","{""detection_events"":1790,""detectors_checked"":1044480}"
      6144,         0,         0,   0.454,decoder_by_matrix,5b8a070a3cf8d31d64f24dbee89f3428cb9cab13fc59f7448d798f9bf08e9187,"{""distance"":5,""physical_error_rate"":0.001}","{""detection_events"":3310,""detectors_checked"":1044480}"
      8192,         0,         0,   0.612,decoder_by_matrix,cc9cd6551b3048ae216380ccb8ae5d3cca75b5b766fe651c47ef084ce4ce7dc6,"{""distance"":5,""physical_error_rate"":5e-05}","{""detection_events"":170,""detectors_checked"":1392640}"
     10240,         0,         0,   0.590,decoder_by_matrix,6866428194f3c2ecf80b799fe3d7eaa0d7bfdd0bee14693d15f8abf3c1159eda,"{""distance"":5,""physical_error_rate"":1e-05}","{""detection_events"":45,""detectors_checked"":1740800}"
      8192,         0,         0,   0.581,decoder_by_matrix,5b8a070a3cf8d31d64f24dbee89f3428cb9cab13fc59f7448d798f9bf08e9187,"{""distance"":5,""physical_error_rate"":0.001}","{""detection_events"":4390,""detectors_checked"":1392640}"
      9216,         0,         0,   0.573,decoder_by_matrix,a052b2ce6ed64a98931ebcd7492590a746d7ec6e385d9f4479eb5b69a31b01f0,"{""distance"":5,""physical_error_rate"":0.0001}","{""detection_events"":290,""detectors_checked"":1566720}"
      8192,         0,         0,   0.616,decoder_by_matrix,a052b2ce6ed64a98931ebcd7492590a746d7ec6e385d9f4479eb5b69a31b01f0,"{""distance"":5,""physical_error_rate"":0.0001}","{""detection_events"":425,""detectors_checked"":1392640}"
      8192,         0,         0,   0.607,decoder_by_matrix,f0fc70a0432f83ff513e502442839d2eab02e2bed2f658d0464ff826d304e5e7,"{""distance"":5,""physical_error_rate"":0.0005}","{""detection_events"":2115,""detectors_checked"":1392640}"
      8192,         0,         0,   0.608,decoder_by_matrix,5b8a070a3cf8d31d64f24dbee89f3428cb9cab13fc59f7448d798f9bf08e9187,"{""distance"":5,""physical_error_rate"":0.001}","{""detection_events"":4915,""detectors_checked"":1392640}"
      7168,         0,         0,   0.617,decoder_by_matrix,f0fc70a0432f83ff513e502442839d2eab02e2bed2f658d0464ff826d304e5e7,"{""distance"":5,""physical_error_rate"":0.0005}","{""detection_events"":2000,""detectors_checked"":1218560}"
     11264,         0,         0,   0.829,decoder_by_matrix,cc9cd6551b3048ae216380ccb8ae5d3cca75b5b766fe651c47ef084ce4ce7dc6,"{""distance"":5,""physical_error_rate"":5e-05}","{""detection_events"":290,""detectors_checked"":1914880}"
     13312,         0,         0,   0.806,decoder_by_matrix,6866428194f3c2ecf80b799fe3d7eaa0d7bfdd0bee14693d15f8abf3c1159eda,"{""distance"":5,""physical_error_rate"":1e-05}","{""detection_events"":55,""detectors_checked"":2263040}"
     11264,         0,         0,   0.811,decoder_by_matrix,5b8a070a3cf8d31d64f24dbee89f3428cb9cab13fc59f7448d798f9bf08e9187,"{""distance"":5,""physical_error_rate"":0.001}","{""detection_events"":6540,""detectors_checked"":1914880}"
     11264,         0,         0,   0.851,decoder_by_matrix,a052b2ce6ed64a98931ebcd7492590a746d7ec6e385d9f4479eb5b69a31b01f0,"{""distance"":5,""physical_error_rate"":0.0001}","{""detection_events"":680,""detectors_checked"":1914880}"
     11264,         0,         0,   0.863,decoder_by_matrix,a052b2ce6ed64a98931ebcd7492590a746d7ec6e385d9f4479eb5b69a31b01f0,"{""distance"":5,""physical_error_rate"":0.0001}","{""detection_events"":560,""detectors_checked"":1914880}"
     11264,         0,         0,   0.832,decoder_by_matrix,f0fc70a0432f83ff513e502442839d2eab02e2bed2f658d0464ff826d304e5e7,"{""distance"":5,""physical_error_rate"":0.0005}","{""detection_events"":3285,""detectors_checked"":1914880}"
     11264,         0,         0,   0.824,decoder_by_matrix,5b8a070a3cf8d31d64f24dbee89f3428cb9cab13fc59f7448d798f9bf08e9187,"{""distance"":5,""physical_error_rate"":0.001}","{""detection_events"":7000,""detectors_checked"":1914880}"
     10240,         0,         0,   0.835,decoder_by_matrix,f0fc70a0432f83ff513e502442839d2eab02e2bed2f658d0464ff826d304e5e7,"{""distance"":5,""physical_error_rate"":0.0005}","{""detection_events"":2920,""detectors_checked"":1740800}"
     20480,         0,         0,    1.13,decoder_by_matrix,cc9cd6551b3048ae216380ccb8ae5d3cca75b5b766fe651c47ef084ce4ce7dc6,"{""distance"":5,""physical_error_rate"":5e-05}","{""detection_events"":570,""detectors_checked"":3481600}"
     20480,         0,         0,    1.11,decoder_by_matrix,6866428194f3c2ecf80b799fe3d7eaa0d7bfdd0bee14693d15f8abf3c1159eda,"{""distance"":5,""physical_error_rate"":1e-05}","{""detection_events"":45,""detectors_checked"":3481600}"
     15360,         1,         0,    1.12,decoder_by_matrix,5b8a070a3cf8d31d64f24dbee89f3428cb9cab13fc59f7448d798f9bf08e9187,"{""distance"":5,""physical_error_rate"":0.001}","{""detection_events"":8000,""detectors_checked"":2611200,""obs_mistake_mask=E_"":1}"
     15360,         0,         0,    1.12,decoder_by_matrix,f0fc70a0432f83ff513e502442839d2eab02e2bed2f658d0464ff826d304e5e7,"{""distance"":5,""physical_error_rate"":0.0005}","{""detection_events"":3890,""detectors_checked"":2611200}"
     11264,         0,         0,    1.15,decoder_by_matrix,a052b2ce6ed64a98931ebcd7492590a746d7ec6e385d9f4479eb5b69a31b01f0,"{""distance"":5,""physical_error_rate"":0.0001}","{""detection_events"":665,""detectors_checked"":1914880}"
     18432,         0,         0,    1.17,decoder_by_matrix,a052b2ce6ed64a98931ebcd7492590a746d7ec6e385d9f4479eb5b69a31b01f0,"{""distance"":5,""physical_error_rate"":0.0001}","{""detection_events"":800,""detectors_checked"":3133440}"
     13312,         0,         0,    1.13,decoder_by_matrix,5b8a070a3cf8d31d64f24dbee89f3428cb9cab13fc59f7448d798f9bf08e9187,"{""distance"":5,""physical_error_rate"":0.001}","{""detection_events"":8150,""detectors_checked"":2263040}"
     15360,         0,         0,    1.16,decoder_by_matrix,f0fc70a0432f83ff513e502442839d2eab02e2bed2f658d0464ff826d304e5e7,"{""distance"":5,""physical_error_rate"":0.0005}","{""detection_events"":4520,""detectors_checked"":2611200}"
     26624,         0,         0,    1.61,decoder_by_matrix,cc9cd6551b3048ae216380ccb8ae5d3cca75b5b766fe651c47ef084ce4ce7dc6,"{""distance"":5,""physical_error_rate"":5e-05}","{""detection_events"":580,""detectors_checked"":4526080}"
     29696,         0,         0,    1.57,decoder_by_matrix,6866428194f3c2ecf80b799fe3d7eaa0d7bfdd0bee14693d15f8abf3c1159eda,"{""distance"":5,""physical_error_rate"":1e-05}","{""detection_events"":130,""detectors_checked"":5048320}"
     22528,         0,         0,    1.61,decoder_by_matrix,5b8a070a3cf8d31d64f24dbee89f3428cb9cab13fc59f7448d798f9bf08e9187,"{""distance"":5,""physical_error_rate"":0.001}","{""detection_events"":13420,""detectors_checked"":3829760}"
     20480,         0,         0,    1.54,decoder_by_matrix,5b8a070a3cf8d31d64f24dbee89f3428cb9cab13fc59f7448d798f9bf08e9187,"{""distance"":5,""physical_error_rate"":0.001}","{""detection_events"":11220,""detectors_checked"":3481600}"
     21504,         0,         0,    1.60,decoder_by_matrix,f0fc70a0432f83ff513e502442839d2eab02e2bed2f658d0464ff826d304e5e7,"{""distance"":5,""physical_error_rate"":0.0005}","{""detection_events"":6605,""detectors_checked"":3655680}"
     20480,         0,         0,    1.57,decoder_by_matrix,a052b2ce6ed64a98931ebcd7492590a746d7ec6e385d9f4479eb5b69a31b01f0,"{""distance"":5,""physical_error_rate"":0.0001}","{""detection_events"":1120,""detectors_checked"":3481600}"
     19456,         0,         0,    1.57,decoder_by_matrix,a052b2ce6ed64a98931ebcd7492590a746d7ec6e385d9f4479eb5b69a31b01f0,"{""distance"":5,""physical_error_rate"":0.0001}","{""detection_events"":1060,""detectors_checked"":3307520}"
     18432,         0,         0,    1.58,decoder_by_matrix,f0fc70a0432f83ff513e502442839d2eab02e2bed2f658d0464ff826d304e5e7,"{""distance"":5,""physical_error_rate"":0.0005}","{""detection_events"":5375,""detectors_checked"":3133440}"
    114688,         0,         0,    8.35,decoder_by_matrix,6866428194f3c2ecf80b799fe3d7eaa0d7bfdd0bee14693d15f8abf3c1159eda,"{""distance"":5,""physical_error_rate"":1e-05}","{""detection_events"":820,""detectors_checked"":19496960}"
    208896,         0,         0,    8.35,decoder_by_matrix,5b8a070a3cf8d31d64f24dbee89f3428cb9cab13fc59f7448d798f9bf08e9187,"{""distance"":5,""physical_error_rate"":0.001}","{""detection_events"":119855,""detectors_checked"":35512320}"
     90112,         0,         0,    8.38,decoder_by_matrix,f0fc70a0432f83ff513e502442839d2eab02e2bed2f658d0464ff826d304e5e7,"{""distance"":5,""physical_error_rate"":0.0005}","{""detection_events"":26245,""detectors_checked"":15319040}"
    105472,         0,         0,    8.41,decoder_by_matrix,5b8a070a3cf8d31d64f24dbee89f3428cb9cab13fc59f7448d798f9bf08e9187,"{""distance"":5,""physical_error_rate"":0.001}","{""detection_events"":61010,""detectors_checked"":17930240}"
    110592,         0,         0,    8.35,decoder_by_matrix,cc9cd6551b3048ae216380ccb8ae5d3cca75b5b766fe651c47ef084ce4ce7dc6,"{""distance"":5,""physical_error_rate"":5e-05}","{""detection_events"":3505,""detectors_checked"":18800640}"
    109568,         0,         0,    8.37,decoder_by_matrix,a052b2ce6ed64a98931ebcd7492590a746d7ec6e385d9f4479eb5b69a31b01f0,"{""distance"":5,""physical_error_rate"":0.0001}","{""detection_events"":5975,""detectors_checked"":18626560}"
     29696,         0,         0,    2.20,decoder_by_matrix,cc9cd6551b3048ae216380ccb8ae5d3cca75b5b766fe651c47ef084ce4ce7dc6,"{""distance"":5,""physical_error_rate"":5e-05}","{""detection_events"":1010,""detectors_checked"":5048320}"
     40960,         0,         0,    2.23,decoder_by_matrix,6866428194f3c2ecf80b799fe3d7eaa0d7bfdd0bee14693d15f8abf3c1159eda,"{""distance"":5,""physical_error_rate"":1e-05}","{""detection_events"":350,""detectors_checked"":6963200}"
     30720,         1,         0,    2.20,decoder_by_matrix,5b8a070a3cf8d31d64f24dbee89f3428cb9cab13fc59f7448d798f9bf08e9187,"{""distance"":5,""physical_error_rate"":0.001}","{""detection_events"":17095,""detectors_checked"":5222400,""obs_mistake_mask=_E"":1}"
     28672,         0,         0,    2.15,decoder_by_matrix,f0fc70a0432f83ff513e502442839d2eab02e2bed2f658d0464ff826d304e5e7,"{""distance"":5,""physical_error_rate"":0.0005}","{""detection_events"":7870,""detectors_checked"":4874240}"
     35840,         0,         0,    2.17,decoder_by_matrix,a052b2ce6ed64a98931ebcd7492590a746d7ec6e385d9f4479eb5b69a31b01f0,"{""distance"":5,""physical_error_rate"":0.0001}","{""detection_events"":2395,""detectors_checked"":6092800}"
     27648,         0,         0,    2.19,decoder_by_matrix,5b8a070a3cf8d31d64f24dbee89f3428cb9cab13fc59f7448d798f9bf08e9187,"{""distance"":5,""physical_error_rate"":0.001}","{""detection_events"":15615,""detectors_checked"":4700160}"
     29696,         0,         0,    2.23,decoder_by_matrix,a052b2ce6ed64a98931ebcd7492590a746d7ec6e385d9f4479eb5b69a31b01f0,"{""distance"":5,""physical_error_rate"":0.0001}","{""detection_events"":1840,""detectors_checked"":5048320}"
     36864,         0,         0,    2.18,decoder_by_matrix,f0fc70a0432f83ff513e502442839d2eab02e2bed2f658d0464ff826d304e5e7,"{""distance"":5,""physical_error_rate"":0.0005}","{""detection_events"":10735,""detectors_checked"":6266880}"
     43008,         0,         0,    3.07,decoder_by_matrix,cc9cd6551b3048ae216380ccb8ae5d3cca75b5b766fe651c47ef084ce4ce7dc6,"{""distance"":5,""physical_error_rate"":5e-05}","{""detection_events"":1030,""detectors_checked"":7311360}"
     63488,         0,         0,    3.07,decoder_by_matrix,6866428194f3c2ecf80b799fe3d7eaa0d7bfdd0bee14693d15f8abf3c1159eda,"{""distance"":5,""physical_error_rate"":1e-05}","{""detection_events"":395,""detectors_checked"":10792960}"
     40960,         0,         0,    3.06,decoder_by_matrix,5b8a070a3cf8d31d64f24dbee89f3428cb9cab13fc59f7448d798f9bf08e9187,"{""distance"":5,""physical_error_rate"":0.001}","{""detection_events"":22090,""detectors_checked"":6963200}"
     41984,         0,         0,    3.10,decoder_by_matrix,f0fc70a0432f83ff513e502442839d2eab02e2bed2f658d0464ff826d304e5e7,"{""distance"":5,""physical_error_rate"":0.0005}","{""detection_events"":12545,""detectors_checked"":7137280}"
     40960,         0,         0,    3.08,decoder_by_matrix,5b8a070a3cf8d31d64f24dbee89f3428cb9cab13fc59f7448d798f9bf08e9187,"{""distance"":5,""physical_error_rate"":0.001}","{""detection_events"":23925,""detectors_checked"":6963200}"
     44032,         0,         0,    3.10,decoder_by_matrix,a052b2ce6ed64a98931ebcd7492590a746d7ec6e385d9f4479eb5b69a31b01f0,"{""distance"":5,""physical_error_rate"":0.0001}","{""detection_events"":2500,""detectors_checked"":7485440}"
     40960,         0,         0,    3.04,decoder_by_matrix,a052b2ce6ed64a98931ebcd7492590a746d7ec6e385d9f4479eb5b69a31b01f0,"{""distance"":5,""physical_error_rate"":0.0001}","{""detection_events"":2245,""detectors_checked"":6963200}"
     43008,         0,         0,    3.11,decoder_by_matrix,f0fc70a0432f83ff513e502442839d2eab02e2bed2f658d0464ff826d304e5e7,"{""distance"":5,""physical_error_rate"":0.0005}","{""detection_events"":12305,""detectors_checked"":7311360}"
     94208,         0,         0,    4.29,decoder_by_matrix,6866428194f3c2ecf80b799fe3d7eaa0d7bfdd0bee14693d15f8abf3c1159eda,"{""distance"":5,""physical_error_rate"":1e-05}","{""detection_events"":385,""detectors_checked"":16015360}"
     59392,         0,         0,    4.35,decoder_by_matrix,cc9cd6551b3048ae216380ccb8ae5d3cca75b5b766fe651c47ef084ce4ce7dc6,"{""distance"":5,""physical_error_rate"":5e-05}","{""detection_events"":1700,""detectors_checked"":10096640}"
     58368,         0,         0,    4.30,decoder_by_matrix,5b8a070a3cf8d31d64f24dbee89f3428cb9cab13fc59f7448d798f9bf08e9187,"{""distance"":5,""physical_error_rate"":0.001}","{""detection_events"":33785,""detectors_checked"":9922560}"
     58368,         0,         0,    4.31,decoder_by_matrix,f0fc70a0432f83ff513e502442839d2eab02e2bed2f658d0464ff826d304e5e7,"{""distance"":5,""physical_error_rate"":0.0005}","{""detection_events"":16965,""detectors_checked"":9922560}"
     56320,         0,         0,    4.27,decoder_by_matrix,5b8a070a3cf8d31d64f24dbee89f3428cb9cab13fc59f7448d798f9bf08e9187,"{""distance"":5,""physical_error_rate"":0.001}","{""detection_events"":31325,""detectors_checked"":9574400}"
     60416,         0,         0,    4.29,decoder_by_matrix,a052b2ce6ed64a98931ebcd7492590a746d7ec6e385d9f4479eb5b69a31b01f0,"{""distance"":5,""physical_error_rate"":0.0001}","{""detection_events"":2950,""detectors_checked"":10270720}"
     59392,         0,         0,    4.30,decoder_by_matrix,a052b2ce6ed64a98931ebcd7492590a746d7ec6e385d9f4479eb5b69a31b01f0,"{""distance"":5,""physical_error_rate"":0.0001}","{""detection_events"":3320,""detectors_checked"":10096640}"
     55296,         0,         0,    4.27,decoder_by_matrix,f0fc70a0432f83ff513e502442839d2eab02e2bed2f658d0464ff826d304e5e7,"{""distance"":5,""physical_error_rate"":0.0005}","{""detection_events"":15765,""detectors_checked"":9400320}"
   2271232,         2,         0,   119.1,decoder_by_matrix,5b8a070a3cf8d31d64f24dbee89f3428cb9cab13fc59f7448d798f9bf08e9187,"{""distance"":5,""physical_error_rate"":0.001}","{""detection_events"":1287750,""detectors_checked"":386109440,""obs_mistake_mask=_E"":2}"
    268288,         0,         0,    11.7,decoder_by_matrix,5b8a070a3cf8d31d64f24dbee89f3428cb9cab13fc59f7448d798f9bf08e9187,"{""distance"":5,""physical_error_rate"":0.001}","{""detection_events"":156340,""detectors_checked"":45608960}"
    157696,         0,         0,    11.7,decoder_by_matrix,6866428194f3c2ecf80b799fe3d7eaa0d7bfdd0bee14693d15f8abf3c1159eda,"{""distance"":5,""physical_error_rate"":1e-05}","{""detection_events"":865,""detectors_checked"":26808320}"
    132096,         0,         0,    11.8,decoder_by_matrix,f0fc70a0432f83ff513e502442839d2eab02e2bed2f658d0464ff826d304e5e7,"{""distance"":5,""physical_error_rate"":0.0005}","{""detection_events"":36725,""detectors_checked"":22456320}"
    155648,         0,         0,    11.7,decoder_by_matrix,5b8a070a3cf8d31d64f24dbee89f3428cb9cab13fc59f7448d798f9bf08e9187,"{""distance"":5,""physical_error_rate"":0.001}","{""detection_events"":89040,""detectors_checked"":26460160}"
    158720,         0,         0,    11.7,decoder_by_matrix,cc9cd6551b3048ae216380ccb8ae5d3cca75b5b766fe651c47ef084ce4ce7dc6,"{""distance"":5,""physical_error_rate"":5e-05}","{""detection_events"":4910,""detectors_checked"":26982400}"
   1446912,         4,         0,   119.5,decoder_by_matrix,5b8a070a3cf8d31d64f24dbee89f3428cb9cab13fc59f7448d798f9bf08e9187,"{""distance"":5,""physical_error_rate"":0.001}","{""detection_events"":827305,""detectors_checked"":245975040,""obs_mistake_mask=EE"":2,""obs_mistake_mask=E_"":1,""obs_mistake_mask=_E"":1}"
    159744,         0,         0,    11.7,decoder_by_matrix,a052b2ce6ed64a98931ebcd7492590a746d7ec6e385d9f4479eb5b69a31b01f0,"{""distance"":5,""physical_error_rate"":0.0001}","{""detection_events"":8500,""detectors_checked"":27156480}"
     78848,         0,         0,    5.99,decoder_by_matrix,cc9cd6551b3048ae216380ccb8ae5d3cca75b5b766fe651c47ef084ce4ce7dc6,"{""distance"":5,""physical_error_rate"":5e-05}","{""detection_events"":2420,""detectors_checked"":13404160}"
    115712,         0,         0,    6.01,decoder_by_matrix,6866428194f3c2ecf80b799fe3d7eaa0d7bfdd0bee14693d15f8abf3c1159eda,"{""distance"":5,""physical_error_rate"":1e-05}","{""detection_events"":765,""detectors_checked"":19671040}"
     80896,         0,         0,    5.97,decoder_by_matrix,5b8a070a3cf8d31d64f24dbee89f3428cb9cab13fc59f7448d798f9bf08e9187,"{""distance"":5,""physical_error_rate"":0.001}","{""detection_events"":46065,""detectors_checked"":13752320}"
     78848,         0,         0,    5.96,decoder_by_matrix,5b8a070a3cf8d31d64f24dbee89f3428cb9cab13fc59f7448d798f9bf08e9187,"{""distance"":5,""physical_error_rate"":0.001}","{""detection_events"":45205,""detectors_checked"":13404160}"
     80896,         0,         0,    6.00,decoder_by_matrix,f0fc70a0432f83ff513e502442839d2eab02e2bed2f658d0464ff826d304e5e7,"{""distance"":5,""physical_error_rate"":0.0005}","{""detection_events"":22715,""detectors_checked"":13752320}"
     75776,         0,         0,    6.00,decoder_by_matrix,a052b2ce6ed64a98931ebcd7492590a746d7ec6e385d9f4479eb5b69a31b01f0,"{""distance"":5,""physical_error_rate"":0.0001}","{""detection_events"":4165,""detectors_checked"":12881920}"
    100352,         0,         0,    5.97,decoder_by_matrix,a052b2ce6ed64a98931ebcd7492590a746d7ec6e385d9f4479eb5b69a31b01f0,"{""distance"":5,""physical_error_rate"":0.0001}","{""detection_events"":5360,""detectors_checked"":17059840}"
     77824,         0,         0,    5.98,decoder_by_matrix,f0fc70a0432f83ff513e502442839d2eab02e2bed2f658d0464ff826d304e5e7,"{""distance"":5,""physical_error_rate"":0.0005}","{""detection_events"":20910,""detectors_checked"":13230080}"
   1619968,         0,         0,   119.7,decoder_by_matrix,cc9cd6551b3048ae216380ccb8ae5d3cca75b5b766fe651c47ef084ce4ce7dc6,"{""distance"":5,""physical_error_rate"":5e-05}","{""detection_events"":46195,""detectors_checked"":275394560}"
   1479680,         2,         0,   119.6,decoder_by_matrix,5b8a070a3cf8d31d64f24dbee89f3428cb9cab13fc59f7448d798f9bf08e9187,"{""distance"":5,""physical_error_rate"":0.001}","{""detection_events"":837355,""detectors_checked"":251545600,""obs_mistake_mask=EE"":2}"
   1476608,         0,         0,   119.5,decoder_by_matrix,6866428194f3c2ecf80b799fe3d7eaa0d7bfdd0bee14693d15f8abf3c1159eda,"{""distance"":5,""physical_error_rate"":1e-05}","{""detection_events"":8705,""detectors_checked"":251023360}"
   1484800,         0,         0,   119.5,decoder_by_matrix,cc9cd6551b3048ae216380ccb8ae5d3cca75b5b766fe651c47ef084ce4ce7dc6,"{""distance"":5,""physical_error_rate"":5e-05}","{""detection_events"":43630,""detectors_checked"":252416000}"
   1605632,         1,         0,   119.5,decoder_by_matrix,f0fc70a0432f83ff513e502442839d2eab02e2bed2f658d0464ff826d304e5e7,"{""distance"":5,""physical_error_rate"":0.0005}","{""detection_events"":460020,""detectors_checked"":272957440,""obs_mistake_mask=_E"":1}"
   1546240,         2,         0,   119.5,decoder_by_matrix,5b8a070a3cf8d31d64f24dbee89f3428cb9cab13fc59f7448d798f9bf08e9187,"{""distance"":5,""physical_error_rate"":0.001}","{""detection_events"":871345,""detectors_checked"":262860800,""obs_mistake_mask=E_"":2}"
    166912,         0,         0,    8.34,decoder_by_matrix,6866428194f3c2ecf80b799fe3d7eaa0d7bfdd0bee14693d15f8abf3c1159eda,"{""distance"":5,""physical_error_rate"":1e-05}","{""detection_events"":755,""detectors_checked"":28375040}"
    118784,         0,         0,    8.34,decoder_by_matrix,cc9cd6551b3048ae216380ccb8ae5d3cca75b5b766fe651c47ef084ce4ce7dc6,"{""distance"":5,""physical_error_rate"":5e-05}","{""detection_events"":3315,""detectors_checked"":20193280}"
   1571840,         0,         0,   119.5,decoder_by_matrix,a052b2ce6ed64a98931ebcd7492590a746d7ec6e385d9f4479eb5b69a31b01f0,"{""distance"":5,""physical_error_rate"":0.0001}","{""detection_events"":88005,""detectors_checked"":267212800}"
    109568,         0,         0,    8.35,decoder_by_matrix,5b8a070a3cf8d31d64f24dbee89f3428cb9cab13fc59f7448d798f9bf08e9187,"{""distance"":5,""physical_error_rate"":0.001}","{""detection_events"":63255,""detectors_checked"":18626560}"
    111616,         0,         0,    8.39,decoder_by_matrix,5b8a070a3cf8d31d64f24dbee89f3428cb9cab13fc59f7448d798f9bf08e9187,"{""distance"":5,""physical_error_rate"":0.001}","{""detection_events"":64100,""detectors_checked"":18974720}"
    112640,         0,         0,    8.37,decoder_by_matrix,f0fc70a0432f83ff513e502442839d2eab02e2bed2f658d0464ff826d304e5e7,"{""distance"":5,""physical_error_rate"":0.0005}","{""detection_events"":32210,""detectors_checked"":19148800}"
    113664,         0,         0,    8.35,decoder_by_matrix,a052b2ce6ed64a98931ebcd7492590a746d7ec6e385d9f4479eb5b69a31b01f0,"{""distance"":5,""physical_error_rate"":0.0001}","{""detection_events"":6625,""detectors_checked"":19322880}"
    119808,         0,         0,    8.39,decoder_by_matrix,a052b2ce6ed64a98931ebcd7492590a746d7ec6e385d9f4479eb5b69a31b01f0,"{""distance"":5,""physical_error_rate"":0.0001}","{""detection_events"":6695,""detectors_checked"":20367360}"
   1472512,         0,         0,   119.7,decoder_by_matrix,a052b2ce6ed64a98931ebcd7492590a746d7ec6e385d9f4479eb5b69a31b01f0,"{""distance"":5,""physical_error_rate"":0.0001}","{""detection_events"":82465,""detectors_checked"":250327040}"
    114688,         0,         0,    8.34,decoder_by_matrix,f0fc70a0432f83ff513e502442839d2eab02e2bed2f658d0464ff826d304e5e7,"{""distance"":5,""physical_error_rate"":0.0005}","{""detection_events"":33080,""detectors_checked"":19496960}"
    224256,         0,         0,    16.4,decoder_by_matrix,6866428194f3c2ecf80b799fe3d7eaa0d7bfdd0bee14693d15f8abf3c1159eda,"{""distance"":5,""physical_error_rate"":1e-05}","{""detection_events"":1325,""detectors_checked"":38123520}"
    365568,         1,         0,    16.4,decoder_by_matrix,5b8a070a3cf8d31d64f24dbee89f3428cb9cab13fc59f7448d798f9bf08e9187,"{""distance"":5,""physical_error_rate"":0.001}","{""detection_events"":206845,""detectors_checked"":62146560,""obs_mistake_mask=_E"":1}"
    215040,         0,         0,    16.4,decoder_by_matrix,f0fc70a0432f83ff513e502442839d2eab02e2bed2f658d0464ff826d304e5e7,"{""distance"":5,""physical_error_rate"":0.0005}","{""detection_events"":60420,""detectors_checked"":36556800}"
    227328,         0,         0,    16.4,decoder_by_matrix,5b8a070a3cf8d31d64f24dbee89f3428cb9cab13fc59f7448d798f9bf08e9187,"{""distance"":5,""physical_error_rate"":0.001}","{""detection_events"":128495,""detectors_checked"":38645760}"
    223232,         0,         0,    16.4,decoder_by_matrix,cc9cd6551b3048ae216380ccb8ae5d3cca75b5b766fe651c47ef084ce4ce7dc6,"{""distance"":5,""physical_error_rate"":5e-05}","{""detection_events"":6620,""detectors_checked"":37949440}"
    217088,         0,         0,    16.3,decoder_by_matrix,a052b2ce6ed64a98931ebcd7492590a746d7ec6e385d9f4479eb5b69a31b01f0,"{""distance"":5,""physical_error_rate"":0.0001}","{""detection_events"":12130,""detectors_checked"":36904960}"
   2021376,         0,         0,   119.3,decoder_by_matrix,cc9cd6551b3048ae216380ccb8ae5d3cca75b5b766fe651c47ef084ce4ce7dc6,"{""distance"":5,""physical_error_rate"":5e-05}","{""detection_events"":56295,""detectors_checked"":343633920}"
   1516544,         0,         0,   119.7,decoder_by_matrix,a052b2ce6ed64a98931ebcd7492590a746d7ec6e385d9f4479eb5b69a31b01f0,"{""distance"":5,""physical_error_rate"":0.0001}","{""detection_events"":89910,""detectors_checked"":257812480}"
   1489920,         0,         0,   119.6,decoder_by_matrix,6866428194f3c2ecf80b799fe3d7eaa0d7bfdd0bee14693d15f8abf3c1159eda,"{""distance"":5,""physical_error_rate"":1e-05}","{""detection_events"":8490,""detectors_checked"":253286400}"
    163840,         0,         0,    11.7,decoder_by_matrix,cc9cd6551b3048ae216380ccb8ae5d3cca75b5b766fe651c47ef084ce4ce7dc6,"{""distance"":5,""physical_error_rate"":5e-05}","{""detection_events"":4835,""detectors_checked"":27852800}"
    257024,         0,         0,    11.7,decoder_by_matrix,6866428194f3c2ecf80b799fe3d7eaa0d7bfdd0bee14693d15f8abf3c1159eda,"{""distance"":5,""physical_error_rate"":1e-05}","{""detection_events"":1600,""detectors_checked"":43694080}"
    153600,         1,         0,    11.7,decoder_by_matrix,5b8a070a3cf8d31d64f24dbee89f3428cb9cab13fc59f7448d798f9bf08e9187,"{""distance"":5,""physical_error_rate"":0.001}","{""detection_events"":84860,""detectors_checked"":26112000,""obs_mistake_mask=E_"":1}"
    154624,         1,         0,    11.7,decoder_by_matrix,5b8a070a3cf8d31d64f24dbee89f3428cb9cab13fc59f7448d798f9bf08e9187,"{""distance"":5,""physical_error_rate"":0.001}","{""detection_events"":86530,""detectors_checked"":26286080,""obs_mistake_mask=E_"":1}"
    158720,         1,         0,    11.7,decoder_by_matrix,f0fc70a0432f83ff513e502442839d2eab02e2bed2f658d0464ff826d304e5e7,"{""distance"":5,""physical_error_rate"":0.0005}","{""detection_events"":46000,""detectors_checked"":26982400,""obs_mistake_mask=_E"":1}"
    198656,         0,         0,    11.6,decoder_by_matrix,a052b2ce6ed64a98931ebcd7492590a746d7ec6e385d9f4479eb5b69a31b01f0,"{""distance"":5,""physical_error_rate"":0.0001}","{""detection_events"":11310,""detectors_checked"":33771520}"
    164864,         0,         0,    11.7,decoder_by_matrix,a052b2ce6ed64a98931ebcd7492590a746d7ec6e385d9f4479eb5b69a31b01f0,"{""distance"":5,""physical_error_rate"":0.0001}","{""detection_events"":9145,""detectors_checked"":28026880}"
    156672,         0,         0,    11.7,decoder_by_matrix,f0fc70a0432f83ff513e502442839d2eab02e2bed2f658d0464ff826d304e5e7,"{""distance"":5,""physical_error_rate"":0.0005}","{""detection_events"":44695,""detectors_checked"":26634240}"
   1418240,         0,         0,   119.5,decoder_by_matrix,f0fc70a0432f83ff513e502442839d2eab02e2bed2f658d0464ff826d304e5e7,"{""distance"":5,""physical_error_rate"":0.0005}","{""detection_events"":406185,""detectors_checked"":241100800}"
   1659904,         3,         0,   119.5,decoder_by_matrix,5b8a070a3cf8d31d64f24dbee89f3428cb9cab13fc59f7448d798f9bf08e9187,"{""distance"":5,""physical_error_rate"":0.001}","{""detection_events"":935850,""detectors_checked"":282183680,""obs_mistake_mask=EE"":3}"
    335872,         0,         0,    16.4,decoder_by_matrix,6866428194f3c2ecf80b799fe3d7eaa0d7bfdd0bee14693d15f8abf3c1159eda,"{""distance"":5,""physical_error_rate"":1e-05}","{""detection_events"":2005,""detectors_checked"":57098240}"
    224256,         0,         0,    16.4,decoder_by_matrix,cc9cd6551b3048ae216380ccb8ae5d3cca75b5b766fe651c47ef084ce4ce7dc6,"{""distance"":5,""physical_error_rate"":5e-05}","{""detection_events"":6740,""detectors_checked"":38123520}"
    220160,         1,         0,    16.4,decoder_by_matrix,5b8a070a3cf8d31d64f24dbee89f3428cb9cab13fc59f7448d798f9bf08e9187,"{""distance"":5,""physical_error_rate"":0.001}","{""detection_events"":125800,""detectors_checked"":37427200,""obs_mistake_mask=E_"":1}"
    216064,         1,         0,    16.3,decoder_by_matrix,5b8a070a3cf8d31d64f24dbee89f3428cb9cab13fc59f7448d798f9bf08e9187,"{""distance"":5,""physical_error_rate"":0.001}","{""detection_events"":122360,""detectors_checked"":36730880,""obs_mistake_mask=_E"":1}"
    220160,         1,         0,    16.4,decoder_by_matrix,f0fc70a0432f83ff513e502442839d2eab02e2bed2f658d0464ff826d304e5e7,"{""distance"":5,""physical_error_rate"":0.0005}","{""detection_events"":64615,""detectors_checked"":37427200,""obs_mistake_mask=EE"":1}"
    263168,         0,         0,    16.4,decoder_by_matrix,a052b2ce6ed64a98931ebcd7492590a746d7ec6e385d9f4479eb5b69a31b01f0,"{""distance"":5,""physical_error_rate"":0.0001}","{""detection_events"":14940,""detectors_checked"":44738560}"
    210944,         0,         0,    16.3,decoder_by_matrix,a052b2ce6ed64a98931ebcd7492590a746d7ec6e385d9f4479eb5b69a31b01f0,"{""distance"":5,""physical_error_rate"":0.0001}","{""detection_events"":11840,""detectors_checked"":35860480}"
    211968,         0,         0,    16.4,decoder_by_matrix,f0fc70a0432f83ff513e502442839d2eab02e2bed2f658d0464ff826d304e5e7,"{""distance"":5,""physical_error_rate"":0.0005}","{""detection_events"":61480,""detectors_checked"":36034560}"
    505856,         1,         0,    22.9,decoder_by_matrix,5b8a070a3cf8d31d64f24dbee89f3428cb9cab13fc59f7448d798f9bf08e9187,"{""distance"":5,""physical_error_rate"":0.001}","{""detection_events"":287440,""detectors_checked"":85995520,""obs_mistake_mask=E_"":1}"
    317440,         0,         0,    23.0,decoder_by_matrix,6866428194f3c2ecf80b799fe3d7eaa0d7bfdd0bee14693d15f8abf3c1159eda,"{""distance"":5,""physical_error_rate"":1e-05}","{""detection_events"":1660,""detectors_checked"":53964800}"
    289792,         0,         0,    22.9,decoder_by_matrix,f0fc70a0432f83ff513e502442839d2eab02e2bed2f658d0464ff826d304e5e7,"{""distance"":5,""physical_error_rate"":0.0005}","{""detection_events"":81720,""detectors_checked"":49264640}"
    304128,         1,         0,    23.0,decoder_by_matrix,5b8a070a3cf8d31d64f24dbee89f3428cb9cab13fc59f7448d798f9bf08e9187,"{""distance"":5,""physical_error_rate"":0.001}","{""detection_events"":173305,""detectors_checked"":51701760,""obs_mistake_mask=E_"":1}"
    312320,         0,         0,    22.9,decoder_by_matrix,cc9cd6551b3048ae216380ccb8ae5d3cca75b5b766fe651c47ef084ce4ce7dc6,"{""distance"":5,""physical_error_rate"":5e-05}","{""detection_events"":9275,""detectors_checked"":53094400}"
    304128,         0,         0,    23.0,decoder_by_matrix,a052b2ce6ed64a98931ebcd7492590a746d7ec6e385d9f4479eb5b69a31b01f0,"{""distance"":5,""physical_error_rate"":0.0001}","{""detection_events"":17320,""detectors_checked"":51701760}"
   2816000,         0,         0,   119.6,decoder_by_matrix,6866428194f3c2ecf80b799fe3d7eaa0d7bfdd0bee14693d15f8abf3c1159eda,"{""distance"":5,""physical_error_rate"":1e-05}","{""detection_events"":16055,""detectors_checked"":478720000}"
   1579008,         0,         0,   119.5,decoder_by_matrix,cc9cd6551b3048ae216380ccb8ae5d3cca75b5b766fe651c47ef084ce4ce7dc6,"{""distance"":5,""physical_error_rate"":5e-05}","{""detection_events"":44385,""detectors_checked"":268431360}"
   1468416,         0,         0,   119.6,decoder_by_matrix,a052b2ce6ed64a98931ebcd7492590a746d7ec6e385d9f4479eb5b69a31b01f0,"{""distance"":5,""physical_error_rate"":0.0001}","{""detection_events"":83540,""detectors_checked"":249630720}"
   1518592,         0,         0,   119.5,decoder_by_matrix,6866428194f3c2ecf80b799fe3d7eaa0d7bfdd0bee14693d15f8abf3c1159eda,"{""distance"":5,""physical_error_rate"":1e-05}","{""detection_events"":8010,""detectors_checked"":258160640}"
   1677312,         0,         0,   119.6,decoder_by_matrix,6866428194f3c2ecf80b799fe3d7eaa0d7bfdd0bee14693d15f8abf3c1159eda,"{""distance"":5,""physical_error_rate"":1e-05}","{""detection_events"":8945,""detectors_checked"":285143040}"
   1438720,         0,         0,   119.6,decoder_by_matrix,f0fc70a0432f83ff513e502442839d2eab02e2bed2f658d0464ff826d304e5e7,"{""distance"":5,""physical_error_rate"":0.0005}","{""detection_events"":415190,""detectors_checked"":244582400}"
    486400,         0,         0,    22.9,decoder_by_matrix,6866428194f3c2ecf80b799fe3d7eaa0d7bfdd0bee14693d15f8abf3c1159eda,"{""distance"":5,""physical_error_rate"":1e-05}","{""detection_events"":3300,""detectors_checked"":82688000}"
    312320,         0,         0,    22.9,decoder_by_matrix,cc9cd6551b3048ae216380ccb8ae5d3cca75b5b766fe651c47ef084ce4ce7dc6,"{""distance"":5,""physical_error_rate"":5e-05}","{""detection_events"":8310,""detectors_checked"":53094400}"
    302080,         0,         0,    22.8,decoder_by_matrix,5b8a070a3cf8d31d64f24dbee89f3428cb9cab13fc59f7448d798f9bf08e9187,"{""distance"":5,""physical_error_rate"":0.001}","{""detection_events"":172025,""detectors_checked"":51353600}"
    308224,         1,         0,    22.9,decoder_by_matrix,5b8a070a3cf8d31d64f24dbee89f3428cb9cab13fc59f7448d798f9bf08e9187,"{""distance"":5,""physical_error_rate"":0.001}","{""detection_events"":175565,""detectors_checked"":52398080,""obs_mistake_mask=E_"":1}"
    458752,         0,         0,    22.9,decoder_by_matrix,a052b2ce6ed64a98931ebcd7492590a746d7ec6e385d9f4479eb5b69a31b01f0,"{""distance"":5,""physical_error_rate"":0.0001}","{""detection_events"":26265,""detectors_checked"":77987840}"
    311296,         0,         0,    22.9,decoder_by_matrix,f0fc70a0432f83ff513e502442839d2eab02e2bed2f658d0464ff826d304e5e7,"{""distance"":5,""physical_error_rate"":0.0005}","{""detection_events"":90055,""detectors_checked"":52920320}"
    284672,         0,         0,    22.9,decoder_by_matrix,a052b2ce6ed64a98931ebcd7492590a746d7ec6e385d9f4479eb5b69a31b01f0,"{""distance"":5,""physical_error_rate"":0.0001}","{""detection_events"":16435,""detectors_checked"":48394240}"
    312320,         0,         0,    22.9,decoder_by_matrix,f0fc70a0432f83ff513e502442839d2eab02e2bed2f658d0464ff826d304e5e7,"{""distance"":5,""physical_error_rate"":0.0005}","{""detection_events"":87735,""detectors_checked"":53094400}"
   1563648,         0,         0,   119.6,decoder_by_matrix,f0fc70a0432f83ff513e502442839d2eab02e2bed2f658d0464ff826d304e5e7,"{""distance"":5,""physical_error_rate"":0.0005}","{""detection_events"":442380,""detectors_checked"":265820160}"
   2447360,         0,         0,   119.6,decoder_by_matrix,cc9cd6551b3048ae216380ccb8ae5d3cca75b5b766fe651c47ef084ce4ce7dc6,"{""distance"":5,""physical_error_rate"":5e-05}","{""detection_events"":69290,""detectors_checked"":416051200}"
    690176,         3,         0,    32.1,decoder_by_matrix,5b8a070a3cf8d31d64f24dbee89f3428cb9cab13fc59f7448d798f9bf08e9187,"{""distance"":5,""physical_error_rate"":0.001}","{""detection_events"":392730,""detectors_checked"":117329920,""obs_mistake_mask=EE"":1,""obs_mistake_mask=_E"":2}"
    437248,         0,         0,    32.1,decoder_by_matrix,6866428194f3c2ecf80b799fe3d7eaa0d7bfdd0bee14693d15f8abf3c1159eda,"{""distance"":5,""physical_error_rate"":1e-05}","{""detection_events"":2485,""detectors_checked"":74332160}"
    397312,         0,         0,    32.0,decoder_by_matrix,f0fc70a0432f83ff513e502442839d2eab02e2bed2f658d0464ff826d304e5e7,"{""distance"":5,""physical_error_rate"":0.0005}","{""detection_events"":115085,""detectors_checked"":67543040}"
    458752,         0,         0,    32.1,decoder_by_matrix,5b8a070a3cf8d31d64f24dbee89f3428cb9cab13fc59f7448d798f9bf08e9187,"{""distance"":5,""physical_error_rate"":0.001}","{""detection_events"":259600,""detectors_checked"":77987840}"
    434176,         0,         0,    32.1,decoder_by_matrix,cc9cd6551b3048ae216380ccb8ae5d3cca75b5b766fe651c47ef084ce4ce7dc6,"{""distance"":5,""physical_error_rate"":5e-05}","{""detection_events"":12305,""detectors_checked"":73809920}"
    424960,         0,         0,    32.1,decoder_by_matrix,a052b2ce6ed64a98931ebcd7492590a746d7ec6e385d9f4479eb5b69a31b01f0,"{""distance"":5,""physical_error_rate"":0.0001}","{""detection_events"":24320,""detectors_checked"":72243200}"
   2342912,         0,         0,   119.7,decoder_by_matrix,f0fc70a0432f83ff513e502442839d2eab02e2bed2f658d0464ff826d304e5e7,"{""distance"":5,""physical_error_rate"":0.0005}","{""detection_events"":669655,""detectors_checked"":398295040}"
   1690624,         0,         0,   119.6,decoder_by_matrix,6866428194f3c2ecf80b799fe3d7eaa0d7bfdd0bee14693d15f8abf3c1159eda,"{""distance"":5,""physical_error_rate"":1e-05}","{""detection_events"":9575,""detectors_checked"":287406080}"
   1649664,         0,         0,   119.7,decoder_by_matrix,cc9cd6551b3048ae216380ccb8ae5d3cca75b5b766fe651c47ef084ce4ce7dc6,"{""distance"":5,""physical_error_rate"":5e-05}","{""detection_events"":47350,""detectors_checked"":280442880}"
   1675264,         0,         0,   119.6,decoder_by_matrix,cc9cd6551b3048ae216380ccb8ae5d3cca75b5b766fe651c47ef084ce4ce7dc6,"{""distance"":5,""physical_error_rate"":5e-05}","{""detection_events"":48460,""detectors_checked"":284794880}"
   1685504,         0,         0,   119.5,decoder_by_matrix,a052b2ce6ed64a98931ebcd7492590a746d7ec6e385d9f4479eb5b69a31b01f0,"{""distance"":5,""physical_error_rate"":0.0001}","{""detection_events"":95640,""detectors_checked"":286535680}"
   1623040,         0,         0,   119.6,decoder_by_matrix,f0fc70a0432f83ff513e502442839d2eab02e2bed2f658d0464ff826d304e5e7,"{""distance"":5,""physical_error_rate"":0.0005}","{""detection_events"":466110,""detectors_checked"":275916800}"
   1667072,         2,         0,   119.6,decoder_by_matrix,5b8a070a3cf8d31d64f24dbee89f3428cb9cab13fc59f7448d798f9bf08e9187,"{""distance"":5,""physical_error_rate"":0.001}","{""detection_events"":938415,""detectors_checked"":283402240,""obs_mistake_mask=E_"":1,""obs_mistake_mask=_E"":1}"
   1644544,         0,         0,   119.7,decoder_by_matrix,a052b2ce6ed64a98931ebcd7492590a746d7ec6e385d9f4479eb5b69a31b01f0,"{""distance"":5,""physical_error_rate"":0.0001}","{""detection_events"":95850,""detectors_checked"":279572480}"
   1678336,         0,         0,   119.7,decoder_by_matrix,6866428194f3c2ecf80b799fe3d7eaa0d7bfdd0bee14693d15f8abf3c1159eda,"{""distance"":5,""physical_error_rate"":1e-05}","{""detection_events"":9880,""detectors_checked"":285317120}"
   1545216,         0,         0,   119.6,decoder_by_matrix,f0fc70a0432f83ff513e502442839d2eab02e2bed2f658d0464ff826d304e5e7,"{""distance"":5,""physical_error_rate"":0.0005}","{""detection_events"":435485,""detectors_checked"":262686720}"
    692224,         0,         0,    32.1,decoder_by_matrix,6866428194f3c2ecf80b799fe3d7eaa0d7bfdd0bee14693d15f8abf3c1159eda,"{""distance"":5,""physical_error_rate"":1e-05}","{""detection_events"":3695,""detectors_checked"":117678080}"
    474112,         0,         0,    32.1,decoder_by_matrix,cc9cd6551b3048ae216380ccb8ae5d3cca75b5b766fe651c47ef084ce4ce7dc6,"{""distance"":5,""physical_error_rate"":5e-05}","{""detection_events"":13535,""detectors_checked"":80599040}"
    449536,         0,         0,    32.1,decoder_by_matrix,5b8a070a3cf8d31d64f24dbee89f3428cb9cab13fc59f7448d798f9bf08e9187,"{""distance"":5,""physical_error_rate"":0.001}","{""detection_events"":252655,""detectors_checked"":76421120}"
    436224,         0,         0,    32.0,decoder_by_matrix,f0fc70a0432f83ff513e502442839d2eab02e2bed2f658d0464ff826d304e5e7,"{""distance"":5,""physical_error_rate"":0.0005}","{""detection_events"":125990,""detectors_checked"":74158080}"
    424960,         0,         0,    32.0,decoder_by_matrix,5b8a070a3cf8d31d64f24dbee89f3428cb9cab13fc59f7448d798f9bf08e9187,"{""distance"":5,""physical_error_rate"":0.001}","{""detection_events"":240375,""detectors_checked"":72243200}"
    670720,         0,         0,    32.0,decoder_by_matrix,a052b2ce6ed64a98931ebcd7492590a746d7ec6e385d9f4479eb5b69a31b01f0,"{""distance"":5,""physical_error_rate"":0.0001}","{""detection_events"":37280,""detectors_checked"":114022400}"
    412672,         0,         0,    32.1,decoder_by_matrix,a052b2ce6ed64a98931ebcd7492590a746d7ec6e385d9f4479eb5b69a31b01f0,"{""distance"":5,""physical_error_rate"":0.0001}","{""detection_events"":24610,""detectors_checked"":70154240}"
    423936,         0,         0,    32.0,decoder_by_matrix,f0fc70a0432f83ff513e502442839d2eab02e2bed2f658d0464ff826d304e5e7,"{""distance"":5,""physical_error_rate"":0.0005}","{""detection_events"":121475,""detectors_checked"":72069120}"
   2572288,         0,         0,   119.6,decoder_by_matrix,a052b2ce6ed64a98931ebcd7492590a746d7ec6e385d9f4479eb5b69a31b01f0,"{""distance"":5,""physical_error_rate"":0.0001}","{""detection_events"":144870,""detectors_checked"":437288960}"
    986112,         1,         0,    44.9,decoder_by_matrix,5b8a070a3cf8d31d64f24dbee89f3428cb9cab13fc59f7448d798f9bf08e9187,"{""distance"":5,""physical_error_rate"":0.001}","{""detection_events"":564415,""detectors_checked"":167639040,""obs_mistake_mask=E_"":1}"
    601088,         0,         0,    44.9,decoder_by_matrix,6866428194f3c2ecf80b799fe3d7eaa0d7bfdd0bee14693d15f8abf3c1159eda,"{""distance"":5,""physical_error_rate"":1e-05}","{""detection_events"":3125,""detectors_checked"":102184960}"
    558080,         0,         0,    44.9,decoder_by_matrix,f0fc70a0432f83ff513e502442839d2eab02e2bed2f658d0464ff826d304e5e7,"{""distance"":5,""physical_error_rate"":0.0005}","{""detection_events"":159820,""detectors_checked"":94873600}"
    569344,         1,         0,    44.9,decoder_by_matrix,5b8a070a3cf8d31d64f24dbee89f3428cb9cab13fc59f7448d798f9bf08e9187,"{""distance"":5,""physical_error_rate"":0.001}","{""detection_events"":327345,""detectors_checked"":96788480,""obs_mistake_mask=E_"":1}"
    635904,         0,         0,    44.9,decoder_by_matrix,cc9cd6551b3048ae216380ccb8ae5d3cca75b5b766fe651c47ef084ce4ce7dc6,"{""distance"":5,""physical_error_rate"":5e-05}","{""detection_events"":17900,""detectors_checked"":108103680}"
    557056,         0,         0,    44.9,decoder_by_matrix,a052b2ce6ed64a98931ebcd7492590a746d7ec6e385d9f4479eb5b69a31b01f0,"{""distance"":5,""physical_error_rate"":0.0001}","{""detection_events"":32540,""detectors_checked"":94699520}"
   3231744,         6,         0,   119.2,decoder_by_matrix,5b8a070a3cf8d31d64f24dbee89f3428cb9cab13fc59f7448d798f9bf08e9187,"{""distance"":5,""physical_error_rate"":0.001}","{""detection_events"":1846785,""detectors_checked"":549396480,""obs_mistake_mask=EE"":1,""obs_mistake_mask=E_"":3,""obs_mistake_mask=_E"":2}"
   1497088,         2,         0,   119.6,decoder_by_matrix,5b8a070a3cf8d31d64f24dbee89f3428cb9cab13fc59f7448d798f9bf08e9187,"{""distance"":5,""physical_error_rate"":0.001}","{""detection_events"":847015,""detectors_checked"":254504960,""obs_mistake_mask=E_"":1,""obs_mistake_mask=_E"":1}"
   1580032,         0,         0,   119.6,decoder_by_matrix,cc9cd6551b3048ae216380ccb8ae5d3cca75b5b766fe651c47ef084ce4ce7dc6,"{""distance"":5,""physical_error_rate"":5e-05}","{""detection_events"":45990,""detectors_checked"":268605440}"
   1487872,         0,         0,   119.6,decoder_by_matrix,5b8a070a3cf8d31d64f24dbee89f3428cb9cab13fc59f7448d798f9bf08e9187,"{""distance"":5,""physical_error_rate"":0.001}","{""detection_events"":840235,""detectors_checked"":252938240}"
   1580032,         0,         0,   119.6,decoder_by_matrix,6866428194f3c2ecf80b799fe3d7eaa0d7bfdd0bee14693d15f8abf3c1159eda,"{""distance"":5,""physical_error_rate"":1e-05}","{""detection_events"":8840,""detectors_checked"":268605440}"
   1558528,         0,         0,   119.6,decoder_by_matrix,cc9cd6551b3048ae216380ccb8ae5d3cca75b5b766fe651c47ef084ce4ce7dc6,"{""distance"":5,""physical_error_rate"":5e-05}","{""detection_events"":44205,""detectors_checked"":264949760}"
   1599488,         0,         0,   119.5,decoder_by_matrix,f0fc70a0432f83ff513e502442839d2eab02e2bed2f658d0464ff826d304e5e7,"{""distance"":5,""physical_error_rate"":0.0005}","{""detection_events"":454780,""detectors_checked"":271912960}"
   1540096,         2,         0,   119.7,decoder_by_matrix,5b8a070a3cf8d31d64f24dbee89f3428cb9cab13fc59f7448d798f9bf08e9187,"{""distance"":5,""physical_error_rate"":0.001}","{""detection_events"":883525,""detectors_checked"":261816320,""obs_mistake_mask=E_"":2}"
   1471488,         0,         0,   119.6,decoder_by_matrix,a052b2ce6ed64a98931ebcd7492590a746d7ec6e385d9f4479eb5b69a31b01f0,"{""distance"":5,""physical_error_rate"":0.0001}","{""detection_events"":83710,""detectors_checked"":250152960}"
   1576960,         0,         0,   119.5,decoder_by_matrix,a052b2ce6ed64a98931ebcd7492590a746d7ec6e385d9f4479eb5b69a31b01f0,"{""distance"":5,""physical_error_rate"":0.0001}","{""detection_events"":92450,""detectors_checked"":268083200}"
    977920,         0,         0,    44.9,decoder_by_matrix,6866428194f3c2ecf80b799fe3d7eaa0d7bfdd0bee14693d15f8abf3c1159eda,"{""distance"":5,""physical_error_rate"":1e-05}","{""detection_events"":5450,""detectors_checked"":166246400}"
    612352,         0,         0,    44.8,decoder_by_matrix,cc9cd6551b3048ae216380ccb8ae5d3cca75b5b766fe651c47ef084ce4ce7dc6,"{""distance"":5,""physical_error_rate"":5e-05}","{""detection_events"":17765,""detectors_checked"":104099840}"
    591872,         1,         0,    44.9,decoder_by_matrix,5b8a070a3cf8d31d64f24dbee89f3428cb9cab13fc59f7448d798f9bf08e9187,"{""distance"":5,""physical_error_rate"":0.001}","{""detection_events"":338050,""detectors_checked"":100618240,""obs_mistake_mask=_E"":1}"
    598016,         5,         0,    44.9,decoder_by_matrix,5b8a070a3cf8d31d64f24dbee89f3428cb9cab13fc59f7448d798f9bf08e9187,"{""distance"":5,""physical_error_rate"":0.001}","{""detection_events"":340435,""detectors_checked"":101662720,""obs_mistake_mask=E_"":3,""obs_mistake_mask=_E"":2}"
    570368,         0,         0,    44.9,decoder_by_matrix,f0fc70a0432f83ff513e502442839d2eab02e2bed2f658d0464ff826d304e5e7,"{""distance"":5,""physical_error_rate"":0.0005}","{""detection_events"":158010,""detectors_checked"":96962560}"
    968704,         0,         0,    44.8,decoder_by_matrix,a052b2ce6ed64a98931ebcd7492590a746d7ec6e385d9f4479eb5b69a31b01f0,"{""distance"":5,""physical_error_rate"":0.0001}","{""detection_events"":56555,""detectors_checked"":164679680}"
    582656,         0,         0,    44.8,decoder_by_matrix,a052b2ce6ed64a98931ebcd7492590a746d7ec6e385d9f4479eb5b69a31b01f0,"{""distance"":5,""physical_error_rate"":0.0001}","{""detection_events"":33460,""detectors_checked"":99051520}"
    596992,         0,         0,    44.9,decoder_by_matrix,f0fc70a0432f83ff513e502442839d2eab02e2bed2f658d0464ff826d304e5e7,"{""distance"":5,""physical_error_rate"":0.0005}","{""detection_events"":172755,""detectors_checked"":101488640}"
   1658880,         0,         0,   119.5,decoder_by_matrix,cc9cd6551b3048ae216380ccb8ae5d3cca75b5b766fe651c47ef084ce4ce7dc6,"{""distance"":5,""physical_error_rate"":5e-05}","{""detection_events"":48240,""detectors_checked"":282009600}"
   1446912,         0,         0,   119.6,decoder_by_matrix,a052b2ce6ed64a98931ebcd7492590a746d7ec6e385d9f4479eb5b69a31b01f0,"{""distance"":5,""physical_error_rate"":0.0001}","{""detection_events"":83150,""detectors_checked"":245975040}"
   1610752,         0,         0,   119.6,decoder_by_matrix,6866428194f3c2ecf80b799fe3d7eaa0d7bfdd0bee14693d15f8abf3c1159eda,"{""distance"":5,""physical_error_rate"":1e-05}","{""detection_events"":9080,""detectors_checked"":273827840}"
   1477632,         0,         0,   119.6,decoder_by_matrix,f0fc70a0432f83ff513e502442839d2eab02e2bed2f658d0464ff826d304e5e7,"{""distance"":5,""physical_error_rate"":0.0005}","{""detection_events"":416040,""detectors_checked"":251197440}"
   1592320,         2,         0,   119.6,decoder_by_matrix,5b8a070a3cf8d31d64f24dbee89f3428cb9cab13fc59f7448d798f9bf08e9187,"{""distance"":5,""physical_error_rate"":0.001}","{""detection_events"":914970,""detectors_checked"":270694400,""obs_mistake_mask=E_"":2}"
   2713600,         0,         0,   119.5,decoder_by_matrix,6866428194f3c2ecf80b799fe3d7eaa0d7bfdd0bee14693d15f8abf3c1159eda,"{""distance"":5,""physical_error_rate"":1e-05}","{""detection_events"":14660,""detectors_checked"":461312000}"
   1574912,         0,         0,   119.7,decoder_by_matrix,cc9cd6551b3048ae216380ccb8ae5d3cca75b5b766fe651c47ef084ce4ce7dc6,"{""distance"":5,""physical_error_rate"":5e-05}","{""detection_events"":46020,""detectors_checked"":267735040}"
   1505280,         0,         0,   119.7,decoder_by_matrix,a052b2ce6ed64a98931ebcd7492590a746d7ec6e385d9f4479eb5b69a31b01f0,"{""distance"":5,""physical_error_rate"":0.0001}","{""detection_events"":86560,""detectors_checked"":255897600}"
   1519616,         0,         0,   119.5,decoder_by_matrix,6866428194f3c2ecf80b799fe3d7eaa0d7bfdd0bee14693d15f8abf3c1159eda,"{""distance"":5,""physical_error_rate"":1e-05}","{""detection_events"":8405,""detectors_checked"":258334720}"
   1581056,         0,         0,   119.5,decoder_by_matrix,6866428194f3c2ecf80b799fe3d7eaa0d7bfdd0bee14693d15f8abf3c1159eda,"{""distance"":5,""physical_error_rate"":1e-05}","{""detection_events"":8880,""detectors_checked"":268779520}"
   1525760,         0,         0,   119.6,decoder_by_matrix,f0fc70a0432f83ff513e502442839d2eab02e2bed2f658d0464ff826d304e5e7,"{""distance"":5,""physical_error_rate"":0.0005}","{""detection_events"":434155,""detectors_checked"":259379200}"
   1393664,         2,         0,    62.8,decoder_by_matrix,5b8a070a3cf8d31d64f24dbee89f3428cb9cab13fc59f7448d798f9bf08e9187,"{""distance"":5,""physical_error_rate"":0.001}","{""detection_events"":795575,""detectors_checked"":236922880,""obs_mistake_mask=E_"":1,""obs_mistake_mask=_E"":1}"
    846848,         0,         0,    62.7,decoder_by_matrix,6866428194f3c2ecf80b799fe3d7eaa0d7bfdd0bee14693d15f8abf3c1159eda,"{""distance"":5,""physical_error_rate"":1e-05}","{""detection_events"":5055,""detectors_checked"":143964160}"
    840704,         0,         0,    62.8,decoder_by_matrix,f0fc70a0432f83ff513e502442839d2eab02e2bed2f658d0464ff826d304e5e7,"{""distance"":5,""physical_error_rate"":0.0005}","{""detection_events"":235480,""detectors_checked"":142919680}"
    865280,         6,         0,    62.8,decoder_by_matrix,5b8a070a3cf8d31d64f24dbee89f3428cb9cab13fc59f7448d798f9bf08e9187,"{""distance"":5,""physical_error_rate"":0.001}","{""detection_events"":489675,""detectors_checked"":147097600,""obs_mistake_mask=EE"":1,""obs_mistake_mask=E_"":2,""obs_mistake_mask=_E"":3}"
    867328,         0,         0,    62.8,decoder_by_matrix,cc9cd6551b3048ae216380ccb8ae5d3cca75b5b766fe651c47ef084ce4ce7dc6,"{""distance"":5,""physical_error_rate"":5e-05}","{""detection_events"":25570,""detectors_checked"":147445760}"
    796672,         0,         0,    62.8,decoder_by_matrix,a052b2ce6ed64a98931ebcd7492590a746d7ec6e385d9f4479eb5b69a31b01f0,"{""distance"":5,""physical_error_rate"":0.0001}","{""detection_events"":47035,""detectors_checked"":135434240}"
   1527808,         0,         0,   119.6,decoder_by_matrix,f0fc70a0432f83ff513e502442839d2eab02e2bed2f658d0464ff826d304e5e7,"{""distance"":5,""physical_error_rate"":0.0005}","{""detection_events"":436105,""detectors_checked"":259727360}"
   2454528,         0,         0,   119.7,decoder_by_matrix,cc9cd6551b3048ae216380ccb8ae5d3cca75b5b766fe651c47ef084ce4ce7dc6,"{""distance"":5,""physical_error_rate"":5e-05}","{""detection_events"":70715,""detectors_checked"":417269760}"
   1342464,         0,         0,    62.8,decoder_by_matrix,6866428194f3c2ecf80b799fe3d7eaa0d7bfdd0bee14693d15f8abf3c1159eda,"{""distance"":5,""physical_error_rate"":1e-05}","{""detection_events"":7175,""detectors_checked"":228218880}"
    877568,         0,         0,    62.8,decoder_by_matrix,cc9cd6551b3048ae216380ccb8ae5d3cca75b5b766fe651c47ef084ce4ce7dc6,"{""distance"":5,""physical_error_rate"":5e-05}","{""detection_events"":26145,""detectors_checked"":149186560}"
    836608,         2,         0,    62.9,decoder_by_matrix,5b8a070a3cf8d31d64f24dbee89f3428cb9cab13fc59f7448d798f9bf08e9187,"{""distance"":5,""physical_error_rate"":0.001}","{""detection_events"":479725,""detectors_checked"":142223360,""obs_mistake_mask=EE"":1,""obs_mistake_mask=E_"":1}"
   1176576,         0,         0,    62.6,decoder_by_matrix,a052b2ce6ed64a98931ebcd7492590a746d7ec6e385d9f4479eb5b69a31b01f0,"{""distance"":5,""physical_error_rate"":0.0001}","{""detection_events"":65910,""detectors_checked"":200017920}"
    823296,         2,         0,    62.8,decoder_by_matrix,5b8a070a3cf8d31d64f24dbee89f3428cb9cab13fc59f7448d798f9bf08e9187,"{""distance"":5,""physical_error_rate"":0.001}","{""detection_events"":465005,""detectors_checked"":139960320,""obs_mistake_mask=EE"":1,""obs_mistake_mask=_E"":1}"
    750592,         1,         0,    62.8,decoder_by_matrix,f0fc70a0432f83ff513e502442839d2eab02e2bed2f658d0464ff826d304e5e7,"{""distance"":5,""physical_error_rate"":0.0005}","{""detection_events"":209795,""detectors_checked"":127600640,""obs_mistake_mask=_E"":1}"
    880640,         1,         0,    62.8,decoder_by_matrix,f0fc70a0432f83ff513e502442839d2eab02e2bed2f658d0464ff826d304e5e7,"{""distance"":5,""physical_error_rate"":0.0005}","{""detection_events"":252120,""detectors_checked"":149708800,""obs_mistake_mask=_E"":1}"
    858112,         0,         0,    62.8,decoder_by_matrix,a052b2ce6ed64a98931ebcd7492590a746d7ec6e385d9f4479eb5b69a31b01f0,"{""distance"":5,""physical_error_rate"":0.0001}","{""detection_events"":48880,""detectors_checked"":145879040}"
   2265088,         0,         0,   119.6,decoder_by_matrix,f0fc70a0432f83ff513e502442839d2eab02e2bed2f658d0464ff826d304e5e7,"{""distance"":5,""physical_error_rate"":0.0005}","{""detection_events"":648600,""detectors_checked"":385064960}"
   1664000,         0,         0,   119.7,decoder_by_matrix,6866428194f3c2ecf80b799fe3d7eaa0d7bfdd0bee14693d15f8abf3c1159eda,"{""distance"":5,""physical_error_rate"":1e-05}","{""detection_events"":9160,""detectors_checked"":282880000}"
   1631232,         0,         0,   119.7,decoder_by_matrix,cc9cd6551b3048ae216380ccb8ae5d3cca75b5b766fe651c47ef084ce4ce7dc6,"{""distance"":5,""physical_error_rate"":5e-05}","{""detection_events"":44475,""detectors_checked"":277309440}"
   1659904,         0,         0,   119.5,decoder_by_matrix,cc9cd6551b3048ae216380ccb8ae5d3cca75b5b766fe651c47ef084ce4ce7dc6,"{""distance"":5,""physical_error_rate"":5e-05}","{""detection_events"":47725,""detectors_checked"":282183680}"
   1645568,         0,         0,   119.6,decoder_by_matrix,a052b2ce6ed64a98931ebcd7492590a746d7ec6e385d9f4479eb5b69a31b01f0,"{""distance"":5,""physical_error_rate"":0.0001}","{""detection_events"":92205,""detectors_checked"":279746560}"
   1602560,         0,         0,   119.7,decoder_by_matrix,f0fc70a0432f83ff513e502442839d2eab02e2bed2f658d0464ff826d304e5e7,"{""distance"":5,""physical_error_rate"":0.0005}","{""detection_events"":457445,""detectors_checked"":272435200}"
   1710080,         2,         0,   119.5,decoder_by_matrix,5b8a070a3cf8d31d64f24dbee89f3428cb9cab13fc59f7448d798f9bf08e9187,"{""distance"":5,""physical_error_rate"":0.001}","{""detection_events"":967915,""detectors_checked"":290713600,""obs_mistake_mask=_E"":2}"
   1589248,         0,         0,   119.7,decoder_by_matrix,a052b2ce6ed64a98931ebcd7492590a746d7ec6e385d9f4479eb5b69a31b01f0,"{""distance"":5,""physical_error_rate"":0.0001}","{""detection_events"":90895,""detectors_checked"":270172160}"
   1664000,         0,         0,   119.5,decoder_by_matrix,6866428194f3c2ecf80b799fe3d7eaa0d7bfdd0bee14693d15f8abf3c1159eda,"{""distance"":5,""physical_error_rate"":1e-05}","{""detection_events"":8235,""detectors_checked"":282880000}"
   1525760,         0,         0,   119.7,decoder_by_matrix,f0fc70a0432f83ff513e502442839d2eab02e2bed2f658d0464ff826d304e5e7,"{""distance"":5,""physical_error_rate"":0.0005}","{""detection_events"":429705,""detectors_checked"":259379200}"
   2355200,         0,         0,   119.5,decoder_by_matrix,a052b2ce6ed64a98931ebcd7492590a746d7ec6e385d9f4479eb5b69a31b01f0,"{""distance"":5,""physical_error_rate"":0.0001}","{""detection_events"":133680,""detectors_checked"":400384000}"
   3373056,         6,         0,   119.2,decoder_by_matrix,5b8a070a3cf8d31d64f24dbee89f3428cb9cab13fc59f7448d798f9bf08e9187,"{""distance"":5,""physical_error_rate"":0.001}","{""detection_events"":1906975,""detectors_checked"":573419520,""obs_mistake_mask=EE"":2,""obs_mistake_mask=E_"":1,""obs_mistake_mask=_E"":3}"
   1504256,         4,         0,   119.6,decoder_by_matrix,5b8a070a3cf8d31d64f24dbee89f3428cb9cab13fc59f7448d798f9bf08e9187,"{""distance"":5,""physical_error_rate"":0.001}","{""detection_events"":856515,""detectors_checked"":255723520,""obs_mistake_mask=EE"":1,""obs_mistake_mask=E_"":2,""obs_mistake_mask=_E"":1}"
   1570816,         0,         0,   119.5,decoder_by_matrix,cc9cd6551b3048ae216380ccb8ae5d3cca75b5b766fe651c47ef084ce4ce7dc6,"{""distance"":5,""physical_error_rate"":5e-05}","{""detection_events"":44630,""detectors_checked"":267038720}"
   1505280,         3,         0,   119.6,decoder_by_matrix,5b8a070a3cf8d31d64f24dbee89f3428cb9cab13fc59f7448d798f9bf08e9187,"{""distance"":5,""physical_error_rate"":0.001}","{""detection_events"":853515,""detectors_checked"":255897600,""obs_mistake_mask=E_"":1,""obs_mistake_mask=_E"":2}"
   1541120,         0,         0,   119.5,decoder_by_matrix,6866428194f3c2ecf80b799fe3d7eaa0d7bfdd0bee14693d15f8abf3c1159eda,"{""distance"":5,""physical_error_rate"":1e-05}","{""detection_events"":8405,""detectors_checked"":261990400}"
   1597440,         0,         0,   119.4,decoder_by_matrix,cc9cd6551b3048ae216380ccb8ae5d3cca75b5b766fe651c47ef084ce4ce7dc6,"{""distance"":5,""physical_error_rate"":5e-05}","{""detection_events"":44795,""detectors_checked"":271564800}"
   1547264,         1,         0,   119.6,decoder_by_matrix,f0fc70a0432f83ff513e502442839d2eab02e2bed2f658d0464ff826d304e5e7,"{""distance"":5,""physical_error_rate"":0.0005}","{""detection_events"":444875,""detectors_checked"":263034880,""obs_mistake_mask=EE"":1}"
   1488896,         2,         0,   119.5,decoder_by_matrix,5b8a070a3cf8d31d64f24dbee89f3428cb9cab13fc59f7448d798f9bf08e9187,"{""distance"":5,""physical_error_rate"":0.001}","{""detection_events"":836770,""detectors_checked"":253112320,""obs_mistake_mask=EE"":2}"
   1538048,         0,         0,   119.6,decoder_by_matrix,a052b2ce6ed64a98931ebcd7492590a746d7ec6e385d9f4479eb5b69a31b01f0,"{""distance"":5,""physical_error_rate"":0.0001}","{""detection_events"":89510,""detectors_checked"":261468160}"
   1543168,         0,         0,   119.5,decoder_by_matrix,a052b2ce6ed64a98931ebcd7492590a746d7ec6e385d9f4479eb5b69a31b01f0,"{""distance"":5,""physical_error_rate"":0.0001}","{""detection_events"":86880,""detectors_checked"":262338560}"
   1544192,         0,         0,   119.5,decoder_by_matrix,cc9cd6551b3048ae216380ccb8ae5d3cca75b5b766fe651c47ef084ce4ce7dc6,"{""distance"":5,""physical_error_rate"":5e-05}","{""detection_events"":45575,""detectors_checked"":262512640}"
   1533952,         0,         0,   119.6,decoder_by_matrix,a052b2ce6ed64a98931ebcd7492590a746d7ec6e385d9f4479eb5b69a31b01f0,"{""distance"":5,""physical_error_rate"":0.0001}","{""detection_events"":86405,""detectors_checked"":260771840}"
   1552384,         0,         0,   119.5,decoder_by_matrix,6866428194f3c2ecf80b799fe3d7eaa0d7bfdd0bee14693d15f8abf3c1159eda,"{""distance"":5,""physical_error_rate"":1e-05}","{""detection_events"":8710,""detectors_checked"":263905280}"
   1444864,         0,         0,   119.5,decoder_by_matrix,f0fc70a0432f83ff513e502442839d2eab02e2bed2f658d0464ff826d304e5e7,"{""distance"":5,""physical_error_rate"":0.0005}","{""detection_events"":411935,""detectors_checked"":245626880}"
   2030592,         2,         0,    87.9,decoder_by_matrix,5b8a070a3cf8d31d64f24dbee89f3428cb9cab13fc59f7448d798f9bf08e9187,"{""distance"":5,""physical_error_rate"":0.001}","{""detection_events"":1153340,""detectors_checked"":345200640,""obs_mistake_mask=EE"":1,""obs_mistake_mask=_E"":1}"
   1182720,         0,         0,    87.9,decoder_by_matrix,6866428194f3c2ecf80b799fe3d7eaa0d7bfdd0bee14693d15f8abf3c1159eda,"{""distance"":5,""physical_error_rate"":1e-05}","{""detection_events"":6525,""detectors_checked"":201062400}"
   1170432,         3,         0,    87.9,decoder_by_matrix,5b8a070a3cf8d31d64f24dbee89f3428cb9cab13fc59f7448d798f9bf08e9187,"{""distance"":5,""physical_error_rate"":0.001}","{""detection_events"":659130,""detectors_checked"":198973440,""obs_mistake_mask=E_"":2,""obs_mistake_mask=_E"":1}"
   1084416,         0,         0,    88.0,decoder_by_matrix,f0fc70a0432f83ff513e502442839d2eab02e2bed2f658d0464ff826d304e5e7,"{""distance"":5,""physical_error_rate"":0.0005}","{""detection_events"":306950,""detectors_checked"":184350720}"
   1177600,         0,         0,    88.0,decoder_by_matrix,cc9cd6551b3048ae216380ccb8ae5d3cca75b5b766fe651c47ef084ce4ce7dc6,"{""distance"":5,""physical_error_rate"":5e-05}","{""detection_events"":32435,""detectors_checked"":200192000}"
   1107968,         0,         0,    88.0,decoder_by_matrix,a052b2ce6ed64a98931ebcd7492590a746d7ec6e385d9f4479eb5b69a31b01f0,"{""distance"":5,""physical_error_rate"":0.0001}","{""detection_events"":63715,""detectors_checked"":188354560}"
   1548288,         5,         0,   119.5,decoder_by_matrix,5b8a070a3cf8d31d64f24dbee89f3428cb9cab13fc59f7448d798f9bf08e9187,"{""distance"":5,""physical_error_rate"":0.001}","{""detection_events"":875800,""detectors_checked"":263208960,""obs_mistake_mask=EE"":1,""obs_mistake_mask=E_"":3,""obs_mistake_mask=_E"":1}"
   2804736,         0,         0,   119.6,decoder_by_matrix,6866428194f3c2ecf80b799fe3d7eaa0d7bfdd0bee14693d15f8abf3c1159eda,"{""distance"":5,""physical_error_rate"":1e-05}","{""detection_events"":15770,""detectors_checked"":476805120}"
   1582080,         0,         0,   119.6,decoder_by_matrix,cc9cd6551b3048ae216380ccb8ae5d3cca75b5b766fe651c47ef084ce4ce7dc6,"{""distance"":5,""physical_error_rate"":5e-05}","{""detection_events"":43735,""detectors_checked"":268953600}"
   1910784,         0,         0,    87.9,decoder_by_matrix,6866428194f3c2ecf80b799fe3d7eaa0d7bfdd0bee14693d15f8abf3c1159eda,"{""distance"":5,""physical_error_rate"":1e-05}","{""detection_events"":11425,""detectors_checked"":324833280}"
   1186816,         0,         0,    87.9,decoder_by_matrix,cc9cd6551b3048ae216380ccb8ae5d3cca75b5b766fe651c47ef084ce4ce7dc6,"{""distance"":5,""physical_error_rate"":5e-05}","{""detection_events"":30785,""detectors_checked"":201758720}"
   1123328,         4,         0,    87.9,decoder_by_matrix,5b8a070a3cf8d31d64f24dbee89f3428cb9cab13fc59f7448d798f9bf08e9187,"{""distance"":5,""physical_error_rate"":0.001}","{""detection_events"":640730,""detectors_checked"":190965760,""obs_mistake_mask=E_"":4}"
   1865728,         0,         0,    87.7,decoder_by_matrix,a052b2ce6ed64a98931ebcd7492590a746d7ec6e385d9f4479eb5b69a31b01f0,"{""distance"":5,""physical_error_rate"":0.0001}","{""detection_events"":107560,""detectors_checked"":317173760}"
   1155072,         2,         0,    87.9,decoder_by_matrix,5b8a070a3cf8d31d64f24dbee89f3428cb9cab13fc59f7448d798f9bf08e9187,"{""distance"":5,""physical_error_rate"":0.001}","{""detection_events"":652845,""detectors_checked"":196362240,""obs_mistake_mask=E_"":1,""obs_mistake_mask=_E"":1}"
   1186816,         0,         0,    87.9,decoder_by_matrix,f0fc70a0432f83ff513e502442839d2eab02e2bed2f658d0464ff826d304e5e7,"{""distance"":5,""physical_error_rate"":0.0005}","{""detection_events"":334190,""detectors_checked"":201758720}"
   1038336,         0,         0,    87.9,decoder_by_matrix,f0fc70a0432f83ff513e502442839d2eab02e2bed2f658d0464ff826d304e5e7,"{""distance"":5,""physical_error_rate"":0.0005}","{""detection_events"":299070,""detectors_checked"":176517120}"
   1169408,         0,         0,    87.9,decoder_by_matrix,a052b2ce6ed64a98931ebcd7492590a746d7ec6e385d9f4479eb5b69a31b01f0,"{""distance"":5,""physical_error_rate"":0.0001}","{""detection_events"":66670,""detectors_checked"":198799360}"
   1433600,         0,         0,   119.5,decoder_by_matrix,a052b2ce6ed64a98931ebcd7492590a746d7ec6e385d9f4479eb5b69a31b01f0,"{""distance"":5,""physical_error_rate"":0.0001}","{""detection_events"":82345,""detectors_checked"":243712000}"
   1426432,         0,         0,   119.5,decoder_by_matrix,6866428194f3c2ecf80b799fe3d7eaa0d7bfdd0bee14693d15f8abf3c1159eda,"{""distance"":5,""physical_error_rate"":1e-05}","{""detection_events"":8205,""detectors_checked"":242493440}"
   1557504,         0,         0,   119.6,decoder_by_matrix,6866428194f3c2ecf80b799fe3d7eaa0d7bfdd0bee14693d15f8abf3c1159eda,"{""distance"":5,""physical_error_rate"":1e-05}","{""detection_events"":8810,""detectors_checked"":264775680}"
   1410048,         1,         0,   119.6,decoder_by_matrix,f0fc70a0432f83ff513e502442839d2eab02e2bed2f658d0464ff826d304e5e7,"{""distance"":5,""physical_error_rate"":0.0005}","{""detection_events"":404175,""detectors_checked"":239708160,""obs_mistake_mask=E_"":1}"
   1495040,         0,         0,   119.5,decoder_by_matrix,f0fc70a0432f83ff513e502442839d2eab02e2bed2f658d0464ff826d304e5e7,"{""distance"":5,""physical_error_rate"":0.0005}","{""detection_events"":424330,""detectors_checked"":254156800}"
   2692096,         0,         0,   119.7,decoder_by_matrix,cc9cd6551b3048ae216380ccb8ae5d3cca75b5b766fe651c47ef084ce4ce7dc6,"{""distance"":5,""physical_error_rate"":5e-05}","{""detection_events"":78085,""detectors_checked"":457656320}"
   2416640,         1,         0,   119.7,decoder_by_matrix,f0fc70a0432f83ff513e502442839d2eab02e2bed2f658d0464ff826d304e5e7,"{""distance"":5,""physical_error_rate"":0.0005}","{""detection_events"":688835,""detectors_checked"":410828800,""obs_mistake_mask=_E"":1}"
   1641472,         0,         0,   119.7,decoder_by_matrix,6866428194f3c2ecf80b799fe3d7eaa0d7bfdd0bee14693d15f8abf3c1159eda,"{""distance"":5,""physical_error_rate"":1e-05}","{""detection_events"":9300,""detectors_checked"":279050240}"
   1624064,         0,         0,   119.6,decoder_by_matrix,cc9cd6551b3048ae216380ccb8ae5d3cca75b5b766fe651c47ef084ce4ce7dc6,"{""distance"":5,""physical_error_rate"":5e-05}","{""detection_events"":46445,""detectors_checked"":276090880}"
   1605632,         0,         0,   119.6,decoder_by_matrix,cc9cd6551b3048ae216380ccb8ae5d3cca75b5b766fe651c47ef084ce4ce7dc6,"{""distance"":5,""physical_error_rate"":5e-05}","{""detection_events"":47465,""detectors_checked"":272957440}"
   1597440,         0,         0,   119.6,decoder_by_matrix,a052b2ce6ed64a98931ebcd7492590a746d7ec6e385d9f4479eb5b69a31b01f0,"{""distance"":5,""physical_error_rate"":0.0001}","{""detection_events"":90670,""detectors_checked"":271564800}"
   1602560,         1,         0,   119.6,decoder_by_matrix,f0fc70a0432f83ff513e502442839d2eab02e2bed2f658d0464ff826d304e5e7,"{""distance"":5,""physical_error_rate"":0.0005}","{""detection_events"":460510,""detectors_checked"":272435200,""obs_mistake_mask=_E"":1}"
   1686528,         4,         0,   119.7,decoder_by_matrix,5b8a070a3cf8d31d64f24dbee89f3428cb9cab13fc59f7448d798f9bf08e9187,"{""distance"":5,""physical_error_rate"":0.001}","{""detection_events"":956525,""detectors_checked"":286709760,""obs_mistake_mask=EE"":1,""obs_mistake_mask=E_"":2,""obs_mistake_mask=_E"":1}"
   1604608,         0,         0,   119.6,decoder_by_matrix,a052b2ce6ed64a98931ebcd7492590a746d7ec6e385d9f4479eb5b69a31b01f0,"{""distance"":5,""physical_error_rate"":0.0001}","{""detection_events"":92300,""detectors_checked"":272783360}"
   1607680,         0,         0,   119.4,decoder_by_matrix,6866428194f3c2ecf80b799fe3d7eaa0d7bfdd0bee14693d15f8abf3c1159eda,"{""distance"":5,""physical_error_rate"":1e-05}","{""detection_events"":9660,""detectors_checked"":273305600}"
   1459200,         0,         0,   119.6,decoder_by_matrix,f0fc70a0432f83ff513e502442839d2eab02e2bed2f658d0464ff826d304e5e7,"{""distance"":5,""physical_error_rate"":0.0005}","{""detection_events"":414765,""detectors_checked"":248064000}"
   2626560,         0,         0,   119.7,decoder_by_matrix,a052b2ce6ed64a98931ebcd7492590a746d7ec6e385d9f4479eb5b69a31b01f0,"{""distance"":5,""physical_error_rate"":0.0001}","{""detection_events"":149185,""detectors_checked"":446515200}"
   3416064,         6,         0,   119.3,decoder_by_matrix,5b8a070a3cf8d31d64f24dbee89f3428cb9cab13fc59f7448d798f9bf08e9187,"{""distance"":5,""physical_error_rate"":0.001}","{""detection_events"":1928340,""detectors_checked"":580730880,""obs_mistake_mask=EE"":1,""obs_mistake_mask=E_"":5}"
   1517568,         2,         0,   119.5,decoder_by_matrix,5b8a070a3cf8d31d64f24dbee89f3428cb9cab13fc59f7448d798f9bf08e9187,"{""distance"":5,""physical_error_rate"":0.001}","{""detection_events"":860020,""detectors_checked"":257986560,""obs_mistake_mask=EE"":1,""obs_mistake_mask=_E"":1}"
   1634304,         0,         0,   119.6,decoder_by_matrix,cc9cd6551b3048ae216380ccb8ae5d3cca75b5b766fe651c47ef084ce4ce7dc6,"{""distance"":5,""physical_error_rate"":5e-05}","{""detection_events"":47205,""detectors_checked"":277831680}"
   1572864,         5,         0,   119.7,decoder_by_matrix,5b8a070a3cf8d31d64f24dbee89f3428cb9cab13fc59f7448d798f9bf08e9187,"{""distance"":5,""physical_error_rate"":0.001}","{""detection_events"":888630,""detectors_checked"":267386880,""obs_mistake_mask=EE"":1,""obs_mistake_mask=E_"":4}"
   1509376,         0,         0,   119.5,decoder_by_matrix,6866428194f3c2ecf80b799fe3d7eaa0d7bfdd0bee14693d15f8abf3c1159eda,"{""distance"":5,""physical_error_rate"":1e-05}","{""detection_events"":9100,""detectors_checked"":256593920}"
   1500160,         0,         0,   119.7,decoder_by_matrix,cc9cd6551b3048ae216380ccb8ae5d3cca75b5b766fe651c47ef084ce4ce7dc6,"{""distance"":5,""physical_error_rate"":5e-05}","{""detection_events"":41280,""detectors_checked"":255027200}"
   1500160,         0,         0,   119.6,decoder_by_matrix,f0fc70a0432f83ff513e502442839d2eab02e2bed2f658d0464ff826d304e5e7,"{""distance"":5,""physical_error_rate"":0.0005}","{""detection_events"":426680,""detectors_checked"":255027200}"
   1533952,         3,         0,   119.6,decoder_by_matrix,5b8a070a3cf8d31d64f24dbee89f3428cb9cab13fc59f7448d798f9bf08e9187,"{""distance"":5,""physical_error_rate"":0.001}","{""detection_events"":863565,""detectors_checked"":260771840,""obs_mistake_mask=E_"":2,""obs_mistake_mask=_E"":1}"
   1503232,         0,         0,   119.5,decoder_by_matrix,a052b2ce6ed64a98931ebcd7492590a746d7ec6e385d9f4479eb5b69a31b01f0,"{""distance"":5,""physical_error_rate"":0.0001}","{""detection_events"":82985,""detectors_checked"":255549440}"
   1497088,         0,         0,   119.6,decoder_by_matrix,a052b2ce6ed64a98931ebcd7492590a746d7ec6e385d9f4479eb5b69a31b01f0,"{""distance"":5,""physical_error_rate"":0.0001}","{""detection_events"":83650,""detectors_checked"":254504960}"
   1471488,         0,         0,   119.6,decoder_by_matrix,cc9cd6551b3048ae216380ccb8ae5d3cca75b5b766fe651c47ef084ce4ce7dc6,"{""distance"":5,""physical_error_rate"":5e-05}","{""detection_events"":42365,""detectors_checked"":250152960}"
   1573888,         0,         0,   119.6,decoder_by_matrix,a052b2ce6ed64a98931ebcd7492590a746d7ec6e385d9f4479eb5b69a31b01f0,"{""distance"":5,""physical_error_rate"":0.0001}","{""detection_events"":87590,""detectors_checked"":267560960}"
   1657856,         0,         0,   119.6,decoder_by_matrix,6866428194f3c2ecf80b799fe3d7eaa0d7bfdd0bee14693d15f8abf3c1159eda,"{""distance"":5,""physical_error_rate"":1e-05}","{""detection_events"":9670,""detectors_checked"":281835520}"
   1435648,         0,         0,   119.6,decoder_by_matrix,f0fc70a0432f83ff513e502442839d2eab02e2bed2f658d0464ff826d304e5e7,"{""distance"":5,""physical_error_rate"":0.0005}","{""detection_events"":406520,""detectors_checked"":244060160}"
   2739200,         6,         0,   119.6,decoder_by_matrix,5b8a070a3cf8d31d64f24dbee89f3428cb9cab13fc59f7448d798f9bf08e9187,"{""distance"":5,""physical_error_rate"":0.001}","{""detection_events"":1559725,""detectors_checked"":465664000,""obs_mistake_mask=EE"":2,""obs_mistake_mask=E_"":2,""obs_mistake_mask=_E"":2}"
   1607680,         0,         0,   119.6,decoder_by_matrix,6866428194f3c2ecf80b799fe3d7eaa0d7bfdd0bee14693d15f8abf3c1159eda,"{""distance"":5,""physical_error_rate"":1e-05}","{""detection_events"":9290,""detectors_checked"":273305600}"
   1529856,         0,         0,   119.6,decoder_by_matrix,f0fc70a0432f83ff513e502442839d2eab02e2bed2f658d0464ff826d304e5e7,"{""distance"":5,""physical_error_rate"":0.0005}","{""detection_events"":437325,""detectors_checked"":260075520}"
   1567744,         3,         0,   119.5,decoder_by_matrix,5b8a070a3cf8d31d64f24dbee89f3428cb9cab13fc59f7448d798f9bf08e9187,"{""distance"":5,""physical_error_rate"":0.001}","{""detection_events"":892400,""detectors_checked"":266516480,""obs_mistake_mask=EE"":2,""obs_mistake_mask=_E"":1}"
   1619968,         0,         0,   119.5,decoder_by_matrix,cc9cd6551b3048ae216380ccb8ae5d3cca75b5b766fe651c47ef084ce4ce7dc6,"{""distance"":5,""physical_error_rate"":5e-05}","{""detection_events"":45495,""detectors_checked"":275394560}"
   1476608,         0,         0,   119.6,decoder_by_matrix,a052b2ce6ed64a98931ebcd7492590a746d7ec6e385d9f4479eb5b69a31b01f0,"{""distance"":5,""physical_error_rate"":0.0001}","{""detection_events"":82815,""detectors_checked"":251023360}"
   1555456,         5,         0,   119.6,decoder_by_matrix,5b8a070a3cf8d31d64f24dbee89f3428cb9cab13fc59f7448d798f9bf08e9187,"{""distance"":5,""physical_error_rate"":0.001}","{""detection_events"":887630,""detectors_checked"":264427520,""obs_mistake_mask=EE"":1,""obs_mistake_mask=E_"":3,""obs_mistake_mask=_E"":1}"
   2881536,         0,         0,   119.6,decoder_by_matrix,6866428194f3c2ecf80b799fe3d7eaa0d7bfdd0bee14693d15f8abf3c1159eda,"{""distance"":5,""physical_error_rate"":1e-05}","{""detection_events"":15975,""detectors_checked"":489861120}"
   1569792,         0,         0,   119.6,decoder_by_matrix,cc9cd6551b3048ae216380ccb8ae5d3cca75b5b766fe651c47ef084ce4ce7dc6,"{""distance"":5,""physical_error_rate"":5e-05}","{""detection_events"":45515,""detectors_checked"":266864640}"
   2605056,         0,         0,   119.5,decoder_by_matrix,6866428194f3c2ecf80b799fe3d7eaa0d7bfdd0bee14693d15f8abf3c1159eda,"{""distance"":5,""physical_error_rate"":1e-05}","{""detection_events"":15410,""detectors_checked"":442859520}"
   1685504,         0,         0,   119.6,decoder_by_matrix,cc9cd6551b3048ae216380ccb8ae5d3cca75b5b766fe651c47ef084ce4ce7dc6,"{""distance"":5,""physical_error_rate"":5e-05}","{""detection_events"":49205,""detectors_checked"":286535680}"
   2463744,         0,         0,   119.1,decoder_by_matrix,a052b2ce6ed64a98931ebcd7492590a746d7ec6e385d9f4479eb5b69a31b01f0,"{""distance"":5,""physical_error_rate"":0.0001}","{""detection_events"":144330,""detectors_checked"":418836480}"
   1514496,         3,         0,   119.7,decoder_by_matrix,5b8a070a3cf8d31d64f24dbee89f3428cb9cab13fc59f7448d798f9bf08e9187,"{""distance"":5,""physical_error_rate"":0.001}","{""detection_events"":865990,""detectors_checked"":257464320,""obs_mistake_mask=E_"":2,""obs_mistake_mask=_E"":1}"
   1541120,         2,         0,   119.6,decoder_by_matrix,5b8a070a3cf8d31d64f24dbee89f3428cb9cab13fc59f7448d798f9bf08e9187,"{""distance"":5,""physical_error_rate"":0.001}","{""detection_events"":873625,""detectors_checked"":261990400,""obs_mistake_mask=_E"":2}"
   1593344,         0,         0,   119.7,decoder_by_matrix,f0fc70a0432f83ff513e502442839d2eab02e2bed2f658d0464ff826d304e5e7,"{""distance"":5,""physical_error_rate"":0.0005}","{""detection_events"":451970,""detectors_checked"":270868480}"
   1611776,         0,         0,   119.7,decoder_by_matrix,a052b2ce6ed64a98931ebcd7492590a746d7ec6e385d9f4479eb5b69a31b01f0,"{""distance"":5,""physical_error_rate"":0.0001}","{""detection_events"":90665,""detectors_checked"":274001920}"
   1388544,         1,         0,   119.6,decoder_by_matrix,f0fc70a0432f83ff513e502442839d2eab02e2bed2f658d0464ff826d304e5e7,"{""distance"":5,""physical_error_rate"":0.0005}","{""detection_events"":393330,""detectors_checked"":236052480,""obs_mistake_mask=_E"":1}"
   1436672,         0,         0,   119.6,decoder_by_matrix,a052b2ce6ed64a98931ebcd7492590a746d7ec6e385d9f4479eb5b69a31b01f0,"{""distance"":5,""physical_error_rate"":0.0001}","{""detection_events"":80560,""detectors_checked"":244234240}"
   1568768,         0,         0,   119.6,decoder_by_matrix,6866428194f3c2ecf80b799fe3d7eaa0d7bfdd0bee14693d15f8abf3c1159eda,"{""distance"":5,""physical_error_rate"":1e-05}","{""detection_events"":8845,""detectors_checked"":266690560}"
   1555456,         0,         0,   119.5,decoder_by_matrix,6866428194f3c2ecf80b799fe3d7eaa0d7bfdd0bee14693d15f8abf3c1159eda,"{""distance"":5,""physical_error_rate"":1e-05}","{""detection_events"":8845,""detectors_checked"":264427520}"
   1472512,         1,         0,   119.6,decoder_by_matrix,f0fc70a0432f83ff513e502442839d2eab02e2bed2f658d0464ff826d304e5e7,"{""distance"":5,""physical_error_rate"":0.0005}","{""detection_events"":417375,""detectors_checked"":250327040,""obs_mistake_mask=E_"":1}"
   1444864,         0,         0,   119.6,decoder_by_matrix,f0fc70a0432f83ff513e502442839d2eab02e2bed2f658d0464ff826d304e5e7,"{""distance"":5,""physical_error_rate"":0.0005}","{""detection_events"":414730,""detectors_checked"":245626880}"
   2747392,         0,         0,   119.6,decoder_by_matrix,cc9cd6551b3048ae216380ccb8ae5d3cca75b5b766fe651c47ef084ce4ce7dc6,"{""distance"":5,""physical_error_rate"":5e-05}","{""detection_events"":78695,""detectors_checked"":467056640}"
   2564096,         0,         0,   119.6,decoder_by_matrix,f0fc70a0432f83ff513e502442839d2eab02e2bed2f658d0464ff826d304e5e7,"{""distance"":5,""physical_error_rate"":0.0005}","{""detection_events"":727480,""detectors_checked"":435896320}"
   1639424,         0,         0,   119.5,decoder_by_matrix,6866428194f3c2ecf80b799fe3d7eaa0d7bfdd0bee14693d15f8abf3c1159eda,"{""distance"":5,""physical_error_rate"":1e-05}","{""detection_events"":8865,""detectors_checked"":278702080}"
   1605632,         0,         0,   119.5,decoder_by_matrix,cc9cd6551b3048ae216380ccb8ae5d3cca75b5b766fe651c47ef084ce4ce7dc6,"{""distance"":5,""physical_error_rate"":5e-05}","{""detection_events"":46955,""detectors_checked"":272957440}"
   1618944,         0,         0,   119.6,decoder_by_matrix,cc9cd6551b3048ae216380ccb8ae5d3cca75b5b766fe651c47ef084ce4ce7dc6,"{""distance"":5,""physical_error_rate"":5e-05}","{""detection_events"":46035,""detectors_checked"":275220480}"
   1628160,         0,         0,   119.6,decoder_by_matrix,a052b2ce6ed64a98931ebcd7492590a746d7ec6e385d9f4479eb5b69a31b01f0,"{""distance"":5,""physical_error_rate"":0.0001}","{""detection_events"":93065,""detectors_checked"":276787200}"
   1577984,         0,         0,   119.6,decoder_by_matrix,f0fc70a0432f83ff513e502442839d2eab02e2bed2f658d0464ff826d304e5e7,"{""distance"":5,""physical_error_rate"":0.0005}","{""detection_events"":449195,""detectors_checked"":268257280}"
   1629184,         4,         0,   119.6,decoder_by_matrix,5b8a070a3cf8d31d64f24dbee89f3428cb9cab13fc59f7448d798f9bf08e9187,"{""distance"":5,""physical_error_rate"":0.001}","{""detection_events"":918810,""detectors_checked"":276961280,""obs_mistake_mask=EE"":2,""obs_mistake_mask=E_"":2}"
   1594368,         0,         0,   119.5,decoder_by_matrix,a052b2ce6ed64a98931ebcd7492590a746d7ec6e385d9f4479eb5b69a31b01f0,"{""distance"":5,""physical_error_rate"":0.0001}","{""detection_events"":91740,""detectors_checked"":271042560}"
   1606656,         0,         0,   119.6,decoder_by_matrix,6866428194f3c2ecf80b799fe3d7eaa0d7bfdd0bee14693d15f8abf3c1159eda,"{""distance"":5,""physical_error_rate"":1e-05}","{""detection_events"":9515,""detectors_checked"":273131520}"
   1455104,         2,         0,   119.6,decoder_by_matrix,f0fc70a0432f83ff513e502442839d2eab02e2bed2f658d0464ff826d304e5e7,"{""distance"":5,""physical_error_rate"":0.0005}","{""detection_events"":412485,""detectors_checked"":247367680,""obs_mistake_mask=E_"":2}"
   2805760,         0,         0,   119.6,decoder_by_matrix,a052b2ce6ed64a98931ebcd7492590a746d7ec6e385d9f4479eb5b69a31b01f0,"{""distance"":5,""physical_error_rate"":0.0001}","{""detection_events"":160995,""detectors_checked"":476979200}"
   3324928,         7,         0,   119.1,decoder_by_matrix,5b8a070a3cf8d31d64f24dbee89f3428cb9cab13fc59f7448d798f9bf08e9187,"{""distance"":5,""physical_error_rate"":0.001}","{""detection_events"":1881950,""detectors_checked"":565237760,""obs_mistake_mask=EE"":3,""obs_mistake_mask=E_"":2,""obs_mistake_mask=_E"":2}"
   1434624,         4,         0,   119.6,decoder_by_matrix,5b8a070a3cf8d31d64f24dbee89f3428cb9cab13fc59f7448d798f9bf08e9187,"{""distance"":5,""physical_error_rate"":0.001}","{""detection_events"":820825,""detectors_checked"":243886080,""obs_mistake_mask=EE"":1,""obs_mistake_mask=E_"":1,""obs_mistake_mask=_E"":2}"
   1380352,         0,         0,   119.6,decoder_by_matrix,cc9cd6551b3048ae216380ccb8ae5d3cca75b5b766fe651c47ef084ce4ce7dc6,"{""distance"":5,""physical_error_rate"":5e-05}","{""detection_events"":39240,""detectors_checked"":234659840}"
   1589248,         4,         0,   119.6,decoder_by_matrix,5b8a070a3cf8d31d64f24dbee89f3428cb9cab13fc59f7448d798f9bf08e9187,"{""distance"":5,""physical_error_rate"":0.001}","{""detection_events"":907245,""detectors_checked"":270172160,""obs_mistake_mask=E_"":4}"
   1499136,         0,         0,   119.6,decoder_by_matrix,6866428194f3c2ecf80b799fe3d7eaa0d7bfdd0bee14693d15f8abf3c1159eda,"{""distance"":5,""physical_error_rate"":1e-05}","{""detection_events"":9190,""detectors_checked"":254853120}"
   1522688,         0,         0,   119.7,decoder_by_matrix,cc9cd6551b3048ae216380ccb8ae5d3cca75b5b766fe651c47ef084ce4ce7dc6,"{""distance"":5,""physical_error_rate"":5e-05}","{""detection_events"":42400,""detectors_checked"":258856960}"
   1453056,         0,         0,   119.6,decoder_by_matrix,f0fc70a0432f83ff513e502442839d2eab02e2bed2f658d0464ff826d304e5e7,"{""distance"":5,""physical_error_rate"":0.0005}","{""detection_events"":416425,""detectors_checked"":247019520}"
   1439744,         0,         0,   119.6,decoder_by_matrix,5b8a070a3cf8d31d64f24dbee89f3428cb9cab13fc59f7448d798f9bf08e9187,"{""distance"":5,""physical_error_rate"":0.001}","{""detection_events"":812835,""detectors_checked"":244756480}"
   1582080,         0,         0,   119.6,decoder_by_matrix,a052b2ce6ed64a98931ebcd7492590a746d7ec6e385d9f4479eb5b69a31b01f0,"{""distance"":5,""physical_error_rate"":0.0001}","{""detection_events"":92660,""detectors_checked"":268953600}"
   1423360,         0,         0,   119.7,decoder_by_matrix,a052b2ce6ed64a98931ebcd7492590a746d7ec6e385d9f4479eb5b69a31b01f0,"{""distance"":5,""physical_error_rate"":0.0001}","{""detection_events"":83130,""detectors_checked"":241971200}"
   1485824,         0,         0,   119.6,decoder_by_matrix,cc9cd6551b3048ae216380ccb8ae5d3cca75b5b766fe651c47ef084ce4ce7dc6,"{""distance"":5,""physical_error_rate"":5e-05}","{""detection_events"":41345,""detectors_checked"":252590080}"
   1462272,         0,         0,   119.5,decoder_by_matrix,a052b2ce6ed64a98931ebcd7492590a746d7ec6e385d9f4479eb5b69a31b01f0,"{""distance"":5,""physical_error_rate"":0.0001}","{""detection_events"":84905,""detectors_checked"":248586240}"
   1609728,         0,         0,   119.7,decoder_by_matrix,6866428194f3c2ecf80b799fe3d7eaa0d7bfdd0bee14693d15f8abf3c1159eda,"{""distance"":5,""physical_error_rate"":1e-05}","{""detection_events"":9005,""detectors_checked"":273653760}"
   1526784,         0,         0,   119.6,decoder_by_matrix,f0fc70a0432f83ff513e502442839d2eab02e2bed2f658d0464ff826d304e5e7,"{""distance"":5,""physical_error_rate"":0.0005}","{""detection_events"":426775,""detectors_checked"":259553280}"
   2784256,         5,         0,   119.6,decoder_by_matrix,5b8a070a3cf8d31d64f24dbee89f3428cb9cab13fc59f7448d798f9bf08e9187,"{""distance"":5,""physical_error_rate"":0.001}","{""detection_events"":1579295,""detectors_checked"":473323520,""obs_mistake_mask=EE"":1,""obs_mistake_mask=E_"":3,""obs_mistake_mask=_E"":1}"
   1614848,         0,         0,   119.6,decoder_by_matrix,6866428194f3c2ecf80b799fe3d7eaa0d7bfdd0bee14693d15f8abf3c1159eda,"{""distance"":5,""physical_error_rate"":1e-05}","{""detection_events"":8820,""detectors_checked"":274524160}"
   1516544,         0,         0,   119.5,decoder_by_matrix,f0fc70a0432f83ff513e502442839d2eab02e2bed2f658d0464ff826d304e5e7,"{""distance"":5,""physical_error_rate"":0.0005}","{""detection_events"":432495,""detectors_checked"":257812480}"
   1545216,         2,         0,   119.7,decoder_by_matrix,5b8a070a3cf8d31d64f24dbee89f3428cb9cab13fc59f7448d798f9bf08e9187,"{""distance"":5,""physical_error_rate"":0.001}","{""detection_events"":878440,""detectors_checked"":262686720,""obs_mistake_mask=_E"":2}"
   1618944,         0,         0,   119.6,decoder_by_matrix,cc9cd6551b3048ae216380ccb8ae5d3cca75b5b766fe651c47ef084ce4ce7dc6,"{""distance"":5,""physical_error_rate"":5e-05}","{""detection_events"":44660,""detectors_checked"":275220480}"
   1389568,         0,         0,   119.6,decoder_by_matrix,a052b2ce6ed64a98931ebcd7492590a746d7ec6e385d9f4479eb5b69a31b01f0,"{""distance"":5,""physical_error_rate"":0.0001}","{""detection_events"":78855,""detectors_checked"":236226560}"
   1518592,         4,         0,   119.6,decoder_by_matrix,5b8a070a3cf8d31d64f24dbee89f3428cb9cab13fc59f7448d798f9bf08e9187,"{""distance"":5,""physical_error_rate"":0.001}","{""detection_events"":861260,""detectors_checked"":258160640,""obs_mistake_mask=EE"":3,""obs_mistake_mask=E_"":1}"
   2786304,         0,         0,   119.5,decoder_by_matrix,6866428194f3c2ecf80b799fe3d7eaa0d7bfdd0bee14693d15f8abf3c1159eda,"{""distance"":5,""physical_error_rate"":1e-05}","{""detection_events"":16395,""detectors_checked"":473671680}"
   1504256,         0,         0,   119.6,decoder_by_matrix,cc9cd6551b3048ae216380ccb8ae5d3cca75b5b766fe651c47ef084ce4ce7dc6,"{""distance"":5,""physical_error_rate"":5e-05}","{""detection_events"":42185,""detectors_checked"":255723520}"
   2632704,         0,         0,   119.6,decoder_by_matrix,6866428194f3c2ecf80b799fe3d7eaa0d7bfdd0bee14693d15f8abf3c1159eda,"{""distance"":5,""physical_error_rate"":1e-05}","{""detection_events"":15515,""detectors_checked"":447559680}"
   1582080,         0,         0,   119.6,decoder_by_matrix,cc9cd6551b3048ae216380ccb8ae5d3cca75b5b766fe651c47ef084ce4ce7dc6,"{""distance"":5,""physical_error_rate"":5e-05}","{""detection_events"":46295,""detectors_checked"":268953600}"
   2468864,         0,         0,   119.2,decoder_by_matrix,a052b2ce6ed64a98931ebcd7492590a746d7ec6e385d9f4479eb5b69a31b01f0,"{""distance"":5,""physical_error_rate"":0.0001}","{""detection_events"":139970,""detectors_checked"":419706880}"
   1560576,         4,         0,   119.5,decoder_by_matrix,5b8a070a3cf8d31d64f24dbee89f3428cb9cab13fc59f7448d798f9bf08e9187,"{""distance"":5,""physical_error_rate"":0.001}","{""detection_events"":890240,""detectors_checked"":265297920,""obs_mistake_mask=EE"":1,""obs_mistake_mask=E_"":1,""obs_mistake_mask=_E"":2}"
   1597440,         4,         0,   119.6,decoder_by_matrix,5b8a070a3cf8d31d64f24dbee89f3428cb9cab13fc59f7448d798f9bf08e9187,"{""distance"":5,""physical_error_rate"":0.001}","{""detection_events"":902500,""detectors_checked"":271564800,""obs_mistake_mask=EE"":2,""obs_mistake_mask=E_"":2}"
   1551360,         0,         0,   119.5,decoder_by_matrix,f0fc70a0432f83ff513e502442839d2eab02e2bed2f658d0464ff826d304e5e7,"{""distance"":5,""physical_error_rate"":0.0005}","{""detection_events"":441395,""detectors_checked"":263731200}"
   1571840,         0,         0,   119.6,decoder_by_matrix,a052b2ce6ed64a98931ebcd7492590a746d7ec6e385d9f4479eb5b69a31b01f0,"{""distance"":5,""physical_error_rate"":0.0001}","{""detection_events"":89635,""detectors_checked"":267212800}"
   1553408,         1,         0,   119.4,decoder_by_matrix,f0fc70a0432f83ff513e502442839d2eab02e2bed2f658d0464ff826d304e5e7,"{""distance"":5,""physical_error_rate"":0.0005}","{""detection_events"":444145,""detectors_checked"":264079360,""obs_mistake_mask=E_"":1}"
   1546240,         0,         0,   119.6,decoder_by_matrix,a052b2ce6ed64a98931ebcd7492590a746d7ec6e385d9f4479eb5b69a31b01f0,"{""distance"":5,""physical_error_rate"":0.0001}","{""detection_events"":88370,""detectors_checked"":262860800}"
   1582080,         0,         0,   119.5,decoder_by_matrix,6866428194f3c2ecf80b799fe3d7eaa0d7bfdd0bee14693d15f8abf3c1159eda,"{""distance"":5,""physical_error_rate"":1e-05}","{""detection_events"":9440,""detectors_checked"":268953600}"
   1429504,         0,         0,   119.5,decoder_by_matrix,6866428194f3c2ecf80b799fe3d7eaa0d7bfdd0bee14693d15f8abf3c1159eda,"{""distance"":5,""physical_error_rate"":1e-05}","{""detection_events"":8200,""detectors_checked"":243015680}"
   1539072,         0,         0,   119.6,decoder_by_matrix,f0fc70a0432f83ff513e502442839d2eab02e2bed2f658d0464ff826d304e5e7,"{""distance"":5,""physical_error_rate"":0.0005}","{""detection_events"":438725,""detectors_checked"":261642240}"
   1555456,         0,         0,   119.6,decoder_by_matrix,f0fc70a0432f83ff513e502442839d2eab02e2bed2f658d0464ff826d304e5e7,"{""distance"":5,""physical_error_rate"":0.0005}","{""detection_events"":441780,""detectors_checked"":264427520}"
   2673664,         0,         0,   119.7,decoder_by_matrix,cc9cd6551b3048ae216380ccb8ae5d3cca75b5b766fe651c47ef084ce4ce7dc6,"{""distance"":5,""physical_error_rate"":5e-05}","{""detection_events"":77200,""detectors_checked"":454522880}"
   2308096,         1,         0,   119.6,decoder_by_matrix,f0fc70a0432f83ff513e502442839d2eab02e2bed2f658d0464ff826d304e5e7,"{""distance"":5,""physical_error_rate"":0.0005}","{""detection_events"":651295,""detectors_checked"":392376320,""obs_mistake_mask=E_"":1}"
   1622016,         0,         0,   119.5,decoder_by_matrix,6866428194f3c2ecf80b799fe3d7eaa0d7bfdd0bee14693d15f8abf3c1159eda,"{""distance"":5,""physical_error_rate"":1e-05}","{""detection_events"":10155,""detectors_checked"":275742720}"
   1607680,         0,         0,   119.6,decoder_by_matrix,cc9cd6551b3048ae216380ccb8ae5d3cca75b5b766fe651c47ef084ce4ce7dc6,"{""distance"":5,""physical_error_rate"":5e-05}","{""detection_events"":43330,""detectors_checked"":273305600}"
   1689600,         0,         0,   119.5,decoder_by_matrix,cc9cd6551b3048ae216380ccb8ae5d3cca75b5b766fe651c47ef084ce4ce7dc6,"{""distance"":5,""physical_error_rate"":5e-05}","{""detection_events"":47590,""detectors_checked"":287232000}"
   1680384,         0,         0,   119.5,decoder_by_matrix,a052b2ce6ed64a98931ebcd7492590a746d7ec6e385d9f4479eb5b69a31b01f0,"{""distance"":5,""physical_error_rate"":0.0001}","{""detection_events"":96140,""detectors_checked"":285665280}"
   1622016,         0,         0,   119.6,decoder_by_matrix,f0fc70a0432f83ff513e502442839d2eab02e2bed2f658d0464ff826d304e5e7,"{""distance"":5,""physical_error_rate"":0.0005}","{""detection_events"":460165,""detectors_checked"":275742720}"
   1649664,         4,         0,   119.7,decoder_by_matrix,5b8a070a3cf8d31d64f24dbee89f3428cb9cab13fc59f7448d798f9bf08e9187,"{""distance"":5,""physical_error_rate"":0.001}","{""detection_events"":935855,""detectors_checked"":280442880,""obs_mistake_mask=E_"":4}"
   1595392,         0,         0,   119.7,decoder_by_matrix,a052b2ce6ed64a98931ebcd7492590a746d7ec6e385d9f4479eb5b69a31b01f0,"{""distance"":5,""physical_error_rate"":0.0001}","{""detection_events"":90670,""detectors_checked"":271216640}"
   1620992,         0,         0,   119.4,decoder_by_matrix,6866428194f3c2ecf80b799fe3d7eaa0d7bfdd0bee14693d15f8abf3c1159eda,"{""distance"":5,""physical_error_rate"":1e-05}","{""detection_events"":9325,""detectors_checked"":275568640}"
   1532928,         0,         0,   119.6,decoder_by_matrix,f0fc70a0432f83ff513e502442839d2eab02e2bed2f658d0464ff826d304e5e7,"{""distance"":5,""physical_error_rate"":0.0005}","{""detection_events"":437195,""detectors_checked"":260597760}"
   2361344,         0,         0,   119.6,decoder_by_matrix,a052b2ce6ed64a98931ebcd7492590a746d7ec6e385d9f4479eb5b69a31b01f0,"{""distance"":5,""physical_error_rate"":0.0001}","{""detection_events"":136635,""detectors_checked"":401428480}"
   5321728,         7,         0,   119.2,decoder_by_matrix,5b8a070a3cf8d31d64f24dbee89f3428cb9cab13fc59f7448d798f9bf08e9187,"{""distance"":5,""physical_error_rate"":0.001}","{""detection_events"":3025980,""detectors_checked"":904693760,""obs_mistake_mask=EE"":4,""obs_mistake_mask=E_"":3}"
   1474560,         7,         0,   119.6,decoder_by_matrix,5b8a070a3cf8d31d64f24dbee89f3428cb9cab13fc59f7448d798f9bf08e9187,"{""distance"":5,""physical_error_rate"":0.001}","{""detection_events"":834155,""detectors_checked"":250675200,""obs_mistake_mask=EE"":1,""obs_mistake_mask=E_"":3,""obs_mistake_mask=_E"":3}"
   1516544,         0,         0,   119.7,decoder_by_matrix,cc9cd6551b3048ae216380ccb8ae5d3cca75b5b766fe651c47ef084ce4ce7dc6,"{""distance"":5,""physical_error_rate"":5e-05}","{""detection_events"":43565,""detectors_checked"":257812480}"
   1449984,         2,         0,   119.6,decoder_by_matrix,5b8a070a3cf8d31d64f24dbee89f3428cb9cab13fc59f7448d798f9bf08e9187,"{""distance"":5,""physical_error_rate"":0.001}","{""detection_events"":821680,""detectors_checked"":246497280,""obs_mistake_mask=EE"":1,""obs_mistake_mask=E_"":1}"
   1591296,         0,         0,   119.6,decoder_by_matrix,6866428194f3c2ecf80b799fe3d7eaa0d7bfdd0bee14693d15f8abf3c1159eda,"{""distance"":5,""physical_error_rate"":1e-05}","{""detection_events"":9375,""detectors_checked"":270520320}"
   1583104,         0,         0,   119.6,decoder_by_matrix,cc9cd6551b3048ae216380ccb8ae5d3cca75b5b766fe651c47ef084ce4ce7dc6,"{""distance"":5,""physical_error_rate"":5e-05}","{""detection_events"":44495,""detectors_checked"":269127680}"
   1538048,         1,         0,   119.7,decoder_by_matrix,f0fc70a0432f83ff513e502442839d2eab02e2bed2f658d0464ff826d304e5e7,"{""distance"":5,""physical_error_rate"":0.0005}","{""detection_events"":439800,""detectors_checked"":261468160,""obs_mistake_mask=E_"":1}"
   1533952,         2,         0,   119.4,decoder_by_matrix,5b8a070a3cf8d31d64f24dbee89f3428cb9cab13fc59f7448d798f9bf08e9187,"{""distance"":5,""physical_error_rate"":0.001}","{""detection_events"":866490,""detectors_checked"":260771840,""obs_mistake_mask=E_"":2}"
   1510400,         0,         0,   119.6,decoder_by_matrix,a052b2ce6ed64a98931ebcd7492590a746d7ec6e385d9f4479eb5b69a31b01f0,"{""distance"":5,""physical_error_rate"":0.0001}","{""detection_events"":82795,""detectors_checked"":256768000}"
   1467392,         0,         0,   119.5,decoder_by_matrix,a052b2ce6ed64a98931ebcd7492590a746d7ec6e385d9f4479eb5b69a31b01f0,"{""distance"":5,""physical_error_rate"":0.0001}","{""detection_events"":81455,""detectors_checked"":249456640}"
   1544192,         0,         0,   119.5,decoder_by_matrix,cc9cd6551b3048ae216380ccb8ae5d3cca75b5b766fe651c47ef084ce4ce7dc6,"{""distance"":5,""physical_error_rate"":5e-05}","{""detection_events"":43150,""detectors_checked"":262512640}"
   1552384,         0,         0,   119.7,decoder_by_matrix,a052b2ce6ed64a98931ebcd7492590a746d7ec6e385d9f4479eb5b69a31b01f0,"{""distance"":5,""physical_error_rate"":0.0001}","{""detection_events"":88200,""detectors_checked"":263905280}"
   1545216,         0,         0,   119.6,decoder_by_matrix,6866428194f3c2ecf80b799fe3d7eaa0d7bfdd0bee14693d15f8abf3c1159eda,"{""distance"":5,""physical_error_rate"":1e-05}","{""detection_events"":8415,""detectors_checked"":262686720}"
   1476608,         1,         0,   119.6,decoder_by_matrix,f0fc70a0432f83ff513e502442839d2eab02e2bed2f658d0464ff826d304e5e7,"{""distance"":5,""physical_error_rate"":0.0005}","{""detection_events"":415740,""detectors_checked"":251023360,""obs_mistake_mask=EE"":1}"
   2664448,         9,         0,   119.5,decoder_by_matrix,5b8a070a3cf8d31d64f24dbee89f3428cb9cab13fc59f7448d798f9bf08e9187,"{""distance"":5,""physical_error_rate"":0.001}","{""detection_events"":1516155,""detectors_checked"":452956160,""obs_mistake_mask=E_"":9}"
   1615872,         0,         0,   119.6,decoder_by_matrix,6866428194f3c2ecf80b799fe3d7eaa0d7bfdd0bee14693d15f8abf3c1159eda,"{""distance"":5,""physical_error_rate"":1e-05}","{""detection_events"":8655,""detectors_checked"":274698240}"
   1525760,         0,         0,   119.5,decoder_by_matrix,f0fc70a0432f83ff513e502442839d2eab02e2bed2f658d0464ff826d304e5e7,"{""distance"":5,""physical_error_rate"":0.0005}","{""detection_events"":432930,""detectors_checked"":259379200}"
   1538048,         1,         0,   119.6,decoder_by_matrix,5b8a070a3cf8d31d64f24dbee89f3428cb9cab13fc59f7448d798f9bf08e9187,"{""distance"":5,""physical_error_rate"":0.001}","{""detection_events"":869175,""detectors_checked"":261468160,""obs_mistake_mask=E_"":1}"
   1565696,         0,         0,   119.6,decoder_by_matrix,cc9cd6551b3048ae216380ccb8ae5d3cca75b5b766fe651c47ef084ce4ce7dc6,"{""distance"":5,""physical_error_rate"":5e-05}","{""detection_events"":43470,""detectors_checked"":266168320}"
   1512448,         0,         0,   119.6,decoder_by_matrix,a052b2ce6ed64a98931ebcd7492590a746d7ec6e385d9f4479eb5b69a31b01f0,"{""distance"":5,""physical_error_rate"":0.0001}","{""detection_events"":89465,""detectors_checked"":257116160}"
   1515520,         3,         0,   119.6,decoder_by_matrix,5b8a070a3cf8d31d64f24dbee89f3428cb9cab13fc59f7448d798f9bf08e9187,"{""distance"":5,""physical_error_rate"":0.001}","{""detection_events"":858385,""detectors_checked"":257638400,""obs_mistake_mask=EE"":1,""obs_mistake_mask=E_"":2}"
   2808832,         0,         0,   119.5,decoder_by_matrix,6866428194f3c2ecf80b799fe3d7eaa0d7bfdd0bee14693d15f8abf3c1159eda,"{""distance"":5,""physical_error_rate"":1e-05}","{""detection_events"":16875,""detectors_checked"":477501440}"
   1561600,         0,         0,   119.6,decoder_by_matrix,cc9cd6551b3048ae216380ccb8ae5d3cca75b5b766fe651c47ef084ce4ce7dc6,"{""distance"":5,""physical_error_rate"":5e-05}","{""detection_events"":45595,""detectors_checked"":265472000}"
   2582528,         0,         0,   119.6,decoder_by_matrix,6866428194f3c2ecf80b799fe3d7eaa0d7bfdd0bee14693d15f8abf3c1159eda,"{""distance"":5,""physical_error_rate"":1e-05}","{""detection_events"":14145,""detectors_checked"":439029760}"
   1603584,         0,         0,   119.5,decoder_by_matrix,cc9cd6551b3048ae216380ccb8ae5d3cca75b5b766fe651c47ef084ce4ce7dc6,"{""distance"":5,""physical_error_rate"":5e-05}","{""detection_events"":44580,""detectors_checked"":272609280}"
   1617920,         0,         0,   119.6,decoder_by_matrix,a052b2ce6ed64a98931ebcd7492590a746d7ec6e385d9f4479eb5b69a31b01f0,"{""distance"":5,""physical_error_rate"":0.0001}","{""detection_events"":93600,""detectors_checked"":275046400}"
   1488896,         2,         0,   119.7,decoder_by_matrix,5b8a070a3cf8d31d64f24dbee89f3428cb9cab13fc59f7448d798f9bf08e9187,"{""distance"":5,""physical_error_rate"":0.001}","{""detection_events"":841465,""detectors_checked"":253112320,""obs_mistake_mask=E_"":1,""obs_mistake_mask=_E"":1}"
   1574912,         1,         0,   119.6,decoder_by_matrix,5b8a070a3cf8d31d64f24dbee89f3428cb9cab13fc59f7448d798f9bf08e9187,"{""distance"":5,""physical_error_rate"":0.001}","{""detection_events"":898960,""detectors_checked"":267735040,""obs_mistake_mask=_E"":1}"
   1554432,         1,         0,   119.6,decoder_by_matrix,f0fc70a0432f83ff513e502442839d2eab02e2bed2f658d0464ff826d304e5e7,"{""distance"":5,""physical_error_rate"":0.0005}","{""detection_events"":445170,""detectors_checked"":264253440,""obs_mistake_mask=E_"":1}"
   1515520,         1,         0,   119.5,decoder_by_matrix,f0fc70a0432f83ff513e502442839d2eab02e2bed2f658d0464ff826d304e5e7,"{""distance"":5,""physical_error_rate"":0.0005}","{""detection_events"":426325,""detectors_checked"":257638400,""obs_mistake_mask=E_"":1}"
   1507328,         0,         0,   119.5,decoder_by_matrix,a052b2ce6ed64a98931ebcd7492590a746d7ec6e385d9f4479eb5b69a31b01f0,"{""distance"":5,""physical_error_rate"":0.0001}","{""detection_events"":85795,""detectors_checked"":256245760}"
   1563648,         0,         0,   119.4,decoder_by_matrix,a052b2ce6ed64a98931ebcd7492590a746d7ec6e385d9f4479eb5b69a31b01f0,"{""distance"":5,""physical_error_rate"":0.0001}","{""detection_events"":90120,""detectors_checked"":265820160}"
   1553408,         0,         0,   119.6,decoder_by_matrix,6866428194f3c2ecf80b799fe3d7eaa0d7bfdd0bee14693d15f8abf3c1159eda,"{""distance"":5,""physical_error_rate"":1e-05}","{""detection_events"":8605,""detectors_checked"":264079360}"
   1541120,         0,         0,   119.6,decoder_by_matrix,6866428194f3c2ecf80b799fe3d7eaa0d7bfdd0bee14693d15f8abf3c1159eda,"{""distance"":5,""physical_error_rate"":1e-05}","{""detection_events"":8325,""detectors_checked"":261990400}"
   1478656,         0,         0,   119.5,decoder_by_matrix,f0fc70a0432f83ff513e502442839d2eab02e2bed2f658d0464ff826d304e5e7,"{""distance"":5,""physical_error_rate"":0.0005}","{""detection_events"":419640,""detectors_checked"":251371520}"
   1604608,         0,         0,   119.5,decoder_by_matrix,f0fc70a0432f83ff513e502442839d2eab02e2bed2f658d0464ff826d304e5e7,"{""distance"":5,""physical_error_rate"":0.0005}","{""detection_events"":460105,""detectors_checked"":272783360}"
   2471936,         0,         0,   119.6,decoder_by_matrix,cc9cd6551b3048ae216380ccb8ae5d3cca75b5b766fe651c47ef084ce4ce7dc6,"{""distance"":5,""physical_error_rate"":5e-05}","{""detection_events"":69260,""detectors_checked"":420229120}"
   2471936,         0,         0,   119.6,decoder_by_matrix,f0fc70a0432f83ff513e502442839d2eab02e2bed2f658d0464ff826d304e5e7,"{""distance"":5,""physical_error_rate"":0.0005}","{""detection_events"":704565,""detectors_checked"":420229120}"
   1627136,         0,         0,   119.6,decoder_by_matrix,6866428194f3c2ecf80b799fe3d7eaa0d7bfdd0bee14693d15f8abf3c1159eda,"{""distance"":5,""physical_error_rate"":1e-05}","{""detection_events"":9350,""detectors_checked"":276613120}"
   1557504,         0,         0,   119.7,decoder_by_matrix,cc9cd6551b3048ae216380ccb8ae5d3cca75b5b766fe651c47ef084ce4ce7dc6,"{""distance"":5,""physical_error_rate"":5e-05}","{""detection_events"":43940,""detectors_checked"":264775680}"
   1611776,         0,         0,   119.7,decoder_by_matrix,cc9cd6551b3048ae216380ccb8ae5d3cca75b5b766fe651c47ef084ce4ce7dc6,"{""distance"":5,""physical_error_rate"":5e-05}","{""detection_events"":45140,""detectors_checked"":274001920}"
   1634304,         0,         0,   119.7,decoder_by_matrix,a052b2ce6ed64a98931ebcd7492590a746d7ec6e385d9f4479eb5b69a31b01f0,"{""distance"":5,""physical_error_rate"":0.0001}","{""detection_events"":92330,""detectors_checked"":277831680}"
   1592320,         0,         0,   119.7,decoder_by_matrix,f0fc70a0432f83ff513e502442839d2eab02e2bed2f658d0464ff826d304e5e7,"{""distance"":5,""physical_error_rate"":0.0005}","{""detection_events"":448660,""detectors_checked"":270694400}"
   1556480,         3,         0,   119.6,decoder_by_matrix,5b8a070a3cf8d31d64f24dbee89f3428cb9cab13fc59f7448d798f9bf08e9187,"{""distance"":5,""physical_error_rate"":0.001}","{""detection_events"":880405,""detectors_checked"":264601600,""obs_mistake_mask=EE"":1,""obs_mistake_mask=E_"":1,""obs_mistake_mask=_E"":1}"
   1598464,         0,         0,   119.7,decoder_by_matrix,a052b2ce6ed64a98931ebcd7492590a746d7ec6e385d9f4479eb5b69a31b01f0,"{""distance"":5,""physical_error_rate"":0.0001}","{""detection_events"":92190,""detectors_checked"":271738880}"
   1602560,         0,         0,   119.5,decoder_by_matrix,6866428194f3c2ecf80b799fe3d7eaa0d7bfdd0bee14693d15f8abf3c1159eda,"{""distance"":5,""physical_error_rate"":1e-05}","{""detection_events"":9300,""detectors_checked"":272435200}"
   1434624,         1,         0,   119.7,decoder_by_matrix,f0fc70a0432f83ff513e502442839d2eab02e2bed2f658d0464ff826d304e5e7,"{""distance"":5,""physical_error_rate"":0.0005}","{""detection_events"":409640,""detectors_checked"":243886080,""obs_mistake_mask=_E"":1}"
   2376704,         0,         0,   119.6,decoder_by_matrix,a052b2ce6ed64a98931ebcd7492590a746d7ec6e385d9f4479eb5b69a31b01f0,"{""distance"":5,""physical_error_rate"":0.0001}","{""detection_events"":135940,""detectors_checked"":404039680}"
   7332864,        19,         0,   119.0,decoder_by_matrix,5b8a070a3cf8d31d64f24dbee89f3428cb9cab13fc59f7448d798f9bf08e9187,"{""distance"":5,""physical_error_rate"":0.001}","{""detection_events"":4138495,""detectors_checked"":1246586880,""obs_mistake_mask=EE"":8,""obs_mistake_mask=E_"":6,""obs_mistake_mask=_E"":5}"
   1471488,         4,         0,   119.7,decoder_by_matrix,5b8a070a3cf8d31d64f24dbee89f3428cb9cab13fc59f7448d798f9bf08e9187,"{""distance"":5,""physical_error_rate"":0.001}","{""detection_events"":834995,""detectors_checked"":250152960,""obs_mistake_mask=E_"":3,""obs_mistake_mask=_E"":1}"
   1468416,         0,         0,   119.6,decoder_by_matrix,cc9cd6551b3048ae216380ccb8ae5d3cca75b5b766fe651c47ef084ce4ce7dc6,"{""distance"":5,""physical_error_rate"":5e-05}","{""detection_events"":39115,""detectors_checked"":249630720}"
   1480704,         1,         0,   119.6,decoder_by_matrix,5b8a070a3cf8d31d64f24dbee89f3428cb9cab13fc59f7448d798f9bf08e9187,"{""distance"":5,""physical_error_rate"":0.001}","{""detection_events"":836315,""detectors_checked"":251719680,""obs_mistake_mask=EE"":1}"
   1541120,         0,         0,   119.7,decoder_by_matrix,6866428194f3c2ecf80b799fe3d7eaa0d7bfdd0bee14693d15f8abf3c1159eda,"{""distance"":5,""physical_error_rate"":1e-05}","{""detection_events"":8550,""detectors_checked"":261990400}"
   1477632,         0,         0,   119.5,decoder_by_matrix,f0fc70a0432f83ff513e502442839d2eab02e2bed2f658d0464ff826d304e5e7,"{""distance"":5,""physical_error_rate"":0.0005}","{""detection_events"":423790,""detectors_checked"":251197440}"
   1530880,         0,         0,   119.5,decoder_by_matrix,cc9cd6551b3048ae216380ccb8ae5d3cca75b5b766fe651c47ef084ce4ce7dc6,"{""distance"":5,""physical_error_rate"":5e-05}","{""detection_events"":45340,""detectors_checked"":260249600}"
   1491968,         4,         0,   119.6,decoder_by_matrix,5b8a070a3cf8d31d64f24dbee89f3428cb9cab13fc59f7448d798f9bf08e9187,"{""distance"":5,""physical_error_rate"":0.001}","{""detection_events"":842795,""detectors_checked"":253634560,""obs_mistake_mask=EE"":3,""obs_mistake_mask=_E"":1}"
   1429504,         0,         0,   119.6,decoder_by_matrix,a052b2ce6ed64a98931ebcd7492590a746d7ec6e385d9f4479eb5b69a31b01f0,"{""distance"":5,""physical_error_rate"":0.0001}","{""detection_events"":81160,""detectors_checked"":243015680}"
   1468416,         0,         0,   119.4,decoder_by_matrix,a052b2ce6ed64a98931ebcd7492590a746d7ec6e385d9f4479eb5b69a31b01f0,"{""distance"":5,""physical_error_rate"":0.0001}","{""detection_events"":85390,""detectors_checked"":249630720}"
   1508352,         0,         0,   119.6,decoder_by_matrix,cc9cd6551b3048ae216380ccb8ae5d3cca75b5b766fe651c47ef084ce4ce7dc6,"{""distance"":5,""physical_error_rate"":5e-05}","{""detection_events"":42395,""detectors_checked"":256419840}"
   1501184,         0,         0,   119.7,decoder_by_matrix,a052b2ce6ed64a98931ebcd7492590a746d7ec6e385d9f4479eb5b69a31b01f0,"{""distance"":5,""physical_error_rate"":0.0001}","{""detection_events"":85735,""detectors_checked"":255201280}"
   1509376,         0,         0,   119.7,decoder_by_matrix,6866428194f3c2ecf80b799fe3d7eaa0d7bfdd0bee14693d15f8abf3c1159eda,"{""distance"":5,""physical_error_rate"":1e-05}","{""detection_events"":9135,""detectors_checked"":256593920}"
   1529856,         0,         0,   119.6,decoder_by_matrix,f0fc70a0432f83ff513e502442839d2eab02e2bed2f658d0464ff826d304e5e7,"{""distance"":5,""physical_error_rate"":0.0005}","{""detection_events"":438835,""detectors_checked"":260075520}"
   2772992,         4,         0,   119.5,decoder_by_matrix,5b8a070a3cf8d31d64f24dbee89f3428cb9cab13fc59f7448d798f9bf08e9187,"{""distance"":5,""physical_error_rate"":0.001}","{""detection_events"":1569610,""detectors_checked"":471408640,""obs_mistake_mask=E_"":3,""obs_mistake_mask=_E"":1}"
   1605632,         0,         0,   119.6,decoder_by_matrix,6866428194f3c2ecf80b799fe3d7eaa0d7bfdd0bee14693d15f8abf3c1159eda,"{""distance"":5,""physical_error_rate"":1e-05}","{""detection_events"":9750,""detectors_checked"":272957440}"
   1501184,         2,         0,   119.5,decoder_by_matrix,5b8a070a3cf8d31d64f24dbee89f3428cb9cab13fc59f7448d798f9bf08e9187,"{""distance"":5,""physical_error_rate"":0.001}","{""detection_events"":851720,""detectors_checked"":255201280,""obs_mistake_mask=EE"":1,""obs_mistake_mask=_E"":1}"
   1495040,         0,         0,   119.6,decoder_by_matrix,f0fc70a0432f83ff513e502442839d2eab02e2bed2f658d0464ff826d304e5e7,"{""distance"":5,""physical_error_rate"":0.0005}","{""detection_events"":423565,""detectors_checked"":254156800}"
   1598464,         0,         0,   119.6,decoder_by_matrix,cc9cd6551b3048ae216380ccb8ae5d3cca75b5b766fe651c47ef084ce4ce7dc6,"{""distance"":5,""physical_error_rate"":5e-05}","{""detection_events"":45705,""detectors_checked"":271738880}"
   1445888,         0,         0,   119.6,decoder_by_matrix,a052b2ce6ed64a98931ebcd7492590a746d7ec6e385d9f4479eb5b69a31b01f0,"{""distance"":5,""physical_error_rate"":0.0001}","{""detection_events"":81650,""detectors_checked"":245800960}"
   1508352,         3,         0,   119.7,decoder_by_matrix,5b8a070a3cf8d31d64f24dbee89f3428cb9cab13fc59f7448d798f9bf08e9187,"{""distance"":5,""physical_error_rate"":0.001}","{""detection_events"":858885,""detectors_checked"":256419840,""obs_mistake_mask=E_"":2,""obs_mistake_mask=_E"":1}"
   2720768,         0,         0,   119.6,decoder_by_matrix,6866428194f3c2ecf80b799fe3d7eaa0d7bfdd0bee14693d15f8abf3c1159eda,"{""distance"":5,""physical_error_rate"":1e-05}","{""detection_events"":14480,""detectors_checked"":462530560}"
   1523712,         0,         0,   119.6,decoder_by_matrix,cc9cd6551b3048ae216380ccb8ae5d3cca75b5b766fe651c47ef084ce4ce7dc6,"{""distance"":5,""physical_error_rate"":5e-05}","{""detection_events"":43270,""detectors_checked"":259031040}"
   2610176,         0,         0,   119.6,decoder_by_matrix,6866428194f3c2ecf80b799fe3d7eaa0d7bfdd0bee14693d15f8abf3c1159eda,"{""distance"":5,""physical_error_rate"":1e-05}","{""detection_events"":13890,""detectors_checked"":443729920}"
   1587200,         0,         0,   119.6,decoder_by_matrix,cc9cd6551b3048ae216380ccb8ae5d3cca75b5b766fe651c47ef084ce4ce7dc6,"{""distance"":5,""physical_error_rate"":5e-05}","{""detection_events"":45735,""detectors_checked"":269824000}"
   1560576,         0,         0,   119.5,decoder_by_matrix,a052b2ce6ed64a98931ebcd7492590a746d7ec6e385d9f4479eb5b69a31b01f0,"{""distance"":5,""physical_error_rate"":0.0001}","{""detection_events"":88760,""detectors_checked"":265297920}"
   1491968,         3,         0,   119.5,decoder_by_matrix,5b8a070a3cf8d31d64f24dbee89f3428cb9cab13fc59f7448d798f9bf08e9187,"{""distance"":5,""physical_error_rate"":0.001}","{""detection_events"":840965,""detectors_checked"":253634560,""obs_mistake_mask=EE"":2,""obs_mistake_mask=_E"":1}"
   1551360,         4,         0,   119.7,decoder_by_matrix,5b8a070a3cf8d31d64f24dbee89f3428cb9cab13fc59f7448d798f9bf08e9187,"{""distance"":5,""physical_error_rate"":0.001}","{""detection_events"":873545,""detectors_checked"":263731200,""obs_mistake_mask=EE"":1,""obs_mistake_mask=E_"":2,""obs_mistake_mask=_E"":1}"
   1541120,         0,         0,   119.7,decoder_by_matrix,f0fc70a0432f83ff513e502442839d2eab02e2bed2f658d0464ff826d304e5e7,"{""distance"":5,""physical_error_rate"":0.0005}","{""detection_events"":435815,""detectors_checked"":261990400}"
   1505280,         0,         0,   119.7,decoder_by_matrix,f0fc70a0432f83ff513e502442839d2eab02e2bed2f658d0464ff826d304e5e7,"{""distance"":5,""physical_error_rate"":0.0005}","{""detection_events"":421910,""detectors_checked"":255897600}"
   1548288,         0,         0,   119.5,decoder_by_matrix,a052b2ce6ed64a98931ebcd7492590a746d7ec6e385d9f4479eb5b69a31b01f0,"{""distance"":5,""physical_error_rate"":0.0001}","{""detection_events"":84795,""detectors_checked"":263208960}"
   1470464,         0,         0,   119.6,decoder_by_matrix,a052b2ce6ed64a98931ebcd7492590a746d7ec6e385d9f4479eb5b69a31b01f0,"{""distance"":5,""physical_error_rate"":0.0001}","{""detection_events"":84350,""detectors_checked"":249978880}"
   1567744,         0,         0,   119.7,decoder_by_matrix,6866428194f3c2ecf80b799fe3d7eaa0d7bfdd0bee14693d15f8abf3c1159eda,"{""distance"":5,""physical_error_rate"":1e-05}","{""detection_events"":8550,""detectors_checked"":266516480}"
   1563648,         0,         0,   119.7,decoder_by_matrix,6866428194f3c2ecf80b799fe3d7eaa0d7bfdd0bee14693d15f8abf3c1159eda,"{""distance"":5,""physical_error_rate"":1e-05}","{""detection_events"":8915,""detectors_checked"":265820160}"
   1492992,         0,         0,   119.8,decoder_by_matrix,f0fc70a0432f83ff513e502442839d2eab02e2bed2f658d0464ff826d304e5e7,"{""distance"":5,""physical_error_rate"":0.0005}","{""detection_events"":418405,""detectors_checked"":253808640}"
   1533952,         0,         0,   119.6,decoder_by_matrix,f0fc70a0432f83ff513e502442839d2eab02e2bed2f658d0464ff826d304e5e7,"{""distance"":5,""physical_error_rate"":0.0005}","{""detection_events"":434870,""detectors_checked"":260771840}"
   2499584,         0,         0,   119.6,decoder_by_matrix,cc9cd6551b3048ae216380ccb8ae5d3cca75b5b766fe651c47ef084ce4ce7dc6,"{""distance"":5,""physical_error_rate"":5e-05}","{""detection_events"":72730,""detectors_checked"":424929280}"
   2161664,         1,         0,   119.7,decoder_by_matrix,f0fc70a0432f83ff513e502442839d2eab02e2bed2f658d0464ff826d304e5e7,"{""distance"":5,""physical_error_rate"":0.0005}","{""detection_events"":606775,""detectors_checked"":367482880,""obs_mistake_mask=_E"":1}"
   1568768,         0,         0,   119.6,decoder_by_matrix,6866428194f3c2ecf80b799fe3d7eaa0d7bfdd0bee14693d15f8abf3c1159eda,"{""distance"":5,""physical_error_rate"":1e-05}","{""detection_events"":9500,""detectors_checked"":266690560}"
   1589248,         0,         0,   119.5,decoder_by_matrix,cc9cd6551b3048ae216380ccb8ae5d3cca75b5b766fe651c47ef084ce4ce7dc6,"{""distance"":5,""physical_error_rate"":5e-05}","{""detection_events"":44715,""detectors_checked"":270172160}"
   1599488,         0,         0,   119.7,decoder_by_matrix,cc9cd6551b3048ae216380ccb8ae5d3cca75b5b766fe651c47ef084ce4ce7dc6,"{""distance"":5,""physical_error_rate"":5e-05}","{""detection_events"":45635,""detectors_checked"":271912960}"
   1589248,         0,         0,   119.6,decoder_by_matrix,a052b2ce6ed64a98931ebcd7492590a746d7ec6e385d9f4479eb5b69a31b01f0,"{""distance"":5,""physical_error_rate"":0.0001}","{""detection_events"":89145,""detectors_checked"":270172160}"
   1563648,         0,         0,   119.6,decoder_by_matrix,f0fc70a0432f83ff513e502442839d2eab02e2bed2f658d0464ff826d304e5e7,"{""distance"":5,""physical_error_rate"":0.0005}","{""detection_events"":447445,""detectors_checked"":265820160}"
   1559552,         1,         0,   119.6,decoder_by_matrix,5b8a070a3cf8d31d64f24dbee89f3428cb9cab13fc59f7448d798f9bf08e9187,"{""distance"":5,""physical_error_rate"":0.001}","{""detection_events"":890595,""detectors_checked"":265123840,""obs_mistake_mask=EE"":1}"
   1594368,         0,         0,   119.7,decoder_by_matrix,a052b2ce6ed64a98931ebcd7492590a746d7ec6e385d9f4479eb5b69a31b01f0,"{""distance"":5,""physical_error_rate"":0.0001}","{""detection_events"":94200,""detectors_checked"":271042560}"
   1585152,         0,         0,   119.4,decoder_by_matrix,6866428194f3c2ecf80b799fe3d7eaa0d7bfdd0bee14693d15f8abf3c1159eda,"{""distance"":5,""physical_error_rate"":1e-05}","{""detection_events"":8645,""detectors_checked"":269475840}"
   1518592,         2,         0,   119.6,decoder_by_matrix,f0fc70a0432f83ff513e502442839d2eab02e2bed2f658d0464ff826d304e5e7,"{""distance"":5,""physical_error_rate"":0.0005}","{""detection_events"":434395,""detectors_checked"":258160640,""obs_mistake_mask=E_"":2}"
   2385920,         0,         0,   119.6,decoder_by_matrix,a052b2ce6ed64a98931ebcd7492590a746d7ec6e385d9f4479eb5b69a31b01f0,"{""distance"":5,""physical_error_rate"":0.0001}","{""detection_events"":135040,""detectors_checked"":405606400}"
   7427072,         7,         0,   119.1,decoder_by_matrix,5b8a070a3cf8d31d64f24dbee89f3428cb9cab13fc59f7448d798f9bf08e9187,"{""distance"":5,""physical_error_rate"":0.001}","{""detection_events"":4229945,""detectors_checked"":1262602240,""obs_mistake_mask=EE"":2,""obs_mistake_mask=E_"":2,""obs_mistake_mask=_E"":3}"
   1491968,         1,         0,   119.6,decoder_by_matrix,5b8a070a3cf8d31d64f24dbee89f3428cb9cab13fc59f7448d798f9bf08e9187,"{""distance"":5,""physical_error_rate"":0.001}","{""detection_events"":844315,""detectors_checked"":253634560,""obs_mistake_mask=EE"":1}"
   1537024,         0,         0,   119.6,decoder_by_matrix,cc9cd6551b3048ae216380ccb8ae5d3cca75b5b766fe651c47ef084ce4ce7dc6,"{""distance"":5,""physical_error_rate"":5e-05}","{""detection_events"":43595,""detectors_checked"":261294080}"
   1520640,         4,         0,   119.7,decoder_by_matrix,5b8a070a3cf8d31d64f24dbee89f3428cb9cab13fc59f7448d798f9bf08e9187,"{""distance"":5,""physical_error_rate"":0.001}","{""detection_events"":856645,""detectors_checked"":258508800,""obs_mistake_mask=EE"":1,""obs_mistake_mask=E_"":3}"
   1543168,         0,         0,   119.6,decoder_by_matrix,6866428194f3c2ecf80b799fe3d7eaa0d7bfdd0bee14693d15f8abf3c1159eda,"{""distance"":5,""physical_error_rate"":1e-05}","{""detection_events"":9400,""detectors_checked"":262338560}"
   1455104,         0,         0,   119.6,decoder_by_matrix,f0fc70a0432f83ff513e502442839d2eab02e2bed2f658d0464ff826d304e5e7,"{""distance"":5,""physical_error_rate"":0.0005}","{""detection_events"":406875,""detectors_checked"":247367680}"
   1513472,         0,         0,   119.6,decoder_by_matrix,cc9cd6551b3048ae216380ccb8ae5d3cca75b5b766fe651c47ef084ce4ce7dc6,"{""distance"":5,""physical_error_rate"":5e-05}","{""detection_events"":44575,""detectors_checked"":257290240}"
   1476608,         2,         0,   119.7,decoder_by_matrix,5b8a070a3cf8d31d64f24dbee89f3428cb9cab13fc59f7448d798f9bf08e9187,"{""distance"":5,""physical_error_rate"":0.001}","{""detection_events"":836400,""detectors_checked"":251023360,""obs_mistake_mask=E_"":1,""obs_mistake_mask=_E"":1}"
   1496064,         0,         0,   119.5,decoder_by_matrix,a052b2ce6ed64a98931ebcd7492590a746d7ec6e385d9f4479eb5b69a31b01f0,"{""distance"":5,""physical_error_rate"":0.0001}","{""detection_events"":86565,""detectors_checked"":254330880}"
   1523712,         0,         0,   119.6,decoder_by_matrix,a052b2ce6ed64a98931ebcd7492590a746d7ec6e385d9f4479eb5b69a31b01f0,"{""distance"":5,""physical_error_rate"":0.0001}","{""detection_events"":87580,""detectors_checked"":259031040}"
   1475584,         0,         0,   119.6,decoder_by_matrix,cc9cd6551b3048ae216380ccb8ae5d3cca75b5b766fe651c47ef084ce4ce7dc6,"{""distance"":5,""physical_error_rate"":5e-05}","{""detection_events"":44025,""detectors_checked"":250849280}"
   1555456,         0,         0,   119.5,decoder_by_matrix,a052b2ce6ed64a98931ebcd7492590a746d7ec6e385d9f4479eb5b69a31b01f0,"{""distance"":5,""physical_error_rate"":0.0001}","{""detection_events"":88100,""detectors_checked"":264427520}"
   1539072,         0,         0,   119.5,decoder_by_matrix,6866428194f3c2ecf80b799fe3d7eaa0d7bfdd0bee14693d15f8abf3c1159eda,"{""distance"":5,""physical_error_rate"":1e-05}","{""detection_events"":8930,""detectors_checked"":261642240}"
   1510400,         1,         0,   119.6,decoder_by_matrix,f0fc70a0432f83ff513e502442839d2eab02e2bed2f658d0464ff826d304e5e7,"{""distance"":5,""physical_error_rate"":0.0005}","{""detection_events"":427380,""detectors_checked"":256768000,""obs_mistake_mask=_E"":1}"
   2615296,         5,         0,   119.6,decoder_by_matrix,5b8a070a3cf8d31d64f24dbee89f3428cb9cab13fc59f7448d798f9bf08e9187,"{""distance"":5,""physical_error_rate"":0.001}","{""detection_events"":1479130,""detectors_checked"":444600320,""obs_mistake_mask=EE"":1,""obs_mistake_mask=E_"":3,""obs_mistake_mask=_E"":1}"
   1599488,         0,         0,   119.6,decoder_by_matrix,6866428194f3c2ecf80b799fe3d7eaa0d7bfdd0bee14693d15f8abf3c1159eda,"{""distance"":5,""physical_error_rate"":1e-05}","{""detection_events"":8590,""detectors_checked"":271912960}"
   1503232,         1,         0,   119.5,decoder_by_matrix,5b8a070a3cf8d31d64f24dbee89f3428cb9cab13fc59f7448d798f9bf08e9187,"{""distance"":5,""physical_error_rate"":0.001}","{""detection_events"":848310,""detectors_checked"":255549440,""obs_mistake_mask=E_"":1}"
   1520640,         0,         0,   119.6,decoder_by_matrix,f0fc70a0432f83ff513e502442839d2eab02e2bed2f658d0464ff826d304e5e7,"{""distance"":5,""physical_error_rate"":0.0005}","{""detection_events"":429690,""detectors_checked"":258508800}"
   1634304,         0,         0,   119.7,decoder_by_matrix,cc9cd6551b3048ae216380ccb8ae5d3cca75b5b766fe651c47ef084ce4ce7dc6,"{""distance"":5,""physical_error_rate"":5e-05}","{""detection_events"":46810,""detectors_checked"":277831680}"
   1524736,         0,         0,   119.6,decoder_by_matrix,a052b2ce6ed64a98931ebcd7492590a746d7ec6e385d9f4479eb5b69a31b01f0,"{""distance"":5,""physical_error_rate"":0.0001}","{""detection_events"":84290,""detectors_checked"":259205120}"
   1536000,         3,         0,   119.5,decoder_by_matrix,5b8a070a3cf8d31d64f24dbee89f3428cb9cab13fc59f7448d798f9bf08e9187,"{""distance"":5,""physical_error_rate"":0.001}","{""detection_events"":858705,""detectors_checked"":261120000,""obs_mistake_mask=E_"":3}"
   2644992,         0,         0,   119.6,decoder_by_matrix,6866428194f3c2ecf80b799fe3d7eaa0d7bfdd0bee14693d15f8abf3c1159eda,"{""distance"":5,""physical_error_rate"":1e-05}","{""detection_events"":16810,""detectors_checked"":449648640}"
   1528832,         0,         0,   119.6,decoder_by_matrix,cc9cd6551b3048ae216380ccb8ae5d3cca75b5b766fe651c47ef084ce4ce7dc6,"{""distance"":5,""physical_error_rate"":5e-05}","{""detection_events"":43865,""detectors_checked"":259901440}"
   2608128,         0,         0,   119.6,decoder_by_matrix,6866428194f3c2ecf80b799fe3d7eaa0d7bfdd0bee14693d15f8abf3c1159eda,"{""distance"":5,""physical_error_rate"":1e-05}","{""detection_events"":14800,""detectors_checked"":443381760}"
   1449984,         0,         0,   119.6,decoder_by_matrix,a052b2ce6ed64a98931ebcd7492590a746d7ec6e385d9f4479eb5b69a31b01f0,"{""distance"":5,""physical_error_rate"":0.0001}","{""detection_events"":82715,""detectors_checked"":246497280}"
   1577984,         0,         0,   119.7,decoder_by_matrix,cc9cd6551b3048ae216380ccb8ae5d3cca75b5b766fe651c47ef084ce4ce7dc6,"{""distance"":5,""physical_error_rate"":5e-05}","{""detection_events"":46310,""detectors_checked"":268257280}"
   1466368,         5,         0,   119.7,decoder_by_matrix,5b8a070a3cf8d31d64f24dbee89f3428cb9cab13fc59f7448d798f9bf08e9187,"{""distance"":5,""physical_error_rate"":0.001}","{""detection_events"":830915,""detectors_checked"":249282560,""obs_mistake_mask=E_"":1,""obs_mistake_mask=_E"":4}"
   1596416,         4,         0,   119.6,decoder_by_matrix,5b8a070a3cf8d31d64f24dbee89f3428cb9cab13fc59f7448d798f9bf08e9187,"{""distance"":5,""physical_error_rate"":0.001}","{""detection_events"":901700,""detectors_checked"":271390720,""obs_mistake_mask=E_"":2,""obs_mistake_mask=_E"":2}"
   1540096,         0,         0,   119.6,decoder_by_matrix,f0fc70a0432f83ff513e502442839d2eab02e2bed2f658d0464ff826d304e5e7,"{""distance"":5,""physical_error_rate"":0.0005}","{""detection_events"":431550,""detectors_checked"":261816320}"
   1497088,         0,         0,   119.6,decoder_by_matrix,f0fc70a0432f83ff513e502442839d2eab02e2bed2f658d0464ff826d304e5e7,"{""distance"":5,""physical_error_rate"":0.0005}","{""detection_events"":425885,""detectors_checked"":254504960}"
   1577984,         0,         0,   119.7,decoder_by_matrix,a052b2ce6ed64a98931ebcd7492590a746d7ec6e385d9f4479eb5b69a31b01f0,"{""distance"":5,""physical_error_rate"":0.0001}","{""detection_events"":89005,""detectors_checked"":268257280}"
   1443840,         0,         0,   119.6,decoder_by_matrix,a052b2ce6ed64a98931ebcd7492590a746d7ec6e385d9f4479eb5b69a31b01f0,"{""distance"":5,""physical_error_rate"":0.0001}","{""detection_events"":81015,""detectors_checked"":245452800}"
   1515520,         0,         0,   119.6,decoder_by_matrix,6866428194f3c2ecf80b799fe3d7eaa0d7bfdd0bee14693d15f8abf3c1159eda,"{""distance"":5,""physical_error_rate"":1e-05}","{""detection_events"":8390,""detectors_checked"":257638400}"
   1522688,         0,         0,   119.6,decoder_by_matrix,6866428194f3c2ecf80b799fe3d7eaa0d7bfdd0bee14693d15f8abf3c1159eda,"{""distance"":5,""physical_error_rate"":1e-05}","{""detection_events"":8535,""detectors_checked"":258856960}"
   1483776,         0,         0,   119.7,decoder_by_matrix,f0fc70a0432f83ff513e502442839d2eab02e2bed2f658d0464ff826d304e5e7,"{""distance"":5,""physical_error_rate"":0.0005}","{""detection_events"":424430,""detectors_checked"":252241920}"
    268720,         0,         0,    12.2,decoder_by_matrix,6866428194f3c2ecf80b799fe3d7eaa0d7bfdd0bee14693d15f8abf3c1159eda,"{""distance"":5,""physical_error_rate"":1e-05}","{""detection_events"":1440,""detectors_checked"":45682400}"
   1522688,         0,         0,   119.6,decoder_by_matrix,f0fc70a0432f83ff513e502442839d2eab02e2bed2f658d0464ff826d304e5e7,"{""distance"":5,""physical_error_rate"":0.0005}","{""detection_events"":431890,""detectors_checked"":258856960}"
   4628073,         8,         0,    70.1,decoder_by_matrix,5b8a070a3cf8d31d64f24dbee89f3428cb9cab13fc59f7448d798f9bf08e9187,"{""distance"":5,""physical_error_rate"":0.001}","{""detection_events"":2624235,""detectors_checked"":786772410,""obs_mistake_mask=EE"":4,""obs_mistake_mask=E_"":2,""obs_mistake_mask=_E"":2}"
   2537472,         0,         0,   119.5,decoder_by_matrix,cc9cd6551b3048ae216380ccb8ae5d3cca75b5b766fe651c47ef084ce4ce7dc6,"{""distance"":5,""physical_error_rate"":5e-05}","{""detection_events"":68925,""detectors_checked"":431370240}"
   2252800,         1,         0,   119.6,decoder_by_matrix,f0fc70a0432f83ff513e502442839d2eab02e2bed2f658d0464ff826d304e5e7,"{""distance"":5,""physical_error_rate"":0.0005}","{""detection_events"":643390,""detectors_checked"":382976000,""obs_mistake_mask=EE"":1}"
   1653760,         0,         0,   119.5,decoder_by_matrix,6866428194f3c2ecf80b799fe3d7eaa0d7bfdd0bee14693d15f8abf3c1159eda,"{""distance"":5,""physical_error_rate"":1e-05}","{""detection_events"":9405,""detectors_checked"":281139200}"
   1605632,         0,         0,   119.5,decoder_by_matrix,cc9cd6551b3048ae216380ccb8ae5d3cca75b5b766fe651c47ef084ce4ce7dc6,"{""distance"":5,""physical_error_rate"":5e-05}","{""detection_events"":46025,""detectors_checked"":272957440}"
   1614848,         0,         0,   119.7,decoder_by_matrix,cc9cd6551b3048ae216380ccb8ae5d3cca75b5b766fe651c47ef084ce4ce7dc6,"{""distance"":5,""physical_error_rate"":5e-05}","{""detection_events"":45045,""detectors_checked"":274524160}"
   1600512,         0,         0,   119.6,decoder_by_matrix,a052b2ce6ed64a98931ebcd7492590a746d7ec6e385d9f4479eb5b69a31b01f0,"{""distance"":5,""physical_error_rate"":0.0001}","{""detection_events"":91240,""detectors_checked"":272087040}"
   1580032,         1,         0,   119.6,decoder_by_matrix,f0fc70a0432f83ff513e502442839d2eab02e2bed2f658d0464ff826d304e5e7,"{""distance"":5,""physical_error_rate"":0.0005}","{""detection_events"":447090,""detectors_checked"":268605440,""obs_mistake_mask=_E"":1}"
   1565696,         2,         0,   119.7,decoder_by_matrix,5b8a070a3cf8d31d64f24dbee89f3428cb9cab13fc59f7448d798f9bf08e9187,"{""distance"":5,""physical_error_rate"":0.001}","{""detection_events"":884980,""detectors_checked"":266168320,""obs_mistake_mask=E_"":2}"
   1602560,         0,         0,   119.6,decoder_by_matrix,a052b2ce6ed64a98931ebcd7492590a746d7ec6e385d9f4479eb5b69a31b01f0,"{""distance"":5,""physical_error_rate"":0.0001}","{""detection_events"":91650,""detectors_checked"":272435200}"
   1613824,         0,         0,   119.6,decoder_by_matrix,6866428194f3c2ecf80b799fe3d7eaa0d7bfdd0bee14693d15f8abf3c1159eda,"{""distance"":5,""physical_error_rate"":1e-05}","{""detection_events"":8065,""detectors_checked"":274350080}"
   1472512,         0,         0,   119.7,decoder_by_matrix,f0fc70a0432f83ff513e502442839d2eab02e2bed2f658d0464ff826d304e5e7,"{""distance"":5,""physical_error_rate"":0.0005}","{""detection_events"":417555,""detectors_checked"":250327040}"
   2482176,         0,         0,   119.6,decoder_by_matrix,a052b2ce6ed64a98931ebcd7492590a746d7ec6e385d9f4479eb5b69a31b01f0,"{""distance"":5,""physical_error_rate"":0.0001}","{""detection_events"":143025,""detectors_checked"":421969920}"
   1560576,         5,         0,   119.7,decoder_by_matrix,5b8a070a3cf8d31d64f24dbee89f3428cb9cab13fc59f7448d798f9bf08e9187,"{""distance"":5,""physical_error_rate"":0.001}","{""detection_events"":884885,""detectors_checked"":265297920,""obs_mistake_mask=E_"":2,""obs_mistake_mask=_E"":3}"
   1442816,         0,         0,   119.6,decoder_by_matrix,cc9cd6551b3048ae216380ccb8ae5d3cca75b5b766fe651c47ef084ce4ce7dc6,"{""distance"":5,""physical_error_rate"":5e-05}","{""detection_events"":40295,""detectors_checked"":245278720}"
   1513472,         2,         0,   119.7,decoder_by_matrix,5b8a070a3cf8d31d64f24dbee89f3428cb9cab13fc59f7448d798f9bf08e9187,"{""distance"":5,""physical_error_rate"":0.001}","{""detection_events"":849780,""detectors_checked"":257290240,""obs_mistake_mask=EE"":2}"
   1518592,         0,         0,   119.6,decoder_by_matrix,6866428194f3c2ecf80b799fe3d7eaa0d7bfdd0bee14693d15f8abf3c1159eda,"{""distance"":5,""physical_error_rate"":1e-05}","{""detection_events"":8625,""detectors_checked"":258160640}"
   1568768,         0,         0,   119.6,decoder_by_matrix,cc9cd6551b3048ae216380ccb8ae5d3cca75b5b766fe651c47ef084ce4ce7dc6,"{""distance"":5,""physical_error_rate"":5e-05}","{""detection_events"":46630,""detectors_checked"":266690560}"
   1526784,         0,         0,   119.7,decoder_by_matrix,f0fc70a0432f83ff513e502442839d2eab02e2bed2f658d0464ff826d304e5e7,"{""distance"":5,""physical_error_rate"":0.0005}","{""detection_events"":438525,""detectors_checked"":259553280}"
    543736,         0,         0,    27.4,decoder_by_matrix,a052b2ce6ed64a98931ebcd7492590a746d7ec6e385d9f4479eb5b69a31b01f0,"{""distance"":5,""physical_error_rate"":0.0001}","{""detection_events"":30585,""detectors_checked"":92435120}"
   1496064,         5,         0,   119.5,decoder_by_matrix,5b8a070a3cf8d31d64f24dbee89f3428cb9cab13fc59f7448d798f9bf08e9187,"{""distance"":5,""physical_error_rate"":0.001}","{""detection_events"":849890,""detectors_checked"":254330880,""obs_mistake_mask=EE"":1,""obs_mistake_mask=E_"":3,""obs_mistake_mask=_E"":1}"
   1482752,         0,         0,   119.6,decoder_by_matrix,a052b2ce6ed64a98931ebcd7492590a746d7ec6e385d9f4479eb5b69a31b01f0,"{""distance"":5,""physical_error_rate"":0.0001}","{""detection_events"":85495,""detectors_checked"":252067840}"
   1505280,         0,         0,   119.6,decoder_by_matrix,a052b2ce6ed64a98931ebcd7492590a746d7ec6e385d9f4479eb5b69a31b01f0,"{""distance"":5,""physical_error_rate"":0.0001}","{""detection_events"":82995,""detectors_checked"":255897600}"
   1539072,         0,         0,   119.5,decoder_by_matrix,cc9cd6551b3048ae216380ccb8ae5d3cca75b5b766fe651c47ef084ce4ce7dc6,"{""distance"":5,""physical_error_rate"":5e-05}","{""detection_events"":43775,""detectors_checked"":261642240}"
   1563648,         0,         0,   119.6,decoder_by_matrix,a052b2ce6ed64a98931ebcd7492590a746d7ec6e385d9f4479eb5b69a31b01f0,"{""distance"":5,""physical_error_rate"":0.0001}","{""detection_events"":87545,""detectors_checked"":265820160}"
   1572864,         0,         0,   119.7,decoder_by_matrix,6866428194f3c2ecf80b799fe3d7eaa0d7bfdd0bee14693d15f8abf3c1159eda,"{""distance"":5,""physical_error_rate"":1e-05}","{""detection_events"":8775,""detectors_checked"":267386880}"
   1495040,         0,         0,   119.5,decoder_by_matrix,f0fc70a0432f83ff513e502442839d2eab02e2bed2f658d0464ff826d304e5e7,"{""distance"":5,""physical_error_rate"":0.0005}","{""detection_events"":426960,""detectors_checked"":254156800}"
   2630656,         4,         0,   119.6,decoder_by_matrix,5b8a070a3cf8d31d64f24dbee89f3428cb9cab13fc59f7448d798f9bf08e9187,"{""distance"":5,""physical_error_rate"":0.001}","{""detection_events"":1498505,""detectors_checked"":447211520,""obs_mistake_mask=EE"":1,""obs_mistake_mask=E_"":2,""obs_mistake_mask=_E"":1}"
   1613824,         0,         0,   119.6,decoder_by_matrix,6866428194f3c2ecf80b799fe3d7eaa0d7bfdd0bee14693d15f8abf3c1159eda,"{""distance"":5,""physical_error_rate"":1e-05}","{""detection_events"":9555,""detectors_checked"":274350080}"
   1507328,         1,         0,   119.5,decoder_by_matrix,5b8a070a3cf8d31d64f24dbee89f3428cb9cab13fc59f7448d798f9bf08e9187,"{""distance"":5,""physical_error_rate"":0.001}","{""detection_events"":855705,""detectors_checked"":256245760,""obs_mistake_mask=E_"":1}"
   1503232,         0,         0,   119.6,decoder_by_matrix,f0fc70a0432f83ff513e502442839d2eab02e2bed2f658d0464ff826d304e5e7,"{""distance"":5,""physical_error_rate"":0.0005}","{""detection_events"":424565,""detectors_checked"":255549440}"
   1404928,         0,         0,   119.6,decoder_by_matrix,a052b2ce6ed64a98931ebcd7492590a746d7ec6e385d9f4479eb5b69a31b01f0,"{""distance"":5,""physical_error_rate"":0.0001}","{""detection_events"":83305,""detectors_checked"":238837760}"
   1606656,         0,         0,   119.6,decoder_by_matrix,cc9cd6551b3048ae216380ccb8ae5d3cca75b5b766fe651c47ef084ce4ce7dc6,"{""distance"":5,""physical_error_rate"":5e-05}","{""detection_events"":46745,""detectors_checked"":273131520}"
   1528832,         5,         0,   119.6,decoder_by_matrix,5b8a070a3cf8d31d64f24dbee89f3428cb9cab13fc59f7448d798f9bf08e9187,"{""distance"":5,""physical_error_rate"":0.001}","{""detection_events"":857435,""detectors_checked"":259901440,""obs_mistake_mask=E_"":1,""obs_mistake_mask=_E"":4}"
   1600512,         0,         0,   119.7,decoder_by_matrix,cc9cd6551b3048ae216380ccb8ae5d3cca75b5b766fe651c47ef084ce4ce7dc6,"{""distance"":5,""physical_error_rate"":5e-05}","{""detection_events"":47190,""detectors_checked"":272087040}"
   2675712,         0,         0,   119.6,decoder_by_matrix,6866428194f3c2ecf80b799fe3d7eaa0d7bfdd0bee14693d15f8abf3c1159eda,"{""distance"":5,""physical_error_rate"":1e-05}","{""detection_events"":14885,""detectors_checked"":454871040}"
   1604608,         0,         0,   119.6,decoder_by_matrix,a052b2ce6ed64a98931ebcd7492590a746d7ec6e385d9f4479eb5b69a31b01f0,"{""distance"":5,""physical_error_rate"":0.0001}","{""detection_events"":93010,""detectors_checked"":272783360}"
   1611776,         0,         0,   119.5,decoder_by_matrix,cc9cd6551b3048ae216380ccb8ae5d3cca75b5b766fe651c47ef084ce4ce7dc6,"{""distance"":5,""physical_error_rate"":5e-05}","{""detection_events"":45705,""detectors_checked"":274001920}"
   1497088,         1,         0,   119.6,decoder_by_matrix,5b8a070a3cf8d31d64f24dbee89f3428cb9cab13fc59f7448d798f9bf08e9187,"{""distance"":5,""physical_error_rate"":0.001}","{""detection_events"":853145,""detectors_checked"":254504960,""obs_mistake_mask=EE"":1}"
   1566720,         3,         0,   119.7,decoder_by_matrix,5b8a070a3cf8d31d64f24dbee89f3428cb9cab13fc59f7448d798f9bf08e9187,"{""distance"":5,""physical_error_rate"":0.001}","{""detection_events"":892085,""detectors_checked"":266342400,""obs_mistake_mask=EE"":2,""obs_mistake_mask=E_"":1}"
   1496064,         0,         0,   119.6,decoder_by_matrix,f0fc70a0432f83ff513e502442839d2eab02e2bed2f658d0464ff826d304e5e7,"{""distance"":5,""physical_error_rate"":0.0005}","{""detection_events"":421135,""detectors_checked"":254330880}"
   1418240,         0,         0,   119.6,decoder_by_matrix,f0fc70a0432f83ff513e502442839d2eab02e2bed2f658d0464ff826d304e5e7,"{""distance"":5,""physical_error_rate"":0.0005}","{""detection_events"":404240,""detectors_checked"":241100800}"
   1540096,         0,         0,   119.5,decoder_by_matrix,a052b2ce6ed64a98931ebcd7492590a746d7ec6e385d9f4479eb5b69a31b01f0,"{""distance"":5,""physical_error_rate"":0.0001}","{""detection_events"":87720,""detectors_checked"":261816320}"
   1537024,         0,         0,   119.5,decoder_by_matrix,a052b2ce6ed64a98931ebcd7492590a746d7ec6e385d9f4479eb5b69a31b01f0,"{""distance"":5,""physical_error_rate"":0.0001}","{""detection_events"":87485,""detectors_checked"":261294080}"
   1466368,         0,         0,   119.6,decoder_by_matrix,6866428194f3c2ecf80b799fe3d7eaa0d7bfdd0bee14693d15f8abf3c1159eda,"{""distance"":5,""physical_error_rate"":1e-05}","{""detection_events"":8200,""detectors_checked"":249282560}"
   1499136,         0,         0,   119.5,decoder_by_matrix,6866428194f3c2ecf80b799fe3d7eaa0d7bfdd0bee14693d15f8abf3c1159eda,"{""distance"":5,""physical_error_rate"":1e-05}","{""detection_events"":8805,""detectors_checked"":254853120}"
   1462272,         0,         0,   119.6,decoder_by_matrix,f0fc70a0432f83ff513e502442839d2eab02e2bed2f658d0464ff826d304e5e7,"{""distance"":5,""physical_error_rate"":0.0005}","{""detection_events"":414580,""detectors_checked"":248586240}"
   2674688,         0,         0,   119.6,decoder_by_matrix,6866428194f3c2ecf80b799fe3d7eaa0d7bfdd0bee14693d15f8abf3c1159eda,"{""distance"":5,""physical_error_rate"":1e-05}","{""detection_events"":15795,""detectors_checked"":454696960}"
   1531904,         0,         0,   119.6,decoder_by_matrix,f0fc70a0432f83ff513e502442839d2eab02e2bed2f658d0464ff826d304e5e7,"{""distance"":5,""physical_error_rate"":0.0005}","{""detection_events"":436715,""detectors_checked"":260423680}"
   7160832,         9,         0,   119.1,decoder_by_matrix,5b8a070a3cf8d31d64f24dbee89f3428cb9cab13fc59f7448d798f9bf08e9187,"{""distance"":5,""physical_error_rate"":0.001}","{""detection_events"":4043830,""detectors_checked"":1217341440,""obs_mistake_mask=EE"":3,""obs_mistake_mask=E_"":2,""obs_mistake_mask=_E"":4}"
   2417664,         0,         0,   119.6,decoder_by_matrix,cc9cd6551b3048ae216380ccb8ae5d3cca75b5b766fe651c47ef084ce4ce7dc6,"{""distance"":5,""physical_error_rate"":5e-05}","{""detection_events"":66985,""detectors_checked"":411002880}"
   2041856,         1,         0,   119.6,decoder_by_matrix,f0fc70a0432f83ff513e502442839d2eab02e2bed2f658d0464ff826d304e5e7,"{""distance"":5,""physical_error_rate"":0.0005}","{""detection_events"":579205,""detectors_checked"":347115520,""obs_mistake_mask=_E"":1}"
   1635328,         0,         0,   119.6,decoder_by_matrix,6866428194f3c2ecf80b799fe3d7eaa0d7bfdd0bee14693d15f8abf3c1159eda,"{""distance"":5,""physical_error_rate"":1e-05}","{""detection_events"":9425,""detectors_checked"":278005760}"
   1607680,         0,         0,   119.6,decoder_by_matrix,cc9cd6551b3048ae216380ccb8ae5d3cca75b5b766fe651c47ef084ce4ce7dc6,"{""distance"":5,""physical_error_rate"":5e-05}","{""detection_events"":46180,""detectors_checked"":273305600}"
   1599488,         0,         0,   119.6,decoder_by_matrix,cc9cd6551b3048ae216380ccb8ae5d3cca75b5b766fe651c47ef084ce4ce7dc6,"{""distance"":5,""physical_error_rate"":5e-05}","{""detection_events"":46405,""detectors_checked"":271912960}"
   1594368,         0,         0,   119.5,decoder_by_matrix,a052b2ce6ed64a98931ebcd7492590a746d7ec6e385d9f4479eb5b69a31b01f0,"{""distance"":5,""physical_error_rate"":0.0001}","{""detection_events"":92910,""detectors_checked"":271042560}"
   1593344,         0,         0,   119.6,decoder_by_matrix,f0fc70a0432f83ff513e502442839d2eab02e2bed2f658d0464ff826d304e5e7,"{""distance"":5,""physical_error_rate"":0.0005}","{""detection_events"":452720,""detectors_checked"":270868480}"
   1611776,         1,         0,   119.5,decoder_by_matrix,5b8a070a3cf8d31d64f24dbee89f3428cb9cab13fc59f7448d798f9bf08e9187,"{""distance"":5,""physical_error_rate"":0.001}","{""detection_events"":908230,""detectors_checked"":274001920,""obs_mistake_mask=E_"":1}"
   1558528,         0,         0,   119.7,decoder_by_matrix,a052b2ce6ed64a98931ebcd7492590a746d7ec6e385d9f4479eb5b69a31b01f0,"{""distance"":5,""physical_error_rate"":0.0001}","{""detection_events"":87950,""detectors_checked"":264949760}"
   1614848,         0,         0,   119.6,decoder_by_matrix,6866428194f3c2ecf80b799fe3d7eaa0d7bfdd0bee14693d15f8abf3c1159eda,"{""distance"":5,""physical_error_rate"":1e-05}","{""detection_events"":9715,""detectors_checked"":274524160}"
   1499136,         0,         0,   119.7,decoder_by_matrix,f0fc70a0432f83ff513e502442839d2eab02e2bed2f658d0464ff826d304e5e7,"{""distance"":5,""physical_error_rate"":0.0005}","{""detection_events"":431500,""detectors_checked"":254853120}"
   1489920,         2,         0,   119.7,decoder_by_matrix,5b8a070a3cf8d31d64f24dbee89f3428cb9cab13fc59f7448d798f9bf08e9187,"{""distance"":5,""physical_error_rate"":0.001}","{""detection_events"":843395,""detectors_checked"":253286400,""obs_mistake_mask=EE"":1,""obs_mistake_mask=_E"":1}"
   1490944,         0,         0,   119.7,decoder_by_matrix,cc9cd6551b3048ae216380ccb8ae5d3cca75b5b766fe651c47ef084ce4ce7dc6,"{""distance"":5,""physical_error_rate"":5e-05}","{""detection_events"":42290,""detectors_checked"":253460480}"
   1515520,         0,         0,   119.6,decoder_by_matrix,5b8a070a3cf8d31d64f24dbee89f3428cb9cab13fc59f7448d798f9bf08e9187,"{""distance"":5,""physical_error_rate"":0.001}","{""detection_events"":861690,""detectors_checked"":257638400}"
   1560576,         0,         0,   119.4,decoder_by_matrix,6866428194f3c2ecf80b799fe3d7eaa0d7bfdd0bee14693d15f8abf3c1159eda,"{""distance"":5,""physical_error_rate"":1e-05}","{""detection_events"":9385,""detectors_checked"":265297920}"
   1566720,         0,         0,   119.6,decoder_by_matrix,cc9cd6551b3048ae216380ccb8ae5d3cca75b5b766fe651c47ef084ce4ce7dc6,"{""distance"":5,""physical_error_rate"":5e-05}","{""detection_events"":43970,""detectors_checked"":266342400}"
   1494016,         1,         0,   119.6,decoder_by_matrix,f0fc70a0432f83ff513e502442839d2eab02e2bed2f658d0464ff826d304e5e7,"{""distance"":5,""physical_error_rate"":0.0005}","{""detection_events"":425050,""detectors_checked"":253982720,""obs_mistake_mask=EE"":1}"
   2201600,         0,         0,   119.5,decoder_by_matrix,a052b2ce6ed64a98931ebcd7492590a746d7ec6e385d9f4479eb5b69a31b01f0,"{""distance"":5,""physical_error_rate"":0.0001}","{""detection_events"":125710,""detectors_checked"":374272000}"
   1542144,         7,         0,   119.7,decoder_by_matrix,5b8a070a3cf8d31d64f24dbee89f3428cb9cab13fc59f7448d798f9bf08e9187,"{""distance"":5,""physical_error_rate"":0.001}","{""detection_events"":876575,""detectors_checked"":262164480,""obs_mistake_mask=EE"":1,""obs_mistake_mask=E_"":2,""obs_mistake_mask=_E"":4}"
   1554432,         0,         0,   119.5,decoder_by_matrix,a052b2ce6ed64a98931ebcd7492590a746d7ec6e385d9f4479eb5b69a31b01f0,"{""distance"":5,""physical_error_rate"":0.0001}","{""detection_events"":87545,""detectors_checked"":264253440}"
   1525760,         0,         0,   119.5,decoder_by_matrix,a052b2ce6ed64a98931ebcd7492590a746d7ec6e385d9f4479eb5b69a31b01f0,"{""distance"":5,""physical_error_rate"":0.0001}","{""detection_events"":89995,""detectors_checked"":259379200}"
   1507328,         0,         0,   119.6,decoder_by_matrix,cc9cd6551b3048ae216380ccb8ae5d3cca75b5b766fe651c47ef084ce4ce7dc6,"{""distance"":5,""physical_error_rate"":5e-05}","{""detection_events"":44355,""detectors_checked"":256245760}"
   1564672,         0,         0,   119.7,decoder_by_matrix,a052b2ce6ed64a98931ebcd7492590a746d7ec6e385d9f4479eb5b69a31b01f0,"{""distance"":5,""physical_error_rate"":0.0001}","{""detection_events"":91085,""detectors_checked"":265994240}"
   1606656,         0,         0,   119.6,decoder_by_matrix,6866428194f3c2ecf80b799fe3d7eaa0d7bfdd0bee14693d15f8abf3c1159eda,"{""distance"":5,""physical_error_rate"":1e-05}","{""detection_events"":9515,""detectors_checked"":273131520}"
   1529856,         1,         0,   119.6,decoder_by_matrix,f0fc70a0432f83ff513e502442839d2eab02e2bed2f658d0464ff826d304e5e7,"{""distance"":5,""physical_error_rate"":0.0005}","{""detection_events"":434370,""detectors_checked"":260075520,""obs_mistake_mask=E_"":1}"
   2490368,         9,         0,   119.6,decoder_by_matrix,5b8a070a3cf8d31d64f24dbee89f3428cb9cab13fc59f7448d798f9bf08e9187,"{""distance"":5,""physical_error_rate"":0.001}","{""detection_events"":1414140,""detectors_checked"":423362560,""obs_mistake_mask=EE"":3,""obs_mistake_mask=E_"":4,""obs_mistake_mask=_E"":2}"
   1637376,         0,         0,   119.5,decoder_by_matrix,6866428194f3c2ecf80b799fe3d7eaa0d7bfdd0bee14693d15f8abf3c1159eda,"{""distance"":5,""physical_error_rate"":1e-05}","{""detection_events"":10120,""detectors_checked"":278353920}"
   1540096,         5,         0,   119.7,decoder_by_matrix,5b8a070a3cf8d31d64f24dbee89f3428cb9cab13fc59f7448d798f9bf08e9187,"{""distance"":5,""physical_error_rate"":0.001}","{""detection_events"":876555,""detectors_checked"":261816320,""obs_mistake_mask=EE"":1,""obs_mistake_mask=E_"":3,""obs_mistake_mask=_E"":1}"
   1532928,         0,         0,   119.5,decoder_by_matrix,f0fc70a0432f83ff513e502442839d2eab02e2bed2f658d0464ff826d304e5e7,"{""distance"":5,""physical_error_rate"":0.0005}","{""detection_events"":436460,""detectors_checked"":260597760}"
   1603584,         0,         0,   119.6,decoder_by_matrix,cc9cd6551b3048ae216380ccb8ae5d3cca75b5b766fe651c47ef084ce4ce7dc6,"{""distance"":5,""physical_error_rate"":5e-05}","{""detection_events"":46875,""detectors_checked"":272609280}"
   1587200,         0,         0,   119.6,decoder_by_matrix,a052b2ce6ed64a98931ebcd7492590a746d7ec6e385d9f4479eb5b69a31b01f0,"{""distance"":5,""physical_error_rate"":0.0001}","{""detection_events"":89680,""detectors_checked"":269824000}"
   1570816,         6,         0,   119.5,decoder_by_matrix,5b8a070a3cf8d31d64f24dbee89f3428cb9cab13fc59f7448d798f9bf08e9187,"{""distance"":5,""physical_error_rate"":0.001}","{""detection_events"":896370,""detectors_checked"":267038720,""obs_mistake_mask=EE"":2,""obs_mistake_mask=E_"":4}"
   1603584,         0,         0,   119.6,decoder_by_matrix,cc9cd6551b3048ae216380ccb8ae5d3cca75b5b766fe651c47ef084ce4ce7dc6,"{""distance"":5,""physical_error_rate"":5e-05}","{""detection_events"":44470,""detectors_checked"":272609280}"
   2658304,         0,         0,   119.6,decoder_by_matrix,6866428194f3c2ecf80b799fe3d7eaa0d7bfdd0bee14693d15f8abf3c1159eda,"{""distance"":5,""physical_error_rate"":1e-05}","{""detection_events"":14955,""detectors_checked"":451911680}"
   1562624,         0,         0,   119.6,decoder_by_matrix,a052b2ce6ed64a98931ebcd7492590a746d7ec6e385d9f4479eb5b69a31b01f0,"{""distance"":5,""physical_error_rate"":0.0001}","{""detection_events"":89445,""detectors_checked"":265646080}"
   1599488,         0,         0,   119.6,decoder_by_matrix,cc9cd6551b3048ae216380ccb8ae5d3cca75b5b766fe651c47ef084ce4ce7dc6,"{""distance"":5,""physical_error_rate"":5e-05}","{""detection_events"":45985,""detectors_checked"":271912960}"
   1478656,         4,         0,   119.5,decoder_by_matrix,5b8a070a3cf8d31d64f24dbee89f3428cb9cab13fc59f7448d798f9bf08e9187,"{""distance"":5,""physical_error_rate"":0.001}","{""detection_events"":839915,""detectors_checked"":251371520,""obs_mistake_mask=EE"":1,""obs_mistake_mask=E_"":2,""obs_mistake_mask=_E"":1}"
   1585152,         1,         0,   119.6,decoder_by_matrix,5b8a070a3cf8d31d64f24dbee89f3428cb9cab13fc59f7448d798f9bf08e9187,"{""distance"":5,""physical_error_rate"":0.001}","{""detection_events"":904120,""detectors_checked"":269475840,""obs_mistake_mask=E_"":1}"
   1581056,         2,         0,   119.6,decoder_by_matrix,f0fc70a0432f83ff513e502442839d2eab02e2bed2f658d0464ff826d304e5e7,"{""distance"":5,""physical_error_rate"":0.0005}","{""detection_events"":454790,""detectors_checked"":268779520,""obs_mistake_mask=E_"":1,""obs_mistake_mask=_E"":1}"
   1521664,         0,         0,   119.4,decoder_by_matrix,f0fc70a0432f83ff513e502442839d2eab02e2bed2f658d0464ff826d304e5e7,"{""distance"":5,""physical_error_rate"":0.0005}","{""detection_events"":432325,""detectors_checked"":258682880}"
   1562624,         0,         0,   119.6,decoder_by_matrix,a052b2ce6ed64a98931ebcd7492590a746d7ec6e385d9f4479eb5b69a31b01f0,"{""distance"":5,""physical_error_rate"":0.0001}","{""detection_events"":88220,""detectors_checked"":265646080}"
   1537024,         0,         0,   119.5,decoder_by_matrix,a052b2ce6ed64a98931ebcd7492590a746d7ec6e385d9f4479eb5b69a31b01f0,"{""distance"":5,""physical_error_rate"":0.0001}","{""detection_events"":85005,""detectors_checked"":261294080}"
   1545216,         0,         0,   119.5,decoder_by_matrix,6866428194f3c2ecf80b799fe3d7eaa0d7bfdd0bee14693d15f8abf3c1159eda,"{""distance"":5,""physical_error_rate"":1e-05}","{""detection_events"":9790,""detectors_checked"":262686720}"
   1629184,         0,         0,   119.6,decoder_by_matrix,6866428194f3c2ecf80b799fe3d7eaa0d7bfdd0bee14693d15f8abf3c1159eda,"{""distance"":5,""physical_error_rate"":1e-05}","{""detection_events"":9125,""detectors_checked"":276961280}"
   1511424,         0,         0,   119.5,decoder_by_matrix,f0fc70a0432f83ff513e502442839d2eab02e2bed2f658d0464ff826d304e5e7,"{""distance"":5,""physical_error_rate"":0.0005}","{""detection_events"":433515,""detectors_checked"":256942080}"
   2506752,         0,         0,   119.6,decoder_by_matrix,6866428194f3c2ecf80b799fe3d7eaa0d7bfdd0bee14693d15f8abf3c1159eda,"{""distance"":5,""physical_error_rate"":1e-05}","{""detection_events"":14310,""detectors_checked"":426147840}"
   1590272,         0,         0,   119.6,decoder_by_matrix,f0fc70a0432f83ff513e502442839d2eab02e2bed2f658d0464ff826d304e5e7,"{""distance"":5,""physical_error_rate"":0.0005}","{""detection_events"":453555,""detectors_checked"":270346240}"
   7595008,         9,         0,   119.2,decoder_by_matrix,5b8a070a3cf8d31d64f24dbee89f3428cb9cab13fc59f7448d798f9bf08e9187,"{""distance"":5,""physical_error_rate"":0.001}","{""detection_events"":4307210,""detectors_checked"":1291151360,""obs_mistake_mask=EE"":2,""obs_mistake_mask=E_"":3,""obs_mistake_mask=_E"":4}"
   2242560,         0,         0,   119.6,decoder_by_matrix,cc9cd6551b3048ae216380ccb8ae5d3cca75b5b766fe651c47ef084ce4ce7dc6,"{""distance"":5,""physical_error_rate"":5e-05}","{""detection_events"":63540,""detectors_checked"":381235200}"
   2173952,         0,         0,   119.6,decoder_by_matrix,f0fc70a0432f83ff513e502442839d2eab02e2bed2f658d0464ff826d304e5e7,"{""distance"":5,""physical_error_rate"":0.0005}","{""detection_events"":617110,""detectors_checked"":369571840}"
   1580032,         0,         0,   119.6,decoder_by_matrix,6866428194f3c2ecf80b799fe3d7eaa0d7bfdd0bee14693d15f8abf3c1159eda,"{""distance"":5,""physical_error_rate"":1e-05}","{""detection_events"":9465,""detectors_checked"":268605440}"
   1599488,         0,         0,   119.5,decoder_by_matrix,cc9cd6551b3048ae216380ccb8ae5d3cca75b5b766fe651c47ef084ce4ce7dc6,"{""distance"":5,""physical_error_rate"":5e-05}","{""detection_events"":45365,""detectors_checked"":271912960}"
   1575936,         0,         0,   119.6,decoder_by_matrix,cc9cd6551b3048ae216380ccb8ae5d3cca75b5b766fe651c47ef084ce4ce7dc6,"{""distance"":5,""physical_error_rate"":5e-05}","{""detection_events"":44715,""detectors_checked"":267909120}"
   1619968,         0,         0,   119.6,decoder_by_matrix,a052b2ce6ed64a98931ebcd7492590a746d7ec6e385d9f4479eb5b69a31b01f0,"{""distance"":5,""physical_error_rate"":0.0001}","{""detection_events"":91530,""detectors_checked"":275394560}"
   1588224,         0,         0,   119.5,decoder_by_matrix,f0fc70a0432f83ff513e502442839d2eab02e2bed2f658d0464ff826d304e5e7,"{""distance"":5,""physical_error_rate"":0.0005}","{""detection_events"":449560,""detectors_checked"":269998080}"
   1520640,         4,         0,   119.6,decoder_by_matrix,5b8a070a3cf8d31d64f24dbee89f3428cb9cab13fc59f7448d798f9bf08e9187,"{""distance"":5,""physical_error_rate"":0.001}","{""detection_events"":871095,""detectors_checked"":258508800,""obs_mistake_mask=E_"":3,""obs_mistake_mask=_E"":1}"
   1544192,         0,         0,   119.6,decoder_by_matrix,a052b2ce6ed64a98931ebcd7492590a746d7ec6e385d9f4479eb5b69a31b01f0,"{""distance"":5,""physical_error_rate"":0.0001}","{""detection_events"":86970,""detectors_checked"":262512640}"
   1605632,         0,         0,   119.6,decoder_by_matrix,6866428194f3c2ecf80b799fe3d7eaa0d7bfdd0bee14693d15f8abf3c1159eda,"{""distance"":5,""physical_error_rate"":1e-05}","{""detection_events"":9345,""detectors_checked"":272957440}"
   1491968,         1,         0,   119.6,decoder_by_matrix,f0fc70a0432f83ff513e502442839d2eab02e2bed2f658d0464ff826d304e5e7,"{""distance"":5,""physical_error_rate"":0.0005}","{""detection_events"":426560,""detectors_checked"":253634560,""obs_mistake_mask=E_"":1}"
    944654,         0,         0,    44.3,decoder_by_matrix,cc9cd6551b3048ae216380ccb8ae5d3cca75b5b766fe651c47ef084ce4ce7dc6,"{""distance"":5,""physical_error_rate"":5e-05}","{""detection_events"":25485,""detectors_checked"":160591180}"
   1523712,         0,         0,   119.7,decoder_by_matrix,5b8a070a3cf8d31d64f24dbee89f3428cb9cab13fc59f7448d798f9bf08e9187,"{""distance"":5,""physical_error_rate"":0.001}","{""detection_events"":867205,""detectors_checked"":259031040}"
   1567744,         0,         0,   119.6,decoder_by_matrix,cc9cd6551b3048ae216380ccb8ae5d3cca75b5b766fe651c47ef084ce4ce7dc6,"{""distance"":5,""physical_error_rate"":5e-05}","{""detection_events"":46530,""detectors_checked"":266516480}"
   1472512,         4,         0,   119.7,decoder_by_matrix,5b8a070a3cf8d31d64f24dbee89f3428cb9cab13fc59f7448d798f9bf08e9187,"{""distance"":5,""physical_error_rate"":0.001}","{""detection_events"":839215,""detectors_checked"":250327040,""obs_mistake_mask=E_"":2,""obs_mistake_mask=_E"":2}"
   1561600,         0,         0,   119.5,decoder_by_matrix,6866428194f3c2ecf80b799fe3d7eaa0d7bfdd0bee14693d15f8abf3c1159eda,"{""distance"":5,""physical_error_rate"":1e-05}","{""detection_events"":8830,""detectors_checked"":265472000}"
   1582080,         0,         0,   119.5,decoder_by_matrix,cc9cd6551b3048ae216380ccb8ae5d3cca75b5b766fe651c47ef084ce4ce7dc6,"{""distance"":5,""physical_error_rate"":5e-05}","{""detection_events"":44980,""detectors_checked"":268953600}"
   1490944,         2,         0,   119.6,decoder_by_matrix,f0fc70a0432f83ff513e502442839d2eab02e2bed2f658d0464ff826d304e5e7,"{""distance"":5,""physical_error_rate"":0.0005}","{""detection_events"":426440,""detectors_checked"":253460480,""obs_mistake_mask=E_"":2}"
   2308096,         0,         0,   119.6,decoder_by_matrix,a052b2ce6ed64a98931ebcd7492590a746d7ec6e385d9f4479eb5b69a31b01f0,"{""distance"":5,""physical_error_rate"":0.0001}","{""detection_events"":132560,""detectors_checked"":392376320}"
   1497088,         3,         0,   119.7,decoder_by_matrix,5b8a070a3cf8d31d64f24dbee89f3428cb9cab13fc59f7448d798f9bf08e9187,"{""distance"":5,""physical_error_rate"":0.001}","{""detection_events"":857755,""detectors_checked"":254504960,""obs_mistake_mask=EE"":1,""obs_mistake_mask=_E"":2}"
   1506304,         0,         0,   119.6,decoder_by_matrix,a052b2ce6ed64a98931ebcd7492590a746d7ec6e385d9f4479eb5b69a31b01f0,"{""distance"":5,""physical_error_rate"":0.0001}","{""detection_events"":85645,""detectors_checked"":256071680}"
   1516544,         0,         0,   119.6,decoder_by_matrix,a052b2ce6ed64a98931ebcd7492590a746d7ec6e385d9f4479eb5b69a31b01f0,"{""distance"":5,""physical_error_rate"":0.0001}","{""detection_events"":85860,""detectors_checked"":257812480}"
   1497088,         0,         0,   119.5,decoder_by_matrix,cc9cd6551b3048ae216380ccb8ae5d3cca75b5b766fe651c47ef084ce4ce7dc6,"{""distance"":5,""physical_error_rate"":5e-05}","{""detection_events"":41900,""detectors_checked"":254504960}"
   1531904,         0,         0,   119.6,decoder_by_matrix,a052b2ce6ed64a98931ebcd7492590a746d7ec6e385d9f4479eb5b69a31b01f0,"{""distance"":5,""physical_error_rate"":0.0001}","{""detection_events"":88600,""detectors_checked"":260423680}"
   1563648,         0,         0,   119.6,decoder_by_matrix,6866428194f3c2ecf80b799fe3d7eaa0d7bfdd0bee14693d15f8abf3c1159eda,"{""distance"":5,""physical_error_rate"":1e-05}","{""detection_events"":8910,""detectors_checked"":265820160}"
   1500160,         1,         0,   119.6,decoder_by_matrix,f0fc70a0432f83ff513e502442839d2eab02e2bed2f658d0464ff826d304e5e7,"{""distance"":5,""physical_error_rate"":0.0005}","{""detection_events"":427285,""detectors_checked"":255027200,""obs_mistake_mask=E_"":1}"
   2515968,         2,         0,   119.6,decoder_by_matrix,5b8a070a3cf8d31d64f24dbee89f3428cb9cab13fc59f7448d798f9bf08e9187,"{""distance"":5,""physical_error_rate"":0.001}","{""detection_events"":1434015,""detectors_checked"":427714560,""obs_mistake_mask=EE"":2}"
   1609728,         0,         0,   119.7,decoder_by_matrix,6866428194f3c2ecf80b799fe3d7eaa0d7bfdd0bee14693d15f8abf3c1159eda,"{""distance"":5,""physical_error_rate"":1e-05}","{""detection_events"":8020,""detectors_checked"":273653760}"
   1534976,         6,         0,   119.5,decoder_by_matrix,5b8a070a3cf8d31d64f24dbee89f3428cb9cab13fc59f7448d798f9bf08e9187,"{""distance"":5,""physical_error_rate"":0.001}","{""detection_events"":869435,""detectors_checked"":260945920,""obs_mistake_mask=EE"":1,""obs_mistake_mask=E_"":1,""obs_mistake_mask=_E"":4}"
   1556480,         1,         0,   119.6,decoder_by_matrix,f0fc70a0432f83ff513e502442839d2eab02e2bed2f658d0464ff826d304e5e7,"{""distance"":5,""physical_error_rate"":0.0005}","{""detection_events"":432985,""detectors_checked"":264601600,""obs_mistake_mask=E_"":1}"
   1445888,         0,         0,   119.5,decoder_by_matrix,a052b2ce6ed64a98931ebcd7492590a746d7ec6e385d9f4479eb5b69a31b01f0,"{""distance"":5,""physical_error_rate"":0.0001}","{""detection_events"":80840,""detectors_checked"":245800960}"
   1639424,         0,         0,   119.5,decoder_by_matrix,cc9cd6551b3048ae216380ccb8ae5d3cca75b5b766fe651c47ef084ce4ce7dc6,"{""distance"":5,""physical_error_rate"":5e-05}","{""detection_events"":48130,""detectors_checked"":278702080}"
   1525760,         1,         0,   119.6,decoder_by_matrix,5b8a070a3cf8d31d64f24dbee89f3428cb9cab13fc59f7448d798f9bf08e9187,"{""distance"":5,""physical_error_rate"":0.001}","{""detection_events"":867080,""detectors_checked"":259379200,""obs_mistake_mask=E_"":1}"
   1492992,         0,         0,   119.6,decoder_by_matrix,cc9cd6551b3048ae216380ccb8ae5d3cca75b5b766fe651c47ef084ce4ce7dc6,"{""distance"":5,""physical_error_rate"":5e-05}","{""detection_events"":41930,""detectors_checked"":253808640}"
   2705408,         0,         0,   119.5,decoder_by_matrix,6866428194f3c2ecf80b799fe3d7eaa0d7bfdd0bee14693d15f8abf3c1159eda,"{""distance"":5,""physical_error_rate"":1e-05}","{""detection_events"":15300,""detectors_checked"":459919360}"
   1507328,         0,         0,   119.7,decoder_by_matrix,a052b2ce6ed64a98931ebcd7492590a746d7ec6e385d9f4479eb5b69a31b01f0,"{""distance"":5,""physical_error_rate"":0.0001}","{""detection_events"":85180,""detectors_checked"":256245760}"
   1555456,         0,         0,   119.6,decoder_by_matrix,cc9cd6551b3048ae216380ccb8ae5d3cca75b5b766fe651c47ef084ce4ce7dc6,"{""distance"":5,""physical_error_rate"":5e-05}","{""detection_events"":46560,""detectors_checked"":264427520}"
   1522688,         3,         0,   119.7,decoder_by_matrix,5b8a070a3cf8d31d64f24dbee89f3428cb9cab13fc59f7448d798f9bf08e9187,"{""distance"":5,""physical_error_rate"":0.001}","{""detection_events"":862060,""detectors_checked"":258856960,""obs_mistake_mask=EE"":2,""obs_mistake_mask=E_"":1}"
   1588224,         4,         0,   119.7,decoder_by_matrix,5b8a070a3cf8d31d64f24dbee89f3428cb9cab13fc59f7448d798f9bf08e9187,"{""distance"":5,""physical_error_rate"":0.001}","{""detection_events"":902905,""detectors_checked"":269998080,""obs_mistake_mask=E_"":3,""obs_mistake_mask=_E"":1}"
   1547264,         0,         0,   119.7,decoder_by_matrix,f0fc70a0432f83ff513e502442839d2eab02e2bed2f658d0464ff826d304e5e7,"{""distance"":5,""physical_error_rate"":0.0005}","{""detection_events"":439005,""detectors_checked"":263034880}"
   1499136,         1,         0,   119.7,decoder_by_matrix,f0fc70a0432f83ff513e502442839d2eab02e2bed2f658d0464ff826d304e5e7,"{""distance"":5,""physical_error_rate"":0.0005}","{""detection_events"":430195,""detectors_checked"":254853120,""obs_mistake_mask=_E"":1}"
   1533952,         0,         0,   119.7,decoder_by_matrix,a052b2ce6ed64a98931ebcd7492590a746d7ec6e385d9f4479eb5b69a31b01f0,"{""distance"":5,""physical_error_rate"":0.0001}","{""detection_events"":88555,""detectors_checked"":260771840}"
   1570816,         0,         0,   119.6,decoder_by_matrix,a052b2ce6ed64a98931ebcd7492590a746d7ec6e385d9f4479eb5b69a31b01f0,"{""distance"":5,""physical_error_rate"":0.0001}","{""detection_events"":90065,""detectors_checked"":267038720}"
   1554432,         0,         0,   119.6,decoder_by_matrix,6866428194f3c2ecf80b799fe3d7eaa0d7bfdd0bee14693d15f8abf3c1159eda,"{""distance"":5,""physical_error_rate"":1e-05}","{""detection_events"":8940,""detectors_checked"":264253440}"
   1579008,         0,         0,   119.6,decoder_by_matrix,6866428194f3c2ecf80b799fe3d7eaa0d7bfdd0bee14693d15f8abf3c1159eda,"{""distance"":5,""physical_error_rate"":1e-05}","{""detection_events"":8640,""detectors_checked"":268431360}"
   1504256,         0,         0,   119.6,decoder_by_matrix,f0fc70a0432f83ff513e502442839d2eab02e2bed2f658d0464ff826d304e5e7,"{""distance"":5,""physical_error_rate"":0.0005}","{""detection_events"":430150,""detectors_checked"":255723520}"
   2604032,         0,         0,   119.6,decoder_by_matrix,6866428194f3c2ecf80b799fe3d7eaa0d7bfdd0bee14693d15f8abf3c1159eda,"{""distance"":5,""physical_error_rate"":1e-05}","{""detection_events"":15765,""detectors_checked"":442685440}"
   1595392,         0,         0,   119.6,decoder_by_matrix,f0fc70a0432f83ff513e502442839d2eab02e2bed2f658d0464ff826d304e5e7,"{""distance"":5,""physical_error_rate"":0.0005}","{""detection_events"":456530,""detectors_checked"":271216640}"
    374555,         0,         0,    16.1,decoder_by_matrix,6866428194f3c2ecf80b799fe3d7eaa0d7bfdd0bee14693d15f8abf3c1159eda,"{""distance"":5,""physical_error_rate"":1e-05}","{""detection_events"":2190,""detectors_checked"":63674350}"
   7144448,        19,         0,   119.0,decoder_by_matrix,5b8a070a3cf8d31d64f24dbee89f3428cb9cab13fc59f7448d798f9bf08e9187,"{""distance"":5,""physical_error_rate"":0.001}","{""detection_events"":4062445,""detectors_checked"":1214556160,""obs_mistake_mask=EE"":9,""obs_mistake_mask=E_"":4,""obs_mistake_mask=_E"":6}"
   2061312,         1,         0,   119.6,decoder_by_matrix,f0fc70a0432f83ff513e502442839d2eab02e2bed2f658d0464ff826d304e5e7,"{""distance"":5,""physical_error_rate"":0.0005}","{""detection_events"":586215,""detectors_checked"":350423040,""obs_mistake_mask=E_"":1}"
   1679360,         0,         0,   119.6,decoder_by_matrix,6866428194f3c2ecf80b799fe3d7eaa0d7bfdd0bee14693d15f8abf3c1159eda,"{""distance"":5,""physical_error_rate"":1e-05}","{""detection_events"":9215,""detectors_checked"":285491200}"
   1615872,         0,         0,   119.5,decoder_by_matrix,cc9cd6551b3048ae216380ccb8ae5d3cca75b5b766fe651c47ef084ce4ce7dc6,"{""distance"":5,""physical_error_rate"":5e-05}","{""detection_events"":44780,""detectors_checked"":274698240}"
   1615872,         0,         0,   119.6,decoder_by_matrix,cc9cd6551b3048ae216380ccb8ae5d3cca75b5b766fe651c47ef084ce4ce7dc6,"{""distance"":5,""physical_error_rate"":5e-05}","{""detection_events"":45855,""detectors_checked"":274698240}"
   1615872,         0,         0,   119.6,decoder_by_matrix,a052b2ce6ed64a98931ebcd7492590a746d7ec6e385d9f4479eb5b69a31b01f0,"{""distance"":5,""physical_error_rate"":0.0001}","{""detection_events"":92505,""detectors_checked"":274698240}"
   1586176,         1,         0,   119.6,decoder_by_matrix,f0fc70a0432f83ff513e502442839d2eab02e2bed2f658d0464ff826d304e5e7,"{""distance"":5,""physical_error_rate"":0.0005}","{""detection_events"":451110,""detectors_checked"":269649920,""obs_mistake_mask=E_"":1}"
   1550336,         4,         0,   119.4,decoder_by_matrix,5b8a070a3cf8d31d64f24dbee89f3428cb9cab13fc59f7448d798f9bf08e9187,"{""distance"":5,""physical_error_rate"":0.001}","{""detection_events"":874355,""detectors_checked"":263557120,""obs_mistake_mask=EE"":2,""obs_mistake_mask=E_"":1,""obs_mistake_mask=_E"":1}"
   1590272,         0,         0,   119.7,decoder_by_matrix,a052b2ce6ed64a98931ebcd7492590a746d7ec6e385d9f4479eb5b69a31b01f0,"{""distance"":5,""physical_error_rate"":0.0001}","{""detection_events"":90590,""detectors_checked"":270346240}"
   1613824,         0,         0,   119.6,decoder_by_matrix,6866428194f3c2ecf80b799fe3d7eaa0d7bfdd0bee14693d15f8abf3c1159eda,"{""distance"":5,""physical_error_rate"":1e-05}","{""detection_events"":9190,""detectors_checked"":274350080}"
   1502208,         1,         0,   119.5,decoder_by_matrix,f0fc70a0432f83ff513e502442839d2eab02e2bed2f658d0464ff826d304e5e7,"{""distance"":5,""physical_error_rate"":0.0005}","{""detection_events"":429150,""detectors_checked"":255375360,""obs_mistake_mask=_E"":1}"
   2501632,         0,         0,   119.6,decoder_by_matrix,cc9cd6551b3048ae216380ccb8ae5d3cca75b5b766fe651c47ef084ce4ce7dc6,"{""distance"":5,""physical_error_rate"":5e-05}","{""detection_events"":73010,""detectors_checked"":425277440}"
   2900022,         3,         0,    47.6,decoder_by_matrix,5b8a070a3cf8d31d64f24dbee89f3428cb9cab13fc59f7448d798f9bf08e9187,"{""distance"":5,""physical_error_rate"":0.001}","{""detection_events"":1648145,""detectors_checked"":493003740,""obs_mistake_mask=E_"":1,""obs_mistake_mask=_E"":2}"
   1502208,         1,         0,   119.6,decoder_by_matrix,5b8a070a3cf8d31d64f24dbee89f3428cb9cab13fc59f7448d798f9bf08e9187,"{""distance"":5,""physical_error_rate"":0.001}","{""detection_events"":850485,""detectors_checked"":255375360,""obs_mistake_mask=E_"":1}"
   1544192,         0,         0,   119.6,decoder_by_matrix,cc9cd6551b3048ae216380ccb8ae5d3cca75b5b766fe651c47ef084ce4ce7dc6,"{""distance"":5,""physical_error_rate"":5e-05}","{""detection_events"":41740,""detectors_checked"":262512640}"
   1480704,         2,         0,   119.6,decoder_by_matrix,5b8a070a3cf8d31d64f24dbee89f3428cb9cab13fc59f7448d798f9bf08e9187,"{""distance"":5,""physical_error_rate"":0.001}","{""detection_events"":839835,""detectors_checked"":251719680,""obs_mistake_mask=EE"":1,""obs_mistake_mask=E_"":1}"
   1598464,         0,         0,   119.6,decoder_by_matrix,6866428194f3c2ecf80b799fe3d7eaa0d7bfdd0bee14693d15f8abf3c1159eda,"{""distance"":5,""physical_error_rate"":1e-05}","{""detection_events"":9710,""detectors_checked"":271738880}"
   1519616,         0,         0,   119.5,decoder_by_matrix,cc9cd6551b3048ae216380ccb8ae5d3cca75b5b766fe651c47ef084ce4ce7dc6,"{""distance"":5,""physical_error_rate"":5e-05}","{""detection_events"":42760,""detectors_checked"":258334720}"
   1478656,         0,         0,   119.4,decoder_by_matrix,f0fc70a0432f83ff513e502442839d2eab02e2bed2f658d0464ff826d304e5e7,"{""distance"":5,""physical_error_rate"":0.0005}","{""detection_events"":423910,""detectors_checked"":251371520}"
   2400256,         0,         0,   119.6,decoder_by_matrix,a052b2ce6ed64a98931ebcd7492590a746d7ec6e385d9f4479eb5b69a31b01f0,"{""distance"":5,""physical_error_rate"":0.0001}","{""detection_events"":137740,""detectors_checked"":408043520}"
   1539072,         3,         0,   119.6,decoder_by_matrix,5b8a070a3cf8d31d64f24dbee89f3428cb9cab13fc59f7448d798f9bf08e9187,"{""distance"":5,""physical_error_rate"":0.001}","{""detection_events"":876430,""detectors_checked"":261642240,""obs_mistake_mask=E_"":2,""obs_mistake_mask=_E"":1}"
   1486848,         0,         0,   119.5,decoder_by_matrix,a052b2ce6ed64a98931ebcd7492590a746d7ec6e385d9f4479eb5b69a31b01f0,"{""distance"":5,""physical_error_rate"":0.0001}","{""detection_events"":81825,""detectors_checked"":252764160}"
   1518592,         0,         0,   119.6,decoder_by_matrix,a052b2ce6ed64a98931ebcd7492590a746d7ec6e385d9f4479eb5b69a31b01f0,"{""distance"":5,""physical_error_rate"":0.0001}","{""detection_events"":87270,""detectors_checked"":258160640}"
   1515520,         0,         0,   119.5,decoder_by_matrix,cc9cd6551b3048ae216380ccb8ae5d3cca75b5b766fe651c47ef084ce4ce7dc6,"{""distance"":5,""physical_error_rate"":5e-05}","{""detection_events"":43125,""detectors_checked"":257638400}"
   1476608,         0,         0,   119.6,decoder_by_matrix,a052b2ce6ed64a98931ebcd7492590a746d7ec6e385d9f4479eb5b69a31b01f0,"{""distance"":5,""physical_error_rate"":0.0001}","{""detection_events"":81285,""detectors_checked"":251023360}"
   1581056,         0,         0,   119.7,decoder_by_matrix,6866428194f3c2ecf80b799fe3d7eaa0d7bfdd0bee14693d15f8abf3c1159eda,"{""distance"":5,""physical_error_rate"":1e-05}","{""detection_events"":8135,""detectors_checked"":268779520}"
   1470464,         1,         0,   119.7,decoder_by_matrix,f0fc70a0432f83ff513e502442839d2eab02e2bed2f658d0464ff826d304e5e7,"{""distance"":5,""physical_error_rate"":0.0005}","{""detection_events"":416280,""detectors_checked"":249978880,""obs_mistake_mask=E_"":1}"
   2674688,         3,         0,   119.6,decoder_by_matrix,5b8a070a3cf8d31d64f24dbee89f3428cb9cab13fc59f7448d798f9bf08e9187,"{""distance"":5,""physical_error_rate"":0.001}","{""detection_events"":1508125,""detectors_checked"":454696960,""obs_mistake_mask=EE"":1,""obs_mistake_mask=E_"":2}"
   1616896,         0,         0,   119.5,decoder_by_matrix,6866428194f3c2ecf80b799fe3d7eaa0d7bfdd0bee14693d15f8abf3c1159eda,"{""distance"":5,""physical_error_rate"":1e-05}","{""detection_events"":10915,""detectors_checked"":274872320}"
   1507328,         0,         0,   119.6,decoder_by_matrix,5b8a070a3cf8d31d64f24dbee89f3428cb9cab13fc59f7448d798f9bf08e9187,"{""distance"":5,""physical_error_rate"":0.001}","{""detection_events"":849110,""detectors_checked"":256245760}"
   1501184,         0,         0,   119.4,decoder_by_matrix,f0fc70a0432f83ff513e502442839d2eab02e2bed2f658d0464ff826d304e5e7,"{""distance"":5,""physical_error_rate"":0.0005}","{""detection_events"":427010,""detectors_checked"":255201280}"
   1604608,         0,         0,   119.6,decoder_by_matrix,cc9cd6551b3048ae216380ccb8ae5d3cca75b5b766fe651c47ef084ce4ce7dc6,"{""distance"":5,""physical_error_rate"":5e-05}","{""detection_events"":47450,""detectors_checked"":272783360}"
   1466368,         0,         0,   119.7,decoder_by_matrix,a052b2ce6ed64a98931ebcd7492590a746d7ec6e385d9f4479eb5b69a31b01f0,"{""distance"":5,""physical_error_rate"":0.0001}","{""detection_events"":84630,""detectors_checked"":249282560}"
   1542144,         0,         0,   119.6,decoder_by_matrix,5b8a070a3cf8d31d64f24dbee89f3428cb9cab13fc59f7448d798f9bf08e9187,"{""distance"":5,""physical_error_rate"":0.001}","{""detection_events"":871680,""detectors_checked"":262164480}"
   1522688,         0,         0,   119.7,decoder_by_matrix,cc9cd6551b3048ae216380ccb8ae5d3cca75b5b766fe651c47ef084ce4ce7dc6,"{""distance"":5,""physical_error_rate"":5e-05}","{""detection_events"":44455,""detectors_checked"":258856960}"
   1504256,         0,         0,   119.6,decoder_by_matrix,a052b2ce6ed64a98931ebcd7492590a746d7ec6e385d9f4479eb5b69a31b01f0,"{""distance"":5,""physical_error_rate"":0.0001}","{""detection_events"":86310,""detectors_checked"":255723520}"
   1561600,         0,         0,   119.7,decoder_by_matrix,cc9cd6551b3048ae216380ccb8ae5d3cca75b5b766fe651c47ef084ce4ce7dc6,"{""distance"":5,""physical_error_rate"":5e-05}","{""detection_events"":43130,""detectors_checked"":265472000}"
   1463296,         3,         0,   119.6,decoder_by_matrix,5b8a070a3cf8d31d64f24dbee89f3428cb9cab13fc59f7448d798f9bf08e9187,"{""distance"":5,""physical_error_rate"":0.001}","{""detection_events"":832315,""detectors_checked"":248760320,""obs_mistake_mask=E_"":1,""obs_mistake_mask=_E"":2}"
   1530880,         5,         0,   119.5,decoder_by_matrix,5b8a070a3cf8d31d64f24dbee89f3428cb9cab13fc59f7448d798f9bf08e9187,"{""distance"":5,""physical_error_rate"":0.001}","{""detection_events"":867045,""detectors_checked"":260249600,""obs_mistake_mask=EE"":1,""obs_mistake_mask=E_"":3,""obs_mistake_mask=_E"":1}"
   1559552,         0,         0,   119.6,decoder_by_matrix,f0fc70a0432f83ff513e502442839d2eab02e2bed2f658d0464ff826d304e5e7,"{""distance"":5,""physical_error_rate"":0.0005}","{""detection_events"":451340,""detectors_checked"":265123840}"
   1527808,         0,         0,   119.5,decoder_by_matrix,f0fc70a0432f83ff513e502442839d2eab02e2bed2f658d0464ff826d304e5e7,"{""distance"":5,""physical_error_rate"":0.0005}","{""detection_events"":436420,""detectors_checked"":259727360}"
   1516544,         0,         0,   119.6,decoder_by_matrix,a052b2ce6ed64a98931ebcd7492590a746d7ec6e385d9f4479eb5b69a31b01f0,"{""distance"":5,""physical_error_rate"":0.0001}","{""detection_events"":88960,""detectors_checked"":257812480}"
   1475584,         0,         0,   119.7,decoder_by_matrix,a052b2ce6ed64a98931ebcd7492590a746d7ec6e385d9f4479eb5b69a31b01f0,"{""distance"":5,""physical_error_rate"":0.0001}","{""detection_events"":83045,""detectors_checked"":250849280}"
   1533952,         0,         0,   119.6,decoder_by_matrix,6866428194f3c2ecf80b799fe3d7eaa0d7bfdd0bee14693d15f8abf3c1159eda,"{""distance"":5,""physical_error_rate"":1e-05}","{""detection_events"":8870,""detectors_checked"":260771840}"
   1539072,         0,         0,   119.6,decoder_by_matrix,6866428194f3c2ecf80b799fe3d7eaa0d7bfdd0bee14693d15f8abf3c1159eda,"{""distance"":5,""physical_error_rate"":1e-05}","{""detection_events"":8845,""detectors_checked"":261642240}"
   1473536,         0,         0,   119.8,decoder_by_matrix,f0fc70a0432f83ff513e502442839d2eab02e2bed2f658d0464ff826d304e5e7,"{""distance"":5,""physical_error_rate"":0.0005}","{""detection_events"":418260,""detectors_checked"":250501120}"
   2661376,         0,         0,   119.6,decoder_by_matrix,6866428194f3c2ecf80b799fe3d7eaa0d7bfdd0bee14693d15f8abf3c1159eda,"{""distance"":5,""physical_error_rate"":1e-05}","{""detection_events"":13850,""detectors_checked"":452433920}"
   1243393,         0,         0,    92.0,decoder_by_matrix,6866428194f3c2ecf80b799fe3d7eaa0d7bfdd0bee14693d15f8abf3c1159eda,"{""distance"":5,""physical_error_rate"":1e-05}","{""detection_events"":7105,""detectors_checked"":211376810}"
   2699264,         0,         0,   115.9,decoder_by_matrix,6866428194f3c2ecf80b799fe3d7eaa0d7bfdd0bee14693d15f8abf3c1159eda,"{""distance"":5,""physical_error_rate"":1e-05}","{""detection_events"":14830,""detectors_checked"":458874880}"
   1545216,         0,         0,   119.6,decoder_by_matrix,f0fc70a0432f83ff513e502442839d2eab02e2bed2f658d0464ff826d304e5e7,"{""distance"":5,""physical_error_rate"":0.0005}","{""detection_events"":439465,""detectors_checked"":262686720}"
   1248599,         0,         0,    93.0,decoder_by_matrix,6866428194f3c2ecf80b799fe3d7eaa0d7bfdd0bee14693d15f8abf3c1159eda,"{""distance"":5,""physical_error_rate"":1e-05}","{""detection_events"":7175,""detectors_checked"":212261830}"
    809947,         0,         0,    63.8,decoder_by_matrix,6866428194f3c2ecf80b799fe3d7eaa0d7bfdd0bee14693d15f8abf3c1159eda,"{""distance"":5,""physical_error_rate"":1e-05}","{""detection_events"":4610,""detectors_checked"":137690990}"
    719953,         0,         0,    53.9,decoder_by_matrix,6866428194f3c2ecf80b799fe3d7eaa0d7bfdd0bee14693d15f8abf3c1159eda,"{""distance"":5,""physical_error_rate"":1e-05}","{""detection_events"":4485,""detectors_checked"":122392010}"
    649216,         0,         0,    48.0,decoder_by_matrix,6866428194f3c2ecf80b799fe3d7eaa0d7bfdd0bee14693d15f8abf3c1159eda,"{""distance"":5,""physical_error_rate"":1e-05}","{""detection_events"":3470,""detectors_checked"":110366720}"
   2235392,         0,         0,   119.7,decoder_by_matrix,f0fc70a0432f83ff513e502442839d2eab02e2bed2f658d0464ff826d304e5e7,"{""distance"":5,""physical_error_rate"":0.0005}","{""detection_events"":632170,""detectors_checked"":380016640}"
    639958,         0,         0,    29.7,decoder_by_matrix,6866428194f3c2ecf80b799fe3d7eaa0d7bfdd0bee14693d15f8abf3c1159eda,"{""distance"":5,""physical_error_rate"":1e-05}","{""detection_events"":3580,""detectors_checked"":108792860}"
    545792,         0,         0,    24.2,decoder_by_matrix,6866428194f3c2ecf80b799fe3d7eaa0d7bfdd0bee14693d15f8abf3c1159eda,"{""distance"":5,""physical_error_rate"":1e-05}","{""detection_events"":3115,""detectors_checked"":92784640}"
    496717,         0,         0,    37.3,decoder_by_matrix,6866428194f3c2ecf80b799fe3d7eaa0d7bfdd0bee14693d15f8abf3c1159eda,"{""distance"":5,""physical_error_rate"":1e-05}","{""detection_events"":2760,""detectors_checked"":84441890}"
    464896,         0,         0,    36.3,decoder_by_matrix,6866428194f3c2ecf80b799fe3d7eaa0d7bfdd0bee14693d15f8abf3c1159eda,"{""distance"":5,""physical_error_rate"":1e-05}","{""detection_events"":2670,""detectors_checked"":79032320}"
   1567744,         0,         0,   119.6,decoder_by_matrix,cc9cd6551b3048ae216380ccb8ae5d3cca75b5b766fe651c47ef084ce4ce7dc6,"{""distance"":5,""physical_error_rate"":5e-05}","{""detection_events"":45820,""detectors_checked"":266516480}"
   1590272,         0,         0,   119.7,decoder_by_matrix,cc9cd6551b3048ae216380ccb8ae5d3cca75b5b766fe651c47ef084ce4ce7dc6,"{""distance"":5,""physical_error_rate"":5e-05}","{""detection_events"":45680,""detectors_checked"":270346240}"
   1573888,         0,         0,   119.6,decoder_by_matrix,a052b2ce6ed64a98931ebcd7492590a746d7ec6e385d9f4479eb5b69a31b01f0,"{""distance"":5,""physical_error_rate"":0.0001}","{""detection_events"":89745,""detectors_checked"":267560960}"
   1594368,         0,         0,   119.5,decoder_by_matrix,f0fc70a0432f83ff513e502442839d2eab02e2bed2f658d0464ff826d304e5e7,"{""distance"":5,""physical_error_rate"":0.0005}","{""detection_events"":445035,""detectors_checked"":271042560}"
   1553408,         3,         0,   119.7,decoder_by_matrix,5b8a070a3cf8d31d64f24dbee89f3428cb9cab13fc59f7448d798f9bf08e9187,"{""distance"":5,""physical_error_rate"":0.001}","{""detection_events"":877640,""detectors_checked"":264079360,""obs_mistake_mask=_E"":3}"
    380882,         0,         0,    28.9,decoder_by_matrix,6866428194f3c2ecf80b799fe3d7eaa0d7bfdd0bee14693d15f8abf3c1159eda,"{""distance"":5,""physical_error_rate"":1e-05}","{""detection_events"":2390,""detectors_checked"":64749940}"
   1540096,         0,         0,   119.6,decoder_by_matrix,a052b2ce6ed64a98931ebcd7492590a746d7ec6e385d9f4479eb5b69a31b01f0,"{""distance"":5,""physical_error_rate"":0.0001}","{""detection_events"":87785,""detectors_checked"":261816320}"
    345088,         0,         0,    25.8,decoder_by_matrix,6866428194f3c2ecf80b799fe3d7eaa0d7bfdd0bee14693d15f8abf3c1159eda,"{""distance"":5,""physical_error_rate"":1e-05}","{""detection_events"":2115,""detectors_checked"":58664960}"
   1488896,         0,         0,   119.7,decoder_by_matrix,f0fc70a0432f83ff513e502442839d2eab02e2bed2f658d0464ff826d304e5e7,"{""distance"":5,""physical_error_rate"":0.0005}","{""detection_events"":424455,""detectors_checked"":253112320}"
    286907,         0,         0,    22.3,decoder_by_matrix,6866428194f3c2ecf80b799fe3d7eaa0d7bfdd0bee14693d15f8abf3c1159eda,"{""distance"":5,""physical_error_rate"":1e-05}","{""detection_events"":1810,""detectors_checked"":48774190}"
    251904,         0,         0,    18.4,decoder_by_matrix,6866428194f3c2ecf80b799fe3d7eaa0d7bfdd0bee14693d15f8abf3c1159eda,"{""distance"":5,""physical_error_rate"":1e-05}","{""detection_events"":1495,""detectors_checked"":42823680}"
    244736,         0,         0,    18.5,decoder_by_matrix,6866428194f3c2ecf80b799fe3d7eaa0d7bfdd0bee14693d15f8abf3c1159eda,"{""distance"":5,""physical_error_rate"":1e-05}","{""detection_events"":1245,""detectors_checked"":41605120}"
    216685,         0,         0,    9.59,decoder_by_matrix,6866428194f3c2ecf80b799fe3d7eaa0d7bfdd0bee14693d15f8abf3c1159eda,"{""distance"":5,""physical_error_rate"":1e-05}","{""detection_events"":1340,""detectors_checked"":36836450}"
    214016,         0,         0,    9.69,decoder_by_matrix,6866428194f3c2ecf80b799fe3d7eaa0d7bfdd0bee14693d15f8abf3c1159eda,"{""distance"":5,""physical_error_rate"":1e-05}","{""detection_events"":910,""detectors_checked"":36382720}"
    137427,         0,         0,    10.2,decoder_by_matrix,6866428194f3c2ecf80b799fe3d7eaa0d7bfdd0bee14693d15f8abf3c1159eda,"{""distance"":5,""physical_error_rate"":1e-05}","{""detection_events"":845,""detectors_checked"":23362590}"
    105472,         0,         0,    7.35,decoder_by_matrix,6866428194f3c2ecf80b799fe3d7eaa0d7bfdd0bee14693d15f8abf3c1159eda,"{""distance"":5,""physical_error_rate"":1e-05}","{""detection_events"":390,""detectors_checked"":17930240}"
    100352,         0,         0,    7.42,decoder_by_matrix,6866428194f3c2ecf80b799fe3d7eaa0d7bfdd0bee14693d15f8abf3c1159eda,"{""distance"":5,""physical_error_rate"":1e-05}","{""detection_events"":540,""detectors_checked"":17059840}"
    131072,         0,         0,    10.3,decoder_by_matrix,6866428194f3c2ecf80b799fe3d7eaa0d7bfdd0bee14693d15f8abf3c1159eda,"{""distance"":5,""physical_error_rate"":1e-05}","{""detection_events"":970,""detectors_checked"":22282240}"
      6355,         0,         0,   0.523,decoder_by_matrix,6866428194f3c2ecf80b799fe3d7eaa0d7bfdd0bee14693d15f8abf3c1159eda,"{""distance"":5,""physical_error_rate"":1e-05}","{""detection_events"":100,""detectors_checked"":1080350}"
     71680,         0,         0,    5.22,decoder_by_matrix,6866428194f3c2ecf80b799fe3d7eaa0d7bfdd0bee14693d15f8abf3c1159eda,"{""distance"":5,""physical_error_rate"":1e-05}","{""detection_events"":375,""detectors_checked"":12185600}"
     78848,         0,         0,    5.30,decoder_by_matrix,6866428194f3c2ecf80b799fe3d7eaa0d7bfdd0bee14693d15f8abf3c1159eda,"{""distance"":5,""physical_error_rate"":1e-05}","{""detection_events"":385,""detectors_checked"":13404160}"
     70656,         0,         0,    5.34,decoder_by_matrix,6866428194f3c2ecf80b799fe3d7eaa0d7bfdd0bee14693d15f8abf3c1159eda,"{""distance"":5,""physical_error_rate"":1e-05}","{""detection_events"":565,""detectors_checked"":12011520}"
     72704,         0,         0,    3.08,decoder_by_matrix,6866428194f3c2ecf80b799fe3d7eaa0d7bfdd0bee14693d15f8abf3c1159eda,"{""distance"":5,""physical_error_rate"":1e-05}","{""detection_events"":405,""detectors_checked"":12359680}"
      2748,         0,         0,   0.216,decoder_by_matrix,6866428194f3c2ecf80b799fe3d7eaa0d7bfdd0bee14693d15f8abf3c1159eda,"{""distance"":5,""physical_error_rate"":1e-05}","{""detectors_checked"":467160}"
     43008,         0,         0,    3.31,decoder_by_matrix,6866428194f3c2ecf80b799fe3d7eaa0d7bfdd0bee14693d15f8abf3c1159eda,"{""distance"":5,""physical_error_rate"":1e-05}","{""detection_events"":185,""detectors_checked"":7311360}"
      9796,         0,         0,   0.751,decoder_by_matrix,6866428194f3c2ecf80b799fe3d7eaa0d7bfdd0bee14693d15f8abf3c1159eda,"{""distance"":5,""physical_error_rate"":1e-05}","{""detection_events"":160,""detectors_checked"":1665320}"
     24576,         0,         0,    1.59,decoder_by_matrix,6866428194f3c2ecf80b799fe3d7eaa0d7bfdd0bee14693d15f8abf3c1159eda,"{""distance"":5,""physical_error_rate"":1e-05}","{""detection_events"":200,""detectors_checked"":4177920}"
     21504,         0,         0,    1.61,decoder_by_matrix,6866428194f3c2ecf80b799fe3d7eaa0d7bfdd0bee14693d15f8abf3c1159eda,"{""distance"":5,""physical_error_rate"":1e-05}","{""detection_events"":65,""detectors_checked"":3655680}"
     22528,         0,         0,    1.62,decoder_by_matrix,6866428194f3c2ecf80b799fe3d7eaa0d7bfdd0bee14693d15f8abf3c1159eda,"{""distance"":5,""physical_error_rate"":1e-05}","{""detection_events"":115,""detectors_checked"":3829760}"
       500,         0,         0,   0.063,decoder_by_matrix,6866428194f3c2ecf80b799fe3d7eaa0d7bfdd0bee14693d15f8abf3c1159eda,"{""distance"":5,""physical_error_rate"":1e-05}","{""detectors_checked"":85000}"
     21412,         0,         0,    1.07,decoder_by_matrix,6866428194f3c2ecf80b799fe3d7eaa0d7bfdd0bee14693d15f8abf3c1159eda,"{""distance"":5,""physical_error_rate"":1e-05}","{""detection_events"":55,""detectors_checked"":3640040}"
     16384,         0,         0,    1.17,decoder_by_matrix,6866428194f3c2ecf80b799fe3d7eaa0d7bfdd0bee14693d15f8abf3c1159eda,"{""distance"":5,""physical_error_rate"":1e-05}","{""detection_events"":75,""detectors_checked"":2785280}"
     15360,         0,         0,   0.859,decoder_by_matrix,6866428194f3c2ecf80b799fe3d7eaa0d7bfdd0bee14693d15f8abf3c1159eda,"{""distance"":5,""physical_error_rate"":1e-05}","{""detection_events"":60,""detectors_checked"":2611200}"
     16384,         0,         0,    1.19,decoder_by_matrix,6866428194f3c2ecf80b799fe3d7eaa0d7bfdd0bee14693d15f8abf3c1159eda,"{""distance"":5,""physical_error_rate"":1e-05}","{""detection_events"":40,""detectors_checked"":2785280}"
     15360,         0,         0,    1.19,decoder_by_matrix,6866428194f3c2ecf80b799fe3d7eaa0d7bfdd0bee14693d15f8abf3c1159eda,"{""distance"":5,""physical_error_rate"":1e-05}","{""detection_events"":45,""detectors_checked"":2611200}"
      1871,         0,         0,   0.079,decoder_by_matrix,6866428194f3c2ecf80b799fe3d7eaa0d7bfdd0bee14693d15f8abf3c1159eda,"{""distance"":5,""physical_error_rate"":1e-05}","{""detectors_checked"":318070}"
       162,         0,         0,   0.061,decoder_by_matrix,6866428194f3c2ecf80b799fe3d7eaa0d7bfdd0bee14693d15f8abf3c1159eda,"{""distance"":5,""physical_error_rate"":1e-05}","{""detectors_checked"":27540}"
      3993,         0,         0,   0.292,decoder_by_matrix,6866428194f3c2ecf80b799fe3d7eaa0d7bfdd0bee14693d15f8abf3c1159eda,"{""distance"":5,""physical_error_rate"":1e-05}","{""detection_events"":15,""detectors_checked"":678810}"
      4092,         0,         0,   0.312,decoder_by_matrix,6866428194f3c2ecf80b799fe3d7eaa0d7bfdd0bee14693d15f8abf3c1159eda,"{""distance"":5,""physical_error_rate"":1e-05}","{""detection_events"":25,""detectors_checked"":695640}"
      4092,         0,         0,   0.300,decoder_by_matrix,6866428194f3c2ecf80b799fe3d7eaa0d7bfdd0bee14693d15f8abf3c1159eda,"{""distance"":5,""physical_error_rate"":1e-05}","{""detection_events"":15,""detectors_checked"":695640}"
      4092,         0,         0,   0.303,decoder_by_matrix,6866428194f3c2ecf80b799fe3d7eaa0d7bfdd0bee14693d15f8abf3c1159eda,"{""distance"":5,""physical_error_rate"":1e-05}","{""detection_events"":10,""detectors_checked"":695640}"
      3072,         0,         0,   0.147,decoder_by_matrix,6866428194f3c2ecf80b799fe3d7eaa0d7bfdd0bee14693d15f8abf3c1159eda,"{""distance"":5,""physical_error_rate"":1e-05}","{""detection_events"":15,""detectors_checked"":522240}"
       443,         0,         0,   0.047,decoder_by_matrix,6866428194f3c2ecf80b799fe3d7eaa0d7bfdd0bee14693d15f8abf3c1159eda,"{""distance"":5,""physical_error_rate"":1e-05}","{""detectors_checked"":75310}"
       443,         0,         0,   0.065,decoder_by_matrix,6866428194f3c2ecf80b799fe3d7eaa0d7bfdd0bee14693d15f8abf3c1159eda,"{""distance"":5,""physical_error_rate"":1e-05}","{""detectors_checked"":75310}"
       893,         0,         0,   0.064,decoder_by_matrix,6866428194f3c2ecf80b799fe3d7eaa0d7bfdd0bee14693d15f8abf3c1159eda,"{""distance"":5,""physical_error_rate"":1e-05}","{""detectors_checked"":151810}"
      3072,         0,         0,   0.226,decoder_by_matrix,6866428194f3c2ecf80b799fe3d7eaa0d7bfdd0bee14693d15f8abf3c1159eda,"{""distance"":5,""physical_error_rate"":1e-05}","{""detection_events"":55,""detectors_checked"":522240}"
       461,         0,         0,   0.063,decoder_by_matrix,6866428194f3c2ecf80b799fe3d7eaa0d7bfdd0bee14693d15f8abf3c1159eda,"{""distance"":5,""physical_error_rate"":1e-05}","{""detectors_checked"":78370}"
      3631,         0,         0,   0.286,decoder_by_matrix,6866428194f3c2ecf80b799fe3d7eaa0d7bfdd0bee14693d15f8abf3c1159eda,"{""distance"":5,""physical_error_rate"":1e-05}","{""detection_events"":25,""detectors_checked"":617270}"
      3072,         0,         0,   0.232,decoder_by_matrix,6866428194f3c2ecf80b799fe3d7eaa0d7bfdd0bee14693d15f8abf3c1159eda,"{""distance"":5,""physical_error_rate"":1e-05}","{""detection_events"":10,""detectors_checked"":522240}"
       559,         0,         0,   0.049,decoder_by_matrix,6866428194f3c2ecf80b799fe3d7eaa0d7bfdd0bee14693d15f8abf3c1159eda,"{""distance"":5,""physical_error_rate"":1e-05}","{""detection_events"":20,""detectors_checked"":95030}"
      3072,         0,         0,   0.214,decoder_by_matrix,6866428194f3c2ecf80b799fe3d7eaa0d7bfdd0bee14693d15f8abf3c1159eda,"{""distance"":5,""physical_error_rate"":1e-05}","{""detectors_checked"":522240}"
       455,         0,         0,   0.064,decoder_by_matrix,6866428194f3c2ecf80b799fe3d7eaa0d7bfdd0bee14693d15f8abf3c1159eda,"{""distance"":5,""physical_error_rate"":1e-05}","{""detectors_checked"":77350}"
       559,         0,         0,   0.063,decoder_by_matrix,6866428194f3c2ecf80b799fe3d7eaa0d7bfdd0bee14693d15f8abf3c1159eda,"{""distance"":5,""physical_error_rate"":1e-05}","{""detectors_checked"":95030}"
       559,         0,         0,   0.065,decoder_by_matrix,6866428194f3c2ecf80b799fe3d7eaa0d7bfdd0bee14693d15f8abf3c1159eda,"{""distance"":5,""physical_error_rate"":1e-05}","{""detectors_checked"":95030}"
       104,         0,         0,   0.061,decoder_by_matrix,6866428194f3c2ecf80b799fe3d7eaa0d7bfdd0bee14693d15f8abf3c1159eda,"{""distance"":5,""physical_error_rate"":1e-05}","{""detectors_checked"":17680}"
         1,         0,         0,   0.050,decoder_by_matrix,a052b2ce6ed64a98931ebcd7492590a746d7ec6e385d9f4479eb5b69a31b01f0,"{""distance"":5,""physical_error_rate"":0.0001}","{""detectors_checked"":170}"
         1,         0,         0,   0.050,decoder_by_matrix,5b8a070a3cf8d31d64f24dbee89f3428cb9cab13fc59f7448d798f9bf08e9187,"{""distance"":5,""physical_error_rate"":0.001}","{""detectors_checked"":170}"
         1,         0,         0,   0.060,decoder_by_matrix,cc9cd6551b3048ae216380ccb8ae5d3cca75b5b766fe651c47ef084ce4ce7dc6,"{""distance"":5,""physical_error_rate"":5e-05}","{""detectors_checked"":170}"
         1,         0,         0,   0.059,decoder_by_matrix,a052b2ce6ed64a98931ebcd7492590a746d7ec6e385d9f4479eb5b69a31b01f0,"{""distance"":5,""physical_error_rate"":0.0001}","{""detectors_checked"":170}"
         1,         0,         0,   0.060,decoder_by_matrix,cc9cd6551b3048ae216380ccb8ae5d3cca75b5b766fe651c47ef084ce4ce7dc6,"{""distance"":5,""physical_error_rate"":5e-05}","{""detectors_checked"":170}"
         1,         0,         0,   0.062,decoder_by_matrix,5b8a070a3cf8d31d64f24dbee89f3428cb9cab13fc59f7448d798f9bf08e9187,"{""distance"":5,""physical_error_rate"":0.001}","{""detectors_checked"":170}"
         1,         0,         0,   0.072,decoder_by_matrix,cc9cd6551b3048ae216380ccb8ae5d3cca75b5b766fe651c47ef084ce4ce7dc6,"{""distance"":5,""physical_error_rate"":5e-05}","{""detectors_checked"":170}"
         1,         0,         0,   0.062,decoder_by_matrix,f0fc70a0432f83ff513e502442839d2eab02e2bed2f658d0464ff826d304e5e7,"{""distance"":5,""physical_error_rate"":0.0005}","{""detectors_checked"":170}"
         8,         0,         0,   0.073,decoder_by_matrix,cc9cd6551b3048ae216380ccb8ae5d3cca75b5b766fe651c47ef084ce4ce7dc6,"{""distance"":5,""physical_error_rate"":5e-05}","{""detectors_checked"":1360}"
         8,         0,         0,   0.075,decoder_by_matrix,a052b2ce6ed64a98931ebcd7492590a746d7ec6e385d9f4479eb5b69a31b01f0,"{""distance"":5,""physical_error_rate"":0.0001}","{""detectors_checked"":1360}"
         8,         0,         0,   0.072,decoder_by_matrix,cc9cd6551b3048ae216380ccb8ae5d3cca75b5b766fe651c47ef084ce4ce7dc6,"{""distance"":5,""physical_error_rate"":5e-05}","{""detectors_checked"":1360}"
         8,         0,         0,   0.068,decoder_by_matrix,5b8a070a3cf8d31d64f24dbee89f3428cb9cab13fc59f7448d798f9bf08e9187,"{""distance"":5,""physical_error_rate"":0.001}","{""detectors_checked"":1360}"
         1,         0,         0,   0.099,decoder_by_matrix,f0fc70a0432f83ff513e502442839d2eab02e2bed2f658d0464ff826d304e5e7,"{""distance"":5,""physical_error_rate"":0.0005}","{""detectors_checked"":170}"
         8,         0,         0,   0.077,decoder_by_matrix,cc9cd6551b3048ae216380ccb8ae5d3cca75b5b766fe651c47ef084ce4ce7dc6,"{""distance"":5,""physical_error_rate"":5e-05}","{""detectors_checked"":1360}"
         8,         0,         0,   0.088,decoder_by_matrix,5b8a070a3cf8d31d64f24dbee89f3428cb9cab13fc59f7448d798f9bf08e9187,"{""distance"":5,""physical_error_rate"":0.001}","{""detectors_checked"":1360}"
         8,         0,         0,   0.073,decoder_by_matrix,f0fc70a0432f83ff513e502442839d2eab02e2bed2f658d0464ff826d304e5e7,"{""distance"":5,""physical_error_rate"":0.0005}","{""detectors_checked"":1360}"
         8,         0,         0,   0.108,decoder_by_matrix,a052b2ce6ed64a98931ebcd7492590a746d7ec6e385d9f4479eb5b69a31b01f0,"{""distance"":5,""physical_error_rate"":0.0001}","{""detectors_checked"":1360}"
        64,         0,         0,   0.060,decoder_by_matrix,cc9cd6551b3048ae216380ccb8ae5d3cca75b5b766fe651c47ef084ce4ce7dc6,"{""distance"":5,""physical_error_rate"":5e-05}","{""detectors_checked"":10880}"
        64,         0,         0,   0.061,decoder_by_matrix,cc9cd6551b3048ae216380ccb8ae5d3cca75b5b766fe651c47ef084ce4ce7dc6,"{""distance"":5,""physical_error_rate"":5e-05}","{""detectors_checked"":10880}"
        32,         0,         0,   0.062,decoder_by_matrix,a052b2ce6ed64a98931ebcd7492590a746d7ec6e385d9f4479eb5b69a31b01f0,"{""distance"":5,""physical_error_rate"":0.0001}","{""detection_events"":10,""detectors_checked"":5440}"
        64,         0,         0,   0.063,decoder_by_matrix,5b8a070a3cf8d31d64f24dbee89f3428cb9cab13fc59f7448d798f9bf08e9187,"{""distance"":5,""physical_error_rate"":0.001}","{""detection_events"":90,""detectors_checked"":10880}"
        32,         0,         0,   0.064,decoder_by_matrix,cc9cd6551b3048ae216380ccb8ae5d3cca75b5b766fe651c47ef084ce4ce7dc6,"{""distance"":5,""physical_error_rate"":5e-05}","{""detectors_checked"":5440}"
       512,         0,         0,   0.035,decoder_by_matrix,cc9cd6551b3048ae216380ccb8ae5d3cca75b5b766fe651c47ef084ce4ce7dc6,"{""distance"":5,""physical_error_rate"":5e-05}","{""detection_events"":5,""detectors_checked"":87040}"
        64,         0,         0,   0.064,decoder_by_matrix,f0fc70a0432f83ff513e502442839d2eab02e2bed2f658d0464ff826d304e5e7,"{""distance"":5,""physical_error_rate"":0.0005}","{""detection_events"":80,""detectors_checked"":10880}"
        32,         0,         0,   0.067,decoder_by_matrix,5b8a070a3cf8d31d64f24dbee89f3428cb9cab13fc59f7448d798f9bf08e9187,"{""distance"":5,""physical_error_rate"":0.001}","{""detectors_checked"":5440}"
        32,         0,         0,   0.079,decoder_by_matrix,a052b2ce6ed64a98931ebcd7492590a746d7ec6e385d9f4479eb5b69a31b01f0,"{""distance"":5,""physical_error_rate"":0.0001}","{""detectors_checked"":5440}"
         4,         0,         0,   0.105,decoder_by_matrix,f0fc70a0432f83ff513e502442839d2eab02e2bed2f658d0464ff826d304e5e7,"{""distance"":5,""physical_error_rate"":0.0005}","{""detectors_checked"":680}"
       512,         0,         0,   0.072,decoder_by_matrix,cc9cd6551b3048ae216380ccb8ae5d3cca75b5b766fe651c47ef084ce4ce7dc6,"{""distance"":5,""physical_error_rate"":5e-05}","{""detectors_checked"":87040}"
       256,         0,         0,   0.075,decoder_by_matrix,a052b2ce6ed64a98931ebcd7492590a746d7ec6e385d9f4479eb5b69a31b01f0,"{""distance"":5,""physical_error_rate"":0.0001}","{""detection_events"":10,""detectors_checked"":43520}"
       256,         0,         0,   0.062,decoder_by_matrix,cc9cd6551b3048ae216380ccb8ae5d3cca75b5b766fe651c47ef084ce4ce7dc6,"{""distance"":5,""physical_error_rate"":5e-05}","{""detectors_checked"":43520}"
       512,         0,         0,   0.068,decoder_by_matrix,5b8a070a3cf8d31d64f24dbee89f3428cb9cab13fc59f7448d798f9bf08e9187,"{""distance"":5,""physical_error_rate"":0.001}","{""detection_events"":325,""detectors_checked"":87040}"
      2048,         0,         0,   0.075,decoder_by_matrix,cc9cd6551b3048ae216380ccb8ae5d3cca75b5b766fe651c47ef084ce4ce7dc6,"{""distance"":5,""physical_error_rate"":5e-05}","{""detection_events"":90,""detectors_checked"":348160}"
       512,         0,         0,   0.077,decoder_by_matrix,f0fc70a0432f83ff513e502442839d2eab02e2bed2f658d0464ff826d304e5e7,"{""distance"":5,""physical_error_rate"":0.0005}","{""detection_events"":105,""detectors_checked"":87040}"
        16,         0,         0,   0.062,decoder_by_matrix,f0fc70a0432f83ff513e502442839d2eab02e2bed2f658d0464ff826d304e5e7,"{""distance"":5,""physical_error_rate"":0.0005}","{""detectors_checked"":2720}"
       256,         0,         0,   0.066,decoder_by_matrix,5b8a070a3cf8d31d64f24dbee89f3428cb9cab13fc59f7448d798f9bf08e9187,"{""distance"":5,""physical_error_rate"":0.001}","{""detection_events"":275,""detectors_checked"":43520}"
       128,         0,         0,   0.072,decoder_by_matrix,a052b2ce6ed64a98931ebcd7492590a746d7ec6e385d9f4479eb5b69a31b01f0,"{""distance"":5,""physical_error_rate"":0.0001}","{""detectors_checked"":21760}"
      1024,         0,         0,   0.077,decoder_by_matrix,cc9cd6551b3048ae216380ccb8ae5d3cca75b5b766fe651c47ef084ce4ce7dc6,"{""distance"":5,""physical_error_rate"":5e-05}","{""detectors_checked"":174080}"
      1024,         0,         0,   0.077,decoder_by_matrix,a052b2ce6ed64a98931ebcd7492590a746d7ec6e385d9f4479eb5b69a31b01f0,"{""distance"":5,""physical_error_rate"":0.0001}","{""detection_events"":40,""detectors_checked"":174080}"
      1024,         0,         0,   0.075,decoder_by_matrix,cc9cd6551b3048ae216380ccb8ae5d3cca75b5b766fe651c47ef084ce4ce7dc6,"{""distance"":5,""physical_error_rate"":5e-05}","{""detection_events"":40,""detectors_checked"":174080}"
      1024,         0,         0,   0.072,decoder_by_matrix,5b8a070a3cf8d31d64f24dbee89f3428cb9cab13fc59f7448d798f9bf08e9187,"{""distance"":5,""physical_error_rate"":0.001}","{""detection_events"":600,""detectors_checked"":174080}"
       128,         0,         0,   0.062,decoder_by_matrix,f0fc70a0432f83ff513e502442839d2eab02e2bed2f658d0464ff826d304e5e7,"{""distance"":5,""physical_error_rate"":0.0005}","{""detection_events"":15,""detectors_checked"":21760}"
      1024,         0,         0,   0.078,decoder_by_matrix,f0fc70a0432f83ff513e502442839d2eab02e2bed2f658d0464ff826d304e5e7,"{""distance"":5,""physical_error_rate"":0.0005}","{""detection_events"":190,""detectors_checked"":174080}"
      2048,         0,         0,   0.099,decoder_by_matrix,cc9cd6551b3048ae216380ccb8ae5d3cca75b5b766fe651c47ef084ce4ce7dc6,"{""distance"":5,""physical_error_rate"":5e-05}","{""detection_events"":15,""detectors_checked"":348160}"
      1024,         0,         0,   0.069,decoder_by_matrix,5b8a070a3cf8d31d64f24dbee89f3428cb9cab13fc59f7448d798f9bf08e9187,"{""distance"":5,""physical_error_rate"":0.001}","{""detection_events"":605,""detectors_checked"":174080}"
      1024,         0,         0,   0.077,decoder_by_matrix,a052b2ce6ed64a98931ebcd7492590a746d7ec6e385d9f4479eb5b69a31b01f0,"{""distance"":5,""physical_error_rate"":0.0001}","{""detection_events"":95,""detectors_checked"":174080}"
      1024,         0,         0,   0.077,decoder_by_matrix,cc9cd6551b3048ae216380ccb8ae5d3cca75b5b766fe651c47ef084ce4ce7dc6,"{""distance"":5,""physical_error_rate"":5e-05}","{""detection_events"":40,""detectors_checked"":174080}"
      1024,         0,         0,   0.077,decoder_by_matrix,a052b2ce6ed64a98931ebcd7492590a746d7ec6e385d9f4479eb5b69a31b01f0,"{""distance"":5,""physical_error_rate"":0.0001}","{""detection_events"":145,""detectors_checked"":174080}"
      1024,         0,         0,   0.075,decoder_by_matrix,cc9cd6551b3048ae216380ccb8ae5d3cca75b5b766fe651c47ef084ce4ce7dc6,"{""distance"":5,""physical_error_rate"":5e-05}","{""detection_events"":35,""detectors_checked"":174080}"
      1024,         0,         0,   0.078,decoder_by_matrix,5b8a070a3cf8d31d64f24dbee89f3428cb9cab13fc59f7448d798f9bf08e9187,"{""distance"":5,""physical_error_rate"":0.001}","{""detection_events"":510,""detectors_checked"":174080}"
      1024,         0,         0,   0.040,decoder_by_matrix,f0fc70a0432f83ff513e502442839d2eab02e2bed2f658d0464ff826d304e5e7,"{""distance"":5,""physical_error_rate"":0.0005}","{""detection_events"":240,""detectors_checked"":174080}"
      1024,         0,         0,   0.064,decoder_by_matrix,f0fc70a0432f83ff513e502442839d2eab02e2bed2f658d0464ff826d304e5e7,"{""distance"":5,""physical_error_rate"":0.0005}","{""detection_events"":330,""detectors_checked"":174080}"
      1024,         0,         0,   0.063,decoder_by_matrix,5b8a070a3cf8d31d64f24dbee89f3428cb9cab13fc59f7448d798f9bf08e9187,"{""distance"":5,""physical_error_rate"":0.001}","{""detection_events"":700,""detectors_checked"":174080}"
      1024,         0,         0,   0.077,decoder_by_matrix,a052b2ce6ed64a98931ebcd7492590a746d7ec6e385d9f4479eb5b69a31b01f0,"{""distance"":5,""physical_error_rate"":0.0001}","{""detectors_checked"":174080}"
      1024,         0,         0,   0.077,decoder_by_matrix,a052b2ce6ed64a98931ebcd7492590a746d7ec6e385d9f4479eb5b69a31b01f0,"{""distance"":5,""physical_error_rate"":0.0001}","{""detection_events"":30,""detectors_checked"":174080}"
      1024,         0,         0,   0.078,decoder_by_matrix,cc9cd6551b3048ae216380ccb8ae5d3cca75b5b766fe651c47ef084ce4ce7dc6,"{""distance"":5,""physical_error_rate"":5e-05}","{""detection_events"":30,""detectors_checked"":174080}"
      1024,         0,         0,   0.090,decoder_by_matrix,cc9cd6551b3048ae216380ccb8ae5d3cca75b5b766fe651c47ef084ce4ce7dc6,"{""distance"":5,""physical_error_rate"":5e-05}","{""detection_events"":45,""detectors_checked"":174080}"
      2048,         0,         0,   0.110,decoder_by_matrix,cc9cd6551b3048ae216380ccb8ae5d3cca75b5b766fe651c47ef084ce4ce7dc6,"{""distance"":5,""physical_error_rate"":5e-05}","{""detection_events"":115,""detectors_checked"":348160}"
      2048,         0,         0,   0.080,decoder_by_matrix,f0fc70a0432f83ff513e502442839d2eab02e2bed2f658d0464ff826d304e5e7,"{""distance"":5,""physical_error_rate"":0.0005}","{""detection_events"":385,""detectors_checked"":348160}"
      1024,         0,         0,   0.097,decoder_by_matrix,5b8a070a3cf8d31d64f24dbee89f3428cb9cab13fc59f7448d798f9bf08e9187,"{""distance"":5,""physical_error_rate"":0.001}","{""detection_events"":405,""detectors_checked"":174080}"
      1024,         0,         0,   0.077,decoder_by_matrix,f0fc70a0432f83ff513e502442839d2eab02e2bed2f658d0464ff826d304e5e7,"{""distance"":5,""physical_error_rate"":0.0005}","{""detection_events"":340,""detectors_checked"":174080}"
      1024,         0,         0,   0.076,decoder_by_matrix,5b8a070a3cf8d31d64f24dbee89f3428cb9cab13fc59f7448d798f9bf08e9187,"{""distance"":5,""physical_error_rate"":0.001}","{""detection_events"":545,""detectors_checked"":174080}"
      1024,         0,         0,   0.078,decoder_by_matrix,a052b2ce6ed64a98931ebcd7492590a746d7ec6e385d9f4479eb5b69a31b01f0,"{""distance"":5,""physical_error_rate"":0.0001}","{""detection_events"":70,""detectors_checked"":174080}"
      1024,         0,         0,   0.077,decoder_by_matrix,f0fc70a0432f83ff513e502442839d2eab02e2bed2f658d0464ff826d304e5e7,"{""distance"":5,""physical_error_rate"":0.0005}","{""detection_events"":370,""detectors_checked"":174080}"
      3072,         0,         0,   0.120,decoder_by_matrix,f0fc70a0432f83ff513e502442839d2eab02e2bed2f658d0464ff826d304e5e7,"{""distance"":5,""physical_error_rate"":0.0005}","{""detection_events"":810,""detectors_checked"":522240}"
      2048,         0,         0,   0.155,decoder_by_matrix,a052b2ce6ed64a98931ebcd7492590a746d7ec6e385d9f4479eb5b69a31b01f0,"{""distance"":5,""physical_error_rate"":0.0001}","{""detection_events"":210,""detectors_checked"":348160}"
      2048,         0,         0,   0.152,decoder_by_matrix,cc9cd6551b3048ae216380ccb8ae5d3cca75b5b766fe651c47ef084ce4ce7dc6,"{""distance"":5,""physical_error_rate"":5e-05}","{""detection_events"":15,""detectors_checked"":348160}"
      2048,         0,         0,   0.133,decoder_by_matrix,cc9cd6551b3048ae216380ccb8ae5d3cca75b5b766fe651c47ef084ce4ce7dc6,"{""distance"":5,""physical_error_rate"":5e-05}","{""detection_events"":45,""detectors_checked"":348160}"
      2048,         0,         0,   0.163,decoder_by_matrix,cc9cd6551b3048ae216380ccb8ae5d3cca75b5b766fe651c47ef084ce4ce7dc6,"{""distance"":5,""physical_error_rate"":5e-05}","{""detection_events"":40,""detectors_checked"":348160}"
      2048,         0,         0,   0.143,decoder_by_matrix,5b8a070a3cf8d31d64f24dbee89f3428cb9cab13fc59f7448d798f9bf08e9187,"{""distance"":5,""physical_error_rate"":0.001}","{""detection_events"":955,""detectors_checked"":348160}"
      2048,         0,         0,   0.152,decoder_by_matrix,5b8a070a3cf8d31d64f24dbee89f3428cb9cab13fc59f7448d798f9bf08e9187,"{""distance"":5,""physical_error_rate"":0.001}","{""detection_events"":1080,""detectors_checked"":348160}"
      2048,         0,         0,   0.153,decoder_by_matrix,a052b2ce6ed64a98931ebcd7492590a746d7ec6e385d9f4479eb5b69a31b01f0,"{""distance"":5,""physical_error_rate"":0.0001}","{""detection_events"":85,""detectors_checked"":348160}"
      2048,         0,         0,   0.152,decoder_by_matrix,f0fc70a0432f83ff513e502442839d2eab02e2bed2f658d0464ff826d304e5e7,"{""distance"":5,""physical_error_rate"":0.0005}","{""detection_events"":505,""detectors_checked"":348160}"
      2048,         0,         0,   0.155,decoder_by_matrix,a052b2ce6ed64a98931ebcd7492590a746d7ec6e385d9f4479eb5b69a31b01f0,"{""distance"":5,""physical_error_rate"":0.0001}","{""detection_events"":135,""detectors_checked"":348160}"
      3072,         0,         0,   0.152,decoder_by_matrix,cc9cd6551b3048ae216380ccb8ae5d3cca75b5b766fe651c47ef084ce4ce7dc6,"{""distance"":5,""physical_error_rate"":5e-05}","{""detection_events"":80,""detectors_checked"":522240}"
      2048,         0,         0,   0.153,decoder_by_matrix,cc9cd6551b3048ae216380ccb8ae5d3cca75b5b766fe651c47ef084ce4ce7dc6,"{""distance"":5,""physical_error_rate"":5e-05}","{""detection_events"":40,""detectors_checked"":348160}"
      2048,         0,         0,   0.158,decoder_by_matrix,cc9cd6551b3048ae216380ccb8ae5d3cca75b5b766fe651c47ef084ce4ce7dc6,"{""distance"":5,""physical_error_rate"":5e-05}","{""detection_events"":130,""detectors_checked"":348160}"
      3072,         0,         0,   0.207,decoder_by_matrix,f0fc70a0432f83ff513e502442839d2eab02e2bed2f658d0464ff826d304e5e7,"{""distance"":5,""physical_error_rate"":0.0005}","{""detection_events"":885,""detectors_checked"":522240}"
      2048,         0,         0,   0.177,decoder_by_matrix,5b8a070a3cf8d31d64f24dbee89f3428cb9cab13fc59f7448d798f9bf08e9187,"{""distance"":5,""physical_error_rate"":0.001}","{""detection_events"":1020,""detectors_checked"":348160}"
      2048,         0,         0,   0.141,decoder_by_matrix,a052b2ce6ed64a98931ebcd7492590a746d7ec6e385d9f4479eb5b69a31b01f0,"{""distance"":5,""physical_error_rate"":0.0001}","{""detection_events"":70,""detectors_checked"":348160}"
      2048,         0,         0,   0.140,decoder_by_matrix,f0fc70a0432f83ff513e502442839d2eab02e2bed2f658d0464ff826d304e5e7,"{""distance"":5,""physical_error_rate"":0.0005}","{""detection_events"":810,""detectors_checked"":348160}"
      3072,         0,         0,   0.217,decoder_by_matrix,5b8a070a3cf8d31d64f24dbee89f3428cb9cab13fc59f7448d798f9bf08e9187,"{""distance"":5,""physical_error_rate"":0.001}","{""detection_events"":1565,""detectors_checked"":522240}"
      6144,         0,         0,   0.229,decoder_by_matrix,cc9cd6551b3048ae216380ccb8ae5d3cca75b5b766fe651c47ef084ce4ce7dc6,"{""distance"":5,""physical_error_rate"":5e-05}","{""detection_events"":170,""detectors_checked"":1044480}"
      3072,         0,         0,   0.240,decoder_by_matrix,a052b2ce6ed64a98931ebcd7492590a746d7ec6e385d9f4479eb5b69a31b01f0,"{""distance"":5,""physical_error_rate"":0.0001}","{""detection_events"":95,""detectors_checked"":522240}"
      4096,         0,         0,   0.241,decoder_by_matrix,cc9cd6551b3048ae216380ccb8ae5d3cca75b5b766fe651c47ef084ce4ce7dc6,"{""distance"":5,""physical_error_rate"":5e-05}","{""detection_events"":120,""detectors_checked"":696320}"
      3072,         0,         0,   0.243,decoder_by_matrix,cc9cd6551b3048ae216380ccb8ae5d3cca75b5b766fe651c47ef084ce4ce7dc6,"{""distance"":5,""physical_error_rate"":5e-05}","{""detection_events"":140,""detectors_checked"":522240}"
      3072,         0,         0,   0.240,decoder_by_matrix,5b8a070a3cf8d31d64f24dbee89f3428cb9cab13fc59f7448d798f9bf08e9187,"{""distance"":5,""physical_error_rate"":0.001}","{""detection_events"":1595,""detectors_checked"":522240}"
      3072,         0,         0,   0.253,decoder_by_matrix,f0fc70a0432f83ff513e502442839d2eab02e2bed2f658d0464ff826d304e5e7,"{""distance"":5,""physical_error_rate"":0.0005}","{""detection_events"":630,""detectors_checked"":522240}"
      3072,         0,         0,   0.206,decoder_by_matrix,f0fc70a0432f83ff513e502442839d2eab02e2bed2f658d0464ff826d304e5e7,"{""distance"":5,""physical_error_rate"":0.0005}","{""detection_events"":890,""detectors_checked"":522240}"
      2048,         0,         0,   0.260,decoder_by_matrix,a052b2ce6ed64a98931ebcd7492590a746d7ec6e385d9f4479eb5b69a31b01f0,"{""distance"":5,""physical_error_rate"":0.0001}","{""detection_events"":135,""detectors_checked"":348160}"
      2048,         0,         0,   0.269,decoder_by_matrix,5b8a070a3cf8d31d64f24dbee89f3428cb9cab13fc59f7448d798f9bf08e9187,"{""distance"":5,""physical_error_rate"":0.001}","{""detection_events"":1090,""detectors_checked"":348160}"
      4096,         0,         0,   0.305,decoder_by_matrix,a052b2ce6ed64a98931ebcd7492590a746d7ec6e385d9f4479eb5b69a31b01f0,"{""distance"":5,""physical_error_rate"":0.0001}","{""detection_events"":265,""detectors_checked"":696320}"
      8192,         0,         0,   0.302,decoder_by_matrix,cc9cd6551b3048ae216380ccb8ae5d3cca75b5b766fe651c47ef084ce4ce7dc6,"{""distance"":5,""physical_error_rate"":5e-05}","{""detection_events"":180,""detectors_checked"":1392640}"
      8192,         0,         0,   0.324,decoder_by_matrix,cc9cd6551b3048ae216380ccb8ae5d3cca75b5b766fe651c47ef084ce4ce7dc6,"{""distance"":5,""physical_error_rate"":5e-05}","{""detection_events"":395,""detectors_checked"":1392640}"
      3072,         0,         0,   0.323,decoder_by_matrix,cc9cd6551b3048ae216380ccb8ae5d3cca75b5b766fe651c47ef084ce4ce7dc6,"{""distance"":5,""physical_error_rate"":5e-05}","{""detection_events"":60,""detectors_checked"":522240}"
      4096,         0,         0,   0.313,decoder_by_matrix,5b8a070a3cf8d31d64f24dbee89f3428cb9cab13fc59f7448d798f9bf08e9187,"{""distance"":5,""physical_error_rate"":0.001}","{""detection_events"":2295,""detectors_checked"":696320}"
      3072,         0,         0,   0.276,decoder_by_matrix,f0fc70a0432f83ff513e502442839d2eab02e2bed2f658d0464ff826d304e5e7,"{""distance"":5,""physical_error_rate"":0.0005}","{""detection_events"":810,""detectors_checked"":522240}"
      4096,         0,         0,   0.313,decoder_by_matrix,f0fc70a0432f83ff513e502442839d2eab02e2bed2f658d0464ff826d304e5e7,"{""distance"":5,""physical_error_rate"":0.0005}","{""detection_events"":1140,""detectors_checked"":696320}"
      4096,         0,         0,   0.339,decoder_by_matrix,a052b2ce6ed64a98931ebcd7492590a746d7ec6e385d9f4479eb5b69a31b01f0,"{""distance"":5,""physical_error_rate"":0.0001}","{""detection_events"":245,""detectors_checked"":696320}"
      4096,         0,         0,   0.305,decoder_by_matrix,5b8a070a3cf8d31d64f24dbee89f3428cb9cab13fc59f7448d798f9bf08e9187,"{""distance"":5,""physical_error_rate"":0.001}","{""detection_events"":2070,""detectors_checked"":696320}"
      5120,         0,         0,   0.427,decoder_by_matrix,a052b2ce6ed64a98931ebcd7492590a746d7ec6e385d9f4479eb5b69a31b01f0,"{""distance"":5,""physical_error_rate"":0.0001}","{""detection_events"":230,""detectors_checked"":870400}"
     11264,         0,         0,   0.404,decoder_by_matrix,cc9cd6551b3048ae216380ccb8ae5d3cca75b5b766fe651c47ef084ce4ce7dc6,"{""distance"":5,""physical_error_rate"":5e-05}","{""detection_events"":260,""detectors_checked"":1914880}"
     10240,         0,         0,   0.438,decoder_by_matrix,cc9cd6551b3048ae216380ccb8ae5d3cca75b5b766fe651c47ef084ce4ce7dc6,"{""distance"":5,""physical_error_rate"":5e-05}","{""detection_events"":310,""detectors_checked"":1740800}"
      5120,         0,         0,   0.392,decoder_by_matrix,f0fc70a0432f83ff513e502442839d2eab02e2bed2f658d0464ff826d304e5e7,"{""distance"":5,""physical_error_rate"":0.0005}","{""detection_events"":1510,""detectors_checked"":870400}"
      6144,         0,         0,   0.466,decoder_by_matrix,5b8a070a3cf8d31d64f24dbee89f3428cb9cab13fc59f7448d798f9bf08e9187,"{""distance"":5,""physical_error_rate"":0.001}","{""detection_events"":3365,""detectors_checked"":1044480}"
      6144,         0,         0,   0.469,decoder_by_matrix,f0fc70a0432f83ff513e502442839d2eab02e2bed2f658d0464ff826d304e5e7,"{""distance"":5,""physical_error_rate"":0.0005}","{""detection_events"":1635,""detectors_checked"":1044480}"
      4096,         0,         0,   0.518,decoder_by_matrix,cc9cd6551b3048ae216380ccb8ae5d3cca75b5b766fe651c47ef084ce4ce7dc6,"{""distance"":5,""physical_error_rate"":5e-05}","{""detection_events"":30,""detectors_checked"":696320}"
      5120,         0,         0,   0.444,decoder_by_matrix,a052b2ce6ed64a98931ebcd7492590a746d7ec6e385d9f4479eb5b69a31b01f0,"{""distance"":5,""physical_error_rate"":0.0001}","{""detection_events"":215,""detectors_checked"":870400}"
      6144,         0,         0,   0.461,decoder_by_matrix,5b8a070a3cf8d31d64f24dbee89f3428cb9cab13fc59f7448d798f9bf08e9187,"{""distance"":5,""physical_error_rate"":0.001}","{""detection_events"":3605,""detectors_checked"":1044480}"
     15360,         0,         0,   0.573,decoder_by_matrix,cc9cd6551b3048ae216380ccb8ae5d3cca75b5b766fe651c47ef084ce4ce7dc6,"{""distance"":5,""physical_error_rate"":5e-05}","{""detection_events"":405,""detectors_checked"":2611200}"
      8192,         0,         0,   0.612,decoder_by_matrix,a052b2ce6ed64a98931ebcd7492590a746d7ec6e385d9f4479eb5b69a31b01f0,"{""distance"":5,""physical_error_rate"":0.0001}","{""detection_events"":480,""detectors_checked"":1392640}"
     14336,         0,         0,   0.614,decoder_by_matrix,cc9cd6551b3048ae216380ccb8ae5d3cca75b5b766fe651c47ef084ce4ce7dc6,"{""distance"":5,""physical_error_rate"":5e-05}","{""detection_events"":550,""detectors_checked"":2437120}"
      8192,         0,         0,   0.574,decoder_by_matrix,f0fc70a0432f83ff513e502442839d2eab02e2bed2f658d0464ff826d304e5e7,"{""distance"":5,""physical_error_rate"":0.0005}","{""detection_events"":2005,""detectors_checked"":1392640}"
      6144,         0,         0,   0.560,decoder_by_matrix,5b8a070a3cf8d31d64f24dbee89f3428cb9cab13fc59f7448d798f9bf08e9187,"{""distance"":5,""physical_error_rate"":0.001}","{""detection_events"":3275,""detectors_checked"":1044480}"
      8192,         0,         0,   0.603,decoder_by_matrix,f0fc70a0432f83ff513e502442839d2eab02e2bed2f658d0464ff826d304e5e7,"{""distance"":5,""physical_error_rate"":0.0005}","{""detection_events"":2500,""detectors_checked"":1392640}"
      7168,         0,         0,   0.637,decoder_by_matrix,cc9cd6551b3048ae216380ccb8ae5d3cca75b5b766fe651c47ef084ce4ce7dc6,"{""distance"":5,""physical_error_rate"":5e-05}","{""detection_events"":180,""detectors_checked"":1218560}"
      8192,         0,         0,   0.618,decoder_by_matrix,a052b2ce6ed64a98931ebcd7492590a746d7ec6e385d9f4479eb5b69a31b01f0,"{""distance"":5,""physical_error_rate"":0.0001}","{""detection_events"":515,""detectors_checked"":1392640}"
      8192,         0,         0,   0.628,decoder_by_matrix,5b8a070a3cf8d31d64f24dbee89f3428cb9cab13fc59f7448d798f9bf08e9187,"{""distance"":5,""physical_error_rate"":0.001}","{""detection_events"":5465,""detectors_checked"":1392640}"
     21504,         0,         0,   0.809,decoder_by_matrix,cc9cd6551b3048ae216380ccb8ae5d3cca75b5b766fe651c47ef084ce4ce7dc6,"{""distance"":5,""physical_error_rate"":5e-05}","{""detection_events"":630,""detectors_checked"":3655680}"
     19456,         0,         0,   0.811,decoder_by_matrix,cc9cd6551b3048ae216380ccb8ae5d3cca75b5b766fe651c47ef084ce4ce7dc6,"{""distance"":5,""physical_error_rate"":5e-05}","{""detection_events"":685,""detectors_checked"":3307520}"
      9216,         0,         0,   0.799,decoder_by_matrix,f0fc70a0432f83ff513e502442839d2eab02e2bed2f658d0464ff826d304e5e7,"{""distance"":5,""physical_error_rate"":0.0005}","{""detection_events"":2605,""detectors_checked"":1566720}"
      9216,         0,         0,   0.806,decoder_by_matrix,5b8a070a3cf8d31d64f24dbee89f3428cb9cab13fc59f7448d798f9bf08e9187,"{""distance"":5,""physical_error_rate"":0.001}","{""detection_events"":5230,""detectors_checked"":1566720}"
     11264,         0,         0,   0.852,decoder_by_matrix,a052b2ce6ed64a98931ebcd7492590a746d7ec6e385d9f4479eb5b69a31b01f0,"{""distance"":5,""physical_error_rate"":0.0001}","{""detection_events"":570,""detectors_checked"":1914880}"
     11264,         0,         0,   0.817,decoder_by_matrix,cc9cd6551b3048ae216380ccb8ae5d3cca75b5b766fe651c47ef084ce4ce7dc6,"{""distance"":5,""physical_error_rate"":5e-05}","{""detection_events"":270,""detectors_checked"":1914880}"
     10240,         0,         0,   0.859,decoder_by_matrix,f0fc70a0432f83ff513e502442839d2eab02e2bed2f658d0464ff826d304e5e7,"{""distance"":5,""physical_error_rate"":0.0005}","{""detection_events"":3125,""detectors_checked"":1740800}"
     10240,         0,         0,   0.798,decoder_by_matrix,5b8a070a3cf8d31d64f24dbee89f3428cb9cab13fc59f7448d798f9bf08e9187,"{""distance"":5,""physical_error_rate"":0.001}","{""detection_events"":6110,""detectors_checked"":1740800}"
      9216,         0,         0,   0.849,decoder_by_matrix,a052b2ce6ed64a98931ebcd7492590a746d7ec6e385d9f4479eb5b69a31b01f0,"{""distance"":5,""physical_error_rate"":0.0001}","{""detection_events"":550,""detectors_checked"":1566720}"
     29696,         0,         0,    1.12,decoder_by_matrix,cc9cd6551b3048ae216380ccb8ae5d3cca75b5b766fe651c47ef084ce4ce7dc6,"{""distance"":5,""physical_error_rate"":5e-05}","{""detection_events"":980,""detectors_checked"":5048320}"
     12288,         0,         0,    1.08,decoder_by_matrix,5b8a070a3cf8d31d64f24dbee89f3428cb9cab13fc59f7448d798f9bf08e9187,"{""distance"":5,""physical_error_rate"":0.001}","{""detection_events"":6995,""detectors_checked"":2088960}"
     25600,         0,         0,    1.16,decoder_by_matrix,cc9cd6551b3048ae216380ccb8ae5d3cca75b5b766fe651c47ef084ce4ce7dc6,"{""distance"":5,""physical_error_rate"":5e-05}","{""detection_events"":710,""detectors_checked"":4352000}"
     15360,         0,         0,    1.12,decoder_by_matrix,a052b2ce6ed64a98931ebcd7492590a746d7ec6e385d9f4479eb5b69a31b01f0,"{""distance"":5,""physical_error_rate"":0.0001}","{""detection_events"":900,""detectors_checked"":2611200}"
     15360,         0,         0,    1.13,decoder_by_matrix,f0fc70a0432f83ff513e502442839d2eab02e2bed2f658d0464ff826d304e5e7,"{""distance"":5,""physical_error_rate"":0.0005}","{""detection_events"":4380,""detectors_checked"":2611200}"
     11264,         0,         0,    1.17,decoder_by_matrix,cc9cd6551b3048ae216380ccb8ae5d3cca75b5b766fe651c47ef084ce4ce7dc6,"{""distance"":5,""physical_error_rate"":5e-05}","{""detection_events"":300,""detectors_checked"":1914880}"
     15360,         0,         0,    1.13,decoder_by_matrix,a052b2ce6ed64a98931ebcd7492590a746d7ec6e385d9f4479eb5b69a31b01f0,"{""distance"":5,""physical_error_rate"":0.0001}","{""detection_events"":895,""detectors_checked"":2611200}"
     15360,         0,         0,    1.16,decoder_by_matrix,5b8a070a3cf8d31d64f24dbee89f3428cb9cab13fc59f7448d798f9bf08e9187,"{""distance"":5,""physical_error_rate"":0.001}","{""detection_events"":8895,""detectors_checked"":2611200}"
     14336,         0,         0,    1.18,decoder_by_matrix,f0fc70a0432f83ff513e502442839d2eab02e2bed2f658d0464ff826d304e5e7,"{""distance"":5,""physical_error_rate"":0.0005}","{""detection_events"":4105,""detectors_checked"":2437120}"
     40960,         0,         0,    1.56,decoder_by_matrix,cc9cd6551b3048ae216380ccb8ae5d3cca75b5b766fe651c47ef084ce4ce7dc6,"{""distance"":5,""physical_error_rate"":5e-05}","{""detection_events"":1235,""detectors_checked"":6963200}"
     31744,         0,         0,    1.58,decoder_by_matrix,cc9cd6551b3048ae216380ccb8ae5d3cca75b5b766fe651c47ef084ce4ce7dc6,"{""distance"":5,""physical_error_rate"":5e-05}","{""detection_events"":860,""detectors_checked"":5396480}"
     17408,         0,         0,    1.61,decoder_by_matrix,5b8a070a3cf8d31d64f24dbee89f3428cb9cab13fc59f7448d798f9bf08e9187,"{""distance"":5,""physical_error_rate"":0.001}","{""detection_events"":10005,""detectors_checked"":2959360}"
     21504,         0,         0,    1.61,decoder_by_matrix,f0fc70a0432f83ff513e502442839d2eab02e2bed2f658d0464ff826d304e5e7,"{""distance"":5,""physical_error_rate"":0.0005}","{""detection_events"":6820,""detectors_checked"":3655680}"
     21504,         0,         0,    1.62,decoder_by_matrix,a052b2ce6ed64a98931ebcd7492590a746d7ec6e385d9f4479eb5b69a31b01f0,"{""distance"":5,""physical_error_rate"":0.0001}","{""detection_events"":1150,""detectors_checked"":3655680}"
     21504,         0,         0,    1.59,decoder_by_matrix,a052b2ce6ed64a98931ebcd7492590a746d7ec6e385d9f4479eb5b69a31b01f0,"{""distance"":5,""physical_error_rate"":0.0001}","{""detection_events"":1175,""detectors_checked"":3655680}"
     20480,         0,         0,    1.60,decoder_by_matrix,5b8a070a3cf8d31d64f24dbee89f3428cb9cab13fc59f7448d798f9bf08e9187,"{""distance"":5,""physical_error_rate"":0.001}","{""detection_events"":11340,""detectors_checked"":3481600}"
     17408,         0,         0,    1.59,decoder_by_matrix,f0fc70a0432f83ff513e502442839d2eab02e2bed2f658d0464ff826d304e5e7,"{""distance"":5,""physical_error_rate"":0.0005}","{""detection_events"":5590,""detectors_checked"":2959360}"
     20480,         0,         0,    1.63,decoder_by_matrix,cc9cd6551b3048ae216380ccb8ae5d3cca75b5b766fe651c47ef084ce4ce7dc6,"{""distance"":5,""physical_error_rate"":5e-05}","{""detection_events"":605,""detectors_checked"":3481600}"
     53248,         0,         0,    2.19,decoder_by_matrix,cc9cd6551b3048ae216380ccb8ae5d3cca75b5b766fe651c47ef084ce4ce7dc6,"{""distance"":5,""physical_error_rate"":5e-05}","{""detection_events"":1450,""detectors_checked"":9052160}"
     45056,         0,         0,    2.18,decoder_by_matrix,cc9cd6551b3048ae216380ccb8ae5d3cca75b5b766fe651c47ef084ce4ce7dc6,"{""distance"":5,""physical_error_rate"":5e-05}","{""detection_events"":1240,""detectors_checked"":7659520}"
     24576,         0,         0,    2.18,decoder_by_matrix,a052b2ce6ed64a98931ebcd7492590a746d7ec6e385d9f4479eb5b69a31b01f0,"{""distance"":5,""physical_error_rate"":0.0001}","{""detection_events"":1450,""detectors_checked"":4177920}"
     24576,         0,         0,    2.22,decoder_by_matrix,5b8a070a3cf8d31d64f24dbee89f3428cb9cab13fc59f7448d798f9bf08e9187,"{""distance"":5,""physical_error_rate"":0.001}","{""detection_events"":13225,""detectors_checked"":4177920}"
     29696,         0,         0,    2.23,decoder_by_matrix,f0fc70a0432f83ff513e502442839d2eab02e2bed2f658d0464ff826d304e5e7,"{""distance"":5,""physical_error_rate"":0.0005}","{""detection_events"":8310,""detectors_checked"":5048320}"
     28672,         0,         0,    2.19,decoder_by_matrix,a052b2ce6ed64a98931ebcd7492590a746d7ec6e385d9f4479eb5b69a31b01f0,"{""distance"":5,""physical_error_rate"":0.0001}","{""detection_events"":1470,""detectors_checked"":4874240}"
     29696,         0,         0,    2.21,decoder_by_matrix,f0fc70a0432f83ff513e502442839d2eab02e2bed2f658d0464ff826d304e5e7,"{""distance"":5,""physical_error_rate"":0.0005}","{""detection_events"":8500,""detectors_checked"":5048320}"
     29696,         0,         0,    2.20,decoder_by_matrix,cc9cd6551b3048ae216380ccb8ae5d3cca75b5b766fe651c47ef084ce4ce7dc6,"{""distance"":5,""physical_error_rate"":5e-05}","{""detection_events"":910,""detectors_checked"":5048320}"
     29696,         0,         0,    2.22,decoder_by_matrix,5b8a070a3cf8d31d64f24dbee89f3428cb9cab13fc59f7448d798f9bf08e9187,"{""distance"":5,""physical_error_rate"":0.001}","{""detection_events"":16035,""detectors_checked"":5048320}"
     68608,         0,         0,    3.09,decoder_by_matrix,cc9cd6551b3048ae216380ccb8ae5d3cca75b5b766fe651c47ef084ce4ce7dc6,"{""distance"":5,""physical_error_rate"":5e-05}","{""detection_events"":1925,""detectors_checked"":11663360}"
     72704,         0,         0,    3.04,decoder_by_matrix,cc9cd6551b3048ae216380ccb8ae5d3cca75b5b766fe651c47ef084ce4ce7dc6,"{""distance"":5,""physical_error_rate"":5e-05}","{""detection_events"":2020,""detectors_checked"":12359680}"
     37888,         0,         0,    3.03,decoder_by_matrix,a052b2ce6ed64a98931ebcd7492590a746d7ec6e385d9f4479eb5b69a31b01f0,"{""distance"":5,""physical_error_rate"":0.0001}","{""detection_events"":2035,""detectors_checked"":6440960}"
     41984,         0,         0,    3.08,decoder_by_matrix,f0fc70a0432f83ff513e502442839d2eab02e2bed2f658d0464ff826d304e5e7,"{""distance"":5,""physical_error_rate"":0.0005}","{""detection_events"":12255,""detectors_checked"":7137280}"
     38912,         0,         0,    3.13,decoder_by_matrix,5b8a070a3cf8d31d64f24dbee89f3428cb9cab13fc59f7448d798f9bf08e9187,"{""distance"":5,""physical_error_rate"":0.001}","{""detection_events"":22225,""detectors_checked"":6615040}"
     41984,         0,         0,    3.07,decoder_by_matrix,a052b2ce6ed64a98931ebcd7492590a746d7ec6e385d9f4479eb5b69a31b01f0,"{""distance"":5,""physical_error_rate"":0.0001}","{""detection_events"":2115,""detectors_checked"":7137280}"
     41984,         0,         0,    3.03,decoder_by_matrix,5b8a070a3cf8d31d64f24dbee89f3428cb9cab13fc59f7448d798f9bf08e9187,"{""distance"":5,""physical_error_rate"":0.001}","{""detection_events"":24215,""detectors_checked"":7137280}"
     39936,         0,         0,    3.09,decoder_by_matrix,f0fc70a0432f83ff513e502442839d2eab02e2bed2f658d0464ff826d304e5e7,"{""distance"":5,""physical_error_rate"":0.0005}","{""detection_events"":11015,""detectors_checked"":6789120}"
     39936,         0,         0,    3.11,decoder_by_matrix,cc9cd6551b3048ae216380ccb8ae5d3cca75b5b766fe651c47ef084ce4ce7dc6,"{""distance"":5,""physical_error_rate"":5e-05}","{""detection_events"":1135,""detectors_checked"":6789120}"
   2405376,         0,         0,   119.6,decoder_by_matrix,cc9cd6551b3048ae216380ccb8ae5d3cca75b5b766fe651c47ef084ce4ce7dc6,"{""distance"":5,""physical_error_rate"":5e-05}","{""detection_events"":67600,""detectors_checked"":408913920}"
   7411712,        15,         0,   119.0,decoder_by_matrix,5b8a070a3cf8d31d64f24dbee89f3428cb9cab13fc59f7448d798f9bf08e9187,"{""distance"":5,""physical_error_rate"":0.001}","{""detection_events"":4199200,""detectors_checked"":1259991040,""obs_mistake_mask=EE"":2,""obs_mistake_mask=E_"":10,""obs_mistake_mask=_E"":3}"
     88064,         0,         0,    4.29,decoder_by_matrix,cc9cd6551b3048ae216380ccb8ae5d3cca75b5b766fe651c47ef084ce4ce7dc6,"{""distance"":5,""physical_error_rate"":5e-05}","{""detection_events"":2325,""detectors_checked"":14970880}"
     79872,         0,         0,    4.29,decoder_by_matrix,cc9cd6551b3048ae216380ccb8ae5d3cca75b5b766fe651c47ef084ce4ce7dc6,"{""distance"":5,""physical_error_rate"":5e-05}","{""detection_events"":2280,""detectors_checked"":13578240}"
     53248,         0,         0,    4.26,decoder_by_matrix,a052b2ce6ed64a98931ebcd7492590a746d7ec6e385d9f4479eb5b69a31b01f0,"{""distance"":5,""physical_error_rate"":0.0001}","{""detection_events"":2830,""detectors_checked"":9052160}"
     51200,         0,         0,    4.27,decoder_by_matrix,5b8a070a3cf8d31d64f24dbee89f3428cb9cab13fc59f7448d798f9bf08e9187,"{""distance"":5,""physical_error_rate"":0.001}","{""detection_events"":29640,""detectors_checked"":8704000}"
     55296,         0,         0,    4.28,decoder_by_matrix,f0fc70a0432f83ff513e502442839d2eab02e2bed2f658d0464ff826d304e5e7,"{""distance"":5,""physical_error_rate"":0.0005}","{""detection_events"":15040,""detectors_checked"":9400320}"
     57344,         0,         0,    4.30,decoder_by_matrix,a052b2ce6ed64a98931ebcd7492590a746d7ec6e385d9f4479eb5b69a31b01f0,"{""distance"":5,""physical_error_rate"":0.0001}","{""detection_events"":3585,""detectors_checked"":9748480}"
     58368,         0,         0,    4.24,decoder_by_matrix,5b8a070a3cf8d31d64f24dbee89f3428cb9cab13fc59f7448d798f9bf08e9187,"{""distance"":5,""physical_error_rate"":0.001}","{""detection_events"":32615,""detectors_checked"":9922560}"
     56320,         0,         0,    4.26,decoder_by_matrix,f0fc70a0432f83ff513e502442839d2eab02e2bed2f658d0464ff826d304e5e7,"{""distance"":5,""physical_error_rate"":0.0005}","{""detection_events"":16340,""detectors_checked"":9574400}"
     50176,         0,         0,    4.30,decoder_by_matrix,cc9cd6551b3048ae216380ccb8ae5d3cca75b5b766fe651c47ef084ce4ce7dc6,"{""distance"":5,""physical_error_rate"":5e-05}","{""detection_events"":1240,""detectors_checked"":8529920}"
   1465344,         3,         0,   119.7,decoder_by_matrix,5b8a070a3cf8d31d64f24dbee89f3428cb9cab13fc59f7448d798f9bf08e9187,"{""distance"":5,""physical_error_rate"":0.001}","{""detection_events"":835150,""detectors_checked"":249108480,""obs_mistake_mask=EE"":1,""obs_mistake_mask=E_"":1,""obs_mistake_mask=_E"":1}"
    122880,         0,         0,    5.99,decoder_by_matrix,cc9cd6551b3048ae216380ccb8ae5d3cca75b5b766fe651c47ef084ce4ce7dc6,"{""distance"":5,""physical_error_rate"":5e-05}","{""detection_events"":3720,""detectors_checked"":20889600}"
    132096,         0,         0,    5.98,decoder_by_matrix,cc9cd6551b3048ae216380ccb8ae5d3cca75b5b766fe651c47ef084ce4ce7dc6,"{""distance"":5,""physical_error_rate"":5e-05}","{""detection_events"":4425,""detectors_checked"":22456320}"
     79872,         0,         0,    5.98,decoder_by_matrix,a052b2ce6ed64a98931ebcd7492590a746d7ec6e385d9f4479eb5b69a31b01f0,"{""distance"":5,""physical_error_rate"":0.0001}","{""detection_events"":4105,""detectors_checked"":13578240}"
     80896,         0,         0,    5.99,decoder_by_matrix,f0fc70a0432f83ff513e502442839d2eab02e2bed2f658d0464ff826d304e5e7,"{""distance"":5,""physical_error_rate"":0.0005}","{""detection_events"":23370,""detectors_checked"":13752320}"
     79872,         0,         0,    6.04,decoder_by_matrix,5b8a070a3cf8d31d64f24dbee89f3428cb9cab13fc59f7448d798f9bf08e9187,"{""distance"":5,""physical_error_rate"":0.001}","{""detection_events"":45620,""detectors_checked"":13578240}"
     78848,         0,         0,    5.98,decoder_by_matrix,a052b2ce6ed64a98931ebcd7492590a746d7ec6e385d9f4479eb5b69a31b01f0,"{""distance"":5,""physical_error_rate"":0.0001}","{""detection_events"":4360,""detectors_checked"":13404160}"
     73728,         0,         0,    5.95,decoder_by_matrix,f0fc70a0432f83ff513e502442839d2eab02e2bed2f658d0464ff826d304e5e7,"{""distance"":5,""physical_error_rate"":0.0005}","{""detection_events"":19980,""detectors_checked"":12533760}"
     79872,         1,         0,    6.00,decoder_by_matrix,5b8a070a3cf8d31d64f24dbee89f3428cb9cab13fc59f7448d798f9bf08e9187,"{""distance"":5,""physical_error_rate"":0.001}","{""detection_events"":45930,""detectors_checked"":13578240,""obs_mistake_mask=_E"":1}"
     79872,         0,         0,    6.02,decoder_by_matrix,cc9cd6551b3048ae216380ccb8ae5d3cca75b5b766fe651c47ef084ce4ce7dc6,"{""distance"":5,""physical_error_rate"":5e-05}","{""detection_events"":2285,""detectors_checked"":13578240}"
   1594368,         0,         0,   119.5,decoder_by_matrix,cc9cd6551b3048ae216380ccb8ae5d3cca75b5b766fe651c47ef084ce4ce7dc6,"{""distance"":5,""physical_error_rate"":5e-05}","{""detection_events"":43935,""detectors_checked"":271042560}"
   1499136,         2,         0,   119.7,decoder_by_matrix,5b8a070a3cf8d31d64f24dbee89f3428cb9cab13fc59f7448d798f9bf08e9187,"{""distance"":5,""physical_error_rate"":0.001}","{""detection_events"":854815,""detectors_checked"":254853120,""obs_mistake_mask=EE"":1,""obs_mistake_mask=E_"":1}"
   1572864,         0,         0,   119.6,decoder_by_matrix,cc9cd6551b3048ae216380ccb8ae5d3cca75b5b766fe651c47ef084ce4ce7dc6,"{""distance"":5,""physical_error_rate"":5e-05}","{""detection_events"":44020,""detectors_checked"":267386880}"
   1507328,         0,         0,   119.5,decoder_by_matrix,f0fc70a0432f83ff513e502442839d2eab02e2bed2f658d0464ff826d304e5e7,"{""distance"":5,""physical_error_rate"":0.0005}","{""detection_events"":425075,""detectors_checked"":256245760}"
   2294784,         0,         0,   119.7,decoder_by_matrix,a052b2ce6ed64a98931ebcd7492590a746d7ec6e385d9f4479eb5b69a31b01f0,"{""distance"":5,""physical_error_rate"":0.0001}","{""detection_events"":131830,""detectors_checked"":390113280}"
   1530880,         5,         0,   119.5,decoder_by_matrix,5b8a070a3cf8d31d64f24dbee89f3428cb9cab13fc59f7448d798f9bf08e9187,"{""distance"":5,""physical_error_rate"":0.001}","{""detection_events"":874340,""detectors_checked"":260249600,""obs_mistake_mask=EE"":2,""obs_mistake_mask=E_"":2,""obs_mistake_mask=_E"":1}"
   1495040,         0,         0,   119.5,decoder_by_matrix,a052b2ce6ed64a98931ebcd7492590a746d7ec6e385d9f4479eb5b69a31b01f0,"{""distance"":5,""physical_error_rate"":0.0001}","{""detection_events"":84890,""detectors_checked"":254156800}"
   1530880,         0,         0,   119.6,decoder_by_matrix,a052b2ce6ed64a98931ebcd7492590a746d7ec6e385d9f4479eb5b69a31b01f0,"{""distance"":5,""physical_error_rate"":0.0001}","{""detection_events"":90160,""detectors_checked"":260249600}"
    180224,         0,         0,    8.36,decoder_by_matrix,cc9cd6551b3048ae216380ccb8ae5d3cca75b5b766fe651c47ef084ce4ce7dc6,"{""distance"":5,""physical_error_rate"":5e-05}","{""detection_events"":5720,""detectors_checked"":30638080}"
    176128,         0,         0,    8.39,decoder_by_matrix,cc9cd6551b3048ae216380ccb8ae5d3cca75b5b766fe651c47ef084ce4ce7dc6,"{""distance"":5,""physical_error_rate"":5e-05}","{""detection_events"":4955,""detectors_checked"":29941760}"
    115712,         0,         0,    8.32,decoder_by_matrix,a052b2ce6ed64a98931ebcd7492590a746d7ec6e385d9f4479eb5b69a31b01f0,"{""distance"":5,""physical_error_rate"":0.0001}","{""detection_events"":6495,""detectors_checked"":19671040}"
    111616,         0,         0,    8.40,decoder_by_matrix,f0fc70a0432f83ff513e502442839d2eab02e2bed2f658d0464ff826d304e5e7,"{""distance"":5,""physical_error_rate"":0.0005}","{""detection_events"":30340,""detectors_checked"":18974720}"
    108544,         0,         0,    8.35,decoder_by_matrix,f0fc70a0432f83ff513e502442839d2eab02e2bed2f658d0464ff826d304e5e7,"{""distance"":5,""physical_error_rate"":0.0005}","{""detection_events"":29620,""detectors_checked"":18452480}"
    110592,         0,         0,    8.41,decoder_by_matrix,a052b2ce6ed64a98931ebcd7492590a746d7ec6e385d9f4479eb5b69a31b01f0,"{""distance"":5,""physical_error_rate"":0.0001}","{""detection_events"":7470,""detectors_checked"":18800640}"
    109568,         0,         0,    8.42,decoder_by_matrix,5b8a070a3cf8d31d64f24dbee89f3428cb9cab13fc59f7448d798f9bf08e9187,"{""distance"":5,""physical_error_rate"":0.001}","{""detection_events"":61870,""detectors_checked"":18626560}"
    110592,         0,         0,    8.36,decoder_by_matrix,5b8a070a3cf8d31d64f24dbee89f3428cb9cab13fc59f7448d798f9bf08e9187,"{""distance"":5,""physical_error_rate"":0.001}","{""detection_events"":63705,""detectors_checked"":18800640}"
    113664,         0,         0,    8.33,decoder_by_matrix,cc9cd6551b3048ae216380ccb8ae5d3cca75b5b766fe651c47ef084ce4ce7dc6,"{""distance"":5,""physical_error_rate"":5e-05}","{""detection_events"":2955,""detectors_checked"":19322880}"
   1536000,         0,         0,   119.4,decoder_by_matrix,cc9cd6551b3048ae216380ccb8ae5d3cca75b5b766fe651c47ef084ce4ce7dc6,"{""distance"":5,""physical_error_rate"":5e-05}","{""detection_events"":44090,""detectors_checked"":261120000}"
   1584128,         0,         0,   119.6,decoder_by_matrix,a052b2ce6ed64a98931ebcd7492590a746d7ec6e385d9f4479eb5b69a31b01f0,"{""distance"":5,""physical_error_rate"":0.0001}","{""detection_events"":92735,""detectors_checked"":269301760}"
    256000,         0,         0,    11.7,decoder_by_matrix,cc9cd6551b3048ae216380ccb8ae5d3cca75b5b766fe651c47ef084ce4ce7dc6,"{""distance"":5,""physical_error_rate"":5e-05}","{""detection_events"":6820,""detectors_checked"":43520000}"
    262144,         0,         0,    11.7,decoder_by_matrix,cc9cd6551b3048ae216380ccb8ae5d3cca75b5b766fe651c47ef084ce4ce7dc6,"{""distance"":5,""physical_error_rate"":5e-05}","{""detection_events"":7960,""detectors_checked"":44564480}"
    152576,         0,         0,    11.7,decoder_by_matrix,a052b2ce6ed64a98931ebcd7492590a746d7ec6e385d9f4479eb5b69a31b01f0,"{""distance"":5,""physical_error_rate"":0.0001}","{""detection_events"":7930,""detectors_checked"":25937920}"
    149504,         0,         0,    11.7,decoder_by_matrix,f0fc70a0432f83ff513e502442839d2eab02e2bed2f658d0464ff826d304e5e7,"{""distance"":5,""physical_error_rate"":0.0005}","{""detection_events"":43580,""detectors_checked"":25415680}"
    150528,         0,         0,    11.7,decoder_by_matrix,f0fc70a0432f83ff513e502442839d2eab02e2bed2f658d0464ff826d304e5e7,"{""distance"":5,""physical_error_rate"":0.0005}","{""detection_events"":41025,""detectors_checked"":25589760}"
    153600,         0,         0,    11.7,decoder_by_matrix,a052b2ce6ed64a98931ebcd7492590a746d7ec6e385d9f4479eb5b69a31b01f0,"{""distance"":5,""physical_error_rate"":0.0001}","{""detection_events"":9580,""detectors_checked"":26112000}"
    154624,         0,         0,    11.7,decoder_by_matrix,5b8a070a3cf8d31d64f24dbee89f3428cb9cab13fc59f7448d798f9bf08e9187,"{""distance"":5,""physical_error_rate"":0.001}","{""detection_events"":84470,""detectors_checked"":26286080}"
    154624,         0,         0,    11.7,decoder_by_matrix,5b8a070a3cf8d31d64f24dbee89f3428cb9cab13fc59f7448d798f9bf08e9187,"{""distance"":5,""physical_error_rate"":0.001}","{""detection_events"":89725,""detectors_checked"":26286080}"
    151552,         0,         0,    11.7,decoder_by_matrix,cc9cd6551b3048ae216380ccb8ae5d3cca75b5b766fe651c47ef084ce4ce7dc6,"{""distance"":5,""physical_error_rate"":5e-05}","{""detection_events"":3855,""detectors_checked"":25763840}"
   1539072,         0,         0,   119.5,decoder_by_matrix,f0fc70a0432f83ff513e502442839d2eab02e2bed2f658d0464ff826d304e5e7,"{""distance"":5,""physical_error_rate"":0.0005}","{""detection_events"":437715,""detectors_checked"":261642240}"
   2538496,         6,         0,   119.6,decoder_by_matrix,5b8a070a3cf8d31d64f24dbee89f3428cb9cab13fc59f7448d798f9bf08e9187,"{""distance"":5,""physical_error_rate"":0.001}","{""detection_events"":1433760,""detectors_checked"":431544320,""obs_mistake_mask=E_"":5,""obs_mistake_mask=_E"":1}"
   1544192,         1,         0,   119.5,decoder_by_matrix,5b8a070a3cf8d31d64f24dbee89f3428cb9cab13fc59f7448d798f9bf08e9187,"{""distance"":5,""physical_error_rate"":0.001}","{""detection_events"":881110,""detectors_checked"":262512640,""obs_mistake_mask=_E"":1}"
   1520640,         1,         0,   119.5,decoder_by_matrix,f0fc70a0432f83ff513e502442839d2eab02e2bed2f658d0464ff826d304e5e7,"{""distance"":5,""physical_error_rate"":0.0005}","{""detection_events"":434335,""detectors_checked"":258508800,""obs_mistake_mask=_E"":1}"
   1594368,         0,         0,   119.6,decoder_by_matrix,cc9cd6551b3048ae216380ccb8ae5d3cca75b5b766fe651c47ef084ce4ce7dc6,"{""distance"":5,""physical_error_rate"":5e-05}","{""detection_events"":44425,""detectors_checked"":271042560}"
   1437696,         0,         0,   119.8,decoder_by_matrix,a052b2ce6ed64a98931ebcd7492590a746d7ec6e385d9f4479eb5b69a31b01f0,"{""distance"":5,""physical_error_rate"":0.0001}","{""detection_events"":81435,""detectors_checked"":244408320}"
    387303,         0,         0,    24.3,decoder_by_matrix,a052b2ce6ed64a98931ebcd7492590a746d7ec6e385d9f4479eb5b69a31b01f0,"{""distance"":5,""physical_error_rate"":0.0001}","{""detection_events"":21645,""detectors_checked"":65841510}"
   1562624,         4,         0,   119.5,decoder_by_matrix,5b8a070a3cf8d31d64f24dbee89f3428cb9cab13fc59f7448d798f9bf08e9187,"{""distance"":5,""physical_error_rate"":0.001}","{""detection_events"":882845,""detectors_checked"":265646080,""obs_mistake_mask=E_"":3,""obs_mistake_mask=_E"":1}"
    377856,         0,         0,    16.4,decoder_by_matrix,cc9cd6551b3048ae216380ccb8ae5d3cca75b5b766fe651c47ef084ce4ce7dc6,"{""distance"":5,""physical_error_rate"":5e-05}","{""detection_events"":10080,""detectors_checked"":64235520}"
    337920,         0,         0,    16.4,decoder_by_matrix,cc9cd6551b3048ae216380ccb8ae5d3cca75b5b766fe651c47ef084ce4ce7dc6,"{""distance"":5,""physical_error_rate"":5e-05}","{""detection_events"":9315,""detectors_checked"":57446400}"
    219136,         0,         0,    16.4,decoder_by_matrix,a052b2ce6ed64a98931ebcd7492590a746d7ec6e385d9f4479eb5b69a31b01f0,"{""distance"":5,""physical_error_rate"":0.0001}","{""detection_events"":12620,""detectors_checked"":37253120}"
    212992,         0,         0,    16.3,decoder_by_matrix,f0fc70a0432f83ff513e502442839d2eab02e2bed2f658d0464ff826d304e5e7,"{""distance"":5,""physical_error_rate"":0.0005}","{""detection_events"":60510,""detectors_checked"":36208640}"
    208896,         0,         0,    16.3,decoder_by_matrix,a052b2ce6ed64a98931ebcd7492590a746d7ec6e385d9f4479eb5b69a31b01f0,"{""distance"":5,""physical_error_rate"":0.0001}","{""detection_events"":10615,""detectors_checked"":35512320}"
    214016,         0,         0,    16.4,decoder_by_matrix,f0fc70a0432f83ff513e502442839d2eab02e2bed2f658d0464ff826d304e5e7,"{""distance"":5,""physical_error_rate"":0.0005}","{""detection_events"":60785,""detectors_checked"":36382720}"
    217088,         0,         0,    16.4,decoder_by_matrix,5b8a070a3cf8d31d64f24dbee89f3428cb9cab13fc59f7448d798f9bf08e9187,"{""distance"":5,""physical_error_rate"":0.001}","{""detection_events"":124860,""detectors_checked"":36904960}"
    215040,         0,         0,    16.4,decoder_by_matrix,5b8a070a3cf8d31d64f24dbee89f3428cb9cab13fc59f7448d798f9bf08e9187,"{""distance"":5,""physical_error_rate"":0.001}","{""detection_events"":121965,""detectors_checked"":36556800}"
    204800,         0,         0,    16.4,decoder_by_matrix,cc9cd6551b3048ae216380ccb8ae5d3cca75b5b766fe651c47ef084ce4ce7dc6,"{""distance"":5,""physical_error_rate"":5e-05}","{""detection_events"":6255,""detectors_checked"":34816000}"
   1557504,         0,         0,   119.7,decoder_by_matrix,cc9cd6551b3048ae216380ccb8ae5d3cca75b5b766fe651c47ef084ce4ce7dc6,"{""distance"":5,""physical_error_rate"":5e-05}","{""detection_events"":44640,""detectors_checked"":264775680}"
   1599488,         0,         0,   119.6,decoder_by_matrix,cc9cd6551b3048ae216380ccb8ae5d3cca75b5b766fe651c47ef084ce4ce7dc6,"{""distance"":5,""physical_error_rate"":5e-05}","{""detection_events"":45910,""detectors_checked"":271912960}"
   1515520,         0,         0,   119.5,decoder_by_matrix,a052b2ce6ed64a98931ebcd7492590a746d7ec6e385d9f4479eb5b69a31b01f0,"{""distance"":5,""physical_error_rate"":0.0001}","{""detection_events"":87510,""detectors_checked"":257638400}"
   1545216,         3,         0,   119.7,decoder_by_matrix,5b8a070a3cf8d31d64f24dbee89f3428cb9cab13fc59f7448d798f9bf08e9187,"{""distance"":5,""physical_error_rate"":0.001}","{""detection_events"":872235,""detectors_checked"":262686720,""obs_mistake_mask=EE"":2,""obs_mistake_mask=E_"":1}"
   1554432,         1,         0,   119.5,decoder_by_matrix,f0fc70a0432f83ff513e502442839d2eab02e2bed2f658d0464ff826d304e5e7,"{""distance"":5,""physical_error_rate"":0.0005}","{""detection_events"":439335,""detectors_checked"":264253440,""obs_mistake_mask=E_"":1}"
   1604608,         2,         0,   119.6,decoder_by_matrix,5b8a070a3cf8d31d64f24dbee89f3428cb9cab13fc59f7448d798f9bf08e9187,"{""distance"":5,""physical_error_rate"":0.001}","{""detection_events"":912000,""detectors_checked"":272783360,""obs_mistake_mask=E_"":2}"
   1522688,         0,         0,   119.5,decoder_by_matrix,f0fc70a0432f83ff513e502442839d2eab02e2bed2f658d0464ff826d304e5e7,"{""distance"":5,""physical_error_rate"":0.0005}","{""detection_events"":433410,""detectors_checked"":258856960}"
   1555456,         0,         0,   119.6,decoder_by_matrix,a052b2ce6ed64a98931ebcd7492590a746d7ec6e385d9f4479eb5b69a31b01f0,"{""distance"":5,""physical_error_rate"":0.0001}","{""detection_events"":88540,""detectors_checked"":264427520}"
   1563648,         0,         0,   119.6,decoder_by_matrix,a052b2ce6ed64a98931ebcd7492590a746d7ec6e385d9f4479eb5b69a31b01f0,"{""distance"":5,""physical_error_rate"":0.0001}","{""detection_events"":90600,""detectors_checked"":265820160}"
   1512448,         1,         0,   119.6,decoder_by_matrix,f0fc70a0432f83ff513e502442839d2eab02e2bed2f658d0464ff826d304e5e7,"{""distance"":5,""physical_error_rate"":0.0005}","{""detection_events"":428795,""detectors_checked"":257116160,""obs_mistake_mask=E_"":1}"
    516096,         0,         0,    22.9,decoder_by_matrix,cc9cd6551b3048ae216380ccb8ae5d3cca75b5b766fe651c47ef084ce4ce7dc6,"{""distance"":5,""physical_error_rate"":5e-05}","{""detection_events"":14120,""detectors_checked"":87736320}"
    495616,         0,         0,    22.9,decoder_by_matrix,cc9cd6551b3048ae216380ccb8ae5d3cca75b5b766fe651c47ef084ce4ce7dc6,"{""distance"":5,""physical_error_rate"":5e-05}","{""detection_events"":14860,""detectors_checked"":84254720}"
    275456,         0,         0,    22.9,decoder_by_matrix,a052b2ce6ed64a98931ebcd7492590a746d7ec6e385d9f4479eb5b69a31b01f0,"{""distance"":5,""physical_error_rate"":0.0001}","{""detection_events"":16260,""detectors_checked"":46827520}"
    308224,         0,         0,    23.0,decoder_by_matrix,f0fc70a0432f83ff513e502442839d2eab02e2bed2f658d0464ff826d304e5e7,"{""distance"":5,""physical_error_rate"":0.0005}","{""detection_events"":87345,""detectors_checked"":52398080}"
    323584,         0,         0,    22.9,decoder_by_matrix,a052b2ce6ed64a98931ebcd7492590a746d7ec6e385d9f4479eb5b69a31b01f0,"{""distance"":5,""physical_error_rate"":0.0001}","{""detection_events"":18810,""detectors_checked"":55009280}"
    308224,         0,         0,    22.9,decoder_by_matrix,5b8a070a3cf8d31d64f24dbee89f3428cb9cab13fc59f7448d798f9bf08e9187,"{""distance"":5,""physical_error_rate"":0.001}","{""detection_events"":175710,""detectors_checked"":52398080}"
    306176,         0,         0,    22.9,decoder_by_matrix,f0fc70a0432f83ff513e502442839d2eab02e2bed2f658d0464ff826d304e5e7,"{""distance"":5,""physical_error_rate"":0.0005}","{""detection_events"":87685,""detectors_checked"":52049920}"
    280576,         0,         0,    22.9,decoder_by_matrix,5b8a070a3cf8d31d64f24dbee89f3428cb9cab13fc59f7448d798f9bf08e9187,"{""distance"":5,""physical_error_rate"":0.001}","{""detection_events"":161500,""detectors_checked"":47697920}"
    306176,         0,         0,    22.9,decoder_by_matrix,cc9cd6551b3048ae216380ccb8ae5d3cca75b5b766fe651c47ef084ce4ce7dc6,"{""distance"":5,""physical_error_rate"":5e-05}","{""detection_events"":8090,""detectors_checked"":52049920}"
   1495040,         0,         0,   119.5,decoder_by_matrix,f0fc70a0432f83ff513e502442839d2eab02e2bed2f658d0464ff826d304e5e7,"{""distance"":5,""physical_error_rate"":0.0005}","{""detection_events"":421930,""detectors_checked"":254156800}"
    300639,         0,         0,    23.0,decoder_by_matrix,a052b2ce6ed64a98931ebcd7492590a746d7ec6e385d9f4479eb5b69a31b01f0,"{""distance"":5,""physical_error_rate"":0.0001}","{""detection_events"":17930,""detectors_checked"":51108630}"
   1436672,         0,         0,   103.0,decoder_by_matrix,a052b2ce6ed64a98931ebcd7492590a746d7ec6e385d9f4479eb5b69a31b01f0,"{""distance"":5,""physical_error_rate"":0.0001}","{""detection_events"":82900,""detectors_checked"":244234240}"
   1371136,         0,         0,   102.5,decoder_by_matrix,a052b2ce6ed64a98931ebcd7492590a746d7ec6e385d9f4479eb5b69a31b01f0,"{""distance"":5,""physical_error_rate"":0.0001}","{""detection_events"":79680,""detectors_checked"":233093120}"
   2036736,         1,         0,   119.6,decoder_by_matrix,f0fc70a0432f83ff513e502442839d2eab02e2bed2f658d0464ff826d304e5e7,"{""distance"":5,""physical_error_rate"":0.0005}","{""detection_events"":577970,""detectors_checked"":346245120,""obs_mistake_mask=E_"":1}"
   1598464,         0,         0,   119.5,decoder_by_matrix,cc9cd6551b3048ae216380ccb8ae5d3cca75b5b766fe651c47ef084ce4ce7dc6,"{""distance"":5,""physical_error_rate"":5e-05}","{""detection_events"":46330,""detectors_checked"":271738880}"
   1649664,         0,         0,   119.5,decoder_by_matrix,cc9cd6551b3048ae216380ccb8ae5d3cca75b5b766fe651c47ef084ce4ce7dc6,"{""distance"":5,""physical_error_rate"":5e-05}","{""detection_events"":46140,""detectors_checked"":280442880}"
   1565696,         0,         0,   119.6,decoder_by_matrix,f0fc70a0432f83ff513e502442839d2eab02e2bed2f658d0464ff826d304e5e7,"{""distance"":5,""physical_error_rate"":0.0005}","{""detection_events"":446350,""detectors_checked"":266168320}"
   1547264,         4,         0,   119.5,decoder_by_matrix,5b8a070a3cf8d31d64f24dbee89f3428cb9cab13fc59f7448d798f9bf08e9187,"{""distance"":5,""physical_error_rate"":0.001}","{""detection_events"":870855,""detectors_checked"":263034880,""obs_mistake_mask=E_"":3,""obs_mistake_mask=_E"":1}"
   1490944,         0,         0,   119.7,decoder_by_matrix,f0fc70a0432f83ff513e502442839d2eab02e2bed2f658d0464ff826d304e5e7,"{""distance"":5,""physical_error_rate"":0.0005}","{""detection_events"":432275,""detectors_checked"":253460480}"
    724992,         0,         0,    32.1,decoder_by_matrix,cc9cd6551b3048ae216380ccb8ae5d3cca75b5b766fe651c47ef084ce4ce7dc6,"{""distance"":5,""physical_error_rate"":5e-05}","{""detection_events"":19525,""detectors_checked"":123248640}"
    780288,         0,         0,    32.1,decoder_by_matrix,cc9cd6551b3048ae216380ccb8ae5d3cca75b5b766fe651c47ef084ce4ce7dc6,"{""distance"":5,""physical_error_rate"":5e-05}","{""detection_events"":21550,""detectors_checked"":132648960}"
    398336,         0,         0,    32.1,decoder_by_matrix,a052b2ce6ed64a98931ebcd7492590a746d7ec6e385d9f4479eb5b69a31b01f0,"{""distance"":5,""physical_error_rate"":0.0001}","{""detection_events"":22595,""detectors_checked"":67717120}"
    401408,         0,         0,    32.1,decoder_by_matrix,f0fc70a0432f83ff513e502442839d2eab02e2bed2f658d0464ff826d304e5e7,"{""distance"":5,""physical_error_rate"":0.0005}","{""detection_events"":115445,""detectors_checked"":68239360}"
    431104,         0,         0,    32.0,decoder_by_matrix,a052b2ce6ed64a98931ebcd7492590a746d7ec6e385d9f4479eb5b69a31b01f0,"{""distance"":5,""physical_error_rate"":0.0001}","{""detection_events"":24680,""detectors_checked"":73287680}"
    406528,         0,         0,    32.0,decoder_by_matrix,f0fc70a0432f83ff513e502442839d2eab02e2bed2f658d0464ff826d304e5e7,"{""distance"":5,""physical_error_rate"":0.0005}","{""detection_events"":113105,""detectors_checked"":69109760}"
    429056,         1,         0,    32.1,decoder_by_matrix,5b8a070a3cf8d31d64f24dbee89f3428cb9cab13fc59f7448d798f9bf08e9187,"{""distance"":5,""physical_error_rate"":0.001}","{""detection_events"":244755,""detectors_checked"":72939520,""obs_mistake_mask=_E"":1}"
    431104,         1,         0,    32.1,decoder_by_matrix,5b8a070a3cf8d31d64f24dbee89f3428cb9cab13fc59f7448d798f9bf08e9187,"{""distance"":5,""physical_error_rate"":0.001}","{""detection_events"":244235,""detectors_checked"":73287680,""obs_mistake_mask=EE"":1}"
    403456,         0,         0,    32.1,decoder_by_matrix,cc9cd6551b3048ae216380ccb8ae5d3cca75b5b766fe651c47ef084ce4ce7dc6,"{""distance"":5,""physical_error_rate"":5e-05}","{""detection_events"":11695,""detectors_checked"":68587520}"
   6127145,        10,         0,   102.4,decoder_by_matrix,5b8a070a3cf8d31d64f24dbee89f3428cb9cab13fc59f7448d798f9bf08e9187,"{""distance"":5,""physical_error_rate"":0.001}","{""detection_events"":3457905,""detectors_checked"":1041614650,""obs_mistake_mask=EE"":2,""obs_mistake_mask=E_"":5,""obs_mistake_mask=_E"":3}"
   1367425,         0,         0,    71.4,decoder_by_matrix,a052b2ce6ed64a98931ebcd7492590a746d7ec6e385d9f4479eb5b69a31b01f0,"{""distance"":5,""physical_error_rate"":0.0001}","{""detection_events"":77345,""detectors_checked"":232462250}"
   1202176,         0,         0,    94.5,decoder_by_matrix,a052b2ce6ed64a98931ebcd7492590a746d7ec6e385d9f4479eb5b69a31b01f0,"{""distance"":5,""physical_error_rate"":0.0001}","{""detection_events"":68925,""detectors_checked"":204369920}"
   1134592,         0,         0,    85.6,decoder_by_matrix,a052b2ce6ed64a98931ebcd7492590a746d7ec6e385d9f4479eb5b69a31b01f0,"{""distance"":5,""physical_error_rate"":0.0001}","{""detection_events"":65920,""detectors_checked"":192880640}"
   1203200,         0,         0,    94.3,decoder_by_matrix,a052b2ce6ed64a98931ebcd7492590a746d7ec6e385d9f4479eb5b69a31b01f0,"{""distance"":5,""physical_error_rate"":0.0001}","{""detection_events"":69800,""detectors_checked"":204544000}"
    950369,         0,         0,    77.7,decoder_by_matrix,a052b2ce6ed64a98931ebcd7492590a746d7ec6e385d9f4479eb5b69a31b01f0,"{""distance"":5,""physical_error_rate"":0.0001}","{""detection_events"":56580,""detectors_checked"":161562730}"
    677888,         0,         0,    55.7,decoder_by_matrix,a052b2ce6ed64a98931ebcd7492590a746d7ec6e385d9f4479eb5b69a31b01f0,"{""distance"":5,""physical_error_rate"":0.0001}","{""detection_events"":38595,""detectors_checked"":115240960}"
    693248,         0,         0,    55.3,decoder_by_matrix,a052b2ce6ed64a98931ebcd7492590a746d7ec6e385d9f4479eb5b69a31b01f0,"{""distance"":5,""physical_error_rate"":0.0001}","{""detection_events"":40250,""detectors_checked"":117852160}"
    427615,         0,         0,    32.5,decoder_by_matrix,a052b2ce6ed64a98931ebcd7492590a746d7ec6e385d9f4479eb5b69a31b01f0,"{""distance"":5,""physical_error_rate"":0.0001}","{""detection_events"":23380,""detectors_checked"":72694550}"
    440320,         0,         0,    32.5,decoder_by_matrix,a052b2ce6ed64a98931ebcd7492590a746d7ec6e385d9f4479eb5b69a31b01f0,"{""distance"":5,""physical_error_rate"":0.0001}","{""detection_events"":24440,""detectors_checked"":74854400}"
   2300633,         0,         0,   113.3,decoder_by_matrix,cc9cd6551b3048ae216380ccb8ae5d3cca75b5b766fe651c47ef084ce4ce7dc6,"{""distance"":5,""physical_error_rate"":5e-05}","{""detection_events"":65915,""detectors_checked"":391107610}"
    426279,         0,         0,    35.2,decoder_by_matrix,a052b2ce6ed64a98931ebcd7492590a746d7ec6e385d9f4479eb5b69a31b01f0,"{""distance"":5,""physical_error_rate"":0.0001}","{""detection_events"":25530,""detectors_checked"":72467430}"
   1533952,         3,         0,   119.5,decoder_by_matrix,5b8a070a3cf8d31d64f24dbee89f3428cb9cab13fc59f7448d798f9bf08e9187,"{""distance"":5,""physical_error_rate"":0.001}","{""detection_events"":868890,""detectors_checked"":260771840,""obs_mistake_mask=E_"":1,""obs_mistake_mask=_E"":2}"
    354062,         0,         0,    15.0,decoder_by_matrix,a052b2ce6ed64a98931ebcd7492590a746d7ec6e385d9f4479eb5b69a31b01f0,"{""distance"":5,""physical_error_rate"":0.0001}","{""detection_events"":20845,""detectors_checked"":60190540}"
    334848,         0,         0,    25.7,decoder_by_matrix,a052b2ce6ed64a98931ebcd7492590a746d7ec6e385d9f4479eb5b69a31b01f0,"{""distance"":5,""physical_error_rate"":0.0001}","{""detection_events"":19300,""detectors_checked"":56924160}"
    328704,         0,         0,    25.8,decoder_by_matrix,a052b2ce6ed64a98931ebcd7492590a746d7ec6e385d9f4479eb5b69a31b01f0,"{""distance"":5,""physical_error_rate"":0.0001}","{""detection_events"":17870,""detectors_checked"":55879680}"
   1517568,         0,         0,   119.6,decoder_by_matrix,cc9cd6551b3048ae216380ccb8ae5d3cca75b5b766fe651c47ef084ce4ce7dc6,"{""distance"":5,""physical_error_rate"":5e-05}","{""detection_events"":44515,""detectors_checked"":257986560}"
     84368,         0,         0,    6.28,decoder_by_matrix,a052b2ce6ed64a98931ebcd7492590a746d7ec6e385d9f4479eb5b69a31b01f0,"{""distance"":5,""physical_error_rate"":0.0001}","{""detection_events"":4695,""detectors_checked"":14342560}"
    270336,         0,         0,    20.6,decoder_by_matrix,a052b2ce6ed64a98931ebcd7492590a746d7ec6e385d9f4479eb5b69a31b01f0,"{""distance"":5,""physical_error_rate"":0.0001}","{""detection_events"":14695,""detectors_checked"":45957120}"
    278528,         0,         0,    20.7,decoder_by_matrix,a052b2ce6ed64a98931ebcd7492590a746d7ec6e385d9f4479eb5b69a31b01f0,"{""distance"":5,""physical_error_rate"":0.0001}","{""detection_events"":16165,""detectors_checked"":47349760}"
    270336,         0,         0,    19.9,decoder_by_matrix,a052b2ce6ed64a98931ebcd7492590a746d7ec6e385d9f4479eb5b69a31b01f0,"{""distance"":5,""physical_error_rate"":0.0001}","{""detection_events"":13480,""detectors_checked"":45957120}"
    267264,         0,         0,    21.4,decoder_by_matrix,a052b2ce6ed64a98931ebcd7492590a746d7ec6e385d9f4479eb5b69a31b01f0,"{""distance"":5,""physical_error_rate"":0.0001}","{""detection_events"":15440,""detectors_checked"":45434880}"
    278528,         0,         0,    21.4,decoder_by_matrix,a052b2ce6ed64a98931ebcd7492590a746d7ec6e385d9f4479eb5b69a31b01f0,"{""distance"":5,""physical_error_rate"":0.0001}","{""detection_events"":14960,""detectors_checked"":47349760}"
    277504,         0,         0,    19.9,decoder_by_matrix,a052b2ce6ed64a98931ebcd7492590a746d7ec6e385d9f4479eb5b69a31b01f0,"{""distance"":5,""physical_error_rate"":0.0001}","{""detection_events"":15715,""detectors_checked"":47175680}"
    262230,         0,         0,    21.7,decoder_by_matrix,a052b2ce6ed64a98931ebcd7492590a746d7ec6e385d9f4479eb5b69a31b01f0,"{""distance"":5,""physical_error_rate"":0.0001}","{""detection_events"":15095,""detectors_checked"":44579100}"
    223232,         0,         0,    17.5,decoder_by_matrix,a052b2ce6ed64a98931ebcd7492590a746d7ec6e385d9f4479eb5b69a31b01f0,"{""distance"":5,""physical_error_rate"":0.0001}","{""detection_events"":13620,""detectors_checked"":37949440}"
    243712,         0,         0,    21.0,decoder_by_matrix,a052b2ce6ed64a98931ebcd7492590a746d7ec6e385d9f4479eb5b69a31b01f0,"{""distance"":5,""physical_error_rate"":0.0001}","{""detection_events"":15025,""detectors_checked"":41431040}"
   1507328,         1,         0,   119.6,decoder_by_matrix,5b8a070a3cf8d31d64f24dbee89f3428cb9cab13fc59f7448d798f9bf08e9187,"{""distance"":5,""physical_error_rate"":0.001}","{""detection_events"":858540,""detectors_checked"":256245760,""obs_mistake_mask=E_"":1}"
   1528832,         0,         0,   119.6,decoder_by_matrix,f0fc70a0432f83ff513e502442839d2eab02e2bed2f658d0464ff826d304e5e7,"{""distance"":5,""physical_error_rate"":0.0005}","{""detection_events"":430625,""detectors_checked"":259901440}"
   1551360,         0,         0,   119.7,decoder_by_matrix,cc9cd6551b3048ae216380ccb8ae5d3cca75b5b766fe651c47ef084ce4ce7dc6,"{""distance"":5,""physical_error_rate"":5e-05}","{""detection_events"":43285,""detectors_checked"":263731200}"
    103503,         0,         0,    8.09,decoder_by_matrix,a052b2ce6ed64a98931ebcd7492590a746d7ec6e385d9f4479eb5b69a31b01f0,"{""distance"":5,""physical_error_rate"":0.0001}","{""detection_events"":5490,""detectors_checked"":17595510}"
    103503,         0,         0,    8.09,decoder_by_matrix,a052b2ce6ed64a98931ebcd7492590a746d7ec6e385d9f4479eb5b69a31b01f0,"{""distance"":5,""physical_error_rate"":0.0001}","{""detection_events"":5880,""detectors_checked"":17595510}"
   1489920,         3,         0,   119.5,decoder_by_matrix,5b8a070a3cf8d31d64f24dbee89f3428cb9cab13fc59f7448d798f9bf08e9187,"{""distance"":5,""physical_error_rate"":0.001}","{""detection_events"":840395,""detectors_checked"":253286400,""obs_mistake_mask=EE"":3}"
     36636,         0,         0,    3.09,decoder_by_matrix,a052b2ce6ed64a98931ebcd7492590a746d7ec6e385d9f4479eb5b69a31b01f0,"{""distance"":5,""physical_error_rate"":0.0001}","{""detection_events"":2380,""detectors_checked"":6228120}"
     45056,         0,         0,    3.36,decoder_by_matrix,a052b2ce6ed64a98931ebcd7492590a746d7ec6e385d9f4479eb5b69a31b01f0,"{""distance"":5,""physical_error_rate"":0.0001}","{""detection_events"":2630,""detectors_checked"":7659520}"
     47104,         0,         0,    3.44,decoder_by_matrix,a052b2ce6ed64a98931ebcd7492590a746d7ec6e385d9f4479eb5b69a31b01f0,"{""distance"":5,""physical_error_rate"":0.0001}","{""detection_events"":2360,""detectors_checked"":8007680}"
     47104,         0,         0,    3.45,decoder_by_matrix,a052b2ce6ed64a98931ebcd7492590a746d7ec6e385d9f4479eb5b69a31b01f0,"{""distance"":5,""physical_error_rate"":0.0001}","{""detection_events"":2595,""detectors_checked"":8007680}"
     46029,         0,         0,    3.45,decoder_by_matrix,a052b2ce6ed64a98931ebcd7492590a746d7ec6e385d9f4479eb5b69a31b01f0,"{""distance"":5,""physical_error_rate"":0.0001}","{""detection_events"":2685,""detectors_checked"":7824930}"
     47341,         0,         0,    3.45,decoder_by_matrix,a052b2ce6ed64a98931ebcd7492590a746d7ec6e385d9f4479eb5b69a31b01f0,"{""distance"":5,""physical_error_rate"":0.0001}","{""detection_events"":2825,""detectors_checked"":8047970}"
     40960,         0,         0,    3.12,decoder_by_matrix,a052b2ce6ed64a98931ebcd7492590a746d7ec6e385d9f4479eb5b69a31b01f0,"{""distance"":5,""physical_error_rate"":0.0001}","{""detection_events"":2350,""detectors_checked"":6963200}"
     47053,         0,         0,    3.44,decoder_by_matrix,a052b2ce6ed64a98931ebcd7492590a746d7ec6e385d9f4479eb5b69a31b01f0,"{""distance"":5,""physical_error_rate"":0.0001}","{""detection_events"":2470,""detectors_checked"":7999010}"
     36864,         0,         0,    3.21,decoder_by_matrix,a052b2ce6ed64a98931ebcd7492590a746d7ec6e385d9f4479eb5b69a31b01f0,"{""distance"":5,""physical_error_rate"":0.0001}","{""detection_events"":1830,""detectors_checked"":6266880}"
     38912,         0,         0,    3.49,decoder_by_matrix,a052b2ce6ed64a98931ebcd7492590a746d7ec6e385d9f4479eb5b69a31b01f0,"{""distance"":5,""physical_error_rate"":0.0001}","{""detection_events"":2055,""detectors_checked"":6615040}"
     31744,         0,         0,    1.77,decoder_by_matrix,a052b2ce6ed64a98931ebcd7492590a746d7ec6e385d9f4479eb5b69a31b01f0,"{""distance"":5,""physical_error_rate"":0.0001}","{""detection_events"":1870,""detectors_checked"":5396480}"
     27648,         0,         0,    1.80,decoder_by_matrix,a052b2ce6ed64a98931ebcd7492590a746d7ec6e385d9f4479eb5b69a31b01f0,"{""distance"":5,""physical_error_rate"":0.0001}","{""detection_events"":1580,""detectors_checked"":4700160}"
      1143,         0,         0,   0.126,decoder_by_matrix,a052b2ce6ed64a98931ebcd7492590a746d7ec6e385d9f4479eb5b69a31b01f0,"{""distance"":5,""physical_error_rate"":0.0001}","{""detection_events"":40,""detectors_checked"":194310}"
      2389,         0,         0,   0.197,decoder_by_matrix,a052b2ce6ed64a98931ebcd7492590a746d7ec6e385d9f4479eb5b69a31b01f0,"{""distance"":5,""physical_error_rate"":0.0001}","{""detection_events"":40,""detectors_checked"":406130}"
      3053,         0,         0,   0.219,decoder_by_matrix,a052b2ce6ed64a98931ebcd7492590a746d7ec6e385d9f4479eb5b69a31b01f0,"{""distance"":5,""physical_error_rate"":0.0001}","{""detection_events"":60,""detectors_checked"":519010}"
       232,         0,         0,   0.062,decoder_by_matrix,a052b2ce6ed64a98931ebcd7492590a746d7ec6e385d9f4479eb5b69a31b01f0,"{""distance"":5,""physical_error_rate"":0.0001}","{""detection_events"":5,""detectors_checked"":39440}"
      2400,         0,         0,   0.230,decoder_by_matrix,a052b2ce6ed64a98931ebcd7492590a746d7ec6e385d9f4479eb5b69a31b01f0,"{""distance"":5,""physical_error_rate"":0.0001}","{""detection_events"":110,""detectors_checked"":408000}"
      6009,         0,         0,   0.449,decoder_by_matrix,a052b2ce6ed64a98931ebcd7492590a746d7ec6e385d9f4479eb5b69a31b01f0,"{""distance"":5,""physical_error_rate"":0.0001}","{""detection_events"":310,""detectors_checked"":1021530}"
      6009,         0,         0,   0.444,decoder_by_matrix,a052b2ce6ed64a98931ebcd7492590a746d7ec6e385d9f4479eb5b69a31b01f0,"{""distance"":5,""physical_error_rate"":0.0001}","{""detection_events"":315,""detectors_checked"":1021530}"
      6009,         0,         0,   0.436,decoder_by_matrix,a052b2ce6ed64a98931ebcd7492590a746d7ec6e385d9f4479eb5b69a31b01f0,"{""distance"":5,""physical_error_rate"":0.0001}","{""detection_events"":375,""detectors_checked"":1021530}"
      6009,         0,         0,   0.442,decoder_by_matrix,a052b2ce6ed64a98931ebcd7492590a746d7ec6e385d9f4479eb5b69a31b01f0,"{""distance"":5,""physical_error_rate"":0.0001}","{""detection_events"":445,""detectors_checked"":1021530}"
      6009,         0,         0,   0.433,decoder_by_matrix,a052b2ce6ed64a98931ebcd7492590a746d7ec6e385d9f4479eb5b69a31b01f0,"{""distance"":5,""physical_error_rate"":0.0001}","{""detection_events"":340,""detectors_checked"":1021530}"
      5120,         0,         0,   0.372,decoder_by_matrix,a052b2ce6ed64a98931ebcd7492590a746d7ec6e385d9f4479eb5b69a31b01f0,"{""distance"":5,""physical_error_rate"":0.0001}","{""detection_events"":325,""detectors_checked"":870400}"
      5034,         0,         0,   0.423,decoder_by_matrix,a052b2ce6ed64a98931ebcd7492590a746d7ec6e385d9f4479eb5b69a31b01f0,"{""distance"":5,""physical_error_rate"":0.0001}","{""detection_events"":155,""detectors_checked"":855780}"
       259,         0,         0,   0.062,decoder_by_matrix,a052b2ce6ed64a98931ebcd7492590a746d7ec6e385d9f4479eb5b69a31b01f0,"{""distance"":5,""physical_error_rate"":0.0001}","{""detectors_checked"":44030}"
       342,         0,         0,   0.063,decoder_by_matrix,a052b2ce6ed64a98931ebcd7492590a746d7ec6e385d9f4479eb5b69a31b01f0,"{""distance"":5,""physical_error_rate"":0.0001}","{""detectors_checked"":58140}"
      5034,         0,         0,   0.338,decoder_by_matrix,a052b2ce6ed64a98931ebcd7492590a746d7ec6e385d9f4479eb5b69a31b01f0,"{""distance"":5,""physical_error_rate"":0.0001}","{""detection_events"":235,""detectors_checked"":855780}"
       975,         0,         0,   0.065,decoder_by_matrix,a052b2ce6ed64a98931ebcd7492590a746d7ec6e385d9f4479eb5b69a31b01f0,"{""distance"":5,""physical_error_rate"":0.0001}","{""detection_events"":145,""detectors_checked"":165750}"
       720,         0,         0,   0.064,decoder_by_matrix,a052b2ce6ed64a98931ebcd7492590a746d7ec6e385d9f4479eb5b69a31b01f0,"{""distance"":5,""physical_error_rate"":0.0001}","{""detection_events"":40,""detectors_checked"":122400}"
      2048,         0,         0,   0.192,decoder_by_matrix,a052b2ce6ed64a98931ebcd7492590a746d7ec6e385d9f4479eb5b69a31b01f0,"{""distance"":5,""physical_error_rate"":0.0001}","{""detection_events"":220,""detectors_checked"":348160}"
      5034,         0,         0,   0.418,decoder_by_matrix,a052b2ce6ed64a98931ebcd7492590a746d7ec6e385d9f4479eb5b69a31b01f0,"{""distance"":5,""physical_error_rate"":0.0001}","{""detection_events"":305,""detectors_checked"":855780}"
      4096,         0,         0,   0.272,decoder_by_matrix,a052b2ce6ed64a98931ebcd7492590a746d7ec6e385d9f4479eb5b69a31b01f0,"{""distance"":5,""physical_error_rate"":0.0001}","{""detection_events"":185,""detectors_checked"":696320}"
       295,         0,         0,   0.061,decoder_by_matrix,a052b2ce6ed64a98931ebcd7492590a746d7ec6e385d9f4479eb5b69a31b01f0,"{""distance"":5,""physical_error_rate"":0.0001}","{""detectors_checked"":50150}"
       634,         0,         0,   0.062,decoder_by_matrix,a052b2ce6ed64a98931ebcd7492590a746d7ec6e385d9f4479eb5b69a31b01f0,"{""distance"":5,""physical_error_rate"":0.0001}","{""detection_events"":60,""detectors_checked"":107780}"
       323,         0,         0,   0.063,decoder_by_matrix,a052b2ce6ed64a98931ebcd7492590a746d7ec6e385d9f4479eb5b69a31b01f0,"{""distance"":5,""physical_error_rate"":0.0001}","{""detection_events"":10,""detectors_checked"":54910}"
      3031,         0,         0,   0.249,decoder_by_matrix,a052b2ce6ed64a98931ebcd7492590a746d7ec6e385d9f4479eb5b69a31b01f0,"{""distance"":5,""physical_error_rate"":0.0001}","{""detection_events"":240,""detectors_checked"":515270}"
      1001,         0,         0,   0.063,decoder_by_matrix,a052b2ce6ed64a98931ebcd7492590a746d7ec6e385d9f4479eb5b69a31b01f0,"{""distance"":5,""physical_error_rate"":0.0001}","{""detection_events"":45,""detectors_checked"":170170}"
      1024,         0,         0,   0.071,decoder_by_matrix,a052b2ce6ed64a98931ebcd7492590a746d7ec6e385d9f4479eb5b69a31b01f0,"{""distance"":5,""physical_error_rate"":0.0001}","{""detection_events"":20,""detectors_checked"":174080}"
       437,         0,         0,   0.064,decoder_by_matrix,a052b2ce6ed64a98931ebcd7492590a746d7ec6e385d9f4479eb5b69a31b01f0,"{""distance"":5,""physical_error_rate"":0.0001}","{""detection_events"":20,""detectors_checked"":74290}"
       582,         0,         0,   0.089,decoder_by_matrix,a052b2ce6ed64a98931ebcd7492590a746d7ec6e385d9f4479eb5b69a31b01f0,"{""distance"":5,""physical_error_rate"":0.0001}","{""detection_events"":20,""detectors_checked"":98940}"
       117,         0,         0,   0.035,decoder_by_matrix,a052b2ce6ed64a98931ebcd7492590a746d7ec6e385d9f4479eb5b69a31b01f0,"{""distance"":5,""physical_error_rate"":0.0001}","{""detection_events"":5,""detectors_checked"":19890}"
        28,         0,         0,   0.063,decoder_by_matrix,a052b2ce6ed64a98931ebcd7492590a746d7ec6e385d9f4479eb5b69a31b01f0,"{""distance"":5,""physical_error_rate"":0.0001}","{""detectors_checked"":4760}"
       117,         0,         0,   0.062,decoder_by_matrix,a052b2ce6ed64a98931ebcd7492590a746d7ec6e385d9f4479eb5b69a31b01f0,"{""distance"":5,""physical_error_rate"":0.0001}","{""detectors_checked"":19890}"
       117,         0,         0,   0.069,decoder_by_matrix,a052b2ce6ed64a98931ebcd7492590a746d7ec6e385d9f4479eb5b69a31b01f0,"{""distance"":5,""physical_error_rate"":0.0001}","{""detection_events"":15,""detectors_checked"":19890}"
         1,         0,         0,   0.058,decoder_by_matrix,f0fc70a0432f83ff513e502442839d2eab02e2bed2f658d0464ff826d304e5e7,"{""distance"":5,""physical_error_rate"":0.0005}","{""detection_events"":15,""detectors_checked"":170}"
         1,         0,         0,   0.061,decoder_by_matrix,cc9cd6551b3048ae216380ccb8ae5d3cca75b5b766fe651c47ef084ce4ce7dc6,"{""distance"":5,""physical_error_rate"":5e-05}","{""detectors_checked"":170}"
         1,         0,         0,   0.061,decoder_by_matrix,5b8a070a3cf8d31d64f24dbee89f3428cb9cab13fc59f7448d798f9bf08e9187,"{""distance"":5,""physical_error_rate"":0.001}","{""detectors_checked"":170}"
         1,         0,         0,   0.062,decoder_by_matrix,cc9cd6551b3048ae216380ccb8ae5d3cca75b5b766fe651c47ef084ce4ce7dc6,"{""distance"":5,""physical_error_rate"":5e-05}","{""detectors_checked"":170}"
         1,         0,         0,   0.062,decoder_by_matrix,cc9cd6551b3048ae216380ccb8ae5d3cca75b5b766fe651c47ef084ce4ce7dc6,"{""distance"":5,""physical_error_rate"":5e-05}","{""detectors_checked"":170}"
         1,         0,         0,   0.053,decoder_by_matrix,5b8a070a3cf8d31d64f24dbee89f3428cb9cab13fc59f7448d798f9bf08e9187,"{""distance"":5,""physical_error_rate"":0.001}","{""detectors_checked"":170}"
         1,         0,         0,   0.061,decoder_by_matrix,f0fc70a0432f83ff513e502442839d2eab02e2bed2f658d0464ff826d304e5e7,"{""distance"":5,""physical_error_rate"":0.0005}","{""detectors_checked"":170}"
         1,         0,         0,   0.063,decoder_by_matrix,cc9cd6551b3048ae216380ccb8ae5d3cca75b5b766fe651c47ef084ce4ce7dc6,"{""distance"":5,""physical_error_rate"":5e-05}","{""detectors_checked"":170}"
         1,         0,         0,   0.076,decoder_by_matrix,f0fc70a0432f83ff513e502442839d2eab02e2bed2f658d0464ff826d304e5e7,"{""distance"":5,""physical_error_rate"":0.0005}","{""detectors_checked"":170}"
         1,         0,         0,   0.063,decoder_by_matrix,f0fc70a0432f83ff513e502442839d2eab02e2bed2f658d0464ff826d304e5e7,"{""distance"":5,""physical_error_rate"":0.0005}","{""detectors_checked"":170}"
         1,         0,         0,   0.085,decoder_by_matrix,5b8a070a3cf8d31d64f24dbee89f3428cb9cab13fc59f7448d798f9bf08e9187,"{""distance"":5,""physical_error_rate"":0.001}","{""detectors_checked"":170}"
         1,         0,         0,   0.100,decoder_by_matrix,5b8a070a3cf8d31d64f24dbee89f3428cb9cab13fc59f7448d798f9bf08e9187,"{""distance"":5,""physical_error_rate"":0.001}","{""detectors_checked"":170}"
         8,         0,         0,   0.061,decoder_by_matrix,f0fc70a0432f83ff513e502442839d2eab02e2bed2f658d0464ff826d304e5e7,"{""distance"":5,""physical_error_rate"":0.0005}","{""detectors_checked"":1360}"
         8,         0,         0,   0.073,decoder_by_matrix,5b8a070a3cf8d31d64f24dbee89f3428cb9cab13fc59f7448d798f9bf08e9187,"{""distance"":5,""physical_error_rate"":0.001}","{""detection_events"":20,""detectors_checked"":1360}"
         8,         0,         0,   0.077,decoder_by_matrix,f0fc70a0432f83ff513e502442839d2eab02e2bed2f658d0464ff826d304e5e7,"{""distance"":5,""physical_error_rate"":0.0005}","{""detectors_checked"":1360}"
         8,         0,         0,   0.075,decoder_by_matrix,cc9cd6551b3048ae216380ccb8ae5d3cca75b5b766fe651c47ef084ce4ce7dc6,"{""distance"":5,""physical_error_rate"":5e-05}","{""detectors_checked"":1360}"
         8,         0,         0,   0.076,decoder_by_matrix,cc9cd6551b3048ae216380ccb8ae5d3cca75b5b766fe651c47ef084ce4ce7dc6,"{""distance"":5,""physical_error_rate"":5e-05}","{""detectors_checked"":1360}"
         8,         0,         0,   0.075,decoder_by_matrix,cc9cd6551b3048ae216380ccb8ae5d3cca75b5b766fe651c47ef084ce4ce7dc6,"{""distance"":5,""physical_error_rate"":5e-05}","{""detectors_checked"":1360}"
         8,         0,         0,   0.076,decoder_by_matrix,5b8a070a3cf8d31d64f24dbee89f3428cb9cab13fc59f7448d798f9bf08e9187,"{""distance"":5,""physical_error_rate"":0.001}","{""detectors_checked"":1360}"
         8,         0,         0,   0.077,decoder_by_matrix,cc9cd6551b3048ae216380ccb8ae5d3cca75b5b766fe651c47ef084ce4ce7dc6,"{""distance"":5,""physical_error_rate"":5e-05}","{""detectors_checked"":1360}"
         8,         0,         0,   0.071,decoder_by_matrix,f0fc70a0432f83ff513e502442839d2eab02e2bed2f658d0464ff826d304e5e7,"{""distance"":5,""physical_error_rate"":0.0005}","{""detectors_checked"":1360}"
         4,         0,         0,   0.073,decoder_by_matrix,5b8a070a3cf8d31d64f24dbee89f3428cb9cab13fc59f7448d798f9bf08e9187,"{""distance"":5,""physical_error_rate"":0.001}","{""detectors_checked"":680}"
         4,         0,         0,   0.093,decoder_by_matrix,f0fc70a0432f83ff513e502442839d2eab02e2bed2f658d0464ff826d304e5e7,"{""distance"":5,""physical_error_rate"":0.0005}","{""detectors_checked"":680}"
         4,         0,         0,   0.086,decoder_by_matrix,5b8a070a3cf8d31d64f24dbee89f3428cb9cab13fc59f7448d798f9bf08e9187,"{""distance"":5,""physical_error_rate"":0.001}","{""detectors_checked"":680}"
        64,         0,         0,   0.073,decoder_by_matrix,f0fc70a0432f83ff513e502442839d2eab02e2bed2f658d0464ff826d304e5e7,"{""distance"":5,""physical_error_rate"":0.0005}","{""detection_events"":10,""detectors_checked"":10880}"
        32,         0,         0,   0.060,decoder_by_matrix,5b8a070a3cf8d31d64f24dbee89f3428cb9cab13fc59f7448d798f9bf08e9187,"{""distance"":5,""physical_error_rate"":0.001}","{""detection_events"":10,""detectors_checked"":5440}"
        64,         0,         0,   0.073,decoder_by_matrix,5b8a070a3cf8d31d64f24dbee89f3428cb9cab13fc59f7448d798f9bf08e9187,"{""distance"":5,""physical_error_rate"":0.001}","{""detection_events"":75,""detectors_checked"":10880}"
        64,         0,         0,   0.074,decoder_by_matrix,cc9cd6551b3048ae216380ccb8ae5d3cca75b5b766fe651c47ef084ce4ce7dc6,"{""distance"":5,""physical_error_rate"":5e-05}","{""detectors_checked"":10880}"
        32,         0,         0,   0.077,decoder_by_matrix,f0fc70a0432f83ff513e502442839d2eab02e2bed2f658d0464ff826d304e5e7,"{""distance"":5,""physical_error_rate"":0.0005}","{""detection_events"":5,""detectors_checked"":5440}"
        32,         0,         0,   0.076,decoder_by_matrix,cc9cd6551b3048ae216380ccb8ae5d3cca75b5b766fe651c47ef084ce4ce7dc6,"{""distance"":5,""physical_error_rate"":5e-05}","{""detectors_checked"":5440}"
        32,         0,         0,   0.075,decoder_by_matrix,cc9cd6551b3048ae216380ccb8ae5d3cca75b5b766fe651c47ef084ce4ce7dc6,"{""distance"":5,""physical_error_rate"":5e-05}","{""detectors_checked"":5440}"
        32,         0,         0,   0.077,decoder_by_matrix,cc9cd6551b3048ae216380ccb8ae5d3cca75b5b766fe651c47ef084ce4ce7dc6,"{""distance"":5,""physical_error_rate"":5e-05}","{""detectors_checked"":5440}"
        16,         0,         0,   0.060,decoder_by_matrix,f0fc70a0432f83ff513e502442839d2eab02e2bed2f658d0464ff826d304e5e7,"{""distance"":5,""physical_error_rate"":0.0005}","{""detection_events"":10,""detectors_checked"":2720}"
        64,         0,         0,   0.074,decoder_by_matrix,f0fc70a0432f83ff513e502442839d2eab02e2bed2f658d0464ff826d304e5e7,"{""distance"":5,""physical_error_rate"":0.0005}","{""detectors_checked"":10880}"
        32,         0,         0,   0.075,decoder_by_matrix,5b8a070a3cf8d31d64f24dbee89f3428cb9cab13fc59f7448d798f9bf08e9187,"{""distance"":5,""physical_error_rate"":0.001}","{""detection_events"":10,""detectors_checked"":5440}"
       512,         0,         0,   0.061,decoder_by_matrix,f0fc70a0432f83ff513e502442839d2eab02e2bed2f658d0464ff826d304e5e7,"{""distance"":5,""physical_error_rate"":0.0005}","{""detection_events"":80,""detectors_checked"":87040}"
        16,         0,         0,   0.074,decoder_by_matrix,5b8a070a3cf8d31d64f24dbee89f3428cb9cab13fc59f7448d798f9bf08e9187,"{""distance"":5,""physical_error_rate"":0.001}","{""detection_events"":25,""detectors_checked"":2720}"
       512,         0,         0,   0.061,decoder_by_matrix,5b8a070a3cf8d31d64f24dbee89f3428cb9cab13fc59f7448d798f9bf08e9187,"{""distance"":5,""physical_error_rate"":0.001}","{""detection_events"":225,""detectors_checked"":87040}"
       512,         0,         0,   0.061,decoder_by_matrix,cc9cd6551b3048ae216380ccb8ae5d3cca75b5b766fe651c47ef084ce4ce7dc6,"{""distance"":5,""physical_error_rate"":5e-05}","{""detectors_checked"":87040}"
       128,         0,         0,   0.062,decoder_by_matrix,cc9cd6551b3048ae216380ccb8ae5d3cca75b5b766fe651c47ef084ce4ce7dc6,"{""distance"":5,""physical_error_rate"":5e-05}","{""detectors_checked"":21760}"
       256,         0,         0,   0.063,decoder_by_matrix,5b8a070a3cf8d31d64f24dbee89f3428cb9cab13fc59f7448d798f9bf08e9187,"{""distance"":5,""physical_error_rate"":0.001}","{""detection_events"":250,""detectors_checked"":43520}"
       128,         0,         0,   0.064,decoder_by_matrix,f0fc70a0432f83ff513e502442839d2eab02e2bed2f658d0464ff826d304e5e7,"{""distance"":5,""physical_error_rate"":0.0005}","{""detection_events"":40,""detectors_checked"":21760}"
       128,         0,         0,   0.062,decoder_by_matrix,cc9cd6551b3048ae216380ccb8ae5d3cca75b5b766fe651c47ef084ce4ce7dc6,"{""distance"":5,""physical_error_rate"":5e-05}","{""detectors_checked"":21760}"
       128,         0,         0,   0.077,decoder_by_matrix,cc9cd6551b3048ae216380ccb8ae5d3cca75b5b766fe651c47ef084ce4ce7dc6,"{""distance"":5,""physical_error_rate"":5e-05}","{""detectors_checked"":21760}"
       128,         0,         0,   0.075,decoder_by_matrix,f0fc70a0432f83ff513e502442839d2eab02e2bed2f658d0464ff826d304e5e7,"{""distance"":5,""physical_error_rate"":0.0005}","{""detection_events"":25,""detectors_checked"":21760}"
       512,         0,         0,   0.075,decoder_by_matrix,f0fc70a0432f83ff513e502442839d2eab02e2bed2f658d0464ff826d304e5e7,"{""distance"":5,""physical_error_rate"":0.0005}","{""detection_events"":195,""detectors_checked"":87040}"
       128,         0,         0,   0.063,decoder_by_matrix,5b8a070a3cf8d31d64f24dbee89f3428cb9cab13fc59f7448d798f9bf08e9187,"{""distance"":5,""physical_error_rate"":0.001}","{""detection_events"":150,""detectors_checked"":21760}"
       128,         0,         0,   0.061,decoder_by_matrix,5b8a070a3cf8d31d64f24dbee89f3428cb9cab13fc59f7448d798f9bf08e9187,"{""distance"":5,""physical_error_rate"":0.001}","{""detection_events"":35,""detectors_checked"":21760}"
      1024,         0,         0,   0.063,decoder_by_matrix,f0fc70a0432f83ff513e502442839d2eab02e2bed2f658d0464ff826d304e5e7,"{""distance"":5,""physical_error_rate"":0.0005}","{""detection_events"":365,""detectors_checked"":174080}"
      1024,         0,         0,   0.075,decoder_by_matrix,5b8a070a3cf8d31d64f24dbee89f3428cb9cab13fc59f7448d798f9bf08e9187,"{""distance"":5,""physical_error_rate"":0.001}","{""detection_events"":580,""detectors_checked"":174080}"
      1024,         0,         0,   0.063,decoder_by_matrix,cc9cd6551b3048ae216380ccb8ae5d3cca75b5b766fe651c47ef084ce4ce7dc6,"{""distance"":5,""physical_error_rate"":5e-05}","{""detection_events"":105,""detectors_checked"":174080}"
      1024,         0,         0,   0.063,decoder_by_matrix,5b8a070a3cf8d31d64f24dbee89f3428cb9cab13fc59f7448d798f9bf08e9187,"{""distance"":5,""physical_error_rate"":0.001}","{""detection_events"":580,""detectors_checked"":174080}"
      1024,         0,         0,   0.078,decoder_by_matrix,cc9cd6551b3048ae216380ccb8ae5d3cca75b5b766fe651c47ef084ce4ce7dc6,"{""distance"":5,""physical_error_rate"":5e-05}","{""detection_events"":25,""detectors_checked"":174080}"
      1024,         0,         0,   0.065,decoder_by_matrix,cc9cd6551b3048ae216380ccb8ae5d3cca75b5b766fe651c47ef084ce4ce7dc6,"{""distance"":5,""physical_error_rate"":5e-05}","{""detection_events"":10,""detectors_checked"":174080}"
      1024,         0,         0,   0.079,decoder_by_matrix,f0fc70a0432f83ff513e502442839d2eab02e2bed2f658d0464ff826d304e5e7,"{""distance"":5,""physical_error_rate"":0.0005}","{""detection_events"":235,""detectors_checked"":174080}"
      1024,         0,         0,   0.073,decoder_by_matrix,f0fc70a0432f83ff513e502442839d2eab02e2bed2f658d0464ff826d304e5e7,"{""distance"":5,""physical_error_rate"":0.0005}","{""detection_events"":240,""detectors_checked"":174080}"
       512,         0,         0,   0.062,decoder_by_matrix,cc9cd6551b3048ae216380ccb8ae5d3cca75b5b766fe651c47ef084ce4ce7dc6,"{""distance"":5,""physical_error_rate"":5e-05}","{""detectors_checked"":87040}"
      1024,         0,         0,   0.078,decoder_by_matrix,f0fc70a0432f83ff513e502442839d2eab02e2bed2f658d0464ff826d304e5e7,"{""distance"":5,""physical_error_rate"":0.0005}","{""detection_events"":325,""detectors_checked"":174080}"
      1024,         0,         0,   0.078,decoder_by_matrix,5b8a070a3cf8d31d64f24dbee89f3428cb9cab13fc59f7448d798f9bf08e9187,"{""distance"":5,""physical_error_rate"":0.001}","{""detection_events"":655,""detectors_checked"":174080}"
      1024,         0,         0,   0.063,decoder_by_matrix,5b8a070a3cf8d31d64f24dbee89f3428cb9cab13fc59f7448d798f9bf08e9187,"{""distance"":5,""physical_error_rate"":0.001}","{""detection_events"":485,""detectors_checked"":174080}"
      1024,         0,         0,   0.064,decoder_by_matrix,cc9cd6551b3048ae216380ccb8ae5d3cca75b5b766fe651c47ef084ce4ce7dc6,"{""distance"":5,""physical_error_rate"":5e-05}","{""detection_events"":20,""detectors_checked"":174080}"
      1024,         0,         0,   0.064,decoder_by_matrix,f0fc70a0432f83ff513e502442839d2eab02e2bed2f658d0464ff826d304e5e7,"{""distance"":5,""physical_error_rate"":0.0005}","{""detection_events"":345,""detectors_checked"":174080}"
      1024,         0,         0,   0.075,decoder_by_matrix,5b8a070a3cf8d31d64f24dbee89f3428cb9cab13fc59f7448d798f9bf08e9187,"{""distance"":5,""physical_error_rate"":0.001}","{""detection_events"":800,""detectors_checked"":174080}"
      1024,         0,         0,   0.079,decoder_by_matrix,cc9cd6551b3048ae216380ccb8ae5d3cca75b5b766fe651c47ef084ce4ce7dc6,"{""distance"":5,""physical_error_rate"":5e-05}","{""detection_events"":80,""detectors_checked"":174080}"
      1024,         0,         0,   0.063,decoder_by_matrix,cc9cd6551b3048ae216380ccb8ae5d3cca75b5b766fe651c47ef084ce4ce7dc6,"{""distance"":5,""physical_error_rate"":5e-05}","{""detection_events"":110,""detectors_checked"":174080}"
      1024,         0,         0,   0.064,decoder_by_matrix,f0fc70a0432f83ff513e502442839d2eab02e2bed2f658d0464ff826d304e5e7,"{""distance"":5,""physical_error_rate"":0.0005}","{""detection_events"":180,""detectors_checked"":174080}"
      1024,         0,         0,   0.099,decoder_by_matrix,5b8a070a3cf8d31d64f24dbee89f3428cb9cab13fc59f7448d798f9bf08e9187,"{""distance"":5,""physical_error_rate"":0.001}","{""detection_events"":505,""detectors_checked"":174080}"
      1024,         0,         0,   0.079,decoder_by_matrix,f0fc70a0432f83ff513e502442839d2eab02e2bed2f658d0464ff826d304e5e7,"{""distance"":5,""physical_error_rate"":0.0005}","{""detection_events"":405,""detectors_checked"":174080}"
      1024,         0,         0,   0.076,decoder_by_matrix,f0fc70a0432f83ff513e502442839d2eab02e2bed2f658d0464ff826d304e5e7,"{""distance"":5,""physical_error_rate"":0.0005}","{""detection_events"":210,""detectors_checked"":174080}"
      1024,         0,         0,   0.078,decoder_by_matrix,5b8a070a3cf8d31d64f24dbee89f3428cb9cab13fc59f7448d798f9bf08e9187,"{""distance"":5,""physical_error_rate"":0.001}","{""detection_events"":565,""detectors_checked"":174080}"
      1024,         0,         0,   0.115,decoder_by_matrix,cc9cd6551b3048ae216380ccb8ae5d3cca75b5b766fe651c47ef084ce4ce7dc6,"{""distance"":5,""physical_error_rate"":5e-05}","{""detection_events"":15,""detectors_checked"":174080}"
      1024,         0,         0,   0.064,decoder_by_matrix,f0fc70a0432f83ff513e502442839d2eab02e2bed2f658d0464ff826d304e5e7,"{""distance"":5,""physical_error_rate"":0.0005}","{""detection_events"":330,""detectors_checked"":174080}"
      1024,         0,         0,   0.078,decoder_by_matrix,5b8a070a3cf8d31d64f24dbee89f3428cb9cab13fc59f7448d798f9bf08e9187,"{""distance"":5,""physical_error_rate"":0.001}","{""detection_events"":585,""detectors_checked"":174080}"
      1024,         0,         0,   0.077,decoder_by_matrix,cc9cd6551b3048ae216380ccb8ae5d3cca75b5b766fe651c47ef084ce4ce7dc6,"{""distance"":5,""physical_error_rate"":5e-05}","{""detection_events"":60,""detectors_checked"":174080}"
      1024,         0,         0,   0.064,decoder_by_matrix,f0fc70a0432f83ff513e502442839d2eab02e2bed2f658d0464ff826d304e5e7,"{""distance"":5,""physical_error_rate"":0.0005}","{""detection_events"":325,""detectors_checked"":174080}"
      1024,         0,         0,   0.064,decoder_by_matrix,f0fc70a0432f83ff513e502442839d2eab02e2bed2f658d0464ff826d304e5e7,"{""distance"":5,""physical_error_rate"":0.0005}","{""detection_events"":275,""detectors_checked"":174080}"
      1024,         0,         0,   0.094,decoder_by_matrix,5b8a070a3cf8d31d64f24dbee89f3428cb9cab13fc59f7448d798f9bf08e9187,"{""distance"":5,""physical_error_rate"":0.001}","{""detection_events"":645,""detectors_checked"":174080}"
      1024,         0,         0,   0.078,decoder_by_matrix,5b8a070a3cf8d31d64f24dbee89f3428cb9cab13fc59f7448d798f9bf08e9187,"{""distance"":5,""physical_error_rate"":0.001}","{""detection_events"":535,""detectors_checked"":174080}"
      1024,         0,         0,   0.063,decoder_by_matrix,5b8a070a3cf8d31d64f24dbee89f3428cb9cab13fc59f7448d798f9bf08e9187,"{""distance"":5,""physical_error_rate"":0.001}","{""detection_events"":360,""detectors_checked"":174080}"
      2048,         0,         0,   0.136,decoder_by_matrix,cc9cd6551b3048ae216380ccb8ae5d3cca75b5b766fe651c47ef084ce4ce7dc6,"{""distance"":5,""physical_error_rate"":5e-05}","{""detection_events"":15,""detectors_checked"":348160}"
      1024,         0,         0,   0.082,decoder_by_matrix,cc9cd6551b3048ae216380ccb8ae5d3cca75b5b766fe651c47ef084ce4ce7dc6,"{""distance"":5,""physical_error_rate"":5e-05}","{""detection_events"":25,""detectors_checked"":174080}"
      2048,         0,         0,   0.139,decoder_by_matrix,cc9cd6551b3048ae216380ccb8ae5d3cca75b5b766fe651c47ef084ce4ce7dc6,"{""distance"":5,""physical_error_rate"":5e-05}","{""detection_events"":85,""detectors_checked"":348160}"
      2048,         0,         0,   0.148,decoder_by_matrix,f0fc70a0432f83ff513e502442839d2eab02e2bed2f658d0464ff826d304e5e7,"{""distance"":5,""physical_error_rate"":0.0005}","{""detection_events"":465,""detectors_checked"":348160}"
      2048,         0,         0,   0.135,decoder_by_matrix,f0fc70a0432f83ff513e502442839d2eab02e2bed2f658d0464ff826d304e5e7,"{""distance"":5,""physical_error_rate"":0.0005}","{""detection_events"":425,""detectors_checked"":348160}"
      2048,         0,         0,   0.228,decoder_by_matrix,5b8a070a3cf8d31d64f24dbee89f3428cb9cab13fc59f7448d798f9bf08e9187,"{""distance"":5,""physical_error_rate"":0.001}","{""detection_events"":1310,""detectors_checked"":348160}"
      2048,         0,         0,   0.138,decoder_by_matrix,cc9cd6551b3048ae216380ccb8ae5d3cca75b5b766fe651c47ef084ce4ce7dc6,"{""distance"":5,""physical_error_rate"":5e-05}","{""detection_events"":15,""detectors_checked"":348160}"
      2048,         0,         0,   0.149,decoder_by_matrix,f0fc70a0432f83ff513e502442839d2eab02e2bed2f658d0464ff826d304e5e7,"{""distance"":5,""physical_error_rate"":0.0005}","{""detection_events"":410,""detectors_checked"":348160}"
      2048,         0,         0,   0.158,decoder_by_matrix,f0fc70a0432f83ff513e502442839d2eab02e2bed2f658d0464ff826d304e5e7,"{""distance"":5,""physical_error_rate"":0.0005}","{""detection_events"":650,""detectors_checked"":348160}"
      2048,         0,         0,   0.134,decoder_by_matrix,cc9cd6551b3048ae216380ccb8ae5d3cca75b5b766fe651c47ef084ce4ce7dc6,"{""distance"":5,""physical_error_rate"":5e-05}","{""detection_events"":10,""detectors_checked"":348160}"
      2048,         0,         0,   0.136,decoder_by_matrix,5b8a070a3cf8d31d64f24dbee89f3428cb9cab13fc59f7448d798f9bf08e9187,"{""distance"":5,""physical_error_rate"":0.001}","{""detection_events"":925,""detectors_checked"":348160}"
      2048,         0,         0,   0.147,decoder_by_matrix,5b8a070a3cf8d31d64f24dbee89f3428cb9cab13fc59f7448d798f9bf08e9187,"{""distance"":5,""physical_error_rate"":0.001}","{""detection_events"":1070,""detectors_checked"":348160}"
      2048,         0,         0,   0.141,decoder_by_matrix,cc9cd6551b3048ae216380ccb8ae5d3cca75b5b766fe651c47ef084ce4ce7dc6,"{""distance"":5,""physical_error_rate"":5e-05}","{""detection_events"":90,""detectors_checked"":348160}"
      2048,         0,         0,   0.159,decoder_by_matrix,cc9cd6551b3048ae216380ccb8ae5d3cca75b5b766fe651c47ef084ce4ce7dc6,"{""distance"":5,""physical_error_rate"":5e-05}","{""detection_events"":75,""detectors_checked"":348160}"
      2048,         0,         0,   0.187,decoder_by_matrix,5b8a070a3cf8d31d64f24dbee89f3428cb9cab13fc59f7448d798f9bf08e9187,"{""distance"":5,""physical_error_rate"":0.001}","{""detection_events"":1230,""detectors_checked"":348160}"
      4096,         0,         0,   0.147,decoder_by_matrix,f0fc70a0432f83ff513e502442839d2eab02e2bed2f658d0464ff826d304e5e7,"{""distance"":5,""physical_error_rate"":0.0005}","{""detection_events"":1240,""detectors_checked"":696320}"
      2048,         0,         0,   0.140,decoder_by_matrix,5b8a070a3cf8d31d64f24dbee89f3428cb9cab13fc59f7448d798f9bf08e9187,"{""distance"":5,""physical_error_rate"":0.001}","{""detection_events"":1510,""detectors_checked"":348160}"
      2048,         0,         0,   0.141,decoder_by_matrix,cc9cd6551b3048ae216380ccb8ae5d3cca75b5b766fe651c47ef084ce4ce7dc6,"{""distance"":5,""physical_error_rate"":5e-05}","{""detection_events"":55,""detectors_checked"":348160}"
      2048,         0,         0,   0.141,decoder_by_matrix,f0fc70a0432f83ff513e502442839d2eab02e2bed2f658d0464ff826d304e5e7,"{""distance"":5,""physical_error_rate"":0.0005}","{""detection_events"":535,""detectors_checked"":348160}"
      2048,         0,         0,   0.183,decoder_by_matrix,f0fc70a0432f83ff513e502442839d2eab02e2bed2f658d0464ff826d304e5e7,"{""distance"":5,""physical_error_rate"":0.0005}","{""detection_events"":660,""detectors_checked"":348160}"
      2048,         0,         0,   0.138,decoder_by_matrix,cc9cd6551b3048ae216380ccb8ae5d3cca75b5b766fe651c47ef084ce4ce7dc6,"{""distance"":5,""physical_error_rate"":5e-05}","{""detection_events"":75,""detectors_checked"":348160}"
      2048,         0,         0,   0.140,decoder_by_matrix,5b8a070a3cf8d31d64f24dbee89f3428cb9cab13fc59f7448d798f9bf08e9187,"{""distance"":5,""physical_error_rate"":0.001}","{""detection_events"":1140,""detectors_checked"":348160}"
      2048,         0,         0,   0.157,decoder_by_matrix,f0fc70a0432f83ff513e502442839d2eab02e2bed2f658d0464ff826d304e5e7,"{""distance"":5,""physical_error_rate"":0.0005}","{""detection_events"":520,""detectors_checked"":348160}"
      2048,         0,         0,   0.157,decoder_by_matrix,5b8a070a3cf8d31d64f24dbee89f3428cb9cab13fc59f7448d798f9bf08e9187,"{""distance"":5,""physical_error_rate"":0.001}","{""detection_events"":1165,""detectors_checked"":348160}"
      2048,         0,         0,   0.153,decoder_by_matrix,cc9cd6551b3048ae216380ccb8ae5d3cca75b5b766fe651c47ef084ce4ce7dc6,"{""distance"":5,""physical_error_rate"":5e-05}","{""detection_events"":20,""detectors_checked"":348160}"
      2048,         0,         0,   0.152,decoder_by_matrix,5b8a070a3cf8d31d64f24dbee89f3428cb9cab13fc59f7448d798f9bf08e9187,"{""distance"":5,""physical_error_rate"":0.001}","{""detection_events"":1470,""detectors_checked"":348160}"
      2048,         0,         0,   0.185,decoder_by_matrix,cc9cd6551b3048ae216380ccb8ae5d3cca75b5b766fe651c47ef084ce4ce7dc6,"{""distance"":5,""physical_error_rate"":5e-05}","{""detection_events"":45,""detectors_checked"":348160}"
      2048,         0,         0,   0.149,decoder_by_matrix,5b8a070a3cf8d31d64f24dbee89f3428cb9cab13fc59f7448d798f9bf08e9187,"{""distance"":5,""physical_error_rate"":0.001}","{""detection_events"":935,""detectors_checked"":348160}"
      2048,         0,         0,   0.179,decoder_by_matrix,f0fc70a0432f83ff513e502442839d2eab02e2bed2f658d0464ff826d304e5e7,"{""distance"":5,""physical_error_rate"":0.0005}","{""detection_events"":695,""detectors_checked"":348160}"
      5120,         0,         0,   0.240,decoder_by_matrix,f0fc70a0432f83ff513e502442839d2eab02e2bed2f658d0464ff826d304e5e7,"{""distance"":5,""physical_error_rate"":0.0005}","{""detection_events"":1360,""detectors_checked"":870400}"
      3072,         0,         0,   0.231,decoder_by_matrix,cc9cd6551b3048ae216380ccb8ae5d3cca75b5b766fe651c47ef084ce4ce7dc6,"{""distance"":5,""physical_error_rate"":5e-05}","{""detection_events"":115,""detectors_checked"":522240}"
      3072,         0,         0,   0.232,decoder_by_matrix,f0fc70a0432f83ff513e502442839d2eab02e2bed2f658d0464ff826d304e5e7,"{""distance"":5,""physical_error_rate"":0.0005}","{""detection_events"":930,""detectors_checked"":522240}"
      3072,         0,         0,   0.216,decoder_by_matrix,cc9cd6551b3048ae216380ccb8ae5d3cca75b5b766fe651c47ef084ce4ce7dc6,"{""distance"":5,""physical_error_rate"":5e-05}","{""detection_events"":90,""detectors_checked"":522240}"
      3072,         0,         0,   0.212,decoder_by_matrix,5b8a070a3cf8d31d64f24dbee89f3428cb9cab13fc59f7448d798f9bf08e9187,"{""distance"":5,""physical_error_rate"":0.001}","{""detection_events"":1675,""detectors_checked"":522240}"
      3072,         0,         0,   0.230,decoder_by_matrix,5b8a070a3cf8d31d64f24dbee89f3428cb9cab13fc59f7448d798f9bf08e9187,"{""distance"":5,""physical_error_rate"":0.001}","{""detection_events"":1495,""detectors_checked"":522240}"
      3072,         0,         0,   0.222,decoder_by_matrix,f0fc70a0432f83ff513e502442839d2eab02e2bed2f658d0464ff826d304e5e7,"{""distance"":5,""physical_error_rate"":0.0005}","{""detection_events"":795,""detectors_checked"":522240}"
      3072,         0,         0,   0.218,decoder_by_matrix,cc9cd6551b3048ae216380ccb8ae5d3cca75b5b766fe651c47ef084ce4ce7dc6,"{""distance"":5,""physical_error_rate"":5e-05}","{""detection_events"":10,""detectors_checked"":522240}"
      3072,         0,         0,   0.246,decoder_by_matrix,5b8a070a3cf8d31d64f24dbee89f3428cb9cab13fc59f7448d798f9bf08e9187,"{""distance"":5,""physical_error_rate"":0.001}","{""detection_events"":1715,""detectors_checked"":522240}"
      3072,         0,         0,   0.246,decoder_by_matrix,cc9cd6551b3048ae216380ccb8ae5d3cca75b5b766fe651c47ef084ce4ce7dc6,"{""distance"":5,""physical_error_rate"":5e-05}","{""detection_events"":80,""detectors_checked"":522240}"
      3072,         0,         0,   0.213,decoder_by_matrix,5b8a070a3cf8d31d64f24dbee89f3428cb9cab13fc59f7448d798f9bf08e9187,"{""distance"":5,""physical_error_rate"":0.001}","{""detection_events"":1585,""detectors_checked"":522240}"
      3072,         0,         0,   0.248,decoder_by_matrix,f0fc70a0432f83ff513e502442839d2eab02e2bed2f658d0464ff826d304e5e7,"{""distance"":5,""physical_error_rate"":0.0005}","{""detection_events"":670,""detectors_checked"":522240}"
      4096,         0,         0,   0.304,decoder_by_matrix,f0fc70a0432f83ff513e502442839d2eab02e2bed2f658d0464ff826d304e5e7,"{""distance"":5,""physical_error_rate"":0.0005}","{""detection_events"":1175,""detectors_checked"":696320}"
      4096,         0,         0,   0.300,decoder_by_matrix,f0fc70a0432f83ff513e502442839d2eab02e2bed2f658d0464ff826d304e5e7,"{""distance"":5,""physical_error_rate"":0.0005}","{""detection_events"":1075,""detectors_checked"":696320}"
      4096,         0,         0,   0.313,decoder_by_matrix,cc9cd6551b3048ae216380ccb8ae5d3cca75b5b766fe651c47ef084ce4ce7dc6,"{""distance"":5,""physical_error_rate"":5e-05}","{""detection_events"":80,""detectors_checked"":696320}"
      4096,         0,         0,   0.289,decoder_by_matrix,cc9cd6551b3048ae216380ccb8ae5d3cca75b5b766fe651c47ef084ce4ce7dc6,"{""distance"":5,""physical_error_rate"":5e-05}","{""detection_events"":105,""detectors_checked"":696320}"
      4096,         0,         0,   0.291,decoder_by_matrix,5b8a070a3cf8d31d64f24dbee89f3428cb9cab13fc59f7448d798f9bf08e9187,"{""distance"":5,""physical_error_rate"":0.001}","{""detection_events"":2075,""detectors_checked"":696320}"
      4096,         0,         0,   0.293,decoder_by_matrix,cc9cd6551b3048ae216380ccb8ae5d3cca75b5b766fe651c47ef084ce4ce7dc6,"{""distance"":5,""physical_error_rate"":5e-05}","{""detection_events"":55,""detectors_checked"":696320}"
      4096,         0,         0,   0.315,decoder_by_matrix,5b8a070a3cf8d31d64f24dbee89f3428cb9cab13fc59f7448d798f9bf08e9187,"{""distance"":5,""physical_error_rate"":0.001}","{""detection_events"":2235,""detectors_checked"":696320}"
      4096,         0,         0,   0.315,decoder_by_matrix,f0fc70a0432f83ff513e502442839d2eab02e2bed2f658d0464ff826d304e5e7,"{""distance"":5,""physical_error_rate"":0.0005}","{""detection_events"":1260,""detectors_checked"":696320}"
      4096,         0,         0,   0.309,decoder_by_matrix,cc9cd6551b3048ae216380ccb8ae5d3cca75b5b766fe651c47ef084ce4ce7dc6,"{""distance"":5,""physical_error_rate"":5e-05}","{""detection_events"":90,""detectors_checked"":696320}"
      4096,         0,         0,   0.370,decoder_by_matrix,5b8a070a3cf8d31d64f24dbee89f3428cb9cab13fc59f7448d798f9bf08e9187,"{""distance"":5,""physical_error_rate"":0.001}","{""detection_events"":2300,""detectors_checked"":696320}"
      5120,         0,         0,   0.366,decoder_by_matrix,5b8a070a3cf8d31d64f24dbee89f3428cb9cab13fc59f7448d798f9bf08e9187,"{""distance"":5,""physical_error_rate"":0.001}","{""detection_events"":2950,""detectors_checked"":870400}"
      4096,         0,         0,   0.300,decoder_by_matrix,f0fc70a0432f83ff513e502442839d2eab02e2bed2f658d0464ff826d304e5e7,"{""distance"":5,""physical_error_rate"":0.0005}","{""detection_events"":1125,""detectors_checked"":696320}"
      6144,         0,         0,   0.462,decoder_by_matrix,f0fc70a0432f83ff513e502442839d2eab02e2bed2f658d0464ff826d304e5e7,"{""distance"":5,""physical_error_rate"":0.0005}","{""detection_events"":1810,""detectors_checked"":1044480}"
      6144,         0,         0,   0.467,decoder_by_matrix,cc9cd6551b3048ae216380ccb8ae5d3cca75b5b766fe651c47ef084ce4ce7dc6,"{""distance"":5,""physical_error_rate"":5e-05}","{""detection_events"":235,""detectors_checked"":1044480}"
      6144,         0,         0,   0.469,decoder_by_matrix,f0fc70a0432f83ff513e502442839d2eab02e2bed2f658d0464ff826d304e5e7,"{""distance"":5,""physical_error_rate"":0.0005}","{""detection_events"":1550,""detectors_checked"":1044480}"
      6144,         0,         0,   0.447,decoder_by_matrix,cc9cd6551b3048ae216380ccb8ae5d3cca75b5b766fe651c47ef084ce4ce7dc6,"{""distance"":5,""physical_error_rate"":5e-05}","{""detection_events"":210,""detectors_checked"":1044480}"
      6144,         0,         0,   0.457,decoder_by_matrix,5b8a070a3cf8d31d64f24dbee89f3428cb9cab13fc59f7448d798f9bf08e9187,"{""distance"":5,""physical_error_rate"":0.001}","{""detection_events"":3255,""detectors_checked"":1044480}"
      6144,         0,         0,   0.444,decoder_by_matrix,f0fc70a0432f83ff513e502442839d2eab02e2bed2f658d0464ff826d304e5e7,"{""distance"":5,""physical_error_rate"":0.0005}","{""detection_events"":2035,""detectors_checked"":1044480}"
      5120,         0,         0,   0.411,decoder_by_matrix,cc9cd6551b3048ae216380ccb8ae5d3cca75b5b766fe651c47ef084ce4ce7dc6,"{""distance"":5,""physical_error_rate"":5e-05}","{""detection_events"":130,""detectors_checked"":870400}"
      6144,         0,         0,   0.464,decoder_by_matrix,cc9cd6551b3048ae216380ccb8ae5d3cca75b5b766fe651c47ef084ce4ce7dc6,"{""distance"":5,""physical_error_rate"":5e-05}","{""detection_events"":135,""detectors_checked"":1044480}"
      6144,         0,         0,   0.464,decoder_by_matrix,5b8a070a3cf8d31d64f24dbee89f3428cb9cab13fc59f7448d798f9bf08e9187,"{""distance"":5,""physical_error_rate"":0.001}","{""detection_events"":3495,""detectors_checked"":1044480}"
      6144,         0,         0,   0.461,decoder_by_matrix,5b8a070a3cf8d31d64f24dbee89f3428cb9cab13fc59f7448d798f9bf08e9187,"{""distance"":5,""physical_error_rate"":0.001}","{""detection_events"":3315,""detectors_checked"":1044480}"
      6144,         0,         0,   0.452,decoder_by_matrix,5b8a070a3cf8d31d64f24dbee89f3428cb9cab13fc59f7448d798f9bf08e9187,"{""distance"":5,""physical_error_rate"":0.001}","{""detection_events"":3530,""detectors_checked"":1044480}"
      5120,         0,         0,   0.410,decoder_by_matrix,f0fc70a0432f83ff513e502442839d2eab02e2bed2f658d0464ff826d304e5e7,"{""distance"":5,""physical_error_rate"":0.0005}","{""detection_events"":1705,""detectors_checked"":870400}"
      8192,         0,         0,   0.603,decoder_by_matrix,f0fc70a0432f83ff513e502442839d2eab02e2bed2f658d0464ff826d304e5e7,"{""distance"":5,""physical_error_rate"":0.0005}","{""detection_events"":2260,""detectors_checked"":1392640}"
      8192,         0,         0,   0.602,decoder_by_matrix,cc9cd6551b3048ae216380ccb8ae5d3cca75b5b766fe651c47ef084ce4ce7dc6,"{""distance"":5,""physical_error_rate"":5e-05}","{""detection_events"":290,""detectors_checked"":1392640}"
      8192,         0,         0,   0.605,decoder_by_matrix,cc9cd6551b3048ae216380ccb8ae5d3cca75b5b766fe651c47ef084ce4ce7dc6,"{""distance"":5,""physical_error_rate"":5e-05}","{""detection_events"":165,""detectors_checked"":1392640}"
      7168,         0,         0,   0.626,decoder_by_matrix,f0fc70a0432f83ff513e502442839d2eab02e2bed2f658d0464ff826d304e5e7,"{""distance"":5,""physical_error_rate"":0.0005}","{""detection_events"":2325,""detectors_checked"":1218560}"
     10240,         0,         0,   0.576,decoder_by_matrix,cc9cd6551b3048ae216380ccb8ae5d3cca75b5b766fe651c47ef084ce4ce7dc6,"{""distance"":5,""physical_error_rate"":5e-05}","{""detection_events"":460,""detectors_checked"":1740800}"
      8192,         0,         0,   0.613,decoder_by_matrix,5b8a070a3cf8d31d64f24dbee89f3428cb9cab13fc59f7448d798f9bf08e9187,"{""distance"":5,""physical_error_rate"":0.001}","{""detection_events"":4855,""detectors_checked"":1392640}"
      8192,         0,         0,   0.610,decoder_by_matrix,f0fc70a0432f83ff513e502442839d2eab02e2bed2f658d0464ff826d304e5e7,"{""distance"":5,""physical_error_rate"":0.0005}","{""detection_events"":2655,""detectors_checked"":1392640}"
      8192,         0,         0,   0.626,decoder_by_matrix,cc9cd6551b3048ae216380ccb8ae5d3cca75b5b766fe651c47ef084ce4ce7dc6,"{""distance"":5,""physical_error_rate"":5e-05}","{""detection_events"":185,""detectors_checked"":1392640}"
      8192,         0,         0,   0.629,decoder_by_matrix,5b8a070a3cf8d31d64f24dbee89f3428cb9cab13fc59f7448d798f9bf08e9187,"{""distance"":5,""physical_error_rate"":0.001}","{""detection_events"":5360,""detectors_checked"":1392640}"
      8192,         0,         0,   0.608,decoder_by_matrix,5b8a070a3cf8d31d64f24dbee89f3428cb9cab13fc59f7448d798f9bf08e9187,"{""distance"":5,""physical_error_rate"":0.001}","{""detection_events"":4300,""detectors_checked"":1392640}"
      8192,         0,         0,   0.642,decoder_by_matrix,5b8a070a3cf8d31d64f24dbee89f3428cb9cab13fc59f7448d798f9bf08e9187,"{""distance"":5,""physical_error_rate"":0.001}","{""detection_events"":4690,""detectors_checked"":1392640}"
      8192,         0,         0,   0.633,decoder_by_matrix,f0fc70a0432f83ff513e502442839d2eab02e2bed2f658d0464ff826d304e5e7,"{""distance"":5,""physical_error_rate"":0.0005}","{""detection_events"":2400,""detectors_checked"":1392640}"
     10240,         0,         0,   0.820,decoder_by_matrix,f0fc70a0432f83ff513e502442839d2eab02e2bed2f658d0464ff826d304e5e7,"{""distance"":5,""physical_error_rate"":0.0005}","{""detection_events"":2770,""detectors_checked"":1740800}"
     11264,         0,         0,   0.815,decoder_by_matrix,cc9cd6551b3048ae216380ccb8ae5d3cca75b5b766fe651c47ef084ce4ce7dc6,"{""distance"":5,""physical_error_rate"":5e-05}","{""detection_events"":325,""detectors_checked"":1914880}"
     11264,         0,         0,   0.840,decoder_by_matrix,cc9cd6551b3048ae216380ccb8ae5d3cca75b5b766fe651c47ef084ce4ce7dc6,"{""distance"":5,""physical_error_rate"":5e-05}","{""detection_events"":210,""detectors_checked"":1914880}"
     11264,         0,         0,   0.822,decoder_by_matrix,f0fc70a0432f83ff513e502442839d2eab02e2bed2f658d0464ff826d304e5e7,"{""distance"":5,""physical_error_rate"":0.0005}","{""detection_events"":3845,""detectors_checked"":1914880}"
     10240,         0,         0,   0.795,decoder_by_matrix,cc9cd6551b3048ae216380ccb8ae5d3cca75b5b766fe651c47ef084ce4ce7dc6,"{""distance"":5,""physical_error_rate"":5e-05}","{""detection_events"":310,""detectors_checked"":1740800}"
     14336,         0,         0,   0.858,decoder_by_matrix,cc9cd6551b3048ae216380ccb8ae5d3cca75b5b766fe651c47ef084ce4ce7dc6,"{""distance"":5,""physical_error_rate"":5e-05}","{""detection_events"":490,""detectors_checked"":2437120}"
     11264,         0,         0,   0.837,decoder_by_matrix,5b8a070a3cf8d31d64f24dbee89f3428cb9cab13fc59f7448d798f9bf08e9187,"{""distance"":5,""physical_error_rate"":0.001}","{""detection_events"":6380,""detectors_checked"":1914880}"
     11264,         0,         0,   0.842,decoder_by_matrix,f0fc70a0432f83ff513e502442839d2eab02e2bed2f658d0464ff826d304e5e7,"{""distance"":5,""physical_error_rate"":0.0005}","{""detection_events"":3025,""detectors_checked"":1914880}"
     11264,         0,         0,   0.851,decoder_by_matrix,5b8a070a3cf8d31d64f24dbee89f3428cb9cab13fc59f7448d798f9bf08e9187,"{""distance"":5,""physical_error_rate"":0.001}","{""detection_events"":6250,""detectors_checked"":1914880}"
     11264,         0,         0,   0.827,decoder_by_matrix,5b8a070a3cf8d31d64f24dbee89f3428cb9cab13fc59f7448d798f9bf08e9187,"{""distance"":5,""physical_error_rate"":0.001}","{""detection_events"":6340,""detectors_checked"":1914880}"
     10240,         0,         0,   0.850,decoder_by_matrix,5b8a070a3cf8d31d64f24dbee89f3428cb9cab13fc59f7448d798f9bf08e9187,"{""distance"":5,""physical_error_rate"":0.001}","{""detection_events"":5795,""detectors_checked"":1740800}"
      8192,         0,         0,   0.855,decoder_by_matrix,f0fc70a0432f83ff513e502442839d2eab02e2bed2f658d0464ff826d304e5e7,"{""distance"":5,""physical_error_rate"":0.0005}","{""detection_events"":2060,""detectors_checked"":1392640}"
     15360,         0,         0,    1.12,decoder_by_matrix,f0fc70a0432f83ff513e502442839d2eab02e2bed2f658d0464ff826d304e5e7,"{""distance"":5,""physical_error_rate"":0.0005}","{""detection_events"":4035,""detectors_checked"":2611200}"
     14336,         0,         0,    1.13,decoder_by_matrix,cc9cd6551b3048ae216380ccb8ae5d3cca75b5b766fe651c47ef084ce4ce7dc6,"{""distance"":5,""physical_error_rate"":5e-05}","{""detection_events"":385,""detectors_checked"":2437120}"
     13312,         0,         0,    1.13,decoder_by_matrix,f0fc70a0432f83ff513e502442839d2eab02e2bed2f658d0464ff826d304e5e7,"{""distance"":5,""physical_error_rate"":0.0005}","{""detection_events"":3710,""detectors_checked"":2263040}"
     13312,         0,         0,    1.19,decoder_by_matrix,cc9cd6551b3048ae216380ccb8ae5d3cca75b5b766fe651c47ef084ce4ce7dc6,"{""distance"":5,""physical_error_rate"":5e-05}","{""detection_events"":490,""detectors_checked"":2263040}"
     25600,         0,         0,    1.11,decoder_by_matrix,cc9cd6551b3048ae216380ccb8ae5d3cca75b5b766fe651c47ef084ce4ce7dc6,"{""distance"":5,""physical_error_rate"":5e-05}","{""detection_events"":645,""detectors_checked"":4352000}"
     13312,         0,         0,    1.15,decoder_by_matrix,cc9cd6551b3048ae216380ccb8ae5d3cca75b5b766fe651c47ef084ce4ce7dc6,"{""distance"":5,""physical_error_rate"":5e-05}","{""detection_events"":360,""detectors_checked"":2263040}"
     15360,         0,         0,    1.16,decoder_by_matrix,f0fc70a0432f83ff513e502442839d2eab02e2bed2f658d0464ff826d304e5e7,"{""distance"":5,""physical_error_rate"":0.0005}","{""detection_events"":4540,""detectors_checked"":2611200}"
     15360,         0,         0,    1.17,decoder_by_matrix,5b8a070a3cf8d31d64f24dbee89f3428cb9cab13fc59f7448d798f9bf08e9187,"{""distance"":5,""physical_error_rate"":0.001}","{""detection_events"":8655,""detectors_checked"":2611200}"
     14336,         0,         0,    1.10,decoder_by_matrix,5b8a070a3cf8d31d64f24dbee89f3428cb9cab13fc59f7448d798f9bf08e9187,"{""distance"":5,""physical_error_rate"":0.001}","{""detection_events"":8180,""detectors_checked"":2437120}"
     14336,         0,         0,    1.12,decoder_by_matrix,5b8a070a3cf8d31d64f24dbee89f3428cb9cab13fc59f7448d798f9bf08e9187,"{""distance"":5,""physical_error_rate"":0.001}","{""detection_events"":8345,""detectors_checked"":2437120}"
     13312,         0,         0,    1.15,decoder_by_matrix,5b8a070a3cf8d31d64f24dbee89f3428cb9cab13fc59f7448d798f9bf08e9187,"{""distance"":5,""physical_error_rate"":0.001}","{""detection_events"":7770,""detectors_checked"":2263040}"
     13312,         0,         0,    1.16,decoder_by_matrix,f0fc70a0432f83ff513e502442839d2eab02e2bed2f658d0464ff826d304e5e7,"{""distance"":5,""physical_error_rate"":0.0005}","{""detection_events"":4000,""detectors_checked"":2263040}"
     21504,         0,         0,    1.57,decoder_by_matrix,cc9cd6551b3048ae216380ccb8ae5d3cca75b5b766fe651c47ef084ce4ce7dc6,"{""distance"":5,""physical_error_rate"":5e-05}","{""detection_events"":600,""detectors_checked"":3655680}"
     21504,         0,         0,    1.60,decoder_by_matrix,f0fc70a0432f83ff513e502442839d2eab02e2bed2f658d0464ff826d304e5e7,"{""distance"":5,""physical_error_rate"":0.0005}","{""detection_events"":5765,""detectors_checked"":3655680}"
     23552,         0,         0,    1.54,decoder_by_matrix,cc9cd6551b3048ae216380ccb8ae5d3cca75b5b766fe651c47ef084ce4ce7dc6,"{""distance"":5,""physical_error_rate"":5e-05}","{""detection_events"":715,""detectors_checked"":4003840}"
     21504,         0,         0,    1.58,decoder_by_matrix,f0fc70a0432f83ff513e502442839d2eab02e2bed2f658d0464ff826d304e5e7,"{""distance"":5,""physical_error_rate"":0.0005}","{""detection_events"":5695,""detectors_checked"":3655680}"
     18432,         0,         0,    1.56,decoder_by_matrix,5b8a070a3cf8d31d64f24dbee89f3428cb9cab13fc59f7448d798f9bf08e9187,"{""distance"":5,""physical_error_rate"":0.001}","{""detection_events"":10205,""detectors_checked"":3133440}"
     20480,         0,         0,    1.60,decoder_by_matrix,cc9cd6551b3048ae216380ccb8ae5d3cca75b5b766fe651c47ef084ce4ce7dc6,"{""distance"":5,""physical_error_rate"":5e-05}","{""detection_events"":750,""detectors_checked"":3481600}"
     20480,         0,         0,    1.59,decoder_by_matrix,cc9cd6551b3048ae216380ccb8ae5d3cca75b5b766fe651c47ef084ce4ce7dc6,"{""distance"":5,""physical_error_rate"":5e-05}","{""detection_events"":595,""detectors_checked"":3481600}"
     20480,         0,         0,    1.61,decoder_by_matrix,f0fc70a0432f83ff513e502442839d2eab02e2bed2f658d0464ff826d304e5e7,"{""distance"":5,""physical_error_rate"":0.0005}","{""detection_events"":5625,""detectors_checked"":3481600}"
     19456,         0,         0,    1.63,decoder_by_matrix,5b8a070a3cf8d31d64f24dbee89f3428cb9cab13fc59f7448d798f9bf08e9187,"{""distance"":5,""physical_error_rate"":0.001}","{""detection_events"":11010,""detectors_checked"":3307520}"
     21504,         0,         0,    1.58,decoder_by_matrix,5b8a070a3cf8d31d64f24dbee89f3428cb9cab13fc59f7448d798f9bf08e9187,"{""distance"":5,""physical_error_rate"":0.001}","{""detection_events"":12585,""detectors_checked"":3655680}"
     19456,         0,         0,    1.54,decoder_by_matrix,5b8a070a3cf8d31d64f24dbee89f3428cb9cab13fc59f7448d798f9bf08e9187,"{""distance"":5,""physical_error_rate"":0.001}","{""detection_events"":10470,""detectors_checked"":3307520}"
     21504,         0,         0,    1.61,decoder_by_matrix,f0fc70a0432f83ff513e502442839d2eab02e2bed2f658d0464ff826d304e5e7,"{""distance"":5,""physical_error_rate"":0.0005}","{""detection_events"":6150,""detectors_checked"":3655680}"
   1591296,         0,         0,   119.6,decoder_by_matrix,cc9cd6551b3048ae216380ccb8ae5d3cca75b5b766fe651c47ef084ce4ce7dc6,"{""distance"":5,""physical_error_rate"":5e-05}","{""detection_events"":44100,""detectors_checked"":270520320}"
     29696,         0,         0,    2.19,decoder_by_matrix,cc9cd6551b3048ae216380ccb8ae5d3cca75b5b766fe651c47ef084ce4ce7dc6,"{""distance"":5,""physical_error_rate"":5e-05}","{""detection_events"":880,""detectors_checked"":5048320}"
     29696,         0,         0,    2.17,decoder_by_matrix,f0fc70a0432f83ff513e502442839d2eab02e2bed2f658d0464ff826d304e5e7,"{""distance"":5,""physical_error_rate"":0.0005}","{""detection_events"":8845,""detectors_checked"":5048320}"
   1022976,         0,         0,    44.9,decoder_by_matrix,cc9cd6551b3048ae216380ccb8ae5d3cca75b5b766fe651c47ef084ce4ce7dc6,"{""distance"":5,""physical_error_rate"":5e-05}","{""detection_events"":29195,""detectors_checked"":173905920}"
     28672,         0,         0,    2.17,decoder_by_matrix,5b8a070a3cf8d31d64f24dbee89f3428cb9cab13fc59f7448d798f9bf08e9187,"{""distance"":5,""physical_error_rate"":0.001}","{""detection_events"":16335,""detectors_checked"":4874240}"
     27648,         0,         0,    2.18,decoder_by_matrix,cc9cd6551b3048ae216380ccb8ae5d3cca75b5b766fe651c47ef084ce4ce7dc6,"{""distance"":5,""physical_error_rate"":5e-05}","{""detection_events"":1050,""detectors_checked"":4700160}"
    939008,         0,         0,    44.9,decoder_by_matrix,cc9cd6551b3048ae216380ccb8ae5d3cca75b5b766fe651c47ef084ce4ce7dc6,"{""distance"":5,""physical_error_rate"":5e-05}","{""detection_events"":28365,""detectors_checked"":159631360}"
     29696,         0,         0,    2.24,decoder_by_matrix,f0fc70a0432f83ff513e502442839d2eab02e2bed2f658d0464ff826d304e5e7,"{""distance"":5,""physical_error_rate"":0.0005}","{""detection_events"":7890,""detectors_checked"":5048320}"
     35840,         0,         0,    2.26,decoder_by_matrix,cc9cd6551b3048ae216380ccb8ae5d3cca75b5b766fe651c47ef084ce4ce7dc6,"{""distance"":5,""physical_error_rate"":5e-05}","{""detection_events"":1080,""detectors_checked"":6092800}"
     29696,         0,         0,    2.21,decoder_by_matrix,cc9cd6551b3048ae216380ccb8ae5d3cca75b5b766fe651c47ef084ce4ce7dc6,"{""distance"":5,""physical_error_rate"":5e-05}","{""detection_events"":1065,""detectors_checked"":5048320}"
     28672,         0,         0,    2.19,decoder_by_matrix,5b8a070a3cf8d31d64f24dbee89f3428cb9cab13fc59f7448d798f9bf08e9187,"{""distance"":5,""physical_error_rate"":0.001}","{""detection_events"":17020,""detectors_checked"":4874240}"
     28672,         0,         0,    2.17,decoder_by_matrix,5b8a070a3cf8d31d64f24dbee89f3428cb9cab13fc59f7448d798f9bf08e9187,"{""distance"":5,""physical_error_rate"":0.001}","{""detection_events"":16865,""detectors_checked"":4874240}"
     29696,         0,         0,    2.23,decoder_by_matrix,f0fc70a0432f83ff513e502442839d2eab02e2bed2f658d0464ff826d304e5e7,"{""distance"":5,""physical_error_rate"":0.0005}","{""detection_events"":8785,""detectors_checked"":5048320}"
     26624,         0,         0,    2.23,decoder_by_matrix,5b8a070a3cf8d31d64f24dbee89f3428cb9cab13fc59f7448d798f9bf08e9187,"{""distance"":5,""physical_error_rate"":0.001}","{""detection_events"":15130,""detectors_checked"":4526080}"
     29696,         0,         0,    2.23,decoder_by_matrix,f0fc70a0432f83ff513e502442839d2eab02e2bed2f658d0464ff826d304e5e7,"{""distance"":5,""physical_error_rate"":0.0005}","{""detection_events"":8300,""detectors_checked"":5048320}"
    599040,         0,         0,    44.8,decoder_by_matrix,f0fc70a0432f83ff513e502442839d2eab02e2bed2f658d0464ff826d304e5e7,"{""distance"":5,""physical_error_rate"":0.0005}","{""detection_events"":171010,""detectors_checked"":101836800}"
    594944,         0,         0,    44.9,decoder_by_matrix,f0fc70a0432f83ff513e502442839d2eab02e2bed2f658d0464ff826d304e5e7,"{""distance"":5,""physical_error_rate"":0.0005}","{""detection_events"":170090,""detectors_checked"":101140480}"
    606208,         1,         0,    44.8,decoder_by_matrix,5b8a070a3cf8d31d64f24dbee89f3428cb9cab13fc59f7448d798f9bf08e9187,"{""distance"":5,""physical_error_rate"":0.001}","{""detection_events"":337090,""detectors_checked"":103055360,""obs_mistake_mask=_E"":1}"
    582656,         0,         0,    44.9,decoder_by_matrix,5b8a070a3cf8d31d64f24dbee89f3428cb9cab13fc59f7448d798f9bf08e9187,"{""distance"":5,""physical_error_rate"":0.001}","{""detection_events"":329345,""detectors_checked"":99051520}"
    571392,         0,         0,    44.9,decoder_by_matrix,cc9cd6551b3048ae216380ccb8ae5d3cca75b5b766fe651c47ef084ce4ce7dc6,"{""distance"":5,""physical_error_rate"":5e-05}","{""detection_events"":16485,""detectors_checked"":97136640}"
     40960,         0,         0,    3.04,decoder_by_matrix,cc9cd6551b3048ae216380ccb8ae5d3cca75b5b766fe651c47ef084ce4ce7dc6,"{""distance"":5,""physical_error_rate"":5e-05}","{""detection_events"":1080,""detectors_checked"":6963200}"
     40960,         0,         0,    3.08,decoder_by_matrix,f0fc70a0432f83ff513e502442839d2eab02e2bed2f658d0464ff826d304e5e7,"{""distance"":5,""physical_error_rate"":0.0005}","{""detection_events"":11410,""detectors_checked"":6963200}"
     64512,         0,         0,    3.05,decoder_by_matrix,cc9cd6551b3048ae216380ccb8ae5d3cca75b5b766fe651c47ef084ce4ce7dc6,"{""distance"":5,""physical_error_rate"":5e-05}","{""detection_events"":1880,""detectors_checked"":10967040}"
     39936,         0,         0,    3.07,decoder_by_matrix,cc9cd6551b3048ae216380ccb8ae5d3cca75b5b766fe651c47ef084ce4ce7dc6,"{""distance"":5,""physical_error_rate"":5e-05}","{""detection_events"":1120,""detectors_checked"":6789120}"
     40960,         0,         0,    3.10,decoder_by_matrix,f0fc70a0432f83ff513e502442839d2eab02e2bed2f658d0464ff826d304e5e7,"{""distance"":5,""physical_error_rate"":0.0005}","{""detection_events"":12165,""detectors_checked"":6963200}"
     40960,         0,         0,    3.07,decoder_by_matrix,cc9cd6551b3048ae216380ccb8ae5d3cca75b5b766fe651c47ef084ce4ce7dc6,"{""distance"":5,""physical_error_rate"":5e-05}","{""detection_events"":1090,""detectors_checked"":6963200}"
     39936,         0,         0,    3.05,decoder_by_matrix,f0fc70a0432f83ff513e502442839d2eab02e2bed2f658d0464ff826d304e5e7,"{""distance"":5,""physical_error_rate"":0.0005}","{""detection_events"":11335,""detectors_checked"":6789120}"
     44032,         0,         0,    3.07,decoder_by_matrix,5b8a070a3cf8d31d64f24dbee89f3428cb9cab13fc59f7448d798f9bf08e9187,"{""distance"":5,""physical_error_rate"":0.001}","{""detection_events"":25500,""detectors_checked"":7485440}"
     38912,         0,         0,    3.17,decoder_by_matrix,5b8a070a3cf8d31d64f24dbee89f3428cb9cab13fc59f7448d798f9bf08e9187,"{""distance"":5,""physical_error_rate"":0.001}","{""detection_events"":21605,""detectors_checked"":6615040}"
     40960,         0,         0,    3.09,decoder_by_matrix,5b8a070a3cf8d31d64f24dbee89f3428cb9cab13fc59f7448d798f9bf08e9187,"{""distance"":5,""physical_error_rate"":0.001}","{""detection_events"":23650,""detectors_checked"":6963200}"
     39936,         0,         0,    3.08,decoder_by_matrix,5b8a070a3cf8d31d64f24dbee89f3428cb9cab13fc59f7448d798f9bf08e9187,"{""distance"":5,""physical_error_rate"":0.001}","{""detection_events"":23600,""detectors_checked"":6789120}"
     40960,         0,         0,    3.09,decoder_by_matrix,f0fc70a0432f83ff513e502442839d2eab02e2bed2f658d0464ff826d304e5e7,"{""distance"":5,""physical_error_rate"":0.0005}","{""detection_events"":11665,""detectors_checked"":6963200}"
   1537024,         1,         0,   119.6,decoder_by_matrix,f0fc70a0432f83ff513e502442839d2eab02e2bed2f658d0464ff826d304e5e7,"{""distance"":5,""physical_error_rate"":0.0005}","{""detection_events"":437965,""detectors_checked"":261294080,""obs_mistake_mask=E_"":1}"
     53248,         0,         0,    4.29,decoder_by_matrix,cc9cd6551b3048ae216380ccb8ae5d3cca75b5b766fe651c47ef084ce4ce7dc6,"{""distance"":5,""physical_error_rate"":5e-05}","{""detection_events"":1720,""detectors_checked"":9052160}"
     56320,         0,         0,    4.28,decoder_by_matrix,f0fc70a0432f83ff513e502442839d2eab02e2bed2f658d0464ff826d304e5e7,"{""distance"":5,""physical_error_rate"":0.0005}","{""detection_events"":15980,""detectors_checked"":9574400}"
     55296,         0,         0,    4.28,decoder_by_matrix,cc9cd6551b3048ae216380ccb8ae5d3cca75b5b766fe651c47ef084ce4ce7dc6,"{""distance"":5,""physical_error_rate"":5e-05}","{""detection_events"":1705,""detectors_checked"":9400320}"
     80896,         0,         0,    4.30,decoder_by_matrix,cc9cd6551b3048ae216380ccb8ae5d3cca75b5b766fe651c47ef084ce4ce7dc6,"{""distance"":5,""physical_error_rate"":5e-05}","{""detection_events"":2165,""detectors_checked"":13752320}"
     44032,         0,         0,    4.32,decoder_by_matrix,cc9cd6551b3048ae216380ccb8ae5d3cca75b5b766fe651c47ef084ce4ce7dc6,"{""distance"":5,""physical_error_rate"":5e-05}","{""detection_events"":1165,""detectors_checked"":7485440}"
     57344,         0,         0,    4.28,decoder_by_matrix,f0fc70a0432f83ff513e502442839d2eab02e2bed2f658d0464ff826d304e5e7,"{""distance"":5,""physical_error_rate"":0.0005}","{""detection_events"":16185,""detectors_checked"":9748480}"
     53248,         0,         0,    4.30,decoder_by_matrix,5b8a070a3cf8d31d64f24dbee89f3428cb9cab13fc59f7448d798f9bf08e9187,"{""distance"":5,""physical_error_rate"":0.001}","{""detection_events"":29815,""detectors_checked"":9052160}"
     46080,         0,         0,    4.33,decoder_by_matrix,f0fc70a0432f83ff513e502442839d2eab02e2bed2f658d0464ff826d304e5e7,"{""distance"":5,""physical_error_rate"":0.0005}","{""detection_events"":12635,""detectors_checked"":7833600}"
     53248,         0,         0,    4.30,decoder_by_matrix,5b8a070a3cf8d31d64f24dbee89f3428cb9cab13fc59f7448d798f9bf08e9187,"{""distance"":5,""physical_error_rate"":0.001}","{""detection_events"":29870,""detectors_checked"":9052160}"
     57344,         0,         0,    4.28,decoder_by_matrix,5b8a070a3cf8d31d64f24dbee89f3428cb9cab13fc59f7448d798f9bf08e9187,"{""distance"":5,""physical_error_rate"":0.001}","{""detection_events"":33325,""detectors_checked"":9748480}"
     58368,         0,         0,    4.24,decoder_by_matrix,5b8a070a3cf8d31d64f24dbee89f3428cb9cab13fc59f7448d798f9bf08e9187,"{""distance"":5,""physical_error_rate"":0.001}","{""detection_events"":33545,""detectors_checked"":9922560}"
     57344,         0,         0,    4.30,decoder_by_matrix,f0fc70a0432f83ff513e502442839d2eab02e2bed2f658d0464ff826d304e5e7,"{""distance"":5,""physical_error_rate"":0.0005}","{""detection_events"":15380,""detectors_checked"":9748480}"
   2585600,         5,         0,   119.6,decoder_by_matrix,5b8a070a3cf8d31d64f24dbee89f3428cb9cab13fc59f7448d798f9bf08e9187,"{""distance"":5,""physical_error_rate"":0.001}","{""detection_events"":1471220,""detectors_checked"":439552000,""obs_mistake_mask=EE"":1,""obs_mistake_mask=E_"":2,""obs_mistake_mask=_E"":2}"
   1524736,         3,         0,   119.6,decoder_by_matrix,5b8a070a3cf8d31d64f24dbee89f3428cb9cab13fc59f7448d798f9bf08e9187,"{""distance"":5,""physical_error_rate"":0.001}","{""detection_events"":862985,""detectors_checked"":259205120,""obs_mistake_mask=EE"":1,""obs_mistake_mask=E_"":2}"
   1532928,         1,         0,   119.6,decoder_by_matrix,f0fc70a0432f83ff513e502442839d2eab02e2bed2f658d0464ff826d304e5e7,"{""distance"":5,""physical_error_rate"":0.0005}","{""detection_events"":432645,""detectors_checked"":260597760,""obs_mistake_mask=E_"":1}"
   1622016,         0,         0,   119.7,decoder_by_matrix,cc9cd6551b3048ae216380ccb8ae5d3cca75b5b766fe651c47ef084ce4ce7dc6,"{""distance"":5,""physical_error_rate"":5e-05}","{""detection_events"":45820,""detectors_checked"":275742720}"
     67584,         0,         0,    6.00,decoder_by_matrix,cc9cd6551b3048ae216380ccb8ae5d3cca75b5b766fe651c47ef084ce4ce7dc6,"{""distance"":5,""physical_error_rate"":5e-05}","{""detection_events"":1880,""detectors_checked"":11489280}"
     79872,         0,         0,    6.00,decoder_by_matrix,f0fc70a0432f83ff513e502442839d2eab02e2bed2f658d0464ff826d304e5e7,"{""distance"":5,""physical_error_rate"":0.0005}","{""detection_events"":23085,""detectors_checked"":13578240}"
     79872,         0,         0,    5.94,decoder_by_matrix,cc9cd6551b3048ae216380ccb8ae5d3cca75b5b766fe651c47ef084ce4ce7dc6,"{""distance"":5,""physical_error_rate"":5e-05}","{""detection_events"":2345,""detectors_checked"":13578240}"
    112640,         0,         0,    6.01,decoder_by_matrix,cc9cd6551b3048ae216380ccb8ae5d3cca75b5b766fe651c47ef084ce4ce7dc6,"{""distance"":5,""physical_error_rate"":5e-05}","{""detection_events"":3010,""detectors_checked"":19148800}"
     77824,         0,         0,    5.96,decoder_by_matrix,5b8a070a3cf8d31d64f24dbee89f3428cb9cab13fc59f7448d798f9bf08e9187,"{""distance"":5,""physical_error_rate"":0.001}","{""detection_events"":45300,""detectors_checked"":13230080}"
     80896,         0,         0,    5.99,decoder_by_matrix,cc9cd6551b3048ae216380ccb8ae5d3cca75b5b766fe651c47ef084ce4ce7dc6,"{""distance"":5,""physical_error_rate"":5e-05}","{""detection_events"":2660,""detectors_checked"":13752320}"
     80896,         0,         0,    6.00,decoder_by_matrix,f0fc70a0432f83ff513e502442839d2eab02e2bed2f658d0464ff826d304e5e7,"{""distance"":5,""physical_error_rate"":0.0005}","{""detection_events"":24850,""detectors_checked"":13752320}"
     78848,         0,         0,    5.95,decoder_by_matrix,5b8a070a3cf8d31d64f24dbee89f3428cb9cab13fc59f7448d798f9bf08e9187,"{""distance"":5,""physical_error_rate"":0.001}","{""detection_events"":45605,""detectors_checked"":13404160}"
     76800,         0,         0,    5.94,decoder_by_matrix,f0fc70a0432f83ff513e502442839d2eab02e2bed2f658d0464ff826d304e5e7,"{""distance"":5,""physical_error_rate"":0.0005}","{""detection_events"":22010,""detectors_checked"":13056000}"
     77824,         0,         0,    5.98,decoder_by_matrix,5b8a070a3cf8d31d64f24dbee89f3428cb9cab13fc59f7448d798f9bf08e9187,"{""distance"":5,""physical_error_rate"":0.001}","{""detection_events"":44045,""detectors_checked"":13230080}"
     82944,         0,         0,    6.00,decoder_by_matrix,5b8a070a3cf8d31d64f24dbee89f3428cb9cab13fc59f7448d798f9bf08e9187,"{""distance"":5,""physical_error_rate"":0.001}","{""detection_events"":47630,""detectors_checked"":14100480}"
     79872,         0,         0,    6.00,decoder_by_matrix,f0fc70a0432f83ff513e502442839d2eab02e2bed2f658d0464ff826d304e5e7,"{""distance"":5,""physical_error_rate"":0.0005}","{""detection_events"":21725,""detectors_checked"":13578240}"
   1572864,         4,         0,   119.5,decoder_by_matrix,5b8a070a3cf8d31d64f24dbee89f3428cb9cab13fc59f7448d798f9bf08e9187,"{""distance"":5,""physical_error_rate"":0.001}","{""detection_events"":895285,""detectors_checked"":267386880,""obs_mistake_mask=EE"":2,""obs_mistake_mask=E_"":1,""obs_mistake_mask=_E"":1}"
    253145,         0,         0,    19.2,decoder_by_matrix,cc9cd6551b3048ae216380ccb8ae5d3cca75b5b766fe651c47ef084ce4ce7dc6,"{""distance"":5,""physical_error_rate"":5e-05}","{""detection_events"":6945,""detectors_checked"":43034650}"
   1433600,         0,         0,   108.0,decoder_by_matrix,cc9cd6551b3048ae216380ccb8ae5d3cca75b5b766fe651c47ef084ce4ce7dc6,"{""distance"":5,""physical_error_rate"":5e-05}","{""detection_events"":41785,""detectors_checked"":243712000}"
    110592,         0,         0,    8.39,decoder_by_matrix,cc9cd6551b3048ae216380ccb8ae5d3cca75b5b766fe651c47ef084ce4ce7dc6,"{""distance"":5,""physical_error_rate"":5e-05}","{""detection_events"":2880,""detectors_checked"":18800640}"
    112640,         0,         0,    8.38,decoder_by_matrix,f0fc70a0432f83ff513e502442839d2eab02e2bed2f658d0464ff826d304e5e7,"{""distance"":5,""physical_error_rate"":0.0005}","{""detection_events"":31695,""detectors_checked"":19148800}"
     93184,         0,         0,    8.36,decoder_by_matrix,cc9cd6551b3048ae216380ccb8ae5d3cca75b5b766fe651c47ef084ce4ce7dc6,"{""distance"":5,""physical_error_rate"":5e-05}","{""detection_events"":2595,""detectors_checked"":15841280}"
    196608,         0,         0,    8.35,decoder_by_matrix,cc9cd6551b3048ae216380ccb8ae5d3cca75b5b766fe651c47ef084ce4ce7dc6,"{""distance"":5,""physical_error_rate"":5e-05}","{""detection_events"":5425,""detectors_checked"":33423360}"
    105472,         0,         0,    8.37,decoder_by_matrix,cc9cd6551b3048ae216380ccb8ae5d3cca75b5b766fe651c47ef084ce4ce7dc6,"{""distance"":5,""physical_error_rate"":5e-05}","{""detection_events"":2730,""detectors_checked"":17930240}"
     91136,         0,         0,    8.36,decoder_by_matrix,f0fc70a0432f83ff513e502442839d2eab02e2bed2f658d0464ff826d304e5e7,"{""distance"":5,""physical_error_rate"":0.0005}","{""detection_events"":26380,""detectors_checked"":15493120}"
    110592,         0,         0,    8.36,decoder_by_matrix,5b8a070a3cf8d31d64f24dbee89f3428cb9cab13fc59f7448d798f9bf08e9187,"{""distance"":5,""physical_error_rate"":0.001}","{""detection_events"":62965,""detectors_checked"":18800640}"
    103424,         1,         0,    8.37,decoder_by_matrix,5b8a070a3cf8d31d64f24dbee89f3428cb9cab13fc59f7448d798f9bf08e9187,"{""distance"":5,""physical_error_rate"":0.001}","{""detection_events"":57865,""detectors_checked"":17582080,""obs_mistake_mask=E_"":1}"
    110592,         0,         0,    8.42,decoder_by_matrix,f0fc70a0432f83ff513e502442839d2eab02e2bed2f658d0464ff826d304e5e7,"{""distance"":5,""physical_error_rate"":0.0005}","{""detection_events"":31625,""detectors_checked"":18800640}"
    110592,         0,         0,    8.41,decoder_by_matrix,5b8a070a3cf8d31d64f24dbee89f3428cb9cab13fc59f7448d798f9bf08e9187,"{""distance"":5,""physical_error_rate"":0.001}","{""detection_events"":63430,""detectors_checked"":18800640}"
    103424,         1,         0,    8.38,decoder_by_matrix,5b8a070a3cf8d31d64f24dbee89f3428cb9cab13fc59f7448d798f9bf08e9187,"{""distance"":5,""physical_error_rate"":0.001}","{""detection_events"":58950,""detectors_checked"":17582080,""obs_mistake_mask=E_"":1}"
     95232,         0,         0,    8.37,decoder_by_matrix,f0fc70a0432f83ff513e502442839d2eab02e2bed2f658d0464ff826d304e5e7,"{""distance"":5,""physical_error_rate"":0.0005}","{""detection_events"":28055,""detectors_checked"":16189440}"
   1394344,         0,         0,   111.4,decoder_by_matrix,cc9cd6551b3048ae216380ccb8ae5d3cca75b5b766fe651c47ef084ce4ce7dc6,"{""distance"":5,""physical_error_rate"":5e-05}","{""detection_events"":39130,""detectors_checked"":237038480}"
   1185981,         0,         0,    58.3,decoder_by_matrix,cc9cd6551b3048ae216380ccb8ae5d3cca75b5b766fe651c47ef084ce4ce7dc6,"{""distance"":5,""physical_error_rate"":5e-05}","{""detection_events"":33140,""detectors_checked"":201616770}"
   1507328,         0,         0,   119.6,decoder_by_matrix,5b8a070a3cf8d31d64f24dbee89f3428cb9cab13fc59f7448d798f9bf08e9187,"{""distance"":5,""physical_error_rate"":0.001}","{""detection_events"":855595,""detectors_checked"":256245760}"
   1565696,         1,         0,   119.6,decoder_by_matrix,f0fc70a0432f83ff513e502442839d2eab02e2bed2f658d0464ff826d304e5e7,"{""distance"":5,""physical_error_rate"":0.0005}","{""detection_events"":442670,""detectors_checked"":266168320,""obs_mistake_mask=E_"":1}"
   1576960,         1,         0,   119.4,decoder_by_matrix,5b8a070a3cf8d31d64f24dbee89f3428cb9cab13fc59f7448d798f9bf08e9187,"{""distance"":5,""physical_error_rate"":0.001}","{""detection_events"":894985,""detectors_checked"":268083200,""obs_mistake_mask=E_"":1}"
   1499136,         0,         0,   119.6,decoder_by_matrix,f0fc70a0432f83ff513e502442839d2eab02e2bed2f658d0464ff826d304e5e7,"{""distance"":5,""physical_error_rate"":0.0005}","{""detection_events"":425400,""detectors_checked"":254853120}"
   1452032,         0,         0,   119.6,decoder_by_matrix,f0fc70a0432f83ff513e502442839d2eab02e2bed2f658d0464ff826d304e5e7,"{""distance"":5,""physical_error_rate"":0.0005}","{""detection_events"":415075,""detectors_checked"":246845440}"
    142336,         0,         0,    11.6,decoder_by_matrix,cc9cd6551b3048ae216380ccb8ae5d3cca75b5b766fe651c47ef084ce4ce7dc6,"{""distance"":5,""physical_error_rate"":5e-05}","{""detection_events"":4570,""detectors_checked"":24197120}"
    156672,         0,         0,    11.7,decoder_by_matrix,f0fc70a0432f83ff513e502442839d2eab02e2bed2f658d0464ff826d304e5e7,"{""distance"":5,""physical_error_rate"":0.0005}","{""detection_events"":46335,""detectors_checked"":26634240}"
    148480,         0,         0,    11.7,decoder_by_matrix,cc9cd6551b3048ae216380ccb8ae5d3cca75b5b766fe651c47ef084ce4ce7dc6,"{""distance"":5,""physical_error_rate"":5e-05}","{""detection_events"":4500,""detectors_checked"":25241600}"
    216064,         0,         0,    11.7,decoder_by_matrix,cc9cd6551b3048ae216380ccb8ae5d3cca75b5b766fe651c47ef084ce4ce7dc6,"{""distance"":5,""physical_error_rate"":5e-05}","{""detection_events"":6240,""detectors_checked"":36730880}"
    153600,         0,         0,    11.7,decoder_by_matrix,cc9cd6551b3048ae216380ccb8ae5d3cca75b5b766fe651c47ef084ce4ce7dc6,"{""distance"":5,""physical_error_rate"":5e-05}","{""detection_events"":3930,""detectors_checked"":26112000}"
    151552,         0,         0,    11.7,decoder_by_matrix,5b8a070a3cf8d31d64f24dbee89f3428cb9cab13fc59f7448d798f9bf08e9187,"{""distance"":5,""physical_error_rate"":0.001}","{""detection_events"":85105,""detectors_checked"":25763840}"
    152576,         0,         0,    11.7,decoder_by_matrix,f0fc70a0432f83ff513e502442839d2eab02e2bed2f658d0464ff826d304e5e7,"{""distance"":5,""physical_error_rate"":0.0005}","{""detection_events"":44410,""detectors_checked"":25937920}"
   1111857,         0,         0,    82.1,decoder_by_matrix,cc9cd6551b3048ae216380ccb8ae5d3cca75b5b766fe651c47ef084ce4ce7dc6,"{""distance"":5,""physical_error_rate"":5e-05}","{""detection_events"":31685,""detectors_checked"":189015690}"
    156672,         0,         0,    11.8,decoder_by_matrix,5b8a070a3cf8d31d64f24dbee89f3428cb9cab13fc59f7448d798f9bf08e9187,"{""distance"":5,""physical_error_rate"":0.001}","{""detection_events"":88990,""detectors_checked"":26634240}"
    152576,         0,         0,    11.7,decoder_by_matrix,5b8a070a3cf8d31d64f24dbee89f3428cb9cab13fc59f7448d798f9bf08e9187,"{""distance"":5,""physical_error_rate"":0.001}","{""detection_events"":86960,""detectors_checked"":25937920}"
    145408,         0,         0,    11.7,decoder_by_matrix,f0fc70a0432f83ff513e502442839d2eab02e2bed2f658d0464ff826d304e5e7,"{""distance"":5,""physical_error_rate"":0.0005}","{""detection_events"":41370,""detectors_checked"":24719360}"
   1111857,         0,         0,    82.4,decoder_by_matrix,cc9cd6551b3048ae216380ccb8ae5d3cca75b5b766fe651c47ef084ce4ce7dc6,"{""distance"":5,""physical_error_rate"":5e-05}","{""detection_events"":33850,""detectors_checked"":189015690}"
    153600,         0,         0,    11.7,decoder_by_matrix,5b8a070a3cf8d31d64f24dbee89f3428cb9cab13fc59f7448d798f9bf08e9187,"{""distance"":5,""physical_error_rate"":0.001}","{""detection_events"":89230,""detectors_checked"":26112000}"
    144384,         0,         0,    11.8,decoder_by_matrix,f0fc70a0432f83ff513e502442839d2eab02e2bed2f658d0464ff826d304e5e7,"{""distance"":5,""physical_error_rate"":0.0005}","{""detection_events"":41200,""detectors_checked"":24545280}"
    931595,         0,         0,    39.2,decoder_by_matrix,cc9cd6551b3048ae216380ccb8ae5d3cca75b5b766fe651c47ef084ce4ce7dc6,"{""distance"":5,""physical_error_rate"":5e-05}","{""detection_events"":26585,""detectors_checked"":158371150}"
    873371,         0,         0,    43.3,decoder_by_matrix,cc9cd6551b3048ae216380ccb8ae5d3cca75b5b766fe651c47ef084ce4ce7dc6,"{""distance"":5,""physical_error_rate"":5e-05}","{""detection_events"":25095,""detectors_checked"":148473070}"
   1540096,         1,         0,   119.5,decoder_by_matrix,f0fc70a0432f83ff513e502442839d2eab02e2bed2f658d0464ff826d304e5e7,"{""distance"":5,""physical_error_rate"":0.0005}","{""detection_events"":437455,""detectors_checked"":261816320,""obs_mistake_mask=_E"":1}"
    818785,         0,         0,    63.0,decoder_by_matrix,cc9cd6551b3048ae216380ccb8ae5d3cca75b5b766fe651c47ef084ce4ce7dc6,"{""distance"":5,""physical_error_rate"":5e-05}","{""detection_events"":22410,""detectors_checked"":139193450}"
    780288,         0,         0,    60.3,decoder_by_matrix,cc9cd6551b3048ae216380ccb8ae5d3cca75b5b766fe651c47ef084ce4ce7dc6,"{""distance"":5,""physical_error_rate"":5e-05}","{""detection_events"":21580,""detectors_checked"":132648960}"
    211968,         0,         0,    16.4,decoder_by_matrix,cc9cd6551b3048ae216380ccb8ae5d3cca75b5b766fe651c47ef084ce4ce7dc6,"{""distance"":5,""physical_error_rate"":5e-05}","{""detection_events"":6030,""detectors_checked"":36034560}"
    205824,         0,         0,    16.3,decoder_by_matrix,cc9cd6551b3048ae216380ccb8ae5d3cca75b5b766fe651c47ef084ce4ce7dc6,"{""distance"":5,""physical_error_rate"":5e-05}","{""detection_events"":5505,""detectors_checked"":34990080}"
    221184,         0,         0,    16.4,decoder_by_matrix,f0fc70a0432f83ff513e502442839d2eab02e2bed2f658d0464ff826d304e5e7,"{""distance"":5,""physical_error_rate"":0.0005}","{""detection_events"":62930,""detectors_checked"":37601280}"
    224256,         0,         0,    16.3,decoder_by_matrix,cc9cd6551b3048ae216380ccb8ae5d3cca75b5b766fe651c47ef084ce4ce7dc6,"{""distance"":5,""physical_error_rate"":5e-05}","{""detection_events"":6310,""detectors_checked"":38123520}"
    272384,         0,         0,    16.4,decoder_by_matrix,cc9cd6551b3048ae216380ccb8ae5d3cca75b5b766fe651c47ef084ce4ce7dc6,"{""distance"":5,""physical_error_rate"":5e-05}","{""detection_events"":7855,""detectors_checked"":46305280}"
    215040,         0,         0,    16.4,decoder_by_matrix,f0fc70a0432f83ff513e502442839d2eab02e2bed2f658d0464ff826d304e5e7,"{""distance"":5,""physical_error_rate"":0.0005}","{""detection_events"":60680,""detectors_checked"":36556800}"
    209920,         1,         0,    16.4,decoder_by_matrix,5b8a070a3cf8d31d64f24dbee89f3428cb9cab13fc59f7448d798f9bf08e9187,"{""distance"":5,""physical_error_rate"":0.001}","{""detection_events"":117395,""detectors_checked"":35686400,""obs_mistake_mask=E_"":1}"
    214016,         1,         0,    16.4,decoder_by_matrix,5b8a070a3cf8d31d64f24dbee89f3428cb9cab13fc59f7448d798f9bf08e9187,"{""distance"":5,""physical_error_rate"":0.001}","{""detection_events"":124595,""detectors_checked"":36382720,""obs_mistake_mask=E_"":1}"
    220160,         1,         0,    16.4,decoder_by_matrix,5b8a070a3cf8d31d64f24dbee89f3428cb9cab13fc59f7448d798f9bf08e9187,"{""distance"":5,""physical_error_rate"":0.001}","{""detection_events"":123030,""detectors_checked"":37427200,""obs_mistake_mask=EE"":1}"
    208896,         0,         0,    16.4,decoder_by_matrix,5b8a070a3cf8d31d64f24dbee89f3428cb9cab13fc59f7448d798f9bf08e9187,"{""distance"":5,""physical_error_rate"":0.001}","{""detection_events"":116365,""detectors_checked"":35512320}"
    199680,         0,         0,    16.4,decoder_by_matrix,f0fc70a0432f83ff513e502442839d2eab02e2bed2f658d0464ff826d304e5e7,"{""distance"":5,""physical_error_rate"":0.0005}","{""detection_events"":57420,""detectors_checked"":33945600}"
    208896,         0,         0,    16.3,decoder_by_matrix,f0fc70a0432f83ff513e502442839d2eab02e2bed2f658d0464ff826d304e5e7,"{""distance"":5,""physical_error_rate"":0.0005}","{""detection_events"":58815,""detectors_checked"":35512320}"
    767611,         0,         0,    58.8,decoder_by_matrix,cc9cd6551b3048ae216380ccb8ae5d3cca75b5b766fe651c47ef084ce4ce7dc6,"{""distance"":5,""physical_error_rate"":5e-05}","{""detection_events"":20785,""detectors_checked"":130493870}"
    693248,         0,         0,    50.7,decoder_by_matrix,cc9cd6551b3048ae216380ccb8ae5d3cca75b5b766fe651c47ef084ce4ce7dc6,"{""distance"":5,""physical_error_rate"":5e-05}","{""detection_events"":19125,""detectors_checked"":117852160}"
    613715,         0,         0,    35.3,decoder_by_matrix,cc9cd6551b3048ae216380ccb8ae5d3cca75b5b766fe651c47ef084ce4ce7dc6,"{""distance"":5,""physical_error_rate"":5e-05}","{""detection_events"":16440,""detectors_checked"":104331550}"
    564224,         0,         0,    42.5,decoder_by_matrix,cc9cd6551b3048ae216380ccb8ae5d3cca75b5b766fe651c47ef084ce4ce7dc6,"{""distance"":5,""physical_error_rate"":5e-05}","{""detection_events"":14980,""detectors_checked"":95918080}"
    533504,         0,         0,    42.6,decoder_by_matrix,cc9cd6551b3048ae216380ccb8ae5d3cca75b5b766fe651c47ef084ce4ce7dc6,"{""distance"":5,""physical_error_rate"":5e-05}","{""detection_events"":15080,""detectors_checked"":90695680}"
    532030,         0,         0,    23.0,decoder_by_matrix,cc9cd6551b3048ae216380ccb8ae5d3cca75b5b766fe651c47ef084ce4ce7dc6,"{""distance"":5,""physical_error_rate"":5e-05}","{""detection_events"":14685,""detectors_checked"":90445100}"
    527360,         0,         0,    39.9,decoder_by_matrix,cc9cd6551b3048ae216380ccb8ae5d3cca75b5b766fe651c47ef084ce4ce7dc6,"{""distance"":5,""physical_error_rate"":5e-05}","{""detection_events"":14660,""detectors_checked"":89651200}"
    798720,         0,         0,    62.8,decoder_by_matrix,f0fc70a0432f83ff513e502442839d2eab02e2bed2f658d0464ff826d304e5e7,"{""distance"":5,""physical_error_rate"":0.0005}","{""detection_events"":223630,""detectors_checked"":135782400}"
    828416,         1,         0,    62.7,decoder_by_matrix,f0fc70a0432f83ff513e502442839d2eab02e2bed2f658d0464ff826d304e5e7,"{""distance"":5,""physical_error_rate"":0.0005}","{""detection_events"":237750,""detectors_checked"":140830720,""obs_mistake_mask=_E"":1}"
    837632,         3,         0,    62.8,decoder_by_matrix,5b8a070a3cf8d31d64f24dbee89f3428cb9cab13fc59f7448d798f9bf08e9187,"{""distance"":5,""physical_error_rate"":0.001}","{""detection_events"":475195,""detectors_checked"":142397440,""obs_mistake_mask=EE"":1,""obs_mistake_mask=E_"":2}"
    779264,         1,         0,    62.8,decoder_by_matrix,5b8a070a3cf8d31d64f24dbee89f3428cb9cab13fc59f7448d798f9bf08e9187,"{""distance"":5,""physical_error_rate"":0.001}","{""detection_events"":442220,""detectors_checked"":132474880,""obs_mistake_mask=E_"":1}"
   1983488,         0,         0,   119.5,decoder_by_matrix,f0fc70a0432f83ff513e502442839d2eab02e2bed2f658d0464ff826d304e5e7,"{""distance"":5,""physical_error_rate"":0.0005}","{""detection_events"":572980,""detectors_checked"":337192960}"
    430170,         0,         0,    31.7,decoder_by_matrix,cc9cd6551b3048ae216380ccb8ae5d3cca75b5b766fe651c47ef084ce4ce7dc6,"{""distance"":5,""physical_error_rate"":5e-05}","{""detection_events"":12600,""detectors_checked"":73128900}"
    429056,         0,         0,    31.8,decoder_by_matrix,cc9cd6551b3048ae216380ccb8ae5d3cca75b5b766fe651c47ef084ce4ce7dc6,"{""distance"":5,""physical_error_rate"":5e-05}","{""detection_events"":11675,""detectors_checked"":72939520}"
    419840,         0,         0,    22.1,decoder_by_matrix,cc9cd6551b3048ae216380ccb8ae5d3cca75b5b766fe651c47ef084ce4ce7dc6,"{""distance"":5,""physical_error_rate"":5e-05}","{""detection_events"":10780,""detectors_checked"":71372800}"
   1605632,         0,         0,   119.7,decoder_by_matrix,f0fc70a0432f83ff513e502442839d2eab02e2bed2f658d0464ff826d304e5e7,"{""distance"":5,""physical_error_rate"":0.0005}","{""detection_events"":462655,""detectors_checked"":272957440}"
   1584128,         1,         0,   119.5,decoder_by_matrix,5b8a070a3cf8d31d64f24dbee89f3428cb9cab13fc59f7448d798f9bf08e9187,"{""distance"":5,""physical_error_rate"":0.001}","{""detection_events"":899120,""detectors_checked"":269301760,""obs_mistake_mask=EE"":1}"
    130022,         0,         0,    6.97,decoder_by_matrix,cc9cd6551b3048ae216380ccb8ae5d3cca75b5b766fe651c47ef084ce4ce7dc6,"{""distance"":5,""physical_error_rate"":5e-05}","{""detection_events"":3620,""detectors_checked"":22103740}"
    340992,         0,         0,    22.6,decoder_by_matrix,cc9cd6551b3048ae216380ccb8ae5d3cca75b5b766fe651c47ef084ce4ce7dc6,"{""distance"":5,""physical_error_rate"":5e-05}","{""detection_events"":10230,""detectors_checked"":57968640}"
    310272,         0,         0,    22.6,decoder_by_matrix,cc9cd6551b3048ae216380ccb8ae5d3cca75b5b766fe651c47ef084ce4ce7dc6,"{""distance"":5,""physical_error_rate"":5e-05}","{""detection_events"":8970,""detectors_checked"":52746240}"
    312320,         0,         0,    23.5,decoder_by_matrix,cc9cd6551b3048ae216380ccb8ae5d3cca75b5b766fe651c47ef084ce4ce7dc6,"{""distance"":5,""physical_error_rate"":5e-05}","{""detection_events"":9035,""detectors_checked"":53094400}"
    309248,         0,         0,    23.5,decoder_by_matrix,cc9cd6551b3048ae216380ccb8ae5d3cca75b5b766fe651c47ef084ce4ce7dc6,"{""distance"":5,""physical_error_rate"":5e-05}","{""detection_events"":7970,""detectors_checked"":52572160}"
    306176,         0,         0,    22.9,decoder_by_matrix,cc9cd6551b3048ae216380ccb8ae5d3cca75b5b766fe651c47ef084ce4ce7dc6,"{""distance"":5,""physical_error_rate"":5e-05}","{""detection_events"":9445,""detectors_checked"":52049920}"
    307200,         0,         0,    22.9,decoder_by_matrix,f0fc70a0432f83ff513e502442839d2eab02e2bed2f658d0464ff826d304e5e7,"{""distance"":5,""physical_error_rate"":0.0005}","{""detection_events"":86655,""detectors_checked"":52224000}"
    307200,         0,         0,    22.9,decoder_by_matrix,cc9cd6551b3048ae216380ccb8ae5d3cca75b5b766fe651c47ef084ce4ce7dc6,"{""distance"":5,""physical_error_rate"":5e-05}","{""detection_events"":8510,""detectors_checked"":52224000}"
    301056,         0,         0,    22.9,decoder_by_matrix,f0fc70a0432f83ff513e502442839d2eab02e2bed2f658d0464ff826d304e5e7,"{""distance"":5,""physical_error_rate"":0.0005}","{""detection_events"":84370,""detectors_checked"":51179520}"
      1942,         0,         0,   0.154,decoder_by_matrix,cc9cd6551b3048ae216380ccb8ae5d3cca75b5b766fe651c47ef084ce4ce7dc6,"{""distance"":5,""physical_error_rate"":5e-05}","{""detection_events"":100,""detectors_checked"":330140}"
    297984,         0,         0,    22.9,decoder_by_matrix,5b8a070a3cf8d31d64f24dbee89f3428cb9cab13fc59f7448d798f9bf08e9187,"{""distance"":5,""physical_error_rate"":0.001}","{""detection_events"":169270,""detectors_checked"":50657280}"
    303104,         0,         0,    22.9,decoder_by_matrix,5b8a070a3cf8d31d64f24dbee89f3428cb9cab13fc59f7448d798f9bf08e9187,"{""distance"":5,""physical_error_rate"":0.001}","{""detection_events"":174105,""detectors_checked"":51527680}"
    309248,         0,         0,    22.9,decoder_by_matrix,5b8a070a3cf8d31d64f24dbee89f3428cb9cab13fc59f7448d798f9bf08e9187,"{""distance"":5,""physical_error_rate"":0.001}","{""detection_events"":173790,""detectors_checked"":52572160}"
      2966,         0,         0,   0.231,decoder_by_matrix,cc9cd6551b3048ae216380ccb8ae5d3cca75b5b766fe651c47ef084ce4ce7dc6,"{""distance"":5,""physical_error_rate"":5e-05}","{""detection_events"":75,""detectors_checked"":504220}"
    253952,         0,         0,    10.6,decoder_by_matrix,cc9cd6551b3048ae216380ccb8ae5d3cca75b5b766fe651c47ef084ce4ce7dc6,"{""distance"":5,""physical_error_rate"":5e-05}","{""detection_events"":7395,""detectors_checked"":43171840}"
    309248,         0,         0,    23.0,decoder_by_matrix,5b8a070a3cf8d31d64f24dbee89f3428cb9cab13fc59f7448d798f9bf08e9187,"{""distance"":5,""physical_error_rate"":0.001}","{""detection_events"":173130,""detectors_checked"":52572160}"
    294912,         0,         0,    22.9,decoder_by_matrix,f0fc70a0432f83ff513e502442839d2eab02e2bed2f658d0464ff826d304e5e7,"{""distance"":5,""physical_error_rate"":0.0005}","{""detection_events"":85570,""detectors_checked"":50135040}"
    191133,         0,         0,    13.5,decoder_by_matrix,cc9cd6551b3048ae216380ccb8ae5d3cca75b5b766fe651c47ef084ce4ce7dc6,"{""distance"":5,""physical_error_rate"":5e-05}","{""detection_events"":5435,""detectors_checked"":32492610}"
    183296,         0,         0,    13.6,decoder_by_matrix,cc9cd6551b3048ae216380ccb8ae5d3cca75b5b766fe651c47ef084ce4ce7dc6,"{""distance"":5,""physical_error_rate"":5e-05}","{""detection_events"":4800,""detectors_checked"":31160320}"
    302080,         0,         0,    22.9,decoder_by_matrix,f0fc70a0432f83ff513e502442839d2eab02e2bed2f658d0464ff826d304e5e7,"{""distance"":5,""physical_error_rate"":0.0005}","{""detection_events"":88200,""detectors_checked"":51353600}"
    163129,         0,         0,    11.5,decoder_by_matrix,cc9cd6551b3048ae216380ccb8ae5d3cca75b5b766fe651c47ef084ce4ce7dc6,"{""distance"":5,""physical_error_rate"":5e-05}","{""detection_events"":4355,""detectors_checked"":27731930}"
    146432,         0,         0,    10.8,decoder_by_matrix,cc9cd6551b3048ae216380ccb8ae5d3cca75b5b766fe651c47ef084ce4ce7dc6,"{""distance"":5,""physical_error_rate"":5e-05}","{""detection_events"":3865,""detectors_checked"":24893440}"
    156672,         0,         0,    11.5,decoder_by_matrix,cc9cd6551b3048ae216380ccb8ae5d3cca75b5b766fe651c47ef084ce4ce7dc6,"{""distance"":5,""physical_error_rate"":5e-05}","{""detection_events"":4365,""detectors_checked"":26634240}"
    155648,         0,         0,    11.4,decoder_by_matrix,cc9cd6551b3048ae216380ccb8ae5d3cca75b5b766fe651c47ef084ce4ce7dc6,"{""distance"":5,""physical_error_rate"":5e-05}","{""detection_events"":4195,""detectors_checked"":26460160}"
   1486848,         0,         0,   119.7,decoder_by_matrix,f0fc70a0432f83ff513e502442839d2eab02e2bed2f658d0464ff826d304e5e7,"{""distance"":5,""physical_error_rate"":0.0005}","{""detection_events"":422225,""detectors_checked"":252764160}"
    141478,         0,         0,    9.56,decoder_by_matrix,cc9cd6551b3048ae216380ccb8ae5d3cca75b5b766fe651c47ef084ce4ce7dc6,"{""distance"":5,""physical_error_rate"":5e-05}","{""detection_events"":4325,""detectors_checked"":24051260}"
    129024,         0,         0,    9.57,decoder_by_matrix,cc9cd6551b3048ae216380ccb8ae5d3cca75b5b766fe651c47ef084ce4ce7dc6,"{""distance"":5,""physical_error_rate"":5e-05}","{""detection_events"":3395,""detectors_checked"":21934080}"
    103964,         0,         0,    4.90,decoder_by_matrix,cc9cd6551b3048ae216380ccb8ae5d3cca75b5b766fe651c47ef084ce4ce7dc6,"{""distance"":5,""physical_error_rate"":5e-05}","{""detection_events"":2995,""detectors_checked"":17673880}"
     89402,         0,         0,    5.51,decoder_by_matrix,cc9cd6551b3048ae216380ccb8ae5d3cca75b5b766fe651c47ef084ce4ce7dc6,"{""distance"":5,""physical_error_rate"":5e-05}","{""detection_events"":2450,""detectors_checked"":15198340}"
     88064,         0,         0,    6.06,decoder_by_matrix,cc9cd6551b3048ae216380ccb8ae5d3cca75b5b766fe651c47ef084ce4ce7dc6,"{""distance"":5,""physical_error_rate"":5e-05}","{""detection_events"":2590,""detectors_checked"":14970880}"
     84992,         0,         0,    6.10,decoder_by_matrix,cc9cd6551b3048ae216380ccb8ae5d3cca75b5b766fe651c47ef084ce4ce7dc6,"{""distance"":5,""physical_error_rate"":5e-05}","{""detection_events"":2590,""detectors_checked"":14448640}"
     83814,         0,         0,    6.18,decoder_by_matrix,cc9cd6551b3048ae216380ccb8ae5d3cca75b5b766fe651c47ef084ce4ce7dc6,"{""distance"":5,""physical_error_rate"":5e-05}","{""detection_events"":2410,""detectors_checked"":14248380}"
     83814,         0,         0,    6.19,decoder_by_matrix,cc9cd6551b3048ae216380ccb8ae5d3cca75b5b766fe651c47ef084ce4ce7dc6,"{""distance"":5,""physical_error_rate"":5e-05}","{""detection_events"":2500,""detectors_checked"":14248380}"
     81920,         0,         0,    5.87,decoder_by_matrix,cc9cd6551b3048ae216380ccb8ae5d3cca75b5b766fe651c47ef084ce4ce7dc6,"{""distance"":5,""physical_error_rate"":5e-05}","{""detection_events"":2655,""detectors_checked"":13926400}"
     75776,         0,         0,    5.47,decoder_by_matrix,cc9cd6551b3048ae216380ccb8ae5d3cca75b5b766fe651c47ef084ce4ce7dc6,"{""distance"":5,""physical_error_rate"":5e-05}","{""detection_events"":1980,""detectors_checked"":12881920}"
     77824,         0,         0,    5.68,decoder_by_matrix,cc9cd6551b3048ae216380ccb8ae5d3cca75b5b766fe651c47ef084ce4ce7dc6,"{""distance"":5,""physical_error_rate"":5e-05}","{""detection_events"":2210,""detectors_checked"":13230080}"
     69632,         0,         0,    5.48,decoder_by_matrix,cc9cd6551b3048ae216380ccb8ae5d3cca75b5b766fe651c47ef084ce4ce7dc6,"{""distance"":5,""physical_error_rate"":5e-05}","{""detection_events"":2115,""detectors_checked"":11837440}"
     80896,         0,         0,    6.24,decoder_by_matrix,cc9cd6551b3048ae216380ccb8ae5d3cca75b5b766fe651c47ef084ce4ce7dc6,"{""distance"":5,""physical_error_rate"":5e-05}","{""detection_events"":2435,""detectors_checked"":13752320}"
     74752,         0,         0,    5.89,decoder_by_matrix,cc9cd6551b3048ae216380ccb8ae5d3cca75b5b766fe651c47ef084ce4ce7dc6,"{""distance"":5,""physical_error_rate"":5e-05}","{""detection_events"":2050,""detectors_checked"":12707840}"
     72704,         0,         0,    5.54,decoder_by_matrix,cc9cd6551b3048ae216380ccb8ae5d3cca75b5b766fe651c47ef084ce4ce7dc6,"{""distance"":5,""physical_error_rate"":5e-05}","{""detection_events"":1880,""detectors_checked"":12359680}"
     75776,         0,         0,    5.58,decoder_by_matrix,cc9cd6551b3048ae216380ccb8ae5d3cca75b5b766fe651c47ef084ce4ce7dc6,"{""distance"":5,""physical_error_rate"":5e-05}","{""detection_events"":2700,""detectors_checked"":12881920}"
     62521,         0,         0,    3.84,decoder_by_matrix,cc9cd6551b3048ae216380ccb8ae5d3cca75b5b766fe651c47ef084ce4ce7dc6,"{""distance"":5,""physical_error_rate"":5e-05}","{""detection_events"":2140,""detectors_checked"":10628570}"
     52224,         0,         0,    3.90,decoder_by_matrix,cc9cd6551b3048ae216380ccb8ae5d3cca75b5b766fe651c47ef084ce4ce7dc6,"{""distance"":5,""physical_error_rate"":5e-05}","{""detection_events"":1455,""detectors_checked"":8878080}"
     26624,         0,         0,    1.16,decoder_by_matrix,cc9cd6551b3048ae216380ccb8ae5d3cca75b5b766fe651c47ef084ce4ce7dc6,"{""distance"":5,""physical_error_rate"":5e-05}","{""detection_events"":920,""detectors_checked"":4526080}"
   7647232,        16,         0,   119.0,decoder_by_matrix,5b8a070a3cf8d31d64f24dbee89f3428cb9cab13fc59f7448d798f9bf08e9187,"{""distance"":5,""physical_error_rate"":0.001}","{""detection_events"":4335760,""detectors_checked"":1300029440,""obs_mistake_mask=EE"":4,""obs_mistake_mask=E_"":11,""obs_mistake_mask=_E"":1}"
      9062,         0,         0,   0.727,decoder_by_matrix,cc9cd6551b3048ae216380ccb8ae5d3cca75b5b766fe651c47ef084ce4ce7dc6,"{""distance"":5,""physical_error_rate"":5e-05}","{""detection_events"":190,""detectors_checked"":1540540}"
     18432,         0,         0,   0.931,decoder_by_matrix,cc9cd6551b3048ae216380ccb8ae5d3cca75b5b766fe651c47ef084ce4ce7dc6,"{""distance"":5,""physical_error_rate"":5e-05}","{""detection_events"":395,""detectors_checked"":3133440}"
     16384,         0,         0,   0.933,decoder_by_matrix,cc9cd6551b3048ae216380ccb8ae5d3cca75b5b766fe651c47ef084ce4ce7dc6,"{""distance"":5,""physical_error_rate"":5e-05}","{""detection_events"":500,""detectors_checked"":2785280}"
     11110,         0,         0,   0.792,decoder_by_matrix,cc9cd6551b3048ae216380ccb8ae5d3cca75b5b766fe651c47ef084ce4ce7dc6,"{""distance"":5,""physical_error_rate"":5e-05}","{""detection_events"":300,""detectors_checked"":1888700}"
     12288,         0,         0,   0.855,decoder_by_matrix,cc9cd6551b3048ae216380ccb8ae5d3cca75b5b766fe651c47ef084ce4ce7dc6,"{""distance"":5,""physical_error_rate"":5e-05}","{""detection_events"":380,""detectors_checked"":2088960}"
     14336,         0,         0,   0.631,decoder_by_matrix,cc9cd6551b3048ae216380ccb8ae5d3cca75b5b766fe651c47ef084ce4ce7dc6,"{""distance"":5,""physical_error_rate"":5e-05}","{""detection_events"":340,""detectors_checked"":2437120}"
     12288,         0,         0,   0.852,decoder_by_matrix,cc9cd6551b3048ae216380ccb8ae5d3cca75b5b766fe651c47ef084ce4ce7dc6,"{""distance"":5,""physical_error_rate"":5e-05}","{""detection_events"":305,""detectors_checked"":2088960}"
     12288,         0,         0,   0.882,decoder_by_matrix,cc9cd6551b3048ae216380ccb8ae5d3cca75b5b766fe651c47ef084ce4ce7dc6,"{""distance"":5,""physical_error_rate"":5e-05}","{""detection_events"":430,""detectors_checked"":2088960}"
     15039,         0,         0,    1.09,decoder_by_matrix,cc9cd6551b3048ae216380ccb8ae5d3cca75b5b766fe651c47ef084ce4ce7dc6,"{""distance"":5,""physical_error_rate"":5e-05}","{""detection_events"":390,""detectors_checked"":2556630}"
       567,         0,         0,   0.036,decoder_by_matrix,cc9cd6551b3048ae216380ccb8ae5d3cca75b5b766fe651c47ef084ce4ce7dc6,"{""distance"":5,""physical_error_rate"":5e-05}","{""detection_events"":30,""detectors_checked"":96390}"
     12288,         0,         0,   0.871,decoder_by_matrix,cc9cd6551b3048ae216380ccb8ae5d3cca75b5b766fe651c47ef084ce4ce7dc6,"{""distance"":5,""physical_error_rate"":5e-05}","{""detection_events"":395,""detectors_checked"":2088960}"
     11264,         0,         0,   0.794,decoder_by_matrix,cc9cd6551b3048ae216380ccb8ae5d3cca75b5b766fe651c47ef084ce4ce7dc6,"{""distance"":5,""physical_error_rate"":5e-05}","{""detection_events"":410,""detectors_checked"":1914880}"
     12288,         0,         0,   0.896,decoder_by_matrix,cc9cd6551b3048ae216380ccb8ae5d3cca75b5b766fe651c47ef084ce4ce7dc6,"{""distance"":5,""physical_error_rate"":5e-05}","{""detection_events"":385,""detectors_checked"":2088960}"
       703,         0,         0,   0.054,decoder_by_matrix,cc9cd6551b3048ae216380ccb8ae5d3cca75b5b766fe651c47ef084ce4ce7dc6,"{""distance"":5,""physical_error_rate"":5e-05}","{""detection_events"":10,""detectors_checked"":119510}"
     12169,         0,         0,   0.883,decoder_by_matrix,cc9cd6551b3048ae216380ccb8ae5d3cca75b5b766fe651c47ef084ce4ce7dc6,"{""distance"":5,""physical_error_rate"":5e-05}","{""detection_events"":345,""detectors_checked"":2068730}"
     10240,         0,         0,   0.743,decoder_by_matrix,cc9cd6551b3048ae216380ccb8ae5d3cca75b5b766fe651c47ef084ce4ce7dc6,"{""distance"":5,""physical_error_rate"":5e-05}","{""detection_events"":255,""detectors_checked"":1740800}"
     11264,         0,         0,   0.925,decoder_by_matrix,cc9cd6551b3048ae216380ccb8ae5d3cca75b5b766fe651c47ef084ce4ce7dc6,"{""distance"":5,""physical_error_rate"":5e-05}","{""detection_events"":235,""detectors_checked"":1914880}"
       310,         0,         0,   0.062,decoder_by_matrix,cc9cd6551b3048ae216380ccb8ae5d3cca75b5b766fe651c47ef084ce4ce7dc6,"{""distance"":5,""physical_error_rate"":5e-05}","{""detectors_checked"":52700}"
     12169,         0,         0,   0.944,decoder_by_matrix,cc9cd6551b3048ae216380ccb8ae5d3cca75b5b766fe651c47ef084ce4ce7dc6,"{""distance"":5,""physical_error_rate"":5e-05}","{""detection_events"":445,""detectors_checked"":2068730}"
      4949,         0,         0,   0.193,decoder_by_matrix,cc9cd6551b3048ae216380ccb8ae5d3cca75b5b766fe651c47ef084ce4ce7dc6,"{""distance"":5,""physical_error_rate"":5e-05}","{""detection_events"":100,""detectors_checked"":841330}"
      1814,         0,         0,   0.100,decoder_by_matrix,cc9cd6551b3048ae216380ccb8ae5d3cca75b5b766fe651c47ef084ce4ce7dc6,"{""distance"":5,""physical_error_rate"":5e-05}","{""detection_events"":60,""detectors_checked"":308380}"
      3072,         0,         0,   0.193,decoder_by_matrix,cc9cd6551b3048ae216380ccb8ae5d3cca75b5b766fe651c47ef084ce4ce7dc6,"{""distance"":5,""physical_error_rate"":5e-05}","{""detection_events"":10,""detectors_checked"":522240}"
      2013,         0,         0,   0.125,decoder_by_matrix,cc9cd6551b3048ae216380ccb8ae5d3cca75b5b766fe651c47ef084ce4ce7dc6,"{""distance"":5,""physical_error_rate"":5e-05}","{""detection_events"":15,""detectors_checked"":342210}"
       905,         0,         0,   0.062,decoder_by_matrix,cc9cd6551b3048ae216380ccb8ae5d3cca75b5b766fe651c47ef084ce4ce7dc6,"{""distance"":5,""physical_error_rate"":5e-05}","{""detection_events"":25,""detectors_checked"":153850}"
      2825,         0,         0,   0.147,decoder_by_matrix,cc9cd6551b3048ae216380ccb8ae5d3cca75b5b766fe651c47ef084ce4ce7dc6,"{""distance"":5,""physical_error_rate"":5e-05}","{""detection_events"":130,""detectors_checked"":480250}"
      3072,         0,         0,   0.277,decoder_by_matrix,cc9cd6551b3048ae216380ccb8ae5d3cca75b5b766fe651c47ef084ce4ce7dc6,"{""distance"":5,""physical_error_rate"":5e-05}","{""detection_events"":25,""detectors_checked"":522240}"
       113,         0,         0,   0.061,decoder_by_matrix,cc9cd6551b3048ae216380ccb8ae5d3cca75b5b766fe651c47ef084ce4ce7dc6,"{""distance"":5,""physical_error_rate"":5e-05}","{""detectors_checked"":19210}"
       235,         0,         0,   0.060,decoder_by_matrix,cc9cd6551b3048ae216380ccb8ae5d3cca75b5b766fe651c47ef084ce4ce7dc6,"{""distance"":5,""physical_error_rate"":5e-05}","{""detectors_checked"":39950}"
       629,         0,         0,   0.098,decoder_by_matrix,cc9cd6551b3048ae216380ccb8ae5d3cca75b5b766fe651c47ef084ce4ce7dc6,"{""distance"":5,""physical_error_rate"":5e-05}","{""detection_events"":5,""detectors_checked"":106930}"
       641,         0,         0,   0.061,decoder_by_matrix,cc9cd6551b3048ae216380ccb8ae5d3cca75b5b766fe651c47ef084ce4ce7dc6,"{""distance"":5,""physical_error_rate"":5e-05}","{""detection_events"":35,""detectors_checked"":108970}"
      1929,         0,         0,   0.141,decoder_by_matrix,cc9cd6551b3048ae216380ccb8ae5d3cca75b5b766fe651c47ef084ce4ce7dc6,"{""distance"":5,""physical_error_rate"":5e-05}","{""detection_events"":35,""detectors_checked"":327930}"
      2516,         0,         0,   0.202,decoder_by_matrix,cc9cd6551b3048ae216380ccb8ae5d3cca75b5b766fe651c47ef084ce4ce7dc6,"{""distance"":5,""physical_error_rate"":5e-05}","{""detection_events"":75,""detectors_checked"":427720}"
      2825,         0,         0,   0.205,decoder_by_matrix,cc9cd6551b3048ae216380ccb8ae5d3cca75b5b766fe651c47ef084ce4ce7dc6,"{""distance"":5,""physical_error_rate"":5e-05}","{""detection_events"":70,""detectors_checked"":480250}"
      2403,         0,         0,   0.248,decoder_by_matrix,cc9cd6551b3048ae216380ccb8ae5d3cca75b5b766fe651c47ef084ce4ce7dc6,"{""distance"":5,""physical_error_rate"":5e-05}","{""detection_events"":10,""detectors_checked"":408510}"
      1113,         0,         0,   0.123,decoder_by_matrix,cc9cd6551b3048ae216380ccb8ae5d3cca75b5b766fe651c47ef084ce4ce7dc6,"{""distance"":5,""physical_error_rate"":5e-05}","{""detectors_checked"":189210}"
      2048,         0,         0,   0.171,decoder_by_matrix,cc9cd6551b3048ae216380ccb8ae5d3cca75b5b766fe651c47ef084ce4ce7dc6,"{""distance"":5,""physical_error_rate"":5e-05}","{""detectors_checked"":348160}"
      2516,         0,         0,   0.212,decoder_by_matrix,cc9cd6551b3048ae216380ccb8ae5d3cca75b5b766fe651c47ef084ce4ce7dc6,"{""distance"":5,""physical_error_rate"":5e-05}","{""detection_events"":90,""detectors_checked"":427720}"
       235,         0,         0,   0.069,decoder_by_matrix,cc9cd6551b3048ae216380ccb8ae5d3cca75b5b766fe651c47ef084ce4ce7dc6,"{""distance"":5,""physical_error_rate"":5e-05}","{""detectors_checked"":39950}"
       343,         0,         0,   0.062,decoder_by_matrix,cc9cd6551b3048ae216380ccb8ae5d3cca75b5b766fe651c47ef084ce4ce7dc6,"{""distance"":5,""physical_error_rate"":5e-05}","{""detection_events"":15,""detectors_checked"":58310}"
      1559,         0,         0,   0.071,decoder_by_matrix,cc9cd6551b3048ae216380ccb8ae5d3cca75b5b766fe651c47ef084ce4ce7dc6,"{""distance"":5,""physical_error_rate"":5e-05}","{""detection_events"":10,""detectors_checked"":265030}"
       648,         0,         0,   0.075,decoder_by_matrix,cc9cd6551b3048ae216380ccb8ae5d3cca75b5b766fe651c47ef084ce4ce7dc6,"{""distance"":5,""physical_error_rate"":5e-05}","{""detection_events"":50,""detectors_checked"":110160}"
        55,         0,         0,   0.076,decoder_by_matrix,cc9cd6551b3048ae216380ccb8ae5d3cca75b5b766fe651c47ef084ce4ce7dc6,"{""distance"":5,""physical_error_rate"":5e-05}","{""detectors_checked"":9350}"
       413,         0,         0,   0.039,decoder_by_matrix,cc9cd6551b3048ae216380ccb8ae5d3cca75b5b766fe651c47ef084ce4ce7dc6,"{""distance"":5,""physical_error_rate"":5e-05}","{""detectors_checked"":70210}"
      1559,         0,         0,   0.098,decoder_by_matrix,cc9cd6551b3048ae216380ccb8ae5d3cca75b5b766fe651c47ef084ce4ce7dc6,"{""distance"":5,""physical_error_rate"":5e-05}","{""detection_events"":70,""detectors_checked"":265030}"
       101,         0,         0,   0.038,decoder_by_matrix,cc9cd6551b3048ae216380ccb8ae5d3cca75b5b766fe651c47ef084ce4ce7dc6,"{""distance"":5,""physical_error_rate"":5e-05}","{""detectors_checked"":17170}"
      2085,         0,         0,   0.204,decoder_by_matrix,cc9cd6551b3048ae216380ccb8ae5d3cca75b5b766fe651c47ef084ce4ce7dc6,"{""distance"":5,""physical_error_rate"":5e-05}","{""detection_events"":50,""detectors_checked"":354450}"
       468,         0,         0,   0.039,decoder_by_matrix,cc9cd6551b3048ae216380ccb8ae5d3cca75b5b766fe651c47ef084ce4ce7dc6,"{""distance"":5,""physical_error_rate"":5e-05}","{""detectors_checked"":79560}"
        85,         0,         0,   0.060,decoder_by_matrix,cc9cd6551b3048ae216380ccb8ae5d3cca75b5b766fe651c47ef084ce4ce7dc6,"{""distance"":5,""physical_error_rate"":5e-05}","{""detection_events"":20,""detectors_checked"":14450}"
      2028,         0,         0,   0.125,decoder_by_matrix,cc9cd6551b3048ae216380ccb8ae5d3cca75b5b766fe651c47ef084ce4ce7dc6,"{""distance"":5,""physical_error_rate"":5e-05}","{""detection_events"":60,""detectors_checked"":344760}"
         1,         0,         0,   0.028,decoder_by_matrix,f0fc70a0432f83ff513e502442839d2eab02e2bed2f658d0464ff826d304e5e7,"{""distance"":5,""physical_error_rate"":0.0005}","{""detectors_checked"":170}"
        16,         0,         0,   0.031,decoder_by_matrix,f0fc70a0432f83ff513e502442839d2eab02e2bed2f658d0464ff826d304e5e7,"{""distance"":5,""physical_error_rate"":0.0005}","{""detectors_checked"":2720}"
         1,         0,         0,   0.059,decoder_by_matrix,f0fc70a0432f83ff513e502442839d2eab02e2bed2f658d0464ff826d304e5e7,"{""distance"":5,""physical_error_rate"":0.0005}","{""detectors_checked"":170}"
         1,         0,         0,   0.063,decoder_by_matrix,5b8a070a3cf8d31d64f24dbee89f3428cb9cab13fc59f7448d798f9bf08e9187,"{""distance"":5,""physical_error_rate"":0.001}","{""detectors_checked"":170}"
         1,         0,         0,   0.061,decoder_by_matrix,f0fc70a0432f83ff513e502442839d2eab02e2bed2f658d0464ff826d304e5e7,"{""distance"":5,""physical_error_rate"":0.0005}","{""detectors_checked"":170}"
         1,         0,         0,   0.060,decoder_by_matrix,f0fc70a0432f83ff513e502442839d2eab02e2bed2f658d0464ff826d304e5e7,"{""distance"":5,""physical_error_rate"":0.0005}","{""detectors_checked"":170}"
         1,         0,         0,   0.063,decoder_by_matrix,5b8a070a3cf8d31d64f24dbee89f3428cb9cab13fc59f7448d798f9bf08e9187,"{""distance"":5,""physical_error_rate"":0.001}","{""detectors_checked"":170}"
         1,         0,         0,   0.064,decoder_by_matrix,5b8a070a3cf8d31d64f24dbee89f3428cb9cab13fc59f7448d798f9bf08e9187,"{""distance"":5,""physical_error_rate"":0.001}","{""detectors_checked"":170}"
         1,         0,         0,   0.064,decoder_by_matrix,5b8a070a3cf8d31d64f24dbee89f3428cb9cab13fc59f7448d798f9bf08e9187,"{""distance"":5,""physical_error_rate"":0.001}","{""detectors_checked"":170}"
         1,         0,         0,   0.061,decoder_by_matrix,5b8a070a3cf8d31d64f24dbee89f3428cb9cab13fc59f7448d798f9bf08e9187,"{""distance"":5,""physical_error_rate"":0.001}","{""detectors_checked"":170}"
       256,         0,         0,   0.035,decoder_by_matrix,f0fc70a0432f83ff513e502442839d2eab02e2bed2f658d0464ff826d304e5e7,"{""distance"":5,""physical_error_rate"":0.0005}","{""detection_events"":50,""detectors_checked"":43520}"
         1,         0,         0,   0.077,decoder_by_matrix,f0fc70a0432f83ff513e502442839d2eab02e2bed2f658d0464ff826d304e5e7,"{""distance"":5,""physical_error_rate"":0.0005}","{""detectors_checked"":170}"
         1,         0,         0,   0.070,decoder_by_matrix,5b8a070a3cf8d31d64f24dbee89f3428cb9cab13fc59f7448d798f9bf08e9187,"{""distance"":5,""physical_error_rate"":0.001}","{""detectors_checked"":170}"
         1,         0,         0,   0.083,decoder_by_matrix,f0fc70a0432f83ff513e502442839d2eab02e2bed2f658d0464ff826d304e5e7,"{""distance"":5,""physical_error_rate"":0.0005}","{""detectors_checked"":170}"
         1,         0,         0,   0.099,decoder_by_matrix,f0fc70a0432f83ff513e502442839d2eab02e2bed2f658d0464ff826d304e5e7,"{""distance"":5,""physical_error_rate"":0.0005}","{""detectors_checked"":170}"
         1,         0,         0,   0.100,decoder_by_matrix,f0fc70a0432f83ff513e502442839d2eab02e2bed2f658d0464ff826d304e5e7,"{""distance"":5,""physical_error_rate"":0.0005}","{""detectors_checked"":170}"
         1,         0,         0,   0.091,decoder_by_matrix,5b8a070a3cf8d31d64f24dbee89f3428cb9cab13fc59f7448d798f9bf08e9187,"{""distance"":5,""physical_error_rate"":0.001}","{""detectors_checked"":170}"
         1,         0,         0,   0.105,decoder_by_matrix,5b8a070a3cf8d31d64f24dbee89f3428cb9cab13fc59f7448d798f9bf08e9187,"{""distance"":5,""physical_error_rate"":0.001}","{""detectors_checked"":170}"
         8,         0,         0,   0.061,decoder_by_matrix,f0fc70a0432f83ff513e502442839d2eab02e2bed2f658d0464ff826d304e5e7,"{""distance"":5,""physical_error_rate"":0.0005}","{""detectors_checked"":1360}"
         8,         0,         0,   0.061,decoder_by_matrix,5b8a070a3cf8d31d64f24dbee89f3428cb9cab13fc59f7448d798f9bf08e9187,"{""distance"":5,""physical_error_rate"":0.001}","{""detectors_checked"":1360}"
         8,         0,         0,   0.061,decoder_by_matrix,5b8a070a3cf8d31d64f24dbee89f3428cb9cab13fc59f7448d798f9bf08e9187,"{""distance"":5,""physical_error_rate"":0.001}","{""detectors_checked"":1360}"
         8,         0,         0,   0.062,decoder_by_matrix,f0fc70a0432f83ff513e502442839d2eab02e2bed2f658d0464ff826d304e5e7,"{""distance"":5,""physical_error_rate"":0.0005}","{""detectors_checked"":1360}"
         4,         0,         0,   0.062,decoder_by_matrix,f0fc70a0432f83ff513e502442839d2eab02e2bed2f658d0464ff826d304e5e7,"{""distance"":5,""physical_error_rate"":0.0005}","{""detectors_checked"":680}"
         8,         0,         0,   0.060,decoder_by_matrix,5b8a070a3cf8d31d64f24dbee89f3428cb9cab13fc59f7448d798f9bf08e9187,"{""distance"":5,""physical_error_rate"":0.001}","{""detectors_checked"":1360}"
         8,         0,         0,   0.063,decoder_by_matrix,5b8a070a3cf8d31d64f24dbee89f3428cb9cab13fc59f7448d798f9bf08e9187,"{""distance"":5,""physical_error_rate"":0.001}","{""detection_events"":50,""detectors_checked"":1360}"
      1024,         0,         0,   0.049,decoder_by_matrix,f0fc70a0432f83ff513e502442839d2eab02e2bed2f658d0464ff826d304e5e7,"{""distance"":5,""physical_error_rate"":0.0005}","{""detection_events"":370,""detectors_checked"":174080}"
         8,         0,         0,   0.056,decoder_by_matrix,f0fc70a0432f83ff513e502442839d2eab02e2bed2f658d0464ff826d304e5e7,"{""distance"":5,""physical_error_rate"":0.0005}","{""detectors_checked"":1360}"
         8,         0,         0,   0.062,decoder_by_matrix,5b8a070a3cf8d31d64f24dbee89f3428cb9cab13fc59f7448d798f9bf08e9187,"{""distance"":5,""physical_error_rate"":0.001}","{""detectors_checked"":1360}"
         8,         0,         0,   0.080,decoder_by_matrix,5b8a070a3cf8d31d64f24dbee89f3428cb9cab13fc59f7448d798f9bf08e9187,"{""distance"":5,""physical_error_rate"":0.001}","{""detection_events"":5,""detectors_checked"":1360}"
         4,         0,         0,   0.075,decoder_by_matrix,f0fc70a0432f83ff513e502442839d2eab02e2bed2f658d0464ff826d304e5e7,"{""distance"":5,""physical_error_rate"":0.0005}","{""detectors_checked"":680}"
         4,         0,         0,   0.089,decoder_by_matrix,f0fc70a0432f83ff513e502442839d2eab02e2bed2f658d0464ff826d304e5e7,"{""distance"":5,""physical_error_rate"":0.0005}","{""detectors_checked"":680}"
         4,         0,         0,   0.089,decoder_by_matrix,5b8a070a3cf8d31d64f24dbee89f3428cb9cab13fc59f7448d798f9bf08e9187,"{""distance"":5,""physical_error_rate"":0.001}","{""detectors_checked"":680}"
      1024,         0,         0,   0.047,decoder_by_matrix,f0fc70a0432f83ff513e502442839d2eab02e2bed2f658d0464ff826d304e5e7,"{""distance"":5,""physical_error_rate"":0.0005}","{""detection_events"":210,""detectors_checked"":174080}"
         4,         0,         0,   0.085,decoder_by_matrix,f0fc70a0432f83ff513e502442839d2eab02e2bed2f658d0464ff826d304e5e7,"{""distance"":5,""physical_error_rate"":0.0005}","{""detectors_checked"":680}"
        64,         0,         0,   0.073,decoder_by_matrix,f0fc70a0432f83ff513e502442839d2eab02e2bed2f658d0464ff826d304e5e7,"{""distance"":5,""physical_error_rate"":0.0005}","{""detection_events"":5,""detectors_checked"":10880}"
        64,         0,         0,   0.076,decoder_by_matrix,5b8a070a3cf8d31d64f24dbee89f3428cb9cab13fc59f7448d798f9bf08e9187,"{""distance"":5,""physical_error_rate"":0.001}","{""detection_events"":75,""detectors_checked"":10880}"
         4,         0,         0,   0.108,decoder_by_matrix,5b8a070a3cf8d31d64f24dbee89f3428cb9cab13fc59f7448d798f9bf08e9187,"{""distance"":5,""physical_error_rate"":0.001}","{""detectors_checked"":680}"
        64,         0,         0,   0.063,decoder_by_matrix,5b8a070a3cf8d31d64f24dbee89f3428cb9cab13fc59f7448d798f9bf08e9187,"{""distance"":5,""physical_error_rate"":0.001}","{""detection_events"":95,""detectors_checked"":10880}"
        64,         0,         0,   0.062,decoder_by_matrix,f0fc70a0432f83ff513e502442839d2eab02e2bed2f658d0464ff826d304e5e7,"{""distance"":5,""physical_error_rate"":0.0005}","{""detection_events"":30,""detectors_checked"":10880}"
        64,         0,         0,   0.063,decoder_by_matrix,5b8a070a3cf8d31d64f24dbee89f3428cb9cab13fc59f7448d798f9bf08e9187,"{""distance"":5,""physical_error_rate"":0.001}","{""detection_events"":5,""detectors_checked"":10880}"
        64,         0,         0,   0.064,decoder_by_matrix,5b8a070a3cf8d31d64f24dbee89f3428cb9cab13fc59f7448d798f9bf08e9187,"{""distance"":5,""physical_error_rate"":0.001}","{""detection_events"":20,""detectors_checked"":10880}"
        64,         0,         0,   0.062,decoder_by_matrix,5b8a070a3cf8d31d64f24dbee89f3428cb9cab13fc59f7448d798f9bf08e9187,"{""distance"":5,""physical_error_rate"":0.001}","{""detection_events"":55,""detectors_checked"":10880}"
        32,         0,         0,   0.076,decoder_by_matrix,f0fc70a0432f83ff513e502442839d2eab02e2bed2f658d0464ff826d304e5e7,"{""distance"":5,""physical_error_rate"":0.0005}","{""detection_events"":15,""detectors_checked"":5440}"
        64,         0,         0,   0.073,decoder_by_matrix,f0fc70a0432f83ff513e502442839d2eab02e2bed2f658d0464ff826d304e5e7,"{""distance"":5,""physical_error_rate"":0.0005}","{""detection_events"":40,""detectors_checked"":10880}"
        32,         0,         0,   0.074,decoder_by_matrix,5b8a070a3cf8d31d64f24dbee89f3428cb9cab13fc59f7448d798f9bf08e9187,"{""distance"":5,""physical_error_rate"":0.001}","{""detectors_checked"":5440}"
        32,         0,         0,   0.075,decoder_by_matrix,f0fc70a0432f83ff513e502442839d2eab02e2bed2f658d0464ff826d304e5e7,"{""distance"":5,""physical_error_rate"":0.0005}","{""detectors_checked"":5440}"
        16,         0,         0,   0.064,decoder_by_matrix,f0fc70a0432f83ff513e502442839d2eab02e2bed2f658d0464ff826d304e5e7,"{""distance"":5,""physical_error_rate"":0.0005}","{""detection_events"":10,""detectors_checked"":2720}"
      2048,         0,         0,   0.070,decoder_by_matrix,f0fc70a0432f83ff513e502442839d2eab02e2bed2f658d0464ff826d304e5e7,"{""distance"":5,""physical_error_rate"":0.0005}","{""detection_events"":630,""detectors_checked"":348160}"
       512,         0,         0,   0.062,decoder_by_matrix,f0fc70a0432f83ff513e502442839d2eab02e2bed2f658d0464ff826d304e5e7,"{""distance"":5,""physical_error_rate"":0.0005}","{""detection_events"":45,""detectors_checked"":87040}"
       256,         0,         0,   0.076,decoder_by_matrix,5b8a070a3cf8d31d64f24dbee89f3428cb9cab13fc59f7448d798f9bf08e9187,"{""distance"":5,""physical_error_rate"":0.001}","{""detection_events"":55,""detectors_checked"":43520}"
       512,         0,         0,   0.076,decoder_by_matrix,5b8a070a3cf8d31d64f24dbee89f3428cb9cab13fc59f7448d798f9bf08e9187,"{""distance"":5,""physical_error_rate"":0.001}","{""detection_events"":125,""detectors_checked"":87040}"
       512,         0,         0,   0.076,decoder_by_matrix,5b8a070a3cf8d31d64f24dbee89f3428cb9cab13fc59f7448d798f9bf08e9187,"{""distance"":5,""physical_error_rate"":0.001}","{""detection_events"":330,""detectors_checked"":87040}"
       512,         0,         0,   0.076,decoder_by_matrix,f0fc70a0432f83ff513e502442839d2eab02e2bed2f658d0464ff826d304e5e7,"{""distance"":5,""physical_error_rate"":0.0005}","{""detection_events"":165,""detectors_checked"":87040}"
        16,         0,         0,   0.105,decoder_by_matrix,5b8a070a3cf8d31d64f24dbee89f3428cb9cab13fc59f7448d798f9bf08e9187,"{""distance"":5,""physical_error_rate"":0.001}","{""detection_events"":10,""detectors_checked"":2720}"
       512,         0,         0,   0.076,decoder_by_matrix,5b8a070a3cf8d31d64f24dbee89f3428cb9cab13fc59f7448d798f9bf08e9187,"{""distance"":5,""physical_error_rate"":0.001}","{""detection_events"":320,""detectors_checked"":87040}"
       512,         0,         0,   0.091,decoder_by_matrix,5b8a070a3cf8d31d64f24dbee89f3428cb9cab13fc59f7448d798f9bf08e9187,"{""distance"":5,""physical_error_rate"":0.001}","{""detection_events"":260,""detectors_checked"":87040}"
       512,         0,         0,   0.076,decoder_by_matrix,f0fc70a0432f83ff513e502442839d2eab02e2bed2f658d0464ff826d304e5e7,"{""distance"":5,""physical_error_rate"":0.0005}","{""detection_events"":85,""detectors_checked"":87040}"
       128,         0,         0,   0.073,decoder_by_matrix,f0fc70a0432f83ff513e502442839d2eab02e2bed2f658d0464ff826d304e5e7,"{""distance"":5,""physical_error_rate"":0.0005}","{""detection_events"":45,""detectors_checked"":21760}"
        16,         0,         0,   0.099,decoder_by_matrix,f0fc70a0432f83ff513e502442839d2eab02e2bed2f658d0464ff826d304e5e7,"{""distance"":5,""physical_error_rate"":0.0005}","{""detectors_checked"":2720}"
       256,         0,         0,   0.075,decoder_by_matrix,5b8a070a3cf8d31d64f24dbee89f3428cb9cab13fc59f7448d798f9bf08e9187,"{""distance"":5,""physical_error_rate"":0.001}","{""detection_events"":220,""detectors_checked"":43520}"
        16,         0,         0,   0.106,decoder_by_matrix,5b8a070a3cf8d31d64f24dbee89f3428cb9cab13fc59f7448d798f9bf08e9187,"{""distance"":5,""physical_error_rate"":0.001}","{""detectors_checked"":2720}"
       128,         0,         0,   0.074,decoder_by_matrix,f0fc70a0432f83ff513e502442839d2eab02e2bed2f658d0464ff826d304e5e7,"{""distance"":5,""physical_error_rate"":0.0005}","{""detection_events"":20,""detectors_checked"":21760}"
       128,         0,         0,   0.075,decoder_by_matrix,f0fc70a0432f83ff513e502442839d2eab02e2bed2f658d0464ff826d304e5e7,"{""distance"":5,""physical_error_rate"":0.0005}","{""detection_events"":75,""detectors_checked"":21760}"
      1024,         0,         0,   0.063,decoder_by_matrix,f0fc70a0432f83ff513e502442839d2eab02e2bed2f658d0464ff826d304e5e7,"{""distance"":5,""physical_error_rate"":0.0005}","{""detection_events"":325,""detectors_checked"":174080}"
      1024,         0,         0,   0.076,decoder_by_matrix,5b8a070a3cf8d31d64f24dbee89f3428cb9cab13fc59f7448d798f9bf08e9187,"{""distance"":5,""physical_error_rate"":0.001}","{""detection_events"":730,""detectors_checked"":174080}"
      1024,         0,         0,   0.064,decoder_by_matrix,5b8a070a3cf8d31d64f24dbee89f3428cb9cab13fc59f7448d798f9bf08e9187,"{""distance"":5,""physical_error_rate"":0.001}","{""detection_events"":600,""detectors_checked"":174080}"
      1024,         0,         0,   0.064,decoder_by_matrix,f0fc70a0432f83ff513e502442839d2eab02e2bed2f658d0464ff826d304e5e7,"{""distance"":5,""physical_error_rate"":0.0005}","{""detection_events"":145,""detectors_checked"":174080}"
      1024,         0,         0,   0.075,decoder_by_matrix,5b8a070a3cf8d31d64f24dbee89f3428cb9cab13fc59f7448d798f9bf08e9187,"{""distance"":5,""physical_error_rate"":0.001}","{""detection_events"":710,""detectors_checked"":174080}"
      1024,         0,         0,   0.078,decoder_by_matrix,5b8a070a3cf8d31d64f24dbee89f3428cb9cab13fc59f7448d798f9bf08e9187,"{""distance"":5,""physical_error_rate"":0.001}","{""detection_events"":600,""detectors_checked"":174080}"
      3072,         0,         0,   0.106,decoder_by_matrix,f0fc70a0432f83ff513e502442839d2eab02e2bed2f658d0464ff826d304e5e7,"{""distance"":5,""physical_error_rate"":0.0005}","{""detection_events"":690,""detectors_checked"":522240}"
      1024,         0,         0,   0.077,decoder_by_matrix,f0fc70a0432f83ff513e502442839d2eab02e2bed2f658d0464ff826d304e5e7,"{""distance"":5,""physical_error_rate"":0.0005}","{""detection_events"":260,""detectors_checked"":174080}"
      1024,         0,         0,   0.078,decoder_by_matrix,5b8a070a3cf8d31d64f24dbee89f3428cb9cab13fc59f7448d798f9bf08e9187,"{""distance"":5,""physical_error_rate"":0.001}","{""detection_events"":605,""detectors_checked"":174080}"
        64,         0,         0,   0.063,decoder_by_matrix,f0fc70a0432f83ff513e502442839d2eab02e2bed2f658d0464ff826d304e5e7,"{""distance"":5,""physical_error_rate"":0.0005}","{""detection_events"":60,""detectors_checked"":10880}"
      1024,         0,         0,   0.064,decoder_by_matrix,f0fc70a0432f83ff513e502442839d2eab02e2bed2f658d0464ff826d304e5e7,"{""distance"":5,""physical_error_rate"":0.0005}","{""detection_events"":260,""detectors_checked"":174080}"
        64,         0,         0,   0.084,decoder_by_matrix,5b8a070a3cf8d31d64f24dbee89f3428cb9cab13fc59f7448d798f9bf08e9187,"{""distance"":5,""physical_error_rate"":0.001}","{""detection_events"":75,""detectors_checked"":10880}"
      1024,         0,         0,   0.066,decoder_by_matrix,f0fc70a0432f83ff513e502442839d2eab02e2bed2f658d0464ff826d304e5e7,"{""distance"":5,""physical_error_rate"":0.0005}","{""detection_events"":140,""detectors_checked"":174080}"
      1024,         0,         0,   0.080,decoder_by_matrix,5b8a070a3cf8d31d64f24dbee89f3428cb9cab13fc59f7448d798f9bf08e9187,"{""distance"":5,""physical_error_rate"":0.001}","{""detection_events"":785,""detectors_checked"":174080}"
      1024,         0,         0,   0.077,decoder_by_matrix,f0fc70a0432f83ff513e502442839d2eab02e2bed2f658d0464ff826d304e5e7,"{""distance"":5,""physical_error_rate"":0.0005}","{""detection_events"":230,""detectors_checked"":174080}"
      1024,         0,         0,   0.075,decoder_by_matrix,f0fc70a0432f83ff513e502442839d2eab02e2bed2f658d0464ff826d304e5e7,"{""distance"":5,""physical_error_rate"":0.0005}","{""detection_events"":210,""detectors_checked"":174080}"
        64,         0,         0,   0.094,decoder_by_matrix,5b8a070a3cf8d31d64f24dbee89f3428cb9cab13fc59f7448d798f9bf08e9187,"{""distance"":5,""physical_error_rate"":0.001}","{""detection_events"":25,""detectors_checked"":10880}"
      1024,         0,         0,   0.078,decoder_by_matrix,5b8a070a3cf8d31d64f24dbee89f3428cb9cab13fc59f7448d798f9bf08e9187,"{""distance"":5,""physical_error_rate"":0.001}","{""detection_events"":655,""detectors_checked"":174080}"
      1024,         0,         0,   0.063,decoder_by_matrix,5b8a070a3cf8d31d64f24dbee89f3428cb9cab13fc59f7448d798f9bf08e9187,"{""distance"":5,""physical_error_rate"":0.001}","{""detection_events"":620,""detectors_checked"":174080}"
      1024,         0,         0,   0.066,decoder_by_matrix,f0fc70a0432f83ff513e502442839d2eab02e2bed2f658d0464ff826d304e5e7,"{""distance"":5,""physical_error_rate"":0.0005}","{""detection_events"":315,""detectors_checked"":174080}"
      1024,         0,         0,   0.078,decoder_by_matrix,5b8a070a3cf8d31d64f24dbee89f3428cb9cab13fc59f7448d798f9bf08e9187,"{""distance"":5,""physical_error_rate"":0.001}","{""detection_events"":475,""detectors_checked"":174080}"
      1024,         0,         0,   0.064,decoder_by_matrix,f0fc70a0432f83ff513e502442839d2eab02e2bed2f658d0464ff826d304e5e7,"{""distance"":5,""physical_error_rate"":0.0005}","{""detection_events"":355,""detectors_checked"":174080}"
      1024,         0,         0,   0.076,decoder_by_matrix,5b8a070a3cf8d31d64f24dbee89f3428cb9cab13fc59f7448d798f9bf08e9187,"{""distance"":5,""physical_error_rate"":0.001}","{""detection_events"":590,""detectors_checked"":174080}"
      1024,         0,         0,   0.078,decoder_by_matrix,f0fc70a0432f83ff513e502442839d2eab02e2bed2f658d0464ff826d304e5e7,"{""distance"":5,""physical_error_rate"":0.0005}","{""detection_events"":275,""detectors_checked"":174080}"
      1024,         0,         0,   0.077,decoder_by_matrix,5b8a070a3cf8d31d64f24dbee89f3428cb9cab13fc59f7448d798f9bf08e9187,"{""distance"":5,""physical_error_rate"":0.001}","{""detection_events"":370,""detectors_checked"":174080}"
      1024,         0,         0,   0.064,decoder_by_matrix,f0fc70a0432f83ff513e502442839d2eab02e2bed2f658d0464ff826d304e5e7,"{""distance"":5,""physical_error_rate"":0.0005}","{""detection_events"":235,""detectors_checked"":174080}"
       512,         0,         0,   0.064,decoder_by_matrix,f0fc70a0432f83ff513e502442839d2eab02e2bed2f658d0464ff826d304e5e7,"{""distance"":5,""physical_error_rate"":0.0005}","{""detection_events"":145,""detectors_checked"":87040}"
       256,         0,         0,   0.074,decoder_by_matrix,5b8a070a3cf8d31d64f24dbee89f3428cb9cab13fc59f7448d798f9bf08e9187,"{""distance"":5,""physical_error_rate"":0.001}","{""detection_events"":170,""detectors_checked"":43520}"
      3072,         0,         0,   0.102,decoder_by_matrix,f0fc70a0432f83ff513e502442839d2eab02e2bed2f658d0464ff826d304e5e7,"{""distance"":5,""physical_error_rate"":0.0005}","{""detection_events"":1055,""detectors_checked"":522240}"
      1024,         0,         0,   0.079,decoder_by_matrix,5b8a070a3cf8d31d64f24dbee89f3428cb9cab13fc59f7448d798f9bf08e9187,"{""distance"":5,""physical_error_rate"":0.001}","{""detection_events"":640,""detectors_checked"":174080}"
      1024,         0,         0,   0.077,decoder_by_matrix,f0fc70a0432f83ff513e502442839d2eab02e2bed2f658d0464ff826d304e5e7,"{""distance"":5,""physical_error_rate"":0.0005}","{""detection_events"":390,""detectors_checked"":174080}"
      1024,         0,         0,   0.075,decoder_by_matrix,f0fc70a0432f83ff513e502442839d2eab02e2bed2f658d0464ff826d304e5e7,"{""distance"":5,""physical_error_rate"":0.0005}","{""detection_events"":275,""detectors_checked"":174080}"
       256,         0,         0,   0.078,decoder_by_matrix,5b8a070a3cf8d31d64f24dbee89f3428cb9cab13fc59f7448d798f9bf08e9187,"{""distance"":5,""physical_error_rate"":0.001}","{""detection_events"":80,""detectors_checked"":43520}"
      1024,         0,         0,   0.063,decoder_by_matrix,5b8a070a3cf8d31d64f24dbee89f3428cb9cab13fc59f7448d798f9bf08e9187,"{""distance"":5,""physical_error_rate"":0.001}","{""detection_events"":680,""detectors_checked"":174080}"
      1024,         0,         0,   0.062,decoder_by_matrix,f0fc70a0432f83ff513e502442839d2eab02e2bed2f658d0464ff826d304e5e7,"{""distance"":5,""physical_error_rate"":0.0005}","{""detection_events"":270,""detectors_checked"":174080}"
      1024,         0,         0,   0.076,decoder_by_matrix,f0fc70a0432f83ff513e502442839d2eab02e2bed2f658d0464ff826d304e5e7,"{""distance"":5,""physical_error_rate"":0.0005}","{""detection_events"":235,""detectors_checked"":174080}"
      1024,         0,         0,   0.064,decoder_by_matrix,5b8a070a3cf8d31d64f24dbee89f3428cb9cab13fc59f7448d798f9bf08e9187,"{""distance"":5,""physical_error_rate"":0.001}","{""detection_events"":435,""detectors_checked"":174080}"
      1024,         0,         0,   0.078,decoder_by_matrix,5b8a070a3cf8d31d64f24dbee89f3428cb9cab13fc59f7448d798f9bf08e9187,"{""distance"":5,""physical_error_rate"":0.001}","{""detection_events"":575,""detectors_checked"":174080}"
      1024,         0,         0,   0.102,decoder_by_matrix,5b8a070a3cf8d31d64f24dbee89f3428cb9cab13fc59f7448d798f9bf08e9187,"{""distance"":5,""physical_error_rate"":0.001}","{""detection_events"":625,""detectors_checked"":174080}"
      1024,         0,         0,   0.087,decoder_by_matrix,f0fc70a0432f83ff513e502442839d2eab02e2bed2f658d0464ff826d304e5e7,"{""distance"":5,""physical_error_rate"":0.0005}","{""detection_events"":245,""detectors_checked"":174080}"
      1024,         0,         0,   0.079,decoder_by_matrix,5b8a070a3cf8d31d64f24dbee89f3428cb9cab13fc59f7448d798f9bf08e9187,"{""distance"":5,""physical_error_rate"":0.001}","{""detection_events"":525,""detectors_checked"":174080}"
      1024,         0,         0,   0.079,decoder_by_matrix,f0fc70a0432f83ff513e502442839d2eab02e2bed2f658d0464ff826d304e5e7,"{""distance"":5,""physical_error_rate"":0.0005}","{""detection_events"":410,""detectors_checked"":174080}"
      1024,         0,         0,   0.080,decoder_by_matrix,5b8a070a3cf8d31d64f24dbee89f3428cb9cab13fc59f7448d798f9bf08e9187,"{""distance"":5,""physical_error_rate"":0.001}","{""detection_events"":705,""detectors_checked"":174080}"
      2048,         0,         0,   0.123,decoder_by_matrix,5b8a070a3cf8d31d64f24dbee89f3428cb9cab13fc59f7448d798f9bf08e9187,"{""distance"":5,""physical_error_rate"":0.001}","{""detection_events"":1285,""detectors_checked"":348160}"
      2048,         0,         0,   0.136,decoder_by_matrix,f0fc70a0432f83ff513e502442839d2eab02e2bed2f658d0464ff826d304e5e7,"{""distance"":5,""physical_error_rate"":0.0005}","{""detection_events"":755,""detectors_checked"":348160}"
      1024,         0,         0,   0.161,decoder_by_matrix,5b8a070a3cf8d31d64f24dbee89f3428cb9cab13fc59f7448d798f9bf08e9187,"{""distance"":5,""physical_error_rate"":0.001}","{""detection_events"":695,""detectors_checked"":174080}"
      2048,         0,         0,   0.142,decoder_by_matrix,f0fc70a0432f83ff513e502442839d2eab02e2bed2f658d0464ff826d304e5e7,"{""distance"":5,""physical_error_rate"":0.0005}","{""detection_events"":760,""detectors_checked"":348160}"
      1024,         0,         0,   0.077,decoder_by_matrix,5b8a070a3cf8d31d64f24dbee89f3428cb9cab13fc59f7448d798f9bf08e9187,"{""distance"":5,""physical_error_rate"":0.001}","{""detection_events"":540,""detectors_checked"":174080}"
      1024,         0,         0,   0.078,decoder_by_matrix,f0fc70a0432f83ff513e502442839d2eab02e2bed2f658d0464ff826d304e5e7,"{""distance"":5,""physical_error_rate"":0.0005}","{""detection_events"":220,""detectors_checked"":174080}"
      2048,         0,         0,   0.152,decoder_by_matrix,f0fc70a0432f83ff513e502442839d2eab02e2bed2f658d0464ff826d304e5e7,"{""distance"":5,""physical_error_rate"":0.0005}","{""detection_events"":535,""detectors_checked"":348160}"
      4096,         0,         0,   0.177,decoder_by_matrix,f0fc70a0432f83ff513e502442839d2eab02e2bed2f658d0464ff826d304e5e7,"{""distance"":5,""physical_error_rate"":0.0005}","{""detection_events"":975,""detectors_checked"":696320}"
      2048,         0,         0,   0.152,decoder_by_matrix,5b8a070a3cf8d31d64f24dbee89f3428cb9cab13fc59f7448d798f9bf08e9187,"{""distance"":5,""physical_error_rate"":0.001}","{""detection_events"":1330,""detectors_checked"":348160}"
      2048,         0,         0,   0.154,decoder_by_matrix,f0fc70a0432f83ff513e502442839d2eab02e2bed2f658d0464ff826d304e5e7,"{""distance"":5,""physical_error_rate"":0.0005}","{""detection_events"":580,""detectors_checked"":348160}"
      2048,         0,         0,   0.143,decoder_by_matrix,5b8a070a3cf8d31d64f24dbee89f3428cb9cab13fc59f7448d798f9bf08e9187,"{""distance"":5,""physical_error_rate"":0.001}","{""detection_events"":955,""detectors_checked"":348160}"
      3072,         0,         0,   0.114,decoder_by_matrix,5b8a070a3cf8d31d64f24dbee89f3428cb9cab13fc59f7448d798f9bf08e9187,"{""distance"":5,""physical_error_rate"":0.001}","{""detection_events"":2045,""detectors_checked"":522240}"
      2048,         0,         0,   0.163,decoder_by_matrix,f0fc70a0432f83ff513e502442839d2eab02e2bed2f658d0464ff826d304e5e7,"{""distance"":5,""physical_error_rate"":0.0005}","{""detection_events"":670,""detectors_checked"":348160}"
      2048,         0,         0,   0.154,decoder_by_matrix,5b8a070a3cf8d31d64f24dbee89f3428cb9cab13fc59f7448d798f9bf08e9187,"{""distance"":5,""physical_error_rate"":0.001}","{""detection_events"":1155,""detectors_checked"":348160}"
      2048,         0,         0,   0.134,decoder_by_matrix,5b8a070a3cf8d31d64f24dbee89f3428cb9cab13fc59f7448d798f9bf08e9187,"{""distance"":5,""physical_error_rate"":0.001}","{""detection_events"":1155,""detectors_checked"":348160}"
      2048,         0,         0,   0.155,decoder_by_matrix,f0fc70a0432f83ff513e502442839d2eab02e2bed2f658d0464ff826d304e5e7,"{""distance"":5,""physical_error_rate"":0.0005}","{""detection_events"":795,""detectors_checked"":348160}"
      2048,         0,         0,   0.145,decoder_by_matrix,5b8a070a3cf8d31d64f24dbee89f3428cb9cab13fc59f7448d798f9bf08e9187,"{""distance"":5,""physical_error_rate"":0.001}","{""detection_events"":1250,""detectors_checked"":348160}"
      2048,         0,         0,   0.155,decoder_by_matrix,f0fc70a0432f83ff513e502442839d2eab02e2bed2f658d0464ff826d304e5e7,"{""distance"":5,""physical_error_rate"":0.0005}","{""detection_events"":485,""detectors_checked"":348160}"
      2048,         0,         0,   0.155,decoder_by_matrix,5b8a070a3cf8d31d64f24dbee89f3428cb9cab13fc59f7448d798f9bf08e9187,"{""distance"":5,""physical_error_rate"":0.001}","{""detection_events"":1065,""detectors_checked"":348160}"
      2048,         0,         0,   0.155,decoder_by_matrix,5b8a070a3cf8d31d64f24dbee89f3428cb9cab13fc59f7448d798f9bf08e9187,"{""distance"":5,""physical_error_rate"":0.001}","{""detection_events"":945,""detectors_checked"":348160}"
      2048,         0,         0,   0.153,decoder_by_matrix,f0fc70a0432f83ff513e502442839d2eab02e2bed2f658d0464ff826d304e5e7,"{""distance"":5,""physical_error_rate"":0.0005}","{""detection_events"":650,""detectors_checked"":348160}"
      2048,         0,         0,   0.139,decoder_by_matrix,f0fc70a0432f83ff513e502442839d2eab02e2bed2f658d0464ff826d304e5e7,"{""distance"":5,""physical_error_rate"":0.0005}","{""detection_events"":775,""detectors_checked"":348160}"
      2048,         0,         0,   0.154,decoder_by_matrix,f0fc70a0432f83ff513e502442839d2eab02e2bed2f658d0464ff826d304e5e7,"{""distance"":5,""physical_error_rate"":0.0005}","{""detection_events"":675,""detectors_checked"":348160}"
      2048,         0,         0,   0.155,decoder_by_matrix,5b8a070a3cf8d31d64f24dbee89f3428cb9cab13fc59f7448d798f9bf08e9187,"{""distance"":5,""physical_error_rate"":0.001}","{""detection_events"":1285,""detectors_checked"":348160}"
      2048,         0,         0,   0.139,decoder_by_matrix,f0fc70a0432f83ff513e502442839d2eab02e2bed2f658d0464ff826d304e5e7,"{""distance"":5,""physical_error_rate"":0.0005}","{""detection_events"":600,""detectors_checked"":348160}"
      2048,         0,         0,   0.139,decoder_by_matrix,5b8a070a3cf8d31d64f24dbee89f3428cb9cab13fc59f7448d798f9bf08e9187,"{""distance"":5,""physical_error_rate"":0.001}","{""detection_events"":1220,""detectors_checked"":348160}"
      2048,         0,         0,   0.157,decoder_by_matrix,5b8a070a3cf8d31d64f24dbee89f3428cb9cab13fc59f7448d798f9bf08e9187,"{""distance"":5,""physical_error_rate"":0.001}","{""detection_events"":1120,""detectors_checked"":348160}"
      2048,         0,         0,   0.136,decoder_by_matrix,5b8a070a3cf8d31d64f24dbee89f3428cb9cab13fc59f7448d798f9bf08e9187,"{""distance"":5,""physical_error_rate"":0.001}","{""detection_events"":1270,""detectors_checked"":348160}"
      2048,         0,         0,   0.164,decoder_by_matrix,f0fc70a0432f83ff513e502442839d2eab02e2bed2f658d0464ff826d304e5e7,"{""distance"":5,""physical_error_rate"":0.0005}","{""detection_events"":580,""detectors_checked"":348160}"
      2048,         0,         0,   0.164,decoder_by_matrix,f0fc70a0432f83ff513e502442839d2eab02e2bed2f658d0464ff826d304e5e7,"{""distance"":5,""physical_error_rate"":0.0005}","{""detection_events"":665,""detectors_checked"":348160}"
      2048,         0,         0,   0.177,decoder_by_matrix,5b8a070a3cf8d31d64f24dbee89f3428cb9cab13fc59f7448d798f9bf08e9187,"{""distance"":5,""physical_error_rate"":0.001}","{""detection_events"":1280,""detectors_checked"":348160}"
      2048,         0,         0,   0.172,decoder_by_matrix,5b8a070a3cf8d31d64f24dbee89f3428cb9cab13fc59f7448d798f9bf08e9187,"{""distance"":5,""physical_error_rate"":0.001}","{""detection_events"":835,""detectors_checked"":348160}"
      6144,         0,         0,   0.237,decoder_by_matrix,f0fc70a0432f83ff513e502442839d2eab02e2bed2f658d0464ff826d304e5e7,"{""distance"":5,""physical_error_rate"":0.0005}","{""detection_events"":1540,""detectors_checked"":1044480}"
      2048,         0,         0,   0.142,decoder_by_matrix,f0fc70a0432f83ff513e502442839d2eab02e2bed2f658d0464ff826d304e5e7,"{""distance"":5,""physical_error_rate"":0.0005}","{""detection_events"":615,""detectors_checked"":348160}"
      2048,         0,         0,   0.143,decoder_by_matrix,f0fc70a0432f83ff513e502442839d2eab02e2bed2f658d0464ff826d304e5e7,"{""distance"":5,""physical_error_rate"":0.0005}","{""detection_events"":795,""detectors_checked"":348160}"
      2048,         0,         0,   0.155,decoder_by_matrix,5b8a070a3cf8d31d64f24dbee89f3428cb9cab13fc59f7448d798f9bf08e9187,"{""distance"":5,""physical_error_rate"":0.001}","{""detection_events"":1000,""detectors_checked"":348160}"
      2048,         0,         0,   0.142,decoder_by_matrix,f0fc70a0432f83ff513e502442839d2eab02e2bed2f658d0464ff826d304e5e7,"{""distance"":5,""physical_error_rate"":0.0005}","{""detection_events"":635,""detectors_checked"":348160}"
      3072,         0,         0,   0.220,decoder_by_matrix,5b8a070a3cf8d31d64f24dbee89f3428cb9cab13fc59f7448d798f9bf08e9187,"{""distance"":5,""physical_error_rate"":0.001}","{""detection_events"":1605,""detectors_checked"":522240}"
      3072,         0,         0,   0.212,decoder_by_matrix,f0fc70a0432f83ff513e502442839d2eab02e2bed2f658d0464ff826d304e5e7,"{""distance"":5,""physical_error_rate"":0.0005}","{""detection_events"":895,""detectors_checked"":522240}"
      2048,         0,         0,   0.154,decoder_by_matrix,5b8a070a3cf8d31d64f24dbee89f3428cb9cab13fc59f7448d798f9bf08e9187,"{""distance"":5,""physical_error_rate"":0.001}","{""detection_events"":1120,""detectors_checked"":348160}"
      3072,         0,         0,   0.218,decoder_by_matrix,f0fc70a0432f83ff513e502442839d2eab02e2bed2f658d0464ff826d304e5e7,"{""distance"":5,""physical_error_rate"":0.0005}","{""detection_events"":955,""detectors_checked"":522240}"
      3072,         0,         0,   0.230,decoder_by_matrix,5b8a070a3cf8d31d64f24dbee89f3428cb9cab13fc59f7448d798f9bf08e9187,"{""distance"":5,""physical_error_rate"":0.001}","{""detection_events"":1850,""detectors_checked"":522240}"
      3072,         0,         0,   0.229,decoder_by_matrix,5b8a070a3cf8d31d64f24dbee89f3428cb9cab13fc59f7448d798f9bf08e9187,"{""distance"":5,""physical_error_rate"":0.001}","{""detection_events"":2005,""detectors_checked"":522240}"
      3072,         0,         0,   0.221,decoder_by_matrix,5b8a070a3cf8d31d64f24dbee89f3428cb9cab13fc59f7448d798f9bf08e9187,"{""distance"":5,""physical_error_rate"":0.001}","{""detection_events"":1610,""detectors_checked"":522240}"
      3072,         0,         0,   0.211,decoder_by_matrix,5b8a070a3cf8d31d64f24dbee89f3428cb9cab13fc59f7448d798f9bf08e9187,"{""distance"":5,""physical_error_rate"":0.001}","{""detection_events"":1595,""detectors_checked"":522240}"
      3072,         0,         0,   0.230,decoder_by_matrix,f0fc70a0432f83ff513e502442839d2eab02e2bed2f658d0464ff826d304e5e7,"{""distance"":5,""physical_error_rate"":0.0005}","{""detection_events"":935,""detectors_checked"":522240}"
      3072,         0,         0,   0.230,decoder_by_matrix,f0fc70a0432f83ff513e502442839d2eab02e2bed2f658d0464ff826d304e5e7,"{""distance"":5,""physical_error_rate"":0.0005}","{""detection_events"":780,""detectors_checked"":522240}"
      3072,         0,         0,   0.233,decoder_by_matrix,5b8a070a3cf8d31d64f24dbee89f3428cb9cab13fc59f7448d798f9bf08e9187,"{""distance"":5,""physical_error_rate"":0.001}","{""detection_events"":1540,""detectors_checked"":522240}"
      3072,         0,         0,   0.219,decoder_by_matrix,5b8a070a3cf8d31d64f24dbee89f3428cb9cab13fc59f7448d798f9bf08e9187,"{""distance"":5,""physical_error_rate"":0.001}","{""detection_events"":1730,""detectors_checked"":522240}"
      3072,         0,         0,   0.237,decoder_by_matrix,f0fc70a0432f83ff513e502442839d2eab02e2bed2f658d0464ff826d304e5e7,"{""distance"":5,""physical_error_rate"":0.0005}","{""detection_events"":625,""detectors_checked"":522240}"
      3072,         0,         0,   0.219,decoder_by_matrix,f0fc70a0432f83ff513e502442839d2eab02e2bed2f658d0464ff826d304e5e7,"{""distance"":5,""physical_error_rate"":0.0005}","{""detection_events"":1005,""detectors_checked"":522240}"
      3072,         0,         0,   0.258,decoder_by_matrix,f0fc70a0432f83ff513e502442839d2eab02e2bed2f658d0464ff826d304e5e7,"{""distance"":5,""physical_error_rate"":0.0005}","{""detection_events"":985,""detectors_checked"":522240}"
      7168,         0,         0,   0.320,decoder_by_matrix,f0fc70a0432f83ff513e502442839d2eab02e2bed2f658d0464ff826d304e5e7,"{""distance"":5,""physical_error_rate"":0.0005}","{""detection_events"":1855,""detectors_checked"":1218560}"
      3072,         0,         0,   0.230,decoder_by_matrix,5b8a070a3cf8d31d64f24dbee89f3428cb9cab13fc59f7448d798f9bf08e9187,"{""distance"":5,""physical_error_rate"":0.001}","{""detection_events"":1740,""detectors_checked"":522240}"
      3072,         0,         0,   0.226,decoder_by_matrix,5b8a070a3cf8d31d64f24dbee89f3428cb9cab13fc59f7448d798f9bf08e9187,"{""distance"":5,""physical_error_rate"":0.001}","{""detection_events"":1830,""detectors_checked"":522240}"
      4096,         0,         0,   0.292,decoder_by_matrix,f0fc70a0432f83ff513e502442839d2eab02e2bed2f658d0464ff826d304e5e7,"{""distance"":5,""physical_error_rate"":0.0005}","{""detection_events"":1255,""detectors_checked"":696320}"
      4096,         0,         0,   0.292,decoder_by_matrix,f0fc70a0432f83ff513e502442839d2eab02e2bed2f658d0464ff826d304e5e7,"{""distance"":5,""physical_error_rate"":0.0005}","{""detection_events"":750,""detectors_checked"":696320}"
      3072,         0,         0,   0.316,decoder_by_matrix,5b8a070a3cf8d31d64f24dbee89f3428cb9cab13fc59f7448d798f9bf08e9187,"{""distance"":5,""physical_error_rate"":0.001}","{""detection_events"":1515,""detectors_checked"":522240}"
      4096,         0,         0,   0.289,decoder_by_matrix,5b8a070a3cf8d31d64f24dbee89f3428cb9cab13fc59f7448d798f9bf08e9187,"{""distance"":5,""physical_error_rate"":0.001}","{""detection_events"":2065,""detectors_checked"":696320}"
      4096,         0,         0,   0.298,decoder_by_matrix,5b8a070a3cf8d31d64f24dbee89f3428cb9cab13fc59f7448d798f9bf08e9187,"{""distance"":5,""physical_error_rate"":0.001}","{""detection_events"":2250,""detectors_checked"":696320}"
      4096,         0,         0,   0.312,decoder_by_matrix,f0fc70a0432f83ff513e502442839d2eab02e2bed2f658d0464ff826d304e5e7,"{""distance"":5,""physical_error_rate"":0.0005}","{""detection_events"":1205,""detectors_checked"":696320}"
      3072,         0,         0,   0.319,decoder_by_matrix,f0fc70a0432f83ff513e502442839d2eab02e2bed2f658d0464ff826d304e5e7,"{""distance"":5,""physical_error_rate"":0.0005}","{""detection_events"":875,""detectors_checked"":522240}"
      5120,         0,         0,   0.363,decoder_by_matrix,5b8a070a3cf8d31d64f24dbee89f3428cb9cab13fc59f7448d798f9bf08e9187,"{""distance"":5,""physical_error_rate"":0.001}","{""detection_events"":3050,""detectors_checked"":870400}"
      4096,         0,         0,   0.308,decoder_by_matrix,5b8a070a3cf8d31d64f24dbee89f3428cb9cab13fc59f7448d798f9bf08e9187,"{""distance"":5,""physical_error_rate"":0.001}","{""detection_events"":2340,""detectors_checked"":696320}"
      4096,         0,         0,   0.363,decoder_by_matrix,5b8a070a3cf8d31d64f24dbee89f3428cb9cab13fc59f7448d798f9bf08e9187,"{""distance"":5,""physical_error_rate"":0.001}","{""detection_events"":2140,""detectors_checked"":696320}"
      4096,         0,         0,   0.313,decoder_by_matrix,f0fc70a0432f83ff513e502442839d2eab02e2bed2f658d0464ff826d304e5e7,"{""distance"":5,""physical_error_rate"":0.0005}","{""detection_events"":950,""detectors_checked"":696320}"
      3072,         0,         0,   0.292,decoder_by_matrix,f0fc70a0432f83ff513e502442839d2eab02e2bed2f658d0464ff826d304e5e7,"{""distance"":5,""physical_error_rate"":0.0005}","{""detection_events"":840,""detectors_checked"":522240}"
      4096,         0,         0,   0.303,decoder_by_matrix,f0fc70a0432f83ff513e502442839d2eab02e2bed2f658d0464ff826d304e5e7,"{""distance"":5,""physical_error_rate"":0.0005}","{""detection_events"":885,""detectors_checked"":696320}"
      4096,         0,         0,   0.304,decoder_by_matrix,5b8a070a3cf8d31d64f24dbee89f3428cb9cab13fc59f7448d798f9bf08e9187,"{""distance"":5,""physical_error_rate"":0.001}","{""detection_events"":2875,""detectors_checked"":696320}"
      4096,         0,         0,   0.311,decoder_by_matrix,5b8a070a3cf8d31d64f24dbee89f3428cb9cab13fc59f7448d798f9bf08e9187,"{""distance"":5,""physical_error_rate"":0.001}","{""detection_events"":2345,""detectors_checked"":696320}"
     12288,         0,         0,   0.447,decoder_by_matrix,f0fc70a0432f83ff513e502442839d2eab02e2bed2f658d0464ff826d304e5e7,"{""distance"":5,""physical_error_rate"":0.0005}","{""detection_events"":3495,""detectors_checked"":2088960}"
      6144,         0,         0,   0.444,decoder_by_matrix,f0fc70a0432f83ff513e502442839d2eab02e2bed2f658d0464ff826d304e5e7,"{""distance"":5,""physical_error_rate"":0.0005}","{""detection_events"":2020,""detectors_checked"":1044480}"
      6144,         0,         0,   0.447,decoder_by_matrix,f0fc70a0432f83ff513e502442839d2eab02e2bed2f658d0464ff826d304e5e7,"{""distance"":5,""physical_error_rate"":0.0005}","{""detection_events"":1920,""detectors_checked"":1044480}"
      6144,         0,         0,   0.443,decoder_by_matrix,5b8a070a3cf8d31d64f24dbee89f3428cb9cab13fc59f7448d798f9bf08e9187,"{""distance"":5,""physical_error_rate"":0.001}","{""detection_events"":3665,""detectors_checked"":1044480}"
      6144,         0,         0,   0.462,decoder_by_matrix,5b8a070a3cf8d31d64f24dbee89f3428cb9cab13fc59f7448d798f9bf08e9187,"{""distance"":5,""physical_error_rate"":0.001}","{""detection_events"":3225,""detectors_checked"":1044480}"
      6144,         0,         0,   0.394,decoder_by_matrix,5b8a070a3cf8d31d64f24dbee89f3428cb9cab13fc59f7448d798f9bf08e9187,"{""distance"":5,""physical_error_rate"":0.001}","{""detection_events"":3265,""detectors_checked"":1044480}"
      6144,         0,         0,   0.463,decoder_by_matrix,5b8a070a3cf8d31d64f24dbee89f3428cb9cab13fc59f7448d798f9bf08e9187,"{""distance"":5,""physical_error_rate"":0.001}","{""detection_events"":3875,""detectors_checked"":1044480}"
      6144,         0,         0,   0.460,decoder_by_matrix,f0fc70a0432f83ff513e502442839d2eab02e2bed2f658d0464ff826d304e5e7,"{""distance"":5,""physical_error_rate"":0.0005}","{""detection_events"":1575,""detectors_checked"":1044480}"
      6144,         0,         0,   0.463,decoder_by_matrix,f0fc70a0432f83ff513e502442839d2eab02e2bed2f658d0464ff826d304e5e7,"{""distance"":5,""physical_error_rate"":0.0005}","{""detection_events"":1815,""detectors_checked"":1044480}"
      6144,         0,         0,   0.431,decoder_by_matrix,5b8a070a3cf8d31d64f24dbee89f3428cb9cab13fc59f7448d798f9bf08e9187,"{""distance"":5,""physical_error_rate"":0.001}","{""detection_events"":3560,""detectors_checked"":1044480}"
      6144,         0,         0,   0.445,decoder_by_matrix,5b8a070a3cf8d31d64f24dbee89f3428cb9cab13fc59f7448d798f9bf08e9187,"{""distance"":5,""physical_error_rate"":0.001}","{""detection_events"":3555,""detectors_checked"":1044480}"
      6144,         0,         0,   0.467,decoder_by_matrix,f0fc70a0432f83ff513e502442839d2eab02e2bed2f658d0464ff826d304e5e7,"{""distance"":5,""physical_error_rate"":0.0005}","{""detection_events"":1535,""detectors_checked"":1044480}"
      6144,         0,         0,   0.470,decoder_by_matrix,f0fc70a0432f83ff513e502442839d2eab02e2bed2f658d0464ff826d304e5e7,"{""distance"":5,""physical_error_rate"":0.0005}","{""detection_events"":1785,""detectors_checked"":1044480}"
      6144,         0,         0,   0.469,decoder_by_matrix,f0fc70a0432f83ff513e502442839d2eab02e2bed2f658d0464ff826d304e5e7,"{""distance"":5,""physical_error_rate"":0.0005}","{""detection_events"":1625,""detectors_checked"":1044480}"
      6144,         0,         0,   0.451,decoder_by_matrix,5b8a070a3cf8d31d64f24dbee89f3428cb9cab13fc59f7448d798f9bf08e9187,"{""distance"":5,""physical_error_rate"":0.001}","{""detection_events"":3305,""detectors_checked"":1044480}"
      6144,         0,         0,   0.462,decoder_by_matrix,5b8a070a3cf8d31d64f24dbee89f3428cb9cab13fc59f7448d798f9bf08e9187,"{""distance"":5,""physical_error_rate"":0.001}","{""detection_events"":3500,""detectors_checked"":1044480}"
     14336,         0,         0,   0.594,decoder_by_matrix,f0fc70a0432f83ff513e502442839d2eab02e2bed2f658d0464ff826d304e5e7,"{""distance"":5,""physical_error_rate"":0.0005}","{""detection_events"":3825,""detectors_checked"":2437120}"
      8192,         0,         0,   0.617,decoder_by_matrix,f0fc70a0432f83ff513e502442839d2eab02e2bed2f658d0464ff826d304e5e7,"{""distance"":5,""physical_error_rate"":0.0005}","{""detection_events"":1860,""detectors_checked"":1392640}"
      8192,         0,         0,   0.602,decoder_by_matrix,f0fc70a0432f83ff513e502442839d2eab02e2bed2f658d0464ff826d304e5e7,"{""distance"":5,""physical_error_rate"":0.0005}","{""detection_events"":2475,""detectors_checked"":1392640}"
     12288,         0,         0,   0.583,decoder_by_matrix,5b8a070a3cf8d31d64f24dbee89f3428cb9cab13fc59f7448d798f9bf08e9187,"{""distance"":5,""physical_error_rate"":0.001}","{""detection_events"":7360,""detectors_checked"":2088960}"
      8192,         0,         0,   0.608,decoder_by_matrix,5b8a070a3cf8d31d64f24dbee89f3428cb9cab13fc59f7448d798f9bf08e9187,"{""distance"":5,""physical_error_rate"":0.001}","{""detection_events"":4790,""detectors_checked"":1392640}"
      8192,         0,         0,   0.612,decoder_by_matrix,5b8a070a3cf8d31d64f24dbee89f3428cb9cab13fc59f7448d798f9bf08e9187,"{""distance"":5,""physical_error_rate"":0.001}","{""detection_events"":4285,""detectors_checked"":1392640}"
      7168,         0,         0,   0.563,decoder_by_matrix,5b8a070a3cf8d31d64f24dbee89f3428cb9cab13fc59f7448d798f9bf08e9187,"{""distance"":5,""physical_error_rate"":0.001}","{""detection_events"":4145,""detectors_checked"":1218560}"
      8192,         0,         0,   0.563,decoder_by_matrix,f0fc70a0432f83ff513e502442839d2eab02e2bed2f658d0464ff826d304e5e7,"{""distance"":5,""physical_error_rate"":0.0005}","{""detection_events"":2575,""detectors_checked"":1392640}"
      8192,         0,         0,   0.596,decoder_by_matrix,5b8a070a3cf8d31d64f24dbee89f3428cb9cab13fc59f7448d798f9bf08e9187,"{""distance"":5,""physical_error_rate"":0.001}","{""detection_events"":4775,""detectors_checked"":1392640}"
      8192,         0,         0,   0.618,decoder_by_matrix,5b8a070a3cf8d31d64f24dbee89f3428cb9cab13fc59f7448d798f9bf08e9187,"{""distance"":5,""physical_error_rate"":0.001}","{""detection_events"":4190,""detectors_checked"":1392640}"
      8192,         0,         0,   0.621,decoder_by_matrix,f0fc70a0432f83ff513e502442839d2eab02e2bed2f658d0464ff826d304e5e7,"{""distance"":5,""physical_error_rate"":0.0005}","{""detection_events"":2160,""detectors_checked"":1392640}"
      7168,         0,         0,   0.569,decoder_by_matrix,f0fc70a0432f83ff513e502442839d2eab02e2bed2f658d0464ff826d304e5e7,"{""distance"":5,""physical_error_rate"":0.0005}","{""detection_events"":1850,""detectors_checked"":1218560}"
      8192,         0,         0,   0.603,decoder_by_matrix,f0fc70a0432f83ff513e502442839d2eab02e2bed2f658d0464ff826d304e5e7,"{""distance"":5,""physical_error_rate"":0.0005}","{""detection_events"":2290,""detectors_checked"":1392640}"
      8192,         0,         0,   0.589,decoder_by_matrix,f0fc70a0432f83ff513e502442839d2eab02e2bed2f658d0464ff826d304e5e7,"{""distance"":5,""physical_error_rate"":0.0005}","{""detection_events"":2280,""detectors_checked"":1392640}"
      8192,         0,         0,   0.629,decoder_by_matrix,5b8a070a3cf8d31d64f24dbee89f3428cb9cab13fc59f7448d798f9bf08e9187,"{""distance"":5,""physical_error_rate"":0.001}","{""detection_events"":4200,""detectors_checked"":1392640}"
      8192,         0,         0,   0.626,decoder_by_matrix,5b8a070a3cf8d31d64f24dbee89f3428cb9cab13fc59f7448d798f9bf08e9187,"{""distance"":5,""physical_error_rate"":0.001}","{""detection_events"":4715,""detectors_checked"":1392640}"
     19456,         0,         0,   0.831,decoder_by_matrix,f0fc70a0432f83ff513e502442839d2eab02e2bed2f658d0464ff826d304e5e7,"{""distance"":5,""physical_error_rate"":0.0005}","{""detection_events"":5515,""detectors_checked"":3307520}"
     11264,         0,         0,   0.828,decoder_by_matrix,f0fc70a0432f83ff513e502442839d2eab02e2bed2f658d0464ff826d304e5e7,"{""distance"":5,""physical_error_rate"":0.0005}","{""detection_events"":2745,""detectors_checked"":1914880}"
     15360,         0,         0,   0.792,decoder_by_matrix,5b8a070a3cf8d31d64f24dbee89f3428cb9cab13fc59f7448d798f9bf08e9187,"{""distance"":5,""physical_error_rate"":0.001}","{""detection_events"":8390,""detectors_checked"":2611200}"
     11264,         0,         0,   0.831,decoder_by_matrix,f0fc70a0432f83ff513e502442839d2eab02e2bed2f658d0464ff826d304e5e7,"{""distance"":5,""physical_error_rate"":0.0005}","{""detection_events"":3045,""detectors_checked"":1914880}"
     11264,         0,         0,   0.830,decoder_by_matrix,5b8a070a3cf8d31d64f24dbee89f3428cb9cab13fc59f7448d798f9bf08e9187,"{""distance"":5,""physical_error_rate"":0.001}","{""detection_events"":6630,""detectors_checked"":1914880}"
     12288,         0,         0,   0.799,decoder_by_matrix,5b8a070a3cf8d31d64f24dbee89f3428cb9cab13fc59f7448d798f9bf08e9187,"{""distance"":5,""physical_error_rate"":0.001}","{""detection_events"":7010,""detectors_checked"":2088960}"
     11264,         0,         0,   0.826,decoder_by_matrix,5b8a070a3cf8d31d64f24dbee89f3428cb9cab13fc59f7448d798f9bf08e9187,"{""distance"":5,""physical_error_rate"":0.001}","{""detection_events"":6335,""detectors_checked"":1914880}"
     11264,         0,         0,   0.831,decoder_by_matrix,f0fc70a0432f83ff513e502442839d2eab02e2bed2f658d0464ff826d304e5e7,"{""distance"":5,""physical_error_rate"":0.0005}","{""detection_events"":3075,""detectors_checked"":1914880}"
     11264,         0,         0,   0.827,decoder_by_matrix,5b8a070a3cf8d31d64f24dbee89f3428cb9cab13fc59f7448d798f9bf08e9187,"{""distance"":5,""physical_error_rate"":0.001}","{""detection_events"":6595,""detectors_checked"":1914880}"
     11264,         0,         0,   0.812,decoder_by_matrix,f0fc70a0432f83ff513e502442839d2eab02e2bed2f658d0464ff826d304e5e7,"{""distance"":5,""physical_error_rate"":0.0005}","{""detection_events"":3205,""detectors_checked"":1914880}"
     11264,         0,         0,   0.852,decoder_by_matrix,5b8a070a3cf8d31d64f24dbee89f3428cb9cab13fc59f7448d798f9bf08e9187,"{""distance"":5,""physical_error_rate"":0.001}","{""detection_events"":5825,""detectors_checked"":1914880}"
     10240,         0,         0,   0.850,decoder_by_matrix,f0fc70a0432f83ff513e502442839d2eab02e2bed2f658d0464ff826d304e5e7,"{""distance"":5,""physical_error_rate"":0.0005}","{""detection_events"":2950,""detectors_checked"":1740800}"
     11264,         0,         0,   0.825,decoder_by_matrix,f0fc70a0432f83ff513e502442839d2eab02e2bed2f658d0464ff826d304e5e7,"{""distance"":5,""physical_error_rate"":0.0005}","{""detection_events"":3075,""detectors_checked"":1914880}"
     11264,         0,         0,   0.868,decoder_by_matrix,f0fc70a0432f83ff513e502442839d2eab02e2bed2f658d0464ff826d304e5e7,"{""distance"":5,""physical_error_rate"":0.0005}","{""detection_events"":3370,""detectors_checked"":1914880}"
     11264,         0,         0,   0.837,decoder_by_matrix,5b8a070a3cf8d31d64f24dbee89f3428cb9cab13fc59f7448d798f9bf08e9187,"{""distance"":5,""physical_error_rate"":0.001}","{""detection_events"":5710,""detectors_checked"":1914880}"
     11264,         0,         0,   0.842,decoder_by_matrix,5b8a070a3cf8d31d64f24dbee89f3428cb9cab13fc59f7448d798f9bf08e9187,"{""distance"":5,""physical_error_rate"":0.001}","{""detection_events"":6935,""detectors_checked"":1914880}"
     29696,         0,         0,    1.11,decoder_by_matrix,f0fc70a0432f83ff513e502442839d2eab02e2bed2f658d0464ff826d304e5e7,"{""distance"":5,""physical_error_rate"":0.0005}","{""detection_events"":8110,""detectors_checked"":5048320}"
     13312,         0,         0,    1.11,decoder_by_matrix,f0fc70a0432f83ff513e502442839d2eab02e2bed2f658d0464ff826d304e5e7,"{""distance"":5,""physical_error_rate"":0.0005}","{""detection_events"":3945,""detectors_checked"":2263040}"
     27648,         0,         0,    1.12,decoder_by_matrix,5b8a070a3cf8d31d64f24dbee89f3428cb9cab13fc59f7448d798f9bf08e9187,"{""distance"":5,""physical_error_rate"":0.001}","{""detection_events"":16535,""detectors_checked"":4700160}"
     26624,         1,         0,    1.12,decoder_by_matrix,5b8a070a3cf8d31d64f24dbee89f3428cb9cab13fc59f7448d798f9bf08e9187,"{""distance"":5,""physical_error_rate"":0.001}","{""detection_events"":15855,""detectors_checked"":4526080,""obs_mistake_mask=E_"":1}"
     15360,         0,         0,    1.13,decoder_by_matrix,5b8a070a3cf8d31d64f24dbee89f3428cb9cab13fc59f7448d798f9bf08e9187,"{""distance"":5,""physical_error_rate"":0.001}","{""detection_events"":9110,""detectors_checked"":2611200}"
     15360,         0,         0,    1.15,decoder_by_matrix,5b8a070a3cf8d31d64f24dbee89f3428cb9cab13fc59f7448d798f9bf08e9187,"{""distance"":5,""physical_error_rate"":0.001}","{""detection_events"":8220,""detectors_checked"":2611200}"
     15360,         0,         0,    1.11,decoder_by_matrix,f0fc70a0432f83ff513e502442839d2eab02e2bed2f658d0464ff826d304e5e7,"{""distance"":5,""physical_error_rate"":0.0005}","{""detection_events"":4130,""detectors_checked"":2611200}"
     13312,         0,         0,    1.13,decoder_by_matrix,f0fc70a0432f83ff513e502442839d2eab02e2bed2f658d0464ff826d304e5e7,"{""distance"":5,""physical_error_rate"":0.0005}","{""detection_events"":3820,""detectors_checked"":2263040}"
     14336,         0,         0,    1.21,decoder_by_matrix,f0fc70a0432f83ff513e502442839d2eab02e2bed2f658d0464ff826d304e5e7,"{""distance"":5,""physical_error_rate"":0.0005}","{""detection_events"":3995,""detectors_checked"":2437120}"
     13312,         0,         0,    1.13,decoder_by_matrix,5b8a070a3cf8d31d64f24dbee89f3428cb9cab13fc59f7448d798f9bf08e9187,"{""distance"":5,""physical_error_rate"":0.001}","{""detection_events"":7355,""detectors_checked"":2263040}"
     14336,         0,         0,    1.16,decoder_by_matrix,5b8a070a3cf8d31d64f24dbee89f3428cb9cab13fc59f7448d798f9bf08e9187,"{""distance"":5,""physical_error_rate"":0.001}","{""detection_events"":8420,""detectors_checked"":2437120}"
     14336,         0,         0,    1.11,decoder_by_matrix,f0fc70a0432f83ff513e502442839d2eab02e2bed2f658d0464ff826d304e5e7,"{""distance"":5,""physical_error_rate"":0.0005}","{""detection_events"":4250,""detectors_checked"":2437120}"
     22528,         0,         0,    1.11,decoder_by_matrix,f0fc70a0432f83ff513e502442839d2eab02e2bed2f658d0464ff826d304e5e7,"{""distance"":5,""physical_error_rate"":0.0005}","{""detection_events"":7040,""detectors_checked"":3829760}"
     14336,         0,         0,    1.20,decoder_by_matrix,f0fc70a0432f83ff513e502442839d2eab02e2bed2f658d0464ff826d304e5e7,"{""distance"":5,""physical_error_rate"":0.0005}","{""detection_events"":4070,""detectors_checked"":2437120}"
     14336,         0,         0,    1.15,decoder_by_matrix,5b8a070a3cf8d31d64f24dbee89f3428cb9cab13fc59f7448d798f9bf08e9187,"{""distance"":5,""physical_error_rate"":0.001}","{""detection_events"":8430,""detectors_checked"":2437120}"
     15360,         0,         0,    1.16,decoder_by_matrix,5b8a070a3cf8d31d64f24dbee89f3428cb9cab13fc59f7448d798f9bf08e9187,"{""distance"":5,""physical_error_rate"":0.001}","{""detection_events"":8705,""detectors_checked"":2611200}"
     41984,         0,         0,    1.58,decoder_by_matrix,f0fc70a0432f83ff513e502442839d2eab02e2bed2f658d0464ff826d304e5e7,"{""distance"":5,""physical_error_rate"":0.0005}","{""detection_events"":11805,""detectors_checked"":7137280}"
     40960,         0,         0,    1.56,decoder_by_matrix,5b8a070a3cf8d31d64f24dbee89f3428cb9cab13fc59f7448d798f9bf08e9187,"{""distance"":5,""physical_error_rate"":0.001}","{""detection_events"":23565,""detectors_checked"":6963200}"
     15360,         0,         0,    1.60,decoder_by_matrix,f0fc70a0432f83ff513e502442839d2eab02e2bed2f658d0464ff826d304e5e7,"{""distance"":5,""physical_error_rate"":0.0005}","{""detection_events"":4005,""detectors_checked"":2611200}"
     38912,         0,         0,    1.58,decoder_by_matrix,5b8a070a3cf8d31d64f24dbee89f3428cb9cab13fc59f7448d798f9bf08e9187,"{""distance"":5,""physical_error_rate"":0.001}","{""detection_events"":23075,""detectors_checked"":6615040}"
     20480,         0,         0,    1.59,decoder_by_matrix,5b8a070a3cf8d31d64f24dbee89f3428cb9cab13fc59f7448d798f9bf08e9187,"{""distance"":5,""physical_error_rate"":0.001}","{""detection_events"":11805,""detectors_checked"":3481600}"
     21504,         0,         0,    1.54,decoder_by_matrix,5b8a070a3cf8d31d64f24dbee89f3428cb9cab13fc59f7448d798f9bf08e9187,"{""distance"":5,""physical_error_rate"":0.001}","{""detection_events"":11400,""detectors_checked"":3655680}"
     16384,         0,         0,    1.55,decoder_by_matrix,f0fc70a0432f83ff513e502442839d2eab02e2bed2f658d0464ff826d304e5e7,"{""distance"":5,""physical_error_rate"":0.0005}","{""detection_events"":4845,""detectors_checked"":2785280}"
     21504,         0,         0,    1.56,decoder_by_matrix,f0fc70a0432f83ff513e502442839d2eab02e2bed2f658d0464ff826d304e5e7,"{""distance"":5,""physical_error_rate"":0.0005}","{""detection_events"":6420,""detectors_checked"":3655680}"
     16384,         0,         0,    1.56,decoder_by_matrix,f0fc70a0432f83ff513e502442839d2eab02e2bed2f658d0464ff826d304e5e7,"{""distance"":5,""physical_error_rate"":0.0005}","{""detection_events"":4555,""detectors_checked"":2785280}"
     20480,         0,         0,    1.58,decoder_by_matrix,5b8a070a3cf8d31d64f24dbee89f3428cb9cab13fc59f7448d798f9bf08e9187,"{""distance"":5,""physical_error_rate"":0.001}","{""detection_events"":11215,""detectors_checked"":3481600}"
     20480,         0,         0,    1.60,decoder_by_matrix,5b8a070a3cf8d31d64f24dbee89f3428cb9cab13fc59f7448d798f9bf08e9187,"{""distance"":5,""physical_error_rate"":0.001}","{""detection_events"":12540,""detectors_checked"":3481600}"
     39936,         0,         0,    1.58,decoder_by_matrix,f0fc70a0432f83ff513e502442839d2eab02e2bed2f658d0464ff826d304e5e7,"{""distance"":5,""physical_error_rate"":0.0005}","{""detection_events"":11330,""detectors_checked"":6789120}"
     19456,         0,         0,    1.62,decoder_by_matrix,f0fc70a0432f83ff513e502442839d2eab02e2bed2f658d0464ff826d304e5e7,"{""distance"":5,""physical_error_rate"":0.0005}","{""detection_events"":5280,""detectors_checked"":3307520}"
     19456,         0,         0,    1.61,decoder_by_matrix,f0fc70a0432f83ff513e502442839d2eab02e2bed2f658d0464ff826d304e5e7,"{""distance"":5,""physical_error_rate"":0.0005}","{""detection_events"":5640,""detectors_checked"":3307520}"
     20480,         0,         0,    1.58,decoder_by_matrix,5b8a070a3cf8d31d64f24dbee89f3428cb9cab13fc59f7448d798f9bf08e9187,"{""distance"":5,""physical_error_rate"":0.001}","{""detection_events"":11860,""detectors_checked"":3481600}"
     22528,         0,         0,    1.60,decoder_by_matrix,5b8a070a3cf8d31d64f24dbee89f3428cb9cab13fc59f7448d798f9bf08e9187,"{""distance"":5,""physical_error_rate"":0.001}","{""detection_events"":13010,""detectors_checked"":3829760}"
     51200,         0,         0,    2.19,decoder_by_matrix,f0fc70a0432f83ff513e502442839d2eab02e2bed2f658d0464ff826d304e5e7,"{""distance"":5,""physical_error_rate"":0.0005}","{""detection_events"":13575,""detectors_checked"":8704000}"
     50176,         0,         0,    2.21,decoder_by_matrix,5b8a070a3cf8d31d64f24dbee89f3428cb9cab13fc59f7448d798f9bf08e9187,"{""distance"":5,""physical_error_rate"":0.001}","{""detection_events"":26650,""detectors_checked"":8529920}"
     34816,         0,         0,    2.21,decoder_by_matrix,f0fc70a0432f83ff513e502442839d2eab02e2bed2f658d0464ff826d304e5e7,"{""distance"":5,""physical_error_rate"":0.0005}","{""detection_events"":9985,""detectors_checked"":5918720}"
     47104,         0,         0,    2.19,decoder_by_matrix,5b8a070a3cf8d31d64f24dbee89f3428cb9cab13fc59f7448d798f9bf08e9187,"{""distance"":5,""physical_error_rate"":0.001}","{""detection_events"":27310,""detectors_checked"":8007680}"
     23552,         0,         0,    2.18,decoder_by_matrix,f0fc70a0432f83ff513e502442839d2eab02e2bed2f658d0464ff826d304e5e7,"{""distance"":5,""physical_error_rate"":0.0005}","{""detection_events"":6370,""detectors_checked"":4003840}"
     29696,         0,         0,    2.23,decoder_by_matrix,5b8a070a3cf8d31d64f24dbee89f3428cb9cab13fc59f7448d798f9bf08e9187,"{""distance"":5,""physical_error_rate"":0.001}","{""detection_events"":15970,""detectors_checked"":5048320}"
     24576,         0,         0,    2.22,decoder_by_matrix,5b8a070a3cf8d31d64f24dbee89f3428cb9cab13fc59f7448d798f9bf08e9187,"{""distance"":5,""physical_error_rate"":0.001}","{""detection_events"":14200,""detectors_checked"":4177920}"
     29696,         0,         0,    2.21,decoder_by_matrix,f0fc70a0432f83ff513e502442839d2eab02e2bed2f658d0464ff826d304e5e7,"{""distance"":5,""physical_error_rate"":0.0005}","{""detection_events"":8255,""detectors_checked"":5048320}"
     29696,         0,         0,    2.16,decoder_by_matrix,5b8a070a3cf8d31d64f24dbee89f3428cb9cab13fc59f7448d798f9bf08e9187,"{""distance"":5,""physical_error_rate"":0.001}","{""detection_events"":16195,""detectors_checked"":5048320}"
     29696,         0,         0,    2.22,decoder_by_matrix,f0fc70a0432f83ff513e502442839d2eab02e2bed2f658d0464ff826d304e5e7,"{""distance"":5,""physical_error_rate"":0.0005}","{""detection_events"":9095,""detectors_checked"":5048320}"
     51200,         0,         0,    2.17,decoder_by_matrix,f0fc70a0432f83ff513e502442839d2eab02e2bed2f658d0464ff826d304e5e7,"{""distance"":5,""physical_error_rate"":0.0005}","{""detection_events"":13935,""detectors_checked"":8704000}"
     29696,         0,         0,    2.23,decoder_by_matrix,5b8a070a3cf8d31d64f24dbee89f3428cb9cab13fc59f7448d798f9bf08e9187,"{""distance"":5,""physical_error_rate"":0.001}","{""detection_events"":17115,""detectors_checked"":5048320}"
     20480,         0,         0,    2.23,decoder_by_matrix,f0fc70a0432f83ff513e502442839d2eab02e2bed2f658d0464ff826d304e5e7,"{""distance"":5,""physical_error_rate"":0.0005}","{""detection_events"":5195,""detectors_checked"":3481600}"
     29696,         0,         0,    2.18,decoder_by_matrix,f0fc70a0432f83ff513e502442839d2eab02e2bed2f658d0464ff826d304e5e7,"{""distance"":5,""physical_error_rate"":0.0005}","{""detection_events"":8970,""detectors_checked"":5048320}"
     28672,         0,         0,    2.23,decoder_by_matrix,5b8a070a3cf8d31d64f24dbee89f3428cb9cab13fc59f7448d798f9bf08e9187,"{""distance"":5,""physical_error_rate"":0.001}","{""detection_events"":17180,""detectors_checked"":4874240}"
     30720,         0,         0,    2.19,decoder_by_matrix,5b8a070a3cf8d31d64f24dbee89f3428cb9cab13fc59f7448d798f9bf08e9187,"{""distance"":5,""physical_error_rate"":0.001}","{""detection_events"":16735,""detectors_checked"":5222400}"
     77824,         0,         0,    3.05,decoder_by_matrix,f0fc70a0432f83ff513e502442839d2eab02e2bed2f658d0464ff826d304e5e7,"{""distance"":5,""physical_error_rate"":0.0005}","{""detection_events"":22120,""detectors_checked"":13230080}"
     79872,         0,         0,    3.07,decoder_by_matrix,5b8a070a3cf8d31d64f24dbee89f3428cb9cab13fc59f7448d798f9bf08e9187,"{""distance"":5,""physical_error_rate"":0.001}","{""detection_events"":45930,""detectors_checked"":13578240}"
     38912,         0,         0,    3.10,decoder_by_matrix,f0fc70a0432f83ff513e502442839d2eab02e2bed2f658d0464ff826d304e5e7,"{""distance"":5,""physical_error_rate"":0.0005}","{""detection_events"":9840,""detectors_checked"":6615040}"
     78848,         0,         0,    3.06,decoder_by_matrix,5b8a070a3cf8d31d64f24dbee89f3428cb9cab13fc59f7448d798f9bf08e9187,"{""distance"":5,""physical_error_rate"":0.001}","{""detection_events"":43880,""detectors_checked"":13404160}"
     36864,         0,         0,    3.05,decoder_by_matrix,5b8a070a3cf8d31d64f24dbee89f3428cb9cab13fc59f7448d798f9bf08e9187,"{""distance"":5,""physical_error_rate"":0.001}","{""detection_events"":21850,""detectors_checked"":6266880}"
     37888,         0,         0,    3.07,decoder_by_matrix,f0fc70a0432f83ff513e502442839d2eab02e2bed2f658d0464ff826d304e5e7,"{""distance"":5,""physical_error_rate"":0.0005}","{""detection_events"":9585,""detectors_checked"":6440960}"
     41984,         0,         0,    3.07,decoder_by_matrix,f0fc70a0432f83ff513e502442839d2eab02e2bed2f658d0464ff826d304e5e7,"{""distance"":5,""physical_error_rate"":0.0005}","{""detection_events"":11625,""detectors_checked"":7137280}"
     29696,         0,         0,    3.10,decoder_by_matrix,5b8a070a3cf8d31d64f24dbee89f3428cb9cab13fc59f7448d798f9bf08e9187,"{""distance"":5,""physical_error_rate"":0.001}","{""detection_events"":16070,""detectors_checked"":5048320}"
     39936,         0,         0,    3.08,decoder_by_matrix,5b8a070a3cf8d31d64f24dbee89f3428cb9cab13fc59f7448d798f9bf08e9187,"{""distance"":5,""physical_error_rate"":0.001}","{""detection_events"":21215,""detectors_checked"":6789120}"
     79872,         0,         0,    3.07,decoder_by_matrix,f0fc70a0432f83ff513e502442839d2eab02e2bed2f658d0464ff826d304e5e7,"{""distance"":5,""physical_error_rate"":0.0005}","{""detection_events"":22890,""detectors_checked"":13578240}"
     38912,         0,         0,    3.10,decoder_by_matrix,f0fc70a0432f83ff513e502442839d2eab02e2bed2f658d0464ff826d304e5e7,"{""distance"":5,""physical_error_rate"":0.0005}","{""detection_events"":12285,""detectors_checked"":6615040}"
     39936,         0,         0,    3.09,decoder_by_matrix,5b8a070a3cf8d31d64f24dbee89f3428cb9cab13fc59f7448d798f9bf08e9187,"{""distance"":5,""physical_error_rate"":0.001}","{""detection_events"":23525,""detectors_checked"":6789120}"
     37888,         0,         0,    3.09,decoder_by_matrix,f0fc70a0432f83ff513e502442839d2eab02e2bed2f658d0464ff826d304e5e7,"{""distance"":5,""physical_error_rate"":0.0005}","{""detection_events"":11325,""detectors_checked"":6440960}"
     30720,         0,         0,    3.08,decoder_by_matrix,f0fc70a0432f83ff513e502442839d2eab02e2bed2f658d0464ff826d304e5e7,"{""distance"":5,""physical_error_rate"":0.0005}","{""detection_events"":9265,""detectors_checked"":5222400}"
     29696,         0,         0,    3.04,decoder_by_matrix,5b8a070a3cf8d31d64f24dbee89f3428cb9cab13fc59f7448d798f9bf08e9187,"{""distance"":5,""physical_error_rate"":0.001}","{""detection_events"":17850,""detectors_checked"":5048320}"
     39936,         0,         0,    3.05,decoder_by_matrix,5b8a070a3cf8d31d64f24dbee89f3428cb9cab13fc59f7448d798f9bf08e9187,"{""distance"":5,""physical_error_rate"":0.001}","{""detection_events"":21805,""detectors_checked"":6789120}"
     98304,         0,         0,    4.29,decoder_by_matrix,f0fc70a0432f83ff513e502442839d2eab02e2bed2f658d0464ff826d304e5e7,"{""distance"":5,""physical_error_rate"":0.0005}","{""detection_events"":27670,""detectors_checked"":16711680}"
    110592,         0,         0,    4.26,decoder_by_matrix,5b8a070a3cf8d31d64f24dbee89f3428cb9cab13fc59f7448d798f9bf08e9187,"{""distance"":5,""physical_error_rate"":0.001}","{""detection_events"":62730,""detectors_checked"":18800640}"
     39936,         0,         0,    4.30,decoder_by_matrix,f0fc70a0432f83ff513e502442839d2eab02e2bed2f658d0464ff826d304e5e7,"{""distance"":5,""physical_error_rate"":0.0005}","{""detection_events"":11115,""detectors_checked"":6789120}"
     99328,         0,         0,    4.28,decoder_by_matrix,5b8a070a3cf8d31d64f24dbee89f3428cb9cab13fc59f7448d798f9bf08e9187,"{""distance"":5,""physical_error_rate"":0.001}","{""detection_events"":55650,""detectors_checked"":16885760}"
     38912,         0,         0,    4.33,decoder_by_matrix,5b8a070a3cf8d31d64f24dbee89f3428cb9cab13fc59f7448d798f9bf08e9187,"{""distance"":5,""physical_error_rate"":0.001}","{""detection_events"":21570,""detectors_checked"":6615040}"
     59392,         0,         0,    4.28,decoder_by_matrix,f0fc70a0432f83ff513e502442839d2eab02e2bed2f658d0464ff826d304e5e7,"{""distance"":5,""physical_error_rate"":0.0005}","{""detection_events"":16055,""detectors_checked"":10096640}"
     57344,         0,         0,    4.31,decoder_by_matrix,f0fc70a0432f83ff513e502442839d2eab02e2bed2f658d0464ff826d304e5e7,"{""distance"":5,""physical_error_rate"":0.0005}","{""detection_events"":16905,""detectors_checked"":9748480}"
    108544,         0,         0,    4.27,decoder_by_matrix,f0fc70a0432f83ff513e502442839d2eab02e2bed2f658d0464ff826d304e5e7,"{""distance"":5,""physical_error_rate"":0.0005}","{""detection_events"":29995,""detectors_checked"":18452480}"
     38912,         0,         0,    4.31,decoder_by_matrix,5b8a070a3cf8d31d64f24dbee89f3428cb9cab13fc59f7448d798f9bf08e9187,"{""distance"":5,""physical_error_rate"":0.001}","{""detection_events"":21365,""detectors_checked"":6615040}"
     57344,         0,         0,    4.29,decoder_by_matrix,5b8a070a3cf8d31d64f24dbee89f3428cb9cab13fc59f7448d798f9bf08e9187,"{""distance"":5,""physical_error_rate"":0.001}","{""detection_events"":34745,""detectors_checked"":9748480}"
     56320,         0,         0,    4.26,decoder_by_matrix,5b8a070a3cf8d31d64f24dbee89f3428cb9cab13fc59f7448d798f9bf08e9187,"{""distance"":5,""physical_error_rate"":0.001}","{""detection_events"":33135,""detectors_checked"":9574400}"
     39936,         0,         0,    4.31,decoder_by_matrix,f0fc70a0432f83ff513e502442839d2eab02e2bed2f658d0464ff826d304e5e7,"{""distance"":5,""physical_error_rate"":0.0005}","{""detection_events"":10270,""detectors_checked"":6789120}"
     54272,         0,         0,    4.26,decoder_by_matrix,f0fc70a0432f83ff513e502442839d2eab02e2bed2f658d0464ff826d304e5e7,"{""distance"":5,""physical_error_rate"":0.0005}","{""detection_events"":16485,""detectors_checked"":9226240}"
     52224,         0,         0,    4.31,decoder_by_matrix,f0fc70a0432f83ff513e502442839d2eab02e2bed2f658d0464ff826d304e5e7,"{""distance"":5,""physical_error_rate"":0.0005}","{""detection_events"":15330,""detectors_checked"":8878080}"
     57344,         0,         0,    4.27,decoder_by_matrix,5b8a070a3cf8d31d64f24dbee89f3428cb9cab13fc59f7448d798f9bf08e9187,"{""distance"":5,""physical_error_rate"":0.001}","{""detection_events"":31685,""detectors_checked"":9748480}"
     39936,         0,         0,    4.33,decoder_by_matrix,5b8a070a3cf8d31d64f24dbee89f3428cb9cab13fc59f7448d798f9bf08e9187,"{""distance"":5,""physical_error_rate"":0.001}","{""detection_events"":22360,""detectors_checked"":6789120}"
   1488896,         2,         0,   119.6,decoder_by_matrix,5b8a070a3cf8d31d64f24dbee89f3428cb9cab13fc59f7448d798f9bf08e9187,"{""distance"":5,""physical_error_rate"":0.001}","{""detection_events"":849120,""detectors_checked"":253112320,""obs_mistake_mask=E_"":1,""obs_mistake_mask=_E"":1}"
    139264,         0,         0,    5.97,decoder_by_matrix,f0fc70a0432f83ff513e502442839d2eab02e2bed2f658d0464ff826d304e5e7,"{""distance"":5,""physical_error_rate"":0.0005}","{""detection_events"":38645,""detectors_checked"":23674880}"
    146432,         0,         0,    5.96,decoder_by_matrix,5b8a070a3cf8d31d64f24dbee89f3428cb9cab13fc59f7448d798f9bf08e9187,"{""distance"":5,""physical_error_rate"":0.001}","{""detection_events"":80680,""detectors_checked"":24893440}"
    151552,         0,         0,    5.96,decoder_by_matrix,5b8a070a3cf8d31d64f24dbee89f3428cb9cab13fc59f7448d798f9bf08e9187,"{""distance"":5,""physical_error_rate"":0.001}","{""detection_events"":86235,""detectors_checked"":25763840}"
     80896,         0,         0,    5.97,decoder_by_matrix,f0fc70a0432f83ff513e502442839d2eab02e2bed2f658d0464ff826d304e5e7,"{""distance"":5,""physical_error_rate"":0.0005}","{""detection_events"":21870,""detectors_checked"":13752320}"
     81920,         0,         0,    6.00,decoder_by_matrix,f0fc70a0432f83ff513e502442839d2eab02e2bed2f658d0464ff826d304e5e7,"{""distance"":5,""physical_error_rate"":0.0005}","{""detection_events"":24920,""detectors_checked"":13926400}"
     80896,         0,         0,    5.99,decoder_by_matrix,f0fc70a0432f83ff513e502442839d2eab02e2bed2f658d0464ff826d304e5e7,"{""distance"":5,""physical_error_rate"":0.0005}","{""detection_events"":22425,""detectors_checked"":13752320}"
     55296,         0,         0,    6.03,decoder_by_matrix,5b8a070a3cf8d31d64f24dbee89f3428cb9cab13fc59f7448d798f9bf08e9187,"{""distance"":5,""physical_error_rate"":0.001}","{""detection_events"":32855,""detectors_checked"":9400320}"
     80896,         0,         0,    6.00,decoder_by_matrix,5b8a070a3cf8d31d64f24dbee89f3428cb9cab13fc59f7448d798f9bf08e9187,"{""distance"":5,""physical_error_rate"":0.001}","{""detection_events"":46295,""detectors_checked"":13752320}"
    129024,         0,         0,    6.01,decoder_by_matrix,f0fc70a0432f83ff513e502442839d2eab02e2bed2f658d0464ff826d304e5e7,"{""distance"":5,""physical_error_rate"":0.0005}","{""detection_events"":37130,""detectors_checked"":21934080}"
     65536,         0,         0,    6.03,decoder_by_matrix,5b8a070a3cf8d31d64f24dbee89f3428cb9cab13fc59f7448d798f9bf08e9187,"{""distance"":5,""physical_error_rate"":0.001}","{""detection_events"":35220,""detectors_checked"":11141120}"
     74752,         0,         0,    5.95,decoder_by_matrix,f0fc70a0432f83ff513e502442839d2eab02e2bed2f658d0464ff826d304e5e7,"{""distance"":5,""physical_error_rate"":0.0005}","{""detection_events"":21185,""detectors_checked"":12707840}"
     72704,         0,         0,    5.98,decoder_by_matrix,f0fc70a0432f83ff513e502442839d2eab02e2bed2f658d0464ff826d304e5e7,"{""distance"":5,""physical_error_rate"":0.0005}","{""detection_events"":20460,""detectors_checked"":12359680}"
     68608,         0,         0,    6.02,decoder_by_matrix,5b8a070a3cf8d31d64f24dbee89f3428cb9cab13fc59f7448d798f9bf08e9187,"{""distance"":5,""physical_error_rate"":0.001}","{""detection_events"":39145,""detectors_checked"":11663360}"
     78848,         0,         0,    5.94,decoder_by_matrix,5b8a070a3cf8d31d64f24dbee89f3428cb9cab13fc59f7448d798f9bf08e9187,"{""distance"":5,""physical_error_rate"":0.001}","{""detection_events"":44905,""detectors_checked"":13404160}"
     76800,         0,         0,    6.00,decoder_by_matrix,f0fc70a0432f83ff513e502442839d2eab02e2bed2f658d0464ff826d304e5e7,"{""distance"":5,""physical_error_rate"":0.0005}","{""detection_events"":21960,""detectors_checked"":13056000}"
     65536,         0,         0,    6.00,decoder_by_matrix,5b8a070a3cf8d31d64f24dbee89f3428cb9cab13fc59f7448d798f9bf08e9187,"{""distance"":5,""physical_error_rate"":0.001}","{""detection_events"":37805,""detectors_checked"":11141120}"
    458752,         0,         0,    32.0,decoder_by_matrix,f0fc70a0432f83ff513e502442839d2eab02e2bed2f658d0464ff826d304e5e7,"{""distance"":5,""physical_error_rate"":0.0005}","{""detection_events"":131575,""detectors_checked"":77987840}"
    429056,         1,         0,    32.1,decoder_by_matrix,f0fc70a0432f83ff513e502442839d2eab02e2bed2f658d0464ff826d304e5e7,"{""distance"":5,""physical_error_rate"":0.0005}","{""detection_events"":121005,""detectors_checked"":72939520,""obs_mistake_mask=_E"":1}"
    386048,         0,         0,    32.1,decoder_by_matrix,5b8a070a3cf8d31d64f24dbee89f3428cb9cab13fc59f7448d798f9bf08e9187,"{""distance"":5,""physical_error_rate"":0.001}","{""detection_events"":223550,""detectors_checked"":65628160}"
    433152,         1,         0,    32.0,decoder_by_matrix,5b8a070a3cf8d31d64f24dbee89f3428cb9cab13fc59f7448d798f9bf08e9187,"{""distance"":5,""physical_error_rate"":0.001}","{""detection_events"":242480,""detectors_checked"":73635840,""obs_mistake_mask=E_"":1}"
    403456,         0,         0,    32.1,decoder_by_matrix,5b8a070a3cf8d31d64f24dbee89f3428cb9cab13fc59f7448d798f9bf08e9187,"{""distance"":5,""physical_error_rate"":0.001}","{""detection_events"":231490,""detectors_checked"":68587520}"
    408576,         0,         0,    32.0,decoder_by_matrix,f0fc70a0432f83ff513e502442839d2eab02e2bed2f658d0464ff826d304e5e7,"{""distance"":5,""physical_error_rate"":0.0005}","{""detection_events"":117380,""detectors_checked"":69457920}"
    391168,         0,         0,    32.0,decoder_by_matrix,5b8a070a3cf8d31d64f24dbee89f3428cb9cab13fc59f7448d798f9bf08e9187,"{""distance"":5,""physical_error_rate"":0.001}","{""detection_events"":222600,""detectors_checked"":66498560}"
    419840,         0,         0,    32.1,decoder_by_matrix,f0fc70a0432f83ff513e502442839d2eab02e2bed2f658d0464ff826d304e5e7,"{""distance"":5,""physical_error_rate"":0.0005}","{""detection_events"":120520,""detectors_checked"":71372800}"
   1527808,         2,         0,   119.5,decoder_by_matrix,5b8a070a3cf8d31d64f24dbee89f3428cb9cab13fc59f7448d798f9bf08e9187,"{""distance"":5,""physical_error_rate"":0.001}","{""detection_events"":866135,""detectors_checked"":259727360,""obs_mistake_mask=EE"":1,""obs_mistake_mask=E_"":1}"
   1555456,         0,         0,   119.5,decoder_by_matrix,f0fc70a0432f83ff513e502442839d2eab02e2bed2f658d0464ff826d304e5e7,"{""distance"":5,""physical_error_rate"":0.0005}","{""detection_events"":443390,""detectors_checked"":264427520}"
    197632,         0,         0,    8.34,decoder_by_matrix,f0fc70a0432f83ff513e502442839d2eab02e2bed2f658d0464ff826d304e5e7,"{""distance"":5,""physical_error_rate"":0.0005}","{""detection_events"":53715,""detectors_checked"":33597440}"
   1556480,         1,         0,   119.7,decoder_by_matrix,5b8a070a3cf8d31d64f24dbee89f3428cb9cab13fc59f7448d798f9bf08e9187,"{""distance"":5,""physical_error_rate"":0.001}","{""detection_events"":875115,""detectors_checked"":264601600,""obs_mistake_mask=E_"":1}"
    146432,         0,         0,    8.41,decoder_by_matrix,5b8a070a3cf8d31d64f24dbee89f3428cb9cab13fc59f7448d798f9bf08e9187,"{""distance"":5,""physical_error_rate"":0.001}","{""detection_events"":83460,""detectors_checked"":24893440}"
    138240,         0,         0,    8.38,decoder_by_matrix,5b8a070a3cf8d31d64f24dbee89f3428cb9cab13fc59f7448d798f9bf08e9187,"{""distance"":5,""physical_error_rate"":0.001}","{""detection_events"":77205,""detectors_checked"":23500800}"
    114688,         0,         0,    8.41,decoder_by_matrix,f0fc70a0432f83ff513e502442839d2eab02e2bed2f658d0464ff826d304e5e7,"{""distance"":5,""physical_error_rate"":0.0005}","{""detection_events"":30795,""detectors_checked"":19496960}"
    113664,         0,         0,    8.38,decoder_by_matrix,f0fc70a0432f83ff513e502442839d2eab02e2bed2f658d0464ff826d304e5e7,"{""distance"":5,""physical_error_rate"":0.0005}","{""detection_events"":32290,""detectors_checked"":19322880}"
    111616,         0,         0,    8.34,decoder_by_matrix,5b8a070a3cf8d31d64f24dbee89f3428cb9cab13fc59f7448d798f9bf08e9187,"{""distance"":5,""physical_error_rate"":0.001}","{""detection_events"":65955,""detectors_checked"":18974720}"
    111616,         0,         0,    8.32,decoder_by_matrix,5b8a070a3cf8d31d64f24dbee89f3428cb9cab13fc59f7448d798f9bf08e9187,"{""distance"":5,""physical_error_rate"":0.001}","{""detection_events"":62445,""detectors_checked"":18974720}"
    113664,         0,         0,    8.36,decoder_by_matrix,f0fc70a0432f83ff513e502442839d2eab02e2bed2f658d0464ff826d304e5e7,"{""distance"":5,""physical_error_rate"":0.0005}","{""detection_events"":32230,""detectors_checked"":19322880}"
    112640,         0,         0,    8.32,decoder_by_matrix,5b8a070a3cf8d31d64f24dbee89f3428cb9cab13fc59f7448d798f9bf08e9187,"{""distance"":5,""physical_error_rate"":0.001}","{""detection_events"":64625,""detectors_checked"":19148800}"
    134144,         0,         0,    8.37,decoder_by_matrix,f0fc70a0432f83ff513e502442839d2eab02e2bed2f658d0464ff826d304e5e7,"{""distance"":5,""physical_error_rate"":0.0005}","{""detection_events"":40330,""detectors_checked"":22804480}"
    114688,         0,         0,    8.35,decoder_by_matrix,f0fc70a0432f83ff513e502442839d2eab02e2bed2f658d0464ff826d304e5e7,"{""distance"":5,""physical_error_rate"":0.0005}","{""detection_events"":32295,""detectors_checked"":19496960}"
    116736,         0,         0,    8.41,decoder_by_matrix,f0fc70a0432f83ff513e502442839d2eab02e2bed2f658d0464ff826d304e5e7,"{""distance"":5,""physical_error_rate"":0.0005}","{""detection_events"":32275,""detectors_checked"":19845120}"
    111616,         0,         0,    8.31,decoder_by_matrix,5b8a070a3cf8d31d64f24dbee89f3428cb9cab13fc59f7448d798f9bf08e9187,"{""distance"":5,""physical_error_rate"":0.001}","{""detection_events"":65435,""detectors_checked"":18974720}"
    111616,         0,         0,    8.39,decoder_by_matrix,5b8a070a3cf8d31d64f24dbee89f3428cb9cab13fc59f7448d798f9bf08e9187,"{""distance"":5,""physical_error_rate"":0.001}","{""detection_events"":60110,""detectors_checked"":18974720}"
    110592,         0,         0,    8.37,decoder_by_matrix,f0fc70a0432f83ff513e502442839d2eab02e2bed2f658d0464ff826d304e5e7,"{""distance"":5,""physical_error_rate"":0.0005}","{""detection_events"":31505,""detectors_checked"":18800640}"
    114688,         0,         0,    8.36,decoder_by_matrix,5b8a070a3cf8d31d64f24dbee89f3428cb9cab13fc59f7448d798f9bf08e9187,"{""distance"":5,""physical_error_rate"":0.001}","{""detection_events"":64755,""detectors_checked"":19496960}"
    278528,         0,         0,    11.7,decoder_by_matrix,f0fc70a0432f83ff513e502442839d2eab02e2bed2f658d0464ff826d304e5e7,"{""distance"":5,""physical_error_rate"":0.0005}","{""detection_events"":79995,""detectors_checked"":47349760}"
    256000,         0,         0,    11.7,decoder_by_matrix,5b8a070a3cf8d31d64f24dbee89f3428cb9cab13fc59f7448d798f9bf08e9187,"{""distance"":5,""physical_error_rate"":0.001}","{""detection_events"":147955,""detectors_checked"":43520000}"
    243712,         0,         0,    11.7,decoder_by_matrix,5b8a070a3cf8d31d64f24dbee89f3428cb9cab13fc59f7448d798f9bf08e9187,"{""distance"":5,""physical_error_rate"":0.001}","{""detection_events"":136855,""detectors_checked"":41431040}"
    152576,         0,         0,    11.7,decoder_by_matrix,f0fc70a0432f83ff513e502442839d2eab02e2bed2f658d0464ff826d304e5e7,"{""distance"":5,""physical_error_rate"":0.0005}","{""detection_events"":43180,""detectors_checked"":25937920}"
    153600,         0,         0,    11.7,decoder_by_matrix,f0fc70a0432f83ff513e502442839d2eab02e2bed2f658d0464ff826d304e5e7,"{""distance"":5,""physical_error_rate"":0.0005}","{""detection_events"":44535,""detectors_checked"":26112000}"
    155648,         0,         0,    11.7,decoder_by_matrix,5b8a070a3cf8d31d64f24dbee89f3428cb9cab13fc59f7448d798f9bf08e9187,"{""distance"":5,""physical_error_rate"":0.001}","{""detection_events"":90905,""detectors_checked"":26460160}"
    155648,         0,         0,    11.7,decoder_by_matrix,5b8a070a3cf8d31d64f24dbee89f3428cb9cab13fc59f7448d798f9bf08e9187,"{""distance"":5,""physical_error_rate"":0.001}","{""detection_events"":88525,""detectors_checked"":26460160}"
    158720,         0,         0,    11.7,decoder_by_matrix,f0fc70a0432f83ff513e502442839d2eab02e2bed2f658d0464ff826d304e5e7,"{""distance"":5,""physical_error_rate"":0.0005}","{""detection_events"":44610,""detectors_checked"":26982400}"
    234496,         0,         0,    11.7,decoder_by_matrix,f0fc70a0432f83ff513e502442839d2eab02e2bed2f658d0464ff826d304e5e7,"{""distance"":5,""physical_error_rate"":0.0005}","{""detection_events"":65945,""detectors_checked"":39864320}"
    150528,         1,         0,    11.8,decoder_by_matrix,5b8a070a3cf8d31d64f24dbee89f3428cb9cab13fc59f7448d798f9bf08e9187,"{""distance"":5,""physical_error_rate"":0.001}","{""detection_events"":84435,""detectors_checked"":25589760,""obs_mistake_mask=EE"":1}"
    148480,         0,         0,    11.7,decoder_by_matrix,f0fc70a0432f83ff513e502442839d2eab02e2bed2f658d0464ff826d304e5e7,"{""distance"":5,""physical_error_rate"":0.0005}","{""detection_events"":42305,""detectors_checked"":25241600}"
    144384,         0,         0,    11.7,decoder_by_matrix,f0fc70a0432f83ff513e502442839d2eab02e2bed2f658d0464ff826d304e5e7,"{""distance"":5,""physical_error_rate"":0.0005}","{""detection_events"":40915,""detectors_checked"":24545280}"
    143360,         0,         0,    11.7,decoder_by_matrix,5b8a070a3cf8d31d64f24dbee89f3428cb9cab13fc59f7448d798f9bf08e9187,"{""distance"":5,""physical_error_rate"":0.001}","{""detection_events"":82160,""detectors_checked"":24371200}"
    137216,         0,         0,    11.6,decoder_by_matrix,f0fc70a0432f83ff513e502442839d2eab02e2bed2f658d0464ff826d304e5e7,"{""distance"":5,""physical_error_rate"":0.0005}","{""detection_events"":38615,""detectors_checked"":23326720}"
    149504,         0,         0,    11.7,decoder_by_matrix,5b8a070a3cf8d31d64f24dbee89f3428cb9cab13fc59f7448d798f9bf08e9187,"{""distance"":5,""physical_error_rate"":0.001}","{""detection_events"":86190,""detectors_checked"":25415680}"
    154624,         0,         0,    11.7,decoder_by_matrix,5b8a070a3cf8d31d64f24dbee89f3428cb9cab13fc59f7448d798f9bf08e9187,"{""distance"":5,""physical_error_rate"":0.001}","{""detection_events"":88830,""detectors_checked"":26286080}"
   1521664,         0,         0,   119.7,decoder_by_matrix,f0fc70a0432f83ff513e502442839d2eab02e2bed2f658d0464ff826d304e5e7,"{""distance"":5,""physical_error_rate"":0.0005}","{""detection_events"":433930,""detectors_checked"":258682880}"
   2570240,         6,         0,   119.6,decoder_by_matrix,5b8a070a3cf8d31d64f24dbee89f3428cb9cab13fc59f7448d798f9bf08e9187,"{""distance"":5,""physical_error_rate"":0.001}","{""detection_events"":1463535,""detectors_checked"":436940800,""obs_mistake_mask=E_"":2,""obs_mistake_mask=_E"":4}"
   1542144,         2,         0,   119.4,decoder_by_matrix,5b8a070a3cf8d31d64f24dbee89f3428cb9cab13fc59f7448d798f9bf08e9187,"{""distance"":5,""physical_error_rate"":0.001}","{""detection_events"":880570,""detectors_checked"":262164480,""obs_mistake_mask=E_"":2}"
   1542144,         1,         0,   119.7,decoder_by_matrix,f0fc70a0432f83ff513e502442839d2eab02e2bed2f658d0464ff826d304e5e7,"{""distance"":5,""physical_error_rate"":0.0005}","{""detection_events"":439160,""detectors_checked"":262164480,""obs_mistake_mask=E_"":1}"
   1553408,         1,         0,   119.6,decoder_by_matrix,5b8a070a3cf8d31d64f24dbee89f3428cb9cab13fc59f7448d798f9bf08e9187,"{""distance"":5,""physical_error_rate"":0.001}","{""detection_events"":878150,""detectors_checked"":264079360,""obs_mistake_mask=EE"":1}"
    386048,         0,         0,    16.4,decoder_by_matrix,f0fc70a0432f83ff513e502442839d2eab02e2bed2f658d0464ff826d304e5e7,"{""distance"":5,""physical_error_rate"":0.0005}","{""detection_events"":109590,""detectors_checked"":65628160}"
    372736,         1,         0,    16.4,decoder_by_matrix,5b8a070a3cf8d31d64f24dbee89f3428cb9cab13fc59f7448d798f9bf08e9187,"{""distance"":5,""physical_error_rate"":0.001}","{""detection_events"":211475,""detectors_checked"":63365120,""obs_mistake_mask=_E"":1}"
    334848,         0,         0,    16.4,decoder_by_matrix,5b8a070a3cf8d31d64f24dbee89f3428cb9cab13fc59f7448d798f9bf08e9187,"{""distance"":5,""physical_error_rate"":0.001}","{""detection_events"":192060,""detectors_checked"":56924160}"
    215040,         0,         0,    16.4,decoder_by_matrix,f0fc70a0432f83ff513e502442839d2eab02e2bed2f658d0464ff826d304e5e7,"{""distance"":5,""physical_error_rate"":0.0005}","{""detection_events"":63075,""detectors_checked"":36556800}"
    203776,         0,         0,    16.4,decoder_by_matrix,f0fc70a0432f83ff513e502442839d2eab02e2bed2f658d0464ff826d304e5e7,"{""distance"":5,""physical_error_rate"":0.0005}","{""detection_events"":57490,""detectors_checked"":34641920}"
    218112,         0,         0,    16.4,decoder_by_matrix,5b8a070a3cf8d31d64f24dbee89f3428cb9cab13fc59f7448d798f9bf08e9187,"{""distance"":5,""physical_error_rate"":0.001}","{""detection_events"":121275,""detectors_checked"":37079040}"
    199680,         0,         0,    16.4,decoder_by_matrix,5b8a070a3cf8d31d64f24dbee89f3428cb9cab13fc59f7448d798f9bf08e9187,"{""distance"":5,""physical_error_rate"":0.001}","{""detection_events"":115875,""detectors_checked"":33945600}"
    201728,         0,         0,    16.4,decoder_by_matrix,f0fc70a0432f83ff513e502442839d2eab02e2bed2f658d0464ff826d304e5e7,"{""distance"":5,""physical_error_rate"":0.0005}","{""detection_events"":58460,""detectors_checked"":34293760}"
    214016,         0,         0,    16.4,decoder_by_matrix,5b8a070a3cf8d31d64f24dbee89f3428cb9cab13fc59f7448d798f9bf08e9187,"{""distance"":5,""physical_error_rate"":0.001}","{""detection_events"":116920,""detectors_checked"":36382720}"
    334848,         0,         0,    16.4,decoder_by_matrix,f0fc70a0432f83ff513e502442839d2eab02e2bed2f658d0464ff826d304e5e7,"{""distance"":5,""physical_error_rate"":0.0005}","{""detection_events"":96315,""detectors_checked"":56924160}"
    205824,         1,         0,    16.4,decoder_by_matrix,f0fc70a0432f83ff513e502442839d2eab02e2bed2f658d0464ff826d304e5e7,"{""distance"":5,""physical_error_rate"":0.0005}","{""detection_events"":57410,""detectors_checked"":34990080,""obs_mistake_mask=E_"":1}"
    221184,         0,         0,    16.3,decoder_by_matrix,f0fc70a0432f83ff513e502442839d2eab02e2bed2f658d0464ff826d304e5e7,"{""distance"":5,""physical_error_rate"":0.0005}","{""detection_events"":65130,""detectors_checked"":37601280}"
    210944,         3,         0,    16.3,decoder_by_matrix,5b8a070a3cf8d31d64f24dbee89f3428cb9cab13fc59f7448d798f9bf08e9187,"{""distance"":5,""physical_error_rate"":0.001}","{""detection_events"":117165,""detectors_checked"":35860480,""obs_mistake_mask=E_"":2,""obs_mistake_mask=_E"":1}"
    198656,         0,         0,    16.4,decoder_by_matrix,5b8a070a3cf8d31d64f24dbee89f3428cb9cab13fc59f7448d798f9bf08e9187,"{""distance"":5,""physical_error_rate"":0.001}","{""detection_events"":110980,""detectors_checked"":33771520}"
    207872,         0,         0,    16.4,decoder_by_matrix,f0fc70a0432f83ff513e502442839d2eab02e2bed2f658d0464ff826d304e5e7,"{""distance"":5,""physical_error_rate"":0.0005}","{""detection_events"":58140,""detectors_checked"":35338240}"
    217088,         0,         0,    16.4,decoder_by_matrix,5b8a070a3cf8d31d64f24dbee89f3428cb9cab13fc59f7448d798f9bf08e9187,"{""distance"":5,""physical_error_rate"":0.001}","{""detection_events"":122360,""detectors_checked"":36904960}"
   4232018,        10,         0,    68.4,decoder_by_matrix,5b8a070a3cf8d31d64f24dbee89f3428cb9cab13fc59f7448d798f9bf08e9187,"{""distance"":5,""physical_error_rate"":0.001}","{""detection_events"":2398165,""detectors_checked"":719443060,""obs_mistake_mask=EE"":2,""obs_mistake_mask=E_"":6,""obs_mistake_mask=_E"":2}"
    606208,         0,         0,    44.9,decoder_by_matrix,f0fc70a0432f83ff513e502442839d2eab02e2bed2f658d0464ff826d304e5e7,"{""distance"":5,""physical_error_rate"":0.0005}","{""detection_events"":174640,""detectors_checked"":103055360}"
    588800,         0,         0,    44.8,decoder_by_matrix,f0fc70a0432f83ff513e502442839d2eab02e2bed2f658d0464ff826d304e5e7,"{""distance"":5,""physical_error_rate"":0.0005}","{""detection_events"":169620,""detectors_checked"":100096000}"
    581632,         3,         0,    44.9,decoder_by_matrix,5b8a070a3cf8d31d64f24dbee89f3428cb9cab13fc59f7448d798f9bf08e9187,"{""distance"":5,""physical_error_rate"":0.001}","{""detection_events"":324625,""detectors_checked"":98877440,""obs_mistake_mask=EE"":2,""obs_mistake_mask=E_"":1}"
    584704,         2,         0,    44.8,decoder_by_matrix,5b8a070a3cf8d31d64f24dbee89f3428cb9cab13fc59f7448d798f9bf08e9187,"{""distance"":5,""physical_error_rate"":0.001}","{""detection_events"":329670,""detectors_checked"":99399680,""obs_mistake_mask=E_"":1,""obs_mistake_mask=_E"":1}"
    575488,         0,         0,    44.9,decoder_by_matrix,5b8a070a3cf8d31d64f24dbee89f3428cb9cab13fc59f7448d798f9bf08e9187,"{""distance"":5,""physical_error_rate"":0.001}","{""detection_events"":327565,""detectors_checked"":97832960}"
    551936,         0,         0,    44.9,decoder_by_matrix,f0fc70a0432f83ff513e502442839d2eab02e2bed2f658d0464ff826d304e5e7,"{""distance"":5,""physical_error_rate"":0.0005}","{""detection_events"":152775,""detectors_checked"":93829120}"
    587776,         0,         0,    44.8,decoder_by_matrix,5b8a070a3cf8d31d64f24dbee89f3428cb9cab13fc59f7448d798f9bf08e9187,"{""distance"":5,""physical_error_rate"":0.001}","{""detection_events"":336135,""detectors_checked"":99921920}"
    568320,         0,         0,    44.9,decoder_by_matrix,f0fc70a0432f83ff513e502442839d2eab02e2bed2f658d0464ff826d304e5e7,"{""distance"":5,""physical_error_rate"":0.0005}","{""detection_events"":163445,""detectors_checked"":96614400}"
   1582080,         2,         0,   119.6,decoder_by_matrix,5b8a070a3cf8d31d64f24dbee89f3428cb9cab13fc59f7448d798f9bf08e9187,"{""distance"":5,""physical_error_rate"":0.001}","{""detection_events"":898175,""detectors_checked"":268953600,""obs_mistake_mask=EE"":1,""obs_mistake_mask=E_"":1}"
   1547264,         0,         0,   119.7,decoder_by_matrix,f0fc70a0432f83ff513e502442839d2eab02e2bed2f658d0464ff826d304e5e7,"{""distance"":5,""physical_error_rate"":0.0005}","{""detection_events"":442450,""detectors_checked"":263034880}"
   1593344,         2,         0,   119.6,decoder_by_matrix,5b8a070a3cf8d31d64f24dbee89f3428cb9cab13fc59f7448d798f9bf08e9187,"{""distance"":5,""physical_error_rate"":0.001}","{""detection_events"":902610,""detectors_checked"":270868480,""obs_mistake_mask=E_"":1,""obs_mistake_mask=_E"":1}"
   1505280,         1,         0,   119.5,decoder_by_matrix,f0fc70a0432f83ff513e502442839d2eab02e2bed2f658d0464ff826d304e5e7,"{""distance"":5,""physical_error_rate"":0.0005}","{""detection_events"":428115,""detectors_checked"":255897600,""obs_mistake_mask=E_"":1}"
   1079296,         0,         0,    87.9,decoder_by_matrix,f0fc70a0432f83ff513e502442839d2eab02e2bed2f658d0464ff826d304e5e7,"{""distance"":5,""physical_error_rate"":0.0005}","{""detection_events"":302205,""detectors_checked"":183480320}"
   1233920,         2,         0,    87.9,decoder_by_matrix,5b8a070a3cf8d31d64f24dbee89f3428cb9cab13fc59f7448d798f9bf08e9187,"{""distance"":5,""physical_error_rate"":0.001}","{""detection_events"":703175,""detectors_checked"":209766400,""obs_mistake_mask=_E"":2}"
   1160192,         0,         0,    87.9,decoder_by_matrix,f0fc70a0432f83ff513e502442839d2eab02e2bed2f658d0464ff826d304e5e7,"{""distance"":5,""physical_error_rate"":0.0005}","{""detection_events"":327445,""detectors_checked"":197232640}"
   1104896,         4,         0,    87.9,decoder_by_matrix,5b8a070a3cf8d31d64f24dbee89f3428cb9cab13fc59f7448d798f9bf08e9187,"{""distance"":5,""physical_error_rate"":0.001}","{""detection_events"":631170,""detectors_checked"":187832320,""obs_mistake_mask=EE"":1,""obs_mistake_mask=E_"":1,""obs_mistake_mask=_E"":2}"
   1555456,         1,         0,   119.6,decoder_by_matrix,f0fc70a0432f83ff513e502442839d2eab02e2bed2f658d0464ff826d304e5e7,"{""distance"":5,""physical_error_rate"":0.0005}","{""detection_events"":442825,""detectors_checked"":264427520,""obs_mistake_mask=E_"":1}"
    599481,         0,         0,    46.8,decoder_by_matrix,f0fc70a0432f83ff513e502442839d2eab02e2bed2f658d0464ff826d304e5e7,"{""distance"":5,""physical_error_rate"":0.0005}","{""detection_events"":174455,""detectors_checked"":101911770}"
   1418240,         1,         0,   111.5,decoder_by_matrix,f0fc70a0432f83ff513e502442839d2eab02e2bed2f658d0464ff826d304e5e7,"{""distance"":5,""physical_error_rate"":0.0005}","{""detection_events"":401855,""detectors_checked"":241100800,""obs_mistake_mask=_E"":1}"
   1699840,         0,         0,    90.0,decoder_by_matrix,f0fc70a0432f83ff513e502442839d2eab02e2bed2f658d0464ff826d304e5e7,"{""distance"":5,""physical_error_rate"":0.0005}","{""detection_events"":477170,""detectors_checked"":288972800}"
   1193296,         0,         0,    89.1,decoder_by_matrix,f0fc70a0432f83ff513e502442839d2eab02e2bed2f658d0464ff826d304e5e7,"{""distance"":5,""physical_error_rate"":0.0005}","{""detection_events"":340325,""detectors_checked"":202860320}"
   1091584,         1,         0,    86.8,decoder_by_matrix,f0fc70a0432f83ff513e502442839d2eab02e2bed2f658d0464ff826d304e5e7,"{""distance"":5,""physical_error_rate"":0.0005}","{""detection_events"":311685,""detectors_checked"":185569280,""obs_mistake_mask=E_"":1}"
    530432,         1,         0,    22.9,decoder_by_matrix,f0fc70a0432f83ff513e502442839d2eab02e2bed2f658d0464ff826d304e5e7,"{""distance"":5,""physical_error_rate"":0.0005}","{""detection_events"":152415,""detectors_checked"":90173440,""obs_mistake_mask=_E"":1}"
    479232,         3,         0,    22.9,decoder_by_matrix,5b8a070a3cf8d31d64f24dbee89f3428cb9cab13fc59f7448d798f9bf08e9187,"{""distance"":5,""physical_error_rate"":0.001}","{""detection_events"":272450,""detectors_checked"":81469440,""obs_mistake_mask=EE"":1,""obs_mistake_mask=E_"":2}"
    455680,         0,         0,    22.9,decoder_by_matrix,5b8a070a3cf8d31d64f24dbee89f3428cb9cab13fc59f7448d798f9bf08e9187,"{""distance"":5,""physical_error_rate"":0.001}","{""detection_events"":255490,""detectors_checked"":77465600}"
    289792,         1,         0,    22.9,decoder_by_matrix,f0fc70a0432f83ff513e502442839d2eab02e2bed2f658d0464ff826d304e5e7,"{""distance"":5,""physical_error_rate"":0.0005}","{""detection_events"":84635,""detectors_checked"":49264640,""obs_mistake_mask=E_"":1}"
    309248,         2,         0,    22.7,decoder_by_matrix,f0fc70a0432f83ff513e502442839d2eab02e2bed2f658d0464ff826d304e5e7,"{""distance"":5,""physical_error_rate"":0.0005}","{""detection_events"":89535,""detectors_checked"":52572160,""obs_mistake_mask=EE"":2}"
    306176,         0,         0,    22.9,decoder_by_matrix,5b8a070a3cf8d31d64f24dbee89f3428cb9cab13fc59f7448d798f9bf08e9187,"{""distance"":5,""physical_error_rate"":0.001}","{""detection_events"":173850,""detectors_checked"":52049920}"
    302080,         0,         0,    22.9,decoder_by_matrix,f0fc70a0432f83ff513e502442839d2eab02e2bed2f658d0464ff826d304e5e7,"{""distance"":5,""physical_error_rate"":0.0005}","{""detection_events"":85880,""detectors_checked"":51353600}"
    280576,         0,         0,    22.9,decoder_by_matrix,5b8a070a3cf8d31d64f24dbee89f3428cb9cab13fc59f7448d798f9bf08e9187,"{""distance"":5,""physical_error_rate"":0.001}","{""detection_events"":158440,""detectors_checked"":47697920}"
    451584,         0,         0,    22.9,decoder_by_matrix,f0fc70a0432f83ff513e502442839d2eab02e2bed2f658d0464ff826d304e5e7,"{""distance"":5,""physical_error_rate"":0.0005}","{""detection_events"":127170,""detectors_checked"":76769280}"
    299008,         1,         0,    23.0,decoder_by_matrix,5b8a070a3cf8d31d64f24dbee89f3428cb9cab13fc59f7448d798f9bf08e9187,"{""distance"":5,""physical_error_rate"":0.001}","{""detection_events"":167195,""detectors_checked"":50831360,""obs_mistake_mask=E_"":1}"
    291840,         0,         0,    22.8,decoder_by_matrix,f0fc70a0432f83ff513e502442839d2eab02e2bed2f658d0464ff826d304e5e7,"{""distance"":5,""physical_error_rate"":0.0005}","{""detection_events"":84755,""detectors_checked"":49612800}"
    288768,         0,         0,    22.9,decoder_by_matrix,5b8a070a3cf8d31d64f24dbee89f3428cb9cab13fc59f7448d798f9bf08e9187,"{""distance"":5,""physical_error_rate"":0.001}","{""detection_events"":165705,""detectors_checked"":49090560}"
    295936,         1,         0,    22.9,decoder_by_matrix,f0fc70a0432f83ff513e502442839d2eab02e2bed2f658d0464ff826d304e5e7,"{""distance"":5,""physical_error_rate"":0.0005}","{""detection_events"":85335,""detectors_checked"":50309120,""obs_mistake_mask=E_"":1}"
    291840,         0,         0,    22.9,decoder_by_matrix,f0fc70a0432f83ff513e502442839d2eab02e2bed2f658d0464ff826d304e5e7,"{""distance"":5,""physical_error_rate"":0.0005}","{""detection_events"":83485,""detectors_checked"":49612800}"
    284672,         0,         0,    22.9,decoder_by_matrix,5b8a070a3cf8d31d64f24dbee89f3428cb9cab13fc59f7448d798f9bf08e9187,"{""distance"":5,""physical_error_rate"":0.001}","{""detection_events"":161890,""detectors_checked"":48394240}"
    305152,         1,         0,    23.0,decoder_by_matrix,5b8a070a3cf8d31d64f24dbee89f3428cb9cab13fc59f7448d798f9bf08e9187,"{""distance"":5,""physical_error_rate"":0.001}","{""detection_events"":173770,""detectors_checked"":51875840,""obs_mistake_mask=EE"":1}"
    403162,         0,         0,    16.7,decoder_by_matrix,f0fc70a0432f83ff513e502442839d2eab02e2bed2f658d0464ff826d304e5e7,"{""distance"":5,""physical_error_rate"":0.0005}","{""detection_events"":111605,""detectors_checked"":68537540}"
   1543168,         1,         0,   119.6,decoder_by_matrix,5b8a070a3cf8d31d64f24dbee89f3428cb9cab13fc59f7448d798f9bf08e9187,"{""distance"":5,""physical_error_rate"":0.001}","{""detection_events"":864020,""detectors_checked"":262338560,""obs_mistake_mask=_E"":1}"
    836260,         0,         0,    67.6,decoder_by_matrix,f0fc70a0432f83ff513e502442839d2eab02e2bed2f658d0464ff826d304e5e7,"{""distance"":5,""physical_error_rate"":0.0005}","{""detection_events"":234370,""detectors_checked"":142164200}"
    814080,         0,         0,    63.3,decoder_by_matrix,f0fc70a0432f83ff513e502442839d2eab02e2bed2f658d0464ff826d304e5e7,"{""distance"":5,""physical_error_rate"":0.0005}","{""detection_events"":230535,""detectors_checked"":138393600}"
    628736,         1,         0,    32.1,decoder_by_matrix,5b8a070a3cf8d31d64f24dbee89f3428cb9cab13fc59f7448d798f9bf08e9187,"{""distance"":5,""physical_error_rate"":0.001}","{""detection_events"":353735,""detectors_checked"":106885120,""obs_mistake_mask=_E"":1}"
    602112,         0,         0,    32.1,decoder_by_matrix,5b8a070a3cf8d31d64f24dbee89f3428cb9cab13fc59f7448d798f9bf08e9187,"{""distance"":5,""physical_error_rate"":0.001}","{""detection_events"":343965,""detectors_checked"":102359040}"
    430080,         0,         0,    32.1,decoder_by_matrix,f0fc70a0432f83ff513e502442839d2eab02e2bed2f658d0464ff826d304e5e7,"{""distance"":5,""physical_error_rate"":0.0005}","{""detection_events"":121460,""detectors_checked"":73113600}"
    430080,         0,         0,    32.1,decoder_by_matrix,f0fc70a0432f83ff513e502442839d2eab02e2bed2f658d0464ff826d304e5e7,"{""distance"":5,""physical_error_rate"":0.0005}","{""detection_events"":121795,""detectors_checked"":73113600}"
    433152,         0,         0,    32.0,decoder_by_matrix,f0fc70a0432f83ff513e502442839d2eab02e2bed2f658d0464ff826d304e5e7,"{""distance"":5,""physical_error_rate"":0.0005}","{""detection_events"":121370,""detectors_checked"":73635840}"
    433152,         0,         0,    32.0,decoder_by_matrix,5b8a070a3cf8d31d64f24dbee89f3428cb9cab13fc59f7448d798f9bf08e9187,"{""distance"":5,""physical_error_rate"":0.001}","{""detection_events"":248630,""detectors_checked"":73635840}"
    394240,         0,         0,    32.1,decoder_by_matrix,5b8a070a3cf8d31d64f24dbee89f3428cb9cab13fc59f7448d798f9bf08e9187,"{""distance"":5,""physical_error_rate"":0.001}","{""detection_events"":221975,""detectors_checked"":67020800}"
    408576,         2,         0,    32.1,decoder_by_matrix,5b8a070a3cf8d31d64f24dbee89f3428cb9cab13fc59f7448d798f9bf08e9187,"{""distance"":5,""physical_error_rate"":0.001}","{""detection_events"":230365,""detectors_checked"":69457920,""obs_mistake_mask=E_"":2}"
    571392,         1,         0,    32.0,decoder_by_matrix,f0fc70a0432f83ff513e502442839d2eab02e2bed2f658d0464ff826d304e5e7,"{""distance"":5,""physical_error_rate"":0.0005}","{""detection_events"":160810,""detectors_checked"":97136640,""obs_mistake_mask=E_"":1}"
    425984,         0,         0,    32.0,decoder_by_matrix,f0fc70a0432f83ff513e502442839d2eab02e2bed2f658d0464ff826d304e5e7,"{""distance"":5,""physical_error_rate"":0.0005}","{""detection_events"":121245,""detectors_checked"":72417280}"
    402432,         0,         0,    32.0,decoder_by_matrix,f0fc70a0432f83ff513e502442839d2eab02e2bed2f658d0464ff826d304e5e7,"{""distance"":5,""physical_error_rate"":0.0005}","{""detection_events"":115300,""detectors_checked"":68413440}"
    430080,         0,         0,    32.0,decoder_by_matrix,5b8a070a3cf8d31d64f24dbee89f3428cb9cab13fc59f7448d798f9bf08e9187,"{""distance"":5,""physical_error_rate"":0.001}","{""detection_events"":240010,""detectors_checked"":73113600}"
    406528,         0,         0,    32.1,decoder_by_matrix,f0fc70a0432f83ff513e502442839d2eab02e2bed2f658d0464ff826d304e5e7,"{""distance"":5,""physical_error_rate"":0.0005}","{""detection_events"":115525,""detectors_checked"":69109760}"
    394240,         1,         0,    32.1,decoder_by_matrix,5b8a070a3cf8d31d64f24dbee89f3428cb9cab13fc59f7448d798f9bf08e9187,"{""distance"":5,""physical_error_rate"":0.001}","{""detection_events"":224785,""detectors_checked"":67020800,""obs_mistake_mask=E_"":1}"
    434176,         0,         0,    32.0,decoder_by_matrix,5b8a070a3cf8d31d64f24dbee89f3428cb9cab13fc59f7448d798f9bf08e9187,"{""distance"":5,""physical_error_rate"":0.001}","{""detection_events"":247500,""detectors_checked"":73809920}"
   3275500,         7,         0,    49.0,decoder_by_matrix,5b8a070a3cf8d31d64f24dbee89f3428cb9cab13fc59f7448d798f9bf08e9187,"{""distance"":5,""physical_error_rate"":0.001}","{""detection_events"":1854255,""detectors_checked"":556835000,""obs_mistake_mask=EE"":1,""obs_mistake_mask=E_"":1,""obs_mistake_mask=_E"":5}"
     91870,         0,         0,    7.79,decoder_by_matrix,f0fc70a0432f83ff513e502442839d2eab02e2bed2f658d0464ff826d304e5e7,"{""distance"":5,""physical_error_rate"":0.0005}","{""detection_events"":25885,""detectors_checked"":15617900}"
    656384,         0,         0,    48.2,decoder_by_matrix,f0fc70a0432f83ff513e502442839d2eab02e2bed2f658d0464ff826d304e5e7,"{""distance"":5,""physical_error_rate"":0.0005}","{""detection_events"":182175,""detectors_checked"":111585280}"
    643072,         0,         0,    48.3,decoder_by_matrix,f0fc70a0432f83ff513e502442839d2eab02e2bed2f658d0464ff826d304e5e7,"{""distance"":5,""physical_error_rate"":0.0005}","{""detection_events"":185170,""detectors_checked"":109322240}"
    649216,         0,         0,    48.8,decoder_by_matrix,f0fc70a0432f83ff513e502442839d2eab02e2bed2f658d0464ff826d304e5e7,"{""distance"":5,""physical_error_rate"":0.0005}","{""detection_events"":187200,""detectors_checked"":110366720}"
    653312,         0,         0,    49.6,decoder_by_matrix,f0fc70a0432f83ff513e502442839d2eab02e2bed2f658d0464ff826d304e5e7,"{""distance"":5,""physical_error_rate"":0.0005}","{""detection_events"":189570,""detectors_checked"":111063040}"
    750592,         0,         0,    44.2,decoder_by_matrix,f0fc70a0432f83ff513e502442839d2eab02e2bed2f658d0464ff826d304e5e7,"{""distance"":5,""physical_error_rate"":0.0005}","{""detection_events"":212820,""detectors_checked"":127600640}"
    634516,         1,         0,    49.4,decoder_by_matrix,f0fc70a0432f83ff513e502442839d2eab02e2bed2f658d0464ff826d304e5e7,"{""distance"":5,""physical_error_rate"":0.0005}","{""detection_events"":178775,""detectors_checked"":107867720,""obs_mistake_mask=_E"":1}"
    564224,         0,         0,    44.8,decoder_by_matrix,f0fc70a0432f83ff513e502442839d2eab02e2bed2f658d0464ff826d304e5e7,"{""distance"":5,""physical_error_rate"":0.0005}","{""detection_events"":159285,""detectors_checked"":95918080}"
    548864,         0,         0,    22.7,decoder_by_matrix,f0fc70a0432f83ff513e502442839d2eab02e2bed2f658d0464ff826d304e5e7,"{""distance"":5,""physical_error_rate"":0.0005}","{""detection_events"":158940,""detectors_checked"":93306880}"
    527360,         0,         0,    39.5,decoder_by_matrix,f0fc70a0432f83ff513e502442839d2eab02e2bed2f658d0464ff826d304e5e7,"{""distance"":5,""physical_error_rate"":0.0005}","{""detection_events"":147995,""detectors_checked"":89651200}"
    547840,         0,         0,    44.7,decoder_by_matrix,f0fc70a0432f83ff513e502442839d2eab02e2bed2f658d0464ff826d304e5e7,"{""distance"":5,""physical_error_rate"":0.0005}","{""detection_events"":152920,""detectors_checked"":93132800}"
    633856,         0,         0,    50.2,decoder_by_matrix,f0fc70a0432f83ff513e502442839d2eab02e2bed2f658d0464ff826d304e5e7,"{""distance"":5,""physical_error_rate"":0.0005}","{""detection_events"":179675,""detectors_checked"":107755520}"
    574464,         0,         0,    47.2,decoder_by_matrix,f0fc70a0432f83ff513e502442839d2eab02e2bed2f658d0464ff826d304e5e7,"{""distance"":5,""physical_error_rate"":0.0005}","{""detection_events"":160965,""detectors_checked"":97658880}"
    633856,         0,         0,    49.8,decoder_by_matrix,f0fc70a0432f83ff513e502442839d2eab02e2bed2f658d0464ff826d304e5e7,"{""distance"":5,""physical_error_rate"":0.0005}","{""detection_events"":182130,""detectors_checked"":107755520}"
    491520,         0,         0,    39.5,decoder_by_matrix,f0fc70a0432f83ff513e502442839d2eab02e2bed2f658d0464ff826d304e5e7,"{""distance"":5,""physical_error_rate"":0.0005}","{""detection_events"":140505,""detectors_checked"":83558400}"
    618496,         0,         0,    50.1,decoder_by_matrix,f0fc70a0432f83ff513e502442839d2eab02e2bed2f658d0464ff826d304e5e7,"{""distance"":5,""physical_error_rate"":0.0005}","{""detection_events"":173320,""detectors_checked"":105144320}"
       660,         0,         0,   0.092,decoder_by_matrix,f0fc70a0432f83ff513e502442839d2eab02e2bed2f658d0464ff826d304e5e7,"{""distance"":5,""physical_error_rate"":0.0005}","{""detection_events"":290,""detectors_checked"":112200}"
       660,         0,         0,   0.104,decoder_by_matrix,f0fc70a0432f83ff513e502442839d2eab02e2bed2f658d0464ff826d304e5e7,"{""distance"":5,""physical_error_rate"":0.0005}","{""detection_events"":350,""detectors_checked"":112200}"
    254145,         0,         0,    13.6,decoder_by_matrix,f0fc70a0432f83ff513e502442839d2eab02e2bed2f658d0464ff826d304e5e7,"{""distance"":5,""physical_error_rate"":0.0005}","{""detection_events"":72645,""detectors_checked"":43204650}"
    243556,         0,         0,    9.77,decoder_by_matrix,f0fc70a0432f83ff513e502442839d2eab02e2bed2f658d0464ff826d304e5e7,"{""distance"":5,""physical_error_rate"":0.0005}","{""detection_events"":69075,""detectors_checked"":41404520}"
    233408,         0,         0,    18.5,decoder_by_matrix,f0fc70a0432f83ff513e502442839d2eab02e2bed2f658d0464ff826d304e5e7,"{""distance"":5,""physical_error_rate"":0.0005}","{""detection_events"":66450,""detectors_checked"":39679360}"
    224256,         0,         0,    17.0,decoder_by_matrix,f0fc70a0432f83ff513e502442839d2eab02e2bed2f658d0464ff826d304e5e7,"{""distance"":5,""physical_error_rate"":0.0005}","{""detection_events"":63555,""detectors_checked"":38123520}"
    228352,         0,         0,    17.0,decoder_by_matrix,f0fc70a0432f83ff513e502442839d2eab02e2bed2f658d0464ff826d304e5e7,"{""distance"":5,""physical_error_rate"":0.0005}","{""detection_events"":65745,""detectors_checked"":38819840}"
    223682,         0,         0,    17.3,decoder_by_matrix,f0fc70a0432f83ff513e502442839d2eab02e2bed2f658d0464ff826d304e5e7,"{""distance"":5,""physical_error_rate"":0.0005}","{""detection_events"":63340,""detectors_checked"":38025940}"
    222208,         0,         0,    17.4,decoder_by_matrix,f0fc70a0432f83ff513e502442839d2eab02e2bed2f658d0464ff826d304e5e7,"{""distance"":5,""physical_error_rate"":0.0005}","{""detection_events"":64010,""detectors_checked"":37775360}"
    222208,         0,         0,    17.5,decoder_by_matrix,f0fc70a0432f83ff513e502442839d2eab02e2bed2f658d0464ff826d304e5e7,"{""distance"":5,""physical_error_rate"":0.0005}","{""detection_events"":63995,""detectors_checked"":37775360}"
    223682,         0,         0,    17.4,decoder_by_matrix,f0fc70a0432f83ff513e502442839d2eab02e2bed2f658d0464ff826d304e5e7,"{""distance"":5,""physical_error_rate"":0.0005}","{""detection_events"":61245,""detectors_checked"":38025940}"
    167666,         0,         0,    12.0,decoder_by_matrix,f0fc70a0432f83ff513e502442839d2eab02e2bed2f658d0464ff826d304e5e7,"{""distance"":5,""physical_error_rate"":0.0005}","{""detection_events"":47075,""detectors_checked"":28503220}"
    192512,         0,         0,    12.0,decoder_by_matrix,f0fc70a0432f83ff513e502442839d2eab02e2bed2f658d0464ff826d304e5e7,"{""distance"":5,""physical_error_rate"":0.0005}","{""detection_events"":54485,""detectors_checked"":32727040}"
    161792,         0,         0,    12.0,decoder_by_matrix,f0fc70a0432f83ff513e502442839d2eab02e2bed2f658d0464ff826d304e5e7,"{""distance"":5,""physical_error_rate"":0.0005}","{""detection_events"":44440,""detectors_checked"":27504640}"
    160680,         0,         0,    12.2,decoder_by_matrix,f0fc70a0432f83ff513e502442839d2eab02e2bed2f658d0464ff826d304e5e7,"{""distance"":5,""physical_error_rate"":0.0005}","{""detection_events"":46230,""detectors_checked"":27315600}"
    152576,         0,         0,    11.5,decoder_by_matrix,f0fc70a0432f83ff513e502442839d2eab02e2bed2f658d0464ff826d304e5e7,"{""distance"":5,""physical_error_rate"":0.0005}","{""detection_events"":42485,""detectors_checked"":25937920}"
    149504,         0,         0,    11.6,decoder_by_matrix,f0fc70a0432f83ff513e502442839d2eab02e2bed2f658d0464ff826d304e5e7,"{""distance"":5,""physical_error_rate"":0.0005}","{""detection_events"":43470,""detectors_checked"":25415680}"
    154624,         0,         0,    11.6,decoder_by_matrix,f0fc70a0432f83ff513e502442839d2eab02e2bed2f658d0464ff826d304e5e7,"{""distance"":5,""physical_error_rate"":0.0005}","{""detection_events"":43275,""detectors_checked"":26286080}"
    143360,         0,         0,    11.5,decoder_by_matrix,f0fc70a0432f83ff513e502442839d2eab02e2bed2f658d0464ff826d304e5e7,"{""distance"":5,""physical_error_rate"":0.0005}","{""detection_events"":41435,""detectors_checked"":24371200}"
    147456,         0,         0,    11.7,decoder_by_matrix,f0fc70a0432f83ff513e502442839d2eab02e2bed2f658d0464ff826d304e5e7,"{""distance"":5,""physical_error_rate"":0.0005}","{""detection_events"":41820,""detectors_checked"":25067520}"
    159744,         0,         0,    12.2,decoder_by_matrix,f0fc70a0432f83ff513e502442839d2eab02e2bed2f658d0464ff826d304e5e7,"{""distance"":5,""physical_error_rate"":0.0005}","{""detection_events"":45500,""detectors_checked"":27156480}"
    147456,         0,         0,    12.3,decoder_by_matrix,f0fc70a0432f83ff513e502442839d2eab02e2bed2f658d0464ff826d304e5e7,"{""distance"":5,""physical_error_rate"":0.0005}","{""detection_events"":42005,""detectors_checked"":25067520}"
    148480,         0,         0,    11.7,decoder_by_matrix,f0fc70a0432f83ff513e502442839d2eab02e2bed2f658d0464ff826d304e5e7,"{""distance"":5,""physical_error_rate"":0.0005}","{""detection_events"":40410,""detectors_checked"":25241600}"
    155648,         0,         0,    11.6,decoder_by_matrix,f0fc70a0432f83ff513e502442839d2eab02e2bed2f658d0464ff826d304e5e7,"{""distance"":5,""physical_error_rate"":0.0005}","{""detection_events"":44170,""detectors_checked"":26460160}"
    154624,         0,         0,    11.7,decoder_by_matrix,f0fc70a0432f83ff513e502442839d2eab02e2bed2f658d0464ff826d304e5e7,"{""distance"":5,""physical_error_rate"":0.0005}","{""detection_events"":44175,""detectors_checked"":26286080}"
    153600,         0,         0,    11.7,decoder_by_matrix,f0fc70a0432f83ff513e502442839d2eab02e2bed2f658d0464ff826d304e5e7,"{""distance"":5,""physical_error_rate"":0.0005}","{""detection_events"":45130,""detectors_checked"":26112000}"
    846848,         2,         0,    62.7,decoder_by_matrix,5b8a070a3cf8d31d64f24dbee89f3428cb9cab13fc59f7448d798f9bf08e9187,"{""distance"":5,""physical_error_rate"":0.001}","{""detection_events"":477895,""detectors_checked"":143964160,""obs_mistake_mask=_E"":2}"
    830464,         1,         0,    62.8,decoder_by_matrix,5b8a070a3cf8d31d64f24dbee89f3428cb9cab13fc59f7448d798f9bf08e9187,"{""distance"":5,""physical_error_rate"":0.001}","{""detection_events"":469640,""detectors_checked"":141178880,""obs_mistake_mask=E_"":1}"
     13224,         0,         0,   0.966,decoder_by_matrix,f0fc70a0432f83ff513e502442839d2eab02e2bed2f658d0464ff826d304e5e7,"{""distance"":5,""physical_error_rate"":0.0005}","{""detection_events"":3665,""detectors_checked"":2248080}"
    878592,         2,         0,    62.7,decoder_by_matrix,5b8a070a3cf8d31d64f24dbee89f3428cb9cab13fc59f7448d798f9bf08e9187,"{""distance"":5,""physical_error_rate"":0.001}","{""detection_events"":497930,""detectors_checked"":149360640,""obs_mistake_mask=E_"":1,""obs_mistake_mask=_E"":1}"
     97280,         0,         0,    5.92,decoder_by_matrix,f0fc70a0432f83ff513e502442839d2eab02e2bed2f658d0464ff826d304e5e7,"{""distance"":5,""physical_error_rate"":0.0005}","{""detection_events"":27685,""detectors_checked"":16537600}"
     12200,         0,         0,   0.984,decoder_by_matrix,f0fc70a0432f83ff513e502442839d2eab02e2bed2f658d0464ff826d304e5e7,"{""distance"":5,""physical_error_rate"":0.0005}","{""detection_events"":3385,""detectors_checked"":2074000}"
    804864,         0,         0,    62.8,decoder_by_matrix,5b8a070a3cf8d31d64f24dbee89f3428cb9cab13fc59f7448d798f9bf08e9187,"{""distance"":5,""physical_error_rate"":0.001}","{""detection_events"":458705,""detectors_checked"":136826880}"
     69210,         0,         0,    3.05,decoder_by_matrix,f0fc70a0432f83ff513e502442839d2eab02e2bed2f658d0464ff826d304e5e7,"{""distance"":5,""physical_error_rate"":0.0005}","{""detection_events"":19650,""detectors_checked"":11765700}"
     61765,         0,         0,    4.41,decoder_by_matrix,f0fc70a0432f83ff513e502442839d2eab02e2bed2f658d0464ff826d304e5e7,"{""distance"":5,""physical_error_rate"":0.0005}","{""detection_events"":17880,""detectors_checked"":10500050}"
     59392,         0,         0,    4.34,decoder_by_matrix,f0fc70a0432f83ff513e502442839d2eab02e2bed2f658d0464ff826d304e5e7,"{""distance"":5,""physical_error_rate"":0.0005}","{""detection_events"":17470,""detectors_checked"":10096640}"
     59191,         1,         0,    4.60,decoder_by_matrix,f0fc70a0432f83ff513e502442839d2eab02e2bed2f658d0464ff826d304e5e7,"{""distance"":5,""physical_error_rate"":0.0005}","{""detection_events"":16855,""detectors_checked"":10062470,""obs_mistake_mask=_E"":1}"
     55296,         0,         0,    4.13,decoder_by_matrix,f0fc70a0432f83ff513e502442839d2eab02e2bed2f658d0464ff826d304e5e7,"{""distance"":5,""physical_error_rate"":0.0005}","{""detection_events"":16050,""detectors_checked"":9400320}"
     55296,         0,         0,    4.18,decoder_by_matrix,f0fc70a0432f83ff513e502442839d2eab02e2bed2f658d0464ff826d304e5e7,"{""distance"":5,""physical_error_rate"":0.0005}","{""detection_events"":15955,""detectors_checked"":9400320}"
     56320,         0,         0,    4.13,decoder_by_matrix,f0fc70a0432f83ff513e502442839d2eab02e2bed2f658d0464ff826d304e5e7,"{""distance"":5,""physical_error_rate"":0.0005}","{""detection_events"":15830,""detectors_checked"":9574400}"
     55296,         0,         0,    4.25,decoder_by_matrix,f0fc70a0432f83ff513e502442839d2eab02e2bed2f658d0464ff826d304e5e7,"{""distance"":5,""physical_error_rate"":0.0005}","{""detection_events"":14775,""detectors_checked"":9400320}"
     54250,         0,         0,    2.27,decoder_by_matrix,f0fc70a0432f83ff513e502442839d2eab02e2bed2f658d0464ff826d304e5e7,"{""distance"":5,""physical_error_rate"":0.0005}","{""detection_events"":15560,""detectors_checked"":9222500}"
     46080,         0,         0,    3.49,decoder_by_matrix,f0fc70a0432f83ff513e502442839d2eab02e2bed2f658d0464ff826d304e5e7,"{""distance"":5,""physical_error_rate"":0.0005}","{""detection_events"":14215,""detectors_checked"":7833600}"
     47104,         0,         0,    3.42,decoder_by_matrix,f0fc70a0432f83ff513e502442839d2eab02e2bed2f658d0464ff826d304e5e7,"{""distance"":5,""physical_error_rate"":0.0005}","{""detection_events"":12860,""detectors_checked"":8007680}"
     48128,         0,         0,    3.50,decoder_by_matrix,f0fc70a0432f83ff513e502442839d2eab02e2bed2f658d0464ff826d304e5e7,"{""distance"":5,""physical_error_rate"":0.0005}","{""detection_events"":13310,""detectors_checked"":8181760}"
     50176,         0,         0,    3.68,decoder_by_matrix,f0fc70a0432f83ff513e502442839d2eab02e2bed2f658d0464ff826d304e5e7,"{""distance"":5,""physical_error_rate"":0.0005}","{""detection_events"":14320,""detectors_checked"":8529920}"
     47104,         0,         0,    3.48,decoder_by_matrix,f0fc70a0432f83ff513e502442839d2eab02e2bed2f658d0464ff826d304e5e7,"{""distance"":5,""physical_error_rate"":0.0005}","{""detection_events"":13070,""detectors_checked"":8007680}"
     49152,         0,         0,    3.68,decoder_by_matrix,f0fc70a0432f83ff513e502442839d2eab02e2bed2f658d0464ff826d304e5e7,"{""distance"":5,""physical_error_rate"":0.0005}","{""detection_events"":13410,""detectors_checked"":8355840}"
     46080,         0,         0,    3.50,decoder_by_matrix,f0fc70a0432f83ff513e502442839d2eab02e2bed2f658d0464ff826d304e5e7,"{""distance"":5,""physical_error_rate"":0.0005}","{""detection_events"":13745,""detectors_checked"":7833600}"
     48128,         0,         0,    3.57,decoder_by_matrix,f0fc70a0432f83ff513e502442839d2eab02e2bed2f658d0464ff826d304e5e7,"{""distance"":5,""physical_error_rate"":0.0005}","{""detection_events"":14640,""detectors_checked"":8181760}"
     47104,         0,         0,    3.54,decoder_by_matrix,f0fc70a0432f83ff513e502442839d2eab02e2bed2f658d0464ff826d304e5e7,"{""distance"":5,""physical_error_rate"":0.0005}","{""detection_events"":12530,""detectors_checked"":8007680}"
     51200,         0,         0,    3.76,decoder_by_matrix,f0fc70a0432f83ff513e502442839d2eab02e2bed2f658d0464ff826d304e5e7,"{""distance"":5,""physical_error_rate"":0.0005}","{""detection_events"":14495,""detectors_checked"":8704000}"
     48128,         0,         0,    3.56,decoder_by_matrix,f0fc70a0432f83ff513e502442839d2eab02e2bed2f658d0464ff826d304e5e7,"{""distance"":5,""physical_error_rate"":0.0005}","{""detection_events"":13930,""detectors_checked"":8181760}"
     46080,         0,         0,    3.54,decoder_by_matrix,f0fc70a0432f83ff513e502442839d2eab02e2bed2f658d0464ff826d304e5e7,"{""distance"":5,""physical_error_rate"":0.0005}","{""detection_events"":13870,""detectors_checked"":7833600}"
     44032,         0,         0,    3.59,decoder_by_matrix,f0fc70a0432f83ff513e502442839d2eab02e2bed2f658d0464ff826d304e5e7,"{""distance"":5,""physical_error_rate"":0.0005}","{""detection_events"":12660,""detectors_checked"":7485440}"
      8836,         0,         0,   0.694,decoder_by_matrix,f0fc70a0432f83ff513e502442839d2eab02e2bed2f658d0464ff826d304e5e7,"{""distance"":5,""physical_error_rate"":0.0005}","{""detection_events"":2335,""detectors_checked"":1502120}"
     35840,         0,         0,    2.83,decoder_by_matrix,f0fc70a0432f83ff513e502442839d2eab02e2bed2f658d0464ff826d304e5e7,"{""distance"":5,""physical_error_rate"":0.0005}","{""detection_events"":10560,""detectors_checked"":6092800}"
     37888,         0,         0,    2.84,decoder_by_matrix,f0fc70a0432f83ff513e502442839d2eab02e2bed2f658d0464ff826d304e5e7,"{""distance"":5,""physical_error_rate"":0.0005}","{""detection_events"":9905,""detectors_checked"":6440960}"
      5098,         0,         0,   0.309,decoder_by_matrix,f0fc70a0432f83ff513e502442839d2eab02e2bed2f658d0464ff826d304e5e7,"{""distance"":5,""physical_error_rate"":0.0005}","{""detection_events"":1340,""detectors_checked"":866660}"
     34816,         0,         0,    2.87,decoder_by_matrix,f0fc70a0432f83ff513e502442839d2eab02e2bed2f658d0464ff826d304e5e7,"{""distance"":5,""physical_error_rate"":0.0005}","{""detection_events"":9515,""detectors_checked"":5918720}"
     11519,         0,         0,   0.504,decoder_by_matrix,f0fc70a0432f83ff513e502442839d2eab02e2bed2f658d0464ff826d304e5e7,"{""distance"":5,""physical_error_rate"":0.0005}","{""detection_events"":3185,""detectors_checked"":1958230}"
     15360,         0,         0,    1.20,decoder_by_matrix,f0fc70a0432f83ff513e502442839d2eab02e2bed2f658d0464ff826d304e5e7,"{""distance"":5,""physical_error_rate"":0.0005}","{""detection_events"":4025,""detectors_checked"":2611200}"
      7146,         0,         0,   0.511,decoder_by_matrix,f0fc70a0432f83ff513e502442839d2eab02e2bed2f658d0464ff826d304e5e7,"{""distance"":5,""physical_error_rate"":0.0005}","{""detection_events"":1800,""detectors_checked"":1214820}"
      7146,         0,         0,   0.520,decoder_by_matrix,f0fc70a0432f83ff513e502442839d2eab02e2bed2f658d0464ff826d304e5e7,"{""distance"":5,""physical_error_rate"":0.0005}","{""detection_events"":2240,""detectors_checked"":1214820}"
     16384,         0,         0,    1.21,decoder_by_matrix,f0fc70a0432f83ff513e502442839d2eab02e2bed2f658d0464ff826d304e5e7,"{""distance"":5,""physical_error_rate"":0.0005}","{""detection_events"":5080,""detectors_checked"":2785280}"
     13312,         0,         0,   0.985,decoder_by_matrix,f0fc70a0432f83ff513e502442839d2eab02e2bed2f658d0464ff826d304e5e7,"{""distance"":5,""physical_error_rate"":0.0005}","{""detection_events"":3710,""detectors_checked"":2263040}"
     13312,         0,         0,   0.993,decoder_by_matrix,f0fc70a0432f83ff513e502442839d2eab02e2bed2f658d0464ff826d304e5e7,"{""distance"":5,""physical_error_rate"":0.0005}","{""detection_events"":3610,""detectors_checked"":2263040}"
     13312,         0,         0,   0.974,decoder_by_matrix,f0fc70a0432f83ff513e502442839d2eab02e2bed2f658d0464ff826d304e5e7,"{""distance"":5,""physical_error_rate"":0.0005}","{""detection_events"":3495,""detectors_checked"":2263040}"
     14336,         0,         0,    1.02,decoder_by_matrix,f0fc70a0432f83ff513e502442839d2eab02e2bed2f658d0464ff826d304e5e7,"{""distance"":5,""physical_error_rate"":0.0005}","{""detection_events"":4130,""detectors_checked"":2437120}"
      8170,         0,         0,   0.606,decoder_by_matrix,f0fc70a0432f83ff513e502442839d2eab02e2bed2f658d0464ff826d304e5e7,"{""distance"":5,""physical_error_rate"":0.0005}","{""detection_events"":2220,""detectors_checked"":1388900}"
      7146,         0,         0,   0.561,decoder_by_matrix,f0fc70a0432f83ff513e502442839d2eab02e2bed2f658d0464ff826d304e5e7,"{""distance"":5,""physical_error_rate"":0.0005}","{""detection_events"":2050,""detectors_checked"":1214820}"
       117,         0,         0,   0.062,decoder_by_matrix,f0fc70a0432f83ff513e502442839d2eab02e2bed2f658d0464ff826d304e5e7,"{""distance"":5,""physical_error_rate"":0.0005}","{""detection_events"":60,""detectors_checked"":19890}"
      7168,         0,         0,   0.543,decoder_by_matrix,f0fc70a0432f83ff513e502442839d2eab02e2bed2f658d0464ff826d304e5e7,"{""distance"":5,""physical_error_rate"":0.0005}","{""detection_events"":1740,""detectors_checked"":1218560}"
      8192,         0,         0,   0.582,decoder_by_matrix,f0fc70a0432f83ff513e502442839d2eab02e2bed2f658d0464ff826d304e5e7,"{""distance"":5,""physical_error_rate"":0.0005}","{""detection_events"":2405,""detectors_checked"":1392640}"
      7168,         0,         0,   0.277,decoder_by_matrix,f0fc70a0432f83ff513e502442839d2eab02e2bed2f658d0464ff826d304e5e7,"{""distance"":5,""physical_error_rate"":0.0005}","{""detection_events"":1900,""detectors_checked"":1218560}"
       208,         0,         0,   0.063,decoder_by_matrix,f0fc70a0432f83ff513e502442839d2eab02e2bed2f658d0464ff826d304e5e7,"{""distance"":5,""physical_error_rate"":0.0005}","{""detection_events"":70,""detectors_checked"":35360}"
      8192,         0,         0,   0.583,decoder_by_matrix,f0fc70a0432f83ff513e502442839d2eab02e2bed2f658d0464ff826d304e5e7,"{""distance"":5,""physical_error_rate"":0.0005}","{""detection_events"":2595,""detectors_checked"":1392640}"
      1232,         0,         0,   0.106,decoder_by_matrix,f0fc70a0432f83ff513e502442839d2eab02e2bed2f658d0464ff826d304e5e7,"{""distance"":5,""physical_error_rate"":0.0005}","{""detection_events"":280,""detectors_checked"":209440}"
      8170,         0,         0,   0.614,decoder_by_matrix,f0fc70a0432f83ff513e502442839d2eab02e2bed2f658d0464ff826d304e5e7,"{""distance"":5,""physical_error_rate"":0.0005}","{""detection_events"":3040,""detectors_checked"":1388900}"
      8192,         0,         0,   0.602,decoder_by_matrix,f0fc70a0432f83ff513e502442839d2eab02e2bed2f658d0464ff826d304e5e7,"{""distance"":5,""physical_error_rate"":0.0005}","{""detection_events"":2110,""detectors_checked"":1392640}"
      8192,         0,         0,   0.630,decoder_by_matrix,f0fc70a0432f83ff513e502442839d2eab02e2bed2f658d0464ff826d304e5e7,"{""distance"":5,""physical_error_rate"":0.0005}","{""detection_events"":2275,""detectors_checked"":1392640}"
      8170,         0,         0,   0.615,decoder_by_matrix,f0fc70a0432f83ff513e502442839d2eab02e2bed2f658d0464ff826d304e5e7,"{""distance"":5,""physical_error_rate"":0.0005}","{""detection_events"":2110,""detectors_checked"":1388900}"
      1332,         0,         0,   0.134,decoder_by_matrix,f0fc70a0432f83ff513e502442839d2eab02e2bed2f658d0464ff826d304e5e7,"{""distance"":5,""physical_error_rate"":0.0005}","{""detection_events"":435,""detectors_checked"":226440}"
      5120,         0,         0,   0.357,decoder_by_matrix,f0fc70a0432f83ff513e502442839d2eab02e2bed2f658d0464ff826d304e5e7,"{""distance"":5,""physical_error_rate"":0.0005}","{""detection_events"":1625,""detectors_checked"":870400}"
      2974,         0,         0,   0.127,decoder_by_matrix,f0fc70a0432f83ff513e502442839d2eab02e2bed2f658d0464ff826d304e5e7,"{""distance"":5,""physical_error_rate"":0.0005}","{""detection_events"":875,""detectors_checked"":505580}"
      6144,         0,         0,   0.458,decoder_by_matrix,f0fc70a0432f83ff513e502442839d2eab02e2bed2f658d0464ff826d304e5e7,"{""distance"":5,""physical_error_rate"":0.0005}","{""detection_events"":1815,""detectors_checked"":1044480}"
      5120,         0,         0,   0.389,decoder_by_matrix,f0fc70a0432f83ff513e502442839d2eab02e2bed2f658d0464ff826d304e5e7,"{""distance"":5,""physical_error_rate"":0.0005}","{""detection_events"":1645,""detectors_checked"":870400}"
       781,         0,         0,   0.078,decoder_by_matrix,f0fc70a0432f83ff513e502442839d2eab02e2bed2f658d0464ff826d304e5e7,"{""distance"":5,""physical_error_rate"":0.0005}","{""detection_events"":100,""detectors_checked"":132770}"
      2143,         0,         0,   0.129,decoder_by_matrix,f0fc70a0432f83ff513e502442839d2eab02e2bed2f658d0464ff826d304e5e7,"{""distance"":5,""physical_error_rate"":0.0005}","{""detection_events"":710,""detectors_checked"":364310}"
      3072,         0,         0,   0.220,decoder_by_matrix,f0fc70a0432f83ff513e502442839d2eab02e2bed2f658d0464ff826d304e5e7,"{""distance"":5,""physical_error_rate"":0.0005}","{""detection_events"":950,""detectors_checked"":522240}"
      6555,         0,         0,   0.731,decoder_by_matrix,f0fc70a0432f83ff513e502442839d2eab02e2bed2f658d0464ff826d304e5e7,"{""distance"":5,""physical_error_rate"":0.0005}","{""detection_events"":1685,""detectors_checked"":1114350}"
      4874,         0,         0,   0.376,decoder_by_matrix,f0fc70a0432f83ff513e502442839d2eab02e2bed2f658d0464ff826d304e5e7,"{""distance"":5,""physical_error_rate"":0.0005}","{""detection_events"":1320,""detectors_checked"":828580}"
      2256,         0,         0,   0.203,decoder_by_matrix,f0fc70a0432f83ff513e502442839d2eab02e2bed2f658d0464ff826d304e5e7,"{""distance"":5,""physical_error_rate"":0.0005}","{""detection_events"":640,""detectors_checked"":383520}"
       627,         0,         0,   0.033,decoder_by_matrix,f0fc70a0432f83ff513e502442839d2eab02e2bed2f658d0464ff826d304e5e7,"{""distance"":5,""physical_error_rate"":0.0005}","{""detection_events"":170,""detectors_checked"":106590}"
      2974,         0,         0,   0.200,decoder_by_matrix,f0fc70a0432f83ff513e502442839d2eab02e2bed2f658d0464ff826d304e5e7,"{""distance"":5,""physical_error_rate"":0.0005}","{""detection_events"":760,""detectors_checked"":505580}"
      3072,         0,         0,   0.190,decoder_by_matrix,f0fc70a0432f83ff513e502442839d2eab02e2bed2f658d0464ff826d304e5e7,"{""distance"":5,""physical_error_rate"":0.0005}","{""detection_events"":835,""detectors_checked"":522240}"
      3072,         0,         0,   0.230,decoder_by_matrix,f0fc70a0432f83ff513e502442839d2eab02e2bed2f658d0464ff826d304e5e7,"{""distance"":5,""physical_error_rate"":0.0005}","{""detection_events"":1005,""detectors_checked"":522240}"
       386,         0,         0,   0.064,decoder_by_matrix,f0fc70a0432f83ff513e502442839d2eab02e2bed2f658d0464ff826d304e5e7,"{""distance"":5,""physical_error_rate"":0.0005}","{""detection_events"":125,""detectors_checked"":65620}"
      2292,         0,         0,   0.224,decoder_by_matrix,f0fc70a0432f83ff513e502442839d2eab02e2bed2f658d0464ff826d304e5e7,"{""distance"":5,""physical_error_rate"":0.0005}","{""detection_events"":705,""detectors_checked"":389640}"
       393,         0,         0,   0.075,decoder_by_matrix,f0fc70a0432f83ff513e502442839d2eab02e2bed2f658d0464ff826d304e5e7,"{""distance"":5,""physical_error_rate"":0.0005}","{""detection_events"":250,""detectors_checked"":66810}"
      2989,         0,         0,   0.229,decoder_by_matrix,f0fc70a0432f83ff513e502442839d2eab02e2bed2f658d0464ff826d304e5e7,"{""distance"":5,""physical_error_rate"":0.0005}","{""detection_events"":740,""detectors_checked"":508130}"
      3202,         0,         0,   0.279,decoder_by_matrix,f0fc70a0432f83ff513e502442839d2eab02e2bed2f658d0464ff826d304e5e7,"{""distance"":5,""physical_error_rate"":0.0005}","{""detection_events"":1015,""detectors_checked"":544340}"
      3072,         0,         0,   0.190,decoder_by_matrix,f0fc70a0432f83ff513e502442839d2eab02e2bed2f658d0464ff826d304e5e7,"{""distance"":5,""physical_error_rate"":0.0005}","{""detection_events"":955,""detectors_checked"":522240}"
       274,         0,         0,   0.057,decoder_by_matrix,f0fc70a0432f83ff513e502442839d2eab02e2bed2f658d0464ff826d304e5e7,"{""distance"":5,""physical_error_rate"":0.0005}","{""detection_events"":40,""detectors_checked"":46580}"
      2600,         0,         0,   0.246,decoder_by_matrix,f0fc70a0432f83ff513e502442839d2eab02e2bed2f658d0464ff826d304e5e7,"{""distance"":5,""physical_error_rate"":0.0005}","{""detection_events"":1070,""detectors_checked"":442000}"
      2989,         0,         0,   0.216,decoder_by_matrix,f0fc70a0432f83ff513e502442839d2eab02e2bed2f658d0464ff826d304e5e7,"{""distance"":5,""physical_error_rate"":0.0005}","{""detection_events"":910,""detectors_checked"":508130}"
      3202,         0,         0,   0.256,decoder_by_matrix,f0fc70a0432f83ff513e502442839d2eab02e2bed2f658d0464ff826d304e5e7,"{""distance"":5,""physical_error_rate"":0.0005}","{""detection_events"":880,""detectors_checked"":544340}"
       713,         0,         0,   0.100,decoder_by_matrix,f0fc70a0432f83ff513e502442839d2eab02e2bed2f658d0464ff826d304e5e7,"{""distance"":5,""physical_error_rate"":0.0005}","{""detection_events"":135,""detectors_checked"":121210}"
      3202,         0,         0,   0.294,decoder_by_matrix,f0fc70a0432f83ff513e502442839d2eab02e2bed2f658d0464ff826d304e5e7,"{""distance"":5,""physical_error_rate"":0.0005}","{""detection_events"":875,""detectors_checked"":544340}"
       196,         0,         0,   0.041,decoder_by_matrix,f0fc70a0432f83ff513e502442839d2eab02e2bed2f658d0464ff826d304e5e7,"{""distance"":5,""physical_error_rate"":0.0005}","{""detection_events"":40,""detectors_checked"":33320}"
      2989,         0,         0,   0.217,decoder_by_matrix,f0fc70a0432f83ff513e502442839d2eab02e2bed2f658d0464ff826d304e5e7,"{""distance"":5,""physical_error_rate"":0.0005}","{""detection_events"":835,""detectors_checked"":508130}"
      2466,         0,         0,   0.202,decoder_by_matrix,f0fc70a0432f83ff513e502442839d2eab02e2bed2f658d0464ff826d304e5e7,"{""distance"":5,""physical_error_rate"":0.0005}","{""detection_events"":980,""detectors_checked"":419220}"
      2143,         0,         0,   0.132,decoder_by_matrix,f0fc70a0432f83ff513e502442839d2eab02e2bed2f658d0464ff826d304e5e7,"{""distance"":5,""physical_error_rate"":0.0005}","{""detection_events"":800,""detectors_checked"":364310}"
       386,         0,         0,   0.047,decoder_by_matrix,f0fc70a0432f83ff513e502442839d2eab02e2bed2f658d0464ff826d304e5e7,"{""distance"":5,""physical_error_rate"":0.0005}","{""detection_events"":65,""detectors_checked"":65620}"
        53,         0,         0,   0.050,decoder_by_matrix,f0fc70a0432f83ff513e502442839d2eab02e2bed2f658d0464ff826d304e5e7,"{""distance"":5,""physical_error_rate"":0.0005}","{""detection_events"":5,""detectors_checked"":9010}"
      2048,         0,         0,   0.121,decoder_by_matrix,f0fc70a0432f83ff513e502442839d2eab02e2bed2f658d0464ff826d304e5e7,"{""distance"":5,""physical_error_rate"":0.0005}","{""detection_events"":465,""detectors_checked"":348160}"
       320,         0,         0,   0.062,decoder_by_matrix,f0fc70a0432f83ff513e502442839d2eab02e2bed2f658d0464ff826d304e5e7,"{""distance"":5,""physical_error_rate"":0.0005}","{""detection_events"":50,""detectors_checked"":54400}"
       589,         0,         0,   0.071,decoder_by_matrix,f0fc70a0432f83ff513e502442839d2eab02e2bed2f658d0464ff826d304e5e7,"{""distance"":5,""physical_error_rate"":0.0005}","{""detection_events"":310,""detectors_checked"":100130}"
       120,         0,         0,   0.066,decoder_by_matrix,f0fc70a0432f83ff513e502442839d2eab02e2bed2f658d0464ff826d304e5e7,"{""distance"":5,""physical_error_rate"":0.0005}","{""detectors_checked"":20400}"
        78,         0,         0,   0.037,decoder_by_matrix,f0fc70a0432f83ff513e502442839d2eab02e2bed2f658d0464ff826d304e5e7,"{""distance"":5,""physical_error_rate"":0.0005}","{""detection_events"":70,""detectors_checked"":13260}"
      2989,         0,         0,   0.222,decoder_by_matrix,f0fc70a0432f83ff513e502442839d2eab02e2bed2f658d0464ff826d304e5e7,"{""distance"":5,""physical_error_rate"":0.0005}","{""detection_events"":710,""detectors_checked"":508130}"
      1737,         0,         0,   0.135,decoder_by_matrix,f0fc70a0432f83ff513e502442839d2eab02e2bed2f658d0464ff826d304e5e7,"{""distance"":5,""physical_error_rate"":0.0005}","{""detection_events"":545,""detectors_checked"":295290}"
       323,         0,         0,   0.061,decoder_by_matrix,f0fc70a0432f83ff513e502442839d2eab02e2bed2f658d0464ff826d304e5e7,"{""distance"":5,""physical_error_rate"":0.0005}","{""detection_events"":35,""detectors_checked"":54910}"
       386,         0,         0,   0.061,decoder_by_matrix,f0fc70a0432f83ff513e502442839d2eab02e2bed2f658d0464ff826d304e5e7,"{""distance"":5,""physical_error_rate"":0.0005}","{""detection_events"":60,""detectors_checked"":65620}"
       121,         0,         0,   0.030,decoder_by_matrix,f0fc70a0432f83ff513e502442839d2eab02e2bed2f658d0464ff826d304e5e7,"{""distance"":5,""physical_error_rate"":0.0005}","{""detection_events"":10,""detectors_checked"":20570}"
        39,         0,         0,   0.071,decoder_by_matrix,f0fc70a0432f83ff513e502442839d2eab02e2bed2f658d0464ff826d304e5e7,"{""distance"":5,""physical_error_rate"":0.0005}","{""detectors_checked"":6630}"
   1285120,         3,         0,    18.8,decoder_by_matrix,5b8a070a3cf8d31d64f24dbee89f3428cb9cab13fc59f7448d798f9bf08e9187,"{""distance"":5,""physical_error_rate"":0.001}","{""detection_events"":733395,""detectors_checked"":218470400,""obs_mistake_mask=EE"":2,""obs_mistake_mask=E_"":1}"
   1403904,         3,         0,   106.6,decoder_by_matrix,5b8a070a3cf8d31d64f24dbee89f3428cb9cab13fc59f7448d798f9bf08e9187,"{""distance"":5,""physical_error_rate"":0.001}","{""detection_events"":797050,""detectors_checked"":238663680,""obs_mistake_mask=EE"":1,""obs_mistake_mask=E_"":1,""obs_mistake_mask=_E"":1}"
   1936384,         6,         0,    88.8,decoder_by_matrix,5b8a070a3cf8d31d64f24dbee89f3428cb9cab13fc59f7448d798f9bf08e9187,"{""distance"":5,""physical_error_rate"":0.001}","{""detection_events"":1090625,""detectors_checked"":329185280,""obs_mistake_mask=EE"":2,""obs_mistake_mask=E_"":3,""obs_mistake_mask=_E"":1}"
         1,         0,         0,   0.029,decoder_by_matrix,5b8a070a3cf8d31d64f24dbee89f3428cb9cab13fc59f7448d798f9bf08e9187,"{""distance"":5,""physical_error_rate"":0.001}","{""detectors_checked"":170}"
         1,         0,         0,   0.038,decoder_by_matrix,5b8a070a3cf8d31d64f24dbee89f3428cb9cab13fc59f7448d798f9bf08e9187,"{""distance"":5,""physical_error_rate"":0.001}","{""detectors_checked"":170}"
   1426432,         1,         0,   115.8,decoder_by_matrix,5b8a070a3cf8d31d64f24dbee89f3428cb9cab13fc59f7448d798f9bf08e9187,"{""distance"":5,""physical_error_rate"":0.001}","{""detection_events"":811690,""detectors_checked"":242493440,""obs_mistake_mask=_E"":1}"
   1156096,         4,         0,    88.1,decoder_by_matrix,5b8a070a3cf8d31d64f24dbee89f3428cb9cab13fc59f7448d798f9bf08e9187,"{""distance"":5,""physical_error_rate"":0.001}","{""detection_events"":658155,""detectors_checked"":196536320,""obs_mistake_mask=EE"":2,""obs_mistake_mask=E_"":2}"
        16,         0,         0,   0.032,decoder_by_matrix,5b8a070a3cf8d31d64f24dbee89f3428cb9cab13fc59f7448d798f9bf08e9187,"{""distance"":5,""physical_error_rate"":0.001}","{""detectors_checked"":2720}"
         1,         0,         0,   0.062,decoder_by_matrix,5b8a070a3cf8d31d64f24dbee89f3428cb9cab13fc59f7448d798f9bf08e9187,"{""distance"":5,""physical_error_rate"":0.001}","{""detectors_checked"":170}"
         1,         0,         0,   0.054,decoder_by_matrix,5b8a070a3cf8d31d64f24dbee89f3428cb9cab13fc59f7448d798f9bf08e9187,"{""distance"":5,""physical_error_rate"":0.001}","{""detectors_checked"":170}"
         1,         0,         0,   0.059,decoder_by_matrix,5b8a070a3cf8d31d64f24dbee89f3428cb9cab13fc59f7448d798f9bf08e9187,"{""distance"":5,""physical_error_rate"":0.001}","{""detectors_checked"":170}"
         1,         0,         0,   0.062,decoder_by_matrix,5b8a070a3cf8d31d64f24dbee89f3428cb9cab13fc59f7448d798f9bf08e9187,"{""distance"":5,""physical_error_rate"":0.001}","{""detectors_checked"":170}"
         1,         0,         0,   0.062,decoder_by_matrix,5b8a070a3cf8d31d64f24dbee89f3428cb9cab13fc59f7448d798f9bf08e9187,"{""distance"":5,""physical_error_rate"":0.001}","{""detectors_checked"":170}"
         1,         0,         0,   0.072,decoder_by_matrix,5b8a070a3cf8d31d64f24dbee89f3428cb9cab13fc59f7448d798f9bf08e9187,"{""distance"":5,""physical_error_rate"":0.001}","{""detectors_checked"":170}"
         1,         0,         0,   0.062,decoder_by_matrix,5b8a070a3cf8d31d64f24dbee89f3428cb9cab13fc59f7448d798f9bf08e9187,"{""distance"":5,""physical_error_rate"":0.001}","{""detectors_checked"":170}"
         1,         0,         0,   0.062,decoder_by_matrix,5b8a070a3cf8d31d64f24dbee89f3428cb9cab13fc59f7448d798f9bf08e9187,"{""distance"":5,""physical_error_rate"":0.001}","{""detectors_checked"":170}"
         1,         0,         0,   0.087,decoder_by_matrix,5b8a070a3cf8d31d64f24dbee89f3428cb9cab13fc59f7448d798f9bf08e9187,"{""distance"":5,""physical_error_rate"":0.001}","{""detectors_checked"":170}"
         8,         0,         0,   0.044,decoder_by_matrix,5b8a070a3cf8d31d64f24dbee89f3428cb9cab13fc59f7448d798f9bf08e9187,"{""distance"":5,""physical_error_rate"":0.001}","{""detectors_checked"":1360}"
         1,         0,         0,   0.084,decoder_by_matrix,5b8a070a3cf8d31d64f24dbee89f3428cb9cab13fc59f7448d798f9bf08e9187,"{""distance"":5,""physical_error_rate"":0.001}","{""detectors_checked"":170}"
         1,         0,         0,   0.100,decoder_by_matrix,5b8a070a3cf8d31d64f24dbee89f3428cb9cab13fc59f7448d798f9bf08e9187,"{""distance"":5,""physical_error_rate"":0.001}","{""detectors_checked"":170}"
         1,         0,         0,   0.066,decoder_by_matrix,5b8a070a3cf8d31d64f24dbee89f3428cb9cab13fc59f7448d798f9bf08e9187,"{""distance"":5,""physical_error_rate"":0.001}","{""detectors_checked"":170}"
         1,         0,         0,   0.073,decoder_by_matrix,5b8a070a3cf8d31d64f24dbee89f3428cb9cab13fc59f7448d798f9bf08e9187,"{""distance"":5,""physical_error_rate"":0.001}","{""detectors_checked"":170}"
       256,         0,         0,   0.037,decoder_by_matrix,5b8a070a3cf8d31d64f24dbee89f3428cb9cab13fc59f7448d798f9bf08e9187,"{""distance"":5,""physical_error_rate"":0.001}","{""detection_events"":155,""detectors_checked"":43520}"
   1339392,         6,         0,   108.5,decoder_by_matrix,5b8a070a3cf8d31d64f24dbee89f3428cb9cab13fc59f7448d798f9bf08e9187,"{""distance"":5,""physical_error_rate"":0.001}","{""detection_events"":757420,""detectors_checked"":227696640,""obs_mistake_mask=EE"":1,""obs_mistake_mask=E_"":3,""obs_mistake_mask=_E"":2}"
         1,         0,         0,   0.097,decoder_by_matrix,5b8a070a3cf8d31d64f24dbee89f3428cb9cab13fc59f7448d798f9bf08e9187,"{""distance"":5,""physical_error_rate"":0.001}","{""detectors_checked"":170}"
         1,         0,         0,   0.099,decoder_by_matrix,5b8a070a3cf8d31d64f24dbee89f3428cb9cab13fc59f7448d798f9bf08e9187,"{""distance"":5,""physical_error_rate"":0.001}","{""detectors_checked"":170}"
         1,         0,         0,   0.085,decoder_by_matrix,5b8a070a3cf8d31d64f24dbee89f3428cb9cab13fc59f7448d798f9bf08e9187,"{""distance"":5,""physical_error_rate"":0.001}","{""detectors_checked"":170}"
         1,         0,         0,   0.105,decoder_by_matrix,5b8a070a3cf8d31d64f24dbee89f3428cb9cab13fc59f7448d798f9bf08e9187,"{""distance"":5,""physical_error_rate"":0.001}","{""detectors_checked"":170}"
         1,         0,         0,   0.099,decoder_by_matrix,5b8a070a3cf8d31d64f24dbee89f3428cb9cab13fc59f7448d798f9bf08e9187,"{""distance"":5,""physical_error_rate"":0.001}","{""detectors_checked"":170}"
         1,         0,         0,   0.099,decoder_by_matrix,5b8a070a3cf8d31d64f24dbee89f3428cb9cab13fc59f7448d798f9bf08e9187,"{""distance"":5,""physical_error_rate"":0.001}","{""detectors_checked"":170}"
         1,         0,         0,   0.120,decoder_by_matrix,5b8a070a3cf8d31d64f24dbee89f3428cb9cab13fc59f7448d798f9bf08e9187,"{""distance"":5,""physical_error_rate"":0.001}","{""detectors_checked"":170}"
        64,         0,         0,   0.035,decoder_by_matrix,5b8a070a3cf8d31d64f24dbee89f3428cb9cab13fc59f7448d798f9bf08e9187,"{""distance"":5,""physical_error_rate"":0.001}","{""detection_events"":30,""detectors_checked"":10880}"
         1,         0,         0,   0.107,decoder_by_matrix,5b8a070a3cf8d31d64f24dbee89f3428cb9cab13fc59f7448d798f9bf08e9187,"{""distance"":5,""physical_error_rate"":0.001}","{""detectors_checked"":170}"
         1,         0,         0,   0.109,decoder_by_matrix,5b8a070a3cf8d31d64f24dbee89f3428cb9cab13fc59f7448d798f9bf08e9187,"{""distance"":5,""physical_error_rate"":0.001}","{""detectors_checked"":170}"
         8,         0,         0,   0.062,decoder_by_matrix,5b8a070a3cf8d31d64f24dbee89f3428cb9cab13fc59f7448d798f9bf08e9187,"{""distance"":5,""physical_error_rate"":0.001}","{""detectors_checked"":1360}"
         8,         0,         0,   0.063,decoder_by_matrix,5b8a070a3cf8d31d64f24dbee89f3428cb9cab13fc59f7448d798f9bf08e9187,"{""distance"":5,""physical_error_rate"":0.001}","{""detectors_checked"":1360}"
         8,         0,         0,   0.064,decoder_by_matrix,5b8a070a3cf8d31d64f24dbee89f3428cb9cab13fc59f7448d798f9bf08e9187,"{""distance"":5,""physical_error_rate"":0.001}","{""detectors_checked"":1360}"
         8,         0,         0,   0.064,decoder_by_matrix,5b8a070a3cf8d31d64f24dbee89f3428cb9cab13fc59f7448d798f9bf08e9187,"{""distance"":5,""physical_error_rate"":0.001}","{""detectors_checked"":1360}"
         8,         0,         0,   0.062,decoder_by_matrix,5b8a070a3cf8d31d64f24dbee89f3428cb9cab13fc59f7448d798f9bf08e9187,"{""distance"":5,""physical_error_rate"":0.001}","{""detection_events"":10,""detectors_checked"":1360}"
         8,         0,         0,   0.062,decoder_by_matrix,5b8a070a3cf8d31d64f24dbee89f3428cb9cab13fc59f7448d798f9bf08e9187,"{""distance"":5,""physical_error_rate"":0.001}","{""detection_events"":5,""detectors_checked"":1360}"
      1024,         0,         0,   0.063,decoder_by_matrix,5b8a070a3cf8d31d64f24dbee89f3428cb9cab13fc59f7448d798f9bf08e9187,"{""distance"":5,""physical_error_rate"":0.001}","{""detection_events"":715,""detectors_checked"":174080}"
         4,         0,         0,   0.076,decoder_by_matrix,5b8a070a3cf8d31d64f24dbee89f3428cb9cab13fc59f7448d798f9bf08e9187,"{""distance"":5,""physical_error_rate"":0.001}","{""detectors_checked"":680}"
      1024,         0,         0,   0.039,decoder_by_matrix,5b8a070a3cf8d31d64f24dbee89f3428cb9cab13fc59f7448d798f9bf08e9187,"{""distance"":5,""physical_error_rate"":0.001}","{""detection_events"":635,""detectors_checked"":174080}"
         8,         0,         0,   0.087,decoder_by_matrix,5b8a070a3cf8d31d64f24dbee89f3428cb9cab13fc59f7448d798f9bf08e9187,"{""distance"":5,""physical_error_rate"":0.001}","{""detection_events"":25,""detectors_checked"":1360}"
         4,         0,         0,   0.075,decoder_by_matrix,5b8a070a3cf8d31d64f24dbee89f3428cb9cab13fc59f7448d798f9bf08e9187,"{""distance"":5,""physical_error_rate"":0.001}","{""detectors_checked"":680}"
         4,         0,         0,   0.079,decoder_by_matrix,5b8a070a3cf8d31d64f24dbee89f3428cb9cab13fc59f7448d798f9bf08e9187,"{""distance"":5,""physical_error_rate"":0.001}","{""detectors_checked"":680}"
         8,         0,         0,   0.081,decoder_by_matrix,5b8a070a3cf8d31d64f24dbee89f3428cb9cab13fc59f7448d798f9bf08e9187,"{""distance"":5,""physical_error_rate"":0.001}","{""detectors_checked"":1360}"
         8,         0,         0,   0.088,decoder_by_matrix,5b8a070a3cf8d31d64f24dbee89f3428cb9cab13fc59f7448d798f9bf08e9187,"{""distance"":5,""physical_error_rate"":0.001}","{""detection_events"":5,""detectors_checked"":1360}"
         8,         0,         0,   0.124,decoder_by_matrix,5b8a070a3cf8d31d64f24dbee89f3428cb9cab13fc59f7448d798f9bf08e9187,"{""distance"":5,""physical_error_rate"":0.001}","{""detectors_checked"":1360}"
         4,         0,         0,   0.080,decoder_by_matrix,5b8a070a3cf8d31d64f24dbee89f3428cb9cab13fc59f7448d798f9bf08e9187,"{""distance"":5,""physical_error_rate"":0.001}","{""detectors_checked"":680}"
         4,         0,         0,   0.062,decoder_by_matrix,5b8a070a3cf8d31d64f24dbee89f3428cb9cab13fc59f7448d798f9bf08e9187,"{""distance"":5,""physical_error_rate"":0.001}","{""detectors_checked"":680}"
         4,         0,         0,   0.080,decoder_by_matrix,5b8a070a3cf8d31d64f24dbee89f3428cb9cab13fc59f7448d798f9bf08e9187,"{""distance"":5,""physical_error_rate"":0.001}","{""detectors_checked"":680}"
         4,         0,         0,   0.096,decoder_by_matrix,5b8a070a3cf8d31d64f24dbee89f3428cb9cab13fc59f7448d798f9bf08e9187,"{""distance"":5,""physical_error_rate"":0.001}","{""detectors_checked"":680}"
        64,         0,         0,   0.062,decoder_by_matrix,5b8a070a3cf8d31d64f24dbee89f3428cb9cab13fc59f7448d798f9bf08e9187,"{""distance"":5,""physical_error_rate"":0.001}","{""detection_events"":5,""detectors_checked"":10880}"
        64,         0,         0,   0.064,decoder_by_matrix,5b8a070a3cf8d31d64f24dbee89f3428cb9cab13fc59f7448d798f9bf08e9187,"{""distance"":5,""physical_error_rate"":0.001}","{""detection_events"":40,""detectors_checked"":10880}"
        64,         0,         0,   0.076,decoder_by_matrix,5b8a070a3cf8d31d64f24dbee89f3428cb9cab13fc59f7448d798f9bf08e9187,"{""distance"":5,""physical_error_rate"":0.001}","{""detection_events"":25,""detectors_checked"":10880}"
        64,         0,         0,   0.076,decoder_by_matrix,5b8a070a3cf8d31d64f24dbee89f3428cb9cab13fc59f7448d798f9bf08e9187,"{""distance"":5,""physical_error_rate"":0.001}","{""detection_events"":20,""detectors_checked"":10880}"
        64,         0,         0,   0.076,decoder_by_matrix,5b8a070a3cf8d31d64f24dbee89f3428cb9cab13fc59f7448d798f9bf08e9187,"{""distance"":5,""physical_error_rate"":0.001}","{""detection_events"":10,""detectors_checked"":10880}"
         4,         0,         0,   0.107,decoder_by_matrix,5b8a070a3cf8d31d64f24dbee89f3428cb9cab13fc59f7448d798f9bf08e9187,"{""distance"":5,""physical_error_rate"":0.001}","{""detectors_checked"":680}"
         4,         0,         0,   0.105,decoder_by_matrix,5b8a070a3cf8d31d64f24dbee89f3428cb9cab13fc59f7448d798f9bf08e9187,"{""distance"":5,""physical_error_rate"":0.001}","{""detectors_checked"":680}"
         4,         0,         0,   0.107,decoder_by_matrix,5b8a070a3cf8d31d64f24dbee89f3428cb9cab13fc59f7448d798f9bf08e9187,"{""distance"":5,""physical_error_rate"":0.001}","{""detectors_checked"":680}"
        32,         0,         0,   0.063,decoder_by_matrix,5b8a070a3cf8d31d64f24dbee89f3428cb9cab13fc59f7448d798f9bf08e9187,"{""distance"":5,""physical_error_rate"":0.001}","{""detection_events"":25,""detectors_checked"":5440}"
        64,         0,         0,   0.088,decoder_by_matrix,5b8a070a3cf8d31d64f24dbee89f3428cb9cab13fc59f7448d798f9bf08e9187,"{""distance"":5,""physical_error_rate"":0.001}","{""detection_events"":30,""detectors_checked"":10880}"
        16,         0,         0,   0.076,decoder_by_matrix,5b8a070a3cf8d31d64f24dbee89f3428cb9cab13fc59f7448d798f9bf08e9187,"{""distance"":5,""physical_error_rate"":0.001}","{""detection_events"":40,""detectors_checked"":2720}"
      2048,         0,         0,   0.073,decoder_by_matrix,5b8a070a3cf8d31d64f24dbee89f3428cb9cab13fc59f7448d798f9bf08e9187,"{""distance"":5,""physical_error_rate"":0.001}","{""detection_events"":1070,""detectors_checked"":348160}"
        16,         0,         0,   0.068,decoder_by_matrix,5b8a070a3cf8d31d64f24dbee89f3428cb9cab13fc59f7448d798f9bf08e9187,"{""distance"":5,""physical_error_rate"":0.001}","{""detection_events"":30,""detectors_checked"":2720}"
         4,         0,         0,   0.113,decoder_by_matrix,5b8a070a3cf8d31d64f24dbee89f3428cb9cab13fc59f7448d798f9bf08e9187,"{""distance"":5,""physical_error_rate"":0.001}","{""detectors_checked"":680}"
        32,         0,         0,   0.075,decoder_by_matrix,5b8a070a3cf8d31d64f24dbee89f3428cb9cab13fc59f7448d798f9bf08e9187,"{""distance"":5,""physical_error_rate"":0.001}","{""detectors_checked"":5440}"
      2048,         0,         0,   0.088,decoder_by_matrix,5b8a070a3cf8d31d64f24dbee89f3428cb9cab13fc59f7448d798f9bf08e9187,"{""distance"":5,""physical_error_rate"":0.001}","{""detection_events"":1230,""detectors_checked"":348160}"
         4,         0,         0,   0.098,decoder_by_matrix,5b8a070a3cf8d31d64f24dbee89f3428cb9cab13fc59f7448d798f9bf08e9187,"{""distance"":5,""physical_error_rate"":0.001}","{""detection_events"":5,""detectors_checked"":680}"
        16,         0,         0,   0.080,decoder_by_matrix,5b8a070a3cf8d31d64f24dbee89f3428cb9cab13fc59f7448d798f9bf08e9187,"{""distance"":5,""physical_error_rate"":0.001}","{""detection_events"":5,""detectors_checked"":2720}"
        16,         0,         0,   0.075,decoder_by_matrix,5b8a070a3cf8d31d64f24dbee89f3428cb9cab13fc59f7448d798f9bf08e9187,"{""distance"":5,""physical_error_rate"":0.001}","{""detection_events"":15,""detectors_checked"":2720}"
        32,         0,         0,   0.070,decoder_by_matrix,5b8a070a3cf8d31d64f24dbee89f3428cb9cab13fc59f7448d798f9bf08e9187,"{""distance"":5,""physical_error_rate"":0.001}","{""detection_events"":10,""detectors_checked"":5440}"
        32,         0,         0,   0.077,decoder_by_matrix,5b8a070a3cf8d31d64f24dbee89f3428cb9cab13fc59f7448d798f9bf08e9187,"{""distance"":5,""physical_error_rate"":0.001}","{""detectors_checked"":5440}"
        16,         0,         0,   0.074,decoder_by_matrix,5b8a070a3cf8d31d64f24dbee89f3428cb9cab13fc59f7448d798f9bf08e9187,"{""distance"":5,""physical_error_rate"":0.001}","{""detectors_checked"":2720}"
        32,         0,         0,   0.101,decoder_by_matrix,5b8a070a3cf8d31d64f24dbee89f3428cb9cab13fc59f7448d798f9bf08e9187,"{""distance"":5,""physical_error_rate"":0.001}","{""detection_events"":25,""detectors_checked"":5440}"
        16,         0,         0,   0.063,decoder_by_matrix,5b8a070a3cf8d31d64f24dbee89f3428cb9cab13fc59f7448d798f9bf08e9187,"{""distance"":5,""physical_error_rate"":0.001}","{""detectors_checked"":2720}"
       512,         0,         0,   0.076,decoder_by_matrix,5b8a070a3cf8d31d64f24dbee89f3428cb9cab13fc59f7448d798f9bf08e9187,"{""distance"":5,""physical_error_rate"":0.001}","{""detection_events"":340,""detectors_checked"":87040}"
       256,         0,         0,   0.075,decoder_by_matrix,5b8a070a3cf8d31d64f24dbee89f3428cb9cab13fc59f7448d798f9bf08e9187,"{""distance"":5,""physical_error_rate"":0.001}","{""detection_events"":250,""detectors_checked"":43520}"
       256,         0,         0,   0.075,decoder_by_matrix,5b8a070a3cf8d31d64f24dbee89f3428cb9cab13fc59f7448d798f9bf08e9187,"{""distance"":5,""physical_error_rate"":0.001}","{""detection_events"":145,""detectors_checked"":43520}"
       256,         0,         0,   0.075,decoder_by_matrix,5b8a070a3cf8d31d64f24dbee89f3428cb9cab13fc59f7448d798f9bf08e9187,"{""distance"":5,""physical_error_rate"":0.001}","{""detection_events"":110,""detectors_checked"":43520}"
       256,         0,         0,   0.064,decoder_by_matrix,5b8a070a3cf8d31d64f24dbee89f3428cb9cab13fc59f7448d798f9bf08e9187,"{""distance"":5,""physical_error_rate"":0.001}","{""detection_events"":175,""detectors_checked"":43520}"
      1024,         0,         0,   0.061,decoder_by_matrix,5b8a070a3cf8d31d64f24dbee89f3428cb9cab13fc59f7448d798f9bf08e9187,"{""distance"":5,""physical_error_rate"":0.001}","{""detection_events"":430,""detectors_checked"":174080}"
        16,         0,         0,   0.090,decoder_by_matrix,5b8a070a3cf8d31d64f24dbee89f3428cb9cab13fc59f7448d798f9bf08e9187,"{""distance"":5,""physical_error_rate"":0.001}","{""detectors_checked"":2720}"
       512,         0,         0,   0.094,decoder_by_matrix,5b8a070a3cf8d31d64f24dbee89f3428cb9cab13fc59f7448d798f9bf08e9187,"{""distance"":5,""physical_error_rate"":0.001}","{""detection_events"":365,""detectors_checked"":87040}"
       256,         0,         0,   0.070,decoder_by_matrix,5b8a070a3cf8d31d64f24dbee89f3428cb9cab13fc59f7448d798f9bf08e9187,"{""distance"":5,""physical_error_rate"":0.001}","{""detection_events"":245,""detectors_checked"":43520}"
        16,         0,         0,   0.093,decoder_by_matrix,5b8a070a3cf8d31d64f24dbee89f3428cb9cab13fc59f7448d798f9bf08e9187,"{""distance"":5,""physical_error_rate"":0.001}","{""detectors_checked"":2720}"
       256,         0,         0,   0.077,decoder_by_matrix,5b8a070a3cf8d31d64f24dbee89f3428cb9cab13fc59f7448d798f9bf08e9187,"{""distance"":5,""physical_error_rate"":0.001}","{""detection_events"":120,""detectors_checked"":43520}"
      2048,         0,         0,   0.073,decoder_by_matrix,5b8a070a3cf8d31d64f24dbee89f3428cb9cab13fc59f7448d798f9bf08e9187,"{""distance"":5,""physical_error_rate"":0.001}","{""detection_events"":1395,""detectors_checked"":348160}"
        64,         0,         0,   0.062,decoder_by_matrix,5b8a070a3cf8d31d64f24dbee89f3428cb9cab13fc59f7448d798f9bf08e9187,"{""distance"":5,""physical_error_rate"":0.001}","{""detection_events"":130,""detectors_checked"":10880}"
        64,         0,         0,   0.072,decoder_by_matrix,5b8a070a3cf8d31d64f24dbee89f3428cb9cab13fc59f7448d798f9bf08e9187,"{""distance"":5,""physical_error_rate"":0.001}","{""detection_events"":35,""detectors_checked"":10880}"
        64,         0,         0,   0.081,decoder_by_matrix,5b8a070a3cf8d31d64f24dbee89f3428cb9cab13fc59f7448d798f9bf08e9187,"{""distance"":5,""physical_error_rate"":0.001}","{""detection_events"":45,""detectors_checked"":10880}"
       256,         0,         0,   0.059,decoder_by_matrix,5b8a070a3cf8d31d64f24dbee89f3428cb9cab13fc59f7448d798f9bf08e9187,"{""distance"":5,""physical_error_rate"":0.001}","{""detection_events"":155,""detectors_checked"":43520}"
        16,         0,         0,   0.131,decoder_by_matrix,5b8a070a3cf8d31d64f24dbee89f3428cb9cab13fc59f7448d798f9bf08e9187,"{""distance"":5,""physical_error_rate"":0.001}","{""detectors_checked"":2720}"
       128,         0,         0,   0.095,decoder_by_matrix,5b8a070a3cf8d31d64f24dbee89f3428cb9cab13fc59f7448d798f9bf08e9187,"{""distance"":5,""physical_error_rate"":0.001}","{""detection_events"":150,""detectors_checked"":21760}"
        16,         0,         0,   0.100,decoder_by_matrix,5b8a070a3cf8d31d64f24dbee89f3428cb9cab13fc59f7448d798f9bf08e9187,"{""distance"":5,""physical_error_rate"":0.001}","{""detectors_checked"":2720}"
       128,         0,         0,   0.080,decoder_by_matrix,5b8a070a3cf8d31d64f24dbee89f3428cb9cab13fc59f7448d798f9bf08e9187,"{""distance"":5,""physical_error_rate"":0.001}","{""detection_events"":55,""detectors_checked"":21760}"
       128,         0,         0,   0.083,decoder_by_matrix,5b8a070a3cf8d31d64f24dbee89f3428cb9cab13fc59f7448d798f9bf08e9187,"{""distance"":5,""physical_error_rate"":0.001}","{""detection_events"":80,""detectors_checked"":21760}"
      1024,         0,         0,   0.076,decoder_by_matrix,5b8a070a3cf8d31d64f24dbee89f3428cb9cab13fc59f7448d798f9bf08e9187,"{""distance"":5,""physical_error_rate"":0.001}","{""detection_events"":420,""detectors_checked"":174080}"
        16,         0,         0,   0.113,decoder_by_matrix,5b8a070a3cf8d31d64f24dbee89f3428cb9cab13fc59f7448d798f9bf08e9187,"{""distance"":5,""physical_error_rate"":0.001}","{""detectors_checked"":2720}"
       128,         0,         0,   0.087,decoder_by_matrix,5b8a070a3cf8d31d64f24dbee89f3428cb9cab13fc59f7448d798f9bf08e9187,"{""distance"":5,""physical_error_rate"":0.001}","{""detection_events"":70,""detectors_checked"":21760}"
      1024,         0,         0,   0.077,decoder_by_matrix,5b8a070a3cf8d31d64f24dbee89f3428cb9cab13fc59f7448d798f9bf08e9187,"{""distance"":5,""physical_error_rate"":0.001}","{""detection_events"":555,""detectors_checked"":174080}"
      1024,         0,         0,   0.078,decoder_by_matrix,5b8a070a3cf8d31d64f24dbee89f3428cb9cab13fc59f7448d798f9bf08e9187,"{""distance"":5,""physical_error_rate"":0.001}","{""detection_events"":520,""detectors_checked"":174080}"
      1024,         0,         0,   0.078,decoder_by_matrix,5b8a070a3cf8d31d64f24dbee89f3428cb9cab13fc59f7448d798f9bf08e9187,"{""distance"":5,""physical_error_rate"":0.001}","{""detection_events"":675,""detectors_checked"":174080}"
       128,         0,         0,   0.094,decoder_by_matrix,5b8a070a3cf8d31d64f24dbee89f3428cb9cab13fc59f7448d798f9bf08e9187,"{""distance"":5,""physical_error_rate"":0.001}","{""detection_events"":140,""detectors_checked"":21760}"
      1024,         0,         0,   0.077,decoder_by_matrix,5b8a070a3cf8d31d64f24dbee89f3428cb9cab13fc59f7448d798f9bf08e9187,"{""distance"":5,""physical_error_rate"":0.001}","{""detection_events"":535,""detectors_checked"":174080}"
      1024,         0,         0,   0.065,decoder_by_matrix,5b8a070a3cf8d31d64f24dbee89f3428cb9cab13fc59f7448d798f9bf08e9187,"{""distance"":5,""physical_error_rate"":0.001}","{""detection_events"":810,""detectors_checked"":174080}"
      1024,         0,         0,   0.077,decoder_by_matrix,5b8a070a3cf8d31d64f24dbee89f3428cb9cab13fc59f7448d798f9bf08e9187,"{""distance"":5,""physical_error_rate"":0.001}","{""detection_events"":625,""detectors_checked"":174080}"
        64,         0,         0,   0.061,decoder_by_matrix,5b8a070a3cf8d31d64f24dbee89f3428cb9cab13fc59f7448d798f9bf08e9187,"{""distance"":5,""physical_error_rate"":0.001}","{""detection_events"":175,""detectors_checked"":10880}"
      1024,         0,         0,   0.073,decoder_by_matrix,5b8a070a3cf8d31d64f24dbee89f3428cb9cab13fc59f7448d798f9bf08e9187,"{""distance"":5,""physical_error_rate"":0.001}","{""detection_events"":540,""detectors_checked"":174080}"
      2048,         0,         0,   0.075,decoder_by_matrix,5b8a070a3cf8d31d64f24dbee89f3428cb9cab13fc59f7448d798f9bf08e9187,"{""distance"":5,""physical_error_rate"":0.001}","{""detection_events"":1065,""detectors_checked"":348160}"
        64,         0,         0,   0.081,decoder_by_matrix,5b8a070a3cf8d31d64f24dbee89f3428cb9cab13fc59f7448d798f9bf08e9187,"{""distance"":5,""physical_error_rate"":0.001}","{""detection_events"":20,""detectors_checked"":10880}"
       512,         0,         0,   0.077,decoder_by_matrix,5b8a070a3cf8d31d64f24dbee89f3428cb9cab13fc59f7448d798f9bf08e9187,"{""distance"":5,""physical_error_rate"":0.001}","{""detection_events"":410,""detectors_checked"":87040}"
       512,         0,         0,   0.062,decoder_by_matrix,5b8a070a3cf8d31d64f24dbee89f3428cb9cab13fc59f7448d798f9bf08e9187,"{""distance"":5,""physical_error_rate"":0.001}","{""detection_events"":305,""detectors_checked"":87040}"
       512,         0,         0,   0.077,decoder_by_matrix,5b8a070a3cf8d31d64f24dbee89f3428cb9cab13fc59f7448d798f9bf08e9187,"{""distance"":5,""physical_error_rate"":0.001}","{""detection_events"":175,""detectors_checked"":87040}"
      1024,         0,         0,   0.073,decoder_by_matrix,5b8a070a3cf8d31d64f24dbee89f3428cb9cab13fc59f7448d798f9bf08e9187,"{""distance"":5,""physical_error_rate"":0.001}","{""detection_events"":710,""detectors_checked"":174080}"
       256,         0,         0,   0.075,decoder_by_matrix,5b8a070a3cf8d31d64f24dbee89f3428cb9cab13fc59f7448d798f9bf08e9187,"{""distance"":5,""physical_error_rate"":0.001}","{""detection_events"":135,""detectors_checked"":43520}"
      3072,         0,         0,   0.106,decoder_by_matrix,5b8a070a3cf8d31d64f24dbee89f3428cb9cab13fc59f7448d798f9bf08e9187,"{""distance"":5,""physical_error_rate"":0.001}","{""detection_events"":1775,""detectors_checked"":522240}"
      1024,         0,         0,   0.068,decoder_by_matrix,5b8a070a3cf8d31d64f24dbee89f3428cb9cab13fc59f7448d798f9bf08e9187,"{""distance"":5,""physical_error_rate"":0.001}","{""detection_events"":630,""detectors_checked"":174080}"
       512,         0,         0,   0.075,decoder_by_matrix,5b8a070a3cf8d31d64f24dbee89f3428cb9cab13fc59f7448d798f9bf08e9187,"{""distance"":5,""physical_error_rate"":0.001}","{""detection_events"":320,""detectors_checked"":87040}"
      1024,         0,         0,   0.078,decoder_by_matrix,5b8a070a3cf8d31d64f24dbee89f3428cb9cab13fc59f7448d798f9bf08e9187,"{""distance"":5,""physical_error_rate"":0.001}","{""detection_events"":335,""detectors_checked"":174080}"
      1024,         0,         0,   0.078,decoder_by_matrix,5b8a070a3cf8d31d64f24dbee89f3428cb9cab13fc59f7448d798f9bf08e9187,"{""distance"":5,""physical_error_rate"":0.001}","{""detection_events"":580,""detectors_checked"":174080}"
      1024,         0,         0,   0.081,decoder_by_matrix,5b8a070a3cf8d31d64f24dbee89f3428cb9cab13fc59f7448d798f9bf08e9187,"{""distance"":5,""physical_error_rate"":0.001}","{""detection_events"":595,""detectors_checked"":174080}"
        64,         0,         0,   0.113,decoder_by_matrix,5b8a070a3cf8d31d64f24dbee89f3428cb9cab13fc59f7448d798f9bf08e9187,"{""distance"":5,""physical_error_rate"":0.001}","{""detection_events"":20,""detectors_checked"":10880}"
       512,         0,         0,   0.062,decoder_by_matrix,5b8a070a3cf8d31d64f24dbee89f3428cb9cab13fc59f7448d798f9bf08e9187,"{""distance"":5,""physical_error_rate"":0.001}","{""detection_events"":325,""detectors_checked"":87040}"
      1024,         0,         0,   0.064,decoder_by_matrix,5b8a070a3cf8d31d64f24dbee89f3428cb9cab13fc59f7448d798f9bf08e9187,"{""distance"":5,""physical_error_rate"":0.001}","{""detection_events"":695,""detectors_checked"":174080}"
      1024,         0,         0,   0.063,decoder_by_matrix,5b8a070a3cf8d31d64f24dbee89f3428cb9cab13fc59f7448d798f9bf08e9187,"{""distance"":5,""physical_error_rate"":0.001}","{""detection_events"":575,""detectors_checked"":174080}"
       512,         0,         0,   0.062,decoder_by_matrix,5b8a070a3cf8d31d64f24dbee89f3428cb9cab13fc59f7448d798f9bf08e9187,"{""distance"":5,""physical_error_rate"":0.001}","{""detection_events"":325,""detectors_checked"":87040}"
       512,         0,         0,   0.110,decoder_by_matrix,5b8a070a3cf8d31d64f24dbee89f3428cb9cab13fc59f7448d798f9bf08e9187,"{""distance"":5,""physical_error_rate"":0.001}","{""detection_events"":300,""detectors_checked"":87040}"
        64,         0,         0,   0.115,decoder_by_matrix,5b8a070a3cf8d31d64f24dbee89f3428cb9cab13fc59f7448d798f9bf08e9187,"{""distance"":5,""physical_error_rate"":0.001}","{""detection_events"":5,""detectors_checked"":10880}"
       256,         0,         0,   0.063,decoder_by_matrix,5b8a070a3cf8d31d64f24dbee89f3428cb9cab13fc59f7448d798f9bf08e9187,"{""distance"":5,""physical_error_rate"":0.001}","{""detection_events"":155,""detectors_checked"":43520}"
      1024,         0,         0,   0.078,decoder_by_matrix,5b8a070a3cf8d31d64f24dbee89f3428cb9cab13fc59f7448d798f9bf08e9187,"{""distance"":5,""physical_error_rate"":0.001}","{""detection_events"":620,""detectors_checked"":174080}"
      1024,         0,         0,   0.077,decoder_by_matrix,5b8a070a3cf8d31d64f24dbee89f3428cb9cab13fc59f7448d798f9bf08e9187,"{""distance"":5,""physical_error_rate"":0.001}","{""detection_events"":605,""detectors_checked"":174080}"
       512,         0,         0,   0.112,decoder_by_matrix,5b8a070a3cf8d31d64f24dbee89f3428cb9cab13fc59f7448d798f9bf08e9187,"{""distance"":5,""physical_error_rate"":0.001}","{""detection_events"":285,""detectors_checked"":87040}"
      1024,         0,         0,   0.077,decoder_by_matrix,5b8a070a3cf8d31d64f24dbee89f3428cb9cab13fc59f7448d798f9bf08e9187,"{""distance"":5,""physical_error_rate"":0.001}","{""detection_events"":510,""detectors_checked"":174080}"
        64,         0,         0,   0.111,decoder_by_matrix,5b8a070a3cf8d31d64f24dbee89f3428cb9cab13fc59f7448d798f9bf08e9187,"{""distance"":5,""physical_error_rate"":0.001}","{""detection_events"":25,""detectors_checked"":10880}"
      1024,         0,         0,   0.075,decoder_by_matrix,5b8a070a3cf8d31d64f24dbee89f3428cb9cab13fc59f7448d798f9bf08e9187,"{""distance"":5,""physical_error_rate"":0.001}","{""detection_events"":590,""detectors_checked"":174080}"
      1024,         0,         0,   0.077,decoder_by_matrix,5b8a070a3cf8d31d64f24dbee89f3428cb9cab13fc59f7448d798f9bf08e9187,"{""distance"":5,""physical_error_rate"":0.001}","{""detection_events"":475,""detectors_checked"":174080}"
      1024,         0,         0,   0.064,decoder_by_matrix,5b8a070a3cf8d31d64f24dbee89f3428cb9cab13fc59f7448d798f9bf08e9187,"{""distance"":5,""physical_error_rate"":0.001}","{""detection_events"":545,""detectors_checked"":174080}"
      1024,         0,         0,   0.112,decoder_by_matrix,5b8a070a3cf8d31d64f24dbee89f3428cb9cab13fc59f7448d798f9bf08e9187,"{""distance"":5,""physical_error_rate"":0.001}","{""detection_events"":610,""detectors_checked"":174080}"
      1024,         0,         0,   0.077,decoder_by_matrix,5b8a070a3cf8d31d64f24dbee89f3428cb9cab13fc59f7448d798f9bf08e9187,"{""distance"":5,""physical_error_rate"":0.001}","{""detection_events"":440,""detectors_checked"":174080}"
      1024,         0,         0,   0.076,decoder_by_matrix,5b8a070a3cf8d31d64f24dbee89f3428cb9cab13fc59f7448d798f9bf08e9187,"{""distance"":5,""physical_error_rate"":0.001}","{""detection_events"":560,""detectors_checked"":174080}"
      1024,         0,         0,   0.077,decoder_by_matrix,5b8a070a3cf8d31d64f24dbee89f3428cb9cab13fc59f7448d798f9bf08e9187,"{""distance"":5,""physical_error_rate"":0.001}","{""detection_events"":605,""detectors_checked"":174080}"
      1024,         0,         0,   0.077,decoder_by_matrix,5b8a070a3cf8d31d64f24dbee89f3428cb9cab13fc59f7448d798f9bf08e9187,"{""distance"":5,""physical_error_rate"":0.001}","{""detection_events"":575,""detectors_checked"":174080}"
      1024,         0,         0,   0.080,decoder_by_matrix,5b8a070a3cf8d31d64f24dbee89f3428cb9cab13fc59f7448d798f9bf08e9187,"{""distance"":5,""physical_error_rate"":0.001}","{""detection_events"":655,""detectors_checked"":174080}"
      3072,         0,         0,   0.134,decoder_by_matrix,5b8a070a3cf8d31d64f24dbee89f3428cb9cab13fc59f7448d798f9bf08e9187,"{""distance"":5,""physical_error_rate"":0.001}","{""detection_events"":1975,""detectors_checked"":522240}"
      1024,         0,         0,   0.064,decoder_by_matrix,5b8a070a3cf8d31d64f24dbee89f3428cb9cab13fc59f7448d798f9bf08e9187,"{""distance"":5,""physical_error_rate"":0.001}","{""detection_events"":595,""detectors_checked"":174080}"
      1024,         0,         0,   0.077,decoder_by_matrix,5b8a070a3cf8d31d64f24dbee89f3428cb9cab13fc59f7448d798f9bf08e9187,"{""distance"":5,""physical_error_rate"":0.001}","{""detection_events"":615,""detectors_checked"":174080}"
      1024,         0,         0,   0.077,decoder_by_matrix,5b8a070a3cf8d31d64f24dbee89f3428cb9cab13fc59f7448d798f9bf08e9187,"{""distance"":5,""physical_error_rate"":0.001}","{""detection_events"":435,""detectors_checked"":174080}"
      1024,         0,         0,   0.077,decoder_by_matrix,5b8a070a3cf8d31d64f24dbee89f3428cb9cab13fc59f7448d798f9bf08e9187,"{""distance"":5,""physical_error_rate"":0.001}","{""detection_events"":700,""detectors_checked"":174080}"
      1024,         0,         0,   0.076,decoder_by_matrix,5b8a070a3cf8d31d64f24dbee89f3428cb9cab13fc59f7448d798f9bf08e9187,"{""distance"":5,""physical_error_rate"":0.001}","{""detection_events"":835,""detectors_checked"":174080}"
      1024,         0,         0,   0.077,decoder_by_matrix,5b8a070a3cf8d31d64f24dbee89f3428cb9cab13fc59f7448d798f9bf08e9187,"{""distance"":5,""physical_error_rate"":0.001}","{""detection_events"":455,""detectors_checked"":174080}"
      1024,         0,         0,   0.119,decoder_by_matrix,5b8a070a3cf8d31d64f24dbee89f3428cb9cab13fc59f7448d798f9bf08e9187,"{""distance"":5,""physical_error_rate"":0.001}","{""detection_events"":665,""detectors_checked"":174080}"
      1024,         0,         0,   0.075,decoder_by_matrix,5b8a070a3cf8d31d64f24dbee89f3428cb9cab13fc59f7448d798f9bf08e9187,"{""distance"":5,""physical_error_rate"":0.001}","{""detection_events"":460,""detectors_checked"":174080}"
      3072,         0,         0,   0.143,decoder_by_matrix,5b8a070a3cf8d31d64f24dbee89f3428cb9cab13fc59f7448d798f9bf08e9187,"{""distance"":5,""physical_error_rate"":0.001}","{""detection_events"":2140,""detectors_checked"":522240}"
       256,         0,         0,   0.109,decoder_by_matrix,5b8a070a3cf8d31d64f24dbee89f3428cb9cab13fc59f7448d798f9bf08e9187,"{""distance"":5,""physical_error_rate"":0.001}","{""detection_events"":140,""detectors_checked"":43520}"
      1024,         0,         0,   0.077,decoder_by_matrix,5b8a070a3cf8d31d64f24dbee89f3428cb9cab13fc59f7448d798f9bf08e9187,"{""distance"":5,""physical_error_rate"":0.001}","{""detection_events"":485,""detectors_checked"":174080}"
      1024,         0,         0,   0.078,decoder_by_matrix,5b8a070a3cf8d31d64f24dbee89f3428cb9cab13fc59f7448d798f9bf08e9187,"{""distance"":5,""physical_error_rate"":0.001}","{""detection_events"":560,""detectors_checked"":174080}"
      1024,         0,         0,   0.121,decoder_by_matrix,5b8a070a3cf8d31d64f24dbee89f3428cb9cab13fc59f7448d798f9bf08e9187,"{""distance"":5,""physical_error_rate"":0.001}","{""detection_events"":545,""detectors_checked"":174080}"
       256,         0,         0,   0.119,decoder_by_matrix,5b8a070a3cf8d31d64f24dbee89f3428cb9cab13fc59f7448d798f9bf08e9187,"{""distance"":5,""physical_error_rate"":0.001}","{""detection_events"":140,""detectors_checked"":43520}"
       256,         0,         0,   0.108,decoder_by_matrix,5b8a070a3cf8d31d64f24dbee89f3428cb9cab13fc59f7448d798f9bf08e9187,"{""distance"":5,""physical_error_rate"":0.001}","{""detection_events"":140,""detectors_checked"":43520}"
      1024,         0,         0,   0.076,decoder_by_matrix,5b8a070a3cf8d31d64f24dbee89f3428cb9cab13fc59f7448d798f9bf08e9187,"{""distance"":5,""physical_error_rate"":0.001}","{""detection_events"":395,""detectors_checked"":174080}"
      1024,         0,         0,   0.083,decoder_by_matrix,5b8a070a3cf8d31d64f24dbee89f3428cb9cab13fc59f7448d798f9bf08e9187,"{""distance"":5,""physical_error_rate"":0.001}","{""detection_events"":640,""detectors_checked"":174080}"
      1024,         0,         0,   0.158,decoder_by_matrix,5b8a070a3cf8d31d64f24dbee89f3428cb9cab13fc59f7448d798f9bf08e9187,"{""distance"":5,""physical_error_rate"":0.001}","{""detection_events"":605,""detectors_checked"":174080}"
      1024,         0,         0,   0.063,decoder_by_matrix,5b8a070a3cf8d31d64f24dbee89f3428cb9cab13fc59f7448d798f9bf08e9187,"{""distance"":5,""physical_error_rate"":0.001}","{""detection_events"":560,""detectors_checked"":174080}"
      1024,         0,         0,   0.075,decoder_by_matrix,5b8a070a3cf8d31d64f24dbee89f3428cb9cab13fc59f7448d798f9bf08e9187,"{""distance"":5,""physical_error_rate"":0.001}","{""detection_events"":465,""detectors_checked"":174080}"
      1024,         0,         0,   0.076,decoder_by_matrix,5b8a070a3cf8d31d64f24dbee89f3428cb9cab13fc59f7448d798f9bf08e9187,"{""distance"":5,""physical_error_rate"":0.001}","{""detection_events"":460,""detectors_checked"":174080}"
      1024,         0,         0,   0.060,decoder_by_matrix,5b8a070a3cf8d31d64f24dbee89f3428cb9cab13fc59f7448d798f9bf08e9187,"{""distance"":5,""physical_error_rate"":0.001}","{""detection_events"":600,""detectors_checked"":174080}"
      2048,         0,         0,   0.136,decoder_by_matrix,5b8a070a3cf8d31d64f24dbee89f3428cb9cab13fc59f7448d798f9bf08e9187,"{""distance"":5,""physical_error_rate"":0.001}","{""detection_events"":1100,""detectors_checked"":348160}"
      1024,         0,         0,   0.069,decoder_by_matrix,5b8a070a3cf8d31d64f24dbee89f3428cb9cab13fc59f7448d798f9bf08e9187,"{""distance"":5,""physical_error_rate"":0.001}","{""detection_events"":755,""detectors_checked"":174080}"
      2048,         0,         0,   0.137,decoder_by_matrix,5b8a070a3cf8d31d64f24dbee89f3428cb9cab13fc59f7448d798f9bf08e9187,"{""distance"":5,""physical_error_rate"":0.001}","{""detection_events"":1330,""detectors_checked"":348160}"
      1024,         0,         0,   0.078,decoder_by_matrix,5b8a070a3cf8d31d64f24dbee89f3428cb9cab13fc59f7448d798f9bf08e9187,"{""distance"":5,""physical_error_rate"":0.001}","{""detection_events"":480,""detectors_checked"":174080}"
      2048,         0,         0,   0.134,decoder_by_matrix,5b8a070a3cf8d31d64f24dbee89f3428cb9cab13fc59f7448d798f9bf08e9187,"{""distance"":5,""physical_error_rate"":0.001}","{""detection_events"":1265,""detectors_checked"":348160}"
      1024,         0,         0,   0.109,decoder_by_matrix,5b8a070a3cf8d31d64f24dbee89f3428cb9cab13fc59f7448d798f9bf08e9187,"{""distance"":5,""physical_error_rate"":0.001}","{""detection_events"":480,""detectors_checked"":174080}"
      2048,         0,         0,   0.154,decoder_by_matrix,5b8a070a3cf8d31d64f24dbee89f3428cb9cab13fc59f7448d798f9bf08e9187,"{""distance"":5,""physical_error_rate"":0.001}","{""detection_events"":1160,""detectors_checked"":348160}"
      2048,         0,         0,   0.140,decoder_by_matrix,5b8a070a3cf8d31d64f24dbee89f3428cb9cab13fc59f7448d798f9bf08e9187,"{""distance"":5,""physical_error_rate"":0.001}","{""detection_events"":1235,""detectors_checked"":348160}"
      2048,         0,         0,   0.154,decoder_by_matrix,5b8a070a3cf8d31d64f24dbee89f3428cb9cab13fc59f7448d798f9bf08e9187,"{""distance"":5,""physical_error_rate"":0.001}","{""detection_events"":1065,""detectors_checked"":348160}"
      1024,         0,         0,   0.110,decoder_by_matrix,5b8a070a3cf8d31d64f24dbee89f3428cb9cab13fc59f7448d798f9bf08e9187,"{""distance"":5,""physical_error_rate"":0.001}","{""detection_events"":465,""detectors_checked"":174080}"
      3072,         0,         0,   0.160,decoder_by_matrix,5b8a070a3cf8d31d64f24dbee89f3428cb9cab13fc59f7448d798f9bf08e9187,"{""distance"":5,""physical_error_rate"":0.001}","{""detection_events"":1490,""detectors_checked"":522240}"
      2048,         0,         0,   0.160,decoder_by_matrix,5b8a070a3cf8d31d64f24dbee89f3428cb9cab13fc59f7448d798f9bf08e9187,"{""distance"":5,""physical_error_rate"":0.001}","{""detection_events"":1225,""detectors_checked"":348160}"
      4096,         0,         0,   0.149,decoder_by_matrix,5b8a070a3cf8d31d64f24dbee89f3428cb9cab13fc59f7448d798f9bf08e9187,"{""distance"":5,""physical_error_rate"":0.001}","{""detection_events"":2760,""detectors_checked"":696320}"
      2048,         0,         0,   0.153,decoder_by_matrix,5b8a070a3cf8d31d64f24dbee89f3428cb9cab13fc59f7448d798f9bf08e9187,"{""distance"":5,""physical_error_rate"":0.001}","{""detection_events"":765,""detectors_checked"":348160}"
      1024,         0,         0,   0.109,decoder_by_matrix,5b8a070a3cf8d31d64f24dbee89f3428cb9cab13fc59f7448d798f9bf08e9187,"{""distance"":5,""physical_error_rate"":0.001}","{""detection_events"":555,""detectors_checked"":174080}"
      2048,         0,         0,   0.154,decoder_by_matrix,5b8a070a3cf8d31d64f24dbee89f3428cb9cab13fc59f7448d798f9bf08e9187,"{""distance"":5,""physical_error_rate"":0.001}","{""detection_events"":1280,""detectors_checked"":348160}"
      2048,         0,         0,   0.181,decoder_by_matrix,5b8a070a3cf8d31d64f24dbee89f3428cb9cab13fc59f7448d798f9bf08e9187,"{""distance"":5,""physical_error_rate"":0.001}","{""detection_events"":1430,""detectors_checked"":348160}"
      1024,         0,         0,   0.077,decoder_by_matrix,5b8a070a3cf8d31d64f24dbee89f3428cb9cab13fc59f7448d798f9bf08e9187,"{""distance"":5,""physical_error_rate"":0.001}","{""detection_events"":565,""detectors_checked"":174080}"
      1024,         0,         0,   0.077,decoder_by_matrix,5b8a070a3cf8d31d64f24dbee89f3428cb9cab13fc59f7448d798f9bf08e9187,"{""distance"":5,""physical_error_rate"":0.001}","{""detection_events"":535,""detectors_checked"":174080}"
      2048,         0,         0,   0.195,decoder_by_matrix,5b8a070a3cf8d31d64f24dbee89f3428cb9cab13fc59f7448d798f9bf08e9187,"{""distance"":5,""physical_error_rate"":0.001}","{""detection_events"":1340,""detectors_checked"":348160}"
      2048,         0,         0,   0.150,decoder_by_matrix,5b8a070a3cf8d31d64f24dbee89f3428cb9cab13fc59f7448d798f9bf08e9187,"{""distance"":5,""physical_error_rate"":0.001}","{""detection_events"":1425,""detectors_checked"":348160}"
      2048,         0,         0,   0.154,decoder_by_matrix,5b8a070a3cf8d31d64f24dbee89f3428cb9cab13fc59f7448d798f9bf08e9187,"{""distance"":5,""physical_error_rate"":0.001}","{""detection_events"":1050,""detectors_checked"":348160}"
      2048,         0,         0,   0.153,decoder_by_matrix,5b8a070a3cf8d31d64f24dbee89f3428cb9cab13fc59f7448d798f9bf08e9187,"{""distance"":5,""physical_error_rate"":0.001}","{""detection_events"":1215,""detectors_checked"":348160}"
      2048,         0,         0,   0.139,decoder_by_matrix,5b8a070a3cf8d31d64f24dbee89f3428cb9cab13fc59f7448d798f9bf08e9187,"{""distance"":5,""physical_error_rate"":0.001}","{""detection_events"":870,""detectors_checked"":348160}"
      2048,         0,         0,   0.147,decoder_by_matrix,5b8a070a3cf8d31d64f24dbee89f3428cb9cab13fc59f7448d798f9bf08e9187,"{""distance"":5,""physical_error_rate"":0.001}","{""detection_events"":1380,""detectors_checked"":348160}"
      2048,         0,         0,   0.157,decoder_by_matrix,5b8a070a3cf8d31d64f24dbee89f3428cb9cab13fc59f7448d798f9bf08e9187,"{""distance"":5,""physical_error_rate"":0.001}","{""detection_events"":1190,""detectors_checked"":348160}"
      2048,         0,         0,   0.159,decoder_by_matrix,5b8a070a3cf8d31d64f24dbee89f3428cb9cab13fc59f7448d798f9bf08e9187,"{""distance"":5,""physical_error_rate"":0.001}","{""detection_events"":1280,""detectors_checked"":348160}"
      2048,         0,         0,   0.138,decoder_by_matrix,5b8a070a3cf8d31d64f24dbee89f3428cb9cab13fc59f7448d798f9bf08e9187,"{""distance"":5,""physical_error_rate"":0.001}","{""detection_events"":1210,""detectors_checked"":348160}"
      2048,         0,         0,   0.154,decoder_by_matrix,5b8a070a3cf8d31d64f24dbee89f3428cb9cab13fc59f7448d798f9bf08e9187,"{""distance"":5,""physical_error_rate"":0.001}","{""detection_events"":1310,""detectors_checked"":348160}"
      2048,         0,         0,   0.151,decoder_by_matrix,5b8a070a3cf8d31d64f24dbee89f3428cb9cab13fc59f7448d798f9bf08e9187,"{""distance"":5,""physical_error_rate"":0.001}","{""detection_events"":1145,""detectors_checked"":348160}"
      2048,         0,         0,   0.155,decoder_by_matrix,5b8a070a3cf8d31d64f24dbee89f3428cb9cab13fc59f7448d798f9bf08e9187,"{""distance"":5,""physical_error_rate"":0.001}","{""detection_events"":1270,""detectors_checked"":348160}"
      2048,         0,         0,   0.155,decoder_by_matrix,5b8a070a3cf8d31d64f24dbee89f3428cb9cab13fc59f7448d798f9bf08e9187,"{""distance"":5,""physical_error_rate"":0.001}","{""detection_events"":1315,""detectors_checked"":348160}"
      2048,         0,         0,   0.153,decoder_by_matrix,5b8a070a3cf8d31d64f24dbee89f3428cb9cab13fc59f7448d798f9bf08e9187,"{""distance"":5,""physical_error_rate"":0.001}","{""detection_events"":935,""detectors_checked"":348160}"
      2048,         0,         0,   0.184,decoder_by_matrix,5b8a070a3cf8d31d64f24dbee89f3428cb9cab13fc59f7448d798f9bf08e9187,"{""distance"":5,""physical_error_rate"":0.001}","{""detection_events"":1555,""detectors_checked"":348160}"
      2048,         0,         0,   0.156,decoder_by_matrix,5b8a070a3cf8d31d64f24dbee89f3428cb9cab13fc59f7448d798f9bf08e9187,"{""distance"":5,""physical_error_rate"":0.001}","{""detection_events"":1455,""detectors_checked"":348160}"
      2048,         0,         0,   0.142,decoder_by_matrix,5b8a070a3cf8d31d64f24dbee89f3428cb9cab13fc59f7448d798f9bf08e9187,"{""distance"":5,""physical_error_rate"":0.001}","{""detection_events"":1010,""detectors_checked"":348160}"
      2048,         0,         0,   0.160,decoder_by_matrix,5b8a070a3cf8d31d64f24dbee89f3428cb9cab13fc59f7448d798f9bf08e9187,"{""distance"":5,""physical_error_rate"":0.001}","{""detection_events"":910,""detectors_checked"":348160}"
      2048,         0,         0,   0.149,decoder_by_matrix,5b8a070a3cf8d31d64f24dbee89f3428cb9cab13fc59f7448d798f9bf08e9187,"{""distance"":5,""physical_error_rate"":0.001}","{""detection_events"":1065,""detectors_checked"":348160}"
      3072,         0,         0,   0.228,decoder_by_matrix,5b8a070a3cf8d31d64f24dbee89f3428cb9cab13fc59f7448d798f9bf08e9187,"{""distance"":5,""physical_error_rate"":0.001}","{""detection_events"":1620,""detectors_checked"":522240}"
      2048,         0,         0,   0.155,decoder_by_matrix,5b8a070a3cf8d31d64f24dbee89f3428cb9cab13fc59f7448d798f9bf08e9187,"{""distance"":5,""physical_error_rate"":0.001}","{""detection_events"":1305,""detectors_checked"":348160}"
      2048,         0,         0,   0.151,decoder_by_matrix,5b8a070a3cf8d31d64f24dbee89f3428cb9cab13fc59f7448d798f9bf08e9187,"{""distance"":5,""physical_error_rate"":0.001}","{""detection_events"":1075,""detectors_checked"":348160}"
      2048,         0,         0,   0.160,decoder_by_matrix,5b8a070a3cf8d31d64f24dbee89f3428cb9cab13fc59f7448d798f9bf08e9187,"{""distance"":5,""physical_error_rate"":0.001}","{""detection_events"":1205,""detectors_checked"":348160}"
      3072,         0,         0,   0.230,decoder_by_matrix,5b8a070a3cf8d31d64f24dbee89f3428cb9cab13fc59f7448d798f9bf08e9187,"{""distance"":5,""physical_error_rate"":0.001}","{""detection_events"":1620,""detectors_checked"":522240}"
      2048,         0,         0,   0.171,decoder_by_matrix,5b8a070a3cf8d31d64f24dbee89f3428cb9cab13fc59f7448d798f9bf08e9187,"{""distance"":5,""physical_error_rate"":0.001}","{""detection_events"":925,""detectors_checked"":348160}"
      2048,         0,         0,   0.154,decoder_by_matrix,5b8a070a3cf8d31d64f24dbee89f3428cb9cab13fc59f7448d798f9bf08e9187,"{""distance"":5,""physical_error_rate"":0.001}","{""detection_events"":1200,""detectors_checked"":348160}"
      6144,         0,         0,   0.228,decoder_by_matrix,5b8a070a3cf8d31d64f24dbee89f3428cb9cab13fc59f7448d798f9bf08e9187,"{""distance"":5,""physical_error_rate"":0.001}","{""detection_events"":2805,""detectors_checked"":1044480}"
      2048,         0,         0,   0.157,decoder_by_matrix,5b8a070a3cf8d31d64f24dbee89f3428cb9cab13fc59f7448d798f9bf08e9187,"{""distance"":5,""physical_error_rate"":0.001}","{""detection_events"":1110,""detectors_checked"":348160}"
      2048,         0,         0,   0.157,decoder_by_matrix,5b8a070a3cf8d31d64f24dbee89f3428cb9cab13fc59f7448d798f9bf08e9187,"{""distance"":5,""physical_error_rate"":0.001}","{""detection_events"":1405,""detectors_checked"":348160}"
      2048,         0,         0,   0.146,decoder_by_matrix,5b8a070a3cf8d31d64f24dbee89f3428cb9cab13fc59f7448d798f9bf08e9187,"{""distance"":5,""physical_error_rate"":0.001}","{""detection_events"":1240,""detectors_checked"":348160}"
      3072,         0,         0,   0.217,decoder_by_matrix,5b8a070a3cf8d31d64f24dbee89f3428cb9cab13fc59f7448d798f9bf08e9187,"{""distance"":5,""physical_error_rate"":0.001}","{""detection_events"":1995,""detectors_checked"":522240}"
      2048,         0,         0,   0.249,decoder_by_matrix,5b8a070a3cf8d31d64f24dbee89f3428cb9cab13fc59f7448d798f9bf08e9187,"{""distance"":5,""physical_error_rate"":0.001}","{""detection_events"":1055,""detectors_checked"":348160}"
      2048,         0,         0,   0.171,decoder_by_matrix,5b8a070a3cf8d31d64f24dbee89f3428cb9cab13fc59f7448d798f9bf08e9187,"{""distance"":5,""physical_error_rate"":0.001}","{""detection_events"":1185,""detectors_checked"":348160}"
      2048,         0,         0,   0.140,decoder_by_matrix,5b8a070a3cf8d31d64f24dbee89f3428cb9cab13fc59f7448d798f9bf08e9187,"{""distance"":5,""physical_error_rate"":0.001}","{""detection_events"":945,""detectors_checked"":348160}"
      3072,         0,         0,   0.231,decoder_by_matrix,5b8a070a3cf8d31d64f24dbee89f3428cb9cab13fc59f7448d798f9bf08e9187,"{""distance"":5,""physical_error_rate"":0.001}","{""detection_events"":1775,""detectors_checked"":522240}"
      3072,         0,         0,   0.215,decoder_by_matrix,5b8a070a3cf8d31d64f24dbee89f3428cb9cab13fc59f7448d798f9bf08e9187,"{""distance"":5,""physical_error_rate"":0.001}","{""detection_events"":1410,""detectors_checked"":522240}"
      3072,         0,         0,   0.229,decoder_by_matrix,5b8a070a3cf8d31d64f24dbee89f3428cb9cab13fc59f7448d798f9bf08e9187,"{""distance"":5,""physical_error_rate"":0.001}","{""detection_events"":2050,""detectors_checked"":522240}"
      3072,         0,         0,   0.207,decoder_by_matrix,5b8a070a3cf8d31d64f24dbee89f3428cb9cab13fc59f7448d798f9bf08e9187,"{""distance"":5,""physical_error_rate"":0.001}","{""detection_events"":1820,""detectors_checked"":522240}"
      3072,         0,         0,   0.217,decoder_by_matrix,5b8a070a3cf8d31d64f24dbee89f3428cb9cab13fc59f7448d798f9bf08e9187,"{""distance"":5,""physical_error_rate"":0.001}","{""detection_events"":2140,""detectors_checked"":522240}"
      3072,         0,         0,   0.235,decoder_by_matrix,5b8a070a3cf8d31d64f24dbee89f3428cb9cab13fc59f7448d798f9bf08e9187,"{""distance"":5,""physical_error_rate"":0.001}","{""detection_events"":1540,""detectors_checked"":522240}"
      3072,         0,         0,   0.221,decoder_by_matrix,5b8a070a3cf8d31d64f24dbee89f3428cb9cab13fc59f7448d798f9bf08e9187,"{""distance"":5,""physical_error_rate"":0.001}","{""detection_events"":1530,""detectors_checked"":522240}"
      3072,         0,         0,   0.206,decoder_by_matrix,5b8a070a3cf8d31d64f24dbee89f3428cb9cab13fc59f7448d798f9bf08e9187,"{""distance"":5,""physical_error_rate"":0.001}","{""detection_events"":1905,""detectors_checked"":522240}"
      2048,         0,         0,   0.183,decoder_by_matrix,5b8a070a3cf8d31d64f24dbee89f3428cb9cab13fc59f7448d798f9bf08e9187,"{""distance"":5,""physical_error_rate"":0.001}","{""detection_events"":1610,""detectors_checked"":348160}"
      3072,         0,         0,   0.220,decoder_by_matrix,5b8a070a3cf8d31d64f24dbee89f3428cb9cab13fc59f7448d798f9bf08e9187,"{""distance"":5,""physical_error_rate"":0.001}","{""detection_events"":1625,""detectors_checked"":522240}"
      3072,         0,         0,   0.216,decoder_by_matrix,5b8a070a3cf8d31d64f24dbee89f3428cb9cab13fc59f7448d798f9bf08e9187,"{""distance"":5,""physical_error_rate"":0.001}","{""detection_events"":1935,""detectors_checked"":522240}"
      3072,         0,         0,   0.231,decoder_by_matrix,5b8a070a3cf8d31d64f24dbee89f3428cb9cab13fc59f7448d798f9bf08e9187,"{""distance"":5,""physical_error_rate"":0.001}","{""detection_events"":1695,""detectors_checked"":522240}"
      3072,         0,         0,   0.235,decoder_by_matrix,5b8a070a3cf8d31d64f24dbee89f3428cb9cab13fc59f7448d798f9bf08e9187,"{""distance"":5,""physical_error_rate"":0.001}","{""detection_events"":1580,""detectors_checked"":522240}"
      3072,         0,         0,   0.217,decoder_by_matrix,5b8a070a3cf8d31d64f24dbee89f3428cb9cab13fc59f7448d798f9bf08e9187,"{""distance"":5,""physical_error_rate"":0.001}","{""detection_events"":1945,""detectors_checked"":522240}"
      3072,         0,         0,   0.220,decoder_by_matrix,5b8a070a3cf8d31d64f24dbee89f3428cb9cab13fc59f7448d798f9bf08e9187,"{""distance"":5,""physical_error_rate"":0.001}","{""detection_events"":1660,""detectors_checked"":522240}"
      3072,         0,         0,   0.220,decoder_by_matrix,5b8a070a3cf8d31d64f24dbee89f3428cb9cab13fc59f7448d798f9bf08e9187,"{""distance"":5,""physical_error_rate"":0.001}","{""detection_events"":2065,""detectors_checked"":522240}"
      3072,         0,         0,   0.225,decoder_by_matrix,5b8a070a3cf8d31d64f24dbee89f3428cb9cab13fc59f7448d798f9bf08e9187,"{""distance"":5,""physical_error_rate"":0.001}","{""detection_events"":1920,""detectors_checked"":522240}"
      3072,         0,         0,   0.234,decoder_by_matrix,5b8a070a3cf8d31d64f24dbee89f3428cb9cab13fc59f7448d798f9bf08e9187,"{""distance"":5,""physical_error_rate"":0.001}","{""detection_events"":1925,""detectors_checked"":522240}"
      3072,         0,         0,   0.237,decoder_by_matrix,5b8a070a3cf8d31d64f24dbee89f3428cb9cab13fc59f7448d798f9bf08e9187,"{""distance"":5,""physical_error_rate"":0.001}","{""detection_events"":1595,""detectors_checked"":522240}"
      3072,         0,         0,   0.253,decoder_by_matrix,5b8a070a3cf8d31d64f24dbee89f3428cb9cab13fc59f7448d798f9bf08e9187,"{""distance"":5,""physical_error_rate"":0.001}","{""detection_events"":1720,""detectors_checked"":522240}"
      7168,         0,         0,   0.285,decoder_by_matrix,5b8a070a3cf8d31d64f24dbee89f3428cb9cab13fc59f7448d798f9bf08e9187,"{""distance"":5,""physical_error_rate"":0.001}","{""detection_events"":4230,""detectors_checked"":1218560}"
      3072,         0,         0,   0.254,decoder_by_matrix,5b8a070a3cf8d31d64f24dbee89f3428cb9cab13fc59f7448d798f9bf08e9187,"{""distance"":5,""physical_error_rate"":0.001}","{""detection_events"":2120,""detectors_checked"":522240}"
      3072,         0,         0,   0.235,decoder_by_matrix,5b8a070a3cf8d31d64f24dbee89f3428cb9cab13fc59f7448d798f9bf08e9187,"{""distance"":5,""physical_error_rate"":0.001}","{""detection_events"":1765,""detectors_checked"":522240}"
      4096,         0,         0,   0.311,decoder_by_matrix,5b8a070a3cf8d31d64f24dbee89f3428cb9cab13fc59f7448d798f9bf08e9187,"{""distance"":5,""physical_error_rate"":0.001}","{""detection_events"":2090,""detectors_checked"":696320}"
      2048,         0,         0,   0.208,decoder_by_matrix,5b8a070a3cf8d31d64f24dbee89f3428cb9cab13fc59f7448d798f9bf08e9187,"{""distance"":5,""physical_error_rate"":0.001}","{""detection_events"":990,""detectors_checked"":348160}"
      4096,         0,         0,   0.307,decoder_by_matrix,5b8a070a3cf8d31d64f24dbee89f3428cb9cab13fc59f7448d798f9bf08e9187,"{""distance"":5,""physical_error_rate"":0.001}","{""detection_events"":2245,""detectors_checked"":696320}"
      4096,         0,         0,   0.309,decoder_by_matrix,5b8a070a3cf8d31d64f24dbee89f3428cb9cab13fc59f7448d798f9bf08e9187,"{""distance"":5,""physical_error_rate"":0.001}","{""detection_events"":2125,""detectors_checked"":696320}"
      4096,         0,         0,   0.298,decoder_by_matrix,5b8a070a3cf8d31d64f24dbee89f3428cb9cab13fc59f7448d798f9bf08e9187,"{""distance"":5,""physical_error_rate"":0.001}","{""detection_events"":2295,""detectors_checked"":696320}"
      3072,         0,         0,   0.268,decoder_by_matrix,5b8a070a3cf8d31d64f24dbee89f3428cb9cab13fc59f7448d798f9bf08e9187,"{""distance"":5,""physical_error_rate"":0.001}","{""detection_events"":1680,""detectors_checked"":522240}"
      4096,         0,         0,   0.294,decoder_by_matrix,5b8a070a3cf8d31d64f24dbee89f3428cb9cab13fc59f7448d798f9bf08e9187,"{""distance"":5,""physical_error_rate"":0.001}","{""detection_events"":2355,""detectors_checked"":696320}"
      4096,         0,         0,   0.295,decoder_by_matrix,5b8a070a3cf8d31d64f24dbee89f3428cb9cab13fc59f7448d798f9bf08e9187,"{""distance"":5,""physical_error_rate"":0.001}","{""detection_events"":2245,""detectors_checked"":696320}"
      4096,         0,         0,   0.311,decoder_by_matrix,5b8a070a3cf8d31d64f24dbee89f3428cb9cab13fc59f7448d798f9bf08e9187,"{""distance"":5,""physical_error_rate"":0.001}","{""detection_events"":1860,""detectors_checked"":696320}"
      4096,         0,         0,   0.313,decoder_by_matrix,5b8a070a3cf8d31d64f24dbee89f3428cb9cab13fc59f7448d798f9bf08e9187,"{""distance"":5,""physical_error_rate"":0.001}","{""detection_events"":2295,""detectors_checked"":696320}"
      4096,         0,         0,   0.293,decoder_by_matrix,5b8a070a3cf8d31d64f24dbee89f3428cb9cab13fc59f7448d798f9bf08e9187,"{""distance"":5,""physical_error_rate"":0.001}","{""detection_events"":2335,""detectors_checked"":696320}"
      4096,         0,         0,   0.283,decoder_by_matrix,5b8a070a3cf8d31d64f24dbee89f3428cb9cab13fc59f7448d798f9bf08e9187,"{""distance"":5,""physical_error_rate"":0.001}","{""detection_events"":2220,""detectors_checked"":696320}"
      4096,         0,         0,   0.301,decoder_by_matrix,5b8a070a3cf8d31d64f24dbee89f3428cb9cab13fc59f7448d798f9bf08e9187,"{""distance"":5,""physical_error_rate"":0.001}","{""detection_events"":2435,""detectors_checked"":696320}"
      3072,         0,         0,   0.287,decoder_by_matrix,5b8a070a3cf8d31d64f24dbee89f3428cb9cab13fc59f7448d798f9bf08e9187,"{""distance"":5,""physical_error_rate"":0.001}","{""detection_events"":1945,""detectors_checked"":522240}"
      4096,         0,         0,   0.295,decoder_by_matrix,5b8a070a3cf8d31d64f24dbee89f3428cb9cab13fc59f7448d798f9bf08e9187,"{""distance"":5,""physical_error_rate"":0.001}","{""detection_events"":2255,""detectors_checked"":696320}"
      3072,         0,         0,   0.283,decoder_by_matrix,5b8a070a3cf8d31d64f24dbee89f3428cb9cab13fc59f7448d798f9bf08e9187,"{""distance"":5,""physical_error_rate"":0.001}","{""detection_events"":1595,""detectors_checked"":522240}"
      4096,         0,         0,   0.299,decoder_by_matrix,5b8a070a3cf8d31d64f24dbee89f3428cb9cab13fc59f7448d798f9bf08e9187,"{""distance"":5,""physical_error_rate"":0.001}","{""detection_events"":2470,""detectors_checked"":696320}"
      4096,         0,         0,   0.311,decoder_by_matrix,5b8a070a3cf8d31d64f24dbee89f3428cb9cab13fc59f7448d798f9bf08e9187,"{""distance"":5,""physical_error_rate"":0.001}","{""detection_events"":2880,""detectors_checked"":696320}"
      4096,         0,         0,   0.293,decoder_by_matrix,5b8a070a3cf8d31d64f24dbee89f3428cb9cab13fc59f7448d798f9bf08e9187,"{""distance"":5,""physical_error_rate"":0.001}","{""detection_events"":1805,""detectors_checked"":696320}"
      4096,         0,         0,   0.322,decoder_by_matrix,5b8a070a3cf8d31d64f24dbee89f3428cb9cab13fc59f7448d798f9bf08e9187,"{""distance"":5,""physical_error_rate"":0.001}","{""detection_events"":2100,""detectors_checked"":696320}"
      4096,         0,         0,   0.288,decoder_by_matrix,5b8a070a3cf8d31d64f24dbee89f3428cb9cab13fc59f7448d798f9bf08e9187,"{""distance"":5,""physical_error_rate"":0.001}","{""detection_events"":1945,""detectors_checked"":696320}"
      4096,         0,         0,   0.363,decoder_by_matrix,5b8a070a3cf8d31d64f24dbee89f3428cb9cab13fc59f7448d798f9bf08e9187,"{""distance"":5,""physical_error_rate"":0.001}","{""detection_events"":2000,""detectors_checked"":696320}"
      5120,         0,         0,   0.365,decoder_by_matrix,5b8a070a3cf8d31d64f24dbee89f3428cb9cab13fc59f7448d798f9bf08e9187,"{""distance"":5,""physical_error_rate"":0.001}","{""detection_events"":2705,""detectors_checked"":870400}"
     10240,         0,         0,   0.439,decoder_by_matrix,5b8a070a3cf8d31d64f24dbee89f3428cb9cab13fc59f7448d798f9bf08e9187,"{""distance"":5,""physical_error_rate"":0.001}","{""detection_events"":5665,""detectors_checked"":1740800}"
      4096,         0,         0,   0.340,decoder_by_matrix,5b8a070a3cf8d31d64f24dbee89f3428cb9cab13fc59f7448d798f9bf08e9187,"{""distance"":5,""physical_error_rate"":0.001}","{""detection_events"":2070,""detectors_checked"":696320}"
      4096,         0,         0,   0.292,decoder_by_matrix,5b8a070a3cf8d31d64f24dbee89f3428cb9cab13fc59f7448d798f9bf08e9187,"{""distance"":5,""physical_error_rate"":0.001}","{""detection_events"":2470,""detectors_checked"":696320}"
      6144,         0,         0,   0.455,decoder_by_matrix,5b8a070a3cf8d31d64f24dbee89f3428cb9cab13fc59f7448d798f9bf08e9187,"{""distance"":5,""physical_error_rate"":0.001}","{""detection_events"":3495,""detectors_checked"":1044480}"
      4096,         0,         0,   0.307,decoder_by_matrix,5b8a070a3cf8d31d64f24dbee89f3428cb9cab13fc59f7448d798f9bf08e9187,"{""distance"":5,""physical_error_rate"":0.001}","{""detection_events"":2550,""detectors_checked"":696320}"
      6144,         0,         0,   0.468,decoder_by_matrix,5b8a070a3cf8d31d64f24dbee89f3428cb9cab13fc59f7448d798f9bf08e9187,"{""distance"":5,""physical_error_rate"":0.001}","{""detection_events"":3205,""detectors_checked"":1044480}"
      6144,         0,         0,   0.461,decoder_by_matrix,5b8a070a3cf8d31d64f24dbee89f3428cb9cab13fc59f7448d798f9bf08e9187,"{""distance"":5,""physical_error_rate"":0.001}","{""detection_events"":3680,""detectors_checked"":1044480}"
      6144,         0,         0,   0.471,decoder_by_matrix,5b8a070a3cf8d31d64f24dbee89f3428cb9cab13fc59f7448d798f9bf08e9187,"{""distance"":5,""physical_error_rate"":0.001}","{""detection_events"":3260,""detectors_checked"":1044480}"
      6144,         0,         0,   0.476,decoder_by_matrix,5b8a070a3cf8d31d64f24dbee89f3428cb9cab13fc59f7448d798f9bf08e9187,"{""distance"":5,""physical_error_rate"":0.001}","{""detection_events"":3695,""detectors_checked"":1044480}"
      6144,         0,         0,   0.468,decoder_by_matrix,5b8a070a3cf8d31d64f24dbee89f3428cb9cab13fc59f7448d798f9bf08e9187,"{""distance"":5,""physical_error_rate"":0.001}","{""detection_events"":3605,""detectors_checked"":1044480}"
      6144,         0,         0,   0.466,decoder_by_matrix,5b8a070a3cf8d31d64f24dbee89f3428cb9cab13fc59f7448d798f9bf08e9187,"{""distance"":5,""physical_error_rate"":0.001}","{""detection_events"":3865,""detectors_checked"":1044480}"
      6144,         0,         0,   0.438,decoder_by_matrix,5b8a070a3cf8d31d64f24dbee89f3428cb9cab13fc59f7448d798f9bf08e9187,"{""distance"":5,""physical_error_rate"":0.001}","{""detection_events"":3120,""detectors_checked"":1044480}"
      6144,         0,         0,   0.441,decoder_by_matrix,5b8a070a3cf8d31d64f24dbee89f3428cb9cab13fc59f7448d798f9bf08e9187,"{""distance"":5,""physical_error_rate"":0.001}","{""detection_events"":3950,""detectors_checked"":1044480}"
      6144,         0,         0,   0.443,decoder_by_matrix,5b8a070a3cf8d31d64f24dbee89f3428cb9cab13fc59f7448d798f9bf08e9187,"{""distance"":5,""physical_error_rate"":0.001}","{""detection_events"":3255,""detectors_checked"":1044480}"
      6144,         0,         0,   0.470,decoder_by_matrix,5b8a070a3cf8d31d64f24dbee89f3428cb9cab13fc59f7448d798f9bf08e9187,"{""distance"":5,""physical_error_rate"":0.001}","{""detection_events"":3445,""detectors_checked"":1044480}"
      6144,         0,         0,   0.450,decoder_by_matrix,5b8a070a3cf8d31d64f24dbee89f3428cb9cab13fc59f7448d798f9bf08e9187,"{""distance"":5,""physical_error_rate"":0.001}","{""detection_events"":3250,""detectors_checked"":1044480}"
      6144,         0,         0,   0.461,decoder_by_matrix,5b8a070a3cf8d31d64f24dbee89f3428cb9cab13fc59f7448d798f9bf08e9187,"{""distance"":5,""physical_error_rate"":0.001}","{""detection_events"":3405,""detectors_checked"":1044480}"
      6144,         0,         0,   0.462,decoder_by_matrix,5b8a070a3cf8d31d64f24dbee89f3428cb9cab13fc59f7448d798f9bf08e9187,"{""distance"":5,""physical_error_rate"":0.001}","{""detection_events"":3545,""detectors_checked"":1044480}"
      6144,         0,         0,   0.468,decoder_by_matrix,5b8a070a3cf8d31d64f24dbee89f3428cb9cab13fc59f7448d798f9bf08e9187,"{""distance"":5,""physical_error_rate"":0.001}","{""detection_events"":3815,""detectors_checked"":1044480}"
      6144,         0,         0,   0.460,decoder_by_matrix,5b8a070a3cf8d31d64f24dbee89f3428cb9cab13fc59f7448d798f9bf08e9187,"{""distance"":5,""physical_error_rate"":0.001}","{""detection_events"":3675,""detectors_checked"":1044480}"
      6144,         0,         0,   0.437,decoder_by_matrix,5b8a070a3cf8d31d64f24dbee89f3428cb9cab13fc59f7448d798f9bf08e9187,"{""distance"":5,""physical_error_rate"":0.001}","{""detection_events"":3445,""detectors_checked"":1044480}"
      5120,         0,         0,   0.450,decoder_by_matrix,5b8a070a3cf8d31d64f24dbee89f3428cb9cab13fc59f7448d798f9bf08e9187,"{""distance"":5,""physical_error_rate"":0.001}","{""detection_events"":3115,""detectors_checked"":870400}"
      6144,         0,         0,   0.468,decoder_by_matrix,5b8a070a3cf8d31d64f24dbee89f3428cb9cab13fc59f7448d798f9bf08e9187,"{""distance"":5,""physical_error_rate"":0.001}","{""detection_events"":3510,""detectors_checked"":1044480}"
      6144,         0,         0,   0.461,decoder_by_matrix,5b8a070a3cf8d31d64f24dbee89f3428cb9cab13fc59f7448d798f9bf08e9187,"{""distance"":5,""physical_error_rate"":0.001}","{""detection_events"":3600,""detectors_checked"":1044480}"
      5120,         0,         0,   0.393,decoder_by_matrix,5b8a070a3cf8d31d64f24dbee89f3428cb9cab13fc59f7448d798f9bf08e9187,"{""distance"":5,""physical_error_rate"":0.001}","{""detection_events"":3240,""detectors_checked"":870400}"
      5120,         0,         0,   0.446,decoder_by_matrix,5b8a070a3cf8d31d64f24dbee89f3428cb9cab13fc59f7448d798f9bf08e9187,"{""distance"":5,""physical_error_rate"":0.001}","{""detection_events"":2670,""detectors_checked"":870400}"
      6144,         0,         0,   0.470,decoder_by_matrix,5b8a070a3cf8d31d64f24dbee89f3428cb9cab13fc59f7448d798f9bf08e9187,"{""distance"":5,""physical_error_rate"":0.001}","{""detection_events"":4005,""detectors_checked"":1044480}"
     13312,         0,         0,   0.595,decoder_by_matrix,5b8a070a3cf8d31d64f24dbee89f3428cb9cab13fc59f7448d798f9bf08e9187,"{""distance"":5,""physical_error_rate"":0.001}","{""detection_events"":7700,""detectors_checked"":2263040}"
      8192,         0,         0,   0.613,decoder_by_matrix,5b8a070a3cf8d31d64f24dbee89f3428cb9cab13fc59f7448d798f9bf08e9187,"{""distance"":5,""physical_error_rate"":0.001}","{""detection_events"":4660,""detectors_checked"":1392640}"
      8192,         0,         0,   0.612,decoder_by_matrix,5b8a070a3cf8d31d64f24dbee89f3428cb9cab13fc59f7448d798f9bf08e9187,"{""distance"":5,""physical_error_rate"":0.001}","{""detection_events"":4405,""detectors_checked"":1392640}"
      8192,         0,         0,   0.622,decoder_by_matrix,5b8a070a3cf8d31d64f24dbee89f3428cb9cab13fc59f7448d798f9bf08e9187,"{""distance"":5,""physical_error_rate"":0.001}","{""detection_events"":4910,""detectors_checked"":1392640}"
      8192,         0,         0,   0.613,decoder_by_matrix,5b8a070a3cf8d31d64f24dbee89f3428cb9cab13fc59f7448d798f9bf08e9187,"{""distance"":5,""physical_error_rate"":0.001}","{""detection_events"":5270,""detectors_checked"":1392640}"
      8192,         0,         0,   0.599,decoder_by_matrix,5b8a070a3cf8d31d64f24dbee89f3428cb9cab13fc59f7448d798f9bf08e9187,"{""distance"":5,""physical_error_rate"":0.001}","{""detection_events"":4470,""detectors_checked"":1392640}"
      8192,         0,         0,   0.603,decoder_by_matrix,5b8a070a3cf8d31d64f24dbee89f3428cb9cab13fc59f7448d798f9bf08e9187,"{""distance"":5,""physical_error_rate"":0.001}","{""detection_events"":4245,""detectors_checked"":1392640}"
      8192,         0,         0,   0.611,decoder_by_matrix,5b8a070a3cf8d31d64f24dbee89f3428cb9cab13fc59f7448d798f9bf08e9187,"{""distance"":5,""physical_error_rate"":0.001}","{""detection_events"":4950,""detectors_checked"":1392640}"
      8192,         0,         0,   0.623,decoder_by_matrix,5b8a070a3cf8d31d64f24dbee89f3428cb9cab13fc59f7448d798f9bf08e9187,"{""distance"":5,""physical_error_rate"":0.001}","{""detection_events"":4825,""detectors_checked"":1392640}"
      8192,         0,         0,   0.820,decoder_by_matrix,5b8a070a3cf8d31d64f24dbee89f3428cb9cab13fc59f7448d798f9bf08e9187,"{""distance"":5,""physical_error_rate"":0.001}","{""detection_events"":5160,""detectors_checked"":1392640}"
      8192,         0,         0,   0.623,decoder_by_matrix,5b8a070a3cf8d31d64f24dbee89f3428cb9cab13fc59f7448d798f9bf08e9187,"{""distance"":5,""physical_error_rate"":0.001}","{""detection_events"":4875,""detectors_checked"":1392640}"
      8192,         0,         0,   0.585,decoder_by_matrix,5b8a070a3cf8d31d64f24dbee89f3428cb9cab13fc59f7448d798f9bf08e9187,"{""distance"":5,""physical_error_rate"":0.001}","{""detection_events"":4660,""detectors_checked"":1392640}"
      8192,         0,         0,   0.599,decoder_by_matrix,5b8a070a3cf8d31d64f24dbee89f3428cb9cab13fc59f7448d798f9bf08e9187,"{""distance"":5,""physical_error_rate"":0.001}","{""detection_events"":4955,""detectors_checked"":1392640}"
      8192,         0,         0,   0.616,decoder_by_matrix,5b8a070a3cf8d31d64f24dbee89f3428cb9cab13fc59f7448d798f9bf08e9187,"{""distance"":5,""physical_error_rate"":0.001}","{""detection_events"":4975,""detectors_checked"":1392640}"
      8192,         0,         0,   0.645,decoder_by_matrix,5b8a070a3cf8d31d64f24dbee89f3428cb9cab13fc59f7448d798f9bf08e9187,"{""distance"":5,""physical_error_rate"":0.001}","{""detection_events"":4585,""detectors_checked"":1392640}"
      7168,         0,         0,   0.557,decoder_by_matrix,5b8a070a3cf8d31d64f24dbee89f3428cb9cab13fc59f7448d798f9bf08e9187,"{""distance"":5,""physical_error_rate"":0.001}","{""detection_events"":4565,""detectors_checked"":1218560}"
      8192,         0,         0,   0.619,decoder_by_matrix,5b8a070a3cf8d31d64f24dbee89f3428cb9cab13fc59f7448d798f9bf08e9187,"{""distance"":5,""physical_error_rate"":0.001}","{""detection_events"":4745,""detectors_checked"":1392640}"
      8192,         0,         0,   0.601,decoder_by_matrix,5b8a070a3cf8d31d64f24dbee89f3428cb9cab13fc59f7448d798f9bf08e9187,"{""distance"":5,""physical_error_rate"":0.001}","{""detection_events"":4525,""detectors_checked"":1392640}"
      9216,         0,         0,   0.626,decoder_by_matrix,5b8a070a3cf8d31d64f24dbee89f3428cb9cab13fc59f7448d798f9bf08e9187,"{""distance"":5,""physical_error_rate"":0.001}","{""detection_events"":5125,""detectors_checked"":1566720}"
      8192,         0,         0,   0.621,decoder_by_matrix,5b8a070a3cf8d31d64f24dbee89f3428cb9cab13fc59f7448d798f9bf08e9187,"{""distance"":5,""physical_error_rate"":0.001}","{""detection_events"":4405,""detectors_checked"":1392640}"
      8192,         0,         0,   0.592,decoder_by_matrix,5b8a070a3cf8d31d64f24dbee89f3428cb9cab13fc59f7448d798f9bf08e9187,"{""distance"":5,""physical_error_rate"":0.001}","{""detection_events"":4570,""detectors_checked"":1392640}"
     12288,         0,         0,   0.584,decoder_by_matrix,5b8a070a3cf8d31d64f24dbee89f3428cb9cab13fc59f7448d798f9bf08e9187,"{""distance"":5,""physical_error_rate"":0.001}","{""detection_events"":6510,""detectors_checked"":2088960}"
      6144,         0,         0,   0.581,decoder_by_matrix,5b8a070a3cf8d31d64f24dbee89f3428cb9cab13fc59f7448d798f9bf08e9187,"{""distance"":5,""physical_error_rate"":0.001}","{""detection_events"":3240,""detectors_checked"":1044480}"
      5120,         0,         0,   0.620,decoder_by_matrix,5b8a070a3cf8d31d64f24dbee89f3428cb9cab13fc59f7448d798f9bf08e9187,"{""distance"":5,""physical_error_rate"":0.001}","{""detection_events"":2715,""detectors_checked"":870400}"
     22528,         0,         0,   0.808,decoder_by_matrix,5b8a070a3cf8d31d64f24dbee89f3428cb9cab13fc59f7448d798f9bf08e9187,"{""distance"":5,""physical_error_rate"":0.001}","{""detection_events"":13455,""detectors_checked"":3829760}"
     11264,         0,         0,   0.831,decoder_by_matrix,5b8a070a3cf8d31d64f24dbee89f3428cb9cab13fc59f7448d798f9bf08e9187,"{""distance"":5,""physical_error_rate"":0.001}","{""detection_events"":6775,""detectors_checked"":1914880}"
     11264,         0,         0,   0.836,decoder_by_matrix,5b8a070a3cf8d31d64f24dbee89f3428cb9cab13fc59f7448d798f9bf08e9187,"{""distance"":5,""physical_error_rate"":0.001}","{""detection_events"":5720,""detectors_checked"":1914880}"
     11264,         0,         0,   0.853,decoder_by_matrix,5b8a070a3cf8d31d64f24dbee89f3428cb9cab13fc59f7448d798f9bf08e9187,"{""distance"":5,""physical_error_rate"":0.001}","{""detection_events"":6305,""detectors_checked"":1914880}"
     10240,         0,         0,   0.804,decoder_by_matrix,5b8a070a3cf8d31d64f24dbee89f3428cb9cab13fc59f7448d798f9bf08e9187,"{""distance"":5,""physical_error_rate"":0.001}","{""detection_events"":5865,""detectors_checked"":1740800}"
     11264,         0,         0,   0.831,decoder_by_matrix,5b8a070a3cf8d31d64f24dbee89f3428cb9cab13fc59f7448d798f9bf08e9187,"{""distance"":5,""physical_error_rate"":0.001}","{""detection_events"":6315,""detectors_checked"":1914880}"
     11264,         0,         0,   0.827,decoder_by_matrix,5b8a070a3cf8d31d64f24dbee89f3428cb9cab13fc59f7448d798f9bf08e9187,"{""distance"":5,""physical_error_rate"":0.001}","{""detection_events"":6840,""detectors_checked"":1914880}"
      8192,         0,         0,   0.883,decoder_by_matrix,5b8a070a3cf8d31d64f24dbee89f3428cb9cab13fc59f7448d798f9bf08e9187,"{""distance"":5,""physical_error_rate"":0.001}","{""detection_events"":4980,""detectors_checked"":1392640}"
      9216,         0,         0,   0.830,decoder_by_matrix,5b8a070a3cf8d31d64f24dbee89f3428cb9cab13fc59f7448d798f9bf08e9187,"{""distance"":5,""physical_error_rate"":0.001}","{""detection_events"":6055,""detectors_checked"":1566720}"
     11264,         0,         0,   0.828,decoder_by_matrix,5b8a070a3cf8d31d64f24dbee89f3428cb9cab13fc59f7448d798f9bf08e9187,"{""distance"":5,""physical_error_rate"":0.001}","{""detection_events"":6480,""detectors_checked"":1914880}"
     11264,         0,         0,   0.832,decoder_by_matrix,5b8a070a3cf8d31d64f24dbee89f3428cb9cab13fc59f7448d798f9bf08e9187,"{""distance"":5,""physical_error_rate"":0.001}","{""detection_events"":6245,""detectors_checked"":1914880}"
     11264,         0,         0,   0.817,decoder_by_matrix,5b8a070a3cf8d31d64f24dbee89f3428cb9cab13fc59f7448d798f9bf08e9187,"{""distance"":5,""physical_error_rate"":0.001}","{""detection_events"":6165,""detectors_checked"":1914880}"
     11264,         0,         0,   0.831,decoder_by_matrix,5b8a070a3cf8d31d64f24dbee89f3428cb9cab13fc59f7448d798f9bf08e9187,"{""distance"":5,""physical_error_rate"":0.001}","{""detection_events"":6450,""detectors_checked"":1914880}"
     11264,         0,         0,   0.827,decoder_by_matrix,5b8a070a3cf8d31d64f24dbee89f3428cb9cab13fc59f7448d798f9bf08e9187,"{""distance"":5,""physical_error_rate"":0.001}","{""detection_events"":5980,""detectors_checked"":1914880}"
     11264,         0,         0,   0.818,decoder_by_matrix,5b8a070a3cf8d31d64f24dbee89f3428cb9cab13fc59f7448d798f9bf08e9187,"{""distance"":5,""physical_error_rate"":0.001}","{""detection_events"":5910,""detectors_checked"":1914880}"
     10240,         0,         0,   0.788,decoder_by_matrix,5b8a070a3cf8d31d64f24dbee89f3428cb9cab13fc59f7448d798f9bf08e9187,"{""distance"":5,""physical_error_rate"":0.001}","{""detection_events"":5760,""detectors_checked"":1740800}"
      8192,         0,         0,   0.857,decoder_by_matrix,5b8a070a3cf8d31d64f24dbee89f3428cb9cab13fc59f7448d798f9bf08e9187,"{""distance"":5,""physical_error_rate"":0.001}","{""detection_events"":4735,""detectors_checked"":1392640}"
      9216,         0,         0,   0.876,decoder_by_matrix,5b8a070a3cf8d31d64f24dbee89f3428cb9cab13fc59f7448d798f9bf08e9187,"{""distance"":5,""physical_error_rate"":0.001}","{""detection_events"":5015,""detectors_checked"":1566720}"
      9216,         0,         0,   0.818,decoder_by_matrix,5b8a070a3cf8d31d64f24dbee89f3428cb9cab13fc59f7448d798f9bf08e9187,"{""distance"":5,""physical_error_rate"":0.001}","{""detection_events"":5475,""detectors_checked"":1566720}"
     10240,         0,         0,   0.795,decoder_by_matrix,5b8a070a3cf8d31d64f24dbee89f3428cb9cab13fc59f7448d798f9bf08e9187,"{""distance"":5,""physical_error_rate"":0.001}","{""detection_events"":5590,""detectors_checked"":1740800}"
     17408,         0,         0,   0.798,decoder_by_matrix,5b8a070a3cf8d31d64f24dbee89f3428cb9cab13fc59f7448d798f9bf08e9187,"{""distance"":5,""physical_error_rate"":0.001}","{""detection_events"":9635,""detectors_checked"":2959360}"
      8192,         0,         0,   0.840,decoder_by_matrix,5b8a070a3cf8d31d64f24dbee89f3428cb9cab13fc59f7448d798f9bf08e9187,"{""distance"":5,""physical_error_rate"":0.001}","{""detection_events"":4835,""detectors_checked"":1392640}"
     11264,         0,         0,   0.856,decoder_by_matrix,5b8a070a3cf8d31d64f24dbee89f3428cb9cab13fc59f7448d798f9bf08e9187,"{""distance"":5,""physical_error_rate"":0.001}","{""detection_events"":6680,""detectors_checked"":1914880}"
     10240,         0,         0,   0.817,decoder_by_matrix,5b8a070a3cf8d31d64f24dbee89f3428cb9cab13fc59f7448d798f9bf08e9187,"{""distance"":5,""physical_error_rate"":0.001}","{""detection_events"":6040,""detectors_checked"":1740800}"
     28672,         0,         0,    1.11,decoder_by_matrix,5b8a070a3cf8d31d64f24dbee89f3428cb9cab13fc59f7448d798f9bf08e9187,"{""distance"":5,""physical_error_rate"":0.001}","{""detection_events"":17190,""detectors_checked"":4874240}"
     15360,         0,         0,    1.13,decoder_by_matrix,5b8a070a3cf8d31d64f24dbee89f3428cb9cab13fc59f7448d798f9bf08e9187,"{""distance"":5,""physical_error_rate"":0.001}","{""detection_events"":8210,""detectors_checked"":2611200}"
     15360,         0,         0,    1.16,decoder_by_matrix,5b8a070a3cf8d31d64f24dbee89f3428cb9cab13fc59f7448d798f9bf08e9187,"{""distance"":5,""physical_error_rate"":0.001}","{""detection_events"":9230,""detectors_checked"":2611200}"
     15360,         0,         0,    1.12,decoder_by_matrix,5b8a070a3cf8d31d64f24dbee89f3428cb9cab13fc59f7448d798f9bf08e9187,"{""distance"":5,""physical_error_rate"":0.001}","{""detection_events"":9300,""detectors_checked"":2611200}"
     15360,         0,         0,    1.16,decoder_by_matrix,5b8a070a3cf8d31d64f24dbee89f3428cb9cab13fc59f7448d798f9bf08e9187,"{""distance"":5,""physical_error_rate"":0.001}","{""detection_events"":8215,""detectors_checked"":2611200}"
     10240,         0,         0,    1.11,decoder_by_matrix,5b8a070a3cf8d31d64f24dbee89f3428cb9cab13fc59f7448d798f9bf08e9187,"{""distance"":5,""physical_error_rate"":0.001}","{""detection_events"":5945,""detectors_checked"":1740800}"
     15360,         0,         0,    1.12,decoder_by_matrix,5b8a070a3cf8d31d64f24dbee89f3428cb9cab13fc59f7448d798f9bf08e9187,"{""distance"":5,""physical_error_rate"":0.001}","{""detection_events"":8705,""detectors_checked"":2611200}"
     12288,         0,         0,    1.12,decoder_by_matrix,5b8a070a3cf8d31d64f24dbee89f3428cb9cab13fc59f7448d798f9bf08e9187,"{""distance"":5,""physical_error_rate"":0.001}","{""detection_events"":7180,""detectors_checked"":2088960}"
     14336,         0,         0,    1.12,decoder_by_matrix,5b8a070a3cf8d31d64f24dbee89f3428cb9cab13fc59f7448d798f9bf08e9187,"{""distance"":5,""physical_error_rate"":0.001}","{""detection_events"":8580,""detectors_checked"":2437120}"
     22528,         0,         0,    1.10,decoder_by_matrix,5b8a070a3cf8d31d64f24dbee89f3428cb9cab13fc59f7448d798f9bf08e9187,"{""distance"":5,""physical_error_rate"":0.001}","{""detection_events"":13990,""detectors_checked"":3829760}"
     13312,         0,         0,    1.14,decoder_by_matrix,5b8a070a3cf8d31d64f24dbee89f3428cb9cab13fc59f7448d798f9bf08e9187,"{""distance"":5,""physical_error_rate"":0.001}","{""detection_events"":6900,""detectors_checked"":2263040}"
     15360,         0,         0,    1.19,decoder_by_matrix,5b8a070a3cf8d31d64f24dbee89f3428cb9cab13fc59f7448d798f9bf08e9187,"{""distance"":5,""physical_error_rate"":0.001}","{""detection_events"":8360,""detectors_checked"":2611200}"
     14336,         0,         0,    1.11,decoder_by_matrix,5b8a070a3cf8d31d64f24dbee89f3428cb9cab13fc59f7448d798f9bf08e9187,"{""distance"":5,""physical_error_rate"":0.001}","{""detection_events"":7900,""detectors_checked"":2437120}"
     14336,         0,         0,    1.14,decoder_by_matrix,5b8a070a3cf8d31d64f24dbee89f3428cb9cab13fc59f7448d798f9bf08e9187,"{""distance"":5,""physical_error_rate"":0.001}","{""detection_events"":7825,""detectors_checked"":2437120}"
     15360,         0,         0,    1.19,decoder_by_matrix,5b8a070a3cf8d31d64f24dbee89f3428cb9cab13fc59f7448d798f9bf08e9187,"{""distance"":5,""physical_error_rate"":0.001}","{""detection_events"":8565,""detectors_checked"":2611200}"
     14336,         0,         0,    1.14,decoder_by_matrix,5b8a070a3cf8d31d64f24dbee89f3428cb9cab13fc59f7448d798f9bf08e9187,"{""distance"":5,""physical_error_rate"":0.001}","{""detection_events"":8725,""detectors_checked"":2437120}"
     14336,         0,         0,    1.17,decoder_by_matrix,5b8a070a3cf8d31d64f24dbee89f3428cb9cab13fc59f7448d798f9bf08e9187,"{""distance"":5,""physical_error_rate"":0.001}","{""detection_events"":8565,""detectors_checked"":2437120}"
     24576,         1,         0,    1.11,decoder_by_matrix,5b8a070a3cf8d31d64f24dbee89f3428cb9cab13fc59f7448d798f9bf08e9187,"{""distance"":5,""physical_error_rate"":0.001}","{""detection_events"":14125,""detectors_checked"":4177920,""obs_mistake_mask=E_"":1}"
     11264,         0,         0,    1.18,decoder_by_matrix,5b8a070a3cf8d31d64f24dbee89f3428cb9cab13fc59f7448d798f9bf08e9187,"{""distance"":5,""physical_error_rate"":0.001}","{""detection_events"":6565,""detectors_checked"":1914880}"
     14336,         0,         0,    1.12,decoder_by_matrix,5b8a070a3cf8d31d64f24dbee89f3428cb9cab13fc59f7448d798f9bf08e9187,"{""distance"":5,""physical_error_rate"":0.001}","{""detection_events"":8090,""detectors_checked"":2437120}"
     10240,         0,         0,    1.28,decoder_by_matrix,5b8a070a3cf8d31d64f24dbee89f3428cb9cab13fc59f7448d798f9bf08e9187,"{""distance"":5,""physical_error_rate"":0.001}","{""detection_events"":5615,""detectors_checked"":1740800}"
     14336,         0,         0,    1.14,decoder_by_matrix,5b8a070a3cf8d31d64f24dbee89f3428cb9cab13fc59f7448d798f9bf08e9187,"{""distance"":5,""physical_error_rate"":0.001}","{""detection_events"":7980,""detectors_checked"":2437120}"
     14336,         0,         0,    1.16,decoder_by_matrix,5b8a070a3cf8d31d64f24dbee89f3428cb9cab13fc59f7448d798f9bf08e9187,"{""distance"":5,""physical_error_rate"":0.001}","{""detection_events"":8615,""detectors_checked"":2437120}"
     11264,         0,         0,    1.10,decoder_by_matrix,5b8a070a3cf8d31d64f24dbee89f3428cb9cab13fc59f7448d798f9bf08e9187,"{""distance"":5,""physical_error_rate"":0.001}","{""detection_events"":6845,""detectors_checked"":1914880}"
     31744,         0,         0,    1.56,decoder_by_matrix,5b8a070a3cf8d31d64f24dbee89f3428cb9cab13fc59f7448d798f9bf08e9187,"{""distance"":5,""physical_error_rate"":0.001}","{""detection_events"":18015,""detectors_checked"":5396480}"
     21504,         0,         0,    1.59,decoder_by_matrix,5b8a070a3cf8d31d64f24dbee89f3428cb9cab13fc59f7448d798f9bf08e9187,"{""distance"":5,""physical_error_rate"":0.001}","{""detection_events"":11365,""detectors_checked"":3655680}"
     20480,         0,         0,    1.58,decoder_by_matrix,5b8a070a3cf8d31d64f24dbee89f3428cb9cab13fc59f7448d798f9bf08e9187,"{""distance"":5,""physical_error_rate"":0.001}","{""detection_events"":12395,""detectors_checked"":3481600}"
     21504,         0,         0,    1.60,decoder_by_matrix,5b8a070a3cf8d31d64f24dbee89f3428cb9cab13fc59f7448d798f9bf08e9187,"{""distance"":5,""physical_error_rate"":0.001}","{""detection_events"":12275,""detectors_checked"":3655680}"
     20480,         0,         0,    1.58,decoder_by_matrix,5b8a070a3cf8d31d64f24dbee89f3428cb9cab13fc59f7448d798f9bf08e9187,"{""distance"":5,""physical_error_rate"":0.001}","{""detection_events"":11555,""detectors_checked"":3481600}"
     19456,         0,         0,    1.58,decoder_by_matrix,5b8a070a3cf8d31d64f24dbee89f3428cb9cab13fc59f7448d798f9bf08e9187,"{""distance"":5,""physical_error_rate"":0.001}","{""detection_events"":11240,""detectors_checked"":3307520}"
     21504,         0,         0,    1.56,decoder_by_matrix,5b8a070a3cf8d31d64f24dbee89f3428cb9cab13fc59f7448d798f9bf08e9187,"{""distance"":5,""physical_error_rate"":0.001}","{""detection_events"":12545,""detectors_checked"":3655680}"
     21504,         0,         0,    1.59,decoder_by_matrix,5b8a070a3cf8d31d64f24dbee89f3428cb9cab13fc59f7448d798f9bf08e9187,"{""distance"":5,""physical_error_rate"":0.001}","{""detection_events"":12550,""detectors_checked"":3655680}"
     19456,         0,         0,    1.59,decoder_by_matrix,5b8a070a3cf8d31d64f24dbee89f3428cb9cab13fc59f7448d798f9bf08e9187,"{""distance"":5,""physical_error_rate"":0.001}","{""detection_events"":11420,""detectors_checked"":3307520}"
     38912,         0,         0,    1.59,decoder_by_matrix,5b8a070a3cf8d31d64f24dbee89f3428cb9cab13fc59f7448d798f9bf08e9187,"{""distance"":5,""physical_error_rate"":0.001}","{""detection_events"":21445,""detectors_checked"":6615040}"
     15360,         0,         0,    1.65,decoder_by_matrix,5b8a070a3cf8d31d64f24dbee89f3428cb9cab13fc59f7448d798f9bf08e9187,"{""distance"":5,""physical_error_rate"":0.001}","{""detection_events"":8400,""detectors_checked"":2611200}"
     19456,         0,         0,    1.62,decoder_by_matrix,5b8a070a3cf8d31d64f24dbee89f3428cb9cab13fc59f7448d798f9bf08e9187,"{""distance"":5,""physical_error_rate"":0.001}","{""detection_events"":10725,""detectors_checked"":3307520}"
     21504,         0,         0,    1.60,decoder_by_matrix,5b8a070a3cf8d31d64f24dbee89f3428cb9cab13fc59f7448d798f9bf08e9187,"{""distance"":5,""physical_error_rate"":0.001}","{""detection_events"":12290,""detectors_checked"":3655680}"
     21504,         0,         0,    1.60,decoder_by_matrix,5b8a070a3cf8d31d64f24dbee89f3428cb9cab13fc59f7448d798f9bf08e9187,"{""distance"":5,""physical_error_rate"":0.001}","{""detection_events"":12715,""detectors_checked"":3655680}"
     19456,         0,         0,    1.64,decoder_by_matrix,5b8a070a3cf8d31d64f24dbee89f3428cb9cab13fc59f7448d798f9bf08e9187,"{""distance"":5,""physical_error_rate"":0.001}","{""detection_events"":11595,""detectors_checked"":3307520}"
     13312,         0,         0,    1.56,decoder_by_matrix,5b8a070a3cf8d31d64f24dbee89f3428cb9cab13fc59f7448d798f9bf08e9187,"{""distance"":5,""physical_error_rate"":0.001}","{""detection_events"":7525,""detectors_checked"":2263040}"
     37888,         0,         0,    1.59,decoder_by_matrix,5b8a070a3cf8d31d64f24dbee89f3428cb9cab13fc59f7448d798f9bf08e9187,"{""distance"":5,""physical_error_rate"":0.001}","{""detection_events"":21535,""detectors_checked"":6440960}"
     20480,         0,         0,    1.62,decoder_by_matrix,5b8a070a3cf8d31d64f24dbee89f3428cb9cab13fc59f7448d798f9bf08e9187,"{""distance"":5,""physical_error_rate"":0.001}","{""detection_events"":12215,""detectors_checked"":3481600}"
     21504,         0,         0,    1.62,decoder_by_matrix,5b8a070a3cf8d31d64f24dbee89f3428cb9cab13fc59f7448d798f9bf08e9187,"{""distance"":5,""physical_error_rate"":0.001}","{""detection_events"":12820,""detectors_checked"":3655680}"
     13312,         0,         0,    1.56,decoder_by_matrix,5b8a070a3cf8d31d64f24dbee89f3428cb9cab13fc59f7448d798f9bf08e9187,"{""distance"":5,""physical_error_rate"":0.001}","{""detection_events"":7050,""detectors_checked"":2263040}"
     15360,         0,         0,    1.62,decoder_by_matrix,5b8a070a3cf8d31d64f24dbee89f3428cb9cab13fc59f7448d798f9bf08e9187,"{""distance"":5,""physical_error_rate"":0.001}","{""detection_events"":9045,""detectors_checked"":2611200}"
     15360,         0,         0,    1.58,decoder_by_matrix,5b8a070a3cf8d31d64f24dbee89f3428cb9cab13fc59f7448d798f9bf08e9187,"{""distance"":5,""physical_error_rate"":0.001}","{""detection_events"":8900,""detectors_checked"":2611200}"
     19456,         0,         0,    1.65,decoder_by_matrix,5b8a070a3cf8d31d64f24dbee89f3428cb9cab13fc59f7448d798f9bf08e9187,"{""distance"":5,""physical_error_rate"":0.001}","{""detection_events"":11680,""detectors_checked"":3307520}"
     20480,         0,         0,    1.60,decoder_by_matrix,5b8a070a3cf8d31d64f24dbee89f3428cb9cab13fc59f7448d798f9bf08e9187,"{""distance"":5,""physical_error_rate"":0.001}","{""detection_events"":11290,""detectors_checked"":3481600}"
     58368,         0,         0,    2.18,decoder_by_matrix,5b8a070a3cf8d31d64f24dbee89f3428cb9cab13fc59f7448d798f9bf08e9187,"{""distance"":5,""physical_error_rate"":0.001}","{""detection_events"":33315,""detectors_checked"":9922560}"
     27648,         0,         0,    2.18,decoder_by_matrix,5b8a070a3cf8d31d64f24dbee89f3428cb9cab13fc59f7448d798f9bf08e9187,"{""distance"":5,""physical_error_rate"":0.001}","{""detection_events"":14620,""detectors_checked"":4700160}"
     35840,         0,         0,    2.15,decoder_by_matrix,5b8a070a3cf8d31d64f24dbee89f3428cb9cab13fc59f7448d798f9bf08e9187,"{""distance"":5,""physical_error_rate"":0.001}","{""detection_events"":21080,""detectors_checked"":6092800}"
     29696,         0,         0,    2.24,decoder_by_matrix,5b8a070a3cf8d31d64f24dbee89f3428cb9cab13fc59f7448d798f9bf08e9187,"{""distance"":5,""physical_error_rate"":0.001}","{""detection_events"":17185,""detectors_checked"":5048320}"
     24576,         0,         0,    2.21,decoder_by_matrix,5b8a070a3cf8d31d64f24dbee89f3428cb9cab13fc59f7448d798f9bf08e9187,"{""distance"":5,""physical_error_rate"":0.001}","{""detection_events"":14350,""detectors_checked"":4177920}"
     28672,         0,         0,    2.18,decoder_by_matrix,5b8a070a3cf8d31d64f24dbee89f3428cb9cab13fc59f7448d798f9bf08e9187,"{""distance"":5,""physical_error_rate"":0.001}","{""detection_events"":16770,""detectors_checked"":4874240}"
     27648,         0,         0,    2.17,decoder_by_matrix,5b8a070a3cf8d31d64f24dbee89f3428cb9cab13fc59f7448d798f9bf08e9187,"{""distance"":5,""physical_error_rate"":0.001}","{""detection_events"":15055,""detectors_checked"":4700160}"
     29696,         0,         0,    2.21,decoder_by_matrix,5b8a070a3cf8d31d64f24dbee89f3428cb9cab13fc59f7448d798f9bf08e9187,"{""distance"":5,""physical_error_rate"":0.001}","{""detection_events"":15965,""detectors_checked"":5048320}"
     56320,         0,         0,    2.18,decoder_by_matrix,5b8a070a3cf8d31d64f24dbee89f3428cb9cab13fc59f7448d798f9bf08e9187,"{""distance"":5,""physical_error_rate"":0.001}","{""detection_events"":32645,""detectors_checked"":9574400}"
     24576,         0,         0,    2.25,decoder_by_matrix,5b8a070a3cf8d31d64f24dbee89f3428cb9cab13fc59f7448d798f9bf08e9187,"{""distance"":5,""physical_error_rate"":0.001}","{""detection_events"":14335,""detectors_checked"":4177920}"
     25600,         0,         0,    2.18,decoder_by_matrix,5b8a070a3cf8d31d64f24dbee89f3428cb9cab13fc59f7448d798f9bf08e9187,"{""distance"":5,""physical_error_rate"":0.001}","{""detection_events"":14550,""detectors_checked"":4352000}"
     28672,         0,         0,    2.16,decoder_by_matrix,5b8a070a3cf8d31d64f24dbee89f3428cb9cab13fc59f7448d798f9bf08e9187,"{""distance"":5,""physical_error_rate"":0.001}","{""detection_events"":15585,""detectors_checked"":4874240}"
     23552,         0,         0,    2.16,decoder_by_matrix,5b8a070a3cf8d31d64f24dbee89f3428cb9cab13fc59f7448d798f9bf08e9187,"{""distance"":5,""physical_error_rate"":0.001}","{""detection_events"":12930,""detectors_checked"":4003840}"
     22528,         0,         0,    2.21,decoder_by_matrix,5b8a070a3cf8d31d64f24dbee89f3428cb9cab13fc59f7448d798f9bf08e9187,"{""distance"":5,""physical_error_rate"":0.001}","{""detection_events"":13405,""detectors_checked"":3829760}"
     23552,         0,         0,    2.18,decoder_by_matrix,5b8a070a3cf8d31d64f24dbee89f3428cb9cab13fc59f7448d798f9bf08e9187,"{""distance"":5,""physical_error_rate"":0.001}","{""detection_events"":13400,""detectors_checked"":4003840}"
     27648,         0,         0,    2.21,decoder_by_matrix,5b8a070a3cf8d31d64f24dbee89f3428cb9cab13fc59f7448d798f9bf08e9187,"{""distance"":5,""physical_error_rate"":0.001}","{""detection_events"":15210,""detectors_checked"":4700160}"
     21504,         0,         0,    2.18,decoder_by_matrix,5b8a070a3cf8d31d64f24dbee89f3428cb9cab13fc59f7448d798f9bf08e9187,"{""distance"":5,""physical_error_rate"":0.001}","{""detection_events"":11460,""detectors_checked"":3655680}"
     58368,         0,         0,    2.20,decoder_by_matrix,5b8a070a3cf8d31d64f24dbee89f3428cb9cab13fc59f7448d798f9bf08e9187,"{""distance"":5,""physical_error_rate"":0.001}","{""detection_events"":31430,""detectors_checked"":9922560}"
     22528,         0,         0,    2.19,decoder_by_matrix,5b8a070a3cf8d31d64f24dbee89f3428cb9cab13fc59f7448d798f9bf08e9187,"{""distance"":5,""physical_error_rate"":0.001}","{""detection_events"":13190,""detectors_checked"":3829760}"
     26624,         0,         0,    2.26,decoder_by_matrix,5b8a070a3cf8d31d64f24dbee89f3428cb9cab13fc59f7448d798f9bf08e9187,"{""distance"":5,""physical_error_rate"":0.001}","{""detection_events"":14985,""detectors_checked"":4526080}"
     23552,         0,         0,    2.25,decoder_by_matrix,5b8a070a3cf8d31d64f24dbee89f3428cb9cab13fc59f7448d798f9bf08e9187,"{""distance"":5,""physical_error_rate"":0.001}","{""detection_events"":14365,""detectors_checked"":4003840}"
     24576,         1,         0,    2.24,decoder_by_matrix,5b8a070a3cf8d31d64f24dbee89f3428cb9cab13fc59f7448d798f9bf08e9187,"{""distance"":5,""physical_error_rate"":0.001}","{""detection_events"":14325,""detectors_checked"":4177920,""obs_mistake_mask=E_"":1}"
     26624,         0,         0,    2.24,decoder_by_matrix,5b8a070a3cf8d31d64f24dbee89f3428cb9cab13fc59f7448d798f9bf08e9187,"{""distance"":5,""physical_error_rate"":0.001}","{""detection_events"":15400,""detectors_checked"":4526080}"
     28672,         0,         0,    2.23,decoder_by_matrix,5b8a070a3cf8d31d64f24dbee89f3428cb9cab13fc59f7448d798f9bf08e9187,"{""distance"":5,""physical_error_rate"":0.001}","{""detection_events"":15675,""detectors_checked"":4874240}"
     59392,         0,         0,    3.12,decoder_by_matrix,5b8a070a3cf8d31d64f24dbee89f3428cb9cab13fc59f7448d798f9bf08e9187,"{""distance"":5,""physical_error_rate"":0.001}","{""detection_events"":33745,""detectors_checked"":10096640}"
   1170086,         3,         0,    89.7,decoder_by_matrix,5b8a070a3cf8d31d64f24dbee89f3428cb9cab13fc59f7448d798f9bf08e9187,"{""distance"":5,""physical_error_rate"":0.001}","{""detection_events"":666025,""detectors_checked"":198914620,""obs_mistake_mask=_E"":3}"
    972800,         1,         0,    76.8,decoder_by_matrix,5b8a070a3cf8d31d64f24dbee89f3428cb9cab13fc59f7448d798f9bf08e9187,"{""distance"":5,""physical_error_rate"":0.001}","{""detection_events"":552380,""detectors_checked"":165376000,""obs_mistake_mask=E_"":1}"
   1037312,         0,         0,    76.8,decoder_by_matrix,5b8a070a3cf8d31d64f24dbee89f3428cb9cab13fc59f7448d798f9bf08e9187,"{""distance"":5,""physical_error_rate"":0.001}","{""detection_events"":591525,""detectors_checked"":176343040}"
   1039360,         0,         0,    76.2,decoder_by_matrix,5b8a070a3cf8d31d64f24dbee89f3428cb9cab13fc59f7448d798f9bf08e9187,"{""distance"":5,""physical_error_rate"":0.001}","{""detection_events"":588750,""detectors_checked"":176691200}"
    941056,         1,         0,    76.2,decoder_by_matrix,5b8a070a3cf8d31d64f24dbee89f3428cb9cab13fc59f7448d798f9bf08e9187,"{""distance"":5,""physical_error_rate"":0.001}","{""detection_events"":536670,""detectors_checked"":159979520,""obs_mistake_mask=E_"":1}"
     40960,         0,         0,    3.04,decoder_by_matrix,5b8a070a3cf8d31d64f24dbee89f3428cb9cab13fc59f7448d798f9bf08e9187,"{""distance"":5,""physical_error_rate"":0.001}","{""detection_events"":22905,""detectors_checked"":6963200}"
     41984,         0,         0,    3.03,decoder_by_matrix,5b8a070a3cf8d31d64f24dbee89f3428cb9cab13fc59f7448d798f9bf08e9187,"{""distance"":5,""physical_error_rate"":0.001}","{""detection_events"":23545,""detectors_checked"":7137280}"
     40960,         0,         0,    3.11,decoder_by_matrix,5b8a070a3cf8d31d64f24dbee89f3428cb9cab13fc59f7448d798f9bf08e9187,"{""distance"":5,""physical_error_rate"":0.001}","{""detection_events"":23115,""detectors_checked"":6963200}"
     37888,         0,         0,    3.04,decoder_by_matrix,5b8a070a3cf8d31d64f24dbee89f3428cb9cab13fc59f7448d798f9bf08e9187,"{""distance"":5,""physical_error_rate"":0.001}","{""detection_events"":21400,""detectors_checked"":6440960}"
     41984,         0,         0,    3.07,decoder_by_matrix,5b8a070a3cf8d31d64f24dbee89f3428cb9cab13fc59f7448d798f9bf08e9187,"{""distance"":5,""physical_error_rate"":0.001}","{""detection_events"":22755,""detectors_checked"":7137280}"
     40960,         0,         0,    3.09,decoder_by_matrix,5b8a070a3cf8d31d64f24dbee89f3428cb9cab13fc59f7448d798f9bf08e9187,"{""distance"":5,""physical_error_rate"":0.001}","{""detection_events"":22750,""detectors_checked"":6963200}"
     41984,         0,         0,    3.10,decoder_by_matrix,5b8a070a3cf8d31d64f24dbee89f3428cb9cab13fc59f7448d798f9bf08e9187,"{""distance"":5,""physical_error_rate"":0.001}","{""detection_events"":23315,""detectors_checked"":7137280}"
     46080,         0,         0,    3.11,decoder_by_matrix,5b8a070a3cf8d31d64f24dbee89f3428cb9cab13fc59f7448d798f9bf08e9187,"{""distance"":5,""physical_error_rate"":0.001}","{""detection_events"":26855,""detectors_checked"":7833600}"
     39936,         1,         0,    3.03,decoder_by_matrix,5b8a070a3cf8d31d64f24dbee89f3428cb9cab13fc59f7448d798f9bf08e9187,"{""distance"":5,""physical_error_rate"":0.001}","{""detection_events"":22690,""detectors_checked"":6789120,""obs_mistake_mask=E_"":1}"
     41984,         0,         0,    3.11,decoder_by_matrix,5b8a070a3cf8d31d64f24dbee89f3428cb9cab13fc59f7448d798f9bf08e9187,"{""distance"":5,""physical_error_rate"":0.001}","{""detection_events"":23620,""detectors_checked"":7137280}"
     38912,         0,         0,    3.09,decoder_by_matrix,5b8a070a3cf8d31d64f24dbee89f3428cb9cab13fc59f7448d798f9bf08e9187,"{""distance"":5,""physical_error_rate"":0.001}","{""detection_events"":22015,""detectors_checked"":6615040}"
     35840,         0,         0,    3.08,decoder_by_matrix,5b8a070a3cf8d31d64f24dbee89f3428cb9cab13fc59f7448d798f9bf08e9187,"{""distance"":5,""physical_error_rate"":0.001}","{""detection_events"":20235,""detectors_checked"":6092800}"
     40960,         0,         0,    3.05,decoder_by_matrix,5b8a070a3cf8d31d64f24dbee89f3428cb9cab13fc59f7448d798f9bf08e9187,"{""distance"":5,""physical_error_rate"":0.001}","{""detection_events"":24030,""detectors_checked"":6963200}"
     38912,         0,         0,    3.08,decoder_by_matrix,5b8a070a3cf8d31d64f24dbee89f3428cb9cab13fc59f7448d798f9bf08e9187,"{""distance"":5,""physical_error_rate"":0.001}","{""detection_events"":21620,""detectors_checked"":6615040}"
     41984,         0,         0,    3.07,decoder_by_matrix,5b8a070a3cf8d31d64f24dbee89f3428cb9cab13fc59f7448d798f9bf08e9187,"{""distance"":5,""physical_error_rate"":0.001}","{""detection_events"":22900,""detectors_checked"":7137280}"
     47104,         0,         0,    3.04,decoder_by_matrix,5b8a070a3cf8d31d64f24dbee89f3428cb9cab13fc59f7448d798f9bf08e9187,"{""distance"":5,""physical_error_rate"":0.001}","{""detection_events"":26285,""detectors_checked"":8007680}"
     40960,         0,         0,    3.08,decoder_by_matrix,5b8a070a3cf8d31d64f24dbee89f3428cb9cab13fc59f7448d798f9bf08e9187,"{""distance"":5,""physical_error_rate"":0.001}","{""detection_events"":23405,""detectors_checked"":6963200}"
     38912,         0,         0,    3.06,decoder_by_matrix,5b8a070a3cf8d31d64f24dbee89f3428cb9cab13fc59f7448d798f9bf08e9187,"{""distance"":5,""physical_error_rate"":0.001}","{""detection_events"":21590,""detectors_checked"":6615040}"
     38912,         0,         0,    3.02,decoder_by_matrix,5b8a070a3cf8d31d64f24dbee89f3428cb9cab13fc59f7448d798f9bf08e9187,"{""distance"":5,""physical_error_rate"":0.001}","{""detection_events"":22025,""detectors_checked"":6615040}"
     39936,         0,         0,    3.03,decoder_by_matrix,5b8a070a3cf8d31d64f24dbee89f3428cb9cab13fc59f7448d798f9bf08e9187,"{""distance"":5,""physical_error_rate"":0.001}","{""detection_events"":23350,""detectors_checked"":6789120}"
     39936,         0,         0,    3.12,decoder_by_matrix,5b8a070a3cf8d31d64f24dbee89f3428cb9cab13fc59f7448d798f9bf08e9187,"{""distance"":5,""physical_error_rate"":0.001}","{""detection_events"":22860,""detectors_checked"":6789120}"
     40960,         0,         0,    3.11,decoder_by_matrix,5b8a070a3cf8d31d64f24dbee89f3428cb9cab13fc59f7448d798f9bf08e9187,"{""distance"":5,""physical_error_rate"":0.001}","{""detection_events"":24145,""detectors_checked"":6963200}"
     38912,         0,         0,    3.03,decoder_by_matrix,5b8a070a3cf8d31d64f24dbee89f3428cb9cab13fc59f7448d798f9bf08e9187,"{""distance"":5,""physical_error_rate"":0.001}","{""detection_events"":21590,""detectors_checked"":6615040}"
    912508,         2,         0,    13.8,decoder_by_matrix,5b8a070a3cf8d31d64f24dbee89f3428cb9cab13fc59f7448d798f9bf08e9187,"{""distance"":5,""physical_error_rate"":0.001}","{""detection_events"":514135,""detectors_checked"":155126360,""obs_mistake_mask=EE"":1,""obs_mistake_mask=_E"":1}"
    812032,         0,         0,    37.2,decoder_by_matrix,5b8a070a3cf8d31d64f24dbee89f3428cb9cab13fc59f7448d798f9bf08e9187,"{""distance"":5,""physical_error_rate"":0.001}","{""detection_events"":459865,""detectors_checked"":138045440}"
     95232,         0,         0,    4.28,decoder_by_matrix,5b8a070a3cf8d31d64f24dbee89f3428cb9cab13fc59f7448d798f9bf08e9187,"{""distance"":5,""physical_error_rate"":0.001}","{""detection_events"":53215,""detectors_checked"":16189440}"
     59392,         0,         0,    4.30,decoder_by_matrix,5b8a070a3cf8d31d64f24dbee89f3428cb9cab13fc59f7448d798f9bf08e9187,"{""distance"":5,""physical_error_rate"":0.001}","{""detection_events"":35140,""detectors_checked"":10096640}"
     58368,         0,         0,    4.23,decoder_by_matrix,5b8a070a3cf8d31d64f24dbee89f3428cb9cab13fc59f7448d798f9bf08e9187,"{""distance"":5,""physical_error_rate"":0.001}","{""detection_events"":33205,""detectors_checked"":9922560}"
     58368,         0,         0,    4.29,decoder_by_matrix,5b8a070a3cf8d31d64f24dbee89f3428cb9cab13fc59f7448d798f9bf08e9187,"{""distance"":5,""physical_error_rate"":0.001}","{""detection_events"":31790,""detectors_checked"":9922560}"
     59392,         1,         0,    4.31,decoder_by_matrix,5b8a070a3cf8d31d64f24dbee89f3428cb9cab13fc59f7448d798f9bf08e9187,"{""distance"":5,""physical_error_rate"":0.001}","{""detection_events"":34535,""detectors_checked"":10096640,""obs_mistake_mask=E_"":1}"
     56320,         0,         0,    4.28,decoder_by_matrix,5b8a070a3cf8d31d64f24dbee89f3428cb9cab13fc59f7448d798f9bf08e9187,"{""distance"":5,""physical_error_rate"":0.001}","{""detection_events"":33270,""detectors_checked"":9574400}"
     57344,         0,         0,    4.32,decoder_by_matrix,5b8a070a3cf8d31d64f24dbee89f3428cb9cab13fc59f7448d798f9bf08e9187,"{""distance"":5,""physical_error_rate"":0.001}","{""detection_events"":31650,""detectors_checked"":9748480}"
     55296,         0,         0,    4.28,decoder_by_matrix,5b8a070a3cf8d31d64f24dbee89f3428cb9cab13fc59f7448d798f9bf08e9187,"{""distance"":5,""physical_error_rate"":0.001}","{""detection_events"":30045,""detectors_checked"":9400320}"
     56320,         0,         0,    4.23,decoder_by_matrix,5b8a070a3cf8d31d64f24dbee89f3428cb9cab13fc59f7448d798f9bf08e9187,"{""distance"":5,""physical_error_rate"":0.001}","{""detection_events"":32135,""detectors_checked"":9574400}"
     57344,         0,         0,    4.28,decoder_by_matrix,5b8a070a3cf8d31d64f24dbee89f3428cb9cab13fc59f7448d798f9bf08e9187,"{""distance"":5,""physical_error_rate"":0.001}","{""detection_events"":33825,""detectors_checked"":9748480}"
     57344,         0,         0,    4.26,decoder_by_matrix,5b8a070a3cf8d31d64f24dbee89f3428cb9cab13fc59f7448d798f9bf08e9187,"{""distance"":5,""physical_error_rate"":0.001}","{""detection_events"":32620,""detectors_checked"":9748480}"
     57344,         0,         0,    4.34,decoder_by_matrix,5b8a070a3cf8d31d64f24dbee89f3428cb9cab13fc59f7448d798f9bf08e9187,"{""distance"":5,""physical_error_rate"":0.001}","{""detection_events"":32595,""detectors_checked"":9748480}"
     57344,         0,         0,    4.26,decoder_by_matrix,5b8a070a3cf8d31d64f24dbee89f3428cb9cab13fc59f7448d798f9bf08e9187,"{""distance"":5,""physical_error_rate"":0.001}","{""detection_events"":33355,""detectors_checked"":9748480}"
     92160,         0,         0,    4.27,decoder_by_matrix,5b8a070a3cf8d31d64f24dbee89f3428cb9cab13fc59f7448d798f9bf08e9187,"{""distance"":5,""physical_error_rate"":0.001}","{""detection_events"":50885,""detectors_checked"":15667200}"
     59392,         0,         0,    4.30,decoder_by_matrix,5b8a070a3cf8d31d64f24dbee89f3428cb9cab13fc59f7448d798f9bf08e9187,"{""distance"":5,""physical_error_rate"":0.001}","{""detection_events"":32615,""detectors_checked"":10096640}"
     57344,         0,         0,    4.29,decoder_by_matrix,5b8a070a3cf8d31d64f24dbee89f3428cb9cab13fc59f7448d798f9bf08e9187,"{""distance"":5,""physical_error_rate"":0.001}","{""detection_events"":32700,""detectors_checked"":9748480}"
     56320,         2,         0,    4.30,decoder_by_matrix,5b8a070a3cf8d31d64f24dbee89f3428cb9cab13fc59f7448d798f9bf08e9187,"{""distance"":5,""physical_error_rate"":0.001}","{""detection_events"":31865,""detectors_checked"":9574400,""obs_mistake_mask=E_"":1,""obs_mistake_mask=_E"":1}"
     58368,         0,         0,    4.29,decoder_by_matrix,5b8a070a3cf8d31d64f24dbee89f3428cb9cab13fc59f7448d798f9bf08e9187,"{""distance"":5,""physical_error_rate"":0.001}","{""detection_events"":35960,""detectors_checked"":9922560}"
     51200,         0,         0,    4.26,decoder_by_matrix,5b8a070a3cf8d31d64f24dbee89f3428cb9cab13fc59f7448d798f9bf08e9187,"{""distance"":5,""physical_error_rate"":0.001}","{""detection_events"":28995,""detectors_checked"":8704000}"
     58368,         1,         0,    4.33,decoder_by_matrix,5b8a070a3cf8d31d64f24dbee89f3428cb9cab13fc59f7448d798f9bf08e9187,"{""distance"":5,""physical_error_rate"":0.001}","{""detection_events"":33600,""detectors_checked"":9922560,""obs_mistake_mask=_E"":1}"
     55296,         0,         0,    4.26,decoder_by_matrix,5b8a070a3cf8d31d64f24dbee89f3428cb9cab13fc59f7448d798f9bf08e9187,"{""distance"":5,""physical_error_rate"":0.001}","{""detection_events"":31325,""detectors_checked"":9400320}"
     53248,         0,         0,    4.26,decoder_by_matrix,5b8a070a3cf8d31d64f24dbee89f3428cb9cab13fc59f7448d798f9bf08e9187,"{""distance"":5,""physical_error_rate"":0.001}","{""detection_events"":30075,""detectors_checked"":9052160}"
     56320,         0,         0,    4.32,decoder_by_matrix,5b8a070a3cf8d31d64f24dbee89f3428cb9cab13fc59f7448d798f9bf08e9187,"{""distance"":5,""physical_error_rate"":0.001}","{""detection_events"":30660,""detectors_checked"":9574400}"
     55296,         0,         0,    4.32,decoder_by_matrix,5b8a070a3cf8d31d64f24dbee89f3428cb9cab13fc59f7448d798f9bf08e9187,"{""distance"":5,""physical_error_rate"":0.001}","{""detection_events"":31850,""detectors_checked"":9400320}"
    790842,         0,         0,    41.5,decoder_by_matrix,5b8a070a3cf8d31d64f24dbee89f3428cb9cab13fc59f7448d798f9bf08e9187,"{""distance"":5,""physical_error_rate"":0.001}","{""detection_events"":444480,""detectors_checked"":134443140}"
    145408,         0,         0,    6.00,decoder_by_matrix,5b8a070a3cf8d31d64f24dbee89f3428cb9cab13fc59f7448d798f9bf08e9187,"{""distance"":5,""physical_error_rate"":0.001}","{""detection_events"":83015,""detectors_checked"":24719360}"
     79872,         0,         0,    6.01,decoder_by_matrix,5b8a070a3cf8d31d64f24dbee89f3428cb9cab13fc59f7448d798f9bf08e9187,"{""distance"":5,""physical_error_rate"":0.001}","{""detection_events"":44320,""detectors_checked"":13578240}"
     81920,         0,         0,    6.00,decoder_by_matrix,5b8a070a3cf8d31d64f24dbee89f3428cb9cab13fc59f7448d798f9bf08e9187,"{""distance"":5,""physical_error_rate"":0.001}","{""detection_events"":46990,""detectors_checked"":13926400}"
     80896,         0,         0,    6.02,decoder_by_matrix,5b8a070a3cf8d31d64f24dbee89f3428cb9cab13fc59f7448d798f9bf08e9187,"{""distance"":5,""physical_error_rate"":0.001}","{""detection_events"":47815,""detectors_checked"":13752320}"
     84992,         0,         0,    5.98,decoder_by_matrix,5b8a070a3cf8d31d64f24dbee89f3428cb9cab13fc59f7448d798f9bf08e9187,"{""distance"":5,""physical_error_rate"":0.001}","{""detection_events"":48715,""detectors_checked"":14448640}"
     82944,         0,         0,    6.03,decoder_by_matrix,5b8a070a3cf8d31d64f24dbee89f3428cb9cab13fc59f7448d798f9bf08e9187,"{""distance"":5,""physical_error_rate"":0.001}","{""detection_events"":46515,""detectors_checked"":14100480}"
     79872,         0,         0,    5.95,decoder_by_matrix,5b8a070a3cf8d31d64f24dbee89f3428cb9cab13fc59f7448d798f9bf08e9187,"{""distance"":5,""physical_error_rate"":0.001}","{""detection_events"":45875,""detectors_checked"":13578240}"
     81920,         0,         0,    6.02,decoder_by_matrix,5b8a070a3cf8d31d64f24dbee89f3428cb9cab13fc59f7448d798f9bf08e9187,"{""distance"":5,""physical_error_rate"":0.001}","{""detection_events"":48585,""detectors_checked"":13926400}"
     78848,         0,         0,    5.96,decoder_by_matrix,5b8a070a3cf8d31d64f24dbee89f3428cb9cab13fc59f7448d798f9bf08e9187,"{""distance"":5,""physical_error_rate"":0.001}","{""detection_events"":44585,""detectors_checked"":13404160}"
     80896,         0,         0,    5.94,decoder_by_matrix,5b8a070a3cf8d31d64f24dbee89f3428cb9cab13fc59f7448d798f9bf08e9187,"{""distance"":5,""physical_error_rate"":0.001}","{""detection_events"":46460,""detectors_checked"":13752320}"
     78848,         0,         0,    6.03,decoder_by_matrix,5b8a070a3cf8d31d64f24dbee89f3428cb9cab13fc59f7448d798f9bf08e9187,"{""distance"":5,""physical_error_rate"":0.001}","{""detection_events"":43805,""detectors_checked"":13404160}"
     75776,         0,         0,    5.98,decoder_by_matrix,5b8a070a3cf8d31d64f24dbee89f3428cb9cab13fc59f7448d798f9bf08e9187,"{""distance"":5,""physical_error_rate"":0.001}","{""detection_events"":41205,""detectors_checked"":12881920}"
     80896,         0,         0,    6.01,decoder_by_matrix,5b8a070a3cf8d31d64f24dbee89f3428cb9cab13fc59f7448d798f9bf08e9187,"{""distance"":5,""physical_error_rate"":0.001}","{""detection_events"":46145,""detectors_checked"":13752320}"
     76800,         0,         0,    5.97,decoder_by_matrix,5b8a070a3cf8d31d64f24dbee89f3428cb9cab13fc59f7448d798f9bf08e9187,"{""distance"":5,""physical_error_rate"":0.001}","{""detection_events"":43600,""detectors_checked"":13056000}"
     80896,         1,         0,    5.98,decoder_by_matrix,5b8a070a3cf8d31d64f24dbee89f3428cb9cab13fc59f7448d798f9bf08e9187,"{""distance"":5,""physical_error_rate"":0.001}","{""detection_events"":46650,""detectors_checked"":13752320,""obs_mistake_mask=_E"":1}"
     78848,         0,         0,    6.02,decoder_by_matrix,5b8a070a3cf8d31d64f24dbee89f3428cb9cab13fc59f7448d798f9bf08e9187,"{""distance"":5,""physical_error_rate"":0.001}","{""detection_events"":44110,""detectors_checked"":13404160}"
     91136,         0,         0,    6.02,decoder_by_matrix,5b8a070a3cf8d31d64f24dbee89f3428cb9cab13fc59f7448d798f9bf08e9187,"{""distance"":5,""physical_error_rate"":0.001}","{""detection_events"":51330,""detectors_checked"":15493120}"
     78848,         0,         0,    5.99,decoder_by_matrix,5b8a070a3cf8d31d64f24dbee89f3428cb9cab13fc59f7448d798f9bf08e9187,"{""distance"":5,""physical_error_rate"":0.001}","{""detection_events"":45500,""detectors_checked"":13404160}"
    615424,         2,         0,    44.9,decoder_by_matrix,5b8a070a3cf8d31d64f24dbee89f3428cb9cab13fc59f7448d798f9bf08e9187,"{""distance"":5,""physical_error_rate"":0.001}","{""detection_events"":347055,""detectors_checked"":104622080,""obs_mistake_mask=EE"":1,""obs_mistake_mask=E_"":1}"
    574464,         2,         0,    44.8,decoder_by_matrix,5b8a070a3cf8d31d64f24dbee89f3428cb9cab13fc59f7448d798f9bf08e9187,"{""distance"":5,""physical_error_rate"":0.001}","{""detection_events"":325765,""detectors_checked"":97658880,""obs_mistake_mask=E_"":1,""obs_mistake_mask=_E"":1}"
     80896,         0,         0,    6.01,decoder_by_matrix,5b8a070a3cf8d31d64f24dbee89f3428cb9cab13fc59f7448d798f9bf08e9187,"{""distance"":5,""physical_error_rate"":0.001}","{""detection_events"":46625,""detectors_checked"":13752320}"
     80896,         0,         0,    6.00,decoder_by_matrix,5b8a070a3cf8d31d64f24dbee89f3428cb9cab13fc59f7448d798f9bf08e9187,"{""distance"":5,""physical_error_rate"":0.001}","{""detection_events"":44245,""detectors_checked"":13752320}"
    555008,         0,         0,    44.9,decoder_by_matrix,5b8a070a3cf8d31d64f24dbee89f3428cb9cab13fc59f7448d798f9bf08e9187,"{""distance"":5,""physical_error_rate"":0.001}","{""detection_events"":313695,""detectors_checked"":94351360}"
     77824,         0,         0,    6.03,decoder_by_matrix,5b8a070a3cf8d31d64f24dbee89f3428cb9cab13fc59f7448d798f9bf08e9187,"{""distance"":5,""physical_error_rate"":0.001}","{""detection_events"":44265,""detectors_checked"":13230080}"
     77824,         0,         0,    5.98,decoder_by_matrix,5b8a070a3cf8d31d64f24dbee89f3428cb9cab13fc59f7448d798f9bf08e9187,"{""distance"":5,""physical_error_rate"":0.001}","{""detection_events"":43965,""detectors_checked"":13230080}"
    585728,         1,         0,    44.9,decoder_by_matrix,5b8a070a3cf8d31d64f24dbee89f3428cb9cab13fc59f7448d798f9bf08e9187,"{""distance"":5,""physical_error_rate"":0.001}","{""detection_events"":329020,""detectors_checked"":99573760,""obs_mistake_mask=E_"":1}"
    572416,         1,         0,    44.9,decoder_by_matrix,5b8a070a3cf8d31d64f24dbee89f3428cb9cab13fc59f7448d798f9bf08e9187,"{""distance"":5,""physical_error_rate"":0.001}","{""detection_events"":320275,""detectors_checked"":97310720,""obs_mistake_mask=EE"":1}"
    609280,         0,         0,    44.9,decoder_by_matrix,5b8a070a3cf8d31d64f24dbee89f3428cb9cab13fc59f7448d798f9bf08e9187,"{""distance"":5,""physical_error_rate"":0.001}","{""detection_events"":347810,""detectors_checked"":103577600}"
     78848,         1,         0,    6.03,decoder_by_matrix,5b8a070a3cf8d31d64f24dbee89f3428cb9cab13fc59f7448d798f9bf08e9187,"{""distance"":5,""physical_error_rate"":0.001}","{""detection_events"":43420,""detectors_checked"":13404160,""obs_mistake_mask=EE"":1}"
     78848,         0,         0,    6.03,decoder_by_matrix,5b8a070a3cf8d31d64f24dbee89f3428cb9cab13fc59f7448d798f9bf08e9187,"{""distance"":5,""physical_error_rate"":0.001}","{""detection_events"":44500,""detectors_checked"":13404160}"
    727475,         3,         0,    10.1,decoder_by_matrix,5b8a070a3cf8d31d64f24dbee89f3428cb9cab13fc59f7448d798f9bf08e9187,"{""distance"":5,""physical_error_rate"":0.001}","{""detection_events"":413670,""detectors_checked"":123670750,""obs_mistake_mask=EE"":1,""obs_mistake_mask=E_"":1,""obs_mistake_mask=_E"":1}"
    673792,         0,         0,    49.0,decoder_by_matrix,5b8a070a3cf8d31d64f24dbee89f3428cb9cab13fc59f7448d798f9bf08e9187,"{""distance"":5,""physical_error_rate"":0.001}","{""detection_events"":385535,""detectors_checked"":114544640}"
    597589,         0,         0,    27.2,decoder_by_matrix,5b8a070a3cf8d31d64f24dbee89f3428cb9cab13fc59f7448d798f9bf08e9187,"{""distance"":5,""physical_error_rate"":0.001}","{""detection_events"":337075,""detectors_checked"":101590130}"
    191488,         0,         0,    8.40,decoder_by_matrix,5b8a070a3cf8d31d64f24dbee89f3428cb9cab13fc59f7448d798f9bf08e9187,"{""distance"":5,""physical_error_rate"":0.001}","{""detection_events"":106845,""detectors_checked"":32552960}"
    114688,         0,         0,    8.34,decoder_by_matrix,5b8a070a3cf8d31d64f24dbee89f3428cb9cab13fc59f7448d798f9bf08e9187,"{""distance"":5,""physical_error_rate"":0.001}","{""detection_events"":65230,""detectors_checked"":19496960}"
    113664,         0,         0,    8.39,decoder_by_matrix,5b8a070a3cf8d31d64f24dbee89f3428cb9cab13fc59f7448d798f9bf08e9187,"{""distance"":5,""physical_error_rate"":0.001}","{""detection_events"":65060,""detectors_checked"":19322880}"
    109568,         0,         0,    8.35,decoder_by_matrix,5b8a070a3cf8d31d64f24dbee89f3428cb9cab13fc59f7448d798f9bf08e9187,"{""distance"":5,""physical_error_rate"":0.001}","{""detection_events"":62365,""detectors_checked"":18626560}"
    114688,         1,         0,    8.35,decoder_by_matrix,5b8a070a3cf8d31d64f24dbee89f3428cb9cab13fc59f7448d798f9bf08e9187,"{""distance"":5,""physical_error_rate"":0.001}","{""detection_events"":65405,""detectors_checked"":19496960,""obs_mistake_mask=E_"":1}"
    111616,         0,         0,    8.34,decoder_by_matrix,5b8a070a3cf8d31d64f24dbee89f3428cb9cab13fc59f7448d798f9bf08e9187,"{""distance"":5,""physical_error_rate"":0.001}","{""detection_events"":63460,""detectors_checked"":18974720}"
    115712,         0,         0,    8.39,decoder_by_matrix,5b8a070a3cf8d31d64f24dbee89f3428cb9cab13fc59f7448d798f9bf08e9187,"{""distance"":5,""physical_error_rate"":0.001}","{""detection_events"":66655,""detectors_checked"":19671040}"
    113664,         0,         0,    8.37,decoder_by_matrix,5b8a070a3cf8d31d64f24dbee89f3428cb9cab13fc59f7448d798f9bf08e9187,"{""distance"":5,""physical_error_rate"":0.001}","{""detection_events"":64670,""detectors_checked"":19322880}"
    112640,         0,         0,    8.40,decoder_by_matrix,5b8a070a3cf8d31d64f24dbee89f3428cb9cab13fc59f7448d798f9bf08e9187,"{""distance"":5,""physical_error_rate"":0.001}","{""detection_events"":64130,""detectors_checked"":19148800}"
    111616,         1,         0,    8.34,decoder_by_matrix,5b8a070a3cf8d31d64f24dbee89f3428cb9cab13fc59f7448d798f9bf08e9187,"{""distance"":5,""physical_error_rate"":0.001}","{""detection_events"":64840,""detectors_checked"":18974720,""obs_mistake_mask=EE"":1}"
    105472,         0,         0,    8.35,decoder_by_matrix,5b8a070a3cf8d31d64f24dbee89f3428cb9cab13fc59f7448d798f9bf08e9187,"{""distance"":5,""physical_error_rate"":0.001}","{""detection_events"":57880,""detectors_checked"":17930240}"
    112640,         0,         0,    8.38,decoder_by_matrix,5b8a070a3cf8d31d64f24dbee89f3428cb9cab13fc59f7448d798f9bf08e9187,"{""distance"":5,""physical_error_rate"":0.001}","{""detection_events"":63650,""detectors_checked"":19148800}"
    110592,         0,         0,    8.36,decoder_by_matrix,5b8a070a3cf8d31d64f24dbee89f3428cb9cab13fc59f7448d798f9bf08e9187,"{""distance"":5,""physical_error_rate"":0.001}","{""detection_events"":60785,""detectors_checked"":18800640}"
    103424,         1,         0,    8.32,decoder_by_matrix,5b8a070a3cf8d31d64f24dbee89f3428cb9cab13fc59f7448d798f9bf08e9187,"{""distance"":5,""physical_error_rate"":0.001}","{""detection_events"":62790,""detectors_checked"":17582080,""obs_mistake_mask=E_"":1}"
    113664,         1,         0,    8.42,decoder_by_matrix,5b8a070a3cf8d31d64f24dbee89f3428cb9cab13fc59f7448d798f9bf08e9187,"{""distance"":5,""physical_error_rate"":0.001}","{""detection_events"":62860,""detectors_checked"":19322880,""obs_mistake_mask=_E"":1}"
    105472,         0,         0,    8.37,decoder_by_matrix,5b8a070a3cf8d31d64f24dbee89f3428cb9cab13fc59f7448d798f9bf08e9187,"{""distance"":5,""physical_error_rate"":0.001}","{""detection_events"":59260,""detectors_checked"":17930240}"
    126976,         0,         0,    8.36,decoder_by_matrix,5b8a070a3cf8d31d64f24dbee89f3428cb9cab13fc59f7448d798f9bf08e9187,"{""distance"":5,""physical_error_rate"":0.001}","{""detection_events"":74230,""detectors_checked"":21585920}"
    114688,         0,         0,    8.38,decoder_by_matrix,5b8a070a3cf8d31d64f24dbee89f3428cb9cab13fc59f7448d798f9bf08e9187,"{""distance"":5,""physical_error_rate"":0.001}","{""detection_events"":64155,""detectors_checked"":19496960}"
    107520,         0,         0,    8.34,decoder_by_matrix,5b8a070a3cf8d31d64f24dbee89f3428cb9cab13fc59f7448d798f9bf08e9187,"{""distance"":5,""physical_error_rate"":0.001}","{""detection_events"":61330,""detectors_checked"":18278400}"
    113664,         0,         0,    8.40,decoder_by_matrix,5b8a070a3cf8d31d64f24dbee89f3428cb9cab13fc59f7448d798f9bf08e9187,"{""distance"":5,""physical_error_rate"":0.001}","{""detection_events"":65070,""detectors_checked"":19322880}"
    102400,         0,         0,    8.38,decoder_by_matrix,5b8a070a3cf8d31d64f24dbee89f3428cb9cab13fc59f7448d798f9bf08e9187,"{""distance"":5,""physical_error_rate"":0.001}","{""detection_events"":55895,""detectors_checked"":17408000}"
    113664,         0,         0,    8.41,decoder_by_matrix,5b8a070a3cf8d31d64f24dbee89f3428cb9cab13fc59f7448d798f9bf08e9187,"{""distance"":5,""physical_error_rate"":0.001}","{""detection_events"":64450,""detectors_checked"":19322880}"
    109568,         0,         0,    8.38,decoder_by_matrix,5b8a070a3cf8d31d64f24dbee89f3428cb9cab13fc59f7448d798f9bf08e9187,"{""distance"":5,""physical_error_rate"":0.001}","{""detection_events"":61755,""detectors_checked"":18626560}"
    111616,         0,         0,    8.39,decoder_by_matrix,5b8a070a3cf8d31d64f24dbee89f3428cb9cab13fc59f7448d798f9bf08e9187,"{""distance"":5,""physical_error_rate"":0.001}","{""detection_events"":64755,""detectors_checked"":18974720}"
    571102,         0,         0,    8.40,decoder_by_matrix,5b8a070a3cf8d31d64f24dbee89f3428cb9cab13fc59f7448d798f9bf08e9187,"{""distance"":5,""physical_error_rate"":0.001}","{""detection_events"":322665,""detectors_checked"":97087340}"
    501689,         0,         0,    37.3,decoder_by_matrix,5b8a070a3cf8d31d64f24dbee89f3428cb9cab13fc59f7448d798f9bf08e9187,"{""distance"":5,""physical_error_rate"":0.001}","{""detection_events"":282995,""detectors_checked"":85287130}"
    499712,         0,         0,    37.4,decoder_by_matrix,5b8a070a3cf8d31d64f24dbee89f3428cb9cab13fc59f7448d798f9bf08e9187,"{""distance"":5,""physical_error_rate"":0.001}","{""detection_events"":290720,""detectors_checked"":84951040}"
    491237,         2,         0,    37.6,decoder_by_matrix,5b8a070a3cf8d31d64f24dbee89f3428cb9cab13fc59f7448d798f9bf08e9187,"{""distance"":5,""physical_error_rate"":0.001}","{""detection_events"":276450,""detectors_checked"":83510290,""obs_mistake_mask=_E"":2}"
    470592,         0,         0,    38.7,decoder_by_matrix,5b8a070a3cf8d31d64f24dbee89f3428cb9cab13fc59f7448d798f9bf08e9187,"{""distance"":5,""physical_error_rate"":0.001}","{""detection_events"":266040,""detectors_checked"":80000640}"
    467968,         0,         0,    35.2,decoder_by_matrix,5b8a070a3cf8d31d64f24dbee89f3428cb9cab13fc59f7448d798f9bf08e9187,"{""distance"":5,""physical_error_rate"":0.001}","{""detection_events"":265460,""detectors_checked"":79554560}"
    460788,         1,         0,    36.1,decoder_by_matrix,5b8a070a3cf8d31d64f24dbee89f3428cb9cab13fc59f7448d798f9bf08e9187,"{""distance"":5,""physical_error_rate"":0.001}","{""detection_events"":260015,""detectors_checked"":78333960,""obs_mistake_mask=E_"":1}"
    453632,         1,         0,    36.2,decoder_by_matrix,5b8a070a3cf8d31d64f24dbee89f3428cb9cab13fc59f7448d798f9bf08e9187,"{""distance"":5,""physical_error_rate"":0.001}","{""detection_events"":256535,""detectors_checked"":77117440,""obs_mistake_mask=EE"":1}"
    454656,         1,         0,    22.3,decoder_by_matrix,5b8a070a3cf8d31d64f24dbee89f3428cb9cab13fc59f7448d798f9bf08e9187,"{""distance"":5,""physical_error_rate"":0.001}","{""detection_events"":257670,""detectors_checked"":77291520,""obs_mistake_mask=E_"":1}"
    441439,         1,         0,    36.7,decoder_by_matrix,5b8a070a3cf8d31d64f24dbee89f3428cb9cab13fc59f7448d798f9bf08e9187,"{""distance"":5,""physical_error_rate"":0.001}","{""detection_events"":248600,""detectors_checked"":75044630,""obs_mistake_mask=_E"":1}"
    413320,         0,         0,    6.43,decoder_by_matrix,5b8a070a3cf8d31d64f24dbee89f3428cb9cab13fc59f7448d798f9bf08e9187,"{""distance"":5,""physical_error_rate"":0.001}","{""detection_events"":235335,""detectors_checked"":70264400}"
    404709,         1,         0,    20.8,decoder_by_matrix,5b8a070a3cf8d31d64f24dbee89f3428cb9cab13fc59f7448d798f9bf08e9187,"{""distance"":5,""physical_error_rate"":0.001}","{""detection_events"":230270,""detectors_checked"":68800530,""obs_mistake_mask=E_"":1}"
    396278,         2,         0,    29.2,decoder_by_matrix,5b8a070a3cf8d31d64f24dbee89f3428cb9cab13fc59f7448d798f9bf08e9187,"{""distance"":5,""physical_error_rate"":0.001}","{""detection_events"":228255,""detectors_checked"":67367260,""obs_mistake_mask=_E"":2}"
    389120,         0,         0,    29.3,decoder_by_matrix,5b8a070a3cf8d31d64f24dbee89f3428cb9cab13fc59f7448d798f9bf08e9187,"{""distance"":5,""physical_error_rate"":0.001}","{""detection_events"":222665,""detectors_checked"":66150400}"
    388022,         0,         0,    29.5,decoder_by_matrix,5b8a070a3cf8d31d64f24dbee89f3428cb9cab13fc59f7448d798f9bf08e9187,"{""distance"":5,""physical_error_rate"":0.001}","{""detection_events"":215775,""detectors_checked"":65963740}"
    384000,         0,         0,    29.3,decoder_by_matrix,5b8a070a3cf8d31d64f24dbee89f3428cb9cab13fc59f7448d798f9bf08e9187,"{""distance"":5,""physical_error_rate"":0.001}","{""detection_events"":216525,""detectors_checked"":65280000}"
    388022,         1,         0,    29.3,decoder_by_matrix,5b8a070a3cf8d31d64f24dbee89f3428cb9cab13fc59f7448d798f9bf08e9187,"{""distance"":5,""physical_error_rate"":0.001}","{""detection_events"":217555,""detectors_checked"":65963740,""obs_mistake_mask=E_"":1}"
    282624,         0,         0,    11.7,decoder_by_matrix,5b8a070a3cf8d31d64f24dbee89f3428cb9cab13fc59f7448d798f9bf08e9187,"{""distance"":5,""physical_error_rate"":0.001}","{""detection_events"":158615,""detectors_checked"":48046080}"
    165888,         0,         0,    11.6,decoder_by_matrix,5b8a070a3cf8d31d64f24dbee89f3428cb9cab13fc59f7448d798f9bf08e9187,"{""distance"":5,""physical_error_rate"":0.001}","{""detection_events"":97200,""detectors_checked"":28200960}"
    149504,         0,         0,    11.6,decoder_by_matrix,5b8a070a3cf8d31d64f24dbee89f3428cb9cab13fc59f7448d798f9bf08e9187,"{""distance"":5,""physical_error_rate"":0.001}","{""detection_events"":85870,""detectors_checked"":25415680}"
    161792,         1,         0,    11.7,decoder_by_matrix,5b8a070a3cf8d31d64f24dbee89f3428cb9cab13fc59f7448d798f9bf08e9187,"{""distance"":5,""physical_error_rate"":0.001}","{""detection_events"":93965,""detectors_checked"":27504640,""obs_mistake_mask=E_"":1}"
    153600,         3,         0,    11.6,decoder_by_matrix,5b8a070a3cf8d31d64f24dbee89f3428cb9cab13fc59f7448d798f9bf08e9187,"{""distance"":5,""physical_error_rate"":0.001}","{""detection_events"":88570,""detectors_checked"":26112000,""obs_mistake_mask=EE"":1,""obs_mistake_mask=_E"":2}"
    155648,         0,         0,    11.6,decoder_by_matrix,5b8a070a3cf8d31d64f24dbee89f3428cb9cab13fc59f7448d798f9bf08e9187,"{""distance"":5,""physical_error_rate"":0.001}","{""detection_events"":87170,""detectors_checked"":26460160}"
    150528,         0,         0,    11.6,decoder_by_matrix,5b8a070a3cf8d31d64f24dbee89f3428cb9cab13fc59f7448d798f9bf08e9187,"{""distance"":5,""physical_error_rate"":0.001}","{""detection_events"":86500,""detectors_checked"":25589760}"
    156672,         0,         0,    11.6,decoder_by_matrix,5b8a070a3cf8d31d64f24dbee89f3428cb9cab13fc59f7448d798f9bf08e9187,"{""distance"":5,""physical_error_rate"":0.001}","{""detection_events"":88450,""detectors_checked"":26634240}"
    143360,         0,         0,    11.6,decoder_by_matrix,5b8a070a3cf8d31d64f24dbee89f3428cb9cab13fc59f7448d798f9bf08e9187,"{""distance"":5,""physical_error_rate"":0.001}","{""detection_events"":79365,""detectors_checked"":24371200}"
    153600,         0,         0,    11.7,decoder_by_matrix,5b8a070a3cf8d31d64f24dbee89f3428cb9cab13fc59f7448d798f9bf08e9187,"{""distance"":5,""physical_error_rate"":0.001}","{""detection_events"":87895,""detectors_checked"":26112000}"
    139264,         0,         0,    11.6,decoder_by_matrix,5b8a070a3cf8d31d64f24dbee89f3428cb9cab13fc59f7448d798f9bf08e9187,"{""distance"":5,""physical_error_rate"":0.001}","{""detection_events"":76895,""detectors_checked"":23674880}"
    130048,         0,         0,    11.6,decoder_by_matrix,5b8a070a3cf8d31d64f24dbee89f3428cb9cab13fc59f7448d798f9bf08e9187,"{""distance"":5,""physical_error_rate"":0.001}","{""detection_events"":70835,""detectors_checked"":22108160}"
    243712,         1,         0,    11.7,decoder_by_matrix,5b8a070a3cf8d31d64f24dbee89f3428cb9cab13fc59f7448d798f9bf08e9187,"{""distance"":5,""physical_error_rate"":0.001}","{""detection_events"":136260,""detectors_checked"":41431040,""obs_mistake_mask=_E"":1}"
    155648,         0,         0,    11.7,decoder_by_matrix,5b8a070a3cf8d31d64f24dbee89f3428cb9cab13fc59f7448d798f9bf08e9187,"{""distance"":5,""physical_error_rate"":0.001}","{""detection_events"":88190,""detectors_checked"":26460160}"
    150528,         0,         0,    11.6,decoder_by_matrix,5b8a070a3cf8d31d64f24dbee89f3428cb9cab13fc59f7448d798f9bf08e9187,"{""distance"":5,""physical_error_rate"":0.001}","{""detection_events"":85055,""detectors_checked"":25589760}"
    221184,         0,         0,    11.7,decoder_by_matrix,5b8a070a3cf8d31d64f24dbee89f3428cb9cab13fc59f7448d798f9bf08e9187,"{""distance"":5,""physical_error_rate"":0.001}","{""detection_events"":127415,""detectors_checked"":37601280}"
    146432,         1,         0,    11.6,decoder_by_matrix,5b8a070a3cf8d31d64f24dbee89f3428cb9cab13fc59f7448d798f9bf08e9187,"{""distance"":5,""physical_error_rate"":0.001}","{""detection_events"":84375,""detectors_checked"":24893440,""obs_mistake_mask=E_"":1}"
    141312,         0,         0,    11.7,decoder_by_matrix,5b8a070a3cf8d31d64f24dbee89f3428cb9cab13fc59f7448d798f9bf08e9187,"{""distance"":5,""physical_error_rate"":0.001}","{""detection_events"":79310,""detectors_checked"":24023040}"
    152576,         1,         0,    11.7,decoder_by_matrix,5b8a070a3cf8d31d64f24dbee89f3428cb9cab13fc59f7448d798f9bf08e9187,"{""distance"":5,""physical_error_rate"":0.001}","{""detection_events"":87585,""detectors_checked"":25937920,""obs_mistake_mask=_E"":1}"
    140288,         0,         0,    11.7,decoder_by_matrix,5b8a070a3cf8d31d64f24dbee89f3428cb9cab13fc59f7448d798f9bf08e9187,"{""distance"":5,""physical_error_rate"":0.001}","{""detection_events"":77590,""detectors_checked"":23848960}"
    143360,         0,         0,    11.6,decoder_by_matrix,5b8a070a3cf8d31d64f24dbee89f3428cb9cab13fc59f7448d798f9bf08e9187,"{""distance"":5,""physical_error_rate"":0.001}","{""detection_events"":83655,""detectors_checked"":24371200}"
    144384,         0,         0,    11.7,decoder_by_matrix,5b8a070a3cf8d31d64f24dbee89f3428cb9cab13fc59f7448d798f9bf08e9187,"{""distance"":5,""physical_error_rate"":0.001}","{""detection_events"":79720,""detectors_checked"":24545280}"
    145408,         0,         0,    11.7,decoder_by_matrix,5b8a070a3cf8d31d64f24dbee89f3428cb9cab13fc59f7448d798f9bf08e9187,"{""distance"":5,""physical_error_rate"":0.001}","{""detection_events"":83580,""detectors_checked"":24719360}"
    136192,         0,         0,    11.7,decoder_by_matrix,5b8a070a3cf8d31d64f24dbee89f3428cb9cab13fc59f7448d798f9bf08e9187,"{""distance"":5,""physical_error_rate"":0.001}","{""detection_events"":74505,""detectors_checked"":23152640}"
    355748,         0,         0,    5.06,decoder_by_matrix,5b8a070a3cf8d31d64f24dbee89f3428cb9cab13fc59f7448d798f9bf08e9187,"{""distance"":5,""physical_error_rate"":0.001}","{""detection_events"":201255,""detectors_checked"":60477160}"
    290816,         2,         0,    22.2,decoder_by_matrix,5b8a070a3cf8d31d64f24dbee89f3428cb9cab13fc59f7448d798f9bf08e9187,"{""distance"":5,""physical_error_rate"":0.001}","{""detection_events"":163705,""detectors_checked"":49438720,""obs_mistake_mask=E_"":2}"
    273408,         0,         0,    22.2,decoder_by_matrix,5b8a070a3cf8d31d64f24dbee89f3428cb9cab13fc59f7448d798f9bf08e9187,"{""distance"":5,""physical_error_rate"":0.001}","{""detection_events"":152025,""detectors_checked"":46479360}"
    274432,         0,         0,    19.9,decoder_by_matrix,5b8a070a3cf8d31d64f24dbee89f3428cb9cab13fc59f7448d798f9bf08e9187,"{""distance"":5,""physical_error_rate"":0.001}","{""detection_events"":157650,""detectors_checked"":46653440}"
    355748,         2,         0,    16.8,decoder_by_matrix,5b8a070a3cf8d31d64f24dbee89f3428cb9cab13fc59f7448d798f9bf08e9187,"{""distance"":5,""physical_error_rate"":0.001}","{""detection_events"":202410,""detectors_checked"":60477160,""obs_mistake_mask=EE"":2}"
    282624,         1,         0,    22.1,decoder_by_matrix,5b8a070a3cf8d31d64f24dbee89f3428cb9cab13fc59f7448d798f9bf08e9187,"{""distance"":5,""physical_error_rate"":0.001}","{""detection_events"":160485,""detectors_checked"":48046080,""obs_mistake_mask=EE"":1}"
    299008,         0,         0,    22.3,decoder_by_matrix,5b8a070a3cf8d31d64f24dbee89f3428cb9cab13fc59f7448d798f9bf08e9187,"{""distance"":5,""physical_error_rate"":0.001}","{""detection_events"":169295,""detectors_checked"":50831360}"
    300032,         1,         0,    22.1,decoder_by_matrix,5b8a070a3cf8d31d64f24dbee89f3428cb9cab13fc59f7448d798f9bf08e9187,"{""distance"":5,""physical_error_rate"":0.001}","{""detection_events"":171185,""detectors_checked"":51005440,""obs_mistake_mask=_E"":1}"
    280576,         1,         0,    22.1,decoder_by_matrix,5b8a070a3cf8d31d64f24dbee89f3428cb9cab13fc59f7448d798f9bf08e9187,"{""distance"":5,""physical_error_rate"":0.001}","{""detection_events"":160290,""detectors_checked"":47697920,""obs_mistake_mask=E_"":1}"
    175804,         2,         0,    2.57,decoder_by_matrix,5b8a070a3cf8d31d64f24dbee89f3428cb9cab13fc59f7448d798f9bf08e9187,"{""distance"":5,""physical_error_rate"":0.001}","{""detection_events"":100920,""detectors_checked"":29886680,""obs_mistake_mask=E_"":2}"
    215086,         0,         0,    13.2,decoder_by_matrix,5b8a070a3cf8d31d64f24dbee89f3428cb9cab13fc59f7448d798f9bf08e9187,"{""distance"":5,""physical_error_rate"":0.001}","{""detection_events"":121370,""detectors_checked"":36564620}"
    210605,         0,         0,    2.83,decoder_by_matrix,5b8a070a3cf8d31d64f24dbee89f3428cb9cab13fc59f7448d798f9bf08e9187,"{""distance"":5,""physical_error_rate"":0.001}","{""detection_events"":120540,""detectors_checked"":35802850}"
    210944,         0,         0,    15.6,decoder_by_matrix,5b8a070a3cf8d31d64f24dbee89f3428cb9cab13fc59f7448d798f9bf08e9187,"{""distance"":5,""physical_error_rate"":0.001}","{""detection_events"":119725,""detectors_checked"":35860480}"
    211968,         0,         0,    14.1,decoder_by_matrix,5b8a070a3cf8d31d64f24dbee89f3428cb9cab13fc59f7448d798f9bf08e9187,"{""distance"":5,""physical_error_rate"":0.001}","{""detection_events"":119455,""detectors_checked"":36034560}"
    207872,         0,         0,    15.7,decoder_by_matrix,5b8a070a3cf8d31d64f24dbee89f3428cb9cab13fc59f7448d798f9bf08e9187,"{""distance"":5,""physical_error_rate"":0.001}","{""detection_events"":116305,""detectors_checked"":35338240}"
    206218,         0,         0,    16.3,decoder_by_matrix,5b8a070a3cf8d31d64f24dbee89f3428cb9cab13fc59f7448d798f9bf08e9187,"{""distance"":5,""physical_error_rate"":0.001}","{""detection_events"":119585,""detectors_checked"":35057060}"
    197632,         1,         0,    15.0,decoder_by_matrix,5b8a070a3cf8d31d64f24dbee89f3428cb9cab13fc59f7448d798f9bf08e9187,"{""distance"":5,""physical_error_rate"":0.001}","{""detection_events"":112490,""detectors_checked"":33597440,""obs_mistake_mask=_E"":1}"
    188780,         0,         0,    9.12,decoder_by_matrix,5b8a070a3cf8d31d64f24dbee89f3428cb9cab13fc59f7448d798f9bf08e9187,"{""distance"":5,""physical_error_rate"":0.001}","{""detection_events"":106025,""detectors_checked"":32092600}"
    186368,         0,         0,    14.3,decoder_by_matrix,5b8a070a3cf8d31d64f24dbee89f3428cb9cab13fc59f7448d798f9bf08e9187,"{""distance"":5,""physical_error_rate"":0.001}","{""detection_events"":108190,""detectors_checked"":31682560}"
    185344,         0,         0,    14.4,decoder_by_matrix,5b8a070a3cf8d31d64f24dbee89f3428cb9cab13fc59f7448d798f9bf08e9187,"{""distance"":5,""physical_error_rate"":0.001}","{""detection_events"":105955,""detectors_checked"":31508480}"
    180730,         0,         0,    12.1,decoder_by_matrix,5b8a070a3cf8d31d64f24dbee89f3428cb9cab13fc59f7448d798f9bf08e9187,"{""distance"":5,""physical_error_rate"":0.001}","{""detection_events"":102775,""detectors_checked"":30724100}"
    177152,         0,         0,    14.6,decoder_by_matrix,5b8a070a3cf8d31d64f24dbee89f3428cb9cab13fc59f7448d798f9bf08e9187,"{""distance"":5,""physical_error_rate"":0.001}","{""detection_events"":101610,""detectors_checked"":30115840}"
    169221,         0,         0,    11.1,decoder_by_matrix,5b8a070a3cf8d31d64f24dbee89f3428cb9cab13fc59f7448d798f9bf08e9187,"{""distance"":5,""physical_error_rate"":0.001}","{""detection_events"":95970,""detectors_checked"":28767570}"
    162816,         0,         0,    10.1,decoder_by_matrix,5b8a070a3cf8d31d64f24dbee89f3428cb9cab13fc59f7448d798f9bf08e9187,"{""distance"":5,""physical_error_rate"":0.001}","{""detection_events"":92855,""detectors_checked"":27678720}"
    162005,         1,         0,    11.5,decoder_by_matrix,5b8a070a3cf8d31d64f24dbee89f3428cb9cab13fc59f7448d798f9bf08e9187,"{""distance"":5,""physical_error_rate"":0.001}","{""detection_events"":91410,""detectors_checked"":27540850,""obs_mistake_mask=E_"":1}"
    156672,         0,         0,    8.00,decoder_by_matrix,5b8a070a3cf8d31d64f24dbee89f3428cb9cab13fc59f7448d798f9bf08e9187,"{""distance"":5,""physical_error_rate"":0.001}","{""detection_events"":90835,""detectors_checked"":26634240}"
    162005,         1,         0,    10.4,decoder_by_matrix,5b8a070a3cf8d31d64f24dbee89f3428cb9cab13fc59f7448d798f9bf08e9187,"{""distance"":5,""physical_error_rate"":0.001}","{""detection_events"":92100,""detectors_checked"":27540850,""obs_mistake_mask=EE"":1}"
    151552,         1,         0,    2.58,decoder_by_matrix,5b8a070a3cf8d31d64f24dbee89f3428cb9cab13fc59f7448d798f9bf08e9187,"{""distance"":5,""physical_error_rate"":0.001}","{""detection_events"":85120,""detectors_checked"":25763840,""obs_mistake_mask=_E"":1}"
    158720,         0,         0,    10.4,decoder_by_matrix,5b8a070a3cf8d31d64f24dbee89f3428cb9cab13fc59f7448d798f9bf08e9187,"{""distance"":5,""physical_error_rate"":0.001}","{""detection_events"":90635,""detectors_checked"":26982400}"
    155238,         0,         0,    11.6,decoder_by_matrix,5b8a070a3cf8d31d64f24dbee89f3428cb9cab13fc59f7448d798f9bf08e9187,"{""distance"":5,""physical_error_rate"":0.001}","{""detection_events"":87410,""detectors_checked"":26390460}"
    149504,         0,         0,    11.5,decoder_by_matrix,5b8a070a3cf8d31d64f24dbee89f3428cb9cab13fc59f7448d798f9bf08e9187,"{""distance"":5,""physical_error_rate"":0.001}","{""detection_events"":84330,""detectors_checked"":25415680}"
    148598,         0,         0,    10.7,decoder_by_matrix,5b8a070a3cf8d31d64f24dbee89f3428cb9cab13fc59f7448d798f9bf08e9187,"{""distance"":5,""physical_error_rate"":0.001}","{""detection_events"":84405,""detectors_checked"":25261660}"
    142336,         0,         0,    10.8,decoder_by_matrix,5b8a070a3cf8d31d64f24dbee89f3428cb9cab13fc59f7448d798f9bf08e9187,"{""distance"":5,""physical_error_rate"":0.001}","{""detection_events"":79920,""detectors_checked"":24197120}"
    137216,         0,         0,    10.6,decoder_by_matrix,5b8a070a3cf8d31d64f24dbee89f3428cb9cab13fc59f7448d798f9bf08e9187,"{""distance"":5,""physical_error_rate"":0.001}","{""detection_events"":79825,""detectors_checked"":23326720}"
    138240,         0,         0,    10.5,decoder_by_matrix,5b8a070a3cf8d31d64f24dbee89f3428cb9cab13fc59f7448d798f9bf08e9187,"{""distance"":5,""physical_error_rate"":0.001}","{""detection_events"":79445,""detectors_checked"":23500800}"
    147456,         0,         0,    10.8,decoder_by_matrix,5b8a070a3cf8d31d64f24dbee89f3428cb9cab13fc59f7448d798f9bf08e9187,"{""distance"":5,""physical_error_rate"":0.001}","{""detection_events"":81920,""detectors_checked"":25067520}"
    148480,         0,         0,    10.7,decoder_by_matrix,5b8a070a3cf8d31d64f24dbee89f3428cb9cab13fc59f7448d798f9bf08e9187,"{""distance"":5,""physical_error_rate"":0.001}","{""detection_events"":85050,""detectors_checked"":25241600}"
    142336,         0,         0,    10.7,decoder_by_matrix,5b8a070a3cf8d31d64f24dbee89f3428cb9cab13fc59f7448d798f9bf08e9187,"{""distance"":5,""physical_error_rate"":0.001}","{""detection_events"":80350,""detectors_checked"":24197120}"
    141312,         1,         0,    10.7,decoder_by_matrix,5b8a070a3cf8d31d64f24dbee89f3428cb9cab13fc59f7448d798f9bf08e9187,"{""distance"":5,""physical_error_rate"":0.001}","{""detection_events"":80825,""detectors_checked"":24023040,""obs_mistake_mask=E_"":1}"
    135168,         0,         0,    10.5,decoder_by_matrix,5b8a070a3cf8d31d64f24dbee89f3428cb9cab13fc59f7448d798f9bf08e9187,"{""distance"":5,""physical_error_rate"":0.001}","{""detection_events"":78105,""detectors_checked"":22978560}"
    141312,         0,         0,    11.8,decoder_by_matrix,5b8a070a3cf8d31d64f24dbee89f3428cb9cab13fc59f7448d798f9bf08e9187,"{""distance"":5,""physical_error_rate"":0.001}","{""detection_events"":79680,""detectors_checked"":24023040}"
    142336,         0,         0,    10.7,decoder_by_matrix,5b8a070a3cf8d31d64f24dbee89f3428cb9cab13fc59f7448d798f9bf08e9187,"{""distance"":5,""physical_error_rate"":0.001}","{""detection_events"":82390,""detectors_checked"":24197120}"
    148598,         0,         0,    10.7,decoder_by_matrix,5b8a070a3cf8d31d64f24dbee89f3428cb9cab13fc59f7448d798f9bf08e9187,"{""distance"":5,""physical_error_rate"":0.001}","{""detection_events"":83765,""detectors_checked"":25261660}"
    137216,         0,         0,    10.3,decoder_by_matrix,5b8a070a3cf8d31d64f24dbee89f3428cb9cab13fc59f7448d798f9bf08e9187,"{""distance"":5,""physical_error_rate"":0.001}","{""detection_events"":77880,""detectors_checked"":23326720}"
    144384,         0,         0,    10.8,decoder_by_matrix,5b8a070a3cf8d31d64f24dbee89f3428cb9cab13fc59f7448d798f9bf08e9187,"{""distance"":5,""physical_error_rate"":0.001}","{""detection_events"":80395,""detectors_checked"":24545280}"
    135168,         0,         0,    10.8,decoder_by_matrix,5b8a070a3cf8d31d64f24dbee89f3428cb9cab13fc59f7448d798f9bf08e9187,"{""distance"":5,""physical_error_rate"":0.001}","{""detection_events"":76515,""detectors_checked"":22978560}"
    113664,         1,         0,    8.36,decoder_by_matrix,5b8a070a3cf8d31d64f24dbee89f3428cb9cab13fc59f7448d798f9bf08e9187,"{""distance"":5,""physical_error_rate"":0.001}","{""detection_events"":62610,""detectors_checked"":19322880,""obs_mistake_mask=EE"":1}"
    145408,         0,         0,    10.7,decoder_by_matrix,5b8a070a3cf8d31d64f24dbee89f3428cb9cab13fc59f7448d798f9bf08e9187,"{""distance"":5,""physical_error_rate"":0.001}","{""detection_events"":83600,""detectors_checked"":24719360}"
    137216,         0,         0,    10.5,decoder_by_matrix,5b8a070a3cf8d31d64f24dbee89f3428cb9cab13fc59f7448d798f9bf08e9187,"{""distance"":5,""physical_error_rate"":0.001}","{""detection_events"":76465,""detectors_checked"":23326720}"
    145408,         0,         0,    10.8,decoder_by_matrix,5b8a070a3cf8d31d64f24dbee89f3428cb9cab13fc59f7448d798f9bf08e9187,"{""distance"":5,""physical_error_rate"":0.001}","{""detection_events"":82245,""detectors_checked"":24719360}"
    106496,         0,         0,    8.37,decoder_by_matrix,5b8a070a3cf8d31d64f24dbee89f3428cb9cab13fc59f7448d798f9bf08e9187,"{""distance"":5,""physical_error_rate"":0.001}","{""detection_events"":60770,""detectors_checked"":18104320}"
    128000,         1,         0,    8.41,decoder_by_matrix,5b8a070a3cf8d31d64f24dbee89f3428cb9cab13fc59f7448d798f9bf08e9187,"{""distance"":5,""physical_error_rate"":0.001}","{""detection_events"":71795,""detectors_checked"":21760000,""obs_mistake_mask=EE"":1}"
    145408,         0,         0,    10.8,decoder_by_matrix,5b8a070a3cf8d31d64f24dbee89f3428cb9cab13fc59f7448d798f9bf08e9187,"{""distance"":5,""physical_error_rate"":0.001}","{""detection_events"":82605,""detectors_checked"":24719360}"
    111616,         0,         0,    8.45,decoder_by_matrix,5b8a070a3cf8d31d64f24dbee89f3428cb9cab13fc59f7448d798f9bf08e9187,"{""distance"":5,""physical_error_rate"":0.001}","{""detection_events"":62085,""detectors_checked"":18974720}"
    107520,         0,         0,    8.41,decoder_by_matrix,5b8a070a3cf8d31d64f24dbee89f3428cb9cab13fc59f7448d798f9bf08e9187,"{""distance"":5,""physical_error_rate"":0.001}","{""detection_events"":60360,""detectors_checked"":18278400}"
    114688,         0,         0,    8.42,decoder_by_matrix,5b8a070a3cf8d31d64f24dbee89f3428cb9cab13fc59f7448d798f9bf08e9187,"{""distance"":5,""physical_error_rate"":0.001}","{""detection_events"":65910,""detectors_checked"":19496960}"
    132690,         0,         0,    10.7,decoder_by_matrix,5b8a070a3cf8d31d64f24dbee89f3428cb9cab13fc59f7448d798f9bf08e9187,"{""distance"":5,""physical_error_rate"":0.001}","{""detection_events"":76315,""detectors_checked"":22557300}"
    130048,         0,         0,    10.4,decoder_by_matrix,5b8a070a3cf8d31d64f24dbee89f3428cb9cab13fc59f7448d798f9bf08e9187,"{""distance"":5,""physical_error_rate"":0.001}","{""detection_events"":73635,""detectors_checked"":22108160}"
     67584,         0,         0,    3.06,decoder_by_matrix,5b8a070a3cf8d31d64f24dbee89f3428cb9cab13fc59f7448d798f9bf08e9187,"{""distance"":5,""physical_error_rate"":0.001}","{""detection_events"":38170,""detectors_checked"":11489280}"
    118784,         1,         0,    8.45,decoder_by_matrix,5b8a070a3cf8d31d64f24dbee89f3428cb9cab13fc59f7448d798f9bf08e9187,"{""distance"":5,""physical_error_rate"":0.001}","{""detection_events"":67895,""detectors_checked"":20193280,""obs_mistake_mask=_E"":1}"
       457,         0,         0,   0.060,decoder_by_matrix,5b8a070a3cf8d31d64f24dbee89f3428cb9cab13fc59f7448d798f9bf08e9187,"{""distance"":5,""physical_error_rate"":0.001}","{""detection_events"":230,""detectors_checked"":77690}"
     62488,         0,         0,   0.922,decoder_by_matrix,5b8a070a3cf8d31d64f24dbee89f3428cb9cab13fc59f7448d798f9bf08e9187,"{""distance"":5,""physical_error_rate"":0.001}","{""detection_events"":36565,""detectors_checked"":10622960}"
     57344,         0,         0,    2.55,decoder_by_matrix,5b8a070a3cf8d31d64f24dbee89f3428cb9cab13fc59f7448d798f9bf08e9187,"{""distance"":5,""physical_error_rate"":0.001}","{""detection_events"":32520,""detectors_checked"":9748480}"
     54585,         0,         0,    3.92,decoder_by_matrix,5b8a070a3cf8d31d64f24dbee89f3428cb9cab13fc59f7448d798f9bf08e9187,"{""distance"":5,""physical_error_rate"":0.001}","{""detection_events"":31000,""detectors_checked"":9279450}"
     54272,         0,         0,    3.90,decoder_by_matrix,5b8a070a3cf8d31d64f24dbee89f3428cb9cab13fc59f7448d798f9bf08e9187,"{""distance"":5,""physical_error_rate"":0.001}","{""detection_events"":30940,""detectors_checked"":9226240}"
     48506,         0,         0,   0.600,decoder_by_matrix,5b8a070a3cf8d31d64f24dbee89f3428cb9cab13fc59f7448d798f9bf08e9187,"{""distance"":5,""physical_error_rate"":0.001}","{""detection_events"":27425,""detectors_checked"":8246020}"
     52253,         0,         0,    4.21,decoder_by_matrix,5b8a070a3cf8d31d64f24dbee89f3428cb9cab13fc59f7448d798f9bf08e9187,"{""distance"":5,""physical_error_rate"":0.001}","{""detection_events"":30155,""detectors_checked"":8883010}"
     50112,         0,         0,    2.44,decoder_by_matrix,5b8a070a3cf8d31d64f24dbee89f3428cb9cab13fc59f7448d798f9bf08e9187,"{""distance"":5,""physical_error_rate"":0.001}","{""detection_events"":29290,""detectors_checked"":8519040}"
     47979,         0,         0,    3.64,decoder_by_matrix,5b8a070a3cf8d31d64f24dbee89f3428cb9cab13fc59f7448d798f9bf08e9187,"{""distance"":5,""physical_error_rate"":0.001}","{""detection_events"":27015,""detectors_checked"":8156430}"
     48128,         0,         0,    3.52,decoder_by_matrix,5b8a070a3cf8d31d64f24dbee89f3428cb9cab13fc59f7448d798f9bf08e9187,"{""distance"":5,""physical_error_rate"":0.001}","{""detection_events"":27440,""detectors_checked"":8181760}"
     46980,         0,         0,    3.66,decoder_by_matrix,5b8a070a3cf8d31d64f24dbee89f3428cb9cab13fc59f7448d798f9bf08e9187,"{""distance"":5,""physical_error_rate"":0.001}","{""detection_events"":26775,""detectors_checked"":7986600}"
     45056,         0,         0,   0.675,decoder_by_matrix,5b8a070a3cf8d31d64f24dbee89f3428cb9cab13fc59f7448d798f9bf08e9187,"{""distance"":5,""physical_error_rate"":0.001}","{""detection_events"":26700,""detectors_checked"":7659520}"
     46080,         0,         0,    3.96,decoder_by_matrix,5b8a070a3cf8d31d64f24dbee89f3428cb9cab13fc59f7448d798f9bf08e9187,"{""distance"":5,""physical_error_rate"":0.001}","{""detection_events"":26380,""detectors_checked"":7833600}"
     46080,         0,         0,    1.85,decoder_by_matrix,5b8a070a3cf8d31d64f24dbee89f3428cb9cab13fc59f7448d798f9bf08e9187,"{""distance"":5,""physical_error_rate"":0.001}","{""detection_events"":27915,""detectors_checked"":7833600}"
     25708,         0,         0,   0.325,decoder_by_matrix,5b8a070a3cf8d31d64f24dbee89f3428cb9cab13fc59f7448d798f9bf08e9187,"{""distance"":5,""physical_error_rate"":0.001}","{""detection_events"":15695,""detectors_checked"":4370360}"
     41984,         0,         0,    3.01,decoder_by_matrix,5b8a070a3cf8d31d64f24dbee89f3428cb9cab13fc59f7448d798f9bf08e9187,"{""distance"":5,""physical_error_rate"":0.001}","{""detection_events"":24275,""detectors_checked"":7137280}"
     43008,         0,         0,    2.60,decoder_by_matrix,5b8a070a3cf8d31d64f24dbee89f3428cb9cab13fc59f7448d798f9bf08e9187,"{""distance"":5,""physical_error_rate"":0.001}","{""detection_events"":24845,""detectors_checked"":7311360}"
     44032,         0,         0,    2.58,decoder_by_matrix,5b8a070a3cf8d31d64f24dbee89f3428cb9cab13fc59f7448d798f9bf08e9187,"{""distance"":5,""physical_error_rate"":0.001}","{""detection_events"":25070,""detectors_checked"":7485440}"
     41984,         0,         0,    3.33,decoder_by_matrix,5b8a070a3cf8d31d64f24dbee89f3428cb9cab13fc59f7448d798f9bf08e9187,"{""distance"":5,""physical_error_rate"":0.001}","{""detection_events"":25305,""detectors_checked"":7137280}"
     41604,         0,         0,    1.68,decoder_by_matrix,5b8a070a3cf8d31d64f24dbee89f3428cb9cab13fc59f7448d798f9bf08e9187,"{""distance"":5,""physical_error_rate"":0.001}","{""detection_events"":22260,""detectors_checked"":7072680}"
     39936,         0,         0,    2.39,decoder_by_matrix,5b8a070a3cf8d31d64f24dbee89f3428cb9cab13fc59f7448d798f9bf08e9187,"{""distance"":5,""physical_error_rate"":0.001}","{""detection_events"":24550,""detectors_checked"":6789120}"
     38912,         1,         0,    2.70,decoder_by_matrix,5b8a070a3cf8d31d64f24dbee89f3428cb9cab13fc59f7448d798f9bf08e9187,"{""distance"":5,""physical_error_rate"":0.001}","{""detection_events"":22200,""detectors_checked"":6615040,""obs_mistake_mask=E_"":1}"
     41604,         0,         0,    3.19,decoder_by_matrix,5b8a070a3cf8d31d64f24dbee89f3428cb9cab13fc59f7448d798f9bf08e9187,"{""distance"":5,""physical_error_rate"":0.001}","{""detection_events"":23940,""detectors_checked"":7072680}"
     36864,         0,         0,    2.40,decoder_by_matrix,5b8a070a3cf8d31d64f24dbee89f3428cb9cab13fc59f7448d798f9bf08e9187,"{""distance"":5,""physical_error_rate"":0.001}","{""detection_events"":20585,""detectors_checked"":6266880}"
     34816,         0,         0,    2.44,decoder_by_matrix,5b8a070a3cf8d31d64f24dbee89f3428cb9cab13fc59f7448d798f9bf08e9187,"{""distance"":5,""physical_error_rate"":0.001}","{""detection_events"":19885,""detectors_checked"":5918720}"
     36864,         0,         0,    2.68,decoder_by_matrix,5b8a070a3cf8d31d64f24dbee89f3428cb9cab13fc59f7448d798f9bf08e9187,"{""distance"":5,""physical_error_rate"":0.001}","{""detection_events"":20805,""detectors_checked"":6266880}"
     34816,         1,         0,    2.46,decoder_by_matrix,5b8a070a3cf8d31d64f24dbee89f3428cb9cab13fc59f7448d798f9bf08e9187,"{""distance"":5,""physical_error_rate"":0.001}","{""detection_events"":19165,""detectors_checked"":5918720,""obs_mistake_mask=_E"":1}"
     37175,         0,         0,    2.43,decoder_by_matrix,5b8a070a3cf8d31d64f24dbee89f3428cb9cab13fc59f7448d798f9bf08e9187,"{""distance"":5,""physical_error_rate"":0.001}","{""detection_events"":22200,""detectors_checked"":6319750}"
     37175,         0,         0,    2.80,decoder_by_matrix,5b8a070a3cf8d31d64f24dbee89f3428cb9cab13fc59f7448d798f9bf08e9187,"{""distance"":5,""physical_error_rate"":0.001}","{""detection_events"":20740,""detectors_checked"":6319750}"
     34816,         0,         0,    2.50,decoder_by_matrix,5b8a070a3cf8d31d64f24dbee89f3428cb9cab13fc59f7448d798f9bf08e9187,"{""distance"":5,""physical_error_rate"":0.001}","{""detection_events"":20145,""detectors_checked"":5918720}"
     34816,         0,         0,    2.51,decoder_by_matrix,5b8a070a3cf8d31d64f24dbee89f3428cb9cab13fc59f7448d798f9bf08e9187,"{""distance"":5,""physical_error_rate"":0.001}","{""detection_events"":19335,""detectors_checked"":5918720}"
     31744,         0,         0,    2.41,decoder_by_matrix,5b8a070a3cf8d31d64f24dbee89f3428cb9cab13fc59f7448d798f9bf08e9187,"{""distance"":5,""physical_error_rate"":0.001}","{""detection_events"":17790,""detectors_checked"":5396480}"
     32768,         0,         0,    2.45,decoder_by_matrix,5b8a070a3cf8d31d64f24dbee89f3428cb9cab13fc59f7448d798f9bf08e9187,"{""distance"":5,""physical_error_rate"":0.001}","{""detection_events"":18235,""detectors_checked"":5570560}"
     34665,         0,         0,    2.54,decoder_by_matrix,5b8a070a3cf8d31d64f24dbee89f3428cb9cab13fc59f7448d798f9bf08e9187,"{""distance"":5,""physical_error_rate"":0.001}","{""detection_events"":19860,""detectors_checked"":5893050}"
     32768,         0,         0,    2.46,decoder_by_matrix,5b8a070a3cf8d31d64f24dbee89f3428cb9cab13fc59f7448d798f9bf08e9187,"{""distance"":5,""physical_error_rate"":0.001}","{""detection_events"":17920,""detectors_checked"":5570560}"
     32768,         0,         0,    2.47,decoder_by_matrix,5b8a070a3cf8d31d64f24dbee89f3428cb9cab13fc59f7448d798f9bf08e9187,"{""distance"":5,""physical_error_rate"":0.001}","{""detection_events"":16975,""detectors_checked"":5570560}"
     32768,         0,         0,    2.44,decoder_by_matrix,5b8a070a3cf8d31d64f24dbee89f3428cb9cab13fc59f7448d798f9bf08e9187,"{""distance"":5,""physical_error_rate"":0.001}","{""detection_events"":18315,""detectors_checked"":5570560}"
     37175,         0,         0,    2.87,decoder_by_matrix,5b8a070a3cf8d31d64f24dbee89f3428cb9cab13fc59f7448d798f9bf08e9187,"{""distance"":5,""physical_error_rate"":0.001}","{""detection_events"":21870,""detectors_checked"":6319750}"
     34665,         0,         0,    2.57,decoder_by_matrix,5b8a070a3cf8d31d64f24dbee89f3428cb9cab13fc59f7448d798f9bf08e9187,"{""distance"":5,""physical_error_rate"":0.001}","{""detection_events"":20005,""detectors_checked"":5893050}"
     31744,         0,         0,    2.35,decoder_by_matrix,5b8a070a3cf8d31d64f24dbee89f3428cb9cab13fc59f7448d798f9bf08e9187,"{""distance"":5,""physical_error_rate"":0.001}","{""detection_events"":18085,""detectors_checked"":5396480}"
     34665,         0,         0,    2.54,decoder_by_matrix,5b8a070a3cf8d31d64f24dbee89f3428cb9cab13fc59f7448d798f9bf08e9187,"{""distance"":5,""physical_error_rate"":0.001}","{""detection_events"":19975,""detectors_checked"":5893050}"
     32768,         0,         0,    2.57,decoder_by_matrix,5b8a070a3cf8d31d64f24dbee89f3428cb9cab13fc59f7448d798f9bf08e9187,"{""distance"":5,""physical_error_rate"":0.001}","{""detection_events"":19655,""detectors_checked"":5570560}"
     34665,         0,         0,    2.59,decoder_by_matrix,5b8a070a3cf8d31d64f24dbee89f3428cb9cab13fc59f7448d798f9bf08e9187,"{""distance"":5,""physical_error_rate"":0.001}","{""detection_events"":19420,""detectors_checked"":5893050}"
     31744,         0,         0,    2.43,decoder_by_matrix,5b8a070a3cf8d31d64f24dbee89f3428cb9cab13fc59f7448d798f9bf08e9187,"{""distance"":5,""physical_error_rate"":0.001}","{""detection_events"":19375,""detectors_checked"":5396480}"
     32768,         0,         0,    2.57,decoder_by_matrix,5b8a070a3cf8d31d64f24dbee89f3428cb9cab13fc59f7448d798f9bf08e9187,"{""distance"":5,""physical_error_rate"":0.001}","{""detection_events"":18295,""detectors_checked"":5570560}"
     34665,         0,         0,    2.54,decoder_by_matrix,5b8a070a3cf8d31d64f24dbee89f3428cb9cab13fc59f7448d798f9bf08e9187,"{""distance"":5,""physical_error_rate"":0.001}","{""detection_events"":20055,""detectors_checked"":5893050}"
     31744,         0,         0,    2.50,decoder_by_matrix,5b8a070a3cf8d31d64f24dbee89f3428cb9cab13fc59f7448d798f9bf08e9187,"{""distance"":5,""physical_error_rate"":0.001}","{""detection_events"":17805,""detectors_checked"":5396480}"
     33792,         0,         0,    2.53,decoder_by_matrix,5b8a070a3cf8d31d64f24dbee89f3428cb9cab13fc59f7448d798f9bf08e9187,"{""distance"":5,""physical_error_rate"":0.001}","{""detection_events"":18485,""detectors_checked"":5744640}"
     34665,         0,         0,    2.60,decoder_by_matrix,5b8a070a3cf8d31d64f24dbee89f3428cb9cab13fc59f7448d798f9bf08e9187,"{""distance"":5,""physical_error_rate"":0.001}","{""detection_events"":21075,""detectors_checked"":5893050}"
     32768,         0,         0,    2.58,decoder_by_matrix,5b8a070a3cf8d31d64f24dbee89f3428cb9cab13fc59f7448d798f9bf08e9187,"{""distance"":5,""physical_error_rate"":0.001}","{""detection_events"":18920,""detectors_checked"":5570560}"
     31744,         0,         0,    2.46,decoder_by_matrix,5b8a070a3cf8d31d64f24dbee89f3428cb9cab13fc59f7448d798f9bf08e9187,"{""distance"":5,""physical_error_rate"":0.001}","{""detection_events"":16435,""detectors_checked"":5396480}"
     34665,         1,         0,    2.57,decoder_by_matrix,5b8a070a3cf8d31d64f24dbee89f3428cb9cab13fc59f7448d798f9bf08e9187,"{""distance"":5,""physical_error_rate"":0.001}","{""detection_events"":19375,""detectors_checked"":5893050,""obs_mistake_mask=_E"":1}"
       774,         0,         0,   0.036,decoder_by_matrix,5b8a070a3cf8d31d64f24dbee89f3428cb9cab13fc59f7448d798f9bf08e9187,"{""distance"":5,""physical_error_rate"":0.001}","{""detection_events"":645,""detectors_checked"":131580}"
     30720,         0,         0,    2.52,decoder_by_matrix,5b8a070a3cf8d31d64f24dbee89f3428cb9cab13fc59f7448d798f9bf08e9187,"{""distance"":5,""physical_error_rate"":0.001}","{""detection_events"":17575,""detectors_checked"":5222400}"
     20480,         0,         0,   0.300,decoder_by_matrix,5b8a070a3cf8d31d64f24dbee89f3428cb9cab13fc59f7448d798f9bf08e9187,"{""distance"":5,""physical_error_rate"":0.001}","{""detection_events"":10540,""detectors_checked"":3481600}"
       774,         0,         0,   0.050,decoder_by_matrix,5b8a070a3cf8d31d64f24dbee89f3428cb9cab13fc59f7448d798f9bf08e9187,"{""distance"":5,""physical_error_rate"":0.001}","{""detection_events"":315,""detectors_checked"":131580}"
       184,         0,         0,   0.062,decoder_by_matrix,5b8a070a3cf8d31d64f24dbee89f3428cb9cab13fc59f7448d798f9bf08e9187,"{""distance"":5,""physical_error_rate"":0.001}","{""detection_events"":55,""detectors_checked"":31280}"
     16126,         0,         0,   0.785,decoder_by_matrix,5b8a070a3cf8d31d64f24dbee89f3428cb9cab13fc59f7448d798f9bf08e9187,"{""distance"":5,""physical_error_rate"":0.001}","{""detection_events"":9120,""detectors_checked"":2741420}"
     22528,         0,         0,    1.44,decoder_by_matrix,5b8a070a3cf8d31d64f24dbee89f3428cb9cab13fc59f7448d798f9bf08e9187,"{""distance"":5,""physical_error_rate"":0.001}","{""detection_events"":13260,""detectors_checked"":3829760}"
     22528,         0,         0,    1.76,decoder_by_matrix,5b8a070a3cf8d31d64f24dbee89f3428cb9cab13fc59f7448d798f9bf08e9187,"{""distance"":5,""physical_error_rate"":0.001}","{""detection_events"":13130,""detectors_checked"":3829760}"
     16384,         0,         0,    1.17,decoder_by_matrix,5b8a070a3cf8d31d64f24dbee89f3428cb9cab13fc59f7448d798f9bf08e9187,"{""distance"":5,""physical_error_rate"":0.001}","{""detection_events"":10075,""detectors_checked"":2785280}"
     12621,         0,         0,   0.516,decoder_by_matrix,5b8a070a3cf8d31d64f24dbee89f3428cb9cab13fc59f7448d798f9bf08e9187,"{""distance"":5,""physical_error_rate"":0.001}","{""detection_events"":7835,""detectors_checked"":2145570}"
      9457,         0,         0,   0.389,decoder_by_matrix,5b8a070a3cf8d31d64f24dbee89f3428cb9cab13fc59f7448d798f9bf08e9187,"{""distance"":5,""physical_error_rate"":0.001}","{""detection_events"":5235,""detectors_checked"":1607690}"
     12288,         0,         0,   0.470,decoder_by_matrix,5b8a070a3cf8d31d64f24dbee89f3428cb9cab13fc59f7448d798f9bf08e9187,"{""distance"":5,""physical_error_rate"":0.001}","{""detection_events"":7180,""detectors_checked"":2088960}"
     14336,         0,         0,    1.16,decoder_by_matrix,5b8a070a3cf8d31d64f24dbee89f3428cb9cab13fc59f7448d798f9bf08e9187,"{""distance"":5,""physical_error_rate"":0.001}","{""detection_events"":8710,""detectors_checked"":2437120}"
     24576,         0,         0,    1.80,decoder_by_matrix,5b8a070a3cf8d31d64f24dbee89f3428cb9cab13fc59f7448d798f9bf08e9187,"{""distance"":5,""physical_error_rate"":0.001}","{""detection_events"":14120,""detectors_checked"":4177920}"
     12621,         0,         0,   0.958,decoder_by_matrix,5b8a070a3cf8d31d64f24dbee89f3428cb9cab13fc59f7448d798f9bf08e9187,"{""distance"":5,""physical_error_rate"":0.001}","{""detection_events"":6930,""detectors_checked"":2145570}"
     11078,         0,         0,   0.247,decoder_by_matrix,5b8a070a3cf8d31d64f24dbee89f3428cb9cab13fc59f7448d798f9bf08e9187,"{""distance"":5,""physical_error_rate"":0.001}","{""detection_events"":6365,""detectors_checked"":1883260}"
     19456,         0,         0,    1.56,decoder_by_matrix,5b8a070a3cf8d31d64f24dbee89f3428cb9cab13fc59f7448d798f9bf08e9187,"{""distance"":5,""physical_error_rate"":0.001}","{""detection_events"":11160,""detectors_checked"":3307520}"
     11078,         0,         0,   0.491,decoder_by_matrix,5b8a070a3cf8d31d64f24dbee89f3428cb9cab13fc59f7448d798f9bf08e9187,"{""distance"":5,""physical_error_rate"":0.001}","{""detection_events"":6990,""detectors_checked"":1883260}"
     12288,         0,         0,   0.944,decoder_by_matrix,5b8a070a3cf8d31d64f24dbee89f3428cb9cab13fc59f7448d798f9bf08e9187,"{""distance"":5,""physical_error_rate"":0.001}","{""detection_events"":6640,""detectors_checked"":2088960}"
       488,         0,         0,   0.012,decoder_by_matrix,5b8a070a3cf8d31d64f24dbee89f3428cb9cab13fc59f7448d798f9bf08e9187,"{""distance"":5,""physical_error_rate"":0.001}","{""detection_events"":185,""detectors_checked"":82960}"
       799,         0,         0,   0.040,decoder_by_matrix,5b8a070a3cf8d31d64f24dbee89f3428cb9cab13fc59f7448d798f9bf08e9187,"{""distance"":5,""physical_error_rate"":0.001}","{""detection_events"":550,""detectors_checked"":135830}"
      9552,         0,         0,   0.744,decoder_by_matrix,5b8a070a3cf8d31d64f24dbee89f3428cb9cab13fc59f7448d798f9bf08e9187,"{""distance"":5,""physical_error_rate"":0.001}","{""detection_events"":5780,""detectors_checked"":1623840}"
      9552,         0,         0,   0.692,decoder_by_matrix,5b8a070a3cf8d31d64f24dbee89f3428cb9cab13fc59f7448d798f9bf08e9187,"{""distance"":5,""physical_error_rate"":0.001}","{""detection_events"":5295,""detectors_checked"":1623840}"
      5782,         0,         0,   0.458,decoder_by_matrix,5b8a070a3cf8d31d64f24dbee89f3428cb9cab13fc59f7448d798f9bf08e9187,"{""distance"":5,""physical_error_rate"":0.001}","{""detection_events"":3610,""detectors_checked"":982940}"
      7944,         0,         0,   0.563,decoder_by_matrix,5b8a070a3cf8d31d64f24dbee89f3428cb9cab13fc59f7448d798f9bf08e9187,"{""distance"":5,""physical_error_rate"":0.001}","{""detection_events"":4805,""detectors_checked"":1350480}"
      7329,         0,         0,   0.210,decoder_by_matrix,5b8a070a3cf8d31d64f24dbee89f3428cb9cab13fc59f7448d798f9bf08e9187,"{""distance"":5,""physical_error_rate"":0.001}","{""detection_events"":3860,""detectors_checked"":1245930}"
      6033,         0,         0,   0.247,decoder_by_matrix,5b8a070a3cf8d31d64f24dbee89f3428cb9cab13fc59f7448d798f9bf08e9187,"{""distance"":5,""physical_error_rate"":0.001}","{""detection_events"":3510,""detectors_checked"":1025610}"
      6893,         0,         0,   0.509,decoder_by_matrix,5b8a070a3cf8d31d64f24dbee89f3428cb9cab13fc59f7448d798f9bf08e9187,"{""distance"":5,""physical_error_rate"":0.001}","{""detection_events"":3635,""detectors_checked"":1171810}"
     10240,         0,         0,   0.790,decoder_by_matrix,5b8a070a3cf8d31d64f24dbee89f3428cb9cab13fc59f7448d798f9bf08e9187,"{""distance"":5,""physical_error_rate"":0.001}","{""detection_events"":6305,""detectors_checked"":1740800}"
      7168,         0,         0,   0.503,decoder_by_matrix,5b8a070a3cf8d31d64f24dbee89f3428cb9cab13fc59f7448d798f9bf08e9187,"{""distance"":5,""physical_error_rate"":0.001}","{""detection_events"":4335,""detectors_checked"":1218560}"
      6753,         0,         0,   0.520,decoder_by_matrix,5b8a070a3cf8d31d64f24dbee89f3428cb9cab13fc59f7448d798f9bf08e9187,"{""distance"":5,""physical_error_rate"":0.001}","{""detection_events"":3385,""detectors_checked"":1148010}"
      8192,         0,         0,   0.643,decoder_by_matrix,5b8a070a3cf8d31d64f24dbee89f3428cb9cab13fc59f7448d798f9bf08e9187,"{""distance"":5,""physical_error_rate"":0.001}","{""detection_events"":3895,""detectors_checked"":1392640}"
      9216,         1,         0,   0.647,decoder_by_matrix,5b8a070a3cf8d31d64f24dbee89f3428cb9cab13fc59f7448d798f9bf08e9187,"{""distance"":5,""physical_error_rate"":0.001}","{""detection_events"":5775,""detectors_checked"":1566720,""obs_mistake_mask=E_"":1}"
      7414,         0,         0,   0.590,decoder_by_matrix,5b8a070a3cf8d31d64f24dbee89f3428cb9cab13fc59f7448d798f9bf08e9187,"{""distance"":5,""physical_error_rate"":0.001}","{""detection_events"":4235,""detectors_checked"":1260380}"
      8419,         0,         0,   0.689,decoder_by_matrix,5b8a070a3cf8d31d64f24dbee89f3428cb9cab13fc59f7448d798f9bf08e9187,"{""distance"":5,""physical_error_rate"":0.001}","{""detection_events"":4555,""detectors_checked"":1431230}"
      7147,         0,         0,   0.521,decoder_by_matrix,5b8a070a3cf8d31d64f24dbee89f3428cb9cab13fc59f7448d798f9bf08e9187,"{""distance"":5,""physical_error_rate"":0.001}","{""detection_events"":3965,""detectors_checked"":1214990}"
      6216,         0,         0,   0.521,decoder_by_matrix,5b8a070a3cf8d31d64f24dbee89f3428cb9cab13fc59f7448d798f9bf08e9187,"{""distance"":5,""physical_error_rate"":0.001}","{""detection_events"":3500,""detectors_checked"":1056720}"
      8192,         0,         0,   0.331,decoder_by_matrix,5b8a070a3cf8d31d64f24dbee89f3428cb9cab13fc59f7448d798f9bf08e9187,"{""distance"":5,""physical_error_rate"":0.001}","{""detection_events"":4320,""detectors_checked"":1392640}"
      6667,         0,         0,   0.290,decoder_by_matrix,5b8a070a3cf8d31d64f24dbee89f3428cb9cab13fc59f7448d798f9bf08e9187,"{""distance"":5,""physical_error_rate"":0.001}","{""detection_events"":3685,""detectors_checked"":1133390}"
      8192,         0,         0,   0.581,decoder_by_matrix,5b8a070a3cf8d31d64f24dbee89f3428cb9cab13fc59f7448d798f9bf08e9187,"{""distance"":5,""physical_error_rate"":0.001}","{""detection_events"":5030,""detectors_checked"":1392640}"
      8192,         0,         0,   0.579,decoder_by_matrix,5b8a070a3cf8d31d64f24dbee89f3428cb9cab13fc59f7448d798f9bf08e9187,"{""distance"":5,""physical_error_rate"":0.001}","{""detection_events"":4260,""detectors_checked"":1392640}"
      8203,         0,         0,   0.658,decoder_by_matrix,5b8a070a3cf8d31d64f24dbee89f3428cb9cab13fc59f7448d798f9bf08e9187,"{""distance"":5,""physical_error_rate"":0.001}","{""detection_events"":4370,""detectors_checked"":1394510}"
      8203,         0,         0,   0.630,decoder_by_matrix,5b8a070a3cf8d31d64f24dbee89f3428cb9cab13fc59f7448d798f9bf08e9187,"{""distance"":5,""physical_error_rate"":0.001}","{""detection_events"":4835,""detectors_checked"":1394510}"
      8203,         0,         0,   0.668,decoder_by_matrix,5b8a070a3cf8d31d64f24dbee89f3428cb9cab13fc59f7448d798f9bf08e9187,"{""distance"":5,""physical_error_rate"":0.001}","{""detection_events"":4385,""detectors_checked"":1394510}"
      7168,         0,         0,   0.520,decoder_by_matrix,5b8a070a3cf8d31d64f24dbee89f3428cb9cab13fc59f7448d798f9bf08e9187,"{""distance"":5,""physical_error_rate"":0.001}","{""detection_events"":4150,""detectors_checked"":1218560}"
      7218,         0,         0,   0.614,decoder_by_matrix,5b8a070a3cf8d31d64f24dbee89f3428cb9cab13fc59f7448d798f9bf08e9187,"{""distance"":5,""physical_error_rate"":0.001}","{""detection_events"":4085,""detectors_checked"":1227060}"
      1118,         0,         0,   0.041,decoder_by_matrix,5b8a070a3cf8d31d64f24dbee89f3428cb9cab13fc59f7448d798f9bf08e9187,"{""distance"":5,""physical_error_rate"":0.001}","{""detection_events"":560,""detectors_checked"":190060}"
      8192,         0,         0,   0.564,decoder_by_matrix,5b8a070a3cf8d31d64f24dbee89f3428cb9cab13fc59f7448d798f9bf08e9187,"{""distance"":5,""physical_error_rate"":0.001}","{""detection_events"":4760,""detectors_checked"":1392640}"
       216,         0,         0,   0.048,decoder_by_matrix,5b8a070a3cf8d31d64f24dbee89f3428cb9cab13fc59f7448d798f9bf08e9187,"{""distance"":5,""physical_error_rate"":0.001}","{""detection_events"":110,""detectors_checked"":36720}"
      8203,         0,         0,   0.684,decoder_by_matrix,5b8a070a3cf8d31d64f24dbee89f3428cb9cab13fc59f7448d798f9bf08e9187,"{""distance"":5,""physical_error_rate"":0.001}","{""detection_events"":4620,""detectors_checked"":1394510}"
      6340,         0,         0,   0.583,decoder_by_matrix,5b8a070a3cf8d31d64f24dbee89f3428cb9cab13fc59f7448d798f9bf08e9187,"{""distance"":5,""physical_error_rate"":0.001}","{""detection_events"":3665,""detectors_checked"":1077800}"
      6144,         0,         0,   0.367,decoder_by_matrix,5b8a070a3cf8d31d64f24dbee89f3428cb9cab13fc59f7448d798f9bf08e9187,"{""distance"":5,""physical_error_rate"":0.001}","{""detection_events"":3445,""detectors_checked"":1044480}"
      8192,         0,         0,   0.574,decoder_by_matrix,5b8a070a3cf8d31d64f24dbee89f3428cb9cab13fc59f7448d798f9bf08e9187,"{""distance"":5,""physical_error_rate"":0.001}","{""detection_events"":4300,""detectors_checked"":1392640}"
      8192,         0,         0,   0.576,decoder_by_matrix,5b8a070a3cf8d31d64f24dbee89f3428cb9cab13fc59f7448d798f9bf08e9187,"{""distance"":5,""physical_error_rate"":0.001}","{""detection_events"":4680,""detectors_checked"":1392640}"
      6144,         0,         0,   0.257,decoder_by_matrix,5b8a070a3cf8d31d64f24dbee89f3428cb9cab13fc59f7448d798f9bf08e9187,"{""distance"":5,""physical_error_rate"":0.001}","{""detection_events"":3295,""detectors_checked"":1044480}"
       104,         0,         0,   0.042,decoder_by_matrix,5b8a070a3cf8d31d64f24dbee89f3428cb9cab13fc59f7448d798f9bf08e9187,"{""distance"":5,""physical_error_rate"":0.001}","{""detection_events"":185,""detectors_checked"":17680}"
       485,         0,         0,   0.044,decoder_by_matrix,5b8a070a3cf8d31d64f24dbee89f3428cb9cab13fc59f7448d798f9bf08e9187,"{""distance"":5,""physical_error_rate"":0.001}","{""detection_events"":215,""detectors_checked"":82450}"
       376,         0,         0,   0.015,decoder_by_matrix,5b8a070a3cf8d31d64f24dbee89f3428cb9cab13fc59f7448d798f9bf08e9187,"{""distance"":5,""physical_error_rate"":0.001}","{""detection_events"":300,""detectors_checked"":63920}"
      8004,         0,         0,   0.599,decoder_by_matrix,5b8a070a3cf8d31d64f24dbee89f3428cb9cab13fc59f7448d798f9bf08e9187,"{""distance"":5,""physical_error_rate"":0.001}","{""detection_events"":4685,""detectors_checked"":1360680}"
       838,         0,         0,   0.066,decoder_by_matrix,5b8a070a3cf8d31d64f24dbee89f3428cb9cab13fc59f7448d798f9bf08e9187,"{""distance"":5,""physical_error_rate"":0.001}","{""detection_events"":255,""detectors_checked"":142460}"
        11,         0,         0,   0.059,decoder_by_matrix,5b8a070a3cf8d31d64f24dbee89f3428cb9cab13fc59f7448d798f9bf08e9187,"{""distance"":5,""physical_error_rate"":0.001}","{""detectors_checked"":1870}"
      6144,         0,         0,   0.361,decoder_by_matrix,5b8a070a3cf8d31d64f24dbee89f3428cb9cab13fc59f7448d798f9bf08e9187,"{""distance"":5,""physical_error_rate"":0.001}","{""detection_events"":3095,""detectors_checked"":1044480}"
       533,         0,         0,   0.063,decoder_by_matrix,5b8a070a3cf8d31d64f24dbee89f3428cb9cab13fc59f7448d798f9bf08e9187,"{""distance"":5,""physical_error_rate"":0.001}","{""detection_events"":200,""detectors_checked"":90610}"
      7168,         0,         0,   0.535,decoder_by_matrix,5b8a070a3cf8d31d64f24dbee89f3428cb9cab13fc59f7448d798f9bf08e9187,"{""distance"":5,""physical_error_rate"":0.001}","{""detection_events"":3935,""detectors_checked"":1218560}"
       250,         0,         0,   0.061,decoder_by_matrix,5b8a070a3cf8d31d64f24dbee89f3428cb9cab13fc59f7448d798f9bf08e9187,"{""distance"":5,""physical_error_rate"":0.001}","{""detection_events"":135,""detectors_checked"":42500}"
      7718,         0,         0,   0.574,decoder_by_matrix,5b8a070a3cf8d31d64f24dbee89f3428cb9cab13fc59f7448d798f9bf08e9187,"{""distance"":5,""physical_error_rate"":0.001}","{""detection_events"":4940,""detectors_checked"":1312060}"
      7718,         0,         0,   0.616,decoder_by_matrix,5b8a070a3cf8d31d64f24dbee89f3428cb9cab13fc59f7448d798f9bf08e9187,"{""distance"":5,""physical_error_rate"":0.001}","{""detection_events"":4055,""detectors_checked"":1312060}"
       485,         0,         0,   0.053,decoder_by_matrix,5b8a070a3cf8d31d64f24dbee89f3428cb9cab13fc59f7448d798f9bf08e9187,"{""distance"":5,""physical_error_rate"":0.001}","{""detection_events"":200,""detectors_checked"":82450}"
       550,         0,         0,   0.058,decoder_by_matrix,5b8a070a3cf8d31d64f24dbee89f3428cb9cab13fc59f7448d798f9bf08e9187,"{""distance"":5,""physical_error_rate"":0.001}","{""detection_events"":75,""detectors_checked"":93500}"
      8203,         0,         0,   0.708,decoder_by_matrix,5b8a070a3cf8d31d64f24dbee89f3428cb9cab13fc59f7448d798f9bf08e9187,"{""distance"":5,""physical_error_rate"":0.001}","{""detection_events"":4480,""detectors_checked"":1394510}"
       149,         0,         0,   0.059,decoder_by_matrix,5b8a070a3cf8d31d64f24dbee89f3428cb9cab13fc59f7448d798f9bf08e9187,"{""distance"":5,""physical_error_rate"":0.001}","{""detection_events"":65,""detectors_checked"":25330}"
      5120,         0,         0,   0.398,decoder_by_matrix,5b8a070a3cf8d31d64f24dbee89f3428cb9cab13fc59f7448d798f9bf08e9187,"{""distance"":5,""physical_error_rate"":0.001}","{""detection_events"":2945,""detectors_checked"":870400}"
       485,         0,         0,   0.012,decoder_by_matrix,5b8a070a3cf8d31d64f24dbee89f3428cb9cab13fc59f7448d798f9bf08e9187,"{""distance"":5,""physical_error_rate"":0.001}","{""detection_events"":260,""detectors_checked"":82450}"
      5120,         0,         0,   0.323,decoder_by_matrix,5b8a070a3cf8d31d64f24dbee89f3428cb9cab13fc59f7448d798f9bf08e9187,"{""distance"":5,""physical_error_rate"":0.001}","{""detection_events"":2655,""detectors_checked"":870400}"
       131,         0,         0,   0.031,decoder_by_matrix,5b8a070a3cf8d31d64f24dbee89f3428cb9cab13fc59f7448d798f9bf08e9187,"{""distance"":5,""physical_error_rate"":0.001}","{""detection_events"":160,""detectors_checked"":22270}"
       404,         0,         0,   0.063,decoder_by_matrix,5b8a070a3cf8d31d64f24dbee89f3428cb9cab13fc59f7448d798f9bf08e9187,"{""distance"":5,""physical_error_rate"":0.001}","{""detection_events"":25,""detectors_checked"":68680}"
      1349,         0,         0,   0.097,decoder_by_matrix,5b8a070a3cf8d31d64f24dbee89f3428cb9cab13fc59f7448d798f9bf08e9187,"{""distance"":5,""physical_error_rate"":0.001}","{""detection_events"":560,""detectors_checked"":229330}"
      7168,         0,         0,   0.641,decoder_by_matrix,5b8a070a3cf8d31d64f24dbee89f3428cb9cab13fc59f7448d798f9bf08e9187,"{""distance"":5,""physical_error_rate"":0.001}","{""detection_events"":4195,""detectors_checked"":1218560}"
        84,         0,         0,   0.045,decoder_by_matrix,5b8a070a3cf8d31d64f24dbee89f3428cb9cab13fc59f7448d798f9bf08e9187,"{""distance"":5,""physical_error_rate"":0.001}","{""detection_events"":30,""detectors_checked"":14280}"
       320,         0,         0,   0.062,decoder_by_matrix,5b8a070a3cf8d31d64f24dbee89f3428cb9cab13fc59f7448d798f9bf08e9187,"{""distance"":5,""physical_error_rate"":0.001}","{""detection_events"":260,""detectors_checked"":54400}"
      1360,         0,         0,   0.114,decoder_by_matrix,5b8a070a3cf8d31d64f24dbee89f3428cb9cab13fc59f7448d798f9bf08e9187,"{""distance"":5,""physical_error_rate"":0.001}","{""detection_events"":840,""detectors_checked"":231200}"
       485,         0,         0,   0.051,decoder_by_matrix,5b8a070a3cf8d31d64f24dbee89f3428cb9cab13fc59f7448d798f9bf08e9187,"{""distance"":5,""physical_error_rate"":0.001}","{""detection_events"":145,""detectors_checked"":82450}"
      7718,         0,         0,   0.698,decoder_by_matrix,5b8a070a3cf8d31d64f24dbee89f3428cb9cab13fc59f7448d798f9bf08e9187,"{""distance"":5,""physical_error_rate"":0.001}","{""detection_events"":4625,""detectors_checked"":1312060}"
       147,         0,         0,   0.061,decoder_by_matrix,5b8a070a3cf8d31d64f24dbee89f3428cb9cab13fc59f7448d798f9bf08e9187,"{""distance"":5,""physical_error_rate"":0.001}","{""detection_events"":60,""detectors_checked"":24990}"
      5120,         0,         0,   0.366,decoder_by_matrix,5b8a070a3cf8d31d64f24dbee89f3428cb9cab13fc59f7448d798f9bf08e9187,"{""distance"":5,""physical_error_rate"":0.001}","{""detection_events"":3105,""detectors_checked"":870400}"
      5651,         0,         0,   0.363,decoder_by_matrix,5b8a070a3cf8d31d64f24dbee89f3428cb9cab13fc59f7448d798f9bf08e9187,"{""distance"":5,""physical_error_rate"":0.001}","{""detection_events"":2805,""detectors_checked"":960670}"
      1349,         0,         0,   0.099,decoder_by_matrix,5b8a070a3cf8d31d64f24dbee89f3428cb9cab13fc59f7448d798f9bf08e9187,"{""distance"":5,""physical_error_rate"":0.001}","{""detection_events"":695,""detectors_checked"":229330}"
       132,         0,         0,   0.062,decoder_by_matrix,5b8a070a3cf8d31d64f24dbee89f3428cb9cab13fc59f7448d798f9bf08e9187,"{""distance"":5,""physical_error_rate"":0.001}","{""detection_events"":45,""detectors_checked"":22440}"
      6144,         0,         0,   0.420,decoder_by_matrix,5b8a070a3cf8d31d64f24dbee89f3428cb9cab13fc59f7448d798f9bf08e9187,"{""distance"":5,""physical_error_rate"":0.001}","{""detection_events"":3270,""detectors_checked"":1044480}"
      1862,         0,         0,   0.124,decoder_by_matrix,5b8a070a3cf8d31d64f24dbee89f3428cb9cab13fc59f7448d798f9bf08e9187,"{""distance"":5,""physical_error_rate"":0.001}","{""detection_events"":1180,""detectors_checked"":316540}"
      1035,         0,         0,   0.117,decoder_by_matrix,5b8a070a3cf8d31d64f24dbee89f3428cb9cab13fc59f7448d798f9bf08e9187,"{""distance"":5,""physical_error_rate"":0.001}","{""detection_events"":455,""detectors_checked"":175950}"
       131,         0,         0,   0.033,decoder_by_matrix,5b8a070a3cf8d31d64f24dbee89f3428cb9cab13fc59f7448d798f9bf08e9187,"{""distance"":5,""physical_error_rate"":0.001}","{""detection_events"":60,""detectors_checked"":22270}"
       665,         0,         0,   0.037,decoder_by_matrix,5b8a070a3cf8d31d64f24dbee89f3428cb9cab13fc59f7448d798f9bf08e9187,"{""distance"":5,""physical_error_rate"":0.001}","{""detection_events"":300,""detectors_checked"":113050}"
      1459,         0,         0,   0.133,decoder_by_matrix,5b8a070a3cf8d31d64f24dbee89f3428cb9cab13fc59f7448d798f9bf08e9187,"{""distance"":5,""physical_error_rate"":0.001}","{""detection_events"":855,""detectors_checked"":248030}"
      2767,         0,         0,   0.122,decoder_by_matrix,5b8a070a3cf8d31d64f24dbee89f3428cb9cab13fc59f7448d798f9bf08e9187,"{""distance"":5,""physical_error_rate"":0.001}","{""detection_events"":1545,""detectors_checked"":470390}"
      4335,         0,         0,   0.402,decoder_by_matrix,5b8a070a3cf8d31d64f24dbee89f3428cb9cab13fc59f7448d798f9bf08e9187,"{""distance"":5,""physical_error_rate"":0.001}","{""detection_events"":2385,""detectors_checked"":736950}"
      5120,         0,         0,   0.390,decoder_by_matrix,5b8a070a3cf8d31d64f24dbee89f3428cb9cab13fc59f7448d798f9bf08e9187,"{""distance"":5,""physical_error_rate"":0.001}","{""detection_events"":2570,""detectors_checked"":870400}"
      7168,         0,         0,   0.663,decoder_by_matrix,5b8a070a3cf8d31d64f24dbee89f3428cb9cab13fc59f7448d798f9bf08e9187,"{""distance"":5,""physical_error_rate"":0.001}","{""detection_events"":4335,""detectors_checked"":1218560}"
        32,         0,         0,   0.056,decoder_by_matrix,5b8a070a3cf8d31d64f24dbee89f3428cb9cab13fc59f7448d798f9bf08e9187,"{""distance"":5,""physical_error_rate"":0.001}","{""detection_events"":20,""detectors_checked"":5440}"
       503,         0,         0,   0.057,decoder_by_matrix,5b8a070a3cf8d31d64f24dbee89f3428cb9cab13fc59f7448d798f9bf08e9187,"{""distance"":5,""physical_error_rate"":0.001}","{""detection_events"":245,""detectors_checked"":85510}"
       107,         0,         0,   0.068,decoder_by_matrix,5b8a070a3cf8d31d64f24dbee89f3428cb9cab13fc59f7448d798f9bf08e9187,"{""distance"":5,""physical_error_rate"":0.001}","{""detection_events"":215,""detectors_checked"":18190}"
       108,         0,         0,   0.035,decoder_by_matrix,5b8a070a3cf8d31d64f24dbee89f3428cb9cab13fc59f7448d798f9bf08e9187,"{""distance"":5,""physical_error_rate"":0.001}","{""detection_events"":55,""detectors_checked"":18360}"
       550,         0,         0,   0.040,decoder_by_matrix,5b8a070a3cf8d31d64f24dbee89f3428cb9cab13fc59f7448d798f9bf08e9187,"{""distance"":5,""physical_error_rate"":0.001}","{""detection_events"":370,""detectors_checked"":93500}"
        28,         0,         0,   0.033,decoder_by_matrix,5b8a070a3cf8d31d64f24dbee89f3428cb9cab13fc59f7448d798f9bf08e9187,"{""distance"":5,""physical_error_rate"":0.001}","{""detection_events"":10,""detectors_checked"":4760}"
      1824,         0,         0,   0.041,decoder_by_matrix,5b8a070a3cf8d31d64f24dbee89f3428cb9cab13fc59f7448d798f9bf08e9187,"{""distance"":5,""physical_error_rate"":0.001}","{""detection_events"":1020,""detectors_checked"":310080}"
      2021,         0,         0,   0.088,decoder_by_matrix,5b8a070a3cf8d31d64f24dbee89f3428cb9cab13fc59f7448d798f9bf08e9187,"{""distance"":5,""physical_error_rate"":0.001}","{""detection_events"":1200,""detectors_checked"":343570}"
       158,         0,         0,   0.034,decoder_by_matrix,5b8a070a3cf8d31d64f24dbee89f3428cb9cab13fc59f7448d798f9bf08e9187,"{""distance"":5,""physical_error_rate"":0.001}","{""detection_events"":120,""detectors_checked"":26860}"
       840,         0,         0,   0.050,decoder_by_matrix,5b8a070a3cf8d31d64f24dbee89f3428cb9cab13fc59f7448d798f9bf08e9187,"{""distance"":5,""physical_error_rate"":0.001}","{""detection_events"":465,""detectors_checked"":142800}"
       753,         0,         0,   0.040,decoder_by_matrix,5b8a070a3cf8d31d64f24dbee89f3428cb9cab13fc59f7448d798f9bf08e9187,"{""distance"":5,""physical_error_rate"":0.001}","{""detection_events"":520,""detectors_checked"":128010}"
      1349,         0,         0,   0.139,decoder_by_matrix,5b8a070a3cf8d31d64f24dbee89f3428cb9cab13fc59f7448d798f9bf08e9187,"{""distance"":5,""physical_error_rate"":0.001}","{""detection_events"":845,""detectors_checked"":229330}"
      3072,         0,         0,   0.184,decoder_by_matrix,5b8a070a3cf8d31d64f24dbee89f3428cb9cab13fc59f7448d798f9bf08e9187,"{""distance"":5,""physical_error_rate"":0.001}","{""detection_events"":1620,""detectors_checked"":522240}"
      3072,         0,         0,   0.186,decoder_by_matrix,5b8a070a3cf8d31d64f24dbee89f3428cb9cab13fc59f7448d798f9bf08e9187,"{""distance"":5,""physical_error_rate"":0.001}","{""detection_events"":1500,""detectors_checked"":522240}"
      3247,         0,         0,   0.198,decoder_by_matrix,5b8a070a3cf8d31d64f24dbee89f3428cb9cab13fc59f7448d798f9bf08e9187,"{""distance"":5,""physical_error_rate"":0.001}","{""detection_events"":1625,""detectors_checked"":551990}"
        38,         0,         0,   0.043,decoder_by_matrix,5b8a070a3cf8d31d64f24dbee89f3428cb9cab13fc59f7448d798f9bf08e9187,"{""distance"":5,""physical_error_rate"":0.001}","{""detectors_checked"":6460}"
      1360,         0,         0,   0.142,decoder_by_matrix,5b8a070a3cf8d31d64f24dbee89f3428cb9cab13fc59f7448d798f9bf08e9187,"{""distance"":5,""physical_error_rate"":0.001}","{""detection_events"":830,""detectors_checked"":231200}"
      1035,         0,         0,   0.066,decoder_by_matrix,5b8a070a3cf8d31d64f24dbee89f3428cb9cab13fc59f7448d798f9bf08e9187,"{""distance"":5,""physical_error_rate"":0.001}","{""detection_events"":590,""detectors_checked"":175950}"
         8,         0,         0,   0.030,decoder_by_matrix,5b8a070a3cf8d31d64f24dbee89f3428cb9cab13fc59f7448d798f9bf08e9187,"{""distance"":5,""physical_error_rate"":0.001}","{""detectors_checked"":1360}"
      1832,         0,         0,   0.098,decoder_by_matrix,5b8a070a3cf8d31d64f24dbee89f3428cb9cab13fc59f7448d798f9bf08e9187,"{""distance"":5,""physical_error_rate"":0.001}","{""detection_events"":860,""detectors_checked"":311440}"
       128,         0,         0,   0.035,decoder_by_matrix,5b8a070a3cf8d31d64f24dbee89f3428cb9cab13fc59f7448d798f9bf08e9187,"{""distance"":5,""physical_error_rate"":0.001}","{""detection_events"":70,""detectors_checked"":21760}"
       114,         0,         0,   0.011,decoder_by_matrix,5b8a070a3cf8d31d64f24dbee89f3428cb9cab13fc59f7448d798f9bf08e9187,"{""distance"":5,""physical_error_rate"":0.001}","{""detection_events"":50,""detectors_checked"":19380}"
      2048,         0,         0,   0.089,decoder_by_matrix,5b8a070a3cf8d31d64f24dbee89f3428cb9cab13fc59f7448d798f9bf08e9187,"{""distance"":5,""physical_error_rate"":0.001}","{""detection_events"":750,""detectors_checked"":348160}"
       649,         0,         0,   0.032,decoder_by_matrix,5b8a070a3cf8d31d64f24dbee89f3428cb9cab13fc59f7448d798f9bf08e9187,"{""distance"":5,""physical_error_rate"":0.001}","{""detection_events"":215,""detectors_checked"":110330}"
       531,         0,         0,   0.033,decoder_by_matrix,5b8a070a3cf8d31d64f24dbee89f3428cb9cab13fc59f7448d798f9bf08e9187,"{""distance"":5,""physical_error_rate"":0.001}","{""detection_events"":305,""detectors_checked"":90270}"
      1795,         0,         0,   0.070,decoder_by_matrix,5b8a070a3cf8d31d64f24dbee89f3428cb9cab13fc59f7448d798f9bf08e9187,"{""distance"":5,""physical_error_rate"":0.001}","{""detection_events"":1220,""detectors_checked"":305150}"
        96,         0,         0,   0.030,decoder_by_matrix,5b8a070a3cf8d31d64f24dbee89f3428cb9cab13fc59f7448d798f9bf08e9187,"{""distance"":5,""physical_error_rate"":0.001}","{""detection_events"":65,""detectors_checked"":16320}"
      1238,         0,         0,   0.075,decoder_by_matrix,5b8a070a3cf8d31d64f24dbee89f3428cb9cab13fc59f7448d798f9bf08e9187,"{""distance"":5,""physical_error_rate"":0.001}","{""detection_events"":675,""detectors_checked"":210460}"
       131,         0,         0,   0.066,decoder_by_matrix,5b8a070a3cf8d31d64f24dbee89f3428cb9cab13fc59f7448d798f9bf08e9187,"{""distance"":5,""physical_error_rate"":0.001}","{""detection_events"":70,""detectors_checked"":22270}"
        29,         0,         0,   0.030,decoder_by_matrix,5b8a070a3cf8d31d64f24dbee89f3428cb9cab13fc59f7448d798f9bf08e9187,"{""distance"":5,""physical_error_rate"":0.001}","{""detection_events"":35,""detectors_checked"":4930}"
       117,         0,         0,   0.038,decoder_by_matrix,5b8a070a3cf8d31d64f24dbee89f3428cb9cab13fc59f7448d798f9bf08e9187,"{""distance"":5,""physical_error_rate"":0.001}","{""detection_events"":50,""detectors_checked"":19890}"
      1131,         0,         0,   0.067,decoder_by_matrix,5b8a070a3cf8d31d64f24dbee89f3428cb9cab13fc59f7448d798f9bf08e9187,"{""distance"":5,""physical_error_rate"":0.001}","{""detection_events"":870,""detectors_checked"":192270}"
       550,         0,         0,   0.031,decoder_by_matrix,5b8a070a3cf8d31d64f24dbee89f3428cb9cab13fc59f7448d798f9bf08e9187,"{""distance"":5,""physical_error_rate"":0.001}","{""detection_events"":380,""detectors_checked"":93500}"
        24,         0,         0,   0.030,decoder_by_matrix,5b8a070a3cf8d31d64f24dbee89f3428cb9cab13fc59f7448d798f9bf08e9187,"{""distance"":5,""physical_error_rate"":0.001}","{""detection_events"":5,""detectors_checked"":4080}"
       234,         0,         0,   0.030,decoder_by_matrix,5b8a070a3cf8d31d64f24dbee89f3428cb9cab13fc59f7448d798f9bf08e9187,"{""distance"":5,""physical_error_rate"":0.001}","{""detection_events"":85,""detectors_checked"":39780}"
       106,         0,         0,   0.032,decoder_by_matrix,5b8a070a3cf8d31d64f24dbee89f3428cb9cab13fc59f7448d798f9bf08e9187,"{""distance"":5,""physical_error_rate"":0.001}","{""detection_events"":40,""detectors_checked"":18020}"
       209,         0,         0,   0.012,decoder_by_matrix,5b8a070a3cf8d31d64f24dbee89f3428cb9cab13fc59f7448d798f9bf08e9187,"{""distance"":5,""physical_error_rate"":0.001}","{""detection_events"":130,""detectors_checked"":35530}"
       427,         0,         0,   0.029,decoder_by_matrix,5b8a070a3cf8d31d64f24dbee89f3428cb9cab13fc59f7448d798f9bf08e9187,"{""distance"":5,""physical_error_rate"":0.001}","{""detection_events"":180,""detectors_checked"":72590}"
       359,         0,         0,   0.028,decoder_by_matrix,5b8a070a3cf8d31d64f24dbee89f3428cb9cab13fc59f7448d798f9bf08e9187,"{""distance"":5,""physical_error_rate"":0.001}","{""detection_events"":345,""detectors_checked"":61030}"
       427,         0,         0,   0.031,decoder_by_matrix,5b8a070a3cf8d31d64f24dbee89f3428cb9cab13fc59f7448d798f9bf08e9187,"{""distance"":5,""physical_error_rate"":0.001}","{""detection_events"":290,""detectors_checked"":72590}"
       359,         0,         0,   0.031,decoder_by_matrix,5b8a070a3cf8d31d64f24dbee89f3428cb9cab13fc59f7448d798f9bf08e9187,"{""distance"":5,""physical_error_rate"":0.001}","{""detection_events"":155,""detectors_checked"":61030}"
      1369,         0,         0,   0.077,decoder_by_matrix,5b8a070a3cf8d31d64f24dbee89f3428cb9cab13fc59f7448d798f9bf08e9187,"{""distance"":5,""physical_error_rate"":0.001}","{""detection_events"":860,""detectors_checked"":232730}"
        68,         0,         0,   0.028,decoder_by_matrix,5b8a070a3cf8d31d64f24dbee89f3428cb9cab13fc59f7448d798f9bf08e9187,"{""distance"":5,""physical_error_rate"":0.001}","{""detection_events"":70,""detectors_checked"":11560}"
        34,         0,         0,   0.024,decoder_by_matrix,5b8a070a3cf8d31d64f24dbee89f3428cb9cab13fc59f7448d798f9bf08e9187,"{""distance"":5,""physical_error_rate"":0.001}","{""detection_events"":5,""detectors_checked"":5780}"
        64,         0,         0,   0.031,decoder_by_matrix,5b8a070a3cf8d31d64f24dbee89f3428cb9cab13fc59f7448d798f9bf08e9187,"{""distance"":5,""physical_error_rate"":0.001}","{""detection_events"":25,""detectors_checked"":10880}"
        68,         0,         0,   0.026,decoder_by_matrix,5b8a070a3cf8d31d64f24dbee89f3428cb9cab13fc59f7448d798f9bf08e9187,"{""distance"":5,""physical_error_rate"":0.001}","{""detection_events"":20,""detectors_checked"":11560}"
        64,         0,         0,   0.028,decoder_by_matrix,5b8a070a3cf8d31d64f24dbee89f3428cb9cab13fc59f7448d798f9bf08e9187,"{""distance"":5,""physical_error_rate"":0.001}","{""detection_events"":40,""detectors_checked"":10880}"
       222,         0,         0,   0.031,decoder_by_matrix,5b8a070a3cf8d31d64f24dbee89f3428cb9cab13fc59f7448d798f9bf08e9187,"{""distance"":5,""physical_error_rate"":0.001}","{""detection_events"":140,""detectors_checked"":37740}"
       209,         0,         0,   0.023,decoder_by_matrix,5b8a070a3cf8d31d64f24dbee89f3428cb9cab13fc59f7448d798f9bf08e9187,"{""distance"":5,""physical_error_rate"":0.001}","{""detection_events"":70,""detectors_checked"":35530}"
       109,         0,         0,   0.026,decoder_by_matrix,5b8a070a3cf8d31d64f24dbee89f3428cb9cab13fc59f7448d798f9bf08e9187,"{""distance"":5,""physical_error_rate"":0.001}","{""detection_events"":45,""detectors_checked"":18530}"
        13,         0,         0,   0.021,decoder_by_matrix,5b8a070a3cf8d31d64f24dbee89f3428cb9cab13fc59f7448d798f9bf08e9187,"{""distance"":5,""physical_error_rate"":0.001}","{""detection_events"":5,""detectors_checked"":2210}"
        13,         0,         0,   0.021,decoder_by_matrix,5b8a070a3cf8d31d64f24dbee89f3428cb9cab13fc59f7448d798f9bf08e9187,"{""distance"":5,""physical_error_rate"":0.001}","{""detection_events"":20,""detectors_checked"":2210}"
