     shots,    errors,  discards, seconds,decoder,strong_id,json_metadata,custom_counts
         1,         0,         0,   0.008,standalone_exact_mw,503ee55b5ad1b1988379a241a0405811522ee4d50b473755532ad1299cb121e2,"{""distance"":5,""physical_error_rate"":0.0005}","{""detectors_checked"":224}"
      1296,         0,         0,   0.028,standalone_exact_mw,503ee55b5ad1b1988379a241a0405811522ee4d50b473755532ad1299cb121e2,"{""distance"":5,""physical_error_rate"":0.0005}","{""detection_events"":612,""detectors_checked"":290304}"
      1024,         0,         0,   0.030,standalone_exact_mw,503ee55b5ad1b1988379a241a0405811522ee4d50b473755532ad1299cb121e2,"{""distance"":5,""physical_error_rate"":0.0005}","{""detection_events"":427,""detectors_checked"":229376}"
      1024,         0,         0,   0.030,standalone_exact_mw,503ee55b5ad1b1988379a241a0405811522ee4d50b473755532ad1299cb121e2,"{""distance"":5,""physical_error_rate"":0.0005}","{""detection_events"":485,""detectors_checked"":229376}"
      1024,         0,         0,   0.031,standalone_exact_mw,503ee55b5ad1b1988379a241a0405811522ee4d50b473755532ad1299cb121e2,"{""distance"":5,""physical_error_rate"":0.0005}","{""detection_events"":507,""detectors_checked"":229376}"
      2048,         0,         0,   0.061,standalone_exact_mw,503ee55b5ad1b1988379a241a0405811522ee4d50b473755532ad1299cb121e2,"{""distance"":5,""physical_error_rate"":0.0005}","{""detection_events"":931,""detectors_checked"":458752}"
      2048,         0,         0,   0.060,standalone_exact_mw,503ee55b5ad1b1988379a241a0405811522ee4d50b473755532ad1299cb121e2,"{""distance"":5,""physical_error_rate"":0.0005}","{""detection_events"":1005,""detectors_checked"":458752}"
      3072,         0,         0,   0.127,standalone_exact_mw,503ee55b5ad1b1988379a241a0405811522ee4d50b473755532ad1299cb121e2,"{""distance"":5,""physical_error_rate"":0.0005}","{""detection_events"":1371,""detectors_checked"":688128}"
      9216,         0,         0,   0.149,standalone_exact_mw,503ee55b5ad1b1988379a241a0405811522ee4d50b473755532ad1299cb121e2,"{""distance"":5,""physical_error_rate"":0.0005}","{""detection_events"":4420,""detectors_checked"":2064384}"
     14336,         0,         0,   0.212,standalone_exact_mw,503ee55b5ad1b1988379a241a0405811522ee4d50b473755532ad1299cb121e2,"{""distance"":5,""physical_error_rate"":0.0005}","{""detection_events"":6477,""detectors_checked"":3211264}"
     11264,         0,         0,   0.296,standalone_exact_mw,503ee55b5ad1b1988379a241a0405811522ee4d50b473755532ad1299cb121e2,"{""distance"":5,""physical_error_rate"":0.0005}","{""detection_events"":5279,""detectors_checked"":2523136}"
     14336,         0,         0,   0.411,standalone_exact_mw,503ee55b5ad1b1988379a241a0405811522ee4d50b473755532ad1299cb121e2,"{""distance"":5,""physical_error_rate"":0.0005}","{""detection_events"":6697,""detectors_checked"":3211264}"
     12288,         0,         0,   0.548,standalone_exact_mw,503ee55b5ad1b1988379a241a0405811522ee4d50b473755532ad1299cb121e2,"{""distance"":5,""physical_error_rate"":0.0005}","{""detection_events"":5767,""detectors_checked"":2752512}"
     30720,         0,         0,   0.795,standalone_exact_mw,503ee55b5ad1b1988379a241a0405811522ee4d50b473755532ad1299cb121e2,"{""distance"":5,""physical_error_rate"":0.0005}","{""detection_events"":14193,""detectors_checked"":6881280}"
     53248,         0,         0,    1.09,standalone_exact_mw,503ee55b5ad1b1988379a241a0405811522ee4d50b473755532ad1299cb121e2,"{""distance"":5,""physical_error_rate"":0.0005}","{""detection_events"":24775,""detectors_checked"":11927552}"
         1,         0,         0,   0.002,standalone_exact_mw,29ae76c7f86edcd2f56343e8109d8463cbc736644db4e57527101e2f1c3606c8,"{""distance"":5,""physical_error_rate"":0.0002}","{""detectors_checked"":224}"
      1296,         0,         0,   0.014,standalone_exact_mw,29ae76c7f86edcd2f56343e8109d8463cbc736644db4e57527101e2f1c3606c8,"{""distance"":5,""physical_error_rate"":0.0002}","{""detection_events"":249,""detectors_checked"":290304}"
      2048,         0,         0,   0.031,standalone_exact_mw,29ae76c7f86edcd2f56343e8109d8463cbc736644db4e57527101e2f1c3606c8,"{""distance"":5,""physical_error_rate"":0.0002}","{""detection_events"":352,""detectors_checked"":458752}"
      2048,         0,         0,   0.033,standalone_exact_mw,29ae76c7f86edcd2f56343e8109d8463cbc736644db4e57527101e2f1c3606c8,"{""distance"":5,""physical_error_rate"":0.0002}","{""detection_events"":389,""detectors_checked"":458752}"
      3072,         0,         0,   0.055,standalone_exact_mw,29ae76c7f86edcd2f56343e8109d8463cbc736644db4e57527101e2f1c3606c8,"{""distance"":5,""physical_error_rate"":0.0002}","{""detection_events"":550,""detectors_checked"":688128}"
      3072,         0,         0,   0.042,standalone_exact_mw,29ae76c7f86edcd2f56343e8109d8463cbc736644db4e57527101e2f1c3606c8,"{""distance"":5,""physical_error_rate"":0.0002}","{""detection_events"":539,""detectors_checked"":688128}"
     63488,         0,         0,    1.56,standalone_exact_mw,503ee55b5ad1b1988379a241a0405811522ee4d50b473755532ad1299cb121e2,"{""distance"":5,""physical_error_rate"":0.0005}","{""detection_events"":29071,""detectors_checked"":14221312}"
      4096,         0,         0,   0.073,standalone_exact_mw,29ae76c7f86edcd2f56343e8109d8463cbc736644db4e57527101e2f1c3606c8,"{""distance"":5,""physical_error_rate"":0.0002}","{""detection_events"":776,""detectors_checked"":917504}"
      4096,         0,         0,   0.112,standalone_exact_mw,29ae76c7f86edcd2f56343e8109d8463cbc736644db4e57527101e2f1c3606c8,"{""distance"":5,""physical_error_rate"":0.0002}","{""detection_events"":769,""detectors_checked"":917504}"
      5120,         0,         0,   0.158,standalone_exact_mw,29ae76c7f86edcd2f56343e8109d8463cbc736644db4e57527101e2f1c3606c8,"{""distance"":5,""physical_error_rate"":0.0002}","{""detection_events"":1003,""detectors_checked"":1146880}"
      8192,         0,         0,   0.241,standalone_exact_mw,29ae76c7f86edcd2f56343e8109d8463cbc736644db4e57527101e2f1c3606c8,"{""distance"":5,""physical_error_rate"":0.0002}","{""detection_events"":1551,""detectors_checked"":1835008}"
     10240,         0,         0,   0.294,standalone_exact_mw,29ae76c7f86edcd2f56343e8109d8463cbc736644db4e57527101e2f1c3606c8,"{""distance"":5,""physical_error_rate"":0.0002}","{""detection_events"":1934,""detectors_checked"":2293760}"
       273,         0,         0,   0.011,standalone_exact_mw,aea10f45e3589e84a00777b800d38e8a3149bd6cb552c409f3bffd718c1a0abf,"{""distance"":5,""physical_error_rate"":5e-05}","{""detection_events"":15,""detectors_checked"":61152}"
      2048,         0,         0,   0.040,standalone_exact_mw,aea10f45e3589e84a00777b800d38e8a3149bd6cb552c409f3bffd718c1a0abf,"{""distance"":5,""physical_error_rate"":5e-05}","{""detection_events"":99,""detectors_checked"":458752}"
     14336,         0,         0,   0.413,standalone_exact_mw,29ae76c7f86edcd2f56343e8109d8463cbc736644db4e57527101e2f1c3606c8,"{""distance"":5,""physical_error_rate"":0.0002}","{""detection_events"":2469,""detectors_checked"":3211264}"
      1024,         0,         0,   0.031,standalone_exact_mw,aea10f45e3589e84a00777b800d38e8a3149bd6cb552c409f3bffd718c1a0abf,"{""distance"":5,""physical_error_rate"":5e-05}","{""detection_events"":42,""detectors_checked"":229376}"
      2048,         0,         0,   0.030,standalone_exact_mw,aea10f45e3589e84a00777b800d38e8a3149bd6cb552c409f3bffd718c1a0abf,"{""distance"":5,""physical_error_rate"":5e-05}","{""detection_events"":109,""detectors_checked"":458752}"
      3072,         0,         0,   0.051,standalone_exact_mw,aea10f45e3589e84a00777b800d38e8a3149bd6cb552c409f3bffd718c1a0abf,"{""distance"":5,""physical_error_rate"":5e-05}","{""detection_events"":153,""detectors_checked"":688128}"
      4096,         0,         0,   0.059,standalone_exact_mw,aea10f45e3589e84a00777b800d38e8a3149bd6cb552c409f3bffd718c1a0abf,"{""distance"":5,""physical_error_rate"":5e-05}","{""detection_events"":211,""detectors_checked"":917504}"
      5120,         0,         0,   0.067,standalone_exact_mw,aea10f45e3589e84a00777b800d38e8a3149bd6cb552c409f3bffd718c1a0abf,"{""distance"":5,""physical_error_rate"":5e-05}","{""detection_events"":205,""detectors_checked"":1146880}"
         1,         0,         0,   0.018,standalone_exact_mw,77d802c74222c3324b7f1323f7447c6411ad27be92307b6127e53af575faadca,"{""distance"":5,""physical_error_rate"":0.001}","{""detection_events"":15,""detectors_checked"":224}"
      1296,         0,         0,   0.051,standalone_exact_mw,77d802c74222c3324b7f1323f7447c6411ad27be92307b6127e53af575faadca,"{""distance"":5,""physical_error_rate"":0.001}","{""detection_events"":1149,""detectors_checked"":290304}"
      6144,         0,         0,   0.092,standalone_exact_mw,aea10f45e3589e84a00777b800d38e8a3149bd6cb552c409f3bffd718c1a0abf,"{""distance"":5,""physical_error_rate"":5e-05}","{""detection_events"":237,""detectors_checked"":1376256}"
      1024,         0,         0,   0.052,standalone_exact_mw,77d802c74222c3324b7f1323f7447c6411ad27be92307b6127e53af575faadca,"{""distance"":5,""physical_error_rate"":0.001}","{""detection_events"":900,""detectors_checked"":229376}"
      1024,         0,         0,   0.053,standalone_exact_mw,77d802c74222c3324b7f1323f7447c6411ad27be92307b6127e53af575faadca,"{""distance"":5,""physical_error_rate"":0.001}","{""detection_events"":928,""detectors_checked"":229376}"
      1024,         0,         0,   0.052,standalone_exact_mw,77d802c74222c3324b7f1323f7447c6411ad27be92307b6127e53af575faadca,"{""distance"":5,""physical_error_rate"":0.001}","{""detection_events"":899,""detectors_checked"":229376}"
     10240,         0,         0,   0.155,standalone_exact_mw,aea10f45e3589e84a00777b800d38e8a3149bd6cb552c409f3bffd718c1a0abf,"{""distance"":5,""physical_error_rate"":5e-05}","{""detection_events"":500,""detectors_checked"":2293760}"
      1024,         0,         0,   0.062,standalone_exact_mw,77d802c74222c3324b7f1323f7447c6411ad27be92307b6127e53af575faadca,"{""distance"":5,""physical_error_rate"":0.001}","{""detection_events"":877,""detectors_checked"":229376}"
     19456,         0,         0,   0.570,standalone_exact_mw,29ae76c7f86edcd2f56343e8109d8463cbc736644db4e57527101e2f1c3606c8,"{""distance"":5,""physical_error_rate"":0.0002}","{""detection_events"":3666,""detectors_checked"":4358144}"
      2048,         0,         0,   0.111,standalone_exact_mw,77d802c74222c3324b7f1323f7447c6411ad27be92307b6127e53af575faadca,"{""distance"":5,""physical_error_rate"":0.001}","{""detection_events"":1895,""detectors_checked"":458752}"
     13312,         0,         0,   0.211,standalone_exact_mw,aea10f45e3589e84a00777b800d38e8a3149bd6cb552c409f3bffd718c1a0abf,"{""distance"":5,""physical_error_rate"":5e-05}","{""detection_events"":608,""detectors_checked"":2981888}"
      3072,         0,         0,   0.141,standalone_exact_mw,77d802c74222c3324b7f1323f7447c6411ad27be92307b6127e53af575faadca,"{""distance"":5,""physical_error_rate"":0.001}","{""detection_events"":2972,""detectors_checked"":688128}"
        17,         7,         0,   0.317,standalone_exact_mw,b926cc1d59f2ffa0ec7a93e8795923b3e0543631758e3ab8213cfd69853d790b,"{""distance"":5,""physical_error_rate"":0.2}","{""detection_events"":1371,""detectors_checked"":3808,""obs_mistake_mask=E"":7}"
      3072,         0,         0,   0.165,standalone_exact_mw,77d802c74222c3324b7f1323f7447c6411ad27be92307b6127e53af575faadca,"{""distance"":5,""physical_error_rate"":0.001}","{""detection_events"":2953,""detectors_checked"":688128}"
    104448,         0,         0,    2.18,standalone_exact_mw,503ee55b5ad1b1988379a241a0405811522ee4d50b473755532ad1299cb121e2,"{""distance"":5,""physical_error_rate"":0.0005}","{""detection_events"":47572,""detectors_checked"":23396352}"
     18432,         0,         0,   0.303,standalone_exact_mw,aea10f45e3589e84a00777b800d38e8a3149bd6cb552c409f3bffd718c1a0abf,"{""distance"":5,""physical_error_rate"":5e-05}","{""detection_events"":892,""detectors_checked"":4128768}"
        16,         5,         0,   0.306,standalone_exact_mw,b926cc1d59f2ffa0ec7a93e8795923b3e0543631758e3ab8213cfd69853d790b,"{""distance"":5,""physical_error_rate"":0.2}","{""detection_events"":1365,""detectors_checked"":3584,""obs_mistake_mask=E"":5}"
      5120,         0,         0,   0.245,standalone_exact_mw,77d802c74222c3324b7f1323f7447c6411ad27be92307b6127e53af575faadca,"{""distance"":5,""physical_error_rate"":0.001}","{""detection_events"":4406,""detectors_checked"":1146880}"
     32768,         0,         0,   0.799,standalone_exact_mw,29ae76c7f86edcd2f56343e8109d8463cbc736644db4e57527101e2f1c3606c8,"{""distance"":5,""physical_error_rate"":0.0002}","{""detection_events"":6017,""detectors_checked"":7340032}"
       273,         1,         0,   0.044,standalone_exact_mw,1a2d9ab41a8a393fdef1a304cd6cd3b39e7654fe1ff27694ddcd7a0d28bf707b,"{""distance"":5,""physical_error_rate"":0.005}","{""detection_events"":1213,""detectors_checked"":61152,""obs_mistake_mask=E"":1}"
        17,         0,         0,   0.021,standalone_exact_mw,3fbf3739b73dda61f0188bb1f99eaf1ad6be14fe6ea44c0ac8d6c5ad12090cf3,"{""distance"":5,""physical_error_rate"":0.02}","{""detection_events"":286,""detectors_checked"":3808}"
     17408,         0,         0,   0.406,standalone_exact_mw,aea10f45e3589e84a00777b800d38e8a3149bd6cb552c409f3bffd718c1a0abf,"{""distance"":5,""physical_error_rate"":5e-05}","{""detection_events"":779,""detectors_checked"":3899392}"
        16,         9,         0,   0.286,standalone_exact_mw,b926cc1d59f2ffa0ec7a93e8795923b3e0543631758e3ab8213cfd69853d790b,"{""distance"":5,""physical_error_rate"":0.2}","{""detection_events"":1327,""detectors_checked"":3584,""obs_mistake_mask=E"":9}"
      6144,         0,         0,   0.305,standalone_exact_mw,77d802c74222c3324b7f1323f7447c6411ad27be92307b6127e53af575faadca,"{""distance"":5,""physical_error_rate"":0.001}","{""detection_events"":5740,""detectors_checked"":1376256}"
      1024,         1,         0,   0.198,standalone_exact_mw,1a2d9ab41a8a393fdef1a304cd6cd3b39e7654fe1ff27694ddcd7a0d28bf707b,"{""distance"":5,""physical_error_rate"":0.005}","{""detection_events"":4721,""detectors_checked"":229376,""obs_mistake_mask=E"":1}"
      1024,         0,         0,   0.135,standalone_exact_mw,1a2d9ab41a8a393fdef1a304cd6cd3b39e7654fe1ff27694ddcd7a0d28bf707b,"{""distance"":5,""physical_error_rate"":0.005}","{""detection_events"":4478,""detectors_checked"":229376}"
       273,         0,         0,   0.011,standalone_exact_mw,cc9149276d16e61a5ac322a1d2048afebd34054fe0ed4879b77eb616628c1148,"{""distance"":5,""physical_error_rate"":0.0001}","{""detection_events"":42,""detectors_checked"":61152}"
      1024,         0,         0,   0.030,standalone_exact_mw,cc9149276d16e61a5ac322a1d2048afebd34054fe0ed4879b77eb616628c1148,"{""distance"":5,""physical_error_rate"":0.0001}","{""detection_events"":87,""detectors_checked"":229376}"
      1024,         0,         0,   0.057,standalone_exact_mw,cc9149276d16e61a5ac322a1d2048afebd34054fe0ed4879b77eb616628c1148,"{""distance"":5,""physical_error_rate"":0.0001}","{""detection_events"":77,""detectors_checked"":229376}"
      3072,         0,         0,   0.027,standalone_exact_mw,cc9149276d16e61a5ac322a1d2048afebd34054fe0ed4879b77eb616628c1148,"{""distance"":5,""physical_error_rate"":0.0001}","{""detection_events"":262,""detectors_checked"":688128}"
      1024,         0,         0,   0.161,standalone_exact_mw,1a2d9ab41a8a393fdef1a304cd6cd3b39e7654fe1ff27694ddcd7a0d28bf707b,"{""distance"":5,""physical_error_rate"":0.005}","{""detection_events"":4617,""detectors_checked"":229376}"
      5120,         0,         0,   0.045,standalone_exact_mw,cc9149276d16e61a5ac322a1d2048afebd34054fe0ed4879b77eb616628c1148,"{""distance"":5,""physical_error_rate"":0.0001}","{""detection_events"":480,""detectors_checked"":1146880}"
       256,         6,         0,   0.530,standalone_exact_mw,3fbf3739b73dda61f0188bb1f99eaf1ad6be14fe6ea44c0ac8d6c5ad12090cf3,"{""distance"":5,""physical_error_rate"":0.02}","{""detection_events"":4136,""detectors_checked"":57344,""obs_mistake_mask=E"":6}"
      8192,         0,         0,   0.410,standalone_exact_mw,77d802c74222c3324b7f1323f7447c6411ad27be92307b6127e53af575faadca,"{""distance"":5,""physical_error_rate"":0.001}","{""detection_events"":7336,""detectors_checked"":1835008}"
      7168,         0,         0,   0.060,standalone_exact_mw,cc9149276d16e61a5ac322a1d2048afebd34054fe0ed4879b77eb616628c1148,"{""distance"":5,""physical_error_rate"":0.0001}","{""detection_events"":678,""detectors_checked"":1605632}"
     22528,         0,         0,   0.576,standalone_exact_mw,aea10f45e3589e84a00777b800d38e8a3149bd6cb552c409f3bffd718c1a0abf,"{""distance"":5,""physical_error_rate"":5e-05}","{""detection_events"":987,""detectors_checked"":5046272}"
      6144,         0,         0,   0.079,standalone_exact_mw,cc9149276d16e61a5ac322a1d2048afebd34054fe0ed4879b77eb616628c1148,"{""distance"":5,""physical_error_rate"":0.0001}","{""detection_events"":605,""detectors_checked"":1376256}"
        32,        10,         0,   0.601,standalone_exact_mw,b926cc1d59f2ffa0ec7a93e8795923b3e0543631758e3ab8213cfd69853d790b,"{""distance"":5,""physical_error_rate"":0.2}","{""detection_events"":2634,""detectors_checked"":7168,""obs_mistake_mask=E"":10}"
      1024,         1,         0,   0.192,standalone_exact_mw,1a2d9ab41a8a393fdef1a304cd6cd3b39e7654fe1ff27694ddcd7a0d28bf707b,"{""distance"":5,""physical_error_rate"":0.005}","{""detection_events"":4464,""detectors_checked"":229376,""obs_mistake_mask=E"":1}"
      6144,         0,         0,   0.127,standalone_exact_mw,cc9149276d16e61a5ac322a1d2048afebd34054fe0ed4879b77eb616628c1148,"{""distance"":5,""physical_error_rate"":0.0001}","{""detection_events"":536,""detectors_checked"":1376256}"
      1024,         0,         0,   0.104,standalone_exact_mw,1a2d9ab41a8a393fdef1a304cd6cd3b39e7654fe1ff27694ddcd7a0d28bf707b,"{""distance"":5,""physical_error_rate"":0.005}","{""detection_events"":4708,""detectors_checked"":229376}"
         1,         0,         0,   0.012,standalone_exact_mw,116a60cbe496e8e5ed1b799237798a197a37b7e9de7e0dc58034c8e1135b3e40,"{""distance"":5,""physical_error_rate"":0.5}","{""detection_events"":103,""detectors_checked"":224}"
      8192,         0,         0,   0.153,standalone_exact_mw,cc9149276d16e61a5ac322a1d2048afebd34054fe0ed4879b77eb616628c1148,"{""distance"":5,""physical_error_rate"":0.0001}","{""detection_events"":756,""detectors_checked"":1835008}"
      2048,         2,         0,   0.149,standalone_exact_mw,1a2d9ab41a8a393fdef1a304cd6cd3b39e7654fe1ff27694ddcd7a0d28bf707b,"{""distance"":5,""physical_error_rate"":0.005}","{""detection_events"":9463,""detectors_checked"":458752,""obs_mistake_mask=E"":2}"
      1024,         1,         0,   0.142,standalone_exact_mw,1a2d9ab41a8a393fdef1a304cd6cd3b39e7654fe1ff27694ddcd7a0d28bf707b,"{""distance"":5,""physical_error_rate"":0.005}","{""detection_events"":4479,""detectors_checked"":229376,""obs_mistake_mask=E"":1}"
     11264,         0,         0,   0.559,standalone_exact_mw,77d802c74222c3324b7f1323f7447c6411ad27be92307b6127e53af575faadca,"{""distance"":5,""physical_error_rate"":0.001}","{""detection_events"":10697,""detectors_checked"":2523136}"
     90112,         0,         0,    1.11,standalone_exact_mw,29ae76c7f86edcd2f56343e8109d8463cbc736644db4e57527101e2f1c3606c8,"{""distance"":5,""physical_error_rate"":0.0002}","{""detection_events"":16787,""detectors_checked"":20185088}"
     13312,         0,         0,   0.227,standalone_exact_mw,cc9149276d16e61a5ac322a1d2048afebd34054fe0ed4879b77eb616628c1148,"{""distance"":5,""physical_error_rate"":0.0001}","{""detection_events"":1242,""detectors_checked"":2981888}"
         1,         0,         0,   0.026,standalone_exact_mw,b926cc1d59f2ffa0ec7a93e8795923b3e0543631758e3ab8213cfd69853d790b,"{""distance"":5,""physical_error_rate"":0.2}","{""detection_events"":79,""detectors_checked"":224}"
        16,         7,         0,   0.325,standalone_exact_mw,116a60cbe496e8e5ed1b799237798a197a37b7e9de7e0dc58034c8e1135b3e40,"{""distance"":5,""physical_error_rate"":0.5}","{""detection_events"":1624,""detectors_checked"":3584,""obs_mistake_mask=E"":7}"
         1,         0,         0,   0.012,standalone_exact_mw,a2951cb9d6c05a6bf216e8b727426e1a3155bcc703ace3ee8fdcacfd84d170a7,"{""distance"":5,""physical_error_rate"":0.1}","{""detection_events"":69,""detectors_checked"":224}"
        32,        16,         0,   0.588,standalone_exact_mw,b926cc1d59f2ffa0ec7a93e8795923b3e0543631758e3ab8213cfd69853d790b,"{""distance"":5,""physical_error_rate"":0.2}","{""detection_events"":2562,""detectors_checked"":7168,""obs_mistake_mask=E"":16}"
      1024,         0,         0,   0.157,standalone_exact_mw,1a2d9ab41a8a393fdef1a304cd6cd3b39e7654fe1ff27694ddcd7a0d28bf707b,"{""distance"":5,""physical_error_rate"":0.005}","{""detection_events"":4501,""detectors_checked"":229376}"
       273,         0,         0,   0.016,standalone_exact_mw,7bb6e20e48600212890a8c0dbf00c9e78f41358e09b12be0f89e4aae4bc5d684,"{""distance"":5,""physical_error_rate"":0.002}","{""detection_events"":535,""detectors_checked"":61152}"
        17,         0,         0,   0.037,standalone_exact_mw,1a2d9ab41a8a393fdef1a304cd6cd3b39e7654fe1ff27694ddcd7a0d28bf707b,"{""distance"":5,""physical_error_rate"":0.005}","{""detection_events"":89,""detectors_checked"":3808}"
         1,         0,         0,   0.012,standalone_exact_mw,3fbf3739b73dda61f0188bb1f99eaf1ad6be14fe6ea44c0ac8d6c5ad12090cf3,"{""distance"":5,""physical_error_rate"":0.02}","{""detection_events"":11,""detectors_checked"":224}"
        16,         0,         0,   0.022,standalone_exact_mw,3fbf3739b73dda61f0188bb1f99eaf1ad6be14fe6ea44c0ac8d6c5ad12090cf3,"{""distance"":5,""physical_error_rate"":0.02}","{""detection_events"":242,""detectors_checked"":3584}"
       256,         0,         0,   0.048,standalone_exact_mw,1a2d9ab41a8a393fdef1a304cd6cd3b39e7654fe1ff27694ddcd7a0d28bf707b,"{""distance"":5,""physical_error_rate"":0.005}","{""detection_events"":1131,""detectors_checked"":57344}"
     37888,         0,         0,   0.795,standalone_exact_mw,aea10f45e3589e84a00777b800d38e8a3149bd6cb552c409f3bffd718c1a0abf,"{""distance"":5,""physical_error_rate"":5e-05}","{""detection_events"":1779,""detectors_checked"":8486912}"
      1024,         0,         0,   0.080,standalone_exact_mw,7bb6e20e48600212890a8c0dbf00c9e78f41358e09b12be0f89e4aae4bc5d684,"{""distance"":5,""physical_error_rate"":0.002}","{""detection_events"":1785,""detectors_checked"":229376}"
         1,         1,         0,   0.025,standalone_exact_mw,c8b738028fda2b050c9255682a07cc95906733115fc52715e25155705a588b66,"{""distance"":5,""physical_error_rate"":0.05}","{""detection_events"":38,""detectors_checked"":224,""obs_mistake_mask=E"":1}"
     17408,         0,         0,   0.302,standalone_exact_mw,cc9149276d16e61a5ac322a1d2048afebd34054fe0ed4879b77eb616628c1148,"{""distance"":5,""physical_error_rate"":0.0001}","{""detection_events"":1548,""detectors_checked"":3899392}"
        16,         8,         0,   0.264,standalone_exact_mw,b926cc1d59f2ffa0ec7a93e8795923b3e0543631758e3ab8213cfd69853d790b,"{""distance"":5,""physical_error_rate"":0.2}","{""detection_events"":1281,""detectors_checked"":3584,""obs_mistake_mask=E"":8}"
        16,         9,         0,   0.279,standalone_exact_mw,a2951cb9d6c05a6bf216e8b727426e1a3155bcc703ace3ee8fdcacfd84d170a7,"{""distance"":5,""physical_error_rate"":0.1}","{""detection_events"":874,""detectors_checked"":3584,""obs_mistake_mask=E"":9}"
      1024,         0,         0,   0.069,standalone_exact_mw,7bb6e20e48600212890a8c0dbf00c9e78f41358e09b12be0f89e4aae4bc5d684,"{""distance"":5,""physical_error_rate"":0.002}","{""detection_events"":1790,""detectors_checked"":229376}"
      2048,         1,         0,   0.272,standalone_exact_mw,1a2d9ab41a8a393fdef1a304cd6cd3b39e7654fe1ff27694ddcd7a0d28bf707b,"{""distance"":5,""physical_error_rate"":0.005}","{""detection_events"":8849,""detectors_checked"":458752,""obs_mistake_mask=E"":1}"
        16,         3,         0,   0.334,standalone_exact_mw,116a60cbe496e8e5ed1b799237798a197a37b7e9de7e0dc58034c8e1135b3e40,"{""distance"":5,""physical_error_rate"":0.5}","{""detection_events"":1615,""detectors_checked"":3584,""obs_mistake_mask=E"":3}"
      1024,         0,         0,   0.107,standalone_exact_mw,7bb6e20e48600212890a8c0dbf00c9e78f41358e09b12be0f89e4aae4bc5d684,"{""distance"":5,""physical_error_rate"":0.002}","{""detection_events"":1955,""detectors_checked"":229376}"
         1,         1,         0,   0.009,standalone_exact_mw,116a60cbe496e8e5ed1b799237798a197a37b7e9de7e0dc58034c8e1135b3e40,"{""distance"":5,""physical_error_rate"":0.5}","{""detection_events"":108,""detectors_checked"":224,""obs_mistake_mask=E"":1}"
        16,         5,         0,   0.176,standalone_exact_mw,c8b738028fda2b050c9255682a07cc95906733115fc52715e25155705a588b66,"{""distance"":5,""physical_error_rate"":0.05}","{""detection_events"":617,""detectors_checked"":3584,""obs_mistake_mask=E"":5}"
      1024,         0,         0,   0.081,standalone_exact_mw,7bb6e20e48600212890a8c0dbf00c9e78f41358e09b12be0f89e4aae4bc5d684,"{""distance"":5,""physical_error_rate"":0.002}","{""detection_events"":1913,""detectors_checked"":229376}"
      1024,         0,         0,   0.335,standalone_exact_mw,1a2d9ab41a8a393fdef1a304cd6cd3b39e7654fe1ff27694ddcd7a0d28bf707b,"{""distance"":5,""physical_error_rate"":0.005}","{""detection_events"":4534,""detectors_checked"":229376}"
      2048,         0,         0,   0.072,standalone_exact_mw,7bb6e20e48600212890a8c0dbf00c9e78f41358e09b12be0f89e4aae4bc5d684,"{""distance"":5,""physical_error_rate"":0.002}","{""detection_events"":3943,""detectors_checked"":458752}"
        32,        16,         0,   0.592,standalone_exact_mw,b926cc1d59f2ffa0ec7a93e8795923b3e0543631758e3ab8213cfd69853d790b,"{""distance"":5,""physical_error_rate"":0.2}","{""detection_events"":2600,""detectors_checked"":7168,""obs_mistake_mask=E"":16}"
      3072,         0,         0,   0.076,standalone_exact_mw,7bb6e20e48600212890a8c0dbf00c9e78f41358e09b12be0f89e4aae4bc5d684,"{""distance"":5,""physical_error_rate"":0.002}","{""detection_events"":5610,""detectors_checked"":688128}"
     39936,         0,         0,   0.405,standalone_exact_mw,cc9149276d16e61a5ac322a1d2048afebd34054fe0ed4879b77eb616628c1148,"{""distance"":5,""physical_error_rate"":0.0001}","{""detection_events"":3777,""detectors_checked"":8945664}"
      3072,         2,         0,   0.345,standalone_exact_mw,1a2d9ab41a8a393fdef1a304cd6cd3b39e7654fe1ff27694ddcd7a0d28bf707b,"{""distance"":5,""physical_error_rate"":0.005}","{""detection_events"":13882,""detectors_checked"":688128,""obs_mistake_mask=E"":2}"
        16,        10,         0,   0.329,standalone_exact_mw,116a60cbe496e8e5ed1b799237798a197a37b7e9de7e0dc58034c8e1135b3e40,"{""distance"":5,""physical_error_rate"":0.5}","{""detection_events"":1557,""detectors_checked"":3584,""obs_mistake_mask=E"":10}"
     15360,         0,         0,   0.815,standalone_exact_mw,77d802c74222c3324b7f1323f7447c6411ad27be92307b6127e53af575faadca,"{""distance"":5,""physical_error_rate"":0.001}","{""detection_events"":14358,""detectors_checked"":3440640}"
         1,         1,         0,   0.026,standalone_exact_mw,b926cc1d59f2ffa0ec7a93e8795923b3e0543631758e3ab8213cfd69853d790b,"{""distance"":5,""physical_error_rate"":0.2}","{""detection_events"":83,""detectors_checked"":224,""obs_mistake_mask=E"":1}"
        16,        10,         0,   0.326,standalone_exact_mw,116a60cbe496e8e5ed1b799237798a197a37b7e9de7e0dc58034c8e1135b3e40,"{""distance"":5,""physical_error_rate"":0.5}","{""detection_events"":1628,""detectors_checked"":3584,""obs_mistake_mask=E"":10}"
      4096,         0,         0,   0.106,standalone_exact_mw,7bb6e20e48600212890a8c0dbf00c9e78f41358e09b12be0f89e4aae4bc5d684,"{""distance"":5,""physical_error_rate"":0.002}","{""detection_events"":7683,""detectors_checked"":917504}"
        32,         5,         0,   0.351,standalone_exact_mw,c8b738028fda2b050c9255682a07cc95906733115fc52715e25155705a588b66,"{""distance"":5,""physical_error_rate"":0.05}","{""detection_events"":1111,""detectors_checked"":7168,""obs_mistake_mask=E"":5}"
        32,        15,         0,   0.509,standalone_exact_mw,a2951cb9d6c05a6bf216e8b727426e1a3155bcc703ace3ee8fdcacfd84d170a7,"{""distance"":5,""physical_error_rate"":0.1}","{""detection_events"":1844,""detectors_checked"":7168,""obs_mistake_mask=E"":15}"
         1,         0,         0,   0.011,standalone_exact_mw,3fbf3739b73dda61f0188bb1f99eaf1ad6be14fe6ea44c0ac8d6c5ad12090cf3,"{""distance"":5,""physical_error_rate"":0.02}","{""detection_events"":12,""detectors_checked"":224}"
      1024,         0,         0,   0.289,standalone_exact_mw,1a2d9ab41a8a393fdef1a304cd6cd3b39e7654fe1ff27694ddcd7a0d28bf707b,"{""distance"":5,""physical_error_rate"":0.005}","{""detection_events"":4582,""detectors_checked"":229376}"
        32,        17,         0,   0.587,standalone_exact_mw,b926cc1d59f2ffa0ec7a93e8795923b3e0543631758e3ab8213cfd69853d790b,"{""distance"":5,""physical_error_rate"":0.2}","{""detection_events"":2616,""detectors_checked"":7168,""obs_mistake_mask=E"":17}"
        16,         0,         0,   0.068,standalone_exact_mw,3fbf3739b73dda61f0188bb1f99eaf1ad6be14fe6ea44c0ac8d6c5ad12090cf3,"{""distance"":5,""physical_error_rate"":0.02}","{""detection_events"":246,""detectors_checked"":3584}"
      5120,         1,         0,   0.159,standalone_exact_mw,7bb6e20e48600212890a8c0dbf00c9e78f41358e09b12be0f89e4aae4bc5d684,"{""distance"":5,""physical_error_rate"":0.002}","{""detection_events"":9448,""detectors_checked"":1146880,""obs_mistake_mask=E"":1}"
        16,         6,         0,   0.327,standalone_exact_mw,116a60cbe496e8e5ed1b799237798a197a37b7e9de7e0dc58034c8e1135b3e40,"{""distance"":5,""physical_error_rate"":0.5}","{""detection_events"":1627,""detectors_checked"":3584,""obs_mistake_mask=E"":6}"
       256,         5,         0,   0.833,standalone_exact_mw,3fbf3739b73dda61f0188bb1f99eaf1ad6be14fe6ea44c0ac8d6c5ad12090cf3,"{""distance"":5,""physical_error_rate"":0.02}","{""detection_events"":4208,""detectors_checked"":57344,""obs_mistake_mask=E"":5}"
        16,         5,         0,   0.307,standalone_exact_mw,b926cc1d59f2ffa0ec7a93e8795923b3e0543631758e3ab8213cfd69853d790b,"{""distance"":5,""physical_error_rate"":0.2}","{""detection_events"":1272,""detectors_checked"":3584,""obs_mistake_mask=E"":5}"
        16,         8,         0,   0.334,standalone_exact_mw,116a60cbe496e8e5ed1b799237798a197a37b7e9de7e0dc58034c8e1135b3e40,"{""distance"":5,""physical_error_rate"":0.5}","{""detection_events"":1612,""detectors_checked"":3584,""obs_mistake_mask=E"":8}"
      1024,         0,         0,   0.303,standalone_exact_mw,1a2d9ab41a8a393fdef1a304cd6cd3b39e7654fe1ff27694ddcd7a0d28bf707b,"{""distance"":5,""physical_error_rate"":0.005}","{""detection_events"":4683,""detectors_checked"":229376}"
         1,         0,         0,   0.012,standalone_exact_mw,a2951cb9d6c05a6bf216e8b727426e1a3155bcc703ace3ee8fdcacfd84d170a7,"{""distance"":5,""physical_error_rate"":0.1}","{""detection_events"":56,""detectors_checked"":224}"
      3072,         0,         0,   0.260,standalone_exact_mw,7bb6e20e48600212890a8c0dbf00c9e78f41358e09b12be0f89e4aae4bc5d684,"{""distance"":5,""physical_error_rate"":0.002}","{""detection_events"":5710,""detectors_checked"":688128}"
       256,        10,         0,    1.85,standalone_exact_mw,3fbf3739b73dda61f0188bb1f99eaf1ad6be14fe6ea44c0ac8d6c5ad12090cf3,"{""distance"":5,""physical_error_rate"":0.02}","{""detection_events"":4155,""detectors_checked"":57344,""obs_mistake_mask=E"":10}"
        32,         5,         0,   0.415,standalone_exact_mw,c8b738028fda2b050c9255682a07cc95906733115fc52715e25155705a588b66,"{""distance"":5,""physical_error_rate"":0.05}","{""detection_events"":1191,""detectors_checked"":7168,""obs_mistake_mask=E"":5}"
     47104,         0,         0,   0.568,standalone_exact_mw,cc9149276d16e61a5ac322a1d2048afebd34054fe0ed4879b77eb616628c1148,"{""distance"":5,""physical_error_rate"":0.0001}","{""detection_events"":4327,""detectors_checked"":10551296}"
        32,        16,         0,   0.575,standalone_exact_mw,b926cc1d59f2ffa0ec7a93e8795923b3e0543631758e3ab8213cfd69853d790b,"{""distance"":5,""physical_error_rate"":0.2}","{""detection_events"":2642,""detectors_checked"":7168,""obs_mistake_mask=E"":16}"
      4096,         2,         0,   0.585,standalone_exact_mw,1a2d9ab41a8a393fdef1a304cd6cd3b39e7654fe1ff27694ddcd7a0d28bf707b,"{""distance"":5,""physical_error_rate"":0.005}","{""detection_events"":19017,""detectors_checked"":917504,""obs_mistake_mask=E"":2}"
       128,         1,         0,   0.370,standalone_exact_mw,3fbf3739b73dda61f0188bb1f99eaf1ad6be14fe6ea44c0ac8d6c5ad12090cf3,"{""distance"":5,""physical_error_rate"":0.02}","{""detection_events"":2168,""detectors_checked"":28672,""obs_mistake_mask=E"":1}"
         1,         0,         0,   0.011,standalone_exact_mw,cc9149276d16e61a5ac322a1d2048afebd34054fe0ed4879b77eb616628c1148,"{""distance"":5,""physical_error_rate"":0.0001}","{""detectors_checked"":224}"
      1297,         0,         0,   0.039,standalone_exact_mw,cc9149276d16e61a5ac322a1d2048afebd34054fe0ed4879b77eb616628c1148,"{""distance"":5,""physical_error_rate"":0.0001}","{""detection_events"":155,""detectors_checked"":290528}"
       273,         0,         0,   0.249,standalone_exact_mw,d243a1b0b1308c5af35ad4523cb40bd83c282feda5b2af0b0940517b428d54bb,"{""distance"":5,""physical_error_rate"":0.01}","{""detection_events"":2329,""detectors_checked"":61152}"
         1,         0,         0,   0.008,standalone_exact_mw,1a2d9ab41a8a393fdef1a304cd6cd3b39e7654fe1ff27694ddcd7a0d28bf707b,"{""distance"":5,""physical_error_rate"":0.005}","{""detection_events"":2,""detectors_checked"":224}"
      2320,         0,         0,   0.029,standalone_exact_mw,cc9149276d16e61a5ac322a1d2048afebd34054fe0ed4879b77eb616628c1148,"{""distance"":5,""physical_error_rate"":0.0001}","{""detection_events"":185,""detectors_checked"":519680}"
        16,        11,         0,   0.313,standalone_exact_mw,116a60cbe496e8e5ed1b799237798a197a37b7e9de7e0dc58034c8e1135b3e40,"{""distance"":5,""physical_error_rate"":0.5}","{""detection_events"":1589,""detectors_checked"":3584,""obs_mistake_mask=E"":11}"
        16,        13,         0,   0.285,standalone_exact_mw,b926cc1d59f2ffa0ec7a93e8795923b3e0543631758e3ab8213cfd69853d790b,"{""distance"":5,""physical_error_rate"":0.2}","{""detection_events"":1349,""detectors_checked"":3584,""obs_mistake_mask=E"":13}"
      1024,         0,         0,   0.051,standalone_exact_mw,cc9149276d16e61a5ac322a1d2048afebd34054fe0ed4879b77eb616628c1148,"{""distance"":5,""physical_error_rate"":0.0001}","{""detection_events"":85,""detectors_checked"":229376}"
      1024,         0,         0,   0.009,standalone_exact_mw,cc9149276d16e61a5ac322a1d2048afebd34054fe0ed4879b77eb616628c1148,"{""distance"":5,""physical_error_rate"":0.0001}","{""detection_events"":84,""detectors_checked"":229376}"
     37888,         0,         0,    1.11,standalone_exact_mw,aea10f45e3589e84a00777b800d38e8a3149bd6cb552c409f3bffd718c1a0abf,"{""distance"":5,""physical_error_rate"":5e-05}","{""detection_events"":1836,""detectors_checked"":8486912}"
      1024,         0,         0,   0.028,standalone_exact_mw,cc9149276d16e61a5ac322a1d2048afebd34054fe0ed4879b77eb616628c1148,"{""distance"":5,""physical_error_rate"":0.0001}","{""detection_events"":99,""detectors_checked"":229376}"
      1024,         0,         0,   0.029,standalone_exact_mw,cc9149276d16e61a5ac322a1d2048afebd34054fe0ed4879b77eb616628c1148,"{""distance"":5,""physical_error_rate"":0.0001}","{""detection_events"":83,""detectors_checked"":229376}"
        32,        13,         0,   0.535,standalone_exact_mw,a2951cb9d6c05a6bf216e8b727426e1a3155bcc703ace3ee8fdcacfd84d170a7,"{""distance"":5,""physical_error_rate"":0.1}","{""detection_events"":1857,""detectors_checked"":7168,""obs_mistake_mask=E"":13}"
         1,         0,         0,   0.021,standalone_exact_mw,29ae76c7f86edcd2f56343e8109d8463cbc736644db4e57527101e2f1c3606c8,"{""distance"":5,""physical_error_rate"":0.0002}","{""detectors_checked"":224}"
       272,         0,         0,   0.074,standalone_exact_mw,1a2d9ab41a8a393fdef1a304cd6cd3b39e7654fe1ff27694ddcd7a0d28bf707b,"{""distance"":5,""physical_error_rate"":0.005}","{""detection_events"":1372,""detectors_checked"":60928}"
      1024,         0,         0,   0.030,standalone_exact_mw,cc9149276d16e61a5ac322a1d2048afebd34054fe0ed4879b77eb616628c1148,"{""distance"":5,""physical_error_rate"":0.0001}","{""detection_events"":72,""detectors_checked"":229376}"
      1296,         0,         0,   0.034,standalone_exact_mw,29ae76c7f86edcd2f56343e8109d8463cbc736644db4e57527101e2f1c3606c8,"{""distance"":5,""physical_error_rate"":0.0002}","{""detection_events"":210,""detectors_checked"":290304}"
      2048,         0,         0,   0.054,standalone_exact_mw,cc9149276d16e61a5ac322a1d2048afebd34054fe0ed4879b77eb616628c1148,"{""distance"":5,""physical_error_rate"":0.0001}","{""detection_events"":208,""detectors_checked"":458752}"
        16,        10,         0,   0.336,standalone_exact_mw,116a60cbe496e8e5ed1b799237798a197a37b7e9de7e0dc58034c8e1135b3e40,"{""distance"":5,""physical_error_rate"":0.5}","{""detection_events"":1652,""detectors_checked"":3584,""obs_mistake_mask=E"":10}"
    108544,         0,         0,    3.04,standalone_exact_mw,503ee55b5ad1b1988379a241a0405811522ee4d50b473755532ad1299cb121e2,"{""distance"":5,""physical_error_rate"":0.0005}","{""detection_events"":51115,""detectors_checked"":24313856}"
      1024,         0,         0,   0.044,standalone_exact_mw,cc9149276d16e61a5ac322a1d2048afebd34054fe0ed4879b77eb616628c1148,"{""distance"":5,""physical_error_rate"":0.0001}","{""detection_events"":96,""detectors_checked"":229376}"
        16,         7,         0,   0.271,standalone_exact_mw,a2951cb9d6c05a6bf216e8b727426e1a3155bcc703ace3ee8fdcacfd84d170a7,"{""distance"":5,""physical_error_rate"":0.1}","{""detection_events"":974,""detectors_checked"":3584,""obs_mistake_mask=E"":7}"
        32,        16,         0,   0.590,standalone_exact_mw,b926cc1d59f2ffa0ec7a93e8795923b3e0543631758e3ab8213cfd69853d790b,"{""distance"":5,""physical_error_rate"":0.2}","{""detection_events"":2532,""detectors_checked"":7168,""obs_mistake_mask=E"":16}"
    123904,         0,         0,    1.54,standalone_exact_mw,29ae76c7f86edcd2f56343e8109d8463cbc736644db4e57527101e2f1c3606c8,"{""distance"":5,""physical_error_rate"":0.0002}","{""detection_events"":23291,""detectors_checked"":27754496}"
      1024,         0,         0,   0.056,standalone_exact_mw,29ae76c7f86edcd2f56343e8109d8463cbc736644db4e57527101e2f1c3606c8,"{""distance"":5,""physical_error_rate"":0.0002}","{""detection_events"":204,""detectors_checked"":229376}"
      3072,         0,         0,   0.078,standalone_exact_mw,cc9149276d16e61a5ac322a1d2048afebd34054fe0ed4879b77eb616628c1148,"{""distance"":5,""physical_error_rate"":0.0001}","{""detection_events"":270,""detectors_checked"":688128}"
       273,         0,         0,   0.084,standalone_exact_mw,1a2d9ab41a8a393fdef1a304cd6cd3b39e7654fe1ff27694ddcd7a0d28bf707b,"{""distance"":5,""physical_error_rate"":0.005}","{""detection_events"":1200,""detectors_checked"":61152}"
      1024,         0,         0,   0.361,standalone_exact_mw,1a2d9ab41a8a393fdef1a304cd6cd3b39e7654fe1ff27694ddcd7a0d28bf707b,"{""distance"":5,""physical_error_rate"":0.005}","{""detection_events"":4665,""detectors_checked"":229376}"
      2048,         0,         0,   0.081,standalone_exact_mw,cc9149276d16e61a5ac322a1d2048afebd34054fe0ed4879b77eb616628c1148,"{""distance"":5,""physical_error_rate"":0.0001}","{""detection_events"":236,""detectors_checked"":458752}"
      1024,         0,         0,   0.032,standalone_exact_mw,29ae76c7f86edcd2f56343e8109d8463cbc736644db4e57527101e2f1c3606c8,"{""distance"":5,""physical_error_rate"":0.0002}","{""detection_events"":223,""detectors_checked"":229376}"
      5120,         0,         0,   0.336,standalone_exact_mw,7bb6e20e48600212890a8c0dbf00c9e78f41358e09b12be0f89e4aae4bc5d684,"{""distance"":5,""physical_error_rate"":0.002}","{""detection_events"":9478,""detectors_checked"":1146880}"
        32,         6,         0,   0.349,standalone_exact_mw,c8b738028fda2b050c9255682a07cc95906733115fc52715e25155705a588b66,"{""distance"":5,""physical_error_rate"":0.05}","{""detection_events"":1114,""detectors_checked"":7168,""obs_mistake_mask=E"":6}"
      2048,         0,         0,   0.062,standalone_exact_mw,29ae76c7f86edcd2f56343e8109d8463cbc736644db4e57527101e2f1c3606c8,"{""distance"":5,""physical_error_rate"":0.0002}","{""detection_events"":411,""detectors_checked"":458752}"
       273,         0,         0,   0.012,standalone_exact_mw,503ee55b5ad1b1988379a241a0405811522ee4d50b473755532ad1299cb121e2,"{""distance"":5,""physical_error_rate"":0.0005}","{""detection_events"":141,""detectors_checked"":61152}"
      5120,         0,         0,   0.096,standalone_exact_mw,cc9149276d16e61a5ac322a1d2048afebd34054fe0ed4879b77eb616628c1148,"{""distance"":5,""physical_error_rate"":0.0001}","{""detection_events"":472,""detectors_checked"":1146880}"
       273,         0,         0,   0.011,standalone_exact_mw,cc9149276d16e61a5ac322a1d2048afebd34054fe0ed4879b77eb616628c1148,"{""distance"":5,""physical_error_rate"":0.0001}","{""detection_events"":22,""detectors_checked"":61152}"
      3072,         0,         0,   0.090,standalone_exact_mw,cc9149276d16e61a5ac322a1d2048afebd34054fe0ed4879b77eb616628c1148,"{""distance"":5,""physical_error_rate"":0.0001}","{""detection_events"":259,""detectors_checked"":688128}"
         1,         0,         0,   0.017,standalone_exact_mw,d243a1b0b1308c5af35ad4523cb40bd83c282feda5b2af0b0940517b428d54bb,"{""distance"":5,""physical_error_rate"":0.01}","{""detection_events"":7,""detectors_checked"":224}"
      1024,         0,         0,   0.055,standalone_exact_mw,503ee55b5ad1b1988379a241a0405811522ee4d50b473755532ad1299cb121e2,"{""distance"":5,""physical_error_rate"":0.0005}","{""detection_events"":482,""detectors_checked"":229376}"
        16,         0,         0,   0.019,standalone_exact_mw,d243a1b0b1308c5af35ad4523cb40bd83c282feda5b2af0b0940517b428d54bb,"{""distance"":5,""physical_error_rate"":0.01}","{""detection_events"":130,""detectors_checked"":3584}"
      2048,         0,         0,   0.036,standalone_exact_mw,cc9149276d16e61a5ac322a1d2048afebd34054fe0ed4879b77eb616628c1148,"{""distance"":5,""physical_error_rate"":0.0001}","{""detection_events"":213,""detectors_checked"":458752}"
        16,         8,         0,   0.333,standalone_exact_mw,116a60cbe496e8e5ed1b799237798a197a37b7e9de7e0dc58034c8e1135b3e40,"{""distance"":5,""physical_error_rate"":0.5}","{""detection_events"":1670,""detectors_checked"":3584,""obs_mistake_mask=E"":8}"
      2048,         0,         0,   0.083,standalone_exact_mw,29ae76c7f86edcd2f56343e8109d8463cbc736644db4e57527101e2f1c3606c8,"{""distance"":5,""physical_error_rate"":0.0002}","{""detection_events"":361,""detectors_checked"":458752}"
      2048,         0,         0,   0.027,standalone_exact_mw,cc9149276d16e61a5ac322a1d2048afebd34054fe0ed4879b77eb616628c1148,"{""distance"":5,""physical_error_rate"":0.0001}","{""detection_events"":173,""detectors_checked"":458752}"
      1024,         0,         0,   0.055,standalone_exact_mw,503ee55b5ad1b1988379a241a0405811522ee4d50b473755532ad1299cb121e2,"{""distance"":5,""physical_error_rate"":0.0005}","{""detection_events"":504,""detectors_checked"":229376}"
      2048,         0,         0,   0.019,standalone_exact_mw,cc9149276d16e61a5ac322a1d2048afebd34054fe0ed4879b77eb616628c1148,"{""distance"":5,""physical_error_rate"":0.0001}","{""detection_events"":229,""detectors_checked"":458752}"
       256,         0,         0,   0.068,standalone_exact_mw,d243a1b0b1308c5af35ad4523cb40bd83c282feda5b2af0b0940517b428d54bb,"{""distance"":5,""physical_error_rate"":0.01}","{""detection_events"":2056,""detectors_checked"":57344}"
      7168,         0,         0,   0.127,standalone_exact_mw,cc9149276d16e61a5ac322a1d2048afebd34054fe0ed4879b77eb616628c1148,"{""distance"":5,""physical_error_rate"":0.0001}","{""detection_events"":709,""detectors_checked"":1605632}"
         1,         1,         0,   0.020,standalone_exact_mw,116a60cbe496e8e5ed1b799237798a197a37b7e9de7e0dc58034c8e1135b3e40,"{""distance"":5,""physical_error_rate"":0.5}","{""detection_events"":92,""detectors_checked"":224,""obs_mistake_mask=E"":1}"
      2048,         0,         0,   0.041,standalone_exact_mw,cc9149276d16e61a5ac322a1d2048afebd34054fe0ed4879b77eb616628c1148,"{""distance"":5,""physical_error_rate"":0.0001}","{""detection_events"":170,""detectors_checked"":458752}"
      2048,         0,         0,   0.084,standalone_exact_mw,29ae76c7f86edcd2f56343e8109d8463cbc736644db4e57527101e2f1c3606c8,"{""distance"":5,""physical_error_rate"":0.0002}","{""detection_events"":484,""detectors_checked"":458752}"
      1024,         0,         0,   0.055,standalone_exact_mw,503ee55b5ad1b1988379a241a0405811522ee4d50b473755532ad1299cb121e2,"{""distance"":5,""physical_error_rate"":0.0005}","{""detection_events"":463,""detectors_checked"":229376}"
        16,         9,         0,   0.334,standalone_exact_mw,116a60cbe496e8e5ed1b799237798a197a37b7e9de7e0dc58034c8e1135b3e40,"{""distance"":5,""physical_error_rate"":0.5}","{""detection_events"":1610,""detectors_checked"":3584,""obs_mistake_mask=E"":9}"
       128,         5,         0,   0.485,standalone_exact_mw,3fbf3739b73dda61f0188bb1f99eaf1ad6be14fe6ea44c0ac8d6c5ad12090cf3,"{""distance"":5,""physical_error_rate"":0.02}","{""detection_events"":2224,""detectors_checked"":28672,""obs_mistake_mask=E"":5}"
      4096,         0,         0,   0.135,standalone_exact_mw,cc9149276d16e61a5ac322a1d2048afebd34054fe0ed4879b77eb616628c1148,"{""distance"":5,""physical_error_rate"":0.0001}","{""detection_events"":333,""detectors_checked"":917504}"
       512,         0,         0,   0.480,standalone_exact_mw,d243a1b0b1308c5af35ad4523cb40bd83c282feda5b2af0b0940517b428d54bb,"{""distance"":5,""physical_error_rate"":0.01}","{""detection_events"":4392,""detectors_checked"":114688}"
      1297,         0,         0,   0.060,standalone_exact_mw,7bb6e20e48600212890a8c0dbf00c9e78f41358e09b12be0f89e4aae4bc5d684,"{""distance"":5,""physical_error_rate"":0.002}","{""detection_events"":2575,""detectors_checked"":290528}"
       273,         0,         0,   0.183,standalone_exact_mw,d243a1b0b1308c5af35ad4523cb40bd83c282feda5b2af0b0940517b428d54bb,"{""distance"":5,""physical_error_rate"":0.01}","{""detection_events"":2260,""detectors_checked"":61152}"
      1024,         0,         0,   0.397,standalone_exact_mw,1a2d9ab41a8a393fdef1a304cd6cd3b39e7654fe1ff27694ddcd7a0d28bf707b,"{""distance"":5,""physical_error_rate"":0.005}","{""detection_events"":4509,""detectors_checked"":229376}"
         1,         0,         0,   0.011,standalone_exact_mw,d243a1b0b1308c5af35ad4523cb40bd83c282feda5b2af0b0940517b428d54bb,"{""distance"":5,""physical_error_rate"":0.01}","{""detection_events"":4,""detectors_checked"":224}"
      1024,         0,         0,   0.027,standalone_exact_mw,503ee55b5ad1b1988379a241a0405811522ee4d50b473755532ad1299cb121e2,"{""distance"":5,""physical_error_rate"":0.0005}","{""detection_events"":564,""detectors_checked"":229376}"
         1,         0,         0,   0.011,standalone_exact_mw,503ee55b5ad1b1988379a241a0405811522ee4d50b473755532ad1299cb121e2,"{""distance"":5,""physical_error_rate"":0.0005}","{""detection_events"":2,""detectors_checked"":224}"
      2048,         0,         0,   0.035,standalone_exact_mw,cc9149276d16e61a5ac322a1d2048afebd34054fe0ed4879b77eb616628c1148,"{""distance"":5,""physical_error_rate"":0.0001}","{""detection_events"":183,""detectors_checked"":458752}"
        16,         1,         0,   0.019,standalone_exact_mw,d243a1b0b1308c5af35ad4523cb40bd83c282feda5b2af0b0940517b428d54bb,"{""distance"":5,""physical_error_rate"":0.01}","{""detection_events"":170,""detectors_checked"":3584,""obs_mistake_mask=E"":1}"
         1,         0,         0,   0.015,standalone_exact_mw,a2951cb9d6c05a6bf216e8b727426e1a3155bcc703ace3ee8fdcacfd84d170a7,"{""distance"":5,""physical_error_rate"":0.1}","{""detection_events"":61,""detectors_checked"":224}"
      1024,         0,         0,   0.052,standalone_exact_mw,7bb6e20e48600212890a8c0dbf00c9e78f41358e09b12be0f89e4aae4bc5d684,"{""distance"":5,""physical_error_rate"":0.002}","{""detection_events"":1866,""detectors_checked"":229376}"
      1296,         0,         0,   0.033,standalone_exact_mw,503ee55b5ad1b1988379a241a0405811522ee4d50b473755532ad1299cb121e2,"{""distance"":5,""physical_error_rate"":0.0005}","{""detection_events"":553,""detectors_checked"":290304}"
         1,         0,         0,   0.028,standalone_exact_mw,503ee55b5ad1b1988379a241a0405811522ee4d50b473755532ad1299cb121e2,"{""distance"":5,""physical_error_rate"":0.0005}","{""detection_events"":2,""detectors_checked"":224}"
        32,        20,         0,   0.606,standalone_exact_mw,b926cc1d59f2ffa0ec7a93e8795923b3e0543631758e3ab8213cfd69853d790b,"{""distance"":5,""physical_error_rate"":0.2}","{""detection_events"":2612,""detectors_checked"":7168,""obs_mistake_mask=E"":20}"
      1024,         0,         0,   0.047,standalone_exact_mw,503ee55b5ad1b1988379a241a0405811522ee4d50b473755532ad1299cb121e2,"{""distance"":5,""physical_error_rate"":0.0005}","{""detection_events"":445,""detectors_checked"":229376}"
      1024,         0,         0,   0.335,standalone_exact_mw,1a2d9ab41a8a393fdef1a304cd6cd3b39e7654fe1ff27694ddcd7a0d28bf707b,"{""distance"":5,""physical_error_rate"":0.005}","{""detection_events"":4619,""detectors_checked"":229376}"
      1024,         0,         0,   0.022,standalone_exact_mw,503ee55b5ad1b1988379a241a0405811522ee4d50b473755532ad1299cb121e2,"{""distance"":5,""physical_error_rate"":0.0005}","{""detection_events"":483,""detectors_checked"":229376}"
         1,         1,         0,   0.007,standalone_exact_mw,b926cc1d59f2ffa0ec7a93e8795923b3e0543631758e3ab8213cfd69853d790b,"{""distance"":5,""physical_error_rate"":0.2}","{""detection_events"":83,""detectors_checked"":224,""obs_mistake_mask=E"":1}"
      9216,         0,         0,   0.155,standalone_exact_mw,cc9149276d16e61a5ac322a1d2048afebd34054fe0ed4879b77eb616628c1148,"{""distance"":5,""physical_error_rate"":0.0001}","{""detection_events"":759,""detectors_checked"":2064384}"
      5120,         0,         0,   0.111,standalone_exact_mw,29ae76c7f86edcd2f56343e8109d8463cbc736644db4e57527101e2f1c3606c8,"{""distance"":5,""physical_error_rate"":0.0002}","{""detection_events"":884,""detectors_checked"":1146880}"
     22528,         0,         0,    1.14,standalone_exact_mw,77d802c74222c3324b7f1323f7447c6411ad27be92307b6127e53af575faadca,"{""distance"":5,""physical_error_rate"":0.001}","{""detection_events"":21068,""detectors_checked"":5046272}"
      3072,         0,         0,   0.082,standalone_exact_mw,cc9149276d16e61a5ac322a1d2048afebd34054fe0ed4879b77eb616628c1148,"{""distance"":5,""physical_error_rate"":0.0001}","{""detection_events"":281,""detectors_checked"":688128}"
       256,         4,         0,   0.832,standalone_exact_mw,3fbf3739b73dda61f0188bb1f99eaf1ad6be14fe6ea44c0ac8d6c5ad12090cf3,"{""distance"":5,""physical_error_rate"":0.02}","{""detection_events"":4348,""detectors_checked"":57344,""obs_mistake_mask=E"":4}"
        32,        14,         0,   0.532,standalone_exact_mw,a2951cb9d6c05a6bf216e8b727426e1a3155bcc703ace3ee8fdcacfd84d170a7,"{""distance"":5,""physical_error_rate"":0.1}","{""detection_events"":1817,""detectors_checked"":7168,""obs_mistake_mask=E"":14}"
      1296,         0,         0,   0.072,standalone_exact_mw,503ee55b5ad1b1988379a241a0405811522ee4d50b473755532ad1299cb121e2,"{""distance"":5,""physical_error_rate"":0.0005}","{""detection_events"":575,""detectors_checked"":290304}"
      2048,         0,         0,   0.052,standalone_exact_mw,503ee55b5ad1b1988379a241a0405811522ee4d50b473755532ad1299cb121e2,"{""distance"":5,""physical_error_rate"":0.0005}","{""detection_events"":993,""detectors_checked"":458752}"
        32,        17,         0,   0.595,standalone_exact_mw,b926cc1d59f2ffa0ec7a93e8795923b3e0543631758e3ab8213cfd69853d790b,"{""distance"":5,""physical_error_rate"":0.2}","{""detection_events"":2574,""detectors_checked"":7168,""obs_mistake_mask=E"":17}"
      5120,         0,         0,   0.126,standalone_exact_mw,cc9149276d16e61a5ac322a1d2048afebd34054fe0ed4879b77eb616628c1148,"{""distance"":5,""physical_error_rate"":0.0001}","{""detection_events"":527,""detectors_checked"":1146880}"
      1024,         0,         0,   0.060,standalone_exact_mw,7bb6e20e48600212890a8c0dbf00c9e78f41358e09b12be0f89e4aae4bc5d684,"{""distance"":5,""physical_error_rate"":0.002}","{""detection_events"":1918,""detectors_checked"":229376}"
      1024,         0,         0,   0.449,standalone_exact_mw,1a2d9ab41a8a393fdef1a304cd6cd3b39e7654fe1ff27694ddcd7a0d28bf707b,"{""distance"":5,""physical_error_rate"":0.005}","{""detection_events"":4526,""detectors_checked"":229376}"
      2048,         0,         0,   0.085,standalone_exact_mw,503ee55b5ad1b1988379a241a0405811522ee4d50b473755532ad1299cb121e2,"{""distance"":5,""physical_error_rate"":0.0005}","{""detection_events"":994,""detectors_checked"":458752}"
      7168,         0,         0,   0.435,standalone_exact_mw,7bb6e20e48600212890a8c0dbf00c9e78f41358e09b12be0f89e4aae4bc5d684,"{""distance"":5,""physical_error_rate"":0.002}","{""detection_events"":13063,""detectors_checked"":1605632}"
        32,         7,         0,   0.405,standalone_exact_mw,c8b738028fda2b050c9255682a07cc95906733115fc52715e25155705a588b66,"{""distance"":5,""physical_error_rate"":0.05}","{""detection_events"":1157,""detectors_checked"":7168,""obs_mistake_mask=E"":7}"
      1024,         0,         0,   0.052,standalone_exact_mw,503ee55b5ad1b1988379a241a0405811522ee4d50b473755532ad1299cb121e2,"{""distance"":5,""physical_error_rate"":0.0005}","{""detection_events"":436,""detectors_checked"":229376}"
        16,         6,         0,   0.326,standalone_exact_mw,116a60cbe496e8e5ed1b799237798a197a37b7e9de7e0dc58034c8e1135b3e40,"{""distance"":5,""physical_error_rate"":0.5}","{""detection_events"":1661,""detectors_checked"":3584,""obs_mistake_mask=E"":6}"
        16,         8,         0,   0.159,standalone_exact_mw,a2951cb9d6c05a6bf216e8b727426e1a3155bcc703ace3ee8fdcacfd84d170a7,"{""distance"":5,""physical_error_rate"":0.1}","{""detection_events"":913,""detectors_checked"":3584,""obs_mistake_mask=E"":8}"
      4096,         0,         0,   0.107,standalone_exact_mw,cc9149276d16e61a5ac322a1d2048afebd34054fe0ed4879b77eb616628c1148,"{""distance"":5,""physical_error_rate"":0.0001}","{""detection_events"":404,""detectors_checked"":917504}"
        32,        17,         0,   0.555,standalone_exact_mw,a2951cb9d6c05a6bf216e8b727426e1a3155bcc703ace3ee8fdcacfd84d170a7,"{""distance"":5,""physical_error_rate"":0.1}","{""detection_events"":1728,""detectors_checked"":7168,""obs_mistake_mask=E"":17}"
      1024,         0,         0,   0.034,standalone_exact_mw,503ee55b5ad1b1988379a241a0405811522ee4d50b473755532ad1299cb121e2,"{""distance"":5,""physical_error_rate"":0.0005}","{""detection_events"":496,""detectors_checked"":229376}"
      2048,         0,         0,   0.082,standalone_exact_mw,503ee55b5ad1b1988379a241a0405811522ee4d50b473755532ad1299cb121e2,"{""distance"":5,""physical_error_rate"":0.0005}","{""detection_events"":867,""detectors_checked"":458752}"
      4096,         1,         0,   0.743,standalone_exact_mw,1a2d9ab41a8a393fdef1a304cd6cd3b39e7654fe1ff27694ddcd7a0d28bf707b,"{""distance"":5,""physical_error_rate"":0.005}","{""detection_events"":18553,""detectors_checked"":917504,""obs_mistake_mask=E"":1}"
     38912,         0,         0,   0.796,standalone_exact_mw,cc9149276d16e61a5ac322a1d2048afebd34054fe0ed4879b77eb616628c1148,"{""distance"":5,""physical_error_rate"":0.0001}","{""detection_events"":3718,""detectors_checked"":8716288}"
        32,        18,         0,   0.596,standalone_exact_mw,b926cc1d59f2ffa0ec7a93e8795923b3e0543631758e3ab8213cfd69853d790b,"{""distance"":5,""physical_error_rate"":0.2}","{""detection_events"":2634,""detectors_checked"":7168,""obs_mistake_mask=E"":18}"
        16,         8,         0,   0.288,standalone_exact_mw,116a60cbe496e8e5ed1b799237798a197a37b7e9de7e0dc58034c8e1135b3e40,"{""distance"":5,""physical_error_rate"":0.5}","{""detection_events"":1606,""detectors_checked"":3584,""obs_mistake_mask=E"":8}"
      1024,         0,         0,   0.098,standalone_exact_mw,7bb6e20e48600212890a8c0dbf00c9e78f41358e09b12be0f89e4aae4bc5d684,"{""distance"":5,""physical_error_rate"":0.002}","{""detection_events"":1859,""detectors_checked"":229376}"
        16,        11,         0,   0.331,standalone_exact_mw,116a60cbe496e8e5ed1b799237798a197a37b7e9de7e0dc58034c8e1135b3e40,"{""distance"":5,""physical_error_rate"":0.5}","{""detection_events"":1589,""detectors_checked"":3584,""obs_mistake_mask=E"":11}"
        16,         8,         0,   0.182,standalone_exact_mw,b926cc1d59f2ffa0ec7a93e8795923b3e0543631758e3ab8213cfd69853d790b,"{""distance"":5,""physical_error_rate"":0.2}","{""detection_events"":1339,""detectors_checked"":3584,""obs_mistake_mask=E"":8}"
      1024,         0,         0,   0.055,standalone_exact_mw,503ee55b5ad1b1988379a241a0405811522ee4d50b473755532ad1299cb121e2,"{""distance"":5,""physical_error_rate"":0.0005}","{""detection_events"":445,""detectors_checked"":229376}"
      6144,         0,         0,   0.180,standalone_exact_mw,29ae76c7f86edcd2f56343e8109d8463cbc736644db4e57527101e2f1c3606c8,"{""distance"":5,""physical_error_rate"":0.0002}","{""detection_events"":1069,""detectors_checked"":1376256}"
       256,         1,         0,   0.271,standalone_exact_mw,d243a1b0b1308c5af35ad4523cb40bd83c282feda5b2af0b0940517b428d54bb,"{""distance"":5,""physical_error_rate"":0.01}","{""detection_events"":2211,""detectors_checked"":57344,""obs_mistake_mask=E"":1}"
      2048,         0,         0,   0.084,standalone_exact_mw,503ee55b5ad1b1988379a241a0405811522ee4d50b473755532ad1299cb121e2,"{""distance"":5,""physical_error_rate"":0.0005}","{""detection_events"":1003,""detectors_checked"":458752}"
     12288,         0,         0,   0.221,standalone_exact_mw,cc9149276d16e61a5ac322a1d2048afebd34054fe0ed4879b77eb616628c1148,"{""distance"":5,""physical_error_rate"":0.0001}","{""detection_events"":1177,""detectors_checked"":2752512}"
      3072,         0,         0,   0.144,standalone_exact_mw,503ee55b5ad1b1988379a241a0405811522ee4d50b473755532ad1299cb121e2,"{""distance"":5,""physical_error_rate"":0.0005}","{""detection_events"":1495,""detectors_checked"":688128}"
      1024,         0,         0,   0.026,standalone_exact_mw,503ee55b5ad1b1988379a241a0405811522ee4d50b473755532ad1299cb121e2,"{""distance"":5,""physical_error_rate"":0.0005}","{""detection_events"":440,""detectors_checked"":229376}"
      6144,         0,         0,   0.217,standalone_exact_mw,cc9149276d16e61a5ac322a1d2048afebd34054fe0ed4879b77eb616628c1148,"{""distance"":5,""physical_error_rate"":0.0001}","{""detection_events"":577,""detectors_checked"":1376256}"
      6144,         0,         0,   0.150,standalone_exact_mw,cc9149276d16e61a5ac322a1d2048afebd34054fe0ed4879b77eb616628c1148,"{""distance"":5,""physical_error_rate"":0.0001}","{""detection_events"":503,""detectors_checked"":1376256}"
         1,         0,         0,   0.007,standalone_exact_mw,aea10f45e3589e84a00777b800d38e8a3149bd6cb552c409f3bffd718c1a0abf,"{""distance"":5,""physical_error_rate"":5e-05}","{""detectors_checked"":224}"
      1024,         0,         0,   0.105,standalone_exact_mw,7bb6e20e48600212890a8c0dbf00c9e78f41358e09b12be0f89e4aae4bc5d684,"{""distance"":5,""physical_error_rate"":0.002}","{""detection_events"":1968,""detectors_checked"":229376}"
      3072,         0,         0,   0.094,standalone_exact_mw,503ee55b5ad1b1988379a241a0405811522ee4d50b473755532ad1299cb121e2,"{""distance"":5,""physical_error_rate"":0.0005}","{""detection_events"":1380,""detectors_checked"":688128}"
      1296,         0,         0,   0.020,standalone_exact_mw,aea10f45e3589e84a00777b800d38e8a3149bd6cb552c409f3bffd718c1a0abf,"{""distance"":5,""physical_error_rate"":5e-05}","{""detection_events"":57,""detectors_checked"":290304}"
      2048,         0,         0,   0.078,standalone_exact_mw,503ee55b5ad1b1988379a241a0405811522ee4d50b473755532ad1299cb121e2,"{""distance"":5,""physical_error_rate"":0.0005}","{""detection_events"":948,""detectors_checked"":458752}"
       512,         0,         0,   0.441,standalone_exact_mw,d243a1b0b1308c5af35ad4523cb40bd83c282feda5b2af0b0940517b428d54bb,"{""distance"":5,""physical_error_rate"":0.01}","{""detection_events"":4601,""detectors_checked"":114688}"
      1024,         0,         0,   0.008,standalone_exact_mw,aea10f45e3589e84a00777b800d38e8a3149bd6cb552c409f3bffd718c1a0abf,"{""distance"":5,""physical_error_rate"":5e-05}","{""detection_events"":46,""detectors_checked"":229376}"
       128,         2,         0,    1.03,standalone_exact_mw,3fbf3739b73dda61f0188bb1f99eaf1ad6be14fe6ea44c0ac8d6c5ad12090cf3,"{""distance"":5,""physical_error_rate"":0.02}","{""detection_events"":2243,""detectors_checked"":28672,""obs_mistake_mask=E"":2}"
      1024,         1,         0,   0.366,standalone_exact_mw,1a2d9ab41a8a393fdef1a304cd6cd3b39e7654fe1ff27694ddcd7a0d28bf707b,"{""distance"":5,""physical_error_rate"":0.005}","{""detection_events"":4641,""detectors_checked"":229376,""obs_mistake_mask=E"":1}"
      1024,         0,         0,   0.450,standalone_exact_mw,1a2d9ab41a8a393fdef1a304cd6cd3b39e7654fe1ff27694ddcd7a0d28bf707b,"{""distance"":5,""physical_error_rate"":0.005}","{""detection_events"":4627,""detectors_checked"":229376}"
      3072,         0,         0,   0.153,standalone_exact_mw,503ee55b5ad1b1988379a241a0405811522ee4d50b473755532ad1299cb121e2,"{""distance"":5,""physical_error_rate"":0.0005}","{""detection_events"":1508,""detectors_checked"":688128}"
      2048,         0,         0,   0.044,standalone_exact_mw,aea10f45e3589e84a00777b800d38e8a3149bd6cb552c409f3bffd718c1a0abf,"{""distance"":5,""physical_error_rate"":5e-05}","{""detection_events"":91,""detectors_checked"":458752}"
      5120,         0,         0,   0.175,standalone_exact_mw,29ae76c7f86edcd2f56343e8109d8463cbc736644db4e57527101e2f1c3606c8,"{""distance"":5,""physical_error_rate"":0.0002}","{""detection_events"":864,""detectors_checked"":1146880}"
        32,        21,         0,   0.354,standalone_exact_mw,b926cc1d59f2ffa0ec7a93e8795923b3e0543631758e3ab8213cfd69853d790b,"{""distance"":5,""physical_error_rate"":0.2}","{""detection_events"":2615,""detectors_checked"":7168,""obs_mistake_mask=E"":21}"
      1024,         0,         0,   0.110,standalone_exact_mw,7bb6e20e48600212890a8c0dbf00c9e78f41358e09b12be0f89e4aae4bc5d684,"{""distance"":5,""physical_error_rate"":0.002}","{""detection_events"":1823,""detectors_checked"":229376}"
         1,         0,         0,   0.001,standalone_exact_mw,1a2d9ab41a8a393fdef1a304cd6cd3b39e7654fe1ff27694ddcd7a0d28bf707b,"{""distance"":5,""physical_error_rate"":0.005}","{""detection_events"":2,""detectors_checked"":224}"
      3072,         0,         0,   0.108,standalone_exact_mw,503ee55b5ad1b1988379a241a0405811522ee4d50b473755532ad1299cb121e2,"{""distance"":5,""physical_error_rate"":0.0005}","{""detection_events"":1464,""detectors_checked"":688128}"
      2048,         0,         0,   0.035,standalone_exact_mw,aea10f45e3589e84a00777b800d38e8a3149bd6cb552c409f3bffd718c1a0abf,"{""distance"":5,""physical_error_rate"":5e-05}","{""detection_events"":89,""detectors_checked"":458752}"
      1024,         0,         0,   0.367,standalone_exact_mw,1a2d9ab41a8a393fdef1a304cd6cd3b39e7654fe1ff27694ddcd7a0d28bf707b,"{""distance"":5,""physical_error_rate"":0.005}","{""detection_events"":4651,""detectors_checked"":229376}"
       128,         1,         0,   0.534,standalone_exact_mw,3fbf3739b73dda61f0188bb1f99eaf1ad6be14fe6ea44c0ac8d6c5ad12090cf3,"{""distance"":5,""physical_error_rate"":0.02}","{""detection_events"":2033,""detectors_checked"":28672,""obs_mistake_mask=E"":1}"
        16,         9,         0,   0.316,standalone_exact_mw,116a60cbe496e8e5ed1b799237798a197a37b7e9de7e0dc58034c8e1135b3e40,"{""distance"":5,""physical_error_rate"":0.5}","{""detection_events"":1568,""detectors_checked"":3584,""obs_mistake_mask=E"":9}"
      5120,         0,         0,   0.114,standalone_exact_mw,503ee55b5ad1b1988379a241a0405811522ee4d50b473755532ad1299cb121e2,"{""distance"":5,""physical_error_rate"":0.0005}","{""detection_events"":2399,""detectors_checked"":1146880}"
       272,         0,         0,   0.027,standalone_exact_mw,1a2d9ab41a8a393fdef1a304cd6cd3b39e7654fe1ff27694ddcd7a0d28bf707b,"{""distance"":5,""physical_error_rate"":0.005}","{""detection_events"":1256,""detectors_checked"":60928}"
        32,        13,         0,   0.391,standalone_exact_mw,a2951cb9d6c05a6bf216e8b727426e1a3155bcc703ace3ee8fdcacfd84d170a7,"{""distance"":5,""physical_error_rate"":0.1}","{""detection_events"":1804,""detectors_checked"":7168,""obs_mistake_mask=E"":13}"
      8192,         0,         0,   0.217,standalone_exact_mw,cc9149276d16e61a5ac322a1d2048afebd34054fe0ed4879b77eb616628c1148,"{""distance"":5,""physical_error_rate"":0.0001}","{""detection_events"":767,""detectors_checked"":1835008}"
      1024,         0,         0,   0.081,standalone_exact_mw,7bb6e20e48600212890a8c0dbf00c9e78f41358e09b12be0f89e4aae4bc5d684,"{""distance"":5,""physical_error_rate"":0.002}","{""detection_events"":1968,""detectors_checked"":229376}"
        32,        12,         0,   0.497,standalone_exact_mw,a2951cb9d6c05a6bf216e8b727426e1a3155bcc703ace3ee8fdcacfd84d170a7,"{""distance"":5,""physical_error_rate"":0.1}","{""detection_events"":1787,""detectors_checked"":7168,""obs_mistake_mask=E"":12}"
     11264,         0,         0,   0.278,standalone_exact_mw,cc9149276d16e61a5ac322a1d2048afebd34054fe0ed4879b77eb616628c1148,"{""distance"":5,""physical_error_rate"":0.0001}","{""detection_events"":1006,""detectors_checked"":2523136}"
        32,         5,         0,   0.425,standalone_exact_mw,c8b738028fda2b050c9255682a07cc95906733115fc52715e25155705a588b66,"{""distance"":5,""physical_error_rate"":0.05}","{""detection_events"":1131,""detectors_checked"":7168,""obs_mistake_mask=E"":5}"
      3072,         0,         0,   0.079,standalone_exact_mw,aea10f45e3589e84a00777b800d38e8a3149bd6cb552c409f3bffd718c1a0abf,"{""distance"":5,""physical_error_rate"":5e-05}","{""detection_events"":171,""detectors_checked"":688128}"
        16,        10,         0,   0.334,standalone_exact_mw,116a60cbe496e8e5ed1b799237798a197a37b7e9de7e0dc58034c8e1135b3e40,"{""distance"":5,""physical_error_rate"":0.5}","{""detection_events"":1645,""detectors_checked"":3584,""obs_mistake_mask=E"":10}"
        32,        14,         0,   0.588,standalone_exact_mw,b926cc1d59f2ffa0ec7a93e8795923b3e0543631758e3ab8213cfd69853d790b,"{""distance"":5,""physical_error_rate"":0.2}","{""detection_events"":2530,""detectors_checked"":7168,""obs_mistake_mask=E"":14}"
     11264,         0,         0,   0.283,standalone_exact_mw,cc9149276d16e61a5ac322a1d2048afebd34054fe0ed4879b77eb616628c1148,"{""distance"":5,""physical_error_rate"":0.0001}","{""detection_events"":1028,""detectors_checked"":2523136}"
      4096,         0,         0,   0.160,standalone_exact_mw,503ee55b5ad1b1988379a241a0405811522ee4d50b473755532ad1299cb121e2,"{""distance"":5,""physical_error_rate"":0.0005}","{""detection_events"":1936,""detectors_checked"":917504}"
      3072,         0,         0,   0.061,standalone_exact_mw,aea10f45e3589e84a00777b800d38e8a3149bd6cb552c409f3bffd718c1a0abf,"{""distance"":5,""physical_error_rate"":5e-05}","{""detection_events"":158,""detectors_checked"":688128}"
       273,         0,         0,   0.004,standalone_exact_mw,aea10f45e3589e84a00777b800d38e8a3149bd6cb552c409f3bffd718c1a0abf,"{""distance"":5,""physical_error_rate"":5e-05}","{""detection_events"":13,""detectors_checked"":61152}"
      6144,         0,         0,   0.230,standalone_exact_mw,503ee55b5ad1b1988379a241a0405811522ee4d50b473755532ad1299cb121e2,"{""distance"":5,""physical_error_rate"":0.0005}","{""detection_events"":2963,""detectors_checked"":1376256}"
      6144,         0,         0,   0.188,standalone_exact_mw,503ee55b5ad1b1988379a241a0405811522ee4d50b473755532ad1299cb121e2,"{""distance"":5,""physical_error_rate"":0.0005}","{""detection_events"":2926,""detectors_checked"":1376256}"
        32,        13,         0,   0.436,standalone_exact_mw,b926cc1d59f2ffa0ec7a93e8795923b3e0543631758e3ab8213cfd69853d790b,"{""distance"":5,""physical_error_rate"":0.2}","{""detection_events"":2556,""detectors_checked"":7168,""obs_mistake_mask=E"":13}"
      1024,         0,         0,   0.140,standalone_exact_mw,7bb6e20e48600212890a8c0dbf00c9e78f41358e09b12be0f89e4aae4bc5d684,"{""distance"":5,""physical_error_rate"":0.002}","{""detection_events"":1881,""detectors_checked"":229376}"
      1024,         0,         0,   0.026,standalone_exact_mw,aea10f45e3589e84a00777b800d38e8a3149bd6cb552c409f3bffd718c1a0abf,"{""distance"":5,""physical_error_rate"":5e-05}","{""detection_events"":86,""detectors_checked"":229376}"
        32,        17,         0,   0.534,standalone_exact_mw,a2951cb9d6c05a6bf216e8b727426e1a3155bcc703ace3ee8fdcacfd84d170a7,"{""distance"":5,""physical_error_rate"":0.1}","{""detection_events"":1860,""detectors_checked"":7168,""obs_mistake_mask=E"":17}"
      1024,         0,         0,   0.026,standalone_exact_mw,aea10f45e3589e84a00777b800d38e8a3149bd6cb552c409f3bffd718c1a0abf,"{""distance"":5,""physical_error_rate"":5e-05}","{""detection_events"":63,""detectors_checked"":229376}"
      1024,         1,         0,   0.237,standalone_exact_mw,1a2d9ab41a8a393fdef1a304cd6cd3b39e7654fe1ff27694ddcd7a0d28bf707b,"{""distance"":5,""physical_error_rate"":0.005}","{""detection_events"":4388,""detectors_checked"":229376,""obs_mistake_mask=E"":1}"
      8192,         1,         0,   0.615,standalone_exact_mw,7bb6e20e48600212890a8c0dbf00c9e78f41358e09b12be0f89e4aae4bc5d684,"{""distance"":5,""physical_error_rate"":0.002}","{""detection_events"":15455,""detectors_checked"":1835008,""obs_mistake_mask=E"":1}"
      1024,         0,         0,   0.360,standalone_exact_mw,1a2d9ab41a8a393fdef1a304cd6cd3b39e7654fe1ff27694ddcd7a0d28bf707b,"{""distance"":5,""physical_error_rate"":0.005}","{""detection_events"":4524,""detectors_checked"":229376}"
       512,         2,         0,   0.810,standalone_exact_mw,d243a1b0b1308c5af35ad4523cb40bd83c282feda5b2af0b0940517b428d54bb,"{""distance"":5,""physical_error_rate"":0.01}","{""detection_events"":4585,""detectors_checked"":114688,""obs_mistake_mask=E"":2}"
      5120,         0,         0,   0.096,standalone_exact_mw,aea10f45e3589e84a00777b800d38e8a3149bd6cb552c409f3bffd718c1a0abf,"{""distance"":5,""physical_error_rate"":5e-05}","{""detection_events"":265,""detectors_checked"":1146880}"
       256,         6,         0,   0.684,standalone_exact_mw,3fbf3739b73dda61f0188bb1f99eaf1ad6be14fe6ea44c0ac8d6c5ad12090cf3,"{""distance"":5,""physical_error_rate"":0.02}","{""detection_events"":4146,""detectors_checked"":57344,""obs_mistake_mask=E"":6}"
      1024,         2,         0,   0.909,standalone_exact_mw,d243a1b0b1308c5af35ad4523cb40bd83c282feda5b2af0b0940517b428d54bb,"{""distance"":5,""physical_error_rate"":0.01}","{""detection_events"":9203,""detectors_checked"":229376,""obs_mistake_mask=E"":2}"
      8192,         0,         0,   0.309,standalone_exact_mw,29ae76c7f86edcd2f56343e8109d8463cbc736644db4e57527101e2f1c3606c8,"{""distance"":5,""physical_error_rate"":0.0002}","{""detection_events"":1450,""detectors_checked"":1835008}"
        32,        13,         0,   0.211,standalone_exact_mw,a2951cb9d6c05a6bf216e8b727426e1a3155bcc703ace3ee8fdcacfd84d170a7,"{""distance"":5,""physical_error_rate"":0.1}","{""detection_events"":1839,""detectors_checked"":7168,""obs_mistake_mask=E"":13}"
      2048,         0,         0,   0.053,standalone_exact_mw,aea10f45e3589e84a00777b800d38e8a3149bd6cb552c409f3bffd718c1a0abf,"{""distance"":5,""physical_error_rate"":5e-05}","{""detection_events"":88,""detectors_checked"":458752}"
        16,         3,         0,   0.306,standalone_exact_mw,116a60cbe496e8e5ed1b799237798a197a37b7e9de7e0dc58034c8e1135b3e40,"{""distance"":5,""physical_error_rate"":0.5}","{""detection_events"":1666,""detectors_checked"":3584,""obs_mistake_mask=E"":3}"
       512,         2,         0,   0.505,standalone_exact_mw,d243a1b0b1308c5af35ad4523cb40bd83c282feda5b2af0b0940517b428d54bb,"{""distance"":5,""physical_error_rate"":0.01}","{""detection_events"":4472,""detectors_checked"":114688,""obs_mistake_mask=E"":2}"
        32,        15,         0,   0.588,standalone_exact_mw,b926cc1d59f2ffa0ec7a93e8795923b3e0543631758e3ab8213cfd69853d790b,"{""distance"":5,""physical_error_rate"":0.2}","{""detection_events"":2644,""detectors_checked"":7168,""obs_mistake_mask=E"":15}"
      2048,         0,         0,   0.044,standalone_exact_mw,aea10f45e3589e84a00777b800d38e8a3149bd6cb552c409f3bffd718c1a0abf,"{""distance"":5,""physical_error_rate"":5e-05}","{""detection_events"":75,""detectors_checked"":458752}"
      1024,         0,         0,   0.361,standalone_exact_mw,1a2d9ab41a8a393fdef1a304cd6cd3b39e7654fe1ff27694ddcd7a0d28bf707b,"{""distance"":5,""physical_error_rate"":0.005}","{""detection_events"":4815,""detectors_checked"":229376}"
     14336,         0,         0,   0.309,standalone_exact_mw,cc9149276d16e61a5ac322a1d2048afebd34054fe0ed4879b77eb616628c1148,"{""distance"":5,""physical_error_rate"":0.0001}","{""detection_events"":1403,""detectors_checked"":3211264}"
        32,        18,         0,   0.620,standalone_exact_mw,116a60cbe496e8e5ed1b799237798a197a37b7e9de7e0dc58034c8e1135b3e40,"{""distance"":5,""physical_error_rate"":0.5}","{""detection_events"":3213,""detectors_checked"":7168,""obs_mistake_mask=E"":18}"
        32,        12,         0,   0.319,standalone_exact_mw,a2951cb9d6c05a6bf216e8b727426e1a3155bcc703ace3ee8fdcacfd84d170a7,"{""distance"":5,""physical_error_rate"":0.1}","{""detection_events"":1856,""detectors_checked"":7168,""obs_mistake_mask=E"":12}"
       128,         4,         0,   0.382,standalone_exact_mw,3fbf3739b73dda61f0188bb1f99eaf1ad6be14fe6ea44c0ac8d6c5ad12090cf3,"{""distance"":5,""physical_error_rate"":0.02}","{""detection_events"":2070,""detectors_checked"":28672,""obs_mistake_mask=E"":4}"
      6144,         0,         0,   0.237,standalone_exact_mw,503ee55b5ad1b1988379a241a0405811522ee4d50b473755532ad1299cb121e2,"{""distance"":5,""physical_error_rate"":0.0005}","{""detection_events"":2886,""detectors_checked"":1376256}"
      2048,         0,         0,   0.189,standalone_exact_mw,7bb6e20e48600212890a8c0dbf00c9e78f41358e09b12be0f89e4aae4bc5d684,"{""distance"":5,""physical_error_rate"":0.002}","{""detection_events"":3762,""detectors_checked"":458752}"
        16,        11,         0,   0.298,standalone_exact_mw,116a60cbe496e8e5ed1b799237798a197a37b7e9de7e0dc58034c8e1135b3e40,"{""distance"":5,""physical_error_rate"":0.5}","{""detection_events"":1605,""detectors_checked"":3584,""obs_mistake_mask=E"":11}"
      2048,         0,         0,   0.059,standalone_exact_mw,aea10f45e3589e84a00777b800d38e8a3149bd6cb552c409f3bffd718c1a0abf,"{""distance"":5,""physical_error_rate"":5e-05}","{""detection_events"":66,""detectors_checked"":458752}"
       128,         2,         0,   0.501,standalone_exact_mw,3fbf3739b73dda61f0188bb1f99eaf1ad6be14fe6ea44c0ac8d6c5ad12090cf3,"{""distance"":5,""physical_error_rate"":0.02}","{""detection_events"":2074,""detectors_checked"":28672,""obs_mistake_mask=E"":2}"
      6144,         0,         0,   0.140,standalone_exact_mw,aea10f45e3589e84a00777b800d38e8a3149bd6cb552c409f3bffd718c1a0abf,"{""distance"":5,""physical_error_rate"":5e-05}","{""detection_events"":268,""detectors_checked"":1376256}"
        32,        13,         0,   0.453,standalone_exact_mw,b926cc1d59f2ffa0ec7a93e8795923b3e0543631758e3ab8213cfd69853d790b,"{""distance"":5,""physical_error_rate"":0.2}","{""detection_events"":2578,""detectors_checked"":7168,""obs_mistake_mask=E"":13}"
      2048,         0,         0,   0.255,standalone_exact_mw,503ee55b5ad1b1988379a241a0405811522ee4d50b473755532ad1299cb121e2,"{""distance"":5,""physical_error_rate"":0.0005}","{""detection_events"":966,""detectors_checked"":458752}"
       512,         1,         0,   0.561,standalone_exact_mw,d243a1b0b1308c5af35ad4523cb40bd83c282feda5b2af0b0940517b428d54bb,"{""distance"":5,""physical_error_rate"":0.01}","{""detection_events"":4618,""detectors_checked"":114688,""obs_mistake_mask=E"":1}"
      1024,         1,         0,   0.549,standalone_exact_mw,1a2d9ab41a8a393fdef1a304cd6cd3b39e7654fe1ff27694ddcd7a0d28bf707b,"{""distance"":5,""physical_error_rate"":0.005}","{""detection_events"":4509,""detectors_checked"":229376,""obs_mistake_mask=E"":1}"
      2048,         0,         0,   0.058,standalone_exact_mw,aea10f45e3589e84a00777b800d38e8a3149bd6cb552c409f3bffd718c1a0abf,"{""distance"":5,""physical_error_rate"":5e-05}","{""detection_events"":58,""detectors_checked"":458752}"
      2048,         0,         0,   0.302,standalone_exact_mw,503ee55b5ad1b1988379a241a0405811522ee4d50b473755532ad1299cb121e2,"{""distance"":5,""physical_error_rate"":0.0005}","{""detection_events"":1000,""detectors_checked"":458752}"
        32,         4,         0,   0.420,standalone_exact_mw,c8b738028fda2b050c9255682a07cc95906733115fc52715e25155705a588b66,"{""distance"":5,""physical_error_rate"":0.05}","{""detection_events"":1132,""detectors_checked"":7168,""obs_mistake_mask=E"":4}"
     17408,         0,         0,   0.428,standalone_exact_mw,cc9149276d16e61a5ac322a1d2048afebd34054fe0ed4879b77eb616628c1148,"{""distance"":5,""physical_error_rate"":0.0001}","{""detection_events"":1559,""detectors_checked"":3899392}"
         1,         0,         0,   0.014,standalone_exact_mw,aea10f45e3589e84a00777b800d38e8a3149bd6cb552c409f3bffd718c1a0abf,"{""distance"":5,""physical_error_rate"":5e-05}","{""detectors_checked"":224}"
     15360,         0,         0,   0.404,standalone_exact_mw,cc9149276d16e61a5ac322a1d2048afebd34054fe0ed4879b77eb616628c1148,"{""distance"":5,""physical_error_rate"":0.0001}","{""detection_events"":1422,""detectors_checked"":3440640}"
      2320,         0,         0,   0.030,standalone_exact_mw,aea10f45e3589e84a00777b800d38e8a3149bd6cb552c409f3bffd718c1a0abf,"{""distance"":5,""physical_error_rate"":5e-05}","{""detection_events"":132,""detectors_checked"":519680}"
      1024,         1,         0,   0.297,standalone_exact_mw,1a2d9ab41a8a393fdef1a304cd6cd3b39e7654fe1ff27694ddcd7a0d28bf707b,"{""distance"":5,""physical_error_rate"":0.005}","{""detection_events"":4711,""detectors_checked"":229376,""obs_mistake_mask=E"":1}"
      1024,         0,         0,   0.282,standalone_exact_mw,1a2d9ab41a8a393fdef1a304cd6cd3b39e7654fe1ff27694ddcd7a0d28bf707b,"{""distance"":5,""physical_error_rate"":0.005}","{""detection_events"":4431,""detectors_checked"":229376}"
      5120,         1,         0,   0.878,standalone_exact_mw,1a2d9ab41a8a393fdef1a304cd6cd3b39e7654fe1ff27694ddcd7a0d28bf707b,"{""distance"":5,""physical_error_rate"":0.005}","{""detection_events"":23089,""detectors_checked"":1146880,""obs_mistake_mask=E"":1}"
     90112,         0,         0,    1.56,standalone_exact_mw,aea10f45e3589e84a00777b800d38e8a3149bd6cb552c409f3bffd718c1a0abf,"{""distance"":5,""physical_error_rate"":5e-05}","{""detection_events"":4100,""detectors_checked"":20185088}"
      2048,         0,         0,   0.038,standalone_exact_mw,aea10f45e3589e84a00777b800d38e8a3149bd6cb552c409f3bffd718c1a0abf,"{""distance"":5,""physical_error_rate"":5e-05}","{""detection_events"":114,""detectors_checked"":458752}"
      1024,         0,         0,   0.247,standalone_exact_mw,1a2d9ab41a8a393fdef1a304cd6cd3b39e7654fe1ff27694ddcd7a0d28bf707b,"{""distance"":5,""physical_error_rate"":0.005}","{""detection_events"":4579,""detectors_checked"":229376}"
      2048,         0,         0,   0.017,standalone_exact_mw,aea10f45e3589e84a00777b800d38e8a3149bd6cb552c409f3bffd718c1a0abf,"{""distance"":5,""physical_error_rate"":5e-05}","{""detection_events"":55,""detectors_checked"":458752}"
      4096,         0,         0,   0.141,standalone_exact_mw,aea10f45e3589e84a00777b800d38e8a3149bd6cb552c409f3bffd718c1a0abf,"{""distance"":5,""physical_error_rate"":5e-05}","{""detection_events"":239,""detectors_checked"":917504}"
        32,        20,         0,   0.453,standalone_exact_mw,b926cc1d59f2ffa0ec7a93e8795923b3e0543631758e3ab8213cfd69853d790b,"{""distance"":5,""physical_error_rate"":0.2}","{""detection_events"":2614,""detectors_checked"":7168,""obs_mistake_mask=E"":20}"
        32,        16,         0,   0.273,standalone_exact_mw,a2951cb9d6c05a6bf216e8b727426e1a3155bcc703ace3ee8fdcacfd84d170a7,"{""distance"":5,""physical_error_rate"":0.1}","{""detection_events"":1822,""detectors_checked"":7168,""obs_mistake_mask=E"":16}"
      7168,         0,         0,   0.222,standalone_exact_mw,aea10f45e3589e84a00777b800d38e8a3149bd6cb552c409f3bffd718c1a0abf,"{""distance"":5,""physical_error_rate"":5e-05}","{""detection_events"":326,""detectors_checked"":1605632}"
         1,         0,         0,   0.007,standalone_exact_mw,7bb6e20e48600212890a8c0dbf00c9e78f41358e09b12be0f89e4aae4bc5d684,"{""distance"":5,""physical_error_rate"":0.002}","{""detection_events"":1,""detectors_checked"":224}"
        32,        16,         0,   0.546,standalone_exact_mw,b926cc1d59f2ffa0ec7a93e8795923b3e0543631758e3ab8213cfd69853d790b,"{""distance"":5,""physical_error_rate"":0.2}","{""detection_events"":2497,""detectors_checked"":7168,""obs_mistake_mask=E"":16}"
      2048,         0,         0,   0.034,standalone_exact_mw,aea10f45e3589e84a00777b800d38e8a3149bd6cb552c409f3bffd718c1a0abf,"{""distance"":5,""physical_error_rate"":5e-05}","{""detection_events"":107,""detectors_checked"":458752}"
      3072,         0,         0,   0.268,standalone_exact_mw,7bb6e20e48600212890a8c0dbf00c9e78f41358e09b12be0f89e4aae4bc5d684,"{""distance"":5,""physical_error_rate"":0.002}","{""detection_events"":5660,""detectors_checked"":688128}"
      8192,         0,         0,   0.298,standalone_exact_mw,503ee55b5ad1b1988379a241a0405811522ee4d50b473755532ad1299cb121e2,"{""distance"":5,""physical_error_rate"":0.0005}","{""detection_events"":3790,""detectors_checked"":1835008}"
     15360,         0,         0,   0.394,standalone_exact_mw,29ae76c7f86edcd2f56343e8109d8463cbc736644db4e57527101e2f1c3606c8,"{""distance"":5,""physical_error_rate"":0.0002}","{""detection_events"":2986,""detectors_checked"":3440640}"
        32,        16,         0,   0.502,standalone_exact_mw,a2951cb9d6c05a6bf216e8b727426e1a3155bcc703ace3ee8fdcacfd84d170a7,"{""distance"":5,""physical_error_rate"":0.1}","{""detection_events"":1866,""detectors_checked"":7168,""obs_mistake_mask=E"":16}"
      4096,         0,         0,   0.072,standalone_exact_mw,aea10f45e3589e84a00777b800d38e8a3149bd6cb552c409f3bffd718c1a0abf,"{""distance"":5,""physical_error_rate"":5e-05}","{""detection_events"":158,""detectors_checked"":917504}"
      1024,         3,         0,   0.435,standalone_exact_mw,d243a1b0b1308c5af35ad4523cb40bd83c282feda5b2af0b0940517b428d54bb,"{""distance"":5,""physical_error_rate"":0.01}","{""detection_events"":9212,""detectors_checked"":229376,""obs_mistake_mask=E"":3}"
      2048,         0,         0,   0.304,standalone_exact_mw,503ee55b5ad1b1988379a241a0405811522ee4d50b473755532ad1299cb121e2,"{""distance"":5,""physical_error_rate"":0.0005}","{""detection_events"":908,""detectors_checked"":458752}"
      1024,         0,         0,   0.222,standalone_exact_mw,1a2d9ab41a8a393fdef1a304cd6cd3b39e7654fe1ff27694ddcd7a0d28bf707b,"{""distance"":5,""physical_error_rate"":0.005}","{""detection_events"":4472,""detectors_checked"":229376}"
     14336,         0,         0,   0.408,standalone_exact_mw,cc9149276d16e61a5ac322a1d2048afebd34054fe0ed4879b77eb616628c1148,"{""distance"":5,""physical_error_rate"":0.0001}","{""detection_events"":1325,""detectors_checked"":3211264}"
      5120,         0,         0,   0.168,standalone_exact_mw,aea10f45e3589e84a00777b800d38e8a3149bd6cb552c409f3bffd718c1a0abf,"{""distance"":5,""physical_error_rate"":5e-05}","{""detection_events"":269,""detectors_checked"":1146880}"
       128,         3,         0,   0.424,standalone_exact_mw,3fbf3739b73dda61f0188bb1f99eaf1ad6be14fe6ea44c0ac8d6c5ad12090cf3,"{""distance"":5,""physical_error_rate"":0.02}","{""detection_events"":2097,""detectors_checked"":28672,""obs_mistake_mask=E"":3}"
      1296,         0,         0,   0.141,standalone_exact_mw,7bb6e20e48600212890a8c0dbf00c9e78f41358e09b12be0f89e4aae4bc5d684,"{""distance"":5,""physical_error_rate"":0.002}","{""detection_events"":2417,""detectors_checked"":290304}"
       512,         1,         0,   0.502,standalone_exact_mw,d243a1b0b1308c5af35ad4523cb40bd83c282feda5b2af0b0940517b428d54bb,"{""distance"":5,""physical_error_rate"":0.01}","{""detection_events"":4500,""detectors_checked"":114688,""obs_mistake_mask=E"":1}"
      5120,         0,         0,   0.080,standalone_exact_mw,aea10f45e3589e84a00777b800d38e8a3149bd6cb552c409f3bffd718c1a0abf,"{""distance"":5,""physical_error_rate"":5e-05}","{""detection_events"":263,""detectors_checked"":1146880}"
     55296,         0,         0,    1.10,standalone_exact_mw,cc9149276d16e61a5ac322a1d2048afebd34054fe0ed4879b77eb616628c1148,"{""distance"":5,""physical_error_rate"":0.0001}","{""detection_events"":4881,""detectors_checked"":12386304}"
       512,         1,         0,   0.582,standalone_exact_mw,d243a1b0b1308c5af35ad4523cb40bd83c282feda5b2af0b0940517b428d54bb,"{""distance"":5,""physical_error_rate"":0.01}","{""detection_events"":4623,""detectors_checked"":114688,""obs_mistake_mask=E"":1}"
        32,        22,         0,   0.431,standalone_exact_mw,b926cc1d59f2ffa0ec7a93e8795923b3e0543631758e3ab8213cfd69853d790b,"{""distance"":5,""physical_error_rate"":0.2}","{""detection_events"":2550,""detectors_checked"":7168,""obs_mistake_mask=E"":22}"
        32,         6,         0,   0.392,standalone_exact_mw,c8b738028fda2b050c9255682a07cc95906733115fc52715e25155705a588b66,"{""distance"":5,""physical_error_rate"":0.05}","{""detection_events"":1114,""detectors_checked"":7168,""obs_mistake_mask=E"":6}"
      1024,         0,         0,   0.286,standalone_exact_mw,1a2d9ab41a8a393fdef1a304cd6cd3b39e7654fe1ff27694ddcd7a0d28bf707b,"{""distance"":5,""physical_error_rate"":0.005}","{""detection_events"":4704,""detectors_checked"":229376}"
        32,        11,         0,   0.520,standalone_exact_mw,116a60cbe496e8e5ed1b799237798a197a37b7e9de7e0dc58034c8e1135b3e40,"{""distance"":5,""physical_error_rate"":0.5}","{""detection_events"":3210,""detectors_checked"":7168,""obs_mistake_mask=E"":11}"
        32,        16,         0,   0.585,standalone_exact_mw,b926cc1d59f2ffa0ec7a93e8795923b3e0543631758e3ab8213cfd69853d790b,"{""distance"":5,""physical_error_rate"":0.2}","{""detection_events"":2580,""detectors_checked"":7168,""obs_mistake_mask=E"":16}"
        32,        19,         0,   0.498,standalone_exact_mw,116a60cbe496e8e5ed1b799237798a197a37b7e9de7e0dc58034c8e1135b3e40,"{""distance"":5,""physical_error_rate"":0.5}","{""detection_events"":3271,""detectors_checked"":7168,""obs_mistake_mask=E"":19}"
      7168,         0,         0,   0.108,standalone_exact_mw,aea10f45e3589e84a00777b800d38e8a3149bd6cb552c409f3bffd718c1a0abf,"{""distance"":5,""physical_error_rate"":5e-05}","{""detection_events"":355,""detectors_checked"":1605632}"
      7168,         0,         0,   0.274,standalone_exact_mw,aea10f45e3589e84a00777b800d38e8a3149bd6cb552c409f3bffd718c1a0abf,"{""distance"":5,""physical_error_rate"":5e-05}","{""detection_events"":431,""detectors_checked"":1605632}"
      1024,         0,         0,   0.147,standalone_exact_mw,7bb6e20e48600212890a8c0dbf00c9e78f41358e09b12be0f89e4aae4bc5d684,"{""distance"":5,""physical_error_rate"":0.002}","{""detection_events"":1914,""detectors_checked"":229376}"
      4096,         0,         0,   0.450,standalone_exact_mw,503ee55b5ad1b1988379a241a0405811522ee4d50b473755532ad1299cb121e2,"{""distance"":5,""physical_error_rate"":0.0005}","{""detection_events"":1915,""detectors_checked"":917504}"
      3072,         0,         0,   0.305,standalone_exact_mw,7bb6e20e48600212890a8c0dbf00c9e78f41358e09b12be0f89e4aae4bc5d684,"{""distance"":5,""physical_error_rate"":0.002}","{""detection_events"":5647,""detectors_checked"":688128}"
       128,         1,         0,   0.571,standalone_exact_mw,3fbf3739b73dda61f0188bb1f99eaf1ad6be14fe6ea44c0ac8d6c5ad12090cf3,"{""distance"":5,""physical_error_rate"":0.02}","{""detection_events"":2141,""detectors_checked"":28672,""obs_mistake_mask=E"":1}"
      1024,         1,         0,   0.230,standalone_exact_mw,1a2d9ab41a8a393fdef1a304cd6cd3b39e7654fe1ff27694ddcd7a0d28bf707b,"{""distance"":5,""physical_error_rate"":0.005}","{""detection_events"":4472,""detectors_checked"":229376,""obs_mistake_mask=E"":1}"
      7168,         0,         0,   0.220,standalone_exact_mw,aea10f45e3589e84a00777b800d38e8a3149bd6cb552c409f3bffd718c1a0abf,"{""distance"":5,""physical_error_rate"":5e-05}","{""detection_events"":333,""detectors_checked"":1605632}"
      2048,         3,         0,   0.485,standalone_exact_mw,1a2d9ab41a8a393fdef1a304cd6cd3b39e7654fe1ff27694ddcd7a0d28bf707b,"{""distance"":5,""physical_error_rate"":0.005}","{""detection_events"":9458,""detectors_checked"":458752,""obs_mistake_mask=E"":3}"
      1024,         3,         0,   0.312,standalone_exact_mw,d243a1b0b1308c5af35ad4523cb40bd83c282feda5b2af0b0940517b428d54bb,"{""distance"":5,""physical_error_rate"":0.01}","{""detection_events"":8905,""detectors_checked"":229376,""obs_mistake_mask=E"":3}"
     10240,         0,         0,   0.814,standalone_exact_mw,7bb6e20e48600212890a8c0dbf00c9e78f41358e09b12be0f89e4aae4bc5d684,"{""distance"":5,""physical_error_rate"":0.002}","{""detection_events"":19174,""detectors_checked"":2293760}"
        48,        28,         0,   0.782,standalone_exact_mw,116a60cbe496e8e5ed1b799237798a197a37b7e9de7e0dc58034c8e1135b3e40,"{""distance"":5,""physical_error_rate"":0.5}","{""detection_events"":4914,""detectors_checked"":10752,""obs_mistake_mask=E"":28}"
        32,        10,         0,   0.424,standalone_exact_mw,b926cc1d59f2ffa0ec7a93e8795923b3e0543631758e3ab8213cfd69853d790b,"{""distance"":5,""physical_error_rate"":0.2}","{""detection_events"":2597,""detectors_checked"":7168,""obs_mistake_mask=E"":10}"
      8192,         0,         0,   0.162,standalone_exact_mw,aea10f45e3589e84a00777b800d38e8a3149bd6cb552c409f3bffd718c1a0abf,"{""distance"":5,""physical_error_rate"":5e-05}","{""detection_events"":384,""detectors_checked"":1835008}"
       512,         2,         0,   0.645,standalone_exact_mw,d243a1b0b1308c5af35ad4523cb40bd83c282feda5b2af0b0940517b428d54bb,"{""distance"":5,""physical_error_rate"":0.01}","{""detection_events"":4520,""detectors_checked"":114688,""obs_mistake_mask=E"":2}"
      1024,         0,         0,   0.146,standalone_exact_mw,7bb6e20e48600212890a8c0dbf00c9e78f41358e09b12be0f89e4aae4bc5d684,"{""distance"":5,""physical_error_rate"":0.002}","{""detection_events"":1841,""detectors_checked"":229376}"
      8192,         0,         0,   0.405,standalone_exact_mw,503ee55b5ad1b1988379a241a0405811522ee4d50b473755532ad1299cb121e2,"{""distance"":5,""physical_error_rate"":0.0005}","{""detection_events"":3762,""detectors_checked"":1835008}"
     30720,         0,         0,   0.570,standalone_exact_mw,cc9149276d16e61a5ac322a1d2048afebd34054fe0ed4879b77eb616628c1148,"{""distance"":5,""physical_error_rate"":0.0001}","{""detection_events"":2787,""detectors_checked"":6881280}"
     17408,         0,         0,   0.609,standalone_exact_mw,cc9149276d16e61a5ac322a1d2048afebd34054fe0ed4879b77eb616628c1148,"{""distance"":5,""physical_error_rate"":0.0001}","{""detection_events"":1565,""detectors_checked"":3899392}"
      1024,         0,         0,   0.645,standalone_exact_mw,1a2d9ab41a8a393fdef1a304cd6cd3b39e7654fe1ff27694ddcd7a0d28bf707b,"{""distance"":5,""physical_error_rate"":0.005}","{""detection_events"":4616,""detectors_checked"":229376}"
     40960,         0,         0,    1.58,standalone_exact_mw,77d802c74222c3324b7f1323f7447c6411ad27be92307b6127e53af575faadca,"{""distance"":5,""physical_error_rate"":0.001}","{""detection_events"":38408,""detectors_checked"":9175040}"
      1024,         0,         0,   0.125,standalone_exact_mw,7bb6e20e48600212890a8c0dbf00c9e78f41358e09b12be0f89e4aae4bc5d684,"{""distance"":5,""physical_error_rate"":0.002}","{""detection_events"":1890,""detectors_checked"":229376}"
        32,         7,         0,   0.348,standalone_exact_mw,b926cc1d59f2ffa0ec7a93e8795923b3e0543631758e3ab8213cfd69853d790b,"{""distance"":5,""physical_error_rate"":0.2}","{""detection_events"":2506,""detectors_checked"":7168,""obs_mistake_mask=E"":7}"
      5120,         0,         0,   0.483,standalone_exact_mw,503ee55b5ad1b1988379a241a0405811522ee4d50b473755532ad1299cb121e2,"{""distance"":5,""physical_error_rate"":0.0005}","{""detection_events"":2352,""detectors_checked"":1146880}"
      1024,         0,         0,   0.218,standalone_exact_mw,1a2d9ab41a8a393fdef1a304cd6cd3b39e7654fe1ff27694ddcd7a0d28bf707b,"{""distance"":5,""physical_error_rate"":0.005}","{""detection_events"":4553,""detectors_checked"":229376}"
        32,        10,         0,   0.529,standalone_exact_mw,a2951cb9d6c05a6bf216e8b727426e1a3155bcc703ace3ee8fdcacfd84d170a7,"{""distance"":5,""physical_error_rate"":0.1}","{""detection_events"":1797,""detectors_checked"":7168,""obs_mistake_mask=E"":10}"
      1024,         0,         0,   0.338,standalone_exact_mw,1a2d9ab41a8a393fdef1a304cd6cd3b39e7654fe1ff27694ddcd7a0d28bf707b,"{""distance"":5,""physical_error_rate"":0.005}","{""detection_events"":4741,""detectors_checked"":229376}"
        64,        27,         0,   0.957,standalone_exact_mw,a2951cb9d6c05a6bf216e8b727426e1a3155bcc703ace3ee8fdcacfd84d170a7,"{""distance"":5,""physical_error_rate"":0.1}","{""detection_events"":3721,""detectors_checked"":14336,""obs_mistake_mask=E"":27}"
       128,         2,         0,   0.451,standalone_exact_mw,3fbf3739b73dda61f0188bb1f99eaf1ad6be14fe6ea44c0ac8d6c5ad12090cf3,"{""distance"":5,""physical_error_rate"":0.02}","{""detection_events"":2149,""detectors_checked"":28672,""obs_mistake_mask=E"":2}"
     27648,         0,         0,   0.582,standalone_exact_mw,29ae76c7f86edcd2f56343e8109d8463cbc736644db4e57527101e2f1c3606c8,"{""distance"":5,""physical_error_rate"":0.0002}","{""detection_events"":5084,""detectors_checked"":6193152}"
      9216,         0,         0,   0.199,standalone_exact_mw,aea10f45e3589e84a00777b800d38e8a3149bd6cb552c409f3bffd718c1a0abf,"{""distance"":5,""physical_error_rate"":5e-05}","{""detection_events"":356,""detectors_checked"":2064384}"
        32,         6,         0,   0.419,standalone_exact_mw,c8b738028fda2b050c9255682a07cc95906733115fc52715e25155705a588b66,"{""distance"":5,""physical_error_rate"":0.05}","{""detection_events"":1130,""detectors_checked"":7168,""obs_mistake_mask=E"":6}"
     75776,         0,         0,    2.18,standalone_exact_mw,29ae76c7f86edcd2f56343e8109d8463cbc736644db4e57527101e2f1c3606c8,"{""distance"":5,""physical_error_rate"":0.0002}","{""detection_events"":14142,""detectors_checked"":16973824}"
      9216,         0,         0,   0.284,standalone_exact_mw,aea10f45e3589e84a00777b800d38e8a3149bd6cb552c409f3bffd718c1a0abf,"{""distance"":5,""physical_error_rate"":5e-05}","{""detection_events"":399,""detectors_checked"":2064384}"
     14336,         0,         0,   0.572,standalone_exact_mw,cc9149276d16e61a5ac322a1d2048afebd34054fe0ed4879b77eb616628c1148,"{""distance"":5,""physical_error_rate"":0.0001}","{""detection_events"":1277,""detectors_checked"":3211264}"
       256,         6,         0,    1.07,standalone_exact_mw,3fbf3739b73dda61f0188bb1f99eaf1ad6be14fe6ea44c0ac8d6c5ad12090cf3,"{""distance"":5,""physical_error_rate"":0.02}","{""detection_events"":4213,""detectors_checked"":57344,""obs_mistake_mask=E"":6}"
        32,        16,         0,   0.671,standalone_exact_mw,b926cc1d59f2ffa0ec7a93e8795923b3e0543631758e3ab8213cfd69853d790b,"{""distance"":5,""physical_error_rate"":0.2}","{""detection_events"":2563,""detectors_checked"":7168,""obs_mistake_mask=E"":16}"
     10240,         0,         0,   0.426,standalone_exact_mw,aea10f45e3589e84a00777b800d38e8a3149bd6cb552c409f3bffd718c1a0abf,"{""distance"":5,""physical_error_rate"":5e-05}","{""detection_events"":391,""detectors_checked"":2293760}"
      1024,         0,         0,   0.152,standalone_exact_mw,7bb6e20e48600212890a8c0dbf00c9e78f41358e09b12be0f89e4aae4bc5d684,"{""distance"":5,""physical_error_rate"":0.002}","{""detection_events"":1972,""detectors_checked"":229376}"
         1,         1,         0,   0.011,standalone_exact_mw,a2951cb9d6c05a6bf216e8b727426e1a3155bcc703ace3ee8fdcacfd84d170a7,"{""distance"":5,""physical_error_rate"":0.1}","{""detection_events"":49,""detectors_checked"":224,""obs_mistake_mask=E"":1}"
        32,        21,         0,   0.487,standalone_exact_mw,116a60cbe496e8e5ed1b799237798a197a37b7e9de7e0dc58034c8e1135b3e40,"{""distance"":5,""physical_error_rate"":0.5}","{""detection_events"":3277,""detectors_checked"":7168,""obs_mistake_mask=E"":21}"
        32,        11,         0,   0.512,standalone_exact_mw,116a60cbe496e8e5ed1b799237798a197a37b7e9de7e0dc58034c8e1135b3e40,"{""distance"":5,""physical_error_rate"":0.5}","{""detection_events"":3221,""detectors_checked"":7168,""obs_mistake_mask=E"":11}"
      1024,         0,         0,   0.158,standalone_exact_mw,1a2d9ab41a8a393fdef1a304cd6cd3b39e7654fe1ff27694ddcd7a0d28bf707b,"{""distance"":5,""physical_error_rate"":0.005}","{""detection_events"":4611,""detectors_checked"":229376}"
        32,        11,         0,   0.520,standalone_exact_mw,b926cc1d59f2ffa0ec7a93e8795923b3e0543631758e3ab8213cfd69853d790b,"{""distance"":5,""physical_error_rate"":0.2}","{""detection_events"":2685,""detectors_checked"":7168,""obs_mistake_mask=E"":11}"
      4096,         0,         0,   0.453,standalone_exact_mw,7bb6e20e48600212890a8c0dbf00c9e78f41358e09b12be0f89e4aae4bc5d684,"{""distance"":5,""physical_error_rate"":0.002}","{""detection_events"":7714,""detectors_checked"":917504}"
      1024,         0,         0,   0.213,standalone_exact_mw,1a2d9ab41a8a393fdef1a304cd6cd3b39e7654fe1ff27694ddcd7a0d28bf707b,"{""distance"":5,""physical_error_rate"":0.005}","{""detection_events"":4641,""detectors_checked"":229376}"
      1024,         3,         0,   0.415,standalone_exact_mw,d243a1b0b1308c5af35ad4523cb40bd83c282feda5b2af0b0940517b428d54bb,"{""distance"":5,""physical_error_rate"":0.01}","{""detection_events"":8801,""detectors_checked"":229376,""obs_mistake_mask=E"":3}"
       512,         1,         0,   0.685,standalone_exact_mw,d243a1b0b1308c5af35ad4523cb40bd83c282feda5b2af0b0940517b428d54bb,"{""distance"":5,""physical_error_rate"":0.01}","{""detection_events"":4518,""detectors_checked"":114688,""obs_mistake_mask=E"":1}"
      1024,         0,         0,   0.125,standalone_exact_mw,7bb6e20e48600212890a8c0dbf00c9e78f41358e09b12be0f89e4aae4bc5d684,"{""distance"":5,""physical_error_rate"":0.002}","{""detection_events"":1842,""detectors_checked"":229376}"
       512,         5,         0,   0.676,standalone_exact_mw,d243a1b0b1308c5af35ad4523cb40bd83c282feda5b2af0b0940517b428d54bb,"{""distance"":5,""physical_error_rate"":0.01}","{""detection_events"":4328,""detectors_checked"":114688,""obs_mistake_mask=E"":5}"
        32,        14,         0,   0.433,standalone_exact_mw,b926cc1d59f2ffa0ec7a93e8795923b3e0543631758e3ab8213cfd69853d790b,"{""distance"":5,""physical_error_rate"":0.2}","{""detection_events"":2517,""detectors_checked"":7168,""obs_mistake_mask=E"":14}"
        32,        17,         0,   0.299,standalone_exact_mw,b926cc1d59f2ffa0ec7a93e8795923b3e0543631758e3ab8213cfd69853d790b,"{""distance"":5,""physical_error_rate"":0.2}","{""detection_events"":2641,""detectors_checked"":7168,""obs_mistake_mask=E"":17}"
        64,        26,         0,   0.902,standalone_exact_mw,a2951cb9d6c05a6bf216e8b727426e1a3155bcc703ace3ee8fdcacfd84d170a7,"{""distance"":5,""physical_error_rate"":0.1}","{""detection_events"":3689,""detectors_checked"":14336,""obs_mistake_mask=E"":26}"
     12288,         0,         0,   0.601,standalone_exact_mw,503ee55b5ad1b1988379a241a0405811522ee4d50b473755532ad1299cb121e2,"{""distance"":5,""physical_error_rate"":0.0005}","{""detection_events"":5760,""detectors_checked"":2752512}"
       512,         1,         0,   0.482,standalone_exact_mw,d243a1b0b1308c5af35ad4523cb40bd83c282feda5b2af0b0940517b428d54bb,"{""distance"":5,""physical_error_rate"":0.01}","{""detection_events"":4487,""detectors_checked"":114688,""obs_mistake_mask=E"":1}"
      3072,         0,         0,   0.542,standalone_exact_mw,1a2d9ab41a8a393fdef1a304cd6cd3b39e7654fe1ff27694ddcd7a0d28bf707b,"{""distance"":5,""physical_error_rate"":0.005}","{""detection_events"":14090,""detectors_checked"":688128}"
      1024,         0,         0,   0.176,standalone_exact_mw,1a2d9ab41a8a393fdef1a304cd6cd3b39e7654fe1ff27694ddcd7a0d28bf707b,"{""distance"":5,""physical_error_rate"":0.005}","{""detection_events"":4575,""detectors_checked"":229376}"
     12288,         0,         0,   0.295,standalone_exact_mw,aea10f45e3589e84a00777b800d38e8a3149bd6cb552c409f3bffd718c1a0abf,"{""distance"":5,""physical_error_rate"":5e-05}","{""detection_events"":523,""detectors_checked"":2752512}"
       128,         1,         0,   0.631,standalone_exact_mw,3fbf3739b73dda61f0188bb1f99eaf1ad6be14fe6ea44c0ac8d6c5ad12090cf3,"{""distance"":5,""physical_error_rate"":0.02}","{""detection_events"":2107,""detectors_checked"":28672,""obs_mistake_mask=E"":1}"
      1024,         0,         0,   0.129,standalone_exact_mw,7bb6e20e48600212890a8c0dbf00c9e78f41358e09b12be0f89e4aae4bc5d684,"{""distance"":5,""physical_error_rate"":0.002}","{""detection_events"":1900,""detectors_checked"":229376}"
        16,         4,         0,   0.268,standalone_exact_mw,a2951cb9d6c05a6bf216e8b727426e1a3155bcc703ace3ee8fdcacfd84d170a7,"{""distance"":5,""physical_error_rate"":0.1}","{""detection_events"":963,""detectors_checked"":3584,""obs_mistake_mask=E"":4}"
     11264,         0,         0,   0.585,standalone_exact_mw,503ee55b5ad1b1988379a241a0405811522ee4d50b473755532ad1299cb121e2,"{""distance"":5,""physical_error_rate"":0.0005}","{""detection_events"":5098,""detectors_checked"":2523136}"
      1024,         1,         0,   0.240,standalone_exact_mw,1a2d9ab41a8a393fdef1a304cd6cd3b39e7654fe1ff27694ddcd7a0d28bf707b,"{""distance"":5,""physical_error_rate"":0.005}","{""detection_events"":4596,""detectors_checked"":229376,""obs_mistake_mask=E"":1}"
       128,         7,         0,   0.434,standalone_exact_mw,3fbf3739b73dda61f0188bb1f99eaf1ad6be14fe6ea44c0ac8d6c5ad12090cf3,"{""distance"":5,""physical_error_rate"":0.02}","{""detection_events"":2270,""detectors_checked"":28672,""obs_mistake_mask=E"":7}"
      7168,         3,         0,    1.15,standalone_exact_mw,1a2d9ab41a8a393fdef1a304cd6cd3b39e7654fe1ff27694ddcd7a0d28bf707b,"{""distance"":5,""physical_error_rate"":0.005}","{""detection_events"":33007,""detectors_checked"":1605632,""obs_mistake_mask=E"":3}"
        32,        17,         0,   0.650,standalone_exact_mw,116a60cbe496e8e5ed1b799237798a197a37b7e9de7e0dc58034c8e1135b3e40,"{""distance"":5,""physical_error_rate"":0.5}","{""detection_events"":3227,""detectors_checked"":7168,""obs_mistake_mask=E"":17}"
        32,         6,         0,   0.452,standalone_exact_mw,c8b738028fda2b050c9255682a07cc95906733115fc52715e25155705a588b66,"{""distance"":5,""physical_error_rate"":0.05}","{""detection_events"":1148,""detectors_checked"":7168,""obs_mistake_mask=E"":6}"
     13312,         0,         0,   0.425,standalone_exact_mw,aea10f45e3589e84a00777b800d38e8a3149bd6cb552c409f3bffd718c1a0abf,"{""distance"":5,""physical_error_rate"":5e-05}","{""detection_events"":631,""detectors_checked"":2981888}"
        32,        14,         0,   0.536,standalone_exact_mw,a2951cb9d6c05a6bf216e8b727426e1a3155bcc703ace3ee8fdcacfd84d170a7,"{""distance"":5,""physical_error_rate"":0.1}","{""detection_events"":1770,""detectors_checked"":7168,""obs_mistake_mask=E"":14}"
      1024,         0,         0,   0.149,standalone_exact_mw,7bb6e20e48600212890a8c0dbf00c9e78f41358e09b12be0f89e4aae4bc5d684,"{""distance"":5,""physical_error_rate"":0.002}","{""detection_events"":1987,""detectors_checked"":229376}"
      1024,         1,         0,   0.699,standalone_exact_mw,1a2d9ab41a8a393fdef1a304cd6cd3b39e7654fe1ff27694ddcd7a0d28bf707b,"{""distance"":5,""physical_error_rate"":0.005}","{""detection_events"":4722,""detectors_checked"":229376,""obs_mistake_mask=E"":1}"
        32,        14,         0,   0.428,standalone_exact_mw,b926cc1d59f2ffa0ec7a93e8795923b3e0543631758e3ab8213cfd69853d790b,"{""distance"":5,""physical_error_rate"":0.2}","{""detection_events"":2528,""detectors_checked"":7168,""obs_mistake_mask=E"":14}"
      6144,         0,         0,   0.631,standalone_exact_mw,503ee55b5ad1b1988379a241a0405811522ee4d50b473755532ad1299cb121e2,"{""distance"":5,""physical_error_rate"":0.0005}","{""detection_events"":2730,""detectors_checked"":1376256}"
        32,        14,         0,   0.500,standalone_exact_mw,116a60cbe496e8e5ed1b799237798a197a37b7e9de7e0dc58034c8e1135b3e40,"{""distance"":5,""physical_error_rate"":0.5}","{""detection_events"":3198,""detectors_checked"":7168,""obs_mistake_mask=E"":14}"
        32,        14,         0,   0.507,standalone_exact_mw,116a60cbe496e8e5ed1b799237798a197a37b7e9de7e0dc58034c8e1135b3e40,"{""distance"":5,""physical_error_rate"":0.5}","{""detection_events"":3309,""detectors_checked"":7168,""obs_mistake_mask=E"":14}"
     45056,         0,         0,   0.815,standalone_exact_mw,cc9149276d16e61a5ac322a1d2048afebd34054fe0ed4879b77eb616628c1148,"{""distance"":5,""physical_error_rate"":0.0001}","{""detection_events"":3951,""detectors_checked"":10092544}"
     21504,         0,         0,   0.826,standalone_exact_mw,cc9149276d16e61a5ac322a1d2048afebd34054fe0ed4879b77eb616628c1148,"{""distance"":5,""physical_error_rate"":0.0001}","{""detection_events"":1916,""detectors_checked"":4816896}"
      1024,         1,         0,   0.272,standalone_exact_mw,1a2d9ab41a8a393fdef1a304cd6cd3b39e7654fe1ff27694ddcd7a0d28bf707b,"{""distance"":5,""physical_error_rate"":0.005}","{""detection_events"":4737,""detectors_checked"":229376,""obs_mistake_mask=E"":1}"
     14336,         0,         0,   0.575,standalone_exact_mw,aea10f45e3589e84a00777b800d38e8a3149bd6cb552c409f3bffd718c1a0abf,"{""distance"":5,""physical_error_rate"":5e-05}","{""detection_events"":612,""detectors_checked"":3211264}"
      2048,         0,         0,   0.401,standalone_exact_mw,1a2d9ab41a8a393fdef1a304cd6cd3b39e7654fe1ff27694ddcd7a0d28bf707b,"{""distance"":5,""physical_error_rate"":0.005}","{""detection_events"":9388,""detectors_checked"":458752}"
        32,        16,         0,   0.635,standalone_exact_mw,b926cc1d59f2ffa0ec7a93e8795923b3e0543631758e3ab8213cfd69853d790b,"{""distance"":5,""physical_error_rate"":0.2}","{""detection_events"":2556,""detectors_checked"":7168,""obs_mistake_mask=E"":16}"
     13312,         0,         0,   0.404,standalone_exact_mw,aea10f45e3589e84a00777b800d38e8a3149bd6cb552c409f3bffd718c1a0abf,"{""distance"":5,""physical_error_rate"":5e-05}","{""detection_events"":679,""detectors_checked"":2981888}"
      5120,         1,         0,   0.610,standalone_exact_mw,7bb6e20e48600212890a8c0dbf00c9e78f41358e09b12be0f89e4aae4bc5d684,"{""distance"":5,""physical_error_rate"":0.002}","{""detection_events"":9109,""detectors_checked"":1146880,""obs_mistake_mask=E"":1}"
      2048,         0,         0,   0.278,standalone_exact_mw,7bb6e20e48600212890a8c0dbf00c9e78f41358e09b12be0f89e4aae4bc5d684,"{""distance"":5,""physical_error_rate"":0.002}","{""detection_events"":3985,""detectors_checked"":458752}"
     27648,         0,         0,   0.783,standalone_exact_mw,29ae76c7f86edcd2f56343e8109d8463cbc736644db4e57527101e2f1c3606c8,"{""distance"":5,""physical_error_rate"":0.0002}","{""detection_events"":5379,""detectors_checked"":6193152}"
       512,         0,         0,   0.572,standalone_exact_mw,d243a1b0b1308c5af35ad4523cb40bd83c282feda5b2af0b0940517b428d54bb,"{""distance"":5,""physical_error_rate"":0.01}","{""detection_events"":4537,""detectors_checked"":114688}"
       512,         2,         0,   0.637,standalone_exact_mw,d243a1b0b1308c5af35ad4523cb40bd83c282feda5b2af0b0940517b428d54bb,"{""distance"":5,""physical_error_rate"":0.01}","{""detection_events"":4531,""detectors_checked"":114688,""obs_mistake_mask=E"":2}"
     22528,         0,         0,   0.789,standalone_exact_mw,cc9149276d16e61a5ac322a1d2048afebd34054fe0ed4879b77eb616628c1148,"{""distance"":5,""physical_error_rate"":0.0001}","{""detection_events"":2133,""detectors_checked"":5046272}"
       128,         5,         0,   0.467,standalone_exact_mw,3fbf3739b73dda61f0188bb1f99eaf1ad6be14fe6ea44c0ac8d6c5ad12090cf3,"{""distance"":5,""physical_error_rate"":0.02}","{""detection_events"":2207,""detectors_checked"":28672,""obs_mistake_mask=E"":5}"
      3072,         1,         0,   0.614,standalone_exact_mw,1a2d9ab41a8a393fdef1a304cd6cd3b39e7654fe1ff27694ddcd7a0d28bf707b,"{""distance"":5,""physical_error_rate"":0.005}","{""detection_events"":14142,""detectors_checked"":688128,""obs_mistake_mask=E"":1}"
         1,         0,         0,   0.021,standalone_exact_mw,77d802c74222c3324b7f1323f7447c6411ad27be92307b6127e53af575faadca,"{""distance"":5,""physical_error_rate"":0.001}","{""detectors_checked"":224}"
       512,         0,         0,   0.643,standalone_exact_mw,d243a1b0b1308c5af35ad4523cb40bd83c282feda5b2af0b0940517b428d54bb,"{""distance"":5,""physical_error_rate"":0.01}","{""detection_events"":4429,""detectors_checked"":114688}"
      1024,         3,         0,   0.754,standalone_exact_mw,d243a1b0b1308c5af35ad4523cb40bd83c282feda5b2af0b0940517b428d54bb,"{""distance"":5,""physical_error_rate"":0.01}","{""detection_events"":8781,""detectors_checked"":229376,""obs_mistake_mask=E"":3}"
     24576,         1,         0,    1.15,standalone_exact_mw,7bb6e20e48600212890a8c0dbf00c9e78f41358e09b12be0f89e4aae4bc5d684,"{""distance"":5,""physical_error_rate"":0.002}","{""detection_events"":44824,""detectors_checked"":5505024,""obs_mistake_mask=E"":1}"
       272,         0,         0,   0.021,standalone_exact_mw,77d802c74222c3324b7f1323f7447c6411ad27be92307b6127e53af575faadca,"{""distance"":5,""physical_error_rate"":0.001}","{""detection_events"":226,""detectors_checked"":60928}"
        64,        30,         0,   0.700,standalone_exact_mw,b926cc1d59f2ffa0ec7a93e8795923b3e0543631758e3ab8213cfd69853d790b,"{""distance"":5,""physical_error_rate"":0.2}","{""detection_events"":5202,""detectors_checked"":14336,""obs_mistake_mask=E"":30}"
        32,        15,         0,   0.575,standalone_exact_mw,a2951cb9d6c05a6bf216e8b727426e1a3155bcc703ace3ee8fdcacfd84d170a7,"{""distance"":5,""physical_error_rate"":0.1}","{""detection_events"":1894,""detectors_checked"":7168,""obs_mistake_mask=E"":15}"
       128,         2,         0,   0.641,standalone_exact_mw,3fbf3739b73dda61f0188bb1f99eaf1ad6be14fe6ea44c0ac8d6c5ad12090cf3,"{""distance"":5,""physical_error_rate"":0.02}","{""detection_events"":2123,""detectors_checked"":28672,""obs_mistake_mask=E"":2}"
        32,         7,         0,   0.442,standalone_exact_mw,b926cc1d59f2ffa0ec7a93e8795923b3e0543631758e3ab8213cfd69853d790b,"{""distance"":5,""physical_error_rate"":0.2}","{""detection_events"":2551,""detectors_checked"":7168,""obs_mistake_mask=E"":7}"
        64,        31,         0,   0.747,standalone_exact_mw,a2951cb9d6c05a6bf216e8b727426e1a3155bcc703ace3ee8fdcacfd84d170a7,"{""distance"":5,""physical_error_rate"":0.1}","{""detection_events"":3657,""detectors_checked"":14336,""obs_mistake_mask=E"":31}"
        32,        12,         0,   0.531,standalone_exact_mw,a2951cb9d6c05a6bf216e8b727426e1a3155bcc703ace3ee8fdcacfd84d170a7,"{""distance"":5,""physical_error_rate"":0.1}","{""detection_events"":1796,""detectors_checked"":7168,""obs_mistake_mask=E"":12}"
      1024,         0,         0,   0.079,standalone_exact_mw,77d802c74222c3324b7f1323f7447c6411ad27be92307b6127e53af575faadca,"{""distance"":5,""physical_error_rate"":0.001}","{""detection_events"":950,""detectors_checked"":229376}"
        64,        29,         0,    1.05,standalone_exact_mw,a2951cb9d6c05a6bf216e8b727426e1a3155bcc703ace3ee8fdcacfd84d170a7,"{""distance"":5,""physical_error_rate"":0.1}","{""detection_events"":3639,""detectors_checked"":14336,""obs_mistake_mask=E"":29}"
        32,        17,         0,   0.441,standalone_exact_mw,116a60cbe496e8e5ed1b799237798a197a37b7e9de7e0dc58034c8e1135b3e40,"{""distance"":5,""physical_error_rate"":0.5}","{""detection_events"":3285,""detectors_checked"":7168,""obs_mistake_mask=E"":17}"
     22528,         0,         0,   0.801,standalone_exact_mw,503ee55b5ad1b1988379a241a0405811522ee4d50b473755532ad1299cb121e2,"{""distance"":5,""physical_error_rate"":0.0005}","{""detection_events"":10502,""detectors_checked"":5046272}"
        64,        19,         0,   0.628,standalone_exact_mw,c8b738028fda2b050c9255682a07cc95906733115fc52715e25155705a588b66,"{""distance"":5,""physical_error_rate"":0.05}","{""detection_events"":2122,""detectors_checked"":14336,""obs_mistake_mask=E"":19}"
      2048,         0,         0,   0.294,standalone_exact_mw,7bb6e20e48600212890a8c0dbf00c9e78f41358e09b12be0f89e4aae4bc5d684,"{""distance"":5,""physical_error_rate"":0.002}","{""detection_events"":3907,""detectors_checked"":458752}"
    102400,         0,         0,    1.56,standalone_exact_mw,cc9149276d16e61a5ac322a1d2048afebd34054fe0ed4879b77eb616628c1148,"{""distance"":5,""physical_error_rate"":0.0001}","{""detection_events"":9114,""detectors_checked"":22937600}"
     18432,         0,         0,   0.568,standalone_exact_mw,aea10f45e3589e84a00777b800d38e8a3149bd6cb552c409f3bffd718c1a0abf,"{""distance"":5,""physical_error_rate"":5e-05}","{""detection_events"":838,""detectors_checked"":4128768}"
        64,        36,         0,   0.872,standalone_exact_mw,b926cc1d59f2ffa0ec7a93e8795923b3e0543631758e3ab8213cfd69853d790b,"{""distance"":5,""physical_error_rate"":0.2}","{""detection_events"":5235,""detectors_checked"":14336,""obs_mistake_mask=E"":36}"
        32,        25,         0,   0.667,standalone_exact_mw,116a60cbe496e8e5ed1b799237798a197a37b7e9de7e0dc58034c8e1135b3e40,"{""distance"":5,""physical_error_rate"":0.5}","{""detection_events"":3241,""detectors_checked"":7168,""obs_mistake_mask=E"":25}"
      2048,         0,         0,   0.431,standalone_exact_mw,1a2d9ab41a8a393fdef1a304cd6cd3b39e7654fe1ff27694ddcd7a0d28bf707b,"{""distance"":5,""physical_error_rate"":0.005}","{""detection_events"":9438,""detectors_checked"":458752}"
      1024,         0,         0,   0.102,standalone_exact_mw,77d802c74222c3324b7f1323f7447c6411ad27be92307b6127e53af575faadca,"{""distance"":5,""physical_error_rate"":0.001}","{""detection_events"":1056,""detectors_checked"":229376}"
      3072,         2,         0,   0.467,standalone_exact_mw,1a2d9ab41a8a393fdef1a304cd6cd3b39e7654fe1ff27694ddcd7a0d28bf707b,"{""distance"":5,""physical_error_rate"":0.005}","{""detection_events"":13692,""detectors_checked"":688128,""obs_mistake_mask=E"":2}"
        32,        17,         0,   0.443,standalone_exact_mw,b926cc1d59f2ffa0ec7a93e8795923b3e0543631758e3ab8213cfd69853d790b,"{""distance"":5,""physical_error_rate"":0.2}","{""detection_events"":2583,""detectors_checked"":7168,""obs_mistake_mask=E"":17}"
      1024,         0,         0,   0.060,standalone_exact_mw,77d802c74222c3324b7f1323f7447c6411ad27be92307b6127e53af575faadca,"{""distance"":5,""physical_error_rate"":0.001}","{""detection_events"":968,""detectors_checked"":229376}"
     16384,         0,         0,   0.817,standalone_exact_mw,503ee55b5ad1b1988379a241a0405811522ee4d50b473755532ad1299cb121e2,"{""distance"":5,""physical_error_rate"":0.0005}","{""detection_events"":7460,""detectors_checked"":3670016}"
       128,         4,         0,   0.320,standalone_exact_mw,3fbf3739b73dda61f0188bb1f99eaf1ad6be14fe6ea44c0ac8d6c5ad12090cf3,"{""distance"":5,""physical_error_rate"":0.02}","{""detection_events"":2275,""detectors_checked"":28672,""obs_mistake_mask=E"":4}"
      1024,         0,         0,   0.080,standalone_exact_mw,77d802c74222c3324b7f1323f7447c6411ad27be92307b6127e53af575faadca,"{""distance"":5,""physical_error_rate"":0.001}","{""detection_events"":978,""detectors_checked"":229376}"
         1,         1,         0,   0.027,standalone_exact_mw,b926cc1d59f2ffa0ec7a93e8795923b3e0543631758e3ab8213cfd69853d790b,"{""distance"":5,""physical_error_rate"":0.2}","{""detection_events"":88,""detectors_checked"":224,""obs_mistake_mask=E"":1}"
        32,        15,         0,   0.390,standalone_exact_mw,a2951cb9d6c05a6bf216e8b727426e1a3155bcc703ace3ee8fdcacfd84d170a7,"{""distance"":5,""physical_error_rate"":0.1}","{""detection_events"":1795,""detectors_checked"":7168,""obs_mistake_mask=E"":15}"
     12288,         0,         0,   0.612,standalone_exact_mw,aea10f45e3589e84a00777b800d38e8a3149bd6cb552c409f3bffd718c1a0abf,"{""distance"":5,""physical_error_rate"":5e-05}","{""detection_events"":589,""detectors_checked"":2752512}"
       512,         1,         0,   0.456,standalone_exact_mw,d243a1b0b1308c5af35ad4523cb40bd83c282feda5b2af0b0940517b428d54bb,"{""distance"":5,""physical_error_rate"":0.01}","{""detection_events"":4407,""detectors_checked"":114688,""obs_mistake_mask=E"":1}"
      2048,         0,         0,   0.127,standalone_exact_mw,77d802c74222c3324b7f1323f7447c6411ad27be92307b6127e53af575faadca,"{""distance"":5,""physical_error_rate"":0.001}","{""detection_events"":1936,""detectors_checked"":458752}"
      6144,         0,         0,   0.849,standalone_exact_mw,503ee55b5ad1b1988379a241a0405811522ee4d50b473755532ad1299cb121e2,"{""distance"":5,""physical_error_rate"":0.0005}","{""detection_events"":2927,""detectors_checked"":1376256}"
        32,        16,         0,   0.436,standalone_exact_mw,b926cc1d59f2ffa0ec7a93e8795923b3e0543631758e3ab8213cfd69853d790b,"{""distance"":5,""physical_error_rate"":0.2}","{""detection_events"":2544,""detectors_checked"":7168,""obs_mistake_mask=E"":16}"
      1024,         1,         0,   0.924,standalone_exact_mw,1a2d9ab41a8a393fdef1a304cd6cd3b39e7654fe1ff27694ddcd7a0d28bf707b,"{""distance"":5,""physical_error_rate"":0.005}","{""detection_events"":4571,""detectors_checked"":229376,""obs_mistake_mask=E"":1}"
       512,         1,         0,   0.633,standalone_exact_mw,d243a1b0b1308c5af35ad4523cb40bd83c282feda5b2af0b0940517b428d54bb,"{""distance"":5,""physical_error_rate"":0.01}","{""detection_events"":4698,""detectors_checked"":114688,""obs_mistake_mask=E"":1}"
     88064,         0,         0,    2.18,standalone_exact_mw,aea10f45e3589e84a00777b800d38e8a3149bd6cb552c409f3bffd718c1a0abf,"{""distance"":5,""physical_error_rate"":5e-05}","{""detection_events"":4032,""detectors_checked"":19726336}"
     22528,         0,         0,   0.799,standalone_exact_mw,aea10f45e3589e84a00777b800d38e8a3149bd6cb552c409f3bffd718c1a0abf,"{""distance"":5,""physical_error_rate"":5e-05}","{""detection_events"":1066,""detectors_checked"":5046272}"
       128,         2,         0,   0.517,standalone_exact_mw,3fbf3739b73dda61f0188bb1f99eaf1ad6be14fe6ea44c0ac8d6c5ad12090cf3,"{""distance"":5,""physical_error_rate"":0.02}","{""detection_events"":2060,""detectors_checked"":28672,""obs_mistake_mask=E"":2}"
        32,        17,         0,   0.490,standalone_exact_mw,a2951cb9d6c05a6bf216e8b727426e1a3155bcc703ace3ee8fdcacfd84d170a7,"{""distance"":5,""physical_error_rate"":0.1}","{""detection_events"":1837,""detectors_checked"":7168,""obs_mistake_mask=E"":17}"
        64,        28,         0,   0.570,standalone_exact_mw,b926cc1d59f2ffa0ec7a93e8795923b3e0543631758e3ab8213cfd69853d790b,"{""distance"":5,""physical_error_rate"":0.2}","{""detection_events"":5113,""detectors_checked"":14336,""obs_mistake_mask=E"":28}"
      2048,         0,         0,   0.140,standalone_exact_mw,77d802c74222c3324b7f1323f7447c6411ad27be92307b6127e53af575faadca,"{""distance"":5,""physical_error_rate"":0.001}","{""detection_events"":1901,""detectors_checked"":458752}"
        32,        14,         0,   0.390,standalone_exact_mw,b926cc1d59f2ffa0ec7a93e8795923b3e0543631758e3ab8213cfd69853d790b,"{""distance"":5,""physical_error_rate"":0.2}","{""detection_events"":2571,""detectors_checked"":7168,""obs_mistake_mask=E"":14}"
      5120,         0,         0,   0.492,standalone_exact_mw,7bb6e20e48600212890a8c0dbf00c9e78f41358e09b12be0f89e4aae4bc5d684,"{""distance"":5,""physical_error_rate"":0.002}","{""detection_events"":9384,""detectors_checked"":1146880}"
         1,         1,         0,   0.030,standalone_exact_mw,116a60cbe496e8e5ed1b799237798a197a37b7e9de7e0dc58034c8e1135b3e40,"{""distance"":5,""physical_error_rate"":0.5}","{""detection_events"":105,""detectors_checked"":224,""obs_mistake_mask=E"":1}"
        32,        19,         0,    1.02,standalone_exact_mw,116a60cbe496e8e5ed1b799237798a197a37b7e9de7e0dc58034c8e1135b3e40,"{""distance"":5,""physical_error_rate"":0.5}","{""detection_events"":3217,""detectors_checked"":7168,""obs_mistake_mask=E"":19}"
      3072,         3,         0,   0.503,standalone_exact_mw,1a2d9ab41a8a393fdef1a304cd6cd3b39e7654fe1ff27694ddcd7a0d28bf707b,"{""distance"":5,""physical_error_rate"":0.005}","{""detection_events"":13896,""detectors_checked"":688128,""obs_mistake_mask=E"":3}"
      2048,         1,         0,   0.499,standalone_exact_mw,1a2d9ab41a8a393fdef1a304cd6cd3b39e7654fe1ff27694ddcd7a0d28bf707b,"{""distance"":5,""physical_error_rate"":0.005}","{""detection_events"":9277,""detectors_checked"":458752,""obs_mistake_mask=E"":1}"
        16,         6,         0,   0.360,standalone_exact_mw,b926cc1d59f2ffa0ec7a93e8795923b3e0543631758e3ab8213cfd69853d790b,"{""distance"":5,""physical_error_rate"":0.2}","{""detection_events"":1285,""detectors_checked"":3584,""obs_mistake_mask=E"":6}"
      9216,         0,         0,   0.898,standalone_exact_mw,7bb6e20e48600212890a8c0dbf00c9e78f41358e09b12be0f89e4aae4bc5d684,"{""distance"":5,""physical_error_rate"":0.002}","{""detection_events"":16606,""detectors_checked"":2064384}"
        32,        16,         0,   0.409,standalone_exact_mw,a2951cb9d6c05a6bf216e8b727426e1a3155bcc703ace3ee8fdcacfd84d170a7,"{""distance"":5,""physical_error_rate"":0.1}","{""detection_events"":1900,""detectors_checked"":7168,""obs_mistake_mask=E"":16}"
     43008,         0,         0,    1.13,standalone_exact_mw,cc9149276d16e61a5ac322a1d2048afebd34054fe0ed4879b77eb616628c1148,"{""distance"":5,""physical_error_rate"":0.0001}","{""detection_events"":4104,""detectors_checked"":9633792}"
      5120,         4,         0,   0.850,standalone_exact_mw,1a2d9ab41a8a393fdef1a304cd6cd3b39e7654fe1ff27694ddcd7a0d28bf707b,"{""distance"":5,""physical_error_rate"":0.005}","{""detection_events"":23153,""detectors_checked"":1146880,""obs_mistake_mask=E"":4}"
      3072,         0,         0,   0.223,standalone_exact_mw,77d802c74222c3324b7f1323f7447c6411ad27be92307b6127e53af575faadca,"{""distance"":5,""physical_error_rate"":0.001}","{""detection_events"":2915,""detectors_checked"":688128}"
     43008,         0,         0,    1.13,standalone_exact_mw,cc9149276d16e61a5ac322a1d2048afebd34054fe0ed4879b77eb616628c1148,"{""distance"":5,""physical_error_rate"":0.0001}","{""detection_events"":4116,""detectors_checked"":9633792}"
        64,        30,         0,   0.743,standalone_exact_mw,116a60cbe496e8e5ed1b799237798a197a37b7e9de7e0dc58034c8e1135b3e40,"{""distance"":5,""physical_error_rate"":0.5}","{""detection_events"":6609,""detectors_checked"":14336,""obs_mistake_mask=E"":30}"
        64,        20,         0,   0.787,standalone_exact_mw,a2951cb9d6c05a6bf216e8b727426e1a3155bcc703ace3ee8fdcacfd84d170a7,"{""distance"":5,""physical_error_rate"":0.1}","{""detection_events"":3618,""detectors_checked"":14336,""obs_mistake_mask=E"":20}"
         1,         0,         0,   0.005,standalone_exact_mw,c8b738028fda2b050c9255682a07cc95906733115fc52715e25155705a588b66,"{""distance"":5,""physical_error_rate"":0.05}","{""detection_events"":37,""detectors_checked"":224}"
        16,         6,         0,   0.227,standalone_exact_mw,116a60cbe496e8e5ed1b799237798a197a37b7e9de7e0dc58034c8e1135b3e40,"{""distance"":5,""physical_error_rate"":0.5}","{""detection_events"":1611,""detectors_checked"":3584,""obs_mistake_mask=E"":6}"
        64,        26,         0,   0.814,standalone_exact_mw,a2951cb9d6c05a6bf216e8b727426e1a3155bcc703ace3ee8fdcacfd84d170a7,"{""distance"":5,""physical_error_rate"":0.1}","{""detection_events"":3636,""detectors_checked"":14336,""obs_mistake_mask=E"":26}"
     32768,         0,         0,   0.775,standalone_exact_mw,aea10f45e3589e84a00777b800d38e8a3149bd6cb552c409f3bffd718c1a0abf,"{""distance"":5,""physical_error_rate"":5e-05}","{""detection_events"":1610,""detectors_checked"":7340032}"
        32,        20,         0,   0.310,standalone_exact_mw,b926cc1d59f2ffa0ec7a93e8795923b3e0543631758e3ab8213cfd69853d790b,"{""distance"":5,""physical_error_rate"":0.2}","{""detection_events"":2640,""detectors_checked"":7168,""obs_mistake_mask=E"":20}"
        32,        15,         0,   0.450,standalone_exact_mw,b926cc1d59f2ffa0ec7a93e8795923b3e0543631758e3ab8213cfd69853d790b,"{""distance"":5,""physical_error_rate"":0.2}","{""detection_events"":2592,""detectors_checked"":7168,""obs_mistake_mask=E"":15}"
       256,         4,         0,    1.83,standalone_exact_mw,3fbf3739b73dda61f0188bb1f99eaf1ad6be14fe6ea44c0ac8d6c5ad12090cf3,"{""distance"":5,""physical_error_rate"":0.02}","{""detection_events"":4130,""detectors_checked"":57344,""obs_mistake_mask=E"":4}"
      1024,         4,         0,   0.979,standalone_exact_mw,d243a1b0b1308c5af35ad4523cb40bd83c282feda5b2af0b0940517b428d54bb,"{""distance"":5,""physical_error_rate"":0.01}","{""detection_events"":8945,""detectors_checked"":229376,""obs_mistake_mask=E"":4}"
        32,        12,         0,   0.405,standalone_exact_mw,a2951cb9d6c05a6bf216e8b727426e1a3155bcc703ace3ee8fdcacfd84d170a7,"{""distance"":5,""physical_error_rate"":0.1}","{""detection_events"":1813,""detectors_checked"":7168,""obs_mistake_mask=E"":12}"
     38912,         0,         0,    1.12,standalone_exact_mw,29ae76c7f86edcd2f56343e8109d8463cbc736644db4e57527101e2f1c3606c8,"{""distance"":5,""physical_error_rate"":0.0002}","{""detection_events"":7305,""detectors_checked"":8716288}"
       512,         0,         0,   0.550,standalone_exact_mw,d243a1b0b1308c5af35ad4523cb40bd83c282feda5b2af0b0940517b428d54bb,"{""distance"":5,""physical_error_rate"":0.01}","{""detection_events"":4579,""detectors_checked"":114688}"
        64,         9,         0,   0.843,standalone_exact_mw,c8b738028fda2b050c9255682a07cc95906733115fc52715e25155705a588b66,"{""distance"":5,""physical_error_rate"":0.05}","{""detection_events"":2158,""detectors_checked"":14336,""obs_mistake_mask=E"":9}"
        16,         2,         0,   0.121,standalone_exact_mw,c8b738028fda2b050c9255682a07cc95906733115fc52715e25155705a588b66,"{""distance"":5,""physical_error_rate"":0.05}","{""detection_events"":516,""detectors_checked"":3584,""obs_mistake_mask=E"":2}"
       128,         3,         0,   0.483,standalone_exact_mw,3fbf3739b73dda61f0188bb1f99eaf1ad6be14fe6ea44c0ac8d6c5ad12090cf3,"{""distance"":5,""physical_error_rate"":0.02}","{""detection_events"":2038,""detectors_checked"":28672,""obs_mistake_mask=E"":3}"
     27648,         0,         0,    1.14,standalone_exact_mw,cc9149276d16e61a5ac322a1d2048afebd34054fe0ed4879b77eb616628c1148,"{""distance"":5,""physical_error_rate"":0.0001}","{""detection_events"":2753,""detectors_checked"":6193152}"
        16,         8,         0,   0.353,standalone_exact_mw,b926cc1d59f2ffa0ec7a93e8795923b3e0543631758e3ab8213cfd69853d790b,"{""distance"":5,""physical_error_rate"":0.2}","{""detection_events"":1264,""detectors_checked"":3584,""obs_mistake_mask=E"":8}"
     56320,         0,         0,    2.18,standalone_exact_mw,77d802c74222c3324b7f1323f7447c6411ad27be92307b6127e53af575faadca,"{""distance"":5,""physical_error_rate"":0.001}","{""detection_events"":51799,""detectors_checked"":12615680}"
        64,        30,         0,   0.949,standalone_exact_mw,b926cc1d59f2ffa0ec7a93e8795923b3e0543631758e3ab8213cfd69853d790b,"{""distance"":5,""physical_error_rate"":0.2}","{""detection_events"":5120,""detectors_checked"":14336,""obs_mistake_mask=E"":30}"
       512,         0,         0,    1.23,standalone_exact_mw,d243a1b0b1308c5af35ad4523cb40bd83c282feda5b2af0b0940517b428d54bb,"{""distance"":5,""physical_error_rate"":0.01}","{""detection_events"":4533,""detectors_checked"":114688}"
     10240,         4,         0,    1.63,standalone_exact_mw,1a2d9ab41a8a393fdef1a304cd6cd3b39e7654fe1ff27694ddcd7a0d28bf707b,"{""distance"":5,""physical_error_rate"":0.005}","{""detection_events"":47098,""detectors_checked"":2293760,""obs_mistake_mask=E"":4}"
      3072,         0,         0,   0.302,standalone_exact_mw,77d802c74222c3324b7f1323f7447c6411ad27be92307b6127e53af575faadca,"{""distance"":5,""physical_error_rate"":0.001}","{""detection_events"":2868,""detectors_checked"":688128}"
    153600,         0,         0,    4.25,standalone_exact_mw,503ee55b5ad1b1988379a241a0405811522ee4d50b473755532ad1299cb121e2,"{""distance"":5,""physical_error_rate"":0.0005}","{""detection_events"":71792,""detectors_checked"":34406400}"
        64,        32,         0,   0.584,standalone_exact_mw,b926cc1d59f2ffa0ec7a93e8795923b3e0543631758e3ab8213cfd69853d790b,"{""distance"":5,""physical_error_rate"":0.2}","{""detection_events"":5193,""detectors_checked"":14336,""obs_mistake_mask=E"":32}"
       273,         0,         0,   0.012,standalone_exact_mw,77d802c74222c3324b7f1323f7447c6411ad27be92307b6127e53af575faadca,"{""distance"":5,""physical_error_rate"":0.001}","{""detection_events"":296,""detectors_checked"":61152}"
       512,         1,         0,   0.671,standalone_exact_mw,d243a1b0b1308c5af35ad4523cb40bd83c282feda5b2af0b0940517b428d54bb,"{""distance"":5,""physical_error_rate"":0.01}","{""detection_events"":4656,""detectors_checked"":114688,""obs_mistake_mask=E"":1}"
     19456,         0,         0,   0.814,standalone_exact_mw,aea10f45e3589e84a00777b800d38e8a3149bd6cb552c409f3bffd718c1a0abf,"{""distance"":5,""physical_error_rate"":5e-05}","{""detection_events"":954,""detectors_checked"":4358144}"
      1024,         0,         0,   0.053,standalone_exact_mw,77d802c74222c3324b7f1323f7447c6411ad27be92307b6127e53af575faadca,"{""distance"":5,""physical_error_rate"":0.001}","{""detection_events"":975,""detectors_checked"":229376}"
       384,         8,         0,   0.953,standalone_exact_mw,3fbf3739b73dda61f0188bb1f99eaf1ad6be14fe6ea44c0ac8d6c5ad12090cf3,"{""distance"":5,""physical_error_rate"":0.02}","{""detection_events"":6370,""detectors_checked"":86016,""obs_mistake_mask=E"":8}"
        32,        17,         0,   0.430,standalone_exact_mw,a2951cb9d6c05a6bf216e8b727426e1a3155bcc703ace3ee8fdcacfd84d170a7,"{""distance"":5,""physical_error_rate"":0.1}","{""detection_events"":1886,""detectors_checked"":7168,""obs_mistake_mask=E"":17}"
     33792,         0,         0,    1.10,standalone_exact_mw,503ee55b5ad1b1988379a241a0405811522ee4d50b473755532ad1299cb121e2,"{""distance"":5,""physical_error_rate"":0.0005}","{""detection_events"":15786,""detectors_checked"":7569408}"
      1024,         0,         0,   0.053,standalone_exact_mw,77d802c74222c3324b7f1323f7447c6411ad27be92307b6127e53af575faadca,"{""distance"":5,""physical_error_rate"":0.001}","{""detection_events"":943,""detectors_checked"":229376}"
      5120,         0,         0,   0.641,standalone_exact_mw,7bb6e20e48600212890a8c0dbf00c9e78f41358e09b12be0f89e4aae4bc5d684,"{""distance"":5,""physical_error_rate"":0.002}","{""detection_events"":9398,""detectors_checked"":1146880}"
       273,         0,         0,   0.014,standalone_exact_mw,7bb6e20e48600212890a8c0dbf00c9e78f41358e09b12be0f89e4aae4bc5d684,"{""distance"":5,""physical_error_rate"":0.002}","{""detection_events"":520,""detectors_checked"":61152}"
      1024,         0,         0,   0.061,standalone_exact_mw,77d802c74222c3324b7f1323f7447c6411ad27be92307b6127e53af575faadca,"{""distance"":5,""physical_error_rate"":0.001}","{""detection_events"":974,""detectors_checked"":229376}"
       128,         2,         0,   0.325,standalone_exact_mw,3fbf3739b73dda61f0188bb1f99eaf1ad6be14fe6ea44c0ac8d6c5ad12090cf3,"{""distance"":5,""physical_error_rate"":0.02}","{""detection_events"":2162,""detectors_checked"":28672,""obs_mistake_mask=E"":2}"
        32,        16,         0,   0.376,standalone_exact_mw,a2951cb9d6c05a6bf216e8b727426e1a3155bcc703ace3ee8fdcacfd84d170a7,"{""distance"":5,""physical_error_rate"":0.1}","{""detection_events"":1746,""detectors_checked"":7168,""obs_mistake_mask=E"":16}"
       512,         0,         0,   0.360,standalone_exact_mw,d243a1b0b1308c5af35ad4523cb40bd83c282feda5b2af0b0940517b428d54bb,"{""distance"":5,""physical_error_rate"":0.01}","{""detection_events"":4571,""detectors_checked"":114688}"
      3072,         0,         0,   0.674,standalone_exact_mw,1a2d9ab41a8a393fdef1a304cd6cd3b39e7654fe1ff27694ddcd7a0d28bf707b,"{""distance"":5,""physical_error_rate"":0.005}","{""detection_events"":13851,""detectors_checked"":688128}"
      1024,         0,         0,   0.046,standalone_exact_mw,77d802c74222c3324b7f1323f7447c6411ad27be92307b6127e53af575faadca,"{""distance"":5,""physical_error_rate"":0.001}","{""detection_events"":980,""detectors_checked"":229376}"
     21504,         0,         0,    1.10,standalone_exact_mw,503ee55b5ad1b1988379a241a0405811522ee4d50b473755532ad1299cb121e2,"{""distance"":5,""physical_error_rate"":0.0005}","{""detection_events"":10193,""detectors_checked"":4816896}"
      1024,         0,         0,   0.074,standalone_exact_mw,7bb6e20e48600212890a8c0dbf00c9e78f41358e09b12be0f89e4aae4bc5d684,"{""distance"":5,""physical_error_rate"":0.002}","{""detection_events"":1858,""detectors_checked"":229376}"
      3072,         1,         0,   0.725,standalone_exact_mw,1a2d9ab41a8a393fdef1a304cd6cd3b39e7654fe1ff27694ddcd7a0d28bf707b,"{""distance"":5,""physical_error_rate"":0.005}","{""detection_events"":13953,""detectors_checked"":688128,""obs_mistake_mask=E"":1}"
        32,        25,         0,   0.538,standalone_exact_mw,116a60cbe496e8e5ed1b799237798a197a37b7e9de7e0dc58034c8e1135b3e40,"{""distance"":5,""physical_error_rate"":0.5}","{""detection_events"":3338,""detectors_checked"":7168,""obs_mistake_mask=E"":25}"
        64,        34,         0,    1.29,standalone_exact_mw,116a60cbe496e8e5ed1b799237798a197a37b7e9de7e0dc58034c8e1135b3e40,"{""distance"":5,""physical_error_rate"":0.5}","{""detection_events"":6398,""detectors_checked"":14336,""obs_mistake_mask=E"":34}"
      2048,         0,         0,   0.103,standalone_exact_mw,77d802c74222c3324b7f1323f7447c6411ad27be92307b6127e53af575faadca,"{""distance"":5,""physical_error_rate"":0.001}","{""detection_events"":1848,""detectors_checked"":458752}"
      3072,         0,         0,   0.329,standalone_exact_mw,77d802c74222c3324b7f1323f7447c6411ad27be92307b6127e53af575faadca,"{""distance"":5,""physical_error_rate"":0.001}","{""detection_events"":2974,""detectors_checked"":688128}"
      1024,         0,         0,   0.080,standalone_exact_mw,7bb6e20e48600212890a8c0dbf00c9e78f41358e09b12be0f89e4aae4bc5d684,"{""distance"":5,""physical_error_rate"":0.002}","{""detection_events"":1874,""detectors_checked"":229376}"
        16,         7,         0,   0.440,standalone_exact_mw,b926cc1d59f2ffa0ec7a93e8795923b3e0543631758e3ab8213cfd69853d790b,"{""distance"":5,""physical_error_rate"":0.2}","{""detection_events"":1326,""detectors_checked"":3584,""obs_mistake_mask=E"":7}"
      1024,         4,         0,   0.582,standalone_exact_mw,d243a1b0b1308c5af35ad4523cb40bd83c282feda5b2af0b0940517b428d54bb,"{""distance"":5,""physical_error_rate"":0.01}","{""detection_events"":8869,""detectors_checked"":229376,""obs_mistake_mask=E"":4}"
      1024,         0,         0,   0.058,standalone_exact_mw,77d802c74222c3324b7f1323f7447c6411ad27be92307b6127e53af575faadca,"{""distance"":5,""physical_error_rate"":0.001}","{""detection_events"":932,""detectors_checked"":229376}"
     19456,         1,         0,    1.53,standalone_exact_mw,7bb6e20e48600212890a8c0dbf00c9e78f41358e09b12be0f89e4aae4bc5d684,"{""distance"":5,""physical_error_rate"":0.002}","{""detection_events"":35812,""detectors_checked"":4358144,""obs_mistake_mask=E"":1}"
      1024,         0,         0,   0.120,standalone_exact_mw,7bb6e20e48600212890a8c0dbf00c9e78f41358e09b12be0f89e4aae4bc5d684,"{""distance"":5,""physical_error_rate"":0.002}","{""detection_events"":2079,""detectors_checked"":229376}"
        64,        14,         0,   0.593,standalone_exact_mw,c8b738028fda2b050c9255682a07cc95906733115fc52715e25155705a588b66,"{""distance"":5,""physical_error_rate"":0.05}","{""detection_events"":2200,""detectors_checked"":14336,""obs_mistake_mask=E"":14}"
      7168,         0,         0,    1.15,standalone_exact_mw,503ee55b5ad1b1988379a241a0405811522ee4d50b473755532ad1299cb121e2,"{""distance"":5,""physical_error_rate"":0.0005}","{""detection_events"":3307,""detectors_checked"":1605632}"
        32,        16,         0,   0.411,standalone_exact_mw,a2951cb9d6c05a6bf216e8b727426e1a3155bcc703ace3ee8fdcacfd84d170a7,"{""distance"":5,""physical_error_rate"":0.1}","{""detection_events"":1847,""detectors_checked"":7168,""obs_mistake_mask=E"":16}"
     19456,         0,         0,    1.13,standalone_exact_mw,aea10f45e3589e84a00777b800d38e8a3149bd6cb552c409f3bffd718c1a0abf,"{""distance"":5,""physical_error_rate"":5e-05}","{""detection_events"":890,""detectors_checked"":4358144}"
      2048,         0,         0,   0.117,standalone_exact_mw,77d802c74222c3324b7f1323f7447c6411ad27be92307b6127e53af575faadca,"{""distance"":5,""physical_error_rate"":0.001}","{""detection_events"":1799,""detectors_checked"":458752}"
        64,        35,         0,   0.782,standalone_exact_mw,a2951cb9d6c05a6bf216e8b727426e1a3155bcc703ace3ee8fdcacfd84d170a7,"{""distance"":5,""physical_error_rate"":0.1}","{""detection_events"":3722,""detectors_checked"":14336,""obs_mistake_mask=E"":35}"
      1024,         0,         0,    1.21,standalone_exact_mw,1a2d9ab41a8a393fdef1a304cd6cd3b39e7654fe1ff27694ddcd7a0d28bf707b,"{""distance"":5,""physical_error_rate"":0.005}","{""detection_events"":4502,""detectors_checked"":229376}"
      1024,         0,         0,   0.112,standalone_exact_mw,7bb6e20e48600212890a8c0dbf00c9e78f41358e09b12be0f89e4aae4bc5d684,"{""distance"":5,""physical_error_rate"":0.002}","{""detection_events"":1949,""detectors_checked"":229376}"
       512,         2,         0,   0.558,standalone_exact_mw,d243a1b0b1308c5af35ad4523cb40bd83c282feda5b2af0b0940517b428d54bb,"{""distance"":5,""physical_error_rate"":0.01}","{""detection_events"":4439,""detectors_checked"":114688,""obs_mistake_mask=E"":2}"
       512,         0,         0,   0.404,standalone_exact_mw,d243a1b0b1308c5af35ad4523cb40bd83c282feda5b2af0b0940517b428d54bb,"{""distance"":5,""physical_error_rate"":0.01}","{""detection_events"":4576,""detectors_checked"":114688}"
        64,        32,         0,   0.848,standalone_exact_mw,a2951cb9d6c05a6bf216e8b727426e1a3155bcc703ace3ee8fdcacfd84d170a7,"{""distance"":5,""physical_error_rate"":0.1}","{""detection_events"":3746,""detectors_checked"":14336,""obs_mistake_mask=E"":32}"
        64,        26,         0,   0.661,standalone_exact_mw,b926cc1d59f2ffa0ec7a93e8795923b3e0543631758e3ab8213cfd69853d790b,"{""distance"":5,""physical_error_rate"":0.2}","{""detection_events"":5170,""detectors_checked"":14336,""obs_mistake_mask=E"":26}"
        32,        17,         0,   0.481,standalone_exact_mw,a2951cb9d6c05a6bf216e8b727426e1a3155bcc703ace3ee8fdcacfd84d170a7,"{""distance"":5,""physical_error_rate"":0.1}","{""detection_events"":1866,""detectors_checked"":7168,""obs_mistake_mask=E"":17}"
      1024,         0,         0,   0.108,standalone_exact_mw,7bb6e20e48600212890a8c0dbf00c9e78f41358e09b12be0f89e4aae4bc5d684,"{""distance"":5,""physical_error_rate"":0.002}","{""detection_events"":1759,""detectors_checked"":229376}"
     11264,         0,         0,    1.16,standalone_exact_mw,7bb6e20e48600212890a8c0dbf00c9e78f41358e09b12be0f89e4aae4bc5d684,"{""distance"":5,""physical_error_rate"":0.002}","{""detection_events"":20646,""detectors_checked"":2523136}"
        64,        34,         0,    1.00,standalone_exact_mw,116a60cbe496e8e5ed1b799237798a197a37b7e9de7e0dc58034c8e1135b3e40,"{""distance"":5,""physical_error_rate"":0.5}","{""detection_events"":6505,""detectors_checked"":14336,""obs_mistake_mask=E"":34}"
       128,         1,         0,   0.538,standalone_exact_mw,3fbf3739b73dda61f0188bb1f99eaf1ad6be14fe6ea44c0ac8d6c5ad12090cf3,"{""distance"":5,""physical_error_rate"":0.02}","{""detection_events"":2027,""detectors_checked"":28672,""obs_mistake_mask=E"":1}"
      3072,         0,         0,   0.219,standalone_exact_mw,77d802c74222c3324b7f1323f7447c6411ad27be92307b6127e53af575faadca,"{""distance"":5,""physical_error_rate"":0.001}","{""detection_events"":2960,""detectors_checked"":688128}"
        16,         8,         0,   0.376,standalone_exact_mw,b926cc1d59f2ffa0ec7a93e8795923b3e0543631758e3ab8213cfd69853d790b,"{""distance"":5,""physical_error_rate"":0.2}","{""detection_events"":1310,""detectors_checked"":3584,""obs_mistake_mask=E"":8}"
        64,        32,         0,   0.953,standalone_exact_mw,b926cc1d59f2ffa0ec7a93e8795923b3e0543631758e3ab8213cfd69853d790b,"{""distance"":5,""physical_error_rate"":0.2}","{""detection_events"":5220,""detectors_checked"":14336,""obs_mistake_mask=E"":32}"
      1024,         0,         0,   0.087,standalone_exact_mw,7bb6e20e48600212890a8c0dbf00c9e78f41358e09b12be0f89e4aae4bc5d684,"{""distance"":5,""physical_error_rate"":0.002}","{""detection_events"":1878,""detectors_checked"":229376}"
      6144,         0,         0,   0.413,standalone_exact_mw,77d802c74222c3324b7f1323f7447c6411ad27be92307b6127e53af575faadca,"{""distance"":5,""physical_error_rate"":0.001}","{""detection_events"":5585,""detectors_checked"":1376256}"
        32,        14,         0,   0.468,standalone_exact_mw,116a60cbe496e8e5ed1b799237798a197a37b7e9de7e0dc58034c8e1135b3e40,"{""distance"":5,""physical_error_rate"":0.5}","{""detection_events"":3245,""detectors_checked"":7168,""obs_mistake_mask=E"":14}"
      7168,         6,         0,    1.18,standalone_exact_mw,1a2d9ab41a8a393fdef1a304cd6cd3b39e7654fe1ff27694ddcd7a0d28bf707b,"{""distance"":5,""physical_error_rate"":0.005}","{""detection_events"":33070,""detectors_checked"":1605632,""obs_mistake_mask=E"":6}"
      1024,         4,         0,   0.475,standalone_exact_mw,d243a1b0b1308c5af35ad4523cb40bd83c282feda5b2af0b0940517b428d54bb,"{""distance"":5,""physical_error_rate"":0.01}","{""detection_events"":9233,""detectors_checked"":229376,""obs_mistake_mask=E"":4}"
       256,         3,         0,   0.805,standalone_exact_mw,3fbf3739b73dda61f0188bb1f99eaf1ad6be14fe6ea44c0ac8d6c5ad12090cf3,"{""distance"":5,""physical_error_rate"":0.02}","{""detection_events"":4340,""detectors_checked"":57344,""obs_mistake_mask=E"":3}"
     11264,         0,         0,    1.10,standalone_exact_mw,aea10f45e3589e84a00777b800d38e8a3149bd6cb552c409f3bffd718c1a0abf,"{""distance"":5,""physical_error_rate"":5e-05}","{""detection_events"":613,""detectors_checked"":2523136}"
        32,        21,         0,   0.422,standalone_exact_mw,a2951cb9d6c05a6bf216e8b727426e1a3155bcc703ace3ee8fdcacfd84d170a7,"{""distance"":5,""physical_error_rate"":0.1}","{""detection_events"":1911,""detectors_checked"":7168,""obs_mistake_mask=E"":21}"
         1,         0,         0,   0.007,standalone_exact_mw,503ee55b5ad1b1988379a241a0405811522ee4d50b473755532ad1299cb121e2,"{""distance"":5,""physical_error_rate"":0.0005}","{""detectors_checked"":224}"
      3072,         0,         0,   0.210,standalone_exact_mw,77d802c74222c3324b7f1323f7447c6411ad27be92307b6127e53af575faadca,"{""distance"":5,""physical_error_rate"":0.001}","{""detection_events"":2831,""detectors_checked"":688128}"
    116736,         0,         0,    3.03,standalone_exact_mw,29ae76c7f86edcd2f56343e8109d8463cbc736644db4e57527101e2f1c3606c8,"{""distance"":5,""physical_error_rate"":0.0002}","{""detection_events"":22160,""detectors_checked"":26148864}"
       512,         1,         0,   0.405,standalone_exact_mw,d243a1b0b1308c5af35ad4523cb40bd83c282feda5b2af0b0940517b428d54bb,"{""distance"":5,""physical_error_rate"":0.01}","{""detection_events"":4596,""detectors_checked"":114688,""obs_mistake_mask=E"":1}"
      2048,         0,         0,   0.236,standalone_exact_mw,7bb6e20e48600212890a8c0dbf00c9e78f41358e09b12be0f89e4aae4bc5d684,"{""distance"":5,""physical_error_rate"":0.002}","{""detection_events"":3651,""detectors_checked"":458752}"
      1296,         0,         0,   0.057,standalone_exact_mw,503ee55b5ad1b1988379a241a0405811522ee4d50b473755532ad1299cb121e2,"{""distance"":5,""physical_error_rate"":0.0005}","{""detection_events"":621,""detectors_checked"":290304}"
      8192,         0,         0,   0.873,standalone_exact_mw,7bb6e20e48600212890a8c0dbf00c9e78f41358e09b12be0f89e4aae4bc5d684,"{""distance"":5,""physical_error_rate"":0.002}","{""detection_events"":15046,""detectors_checked"":1835008}"
      1024,         0,         0,   0.055,standalone_exact_mw,503ee55b5ad1b1988379a241a0405811522ee4d50b473755532ad1299cb121e2,"{""distance"":5,""physical_error_rate"":0.0005}","{""detection_events"":458,""detectors_checked"":229376}"
      1024,         0,         0,   0.034,standalone_exact_mw,503ee55b5ad1b1988379a241a0405811522ee4d50b473755532ad1299cb121e2,"{""distance"":5,""physical_error_rate"":0.0005}","{""detection_events"":424,""detectors_checked"":229376}"
      1024,         0,         0,   0.031,standalone_exact_mw,503ee55b5ad1b1988379a241a0405811522ee4d50b473755532ad1299cb121e2,"{""distance"":5,""physical_error_rate"":0.0005}","{""detection_events"":406,""detectors_checked"":229376}"
      4096,         2,         0,   0.964,standalone_exact_mw,1a2d9ab41a8a393fdef1a304cd6cd3b39e7654fe1ff27694ddcd7a0d28bf707b,"{""distance"":5,""physical_error_rate"":0.005}","{""detection_events"":18570,""detectors_checked"":917504,""obs_mistake_mask=E"":2}"
     28672,         0,         0,    1.09,standalone_exact_mw,aea10f45e3589e84a00777b800d38e8a3149bd6cb552c409f3bffd718c1a0abf,"{""distance"":5,""physical_error_rate"":5e-05}","{""detection_events"":1326,""detectors_checked"":6422528}"
     92160,         0,         0,    2.18,standalone_exact_mw,cc9149276d16e61a5ac322a1d2048afebd34054fe0ed4879b77eb616628c1148,"{""distance"":5,""physical_error_rate"":0.0001}","{""detection_events"":8470,""detectors_checked"":20643840}"
     83968,         0,         0,    1.53,standalone_exact_mw,cc9149276d16e61a5ac322a1d2048afebd34054fe0ed4879b77eb616628c1148,"{""distance"":5,""physical_error_rate"":0.0001}","{""detection_events"":7687,""detectors_checked"":18808832}"
        64,         9,         0,   0.750,standalone_exact_mw,c8b738028fda2b050c9255682a07cc95906733115fc52715e25155705a588b66,"{""distance"":5,""physical_error_rate"":0.05}","{""detection_events"":2268,""detectors_checked"":14336,""obs_mistake_mask=E"":9}"
     60416,         0,         0,    1.56,standalone_exact_mw,cc9149276d16e61a5ac322a1d2048afebd34054fe0ed4879b77eb616628c1148,"{""distance"":5,""physical_error_rate"":0.0001}","{""detection_events"":5792,""detectors_checked"":13533184}"
       512,         0,         0,   0.645,standalone_exact_mw,d243a1b0b1308c5af35ad4523cb40bd83c282feda5b2af0b0940517b428d54bb,"{""distance"":5,""physical_error_rate"":0.01}","{""detection_events"":4607,""detectors_checked"":114688}"
      1024,         1,         0,   0.695,standalone_exact_mw,1a2d9ab41a8a393fdef1a304cd6cd3b39e7654fe1ff27694ddcd7a0d28bf707b,"{""distance"":5,""physical_error_rate"":0.005}","{""detection_events"":4458,""detectors_checked"":229376,""obs_mistake_mask=E"":1}"
      2048,         0,         0,   0.108,standalone_exact_mw,503ee55b5ad1b1988379a241a0405811522ee4d50b473755532ad1299cb121e2,"{""distance"":5,""physical_error_rate"":0.0005}","{""detection_events"":912,""detectors_checked"":458752}"
      2048,         0,         0,   0.251,standalone_exact_mw,7bb6e20e48600212890a8c0dbf00c9e78f41358e09b12be0f89e4aae4bc5d684,"{""distance"":5,""physical_error_rate"":0.002}","{""detection_events"":3904,""detectors_checked"":458752}"
        16,         7,         0,   0.513,standalone_exact_mw,b926cc1d59f2ffa0ec7a93e8795923b3e0543631758e3ab8213cfd69853d790b,"{""distance"":5,""physical_error_rate"":0.2}","{""detection_events"":1276,""detectors_checked"":3584,""obs_mistake_mask=E"":7}"
        32,        16,         0,    1.50,standalone_exact_mw,b926cc1d59f2ffa0ec7a93e8795923b3e0543631758e3ab8213cfd69853d790b,"{""distance"":5,""physical_error_rate"":0.2}","{""detection_events"":2623,""detectors_checked"":7168,""obs_mistake_mask=E"":16}"
      4096,         2,         0,    1.04,standalone_exact_mw,1a2d9ab41a8a393fdef1a304cd6cd3b39e7654fe1ff27694ddcd7a0d28bf707b,"{""distance"":5,""physical_error_rate"":0.005}","{""detection_events"":18506,""detectors_checked"":917504,""obs_mistake_mask=E"":2}"
      5120,         0,         0,   0.341,standalone_exact_mw,77d802c74222c3324b7f1323f7447c6411ad27be92307b6127e53af575faadca,"{""distance"":5,""physical_error_rate"":0.001}","{""detection_events"":4756,""detectors_checked"":1146880}"
       128,         5,         0,    1.51,standalone_exact_mw,3fbf3739b73dda61f0188bb1f99eaf1ad6be14fe6ea44c0ac8d6c5ad12090cf3,"{""distance"":5,""physical_error_rate"":0.02}","{""detection_events"":2085,""detectors_checked"":28672,""obs_mistake_mask=E"":5}"
       512,         5,         0,    1.37,standalone_exact_mw,d243a1b0b1308c5af35ad4523cb40bd83c282feda5b2af0b0940517b428d54bb,"{""distance"":5,""physical_error_rate"":0.01}","{""detection_events"":4571,""detectors_checked"":114688,""obs_mistake_mask=E"":5}"
        32,        21,         0,   0.429,standalone_exact_mw,a2951cb9d6c05a6bf216e8b727426e1a3155bcc703ace3ee8fdcacfd84d170a7,"{""distance"":5,""physical_error_rate"":0.1}","{""detection_events"":1824,""detectors_checked"":7168,""obs_mistake_mask=E"":21}"
      8192,         0,         0,   0.584,standalone_exact_mw,77d802c74222c3324b7f1323f7447c6411ad27be92307b6127e53af575faadca,"{""distance"":5,""physical_error_rate"":0.001}","{""detection_events"":7876,""detectors_checked"":1835008}"
      2048,         0,         0,   0.110,standalone_exact_mw,503ee55b5ad1b1988379a241a0405811522ee4d50b473755532ad1299cb121e2,"{""distance"":5,""physical_error_rate"":0.0005}","{""detection_events"":951,""detectors_checked"":458752}"
        32,        20,         0,    1.86,standalone_exact_mw,116a60cbe496e8e5ed1b799237798a197a37b7e9de7e0dc58034c8e1135b3e40,"{""distance"":5,""physical_error_rate"":0.5}","{""detection_events"":3249,""detectors_checked"":7168,""obs_mistake_mask=E"":20}"
       128,        21,         0,    1.52,standalone_exact_mw,c8b738028fda2b050c9255682a07cc95906733115fc52715e25155705a588b66,"{""distance"":5,""physical_error_rate"":0.05}","{""detection_events"":4511,""detectors_checked"":28672,""obs_mistake_mask=E"":21}"
     53248,         0,         0,    1.56,standalone_exact_mw,29ae76c7f86edcd2f56343e8109d8463cbc736644db4e57527101e2f1c3606c8,"{""distance"":5,""physical_error_rate"":0.0002}","{""detection_events"":9911,""detectors_checked"":11927552}"
      1024,         1,         0,   0.533,standalone_exact_mw,d243a1b0b1308c5af35ad4523cb40bd83c282feda5b2af0b0940517b428d54bb,"{""distance"":5,""physical_error_rate"":0.01}","{""detection_events"":8952,""detectors_checked"":229376,""obs_mistake_mask=E"":1}"
         1,         0,         0,   0.001,standalone_exact_mw,77d802c74222c3324b7f1323f7447c6411ad27be92307b6127e53af575faadca,"{""distance"":5,""physical_error_rate"":0.001}","{""detectors_checked"":224}"
     38912,         0,         0,    1.58,standalone_exact_mw,cc9149276d16e61a5ac322a1d2048afebd34054fe0ed4879b77eb616628c1148,"{""distance"":5,""physical_error_rate"":0.0001}","{""detection_events"":3561,""detectors_checked"":8716288}"
      1296,         0,         0,   0.057,standalone_exact_mw,77d802c74222c3324b7f1323f7447c6411ad27be92307b6127e53af575faadca,"{""distance"":5,""physical_error_rate"":0.001}","{""detection_events"":1213,""detectors_checked"":290304}"
        64,        31,         0,   0.992,standalone_exact_mw,a2951cb9d6c05a6bf216e8b727426e1a3155bcc703ace3ee8fdcacfd84d170a7,"{""distance"":5,""physical_error_rate"":0.1}","{""detection_events"":3686,""detectors_checked"":14336,""obs_mistake_mask=E"":31}"
        32,        19,         0,   0.726,standalone_exact_mw,116a60cbe496e8e5ed1b799237798a197a37b7e9de7e0dc58034c8e1135b3e40,"{""distance"":5,""physical_error_rate"":0.5}","{""detection_events"":3192,""detectors_checked"":7168,""obs_mistake_mask=E"":19}"
        96,        45,         0,    1.60,standalone_exact_mw,b926cc1d59f2ffa0ec7a93e8795923b3e0543631758e3ab8213cfd69853d790b,"{""distance"":5,""physical_error_rate"":0.2}","{""detection_events"":7803,""detectors_checked"":21504,""obs_mistake_mask=E"":45}"
      3072,         0,         0,   0.148,standalone_exact_mw,503ee55b5ad1b1988379a241a0405811522ee4d50b473755532ad1299cb121e2,"{""distance"":5,""physical_error_rate"":0.0005}","{""detection_events"":1400,""detectors_checked"":688128}"
      1024,         0,         0,   0.058,standalone_exact_mw,77d802c74222c3324b7f1323f7447c6411ad27be92307b6127e53af575faadca,"{""distance"":5,""physical_error_rate"":0.001}","{""detection_events"":928,""detectors_checked"":229376}"
        64,        33,         0,   0.889,standalone_exact_mw,b926cc1d59f2ffa0ec7a93e8795923b3e0543631758e3ab8213cfd69853d790b,"{""distance"":5,""physical_error_rate"":0.2}","{""detection_events"":5201,""detectors_checked"":14336,""obs_mistake_mask=E"":33}"
       128,         3,         0,   0.825,standalone_exact_mw,3fbf3739b73dda61f0188bb1f99eaf1ad6be14fe6ea44c0ac8d6c5ad12090cf3,"{""distance"":5,""physical_error_rate"":0.02}","{""detection_events"":2113,""detectors_checked"":28672,""obs_mistake_mask=E"":3}"
        64,         0,         0,   0.275,standalone_exact_mw,3fbf3739b73dda61f0188bb1f99eaf1ad6be14fe6ea44c0ac8d6c5ad12090cf3,"{""distance"":5,""physical_error_rate"":0.02}","{""detection_events"":1035,""detectors_checked"":14336}"
        64,        26,         0,    1.27,standalone_exact_mw,116a60cbe496e8e5ed1b799237798a197a37b7e9de7e0dc58034c8e1135b3e40,"{""distance"":5,""physical_error_rate"":0.5}","{""detection_events"":6561,""detectors_checked"":14336,""obs_mistake_mask=E"":26}"
       256,         2,         0,   0.272,standalone_exact_mw,d243a1b0b1308c5af35ad4523cb40bd83c282feda5b2af0b0940517b428d54bb,"{""distance"":5,""physical_error_rate"":0.01}","{""detection_events"":2324,""detectors_checked"":57344,""obs_mistake_mask=E"":2}"
      3072,         0,         0,   0.351,standalone_exact_mw,7bb6e20e48600212890a8c0dbf00c9e78f41358e09b12be0f89e4aae4bc5d684,"{""distance"":5,""physical_error_rate"":0.002}","{""detection_events"":5549,""detectors_checked"":688128}"
        16,         8,         0,   0.355,standalone_exact_mw,b926cc1d59f2ffa0ec7a93e8795923b3e0543631758e3ab8213cfd69853d790b,"{""distance"":5,""physical_error_rate"":0.2}","{""detection_events"":1276,""detectors_checked"":3584,""obs_mistake_mask=E"":8}"
      1024,         0,         0,   0.100,standalone_exact_mw,77d802c74222c3324b7f1323f7447c6411ad27be92307b6127e53af575faadca,"{""distance"":5,""physical_error_rate"":0.001}","{""detection_events"":937,""detectors_checked"":229376}"
     61440,         0,         0,    1.58,standalone_exact_mw,503ee55b5ad1b1988379a241a0405811522ee4d50b473755532ad1299cb121e2,"{""distance"":5,""physical_error_rate"":0.0005}","{""detection_events"":28527,""detectors_checked"":13762560}"
        64,        31,         0,    1.10,standalone_exact_mw,a2951cb9d6c05a6bf216e8b727426e1a3155bcc703ace3ee8fdcacfd84d170a7,"{""distance"":5,""physical_error_rate"":0.1}","{""detection_events"":3657,""detectors_checked"":14336,""obs_mistake_mask=E"":31}"
        64,        28,         0,    1.03,standalone_exact_mw,a2951cb9d6c05a6bf216e8b727426e1a3155bcc703ace3ee8fdcacfd84d170a7,"{""distance"":5,""physical_error_rate"":0.1}","{""detection_events"":3759,""detectors_checked"":14336,""obs_mistake_mask=E"":28}"
      1024,         3,         0,   0.447,standalone_exact_mw,1a2d9ab41a8a393fdef1a304cd6cd3b39e7654fe1ff27694ddcd7a0d28bf707b,"{""distance"":5,""physical_error_rate"":0.005}","{""detection_events"":4445,""detectors_checked"":229376,""obs_mistake_mask=E"":3}"
      3072,         0,         0,   0.179,standalone_exact_mw,503ee55b5ad1b1988379a241a0405811522ee4d50b473755532ad1299cb121e2,"{""distance"":5,""physical_error_rate"":0.0005}","{""detection_events"":1240,""detectors_checked"":688128}"
        16,         8,         0,   0.446,standalone_exact_mw,b926cc1d59f2ffa0ec7a93e8795923b3e0543631758e3ab8213cfd69853d790b,"{""distance"":5,""physical_error_rate"":0.2}","{""detection_events"":1290,""detectors_checked"":3584,""obs_mistake_mask=E"":8}"
      1024,         0,         0,   0.076,standalone_exact_mw,77d802c74222c3324b7f1323f7447c6411ad27be92307b6127e53af575faadca,"{""distance"":5,""physical_error_rate"":0.001}","{""detection_events"":979,""detectors_checked"":229376}"
      7168,         0,         0,   0.461,standalone_exact_mw,77d802c74222c3324b7f1323f7447c6411ad27be92307b6127e53af575faadca,"{""distance"":5,""physical_error_rate"":0.001}","{""detection_events"":6473,""detectors_checked"":1605632}"
        32,        13,         0,   0.423,standalone_exact_mw,a2951cb9d6c05a6bf216e8b727426e1a3155bcc703ace3ee8fdcacfd84d170a7,"{""distance"":5,""physical_error_rate"":0.1}","{""detection_events"":1751,""detectors_checked"":7168,""obs_mistake_mask=E"":13}"
     29696,         0,         0,    1.59,standalone_exact_mw,503ee55b5ad1b1988379a241a0405811522ee4d50b473755532ad1299cb121e2,"{""distance"":5,""physical_error_rate"":0.0005}","{""detection_events"":13553,""detectors_checked"":6651904}"
        16,         9,         0,   0.441,standalone_exact_mw,116a60cbe496e8e5ed1b799237798a197a37b7e9de7e0dc58034c8e1135b3e40,"{""distance"":5,""physical_error_rate"":0.5}","{""detection_events"":1647,""detectors_checked"":3584,""obs_mistake_mask=E"":9}"
      1024,         0,         0,   0.084,standalone_exact_mw,77d802c74222c3324b7f1323f7447c6411ad27be92307b6127e53af575faadca,"{""distance"":5,""physical_error_rate"":0.001}","{""detection_events"":938,""detectors_checked"":229376}"
       512,         3,         0,   0.630,standalone_exact_mw,d243a1b0b1308c5af35ad4523cb40bd83c282feda5b2af0b0940517b428d54bb,"{""distance"":5,""physical_error_rate"":0.01}","{""detection_events"":4521,""detectors_checked"":114688,""obs_mistake_mask=E"":3}"
      1024,         0,         0,   0.099,standalone_exact_mw,77d802c74222c3324b7f1323f7447c6411ad27be92307b6127e53af575faadca,"{""distance"":5,""physical_error_rate"":0.001}","{""detection_events"":1009,""detectors_checked"":229376}"
        64,        35,         0,    1.18,standalone_exact_mw,b926cc1d59f2ffa0ec7a93e8795923b3e0543631758e3ab8213cfd69853d790b,"{""distance"":5,""physical_error_rate"":0.2}","{""detection_events"":5069,""detectors_checked"":14336,""obs_mistake_mask=E"":35}"
      4096,         0,         0,   0.242,standalone_exact_mw,503ee55b5ad1b1988379a241a0405811522ee4d50b473755532ad1299cb121e2,"{""distance"":5,""physical_error_rate"":0.0005}","{""detection_events"":1824,""detectors_checked"":917504}"
        64,        25,         0,    1.26,standalone_exact_mw,116a60cbe496e8e5ed1b799237798a197a37b7e9de7e0dc58034c8e1135b3e40,"{""distance"":5,""physical_error_rate"":0.5}","{""detection_events"":6533,""detectors_checked"":14336,""obs_mistake_mask=E"":25}"
       256,         8,         0,    1.15,standalone_exact_mw,3fbf3739b73dda61f0188bb1f99eaf1ad6be14fe6ea44c0ac8d6c5ad12090cf3,"{""distance"":5,""physical_error_rate"":0.02}","{""detection_events"":4370,""detectors_checked"":57344,""obs_mistake_mask=E"":8}"
      1024,         3,         0,   0.635,standalone_exact_mw,d243a1b0b1308c5af35ad4523cb40bd83c282feda5b2af0b0940517b428d54bb,"{""distance"":5,""physical_error_rate"":0.01}","{""detection_events"":8931,""detectors_checked"":229376,""obs_mistake_mask=E"":3}"
      3072,         1,         0,   0.440,standalone_exact_mw,7bb6e20e48600212890a8c0dbf00c9e78f41358e09b12be0f89e4aae4bc5d684,"{""distance"":5,""physical_error_rate"":0.002}","{""detection_events"":5454,""detectors_checked"":688128,""obs_mistake_mask=E"":1}"
     31744,         0,         0,    1.59,standalone_exact_mw,503ee55b5ad1b1988379a241a0405811522ee4d50b473755532ad1299cb121e2,"{""distance"":5,""physical_error_rate"":0.0005}","{""detection_events"":14421,""detectors_checked"":7110656}"
        16,        10,         0,   0.352,standalone_exact_mw,b926cc1d59f2ffa0ec7a93e8795923b3e0543631758e3ab8213cfd69853d790b,"{""distance"":5,""physical_error_rate"":0.2}","{""detection_events"":1271,""detectors_checked"":3584,""obs_mistake_mask=E"":10}"
         1,         0,         0,   0.021,standalone_exact_mw,cc9149276d16e61a5ac322a1d2048afebd34054fe0ed4879b77eb616628c1148,"{""distance"":5,""physical_error_rate"":0.0001}","{""detectors_checked"":224}"
     28672,         0,         0,    1.59,standalone_exact_mw,aea10f45e3589e84a00777b800d38e8a3149bd6cb552c409f3bffd718c1a0abf,"{""distance"":5,""physical_error_rate"":5e-05}","{""detection_events"":1228,""detectors_checked"":6422528}"
         1,         0,         0,   0.006,standalone_exact_mw,29ae76c7f86edcd2f56343e8109d8463cbc736644db4e57527101e2f1c3606c8,"{""distance"":5,""physical_error_rate"":0.0002}","{""detectors_checked"":224}"
      2048,         0,         0,   0.176,standalone_exact_mw,77d802c74222c3324b7f1323f7447c6411ad27be92307b6127e53af575faadca,"{""distance"":5,""physical_error_rate"":0.001}","{""detection_events"":1944,""detectors_checked"":458752}"
      1024,         3,         0,    1.12,standalone_exact_mw,d243a1b0b1308c5af35ad4523cb40bd83c282feda5b2af0b0940517b428d54bb,"{""distance"":5,""physical_error_rate"":0.01}","{""detection_events"":9209,""detectors_checked"":229376,""obs_mistake_mask=E"":3}"
        64,        11,         0,   0.904,standalone_exact_mw,c8b738028fda2b050c9255682a07cc95906733115fc52715e25155705a588b66,"{""distance"":5,""physical_error_rate"":0.05}","{""detection_events"":2306,""detectors_checked"":14336,""obs_mistake_mask=E"":11}"
      1296,         0,         0,   0.043,standalone_exact_mw,cc9149276d16e61a5ac322a1d2048afebd34054fe0ed4879b77eb616628c1148,"{""distance"":5,""physical_error_rate"":0.0001}","{""detection_events"":106,""detectors_checked"":290304}"
      1296,         0,         0,   0.058,standalone_exact_mw,29ae76c7f86edcd2f56343e8109d8463cbc736644db4e57527101e2f1c3606c8,"{""distance"":5,""physical_error_rate"":0.0002}","{""detection_events"":222,""detectors_checked"":290304}"
       128,         4,         0,   0.572,standalone_exact_mw,3fbf3739b73dda61f0188bb1f99eaf1ad6be14fe6ea44c0ac8d6c5ad12090cf3,"{""distance"":5,""physical_error_rate"":0.02}","{""detection_events"":2066,""detectors_checked"":28672,""obs_mistake_mask=E"":4}"
     10240,         0,         0,    1.14,standalone_exact_mw,7bb6e20e48600212890a8c0dbf00c9e78f41358e09b12be0f89e4aae4bc5d684,"{""distance"":5,""physical_error_rate"":0.002}","{""detection_events"":18945,""detectors_checked"":2293760}"
     15360,         0,         0,   0.795,standalone_exact_mw,77d802c74222c3324b7f1323f7447c6411ad27be92307b6127e53af575faadca,"{""distance"":5,""physical_error_rate"":0.001}","{""detection_events"":13963,""detectors_checked"":3440640}"
      1024,         0,         0,   0.051,standalone_exact_mw,cc9149276d16e61a5ac322a1d2048afebd34054fe0ed4879b77eb616628c1148,"{""distance"":5,""physical_error_rate"":0.0001}","{""detection_events"":93,""detectors_checked"":229376}"
      1024,         0,         0,   0.049,standalone_exact_mw,29ae76c7f86edcd2f56343e8109d8463cbc736644db4e57527101e2f1c3606c8,"{""distance"":5,""physical_error_rate"":0.0002}","{""detection_events"":141,""detectors_checked"":229376}"
     10240,         2,         0,    2.25,standalone_exact_mw,1a2d9ab41a8a393fdef1a304cd6cd3b39e7654fe1ff27694ddcd7a0d28bf707b,"{""distance"":5,""physical_error_rate"":0.005}","{""detection_events"":46213,""detectors_checked"":2293760,""obs_mistake_mask=E"":2}"
      1024,         0,         0,   0.049,standalone_exact_mw,cc9149276d16e61a5ac322a1d2048afebd34054fe0ed4879b77eb616628c1148,"{""distance"":5,""physical_error_rate"":0.0001}","{""detection_events"":87,""detectors_checked"":229376}"
        32,        18,         0,   0.708,standalone_exact_mw,116a60cbe496e8e5ed1b799237798a197a37b7e9de7e0dc58034c8e1135b3e40,"{""distance"":5,""physical_error_rate"":0.5}","{""detection_events"":3321,""detectors_checked"":7168,""obs_mistake_mask=E"":18}"
        16,        11,         0,   0.424,standalone_exact_mw,116a60cbe496e8e5ed1b799237798a197a37b7e9de7e0dc58034c8e1135b3e40,"{""distance"":5,""physical_error_rate"":0.5}","{""detection_events"":1626,""detectors_checked"":3584,""obs_mistake_mask=E"":11}"
      1024,         0,         0,   0.050,standalone_exact_mw,29ae76c7f86edcd2f56343e8109d8463cbc736644db4e57527101e2f1c3606c8,"{""distance"":5,""physical_error_rate"":0.0002}","{""detection_events"":213,""detectors_checked"":229376}"
       512,         1,         0,   0.646,standalone_exact_mw,d243a1b0b1308c5af35ad4523cb40bd83c282feda5b2af0b0940517b428d54bb,"{""distance"":5,""physical_error_rate"":0.01}","{""detection_events"":4614,""detectors_checked"":114688,""obs_mistake_mask=E"":1}"
      2048,         1,         0,   0.543,standalone_exact_mw,1a2d9ab41a8a393fdef1a304cd6cd3b39e7654fe1ff27694ddcd7a0d28bf707b,"{""distance"":5,""physical_error_rate"":0.005}","{""detection_events"":9553,""detectors_checked"":458752,""obs_mistake_mask=E"":1}"
      2048,         0,         0,   0.174,standalone_exact_mw,77d802c74222c3324b7f1323f7447c6411ad27be92307b6127e53af575faadca,"{""distance"":5,""physical_error_rate"":0.001}","{""detection_events"":2016,""detectors_checked"":458752}"
      5120,         0,         0,   0.323,standalone_exact_mw,503ee55b5ad1b1988379a241a0405811522ee4d50b473755532ad1299cb121e2,"{""distance"":5,""physical_error_rate"":0.0005}","{""detection_events"":2452,""detectors_checked"":1146880}"
      1024,         0,         0,   0.050,standalone_exact_mw,29ae76c7f86edcd2f56343e8109d8463cbc736644db4e57527101e2f1c3606c8,"{""distance"":5,""physical_error_rate"":0.0002}","{""detection_events"":197,""detectors_checked"":229376}"
      2048,         0,         0,   0.077,standalone_exact_mw,cc9149276d16e61a5ac322a1d2048afebd34054fe0ed4879b77eb616628c1148,"{""distance"":5,""physical_error_rate"":0.0001}","{""detection_events"":149,""detectors_checked"":458752}"
        32,        17,         0,   0.551,standalone_exact_mw,a2951cb9d6c05a6bf216e8b727426e1a3155bcc703ace3ee8fdcacfd84d170a7,"{""distance"":5,""physical_error_rate"":0.1}","{""detection_events"":1769,""detectors_checked"":7168,""obs_mistake_mask=E"":17}"
     14336,         0,         0,    1.66,standalone_exact_mw,7bb6e20e48600212890a8c0dbf00c9e78f41358e09b12be0f89e4aae4bc5d684,"{""distance"":5,""physical_error_rate"":0.002}","{""detection_events"":26451,""detectors_checked"":3211264}"
      7168,         0,         0,   0.628,standalone_exact_mw,77d802c74222c3324b7f1323f7447c6411ad27be92307b6127e53af575faadca,"{""distance"":5,""physical_error_rate"":0.001}","{""detection_events"":6781,""detectors_checked"":1605632}"
      2048,         0,         0,   0.100,standalone_exact_mw,29ae76c7f86edcd2f56343e8109d8463cbc736644db4e57527101e2f1c3606c8,"{""distance"":5,""physical_error_rate"":0.0002}","{""detection_events"":371,""detectors_checked"":458752}"
      2048,         0,         0,   0.097,standalone_exact_mw,cc9149276d16e61a5ac322a1d2048afebd34054fe0ed4879b77eb616628c1148,"{""distance"":5,""physical_error_rate"":0.0001}","{""detection_events"":140,""detectors_checked"":458752}"
        32,        16,         0,   0.773,standalone_exact_mw,b926cc1d59f2ffa0ec7a93e8795923b3e0543631758e3ab8213cfd69853d790b,"{""distance"":5,""physical_error_rate"":0.2}","{""detection_events"":2594,""detectors_checked"":7168,""obs_mistake_mask=E"":16}"
    224256,         0,         0,    3.04,standalone_exact_mw,aea10f45e3589e84a00777b800d38e8a3149bd6cb552c409f3bffd718c1a0abf,"{""distance"":5,""physical_error_rate"":5e-05}","{""detection_events"":10312,""detectors_checked"":50233344}"
       512,         0,         0,   0.592,standalone_exact_mw,d243a1b0b1308c5af35ad4523cb40bd83c282feda5b2af0b0940517b428d54bb,"{""distance"":5,""physical_error_rate"":0.01}","{""detection_events"":4490,""detectors_checked"":114688}"
      3072,         0,         0,   0.406,standalone_exact_mw,7bb6e20e48600212890a8c0dbf00c9e78f41358e09b12be0f89e4aae4bc5d684,"{""distance"":5,""physical_error_rate"":0.002}","{""detection_events"":5513,""detectors_checked"":688128}"
        16,         8,         0,   0.391,standalone_exact_mw,b926cc1d59f2ffa0ec7a93e8795923b3e0543631758e3ab8213cfd69853d790b,"{""distance"":5,""physical_error_rate"":0.2}","{""detection_events"":1307,""detectors_checked"":3584,""obs_mistake_mask=E"":8}"
      2048,         0,         0,   0.078,standalone_exact_mw,cc9149276d16e61a5ac322a1d2048afebd34054fe0ed4879b77eb616628c1148,"{""distance"":5,""physical_error_rate"":0.0001}","{""detection_events"":187,""detectors_checked"":458752}"
     47104,         0,         0,    1.58,standalone_exact_mw,aea10f45e3589e84a00777b800d38e8a3149bd6cb552c409f3bffd718c1a0abf,"{""distance"":5,""physical_error_rate"":5e-05}","{""detection_events"":2256,""detectors_checked"":10551296}"
      2048,         0,         0,   0.101,standalone_exact_mw,29ae76c7f86edcd2f56343e8109d8463cbc736644db4e57527101e2f1c3606c8,"{""distance"":5,""physical_error_rate"":0.0002}","{""detection_events"":460,""detectors_checked"":458752}"
      5120,         1,         0,    1.21,standalone_exact_mw,1a2d9ab41a8a393fdef1a304cd6cd3b39e7654fe1ff27694ddcd7a0d28bf707b,"{""distance"":5,""physical_error_rate"":0.005}","{""detection_events"":23009,""detectors_checked"":1146880,""obs_mistake_mask=E"":1}"
      9216,         8,         0,    1.69,standalone_exact_mw,1a2d9ab41a8a393fdef1a304cd6cd3b39e7654fe1ff27694ddcd7a0d28bf707b,"{""distance"":5,""physical_error_rate"":0.005}","{""detection_events"":41351,""detectors_checked"":2064384,""obs_mistake_mask=E"":8}"
      5120,         0,         0,    1.35,standalone_exact_mw,1a2d9ab41a8a393fdef1a304cd6cd3b39e7654fe1ff27694ddcd7a0d28bf707b,"{""distance"":5,""physical_error_rate"":0.005}","{""detection_events"":22953,""detectors_checked"":1146880}"
      3072,         0,         0,   0.273,standalone_exact_mw,77d802c74222c3324b7f1323f7447c6411ad27be92307b6127e53af575faadca,"{""distance"":5,""physical_error_rate"":0.001}","{""detection_events"":2812,""detectors_checked"":688128}"
     33792,         0,         0,    2.18,standalone_exact_mw,7bb6e20e48600212890a8c0dbf00c9e78f41358e09b12be0f89e4aae4bc5d684,"{""distance"":5,""physical_error_rate"":0.002}","{""detection_events"":62491,""detectors_checked"":7569408}"
      3072,         0,         0,   0.124,standalone_exact_mw,cc9149276d16e61a5ac322a1d2048afebd34054fe0ed4879b77eb616628c1148,"{""distance"":5,""physical_error_rate"":0.0001}","{""detection_events"":343,""detectors_checked"":688128}"
      3072,         0,         0,   0.129,standalone_exact_mw,29ae76c7f86edcd2f56343e8109d8463cbc736644db4e57527101e2f1c3606c8,"{""distance"":5,""physical_error_rate"":0.0002}","{""detection_events"":539,""detectors_checked"":688128}"
        16,         9,         0,   0.423,standalone_exact_mw,116a60cbe496e8e5ed1b799237798a197a37b7e9de7e0dc58034c8e1135b3e40,"{""distance"":5,""physical_error_rate"":0.5}","{""detection_events"":1589,""detectors_checked"":3584,""obs_mistake_mask=E"":9}"
     39936,         0,         0,    1.54,standalone_exact_mw,aea10f45e3589e84a00777b800d38e8a3149bd6cb552c409f3bffd718c1a0abf,"{""distance"":5,""physical_error_rate"":5e-05}","{""detection_events"":1807,""detectors_checked"":8945664}"
      7168,         0,         0,   0.442,standalone_exact_mw,503ee55b5ad1b1988379a241a0405811522ee4d50b473755532ad1299cb121e2,"{""distance"":5,""physical_error_rate"":0.0005}","{""detection_events"":3316,""detectors_checked"":1605632}"
       128,         3,         0,   0.605,standalone_exact_mw,3fbf3739b73dda61f0188bb1f99eaf1ad6be14fe6ea44c0ac8d6c5ad12090cf3,"{""distance"":5,""physical_error_rate"":0.02}","{""detection_events"":2274,""detectors_checked"":28672,""obs_mistake_mask=E"":3}"
        64,        29,         0,    1.06,standalone_exact_mw,a2951cb9d6c05a6bf216e8b727426e1a3155bcc703ace3ee8fdcacfd84d170a7,"{""distance"":5,""physical_error_rate"":0.1}","{""detection_events"":3638,""detectors_checked"":14336,""obs_mistake_mask=E"":29}"
        32,        14,         0,   0.449,standalone_exact_mw,a2951cb9d6c05a6bf216e8b727426e1a3155bcc703ace3ee8fdcacfd84d170a7,"{""distance"":5,""physical_error_rate"":0.1}","{""detection_events"":1886,""detectors_checked"":7168,""obs_mistake_mask=E"":14}"
      3072,         0,         0,   0.150,standalone_exact_mw,29ae76c7f86edcd2f56343e8109d8463cbc736644db4e57527101e2f1c3606c8,"{""distance"":5,""physical_error_rate"":0.0002}","{""detection_events"":578,""detectors_checked"":688128}"
        17,         0,         0,   0.027,standalone_exact_mw,3fbf3739b73dda61f0188bb1f99eaf1ad6be14fe6ea44c0ac8d6c5ad12090cf3,"{""distance"":5,""physical_error_rate"":0.02}","{""detection_events"":275,""detectors_checked"":3808}"
      4096,         0,         0,   0.176,standalone_exact_mw,cc9149276d16e61a5ac322a1d2048afebd34054fe0ed4879b77eb616628c1148,"{""distance"":5,""physical_error_rate"":0.0001}","{""detection_events"":374,""detectors_checked"":917504}"
        16,        10,         0,   0.352,standalone_exact_mw,b926cc1d59f2ffa0ec7a93e8795923b3e0543631758e3ab8213cfd69853d790b,"{""distance"":5,""physical_error_rate"":0.2}","{""detection_events"":1262,""detectors_checked"":3584,""obs_mistake_mask=E"":10}"
        64,        19,         0,    1.34,standalone_exact_mw,a2951cb9d6c05a6bf216e8b727426e1a3155bcc703ace3ee8fdcacfd84d170a7,"{""distance"":5,""physical_error_rate"":0.1}","{""detection_events"":3723,""detectors_checked"":14336,""obs_mistake_mask=E"":19}"
      2048,         1,         0,   0.599,standalone_exact_mw,1a2d9ab41a8a393fdef1a304cd6cd3b39e7654fe1ff27694ddcd7a0d28bf707b,"{""distance"":5,""physical_error_rate"":0.005}","{""detection_events"":9427,""detectors_checked"":458752,""obs_mistake_mask=E"":1}"
      4096,         0,         0,   0.339,standalone_exact_mw,77d802c74222c3324b7f1323f7447c6411ad27be92307b6127e53af575faadca,"{""distance"":5,""physical_error_rate"":0.001}","{""detection_events"":3831,""detectors_checked"":917504}"
        32,        14,         0,   0.646,standalone_exact_mw,116a60cbe496e8e5ed1b799237798a197a37b7e9de7e0dc58034c8e1135b3e40,"{""distance"":5,""physical_error_rate"":0.5}","{""detection_events"":3231,""detectors_checked"":7168,""obs_mistake_mask=E"":14}"
       512,         3,         0,   0.649,standalone_exact_mw,d243a1b0b1308c5af35ad4523cb40bd83c282feda5b2af0b0940517b428d54bb,"{""distance"":5,""physical_error_rate"":0.01}","{""detection_events"":4907,""detectors_checked"":114688,""obs_mistake_mask=E"":3}"
       128,        26,         0,    1.52,standalone_exact_mw,c8b738028fda2b050c9255682a07cc95906733115fc52715e25155705a588b66,"{""distance"":5,""physical_error_rate"":0.05}","{""detection_events"":4631,""detectors_checked"":28672,""obs_mistake_mask=E"":26}"
        64,         6,         0,   0.813,standalone_exact_mw,c8b738028fda2b050c9255682a07cc95906733115fc52715e25155705a588b66,"{""distance"":5,""physical_error_rate"":0.05}","{""detection_events"":2313,""detectors_checked"":14336,""obs_mistake_mask=E"":6}"
     98304,         1,         0,    3.04,standalone_exact_mw,77d802c74222c3324b7f1323f7447c6411ad27be92307b6127e53af575faadca,"{""distance"":5,""physical_error_rate"":0.001}","{""detection_events"":92292,""detectors_checked"":22020096,""obs_mistake_mask=E"":1}"
       512,         1,         0,   0.536,standalone_exact_mw,d243a1b0b1308c5af35ad4523cb40bd83c282feda5b2af0b0940517b428d54bb,"{""distance"":5,""physical_error_rate"":0.01}","{""detection_events"":4436,""detectors_checked"":114688,""obs_mistake_mask=E"":1}"
      4096,         0,         0,   0.200,standalone_exact_mw,29ae76c7f86edcd2f56343e8109d8463cbc736644db4e57527101e2f1c3606c8,"{""distance"":5,""physical_error_rate"":0.0002}","{""detection_events"":864,""detectors_checked"":917504}"
      5120,         0,         0,   0.224,standalone_exact_mw,cc9149276d16e61a5ac322a1d2048afebd34054fe0ed4879b77eb616628c1148,"{""distance"":5,""physical_error_rate"":0.0001}","{""detection_events"":402,""detectors_checked"":1146880}"
      4096,         0,         0,   0.576,standalone_exact_mw,7bb6e20e48600212890a8c0dbf00c9e78f41358e09b12be0f89e4aae4bc5d684,"{""distance"":5,""physical_error_rate"":0.002}","{""detection_events"":7628,""detectors_checked"":917504}"
       256,         8,         0,    1.47,standalone_exact_mw,3fbf3739b73dda61f0188bb1f99eaf1ad6be14fe6ea44c0ac8d6c5ad12090cf3,"{""distance"":5,""physical_error_rate"":0.02}","{""detection_events"":4180,""detectors_checked"":57344,""obs_mistake_mask=E"":8}"
        64,        25,         0,    1.34,standalone_exact_mw,a2951cb9d6c05a6bf216e8b727426e1a3155bcc703ace3ee8fdcacfd84d170a7,"{""distance"":5,""physical_error_rate"":0.1}","{""detection_events"":3807,""detectors_checked"":14336,""obs_mistake_mask=E"":25}"
        64,        29,         0,    1.18,standalone_exact_mw,b926cc1d59f2ffa0ec7a93e8795923b3e0543631758e3ab8213cfd69853d790b,"{""distance"":5,""physical_error_rate"":0.2}","{""detection_events"":5221,""detectors_checked"":14336,""obs_mistake_mask=E"":29}"
       128,        63,         0,    1.56,standalone_exact_mw,b926cc1d59f2ffa0ec7a93e8795923b3e0543631758e3ab8213cfd69853d790b,"{""distance"":5,""physical_error_rate"":0.2}","{""detection_events"":10550,""detectors_checked"":28672,""obs_mistake_mask=E"":63}"
        32,        16,         0,   0.751,standalone_exact_mw,b926cc1d59f2ffa0ec7a93e8795923b3e0543631758e3ab8213cfd69853d790b,"{""distance"":5,""physical_error_rate"":0.2}","{""detection_events"":2563,""detectors_checked"":7168,""obs_mistake_mask=E"":16}"
       128,         1,         0,   0.400,standalone_exact_mw,3fbf3739b73dda61f0188bb1f99eaf1ad6be14fe6ea44c0ac8d6c5ad12090cf3,"{""distance"":5,""physical_error_rate"":0.02}","{""detection_events"":2129,""detectors_checked"":28672,""obs_mistake_mask=E"":1}"
       256,         3,         0,    1.14,standalone_exact_mw,3fbf3739b73dda61f0188bb1f99eaf1ad6be14fe6ea44c0ac8d6c5ad12090cf3,"{""distance"":5,""physical_error_rate"":0.02}","{""detection_events"":4320,""detectors_checked"":57344,""obs_mistake_mask=E"":3}"
      9216,         0,         0,   0.798,standalone_exact_mw,77d802c74222c3324b7f1323f7447c6411ad27be92307b6127e53af575faadca,"{""distance"":5,""physical_error_rate"":0.001}","{""detection_events"":8184,""detectors_checked"":2064384}"
        16,         7,         0,   0.374,standalone_exact_mw,b926cc1d59f2ffa0ec7a93e8795923b3e0543631758e3ab8213cfd69853d790b,"{""distance"":5,""physical_error_rate"":0.2}","{""detection_events"":1270,""detectors_checked"":3584,""obs_mistake_mask=E"":7}"
     21504,         0,         0,    1.12,standalone_exact_mw,77d802c74222c3324b7f1323f7447c6411ad27be92307b6127e53af575faadca,"{""distance"":5,""physical_error_rate"":0.001}","{""detection_events"":20427,""detectors_checked"":4816896}"
        64,        45,         0,    1.29,standalone_exact_mw,116a60cbe496e8e5ed1b799237798a197a37b7e9de7e0dc58034c8e1135b3e40,"{""distance"":5,""physical_error_rate"":0.5}","{""detection_events"":6555,""detectors_checked"":14336,""obs_mistake_mask=E"":45}"
      7168,         0,         0,   0.303,standalone_exact_mw,cc9149276d16e61a5ac322a1d2048afebd34054fe0ed4879b77eb616628c1148,"{""distance"":5,""physical_error_rate"":0.0001}","{""detection_events"":673,""detectors_checked"":1605632}"
      5120,         0,         0,   0.453,standalone_exact_mw,77d802c74222c3324b7f1323f7447c6411ad27be92307b6127e53af575faadca,"{""distance"":5,""physical_error_rate"":0.001}","{""detection_events"":4513,""detectors_checked"":1146880}"
      7168,         0,         0,   0.335,standalone_exact_mw,29ae76c7f86edcd2f56343e8109d8463cbc736644db4e57527101e2f1c3606c8,"{""distance"":5,""physical_error_rate"":0.0002}","{""detection_events"":1408,""detectors_checked"":1605632}"
      9216,         0,         0,   0.610,standalone_exact_mw,503ee55b5ad1b1988379a241a0405811522ee4d50b473755532ad1299cb121e2,"{""distance"":5,""physical_error_rate"":0.0005}","{""detection_events"":4417,""detectors_checked"":2064384}"
        96,        52,         0,    1.83,standalone_exact_mw,b926cc1d59f2ffa0ec7a93e8795923b3e0543631758e3ab8213cfd69853d790b,"{""distance"":5,""physical_error_rate"":0.2}","{""detection_events"":7780,""detectors_checked"":21504,""obs_mistake_mask=E"":52}"
         1,         0,         0,   0.012,standalone_exact_mw,c8b738028fda2b050c9255682a07cc95906733115fc52715e25155705a588b66,"{""distance"":5,""physical_error_rate"":0.05}","{""detection_events"":42,""detectors_checked"":224}"
     87040,         0,         0,    2.18,standalone_exact_mw,cc9149276d16e61a5ac322a1d2048afebd34054fe0ed4879b77eb616628c1148,"{""distance"":5,""physical_error_rate"":0.0001}","{""detection_events"":8520,""detectors_checked"":19496960}"
     96256,         0,         0,    2.19,standalone_exact_mw,cc9149276d16e61a5ac322a1d2048afebd34054fe0ed4879b77eb616628c1148,"{""distance"":5,""physical_error_rate"":0.0001}","{""detection_events"":9110,""detectors_checked"":21561344}"
         1,         0,         0,   0.014,standalone_exact_mw,29ae76c7f86edcd2f56343e8109d8463cbc736644db4e57527101e2f1c3606c8,"{""distance"":5,""physical_error_rate"":0.0002}","{""detectors_checked"":224}"
      2048,         9,         0,    1.39,standalone_exact_mw,d243a1b0b1308c5af35ad4523cb40bd83c282feda5b2af0b0940517b428d54bb,"{""distance"":5,""physical_error_rate"":0.01}","{""detection_events"":17750,""detectors_checked"":458752,""obs_mistake_mask=E"":9}"
      1024,         5,         0,    1.35,standalone_exact_mw,d243a1b0b1308c5af35ad4523cb40bd83c282feda5b2af0b0940517b428d54bb,"{""distance"":5,""physical_error_rate"":0.01}","{""detection_events"":9149,""detectors_checked"":229376,""obs_mistake_mask=E"":5}"
      1296,         0,         0,   0.048,standalone_exact_mw,29ae76c7f86edcd2f56343e8109d8463cbc736644db4e57527101e2f1c3606c8,"{""distance"":5,""physical_error_rate"":0.0002}","{""detection_events"":212,""detectors_checked"":290304}"
        32,        18,         0,   0.627,standalone_exact_mw,116a60cbe496e8e5ed1b799237798a197a37b7e9de7e0dc58034c8e1135b3e40,"{""distance"":5,""physical_error_rate"":0.5}","{""detection_events"":3343,""detectors_checked"":7168,""obs_mistake_mask=E"":18}"
      1024,         0,         0,   0.015,standalone_exact_mw,29ae76c7f86edcd2f56343e8109d8463cbc736644db4e57527101e2f1c3606c8,"{""distance"":5,""physical_error_rate"":0.0002}","{""detection_events"":183,""detectors_checked"":229376}"
        32,        15,         0,   0.849,standalone_exact_mw,116a60cbe496e8e5ed1b799237798a197a37b7e9de7e0dc58034c8e1135b3e40,"{""distance"":5,""physical_error_rate"":0.5}","{""detection_events"":3229,""detectors_checked"":7168,""obs_mistake_mask=E"":15}"
        16,         1,         0,   0.175,standalone_exact_mw,c8b738028fda2b050c9255682a07cc95906733115fc52715e25155705a588b66,"{""distance"":5,""physical_error_rate"":0.05}","{""detection_events"":570,""detectors_checked"":3584,""obs_mistake_mask=E"":1}"
      1024,         0,         0,   0.050,standalone_exact_mw,29ae76c7f86edcd2f56343e8109d8463cbc736644db4e57527101e2f1c3606c8,"{""distance"":5,""physical_error_rate"":0.0002}","{""detection_events"":214,""detectors_checked"":229376}"
     92160,         0,         0,    2.18,standalone_exact_mw,29ae76c7f86edcd2f56343e8109d8463cbc736644db4e57527101e2f1c3606c8,"{""distance"":5,""physical_error_rate"":0.0002}","{""detection_events"":17044,""detectors_checked"":20643840}"
         1,         0,         0,   0.001,standalone_exact_mw,7bb6e20e48600212890a8c0dbf00c9e78f41358e09b12be0f89e4aae4bc5d684,"{""distance"":5,""physical_error_rate"":0.002}","{""detection_events"":4,""detectors_checked"":224}"
      1024,         0,         0,   0.050,standalone_exact_mw,29ae76c7f86edcd2f56343e8109d8463cbc736644db4e57527101e2f1c3606c8,"{""distance"":5,""physical_error_rate"":0.0002}","{""detection_events"":215,""detectors_checked"":229376}"
       272,         0,         0,   0.026,standalone_exact_mw,7bb6e20e48600212890a8c0dbf00c9e78f41358e09b12be0f89e4aae4bc5d684,"{""distance"":5,""physical_error_rate"":0.002}","{""detection_events"":578,""detectors_checked"":60928}"
        64,        34,         0,   0.867,standalone_exact_mw,a2951cb9d6c05a6bf216e8b727426e1a3155bcc703ace3ee8fdcacfd84d170a7,"{""distance"":5,""physical_error_rate"":0.1}","{""detection_events"":3673,""detectors_checked"":14336,""obs_mistake_mask=E"":34}"
        32,        18,         0,   0.540,standalone_exact_mw,b926cc1d59f2ffa0ec7a93e8795923b3e0543631758e3ab8213cfd69853d790b,"{""distance"":5,""physical_error_rate"":0.2}","{""detection_events"":2484,""detectors_checked"":7168,""obs_mistake_mask=E"":18}"
        64,        15,         0,   0.716,standalone_exact_mw,c8b738028fda2b050c9255682a07cc95906733115fc52715e25155705a588b66,"{""distance"":5,""physical_error_rate"":0.05}","{""detection_events"":2406,""detectors_checked"":14336,""obs_mistake_mask=E"":15}"
     50176,         0,         0,    2.19,standalone_exact_mw,cc9149276d16e61a5ac322a1d2048afebd34054fe0ed4879b77eb616628c1148,"{""distance"":5,""physical_error_rate"":0.0001}","{""detection_events"":4605,""detectors_checked"":11239424}"
      2048,         0,         0,   0.101,standalone_exact_mw,29ae76c7f86edcd2f56343e8109d8463cbc736644db4e57527101e2f1c3606c8,"{""distance"":5,""physical_error_rate"":0.0002}","{""detection_events"":399,""detectors_checked"":458752}"
      1024,         0,         0,   0.113,standalone_exact_mw,7bb6e20e48600212890a8c0dbf00c9e78f41358e09b12be0f89e4aae4bc5d684,"{""distance"":5,""physical_error_rate"":0.002}","{""detection_events"":1956,""detectors_checked"":229376}"
     14336,         0,         0,    1.57,standalone_exact_mw,7bb6e20e48600212890a8c0dbf00c9e78f41358e09b12be0f89e4aae4bc5d684,"{""distance"":5,""physical_error_rate"":0.002}","{""detection_events"":26482,""detectors_checked"":3211264}"
     11264,         0,         0,   0.428,standalone_exact_mw,cc9149276d16e61a5ac322a1d2048afebd34054fe0ed4879b77eb616628c1148,"{""distance"":5,""physical_error_rate"":0.0001}","{""detection_events"":1105,""detectors_checked"":2523136}"
     10240,         0,         0,   0.433,standalone_exact_mw,29ae76c7f86edcd2f56343e8109d8463cbc736644db4e57527101e2f1c3606c8,"{""distance"":5,""physical_error_rate"":0.0002}","{""detection_events"":1789,""detectors_checked"":2293760}"
        64,        29,         0,    1.01,standalone_exact_mw,a2951cb9d6c05a6bf216e8b727426e1a3155bcc703ace3ee8fdcacfd84d170a7,"{""distance"":5,""physical_error_rate"":0.1}","{""detection_events"":3674,""detectors_checked"":14336,""obs_mistake_mask=E"":29}"
      4096,         1,         0,   0.915,standalone_exact_mw,1a2d9ab41a8a393fdef1a304cd6cd3b39e7654fe1ff27694ddcd7a0d28bf707b,"{""distance"":5,""physical_error_rate"":0.005}","{""detection_events"":18638,""detectors_checked"":917504,""obs_mistake_mask=E"":1}"
      2048,         0,         0,   0.066,standalone_exact_mw,29ae76c7f86edcd2f56343e8109d8463cbc736644db4e57527101e2f1c3606c8,"{""distance"":5,""physical_error_rate"":0.0002}","{""detection_events"":445,""detectors_checked"":458752}"
        96,        45,         0,    2.24,standalone_exact_mw,116a60cbe496e8e5ed1b799237798a197a37b7e9de7e0dc58034c8e1135b3e40,"{""distance"":5,""physical_error_rate"":0.5}","{""detection_events"":9855,""detectors_checked"":21504,""obs_mistake_mask=E"":45}"
      1024,         0,         0,   0.087,standalone_exact_mw,7bb6e20e48600212890a8c0dbf00c9e78f41358e09b12be0f89e4aae4bc5d684,"{""distance"":5,""physical_error_rate"":0.002}","{""detection_events"":1836,""detectors_checked"":229376}"
      7168,         0,         0,   0.809,standalone_exact_mw,7bb6e20e48600212890a8c0dbf00c9e78f41358e09b12be0f89e4aae4bc5d684,"{""distance"":5,""physical_error_rate"":0.002}","{""detection_events"":13522,""detectors_checked"":1605632}"
     66560,         0,         0,    2.16,standalone_exact_mw,503ee55b5ad1b1988379a241a0405811522ee4d50b473755532ad1299cb121e2,"{""distance"":5,""physical_error_rate"":0.0005}","{""detection_events"":31219,""detectors_checked"":14909440}"
        32,         5,         0,   0.336,standalone_exact_mw,c8b738028fda2b050c9255682a07cc95906733115fc52715e25155705a588b66,"{""distance"":5,""physical_error_rate"":0.05}","{""detection_events"":1146,""detectors_checked"":7168,""obs_mistake_mask=E"":5}"
      7168,         0,         0,   0.608,standalone_exact_mw,77d802c74222c3324b7f1323f7447c6411ad27be92307b6127e53af575faadca,"{""distance"":5,""physical_error_rate"":0.001}","{""detection_events"":6646,""detectors_checked"":1605632}"
      1024,         0,         0,   0.087,standalone_exact_mw,7bb6e20e48600212890a8c0dbf00c9e78f41358e09b12be0f89e4aae4bc5d684,"{""distance"":5,""physical_error_rate"":0.002}","{""detection_events"":1762,""detectors_checked"":229376}"
      1024,         3,         0,    1.02,standalone_exact_mw,d243a1b0b1308c5af35ad4523cb40bd83c282feda5b2af0b0940517b428d54bb,"{""distance"":5,""physical_error_rate"":0.01}","{""detection_events"":9081,""detectors_checked"":229376,""obs_mistake_mask=E"":3}"
      3072,         0,         0,   0.150,standalone_exact_mw,29ae76c7f86edcd2f56343e8109d8463cbc736644db4e57527101e2f1c3606c8,"{""distance"":5,""physical_error_rate"":0.0002}","{""detection_events"":543,""detectors_checked"":688128}"
       256,         5,         0,    1.18,standalone_exact_mw,3fbf3739b73dda61f0188bb1f99eaf1ad6be14fe6ea44c0ac8d6c5ad12090cf3,"{""distance"":5,""physical_error_rate"":0.02}","{""detection_events"":4182,""detectors_checked"":57344,""obs_mistake_mask=E"":5}"
        64,        28,         0,    1.13,standalone_exact_mw,a2951cb9d6c05a6bf216e8b727426e1a3155bcc703ace3ee8fdcacfd84d170a7,"{""distance"":5,""physical_error_rate"":0.1}","{""detection_events"":3698,""detectors_checked"":14336,""obs_mistake_mask=E"":28}"
     35840,         0,         0,    2.15,standalone_exact_mw,503ee55b5ad1b1988379a241a0405811522ee4d50b473755532ad1299cb121e2,"{""distance"":5,""physical_error_rate"":0.0005}","{""detection_events"":16681,""detectors_checked"":8028160}"
      1024,         0,         0,   0.087,standalone_exact_mw,7bb6e20e48600212890a8c0dbf00c9e78f41358e09b12be0f89e4aae4bc5d684,"{""distance"":5,""physical_error_rate"":0.002}","{""detection_events"":1845,""detectors_checked"":229376}"
        17,         0,         0,   0.057,standalone_exact_mw,3fbf3739b73dda61f0188bb1f99eaf1ad6be14fe6ea44c0ac8d6c5ad12090cf3,"{""distance"":5,""physical_error_rate"":0.02}","{""detection_events"":307,""detectors_checked"":3808}"
      1024,         0,         0,   0.111,standalone_exact_mw,7bb6e20e48600212890a8c0dbf00c9e78f41358e09b12be0f89e4aae4bc5d684,"{""distance"":5,""physical_error_rate"":0.002}","{""detection_events"":1859,""detectors_checked"":229376}"
       256,         4,         0,   0.973,standalone_exact_mw,3fbf3739b73dda61f0188bb1f99eaf1ad6be14fe6ea44c0ac8d6c5ad12090cf3,"{""distance"":5,""physical_error_rate"":0.02}","{""detection_events"":4291,""detectors_checked"":57344,""obs_mistake_mask=E"":4}"
      1024,         2,         0,    1.15,standalone_exact_mw,d243a1b0b1308c5af35ad4523cb40bd83c282feda5b2af0b0940517b428d54bb,"{""distance"":5,""physical_error_rate"":0.01}","{""detection_events"":8870,""detectors_checked"":229376,""obs_mistake_mask=E"":2}"
     13312,         0,         0,   0.810,standalone_exact_mw,503ee55b5ad1b1988379a241a0405811522ee4d50b473755532ad1299cb121e2,"{""distance"":5,""physical_error_rate"":0.0005}","{""detection_events"":6407,""detectors_checked"":2981888}"
        17,         4,         0,   0.147,standalone_exact_mw,c8b738028fda2b050c9255682a07cc95906733115fc52715e25155705a588b66,"{""distance"":5,""physical_error_rate"":0.05}","{""detection_events"":630,""detectors_checked"":3808,""obs_mistake_mask=E"":4}"
      4096,         0,         0,   0.202,standalone_exact_mw,29ae76c7f86edcd2f56343e8109d8463cbc736644db4e57527101e2f1c3606c8,"{""distance"":5,""physical_error_rate"":0.0002}","{""detection_events"":748,""detectors_checked"":917504}"
        32,        18,         0,   0.678,standalone_exact_mw,116a60cbe496e8e5ed1b799237798a197a37b7e9de7e0dc58034c8e1135b3e40,"{""distance"":5,""physical_error_rate"":0.5}","{""detection_events"":3325,""detectors_checked"":7168,""obs_mistake_mask=E"":18}"
      7168,         5,         0,    1.69,standalone_exact_mw,1a2d9ab41a8a393fdef1a304cd6cd3b39e7654fe1ff27694ddcd7a0d28bf707b,"{""distance"":5,""physical_error_rate"":0.005}","{""detection_events"":32446,""detectors_checked"":1605632,""obs_mistake_mask=E"":5}"
    111616,         0,         0,    3.04,standalone_exact_mw,cc9149276d16e61a5ac322a1d2048afebd34054fe0ed4879b77eb616628c1148,"{""distance"":5,""physical_error_rate"":0.0001}","{""detection_events"":10310,""detectors_checked"":25001984}"
      1024,         0,         0,   0.101,standalone_exact_mw,7bb6e20e48600212890a8c0dbf00c9e78f41358e09b12be0f89e4aae4bc5d684,"{""distance"":5,""physical_error_rate"":0.002}","{""detection_events"":1829,""detectors_checked"":229376}"
     46080,         0,         0,    2.15,standalone_exact_mw,503ee55b5ad1b1988379a241a0405811522ee4d50b473755532ad1299cb121e2,"{""distance"":5,""physical_error_rate"":0.0005}","{""detection_events"":20915,""detectors_checked"":10321920}"
        32,         4,         0,   0.365,standalone_exact_mw,c8b738028fda2b050c9255682a07cc95906733115fc52715e25155705a588b66,"{""distance"":5,""physical_error_rate"":0.05}","{""detection_events"":1141,""detectors_checked"":7168,""obs_mistake_mask=E"":4}"
      7168,         2,         0,    1.74,standalone_exact_mw,1a2d9ab41a8a393fdef1a304cd6cd3b39e7654fe1ff27694ddcd7a0d28bf707b,"{""distance"":5,""physical_error_rate"":0.005}","{""detection_events"":32015,""detectors_checked"":1605632,""obs_mistake_mask=E"":2}"
     57344,         0,         0,    2.18,standalone_exact_mw,aea10f45e3589e84a00777b800d38e8a3149bd6cb552c409f3bffd718c1a0abf,"{""distance"":5,""physical_error_rate"":5e-05}","{""detection_events"":2574,""detectors_checked"":12845056}"
     16384,         0,         0,    1.13,standalone_exact_mw,77d802c74222c3324b7f1323f7447c6411ad27be92307b6127e53af575faadca,"{""distance"":5,""physical_error_rate"":0.001}","{""detection_events"":15355,""detectors_checked"":3670016}"
         1,         0,         0,   0.004,standalone_exact_mw,aea10f45e3589e84a00777b800d38e8a3149bd6cb552c409f3bffd718c1a0abf,"{""distance"":5,""physical_error_rate"":5e-05}","{""detectors_checked"":224}"
     17408,         0,         0,   0.608,standalone_exact_mw,cc9149276d16e61a5ac322a1d2048afebd34054fe0ed4879b77eb616628c1148,"{""distance"":5,""physical_error_rate"":0.0001}","{""detection_events"":1645,""detectors_checked"":3899392}"
     15360,         0,         0,   0.591,standalone_exact_mw,29ae76c7f86edcd2f56343e8109d8463cbc736644db4e57527101e2f1c3606c8,"{""distance"":5,""physical_error_rate"":0.0002}","{""detection_events"":2741,""detectors_checked"":3440640}"
       128,         2,         0,   0.323,standalone_exact_mw,3fbf3739b73dda61f0188bb1f99eaf1ad6be14fe6ea44c0ac8d6c5ad12090cf3,"{""distance"":5,""physical_error_rate"":0.02}","{""detection_events"":2022,""detectors_checked"":28672,""obs_mistake_mask=E"":2}"
      1296,         0,         0,   0.044,standalone_exact_mw,aea10f45e3589e84a00777b800d38e8a3149bd6cb552c409f3bffd718c1a0abf,"{""distance"":5,""physical_error_rate"":5e-05}","{""detection_events"":70,""detectors_checked"":290304}"
      1024,         0,         0,   0.029,standalone_exact_mw,aea10f45e3589e84a00777b800d38e8a3149bd6cb552c409f3bffd718c1a0abf,"{""distance"":5,""physical_error_rate"":5e-05}","{""detection_events"":62,""detectors_checked"":229376}"
      5120,         0,         0,   0.250,standalone_exact_mw,29ae76c7f86edcd2f56343e8109d8463cbc736644db4e57527101e2f1c3606c8,"{""distance"":5,""physical_error_rate"":0.0002}","{""detection_events"":962,""detectors_checked"":1146880}"
      1024,         0,         0,   0.029,standalone_exact_mw,aea10f45e3589e84a00777b800d38e8a3149bd6cb552c409f3bffd718c1a0abf,"{""distance"":5,""physical_error_rate"":5e-05}","{""detection_events"":43,""detectors_checked"":229376}"
      2048,         0,         0,   0.198,standalone_exact_mw,7bb6e20e48600212890a8c0dbf00c9e78f41358e09b12be0f89e4aae4bc5d684,"{""distance"":5,""physical_error_rate"":0.002}","{""detection_events"":3695,""detectors_checked"":458752}"
        64,        15,         0,   0.801,standalone_exact_mw,c8b738028fda2b050c9255682a07cc95906733115fc52715e25155705a588b66,"{""distance"":5,""physical_error_rate"":0.05}","{""detection_events"":2278,""detectors_checked"":14336,""obs_mistake_mask=E"":15}"
       128,        29,         0,    1.56,standalone_exact_mw,c8b738028fda2b050c9255682a07cc95906733115fc52715e25155705a588b66,"{""distance"":5,""physical_error_rate"":0.05}","{""detection_events"":4571,""detectors_checked"":28672,""obs_mistake_mask=E"":29}"
      2048,         0,         0,   0.058,standalone_exact_mw,aea10f45e3589e84a00777b800d38e8a3149bd6cb552c409f3bffd718c1a0abf,"{""distance"":5,""physical_error_rate"":5e-05}","{""detection_events"":77,""detectors_checked"":458752}"
       384,         6,         0,    1.47,standalone_exact_mw,3fbf3739b73dda61f0188bb1f99eaf1ad6be14fe6ea44c0ac8d6c5ad12090cf3,"{""distance"":5,""physical_error_rate"":0.02}","{""detection_events"":6539,""detectors_checked"":86016,""obs_mistake_mask=E"":6}"
      3072,         0,         0,   0.053,standalone_exact_mw,aea10f45e3589e84a00777b800d38e8a3149bd6cb552c409f3bffd718c1a0abf,"{""distance"":5,""physical_error_rate"":5e-05}","{""detection_events"":175,""detectors_checked"":688128}"
     18432,         1,         0,    2.24,standalone_exact_mw,7bb6e20e48600212890a8c0dbf00c9e78f41358e09b12be0f89e4aae4bc5d684,"{""distance"":5,""physical_error_rate"":0.002}","{""detection_events"":34174,""detectors_checked"":4128768,""obs_mistake_mask=E"":1}"
        32,         4,         0,   0.362,standalone_exact_mw,c8b738028fda2b050c9255682a07cc95906733115fc52715e25155705a588b66,"{""distance"":5,""physical_error_rate"":0.05}","{""detection_events"":1166,""detectors_checked"":7168,""obs_mistake_mask=E"":4}"
      1024,         2,         0,    1.14,standalone_exact_mw,d243a1b0b1308c5af35ad4523cb40bd83c282feda5b2af0b0940517b428d54bb,"{""distance"":5,""physical_error_rate"":0.01}","{""detection_events"":8471,""detectors_checked"":229376,""obs_mistake_mask=E"":2}"
      3072,         0,         0,   0.072,standalone_exact_mw,aea10f45e3589e84a00777b800d38e8a3149bd6cb552c409f3bffd718c1a0abf,"{""distance"":5,""physical_error_rate"":5e-05}","{""detection_events"":115,""detectors_checked"":688128}"
     65536,         0,         0,    2.15,standalone_exact_mw,aea10f45e3589e84a00777b800d38e8a3149bd6cb552c409f3bffd718c1a0abf,"{""distance"":5,""physical_error_rate"":5e-05}","{""detection_events"":2961,""detectors_checked"":14680064}"
      2048,         0,         0,   0.224,standalone_exact_mw,7bb6e20e48600212890a8c0dbf00c9e78f41358e09b12be0f89e4aae4bc5d684,"{""distance"":5,""physical_error_rate"":0.002}","{""detection_events"":3783,""detectors_checked"":458752}"
        96,        44,         0,    1.65,standalone_exact_mw,a2951cb9d6c05a6bf216e8b727426e1a3155bcc703ace3ee8fdcacfd84d170a7,"{""distance"":5,""physical_error_rate"":0.1}","{""detection_events"":5620,""detectors_checked"":21504,""obs_mistake_mask=E"":44}"
      6144,         0,         0,   0.301,standalone_exact_mw,29ae76c7f86edcd2f56343e8109d8463cbc736644db4e57527101e2f1c3606c8,"{""distance"":5,""physical_error_rate"":0.0002}","{""detection_events"":1203,""detectors_checked"":1376256}"
        32,        19,         0,   0.546,standalone_exact_mw,116a60cbe496e8e5ed1b799237798a197a37b7e9de7e0dc58034c8e1135b3e40,"{""distance"":5,""physical_error_rate"":0.5}","{""detection_events"":3216,""detectors_checked"":7168,""obs_mistake_mask=E"":19}"
        64,        28,         0,   0.970,standalone_exact_mw,a2951cb9d6c05a6bf216e8b727426e1a3155bcc703ace3ee8fdcacfd84d170a7,"{""distance"":5,""physical_error_rate"":0.1}","{""detection_events"":3704,""detectors_checked"":14336,""obs_mistake_mask=E"":28}"
      9216,         0,         0,   0.814,standalone_exact_mw,77d802c74222c3324b7f1323f7447c6411ad27be92307b6127e53af575faadca,"{""distance"":5,""physical_error_rate"":0.001}","{""detection_events"":8353,""detectors_checked"":2064384}"
        64,        28,         0,    1.11,standalone_exact_mw,a2951cb9d6c05a6bf216e8b727426e1a3155bcc703ace3ee8fdcacfd84d170a7,"{""distance"":5,""physical_error_rate"":0.1}","{""detection_events"":3639,""detectors_checked"":14336,""obs_mistake_mask=E"":28}"
        64,        35,         0,    1.26,standalone_exact_mw,116a60cbe496e8e5ed1b799237798a197a37b7e9de7e0dc58034c8e1135b3e40,"{""distance"":5,""physical_error_rate"":0.5}","{""detection_events"":6572,""detectors_checked"":14336,""obs_mistake_mask=E"":35}"
      4096,         0,         0,   0.117,standalone_exact_mw,aea10f45e3589e84a00777b800d38e8a3149bd6cb552c409f3bffd718c1a0abf,"{""distance"":5,""physical_error_rate"":5e-05}","{""detection_events"":168,""detectors_checked"":917504}"
        64,        32,         0,   0.828,standalone_exact_mw,a2951cb9d6c05a6bf216e8b727426e1a3155bcc703ace3ee8fdcacfd84d170a7,"{""distance"":5,""physical_error_rate"":0.1}","{""detection_events"":3696,""detectors_checked"":14336,""obs_mistake_mask=E"":32}"
       128,         7,         0,   0.440,standalone_exact_mw,3fbf3739b73dda61f0188bb1f99eaf1ad6be14fe6ea44c0ac8d6c5ad12090cf3,"{""distance"":5,""physical_error_rate"":0.02}","{""detection_events"":2048,""detectors_checked"":28672,""obs_mistake_mask=E"":7}"
     29696,         1,         0,    1.55,standalone_exact_mw,77d802c74222c3324b7f1323f7447c6411ad27be92307b6127e53af575faadca,"{""distance"":5,""physical_error_rate"":0.001}","{""detection_events"":28088,""detectors_checked"":6651904,""obs_mistake_mask=E"":1}"
     10240,         4,         0,    2.35,standalone_exact_mw,1a2d9ab41a8a393fdef1a304cd6cd3b39e7654fe1ff27694ddcd7a0d28bf707b,"{""distance"":5,""physical_error_rate"":0.005}","{""detection_events"":46248,""detectors_checked"":2293760,""obs_mistake_mask=E"":4}"
     72704,         0,         0,    2.13,standalone_exact_mw,aea10f45e3589e84a00777b800d38e8a3149bd6cb552c409f3bffd718c1a0abf,"{""distance"":5,""physical_error_rate"":5e-05}","{""detection_events"":3265,""detectors_checked"":16285696}"
        64,        19,         0,   0.783,standalone_exact_mw,c8b738028fda2b050c9255682a07cc95906733115fc52715e25155705a588b66,"{""distance"":5,""physical_error_rate"":0.05}","{""detection_events"":2342,""detectors_checked"":14336,""obs_mistake_mask=E"":19}"
      7168,         0,         0,   0.162,standalone_exact_mw,aea10f45e3589e84a00777b800d38e8a3149bd6cb552c409f3bffd718c1a0abf,"{""distance"":5,""physical_error_rate"":5e-05}","{""detection_events"":328,""detectors_checked"":1605632}"
        32,         4,         0,   0.394,standalone_exact_mw,c8b738028fda2b050c9255682a07cc95906733115fc52715e25155705a588b66,"{""distance"":5,""physical_error_rate"":0.05}","{""detection_events"":1150,""detectors_checked"":7168,""obs_mistake_mask=E"":4}"
        17,         0,         0,   0.010,standalone_exact_mw,77d802c74222c3324b7f1323f7447c6411ad27be92307b6127e53af575faadca,"{""distance"":5,""physical_error_rate"":0.001}","{""detection_events"":22,""detectors_checked"":3808}"
      4096,         0,         0,   0.334,standalone_exact_mw,7bb6e20e48600212890a8c0dbf00c9e78f41358e09b12be0f89e4aae4bc5d684,"{""distance"":5,""physical_error_rate"":0.002}","{""detection_events"":7454,""detectors_checked"":917504}"
     10240,         0,         0,    1.22,standalone_exact_mw,7bb6e20e48600212890a8c0dbf00c9e78f41358e09b12be0f89e4aae4bc5d684,"{""distance"":5,""physical_error_rate"":0.002}","{""detection_events"":18879,""detectors_checked"":2293760}"
       256,         5,         0,   0.934,standalone_exact_mw,3fbf3739b73dda61f0188bb1f99eaf1ad6be14fe6ea44c0ac8d6c5ad12090cf3,"{""distance"":5,""physical_error_rate"":0.02}","{""detection_events"":4231,""detectors_checked"":57344,""obs_mistake_mask=E"":5}"
      1280,         0,         0,   0.067,standalone_exact_mw,77d802c74222c3324b7f1323f7447c6411ad27be92307b6127e53af575faadca,"{""distance"":5,""physical_error_rate"":0.001}","{""detection_events"":1297,""detectors_checked"":286720}"
       512,        14,         0,    1.95,standalone_exact_mw,3fbf3739b73dda61f0188bb1f99eaf1ad6be14fe6ea44c0ac8d6c5ad12090cf3,"{""distance"":5,""physical_error_rate"":0.02}","{""detection_events"":8418,""detectors_checked"":114688,""obs_mistake_mask=E"":14}"
      8192,         0,         0,   0.406,standalone_exact_mw,29ae76c7f86edcd2f56343e8109d8463cbc736644db4e57527101e2f1c3606c8,"{""distance"":5,""physical_error_rate"":0.0002}","{""detection_events"":1559,""detectors_checked"":1835008}"
        96,        48,         0,    1.84,standalone_exact_mw,116a60cbe496e8e5ed1b799237798a197a37b7e9de7e0dc58034c8e1135b3e40,"{""distance"":5,""physical_error_rate"":0.5}","{""detection_events"":9744,""detectors_checked"":21504,""obs_mistake_mask=E"":48}"
      1024,         0,         0,   0.053,standalone_exact_mw,77d802c74222c3324b7f1323f7447c6411ad27be92307b6127e53af575faadca,"{""distance"":5,""physical_error_rate"":0.001}","{""detection_events"":1009,""detectors_checked"":229376}"
      5120,         1,         0,    1.36,standalone_exact_mw,1a2d9ab41a8a393fdef1a304cd6cd3b39e7654fe1ff27694ddcd7a0d28bf707b,"{""distance"":5,""physical_error_rate"":0.005}","{""detection_events"":23541,""detectors_checked"":1146880,""obs_mistake_mask=E"":1}"
     23552,         0,         0,   0.806,standalone_exact_mw,cc9149276d16e61a5ac322a1d2048afebd34054fe0ed4879b77eb616628c1148,"{""distance"":5,""physical_error_rate"":0.0001}","{""detection_events"":2312,""detectors_checked"":5275648}"
      9216,         0,         0,   0.217,standalone_exact_mw,aea10f45e3589e84a00777b800d38e8a3149bd6cb552c409f3bffd718c1a0abf,"{""distance"":5,""physical_error_rate"":5e-05}","{""detection_events"":498,""detectors_checked"":2064384}"
      1024,         2,         0,    1.24,standalone_exact_mw,d243a1b0b1308c5af35ad4523cb40bd83c282feda5b2af0b0940517b428d54bb,"{""distance"":5,""physical_error_rate"":0.01}","{""detection_events"":8978,""detectors_checked"":229376,""obs_mistake_mask=E"":2}"
      1024,         0,         0,   0.047,standalone_exact_mw,77d802c74222c3324b7f1323f7447c6411ad27be92307b6127e53af575faadca,"{""distance"":5,""physical_error_rate"":0.001}","{""detection_events"":953,""detectors_checked"":229376}"
     21504,         0,         0,   0.817,standalone_exact_mw,29ae76c7f86edcd2f56343e8109d8463cbc736644db4e57527101e2f1c3606c8,"{""distance"":5,""physical_error_rate"":0.0002}","{""detection_events"":4126,""detectors_checked"":4816896}"
       128,         3,         0,   0.390,standalone_exact_mw,3fbf3739b73dda61f0188bb1f99eaf1ad6be14fe6ea44c0ac8d6c5ad12090cf3,"{""distance"":5,""physical_error_rate"":0.02}","{""detection_events"":2097,""detectors_checked"":28672,""obs_mistake_mask=E"":3}"
      1024,         0,         0,   0.052,standalone_exact_mw,77d802c74222c3324b7f1323f7447c6411ad27be92307b6127e53af575faadca,"{""distance"":5,""physical_error_rate"":0.001}","{""detection_events"":865,""detectors_checked"":229376}"
       256,         4,         0,    1.28,standalone_exact_mw,3fbf3739b73dda61f0188bb1f99eaf1ad6be14fe6ea44c0ac8d6c5ad12090cf3,"{""distance"":5,""physical_error_rate"":0.02}","{""detection_events"":4380,""detectors_checked"":57344,""obs_mistake_mask=E"":4}"
    207872,         0,         0,    4.27,standalone_exact_mw,29ae76c7f86edcd2f56343e8109d8463cbc736644db4e57527101e2f1c3606c8,"{""distance"":5,""physical_error_rate"":0.0002}","{""detection_events"":38682,""detectors_checked"":46563328}"
        32,        14,         0,   0.550,standalone_exact_mw,a2951cb9d6c05a6bf216e8b727426e1a3155bcc703ace3ee8fdcacfd84d170a7,"{""distance"":5,""physical_error_rate"":0.1}","{""detection_events"":1951,""detectors_checked"":7168,""obs_mistake_mask=E"":14}"
        64,        12,         0,   0.835,standalone_exact_mw,c8b738028fda2b050c9255682a07cc95906733115fc52715e25155705a588b66,"{""distance"":5,""physical_error_rate"":0.05}","{""detection_events"":2444,""detectors_checked"":14336,""obs_mistake_mask=E"":12}"
     18432,         0,         0,    1.15,standalone_exact_mw,503ee55b5ad1b1988379a241a0405811522ee4d50b473755532ad1299cb121e2,"{""distance"":5,""physical_error_rate"":0.0005}","{""detection_events"":8503,""detectors_checked"":4128768}"
        32,         3,         0,   0.304,standalone_exact_mw,c8b738028fda2b050c9255682a07cc95906733115fc52715e25155705a588b66,"{""distance"":5,""physical_error_rate"":0.05}","{""detection_events"":1104,""detectors_checked"":7168,""obs_mistake_mask=E"":3}"
      2048,         0,         0,   0.090,standalone_exact_mw,77d802c74222c3324b7f1323f7447c6411ad27be92307b6127e53af575faadca,"{""distance"":5,""physical_error_rate"":0.001}","{""detection_events"":1865,""detectors_checked"":458752}"
        32,        16,         0,   0.649,standalone_exact_mw,116a60cbe496e8e5ed1b799237798a197a37b7e9de7e0dc58034c8e1135b3e40,"{""distance"":5,""physical_error_rate"":0.5}","{""detection_events"":3302,""detectors_checked"":7168,""obs_mistake_mask=E"":16}"
     18432,         5,         0,    3.19,standalone_exact_mw,1a2d9ab41a8a393fdef1a304cd6cd3b39e7654fe1ff27694ddcd7a0d28bf707b,"{""distance"":5,""physical_error_rate"":0.005}","{""detection_events"":83429,""detectors_checked"":4128768,""obs_mistake_mask=E"":5}"
      1024,         7,         0,    1.25,standalone_exact_mw,d243a1b0b1308c5af35ad4523cb40bd83c282feda5b2af0b0940517b428d54bb,"{""distance"":5,""physical_error_rate"":0.01}","{""detection_events"":9262,""detectors_checked"":229376,""obs_mistake_mask=E"":7}"
      5120,         1,         0,   0.437,standalone_exact_mw,7bb6e20e48600212890a8c0dbf00c9e78f41358e09b12be0f89e4aae4bc5d684,"{""distance"":5,""physical_error_rate"":0.002}","{""detection_events"":9258,""detectors_checked"":1146880,""obs_mistake_mask=E"":1}"
      2048,         0,         0,   0.109,standalone_exact_mw,77d802c74222c3324b7f1323f7447c6411ad27be92307b6127e53af575faadca,"{""distance"":5,""physical_error_rate"":0.001}","{""detection_events"":1870,""detectors_checked"":458752}"
     12288,         0,         0,   0.309,standalone_exact_mw,aea10f45e3589e84a00777b800d38e8a3149bd6cb552c409f3bffd718c1a0abf,"{""distance"":5,""physical_error_rate"":5e-05}","{""detection_events"":573,""detectors_checked"":2752512}"
      2048,         3,         0,    2.08,standalone_exact_mw,d243a1b0b1308c5af35ad4523cb40bd83c282feda5b2af0b0940517b428d54bb,"{""distance"":5,""physical_error_rate"":0.01}","{""detection_events"":17800,""detectors_checked"":458752,""obs_mistake_mask=E"":3}"
      2048,         0,         0,   0.092,standalone_exact_mw,77d802c74222c3324b7f1323f7447c6411ad27be92307b6127e53af575faadca,"{""distance"":5,""physical_error_rate"":0.001}","{""detection_events"":1976,""detectors_checked"":458752}"
         1,         0,         0,   0.027,standalone_exact_mw,c8b738028fda2b050c9255682a07cc95906733115fc52715e25155705a588b66,"{""distance"":5,""physical_error_rate"":0.05}","{""detection_events"":34,""detectors_checked"":224}"
        32,         4,         0,   0.376,standalone_exact_mw,c8b738028fda2b050c9255682a07cc95906733115fc52715e25155705a588b66,"{""distance"":5,""physical_error_rate"":0.05}","{""detection_events"":1127,""detectors_checked"":7168,""obs_mistake_mask=E"":4}"
     45056,         2,         0,    3.09,standalone_exact_mw,7bb6e20e48600212890a8c0dbf00c9e78f41358e09b12be0f89e4aae4bc5d684,"{""distance"":5,""physical_error_rate"":0.002}","{""detection_events"":82889,""detectors_checked"":10092544,""obs_mistake_mask=E"":2}"
       128,         4,         0,   0.497,standalone_exact_mw,3fbf3739b73dda61f0188bb1f99eaf1ad6be14fe6ea44c0ac8d6c5ad12090cf3,"{""distance"":5,""physical_error_rate"":0.02}","{""detection_events"":2212,""detectors_checked"":28672,""obs_mistake_mask=E"":4}"
     12288,         0,         0,   0.598,standalone_exact_mw,29ae76c7f86edcd2f56343e8109d8463cbc736644db4e57527101e2f1c3606c8,"{""distance"":5,""physical_error_rate"":0.0002}","{""detection_events"":2362,""detectors_checked"":2752512}"
        64,        12,         0,   0.813,standalone_exact_mw,c8b738028fda2b050c9255682a07cc95906733115fc52715e25155705a588b66,"{""distance"":5,""physical_error_rate"":0.05}","{""detection_events"":2281,""detectors_checked"":14336,""obs_mistake_mask=E"":12}"
      3072,         0,         0,   0.176,standalone_exact_mw,77d802c74222c3324b7f1323f7447c6411ad27be92307b6127e53af575faadca,"{""distance"":5,""physical_error_rate"":0.001}","{""detection_events"":2832,""detectors_checked"":688128}"
        16,         5,         0,   0.208,standalone_exact_mw,c8b738028fda2b050c9255682a07cc95906733115fc52715e25155705a588b66,"{""distance"":5,""physical_error_rate"":0.05}","{""detection_events"":590,""detectors_checked"":3584,""obs_mistake_mask=E"":5}"
     25600,         0,         0,    1.52,standalone_exact_mw,77d802c74222c3324b7f1323f7447c6411ad27be92307b6127e53af575faadca,"{""distance"":5,""physical_error_rate"":0.001}","{""detection_events"":23453,""detectors_checked"":5734400}"
     19456,         0,         0,    2.12,standalone_exact_mw,7bb6e20e48600212890a8c0dbf00c9e78f41358e09b12be0f89e4aae4bc5d684,"{""distance"":5,""physical_error_rate"":0.002}","{""detection_events"":36154,""detectors_checked"":4358144}"
     13312,         0,         0,   0.420,standalone_exact_mw,aea10f45e3589e84a00777b800d38e8a3149bd6cb552c409f3bffd718c1a0abf,"{""distance"":5,""physical_error_rate"":5e-05}","{""detection_events"":574,""detectors_checked"":2981888}"
     13312,         0,         0,    1.15,standalone_exact_mw,77d802c74222c3324b7f1323f7447c6411ad27be92307b6127e53af575faadca,"{""distance"":5,""physical_error_rate"":0.001}","{""detection_events"":12261,""detectors_checked"":2981888}"
    283648,         0,         0,    5.93,standalone_exact_mw,503ee55b5ad1b1988379a241a0405811522ee4d50b473755532ad1299cb121e2,"{""distance"":5,""physical_error_rate"":0.0005}","{""detection_events"":132952,""detectors_checked"":63537152}"
        32,         6,         0,   0.279,standalone_exact_mw,c8b738028fda2b050c9255682a07cc95906733115fc52715e25155705a588b66,"{""distance"":5,""physical_error_rate"":0.05}","{""detection_events"":1125,""detectors_checked"":7168,""obs_mistake_mask=E"":6}"
        32,        17,         0,   0.659,standalone_exact_mw,116a60cbe496e8e5ed1b799237798a197a37b7e9de7e0dc58034c8e1135b3e40,"{""distance"":5,""physical_error_rate"":0.5}","{""detection_events"":3259,""detectors_checked"":7168,""obs_mistake_mask=E"":17}"
      4096,         0,         0,   0.256,standalone_exact_mw,77d802c74222c3324b7f1323f7447c6411ad27be92307b6127e53af575faadca,"{""distance"":5,""physical_error_rate"":0.001}","{""detection_events"":3732,""detectors_checked"":917504}"
      5120,         0,         0,   0.548,standalone_exact_mw,7bb6e20e48600212890a8c0dbf00c9e78f41358e09b12be0f89e4aae4bc5d684,"{""distance"":5,""physical_error_rate"":0.002}","{""detection_events"":9663,""detectors_checked"":1146880}"
        64,        36,         0,    1.31,standalone_exact_mw,116a60cbe496e8e5ed1b799237798a197a37b7e9de7e0dc58034c8e1135b3e40,"{""distance"":5,""physical_error_rate"":0.5}","{""detection_events"":6491,""detectors_checked"":14336,""obs_mistake_mask=E"":36}"
        64,        15,         0,   0.813,standalone_exact_mw,c8b738028fda2b050c9255682a07cc95906733115fc52715e25155705a588b66,"{""distance"":5,""physical_error_rate"":0.05}","{""detection_events"":2381,""detectors_checked"":14336,""obs_mistake_mask=E"":15}"
        32,         7,         0,   0.309,standalone_exact_mw,c8b738028fda2b050c9255682a07cc95906733115fc52715e25155705a588b66,"{""distance"":5,""physical_error_rate"":0.05}","{""detection_events"":1191,""detectors_checked"":7168,""obs_mistake_mask=E"":7}"
       128,         1,         0,   0.455,standalone_exact_mw,3fbf3739b73dda61f0188bb1f99eaf1ad6be14fe6ea44c0ac8d6c5ad12090cf3,"{""distance"":5,""physical_error_rate"":0.02}","{""detection_events"":2184,""detectors_checked"":28672,""obs_mistake_mask=E"":1}"
       512,         5,         0,    1.75,standalone_exact_mw,3fbf3739b73dda61f0188bb1f99eaf1ad6be14fe6ea44c0ac8d6c5ad12090cf3,"{""distance"":5,""physical_error_rate"":0.02}","{""detection_events"":8236,""detectors_checked"":114688,""obs_mistake_mask=E"":5}"
      1536,         2,         0,    1.67,standalone_exact_mw,d243a1b0b1308c5af35ad4523cb40bd83c282feda5b2af0b0940517b428d54bb,"{""distance"":5,""physical_error_rate"":0.01}","{""detection_events"":13210,""detectors_checked"":344064,""obs_mistake_mask=E"":2}"
     33792,         0,         0,    1.13,standalone_exact_mw,cc9149276d16e61a5ac322a1d2048afebd34054fe0ed4879b77eb616628c1148,"{""distance"":5,""physical_error_rate"":0.0001}","{""detection_events"":2913,""detectors_checked"":7569408}"
     29696,         0,         0,    1.10,standalone_exact_mw,29ae76c7f86edcd2f56343e8109d8463cbc736644db4e57527101e2f1c3606c8,"{""distance"":5,""physical_error_rate"":0.0002}","{""detection_events"":5541,""detectors_checked"":6651904}"
      7168,         0,         0,   0.275,standalone_exact_mw,77d802c74222c3324b7f1323f7447c6411ad27be92307b6127e53af575faadca,"{""distance"":5,""physical_error_rate"":0.001}","{""detection_events"":6630,""detectors_checked"":1605632}"
       128,        67,         0,    2.58,standalone_exact_mw,116a60cbe496e8e5ed1b799237798a197a37b7e9de7e0dc58034c8e1135b3e40,"{""distance"":5,""physical_error_rate"":0.5}","{""detection_events"":13057,""detectors_checked"":28672,""obs_mistake_mask=E"":67}"
    119808,         0,         0,    3.06,standalone_exact_mw,cc9149276d16e61a5ac322a1d2048afebd34054fe0ed4879b77eb616628c1148,"{""distance"":5,""physical_error_rate"":0.0001}","{""detection_events"":11062,""detectors_checked"":26836992}"
    121856,         0,         0,    3.04,standalone_exact_mw,cc9149276d16e61a5ac322a1d2048afebd34054fe0ed4879b77eb616628c1148,"{""distance"":5,""physical_error_rate"":0.0001}","{""detection_events"":11417,""detectors_checked"":27295744}"
      9216,         3,         0,    2.29,standalone_exact_mw,1a2d9ab41a8a393fdef1a304cd6cd3b39e7654fe1ff27694ddcd7a0d28bf707b,"{""distance"":5,""physical_error_rate"":0.005}","{""detection_events"":42170,""detectors_checked"":2064384,""obs_mistake_mask=E"":3}"
      1536,         4,         0,    1.30,standalone_exact_mw,d243a1b0b1308c5af35ad4523cb40bd83c282feda5b2af0b0940517b428d54bb,"{""distance"":5,""physical_error_rate"":0.01}","{""detection_events"":13332,""detectors_checked"":344064,""obs_mistake_mask=E"":4}"
     16384,         0,         0,   0.572,standalone_exact_mw,aea10f45e3589e84a00777b800d38e8a3149bd6cb552c409f3bffd718c1a0abf,"{""distance"":5,""physical_error_rate"":5e-05}","{""detection_events"":751,""detectors_checked"":3670016}"
     19456,         0,         0,   0.808,standalone_exact_mw,29ae76c7f86edcd2f56343e8109d8463cbc736644db4e57527101e2f1c3606c8,"{""distance"":5,""physical_error_rate"":0.0002}","{""detection_events"":3538,""detectors_checked"":4358144}"
        64,        11,         0,   0.565,standalone_exact_mw,c8b738028fda2b050c9255682a07cc95906733115fc52715e25155705a588b66,"{""distance"":5,""physical_error_rate"":0.05}","{""detection_events"":2344,""detectors_checked"":14336,""obs_mistake_mask=E"":11}"
        32,        10,         0,   0.413,standalone_exact_mw,c8b738028fda2b050c9255682a07cc95906733115fc52715e25155705a588b66,"{""distance"":5,""physical_error_rate"":0.05}","{""detection_events"":1170,""detectors_checked"":7168,""obs_mistake_mask=E"":10}"
       256,         7,         0,    1.32,standalone_exact_mw,3fbf3739b73dda61f0188bb1f99eaf1ad6be14fe6ea44c0ac8d6c5ad12090cf3,"{""distance"":5,""physical_error_rate"":0.02}","{""detection_events"":4287,""detectors_checked"":57344,""obs_mistake_mask=E"":7}"
        64,        14,         0,   0.874,standalone_exact_mw,c8b738028fda2b050c9255682a07cc95906733115fc52715e25155705a588b66,"{""distance"":5,""physical_error_rate"":0.05}","{""detection_events"":2445,""detectors_checked"":14336,""obs_mistake_mask=E"":14}"
     14336,         1,         0,    1.56,standalone_exact_mw,7bb6e20e48600212890a8c0dbf00c9e78f41358e09b12be0f89e4aae4bc5d684,"{""distance"":5,""physical_error_rate"":0.002}","{""detection_events"":26224,""detectors_checked"":3211264,""obs_mistake_mask=E"":1}"
     98304,         0,         0,    3.04,standalone_exact_mw,29ae76c7f86edcd2f56343e8109d8463cbc736644db4e57527101e2f1c3606c8,"{""distance"":5,""physical_error_rate"":0.0002}","{""detection_events"":18138,""detectors_checked"":22020096}"
       128,         4,         0,   0.478,standalone_exact_mw,3fbf3739b73dda61f0188bb1f99eaf1ad6be14fe6ea44c0ac8d6c5ad12090cf3,"{""distance"":5,""physical_error_rate"":0.02}","{""detection_events"":2204,""detectors_checked"":28672,""obs_mistake_mask=E"":4}"
        32,        11,         0,   0.644,standalone_exact_mw,116a60cbe496e8e5ed1b799237798a197a37b7e9de7e0dc58034c8e1135b3e40,"{""distance"":5,""physical_error_rate"":0.5}","{""detection_events"":3247,""detectors_checked"":7168,""obs_mistake_mask=E"":11}"
      9216,         3,         0,    2.39,standalone_exact_mw,1a2d9ab41a8a393fdef1a304cd6cd3b39e7654fe1ff27694ddcd7a0d28bf707b,"{""distance"":5,""physical_error_rate"":0.005}","{""detection_events"":41402,""detectors_checked"":2064384,""obs_mistake_mask=E"":3}"
    225280,         0,         0,    4.24,standalone_exact_mw,aea10f45e3589e84a00777b800d38e8a3149bd6cb552c409f3bffd718c1a0abf,"{""distance"":5,""physical_error_rate"":5e-05}","{""detection_events"":10312,""detectors_checked"":50462720}"
        32,        13,         0,   0.640,standalone_exact_mw,116a60cbe496e8e5ed1b799237798a197a37b7e9de7e0dc58034c8e1135b3e40,"{""distance"":5,""physical_error_rate"":0.5}","{""detection_events"":3297,""detectors_checked"":7168,""obs_mistake_mask=E"":13}"
      5120,         1,         0,    1.59,standalone_exact_mw,1a2d9ab41a8a393fdef1a304cd6cd3b39e7654fe1ff27694ddcd7a0d28bf707b,"{""distance"":5,""physical_error_rate"":0.005}","{""detection_events"":22989,""detectors_checked"":1146880,""obs_mistake_mask=E"":1}"
     75776,         0,         0,    3.05,standalone_exact_mw,cc9149276d16e61a5ac322a1d2048afebd34054fe0ed4879b77eb616628c1148,"{""distance"":5,""physical_error_rate"":0.0001}","{""detection_events"":6993,""detectors_checked"":16973824}"
     12288,         0,         0,   0.397,standalone_exact_mw,77d802c74222c3324b7f1323f7447c6411ad27be92307b6127e53af575faadca,"{""distance"":5,""physical_error_rate"":0.001}","{""detection_events"":11471,""detectors_checked"":2752512}"
      1024,         6,         0,    1.33,standalone_exact_mw,d243a1b0b1308c5af35ad4523cb40bd83c282feda5b2af0b0940517b428d54bb,"{""distance"":5,""physical_error_rate"":0.01}","{""detection_events"":8972,""detectors_checked"":229376,""obs_mistake_mask=E"":6}"
       384,         5,         0,    1.74,standalone_exact_mw,3fbf3739b73dda61f0188bb1f99eaf1ad6be14fe6ea44c0ac8d6c5ad12090cf3,"{""distance"":5,""physical_error_rate"":0.02}","{""detection_events"":6725,""detectors_checked"":86016,""obs_mistake_mask=E"":5}"
       192,        32,         0,    2.37,standalone_exact_mw,c8b738028fda2b050c9255682a07cc95906733115fc52715e25155705a588b66,"{""distance"":5,""physical_error_rate"":0.05}","{""detection_events"":6780,""detectors_checked"":43008,""obs_mistake_mask=E"":32}"
        96,        43,         0,    1.73,standalone_exact_mw,116a60cbe496e8e5ed1b799237798a197a37b7e9de7e0dc58034c8e1135b3e40,"{""distance"":5,""physical_error_rate"":0.5}","{""detection_events"":9851,""detectors_checked"":21504,""obs_mistake_mask=E"":43}"
        32,         6,         0,   0.337,standalone_exact_mw,c8b738028fda2b050c9255682a07cc95906733115fc52715e25155705a588b66,"{""distance"":5,""physical_error_rate"":0.05}","{""detection_events"":1075,""detectors_checked"":7168,""obs_mistake_mask=E"":6}"
     29696,         0,         0,    1.60,standalone_exact_mw,503ee55b5ad1b1988379a241a0405811522ee4d50b473755532ad1299cb121e2,"{""distance"":5,""physical_error_rate"":0.0005}","{""detection_events"":13933,""detectors_checked"":6651904}"
     10240,         1,         0,   0.826,standalone_exact_mw,7bb6e20e48600212890a8c0dbf00c9e78f41358e09b12be0f89e4aae4bc5d684,"{""distance"":5,""physical_error_rate"":0.002}","{""detection_events"":18973,""detectors_checked"":2293760,""obs_mistake_mask=E"":1}"
        64,        11,         0,   0.813,standalone_exact_mw,c8b738028fda2b050c9255682a07cc95906733115fc52715e25155705a588b66,"{""distance"":5,""physical_error_rate"":0.05}","{""detection_events"":2257,""detectors_checked"":14336,""obs_mistake_mask=E"":11}"
     72704,         0,         0,    3.03,standalone_exact_mw,503ee55b5ad1b1988379a241a0405811522ee4d50b473755532ad1299cb121e2,"{""distance"":5,""physical_error_rate"":0.0005}","{""detection_events"":34511,""detectors_checked"":16285696}"
       128,         2,         0,   0.294,standalone_exact_mw,3fbf3739b73dda61f0188bb1f99eaf1ad6be14fe6ea44c0ac8d6c5ad12090cf3,"{""distance"":5,""physical_error_rate"":0.02}","{""detection_events"":2070,""detectors_checked"":28672,""obs_mistake_mask=E"":2}"
        64,        12,         0,   0.505,standalone_exact_mw,c8b738028fda2b050c9255682a07cc95906733115fc52715e25155705a588b66,"{""distance"":5,""physical_error_rate"":0.05}","{""detection_events"":2268,""detectors_checked"":14336,""obs_mistake_mask=E"":12}"
        17,         0,         0,   0.012,standalone_exact_mw,d243a1b0b1308c5af35ad4523cb40bd83c282feda5b2af0b0940517b428d54bb,"{""distance"":5,""physical_error_rate"":0.01}","{""detection_events"":142,""detectors_checked"":3808}"
        32,        14,         0,   0.660,standalone_exact_mw,116a60cbe496e8e5ed1b799237798a197a37b7e9de7e0dc58034c8e1135b3e40,"{""distance"":5,""physical_error_rate"":0.5}","{""detection_events"":3263,""detectors_checked"":7168,""obs_mistake_mask=E"":14}"
     69632,         1,         0,    2.98,standalone_exact_mw,503ee55b5ad1b1988379a241a0405811522ee4d50b473755532ad1299cb121e2,"{""distance"":5,""physical_error_rate"":0.0005}","{""detection_events"":32318,""detectors_checked"":15597568,""obs_mistake_mask=E"":1}"
     36864,         0,         0,    2.23,standalone_exact_mw,77d802c74222c3324b7f1323f7447c6411ad27be92307b6127e53af575faadca,"{""distance"":5,""physical_error_rate"":0.001}","{""detection_events"":34245,""detectors_checked"":8257536}"
       128,         6,         0,   0.639,standalone_exact_mw,3fbf3739b73dda61f0188bb1f99eaf1ad6be14fe6ea44c0ac8d6c5ad12090cf3,"{""distance"":5,""physical_error_rate"":0.02}","{""detection_events"":2233,""detectors_checked"":28672,""obs_mistake_mask=E"":6}"
        32,         6,         0,   0.388,standalone_exact_mw,c8b738028fda2b050c9255682a07cc95906733115fc52715e25155705a588b66,"{""distance"":5,""physical_error_rate"":0.05}","{""detection_events"":1162,""detectors_checked"":7168,""obs_mistake_mask=E"":6}"
     89088,         0,         0,    4.27,standalone_exact_mw,77d802c74222c3324b7f1323f7447c6411ad27be92307b6127e53af575faadca,"{""distance"":5,""physical_error_rate"":0.001}","{""detection_events"":83121,""detectors_checked"":19955712}"
      2048,         7,         0,    1.78,standalone_exact_mw,d243a1b0b1308c5af35ad4523cb40bd83c282feda5b2af0b0940517b428d54bb,"{""distance"":5,""physical_error_rate"":0.01}","{""detection_events"":18182,""detectors_checked"":458752,""obs_mistake_mask=E"":7}"
     24576,         0,         0,   0.781,standalone_exact_mw,aea10f45e3589e84a00777b800d38e8a3149bd6cb552c409f3bffd718c1a0abf,"{""distance"":5,""physical_error_rate"":5e-05}","{""detection_events"":1130,""detectors_checked"":5505024}"
    122880,         0,         0,    3.06,standalone_exact_mw,aea10f45e3589e84a00777b800d38e8a3149bd6cb552c409f3bffd718c1a0abf,"{""distance"":5,""physical_error_rate"":5e-05}","{""detection_events"":5669,""detectors_checked"":27525120}"
     61440,         0,         0,    3.03,standalone_exact_mw,503ee55b5ad1b1988379a241a0405811522ee4d50b473755532ad1299cb121e2,"{""distance"":5,""physical_error_rate"":0.0005}","{""detection_events"":28935,""detectors_checked"":13762560}"
     17408,         0,         0,   0.574,standalone_exact_mw,77d802c74222c3324b7f1323f7447c6411ad27be92307b6127e53af575faadca,"{""distance"":5,""physical_error_rate"":0.001}","{""detection_events"":15972,""detectors_checked"":3899392}"
        64,        11,         0,   0.763,standalone_exact_mw,c8b738028fda2b050c9255682a07cc95906733115fc52715e25155705a588b66,"{""distance"":5,""physical_error_rate"":0.05}","{""detection_events"":2232,""detectors_checked"":14336,""obs_mistake_mask=E"":11}"
       256,         1,         0,   0.347,standalone_exact_mw,d243a1b0b1308c5af35ad4523cb40bd83c282feda5b2af0b0940517b428d54bb,"{""distance"":5,""physical_error_rate"":0.01}","{""detection_events"":2332,""detectors_checked"":57344,""obs_mistake_mask=E"":1}"
     22528,         0,         0,    1.57,standalone_exact_mw,77d802c74222c3324b7f1323f7447c6411ad27be92307b6127e53af575faadca,"{""distance"":5,""physical_error_rate"":0.001}","{""detection_events"":20686,""detectors_checked"":5046272}"
       256,         1,         0,   0.195,standalone_exact_mw,d243a1b0b1308c5af35ad4523cb40bd83c282feda5b2af0b0940517b428d54bb,"{""distance"":5,""physical_error_rate"":0.01}","{""detection_events"":2149,""detectors_checked"":57344,""obs_mistake_mask=E"":1}"
     29696,         0,         0,    1.12,standalone_exact_mw,29ae76c7f86edcd2f56343e8109d8463cbc736644db4e57527101e2f1c3606c8,"{""distance"":5,""physical_error_rate"":0.0002}","{""detection_events"":5319,""detectors_checked"":6651904}"
        64,        13,         0,   0.780,standalone_exact_mw,c8b738028fda2b050c9255682a07cc95906733115fc52715e25155705a588b66,"{""distance"":5,""physical_error_rate"":0.05}","{""detection_events"":2336,""detectors_checked"":14336,""obs_mistake_mask=E"":13}"
     28672,         2,         0,    3.06,standalone_exact_mw,7bb6e20e48600212890a8c0dbf00c9e78f41358e09b12be0f89e4aae4bc5d684,"{""distance"":5,""physical_error_rate"":0.002}","{""detection_events"":52744,""detectors_checked"":6422528,""obs_mistake_mask=E"":2}"
       128,        20,         0,   0.676,standalone_exact_mw,c8b738028fda2b050c9255682a07cc95906733115fc52715e25155705a588b66,"{""distance"":5,""physical_error_rate"":0.05}","{""detection_events"":4565,""detectors_checked"":28672,""obs_mistake_mask=E"":20}"
       128,         4,         0,   0.506,standalone_exact_mw,3fbf3739b73dda61f0188bb1f99eaf1ad6be14fe6ea44c0ac8d6c5ad12090cf3,"{""distance"":5,""physical_error_rate"":0.02}","{""detection_events"":2109,""detectors_checked"":28672,""obs_mistake_mask=E"":4}"
    106496,         0,         0,    3.02,standalone_exact_mw,aea10f45e3589e84a00777b800d38e8a3149bd6cb552c409f3bffd718c1a0abf,"{""distance"":5,""physical_error_rate"":5e-05}","{""detection_events"":4918,""detectors_checked"":23855104}"
        32,         5,         0,   0.450,standalone_exact_mw,c8b738028fda2b050c9255682a07cc95906733115fc52715e25155705a588b66,"{""distance"":5,""physical_error_rate"":0.05}","{""detection_events"":1233,""detectors_checked"":7168,""obs_mistake_mask=E"":5}"
       273,         0,         0,   0.010,standalone_exact_mw,29ae76c7f86edcd2f56343e8109d8463cbc736644db4e57527101e2f1c3606c8,"{""distance"":5,""physical_error_rate"":0.0002}","{""detection_events"":54,""detectors_checked"":61152}"
       768,        13,         0,    2.68,standalone_exact_mw,3fbf3739b73dda61f0188bb1f99eaf1ad6be14fe6ea44c0ac8d6c5ad12090cf3,"{""distance"":5,""physical_error_rate"":0.02}","{""detection_events"":12505,""detectors_checked"":172032,""obs_mistake_mask=E"":13}"
      1024,         0,         0,   0.034,standalone_exact_mw,29ae76c7f86edcd2f56343e8109d8463cbc736644db4e57527101e2f1c3606c8,"{""distance"":5,""physical_error_rate"":0.0002}","{""detection_events"":186,""detectors_checked"":229376}"
      1024,         0,         0,   0.029,standalone_exact_mw,29ae76c7f86edcd2f56343e8109d8463cbc736644db4e57527101e2f1c3606c8,"{""distance"":5,""physical_error_rate"":0.0002}","{""detection_events"":138,""detectors_checked"":229376}"
     52224,         0,         0,    1.56,standalone_exact_mw,cc9149276d16e61a5ac322a1d2048afebd34054fe0ed4879b77eb616628c1148,"{""distance"":5,""physical_error_rate"":0.0001}","{""detection_events"":5029,""detectors_checked"":11698176}"
     47104,         0,         0,    1.54,standalone_exact_mw,29ae76c7f86edcd2f56343e8109d8463cbc736644db4e57527101e2f1c3606c8,"{""distance"":5,""physical_error_rate"":0.0002}","{""detection_events"":8578,""detectors_checked"":10551296}"
      1024,         0,         0,   0.034,standalone_exact_mw,29ae76c7f86edcd2f56343e8109d8463cbc736644db4e57527101e2f1c3606c8,"{""distance"":5,""physical_error_rate"":0.0002}","{""detection_events"":158,""detectors_checked"":229376}"
      1024,         0,         0,   0.040,standalone_exact_mw,29ae76c7f86edcd2f56343e8109d8463cbc736644db4e57527101e2f1c3606c8,"{""distance"":5,""physical_error_rate"":0.0002}","{""detection_events"":173,""detectors_checked"":229376}"
       256,         2,         0,   0.969,standalone_exact_mw,3fbf3739b73dda61f0188bb1f99eaf1ad6be14fe6ea44c0ac8d6c5ad12090cf3,"{""distance"":5,""physical_error_rate"":0.02}","{""detection_events"":4408,""detectors_checked"":57344,""obs_mistake_mask=E"":2}"
     14336,         7,         0,    3.11,standalone_exact_mw,1a2d9ab41a8a393fdef1a304cd6cd3b39e7654fe1ff27694ddcd7a0d28bf707b,"{""distance"":5,""physical_error_rate"":0.005}","{""detection_events"":64928,""detectors_checked"":3211264,""obs_mistake_mask=E"":7}"
        64,        12,         0,   0.594,standalone_exact_mw,c8b738028fda2b050c9255682a07cc95906733115fc52715e25155705a588b66,"{""distance"":5,""physical_error_rate"":0.05}","{""detection_events"":2364,""detectors_checked"":14336,""obs_mistake_mask=E"":12}"
      2048,         0,         0,   0.082,standalone_exact_mw,29ae76c7f86edcd2f56343e8109d8463cbc736644db4e57527101e2f1c3606c8,"{""distance"":5,""physical_error_rate"":0.0002}","{""detection_events"":417,""detectors_checked"":458752}"
    131072,         0,         0,    3.05,standalone_exact_mw,aea10f45e3589e84a00777b800d38e8a3149bd6cb552c409f3bffd718c1a0abf,"{""distance"":5,""physical_error_rate"":5e-05}","{""detection_events"":5912,""detectors_checked"":29360128}"
     11264,         2,         0,    1.14,standalone_exact_mw,7bb6e20e48600212890a8c0dbf00c9e78f41358e09b12be0f89e4aae4bc5d684,"{""distance"":5,""physical_error_rate"":0.002}","{""detection_events"":20696,""detectors_checked"":2523136,""obs_mistake_mask=E"":2}"
     31744,         0,         0,    2.19,standalone_exact_mw,77d802c74222c3324b7f1323f7447c6411ad27be92307b6127e53af575faadca,"{""distance"":5,""physical_error_rate"":0.001}","{""detection_events"":29488,""detectors_checked"":7110656}"
      2560,         6,         0,    1.56,standalone_exact_mw,d243a1b0b1308c5af35ad4523cb40bd83c282feda5b2af0b0940517b428d54bb,"{""distance"":5,""physical_error_rate"":0.01}","{""detection_events"":22927,""detectors_checked"":573440,""obs_mistake_mask=E"":6}"
      2048,         0,         0,   0.080,standalone_exact_mw,29ae76c7f86edcd2f56343e8109d8463cbc736644db4e57527101e2f1c3606c8,"{""distance"":5,""physical_error_rate"":0.0002}","{""detection_events"":404,""detectors_checked"":458752}"
       512,         4,         0,   0.540,standalone_exact_mw,d243a1b0b1308c5af35ad4523cb40bd83c282feda5b2af0b0940517b428d54bb,"{""distance"":5,""physical_error_rate"":0.01}","{""detection_events"":4413,""detectors_checked"":114688,""obs_mistake_mask=E"":4}"
       128,         1,         0,   0.426,standalone_exact_mw,3fbf3739b73dda61f0188bb1f99eaf1ad6be14fe6ea44c0ac8d6c5ad12090cf3,"{""distance"":5,""physical_error_rate"":0.02}","{""detection_events"":2270,""detectors_checked"":28672,""obs_mistake_mask=E"":1}"
     18432,         0,         0,   0.836,standalone_exact_mw,77d802c74222c3324b7f1323f7447c6411ad27be92307b6127e53af575faadca,"{""distance"":5,""physical_error_rate"":0.001}","{""detection_events"":17164,""detectors_checked"":4128768}"
      3072,         0,         0,   0.114,standalone_exact_mw,29ae76c7f86edcd2f56343e8109d8463cbc736644db4e57527101e2f1c3606c8,"{""distance"":5,""physical_error_rate"":0.0002}","{""detection_events"":536,""detectors_checked"":688128}"
        32,         8,         0,   0.473,standalone_exact_mw,c8b738028fda2b050c9255682a07cc95906733115fc52715e25155705a588b66,"{""distance"":5,""physical_error_rate"":0.05}","{""detection_events"":1033,""detectors_checked"":7168,""obs_mistake_mask=E"":8}"
      4096,         0,         0,   0.169,standalone_exact_mw,29ae76c7f86edcd2f56343e8109d8463cbc736644db4e57527101e2f1c3606c8,"{""distance"":5,""physical_error_rate"":0.0002}","{""detection_events"":692,""detectors_checked"":917504}"
     29696,         0,         0,    1.12,standalone_exact_mw,aea10f45e3589e84a00777b800d38e8a3149bd6cb552c409f3bffd718c1a0abf,"{""distance"":5,""physical_error_rate"":5e-05}","{""detection_events"":1361,""detectors_checked"":6651904}"
       128,        34,         0,   0.729,standalone_exact_mw,c8b738028fda2b050c9255682a07cc95906733115fc52715e25155705a588b66,"{""distance"":5,""physical_error_rate"":0.05}","{""detection_events"":4460,""detectors_checked"":28672,""obs_mistake_mask=E"":34}"
    144384,         0,         0,    4.27,standalone_exact_mw,cc9149276d16e61a5ac322a1d2048afebd34054fe0ed4879b77eb616628c1148,"{""distance"":5,""physical_error_rate"":0.0001}","{""detection_events"":13475,""detectors_checked"":32342016}"
      1536,         6,         0,    1.76,standalone_exact_mw,d243a1b0b1308c5af35ad4523cb40bd83c282feda5b2af0b0940517b428d54bb,"{""distance"":5,""physical_error_rate"":0.01}","{""detection_events"":13595,""detectors_checked"":344064,""obs_mistake_mask=E"":6}"
       512,         1,         0,   0.381,standalone_exact_mw,d243a1b0b1308c5af35ad4523cb40bd83c282feda5b2af0b0940517b428d54bb,"{""distance"":5,""physical_error_rate"":0.01}","{""detection_events"":4564,""detectors_checked"":114688,""obs_mistake_mask=E"":1}"
        64,         8,         0,   0.575,standalone_exact_mw,c8b738028fda2b050c9255682a07cc95906733115fc52715e25155705a588b66,"{""distance"":5,""physical_error_rate"":0.05}","{""detection_events"":2307,""detectors_checked"":14336,""obs_mistake_mask=E"":8}"
      5120,         0,         0,   0.245,standalone_exact_mw,29ae76c7f86edcd2f56343e8109d8463cbc736644db4e57527101e2f1c3606c8,"{""distance"":5,""physical_error_rate"":0.0002}","{""detection_events"":969,""detectors_checked"":1146880}"
       128,         3,         0,   0.509,standalone_exact_mw,3fbf3739b73dda61f0188bb1f99eaf1ad6be14fe6ea44c0ac8d6c5ad12090cf3,"{""distance"":5,""physical_error_rate"":0.02}","{""detection_events"":2136,""detectors_checked"":28672,""obs_mistake_mask=E"":3}"
        32,         5,         0,   0.454,standalone_exact_mw,c8b738028fda2b050c9255682a07cc95906733115fc52715e25155705a588b66,"{""distance"":5,""physical_error_rate"":0.05}","{""detection_events"":1164,""detectors_checked"":7168,""obs_mistake_mask=E"":5}"
       512,         5,         0,    1.98,standalone_exact_mw,3fbf3739b73dda61f0188bb1f99eaf1ad6be14fe6ea44c0ac8d6c5ad12090cf3,"{""distance"":5,""physical_error_rate"":0.02}","{""detection_events"":8411,""detectors_checked"":114688,""obs_mistake_mask=E"":5}"
       128,        28,         0,    1.11,standalone_exact_mw,c8b738028fda2b050c9255682a07cc95906733115fc52715e25155705a588b66,"{""distance"":5,""physical_error_rate"":0.05}","{""detection_events"":4558,""detectors_checked"":28672,""obs_mistake_mask=E"":28}"
       640,        14,         0,    2.55,standalone_exact_mw,3fbf3739b73dda61f0188bb1f99eaf1ad6be14fe6ea44c0ac8d6c5ad12090cf3,"{""distance"":5,""physical_error_rate"":0.02}","{""detection_events"":10645,""detectors_checked"":143360,""obs_mistake_mask=E"":14}"
     23552,         0,         0,    2.16,standalone_exact_mw,7bb6e20e48600212890a8c0dbf00c9e78f41358e09b12be0f89e4aae4bc5d684,"{""distance"":5,""physical_error_rate"":0.002}","{""detection_events"":43387,""detectors_checked"":5275648}"
      2048,        10,         0,    2.55,standalone_exact_mw,d243a1b0b1308c5af35ad4523cb40bd83c282feda5b2af0b0940517b428d54bb,"{""distance"":5,""physical_error_rate"":0.01}","{""detection_events"":18048,""detectors_checked"":458752,""obs_mistake_mask=E"":10}"
       256,        10,         0,   0.923,standalone_exact_mw,3fbf3739b73dda61f0188bb1f99eaf1ad6be14fe6ea44c0ac8d6c5ad12090cf3,"{""distance"":5,""physical_error_rate"":0.02}","{""detection_events"":4370,""detectors_checked"":57344,""obs_mistake_mask=E"":10}"
      6144,         0,         0,   0.301,standalone_exact_mw,29ae76c7f86edcd2f56343e8109d8463cbc736644db4e57527101e2f1c3606c8,"{""distance"":5,""physical_error_rate"":0.0002}","{""detection_events"":1178,""detectors_checked"":1376256}"
     33792,         1,         0,    3.07,standalone_exact_mw,7bb6e20e48600212890a8c0dbf00c9e78f41358e09b12be0f89e4aae4bc5d684,"{""distance"":5,""physical_error_rate"":0.002}","{""detection_events"":62092,""detectors_checked"":7569408,""obs_mistake_mask=E"":1}"
       512,         0,         0,   0.486,standalone_exact_mw,d243a1b0b1308c5af35ad4523cb40bd83c282feda5b2af0b0940517b428d54bb,"{""distance"":5,""physical_error_rate"":0.01}","{""detection_events"":4464,""detectors_checked"":114688}"
       128,         2,         0,   0.386,standalone_exact_mw,3fbf3739b73dda61f0188bb1f99eaf1ad6be14fe6ea44c0ac8d6c5ad12090cf3,"{""distance"":5,""physical_error_rate"":0.02}","{""detection_events"":2059,""detectors_checked"":28672,""obs_mistake_mask=E"":2}"
      9216,         1,         0,    2.34,standalone_exact_mw,1a2d9ab41a8a393fdef1a304cd6cd3b39e7654fe1ff27694ddcd7a0d28bf707b,"{""distance"":5,""physical_error_rate"":0.005}","{""detection_events"":41881,""detectors_checked"":2064384,""obs_mistake_mask=E"":1}"
     49152,         0,         0,    2.22,standalone_exact_mw,503ee55b5ad1b1988379a241a0405811522ee4d50b473755532ad1299cb121e2,"{""distance"":5,""physical_error_rate"":0.0005}","{""detection_events"":22369,""detectors_checked"":11010048}"
        32,        11,         0,   0.496,standalone_exact_mw,c8b738028fda2b050c9255682a07cc95906733115fc52715e25155705a588b66,"{""distance"":5,""physical_error_rate"":0.05}","{""detection_events"":1195,""detectors_checked"":7168,""obs_mistake_mask=E"":11}"
        64,         9,         0,   0.603,standalone_exact_mw,c8b738028fda2b050c9255682a07cc95906733115fc52715e25155705a588b66,"{""distance"":5,""physical_error_rate"":0.05}","{""detection_events"":2366,""detectors_checked"":14336,""obs_mistake_mask=E"":9}"
     39936,         0,         0,    1.54,standalone_exact_mw,29ae76c7f86edcd2f56343e8109d8463cbc736644db4e57527101e2f1c3606c8,"{""distance"":5,""physical_error_rate"":0.0002}","{""detection_events"":7608,""detectors_checked"":8945664}"
     13312,         0,         0,    1.12,standalone_exact_mw,77d802c74222c3324b7f1323f7447c6411ad27be92307b6127e53af575faadca,"{""distance"":5,""physical_error_rate"":0.001}","{""detection_events"":12004,""detectors_checked"":2981888}"
     13312,         0,         0,   0.423,standalone_exact_mw,29ae76c7f86edcd2f56343e8109d8463cbc736644db4e57527101e2f1c3606c8,"{""distance"":5,""physical_error_rate"":0.0002}","{""detection_events"":2472,""detectors_checked"":2981888}"
       128,        21,         0,   0.925,standalone_exact_mw,c8b738028fda2b050c9255682a07cc95906733115fc52715e25155705a588b66,"{""distance"":5,""physical_error_rate"":0.05}","{""detection_events"":4523,""detectors_checked"":28672,""obs_mistake_mask=E"":21}"
       512,         4,         0,   0.490,standalone_exact_mw,d243a1b0b1308c5af35ad4523cb40bd83c282feda5b2af0b0940517b428d54bb,"{""distance"":5,""physical_error_rate"":0.01}","{""detection_events"":4451,""detectors_checked"":114688,""obs_mistake_mask=E"":4}"
        32,         7,         0,   0.402,standalone_exact_mw,c8b738028fda2b050c9255682a07cc95906733115fc52715e25155705a588b66,"{""distance"":5,""physical_error_rate"":0.05}","{""detection_events"":1189,""detectors_checked"":7168,""obs_mistake_mask=E"":7}"
       128,         2,         0,   0.543,standalone_exact_mw,3fbf3739b73dda61f0188bb1f99eaf1ad6be14fe6ea44c0ac8d6c5ad12090cf3,"{""distance"":5,""physical_error_rate"":0.02}","{""detection_events"":2152,""detectors_checked"":28672,""obs_mistake_mask=E"":2}"
     15360,         0,         0,    1.59,standalone_exact_mw,7bb6e20e48600212890a8c0dbf00c9e78f41358e09b12be0f89e4aae4bc5d684,"{""distance"":5,""physical_error_rate"":0.002}","{""detection_events"":28776,""detectors_checked"":3440640}"
        64,        12,         0,   0.471,standalone_exact_mw,c8b738028fda2b050c9255682a07cc95906733115fc52715e25155705a588b66,"{""distance"":5,""physical_error_rate"":0.05}","{""detection_events"":2212,""detectors_checked"":14336,""obs_mistake_mask=E"":12}"
     10240,         3,         0,    3.18,standalone_exact_mw,1a2d9ab41a8a393fdef1a304cd6cd3b39e7654fe1ff27694ddcd7a0d28bf707b,"{""distance"":5,""physical_error_rate"":0.005}","{""detection_events"":46522,""detectors_checked"":2293760,""obs_mistake_mask=E"":3}"
     31744,         0,         0,    2.21,standalone_exact_mw,77d802c74222c3324b7f1323f7447c6411ad27be92307b6127e53af575faadca,"{""distance"":5,""physical_error_rate"":0.001}","{""detection_events"":30049,""detectors_checked"":7110656}"
     10240,         4,         0,    3.17,standalone_exact_mw,1a2d9ab41a8a393fdef1a304cd6cd3b39e7654fe1ff27694ddcd7a0d28bf707b,"{""distance"":5,""physical_error_rate"":0.005}","{""detection_events"":45573,""detectors_checked"":2293760,""obs_mistake_mask=E"":4}"
       128,        15,         0,    1.10,standalone_exact_mw,c8b738028fda2b050c9255682a07cc95906733115fc52715e25155705a588b66,"{""distance"":5,""physical_error_rate"":0.05}","{""detection_events"":4489,""detectors_checked"":28672,""obs_mistake_mask=E"":15}"
     14336,         7,         0,    4.54,standalone_exact_mw,1a2d9ab41a8a393fdef1a304cd6cd3b39e7654fe1ff27694ddcd7a0d28bf707b,"{""distance"":5,""physical_error_rate"":0.005}","{""detection_events"":64774,""detectors_checked"":3211264,""obs_mistake_mask=E"":7}"
     19456,         0,         0,   0.576,standalone_exact_mw,29ae76c7f86edcd2f56343e8109d8463cbc736644db4e57527101e2f1c3606c8,"{""distance"":5,""physical_error_rate"":0.0002}","{""detection_events"":3731,""detectors_checked"":4358144}"
     50176,         1,         0,    4.29,standalone_exact_mw,7bb6e20e48600212890a8c0dbf00c9e78f41358e09b12be0f89e4aae4bc5d684,"{""distance"":5,""physical_error_rate"":0.002}","{""detection_events"":92713,""detectors_checked"":11239424,""obs_mistake_mask=E"":1}"
     36864,         0,         0,    1.54,standalone_exact_mw,aea10f45e3589e84a00777b800d38e8a3149bd6cb552c409f3bffd718c1a0abf,"{""distance"":5,""physical_error_rate"":5e-05}","{""detection_events"":1632,""detectors_checked"":8257536}"
       320,        64,         0,    3.21,standalone_exact_mw,c8b738028fda2b050c9255682a07cc95906733115fc52715e25155705a588b66,"{""distance"":5,""physical_error_rate"":0.05}","{""detection_events"":11624,""detectors_checked"":71680,""obs_mistake_mask=E"":64}"
     83968,         0,         0,    2.19,standalone_exact_mw,cc9149276d16e61a5ac322a1d2048afebd34054fe0ed4879b77eb616628c1148,"{""distance"":5,""physical_error_rate"":0.0001}","{""detection_events"":7716,""detectors_checked"":18808832}"
     74752,         0,         0,    2.18,standalone_exact_mw,29ae76c7f86edcd2f56343e8109d8463cbc736644db4e57527101e2f1c3606c8,"{""distance"":5,""physical_error_rate"":0.0002}","{""detection_events"":14302,""detectors_checked"":16744448}"
       128,         1,         0,   0.454,standalone_exact_mw,3fbf3739b73dda61f0188bb1f99eaf1ad6be14fe6ea44c0ac8d6c5ad12090cf3,"{""distance"":5,""physical_error_rate"":0.02}","{""detection_events"":1945,""detectors_checked"":28672,""obs_mistake_mask=E"":1}"
        32,         3,         0,   0.567,standalone_exact_mw,c8b738028fda2b050c9255682a07cc95906733115fc52715e25155705a588b66,"{""distance"":5,""physical_error_rate"":0.05}","{""detection_events"":1124,""detectors_checked"":7168,""obs_mistake_mask=E"":3}"
       512,         0,         0,   0.592,standalone_exact_mw,d243a1b0b1308c5af35ad4523cb40bd83c282feda5b2af0b0940517b428d54bb,"{""distance"":5,""physical_error_rate"":0.01}","{""detection_events"":4783,""detectors_checked"":114688}"
      3072,        11,         0,    2.84,standalone_exact_mw,d243a1b0b1308c5af35ad4523cb40bd83c282feda5b2af0b0940517b428d54bb,"{""distance"":5,""physical_error_rate"":0.01}","{""detection_events"":27668,""detectors_checked"":688128,""obs_mistake_mask=E"":11}"
     58368,         1,         0,    3.06,standalone_exact_mw,77d802c74222c3324b7f1323f7447c6411ad27be92307b6127e53af575faadca,"{""distance"":5,""physical_error_rate"":0.001}","{""detection_events"":55100,""detectors_checked"":13074432,""obs_mistake_mask=E"":1}"
       256,         5,         0,    1.28,standalone_exact_mw,3fbf3739b73dda61f0188bb1f99eaf1ad6be14fe6ea44c0ac8d6c5ad12090cf3,"{""distance"":5,""physical_error_rate"":0.02}","{""detection_events"":4294,""detectors_checked"":57344,""obs_mistake_mask=E"":5}"
        64,        15,         0,   0.617,standalone_exact_mw,c8b738028fda2b050c9255682a07cc95906733115fc52715e25155705a588b66,"{""distance"":5,""physical_error_rate"":0.05}","{""detection_events"":2346,""detectors_checked"":14336,""obs_mistake_mask=E"":15}"
       128,         4,         0,   0.563,standalone_exact_mw,3fbf3739b73dda61f0188bb1f99eaf1ad6be14fe6ea44c0ac8d6c5ad12090cf3,"{""distance"":5,""physical_error_rate"":0.02}","{""detection_events"":2297,""detectors_checked"":28672,""obs_mistake_mask=E"":4}"
    190464,         0,         0,    4.27,standalone_exact_mw,cc9149276d16e61a5ac322a1d2048afebd34054fe0ed4879b77eb616628c1148,"{""distance"":5,""physical_error_rate"":0.0001}","{""detection_events"":17609,""detectors_checked"":42663936}"
       512,         2,         0,   0.591,standalone_exact_mw,d243a1b0b1308c5af35ad4523cb40bd83c282feda5b2af0b0940517b428d54bb,"{""distance"":5,""physical_error_rate"":0.01}","{""detection_events"":4802,""detectors_checked"":114688,""obs_mistake_mask=E"":2}"
    150528,         0,         0,    4.26,standalone_exact_mw,cc9149276d16e61a5ac322a1d2048afebd34054fe0ed4879b77eb616628c1148,"{""distance"":5,""physical_error_rate"":0.0001}","{""detection_events"":14015,""detectors_checked"":33718272}"
      2560,         8,         0,    2.24,standalone_exact_mw,d243a1b0b1308c5af35ad4523cb40bd83c282feda5b2af0b0940517b428d54bb,"{""distance"":5,""physical_error_rate"":0.01}","{""detection_events"":22340,""detectors_checked"":573440,""obs_mistake_mask=E"":8}"
     23552,         0,         0,   0.805,standalone_exact_mw,29ae76c7f86edcd2f56343e8109d8463cbc736644db4e57527101e2f1c3606c8,"{""distance"":5,""physical_error_rate"":0.0002}","{""detection_events"":4452,""detectors_checked"":5275648}"
        64,        12,         0,   0.573,standalone_exact_mw,c8b738028fda2b050c9255682a07cc95906733115fc52715e25155705a588b66,"{""distance"":5,""physical_error_rate"":0.05}","{""detection_events"":2322,""detectors_checked"":14336,""obs_mistake_mask=E"":12}"
    122880,         0,         0,    4.28,standalone_exact_mw,29ae76c7f86edcd2f56343e8109d8463cbc736644db4e57527101e2f1c3606c8,"{""distance"":5,""physical_error_rate"":0.0002}","{""detection_events"":22446,""detectors_checked"":27525120}"
     21504,         0,         0,    1.58,standalone_exact_mw,77d802c74222c3324b7f1323f7447c6411ad27be92307b6127e53af575faadca,"{""distance"":5,""physical_error_rate"":0.001}","{""detection_events"":19795,""detectors_checked"":4816896}"
       384,        14,         0,    2.17,standalone_exact_mw,3fbf3739b73dda61f0188bb1f99eaf1ad6be14fe6ea44c0ac8d6c5ad12090cf3,"{""distance"":5,""physical_error_rate"":0.02}","{""detection_events"":6480,""detectors_checked"":86016,""obs_mistake_mask=E"":14}"
    121856,         0,         0,    4.23,standalone_exact_mw,cc9149276d16e61a5ac322a1d2048afebd34054fe0ed4879b77eb616628c1148,"{""distance"":5,""physical_error_rate"":0.0001}","{""detection_events"":11295,""detectors_checked"":27295744}"
       128,        25,         0,    1.13,standalone_exact_mw,c8b738028fda2b050c9255682a07cc95906733115fc52715e25155705a588b66,"{""distance"":5,""physical_error_rate"":0.05}","{""detection_events"":4736,""detectors_checked"":28672,""obs_mistake_mask=E"":25}"
       256,         7,         0,   0.899,standalone_exact_mw,3fbf3739b73dda61f0188bb1f99eaf1ad6be14fe6ea44c0ac8d6c5ad12090cf3,"{""distance"":5,""physical_error_rate"":0.02}","{""detection_events"":4168,""detectors_checked"":57344,""obs_mistake_mask=E"":7}"
        64,        15,         0,   0.909,standalone_exact_mw,c8b738028fda2b050c9255682a07cc95906733115fc52715e25155705a588b66,"{""distance"":5,""physical_error_rate"":0.05}","{""detection_events"":2138,""detectors_checked"":14336,""obs_mistake_mask=E"":15}"
       512,         2,         0,   0.344,standalone_exact_mw,d243a1b0b1308c5af35ad4523cb40bd83c282feda5b2af0b0940517b428d54bb,"{""distance"":5,""physical_error_rate"":0.01}","{""detection_events"":4416,""detectors_checked"":114688,""obs_mistake_mask=E"":2}"
      1024,        16,         0,    3.30,standalone_exact_mw,3fbf3739b73dda61f0188bb1f99eaf1ad6be14fe6ea44c0ac8d6c5ad12090cf3,"{""distance"":5,""physical_error_rate"":0.02}","{""detection_events"":17263,""detectors_checked"":229376,""obs_mistake_mask=E"":16}"
     33792,         0,         0,    3.05,standalone_exact_mw,77d802c74222c3324b7f1323f7447c6411ad27be92307b6127e53af575faadca,"{""distance"":5,""physical_error_rate"":0.001}","{""detection_events"":31237,""detectors_checked"":7569408}"
       128,        19,         0,    1.74,standalone_exact_mw,c8b738028fda2b050c9255682a07cc95906733115fc52715e25155705a588b66,"{""distance"":5,""physical_error_rate"":0.05}","{""detection_events"":4535,""detectors_checked"":28672,""obs_mistake_mask=E"":19}"
      3072,        13,         0,    3.08,standalone_exact_mw,d243a1b0b1308c5af35ad4523cb40bd83c282feda5b2af0b0940517b428d54bb,"{""distance"":5,""physical_error_rate"":0.01}","{""detection_events"":27094,""detectors_checked"":688128,""obs_mistake_mask=E"":13}"
    239616,         0,         0,    5.96,standalone_exact_mw,29ae76c7f86edcd2f56343e8109d8463cbc736644db4e57527101e2f1c3606c8,"{""distance"":5,""physical_error_rate"":0.0002}","{""detection_events"":45221,""detectors_checked"":53673984}"
       128,         5,         0,   0.611,standalone_exact_mw,3fbf3739b73dda61f0188bb1f99eaf1ad6be14fe6ea44c0ac8d6c5ad12090cf3,"{""distance"":5,""physical_error_rate"":0.02}","{""detection_events"":2213,""detectors_checked"":28672,""obs_mistake_mask=E"":5}"
     95232,         1,         0,    4.33,standalone_exact_mw,503ee55b5ad1b1988379a241a0405811522ee4d50b473755532ad1299cb121e2,"{""distance"":5,""physical_error_rate"":0.0005}","{""detection_events"":43939,""detectors_checked"":21331968,""obs_mistake_mask=E"":1}"
    109568,         0,         0,    4.29,standalone_exact_mw,503ee55b5ad1b1988379a241a0405811522ee4d50b473755532ad1299cb121e2,"{""distance"":5,""physical_error_rate"":0.0005}","{""detection_events"":51456,""detectors_checked"":24543232}"
        64,         9,         0,   0.558,standalone_exact_mw,c8b738028fda2b050c9255682a07cc95906733115fc52715e25155705a588b66,"{""distance"":5,""physical_error_rate"":0.05}","{""detection_events"":2320,""detectors_checked"":14336,""obs_mistake_mask=E"":9}"
     56320,         0,         0,    2.22,standalone_exact_mw,29ae76c7f86edcd2f56343e8109d8463cbc736644db4e57527101e2f1c3606c8,"{""distance"":5,""physical_error_rate"":0.0002}","{""detection_events"":10470,""detectors_checked"":12615680}"
    164864,         0,         0,    4.22,standalone_exact_mw,aea10f45e3589e84a00777b800d38e8a3149bd6cb552c409f3bffd718c1a0abf,"{""distance"":5,""physical_error_rate"":5e-05}","{""detection_events"":7873,""detectors_checked"":36929536}"
       512,         2,         0,   0.498,standalone_exact_mw,d243a1b0b1308c5af35ad4523cb40bd83c282feda5b2af0b0940517b428d54bb,"{""distance"":5,""physical_error_rate"":0.01}","{""detection_events"":4362,""detectors_checked"":114688,""obs_mistake_mask=E"":2}"
    100352,         0,         0,    4.28,standalone_exact_mw,503ee55b5ad1b1988379a241a0405811522ee4d50b473755532ad1299cb121e2,"{""distance"":5,""physical_error_rate"":0.0005}","{""detection_events"":47510,""detectors_checked"":22478848}"
     31744,         0,         0,    2.21,standalone_exact_mw,7bb6e20e48600212890a8c0dbf00c9e78f41358e09b12be0f89e4aae4bc5d684,"{""distance"":5,""physical_error_rate"":0.002}","{""detection_events"":59381,""detectors_checked"":7110656}"
        64,        14,         0,   0.817,standalone_exact_mw,c8b738028fda2b050c9255682a07cc95906733115fc52715e25155705a588b66,"{""distance"":5,""physical_error_rate"":0.05}","{""detection_events"":2228,""detectors_checked"":14336,""obs_mistake_mask=E"":14}"
     28672,         0,         0,    1.13,standalone_exact_mw,29ae76c7f86edcd2f56343e8109d8463cbc736644db4e57527101e2f1c3606c8,"{""distance"":5,""physical_error_rate"":0.0002}","{""detection_events"":5445,""detectors_checked"":6422528}"
       768,         8,         0,    3.12,standalone_exact_mw,3fbf3739b73dda61f0188bb1f99eaf1ad6be14fe6ea44c0ac8d6c5ad12090cf3,"{""distance"":5,""physical_error_rate"":0.02}","{""detection_events"":12894,""detectors_checked"":172032,""obs_mistake_mask=E"":8}"
     34816,         0,         0,    3.11,standalone_exact_mw,7bb6e20e48600212890a8c0dbf00c9e78f41358e09b12be0f89e4aae4bc5d684,"{""distance"":5,""physical_error_rate"":0.002}","{""detection_events"":64729,""detectors_checked"":7798784}"
      2560,        11,         0,    3.17,standalone_exact_mw,d243a1b0b1308c5af35ad4523cb40bd83c282feda5b2af0b0940517b428d54bb,"{""distance"":5,""physical_error_rate"":0.01}","{""detection_events"":22479,""detectors_checked"":573440,""obs_mistake_mask=E"":11}"
    108544,         0,         0,    4.23,standalone_exact_mw,aea10f45e3589e84a00777b800d38e8a3149bd6cb552c409f3bffd718c1a0abf,"{""distance"":5,""physical_error_rate"":5e-05}","{""detection_events"":4855,""detectors_checked"":24313856}"
     41984,         1,         0,    4.32,standalone_exact_mw,7bb6e20e48600212890a8c0dbf00c9e78f41358e09b12be0f89e4aae4bc5d684,"{""distance"":5,""physical_error_rate"":0.002}","{""detection_events"":76988,""detectors_checked"":9404416,""obs_mistake_mask=E"":1}"
       256,         5,         0,   0.988,standalone_exact_mw,3fbf3739b73dda61f0188bb1f99eaf1ad6be14fe6ea44c0ac8d6c5ad12090cf3,"{""distance"":5,""physical_error_rate"":0.02}","{""detection_events"":4220,""detectors_checked"":57344,""obs_mistake_mask=E"":5}"
       512,         1,         0,   0.508,standalone_exact_mw,d243a1b0b1308c5af35ad4523cb40bd83c282feda5b2af0b0940517b428d54bb,"{""distance"":5,""physical_error_rate"":0.01}","{""detection_events"":4705,""detectors_checked"":114688,""obs_mistake_mask=E"":1}"
     65536,         0,         0,    3.06,standalone_exact_mw,503ee55b5ad1b1988379a241a0405811522ee4d50b473755532ad1299cb121e2,"{""distance"":5,""physical_error_rate"":0.0005}","{""detection_events"":30286,""detectors_checked"":14680064}"
     67584,         0,         0,    2.19,standalone_exact_mw,aea10f45e3589e84a00777b800d38e8a3149bd6cb552c409f3bffd718c1a0abf,"{""distance"":5,""physical_error_rate"":5e-05}","{""detection_events"":3338,""detectors_checked"":15138816}"
       256,        12,         0,   0.948,standalone_exact_mw,3fbf3739b73dda61f0188bb1f99eaf1ad6be14fe6ea44c0ac8d6c5ad12090cf3,"{""distance"":5,""physical_error_rate"":0.02}","{""detection_events"":4170,""detectors_checked"":57344,""obs_mistake_mask=E"":12}"
    142336,         0,         0,    4.27,standalone_exact_mw,aea10f45e3589e84a00777b800d38e8a3149bd6cb552c409f3bffd718c1a0abf,"{""distance"":5,""physical_error_rate"":5e-05}","{""detection_events"":6734,""detectors_checked"":31883264}"
     12288,         4,         0,    3.32,standalone_exact_mw,1a2d9ab41a8a393fdef1a304cd6cd3b39e7654fe1ff27694ddcd7a0d28bf707b,"{""distance"":5,""physical_error_rate"":0.005}","{""detection_events"":55655,""detectors_checked"":2752512,""obs_mistake_mask=E"":4}"
     15360,         6,         0,    4.44,standalone_exact_mw,1a2d9ab41a8a393fdef1a304cd6cd3b39e7654fe1ff27694ddcd7a0d28bf707b,"{""distance"":5,""physical_error_rate"":0.005}","{""detection_events"":69627,""detectors_checked"":3440640,""obs_mistake_mask=E"":6}"
       128,        20,         0,    1.11,standalone_exact_mw,c8b738028fda2b050c9255682a07cc95906733115fc52715e25155705a588b66,"{""distance"":5,""physical_error_rate"":0.05}","{""detection_events"":4590,""detectors_checked"":28672,""obs_mistake_mask=E"":20}"
    260096,         0,         0,    5.92,standalone_exact_mw,aea10f45e3589e84a00777b800d38e8a3149bd6cb552c409f3bffd718c1a0abf,"{""distance"":5,""physical_error_rate"":5e-05}","{""detection_events"":12124,""detectors_checked"":58261504}"
       192,        50,         0,    1.65,standalone_exact_mw,c8b738028fda2b050c9255682a07cc95906733115fc52715e25155705a588b66,"{""distance"":5,""physical_error_rate"":0.05}","{""detection_events"":6746,""detectors_checked"":43008,""obs_mistake_mask=E"":50}"
     44032,         0,         0,    3.08,standalone_exact_mw,77d802c74222c3324b7f1323f7447c6411ad27be92307b6127e53af575faadca,"{""distance"":5,""physical_error_rate"":0.001}","{""detection_events"":39982,""detectors_checked"":9863168}"
       192,        37,         0,    1.77,standalone_exact_mw,c8b738028fda2b050c9255682a07cc95906733115fc52715e25155705a588b66,"{""distance"":5,""physical_error_rate"":0.05}","{""detection_events"":6949,""detectors_checked"":43008,""obs_mistake_mask=E"":37}"
        96,        23,         0,    1.17,standalone_exact_mw,c8b738028fda2b050c9255682a07cc95906733115fc52715e25155705a588b66,"{""distance"":5,""physical_error_rate"":0.05}","{""detection_events"":3528,""detectors_checked"":21504,""obs_mistake_mask=E"":23}"
     99328,         0,         0,    3.06,standalone_exact_mw,29ae76c7f86edcd2f56343e8109d8463cbc736644db4e57527101e2f1c3606c8,"{""distance"":5,""physical_error_rate"":0.0002}","{""detection_events"":18287,""detectors_checked"":22249472}"
     46080,         1,         0,    2.20,standalone_exact_mw,77d802c74222c3324b7f1323f7447c6411ad27be92307b6127e53af575faadca,"{""distance"":5,""physical_error_rate"":0.001}","{""detection_events"":42566,""detectors_checked"":10321920,""obs_mistake_mask=E"":1}"
    110592,         0,         0,    3.07,standalone_exact_mw,cc9149276d16e61a5ac322a1d2048afebd34054fe0ed4879b77eb616628c1148,"{""distance"":5,""physical_error_rate"":0.0001}","{""detection_events"":10297,""detectors_checked"":24772608}"
      1024,         3,         0,    1.09,standalone_exact_mw,d243a1b0b1308c5af35ad4523cb40bd83c282feda5b2af0b0940517b428d54bb,"{""distance"":5,""physical_error_rate"":0.01}","{""detection_events"":8946,""detectors_checked"":229376,""obs_mistake_mask=E"":3}"
       256,         8,         0,    1.21,standalone_exact_mw,3fbf3739b73dda61f0188bb1f99eaf1ad6be14fe6ea44c0ac8d6c5ad12090cf3,"{""distance"":5,""physical_error_rate"":0.02}","{""detection_events"":4304,""detectors_checked"":57344,""obs_mistake_mask=E"":8}"
    120832,         0,         0,    5.94,standalone_exact_mw,77d802c74222c3324b7f1323f7447c6411ad27be92307b6127e53af575faadca,"{""distance"":5,""physical_error_rate"":0.001}","{""detection_events"":112693,""detectors_checked"":27066368}"
     49152,         2,         0,    4.36,standalone_exact_mw,7bb6e20e48600212890a8c0dbf00c9e78f41358e09b12be0f89e4aae4bc5d684,"{""distance"":5,""physical_error_rate"":0.002}","{""detection_events"":90448,""detectors_checked"":11010048,""obs_mistake_mask=E"":2}"
     47104,         0,         0,    1.56,standalone_exact_mw,29ae76c7f86edcd2f56343e8109d8463cbc736644db4e57527101e2f1c3606c8,"{""distance"":5,""physical_error_rate"":0.0002}","{""detection_events"":8877,""detectors_checked"":10551296}"
       640,         6,         0,    1.26,standalone_exact_mw,3fbf3739b73dda61f0188bb1f99eaf1ad6be14fe6ea44c0ac8d6c5ad12090cf3,"{""distance"":5,""physical_error_rate"":0.02}","{""detection_events"":10636,""detectors_checked"":143360,""obs_mistake_mask=E"":6}"
       128,        23,         0,    1.15,standalone_exact_mw,c8b738028fda2b050c9255682a07cc95906733115fc52715e25155705a588b66,"{""distance"":5,""physical_error_rate"":0.05}","{""detection_events"":4635,""detectors_checked"":28672,""obs_mistake_mask=E"":23}"
      4096,        16,         0,    3.70,standalone_exact_mw,d243a1b0b1308c5af35ad4523cb40bd83c282feda5b2af0b0940517b428d54bb,"{""distance"":5,""physical_error_rate"":0.01}","{""detection_events"":36198,""detectors_checked"":917504,""obs_mistake_mask=E"":16}"
      3072,        11,         0,    3.23,standalone_exact_mw,d243a1b0b1308c5af35ad4523cb40bd83c282feda5b2af0b0940517b428d54bb,"{""distance"":5,""physical_error_rate"":0.01}","{""detection_events"":27228,""detectors_checked"":688128,""obs_mistake_mask=E"":11}"
     17408,         5,         0,    4.39,standalone_exact_mw,1a2d9ab41a8a393fdef1a304cd6cd3b39e7654fe1ff27694ddcd7a0d28bf707b,"{""distance"":5,""physical_error_rate"":0.005}","{""detection_events"":79089,""detectors_checked"":3899392,""obs_mistake_mask=E"":5}"
    368640,         0,         0,    8.33,standalone_exact_mw,503ee55b5ad1b1988379a241a0405811522ee4d50b473755532ad1299cb121e2,"{""distance"":5,""physical_error_rate"":0.0005}","{""detection_events"":171053,""detectors_checked"":82575360}"
      1024,         3,         0,    1.17,standalone_exact_mw,d243a1b0b1308c5af35ad4523cb40bd83c282feda5b2af0b0940517b428d54bb,"{""distance"":5,""physical_error_rate"":0.01}","{""detection_events"":9069,""detectors_checked"":229376,""obs_mistake_mask=E"":3}"
     13312,         8,         0,    4.57,standalone_exact_mw,1a2d9ab41a8a393fdef1a304cd6cd3b39e7654fe1ff27694ddcd7a0d28bf707b,"{""distance"":5,""physical_error_rate"":0.005}","{""detection_events"":60185,""detectors_checked"":2981888,""obs_mistake_mask=E"":8}"
       256,         6,         0,    1.19,standalone_exact_mw,3fbf3739b73dda61f0188bb1f99eaf1ad6be14fe6ea44c0ac8d6c5ad12090cf3,"{""distance"":5,""physical_error_rate"":0.02}","{""detection_events"":4338,""detectors_checked"":57344,""obs_mistake_mask=E"":6}"
     73728,         0,         0,    4.31,standalone_exact_mw,77d802c74222c3324b7f1323f7447c6411ad27be92307b6127e53af575faadca,"{""distance"":5,""physical_error_rate"":0.001}","{""detection_events"":68782,""detectors_checked"":16515072}"
       768,        16,         0,    3.51,standalone_exact_mw,3fbf3739b73dda61f0188bb1f99eaf1ad6be14fe6ea44c0ac8d6c5ad12090cf3,"{""distance"":5,""physical_error_rate"":0.02}","{""detection_events"":12452,""detectors_checked"":172032,""obs_mistake_mask=E"":16}"
    199680,         0,         0,    5.98,standalone_exact_mw,cc9149276d16e61a5ac322a1d2048afebd34054fe0ed4879b77eb616628c1148,"{""distance"":5,""physical_error_rate"":0.0001}","{""detection_events"":18475,""detectors_checked"":44728320}"
     77824,         0,         0,    3.06,standalone_exact_mw,29ae76c7f86edcd2f56343e8109d8463cbc736644db4e57527101e2f1c3606c8,"{""distance"":5,""physical_error_rate"":0.0002}","{""detection_events"":14751,""detectors_checked"":17432576}"
      5632,        25,         0,    3.48,standalone_exact_mw,d243a1b0b1308c5af35ad4523cb40bd83c282feda5b2af0b0940517b428d54bb,"{""distance"":5,""physical_error_rate"":0.01}","{""detection_events"":49336,""detectors_checked"":1261568,""obs_mistake_mask=E"":25}"
       128,        24,         0,    1.61,standalone_exact_mw,c8b738028fda2b050c9255682a07cc95906733115fc52715e25155705a588b66,"{""distance"":5,""physical_error_rate"":0.05}","{""detection_events"":4633,""detectors_checked"":28672,""obs_mistake_mask=E"":24}"
       512,        94,         0,    4.77,standalone_exact_mw,c8b738028fda2b050c9255682a07cc95906733115fc52715e25155705a588b66,"{""distance"":5,""physical_error_rate"":0.05}","{""detection_events"":18292,""detectors_checked"":114688,""obs_mistake_mask=E"":94}"
       128,        21,         0,    1.10,standalone_exact_mw,c8b738028fda2b050c9255682a07cc95906733115fc52715e25155705a588b66,"{""distance"":5,""physical_error_rate"":0.05}","{""detection_events"":4549,""detectors_checked"":28672,""obs_mistake_mask=E"":21}"
       192,        30,         0,    2.12,standalone_exact_mw,c8b738028fda2b050c9255682a07cc95906733115fc52715e25155705a588b66,"{""distance"":5,""physical_error_rate"":0.05}","{""detection_events"":6778,""detectors_checked"":43008,""obs_mistake_mask=E"":30}"
     39936,         1,         0,    3.04,standalone_exact_mw,7bb6e20e48600212890a8c0dbf00c9e78f41358e09b12be0f89e4aae4bc5d684,"{""distance"":5,""physical_error_rate"":0.002}","{""detection_events"":73413,""detectors_checked"":8945664,""obs_mistake_mask=E"":1}"
       256,        49,         0,    2.25,standalone_exact_mw,c8b738028fda2b050c9255682a07cc95906733115fc52715e25155705a588b66,"{""distance"":5,""physical_error_rate"":0.05}","{""detection_events"":9297,""detectors_checked"":57344,""obs_mistake_mask=E"":49}"
        32,         5,         0,   0.391,standalone_exact_mw,c8b738028fda2b050c9255682a07cc95906733115fc52715e25155705a588b66,"{""distance"":5,""physical_error_rate"":0.05}","{""detection_events"":1138,""detectors_checked"":7168,""obs_mistake_mask=E"":5}"
       768,        21,         0,    1.68,standalone_exact_mw,3fbf3739b73dda61f0188bb1f99eaf1ad6be14fe6ea44c0ac8d6c5ad12090cf3,"{""distance"":5,""physical_error_rate"":0.02}","{""detection_events"":12851,""detectors_checked"":172032,""obs_mistake_mask=E"":21}"
     94208,         0,         0,    3.06,standalone_exact_mw,aea10f45e3589e84a00777b800d38e8a3149bd6cb552c409f3bffd718c1a0abf,"{""distance"":5,""physical_error_rate"":5e-05}","{""detection_events"":4407,""detectors_checked"":21102592}"
      1024,        22,         0,    4.32,standalone_exact_mw,3fbf3739b73dda61f0188bb1f99eaf1ad6be14fe6ea44c0ac8d6c5ad12090cf3,"{""distance"":5,""physical_error_rate"":0.02}","{""detection_events"":17288,""detectors_checked"":229376,""obs_mistake_mask=E"":22}"
     61440,         0,         0,    4.31,standalone_exact_mw,77d802c74222c3324b7f1323f7447c6411ad27be92307b6127e53af575faadca,"{""distance"":5,""physical_error_rate"":0.001}","{""detection_events"":56799,""detectors_checked"":13762560}"
      1024,         7,         0,    1.24,standalone_exact_mw,d243a1b0b1308c5af35ad4523cb40bd83c282feda5b2af0b0940517b428d54bb,"{""distance"":5,""physical_error_rate"":0.01}","{""detection_events"":9069,""detectors_checked"":229376,""obs_mistake_mask=E"":7}"
     52224,         0,         0,    2.19,standalone_exact_mw,29ae76c7f86edcd2f56343e8109d8463cbc736644db4e57527101e2f1c3606c8,"{""distance"":5,""physical_error_rate"":0.0002}","{""detection_events"":9752,""detectors_checked"":11698176}"
     23552,         7,         0,    6.00,standalone_exact_mw,1a2d9ab41a8a393fdef1a304cd6cd3b39e7654fe1ff27694ddcd7a0d28bf707b,"{""distance"":5,""physical_error_rate"":0.005}","{""detection_events"":106454,""detectors_checked"":5275648,""obs_mistake_mask=E"":7}"
     63488,         0,         0,    5.95,standalone_exact_mw,7bb6e20e48600212890a8c0dbf00c9e78f41358e09b12be0f89e4aae4bc5d684,"{""distance"":5,""physical_error_rate"":0.002}","{""detection_events"":117610,""detectors_checked"":14221312}"
       512,        10,         0,    1.78,standalone_exact_mw,3fbf3739b73dda61f0188bb1f99eaf1ad6be14fe6ea44c0ac8d6c5ad12090cf3,"{""distance"":5,""physical_error_rate"":0.02}","{""detection_events"":8911,""detectors_checked"":114688,""obs_mistake_mask=E"":10}"
     38912,         1,         0,    4.31,standalone_exact_mw,7bb6e20e48600212890a8c0dbf00c9e78f41358e09b12be0f89e4aae4bc5d684,"{""distance"":5,""physical_error_rate"":0.002}","{""detection_events"":71822,""detectors_checked"":8716288,""obs_mistake_mask=E"":1}"
     56320,         1,         0,    3.12,standalone_exact_mw,77d802c74222c3324b7f1323f7447c6411ad27be92307b6127e53af575faadca,"{""distance"":5,""physical_error_rate"":0.001}","{""detection_events"":51615,""detectors_checked"":12615680,""obs_mistake_mask=E"":1}"
    102400,         0,         0,    4.29,standalone_exact_mw,503ee55b5ad1b1988379a241a0405811522ee4d50b473755532ad1299cb121e2,"{""distance"":5,""physical_error_rate"":0.0005}","{""detection_events"":47806,""detectors_checked"":22937600}"
      1408,        18,         0,    4.63,standalone_exact_mw,3fbf3739b73dda61f0188bb1f99eaf1ad6be14fe6ea44c0ac8d6c5ad12090cf3,"{""distance"":5,""physical_error_rate"":0.02}","{""detection_events"":23209,""detectors_checked"":315392,""obs_mistake_mask=E"":18}"
      5120,        13,         0,    4.65,standalone_exact_mw,d243a1b0b1308c5af35ad4523cb40bd83c282feda5b2af0b0940517b428d54bb,"{""distance"":5,""physical_error_rate"":0.01}","{""detection_events"":44740,""detectors_checked"":1146880,""obs_mistake_mask=E"":13}"
    207872,         0,         0,    5.91,standalone_exact_mw,cc9149276d16e61a5ac322a1d2048afebd34054fe0ed4879b77eb616628c1148,"{""distance"":5,""physical_error_rate"":0.0001}","{""detection_events"":19230,""detectors_checked"":46563328}"
    204800,         0,         0,    5.95,standalone_exact_mw,cc9149276d16e61a5ac322a1d2048afebd34054fe0ed4879b77eb616628c1148,"{""distance"":5,""physical_error_rate"":0.0001}","{""detection_events"":19376,""detectors_checked"":45875200}"
     15360,         4,         0,    4.41,standalone_exact_mw,1a2d9ab41a8a393fdef1a304cd6cd3b39e7654fe1ff27694ddcd7a0d28bf707b,"{""distance"":5,""physical_error_rate"":0.005}","{""detection_events"":69358,""detectors_checked"":3440640,""obs_mistake_mask=E"":4}"
    169984,         0,         0,    5.93,standalone_exact_mw,29ae76c7f86edcd2f56343e8109d8463cbc736644db4e57527101e2f1c3606c8,"{""distance"":5,""physical_error_rate"":0.0002}","{""detection_events"":31631,""detectors_checked"":38076416}"
    207872,         0,         0,    5.93,standalone_exact_mw,cc9149276d16e61a5ac322a1d2048afebd34054fe0ed4879b77eb616628c1148,"{""distance"":5,""physical_error_rate"":0.0001}","{""detection_events"":19319,""detectors_checked"":46563328}"
     72704,         0,         0,    4.30,standalone_exact_mw,77d802c74222c3324b7f1323f7447c6411ad27be92307b6127e53af575faadca,"{""distance"":5,""physical_error_rate"":0.001}","{""detection_events"":67609,""detectors_checked"":16285696}"
    163840,         0,         0,    5.98,standalone_exact_mw,503ee55b5ad1b1988379a241a0405811522ee4d50b473755532ad1299cb121e2,"{""distance"":5,""physical_error_rate"":0.0005}","{""detection_events"":76404,""detectors_checked"":36700160}"
    123904,         0,         0,    5.91,standalone_exact_mw,503ee55b5ad1b1988379a241a0405811522ee4d50b473755532ad1299cb121e2,"{""distance"":5,""physical_error_rate"":0.0005}","{""detection_events"":57992,""detectors_checked"":27754496}"
    131072,         0,         0,    4.23,standalone_exact_mw,29ae76c7f86edcd2f56343e8109d8463cbc736644db4e57527101e2f1c3606c8,"{""distance"":5,""physical_error_rate"":0.0002}","{""detection_events"":24627,""detectors_checked"":29360128}"
    149504,         0,         0,    4.26,standalone_exact_mw,cc9149276d16e61a5ac322a1d2048afebd34054fe0ed4879b77eb616628c1148,"{""distance"":5,""physical_error_rate"":0.0001}","{""detection_events"":13999,""detectors_checked"":33488896}"
      1536,         4,         0,    1.84,standalone_exact_mw,d243a1b0b1308c5af35ad4523cb40bd83c282feda5b2af0b0940517b428d54bb,"{""distance"":5,""physical_error_rate"":0.01}","{""detection_events"":13448,""detectors_checked"":344064,""obs_mistake_mask=E"":4}"
    211968,         0,         0,    5.94,standalone_exact_mw,aea10f45e3589e84a00777b800d38e8a3149bd6cb552c409f3bffd718c1a0abf,"{""distance"":5,""physical_error_rate"":5e-05}","{""detection_events"":9946,""detectors_checked"":47480832}"
    153600,         0,         0,    6.00,standalone_exact_mw,503ee55b5ad1b1988379a241a0405811522ee4d50b473755532ad1299cb121e2,"{""distance"":5,""physical_error_rate"":0.0005}","{""detection_events"":71127,""detectors_checked"":34406400}"
      1024,        19,         0,    2.67,standalone_exact_mw,3fbf3739b73dda61f0188bb1f99eaf1ad6be14fe6ea44c0ac8d6c5ad12090cf3,"{""distance"":5,""physical_error_rate"":0.02}","{""detection_events"":16973,""detectors_checked"":229376,""obs_mistake_mask=E"":19}"
    180224,         0,         0,    5.92,standalone_exact_mw,aea10f45e3589e84a00777b800d38e8a3149bd6cb552c409f3bffd718c1a0abf,"{""distance"":5,""physical_error_rate"":5e-05}","{""detection_events"":8632,""detectors_checked"":40370176}"
     59392,         2,         0,    6.01,standalone_exact_mw,7bb6e20e48600212890a8c0dbf00c9e78f41358e09b12be0f89e4aae4bc5d684,"{""distance"":5,""physical_error_rate"":0.002}","{""detection_events"":109240,""detectors_checked"":13303808,""obs_mistake_mask=E"":2}"
    197632,         0,         0,    5.91,standalone_exact_mw,aea10f45e3589e84a00777b800d38e8a3149bd6cb552c409f3bffd718c1a0abf,"{""distance"":5,""physical_error_rate"":5e-05}","{""detection_events"":9277,""detectors_checked"":44269568}"
     23552,        13,         0,    6.08,standalone_exact_mw,1a2d9ab41a8a393fdef1a304cd6cd3b39e7654fe1ff27694ddcd7a0d28bf707b,"{""distance"":5,""physical_error_rate"":0.005}","{""detection_events"":107490,""detectors_checked"":5275648,""obs_mistake_mask=E"":13}"
       768,        17,         0,    2.28,standalone_exact_mw,3fbf3739b73dda61f0188bb1f99eaf1ad6be14fe6ea44c0ac8d6c5ad12090cf3,"{""distance"":5,""physical_error_rate"":0.02}","{""detection_events"":13031,""detectors_checked"":172032,""obs_mistake_mask=E"":17}"
      5120,        19,         0,    4.69,standalone_exact_mw,d243a1b0b1308c5af35ad4523cb40bd83c282feda5b2af0b0940517b428d54bb,"{""distance"":5,""physical_error_rate"":0.01}","{""detection_events"":44835,""detectors_checked"":1146880,""obs_mistake_mask=E"":19}"
      4608,        18,         0,    4.57,standalone_exact_mw,d243a1b0b1308c5af35ad4523cb40bd83c282feda5b2af0b0940517b428d54bb,"{""distance"":5,""physical_error_rate"":0.01}","{""detection_events"":40629,""detectors_checked"":1032192,""obs_mistake_mask=E"":18}"
     84992,         0,         0,    3.06,standalone_exact_mw,29ae76c7f86edcd2f56343e8109d8463cbc736644db4e57527101e2f1c3606c8,"{""distance"":5,""physical_error_rate"":0.0002}","{""detection_events"":15677,""detectors_checked"":19038208}"
    101376,         0,         0,    4.25,standalone_exact_mw,29ae76c7f86edcd2f56343e8109d8463cbc736644db4e57527101e2f1c3606c8,"{""distance"":5,""physical_error_rate"":0.0002}","{""detection_events"":18791,""detectors_checked"":22708224}"
      1280,        27,         0,    4.61,standalone_exact_mw,3fbf3739b73dda61f0188bb1f99eaf1ad6be14fe6ea44c0ac8d6c5ad12090cf3,"{""distance"":5,""physical_error_rate"":0.02}","{""detection_events"":21622,""detectors_checked"":286720,""obs_mistake_mask=E"":27}"
      5632,        20,         0,    4.59,standalone_exact_mw,d243a1b0b1308c5af35ad4523cb40bd83c282feda5b2af0b0940517b428d54bb,"{""distance"":5,""physical_error_rate"":0.01}","{""detection_events"":50447,""detectors_checked"":1261568,""obs_mistake_mask=E"":20}"
     54272,         1,         0,    4.32,standalone_exact_mw,7bb6e20e48600212890a8c0dbf00c9e78f41358e09b12be0f89e4aae4bc5d684,"{""distance"":5,""physical_error_rate"":0.002}","{""detection_events"":101089,""detectors_checked"":12156928,""obs_mistake_mask=E"":1}"
     55296,         3,         0,    6.02,standalone_exact_mw,7bb6e20e48600212890a8c0dbf00c9e78f41358e09b12be0f89e4aae4bc5d684,"{""distance"":5,""physical_error_rate"":0.002}","{""detection_events"":101620,""detectors_checked"":12386304,""obs_mistake_mask=E"":3}"
    173056,         0,         0,    4.26,standalone_exact_mw,aea10f45e3589e84a00777b800d38e8a3149bd6cb552c409f3bffd718c1a0abf,"{""distance"":5,""physical_error_rate"":5e-05}","{""detection_events"":8054,""detectors_checked"":38764544}"
    414720,         0,         0,    8.30,standalone_exact_mw,29ae76c7f86edcd2f56343e8109d8463cbc736644db4e57527101e2f1c3606c8,"{""distance"":5,""physical_error_rate"":0.0002}","{""detection_events"":78309,""detectors_checked"":92897280}"
      2048,         6,         0,    2.33,standalone_exact_mw,d243a1b0b1308c5af35ad4523cb40bd83c282feda5b2af0b0940517b428d54bb,"{""distance"":5,""physical_error_rate"":0.01}","{""detection_events"":17830,""detectors_checked"":458752,""obs_mistake_mask=E"":6}"
     22528,         8,         0,    6.09,standalone_exact_mw,1a2d9ab41a8a393fdef1a304cd6cd3b39e7654fe1ff27694ddcd7a0d28bf707b,"{""distance"":5,""physical_error_rate"":0.005}","{""detection_events"":101503,""detectors_checked"":5046272,""obs_mistake_mask=E"":8}"
     20480,         7,         0,    5.98,standalone_exact_mw,1a2d9ab41a8a393fdef1a304cd6cd3b39e7654fe1ff27694ddcd7a0d28bf707b,"{""distance"":5,""physical_error_rate"":0.005}","{""detection_events"":93797,""detectors_checked"":4587520,""obs_mistake_mask=E"":7}"
     86016,         0,         0,    6.02,standalone_exact_mw,77d802c74222c3324b7f1323f7447c6411ad27be92307b6127e53af575faadca,"{""distance"":5,""physical_error_rate"":0.001}","{""detection_events"":80100,""detectors_checked"":19267584}"
     79872,         0,         0,    4.30,standalone_exact_mw,77d802c74222c3324b7f1323f7447c6411ad27be92307b6127e53af575faadca,"{""distance"":5,""physical_error_rate"":0.001}","{""detection_events"":74630,""detectors_checked"":17891328}"
    365568,         0,         0,    8.31,standalone_exact_mw,aea10f45e3589e84a00777b800d38e8a3149bd6cb552c409f3bffd718c1a0abf,"{""distance"":5,""physical_error_rate"":5e-05}","{""detection_events"":16934,""detectors_checked"":81887232}"
       768,        13,         0,    3.24,standalone_exact_mw,3fbf3739b73dda61f0188bb1f99eaf1ad6be14fe6ea44c0ac8d6c5ad12090cf3,"{""distance"":5,""physical_error_rate"":0.02}","{""detection_events"":12941,""detectors_checked"":172032,""obs_mistake_mask=E"":13}"
     84992,         0,         0,    5.92,standalone_exact_mw,77d802c74222c3324b7f1323f7447c6411ad27be92307b6127e53af575faadca,"{""distance"":5,""physical_error_rate"":0.001}","{""detection_events"":79511,""detectors_checked"":19038208}"
    208896,         0,         0,    8.34,standalone_exact_mw,77d802c74222c3324b7f1323f7447c6411ad27be92307b6127e53af575faadca,"{""distance"":5,""physical_error_rate"":0.001}","{""detection_events"":193087,""detectors_checked"":46792704}"
      1536,        30,         0,    6.48,standalone_exact_mw,3fbf3739b73dda61f0188bb1f99eaf1ad6be14fe6ea44c0ac8d6c5ad12090cf3,"{""distance"":5,""physical_error_rate"":0.02}","{""detection_events"":25626,""detectors_checked"":344064,""obs_mistake_mask=E"":30}"
      1024,        25,         0,    3.53,standalone_exact_mw,3fbf3739b73dda61f0188bb1f99eaf1ad6be14fe6ea44c0ac8d6c5ad12090cf3,"{""distance"":5,""physical_error_rate"":0.02}","{""detection_events"":16886,""detectors_checked"":229376,""obs_mistake_mask=E"":25}"
     55296,         1,         0,    6.00,standalone_exact_mw,7bb6e20e48600212890a8c0dbf00c9e78f41358e09b12be0f89e4aae4bc5d684,"{""distance"":5,""physical_error_rate"":0.002}","{""detection_events"":101828,""detectors_checked"":12386304,""obs_mistake_mask=E"":1}"
    145408,         0,         0,    5.99,standalone_exact_mw,503ee55b5ad1b1988379a241a0405811522ee4d50b473755532ad1299cb121e2,"{""distance"":5,""physical_error_rate"":0.0005}","{""detection_events"":66691,""detectors_checked"":32571392}"
      1664,        29,         0,    6.12,standalone_exact_mw,3fbf3739b73dda61f0188bb1f99eaf1ad6be14fe6ea44c0ac8d6c5ad12090cf3,"{""distance"":5,""physical_error_rate"":0.02}","{""detection_events"":27842,""detectors_checked"":372736,""obs_mistake_mask=E"":29}"
     24576,        12,         0,    5.96,standalone_exact_mw,1a2d9ab41a8a393fdef1a304cd6cd3b39e7654fe1ff27694ddcd7a0d28bf707b,"{""distance"":5,""physical_error_rate"":0.005}","{""detection_events"":111163,""detectors_checked"":5505024,""obs_mistake_mask=E"":12}"
    247808,         0,         0,    8.37,standalone_exact_mw,cc9149276d16e61a5ac322a1d2048afebd34054fe0ed4879b77eb616628c1148,"{""distance"":5,""physical_error_rate"":0.0001}","{""detection_events"":22438,""detectors_checked"":55508992}"
      1297,         0,         0,   0.012,standalone_exact_mw,cc9149276d16e61a5ac322a1d2048afebd34054fe0ed4879b77eb616628c1148,"{""distance"":5,""physical_error_rate"":0.0001}","{""detection_events"":110,""detectors_checked"":290528}"
    119808,         0,         0,    4.29,standalone_exact_mw,29ae76c7f86edcd2f56343e8109d8463cbc736644db4e57527101e2f1c3606c8,"{""distance"":5,""physical_error_rate"":0.0002}","{""detection_events"":22688,""detectors_checked"":26836992}"
      1024,         0,         0,   0.037,standalone_exact_mw,cc9149276d16e61a5ac322a1d2048afebd34054fe0ed4879b77eb616628c1148,"{""distance"":5,""physical_error_rate"":0.0001}","{""detection_events"":97,""detectors_checked"":229376}"
      6144,        32,         0,    6.44,standalone_exact_mw,d243a1b0b1308c5af35ad4523cb40bd83c282feda5b2af0b0940517b428d54bb,"{""distance"":5,""physical_error_rate"":0.01}","{""detection_events"":53964,""detectors_checked"":1376256,""obs_mistake_mask=E"":32}"
     83968,         0,         0,    5.98,standalone_exact_mw,77d802c74222c3324b7f1323f7447c6411ad27be92307b6127e53af575faadca,"{""distance"":5,""physical_error_rate"":0.001}","{""detection_events"":77363,""detectors_checked"":18808832}"
      1024,         0,         0,   0.030,standalone_exact_mw,cc9149276d16e61a5ac322a1d2048afebd34054fe0ed4879b77eb616628c1148,"{""distance"":5,""physical_error_rate"":0.0001}","{""detection_events"":88,""detectors_checked"":229376}"
      1024,         0,         0,   0.050,standalone_exact_mw,cc9149276d16e61a5ac322a1d2048afebd34054fe0ed4879b77eb616628c1148,"{""distance"":5,""physical_error_rate"":0.0001}","{""detection_events"":117,""detectors_checked"":229376}"
       273,         0,         0,   0.017,standalone_exact_mw,29ae76c7f86edcd2f56343e8109d8463cbc736644db4e57527101e2f1c3606c8,"{""distance"":5,""physical_error_rate"":0.0002}","{""detection_events"":36,""detectors_checked"":61152}"
      2048,         0,         0,   0.055,standalone_exact_mw,cc9149276d16e61a5ac322a1d2048afebd34054fe0ed4879b77eb616628c1148,"{""distance"":5,""physical_error_rate"":0.0001}","{""detection_events"":161,""detectors_checked"":458752}"
      1024,         0,         0,   0.031,standalone_exact_mw,29ae76c7f86edcd2f56343e8109d8463cbc736644db4e57527101e2f1c3606c8,"{""distance"":5,""physical_error_rate"":0.0002}","{""detection_events"":219,""detectors_checked"":229376}"
      1024,         0,         0,   0.022,standalone_exact_mw,29ae76c7f86edcd2f56343e8109d8463cbc736644db4e57527101e2f1c3606c8,"{""distance"":5,""physical_error_rate"":0.0002}","{""detection_events"":206,""detectors_checked"":229376}"
      2048,         0,         0,   0.054,standalone_exact_mw,cc9149276d16e61a5ac322a1d2048afebd34054fe0ed4879b77eb616628c1148,"{""distance"":5,""physical_error_rate"":0.0001}","{""detection_events"":184,""detectors_checked"":458752}"
      1024,         0,         0,   0.030,standalone_exact_mw,29ae76c7f86edcd2f56343e8109d8463cbc736644db4e57527101e2f1c3606c8,"{""distance"":5,""physical_error_rate"":0.0002}","{""detection_events"":257,""detectors_checked"":229376}"
      3072,         0,         0,   0.067,standalone_exact_mw,cc9149276d16e61a5ac322a1d2048afebd34054fe0ed4879b77eb616628c1148,"{""distance"":5,""physical_error_rate"":0.0001}","{""detection_events"":289,""detectors_checked"":688128}"
      2048,         0,         0,   0.060,standalone_exact_mw,29ae76c7f86edcd2f56343e8109d8463cbc736644db4e57527101e2f1c3606c8,"{""distance"":5,""physical_error_rate"":0.0002}","{""detection_events"":392,""detectors_checked"":458752}"
    206848,         0,         0,    5.96,standalone_exact_mw,29ae76c7f86edcd2f56343e8109d8463cbc736644db4e57527101e2f1c3606c8,"{""distance"":5,""physical_error_rate"":0.0002}","{""detection_events"":38364,""detectors_checked"":46333952}"
    206848,         0,         0,    5.93,standalone_exact_mw,cc9149276d16e61a5ac322a1d2048afebd34054fe0ed4879b77eb616628c1148,"{""distance"":5,""physical_error_rate"":0.0001}","{""detection_events"":18795,""detectors_checked"":46333952}"
      3072,        11,         0,    3.59,standalone_exact_mw,d243a1b0b1308c5af35ad4523cb40bd83c282feda5b2af0b0940517b428d54bb,"{""distance"":5,""physical_error_rate"":0.01}","{""detection_events"":27173,""detectors_checked"":688128,""obs_mistake_mask=E"":11}"
      2048,         0,         0,   0.069,standalone_exact_mw,29ae76c7f86edcd2f56343e8109d8463cbc736644db4e57527101e2f1c3606c8,"{""distance"":5,""physical_error_rate"":0.0002}","{""detection_events"":330,""detectors_checked"":458752}"
      3072,         0,         0,   0.116,standalone_exact_mw,cc9149276d16e61a5ac322a1d2048afebd34054fe0ed4879b77eb616628c1148,"{""distance"":5,""physical_error_rate"":0.0001}","{""detection_events"":322,""detectors_checked"":688128}"
      2048,         0,         0,   0.083,standalone_exact_mw,29ae76c7f86edcd2f56343e8109d8463cbc736644db4e57527101e2f1c3606c8,"{""distance"":5,""physical_error_rate"":0.0002}","{""detection_events"":347,""detectors_checked"":458752}"
      3072,         0,         0,   0.114,standalone_exact_mw,29ae76c7f86edcd2f56343e8109d8463cbc736644db4e57527101e2f1c3606c8,"{""distance"":5,""physical_error_rate"":0.0002}","{""detection_events"":632,""detectors_checked"":688128}"
      6144,         0,         0,   0.173,standalone_exact_mw,cc9149276d16e61a5ac322a1d2048afebd34054fe0ed4879b77eb616628c1148,"{""distance"":5,""physical_error_rate"":0.0001}","{""detection_events"":569,""detectors_checked"":1376256}"
      5120,         0,         0,   0.162,standalone_exact_mw,29ae76c7f86edcd2f56343e8109d8463cbc736644db4e57527101e2f1c3606c8,"{""distance"":5,""physical_error_rate"":0.0002}","{""detection_events"":892,""detectors_checked"":1146880}"
      8192,         0,         0,   0.200,standalone_exact_mw,cc9149276d16e61a5ac322a1d2048afebd34054fe0ed4879b77eb616628c1148,"{""distance"":5,""physical_error_rate"":0.0001}","{""detection_events"":731,""detectors_checked"":1835008}"
      7168,         0,         0,   0.211,standalone_exact_mw,29ae76c7f86edcd2f56343e8109d8463cbc736644db4e57527101e2f1c3606c8,"{""distance"":5,""physical_error_rate"":0.0002}","{""detection_events"":1228,""detectors_checked"":1605632}"
     12288,         0,         0,   0.298,standalone_exact_mw,cc9149276d16e61a5ac322a1d2048afebd34054fe0ed4879b77eb616628c1148,"{""distance"":5,""physical_error_rate"":0.0001}","{""detection_events"":1044,""detectors_checked"":2752512}"
      1297,         0,         0,   0.033,standalone_exact_mw,aea10f45e3589e84a00777b800d38e8a3149bd6cb552c409f3bffd718c1a0abf,"{""distance"":5,""physical_error_rate"":5e-05}","{""detection_events"":72,""detectors_checked"":290528}"
      1024,         0,         0,   0.027,standalone_exact_mw,aea10f45e3589e84a00777b800d38e8a3149bd6cb552c409f3bffd718c1a0abf,"{""distance"":5,""physical_error_rate"":5e-05}","{""detection_events"":71,""detectors_checked"":229376}"
      2048,         0,         0,   0.016,standalone_exact_mw,aea10f45e3589e84a00777b800d38e8a3149bd6cb552c409f3bffd718c1a0abf,"{""distance"":5,""physical_error_rate"":5e-05}","{""detection_events"":108,""detectors_checked"":458752}"
      1024,         0,         0,   0.008,standalone_exact_mw,aea10f45e3589e84a00777b800d38e8a3149bd6cb552c409f3bffd718c1a0abf,"{""distance"":5,""physical_error_rate"":5e-05}","{""detection_events"":24,""detectors_checked"":229376}"
     11264,         0,         0,   0.318,standalone_exact_mw,29ae76c7f86edcd2f56343e8109d8463cbc736644db4e57527101e2f1c3606c8,"{""distance"":5,""physical_error_rate"":0.0002}","{""detection_events"":2028,""detectors_checked"":2523136}"
     93184,         1,         0,    8.38,standalone_exact_mw,7bb6e20e48600212890a8c0dbf00c9e78f41358e09b12be0f89e4aae4bc5d684,"{""distance"":5,""physical_error_rate"":0.002}","{""detection_events"":171985,""detectors_checked"":20873216,""obs_mistake_mask=E"":1}"
     34816,        15,         0,    8.47,standalone_exact_mw,1a2d9ab41a8a393fdef1a304cd6cd3b39e7654fe1ff27694ddcd7a0d28bf707b,"{""distance"":5,""physical_error_rate"":0.005}","{""detection_events"":157319,""detectors_checked"":7798784,""obs_mistake_mask=E"":15}"
      2048,         0,         0,   0.052,standalone_exact_mw,aea10f45e3589e84a00777b800d38e8a3149bd6cb552c409f3bffd718c1a0abf,"{""distance"":5,""physical_error_rate"":5e-05}","{""detection_events"":96,""detectors_checked"":458752}"
      3072,         0,         0,   0.060,standalone_exact_mw,aea10f45e3589e84a00777b800d38e8a3149bd6cb552c409f3bffd718c1a0abf,"{""distance"":5,""physical_error_rate"":5e-05}","{""detection_events"":163,""detectors_checked"":688128}"
      3072,         0,         0,   0.078,standalone_exact_mw,aea10f45e3589e84a00777b800d38e8a3149bd6cb552c409f3bffd718c1a0abf,"{""distance"":5,""physical_error_rate"":5e-05}","{""detection_events"":140,""detectors_checked"":688128}"
      6656,        24,         0,    5.99,standalone_exact_mw,d243a1b0b1308c5af35ad4523cb40bd83c282feda5b2af0b0940517b428d54bb,"{""distance"":5,""physical_error_rate"":0.01}","{""detection_events"":58988,""detectors_checked"":1490944,""obs_mistake_mask=E"":24}"
     16384,         0,         0,   0.430,standalone_exact_mw,cc9149276d16e61a5ac322a1d2048afebd34054fe0ed4879b77eb616628c1148,"{""distance"":5,""physical_error_rate"":0.0001}","{""detection_events"":1441,""detectors_checked"":3670016}"
      5120,         0,         0,   0.131,standalone_exact_mw,aea10f45e3589e84a00777b800d38e8a3149bd6cb552c409f3bffd718c1a0abf,"{""distance"":5,""physical_error_rate"":5e-05}","{""detection_events"":269,""detectors_checked"":1146880}"
     13312,         0,         0,   0.391,standalone_exact_mw,29ae76c7f86edcd2f56343e8109d8463cbc736644db4e57527101e2f1c3606c8,"{""distance"":5,""physical_error_rate"":0.0002}","{""detection_events"":2592,""detectors_checked"":2981888}"
    171008,         0,         0,    5.93,standalone_exact_mw,29ae76c7f86edcd2f56343e8109d8463cbc736644db4e57527101e2f1c3606c8,"{""distance"":5,""physical_error_rate"":0.0002}","{""detection_events"":31928,""detectors_checked"":38305792}"
      7168,         0,         0,   0.165,standalone_exact_mw,aea10f45e3589e84a00777b800d38e8a3149bd6cb552c409f3bffd718c1a0abf,"{""distance"":5,""physical_error_rate"":5e-05}","{""detection_events"":364,""detectors_checked"":1605632}"
      8192,         0,         0,   0.191,standalone_exact_mw,aea10f45e3589e84a00777b800d38e8a3149bd6cb552c409f3bffd718c1a0abf,"{""distance"":5,""physical_error_rate"":5e-05}","{""detection_events"":340,""detectors_checked"":1835008}"
      7168,        20,         0,    6.52,standalone_exact_mw,d243a1b0b1308c5af35ad4523cb40bd83c282feda5b2af0b0940517b428d54bb,"{""distance"":5,""physical_error_rate"":0.01}","{""detection_events"":63812,""detectors_checked"":1605632,""obs_mistake_mask=E"":20}"
    296960,         0,         0,    8.28,standalone_exact_mw,cc9149276d16e61a5ac322a1d2048afebd34054fe0ed4879b77eb616628c1148,"{""distance"":5,""physical_error_rate"":0.0001}","{""detection_events"":28593,""detectors_checked"":66519040}"
    319488,         0,         0,    8.31,standalone_exact_mw,cc9149276d16e61a5ac322a1d2048afebd34054fe0ed4879b77eb616628c1148,"{""distance"":5,""physical_error_rate"":0.0001}","{""detection_events"":29891,""detectors_checked"":71565312}"
     22528,         0,         0,   0.569,standalone_exact_mw,cc9149276d16e61a5ac322a1d2048afebd34054fe0ed4879b77eb616628c1148,"{""distance"":5,""physical_error_rate"":0.0001}","{""detection_events"":1963,""detectors_checked"":5046272}"
    254976,         0,         0,    8.36,standalone_exact_mw,29ae76c7f86edcd2f56343e8109d8463cbc736644db4e57527101e2f1c3606c8,"{""distance"":5,""physical_error_rate"":0.0002}","{""detection_events"":47096,""detectors_checked"":57114624}"
     71680,         1,         0,    6.00,standalone_exact_mw,7bb6e20e48600212890a8c0dbf00c9e78f41358e09b12be0f89e4aae4bc5d684,"{""distance"":5,""physical_error_rate"":0.002}","{""detection_events"":132116,""detectors_checked"":16056320,""obs_mistake_mask=E"":1}"
      5632,        19,         0,    6.07,standalone_exact_mw,d243a1b0b1308c5af35ad4523cb40bd83c282feda5b2af0b0940517b428d54bb,"{""distance"":5,""physical_error_rate"":0.01}","{""detection_events"":49957,""detectors_checked"":1261568,""obs_mistake_mask=E"":19}"
     19456,         0,         0,   0.588,standalone_exact_mw,29ae76c7f86edcd2f56343e8109d8463cbc736644db4e57527101e2f1c3606c8,"{""distance"":5,""physical_error_rate"":0.0002}","{""detection_events"":3436,""detectors_checked"":4358144}"
     12288,         0,         0,   0.271,standalone_exact_mw,aea10f45e3589e84a00777b800d38e8a3149bd6cb552c409f3bffd718c1a0abf,"{""distance"":5,""physical_error_rate"":5e-05}","{""detection_events"":601,""detectors_checked"":2752512}"
      2048,        39,         0,    6.29,standalone_exact_mw,3fbf3739b73dda61f0188bb1f99eaf1ad6be14fe6ea44c0ac8d6c5ad12090cf3,"{""distance"":5,""physical_error_rate"":0.02}","{""detection_events"":33938,""detectors_checked"":458752,""obs_mistake_mask=E"":39}"
    265216,         0,         0,    8.34,standalone_exact_mw,cc9149276d16e61a5ac322a1d2048afebd34054fe0ed4879b77eb616628c1148,"{""distance"":5,""physical_error_rate"":0.0001}","{""detection_events"":24439,""detectors_checked"":59408384}"
    239616,         0,         0,    5.96,standalone_exact_mw,aea10f45e3589e84a00777b800d38e8a3149bd6cb552c409f3bffd718c1a0abf,"{""distance"":5,""physical_error_rate"":5e-05}","{""detection_events"":11247,""detectors_checked"":53673984}"
      1280,        25,         0,    4.47,standalone_exact_mw,3fbf3739b73dda61f0188bb1f99eaf1ad6be14fe6ea44c0ac8d6c5ad12090cf3,"{""distance"":5,""physical_error_rate"":0.02}","{""detection_events"":21273,""detectors_checked"":286720,""obs_mistake_mask=E"":25}"
    171008,         0,         0,    8.37,standalone_exact_mw,503ee55b5ad1b1988379a241a0405811522ee4d50b473755532ad1299cb121e2,"{""distance"":5,""physical_error_rate"":0.0005}","{""detection_events"":80712,""detectors_checked"":38305792}"
       273,         0,         0,   0.071,standalone_exact_mw,1a2d9ab41a8a393fdef1a304cd6cd3b39e7654fe1ff27694ddcd7a0d28bf707b,"{""distance"":5,""physical_error_rate"":0.005}","{""detection_events"":1172,""detectors_checked"":61152}"
    160768,         0,         0,    8.37,standalone_exact_mw,503ee55b5ad1b1988379a241a0405811522ee4d50b473755532ad1299cb121e2,"{""distance"":5,""physical_error_rate"":0.0005}","{""detection_events"":74808,""detectors_checked"":36012032}"
     17408,         0,         0,   0.427,standalone_exact_mw,aea10f45e3589e84a00777b800d38e8a3149bd6cb552c409f3bffd718c1a0abf,"{""distance"":5,""physical_error_rate"":5e-05}","{""detection_events"":835,""detectors_checked"":3899392}"
      1024,         1,         0,   0.282,standalone_exact_mw,1a2d9ab41a8a393fdef1a304cd6cd3b39e7654fe1ff27694ddcd7a0d28bf707b,"{""distance"":5,""physical_error_rate"":0.005}","{""detection_events"":4756,""detectors_checked"":229376,""obs_mistake_mask=E"":1}"
    310272,         0,         0,    8.30,standalone_exact_mw,aea10f45e3589e84a00777b800d38e8a3149bd6cb552c409f3bffd718c1a0abf,"{""distance"":5,""physical_error_rate"":5e-05}","{""detection_events"":14129,""detectors_checked"":69500928}"
     29696,         0,         0,   0.800,standalone_exact_mw,cc9149276d16e61a5ac322a1d2048afebd34054fe0ed4879b77eb616628c1148,"{""distance"":5,""physical_error_rate"":0.0001}","{""detection_events"":2879,""detectors_checked"":6651904}"
    455680,         0,         0,    11.7,standalone_exact_mw,503ee55b5ad1b1988379a241a0405811522ee4d50b473755532ad1299cb121e2,"{""distance"":5,""physical_error_rate"":0.0005}","{""detection_events"":212798,""detectors_checked"":102072320}"
    204800,         0,         0,    8.34,standalone_exact_mw,503ee55b5ad1b1988379a241a0405811522ee4d50b473755532ad1299cb121e2,"{""distance"":5,""physical_error_rate"":0.0005}","{""detection_events"":94187,""detectors_checked"":45875200}"
     27648,         0,         0,   0.841,standalone_exact_mw,29ae76c7f86edcd2f56343e8109d8463cbc736644db4e57527101e2f1c3606c8,"{""distance"":5,""physical_error_rate"":0.0002}","{""detection_events"":5110,""detectors_checked"":6193152}"
      1024,         0,         0,   0.311,standalone_exact_mw,1a2d9ab41a8a393fdef1a304cd6cd3b39e7654fe1ff27694ddcd7a0d28bf707b,"{""distance"":5,""physical_error_rate"":0.005}","{""detection_events"":4765,""detectors_checked"":229376}"
    252928,         0,         0,    8.30,standalone_exact_mw,aea10f45e3589e84a00777b800d38e8a3149bd6cb552c409f3bffd718c1a0abf,"{""distance"":5,""physical_error_rate"":5e-05}","{""detection_events"":11955,""detectors_checked"":56655872}"
     24576,         0,         0,   0.588,standalone_exact_mw,aea10f45e3589e84a00777b800d38e8a3149bd6cb552c409f3bffd718c1a0abf,"{""distance"":5,""physical_error_rate"":5e-05}","{""detection_events"":1169,""detectors_checked"":5505024}"
    110592,         2,         0,    8.37,standalone_exact_mw,7bb6e20e48600212890a8c0dbf00c9e78f41358e09b12be0f89e4aae4bc5d684,"{""distance"":5,""physical_error_rate"":0.002}","{""detection_events"":202744,""detectors_checked"":24772608,""obs_mistake_mask=E"":2}"
      1024,         0,         0,   0.278,standalone_exact_mw,1a2d9ab41a8a393fdef1a304cd6cd3b39e7654fe1ff27694ddcd7a0d28bf707b,"{""distance"":5,""physical_error_rate"":0.005}","{""detection_events"":4576,""detectors_checked"":229376}"
     92160,         0,         0,    6.02,standalone_exact_mw,77d802c74222c3324b7f1323f7447c6411ad27be92307b6127e53af575faadca,"{""distance"":5,""physical_error_rate"":0.001}","{""detection_events"":85066,""detectors_checked"":20643840}"
    334848,         0,         0,    8.34,standalone_exact_mw,aea10f45e3589e84a00777b800d38e8a3149bd6cb552c409f3bffd718c1a0abf,"{""distance"":5,""physical_error_rate"":5e-05}","{""detection_events"":16054,""detectors_checked"":75005952}"
      1024,         0,         0,   0.390,standalone_exact_mw,1a2d9ab41a8a393fdef1a304cd6cd3b39e7654fe1ff27694ddcd7a0d28bf707b,"{""distance"":5,""physical_error_rate"":0.005}","{""detection_events"":4938,""detectors_checked"":229376}"
     32768,        14,         0,    8.46,standalone_exact_mw,1a2d9ab41a8a393fdef1a304cd6cd3b39e7654fe1ff27694ddcd7a0d28bf707b,"{""distance"":5,""physical_error_rate"":0.005}","{""detection_events"":149809,""detectors_checked"":7340032,""obs_mistake_mask=E"":14}"
        17,         0,         0,   0.079,standalone_exact_mw,d243a1b0b1308c5af35ad4523cb40bd83c282feda5b2af0b0940517b428d54bb,"{""distance"":5,""physical_error_rate"":0.01}","{""detection_events"":174,""detectors_checked"":3808}"
        64,         0,         0,   0.057,standalone_exact_mw,d243a1b0b1308c5af35ad4523cb40bd83c282feda5b2af0b0940517b428d54bb,"{""distance"":5,""physical_error_rate"":0.01}","{""detection_events"":571,""detectors_checked"":14336}"
     38912,         0,         0,    1.09,standalone_exact_mw,cc9149276d16e61a5ac322a1d2048afebd34054fe0ed4879b77eb616628c1148,"{""distance"":5,""physical_error_rate"":0.0001}","{""detection_events"":3456,""detectors_checked"":8716288}"
      1536,        33,         0,    5.05,standalone_exact_mw,3fbf3739b73dda61f0188bb1f99eaf1ad6be14fe6ea44c0ac8d6c5ad12090cf3,"{""distance"":5,""physical_error_rate"":0.02}","{""detection_events"":25302,""detectors_checked"":344064,""obs_mistake_mask=E"":33}"
     29696,         0,         0,   0.810,standalone_exact_mw,aea10f45e3589e84a00777b800d38e8a3149bd6cb552c409f3bffd718c1a0abf,"{""distance"":5,""physical_error_rate"":5e-05}","{""detection_events"":1275,""detectors_checked"":6651904}"
         1,         0,         0,   0.001,standalone_exact_mw,7bb6e20e48600212890a8c0dbf00c9e78f41358e09b12be0f89e4aae4bc5d684,"{""distance"":5,""physical_error_rate"":0.002}","{""detection_events"":8,""detectors_checked"":224}"
      1024,         0,         0,   0.298,standalone_exact_mw,1a2d9ab41a8a393fdef1a304cd6cd3b39e7654fe1ff27694ddcd7a0d28bf707b,"{""distance"":5,""physical_error_rate"":0.005}","{""detection_events"":4565,""detectors_checked"":229376}"
     33792,         0,         0,    1.15,standalone_exact_mw,29ae76c7f86edcd2f56343e8109d8463cbc736644db4e57527101e2f1c3606c8,"{""distance"":5,""physical_error_rate"":0.0002}","{""detection_events"":6567,""detectors_checked"":7569408}"
      1296,         0,         0,   0.125,standalone_exact_mw,7bb6e20e48600212890a8c0dbf00c9e78f41358e09b12be0f89e4aae4bc5d684,"{""distance"":5,""physical_error_rate"":0.002}","{""detection_events"":2361,""detectors_checked"":290304}"
      1024,         0,         0,   0.087,standalone_exact_mw,7bb6e20e48600212890a8c0dbf00c9e78f41358e09b12be0f89e4aae4bc5d684,"{""distance"":5,""physical_error_rate"":0.002}","{""detection_events"":1879,""detectors_checked"":229376}"
      1024,         0,         0,   0.225,standalone_exact_mw,1a2d9ab41a8a393fdef1a304cd6cd3b39e7654fe1ff27694ddcd7a0d28bf707b,"{""distance"":5,""physical_error_rate"":0.005}","{""detection_events"":4615,""detectors_checked"":229376}"
      1024,         0,         0,   0.108,standalone_exact_mw,7bb6e20e48600212890a8c0dbf00c9e78f41358e09b12be0f89e4aae4bc5d684,"{""distance"":5,""physical_error_rate"":0.002}","{""detection_events"":1902,""detectors_checked"":229376}"
      1024,         0,         0,   0.087,standalone_exact_mw,7bb6e20e48600212890a8c0dbf00c9e78f41358e09b12be0f89e4aae4bc5d684,"{""distance"":5,""physical_error_rate"":0.002}","{""detection_events"":1881,""detectors_checked"":229376}"
       512,         1,         0,   0.653,standalone_exact_mw,d243a1b0b1308c5af35ad4523cb40bd83c282feda5b2af0b0940517b428d54bb,"{""distance"":5,""physical_error_rate"":0.01}","{""detection_events"":4420,""detectors_checked"":114688,""obs_mistake_mask=E"":1}"
     75776,         3,         0,    8.37,standalone_exact_mw,7bb6e20e48600212890a8c0dbf00c9e78f41358e09b12be0f89e4aae4bc5d684,"{""distance"":5,""physical_error_rate"":0.002}","{""detection_events"":139666,""detectors_checked"":16973824,""obs_mistake_mask=E"":3}"
      1024,         0,         0,   0.108,standalone_exact_mw,7bb6e20e48600212890a8c0dbf00c9e78f41358e09b12be0f89e4aae4bc5d684,"{""distance"":5,""physical_error_rate"":0.002}","{""detection_events"":1829,""detectors_checked"":229376}"
      1024,         0,         0,   0.339,standalone_exact_mw,1a2d9ab41a8a393fdef1a304cd6cd3b39e7654fe1ff27694ddcd7a0d28bf707b,"{""distance"":5,""physical_error_rate"":0.005}","{""detection_events"":4644,""detectors_checked"":229376}"
      1024,         0,         0,   0.168,standalone_exact_mw,7bb6e20e48600212890a8c0dbf00c9e78f41358e09b12be0f89e4aae4bc5d684,"{""distance"":5,""physical_error_rate"":0.002}","{""detection_events"":2035,""detectors_checked"":229376}"
      2048,         0,         0,   0.199,standalone_exact_mw,7bb6e20e48600212890a8c0dbf00c9e78f41358e09b12be0f89e4aae4bc5d684,"{""distance"":5,""physical_error_rate"":0.002}","{""detection_events"":3671,""detectors_checked"":458752}"
      1024,         0,         0,   0.314,standalone_exact_mw,1a2d9ab41a8a393fdef1a304cd6cd3b39e7654fe1ff27694ddcd7a0d28bf707b,"{""distance"":5,""physical_error_rate"":0.005}","{""detection_events"":4639,""detectors_checked"":229376}"
      4096,        11,         0,    4.74,standalone_exact_mw,d243a1b0b1308c5af35ad4523cb40bd83c282feda5b2af0b0940517b428d54bb,"{""distance"":5,""physical_error_rate"":0.01}","{""detection_events"":36030,""detectors_checked"":917504,""obs_mistake_mask=E"":11}"
     40960,         0,         0,    1.13,standalone_exact_mw,aea10f45e3589e84a00777b800d38e8a3149bd6cb552c409f3bffd718c1a0abf,"{""distance"":5,""physical_error_rate"":5e-05}","{""detection_events"":1922,""detectors_checked"":9175040}"
      2048,         0,         0,   0.198,standalone_exact_mw,7bb6e20e48600212890a8c0dbf00c9e78f41358e09b12be0f89e4aae4bc5d684,"{""distance"":5,""physical_error_rate"":0.002}","{""detection_events"":3754,""detectors_checked"":458752}"
       512,         2,         0,   0.675,standalone_exact_mw,d243a1b0b1308c5af35ad4523cb40bd83c282feda5b2af0b0940517b428d54bb,"{""distance"":5,""physical_error_rate"":0.01}","{""detection_events"":4306,""detectors_checked"":114688,""obs_mistake_mask=E"":2}"
      1024,         0,         0,   0.278,standalone_exact_mw,1a2d9ab41a8a393fdef1a304cd6cd3b39e7654fe1ff27694ddcd7a0d28bf707b,"{""distance"":5,""physical_error_rate"":0.005}","{""detection_events"":4506,""detectors_checked"":229376}"
      2048,         0,         0,   0.217,standalone_exact_mw,7bb6e20e48600212890a8c0dbf00c9e78f41358e09b12be0f89e4aae4bc5d684,"{""distance"":5,""physical_error_rate"":0.002}","{""detection_events"":3718,""detectors_checked"":458752}"
     44032,         0,         0,    1.56,standalone_exact_mw,cc9149276d16e61a5ac322a1d2048afebd34054fe0ed4879b77eb616628c1148,"{""distance"":5,""physical_error_rate"":0.0001}","{""detection_events"":4302,""detectors_checked"":9863168}"
     32768,        13,         0,    8.50,standalone_exact_mw,1a2d9ab41a8a393fdef1a304cd6cd3b39e7654fe1ff27694ddcd7a0d28bf707b,"{""distance"":5,""physical_error_rate"":0.005}","{""detection_events"":148296,""detectors_checked"":7340032,""obs_mistake_mask=E"":13}"
      1024,         0,         0,   0.366,standalone_exact_mw,1a2d9ab41a8a393fdef1a304cd6cd3b39e7654fe1ff27694ddcd7a0d28bf707b,"{""distance"":5,""physical_error_rate"":0.005}","{""detection_events"":4749,""detectors_checked"":229376}"
      3072,         0,         0,   0.365,standalone_exact_mw,7bb6e20e48600212890a8c0dbf00c9e78f41358e09b12be0f89e4aae4bc5d684,"{""distance"":5,""physical_error_rate"":0.002}","{""detection_events"":5791,""detectors_checked"":688128}"
    120832,         0,         0,    8.37,standalone_exact_mw,77d802c74222c3324b7f1323f7447c6411ad27be92307b6127e53af575faadca,"{""distance"":5,""physical_error_rate"":0.001}","{""detection_events"":112088,""detectors_checked"":27066368}"
     30720,        13,         0,    8.45,standalone_exact_mw,1a2d9ab41a8a393fdef1a304cd6cd3b39e7654fe1ff27694ddcd7a0d28bf707b,"{""distance"":5,""physical_error_rate"":0.005}","{""detection_events"":138886,""detectors_checked"":6881280,""obs_mistake_mask=E"":13}"
     39936,         0,         0,    1.56,standalone_exact_mw,29ae76c7f86edcd2f56343e8109d8463cbc736644db4e57527101e2f1c3606c8,"{""distance"":5,""physical_error_rate"":0.0002}","{""detection_events"":7424,""detectors_checked"":8945664}"
    175104,         0,         0,    5.94,standalone_exact_mw,29ae76c7f86edcd2f56343e8109d8463cbc736644db4e57527101e2f1c3606c8,"{""distance"":5,""physical_error_rate"":0.0002}","{""detection_events"":32921,""detectors_checked"":39223296}"
       512,         1,         0,   0.645,standalone_exact_mw,d243a1b0b1308c5af35ad4523cb40bd83c282feda5b2af0b0940517b428d54bb,"{""distance"":5,""physical_error_rate"":0.01}","{""detection_events"":4548,""detectors_checked"":114688,""obs_mistake_mask=E"":1}"
       273,         0,         0,   0.024,standalone_exact_mw,503ee55b5ad1b1988379a241a0405811522ee4d50b473755532ad1299cb121e2,"{""distance"":5,""physical_error_rate"":0.0005}","{""detection_events"":131,""detectors_checked"":61152}"
      1024,         0,         0,   0.055,standalone_exact_mw,503ee55b5ad1b1988379a241a0405811522ee4d50b473755532ad1299cb121e2,"{""distance"":5,""physical_error_rate"":0.0005}","{""detection_events"":390,""detectors_checked"":229376}"
      1024,         0,         0,   0.033,standalone_exact_mw,503ee55b5ad1b1988379a241a0405811522ee4d50b473755532ad1299cb121e2,"{""distance"":5,""physical_error_rate"":0.0005}","{""detection_events"":506,""detectors_checked"":229376}"
      1024,         0,         0,   0.054,standalone_exact_mw,503ee55b5ad1b1988379a241a0405811522ee4d50b473755532ad1299cb121e2,"{""distance"":5,""physical_error_rate"":0.0005}","{""detection_events"":436,""detectors_checked"":229376}"
      1024,         0,         0,   0.054,standalone_exact_mw,503ee55b5ad1b1988379a241a0405811522ee4d50b473755532ad1299cb121e2,"{""distance"":5,""physical_error_rate"":0.0005}","{""detection_events"":452,""detectors_checked"":229376}"
      1024,         0,         0,   0.054,standalone_exact_mw,503ee55b5ad1b1988379a241a0405811522ee4d50b473755532ad1299cb121e2,"{""distance"":5,""physical_error_rate"":0.0005}","{""detection_events"":458,""detectors_checked"":229376}"
      5120,         0,         0,   0.527,standalone_exact_mw,7bb6e20e48600212890a8c0dbf00c9e78f41358e09b12be0f89e4aae4bc5d684,"{""distance"":5,""physical_error_rate"":0.002}","{""detection_events"":9782,""detectors_checked"":1146880}"
      2048,         1,         0,   0.670,standalone_exact_mw,1a2d9ab41a8a393fdef1a304cd6cd3b39e7654fe1ff27694ddcd7a0d28bf707b,"{""distance"":5,""physical_error_rate"":0.005}","{""detection_events"":9160,""detectors_checked"":458752,""obs_mistake_mask=E"":1}"
      2048,         0,         0,   0.088,standalone_exact_mw,503ee55b5ad1b1988379a241a0405811522ee4d50b473755532ad1299cb121e2,"{""distance"":5,""physical_error_rate"":0.0005}","{""detection_events"":989,""detectors_checked"":458752}"
      2048,         0,         0,   0.107,standalone_exact_mw,503ee55b5ad1b1988379a241a0405811522ee4d50b473755532ad1299cb121e2,"{""distance"":5,""physical_error_rate"":0.0005}","{""detection_events"":1044,""detectors_checked"":458752}"
       512,         3,         0,   0.702,standalone_exact_mw,d243a1b0b1308c5af35ad4523cb40bd83c282feda5b2af0b0940517b428d54bb,"{""distance"":5,""physical_error_rate"":0.01}","{""detection_events"":4534,""detectors_checked"":114688,""obs_mistake_mask=E"":3}"
      4096,         0,         0,   0.196,standalone_exact_mw,503ee55b5ad1b1988379a241a0405811522ee4d50b473755532ad1299cb121e2,"{""distance"":5,""physical_error_rate"":0.0005}","{""detection_events"":1870,""detectors_checked"":917504}"
    119808,         1,         0,    8.34,standalone_exact_mw,77d802c74222c3324b7f1323f7447c6411ad27be92307b6127e53af575faadca,"{""distance"":5,""physical_error_rate"":0.001}","{""detection_events"":111697,""detectors_checked"":26836992,""obs_mistake_mask=E"":1}"
     65536,         0,         0,    1.58,standalone_exact_mw,aea10f45e3589e84a00777b800d38e8a3149bd6cb552c409f3bffd718c1a0abf,"{""distance"":5,""physical_error_rate"":5e-05}","{""detection_events"":3081,""detectors_checked"":14680064}"
      5120,         0,         0,   0.571,standalone_exact_mw,7bb6e20e48600212890a8c0dbf00c9e78f41358e09b12be0f89e4aae4bc5d684,"{""distance"":5,""physical_error_rate"":0.002}","{""detection_events"":9209,""detectors_checked"":1146880}"
      5120,         0,         0,   0.251,standalone_exact_mw,503ee55b5ad1b1988379a241a0405811522ee4d50b473755532ad1299cb121e2,"{""distance"":5,""physical_error_rate"":0.0005}","{""detection_events"":2411,""detectors_checked"":1146880}"
      2048,         0,         0,   0.647,standalone_exact_mw,1a2d9ab41a8a393fdef1a304cd6cd3b39e7654fe1ff27694ddcd7a0d28bf707b,"{""distance"":5,""physical_error_rate"":0.005}","{""detection_events"":9486,""detectors_checked"":458752}"
      6144,         0,         0,   0.290,standalone_exact_mw,503ee55b5ad1b1988379a241a0405811522ee4d50b473755532ad1299cb121e2,"{""distance"":5,""physical_error_rate"":0.0005}","{""detection_events"":2779,""detectors_checked"":1376256}"
       512,         4,         0,   0.700,standalone_exact_mw,d243a1b0b1308c5af35ad4523cb40bd83c282feda5b2af0b0940517b428d54bb,"{""distance"":5,""physical_error_rate"":0.01}","{""detection_events"":4497,""detectors_checked"":114688,""obs_mistake_mask=E"":4}"
      2048,        44,         0,    8.67,standalone_exact_mw,3fbf3739b73dda61f0188bb1f99eaf1ad6be14fe6ea44c0ac8d6c5ad12090cf3,"{""distance"":5,""physical_error_rate"":0.02}","{""detection_events"":33918,""detectors_checked"":458752,""obs_mistake_mask=E"":44}"
     74752,         3,         0,    8.42,standalone_exact_mw,7bb6e20e48600212890a8c0dbf00c9e78f41358e09b12be0f89e4aae4bc5d684,"{""distance"":5,""physical_error_rate"":0.002}","{""detection_events"":137374,""detectors_checked"":16744448,""obs_mistake_mask=E"":3}"
      9216,         0,         0,   0.447,standalone_exact_mw,503ee55b5ad1b1988379a241a0405811522ee4d50b473755532ad1299cb121e2,"{""distance"":5,""physical_error_rate"":0.0005}","{""detection_events"":4246,""detectors_checked"":2064384}"
       273,         0,         0,   0.026,standalone_exact_mw,77d802c74222c3324b7f1323f7447c6411ad27be92307b6127e53af575faadca,"{""distance"":5,""physical_error_rate"":0.001}","{""detection_events"":279,""detectors_checked"":61152}"
      7168,         0,         0,   0.829,standalone_exact_mw,7bb6e20e48600212890a8c0dbf00c9e78f41358e09b12be0f89e4aae4bc5d684,"{""distance"":5,""physical_error_rate"":0.002}","{""detection_events"":13213,""detectors_checked"":1605632}"
    183296,         1,         0,    8.36,standalone_exact_mw,503ee55b5ad1b1988379a241a0405811522ee4d50b473755532ad1299cb121e2,"{""distance"":5,""physical_error_rate"":0.0005}","{""detection_events"":85161,""detectors_checked"":41058304,""obs_mistake_mask=E"":1}"
     63488,         0,         0,    2.19,standalone_exact_mw,cc9149276d16e61a5ac322a1d2048afebd34054fe0ed4879b77eb616628c1148,"{""distance"":5,""physical_error_rate"":0.0001}","{""detection_events"":5868,""detectors_checked"":14221312}"
      1024,         0,         0,   0.080,standalone_exact_mw,77d802c74222c3324b7f1323f7447c6411ad27be92307b6127e53af575faadca,"{""distance"":5,""physical_error_rate"":0.001}","{""detection_events"":949,""detectors_checked"":229376}"
      1024,         0,         0,   0.059,standalone_exact_mw,77d802c74222c3324b7f1323f7447c6411ad27be92307b6127e53af575faadca,"{""distance"":5,""physical_error_rate"":0.001}","{""detection_events"":991,""detectors_checked"":229376}"
       512,         1,         0,   0.529,standalone_exact_mw,d243a1b0b1308c5af35ad4523cb40bd83c282feda5b2af0b0940517b428d54bb,"{""distance"":5,""physical_error_rate"":0.01}","{""detection_events"":4424,""detectors_checked"":114688,""obs_mistake_mask=E"":1}"
      1024,         0,         0,   0.058,standalone_exact_mw,77d802c74222c3324b7f1323f7447c6411ad27be92307b6127e53af575faadca,"{""distance"":5,""physical_error_rate"":0.001}","{""detection_events"":823,""detectors_checked"":229376}"
      3072,         0,         0,   0.978,standalone_exact_mw,1a2d9ab41a8a393fdef1a304cd6cd3b39e7654fe1ff27694ddcd7a0d28bf707b,"{""distance"":5,""physical_error_rate"":0.005}","{""detection_events"":13858,""detectors_checked"":688128}"
      1024,         0,         0,   0.081,standalone_exact_mw,77d802c74222c3324b7f1323f7447c6411ad27be92307b6127e53af575faadca,"{""distance"":5,""physical_error_rate"":0.001}","{""detection_events"":892,""detectors_checked"":229376}"
     55296,         0,         0,    2.16,standalone_exact_mw,29ae76c7f86edcd2f56343e8109d8463cbc736644db4e57527101e2f1c3606c8,"{""distance"":5,""physical_error_rate"":0.0002}","{""detection_events"":10275,""detectors_checked"":12386304}"
      1024,         0,         0,   0.058,standalone_exact_mw,77d802c74222c3324b7f1323f7447c6411ad27be92307b6127e53af575faadca,"{""distance"":5,""physical_error_rate"":0.001}","{""detection_events"":924,""detectors_checked"":229376}"
      2432,        50,         0,    8.54,standalone_exact_mw,3fbf3739b73dda61f0188bb1f99eaf1ad6be14fe6ea44c0ac8d6c5ad12090cf3,"{""distance"":5,""physical_error_rate"":0.02}","{""detection_events"":40511,""detectors_checked"":544768,""obs_mistake_mask=E"":50}"
      2048,         0,         0,   0.133,standalone_exact_mw,77d802c74222c3324b7f1323f7447c6411ad27be92307b6127e53af575faadca,"{""distance"":5,""physical_error_rate"":0.001}","{""detection_events"":2007,""detectors_checked"":458752}"
    422912,         0,         0,    11.7,standalone_exact_mw,29ae76c7f86edcd2f56343e8109d8463cbc736644db4e57527101e2f1c3606c8,"{""distance"":5,""physical_error_rate"":0.0002}","{""detection_events"":78897,""detectors_checked"":94732288}"
     29696,        12,         0,    8.55,standalone_exact_mw,1a2d9ab41a8a393fdef1a304cd6cd3b39e7654fe1ff27694ddcd7a0d28bf707b,"{""distance"":5,""physical_error_rate"":0.005}","{""detection_events"":134757,""detectors_checked"":6651904,""obs_mistake_mask=E"":12}"
     12288,         0,         0,   0.590,standalone_exact_mw,503ee55b5ad1b1988379a241a0405811522ee4d50b473755532ad1299cb121e2,"{""distance"":5,""physical_error_rate"":0.0005}","{""detection_events"":5615,""detectors_checked"":2752512}"
      2048,         0,         0,   0.138,standalone_exact_mw,77d802c74222c3324b7f1323f7447c6411ad27be92307b6127e53af575faadca,"{""distance"":5,""physical_error_rate"":0.001}","{""detection_events"":1860,""detectors_checked"":458752}"
    136192,         1,         0,    8.38,standalone_exact_mw,77d802c74222c3324b7f1323f7447c6411ad27be92307b6127e53af575faadca,"{""distance"":5,""physical_error_rate"":0.001}","{""detection_events"":126821,""detectors_checked"":30507008,""obs_mistake_mask=E"":1}"
       512,         2,         0,   0.616,standalone_exact_mw,d243a1b0b1308c5af35ad4523cb40bd83c282feda5b2af0b0940517b428d54bb,"{""distance"":5,""physical_error_rate"":0.01}","{""detection_events"":4619,""detectors_checked"":114688,""obs_mistake_mask=E"":2}"
      3072,         0,         0,   0.197,standalone_exact_mw,77d802c74222c3324b7f1323f7447c6411ad27be92307b6127e53af575faadca,"{""distance"":5,""physical_error_rate"":0.001}","{""detection_events"":2744,""detectors_checked"":688128}"
      7680,        24,         0,    8.55,standalone_exact_mw,d243a1b0b1308c5af35ad4523cb40bd83c282feda5b2af0b0940517b428d54bb,"{""distance"":5,""physical_error_rate"":0.01}","{""detection_events"":67405,""detectors_checked"":1720320,""obs_mistake_mask=E"":24}"
    242688,         0,         0,    8.34,standalone_exact_mw,29ae76c7f86edcd2f56343e8109d8463cbc736644db4e57527101e2f1c3606c8,"{""distance"":5,""physical_error_rate"":0.0002}","{""detection_events"":44892,""detectors_checked"":54362112}"
    318464,         0,         0,    8.30,standalone_exact_mw,cc9149276d16e61a5ac322a1d2048afebd34054fe0ed4879b77eb616628c1148,"{""distance"":5,""physical_error_rate"":0.0001}","{""detection_events"":29653,""detectors_checked"":71335936}"
      3072,         0,         0,   0.222,standalone_exact_mw,77d802c74222c3324b7f1323f7447c6411ad27be92307b6127e53af575faadca,"{""distance"":5,""physical_error_rate"":0.001}","{""detection_events"":2916,""detectors_checked"":688128}"
     13312,         0,         0,    1.22,standalone_exact_mw,7bb6e20e48600212890a8c0dbf00c9e78f41358e09b12be0f89e4aae4bc5d684,"{""distance"":5,""physical_error_rate"":0.002}","{""detection_events"":24541,""detectors_checked"":2981888}"
     90112,         0,         0,    2.16,standalone_exact_mw,aea10f45e3589e84a00777b800d38e8a3149bd6cb552c409f3bffd718c1a0abf,"{""distance"":5,""physical_error_rate"":5e-05}","{""detection_events"":4126,""detectors_checked"":20185088}"
      5120,         0,         0,   0.341,standalone_exact_mw,77d802c74222c3324b7f1323f7447c6411ad27be92307b6127e53af575faadca,"{""distance"":5,""physical_error_rate"":0.001}","{""detection_events"":4564,""detectors_checked"":1146880}"
     17408,         0,         0,   0.838,standalone_exact_mw,503ee55b5ad1b1988379a241a0405811522ee4d50b473755532ad1299cb121e2,"{""distance"":5,""physical_error_rate"":0.0005}","{""detection_events"":8034,""detectors_checked"":3899392}"
       512,         1,         0,   0.618,standalone_exact_mw,d243a1b0b1308c5af35ad4523cb40bd83c282feda5b2af0b0940517b428d54bb,"{""distance"":5,""physical_error_rate"":0.01}","{""detection_events"":4585,""detectors_checked"":114688,""obs_mistake_mask=E"":1}"
      2048,        47,         0,    6.72,standalone_exact_mw,3fbf3739b73dda61f0188bb1f99eaf1ad6be14fe6ea44c0ac8d6c5ad12090cf3,"{""distance"":5,""physical_error_rate"":0.02}","{""detection_events"":34572,""detectors_checked"":458752,""obs_mistake_mask=E"":47}"
      4096,         3,         0,    1.34,standalone_exact_mw,1a2d9ab41a8a393fdef1a304cd6cd3b39e7654fe1ff27694ddcd7a0d28bf707b,"{""distance"":5,""physical_error_rate"":0.005}","{""detection_events"":18429,""detectors_checked"":917504,""obs_mistake_mask=E"":3}"
        17,         0,         0,   0.030,standalone_exact_mw,3fbf3739b73dda61f0188bb1f99eaf1ad6be14fe6ea44c0ac8d6c5ad12090cf3,"{""distance"":5,""physical_error_rate"":0.02}","{""detection_events"":256,""detectors_checked"":3808}"
      6144,         0,         0,   0.444,standalone_exact_mw,77d802c74222c3324b7f1323f7447c6411ad27be92307b6127e53af575faadca,"{""distance"":5,""physical_error_rate"":0.001}","{""detection_events"":5752,""detectors_checked"":1376256}"
    668672,         0,         0,    11.6,standalone_exact_mw,aea10f45e3589e84a00777b800d38e8a3149bd6cb552c409f3bffd718c1a0abf,"{""distance"":5,""physical_error_rate"":5e-05}","{""detection_events"":30966,""detectors_checked"":149782528}"
       512,         0,         0,   0.676,standalone_exact_mw,d243a1b0b1308c5af35ad4523cb40bd83c282feda5b2af0b0940517b428d54bb,"{""distance"":5,""physical_error_rate"":0.01}","{""detection_events"":4449,""detectors_checked"":114688}"
      1792,        34,         0,    5.99,standalone_exact_mw,3fbf3739b73dda61f0188bb1f99eaf1ad6be14fe6ea44c0ac8d6c5ad12090cf3,"{""distance"":5,""physical_error_rate"":0.02}","{""detection_events"":30194,""detectors_checked"":401408,""obs_mistake_mask=E"":34}"
       256,         6,         0,   0.623,standalone_exact_mw,3fbf3739b73dda61f0188bb1f99eaf1ad6be14fe6ea44c0ac8d6c5ad12090cf3,"{""distance"":5,""physical_error_rate"":0.02}","{""detection_events"":4214,""detectors_checked"":57344,""obs_mistake_mask=E"":6}"
    211968,         0,         0,    8.33,standalone_exact_mw,29ae76c7f86edcd2f56343e8109d8463cbc736644db4e57527101e2f1c3606c8,"{""distance"":5,""physical_error_rate"":0.0002}","{""detection_events"":39512,""detectors_checked"":47480832}"
      9216,         0,         0,   0.589,standalone_exact_mw,77d802c74222c3324b7f1323f7447c6411ad27be92307b6127e53af575faadca,"{""distance"":5,""physical_error_rate"":0.001}","{""detection_events"":8465,""detectors_checked"":2064384}"
       512,         1,         0,   0.416,standalone_exact_mw,d243a1b0b1308c5af35ad4523cb40bd83c282feda5b2af0b0940517b428d54bb,"{""distance"":5,""physical_error_rate"":0.01}","{""detection_events"":4366,""detectors_checked"":114688,""obs_mistake_mask=E"":1}"
      7680,        23,         0,    8.77,standalone_exact_mw,d243a1b0b1308c5af35ad4523cb40bd83c282feda5b2af0b0940517b428d54bb,"{""distance"":5,""physical_error_rate"":0.01}","{""detection_events"":67681,""detectors_checked"":1720320,""obs_mistake_mask=E"":23}"
     23552,         0,         0,    1.08,standalone_exact_mw,503ee55b5ad1b1988379a241a0405811522ee4d50b473755532ad1299cb121e2,"{""distance"":5,""physical_error_rate"":0.0005}","{""detection_events"":10902,""detectors_checked"":5275648}"
    212992,         3,         0,    11.6,standalone_exact_mw,77d802c74222c3324b7f1323f7447c6411ad27be92307b6127e53af575faadca,"{""distance"":5,""physical_error_rate"":0.001}","{""detection_events"":197209,""detectors_checked"":47710208,""obs_mistake_mask=E"":3}"
     15360,         1,         0,    1.54,standalone_exact_mw,7bb6e20e48600212890a8c0dbf00c9e78f41358e09b12be0f89e4aae4bc5d684,"{""distance"":5,""physical_error_rate"":0.002}","{""detection_events"":28447,""detectors_checked"":3440640,""obs_mistake_mask=E"":1}"
     10240,        30,         0,    8.64,standalone_exact_mw,d243a1b0b1308c5af35ad4523cb40bd83c282feda5b2af0b0940517b428d54bb,"{""distance"":5,""physical_error_rate"":0.01}","{""detection_events"":90197,""detectors_checked"":2293760,""obs_mistake_mask=E"":30}"
       256,         8,         0,   0.529,standalone_exact_mw,3fbf3739b73dda61f0188bb1f99eaf1ad6be14fe6ea44c0ac8d6c5ad12090cf3,"{""distance"":5,""physical_error_rate"":0.02}","{""detection_events"":4185,""detectors_checked"":57344,""obs_mistake_mask=E"":8}"
     81920,         1,         0,    8.46,standalone_exact_mw,7bb6e20e48600212890a8c0dbf00c9e78f41358e09b12be0f89e4aae4bc5d684,"{""distance"":5,""physical_error_rate"":0.002}","{""detection_events"":152595,""detectors_checked"":18350080,""obs_mistake_mask=E"":1}"
    260096,         0,         0,    8.26,standalone_exact_mw,aea10f45e3589e84a00777b800d38e8a3149bd6cb552c409f3bffd718c1a0abf,"{""distance"":5,""physical_error_rate"":5e-05}","{""detection_events"":12263,""detectors_checked"":58261504}"
       512,         3,         0,   0.642,standalone_exact_mw,d243a1b0b1308c5af35ad4523cb40bd83c282feda5b2af0b0940517b428d54bb,"{""distance"":5,""physical_error_rate"":0.01}","{""detection_events"":4644,""detectors_checked"":114688,""obs_mistake_mask=E"":3}"
     88064,         0,         0,    3.07,standalone_exact_mw,cc9149276d16e61a5ac322a1d2048afebd34054fe0ed4879b77eb616628c1148,"{""distance"":5,""physical_error_rate"":0.0001}","{""detection_events"":8158,""detectors_checked"":19726336}"
     11264,         0,         0,   0.797,standalone_exact_mw,77d802c74222c3324b7f1323f7447c6411ad27be92307b6127e53af575faadca,"{""distance"":5,""physical_error_rate"":0.001}","{""detection_events"":10445,""detectors_checked"":2523136}"
      5120,         3,         0,    1.74,standalone_exact_mw,1a2d9ab41a8a393fdef1a304cd6cd3b39e7654fe1ff27694ddcd7a0d28bf707b,"{""distance"":5,""physical_error_rate"":0.005}","{""detection_events"":23014,""detectors_checked"":1146880,""obs_mistake_mask=E"":3}"
     76800,         0,         0,    3.05,standalone_exact_mw,29ae76c7f86edcd2f56343e8109d8463cbc736644db4e57527101e2f1c3606c8,"{""distance"":5,""physical_error_rate"":0.0002}","{""detection_events"":14157,""detectors_checked"":17203200}"
      5120,        17,         0,    6.14,standalone_exact_mw,d243a1b0b1308c5af35ad4523cb40bd83c282feda5b2af0b0940517b428d54bb,"{""distance"":5,""physical_error_rate"":0.01}","{""detection_events"":45217,""detectors_checked"":1146880,""obs_mistake_mask=E"":17}"
       256,         7,         0,   0.555,standalone_exact_mw,3fbf3739b73dda61f0188bb1f99eaf1ad6be14fe6ea44c0ac8d6c5ad12090cf3,"{""distance"":5,""physical_error_rate"":0.02}","{""detection_events"":4302,""detectors_checked"":57344,""obs_mistake_mask=E"":7}"
      2048,        39,         0,    8.97,standalone_exact_mw,3fbf3739b73dda61f0188bb1f99eaf1ad6be14fe6ea44c0ac8d6c5ad12090cf3,"{""distance"":5,""physical_error_rate"":0.02}","{""detection_events"":34683,""detectors_checked"":458752,""obs_mistake_mask=E"":39}"
    384000,         0,         0,    11.7,standalone_exact_mw,cc9149276d16e61a5ac322a1d2048afebd34054fe0ed4879b77eb616628c1148,"{""distance"":5,""physical_error_rate"":0.0001}","{""detection_events"":35657,""detectors_checked"":86016000}"
     10752,        25,         0,    9.42,standalone_exact_mw,d243a1b0b1308c5af35ad4523cb40bd83c282feda5b2af0b0940517b428d54bb,"{""distance"":5,""physical_error_rate"":0.01}","{""detection_events"":94997,""detectors_checked"":2408448,""obs_mistake_mask=E"":25}"
       256,         7,         0,   0.577,standalone_exact_mw,3fbf3739b73dda61f0188bb1f99eaf1ad6be14fe6ea44c0ac8d6c5ad12090cf3,"{""distance"":5,""physical_error_rate"":0.02}","{""detection_events"":4366,""detectors_checked"":57344,""obs_mistake_mask=E"":7}"
     31744,         0,         0,    1.56,standalone_exact_mw,503ee55b5ad1b1988379a241a0405811522ee4d50b473755532ad1299cb121e2,"{""distance"":5,""physical_error_rate"":0.0005}","{""detection_events"":14663,""detectors_checked"":7110656}"
    118784,         0,         0,    8.41,standalone_exact_mw,77d802c74222c3324b7f1323f7447c6411ad27be92307b6127e53af575faadca,"{""distance"":5,""physical_error_rate"":0.001}","{""detection_events"":110219,""detectors_checked"":26607616}"
      1024,         2,         0,    1.12,standalone_exact_mw,d243a1b0b1308c5af35ad4523cb40bd83c282feda5b2af0b0940517b428d54bb,"{""distance"":5,""physical_error_rate"":0.01}","{""detection_events"":9005,""detectors_checked"":229376,""obs_mistake_mask=E"":2}"
    107520,         0,         0,    3.04,standalone_exact_mw,aea10f45e3589e84a00777b800d38e8a3149bd6cb552c409f3bffd718c1a0abf,"{""distance"":5,""physical_error_rate"":5e-05}","{""detection_events"":5253,""detectors_checked"":24084480}"
     17408,         0,         0,    1.15,standalone_exact_mw,77d802c74222c3324b7f1323f7447c6411ad27be92307b6127e53af575faadca,"{""distance"":5,""physical_error_rate"":0.001}","{""detection_events"":16142,""detectors_checked"":3899392}"
       256,         6,         0,   0.597,standalone_exact_mw,3fbf3739b73dda61f0188bb1f99eaf1ad6be14fe6ea44c0ac8d6c5ad12090cf3,"{""distance"":5,""physical_error_rate"":0.02}","{""detection_events"":4478,""detectors_checked"":57344,""obs_mistake_mask=E"":6}"
     22528,         1,         0,    2.25,standalone_exact_mw,7bb6e20e48600212890a8c0dbf00c9e78f41358e09b12be0f89e4aae4bc5d684,"{""distance"":5,""physical_error_rate"":0.002}","{""detection_events"":41257,""detectors_checked"":5046272,""obs_mistake_mask=E"":1}"
       256,         4,         0,   0.491,standalone_exact_mw,3fbf3739b73dda61f0188bb1f99eaf1ad6be14fe6ea44c0ac8d6c5ad12090cf3,"{""distance"":5,""physical_error_rate"":0.02}","{""detection_events"":4421,""detectors_checked"":57344,""obs_mistake_mask=E"":4}"
        17,         0,         0,   0.038,standalone_exact_mw,3fbf3739b73dda61f0188bb1f99eaf1ad6be14fe6ea44c0ac8d6c5ad12090cf3,"{""distance"":5,""physical_error_rate"":0.02}","{""detection_events"":308,""detectors_checked"":3808}"
     45056,        27,         0,    11.7,standalone_exact_mw,1a2d9ab41a8a393fdef1a304cd6cd3b39e7654fe1ff27694ddcd7a0d28bf707b,"{""distance"":5,""physical_error_rate"":0.005}","{""detection_events"":205130,""detectors_checked"":10092544,""obs_mistake_mask=E"":27}"
    119808,         4,         0,    11.8,standalone_exact_mw,7bb6e20e48600212890a8c0dbf00c9e78f41358e09b12be0f89e4aae4bc5d684,"{""distance"":5,""physical_error_rate"":0.002}","{""detection_events"":221538,""detectors_checked"":26836992,""obs_mistake_mask=E"":4}"
       273,         0,         0,   0.016,standalone_exact_mw,cc9149276d16e61a5ac322a1d2048afebd34054fe0ed4879b77eb616628c1148,"{""distance"":5,""physical_error_rate"":0.0001}","{""detection_events"":36,""detectors_checked"":61152}"
      1024,         0,         0,   0.027,standalone_exact_mw,cc9149276d16e61a5ac322a1d2048afebd34054fe0ed4879b77eb616628c1148,"{""distance"":5,""physical_error_rate"":0.0001}","{""detection_events"":122,""detectors_checked"":229376}"
      1024,         0,         0,   0.027,standalone_exact_mw,cc9149276d16e61a5ac322a1d2048afebd34054fe0ed4879b77eb616628c1148,"{""distance"":5,""physical_error_rate"":0.0001}","{""detection_events"":89,""detectors_checked"":229376}"
      2048,         0,         0,   0.053,standalone_exact_mw,cc9149276d16e61a5ac322a1d2048afebd34054fe0ed4879b77eb616628c1148,"{""distance"":5,""physical_error_rate"":0.0001}","{""detection_events"":175,""detectors_checked"":458752}"
      1024,         3,         0,    1.29,standalone_exact_mw,d243a1b0b1308c5af35ad4523cb40bd83c282feda5b2af0b0940517b428d54bb,"{""distance"":5,""physical_error_rate"":0.01}","{""detection_events"":8958,""detectors_checked"":229376,""obs_mistake_mask=E"":3}"
      2048,         0,         0,   0.036,standalone_exact_mw,cc9149276d16e61a5ac322a1d2048afebd34054fe0ed4879b77eb616628c1148,"{""distance"":5,""physical_error_rate"":0.0001}","{""detection_events"":195,""detectors_checked"":458752}"
       256,         1,         0,   0.489,standalone_exact_mw,3fbf3739b73dda61f0188bb1f99eaf1ad6be14fe6ea44c0ac8d6c5ad12090cf3,"{""distance"":5,""physical_error_rate"":0.02}","{""detection_events"":4020,""detectors_checked"":57344,""obs_mistake_mask=E"":1}"
      3072,         0,         0,   0.062,standalone_exact_mw,cc9149276d16e61a5ac322a1d2048afebd34054fe0ed4879b77eb616628c1148,"{""distance"":5,""physical_error_rate"":0.0001}","{""detection_events"":297,""detectors_checked"":688128}"
      3072,         0,         0,   0.099,standalone_exact_mw,cc9149276d16e61a5ac322a1d2048afebd34054fe0ed4879b77eb616628c1148,"{""distance"":5,""physical_error_rate"":0.0001}","{""detection_events"":319,""detectors_checked"":688128}"
      7168,         1,         0,    2.49,standalone_exact_mw,1a2d9ab41a8a393fdef1a304cd6cd3b39e7654fe1ff27694ddcd7a0d28bf707b,"{""distance"":5,""physical_error_rate"":0.005}","{""detection_events"":33047,""detectors_checked"":1605632,""obs_mistake_mask=E"":1}"
      5120,         0,         0,   0.115,standalone_exact_mw,cc9149276d16e61a5ac322a1d2048afebd34054fe0ed4879b77eb616628c1148,"{""distance"":5,""physical_error_rate"":0.0001}","{""detection_events"":380,""detectors_checked"":1146880}"
     23552,         1,         0,    1.60,standalone_exact_mw,77d802c74222c3324b7f1323f7447c6411ad27be92307b6127e53af575faadca,"{""distance"":5,""physical_error_rate"":0.001}","{""detection_events"":21193,""detectors_checked"":5275648,""obs_mistake_mask=E"":1}"
    385024,         0,         0,    11.6,standalone_exact_mw,cc9149276d16e61a5ac322a1d2048afebd34054fe0ed4879b77eb616628c1148,"{""distance"":5,""physical_error_rate"":0.0001}","{""detection_events"":36027,""detectors_checked"":86245376}"
    402432,         0,         0,    11.6,standalone_exact_mw,cc9149276d16e61a5ac322a1d2048afebd34054fe0ed4879b77eb616628c1148,"{""distance"":5,""physical_error_rate"":0.0001}","{""detection_events"":37464,""detectors_checked"":90144768}"
      5120,         0,         0,   0.153,standalone_exact_mw,cc9149276d16e61a5ac322a1d2048afebd34054fe0ed4879b77eb616628c1148,"{""distance"":5,""physical_error_rate"":0.0001}","{""detection_events"":464,""detectors_checked"":1146880}"
       256,         4,         0,   0.484,standalone_exact_mw,3fbf3739b73dda61f0188bb1f99eaf1ad6be14fe6ea44c0ac8d6c5ad12090cf3,"{""distance"":5,""physical_error_rate"":0.02}","{""detection_events"":4422,""detectors_checked"":57344,""obs_mistake_mask=E"":4}"
    376832,         0,         0,    11.6,standalone_exact_mw,29ae76c7f86edcd2f56343e8109d8463cbc736644db4e57527101e2f1c3606c8,"{""distance"":5,""physical_error_rate"":0.0002}","{""detection_events"":70271,""detectors_checked"":84410368}"
       256,         6,         0,    1.09,standalone_exact_mw,3fbf3739b73dda61f0188bb1f99eaf1ad6be14fe6ea44c0ac8d6c5ad12090cf3,"{""distance"":5,""physical_error_rate"":0.02}","{""detection_events"":4276,""detectors_checked"":57344,""obs_mistake_mask=E"":6}"
      8192,         0,         0,   0.213,standalone_exact_mw,cc9149276d16e61a5ac322a1d2048afebd34054fe0ed4879b77eb616628c1148,"{""distance"":5,""physical_error_rate"":0.0001}","{""detection_events"":727,""detectors_checked"":1835008}"
     45056,         0,         0,    2.16,standalone_exact_mw,503ee55b5ad1b1988379a241a0405811522ee4d50b473755532ad1299cb121e2,"{""distance"":5,""physical_error_rate"":0.0005}","{""detection_events"":20911,""detectors_checked"":10092544}"
    419840,         0,         0,    11.7,standalone_exact_mw,cc9149276d16e61a5ac322a1d2048afebd34054fe0ed4879b77eb616628c1148,"{""distance"":5,""physical_error_rate"":0.0001}","{""detection_events"":39068,""detectors_checked"":94044160}"
      1297,         0,         0,   0.013,standalone_exact_mw,29ae76c7f86edcd2f56343e8109d8463cbc736644db4e57527101e2f1c3606c8,"{""distance"":5,""physical_error_rate"":0.0002}","{""detection_events"":226,""detectors_checked"":290528}"
      1024,         0,         0,   0.028,standalone_exact_mw,29ae76c7f86edcd2f56343e8109d8463cbc736644db4e57527101e2f1c3606c8,"{""distance"":5,""physical_error_rate"":0.0002}","{""detection_events"":179,""detectors_checked"":229376}"
      1024,         0,         0,   0.028,standalone_exact_mw,29ae76c7f86edcd2f56343e8109d8463cbc736644db4e57527101e2f1c3606c8,"{""distance"":5,""physical_error_rate"":0.0002}","{""detection_events"":201,""detectors_checked"":229376}"
      9216,         0,         0,   0.304,standalone_exact_mw,cc9149276d16e61a5ac322a1d2048afebd34054fe0ed4879b77eb616628c1148,"{""distance"":5,""physical_error_rate"":0.0001}","{""detection_events"":875,""detectors_checked"":2064384}"
    233472,         0,         0,    11.6,standalone_exact_mw,503ee55b5ad1b1988379a241a0405811522ee4d50b473755532ad1299cb121e2,"{""distance"":5,""physical_error_rate"":0.0005}","{""detection_events"":109808,""detectors_checked"":52297728}"
      1024,         0,         0,   0.028,standalone_exact_mw,29ae76c7f86edcd2f56343e8109d8463cbc736644db4e57527101e2f1c3606c8,"{""distance"":5,""physical_error_rate"":0.0002}","{""detection_events"":188,""detectors_checked"":229376}"
    260096,         1,         0,    11.7,standalone_exact_mw,503ee55b5ad1b1988379a241a0405811522ee4d50b473755532ad1299cb121e2,"{""distance"":5,""physical_error_rate"":0.0005}","{""detection_events"":120932,""detectors_checked"":58261504,""obs_mistake_mask=E"":1}"
    211968,         0,         0,    8.35,standalone_exact_mw,29ae76c7f86edcd2f56343e8109d8463cbc736644db4e57527101e2f1c3606c8,"{""distance"":5,""physical_error_rate"":0.0002}","{""detection_events"":39112,""detectors_checked"":47480832}"
      2048,         0,         0,   0.038,standalone_exact_mw,29ae76c7f86edcd2f56343e8109d8463cbc736644db4e57527101e2f1c3606c8,"{""distance"":5,""physical_error_rate"":0.0002}","{""detection_events"":447,""detectors_checked"":458752}"
       256,         7,         0,   0.527,standalone_exact_mw,3fbf3739b73dda61f0188bb1f99eaf1ad6be14fe6ea44c0ac8d6c5ad12090cf3,"{""distance"":5,""physical_error_rate"":0.02}","{""detection_events"":4350,""detectors_checked"":57344,""obs_mistake_mask=E"":7}"
      1024,         0,         0,   0.073,standalone_exact_mw,29ae76c7f86edcd2f56343e8109d8463cbc736644db4e57527101e2f1c3606c8,"{""distance"":5,""physical_error_rate"":0.0002}","{""detection_events"":171,""detectors_checked"":229376}"
      2048,         0,         0,   0.076,standalone_exact_mw,29ae76c7f86edcd2f56343e8109d8463cbc736644db4e57527101e2f1c3606c8,"{""distance"":5,""physical_error_rate"":0.0002}","{""detection_events"":341,""detectors_checked"":458752}"
    359424,         0,         0,    11.6,standalone_exact_mw,aea10f45e3589e84a00777b800d38e8a3149bd6cb552c409f3bffd718c1a0abf,"{""distance"":5,""physical_error_rate"":5e-05}","{""detection_events"":16949,""detectors_checked"":80510976}"
      3072,         0,         0,   0.114,standalone_exact_mw,29ae76c7f86edcd2f56343e8109d8463cbc736644db4e57527101e2f1c3606c8,"{""distance"":5,""physical_error_rate"":0.0002}","{""detection_events"":549,""detectors_checked"":688128}"
    251904,         0,         0,    11.7,standalone_exact_mw,503ee55b5ad1b1988379a241a0405811522ee4d50b473755532ad1299cb121e2,"{""distance"":5,""physical_error_rate"":0.0005}","{""detection_events"":116028,""detectors_checked"":56426496}"
     18432,         0,         0,   0.404,standalone_exact_mw,cc9149276d16e61a5ac322a1d2048afebd34054fe0ed4879b77eb616628c1148,"{""distance"":5,""physical_error_rate"":0.0001}","{""detection_events"":1724,""detectors_checked"":4128768}"
      4096,         0,         0,   0.166,standalone_exact_mw,29ae76c7f86edcd2f56343e8109d8463cbc736644db4e57527101e2f1c3606c8,"{""distance"":5,""physical_error_rate"":0.0002}","{""detection_events"":765,""detectors_checked"":917504}"
       256,         5,         0,   0.532,standalone_exact_mw,3fbf3739b73dda61f0188bb1f99eaf1ad6be14fe6ea44c0ac8d6c5ad12090cf3,"{""distance"":5,""physical_error_rate"":0.02}","{""detection_events"":4221,""detectors_checked"":57344,""obs_mistake_mask=E"":5}"
      1536,         6,         0,    1.66,standalone_exact_mw,d243a1b0b1308c5af35ad4523cb40bd83c282feda5b2af0b0940517b428d54bb,"{""distance"":5,""physical_error_rate"":0.01}","{""detection_events"":13585,""detectors_checked"":344064,""obs_mistake_mask=E"":6}"
    354304,         0,         0,    11.6,standalone_exact_mw,aea10f45e3589e84a00777b800d38e8a3149bd6cb552c409f3bffd718c1a0abf,"{""distance"":5,""physical_error_rate"":5e-05}","{""detection_events"":16840,""detectors_checked"":79364096}"
       256,         8,         0,    1.03,standalone_exact_mw,3fbf3739b73dda61f0188bb1f99eaf1ad6be14fe6ea44c0ac8d6c5ad12090cf3,"{""distance"":5,""physical_error_rate"":0.02}","{""detection_events"":4207,""detectors_checked"":57344,""obs_mistake_mask=E"":8}"
      6144,         0,         0,   0.236,standalone_exact_mw,29ae76c7f86edcd2f56343e8109d8463cbc736644db4e57527101e2f1c3606c8,"{""distance"":5,""physical_error_rate"":0.0002}","{""detection_events"":1184,""detectors_checked"":1376256}"
    124928,         1,         0,    11.7,standalone_exact_mw,7bb6e20e48600212890a8c0dbf00c9e78f41358e09b12be0f89e4aae4bc5d684,"{""distance"":5,""physical_error_rate"":0.002}","{""detection_events"":229778,""detectors_checked"":27983872,""obs_mistake_mask=E"":1}"
    123904,         0,         0,    4.26,standalone_exact_mw,cc9149276d16e61a5ac322a1d2048afebd34054fe0ed4879b77eb616628c1148,"{""distance"":5,""physical_error_rate"":0.0001}","{""detection_events"":11575,""detectors_checked"":27754496}"
     19456,         0,         0,   0.557,standalone_exact_mw,cc9149276d16e61a5ac322a1d2048afebd34054fe0ed4879b77eb616628c1148,"{""distance"":5,""physical_error_rate"":0.0001}","{""detection_events"":1765,""detectors_checked"":4358144}"
    382976,         0,         0,    11.5,standalone_exact_mw,aea10f45e3589e84a00777b800d38e8a3149bd6cb552c409f3bffd718c1a0abf,"{""distance"":5,""physical_error_rate"":5e-05}","{""detection_events"":17379,""detectors_checked"":85786624}"
      8192,         0,         0,   0.302,standalone_exact_mw,29ae76c7f86edcd2f56343e8109d8463cbc736644db4e57527101e2f1c3606c8,"{""distance"":5,""physical_error_rate"":0.0002}","{""detection_events"":1509,""detectors_checked"":1835008}"
    107520,         0,         0,    4.22,standalone_exact_mw,29ae76c7f86edcd2f56343e8109d8463cbc736644db4e57527101e2f1c3606c8,"{""distance"":5,""physical_error_rate"":0.0002}","{""detection_events"":20012,""detectors_checked"":24084480}"
       256,         3,         0,   0.564,standalone_exact_mw,3fbf3739b73dda61f0188bb1f99eaf1ad6be14fe6ea44c0ac8d6c5ad12090cf3,"{""distance"":5,""physical_error_rate"":0.02}","{""detection_events"":4451,""detectors_checked"":57344,""obs_mistake_mask=E"":3}"
     36864,        20,         0,    11.7,standalone_exact_mw,1a2d9ab41a8a393fdef1a304cd6cd3b39e7654fe1ff27694ddcd7a0d28bf707b,"{""distance"":5,""physical_error_rate"":0.005}","{""detection_events"":168553,""detectors_checked"":8257536,""obs_mistake_mask=E"":20}"
     10240,         0,         0,   0.420,standalone_exact_mw,29ae76c7f86edcd2f56343e8109d8463cbc736644db4e57527101e2f1c3606c8,"{""distance"":5,""physical_error_rate"":0.0002}","{""detection_events"":2007,""detectors_checked"":2293760}"
      2176,        37,         0,    7.64,standalone_exact_mw,3fbf3739b73dda61f0188bb1f99eaf1ad6be14fe6ea44c0ac8d6c5ad12090cf3,"{""distance"":5,""physical_error_rate"":0.02}","{""detection_events"":36536,""detectors_checked"":487424,""obs_mistake_mask=E"":37}"
      1792,        26,         0,    5.80,standalone_exact_mw,3fbf3739b73dda61f0188bb1f99eaf1ad6be14fe6ea44c0ac8d6c5ad12090cf3,"{""distance"":5,""physical_error_rate"":0.02}","{""detection_events"":29716,""detectors_checked"":401408,""obs_mistake_mask=E"":26}"
     28672,         1,         0,    3.04,standalone_exact_mw,7bb6e20e48600212890a8c0dbf00c9e78f41358e09b12be0f89e4aae4bc5d684,"{""distance"":5,""physical_error_rate"":0.002}","{""detection_events"":52988,""detectors_checked"":6422528,""obs_mistake_mask=E"":1}"
      1024,        25,         0,    4.56,standalone_exact_mw,3fbf3739b73dda61f0188bb1f99eaf1ad6be14fe6ea44c0ac8d6c5ad12090cf3,"{""distance"":5,""physical_error_rate"":0.02}","{""detection_events"":17118,""detectors_checked"":229376,""obs_mistake_mask=E"":25}"
     32768,         0,         0,    2.19,standalone_exact_mw,77d802c74222c3324b7f1323f7447c6411ad27be92307b6127e53af575faadca,"{""distance"":5,""physical_error_rate"":0.001}","{""detection_events"":30157,""detectors_checked"":7340032}"
     23552,         0,         0,   0.815,standalone_exact_mw,cc9149276d16e61a5ac322a1d2048afebd34054fe0ed4879b77eb616628c1148,"{""distance"":5,""physical_error_rate"":0.0001}","{""detection_events"":2082,""detectors_checked"":5275648}"
      2048,        39,         0,    8.61,standalone_exact_mw,3fbf3739b73dda61f0188bb1f99eaf1ad6be14fe6ea44c0ac8d6c5ad12090cf3,"{""distance"":5,""physical_error_rate"":0.02}","{""detection_events"":33886,""detectors_checked"":458752,""obs_mistake_mask=E"":39}"
       256,         2,         0,    1.21,standalone_exact_mw,3fbf3739b73dda61f0188bb1f99eaf1ad6be14fe6ea44c0ac8d6c5ad12090cf3,"{""distance"":5,""physical_error_rate"":0.02}","{""detection_events"":4375,""detectors_checked"":57344,""obs_mistake_mask=E"":2}"
     18432,         0,         0,   0.566,standalone_exact_mw,29ae76c7f86edcd2f56343e8109d8463cbc736644db4e57527101e2f1c3606c8,"{""distance"":5,""physical_error_rate"":0.0002}","{""detection_events"":3393,""detectors_checked"":4128768}"
    132096,         0,         0,    4.25,standalone_exact_mw,aea10f45e3589e84a00777b800d38e8a3149bd6cb552c409f3bffd718c1a0abf,"{""distance"":5,""physical_error_rate"":5e-05}","{""detection_events"":6155,""detectors_checked"":29589504}"
    107520,         2,         0,    11.7,standalone_exact_mw,7bb6e20e48600212890a8c0dbf00c9e78f41358e09b12be0f89e4aae4bc5d684,"{""distance"":5,""physical_error_rate"":0.002}","{""detection_events"":197932,""detectors_checked"":24084480,""obs_mistake_mask=E"":2}"
      1792,        38,         0,    7.32,standalone_exact_mw,3fbf3739b73dda61f0188bb1f99eaf1ad6be14fe6ea44c0ac8d6c5ad12090cf3,"{""distance"":5,""physical_error_rate"":0.02}","{""detection_events"":30066,""detectors_checked"":401408,""obs_mistake_mask=E"":38}"
      9216,         7,         0,    3.11,standalone_exact_mw,1a2d9ab41a8a393fdef1a304cd6cd3b39e7654fe1ff27694ddcd7a0d28bf707b,"{""distance"":5,""physical_error_rate"":0.005}","{""detection_events"":41640,""detectors_checked"":2064384,""obs_mistake_mask=E"":7}"
       273,         0,         0,   0.018,standalone_exact_mw,aea10f45e3589e84a00777b800d38e8a3149bd6cb552c409f3bffd718c1a0abf,"{""distance"":5,""physical_error_rate"":5e-05}","{""detection_events"":33,""detectors_checked"":61152}"
      1024,         0,         0,   0.034,standalone_exact_mw,aea10f45e3589e84a00777b800d38e8a3149bd6cb552c409f3bffd718c1a0abf,"{""distance"":5,""physical_error_rate"":5e-05}","{""detection_events"":31,""detectors_checked"":229376}"
      1024,         0,         0,   0.029,standalone_exact_mw,aea10f45e3589e84a00777b800d38e8a3149bd6cb552c409f3bffd718c1a0abf,"{""distance"":5,""physical_error_rate"":5e-05}","{""detection_events"":37,""detectors_checked"":229376}"
     65536,         0,         0,    3.01,standalone_exact_mw,503ee55b5ad1b1988379a241a0405811522ee4d50b473755532ad1299cb121e2,"{""distance"":5,""physical_error_rate"":0.0005}","{""detection_events"":29976,""detectors_checked"":14680064}"
      1024,         0,         0,   0.022,standalone_exact_mw,aea10f45e3589e84a00777b800d38e8a3149bd6cb552c409f3bffd718c1a0abf,"{""distance"":5,""physical_error_rate"":5e-05}","{""detection_events"":38,""detectors_checked"":229376}"
     19456,         0,         0,   0.722,standalone_exact_mw,29ae76c7f86edcd2f56343e8109d8463cbc736644db4e57527101e2f1c3606c8,"{""distance"":5,""physical_error_rate"":0.0002}","{""detection_events"":3486,""detectors_checked"":4358144}"
      1024,         0,         0,   0.029,standalone_exact_mw,aea10f45e3589e84a00777b800d38e8a3149bd6cb552c409f3bffd718c1a0abf,"{""distance"":5,""physical_error_rate"":5e-05}","{""detection_events"":29,""detectors_checked"":229376}"
      2048,         0,         0,   0.059,standalone_exact_mw,aea10f45e3589e84a00777b800d38e8a3149bd6cb552c409f3bffd718c1a0abf,"{""distance"":5,""physical_error_rate"":5e-05}","{""detection_events"":94,""detectors_checked"":458752}"
     31744,         0,         0,    1.07,standalone_exact_mw,cc9149276d16e61a5ac322a1d2048afebd34054fe0ed4879b77eb616628c1148,"{""distance"":5,""physical_error_rate"":0.0001}","{""detection_events"":3036,""detectors_checked"":7110656}"
      2048,         0,         0,   0.080,standalone_exact_mw,aea10f45e3589e84a00777b800d38e8a3149bd6cb552c409f3bffd718c1a0abf,"{""distance"":5,""physical_error_rate"":5e-05}","{""detection_events"":78,""detectors_checked"":458752}"
     33792,        14,         0,    11.7,standalone_exact_mw,1a2d9ab41a8a393fdef1a304cd6cd3b39e7654fe1ff27694ddcd7a0d28bf707b,"{""distance"":5,""physical_error_rate"":0.005}","{""detection_events"":152962,""detectors_checked"":7569408,""obs_mistake_mask=E"":14}"
      4096,         0,         0,   0.118,standalone_exact_mw,aea10f45e3589e84a00777b800d38e8a3149bd6cb552c409f3bffd718c1a0abf,"{""distance"":5,""physical_error_rate"":5e-05}","{""detection_events"":216,""detectors_checked"":917504}"
      2560,         4,         0,    2.47,standalone_exact_mw,d243a1b0b1308c5af35ad4523cb40bd83c282feda5b2af0b0940517b428d54bb,"{""distance"":5,""physical_error_rate"":0.01}","{""detection_events"":22266,""detectors_checked"":573440,""obs_mistake_mask=E"":4}"
    167936,         0,         0,    11.6,standalone_exact_mw,77d802c74222c3324b7f1323f7447c6411ad27be92307b6127e53af575faadca,"{""distance"":5,""physical_error_rate"":0.001}","{""detection_events"":156374,""detectors_checked"":37617664}"
      5120,         0,         0,   0.189,standalone_exact_mw,aea10f45e3589e84a00777b800d38e8a3149bd6cb552c409f3bffd718c1a0abf,"{""distance"":5,""physical_error_rate"":5e-05}","{""detection_events"":258,""detectors_checked"":1146880}"
      7168,         0,         0,   0.228,standalone_exact_mw,aea10f45e3589e84a00777b800d38e8a3149bd6cb552c409f3bffd718c1a0abf,"{""distance"":5,""physical_error_rate"":5e-05}","{""detection_events"":328,""detectors_checked"":1605632}"
     39936,        17,         0,    12.0,standalone_exact_mw,1a2d9ab41a8a393fdef1a304cd6cd3b39e7654fe1ff27694ddcd7a0d28bf707b,"{""distance"":5,""physical_error_rate"":0.005}","{""detection_events"":181502,""detectors_checked"":8945664,""obs_mistake_mask=E"":17}"
      9216,         0,         0,   0.315,standalone_exact_mw,aea10f45e3589e84a00777b800d38e8a3149bd6cb552c409f3bffd718c1a0abf,"{""distance"":5,""physical_error_rate"":5e-05}","{""detection_events"":463,""detectors_checked"":2064384}"
     22528,         0,         0,    1.12,standalone_exact_mw,29ae76c7f86edcd2f56343e8109d8463cbc736644db4e57527101e2f1c3606c8,"{""distance"":5,""physical_error_rate"":0.0002}","{""detection_events"":4209,""detectors_checked"":5046272}"
     12288,         0,         0,   0.412,standalone_exact_mw,aea10f45e3589e84a00777b800d38e8a3149bd6cb552c409f3bffd718c1a0abf,"{""distance"":5,""physical_error_rate"":5e-05}","{""detection_events"":568,""detectors_checked"":2752512}"
    171008,         0,         0,    11.7,standalone_exact_mw,77d802c74222c3324b7f1323f7447c6411ad27be92307b6127e53af575faadca,"{""distance"":5,""physical_error_rate"":0.001}","{""detection_events"":158085,""detectors_checked"":38305792}"
     54272,         0,         0,    1.56,standalone_exact_mw,cc9149276d16e61a5ac322a1d2048afebd34054fe0ed4879b77eb616628c1148,"{""distance"":5,""physical_error_rate"":0.0001}","{""detection_events"":4950,""detectors_checked"":12156928}"
     45056,         0,         0,    3.06,standalone_exact_mw,77d802c74222c3324b7f1323f7447c6411ad27be92307b6127e53af575faadca,"{""distance"":5,""physical_error_rate"":0.001}","{""detection_events"":41200,""detectors_checked"":10092544}"
     17408,         0,         0,   0.570,standalone_exact_mw,aea10f45e3589e84a00777b800d38e8a3149bd6cb552c409f3bffd718c1a0abf,"{""distance"":5,""physical_error_rate"":5e-05}","{""detection_events"":808,""detectors_checked"":3899392}"
    112640,         5,         0,    11.7,standalone_exact_mw,7bb6e20e48600212890a8c0dbf00c9e78f41358e09b12be0f89e4aae4bc5d684,"{""distance"":5,""physical_error_rate"":0.002}","{""detection_events"":207172,""detectors_checked"":25231360,""obs_mistake_mask=E"":5}"
    625664,         0,         0,    16.3,standalone_exact_mw,503ee55b5ad1b1988379a241a0405811522ee4d50b473755532ad1299cb121e2,"{""distance"":5,""physical_error_rate"":0.0005}","{""detection_events"":291355,""detectors_checked"":140148736}"
    309248,         0,         0,    11.7,standalone_exact_mw,503ee55b5ad1b1988379a241a0405811522ee4d50b473755532ad1299cb121e2,"{""distance"":5,""physical_error_rate"":0.0005}","{""detection_events"":144158,""detectors_checked"":69271552}"
      7680,        17,         0,    8.47,standalone_exact_mw,d243a1b0b1308c5af35ad4523cb40bd83c282feda5b2af0b0940517b428d54bb,"{""distance"":5,""physical_error_rate"":0.01}","{""detection_events"":68215,""detectors_checked"":1720320,""obs_mistake_mask=E"":17}"
     25600,         0,         0,    1.61,standalone_exact_mw,29ae76c7f86edcd2f56343e8109d8463cbc736644db4e57527101e2f1c3606c8,"{""distance"":5,""physical_error_rate"":0.0002}","{""detection_events"":4704,""detectors_checked"":5734400}"
     24576,         0,         0,   0.833,standalone_exact_mw,aea10f45e3589e84a00777b800d38e8a3149bd6cb552c409f3bffd718c1a0abf,"{""distance"":5,""physical_error_rate"":5e-05}","{""detection_events"":1157,""detectors_checked"":5505024}"
     43008,        17,         0,    11.8,standalone_exact_mw,1a2d9ab41a8a393fdef1a304cd6cd3b39e7654fe1ff27694ddcd7a0d28bf707b,"{""distance"":5,""physical_error_rate"":0.005}","{""detection_events"":195443,""detectors_checked"":9633792,""obs_mistake_mask=E"":17}"
     52224,         1,         0,    4.27,standalone_exact_mw,7bb6e20e48600212890a8c0dbf00c9e78f41358e09b12be0f89e4aae4bc5d684,"{""distance"":5,""physical_error_rate"":0.002}","{""detection_events"":97125,""detectors_checked"":11698176,""obs_mistake_mask=E"":1}"
    169984,         0,         0,    11.7,standalone_exact_mw,77d802c74222c3324b7f1323f7447c6411ad27be92307b6127e53af575faadca,"{""distance"":5,""physical_error_rate"":0.001}","{""detection_events"":156998,""detectors_checked"":38076416}"
    285696,         0,         0,    11.7,standalone_exact_mw,cc9149276d16e61a5ac322a1d2048afebd34054fe0ed4879b77eb616628c1148,"{""distance"":5,""physical_error_rate"":0.0001}","{""detection_events"":26987,""detectors_checked"":63995904}"
    318464,         0,         0,    11.7,standalone_exact_mw,29ae76c7f86edcd2f56343e8109d8463cbc736644db4e57527101e2f1c3606c8,"{""distance"":5,""physical_error_rate"":0.0002}","{""detection_events"":58858,""detectors_checked"":71335936}"
      2560,        11,         0,    3.11,standalone_exact_mw,d243a1b0b1308c5af35ad4523cb40bd83c282feda5b2af0b0940517b428d54bb,"{""distance"":5,""physical_error_rate"":0.01}","{""detection_events"":22569,""detectors_checked"":573440,""obs_mistake_mask=E"":11}"
     10240,        31,         0,    12.0,standalone_exact_mw,d243a1b0b1308c5af35ad4523cb40bd83c282feda5b2af0b0940517b428d54bb,"{""distance"":5,""physical_error_rate"":0.01}","{""detection_events"":90018,""detectors_checked"":2293760,""obs_mistake_mask=E"":31}"
     64512,         0,         0,    2.18,standalone_exact_mw,cc9149276d16e61a5ac322a1d2048afebd34054fe0ed4879b77eb616628c1148,"{""distance"":5,""physical_error_rate"":0.0001}","{""detection_events"":6051,""detectors_checked"":14450688}"
     33792,         0,         0,    1.12,standalone_exact_mw,aea10f45e3589e84a00777b800d38e8a3149bd6cb552c409f3bffd718c1a0abf,"{""distance"":5,""physical_error_rate"":5e-05}","{""detection_events"":1600,""detectors_checked"":7569408}"
     16384,         7,         0,    4.39,standalone_exact_mw,1a2d9ab41a8a393fdef1a304cd6cd3b39e7654fe1ff27694ddcd7a0d28bf707b,"{""distance"":5,""physical_error_rate"":0.005}","{""detection_events"":74385,""detectors_checked"":3670016,""obs_mistake_mask=E"":7}"
    173056,         0,         0,    5.90,standalone_exact_mw,cc9149276d16e61a5ac322a1d2048afebd34054fe0ed4879b77eb616628c1148,"{""distance"":5,""physical_error_rate"":0.0001}","{""detection_events"":15775,""detectors_checked"":38764544}"
    114688,         0,         0,    4.25,standalone_exact_mw,503ee55b5ad1b1988379a241a0405811522ee4d50b473755532ad1299cb121e2,"{""distance"":5,""physical_error_rate"":0.0005}","{""detection_events"":53660,""detectors_checked"":25690112}"
    152576,         0,         0,    5.84,standalone_exact_mw,29ae76c7f86edcd2f56343e8109d8463cbc736644db4e57527101e2f1c3606c8,"{""distance"":5,""physical_error_rate"":0.0002}","{""detection_events"":28842,""detectors_checked"":34177024}"
    491520,         0,         0,    11.6,standalone_exact_mw,29ae76c7f86edcd2f56343e8109d8463cbc736644db4e57527101e2f1c3606c8,"{""distance"":5,""physical_error_rate"":0.0002}","{""detection_events"":91186,""detectors_checked"":110100480}"
    110592,         0,         0,    2.15,standalone_exact_mw,29ae76c7f86edcd2f56343e8109d8463cbc736644db4e57527101e2f1c3606c8,"{""distance"":5,""physical_error_rate"":0.0002}","{""detection_events"":20705,""detectors_checked"":24772608}"
      9728,        27,         0,    11.9,standalone_exact_mw,d243a1b0b1308c5af35ad4523cb40bd83c282feda5b2af0b0940517b428d54bb,"{""distance"":5,""physical_error_rate"":0.01}","{""detection_events"":86109,""detectors_checked"":2179072,""obs_mistake_mask=E"":27}"
    165888,         0,         0,    5.97,standalone_exact_mw,aea10f45e3589e84a00777b800d38e8a3149bd6cb552c409f3bffd718c1a0abf,"{""distance"":5,""physical_error_rate"":5e-05}","{""detection_events"":7908,""detectors_checked"":37158912}"
    108544,         3,         0,    11.7,standalone_exact_mw,7bb6e20e48600212890a8c0dbf00c9e78f41358e09b12be0f89e4aae4bc5d684,"{""distance"":5,""physical_error_rate"":0.002}","{""detection_events"":199135,""detectors_checked"":24313856,""obs_mistake_mask=E"":3}"
    412672,         0,         0,    11.7,standalone_exact_mw,aea10f45e3589e84a00777b800d38e8a3149bd6cb552c409f3bffd718c1a0abf,"{""distance"":5,""physical_error_rate"":5e-05}","{""detection_events"":19543,""detectors_checked"":92438528}"
     13824,        43,         0,    12.0,standalone_exact_mw,d243a1b0b1308c5af35ad4523cb40bd83c282feda5b2af0b0940517b428d54bb,"{""distance"":5,""physical_error_rate"":0.01}","{""detection_events"":122994,""detectors_checked"":3096576,""obs_mistake_mask=E"":43}"
     47104,         0,         0,    1.59,standalone_exact_mw,aea10f45e3589e84a00777b800d38e8a3149bd6cb552c409f3bffd718c1a0abf,"{""distance"":5,""physical_error_rate"":5e-05}","{""detection_events"":2087,""detectors_checked"":10551296}"
     63488,         0,         0,    4.32,standalone_exact_mw,77d802c74222c3324b7f1323f7447c6411ad27be92307b6127e53af575faadca,"{""distance"":5,""physical_error_rate"":0.001}","{""detection_events"":58871,""detectors_checked"":14221312}"
     11776,        40,         0,    12.0,standalone_exact_mw,d243a1b0b1308c5af35ad4523cb40bd83c282feda5b2af0b0940517b428d54bb,"{""distance"":5,""physical_error_rate"":0.01}","{""detection_events"":102481,""detectors_checked"":2637824,""obs_mistake_mask=E"":40}"
    179200,         0,         0,    11.8,standalone_exact_mw,77d802c74222c3324b7f1323f7447c6411ad27be92307b6127e53af575faadca,"{""distance"":5,""physical_error_rate"":0.001}","{""detection_events"":166144,""detectors_checked"":40140800}"
     84992,         0,         0,    2.99,standalone_exact_mw,cc9149276d16e61a5ac322a1d2048afebd34054fe0ed4879b77eb616628c1148,"{""distance"":5,""physical_error_rate"":0.0001}","{""detection_events"":8062,""detectors_checked"":19038208}"
    670720,         0,         0,    16.3,standalone_exact_mw,29ae76c7f86edcd2f56343e8109d8463cbc736644db4e57527101e2f1c3606c8,"{""distance"":5,""physical_error_rate"":0.0002}","{""detection_events"":125891,""detectors_checked"":150241280}"
        17,         0,         0,   0.001,standalone_exact_mw,7bb6e20e48600212890a8c0dbf00c9e78f41358e09b12be0f89e4aae4bc5d684,"{""distance"":5,""physical_error_rate"":0.002}","{""detection_events"":27,""detectors_checked"":3808}"
       256,         0,         0,   0.028,standalone_exact_mw,7bb6e20e48600212890a8c0dbf00c9e78f41358e09b12be0f89e4aae4bc5d684,"{""distance"":5,""physical_error_rate"":0.002}","{""detection_events"":459,""detectors_checked"":57344}"
      1024,         0,         0,   0.094,standalone_exact_mw,7bb6e20e48600212890a8c0dbf00c9e78f41358e09b12be0f89e4aae4bc5d684,"{""distance"":5,""physical_error_rate"":0.002}","{""detection_events"":1898,""detectors_checked"":229376}"
     66560,         0,         0,    2.22,standalone_exact_mw,aea10f45e3589e84a00777b800d38e8a3149bd6cb552c409f3bffd718c1a0abf,"{""distance"":5,""physical_error_rate"":5e-05}","{""detection_events"":3108,""detectors_checked"":14909440}"
      1024,         0,         0,   0.064,standalone_exact_mw,7bb6e20e48600212890a8c0dbf00c9e78f41358e09b12be0f89e4aae4bc5d684,"{""distance"":5,""physical_error_rate"":0.002}","{""detection_events"":1786,""detectors_checked"":229376}"
      1024,         1,         0,   0.081,standalone_exact_mw,7bb6e20e48600212890a8c0dbf00c9e78f41358e09b12be0f89e4aae4bc5d684,"{""distance"":5,""physical_error_rate"":0.002}","{""detection_events"":1909,""detectors_checked"":229376,""obs_mistake_mask=E"":1}"
      1024,         0,         0,   0.081,standalone_exact_mw,7bb6e20e48600212890a8c0dbf00c9e78f41358e09b12be0f89e4aae4bc5d684,"{""distance"":5,""physical_error_rate"":0.002}","{""detection_events"":1909,""detectors_checked"":229376}"
     97280,         0,         0,    3.08,standalone_exact_mw,29ae76c7f86edcd2f56343e8109d8463cbc736644db4e57527101e2f1c3606c8,"{""distance"":5,""physical_error_rate"":0.0002}","{""detection_events"":18105,""detectors_checked"":21790720}"
      2048,         1,         0,   0.141,standalone_exact_mw,7bb6e20e48600212890a8c0dbf00c9e78f41358e09b12be0f89e4aae4bc5d684,"{""distance"":5,""physical_error_rate"":0.002}","{""detection_events"":3739,""detectors_checked"":458752,""obs_mistake_mask=E"":1}"
      4096,        16,         0,    4.83,standalone_exact_mw,d243a1b0b1308c5af35ad4523cb40bd83c282feda5b2af0b0940517b428d54bb,"{""distance"":5,""physical_error_rate"":0.01}","{""detection_events"":36085,""detectors_checked"":917504,""obs_mistake_mask=E"":16}"
      2048,         0,         0,   0.142,standalone_exact_mw,7bb6e20e48600212890a8c0dbf00c9e78f41358e09b12be0f89e4aae4bc5d684,"{""distance"":5,""physical_error_rate"":0.002}","{""detection_events"":3778,""detectors_checked"":458752}"
      2048,         0,         0,   0.155,standalone_exact_mw,7bb6e20e48600212890a8c0dbf00c9e78f41358e09b12be0f89e4aae4bc5d684,"{""distance"":5,""physical_error_rate"":0.002}","{""detection_events"":3896,""detectors_checked"":458752}"
      3072,         0,         0,   0.226,standalone_exact_mw,7bb6e20e48600212890a8c0dbf00c9e78f41358e09b12be0f89e4aae4bc5d684,"{""distance"":5,""physical_error_rate"":0.002}","{""detection_events"":5658,""detectors_checked"":688128}"
    643072,         0,         0,    16.2,standalone_exact_mw,aea10f45e3589e84a00777b800d38e8a3149bd6cb552c409f3bffd718c1a0abf,"{""distance"":5,""physical_error_rate"":5e-05}","{""detection_events"":30141,""detectors_checked"":144048128}"
    336896,         0,         0,    11.6,standalone_exact_mw,29ae76c7f86edcd2f56343e8109d8463cbc736644db4e57527101e2f1c3606c8,"{""distance"":5,""physical_error_rate"":0.0002}","{""detection_events"":63173,""detectors_checked"":75464704}"
      4096,         0,         0,   0.342,standalone_exact_mw,7bb6e20e48600212890a8c0dbf00c9e78f41358e09b12be0f89e4aae4bc5d684,"{""distance"":5,""physical_error_rate"":0.002}","{""detection_events"":7653,""detectors_checked"":917504}"
     66560,         1,         0,    6.07,standalone_exact_mw,7bb6e20e48600212890a8c0dbf00c9e78f41358e09b12be0f89e4aae4bc5d684,"{""distance"":5,""physical_error_rate"":0.002}","{""detection_events"":123094,""detectors_checked"":14909440,""obs_mistake_mask=E"":1}"
        17,         0,         0,   0.023,standalone_exact_mw,d243a1b0b1308c5af35ad4523cb40bd83c282feda5b2af0b0940517b428d54bb,"{""distance"":5,""physical_error_rate"":0.01}","{""detection_events"":175,""detectors_checked"":3808}"
      6144,         0,         0,   0.476,standalone_exact_mw,7bb6e20e48600212890a8c0dbf00c9e78f41358e09b12be0f89e4aae4bc5d684,"{""distance"":5,""physical_error_rate"":0.002}","{""detection_events"":11124,""detectors_checked"":1376256}"
    277504,         1,         0,    16.3,standalone_exact_mw,77d802c74222c3324b7f1323f7447c6411ad27be92307b6127e53af575faadca,"{""distance"":5,""physical_error_rate"":0.001}","{""detection_events"":256643,""detectors_checked"":62160896,""obs_mistake_mask=E"":1}"
       256,         1,         0,   0.354,standalone_exact_mw,d243a1b0b1308c5af35ad4523cb40bd83c282feda5b2af0b0940517b428d54bb,"{""distance"":5,""physical_error_rate"":0.01}","{""detection_events"":2370,""detectors_checked"":57344,""obs_mistake_mask=E"":1}"
       256,         2,         0,   0.368,standalone_exact_mw,d243a1b0b1308c5af35ad4523cb40bd83c282feda5b2af0b0940517b428d54bb,"{""distance"":5,""physical_error_rate"":0.01}","{""detection_events"":2261,""detectors_checked"":57344,""obs_mistake_mask=E"":2}"
      7168,         0,         0,   0.576,standalone_exact_mw,7bb6e20e48600212890a8c0dbf00c9e78f41358e09b12be0f89e4aae4bc5d684,"{""distance"":5,""physical_error_rate"":0.002}","{""detection_events"":13103,""detectors_checked"":1605632}"
     25600,        11,         0,    6.15,standalone_exact_mw,1a2d9ab41a8a393fdef1a304cd6cd3b39e7654fe1ff27694ddcd7a0d28bf707b,"{""distance"":5,""physical_error_rate"":0.005}","{""detection_events"":115377,""detectors_checked"":5734400,""obs_mistake_mask=E"":11}"
        17,         0,         0,   0.027,standalone_exact_mw,d243a1b0b1308c5af35ad4523cb40bd83c282feda5b2af0b0940517b428d54bb,"{""distance"":5,""physical_error_rate"":0.01}","{""detection_events"":163,""detectors_checked"":3808}"
    165888,         0,         0,    5.97,standalone_exact_mw,503ee55b5ad1b1988379a241a0405811522ee4d50b473755532ad1299cb121e2,"{""distance"":5,""physical_error_rate"":0.0005}","{""detection_events"":76782,""detectors_checked"":37158912}"
       256,         1,         0,   0.334,standalone_exact_mw,d243a1b0b1308c5af35ad4523cb40bd83c282feda5b2af0b0940517b428d54bb,"{""distance"":5,""physical_error_rate"":0.01}","{""detection_events"":2181,""detectors_checked"":57344,""obs_mistake_mask=E"":1}"
       256,         0,         0,   0.282,standalone_exact_mw,d243a1b0b1308c5af35ad4523cb40bd83c282feda5b2af0b0940517b428d54bb,"{""distance"":5,""physical_error_rate"":0.01}","{""detection_events"":2221,""detectors_checked"":57344}"
         1,         0,         0,   0.000,standalone_exact_mw,77d802c74222c3324b7f1323f7447c6411ad27be92307b6127e53af575faadca,"{""distance"":5,""physical_error_rate"":0.001}","{""detectors_checked"":224}"
       256,         0,         0,   0.216,standalone_exact_mw,d243a1b0b1308c5af35ad4523cb40bd83c282feda5b2af0b0940517b428d54bb,"{""distance"":5,""physical_error_rate"":0.01}","{""detection_events"":2313,""detectors_checked"":57344}"
      1296,         0,         0,   0.091,standalone_exact_mw,77d802c74222c3324b7f1323f7447c6411ad27be92307b6127e53af575faadca,"{""distance"":5,""physical_error_rate"":0.001}","{""detection_events"":1383,""detectors_checked"":290304}"
      1024,         0,         0,   0.083,standalone_exact_mw,77d802c74222c3324b7f1323f7447c6411ad27be92307b6127e53af575faadca,"{""distance"":5,""physical_error_rate"":0.001}","{""detection_events"":927,""detectors_checked"":229376}"
      1024,         0,         0,   0.059,standalone_exact_mw,77d802c74222c3324b7f1323f7447c6411ad27be92307b6127e53af575faadca,"{""distance"":5,""physical_error_rate"":0.001}","{""detection_events"":978,""detectors_checked"":229376}"
     92160,         0,         0,    3.03,standalone_exact_mw,aea10f45e3589e84a00777b800d38e8a3149bd6cb552c409f3bffd718c1a0abf,"{""distance"":5,""physical_error_rate"":5e-05}","{""detection_events"":4178,""detectors_checked"":20643840}"
    611328,         0,         0,    16.3,standalone_exact_mw,cc9149276d16e61a5ac322a1d2048afebd34054fe0ed4879b77eb616628c1148,"{""distance"":5,""physical_error_rate"":0.0001}","{""detection_events"":57384,""detectors_checked"":136937472}"
      1024,         0,         0,   0.080,standalone_exact_mw,77d802c74222c3324b7f1323f7447c6411ad27be92307b6127e53af575faadca,"{""distance"":5,""physical_error_rate"":0.001}","{""detection_events"":855,""detectors_checked"":229376}"
     10240,         0,         0,   0.813,standalone_exact_mw,7bb6e20e48600212890a8c0dbf00c9e78f41358e09b12be0f89e4aae4bc5d684,"{""distance"":5,""physical_error_rate"":0.002}","{""detection_events"":18682,""detectors_checked"":2293760}"
      1024,         0,         0,   0.059,standalone_exact_mw,77d802c74222c3324b7f1323f7447c6411ad27be92307b6127e53af575faadca,"{""distance"":5,""physical_error_rate"":0.001}","{""detection_events"":811,""detectors_checked"":229376}"
       512,         1,         0,   0.566,standalone_exact_mw,d243a1b0b1308c5af35ad4523cb40bd83c282feda5b2af0b0940517b428d54bb,"{""distance"":5,""physical_error_rate"":0.01}","{""detection_events"":4548,""detectors_checked"":114688,""obs_mistake_mask=E"":1}"
      2048,         0,         0,   0.118,standalone_exact_mw,77d802c74222c3324b7f1323f7447c6411ad27be92307b6127e53af575faadca,"{""distance"":5,""physical_error_rate"":0.001}","{""detection_events"":1911,""detectors_checked"":458752}"
       512,         1,         0,   0.443,standalone_exact_mw,d243a1b0b1308c5af35ad4523cb40bd83c282feda5b2af0b0940517b428d54bb,"{""distance"":5,""physical_error_rate"":0.01}","{""detection_events"":4653,""detectors_checked"":114688,""obs_mistake_mask=E"":1}"
        17,         0,         0,   0.023,standalone_exact_mw,1a2d9ab41a8a393fdef1a304cd6cd3b39e7654fe1ff27694ddcd7a0d28bf707b,"{""distance"":5,""physical_error_rate"":0.005}","{""detection_events"":63,""detectors_checked"":3808}"
       256,         0,         0,   0.059,standalone_exact_mw,1a2d9ab41a8a393fdef1a304cd6cd3b39e7654fe1ff27694ddcd7a0d28bf707b,"{""distance"":5,""physical_error_rate"":0.005}","{""detection_events"":1207,""detectors_checked"":57344}"
         1,         0,         0,   0.000,standalone_exact_mw,503ee55b5ad1b1988379a241a0405811522ee4d50b473755532ad1299cb121e2,"{""distance"":5,""physical_error_rate"":0.0005}","{""detectors_checked"":224}"
      2048,         0,         0,   0.140,standalone_exact_mw,77d802c74222c3324b7f1323f7447c6411ad27be92307b6127e53af575faadca,"{""distance"":5,""physical_error_rate"":0.001}","{""detection_events"":1998,""detectors_checked"":458752}"
    137216,         0,         0,    4.27,standalone_exact_mw,cc9149276d16e61a5ac322a1d2048afebd34054fe0ed4879b77eb616628c1148,"{""distance"":5,""physical_error_rate"":0.0001}","{""detection_events"":12569,""detectors_checked"":30736384}"
      1296,         0,         0,   0.058,standalone_exact_mw,503ee55b5ad1b1988379a241a0405811522ee4d50b473755532ad1299cb121e2,"{""distance"":5,""physical_error_rate"":0.0005}","{""detection_events"":687,""detectors_checked"":290304}"
      1024,         0,         0,   0.055,standalone_exact_mw,503ee55b5ad1b1988379a241a0405811522ee4d50b473755532ad1299cb121e2,"{""distance"":5,""physical_error_rate"":0.0005}","{""detection_events"":487,""detectors_checked"":229376}"
      2048,         0,         0,   0.143,standalone_exact_mw,77d802c74222c3324b7f1323f7447c6411ad27be92307b6127e53af575faadca,"{""distance"":5,""physical_error_rate"":0.001}","{""detection_events"":1875,""detectors_checked"":458752}"
      1024,         0,         0,   0.054,standalone_exact_mw,503ee55b5ad1b1988379a241a0405811522ee4d50b473755532ad1299cb121e2,"{""distance"":5,""physical_error_rate"":0.0005}","{""detection_events"":469,""detectors_checked"":229376}"
      1024,         0,         0,   0.058,standalone_exact_mw,503ee55b5ad1b1988379a241a0405811522ee4d50b473755532ad1299cb121e2,"{""distance"":5,""physical_error_rate"":0.0005}","{""detection_events"":418,""detectors_checked"":229376}"
       512,         1,         0,   0.408,standalone_exact_mw,d243a1b0b1308c5af35ad4523cb40bd83c282feda5b2af0b0940517b428d54bb,"{""distance"":5,""physical_error_rate"":0.01}","{""detection_events"":4407,""detectors_checked"":114688,""obs_mistake_mask=E"":1}"
       512,         2,         0,   0.407,standalone_exact_mw,d243a1b0b1308c5af35ad4523cb40bd83c282feda5b2af0b0940517b428d54bb,"{""distance"":5,""physical_error_rate"":0.01}","{""detection_events"":4428,""detectors_checked"":114688,""obs_mistake_mask=E"":2}"
      1024,         0,         0,   0.309,standalone_exact_mw,1a2d9ab41a8a393fdef1a304cd6cd3b39e7654fe1ff27694ddcd7a0d28bf707b,"{""distance"":5,""physical_error_rate"":0.005}","{""detection_events"":4540,""detectors_checked"":229376}"
      1024,         0,         0,   0.055,standalone_exact_mw,503ee55b5ad1b1988379a241a0405811522ee4d50b473755532ad1299cb121e2,"{""distance"":5,""physical_error_rate"":0.0005}","{""detection_events"":524,""detectors_checked"":229376}"
      2048,         0,         0,   0.088,standalone_exact_mw,503ee55b5ad1b1988379a241a0405811522ee4d50b473755532ad1299cb121e2,"{""distance"":5,""physical_error_rate"":0.0005}","{""detection_events"":981,""detectors_checked"":458752}"
      4096,         0,         0,   0.280,standalone_exact_mw,77d802c74222c3324b7f1323f7447c6411ad27be92307b6127e53af575faadca,"{""distance"":5,""physical_error_rate"":0.001}","{""detection_events"":3554,""detectors_checked"":917504}"
      2048,         0,         0,   0.110,standalone_exact_mw,503ee55b5ad1b1988379a241a0405811522ee4d50b473755532ad1299cb121e2,"{""distance"":5,""physical_error_rate"":0.0005}","{""detection_events"":1016,""detectors_checked"":458752}"
      1024,         0,         0,   0.341,standalone_exact_mw,1a2d9ab41a8a393fdef1a304cd6cd3b39e7654fe1ff27694ddcd7a0d28bf707b,"{""distance"":5,""physical_error_rate"":0.005}","{""detection_events"":4563,""detectors_checked"":229376}"
      3072,         0,         0,   0.164,standalone_exact_mw,503ee55b5ad1b1988379a241a0405811522ee4d50b473755532ad1299cb121e2,"{""distance"":5,""physical_error_rate"":0.0005}","{""detection_events"":1404,""detectors_checked"":688128}"
       512,         2,         0,   0.407,standalone_exact_mw,d243a1b0b1308c5af35ad4523cb40bd83c282feda5b2af0b0940517b428d54bb,"{""distance"":5,""physical_error_rate"":0.01}","{""detection_events"":4536,""detectors_checked"":114688,""obs_mistake_mask=E"":2}"
       512,         2,         0,   0.489,standalone_exact_mw,d243a1b0b1308c5af35ad4523cb40bd83c282feda5b2af0b0940517b428d54bb,"{""distance"":5,""physical_error_rate"":0.01}","{""detection_events"":4598,""detectors_checked"":114688,""obs_mistake_mask=E"":2}"
      1297,         0,         0,   0.035,standalone_exact_mw,29ae76c7f86edcd2f56343e8109d8463cbc736644db4e57527101e2f1c3606c8,"{""distance"":5,""physical_error_rate"":0.0002}","{""detection_events"":194,""detectors_checked"":290528}"
      4096,         1,         0,   0.341,standalone_exact_mw,77d802c74222c3324b7f1323f7447c6411ad27be92307b6127e53af575faadca,"{""distance"":5,""physical_error_rate"":0.001}","{""detection_events"":3922,""detectors_checked"":917504,""obs_mistake_mask=E"":1}"
      2048,         0,         0,   0.019,standalone_exact_mw,29ae76c7f86edcd2f56343e8109d8463cbc736644db4e57527101e2f1c3606c8,"{""distance"":5,""physical_error_rate"":0.0002}","{""detection_events"":385,""detectors_checked"":458752}"
      3072,         0,         0,   0.028,standalone_exact_mw,29ae76c7f86edcd2f56343e8109d8463cbc736644db4e57527101e2f1c3606c8,"{""distance"":5,""physical_error_rate"":0.0002}","{""detection_events"":548,""detectors_checked"":688128}"
     14336,         1,         0,    1.14,standalone_exact_mw,7bb6e20e48600212890a8c0dbf00c9e78f41358e09b12be0f89e4aae4bc5d684,"{""distance"":5,""physical_error_rate"":0.002}","{""detection_events"":26233,""detectors_checked"":3211264,""obs_mistake_mask=E"":1}"
      3072,         0,         0,   0.030,standalone_exact_mw,29ae76c7f86edcd2f56343e8109d8463cbc736644db4e57527101e2f1c3606c8,"{""distance"":5,""physical_error_rate"":0.0002}","{""detection_events"":608,""detectors_checked"":688128}"
      5120,         0,         0,   0.228,standalone_exact_mw,503ee55b5ad1b1988379a241a0405811522ee4d50b473755532ad1299cb121e2,"{""distance"":5,""physical_error_rate"":0.0005}","{""detection_events"":2347,""detectors_checked"":1146880}"
      4096,         0,         0,   0.040,standalone_exact_mw,29ae76c7f86edcd2f56343e8109d8463cbc736644db4e57527101e2f1c3606c8,"{""distance"":5,""physical_error_rate"":0.0002}","{""detection_events"":820,""detectors_checked"":917504}"
      1024,         0,         0,   0.276,standalone_exact_mw,1a2d9ab41a8a393fdef1a304cd6cd3b39e7654fe1ff27694ddcd7a0d28bf707b,"{""distance"":5,""physical_error_rate"":0.005}","{""detection_events"":4500,""detectors_checked"":229376}"
      6144,         0,         0,   0.058,standalone_exact_mw,29ae76c7f86edcd2f56343e8109d8463cbc736644db4e57527101e2f1c3606c8,"{""distance"":5,""physical_error_rate"":0.0002}","{""detection_events"":1149,""detectors_checked"":1376256}"
     89088,         0,         0,    5.97,standalone_exact_mw,77d802c74222c3324b7f1323f7447c6411ad27be92307b6127e53af575faadca,"{""distance"":5,""physical_error_rate"":0.001}","{""detection_events"":82495,""detectors_checked"":19955712}"
      8192,         0,         0,   0.079,standalone_exact_mw,29ae76c7f86edcd2f56343e8109d8463cbc736644db4e57527101e2f1c3606c8,"{""distance"":5,""physical_error_rate"":0.0002}","{""detection_events"":1599,""detectors_checked"":1835008}"
    111616,         0,         0,    4.24,standalone_exact_mw,29ae76c7f86edcd2f56343e8109d8463cbc736644db4e57527101e2f1c3606c8,"{""distance"":5,""physical_error_rate"":0.0002}","{""detection_events"":20716,""detectors_checked"":25001984}"
     57344,        13,         0,    16.4,standalone_exact_mw,1a2d9ab41a8a393fdef1a304cd6cd3b39e7654fe1ff27694ddcd7a0d28bf707b,"{""distance"":5,""physical_error_rate"":0.005}","{""detection_events"":259076,""detectors_checked"":12845056,""obs_mistake_mask=E"":13}"
     11264,         0,         0,   0.108,standalone_exact_mw,29ae76c7f86edcd2f56343e8109d8463cbc736644db4e57527101e2f1c3606c8,"{""distance"":5,""physical_error_rate"":0.0002}","{""detection_events"":2136,""detectors_checked"":2523136}"
      1024,         0,         0,   0.253,standalone_exact_mw,1a2d9ab41a8a393fdef1a304cd6cd3b39e7654fe1ff27694ddcd7a0d28bf707b,"{""distance"":5,""physical_error_rate"":0.005}","{""detection_events"":4524,""detectors_checked"":229376}"
      6144,         0,         0,   0.332,standalone_exact_mw,503ee55b5ad1b1988379a241a0405811522ee4d50b473755532ad1299cb121e2,"{""distance"":5,""physical_error_rate"":0.0005}","{""detection_events"":2899,""detectors_checked"":1376256}"
    178176,         3,         0,    16.4,standalone_exact_mw,7bb6e20e48600212890a8c0dbf00c9e78f41358e09b12be0f89e4aae4bc5d684,"{""distance"":5,""physical_error_rate"":0.002}","{""detection_events"":328964,""detectors_checked"":39911424,""obs_mistake_mask=E"":3}"
    251904,         0,         0,    8.28,standalone_exact_mw,cc9149276d16e61a5ac322a1d2048afebd34054fe0ed4879b77eb616628c1148,"{""distance"":5,""physical_error_rate"":0.0001}","{""detection_events"":23765,""detectors_checked"":56426496}"
      7168,         0,         0,   0.476,standalone_exact_mw,77d802c74222c3324b7f1323f7447c6411ad27be92307b6127e53af575faadca,"{""distance"":5,""physical_error_rate"":0.001}","{""detection_events"":6556,""detectors_checked"":1605632}"
       512,         2,         0,   0.594,standalone_exact_mw,d243a1b0b1308c5af35ad4523cb40bd83c282feda5b2af0b0940517b428d54bb,"{""distance"":5,""physical_error_rate"":0.01}","{""detection_events"":4547,""detectors_checked"":114688,""obs_mistake_mask=E"":2}"
     15360,         0,         0,   0.149,standalone_exact_mw,29ae76c7f86edcd2f56343e8109d8463cbc736644db4e57527101e2f1c3606c8,"{""distance"":5,""physical_error_rate"":0.0002}","{""detection_events"":2936,""detectors_checked"":3440640}"
       512,         4,         0,   0.693,standalone_exact_mw,d243a1b0b1308c5af35ad4523cb40bd83c282feda5b2af0b0940517b428d54bb,"{""distance"":5,""physical_error_rate"":0.01}","{""detection_events"":4400,""detectors_checked"":114688,""obs_mistake_mask=E"":4}"
    225280,         0,         0,    8.36,standalone_exact_mw,29ae76c7f86edcd2f56343e8109d8463cbc736644db4e57527101e2f1c3606c8,"{""distance"":5,""physical_error_rate"":0.0002}","{""detection_events"":41681,""detectors_checked"":50462720}"
     22528,         0,         0,   0.212,standalone_exact_mw,29ae76c7f86edcd2f56343e8109d8463cbc736644db4e57527101e2f1c3606c8,"{""distance"":5,""physical_error_rate"":0.0002}","{""detection_events"":4177,""detectors_checked"":5046272}"
      1024,         0,         0,   0.338,standalone_exact_mw,1a2d9ab41a8a393fdef1a304cd6cd3b39e7654fe1ff27694ddcd7a0d28bf707b,"{""distance"":5,""physical_error_rate"":0.005}","{""detection_events"":4736,""detectors_checked"":229376}"
      8192,         0,         0,   0.419,standalone_exact_mw,503ee55b5ad1b1988379a241a0405811522ee4d50b473755532ad1299cb121e2,"{""distance"":5,""physical_error_rate"":0.0005}","{""detection_events"":3793,""detectors_checked"":1835008}"
      1024,         0,         0,   0.309,standalone_exact_mw,1a2d9ab41a8a393fdef1a304cd6cd3b39e7654fe1ff27694ddcd7a0d28bf707b,"{""distance"":5,""physical_error_rate"":0.005}","{""detection_events"":4553,""detectors_checked"":229376}"
     14336,         0,         0,   0.320,standalone_exact_mw,29ae76c7f86edcd2f56343e8109d8463cbc736644db4e57527101e2f1c3606c8,"{""distance"":5,""physical_error_rate"":0.0002}","{""detection_events"":2600,""detectors_checked"":3211264}"
    541696,         0,         0,    16.3,standalone_exact_mw,cc9149276d16e61a5ac322a1d2048afebd34054fe0ed4879b77eb616628c1148,"{""distance"":5,""physical_error_rate"":0.0001}","{""detection_events"":50489,""detectors_checked"":121339904}"
    479232,         0,         0,    16.3,standalone_exact_mw,cc9149276d16e61a5ac322a1d2048afebd34054fe0ed4879b77eb616628c1148,"{""distance"":5,""physical_error_rate"":0.0001}","{""detection_events"":45002,""detectors_checked"":107347968}"
      9216,         0,         0,   0.590,standalone_exact_mw,77d802c74222c3324b7f1323f7447c6411ad27be92307b6127e53af575faadca,"{""distance"":5,""physical_error_rate"":0.001}","{""detection_events"":8671,""detectors_checked"":2064384}"
       512,         2,         0,   0.622,standalone_exact_mw,d243a1b0b1308c5af35ad4523cb40bd83c282feda5b2af0b0940517b428d54bb,"{""distance"":5,""physical_error_rate"":0.01}","{""detection_events"":4563,""detectors_checked"":114688,""obs_mistake_mask=E"":2}"
       512,         0,         0,   0.537,standalone_exact_mw,d243a1b0b1308c5af35ad4523cb40bd83c282feda5b2af0b0940517b428d54bb,"{""distance"":5,""physical_error_rate"":0.01}","{""detection_events"":4629,""detectors_checked"":114688}"
    458752,         0,         0,    16.3,standalone_exact_mw,29ae76c7f86edcd2f56343e8109d8463cbc736644db4e57527101e2f1c3606c8,"{""distance"":5,""physical_error_rate"":0.0002}","{""detection_events"":85308,""detectors_checked"":102760448}"
    565248,         0,         0,    16.3,standalone_exact_mw,cc9149276d16e61a5ac322a1d2048afebd34054fe0ed4879b77eb616628c1148,"{""distance"":5,""physical_error_rate"":0.0001}","{""detection_events"":52788,""detectors_checked"":126615552}"
      1024,         1,         0,   0.340,standalone_exact_mw,1a2d9ab41a8a393fdef1a304cd6cd3b39e7654fe1ff27694ddcd7a0d28bf707b,"{""distance"":5,""physical_error_rate"":0.005}","{""detection_events"":4482,""detectors_checked"":229376,""obs_mistake_mask=E"":1}"
     11264,         0,         0,   0.558,standalone_exact_mw,503ee55b5ad1b1988379a241a0405811522ee4d50b473755532ad1299cb121e2,"{""distance"":5,""physical_error_rate"":0.0005}","{""detection_events"":5343,""detectors_checked"":2523136}"
      9216,         0,         0,   0.453,standalone_exact_mw,29ae76c7f86edcd2f56343e8109d8463cbc736644db4e57527101e2f1c3606c8,"{""distance"":5,""physical_error_rate"":0.0002}","{""detection_events"":1668,""detectors_checked"":2064384}"
    327680,         0,         0,    16.3,standalone_exact_mw,503ee55b5ad1b1988379a241a0405811522ee4d50b473755532ad1299cb121e2,"{""distance"":5,""physical_error_rate"":0.0005}","{""detection_events"":151690,""detectors_checked"":73400320}"
    253952,         0,         0,    8.35,standalone_exact_mw,aea10f45e3589e84a00777b800d38e8a3149bd6cb552c409f3bffd718c1a0abf,"{""distance"":5,""physical_error_rate"":5e-05}","{""detection_events"":12142,""detectors_checked"":56885248}"
       512,         4,         0,   0.427,standalone_exact_mw,d243a1b0b1308c5af35ad4523cb40bd83c282feda5b2af0b0940517b428d54bb,"{""distance"":5,""physical_error_rate"":0.01}","{""detection_events"":4747,""detectors_checked"":114688,""obs_mistake_mask=E"":4}"
       512,         1,         0,   0.537,standalone_exact_mw,d243a1b0b1308c5af35ad4523cb40bd83c282feda5b2af0b0940517b428d54bb,"{""distance"":5,""physical_error_rate"":0.01}","{""detection_events"":4494,""detectors_checked"":114688,""obs_mistake_mask=E"":1}"
    353280,         0,         0,    16.3,standalone_exact_mw,503ee55b5ad1b1988379a241a0405811522ee4d50b473755532ad1299cb121e2,"{""distance"":5,""physical_error_rate"":0.0005}","{""detection_events"":165172,""detectors_checked"":79134720}"
     19456,         3,         0,    1.62,standalone_exact_mw,7bb6e20e48600212890a8c0dbf00c9e78f41358e09b12be0f89e4aae4bc5d684,"{""distance"":5,""physical_error_rate"":0.002}","{""detection_events"":36085,""detectors_checked"":4358144,""obs_mistake_mask=E"":3}"
      1024,         1,         0,   0.309,standalone_exact_mw,1a2d9ab41a8a393fdef1a304cd6cd3b39e7654fe1ff27694ddcd7a0d28bf707b,"{""distance"":5,""physical_error_rate"":0.005}","{""detection_events"":4483,""detectors_checked"":229376,""obs_mistake_mask=E"":1}"
    500736,         0,         0,    16.3,standalone_exact_mw,aea10f45e3589e84a00777b800d38e8a3149bd6cb552c409f3bffd718c1a0abf,"{""distance"":5,""physical_error_rate"":5e-05}","{""detection_events"":23108,""detectors_checked"":112164864}"
     16384,         0,         0,   0.818,standalone_exact_mw,77d802c74222c3324b7f1323f7447c6411ad27be92307b6127e53af575faadca,"{""distance"":5,""physical_error_rate"":0.001}","{""detection_events"":15204,""detectors_checked"":3670016}"
       512,         0,         0,   0.302,standalone_exact_mw,d243a1b0b1308c5af35ad4523cb40bd83c282feda5b2af0b0940517b428d54bb,"{""distance"":5,""physical_error_rate"":0.01}","{""detection_events"":4483,""detectors_checked"":114688}"
    359424,         0,         0,    16.3,standalone_exact_mw,503ee55b5ad1b1988379a241a0405811522ee4d50b473755532ad1299cb121e2,"{""distance"":5,""physical_error_rate"":0.0005}","{""detection_events"":166572,""detectors_checked"":80510976}"
      1024,         1,         0,   0.310,standalone_exact_mw,1a2d9ab41a8a393fdef1a304cd6cd3b39e7654fe1ff27694ddcd7a0d28bf707b,"{""distance"":5,""physical_error_rate"":0.005}","{""detection_events"":4621,""detectors_checked"":229376,""obs_mistake_mask=E"":1}"
     12288,         0,         0,   0.584,standalone_exact_mw,29ae76c7f86edcd2f56343e8109d8463cbc736644db4e57527101e2f1c3606c8,"{""distance"":5,""physical_error_rate"":0.0002}","{""detection_events"":2283,""detectors_checked"":2752512}"
       512,         1,         0,   0.555,standalone_exact_mw,d243a1b0b1308c5af35ad4523cb40bd83c282feda5b2af0b0940517b428d54bb,"{""distance"":5,""physical_error_rate"":0.01}","{""detection_events"":4385,""detectors_checked"":114688,""obs_mistake_mask=E"":1}"
     16384,         0,         0,   0.822,standalone_exact_mw,503ee55b5ad1b1988379a241a0405811522ee4d50b473755532ad1299cb121e2,"{""distance"":5,""physical_error_rate"":0.0005}","{""detection_events"":7863,""detectors_checked"":3670016}"
    493568,         0,         0,    16.2,standalone_exact_mw,aea10f45e3589e84a00777b800d38e8a3149bd6cb552c409f3bffd718c1a0abf,"{""distance"":5,""physical_error_rate"":5e-05}","{""detection_events"":23704,""detectors_checked"":110559232}"
     12288,        40,         0,    11.8,standalone_exact_mw,d243a1b0b1308c5af35ad4523cb40bd83c282feda5b2af0b0940517b428d54bb,"{""distance"":5,""physical_error_rate"":0.01}","{""detection_events"":108322,""detectors_checked"":2752512,""obs_mistake_mask=E"":40}"
      5632,        24,         0,    6.08,standalone_exact_mw,d243a1b0b1308c5af35ad4523cb40bd83c282feda5b2af0b0940517b428d54bb,"{""distance"":5,""physical_error_rate"":0.01}","{""detection_events"":49394,""detectors_checked"":1261568,""obs_mistake_mask=E"":24}"
       512,         2,         0,   0.464,standalone_exact_mw,d243a1b0b1308c5af35ad4523cb40bd83c282feda5b2af0b0940517b428d54bb,"{""distance"":5,""physical_error_rate"":0.01}","{""detection_events"":4684,""detectors_checked"":114688,""obs_mistake_mask=E"":2}"
    154624,         4,         0,    16.4,standalone_exact_mw,7bb6e20e48600212890a8c0dbf00c9e78f41358e09b12be0f89e4aae4bc5d684,"{""distance"":5,""physical_error_rate"":0.002}","{""detection_events"":285340,""detectors_checked"":34635776,""obs_mistake_mask=E"":4}"
    559104,         0,         0,    16.3,standalone_exact_mw,aea10f45e3589e84a00777b800d38e8a3149bd6cb552c409f3bffd718c1a0abf,"{""distance"":5,""physical_error_rate"":5e-05}","{""detection_events"":25970,""detectors_checked"":125239296}"
      2048,         0,         0,   0.674,standalone_exact_mw,1a2d9ab41a8a393fdef1a304cd6cd3b39e7654fe1ff27694ddcd7a0d28bf707b,"{""distance"":5,""physical_error_rate"":0.005}","{""detection_events"":9305,""detectors_checked"":458752}"
     16384,         0,         0,   0.799,standalone_exact_mw,29ae76c7f86edcd2f56343e8109d8463cbc736644db4e57527101e2f1c3606c8,"{""distance"":5,""physical_error_rate"":0.0002}","{""detection_events"":3146,""detectors_checked"":3670016}"
       512,         1,         0,   0.488,standalone_exact_mw,d243a1b0b1308c5af35ad4523cb40bd83c282feda5b2af0b0940517b428d54bb,"{""distance"":5,""physical_error_rate"":0.01}","{""detection_events"":4617,""detectors_checked"":114688,""obs_mistake_mask=E"":1}"
     22528,         0,         0,    1.16,standalone_exact_mw,77d802c74222c3324b7f1323f7447c6411ad27be92307b6127e53af575faadca,"{""distance"":5,""physical_error_rate"":0.001}","{""detection_events"":20885,""detectors_checked"":5046272}"
    128000,         0,         0,    4.18,standalone_exact_mw,aea10f45e3589e84a00777b800d38e8a3149bd6cb552c409f3bffd718c1a0abf,"{""distance"":5,""physical_error_rate"":5e-05}","{""detection_events"":5958,""detectors_checked"":28672000}"
     55296,        23,         0,    16.5,standalone_exact_mw,1a2d9ab41a8a393fdef1a304cd6cd3b39e7654fe1ff27694ddcd7a0d28bf707b,"{""distance"":5,""physical_error_rate"":0.005}","{""detection_events"":249009,""detectors_checked"":12386304,""obs_mistake_mask=E"":23}"
      1024,         5,         0,    1.12,standalone_exact_mw,d243a1b0b1308c5af35ad4523cb40bd83c282feda5b2af0b0940517b428d54bb,"{""distance"":5,""physical_error_rate"":0.01}","{""detection_events"":8982,""detectors_checked"":229376,""obs_mistake_mask=E"":5}"
       512,         1,         0,   0.472,standalone_exact_mw,d243a1b0b1308c5af35ad4523cb40bd83c282feda5b2af0b0940517b428d54bb,"{""distance"":5,""physical_error_rate"":0.01}","{""detection_events"":4442,""detectors_checked"":114688,""obs_mistake_mask=E"":1}"
     23552,         1,         0,    1.17,standalone_exact_mw,503ee55b5ad1b1988379a241a0405811522ee4d50b473755532ad1299cb121e2,"{""distance"":5,""physical_error_rate"":0.0005}","{""detection_events"":10597,""detectors_checked"":5275648,""obs_mistake_mask=E"":1}"
      2048,         2,         0,   0.725,standalone_exact_mw,1a2d9ab41a8a393fdef1a304cd6cd3b39e7654fe1ff27694ddcd7a0d28bf707b,"{""distance"":5,""physical_error_rate"":0.005}","{""detection_events"":9237,""detectors_checked"":458752,""obs_mistake_mask=E"":2}"
    149504,         3,         0,    16.4,standalone_exact_mw,7bb6e20e48600212890a8c0dbf00c9e78f41358e09b12be0f89e4aae4bc5d684,"{""distance"":5,""physical_error_rate"":0.002}","{""detection_events"":276549,""detectors_checked"":33488896,""obs_mistake_mask=E"":3}"
     27648,         1,         0,    2.21,standalone_exact_mw,7bb6e20e48600212890a8c0dbf00c9e78f41358e09b12be0f89e4aae4bc5d684,"{""distance"":5,""physical_error_rate"":0.002}","{""detection_events"":50577,""detectors_checked"":6193152,""obs_mistake_mask=E"":1}"
       512,         4,         0,   0.590,standalone_exact_mw,d243a1b0b1308c5af35ad4523cb40bd83c282feda5b2af0b0940517b428d54bb,"{""distance"":5,""physical_error_rate"":0.01}","{""detection_events"":4714,""detectors_checked"":114688,""obs_mistake_mask=E"":4}"
     23552,         0,         0,    1.15,standalone_exact_mw,29ae76c7f86edcd2f56343e8109d8463cbc736644db4e57527101e2f1c3606c8,"{""distance"":5,""physical_error_rate"":0.0002}","{""detection_events"":4462,""detectors_checked"":5275648}"
      3072,         1,         0,   0.981,standalone_exact_mw,1a2d9ab41a8a393fdef1a304cd6cd3b39e7654fe1ff27694ddcd7a0d28bf707b,"{""distance"":5,""physical_error_rate"":0.005}","{""detection_events"":14227,""detectors_checked"":688128,""obs_mistake_mask=E"":1}"
      1024,         6,         0,    1.09,standalone_exact_mw,d243a1b0b1308c5af35ad4523cb40bd83c282feda5b2af0b0940517b428d54bb,"{""distance"":5,""physical_error_rate"":0.01}","{""detection_events"":9044,""detectors_checked"":229376,""obs_mistake_mask=E"":6}"
     30720,         0,         0,    1.56,standalone_exact_mw,77d802c74222c3324b7f1323f7447c6411ad27be92307b6127e53af575faadca,"{""distance"":5,""physical_error_rate"":0.001}","{""detection_events"":28360,""detectors_checked"":6881280}"
       512,         4,         0,   0.851,standalone_exact_mw,d243a1b0b1308c5af35ad4523cb40bd83c282feda5b2af0b0940517b428d54bb,"{""distance"":5,""physical_error_rate"":0.01}","{""detection_events"":4583,""detectors_checked"":114688,""obs_mistake_mask=E"":4}"
    235520,         0,         0,    16.3,standalone_exact_mw,77d802c74222c3324b7f1323f7447c6411ad27be92307b6127e53af575faadca,"{""distance"":5,""physical_error_rate"":0.001}","{""detection_events"":220465,""detectors_checked"":52756480}"
     58368,        25,         0,    16.7,standalone_exact_mw,1a2d9ab41a8a393fdef1a304cd6cd3b39e7654fe1ff27694ddcd7a0d28bf707b,"{""distance"":5,""physical_error_rate"":0.005}","{""detection_events"":264250,""detectors_checked"":13074432,""obs_mistake_mask=E"":25}"
     31744,         0,         0,    1.56,standalone_exact_mw,503ee55b5ad1b1988379a241a0405811522ee4d50b473755532ad1299cb121e2,"{""distance"":5,""physical_error_rate"":0.0005}","{""detection_events"":14711,""detectors_checked"":7110656}"
    183296,         0,         0,    5.88,standalone_exact_mw,cc9149276d16e61a5ac322a1d2048afebd34054fe0ed4879b77eb616628c1148,"{""distance"":5,""physical_error_rate"":0.0001}","{""detection_events"":16990,""detectors_checked"":41058304}"
     58368,        17,         0,    16.6,standalone_exact_mw,1a2d9ab41a8a393fdef1a304cd6cd3b39e7654fe1ff27694ddcd7a0d28bf707b,"{""distance"":5,""physical_error_rate"":0.005}","{""detection_events"":264800,""detectors_checked"":13074432,""obs_mistake_mask=E"":17}"
     91136,         0,         0,    8.36,standalone_exact_mw,7bb6e20e48600212890a8c0dbf00c9e78f41358e09b12be0f89e4aae4bc5d684,"{""distance"":5,""physical_error_rate"":0.002}","{""detection_events"":167988,""detectors_checked"":20414464}"
     40960,         0,         0,    1.58,standalone_exact_mw,29ae76c7f86edcd2f56343e8109d8463cbc736644db4e57527101e2f1c3606c8,"{""distance"":5,""physical_error_rate"":0.0002}","{""detection_events"":7499,""detectors_checked"":9175040}"
    234496,         1,         0,    16.3,standalone_exact_mw,77d802c74222c3324b7f1323f7447c6411ad27be92307b6127e53af575faadca,"{""distance"":5,""physical_error_rate"":0.001}","{""detection_events"":218850,""detectors_checked"":52527104,""obs_mistake_mask=E"":1}"
      1024,         4,         0,    1.46,standalone_exact_mw,d243a1b0b1308c5af35ad4523cb40bd83c282feda5b2af0b0940517b428d54bb,"{""distance"":5,""physical_error_rate"":0.01}","{""detection_events"":9037,""detectors_checked"":229376,""obs_mistake_mask=E"":4}"
      4096,         2,         0,    1.49,standalone_exact_mw,1a2d9ab41a8a393fdef1a304cd6cd3b39e7654fe1ff27694ddcd7a0d28bf707b,"{""distance"":5,""physical_error_rate"":0.005}","{""detection_events"":18485,""detectors_checked"":917504,""obs_mistake_mask=E"":2}"
      1024,         2,         0,    1.11,standalone_exact_mw,d243a1b0b1308c5af35ad4523cb40bd83c282feda5b2af0b0940517b428d54bb,"{""distance"":5,""physical_error_rate"":0.01}","{""detection_events"":8945,""detectors_checked"":229376,""obs_mistake_mask=E"":2}"
    154624,         0,         0,    5.96,standalone_exact_mw,29ae76c7f86edcd2f56343e8109d8463cbc736644db4e57527101e2f1c3606c8,"{""distance"":5,""physical_error_rate"":0.0002}","{""detection_events"":28785,""detectors_checked"":34635776}"
    178176,         0,         0,    8.34,standalone_exact_mw,503ee55b5ad1b1988379a241a0405811522ee4d50b473755532ad1299cb121e2,"{""distance"":5,""physical_error_rate"":0.0005}","{""detection_events"":82157,""detectors_checked"":39911424}"
    175104,         6,         0,    16.5,standalone_exact_mw,7bb6e20e48600212890a8c0dbf00c9e78f41358e09b12be0f89e4aae4bc5d684,"{""distance"":5,""physical_error_rate"":0.002}","{""detection_events"":325404,""detectors_checked"":39223296,""obs_mistake_mask=E"":6}"
     33792,        24,         0,    8.58,standalone_exact_mw,1a2d9ab41a8a393fdef1a304cd6cd3b39e7654fe1ff27694ddcd7a0d28bf707b,"{""distance"":5,""physical_error_rate"":0.005}","{""detection_events"":152609,""detectors_checked"":7569408,""obs_mistake_mask=E"":24}"
     44032,         0,         0,    2.17,standalone_exact_mw,77d802c74222c3324b7f1323f7447c6411ad27be92307b6127e53af575faadca,"{""distance"":5,""physical_error_rate"":0.001}","{""detection_events"":40432,""detectors_checked"":9863168}"
    304128,         0,         0,    16.3,standalone_exact_mw,503ee55b5ad1b1988379a241a0405811522ee4d50b473755532ad1299cb121e2,"{""distance"":5,""physical_error_rate"":0.0005}","{""detection_events"":141924,""detectors_checked"":68124672}"
     36864,         0,         0,    3.05,standalone_exact_mw,7bb6e20e48600212890a8c0dbf00c9e78f41358e09b12be0f89e4aae4bc5d684,"{""distance"":5,""physical_error_rate"":0.002}","{""detection_events"":67371,""detectors_checked"":8257536}"
     44032,         1,         0,    2.17,standalone_exact_mw,503ee55b5ad1b1988379a241a0405811522ee4d50b473755532ad1299cb121e2,"{""distance"":5,""physical_error_rate"":0.0005}","{""detection_events"":20653,""detectors_checked"":9863168,""obs_mistake_mask=E"":1}"
      1024,         3,         0,    1.60,standalone_exact_mw,d243a1b0b1308c5af35ad4523cb40bd83c282feda5b2af0b0940517b428d54bb,"{""distance"":5,""physical_error_rate"":0.01}","{""detection_events"":8811,""detectors_checked"":229376,""obs_mistake_mask=E"":3}"
    262144,         1,         0,    16.4,standalone_exact_mw,77d802c74222c3324b7f1323f7447c6411ad27be92307b6127e53af575faadca,"{""distance"":5,""physical_error_rate"":0.001}","{""detection_events"":244643,""detectors_checked"":58720256,""obs_mistake_mask=E"":1}"
     48128,        16,         0,    16.8,standalone_exact_mw,1a2d9ab41a8a393fdef1a304cd6cd3b39e7654fe1ff27694ddcd7a0d28bf707b,"{""distance"":5,""physical_error_rate"":0.005}","{""detection_events"":219534,""detectors_checked"":10780672,""obs_mistake_mask=E"":16}"
    551936,         0,         0,    16.3,standalone_exact_mw,cc9149276d16e61a5ac322a1d2048afebd34054fe0ed4879b77eb616628c1148,"{""distance"":5,""physical_error_rate"":0.0001}","{""detection_events"":50759,""detectors_checked"":123633664}"
      1536,         2,         0,    1.82,standalone_exact_mw,d243a1b0b1308c5af35ad4523cb40bd83c282feda5b2af0b0940517b428d54bb,"{""distance"":5,""physical_error_rate"":0.01}","{""detection_events"":12913,""detectors_checked"":344064,""obs_mistake_mask=E"":2}"
      5120,         5,         0,    1.85,standalone_exact_mw,1a2d9ab41a8a393fdef1a304cd6cd3b39e7654fe1ff27694ddcd7a0d28bf707b,"{""distance"":5,""physical_error_rate"":0.005}","{""detection_events"":23112,""detectors_checked"":1146880,""obs_mistake_mask=E"":5}"
    447488,         0,         0,    16.3,standalone_exact_mw,29ae76c7f86edcd2f56343e8109d8463cbc736644db4e57527101e2f1c3606c8,"{""distance"":5,""physical_error_rate"":0.0002}","{""detection_events"":83749,""detectors_checked"":100237312}"
     56320,         0,         0,    2.16,standalone_exact_mw,29ae76c7f86edcd2f56343e8109d8463cbc736644db4e57527101e2f1c3606c8,"{""distance"":5,""physical_error_rate"":0.0002}","{""detection_events"":10557,""detectors_checked"":12615680}"
      1297,         0,         0,   0.030,standalone_exact_mw,aea10f45e3589e84a00777b800d38e8a3149bd6cb552c409f3bffd718c1a0abf,"{""distance"":5,""physical_error_rate"":5e-05}","{""detection_events"":74,""detectors_checked"":290528}"
      1024,         0,         0,   0.008,standalone_exact_mw,aea10f45e3589e84a00777b800d38e8a3149bd6cb552c409f3bffd718c1a0abf,"{""distance"":5,""physical_error_rate"":5e-05}","{""detection_events"":44,""detectors_checked"":229376}"
      2048,         0,         0,   0.036,standalone_exact_mw,aea10f45e3589e84a00777b800d38e8a3149bd6cb552c409f3bffd718c1a0abf,"{""distance"":5,""physical_error_rate"":5e-05}","{""detection_events"":86,""detectors_checked"":458752}"
      2048,         0,         0,   0.035,standalone_exact_mw,aea10f45e3589e84a00777b800d38e8a3149bd6cb552c409f3bffd718c1a0abf,"{""distance"":5,""physical_error_rate"":5e-05}","{""detection_events"":70,""detectors_checked"":458752}"
      1024,         0,         0,   0.027,standalone_exact_mw,aea10f45e3589e84a00777b800d38e8a3149bd6cb552c409f3bffd718c1a0abf,"{""distance"":5,""physical_error_rate"":5e-05}","{""detection_events"":69,""detectors_checked"":229376}"
      3072,         0,         0,   0.062,standalone_exact_mw,aea10f45e3589e84a00777b800d38e8a3149bd6cb552c409f3bffd718c1a0abf,"{""distance"":5,""physical_error_rate"":5e-05}","{""detection_events"":149,""detectors_checked"":688128}"
     14336,        52,         0,    17.1,standalone_exact_mw,d243a1b0b1308c5af35ad4523cb40bd83c282feda5b2af0b0940517b428d54bb,"{""distance"":5,""physical_error_rate"":0.01}","{""detection_events"":127231,""detectors_checked"":3211264,""obs_mistake_mask=E"":52}"
      4096,         0,         0,   0.088,standalone_exact_mw,aea10f45e3589e84a00777b800d38e8a3149bd6cb552c409f3bffd718c1a0abf,"{""distance"":5,""physical_error_rate"":5e-05}","{""detection_events"":208,""detectors_checked"":917504}"
    124928,         1,         0,    8.35,standalone_exact_mw,77d802c74222c3324b7f1323f7447c6411ad27be92307b6127e53af575faadca,"{""distance"":5,""physical_error_rate"":0.001}","{""detection_events"":115249,""detectors_checked"":27983872,""obs_mistake_mask=E"":1}"
      4096,         0,         0,   0.105,standalone_exact_mw,aea10f45e3589e84a00777b800d38e8a3149bd6cb552c409f3bffd718c1a0abf,"{""distance"":5,""physical_error_rate"":5e-05}","{""detection_events"":207,""detectors_checked"":917504}"
      6144,         0,         0,   0.152,standalone_exact_mw,aea10f45e3589e84a00777b800d38e8a3149bd6cb552c409f3bffd718c1a0abf,"{""distance"":5,""physical_error_rate"":5e-05}","{""detection_events"":269,""detectors_checked"":1376256}"
        17,         0,         0,   0.026,standalone_exact_mw,1a2d9ab41a8a393fdef1a304cd6cd3b39e7654fe1ff27694ddcd7a0d28bf707b,"{""distance"":5,""physical_error_rate"":0.005}","{""detection_events"":80,""detectors_checked"":3808}"
       256,         0,         0,   0.059,standalone_exact_mw,1a2d9ab41a8a393fdef1a304cd6cd3b39e7654fe1ff27694ddcd7a0d28bf707b,"{""distance"":5,""physical_error_rate"":0.005}","{""detection_events"":1166,""detectors_checked"":57344}"
    179200,         0,         0,    5.98,standalone_exact_mw,aea10f45e3589e84a00777b800d38e8a3149bd6cb552c409f3bffd718c1a0abf,"{""distance"":5,""physical_error_rate"":5e-05}","{""detection_events"":8337,""detectors_checked"":40140800}"
      7168,         0,         0,   0.236,standalone_exact_mw,aea10f45e3589e84a00777b800d38e8a3149bd6cb552c409f3bffd718c1a0abf,"{""distance"":5,""physical_error_rate"":5e-05}","{""detection_events"":356,""detectors_checked"":1605632}"
    476160,         0,         0,    16.4,standalone_exact_mw,29ae76c7f86edcd2f56343e8109d8463cbc736644db4e57527101e2f1c3606c8,"{""distance"":5,""physical_error_rate"":0.0002}","{""detection_events"":89022,""detectors_checked"":106659840}"
      1297,         0,         0,   0.033,standalone_exact_mw,cc9149276d16e61a5ac322a1d2048afebd34054fe0ed4879b77eb616628c1148,"{""distance"":5,""physical_error_rate"":0.0001}","{""detection_events"":109,""detectors_checked"":290528}"
      2048,         0,         0,   0.054,standalone_exact_mw,cc9149276d16e61a5ac322a1d2048afebd34054fe0ed4879b77eb616628c1148,"{""distance"":5,""physical_error_rate"":0.0001}","{""detection_events"":183,""detectors_checked"":458752}"
      1024,         0,         0,   0.033,standalone_exact_mw,cc9149276d16e61a5ac322a1d2048afebd34054fe0ed4879b77eb616628c1148,"{""distance"":5,""physical_error_rate"":0.0001}","{""detection_events"":118,""detectors_checked"":229376}"
      2048,         0,         0,   0.052,standalone_exact_mw,cc9149276d16e61a5ac322a1d2048afebd34054fe0ed4879b77eb616628c1148,"{""distance"":5,""physical_error_rate"":0.0001}","{""detection_events"":203,""detectors_checked"":458752}"
      2048,         0,         0,   0.042,standalone_exact_mw,cc9149276d16e61a5ac322a1d2048afebd34054fe0ed4879b77eb616628c1148,"{""distance"":5,""physical_error_rate"":0.0001}","{""detection_events"":141,""detectors_checked"":458752}"
      8192,         0,         0,   0.290,standalone_exact_mw,aea10f45e3589e84a00777b800d38e8a3149bd6cb552c409f3bffd718c1a0abf,"{""distance"":5,""physical_error_rate"":5e-05}","{""detection_events"":382,""detectors_checked"":1835008}"
      2048,         0,         0,   0.042,standalone_exact_mw,cc9149276d16e61a5ac322a1d2048afebd34054fe0ed4879b77eb616628c1148,"{""distance"":5,""physical_error_rate"":0.0001}","{""detection_events"":216,""detectors_checked"":458752}"
      3072,         0,         0,   0.081,standalone_exact_mw,cc9149276d16e61a5ac322a1d2048afebd34054fe0ed4879b77eb616628c1148,"{""distance"":5,""physical_error_rate"":0.0001}","{""detection_events"":273,""detectors_checked"":688128}"
      1024,         1,         0,   0.492,standalone_exact_mw,1a2d9ab41a8a393fdef1a304cd6cd3b39e7654fe1ff27694ddcd7a0d28bf707b,"{""distance"":5,""physical_error_rate"":0.005}","{""detection_events"":4565,""detectors_checked"":229376,""obs_mistake_mask=E"":1}"
      4096,         0,         0,   0.106,standalone_exact_mw,cc9149276d16e61a5ac322a1d2048afebd34054fe0ed4879b77eb616628c1148,"{""distance"":5,""physical_error_rate"":0.0001}","{""detection_events"":359,""detectors_checked"":917504}"
       273,         0,         0,   0.010,standalone_exact_mw,503ee55b5ad1b1988379a241a0405811522ee4d50b473755532ad1299cb121e2,"{""distance"":5,""physical_error_rate"":0.0005}","{""detection_events"":129,""detectors_checked"":61152}"
    150528,         2,         0,    16.4,standalone_exact_mw,7bb6e20e48600212890a8c0dbf00c9e78f41358e09b12be0f89e4aae4bc5d684,"{""distance"":5,""physical_error_rate"":0.002}","{""detection_events"":278382,""detectors_checked"":33718272,""obs_mistake_mask=E"":2}"
      6144,         0,         0,   0.159,standalone_exact_mw,cc9149276d16e61a5ac322a1d2048afebd34054fe0ed4879b77eb616628c1148,"{""distance"":5,""physical_error_rate"":0.0001}","{""detection_events"":567,""detectors_checked"":1376256}"
      1024,         0,         0,   0.053,standalone_exact_mw,503ee55b5ad1b1988379a241a0405811522ee4d50b473755532ad1299cb121e2,"{""distance"":5,""physical_error_rate"":0.0005}","{""detection_events"":458,""detectors_checked"":229376}"
         1,         0,         0,   0.000,standalone_exact_mw,77d802c74222c3324b7f1323f7447c6411ad27be92307b6127e53af575faadca,"{""distance"":5,""physical_error_rate"":0.001}","{""detectors_checked"":224}"
     13312,        45,         0,    16.7,standalone_exact_mw,d243a1b0b1308c5af35ad4523cb40bd83c282feda5b2af0b0940517b428d54bb,"{""distance"":5,""physical_error_rate"":0.01}","{""detection_events"":117109,""detectors_checked"":2981888,""obs_mistake_mask=E"":45}"
       272,         0,         0,   0.015,standalone_exact_mw,77d802c74222c3324b7f1323f7447c6411ad27be92307b6127e53af575faadca,"{""distance"":5,""physical_error_rate"":0.001}","{""detection_events"":204,""detectors_checked"":60928}"
    656384,         0,         0,    16.3,standalone_exact_mw,aea10f45e3589e84a00777b800d38e8a3149bd6cb552c409f3bffd718c1a0abf,"{""distance"":5,""physical_error_rate"":5e-05}","{""detection_events"":30340,""detectors_checked"":147030016}"
     13312,         0,         0,   0.401,standalone_exact_mw,aea10f45e3589e84a00777b800d38e8a3149bd6cb552c409f3bffd718c1a0abf,"{""distance"":5,""physical_error_rate"":5e-05}","{""detection_events"":634,""detectors_checked"":2981888}"
     56320,         0,         0,    3.04,standalone_exact_mw,77d802c74222c3324b7f1323f7447c6411ad27be92307b6127e53af575faadca,"{""distance"":5,""physical_error_rate"":0.001}","{""detection_events"":51647,""detectors_checked"":12615680}"
      1024,         0,         0,   0.059,standalone_exact_mw,503ee55b5ad1b1988379a241a0405811522ee4d50b473755532ad1299cb121e2,"{""distance"":5,""physical_error_rate"":0.0005}","{""detection_events"":398,""detectors_checked"":229376}"
      1024,         0,         0,   0.288,standalone_exact_mw,1a2d9ab41a8a393fdef1a304cd6cd3b39e7654fe1ff27694ddcd7a0d28bf707b,"{""distance"":5,""physical_error_rate"":0.005}","{""detection_events"":4707,""detectors_checked"":229376}"
      8192,        21,         0,    7.50,standalone_exact_mw,d243a1b0b1308c5af35ad4523cb40bd83c282feda5b2af0b0940517b428d54bb,"{""distance"":5,""physical_error_rate"":0.01}","{""detection_events"":71950,""detectors_checked"":1835008,""obs_mistake_mask=E"":21}"
      1024,         0,         0,   0.054,standalone_exact_mw,77d802c74222c3324b7f1323f7447c6411ad27be92307b6127e53af575faadca,"{""distance"":5,""physical_error_rate"":0.001}","{""detection_events"":943,""detectors_checked"":229376}"
      1536,         4,         0,    2.42,standalone_exact_mw,d243a1b0b1308c5af35ad4523cb40bd83c282feda5b2af0b0940517b428d54bb,"{""distance"":5,""physical_error_rate"":0.01}","{""detection_events"":13757,""detectors_checked"":344064,""obs_mistake_mask=E"":4}"
      1024,         0,         0,   0.027,standalone_exact_mw,77d802c74222c3324b7f1323f7447c6411ad27be92307b6127e53af575faadca,"{""distance"":5,""physical_error_rate"":0.001}","{""detection_events"":975,""detectors_checked"":229376}"
      1024,         0,         0,   0.062,standalone_exact_mw,503ee55b5ad1b1988379a241a0405811522ee4d50b473755532ad1299cb121e2,"{""distance"":5,""physical_error_rate"":0.0005}","{""detection_events"":526,""detectors_checked"":229376}"
      7168,         2,         0,    2.18,standalone_exact_mw,1a2d9ab41a8a393fdef1a304cd6cd3b39e7654fe1ff27694ddcd7a0d28bf707b,"{""distance"":5,""physical_error_rate"":0.005}","{""detection_events"":32562,""detectors_checked"":1605632,""obs_mistake_mask=E"":2}"
      1024,         0,         0,   0.028,standalone_exact_mw,77d802c74222c3324b7f1323f7447c6411ad27be92307b6127e53af575faadca,"{""distance"":5,""physical_error_rate"":0.001}","{""detection_events"":818,""detectors_checked"":229376}"
      1024,         0,         0,   0.036,standalone_exact_mw,503ee55b5ad1b1988379a241a0405811522ee4d50b473755532ad1299cb121e2,"{""distance"":5,""physical_error_rate"":0.0005}","{""detection_events"":470,""detectors_checked"":229376}"
      6144,        27,         0,    7.68,standalone_exact_mw,d243a1b0b1308c5af35ad4523cb40bd83c282feda5b2af0b0940517b428d54bb,"{""distance"":5,""physical_error_rate"":0.01}","{""detection_events"":54473,""detectors_checked"":1376256,""obs_mistake_mask=E"":27}"
      9216,         0,         0,   0.221,standalone_exact_mw,cc9149276d16e61a5ac322a1d2048afebd34054fe0ed4879b77eb616628c1148,"{""distance"":5,""physical_error_rate"":0.0001}","{""detection_events"":825,""detectors_checked"":2064384}"
      1024,         0,         0,   0.037,standalone_exact_mw,77d802c74222c3324b7f1323f7447c6411ad27be92307b6127e53af575faadca,"{""distance"":5,""physical_error_rate"":0.001}","{""detection_events"":955,""detectors_checked"":229376}"
     17920,        55,         0,    16.5,standalone_exact_mw,d243a1b0b1308c5af35ad4523cb40bd83c282feda5b2af0b0940517b428d54bb,"{""distance"":5,""physical_error_rate"":0.01}","{""detection_events"":158050,""detectors_checked"":4014080,""obs_mistake_mask=E"":55}"
      2048,         0,         0,   0.084,standalone_exact_mw,503ee55b5ad1b1988379a241a0405811522ee4d50b473755532ad1299cb121e2,"{""distance"":5,""physical_error_rate"":0.0005}","{""detection_events"":904,""detectors_checked"":458752}"
      2560,         4,         0,    2.31,standalone_exact_mw,d243a1b0b1308c5af35ad4523cb40bd83c282feda5b2af0b0940517b428d54bb,"{""distance"":5,""physical_error_rate"":0.01}","{""detection_events"":22533,""detectors_checked"":573440,""obs_mistake_mask=E"":4}"
      2048,         0,         0,   0.094,standalone_exact_mw,77d802c74222c3324b7f1323f7447c6411ad27be92307b6127e53af575faadca,"{""distance"":5,""physical_error_rate"":0.001}","{""detection_events"":1846,""detectors_checked"":458752}"
      1536,         4,         0,    1.62,standalone_exact_mw,d243a1b0b1308c5af35ad4523cb40bd83c282feda5b2af0b0940517b428d54bb,"{""distance"":5,""physical_error_rate"":0.01}","{""detection_events"":13414,""detectors_checked"":344064,""obs_mistake_mask=E"":4}"
      2048,         0,         0,   0.106,standalone_exact_mw,503ee55b5ad1b1988379a241a0405811522ee4d50b473755532ad1299cb121e2,"{""distance"":5,""physical_error_rate"":0.0005}","{""detection_events"":892,""detectors_checked"":458752}"
     61440,         0,         0,    3.04,standalone_exact_mw,503ee55b5ad1b1988379a241a0405811522ee4d50b473755532ad1299cb121e2,"{""distance"":5,""physical_error_rate"":0.0005}","{""detection_events"":28917,""detectors_checked"":13762560}"
      2048,         0,         0,   0.095,standalone_exact_mw,77d802c74222c3324b7f1323f7447c6411ad27be92307b6127e53af575faadca,"{""distance"":5,""physical_error_rate"":0.001}","{""detection_events"":1923,""detectors_checked"":458752}"
      1024,         0,         0,   0.435,standalone_exact_mw,1a2d9ab41a8a393fdef1a304cd6cd3b39e7654fe1ff27694ddcd7a0d28bf707b,"{""distance"":5,""physical_error_rate"":0.005}","{""detection_events"":4712,""detectors_checked"":229376}"
     11264,         0,         0,   0.282,standalone_exact_mw,cc9149276d16e61a5ac322a1d2048afebd34054fe0ed4879b77eb616628c1148,"{""distance"":5,""physical_error_rate"":0.0001}","{""detection_events"":1092,""detectors_checked"":2523136}"
      3072,         0,         0,   0.160,standalone_exact_mw,503ee55b5ad1b1988379a241a0405811522ee4d50b473755532ad1299cb121e2,"{""distance"":5,""physical_error_rate"":0.0005}","{""detection_events"":1484,""detectors_checked"":688128}"
     17408,         0,         0,   0.556,standalone_exact_mw,aea10f45e3589e84a00777b800d38e8a3149bd6cb552c409f3bffd718c1a0abf,"{""distance"":5,""physical_error_rate"":5e-05}","{""detection_events"":838,""detectors_checked"":3899392}"
      4096,         0,         0,   0.203,standalone_exact_mw,77d802c74222c3324b7f1323f7447c6411ad27be92307b6127e53af575faadca,"{""distance"":5,""physical_error_rate"":0.001}","{""detection_events"":3763,""detectors_checked"":917504}"
      4096,         0,         0,   0.192,standalone_exact_mw,503ee55b5ad1b1988379a241a0405811522ee4d50b473755532ad1299cb121e2,"{""distance"":5,""physical_error_rate"":0.0005}","{""detection_events"":1838,""detectors_checked"":917504}"
      1024,         1,         0,   0.309,standalone_exact_mw,1a2d9ab41a8a393fdef1a304cd6cd3b39e7654fe1ff27694ddcd7a0d28bf707b,"{""distance"":5,""physical_error_rate"":0.005}","{""detection_events"":4745,""detectors_checked"":229376,""obs_mistake_mask=E"":1}"
      5120,         0,         0,   0.261,standalone_exact_mw,77d802c74222c3324b7f1323f7447c6411ad27be92307b6127e53af575faadca,"{""distance"":5,""physical_error_rate"":0.001}","{""detection_events"":4909,""detectors_checked"":1146880}"
     16384,         0,         0,   0.424,standalone_exact_mw,cc9149276d16e61a5ac322a1d2048afebd34054fe0ed4879b77eb616628c1148,"{""distance"":5,""physical_error_rate"":0.0001}","{""detection_events"":1460,""detectors_checked"":3670016}"
      5120,         0,         0,   0.264,standalone_exact_mw,503ee55b5ad1b1988379a241a0405811522ee4d50b473755532ad1299cb121e2,"{""distance"":5,""physical_error_rate"":0.0005}","{""detection_events"":2487,""detectors_checked"":1146880}"
     84992,         0,         0,    3.06,standalone_exact_mw,29ae76c7f86edcd2f56343e8109d8463cbc736644db4e57527101e2f1c3606c8,"{""distance"":5,""physical_error_rate"":0.0002}","{""detection_events"":15462,""detectors_checked"":19038208}"
      1024,         1,         0,   0.304,standalone_exact_mw,1a2d9ab41a8a393fdef1a304cd6cd3b39e7654fe1ff27694ddcd7a0d28bf707b,"{""distance"":5,""physical_error_rate"":0.005}","{""detection_events"":4438,""detectors_checked"":229376,""obs_mistake_mask=E"":1}"
     16896,        61,         0,    16.5,standalone_exact_mw,d243a1b0b1308c5af35ad4523cb40bd83c282feda5b2af0b0940517b428d54bb,"{""distance"":5,""physical_error_rate"":0.01}","{""detection_events"":149204,""detectors_checked"":3784704,""obs_mistake_mask=E"":61}"
      6144,         0,         0,   0.326,standalone_exact_mw,77d802c74222c3324b7f1323f7447c6411ad27be92307b6127e53af575faadca,"{""distance"":5,""physical_error_rate"":0.001}","{""detection_events"":6100,""detectors_checked"":1376256}"
    232448,         1,         0,    16.4,standalone_exact_mw,77d802c74222c3324b7f1323f7447c6411ad27be92307b6127e53af575faadca,"{""distance"":5,""physical_error_rate"":0.001}","{""detection_events"":217482,""detectors_checked"":52068352,""obs_mistake_mask=E"":1}"
      6144,         0,         0,   0.329,standalone_exact_mw,503ee55b5ad1b1988379a241a0405811522ee4d50b473755532ad1299cb121e2,"{""distance"":5,""physical_error_rate"":0.0005}","{""detection_events"":2791,""detectors_checked"":1376256}"
      1024,         1,         0,   0.275,standalone_exact_mw,1a2d9ab41a8a393fdef1a304cd6cd3b39e7654fe1ff27694ddcd7a0d28bf707b,"{""distance"":5,""physical_error_rate"":0.005}","{""detection_events"":4610,""detectors_checked"":229376,""obs_mistake_mask=E"":1}"
     25600,         0,         0,   0.779,standalone_exact_mw,aea10f45e3589e84a00777b800d38e8a3149bd6cb552c409f3bffd718c1a0abf,"{""distance"":5,""physical_error_rate"":5e-05}","{""detection_events"":1103,""detectors_checked"":5734400}"
     53248,         0,         0,    4.28,standalone_exact_mw,7bb6e20e48600212890a8c0dbf00c9e78f41358e09b12be0f89e4aae4bc5d684,"{""distance"":5,""physical_error_rate"":0.002}","{""detection_events"":97369,""detectors_checked"":11927552}"
        17,         0,         0,   0.023,standalone_exact_mw,7bb6e20e48600212890a8c0dbf00c9e78f41358e09b12be0f89e4aae4bc5d684,"{""distance"":5,""physical_error_rate"":0.002}","{""detection_events"":34,""detectors_checked"":3808}"
       256,         0,         0,   0.020,standalone_exact_mw,7bb6e20e48600212890a8c0dbf00c9e78f41358e09b12be0f89e4aae4bc5d684,"{""distance"":5,""physical_error_rate"":0.002}","{""detection_events"":479,""detectors_checked"":57344}"
     19456,         0,         0,   0.591,standalone_exact_mw,cc9149276d16e61a5ac322a1d2048afebd34054fe0ed4879b77eb616628c1148,"{""distance"":5,""physical_error_rate"":0.0001}","{""detection_events"":1930,""detectors_checked"":4358144}"
      1024,         0,         0,   0.114,standalone_exact_mw,7bb6e20e48600212890a8c0dbf00c9e78f41358e09b12be0f89e4aae4bc5d684,"{""distance"":5,""physical_error_rate"":0.002}","{""detection_events"":1737,""detectors_checked"":229376}"
      6144,         0,         0,   0.433,standalone_exact_mw,77d802c74222c3324b7f1323f7447c6411ad27be92307b6127e53af575faadca,"{""distance"":5,""physical_error_rate"":0.001}","{""detection_events"":5720,""detectors_checked"":1376256}"
      1024,         0,         0,   0.298,standalone_exact_mw,1a2d9ab41a8a393fdef1a304cd6cd3b39e7654fe1ff27694ddcd7a0d28bf707b,"{""distance"":5,""physical_error_rate"":0.005}","{""detection_events"":4640,""detectors_checked"":229376}"
      1024,         0,         0,   0.146,standalone_exact_mw,7bb6e20e48600212890a8c0dbf00c9e78f41358e09b12be0f89e4aae4bc5d684,"{""distance"":5,""physical_error_rate"":0.002}","{""detection_events"":2024,""detectors_checked"":229376}"
      8192,         0,         0,   0.427,standalone_exact_mw,503ee55b5ad1b1988379a241a0405811522ee4d50b473755532ad1299cb121e2,"{""distance"":5,""physical_error_rate"":0.0005}","{""detection_events"":3695,""detectors_checked"":1835008}"
      1024,         0,         0,   0.187,standalone_exact_mw,7bb6e20e48600212890a8c0dbf00c9e78f41358e09b12be0f89e4aae4bc5d684,"{""distance"":5,""physical_error_rate"":0.002}","{""detection_events"":2040,""detectors_checked"":229376}"
      1024,         0,         0,   0.249,standalone_exact_mw,1a2d9ab41a8a393fdef1a304cd6cd3b39e7654fe1ff27694ddcd7a0d28bf707b,"{""distance"":5,""physical_error_rate"":0.005}","{""detection_events"":4491,""detectors_checked"":229376}"
      1024,         0,         0,   0.082,standalone_exact_mw,7bb6e20e48600212890a8c0dbf00c9e78f41358e09b12be0f89e4aae4bc5d684,"{""distance"":5,""physical_error_rate"":0.002}","{""detection_events"":2050,""detectors_checked"":229376}"
      1024,         0,         0,   0.063,standalone_exact_mw,7bb6e20e48600212890a8c0dbf00c9e78f41358e09b12be0f89e4aae4bc5d684,"{""distance"":5,""physical_error_rate"":0.002}","{""detection_events"":1814,""detectors_checked"":229376}"
      1024,         0,         0,   0.316,standalone_exact_mw,1a2d9ab41a8a393fdef1a304cd6cd3b39e7654fe1ff27694ddcd7a0d28bf707b,"{""distance"":5,""physical_error_rate"":0.005}","{""detection_events"":4777,""detectors_checked"":229376}"
      9216,         0,         0,   0.621,standalone_exact_mw,77d802c74222c3324b7f1323f7447c6411ad27be92307b6127e53af575faadca,"{""distance"":5,""physical_error_rate"":0.001}","{""detection_events"":8475,""detectors_checked"":2064384}"
      2048,         0,         0,   0.198,standalone_exact_mw,7bb6e20e48600212890a8c0dbf00c9e78f41358e09b12be0f89e4aae4bc5d684,"{""distance"":5,""physical_error_rate"":0.002}","{""detection_events"":3760,""detectors_checked"":458752}"
     23552,         0,         0,   0.817,standalone_exact_mw,cc9149276d16e61a5ac322a1d2048afebd34054fe0ed4879b77eb616628c1148,"{""distance"":5,""physical_error_rate"":0.0001}","{""detection_events"":2174,""detectors_checked"":5275648}"
     12288,         0,         0,   0.606,standalone_exact_mw,503ee55b5ad1b1988379a241a0405811522ee4d50b473755532ad1299cb121e2,"{""distance"":5,""physical_error_rate"":0.0005}","{""detection_events"":5654,""detectors_checked"":2752512}"
    434176,         0,         0,    11.7,standalone_exact_mw,cc9149276d16e61a5ac322a1d2048afebd34054fe0ed4879b77eb616628c1148,"{""distance"":5,""physical_error_rate"":0.0001}","{""detection_events"":39434,""detectors_checked"":97255424}"
      3072,         0,         0,   0.222,standalone_exact_mw,7bb6e20e48600212890a8c0dbf00c9e78f41358e09b12be0f89e4aae4bc5d684,"{""distance"":5,""physical_error_rate"":0.002}","{""detection_events"":5712,""detectors_checked"":688128}"
     33792,         0,         0,    1.12,standalone_exact_mw,aea10f45e3589e84a00777b800d38e8a3149bd6cb552c409f3bffd718c1a0abf,"{""distance"":5,""physical_error_rate"":5e-05}","{""detection_events"":1724,""detectors_checked"":7569408}"
    385024,         0,         0,    11.6,standalone_exact_mw,29ae76c7f86edcd2f56343e8109d8463cbc736644db4e57527101e2f1c3606c8,"{""distance"":5,""physical_error_rate"":0.0002}","{""detection_events"":70729,""detectors_checked"":86245376}"
      1024,         1,         0,   0.410,standalone_exact_mw,1a2d9ab41a8a393fdef1a304cd6cd3b39e7654fe1ff27694ddcd7a0d28bf707b,"{""distance"":5,""physical_error_rate"":0.005}","{""detection_events"":4732,""detectors_checked"":229376,""obs_mistake_mask=E"":1}"
      3072,         0,         0,   0.333,standalone_exact_mw,7bb6e20e48600212890a8c0dbf00c9e78f41358e09b12be0f89e4aae4bc5d684,"{""distance"":5,""physical_error_rate"":0.002}","{""detection_events"":5693,""detectors_checked"":688128}"
     11264,         0,         0,   0.864,standalone_exact_mw,77d802c74222c3324b7f1323f7447c6411ad27be92307b6127e53af575faadca,"{""distance"":5,""physical_error_rate"":0.001}","{""detection_events"":10408,""detectors_checked"":2523136}"
      2048,         0,         0,   0.327,standalone_exact_mw,7bb6e20e48600212890a8c0dbf00c9e78f41358e09b12be0f89e4aae4bc5d684,"{""distance"":5,""physical_error_rate"":0.002}","{""detection_events"":3731,""detectors_checked"":458752}"
     16384,         0,         0,   0.836,standalone_exact_mw,503ee55b5ad1b1988379a241a0405811522ee4d50b473755532ad1299cb121e2,"{""distance"":5,""physical_error_rate"":0.0005}","{""detection_events"":7577,""detectors_checked"":3670016}"
      2048,         1,         0,   0.674,standalone_exact_mw,1a2d9ab41a8a393fdef1a304cd6cd3b39e7654fe1ff27694ddcd7a0d28bf707b,"{""distance"":5,""physical_error_rate"":0.005}","{""detection_events"":9058,""detectors_checked"":458752,""obs_mistake_mask=E"":1}"
    823296,         2,         0,    22.8,standalone_exact_mw,503ee55b5ad1b1988379a241a0405811522ee4d50b473755532ad1299cb121e2,"{""distance"":5,""physical_error_rate"":0.0005}","{""detection_events"":383142,""detectors_checked"":184418304,""obs_mistake_mask=E"":2}"
     10240,         3,         0,    3.31,standalone_exact_mw,1a2d9ab41a8a393fdef1a304cd6cd3b39e7654fe1ff27694ddcd7a0d28bf707b,"{""distance"":5,""physical_error_rate"":0.005}","{""detection_events"":46042,""detectors_checked"":2293760,""obs_mistake_mask=E"":3}"
     57344,         0,         0,    1.12,standalone_exact_mw,cc9149276d16e61a5ac322a1d2048afebd34054fe0ed4879b77eb616628c1148,"{""distance"":5,""physical_error_rate"":0.0001}","{""detection_events"":5459,""detectors_checked"":12845056}"
    461824,         0,         0,    11.6,standalone_exact_mw,aea10f45e3589e84a00777b800d38e8a3149bd6cb552c409f3bffd718c1a0abf,"{""distance"":5,""physical_error_rate"":5e-05}","{""detection_events"":21661,""detectors_checked"":103448576}"
    462848,         0,         0,    16.3,standalone_exact_mw,29ae76c7f86edcd2f56343e8109d8463cbc736644db4e57527101e2f1c3606c8,"{""distance"":5,""physical_error_rate"":0.0002}","{""detection_events"":85844,""detectors_checked"":103677952}"
      4096,         0,         0,   0.481,standalone_exact_mw,7bb6e20e48600212890a8c0dbf00c9e78f41358e09b12be0f89e4aae4bc5d684,"{""distance"":5,""physical_error_rate"":0.002}","{""detection_events"":7786,""detectors_checked"":917504}"
    281600,         0,         0,    8.35,standalone_exact_mw,cc9149276d16e61a5ac322a1d2048afebd34054fe0ed4879b77eb616628c1148,"{""distance"":5,""physical_error_rate"":0.0001}","{""detection_events"":26421,""detectors_checked"":63078400}"
     48128,         0,         0,    1.57,standalone_exact_mw,aea10f45e3589e84a00777b800d38e8a3149bd6cb552c409f3bffd718c1a0abf,"{""distance"":5,""physical_error_rate"":5e-05}","{""detection_events"":2196,""detectors_checked"":10780672}"
      3072,         1,         0,   0.936,standalone_exact_mw,1a2d9ab41a8a393fdef1a304cd6cd3b39e7654fe1ff27694ddcd7a0d28bf707b,"{""distance"":5,""physical_error_rate"":0.005}","{""detection_events"":13785,""detectors_checked"":688128,""obs_mistake_mask=E"":1}"
     16384,         0,         0,    1.15,standalone_exact_mw,77d802c74222c3324b7f1323f7447c6411ad27be92307b6127e53af575faadca,"{""distance"":5,""physical_error_rate"":0.001}","{""detection_events"":15436,""detectors_checked"":3670016}"
      6144,         0,         0,   0.644,standalone_exact_mw,7bb6e20e48600212890a8c0dbf00c9e78f41358e09b12be0f89e4aae4bc5d684,"{""distance"":5,""physical_error_rate"":0.002}","{""detection_events"":11050,""detectors_checked"":1376256}"
     22528,         0,         0,    1.12,standalone_exact_mw,503ee55b5ad1b1988379a241a0405811522ee4d50b473755532ad1299cb121e2,"{""distance"":5,""physical_error_rate"":0.0005}","{""detection_events"":10660,""detectors_checked"":5046272}"
     75776,         0,         0,    4.29,standalone_exact_mw,77d802c74222c3324b7f1323f7447c6411ad27be92307b6127e53af575faadca,"{""distance"":5,""physical_error_rate"":0.001}","{""detection_events"":69630,""detectors_checked"":16973824}"
    114688,         0,         0,    4.27,standalone_exact_mw,503ee55b5ad1b1988379a241a0405811522ee4d50b473755532ad1299cb121e2,"{""distance"":5,""physical_error_rate"":0.0005}","{""detection_events"":53252,""detectors_checked"":25690112}"
    219136,         0,         0,    8.32,standalone_exact_mw,29ae76c7f86edcd2f56343e8109d8463cbc736644db4e57527101e2f1c3606c8,"{""distance"":5,""physical_error_rate"":0.0002}","{""detection_events"":41254,""detectors_checked"":49086464}"
     60416,         0,         0,    1.57,standalone_exact_mw,cc9149276d16e61a5ac322a1d2048afebd34054fe0ed4879b77eb616628c1148,"{""distance"":5,""physical_error_rate"":0.0001}","{""detection_events"":5488,""detectors_checked"":13533184}"
      8192,         1,         0,   0.886,standalone_exact_mw,7bb6e20e48600212890a8c0dbf00c9e78f41358e09b12be0f89e4aae4bc5d684,"{""distance"":5,""physical_error_rate"":0.002}","{""detection_events"":15160,""detectors_checked"":1835008,""obs_mistake_mask=E"":1}"
    111616,         0,         0,    4.27,standalone_exact_mw,29ae76c7f86edcd2f56343e8109d8463cbc736644db4e57527101e2f1c3606c8,"{""distance"":5,""physical_error_rate"":0.0002}","{""detection_events"":20794,""detectors_checked"":25001984}"
      5120,         4,         0,    1.27,standalone_exact_mw,1a2d9ab41a8a393fdef1a304cd6cd3b39e7654fe1ff27694ddcd7a0d28bf707b,"{""distance"":5,""physical_error_rate"":0.005}","{""detection_events"":23185,""detectors_checked"":1146880,""obs_mistake_mask=E"":4}"
     31744,         0,         0,    1.56,standalone_exact_mw,503ee55b5ad1b1988379a241a0405811522ee4d50b473755532ad1299cb121e2,"{""distance"":5,""physical_error_rate"":0.0005}","{""detection_events"":14787,""detectors_checked"":7110656}"
     23552,         0,         0,    1.63,standalone_exact_mw,77d802c74222c3324b7f1323f7447c6411ad27be92307b6127e53af575faadca,"{""distance"":5,""physical_error_rate"":0.001}","{""detection_events"":21970,""detectors_checked"":5275648}"
     67584,         0,         0,    2.16,standalone_exact_mw,aea10f45e3589e84a00777b800d38e8a3149bd6cb552c409f3bffd718c1a0abf,"{""distance"":5,""physical_error_rate"":5e-05}","{""detection_events"":3130,""detectors_checked"":15138816}"
     13312,         0,         0,    1.13,standalone_exact_mw,7bb6e20e48600212890a8c0dbf00c9e78f41358e09b12be0f89e4aae4bc5d684,"{""distance"":5,""physical_error_rate"":0.002}","{""detection_events"":24059,""detectors_checked"":2981888}"
      4096,         1,         0,    1.61,standalone_exact_mw,1a2d9ab41a8a393fdef1a304cd6cd3b39e7654fe1ff27694ddcd7a0d28bf707b,"{""distance"":5,""physical_error_rate"":0.005}","{""detection_events"":18507,""detectors_checked"":917504,""obs_mistake_mask=E"":1}"
     84992,         0,         0,    2.17,standalone_exact_mw,cc9149276d16e61a5ac322a1d2048afebd34054fe0ed4879b77eb616628c1148,"{""distance"":5,""physical_error_rate"":0.0001}","{""detection_events"":7754,""detectors_checked"":19038208}"
    111616,         3,         0,    11.7,standalone_exact_mw,7bb6e20e48600212890a8c0dbf00c9e78f41358e09b12be0f89e4aae4bc5d684,"{""distance"":5,""physical_error_rate"":0.002}","{""detection_events"":207246,""detectors_checked"":25001984,""obs_mistake_mask=E"":3}"
     57344,         0,         0,    6.10,standalone_exact_mw,7bb6e20e48600212890a8c0dbf00c9e78f41358e09b12be0f89e4aae4bc5d684,"{""distance"":5,""physical_error_rate"":0.002}","{""detection_events"":105093,""detectors_checked"":12845056}"
    295936,         0,         0,    8.29,standalone_exact_mw,aea10f45e3589e84a00777b800d38e8a3149bd6cb552c409f3bffd718c1a0abf,"{""distance"":5,""physical_error_rate"":5e-05}","{""detection_events"":13611,""detectors_checked"":66289664}"
     14336,         0,         0,    1.55,standalone_exact_mw,7bb6e20e48600212890a8c0dbf00c9e78f41358e09b12be0f89e4aae4bc5d684,"{""distance"":5,""physical_error_rate"":0.002}","{""detection_events"":25619,""detectors_checked"":3211264}"
     14336,         8,         0,    4.61,standalone_exact_mw,1a2d9ab41a8a393fdef1a304cd6cd3b39e7654fe1ff27694ddcd7a0d28bf707b,"{""distance"":5,""physical_error_rate"":0.005}","{""detection_events"":64865,""detectors_checked"":3211264,""obs_mistake_mask=E"":8}"
     44032,         0,         0,    2.18,standalone_exact_mw,503ee55b5ad1b1988379a241a0405811522ee4d50b473755532ad1299cb121e2,"{""distance"":5,""physical_error_rate"":0.0005}","{""detection_events"":20302,""detectors_checked"":9863168}"
     31744,         1,         0,    2.19,standalone_exact_mw,77d802c74222c3324b7f1323f7447c6411ad27be92307b6127e53af575faadca,"{""distance"":5,""physical_error_rate"":0.001}","{""detection_events"":29375,""detectors_checked"":7110656,""obs_mistake_mask=E"":1}"
    290816,         0,         0,    11.7,standalone_exact_mw,503ee55b5ad1b1988379a241a0405811522ee4d50b473755532ad1299cb121e2,"{""distance"":5,""physical_error_rate"":0.0005}","{""detection_events"":135291,""detectors_checked"":65142784}"
    850944,         0,         0,    22.8,standalone_exact_mw,29ae76c7f86edcd2f56343e8109d8463cbc736644db4e57527101e2f1c3606c8,"{""distance"":5,""physical_error_rate"":0.0002}","{""detection_events"":157192,""detectors_checked"":190611456}"
     41984,        21,         0,    12.0,standalone_exact_mw,1a2d9ab41a8a393fdef1a304cd6cd3b39e7654fe1ff27694ddcd7a0d28bf707b,"{""distance"":5,""physical_error_rate"":0.005}","{""detection_events"":190000,""detectors_checked"":9404416,""obs_mistake_mask=E"":21}"
     94208,         0,         0,    3.06,standalone_exact_mw,aea10f45e3589e84a00777b800d38e8a3149bd6cb552c409f3bffd718c1a0abf,"{""distance"":5,""physical_error_rate"":5e-05}","{""detection_events"":4359,""detectors_checked"":21102592}"
      9216,         3,         0,    2.34,standalone_exact_mw,1a2d9ab41a8a393fdef1a304cd6cd3b39e7654fe1ff27694ddcd7a0d28bf707b,"{""distance"":5,""physical_error_rate"":0.005}","{""detection_events"":42283,""detectors_checked"":2064384,""obs_mistake_mask=E"":3}"
    980992,         0,         0,    22.8,standalone_exact_mw,aea10f45e3589e84a00777b800d38e8a3149bd6cb552c409f3bffd718c1a0abf,"{""distance"":5,""physical_error_rate"":5e-05}","{""detection_events"":45778,""detectors_checked"":219742208}"
     13312,         0,         0,    2.28,standalone_exact_mw,7bb6e20e48600212890a8c0dbf00c9e78f41358e09b12be0f89e4aae4bc5d684,"{""distance"":5,""physical_error_rate"":0.002}","{""detection_events"":24898,""detectors_checked"":2981888}"
    116736,         0,         0,    3.05,standalone_exact_mw,cc9149276d16e61a5ac322a1d2048afebd34054fe0ed4879b77eb616628c1148,"{""distance"":5,""physical_error_rate"":0.0001}","{""detection_events"":10945,""detectors_checked"":26148864}"
    119808,         0,         0,    5.98,standalone_exact_mw,77d802c74222c3324b7f1323f7447c6411ad27be92307b6127e53af575faadca,"{""distance"":5,""physical_error_rate"":0.001}","{""detection_events"":110682,""detectors_checked"":26836992}"
    217088,         3,         0,    11.7,standalone_exact_mw,77d802c74222c3324b7f1323f7447c6411ad27be92307b6127e53af575faadca,"{""distance"":5,""physical_error_rate"":0.001}","{""detection_events"":201659,""detectors_checked"":48627712,""obs_mistake_mask=E"":3}"
    161792,         0,         0,    5.99,standalone_exact_mw,503ee55b5ad1b1988379a241a0405811522ee4d50b473755532ad1299cb121e2,"{""distance"":5,""physical_error_rate"":0.0005}","{""detection_events"":75083,""detectors_checked"":36241408}"
    423936,         1,         0,    22.8,standalone_exact_mw,77d802c74222c3324b7f1323f7447c6411ad27be92307b6127e53af575faadca,"{""distance"":5,""physical_error_rate"":0.001}","{""detection_events"":395896,""detectors_checked"":94961664,""obs_mistake_mask=E"":1}"
     51200,         0,         0,    3.08,standalone_exact_mw,503ee55b5ad1b1988379a241a0405811522ee4d50b473755532ad1299cb121e2,"{""distance"":5,""physical_error_rate"":0.0005}","{""detection_events"":23936,""detectors_checked"":11468800}"
     39936,         0,         0,    3.07,standalone_exact_mw,77d802c74222c3324b7f1323f7447c6411ad27be92307b6127e53af575faadca,"{""distance"":5,""physical_error_rate"":0.001}","{""detection_events"":36828,""detectors_checked"":8945664}"
    121856,         0,         0,    5.95,standalone_exact_mw,29ae76c7f86edcd2f56343e8109d8463cbc736644db4e57527101e2f1c3606c8,"{""distance"":5,""physical_error_rate"":0.0002}","{""detection_events"":22569,""detectors_checked"":27295744}"
    865280,         0,         0,    22.8,standalone_exact_mw,cc9149276d16e61a5ac322a1d2048afebd34054fe0ed4879b77eb616628c1148,"{""distance"":5,""physical_error_rate"":0.0001}","{""detection_events"":80704,""detectors_checked"":193822720}"
     10240,         6,         0,    3.34,standalone_exact_mw,1a2d9ab41a8a393fdef1a304cd6cd3b39e7654fe1ff27694ddcd7a0d28bf707b,"{""distance"":5,""physical_error_rate"":0.005}","{""detection_events"":46139,""detectors_checked"":2293760,""obs_mistake_mask=E"":6}"
     23552,         0,         0,    3.14,standalone_exact_mw,7bb6e20e48600212890a8c0dbf00c9e78f41358e09b12be0f89e4aae4bc5d684,"{""distance"":5,""physical_error_rate"":0.002}","{""detection_events"":43229,""detectors_checked"":5275648}"
    244736,        10,         0,    22.8,standalone_exact_mw,7bb6e20e48600212890a8c0dbf00c9e78f41358e09b12be0f89e4aae4bc5d684,"{""distance"":5,""physical_error_rate"":0.002}","{""detection_events"":451400,""detectors_checked"":54820864,""obs_mistake_mask=E"":10}"
    153600,         0,         0,    4.26,standalone_exact_mw,aea10f45e3589e84a00777b800d38e8a3149bd6cb552c409f3bffd718c1a0abf,"{""distance"":5,""physical_error_rate"":5e-05}","{""detection_events"":7061,""detectors_checked"":34406400}"
     80896,        41,         0,    23.1,standalone_exact_mw,1a2d9ab41a8a393fdef1a304cd6cd3b39e7654fe1ff27694ddcd7a0d28bf707b,"{""distance"":5,""physical_error_rate"":0.005}","{""detection_events"":367571,""detectors_checked"":18120704,""obs_mistake_mask=E"":41}"
     18432,         5,         0,    6.03,standalone_exact_mw,1a2d9ab41a8a393fdef1a304cd6cd3b39e7654fe1ff27694ddcd7a0d28bf707b,"{""distance"":5,""physical_error_rate"":0.005}","{""detection_events"":83924,""detectors_checked"":4128768,""obs_mistake_mask=E"":5}"
    715776,         0,         0,    22.8,standalone_exact_mw,cc9149276d16e61a5ac322a1d2048afebd34054fe0ed4879b77eb616628c1148,"{""distance"":5,""physical_error_rate"":0.0001}","{""detection_events"":66624,""detectors_checked"":160333824}"
    653312,         0,         0,    22.9,standalone_exact_mw,cc9149276d16e61a5ac322a1d2048afebd34054fe0ed4879b77eb616628c1148,"{""distance"":5,""physical_error_rate"":0.0001}","{""detection_events"":61278,""detectors_checked"":146341888}"
    703488,         0,         0,    22.9,standalone_exact_mw,29ae76c7f86edcd2f56343e8109d8463cbc736644db4e57527101e2f1c3606c8,"{""distance"":5,""physical_error_rate"":0.0002}","{""detection_events"":131538,""detectors_checked"":157581312}"
    590848,         0,         0,    22.9,standalone_exact_mw,cc9149276d16e61a5ac322a1d2048afebd34054fe0ed4879b77eb616628c1148,"{""distance"":5,""physical_error_rate"":0.0001}","{""detection_events"":55791,""detectors_checked"":132349952}"
    164864,         0,         0,    4.24,standalone_exact_mw,cc9149276d16e61a5ac322a1d2048afebd34054fe0ed4879b77eb616628c1148,"{""distance"":5,""physical_error_rate"":0.0001}","{""detection_events"":15210,""detectors_checked"":36929536}"
    560128,         0,         0,    22.8,standalone_exact_mw,503ee55b5ad1b1988379a241a0405811522ee4d50b473755532ad1299cb121e2,"{""distance"":5,""physical_error_rate"":0.0005}","{""detection_events"":261297,""detectors_checked"":125468672}"
    541696,         0,         0,    22.9,standalone_exact_mw,503ee55b5ad1b1988379a241a0405811522ee4d50b473755532ad1299cb121e2,"{""distance"":5,""physical_error_rate"":0.0005}","{""detection_events"":250095,""detectors_checked"":121339904}"
    759808,         0,         0,    22.8,standalone_exact_mw,aea10f45e3589e84a00777b800d38e8a3149bd6cb552c409f3bffd718c1a0abf,"{""distance"":5,""physical_error_rate"":5e-05}","{""detection_events"":35286,""detectors_checked"":170196992}"
    507904,         0,         0,    22.9,standalone_exact_mw,503ee55b5ad1b1988379a241a0405811522ee4d50b473755532ad1299cb121e2,"{""distance"":5,""physical_error_rate"":0.0005}","{""detection_events"":235222,""detectors_checked"":113770496}"
    709632,         0,         0,    22.8,standalone_exact_mw,aea10f45e3589e84a00777b800d38e8a3149bd6cb552c409f3bffd718c1a0abf,"{""distance"":5,""physical_error_rate"":5e-05}","{""detection_events"":33542,""detectors_checked"":158957568}"
     79872,         0,         0,    4.28,standalone_exact_mw,503ee55b5ad1b1988379a241a0405811522ee4d50b473755532ad1299cb121e2,"{""distance"":5,""physical_error_rate"":0.0005}","{""detection_events"":37559,""detectors_checked"":17891328}"
    375808,         0,         0,    11.7,standalone_exact_mw,cc9149276d16e61a5ac322a1d2048afebd34054fe0ed4879b77eb616628c1148,"{""distance"":5,""physical_error_rate"":0.0001}","{""detection_events"":35413,""detectors_checked"":84180992}"
    235520,         9,         0,    22.9,standalone_exact_mw,7bb6e20e48600212890a8c0dbf00c9e78f41358e09b12be0f89e4aae4bc5d684,"{""distance"":5,""physical_error_rate"":0.002}","{""detection_events"":434291,""detectors_checked"":52756480,""obs_mistake_mask=E"":9}"
     43008,         0,         0,    4.40,standalone_exact_mw,77d802c74222c3324b7f1323f7447c6411ad27be92307b6127e53af575faadca,"{""distance"":5,""physical_error_rate"":0.001}","{""detection_events"":39629,""detectors_checked"":9633792}"
    790528,         0,         0,    22.8,standalone_exact_mw,aea10f45e3589e84a00777b800d38e8a3149bd6cb552c409f3bffd718c1a0abf,"{""distance"":5,""physical_error_rate"":5e-05}","{""detection_events"":37340,""detectors_checked"":177078272}"
     88064,         0,         0,    8.38,standalone_exact_mw,7bb6e20e48600212890a8c0dbf00c9e78f41358e09b12be0f89e4aae4bc5d684,"{""distance"":5,""physical_error_rate"":0.002}","{""detection_events"":163999,""detectors_checked"":19726336}"
     69632,        29,         0,    23.0,standalone_exact_mw,1a2d9ab41a8a393fdef1a304cd6cd3b39e7654fe1ff27694ddcd7a0d28bf707b,"{""distance"":5,""physical_error_rate"":0.005}","{""detection_events"":316370,""detectors_checked"":15597568,""obs_mistake_mask=E"":29}"
    262144,         0,         0,    11.7,standalone_exact_mw,29ae76c7f86edcd2f56343e8109d8463cbc736644db4e57527101e2f1c3606c8,"{""distance"":5,""physical_error_rate"":0.0002}","{""detection_events"":48743,""detectors_checked"":58720256}"
    203776,         6,         0,    22.9,standalone_exact_mw,7bb6e20e48600212890a8c0dbf00c9e78f41358e09b12be0f89e4aae4bc5d684,"{""distance"":5,""physical_error_rate"":0.002}","{""detection_events"":376292,""detectors_checked"":45645824,""obs_mistake_mask=E"":6}"
     49152,         2,         0,    4.37,standalone_exact_mw,7bb6e20e48600212890a8c0dbf00c9e78f41358e09b12be0f89e4aae4bc5d684,"{""distance"":5,""physical_error_rate"":0.002}","{""detection_events"":90279,""detectors_checked"":11010048,""obs_mistake_mask=E"":2}"
      8192,         4,         0,    5.05,standalone_exact_mw,1a2d9ab41a8a393fdef1a304cd6cd3b39e7654fe1ff27694ddcd7a0d28bf707b,"{""distance"":5,""physical_error_rate"":0.005}","{""detection_events"":37496,""detectors_checked"":1835008,""obs_mistake_mask=E"":4}"
    404480,         1,         0,    22.9,standalone_exact_mw,77d802c74222c3324b7f1323f7447c6411ad27be92307b6127e53af575faadca,"{""distance"":5,""physical_error_rate"":0.001}","{""detection_events"":377190,""detectors_checked"":90603520,""obs_mistake_mask=E"":1}"
     75776,        25,         0,    23.2,standalone_exact_mw,1a2d9ab41a8a393fdef1a304cd6cd3b39e7654fe1ff27694ddcd7a0d28bf707b,"{""distance"":5,""physical_error_rate"":0.005}","{""detection_events"":343074,""detectors_checked"":16973824,""obs_mistake_mask=E"":25}"
     72704,        24,         0,    23.0,standalone_exact_mw,1a2d9ab41a8a393fdef1a304cd6cd3b39e7654fe1ff27694ddcd7a0d28bf707b,"{""distance"":5,""physical_error_rate"":0.005}","{""detection_events"":329138,""detectors_checked"":16285696,""obs_mistake_mask=E"":24}"
    164864,         0,         0,    8.37,standalone_exact_mw,77d802c74222c3324b7f1323f7447c6411ad27be92307b6127e53af575faadca,"{""distance"":5,""physical_error_rate"":0.001}","{""detection_events"":152824,""detectors_checked"":36929536}"
    503808,         0,         0,    16.3,standalone_exact_mw,cc9149276d16e61a5ac322a1d2048afebd34054fe0ed4879b77eb616628c1148,"{""distance"":5,""physical_error_rate"":0.0001}","{""detection_events"":47099,""detectors_checked"":112852992}"
    555008,         0,         0,    16.3,standalone_exact_mw,29ae76c7f86edcd2f56343e8109d8463cbc736644db4e57527101e2f1c3606c8,"{""distance"":5,""physical_error_rate"":0.0002}","{""detection_events"":104144,""detectors_checked"":124321792}"
    399360,         0,         0,    22.8,standalone_exact_mw,77d802c74222c3324b7f1323f7447c6411ad27be92307b6127e53af575faadca,"{""distance"":5,""physical_error_rate"":0.001}","{""detection_events"":372036,""detectors_checked"":89456640}"
    226304,         0,         0,    8.33,standalone_exact_mw,503ee55b5ad1b1988379a241a0405811522ee4d50b473755532ad1299cb121e2,"{""distance"":5,""physical_error_rate"":0.0005}","{""detection_events"":105049,""detectors_checked"":50692096}"
    318464,         0,         0,    11.6,standalone_exact_mw,aea10f45e3589e84a00777b800d38e8a3149bd6cb552c409f3bffd718c1a0abf,"{""distance"":5,""physical_error_rate"":5e-05}","{""detection_events"":14722,""detectors_checked"":71335936}"
         1,         0,         0,   0.000,standalone_exact_mw,aea10f45e3589e84a00777b800d38e8a3149bd6cb552c409f3bffd718c1a0abf,"{""distance"":5,""physical_error_rate"":5e-05}","{""detectors_checked"":224}"
      2320,         0,         0,   0.033,standalone_exact_mw,aea10f45e3589e84a00777b800d38e8a3149bd6cb552c409f3bffd718c1a0abf,"{""distance"":5,""physical_error_rate"":5e-05}","{""detection_events"":111,""detectors_checked"":519680}"
    181248,         0,         0,    5.92,standalone_exact_mw,aea10f45e3589e84a00777b800d38e8a3149bd6cb552c409f3bffd718c1a0abf,"{""distance"":5,""physical_error_rate"":5e-05}","{""detection_events"":8551,""detectors_checked"":40599552}"
      2048,         0,         0,   0.034,standalone_exact_mw,aea10f45e3589e84a00777b800d38e8a3149bd6cb552c409f3bffd718c1a0abf,"{""distance"":5,""physical_error_rate"":5e-05}","{""detection_events"":96,""detectors_checked"":458752}"
      2048,         0,         0,   0.029,standalone_exact_mw,aea10f45e3589e84a00777b800d38e8a3149bd6cb552c409f3bffd718c1a0abf,"{""distance"":5,""physical_error_rate"":5e-05}","{""detection_events"":80,""detectors_checked"":458752}"
      3072,         0,         0,   0.038,standalone_exact_mw,aea10f45e3589e84a00777b800d38e8a3149bd6cb552c409f3bffd718c1a0abf,"{""distance"":5,""physical_error_rate"":5e-05}","{""detection_events"":133,""detectors_checked"":688128}"
      3072,         0,         0,   0.037,standalone_exact_mw,aea10f45e3589e84a00777b800d38e8a3149bd6cb552c409f3bffd718c1a0abf,"{""distance"":5,""physical_error_rate"":5e-05}","{""detection_events"":134,""detectors_checked"":688128}"
    141312,         0,         0,    8.37,standalone_exact_mw,29ae76c7f86edcd2f56343e8109d8463cbc736644db4e57527101e2f1c3606c8,"{""distance"":5,""physical_error_rate"":0.0002}","{""detection_events"":26424,""detectors_checked"":31653888}"
      5120,         0,         0,   0.080,standalone_exact_mw,aea10f45e3589e84a00777b800d38e8a3149bd6cb552c409f3bffd718c1a0abf,"{""distance"":5,""physical_error_rate"":5e-05}","{""detection_events"":278,""detectors_checked"":1146880}"
    264192,         5,         0,    23.0,standalone_exact_mw,7bb6e20e48600212890a8c0dbf00c9e78f41358e09b12be0f89e4aae4bc5d684,"{""distance"":5,""physical_error_rate"":0.002}","{""detection_events"":489802,""detectors_checked"":59179008,""obs_mistake_mask=E"":5}"
      7168,         0,         0,   0.112,standalone_exact_mw,aea10f45e3589e84a00777b800d38e8a3149bd6cb552c409f3bffd718c1a0abf,"{""distance"":5,""physical_error_rate"":5e-05}","{""detection_events"":337,""detectors_checked"":1605632}"
    397312,         0,         0,    16.4,standalone_exact_mw,aea10f45e3589e84a00777b800d38e8a3149bd6cb552c409f3bffd718c1a0abf,"{""distance"":5,""physical_error_rate"":5e-05}","{""detection_events"":18592,""detectors_checked"":88997888}"
        17,         0,         0,   0.023,standalone_exact_mw,1a2d9ab41a8a393fdef1a304cd6cd3b39e7654fe1ff27694ddcd7a0d28bf707b,"{""distance"":5,""physical_error_rate"":0.005}","{""detection_events"":79,""detectors_checked"":3808}"
    377856,         0,         0,    22.9,standalone_exact_mw,503ee55b5ad1b1988379a241a0405811522ee4d50b473755532ad1299cb121e2,"{""distance"":5,""physical_error_rate"":0.0005}","{""detection_events"":175871,""detectors_checked"":84639744}"
       256,         0,         0,   0.036,standalone_exact_mw,1a2d9ab41a8a393fdef1a304cd6cd3b39e7654fe1ff27694ddcd7a0d28bf707b,"{""distance"":5,""physical_error_rate"":0.005}","{""detection_events"":1071,""detectors_checked"":57344}"
     10240,         0,         0,   0.155,standalone_exact_mw,aea10f45e3589e84a00777b800d38e8a3149bd6cb552c409f3bffd718c1a0abf,"{""distance"":5,""physical_error_rate"":5e-05}","{""detection_events"":495,""detectors_checked"":2293760}"
      8192,         0,         0,   0.192,standalone_exact_mw,aea10f45e3589e84a00777b800d38e8a3149bd6cb552c409f3bffd718c1a0abf,"{""distance"":5,""physical_error_rate"":5e-05}","{""detection_events"":418,""detectors_checked"":1835008}"
      1024,         0,         0,   0.255,standalone_exact_mw,1a2d9ab41a8a393fdef1a304cd6cd3b39e7654fe1ff27694ddcd7a0d28bf707b,"{""distance"":5,""physical_error_rate"":0.005}","{""detection_events"":4537,""detectors_checked"":229376}"
    211968,         0,         0,    5.96,standalone_exact_mw,cc9149276d16e61a5ac322a1d2048afebd34054fe0ed4879b77eb616628c1148,"{""distance"":5,""physical_error_rate"":0.0001}","{""detection_events"":19924,""detectors_checked"":47480832}"
      1024,         0,         0,   0.284,standalone_exact_mw,1a2d9ab41a8a393fdef1a304cd6cd3b39e7654fe1ff27694ddcd7a0d28bf707b,"{""distance"":5,""physical_error_rate"":0.005}","{""detection_events"":4655,""detectors_checked"":229376}"
     12288,         0,         0,   0.297,standalone_exact_mw,aea10f45e3589e84a00777b800d38e8a3149bd6cb552c409f3bffd718c1a0abf,"{""distance"":5,""physical_error_rate"":5e-05}","{""detection_events"":569,""detectors_checked"":2752512}"
    416768,         1,         0,    22.9,standalone_exact_mw,77d802c74222c3324b7f1323f7447c6411ad27be92307b6127e53af575faadca,"{""distance"":5,""physical_error_rate"":0.001}","{""detection_events"":386244,""detectors_checked"":93356032,""obs_mistake_mask=E"":1}"
    660480,         0,         0,    22.8,standalone_exact_mw,29ae76c7f86edcd2f56343e8109d8463cbc736644db4e57527101e2f1c3606c8,"{""distance"":5,""physical_error_rate"":0.0002}","{""detection_events"":122839,""detectors_checked"":147947520}"
    825344,         0,         0,    22.8,standalone_exact_mw,cc9149276d16e61a5ac322a1d2048afebd34054fe0ed4879b77eb616628c1148,"{""distance"":5,""physical_error_rate"":0.0001}","{""detection_events"":76673,""detectors_checked"":184877056}"
     17408,         0,         0,   0.408,standalone_exact_mw,aea10f45e3589e84a00777b800d38e8a3149bd6cb552c409f3bffd718c1a0abf,"{""distance"":5,""physical_error_rate"":5e-05}","{""detection_events"":818,""detectors_checked"":3899392}"
      1024,         1,         0,   0.448,standalone_exact_mw,1a2d9ab41a8a393fdef1a304cd6cd3b39e7654fe1ff27694ddcd7a0d28bf707b,"{""distance"":5,""physical_error_rate"":0.005}","{""detection_events"":4718,""detectors_checked"":229376,""obs_mistake_mask=E"":1}"
     60416,        20,         0,    23.2,standalone_exact_mw,1a2d9ab41a8a393fdef1a304cd6cd3b39e7654fe1ff27694ddcd7a0d28bf707b,"{""distance"":5,""physical_error_rate"":0.005}","{""detection_events"":274652,""detectors_checked"":13533184,""obs_mistake_mask=E"":20}"
      1024,         0,         0,   0.272,standalone_exact_mw,1a2d9ab41a8a393fdef1a304cd6cd3b39e7654fe1ff27694ddcd7a0d28bf707b,"{""distance"":5,""physical_error_rate"":0.005}","{""detection_events"":4661,""detectors_checked"":229376}"
    121856,         0,         0,    5.93,standalone_exact_mw,503ee55b5ad1b1988379a241a0405811522ee4d50b473755532ad1299cb121e2,"{""distance"":5,""physical_error_rate"":0.0005}","{""detection_events"":57240,""detectors_checked"":27295744}"
     24576,         0,         0,   0.575,standalone_exact_mw,aea10f45e3589e84a00777b800d38e8a3149bd6cb552c409f3bffd718c1a0abf,"{""distance"":5,""physical_error_rate"":5e-05}","{""detection_events"":1194,""detectors_checked"":5505024}"
     64512,         0,         0,    6.00,standalone_exact_mw,77d802c74222c3324b7f1323f7447c6411ad27be92307b6127e53af575faadca,"{""distance"":5,""physical_error_rate"":0.001}","{""detection_events"":59497,""detectors_checked"":14450688}"
      1024,         0,         0,   0.337,standalone_exact_mw,1a2d9ab41a8a393fdef1a304cd6cd3b39e7654fe1ff27694ddcd7a0d28bf707b,"{""distance"":5,""physical_error_rate"":0.005}","{""detection_events"":4657,""detectors_checked"":229376}"
      1024,         0,         0,   0.339,standalone_exact_mw,1a2d9ab41a8a393fdef1a304cd6cd3b39e7654fe1ff27694ddcd7a0d28bf707b,"{""distance"":5,""physical_error_rate"":0.005}","{""detection_events"":4640,""detectors_checked"":229376}"
    743424,         0,         0,    22.8,standalone_exact_mw,29ae76c7f86edcd2f56343e8109d8463cbc736644db4e57527101e2f1c3606c8,"{""distance"":5,""physical_error_rate"":0.0002}","{""detection_events"":138996,""detectors_checked"":166526976}"
      1024,         1,         0,   0.315,standalone_exact_mw,1a2d9ab41a8a393fdef1a304cd6cd3b39e7654fe1ff27694ddcd7a0d28bf707b,"{""distance"":5,""physical_error_rate"":0.005}","{""detection_events"":4549,""detectors_checked"":229376,""obs_mistake_mask=E"":1}"
     26624,         0,         0,   0.778,standalone_exact_mw,aea10f45e3589e84a00777b800d38e8a3149bd6cb552c409f3bffd718c1a0abf,"{""distance"":5,""physical_error_rate"":5e-05}","{""detection_events"":1145,""detectors_checked"":5963776}"
     29696,         9,         0,    8.45,standalone_exact_mw,1a2d9ab41a8a393fdef1a304cd6cd3b39e7654fe1ff27694ddcd7a0d28bf707b,"{""distance"":5,""physical_error_rate"":0.005}","{""detection_events"":134986,""detectors_checked"":6651904,""obs_mistake_mask=E"":9}"
       273,         0,         0,   0.004,standalone_exact_mw,29ae76c7f86edcd2f56343e8109d8463cbc736644db4e57527101e2f1c3606c8,"{""distance"":5,""physical_error_rate"":0.0002}","{""detection_events"":51,""detectors_checked"":61152}"
      1297,         0,         0,   0.040,standalone_exact_mw,503ee55b5ad1b1988379a241a0405811522ee4d50b473755532ad1299cb121e2,"{""distance"":5,""physical_error_rate"":0.0005}","{""detection_events"":548,""detectors_checked"":290528}"
      1024,         0,         0,   0.036,standalone_exact_mw,29ae76c7f86edcd2f56343e8109d8463cbc736644db4e57527101e2f1c3606c8,"{""distance"":5,""physical_error_rate"":0.0002}","{""detection_events"":209,""detectors_checked"":229376}"
      1024,         0,         0,   0.030,standalone_exact_mw,503ee55b5ad1b1988379a241a0405811522ee4d50b473755532ad1299cb121e2,"{""distance"":5,""physical_error_rate"":0.0005}","{""detection_events"":471,""detectors_checked"":229376}"
       273,         0,         0,   0.029,standalone_exact_mw,7bb6e20e48600212890a8c0dbf00c9e78f41358e09b12be0f89e4aae4bc5d684,"{""distance"":5,""physical_error_rate"":0.002}","{""detection_events"":494,""detectors_checked"":61152}"
      1024,         0,         0,   0.312,standalone_exact_mw,1a2d9ab41a8a393fdef1a304cd6cd3b39e7654fe1ff27694ddcd7a0d28bf707b,"{""distance"":5,""physical_error_rate"":0.005}","{""detection_events"":4526,""detectors_checked"":229376}"
      1024,         0,         0,   0.050,standalone_exact_mw,29ae76c7f86edcd2f56343e8109d8463cbc736644db4e57527101e2f1c3606c8,"{""distance"":5,""physical_error_rate"":0.0002}","{""detection_events"":174,""detectors_checked"":229376}"
      1024,         0,         0,   0.048,standalone_exact_mw,503ee55b5ad1b1988379a241a0405811522ee4d50b473755532ad1299cb121e2,"{""distance"":5,""physical_error_rate"":0.0005}","{""detection_events"":458,""detectors_checked"":229376}"
      1024,         0,         0,   0.031,standalone_exact_mw,503ee55b5ad1b1988379a241a0405811522ee4d50b473755532ad1299cb121e2,"{""distance"":5,""physical_error_rate"":0.0005}","{""detection_events"":535,""detectors_checked"":229376}"
      1024,         0,         0,   0.078,standalone_exact_mw,7bb6e20e48600212890a8c0dbf00c9e78f41358e09b12be0f89e4aae4bc5d684,"{""distance"":5,""physical_error_rate"":0.002}","{""detection_events"":1819,""detectors_checked"":229376}"
      1024,         0,         0,   0.050,standalone_exact_mw,29ae76c7f86edcd2f56343e8109d8463cbc736644db4e57527101e2f1c3606c8,"{""distance"":5,""physical_error_rate"":0.0002}","{""detection_events"":202,""detectors_checked"":229376}"
      1024,         0,         0,   0.049,standalone_exact_mw,503ee55b5ad1b1988379a241a0405811522ee4d50b473755532ad1299cb121e2,"{""distance"":5,""physical_error_rate"":0.0005}","{""detection_events"":488,""detectors_checked"":229376}"
      1024,         0,         0,   0.047,standalone_exact_mw,29ae76c7f86edcd2f56343e8109d8463cbc736644db4e57527101e2f1c3606c8,"{""distance"":5,""physical_error_rate"":0.0002}","{""detection_events"":188,""detectors_checked"":229376}"
      1024,         0,         0,   0.055,standalone_exact_mw,7bb6e20e48600212890a8c0dbf00c9e78f41358e09b12be0f89e4aae4bc5d684,"{""distance"":5,""physical_error_rate"":0.002}","{""detection_events"":1818,""detectors_checked"":229376}"
      2048,         0,         0,   0.059,standalone_exact_mw,503ee55b5ad1b1988379a241a0405811522ee4d50b473755532ad1299cb121e2,"{""distance"":5,""physical_error_rate"":0.0005}","{""detection_events"":940,""detectors_checked"":458752}"
      1024,         0,         0,   0.053,standalone_exact_mw,7bb6e20e48600212890a8c0dbf00c9e78f41358e09b12be0f89e4aae4bc5d684,"{""distance"":5,""physical_error_rate"":0.002}","{""detection_events"":1959,""detectors_checked"":229376}"
      2048,         0,         0,   0.084,standalone_exact_mw,29ae76c7f86edcd2f56343e8109d8463cbc736644db4e57527101e2f1c3606c8,"{""distance"":5,""physical_error_rate"":0.0002}","{""detection_events"":433,""detectors_checked"":458752}"
      1024,         0,         0,   0.050,standalone_exact_mw,7bb6e20e48600212890a8c0dbf00c9e78f41358e09b12be0f89e4aae4bc5d684,"{""distance"":5,""physical_error_rate"":0.002}","{""detection_events"":1798,""detectors_checked"":229376}"
      2048,         0,         0,   0.079,standalone_exact_mw,503ee55b5ad1b1988379a241a0405811522ee4d50b473755532ad1299cb121e2,"{""distance"":5,""physical_error_rate"":0.0005}","{""detection_events"":906,""detectors_checked"":458752}"
    238592,         5,         0,    22.9,standalone_exact_mw,7bb6e20e48600212890a8c0dbf00c9e78f41358e09b12be0f89e4aae4bc5d684,"{""distance"":5,""physical_error_rate"":0.002}","{""detection_events"":437941,""detectors_checked"":53444608,""obs_mistake_mask=E"":5}"
      3072,         0,         0,   0.114,standalone_exact_mw,29ae76c7f86edcd2f56343e8109d8463cbc736644db4e57527101e2f1c3606c8,"{""distance"":5,""physical_error_rate"":0.0002}","{""detection_events"":520,""detectors_checked"":688128}"
    779264,         0,         0,    22.8,standalone_exact_mw,aea10f45e3589e84a00777b800d38e8a3149bd6cb552c409f3bffd718c1a0abf,"{""distance"":5,""physical_error_rate"":5e-05}","{""detection_events"":36618,""detectors_checked"":174555136}"
      2048,         0,         0,   0.104,standalone_exact_mw,7bb6e20e48600212890a8c0dbf00c9e78f41358e09b12be0f89e4aae4bc5d684,"{""distance"":5,""physical_error_rate"":0.002}","{""detection_events"":3873,""detectors_checked"":458752}"
      3072,         0,         0,   0.109,standalone_exact_mw,503ee55b5ad1b1988379a241a0405811522ee4d50b473755532ad1299cb121e2,"{""distance"":5,""physical_error_rate"":0.0005}","{""detection_events"":1403,""detectors_checked"":688128}"
      1024,         1,         0,   0.407,standalone_exact_mw,1a2d9ab41a8a393fdef1a304cd6cd3b39e7654fe1ff27694ddcd7a0d28bf707b,"{""distance"":5,""physical_error_rate"":0.005}","{""detection_events"":4726,""detectors_checked"":229376,""obs_mistake_mask=E"":1}"
      3072,         0,         0,   0.107,standalone_exact_mw,29ae76c7f86edcd2f56343e8109d8463cbc736644db4e57527101e2f1c3606c8,"{""distance"":5,""physical_error_rate"":0.0002}","{""detection_events"":514,""detectors_checked"":688128}"
      2048,         0,         0,   0.107,standalone_exact_mw,7bb6e20e48600212890a8c0dbf00c9e78f41358e09b12be0f89e4aae4bc5d684,"{""distance"":5,""physical_error_rate"":0.002}","{""detection_events"":3672,""detectors_checked"":458752}"
      4096,         0,         0,   0.143,standalone_exact_mw,503ee55b5ad1b1988379a241a0405811522ee4d50b473755532ad1299cb121e2,"{""distance"":5,""physical_error_rate"":0.0005}","{""detection_events"":1896,""detectors_checked"":917504}"
      4096,         0,         0,   0.167,standalone_exact_mw,29ae76c7f86edcd2f56343e8109d8463cbc736644db4e57527101e2f1c3606c8,"{""distance"":5,""physical_error_rate"":0.0002}","{""detection_events"":796,""detectors_checked"":917504}"
      3072,         0,         0,   0.153,standalone_exact_mw,7bb6e20e48600212890a8c0dbf00c9e78f41358e09b12be0f89e4aae4bc5d684,"{""distance"":5,""physical_error_rate"":0.002}","{""detection_events"":5510,""detectors_checked"":688128}"
      6144,         0,         0,   0.221,standalone_exact_mw,503ee55b5ad1b1988379a241a0405811522ee4d50b473755532ad1299cb121e2,"{""distance"":5,""physical_error_rate"":0.0005}","{""detection_events"":2902,""detectors_checked"":1376256}"
      3072,         1,         0,   0.162,standalone_exact_mw,7bb6e20e48600212890a8c0dbf00c9e78f41358e09b12be0f89e4aae4bc5d684,"{""distance"":5,""physical_error_rate"":0.002}","{""detection_events"":5822,""detectors_checked"":688128,""obs_mistake_mask=E"":1}"
      6144,         0,         0,   0.248,standalone_exact_mw,29ae76c7f86edcd2f56343e8109d8463cbc736644db4e57527101e2f1c3606c8,"{""distance"":5,""physical_error_rate"":0.0002}","{""detection_events"":1017,""detectors_checked"":1376256}"
     53248,         0,         0,    1.10,standalone_exact_mw,aea10f45e3589e84a00777b800d38e8a3149bd6cb552c409f3bffd718c1a0abf,"{""distance"":5,""physical_error_rate"":5e-05}","{""detection_events"":2515,""detectors_checked"":11927552}"
      4096,         1,         0,   0.224,standalone_exact_mw,7bb6e20e48600212890a8c0dbf00c9e78f41358e09b12be0f89e4aae4bc5d684,"{""distance"":5,""physical_error_rate"":0.002}","{""detection_events"":7728,""detectors_checked"":917504,""obs_mistake_mask=E"":1}"
      2048,         1,         0,   0.618,standalone_exact_mw,1a2d9ab41a8a393fdef1a304cd6cd3b39e7654fe1ff27694ddcd7a0d28bf707b,"{""distance"":5,""physical_error_rate"":0.005}","{""detection_events"":9330,""detectors_checked"":458752,""obs_mistake_mask=E"":1}"
      8192,         0,         0,   0.310,standalone_exact_mw,503ee55b5ad1b1988379a241a0405811522ee4d50b473755532ad1299cb121e2,"{""distance"":5,""physical_error_rate"":0.0005}","{""detection_events"":3741,""detectors_checked"":1835008}"
     76800,         0,         0,    6.03,standalone_exact_mw,7bb6e20e48600212890a8c0dbf00c9e78f41358e09b12be0f89e4aae4bc5d684,"{""distance"":5,""physical_error_rate"":0.002}","{""detection_events"":140900,""detectors_checked"":17203200}"
      8192,         0,         0,   0.309,standalone_exact_mw,29ae76c7f86edcd2f56343e8109d8463cbc736644db4e57527101e2f1c3606c8,"{""distance"":5,""physical_error_rate"":0.0002}","{""detection_events"":1491,""detectors_checked"":1835008}"
    113664,         7,         0,    16.5,standalone_exact_mw,7bb6e20e48600212890a8c0dbf00c9e78f41358e09b12be0f89e4aae4bc5d684,"{""distance"":5,""physical_error_rate"":0.002}","{""detection_events"":209793,""detectors_checked"":25460736,""obs_mistake_mask=E"":7}"
      5120,         0,         0,   0.369,standalone_exact_mw,7bb6e20e48600212890a8c0dbf00c9e78f41358e09b12be0f89e4aae4bc5d684,"{""distance"":5,""physical_error_rate"":0.002}","{""detection_events"":9396,""detectors_checked"":1146880}"
       273,         0,         0,   0.042,standalone_exact_mw,1a2d9ab41a8a393fdef1a304cd6cd3b39e7654fe1ff27694ddcd7a0d28bf707b,"{""distance"":5,""physical_error_rate"":0.005}","{""detection_events"":1220,""detectors_checked"":61152}"
     14336,         0,         0,   0.436,standalone_exact_mw,503ee55b5ad1b1988379a241a0405811522ee4d50b473755532ad1299cb121e2,"{""distance"":5,""physical_error_rate"":0.0005}","{""detection_events"":6616,""detectors_checked"":3211264}"
     10240,         0,         0,   0.395,standalone_exact_mw,29ae76c7f86edcd2f56343e8109d8463cbc736644db4e57527101e2f1c3606c8,"{""distance"":5,""physical_error_rate"":0.0002}","{""detection_events"":2017,""detectors_checked"":2293760}"
     17408,         6,         0,    6.30,standalone_exact_mw,1a2d9ab41a8a393fdef1a304cd6cd3b39e7654fe1ff27694ddcd7a0d28bf707b,"{""distance"":5,""physical_error_rate"":0.005}","{""detection_events"":79677,""detectors_checked"":3899392,""obs_mistake_mask=E"":6}"
    277504,         0,         0,    23.0,standalone_exact_mw,77d802c74222c3324b7f1323f7447c6411ad27be92307b6127e53af575faadca,"{""distance"":5,""physical_error_rate"":0.001}","{""detection_events"":258389,""detectors_checked"":62160896}"
      1024,         1,         0,   0.264,standalone_exact_mw,1a2d9ab41a8a393fdef1a304cd6cd3b39e7654fe1ff27694ddcd7a0d28bf707b,"{""distance"":5,""physical_error_rate"":0.005}","{""detection_events"":4608,""detectors_checked"":229376,""obs_mistake_mask=E"":1}"
      5120,         1,         0,   0.460,standalone_exact_mw,7bb6e20e48600212890a8c0dbf00c9e78f41358e09b12be0f89e4aae4bc5d684,"{""distance"":5,""physical_error_rate"":0.002}","{""detection_events"":9663,""detectors_checked"":1146880,""obs_mistake_mask=E"":1}"
      2048,         1,         0,   0.825,standalone_exact_mw,1a2d9ab41a8a393fdef1a304cd6cd3b39e7654fe1ff27694ddcd7a0d28bf707b,"{""distance"":5,""physical_error_rate"":0.005}","{""detection_events"":9541,""detectors_checked"":458752,""obs_mistake_mask=E"":1}"
      1024,         1,         0,   0.190,standalone_exact_mw,1a2d9ab41a8a393fdef1a304cd6cd3b39e7654fe1ff27694ddcd7a0d28bf707b,"{""distance"":5,""physical_error_rate"":0.005}","{""detection_events"":4655,""detectors_checked"":229376,""obs_mistake_mask=E"":1}"
     23552,         0,         0,   0.566,standalone_exact_mw,503ee55b5ad1b1988379a241a0405811522ee4d50b473755532ad1299cb121e2,"{""distance"":5,""physical_error_rate"":0.0005}","{""detection_events"":11053,""detectors_checked"":5275648}"
      1024,         0,         0,   0.162,standalone_exact_mw,1a2d9ab41a8a393fdef1a304cd6cd3b39e7654fe1ff27694ddcd7a0d28bf707b,"{""distance"":5,""physical_error_rate"":0.005}","{""detection_events"":4866,""detectors_checked"":229376}"
     14336,         0,         0,   0.584,standalone_exact_mw,29ae76c7f86edcd2f56343e8109d8463cbc736644db4e57527101e2f1c3606c8,"{""distance"":5,""physical_error_rate"":0.0002}","{""detection_events"":2776,""detectors_checked"":3211264}"
      1024,         1,         0,   0.174,standalone_exact_mw,1a2d9ab41a8a393fdef1a304cd6cd3b39e7654fe1ff27694ddcd7a0d28bf707b,"{""distance"":5,""physical_error_rate"":0.005}","{""detection_events"":4432,""detectors_checked"":229376,""obs_mistake_mask=E"":1}"
    403456,         0,         0,    16.3,standalone_exact_mw,503ee55b5ad1b1988379a241a0405811522ee4d50b473755532ad1299cb121e2,"{""distance"":5,""physical_error_rate"":0.0005}","{""detection_events"":187773,""detectors_checked"":90374144}"
      7168,         0,         0,   0.589,standalone_exact_mw,7bb6e20e48600212890a8c0dbf00c9e78f41358e09b12be0f89e4aae4bc5d684,"{""distance"":5,""physical_error_rate"":0.002}","{""detection_events"":13302,""detectors_checked"":1605632}"
      1024,         2,         0,   0.163,standalone_exact_mw,1a2d9ab41a8a393fdef1a304cd6cd3b39e7654fe1ff27694ddcd7a0d28bf707b,"{""distance"":5,""physical_error_rate"":0.005}","{""detection_events"":4773,""detectors_checked"":229376,""obs_mistake_mask=E"":2}"
     73728,         0,         0,    1.54,standalone_exact_mw,aea10f45e3589e84a00777b800d38e8a3149bd6cb552c409f3bffd718c1a0abf,"{""distance"":5,""physical_error_rate"":5e-05}","{""detection_events"":3519,""detectors_checked"":16515072}"
      1024,         0,         0,   0.148,standalone_exact_mw,1a2d9ab41a8a393fdef1a304cd6cd3b39e7654fe1ff27694ddcd7a0d28bf707b,"{""distance"":5,""physical_error_rate"":0.005}","{""detection_events"":4730,""detectors_checked"":229376}"
      1024,         1,         0,   0.172,standalone_exact_mw,1a2d9ab41a8a393fdef1a304cd6cd3b39e7654fe1ff27694ddcd7a0d28bf707b,"{""distance"":5,""physical_error_rate"":0.005}","{""detection_events"":4764,""detectors_checked"":229376,""obs_mistake_mask=E"":1}"
     30720,         0,         0,   0.785,standalone_exact_mw,503ee55b5ad1b1988379a241a0405811522ee4d50b473755532ad1299cb121e2,"{""distance"":5,""physical_error_rate"":0.0005}","{""detection_events"":14415,""detectors_checked"":6881280}"
     57344,        21,         0,    16.6,standalone_exact_mw,1a2d9ab41a8a393fdef1a304cd6cd3b39e7654fe1ff27694ddcd7a0d28bf707b,"{""distance"":5,""physical_error_rate"":0.005}","{""detection_events"":261079,""detectors_checked"":12845056,""obs_mistake_mask=E"":21}"
      4096,         1,         0,    1.09,standalone_exact_mw,1a2d9ab41a8a393fdef1a304cd6cd3b39e7654fe1ff27694ddcd7a0d28bf707b,"{""distance"":5,""physical_error_rate"":0.005}","{""detection_events"":18113,""detectors_checked"":917504,""obs_mistake_mask=E"":1}"
      1024,         0,         0,   0.185,standalone_exact_mw,1a2d9ab41a8a393fdef1a304cd6cd3b39e7654fe1ff27694ddcd7a0d28bf707b,"{""distance"":5,""physical_error_rate"":0.005}","{""detection_events"":4490,""detectors_checked"":229376}"
     21504,         0,         0,   0.840,standalone_exact_mw,29ae76c7f86edcd2f56343e8109d8463cbc736644db4e57527101e2f1c3606c8,"{""distance"":5,""physical_error_rate"":0.0002}","{""detection_events"":3943,""detectors_checked"":4816896}"
     10240,         0,         0,   0.804,standalone_exact_mw,7bb6e20e48600212890a8c0dbf00c9e78f41358e09b12be0f89e4aae4bc5d684,"{""distance"":5,""physical_error_rate"":0.002}","{""detection_events"":18922,""detectors_checked"":2293760}"
      2048,         3,         0,   0.356,standalone_exact_mw,1a2d9ab41a8a393fdef1a304cd6cd3b39e7654fe1ff27694ddcd7a0d28bf707b,"{""distance"":5,""physical_error_rate"":0.005}","{""detection_events"":9280,""detectors_checked"":458752,""obs_mistake_mask=E"":3}"
    749568,         1,         0,    22.8,standalone_exact_mw,29ae76c7f86edcd2f56343e8109d8463cbc736644db4e57527101e2f1c3606c8,"{""distance"":5,""physical_error_rate"":0.0002}","{""detection_events"":139977,""detectors_checked"":167903232,""obs_mistake_mask=E"":1}"
     25600,         0,         0,    1.11,standalone_exact_mw,503ee55b5ad1b1988379a241a0405811522ee4d50b473755532ad1299cb121e2,"{""distance"":5,""physical_error_rate"":0.0005}","{""detection_events"":11807,""detectors_checked"":5734400}"
      2048,         0,         0,   0.709,standalone_exact_mw,1a2d9ab41a8a393fdef1a304cd6cd3b39e7654fe1ff27694ddcd7a0d28bf707b,"{""distance"":5,""physical_error_rate"":0.005}","{""detection_events"":9227,""detectors_checked"":458752}"
     28672,         0,         0,    1.10,standalone_exact_mw,29ae76c7f86edcd2f56343e8109d8463cbc736644db4e57527101e2f1c3606c8,"{""distance"":5,""physical_error_rate"":0.0002}","{""detection_events"":5251,""detectors_checked"":6422528}"
        17,         0,         0,   0.001,standalone_exact_mw,77d802c74222c3324b7f1323f7447c6411ad27be92307b6127e53af575faadca,"{""distance"":5,""physical_error_rate"":0.001}","{""detection_events"":12,""detectors_checked"":3808}"
      1280,         0,         0,   0.055,standalone_exact_mw,77d802c74222c3324b7f1323f7447c6411ad27be92307b6127e53af575faadca,"{""distance"":5,""physical_error_rate"":0.001}","{""detection_events"":1178,""detectors_checked"":286720}"
      1024,         0,         0,   0.038,standalone_exact_mw,77d802c74222c3324b7f1323f7447c6411ad27be92307b6127e53af575faadca,"{""distance"":5,""physical_error_rate"":0.001}","{""detection_events"":911,""detectors_checked"":229376}"
    265216,         1,         0,    16.4,standalone_exact_mw,77d802c74222c3324b7f1323f7447c6411ad27be92307b6127e53af575faadca,"{""distance"":5,""physical_error_rate"":0.001}","{""detection_events"":247282,""detectors_checked"":59408384,""obs_mistake_mask=E"":1}"
      1024,         0,         0,   0.048,standalone_exact_mw,77d802c74222c3324b7f1323f7447c6411ad27be92307b6127e53af575faadca,"{""distance"":5,""physical_error_rate"":0.001}","{""detection_events"":960,""detectors_checked"":229376}"
     13312,         0,         0,    1.12,standalone_exact_mw,7bb6e20e48600212890a8c0dbf00c9e78f41358e09b12be0f89e4aae4bc5d684,"{""distance"":5,""physical_error_rate"":0.002}","{""detection_events"":24357,""detectors_checked"":2981888}"
      1024,         0,         0,   0.044,standalone_exact_mw,77d802c74222c3324b7f1323f7447c6411ad27be92307b6127e53af575faadca,"{""distance"":5,""physical_error_rate"":0.001}","{""detection_events"":932,""detectors_checked"":229376}"
      4096,         5,         0,    1.43,standalone_exact_mw,1a2d9ab41a8a393fdef1a304cd6cd3b39e7654fe1ff27694ddcd7a0d28bf707b,"{""distance"":5,""physical_error_rate"":0.005}","{""detection_events"":18798,""detectors_checked"":917504,""obs_mistake_mask=E"":5}"
      2048,         0,         0,   0.102,standalone_exact_mw,77d802c74222c3324b7f1323f7447c6411ad27be92307b6127e53af575faadca,"{""distance"":5,""physical_error_rate"":0.001}","{""detection_events"":1797,""detectors_checked"":458752}"
      2048,         0,         0,   0.115,standalone_exact_mw,77d802c74222c3324b7f1323f7447c6411ad27be92307b6127e53af575faadca,"{""distance"":5,""physical_error_rate"":0.001}","{""detection_events"":1976,""detectors_checked"":458752}"
      2048,         1,         0,   0.575,standalone_exact_mw,1a2d9ab41a8a393fdef1a304cd6cd3b39e7654fe1ff27694ddcd7a0d28bf707b,"{""distance"":5,""physical_error_rate"":0.005}","{""detection_events"":9363,""detectors_checked"":458752,""obs_mistake_mask=E"":1}"
     89088,         0,         0,    2.18,standalone_exact_mw,aea10f45e3589e84a00777b800d38e8a3149bd6cb552c409f3bffd718c1a0abf,"{""distance"":5,""physical_error_rate"":5e-05}","{""detection_events"":4051,""detectors_checked"":19955712}"
      3072,         0,         0,   0.148,standalone_exact_mw,77d802c74222c3324b7f1323f7447c6411ad27be92307b6127e53af575faadca,"{""distance"":5,""physical_error_rate"":0.001}","{""detection_events"":2880,""detectors_checked"":688128}"
      3072,         0,         0,   0.146,standalone_exact_mw,77d802c74222c3324b7f1323f7447c6411ad27be92307b6127e53af575faadca,"{""distance"":5,""physical_error_rate"":0.001}","{""detection_events"":2823,""detectors_checked"":688128}"
    114688,         3,         0,    11.8,standalone_exact_mw,7bb6e20e48600212890a8c0dbf00c9e78f41358e09b12be0f89e4aae4bc5d684,"{""distance"":5,""physical_error_rate"":0.002}","{""detection_events"":211658,""detectors_checked"":25690112,""obs_mistake_mask=E"":3}"
      4096,         0,         0,   0.202,standalone_exact_mw,77d802c74222c3324b7f1323f7447c6411ad27be92307b6127e53af575faadca,"{""distance"":5,""physical_error_rate"":0.001}","{""detection_events"":3855,""detectors_checked"":917504}"
    261120,         0,         0,    8.33,standalone_exact_mw,aea10f45e3589e84a00777b800d38e8a3149bd6cb552c409f3bffd718c1a0abf,"{""distance"":5,""physical_error_rate"":5e-05}","{""detection_events"":11903,""detectors_checked"":58490880}"
      2048,         1,         0,   0.699,standalone_exact_mw,1a2d9ab41a8a393fdef1a304cd6cd3b39e7654fe1ff27694ddcd7a0d28bf707b,"{""distance"":5,""physical_error_rate"":0.005}","{""detection_events"":9458,""detectors_checked"":458752,""obs_mistake_mask=E"":1}"
      3072,         0,         0,   0.285,standalone_exact_mw,77d802c74222c3324b7f1323f7447c6411ad27be92307b6127e53af575faadca,"{""distance"":5,""physical_error_rate"":0.001}","{""detection_events"":2976,""detectors_checked"":688128}"
     39936,         0,         0,    1.54,standalone_exact_mw,503ee55b5ad1b1988379a241a0405811522ee4d50b473755532ad1299cb121e2,"{""distance"":5,""physical_error_rate"":0.0005}","{""detection_events"":18540,""detectors_checked"":8945664}"
     39936,         0,         0,    1.59,standalone_exact_mw,29ae76c7f86edcd2f56343e8109d8463cbc736644db4e57527101e2f1c3606c8,"{""distance"":5,""physical_error_rate"":0.0002}","{""detection_events"":7687,""detectors_checked"":8945664}"
      4096,         0,         0,   0.419,standalone_exact_mw,77d802c74222c3324b7f1323f7447c6411ad27be92307b6127e53af575faadca,"{""distance"":5,""physical_error_rate"":0.001}","{""detection_events"":3826,""detectors_checked"":917504}"
     14336,         0,         0,    1.58,standalone_exact_mw,7bb6e20e48600212890a8c0dbf00c9e78f41358e09b12be0f89e4aae4bc5d684,"{""distance"":5,""physical_error_rate"":0.002}","{""detection_events"":26812,""detectors_checked"":3211264}"
       273,         0,         0,   0.023,standalone_exact_mw,cc9149276d16e61a5ac322a1d2048afebd34054fe0ed4879b77eb616628c1148,"{""distance"":5,""physical_error_rate"":0.0001}","{""detection_events"":42,""detectors_checked"":61152}"
      5120,         2,         0,    1.71,standalone_exact_mw,1a2d9ab41a8a393fdef1a304cd6cd3b39e7654fe1ff27694ddcd7a0d28bf707b,"{""distance"":5,""physical_error_rate"":0.005}","{""detection_events"":23331,""detectors_checked"":1146880,""obs_mistake_mask=E"":2}"
      2048,         0,         0,   0.036,standalone_exact_mw,cc9149276d16e61a5ac322a1d2048afebd34054fe0ed4879b77eb616628c1148,"{""distance"":5,""physical_error_rate"":0.0001}","{""detection_events"":193,""detectors_checked"":458752}"
      1024,         0,         0,   0.027,standalone_exact_mw,cc9149276d16e61a5ac322a1d2048afebd34054fe0ed4879b77eb616628c1148,"{""distance"":5,""physical_error_rate"":0.0001}","{""detection_events"":84,""detectors_checked"":229376}"
      2048,         0,         0,   0.051,standalone_exact_mw,cc9149276d16e61a5ac322a1d2048afebd34054fe0ed4879b77eb616628c1148,"{""distance"":5,""physical_error_rate"":0.0001}","{""detection_events"":204,""detectors_checked"":458752}"
      2048,         0,         0,   0.054,standalone_exact_mw,cc9149276d16e61a5ac322a1d2048afebd34054fe0ed4879b77eb616628c1148,"{""distance"":5,""physical_error_rate"":0.0001}","{""detection_events"":210,""detectors_checked"":458752}"
      3072,         0,         0,   0.052,standalone_exact_mw,cc9149276d16e61a5ac322a1d2048afebd34054fe0ed4879b77eb616628c1148,"{""distance"":5,""physical_error_rate"":0.0001}","{""detection_events"":291,""detectors_checked"":688128}"
      3072,         3,         0,   0.988,standalone_exact_mw,1a2d9ab41a8a393fdef1a304cd6cd3b39e7654fe1ff27694ddcd7a0d28bf707b,"{""distance"":5,""physical_error_rate"":0.005}","{""detection_events"":13547,""detectors_checked"":688128,""obs_mistake_mask=E"":3}"
    239616,         0,         0,    8.37,standalone_exact_mw,cc9149276d16e61a5ac322a1d2048afebd34054fe0ed4879b77eb616628c1148,"{""distance"":5,""physical_error_rate"":0.0001}","{""detection_events"":22533,""detectors_checked"":53673984}"
      5120,         0,         0,   0.075,standalone_exact_mw,cc9149276d16e61a5ac322a1d2048afebd34054fe0ed4879b77eb616628c1148,"{""distance"":5,""physical_error_rate"":0.0001}","{""detection_events"":506,""detectors_checked"":1146880}"
      6144,         0,         0,   0.632,standalone_exact_mw,77d802c74222c3324b7f1323f7447c6411ad27be92307b6127e53af575faadca,"{""distance"":5,""physical_error_rate"":0.001}","{""detection_events"":5803,""detectors_checked"":1376256}"
      6144,         0,         0,   0.098,standalone_exact_mw,cc9149276d16e61a5ac322a1d2048afebd34054fe0ed4879b77eb616628c1148,"{""distance"":5,""physical_error_rate"":0.0001}","{""detection_events"":533,""detectors_checked"":1376256}"
      9216,         0,         0,   0.164,standalone_exact_mw,cc9149276d16e61a5ac322a1d2048afebd34054fe0ed4879b77eb616628c1148,"{""distance"":5,""physical_error_rate"":0.0001}","{""detection_events"":851,""detectors_checked"":2064384}"
     12288,         0,         0,   0.208,standalone_exact_mw,cc9149276d16e61a5ac322a1d2048afebd34054fe0ed4879b77eb616628c1148,"{""distance"":5,""physical_error_rate"":0.0001}","{""detection_events"":1193,""detectors_checked"":2752512}"
    174080,         1,         0,    8.32,standalone_exact_mw,503ee55b5ad1b1988379a241a0405811522ee4d50b473755532ad1299cb121e2,"{""distance"":5,""physical_error_rate"":0.0005}","{""detection_events"":80785,""detectors_checked"":38993920,""obs_mistake_mask=E"":1}"
     16384,         0,         0,   0.306,standalone_exact_mw,cc9149276d16e61a5ac322a1d2048afebd34054fe0ed4879b77eb616628c1148,"{""distance"":5,""physical_error_rate"":0.0001}","{""detection_events"":1522,""detectors_checked"":3670016}"
      8192,         0,         0,   0.800,standalone_exact_mw,77d802c74222c3324b7f1323f7447c6411ad27be92307b6127e53af575faadca,"{""distance"":5,""physical_error_rate"":0.001}","{""detection_events"":7365,""detectors_checked"":1835008}"
    159744,         0,         0,    8.36,standalone_exact_mw,77d802c74222c3324b7f1323f7447c6411ad27be92307b6127e53af575faadca,"{""distance"":5,""physical_error_rate"":0.001}","{""detection_events"":148960,""detectors_checked"":35782656}"
      4096,         0,         0,    1.25,standalone_exact_mw,1a2d9ab41a8a393fdef1a304cd6cd3b39e7654fe1ff27694ddcd7a0d28bf707b,"{""distance"":5,""physical_error_rate"":0.005}","{""detection_events"":18346,""detectors_checked"":917504}"
     19456,         0,         0,   0.409,standalone_exact_mw,cc9149276d16e61a5ac322a1d2048afebd34054fe0ed4879b77eb616628c1148,"{""distance"":5,""physical_error_rate"":0.0001}","{""detection_events"":1835,""detectors_checked"":4358144}"
    128000,         0,         0,    3.04,standalone_exact_mw,aea10f45e3589e84a00777b800d38e8a3149bd6cb552c409f3bffd718c1a0abf,"{""distance"":5,""physical_error_rate"":5e-05}","{""detection_events"":5946,""detectors_checked"":28672000}"
     50176,         0,         0,    2.17,standalone_exact_mw,503ee55b5ad1b1988379a241a0405811522ee4d50b473755532ad1299cb121e2,"{""distance"":5,""physical_error_rate"":0.0005}","{""detection_events"":23317,""detectors_checked"":11239424}"
    232448,         2,         0,    11.7,standalone_exact_mw,77d802c74222c3324b7f1323f7447c6411ad27be92307b6127e53af575faadca,"{""distance"":5,""physical_error_rate"":0.001}","{""detection_events"":215559,""detectors_checked"":52068352,""obs_mistake_mask=E"":2}"
     56320,         0,         0,    2.17,standalone_exact_mw,29ae76c7f86edcd2f56343e8109d8463cbc736644db4e57527101e2f1c3606c8,"{""distance"":5,""physical_error_rate"":0.0002}","{""detection_events"":10619,""detectors_checked"":12615680}"
     13312,         0,         0,    2.20,standalone_exact_mw,7bb6e20e48600212890a8c0dbf00c9e78f41358e09b12be0f89e4aae4bc5d684,"{""distance"":5,""physical_error_rate"":0.002}","{""detection_events"":24456,""detectors_checked"":2981888}"
     18432,         0,         0,   0.590,standalone_exact_mw,cc9149276d16e61a5ac322a1d2048afebd34054fe0ed4879b77eb616628c1148,"{""distance"":5,""physical_error_rate"":0.0001}","{""detection_events"":1743,""detectors_checked"":4128768}"
    287744,         1,         0,    11.7,standalone_exact_mw,503ee55b5ad1b1988379a241a0405811522ee4d50b473755532ad1299cb121e2,"{""distance"":5,""physical_error_rate"":0.0005}","{""detection_events"":134136,""detectors_checked"":64454656,""obs_mistake_mask=E"":1}"
      7168,         1,         0,    2.38,standalone_exact_mw,1a2d9ab41a8a393fdef1a304cd6cd3b39e7654fe1ff27694ddcd7a0d28bf707b,"{""distance"":5,""physical_error_rate"":0.005}","{""detection_events"":32804,""detectors_checked"":1605632,""obs_mistake_mask=E"":1}"
     17408,         1,         0,    1.18,standalone_exact_mw,77d802c74222c3324b7f1323f7447c6411ad27be92307b6127e53af575faadca,"{""distance"":5,""physical_error_rate"":0.001}","{""detection_events"":16349,""detectors_checked"":3899392,""obs_mistake_mask=E"":1}"
    348160,         0,         0,    11.7,standalone_exact_mw,29ae76c7f86edcd2f56343e8109d8463cbc736644db4e57527101e2f1c3606c8,"{""distance"":5,""physical_error_rate"":0.0002}","{""detection_events"":65162,""detectors_checked"":77987840}"
     28672,         0,         0,   0.818,standalone_exact_mw,cc9149276d16e61a5ac322a1d2048afebd34054fe0ed4879b77eb616628c1148,"{""distance"":5,""physical_error_rate"":0.0001}","{""detection_events"":2703,""detectors_checked"":6422528}"
    427008,         0,         0,    16.3,standalone_exact_mw,cc9149276d16e61a5ac322a1d2048afebd34054fe0ed4879b77eb616628c1148,"{""distance"":5,""physical_error_rate"":0.0001}","{""detection_events"":39498,""detectors_checked"":95649792}"
      5120,         3,         0,    1.74,standalone_exact_mw,1a2d9ab41a8a393fdef1a304cd6cd3b39e7654fe1ff27694ddcd7a0d28bf707b,"{""distance"":5,""physical_error_rate"":0.005}","{""detection_events"":22877,""detectors_checked"":1146880,""obs_mistake_mask=E"":3}"
     98304,         1,         0,    8.28,standalone_exact_mw,7bb6e20e48600212890a8c0dbf00c9e78f41358e09b12be0f89e4aae4bc5d684,"{""distance"":5,""physical_error_rate"":0.002}","{""detection_events"":180782,""detectors_checked"":22020096,""obs_mistake_mask=E"":1}"
     36864,         0,         0,    1.14,standalone_exact_mw,cc9149276d16e61a5ac322a1d2048afebd34054fe0ed4879b77eb616628c1148,"{""distance"":5,""physical_error_rate"":0.0001}","{""detection_events"":3326,""detectors_checked"":8257536}"
     22528,         0,         0,    1.62,standalone_exact_mw,77d802c74222c3324b7f1323f7447c6411ad27be92307b6127e53af575faadca,"{""distance"":5,""physical_error_rate"":0.001}","{""detection_events"":20922,""detectors_checked"":5046272}"
     28672,        15,         0,    8.67,standalone_exact_mw,1a2d9ab41a8a393fdef1a304cd6cd3b39e7654fe1ff27694ddcd7a0d28bf707b,"{""distance"":5,""physical_error_rate"":0.005}","{""detection_events"":129924,""detectors_checked"":6422528,""obs_mistake_mask=E"":15}"
    339968,         0,         0,    16.3,standalone_exact_mw,29ae76c7f86edcd2f56343e8109d8463cbc736644db4e57527101e2f1c3606c8,"{""distance"":5,""physical_error_rate"":0.0002}","{""detection_events"":63491,""detectors_checked"":76152832}"
     64512,         0,         0,    3.06,standalone_exact_mw,503ee55b5ad1b1988379a241a0405811522ee4d50b473755532ad1299cb121e2,"{""distance"":5,""physical_error_rate"":0.0005}","{""detection_events"":29797,""detectors_checked"":14450688}"
     77824,         0,         0,    3.05,standalone_exact_mw,29ae76c7f86edcd2f56343e8109d8463cbc736644db4e57527101e2f1c3606c8,"{""distance"":5,""physical_error_rate"":0.0002}","{""detection_events"":14416,""detectors_checked"":17432576}"
     25600,         1,         0,    3.06,standalone_exact_mw,7bb6e20e48600212890a8c0dbf00c9e78f41358e09b12be0f89e4aae4bc5d684,"{""distance"":5,""physical_error_rate"":0.002}","{""detection_events"":47420,""detectors_checked"":5734400,""obs_mistake_mask=E"":1}"
      7168,         4,         0,    2.22,standalone_exact_mw,1a2d9ab41a8a393fdef1a304cd6cd3b39e7654fe1ff27694ddcd7a0d28bf707b,"{""distance"":5,""physical_error_rate"":0.005}","{""detection_events"":32378,""detectors_checked"":1605632,""obs_mistake_mask=E"":4}"
      9216,         1,         0,    3.10,standalone_exact_mw,1a2d9ab41a8a393fdef1a304cd6cd3b39e7654fe1ff27694ddcd7a0d28bf707b,"{""distance"":5,""physical_error_rate"":0.005}","{""detection_events"":41743,""detectors_checked"":2064384,""obs_mistake_mask=E"":1}"
     35840,        15,         0,    11.8,standalone_exact_mw,1a2d9ab41a8a393fdef1a304cd6cd3b39e7654fe1ff27694ddcd7a0d28bf707b,"{""distance"":5,""physical_error_rate"":0.005}","{""detection_events"":161851,""detectors_checked"":8028160,""obs_mistake_mask=E"":15}"
     43008,         0,         0,    1.58,standalone_exact_mw,cc9149276d16e61a5ac322a1d2048afebd34054fe0ed4879b77eb616628c1148,"{""distance"":5,""physical_error_rate"":0.0001}","{""detection_events"":4102,""detectors_checked"":9633792}"
    138240,         0,         0,    4.25,standalone_exact_mw,aea10f45e3589e84a00777b800d38e8a3149bd6cb552c409f3bffd718c1a0abf,"{""distance"":5,""physical_error_rate"":5e-05}","{""detection_events"":6363,""detectors_checked"":30965760}"
     32768,         0,         0,    2.18,standalone_exact_mw,77d802c74222c3324b7f1323f7447c6411ad27be92307b6127e53af575faadca,"{""distance"":5,""physical_error_rate"":0.001}","{""detection_events"":30225,""detectors_checked"":7340032}"
   1386496,         5,         0,    32.1,standalone_exact_mw,503ee55b5ad1b1988379a241a0405811522ee4d50b473755532ad1299cb121e2,"{""distance"":5,""physical_error_rate"":0.0005}","{""detection_events"":646434,""detectors_checked"":310575104,""obs_mistake_mask=E"":5}"
    589824,         0,         0,    16.3,standalone_exact_mw,aea10f45e3589e84a00777b800d38e8a3149bd6cb552c409f3bffd718c1a0abf,"{""distance"":5,""physical_error_rate"":5e-05}","{""detection_events"":26629,""detectors_checked"":132120576}"
     63488,         0,         0,    2.18,standalone_exact_mw,cc9149276d16e61a5ac322a1d2048afebd34054fe0ed4879b77eb616628c1148,"{""distance"":5,""physical_error_rate"":0.0001}","{""detection_events"":5712,""detectors_checked"":14221312}"
     11264,         2,         0,    3.23,standalone_exact_mw,1a2d9ab41a8a393fdef1a304cd6cd3b39e7654fe1ff27694ddcd7a0d28bf707b,"{""distance"":5,""physical_error_rate"":0.005}","{""detection_events"":50940,""detectors_checked"":2523136,""obs_mistake_mask=E"":2}"
     88064,         0,         0,    4.33,standalone_exact_mw,503ee55b5ad1b1988379a241a0405811522ee4d50b473755532ad1299cb121e2,"{""distance"":5,""physical_error_rate"":0.0005}","{""detection_events"":40952,""detectors_checked"":19726336}"
    108544,         0,         0,    4.26,standalone_exact_mw,29ae76c7f86edcd2f56343e8109d8463cbc736644db4e57527101e2f1c3606c8,"{""distance"":5,""physical_error_rate"":0.0002}","{""detection_events"":20159,""detectors_checked"":24313856}"
     45056,         0,         0,    3.08,standalone_exact_mw,77d802c74222c3324b7f1323f7447c6411ad27be92307b6127e53af575faadca,"{""distance"":5,""physical_error_rate"":0.001}","{""detection_events"":41949,""detectors_checked"":10092544}"
     39936,         3,         0,    4.36,standalone_exact_mw,7bb6e20e48600212890a8c0dbf00c9e78f41358e09b12be0f89e4aae4bc5d684,"{""distance"":5,""physical_error_rate"":0.002}","{""detection_events"":73883,""detectors_checked"":8945664,""obs_mistake_mask=E"":3}"
     13312,         8,         0,    4.28,standalone_exact_mw,1a2d9ab41a8a393fdef1a304cd6cd3b39e7654fe1ff27694ddcd7a0d28bf707b,"{""distance"":5,""physical_error_rate"":0.005}","{""detection_events"":60417,""detectors_checked"":2981888,""obs_mistake_mask=E"":8}"
     87040,         0,         0,    3.04,standalone_exact_mw,cc9149276d16e61a5ac322a1d2048afebd34054fe0ed4879b77eb616628c1148,"{""distance"":5,""physical_error_rate"":0.0001}","{""detection_events"":7882,""detectors_checked"":19496960}"
    389120,         0,         0,    11.7,standalone_exact_mw,aea10f45e3589e84a00777b800d38e8a3149bd6cb552c409f3bffd718c1a0abf,"{""distance"":5,""physical_error_rate"":5e-05}","{""detection_events"":18212,""detectors_checked"":87162880}"
    194560,         0,         0,    5.94,standalone_exact_mw,aea10f45e3589e84a00777b800d38e8a3149bd6cb552c409f3bffd718c1a0abf,"{""distance"":5,""physical_error_rate"":5e-05}","{""detection_events"":9055,""detectors_checked"":43581440}"
    356352,         0,         0,    11.6,standalone_exact_mw,cc9149276d16e61a5ac322a1d2048afebd34054fe0ed4879b77eb616628c1148,"{""distance"":5,""physical_error_rate"":0.0001}","{""detection_events"":33053,""detectors_checked"":79822848}"
   1118208,         0,         0,    32.0,standalone_exact_mw,29ae76c7f86edcd2f56343e8109d8463cbc736644db4e57527101e2f1c3606c8,"{""distance"":5,""physical_error_rate"":0.0002}","{""detection_events"":208248,""detectors_checked"":250478592}"
    317440,         0,         0,    11.7,standalone_exact_mw,503ee55b5ad1b1988379a241a0405811522ee4d50b473755532ad1299cb121e2,"{""distance"":5,""physical_error_rate"":0.0005}","{""detection_events"":147650,""detectors_checked"":71106560}"
     14336,         5,         0,    4.29,standalone_exact_mw,1a2d9ab41a8a393fdef1a304cd6cd3b39e7654fe1ff27694ddcd7a0d28bf707b,"{""distance"":5,""physical_error_rate"":0.005}","{""detection_events"":64646,""detectors_checked"":3211264,""obs_mistake_mask=E"":5}"
    785408,         0,         0,    22.8,standalone_exact_mw,cc9149276d16e61a5ac322a1d2048afebd34054fe0ed4879b77eb616628c1148,"{""distance"":5,""physical_error_rate"":0.0001}","{""detection_events"":73435,""detectors_checked"":175931392}"
    228352,         0,         0,    11.7,standalone_exact_mw,77d802c74222c3324b7f1323f7447c6411ad27be92307b6127e53af575faadca,"{""distance"":5,""physical_error_rate"":0.001}","{""detection_events"":210656,""detectors_checked"":51150848}"
    648192,         0,         0,    22.8,standalone_exact_mw,29ae76c7f86edcd2f56343e8109d8463cbc736644db4e57527101e2f1c3606c8,"{""distance"":5,""physical_error_rate"":0.0002}","{""detection_events"":120773,""detectors_checked"":145195008}"
   1286144,         0,         0,    32.0,standalone_exact_mw,aea10f45e3589e84a00777b800d38e8a3149bd6cb552c409f3bffd718c1a0abf,"{""distance"":5,""physical_error_rate"":5e-05}","{""detection_events"":60459,""detectors_checked"":288096256}"
     63488,         0,         0,    4.24,standalone_exact_mw,77d802c74222c3324b7f1323f7447c6411ad27be92307b6127e53af575faadca,"{""distance"":5,""physical_error_rate"":0.001}","{""detection_events"":58137,""detectors_checked"":14221312}"
    628736,         3,         0,    32.0,standalone_exact_mw,77d802c74222c3324b7f1323f7447c6411ad27be92307b6127e53af575faadca,"{""distance"":5,""physical_error_rate"":0.001}","{""detection_events"":584202,""detectors_checked"":140836864,""obs_mistake_mask=E"":3}"
    763904,         0,         0,    22.9,standalone_exact_mw,aea10f45e3589e84a00777b800d38e8a3149bd6cb552c409f3bffd718c1a0abf,"{""distance"":5,""physical_error_rate"":5e-05}","{""detection_events"":36212,""detectors_checked"":171114496}"
    134144,         0,         0,    5.91,standalone_exact_mw,503ee55b5ad1b1988379a241a0405811522ee4d50b473755532ad1299cb121e2,"{""distance"":5,""physical_error_rate"":0.0005}","{""detection_events"":62435,""detectors_checked"":30048256}"
    118784,         3,         0,    11.8,standalone_exact_mw,7bb6e20e48600212890a8c0dbf00c9e78f41358e09b12be0f89e4aae4bc5d684,"{""distance"":5,""physical_error_rate"":0.002}","{""detection_events"":221095,""detectors_checked"":26607616,""obs_mistake_mask=E"":3}"
    151552,         0,         0,    5.94,standalone_exact_mw,29ae76c7f86edcd2f56343e8109d8463cbc736644db4e57527101e2f1c3606c8,"{""distance"":5,""physical_error_rate"":0.0002}","{""detection_events"":28749,""detectors_checked"":33947648}"
    139264,         0,         0,    4.26,standalone_exact_mw,cc9149276d16e61a5ac322a1d2048afebd34054fe0ed4879b77eb616628c1148,"{""distance"":5,""physical_error_rate"":0.0001}","{""detection_events"":12723,""detectors_checked"":31195136}"
    153600,         6,         0,    16.3,standalone_exact_mw,7bb6e20e48600212890a8c0dbf00c9e78f41358e09b12be0f89e4aae4bc5d684,"{""distance"":5,""physical_error_rate"":0.002}","{""detection_events"":283162,""detectors_checked"":34406400,""obs_mistake_mask=E"":6}"
   1243136,         0,         0,    32.0,standalone_exact_mw,cc9149276d16e61a5ac322a1d2048afebd34054fe0ed4879b77eb616628c1148,"{""distance"":5,""physical_error_rate"":0.0001}","{""detection_events"":115454,""detectors_checked"":278462464}"
     56320,         2,         0,    5.95,standalone_exact_mw,7bb6e20e48600212890a8c0dbf00c9e78f41358e09b12be0f89e4aae4bc5d684,"{""distance"":5,""physical_error_rate"":0.002}","{""detection_events"":104138,""detectors_checked"":12615680,""obs_mistake_mask=E"":2}"
     18432,         8,         0,    6.13,standalone_exact_mw,1a2d9ab41a8a393fdef1a304cd6cd3b39e7654fe1ff27694ddcd7a0d28bf707b,"{""distance"":5,""physical_error_rate"":0.005}","{""detection_events"":83564,""detectors_checked"":4128768,""obs_mistake_mask=E"":8}"
     43008,        18,         0,    12.0,standalone_exact_mw,1a2d9ab41a8a393fdef1a304cd6cd3b39e7654fe1ff27694ddcd7a0d28bf707b,"{""distance"":5,""physical_error_rate"":0.005}","{""detection_events"":194501,""detectors_checked"":9633792,""obs_mistake_mask=E"":18}"
    411648,        15,         0,    32.2,standalone_exact_mw,7bb6e20e48600212890a8c0dbf00c9e78f41358e09b12be0f89e4aae4bc5d684,"{""distance"":5,""physical_error_rate"":0.002}","{""detection_events"":759244,""detectors_checked"":92209152,""obs_mistake_mask=E"":15}"
    122880,        46,         0,    32.2,standalone_exact_mw,1a2d9ab41a8a393fdef1a304cd6cd3b39e7654fe1ff27694ddcd7a0d28bf707b,"{""distance"":5,""physical_error_rate"":0.005}","{""detection_events"":555365,""detectors_checked"":27525120,""obs_mistake_mask=E"":46}"
   1065984,         0,         0,    32.0,standalone_exact_mw,cc9149276d16e61a5ac322a1d2048afebd34054fe0ed4879b77eb616628c1148,"{""distance"":5,""physical_error_rate"":0.0001}","{""detection_events"":99023,""detectors_checked"":238780416}"
    952320,         0,         0,    32.0,standalone_exact_mw,cc9149276d16e61a5ac322a1d2048afebd34054fe0ed4879b77eb616628c1148,"{""distance"":5,""physical_error_rate"":0.0001}","{""detection_events"":87918,""detectors_checked"":213319680}"
    839680,         0,         0,    32.0,standalone_exact_mw,29ae76c7f86edcd2f56343e8109d8463cbc736644db4e57527101e2f1c3606c8,"{""distance"":5,""physical_error_rate"":0.0002}","{""detection_events"":156350,""detectors_checked"":188088320}"
    900096,         0,         0,    31.9,standalone_exact_mw,cc9149276d16e61a5ac322a1d2048afebd34054fe0ed4879b77eb616628c1148,"{""distance"":5,""physical_error_rate"":0.0001}","{""detection_events"":84128,""detectors_checked"":201621504}"
    730112,         0,         0,    32.0,standalone_exact_mw,503ee55b5ad1b1988379a241a0405811522ee4d50b473755532ad1299cb121e2,"{""distance"":5,""physical_error_rate"":0.0005}","{""detection_events"":338367,""detectors_checked"":163545088}"
    234496,         6,         0,    22.9,standalone_exact_mw,7bb6e20e48600212890a8c0dbf00c9e78f41358e09b12be0f89e4aae4bc5d684,"{""distance"":5,""physical_error_rate"":0.002}","{""detection_events"":434346,""detectors_checked"":52527104,""obs_mistake_mask=E"":6}"
    301056,         1,         0,    16.4,standalone_exact_mw,77d802c74222c3324b7f1323f7447c6411ad27be92307b6127e53af575faadca,"{""distance"":5,""physical_error_rate"":0.001}","{""detection_events"":278837,""detectors_checked"":67436544,""obs_mistake_mask=E"":1}"
    735232,         0,         0,    32.0,standalone_exact_mw,503ee55b5ad1b1988379a241a0405811522ee4d50b473755532ad1299cb121e2,"{""distance"":5,""physical_error_rate"":0.0005}","{""detection_events"":340898,""detectors_checked"":164691968}"
    816128,         0,         0,    31.8,standalone_exact_mw,aea10f45e3589e84a00777b800d38e8a3149bd6cb552c409f3bffd718c1a0abf,"{""distance"":5,""physical_error_rate"":5e-05}","{""detection_events"":37518,""detectors_checked"":182812672}"
    329728,         0,         0,    16.3,standalone_exact_mw,503ee55b5ad1b1988379a241a0405811522ee4d50b473755532ad1299cb121e2,"{""distance"":5,""physical_error_rate"":0.0005}","{""detection_events"":154594,""detectors_checked"":73859072}"
    582656,         0,         0,    32.0,standalone_exact_mw,503ee55b5ad1b1988379a241a0405811522ee4d50b473755532ad1299cb121e2,"{""distance"":5,""physical_error_rate"":0.0005}","{""detection_events"":269986,""detectors_checked"":130514944}"
    881664,         0,         0,    31.8,standalone_exact_mw,aea10f45e3589e84a00777b800d38e8a3149bd6cb552c409f3bffd718c1a0abf,"{""distance"":5,""physical_error_rate"":5e-05}","{""detection_events"":42439,""detectors_checked"":197492736}"
    352256,        11,         0,    32.1,standalone_exact_mw,7bb6e20e48600212890a8c0dbf00c9e78f41358e09b12be0f89e4aae4bc5d684,"{""distance"":5,""physical_error_rate"":0.002}","{""detection_events"":649807,""detectors_checked"":78905344,""obs_mistake_mask=E"":11}"
    466944,         0,         0,    22.9,standalone_exact_mw,503ee55b5ad1b1988379a241a0405811522ee4d50b473755532ad1299cb121e2,"{""distance"":5,""physical_error_rate"":0.0005}","{""detection_events"":216430,""detectors_checked"":104595456}"
   1008640,         0,         0,    32.0,standalone_exact_mw,aea10f45e3589e84a00777b800d38e8a3149bd6cb552c409f3bffd718c1a0abf,"{""distance"":5,""physical_error_rate"":5e-05}","{""detection_events"":47224,""detectors_checked"":225935360}"
   1087488,         0,         0,    16.4,standalone_exact_mw,29ae76c7f86edcd2f56343e8109d8463cbc736644db4e57527101e2f1c3606c8,"{""distance"":5,""physical_error_rate"":0.0002}","{""detection_events"":202900,""detectors_checked"":243597312}"
     22528,         4,         0,    6.22,standalone_exact_mw,1a2d9ab41a8a393fdef1a304cd6cd3b39e7654fe1ff27694ddcd7a0d28bf707b,"{""distance"":5,""physical_error_rate"":0.005}","{""detection_events"":101616,""detectors_checked"":5046272,""obs_mistake_mask=E"":4}"
     87040,         1,         0,    5.98,standalone_exact_mw,77d802c74222c3324b7f1323f7447c6411ad27be92307b6127e53af575faadca,"{""distance"":5,""physical_error_rate"":0.001}","{""detection_events"":80917,""detectors_checked"":19496960,""obs_mistake_mask=E"":1}"
    103424,        36,         0,    32.2,standalone_exact_mw,1a2d9ab41a8a393fdef1a304cd6cd3b39e7654fe1ff27694ddcd7a0d28bf707b,"{""distance"":5,""physical_error_rate"":0.005}","{""detection_events"":469808,""detectors_checked"":23166976,""obs_mistake_mask=E"":36}"
     70656,        31,         0,    23.2,standalone_exact_mw,1a2d9ab41a8a393fdef1a304cd6cd3b39e7654fe1ff27694ddcd7a0d28bf707b,"{""distance"":5,""physical_error_rate"":0.005}","{""detection_events"":319302,""detectors_checked"":15826944,""obs_mistake_mask=E"":31}"
    448512,         0,         0,    8.30,standalone_exact_mw,aea10f45e3589e84a00777b800d38e8a3149bd6cb552c409f3bffd718c1a0abf,"{""distance"":5,""physical_error_rate"":5e-05}","{""detection_events"":21176,""detectors_checked"":100466688}"
    336896,        12,         0,    32.1,standalone_exact_mw,7bb6e20e48600212890a8c0dbf00c9e78f41358e09b12be0f89e4aae4bc5d684,"{""distance"":5,""physical_error_rate"":0.002}","{""detection_events"":623299,""detectors_checked"":75464704,""obs_mistake_mask=E"":12}"
    207872,         0,         0,    5.97,standalone_exact_mw,cc9149276d16e61a5ac322a1d2048afebd34054fe0ed4879b77eb616628c1148,"{""distance"":5,""physical_error_rate"":0.0001}","{""detection_events"":19573,""detectors_checked"":46563328}"
    331776,         1,         0,    22.9,standalone_exact_mw,77d802c74222c3324b7f1323f7447c6411ad27be92307b6127e53af575faadca,"{""distance"":5,""physical_error_rate"":0.001}","{""detection_events"":306259,""detectors_checked"":74317824,""obs_mistake_mask=E"":1}"
    459776,         2,         0,    32.0,standalone_exact_mw,77d802c74222c3324b7f1323f7447c6411ad27be92307b6127e53af575faadca,"{""distance"":5,""physical_error_rate"":0.001}","{""detection_events"":426294,""detectors_checked"":102989824,""obs_mistake_mask=E"":2}"
    111616,        57,         0,    32.1,standalone_exact_mw,1a2d9ab41a8a393fdef1a304cd6cd3b39e7654fe1ff27694ddcd7a0d28bf707b,"{""distance"":5,""physical_error_rate"":0.005}","{""detection_events"":504778,""detectors_checked"":25001984,""obs_mistake_mask=E"":57}"
     61440,        25,         0,    16.3,standalone_exact_mw,1a2d9ab41a8a393fdef1a304cd6cd3b39e7654fe1ff27694ddcd7a0d28bf707b,"{""distance"":5,""physical_error_rate"":0.005}","{""detection_events"":279136,""detectors_checked"":13762560,""obs_mistake_mask=E"":25}"
      9216,         5,         0,    2.86,standalone_exact_mw,1a2d9ab41a8a393fdef1a304cd6cd3b39e7654fe1ff27694ddcd7a0d28bf707b,"{""distance"":5,""physical_error_rate"":0.005}","{""detection_events"":41056,""detectors_checked"":2064384,""obs_mistake_mask=E"":5}"
     97280,        47,         0,    32.4,standalone_exact_mw,1a2d9ab41a8a393fdef1a304cd6cd3b39e7654fe1ff27694ddcd7a0d28bf707b,"{""distance"":5,""physical_error_rate"":0.005}","{""detection_events"":442288,""detectors_checked"":21790720,""obs_mistake_mask=E"":47}"
      6144,         2,         0,    2.08,standalone_exact_mw,1a2d9ab41a8a393fdef1a304cd6cd3b39e7654fe1ff27694ddcd7a0d28bf707b,"{""distance"":5,""physical_error_rate"":0.005}","{""detection_events"":28099,""detectors_checked"":1376256,""obs_mistake_mask=E"":2}"
     17408,         9,         0,    4.96,standalone_exact_mw,1a2d9ab41a8a393fdef1a304cd6cd3b39e7654fe1ff27694ddcd7a0d28bf707b,"{""distance"":5,""physical_error_rate"":0.005}","{""detection_events"":80511,""detectors_checked"":3899392,""obs_mistake_mask=E"":9}"
     24576,         6,         0,    5.97,standalone_exact_mw,1a2d9ab41a8a393fdef1a304cd6cd3b39e7654fe1ff27694ddcd7a0d28bf707b,"{""distance"":5,""physical_error_rate"":0.005}","{""detection_events"":111494,""detectors_checked"":5505024,""obs_mistake_mask=E"":6}"
      1024,         0,         0,   0.214,standalone_exact_mw,1a2d9ab41a8a393fdef1a304cd6cd3b39e7654fe1ff27694ddcd7a0d28bf707b,"{""distance"":5,""physical_error_rate"":0.005}","{""detection_events"":4766,""detectors_checked"":229376}"
     18432,         7,         0,    6.25,standalone_exact_mw,1a2d9ab41a8a393fdef1a304cd6cd3b39e7654fe1ff27694ddcd7a0d28bf707b,"{""distance"":5,""physical_error_rate"":0.005}","{""detection_events"":84343,""detectors_checked"":4128768,""obs_mistake_mask=E"":7}"
     10240,         4,         0,    2.42,standalone_exact_mw,1a2d9ab41a8a393fdef1a304cd6cd3b39e7654fe1ff27694ddcd7a0d28bf707b,"{""distance"":5,""physical_error_rate"":0.005}","{""detection_events"":46314,""detectors_checked"":2293760,""obs_mistake_mask=E"":4}"
     83968,        27,         0,    29.9,standalone_exact_mw,1a2d9ab41a8a393fdef1a304cd6cd3b39e7654fe1ff27694ddcd7a0d28bf707b,"{""distance"":5,""physical_error_rate"":0.005}","{""detection_events"":380844,""detectors_checked"":18808832,""obs_mistake_mask=E"":27}"
    456704,         2,         0,    32.0,standalone_exact_mw,77d802c74222c3324b7f1323f7447c6411ad27be92307b6127e53af575faadca,"{""distance"":5,""physical_error_rate"":0.001}","{""detection_events"":420710,""detectors_checked"":102301696,""obs_mistake_mask=E"":2}"
    330752,        11,         0,    32.1,standalone_exact_mw,7bb6e20e48600212890a8c0dbf00c9e78f41358e09b12be0f89e4aae4bc5d684,"{""distance"":5,""physical_error_rate"":0.002}","{""detection_events"":610393,""detectors_checked"":74088448,""obs_mistake_mask=E"":11}"
    573440,         0,         0,    32.0,standalone_exact_mw,503ee55b5ad1b1988379a241a0405811522ee4d50b473755532ad1299cb121e2,"{""distance"":5,""physical_error_rate"":0.0005}","{""detection_events"":266709,""detectors_checked"":128450560}"
    146432,         0,         0,    8.37,standalone_exact_mw,503ee55b5ad1b1988379a241a0405811522ee4d50b473755532ad1299cb121e2,"{""distance"":5,""physical_error_rate"":0.0005}","{""detection_events"":68263,""detectors_checked"":32800768}"
    245760,         0,         0,    8.37,standalone_exact_mw,29ae76c7f86edcd2f56343e8109d8463cbc736644db4e57527101e2f1c3606c8,"{""distance"":5,""physical_error_rate"":0.0002}","{""detection_events"":46006,""detectors_checked"":55050240}"
     77824,         2,         0,    8.36,standalone_exact_mw,7bb6e20e48600212890a8c0dbf00c9e78f41358e09b12be0f89e4aae4bc5d684,"{""distance"":5,""physical_error_rate"":0.002}","{""detection_events"":143363,""detectors_checked"":17432576,""obs_mistake_mask=E"":2}"
    470016,         1,         0,    32.1,standalone_exact_mw,77d802c74222c3324b7f1323f7447c6411ad27be92307b6127e53af575faadca,"{""distance"":5,""physical_error_rate"":0.001}","{""detection_events"":434994,""detectors_checked"":105283584,""obs_mistake_mask=E"":1}"
    995328,         0,         0,    31.9,standalone_exact_mw,29ae76c7f86edcd2f56343e8109d8463cbc736644db4e57527101e2f1c3606c8,"{""distance"":5,""physical_error_rate"":0.0002}","{""detection_events"":185580,""detectors_checked"":222953472}"
    943104,         0,         0,    31.9,standalone_exact_mw,cc9149276d16e61a5ac322a1d2048afebd34054fe0ed4879b77eb616628c1148,"{""distance"":5,""physical_error_rate"":0.0001}","{""detection_events"":87688,""detectors_checked"":211255296}"
    888832,         0,         0,    32.0,standalone_exact_mw,29ae76c7f86edcd2f56343e8109d8463cbc736644db4e57527101e2f1c3606c8,"{""distance"":5,""physical_error_rate"":0.0002}","{""detection_events"":165371,""detectors_checked"":199098368}"
    602112,         0,         0,    22.8,standalone_exact_mw,cc9149276d16e61a5ac322a1d2048afebd34054fe0ed4879b77eb616628c1148,"{""distance"":5,""physical_error_rate"":0.0001}","{""detection_events"":55458,""detectors_checked"":134873088}"
    338944,         8,         0,    32.1,standalone_exact_mw,7bb6e20e48600212890a8c0dbf00c9e78f41358e09b12be0f89e4aae4bc5d684,"{""distance"":5,""physical_error_rate"":0.002}","{""detection_events"":622949,""detectors_checked"":75923456,""obs_mistake_mask=E"":8}"
    976896,         0,         0,    31.9,standalone_exact_mw,aea10f45e3589e84a00777b800d38e8a3149bd6cb552c409f3bffd718c1a0abf,"{""distance"":5,""physical_error_rate"":5e-05}","{""detection_events"":45283,""detectors_checked"":218824704}"
    625664,         0,         0,    22.8,standalone_exact_mw,29ae76c7f86edcd2f56343e8109d8463cbc736644db4e57527101e2f1c3606c8,"{""distance"":5,""physical_error_rate"":0.0002}","{""detection_events"":115437,""detectors_checked"":140148736}"
    561152,         0,         0,    16.3,standalone_exact_mw,aea10f45e3589e84a00777b800d38e8a3149bd6cb552c409f3bffd718c1a0abf,"{""distance"":5,""physical_error_rate"":5e-05}","{""detection_events"":26212,""detectors_checked"":125698048}"
    543744,         3,         0,    32.0,standalone_exact_mw,77d802c74222c3324b7f1323f7447c6411ad27be92307b6127e53af575faadca,"{""distance"":5,""physical_error_rate"":0.001}","{""detection_events"":503309,""detectors_checked"":121798656,""obs_mistake_mask=E"":3}"
    122880,         0,         0,    8.36,standalone_exact_mw,77d802c74222c3324b7f1323f7447c6411ad27be92307b6127e53af575faadca,"{""distance"":5,""physical_error_rate"":0.001}","{""detection_events"":113128,""detectors_checked"":27525120}"
    506880,         0,         0,    16.3,standalone_exact_mw,cc9149276d16e61a5ac322a1d2048afebd34054fe0ed4879b77eb616628c1148,"{""distance"":5,""physical_error_rate"":0.0001}","{""detection_events"":47151,""detectors_checked"":113541120}"
    354304,         0,         0,    16.3,standalone_exact_mw,503ee55b5ad1b1988379a241a0405811522ee4d50b473755532ad1299cb121e2,"{""distance"":5,""physical_error_rate"":0.0005}","{""detection_events"":164774,""detectors_checked"":79364096}"
    243712,         0,         0,    16.4,standalone_exact_mw,77d802c74222c3324b7f1323f7447c6411ad27be92307b6127e53af575faadca,"{""distance"":5,""physical_error_rate"":0.001}","{""detection_events"":225512,""detectors_checked"":54591488}"
    274432,         0,         0,    8.31,standalone_exact_mw,cc9149276d16e61a5ac322a1d2048afebd34054fe0ed4879b77eb616628c1148,"{""distance"":5,""physical_error_rate"":0.0001}","{""detection_events"":25399,""detectors_checked"":61472768}"
    748544,         0,         0,    22.8,standalone_exact_mw,aea10f45e3589e84a00777b800d38e8a3149bd6cb552c409f3bffd718c1a0abf,"{""distance"":5,""physical_error_rate"":5e-05}","{""detection_events"":35416,""detectors_checked"":167673856}"
    882688,         0,         0,    32.0,standalone_exact_mw,29ae76c7f86edcd2f56343e8109d8463cbc736644db4e57527101e2f1c3606c8,"{""distance"":5,""physical_error_rate"":0.0002}","{""detection_events"":164893,""detectors_checked"":197722112}"
    154624,         5,         0,    16.4,standalone_exact_mw,7bb6e20e48600212890a8c0dbf00c9e78f41358e09b12be0f89e4aae4bc5d684,"{""distance"":5,""physical_error_rate"":0.002}","{""detection_events"":286448,""detectors_checked"":34635776,""obs_mistake_mask=E"":5}"
    559104,         0,         0,    11.6,standalone_exact_mw,aea10f45e3589e84a00777b800d38e8a3149bd6cb552c409f3bffd718c1a0abf,"{""distance"":5,""physical_error_rate"":5e-05}","{""detection_events"":26054,""detectors_checked"":125239296}"
    288768,         0,         0,    11.7,standalone_exact_mw,503ee55b5ad1b1988379a241a0405811522ee4d50b473755532ad1299cb121e2,"{""distance"":5,""physical_error_rate"":0.0005}","{""detection_events"":134592,""detectors_checked"":64684032}"
    381952,         0,         0,    11.7,standalone_exact_mw,29ae76c7f86edcd2f56343e8109d8463cbc736644db4e57527101e2f1c3606c8,"{""distance"":5,""physical_error_rate"":0.0002}","{""detection_events"":71177,""detectors_checked"":85557248}"
    108544,         4,         0,    11.7,standalone_exact_mw,7bb6e20e48600212890a8c0dbf00c9e78f41358e09b12be0f89e4aae4bc5d684,"{""distance"":5,""physical_error_rate"":0.002}","{""detection_events"":201041,""detectors_checked"":24313856,""obs_mistake_mask=E"":4}"
    208896,         1,         0,    23.0,standalone_exact_mw,7bb6e20e48600212890a8c0dbf00c9e78f41358e09b12be0f89e4aae4bc5d684,"{""distance"":5,""physical_error_rate"":0.002}","{""detection_events"":385669,""detectors_checked"":46792704,""obs_mistake_mask=E"":1}"
    173056,         2,         0,    11.8,standalone_exact_mw,77d802c74222c3324b7f1323f7447c6411ad27be92307b6127e53af575faadca,"{""distance"":5,""physical_error_rate"":0.001}","{""detection_events"":160408,""detectors_checked"":38764544,""obs_mistake_mask=E"":2}"
      1297,         0,         0,   0.034,standalone_exact_mw,aea10f45e3589e84a00777b800d38e8a3149bd6cb552c409f3bffd718c1a0abf,"{""distance"":5,""physical_error_rate"":5e-05}","{""detection_events"":83,""detectors_checked"":290528}"
      1024,         0,         0,   0.029,standalone_exact_mw,aea10f45e3589e84a00777b800d38e8a3149bd6cb552c409f3bffd718c1a0abf,"{""distance"":5,""physical_error_rate"":5e-05}","{""detection_events"":46,""detectors_checked"":229376}"
      1024,         0,         0,   0.030,standalone_exact_mw,aea10f45e3589e84a00777b800d38e8a3149bd6cb552c409f3bffd718c1a0abf,"{""distance"":5,""physical_error_rate"":5e-05}","{""detection_events"":41,""detectors_checked"":229376}"
      1024,         0,         0,   0.030,standalone_exact_mw,aea10f45e3589e84a00777b800d38e8a3149bd6cb552c409f3bffd718c1a0abf,"{""distance"":5,""physical_error_rate"":5e-05}","{""detection_events"":46,""detectors_checked"":229376}"
      3072,         0,         0,   0.061,standalone_exact_mw,aea10f45e3589e84a00777b800d38e8a3149bd6cb552c409f3bffd718c1a0abf,"{""distance"":5,""physical_error_rate"":5e-05}","{""detection_events"":121,""detectors_checked"":688128}"
      3072,         0,         0,   0.080,standalone_exact_mw,aea10f45e3589e84a00777b800d38e8a3149bd6cb552c409f3bffd718c1a0abf,"{""distance"":5,""physical_error_rate"":5e-05}","{""detection_events"":119,""detectors_checked"":688128}"
      3072,         0,         0,   0.080,standalone_exact_mw,aea10f45e3589e84a00777b800d38e8a3149bd6cb552c409f3bffd718c1a0abf,"{""distance"":5,""physical_error_rate"":5e-05}","{""detection_events"":159,""detectors_checked"":688128}"
      5120,         0,         0,   0.116,standalone_exact_mw,aea10f45e3589e84a00777b800d38e8a3149bd6cb552c409f3bffd718c1a0abf,"{""distance"":5,""physical_error_rate"":5e-05}","{""detection_events"":237,""detectors_checked"":1146880}"
    334848,         0,         0,    22.9,standalone_exact_mw,77d802c74222c3324b7f1323f7447c6411ad27be92307b6127e53af575faadca,"{""distance"":5,""physical_error_rate"":0.001}","{""detection_events"":311570,""detectors_checked"":75005952}"
      6144,         0,         0,   0.148,standalone_exact_mw,aea10f45e3589e84a00777b800d38e8a3149bd6cb552c409f3bffd718c1a0abf,"{""distance"":5,""physical_error_rate"":5e-05}","{""detection_events"":300,""detectors_checked"":1376256}"
    379904,         0,         0,    11.7,standalone_exact_mw,cc9149276d16e61a5ac322a1d2048afebd34054fe0ed4879b77eb616628c1148,"{""distance"":5,""physical_error_rate"":0.0001}","{""detection_events"":35428,""detectors_checked"":85098496}"
      1297,         0,         0,   0.022,standalone_exact_mw,29ae76c7f86edcd2f56343e8109d8463cbc736644db4e57527101e2f1c3606c8,"{""distance"":5,""physical_error_rate"":0.0002}","{""detection_events"":304,""detectors_checked"":290528}"
      1024,         0,         0,   0.023,standalone_exact_mw,29ae76c7f86edcd2f56343e8109d8463cbc736644db4e57527101e2f1c3606c8,"{""distance"":5,""physical_error_rate"":0.0002}","{""detection_events"":235,""detectors_checked"":229376}"
      1024,         0,         0,   0.024,standalone_exact_mw,29ae76c7f86edcd2f56343e8109d8463cbc736644db4e57527101e2f1c3606c8,"{""distance"":5,""physical_error_rate"":0.0002}","{""detection_events"":201,""detectors_checked"":229376}"
      8192,         0,         0,   0.216,standalone_exact_mw,aea10f45e3589e84a00777b800d38e8a3149bd6cb552c409f3bffd718c1a0abf,"{""distance"":5,""physical_error_rate"":5e-05}","{""detection_events"":363,""detectors_checked"":1835008}"
      2048,         0,         0,   0.033,standalone_exact_mw,29ae76c7f86edcd2f56343e8109d8463cbc736644db4e57527101e2f1c3606c8,"{""distance"":5,""physical_error_rate"":0.0002}","{""detection_events"":426,""detectors_checked"":458752}"
    456704,         0,         0,    22.8,standalone_exact_mw,503ee55b5ad1b1988379a241a0405811522ee4d50b473755532ad1299cb121e2,"{""distance"":5,""physical_error_rate"":0.0005}","{""detection_events"":213373,""detectors_checked"":102301696}"
      2048,         0,         0,   0.046,standalone_exact_mw,29ae76c7f86edcd2f56343e8109d8463cbc736644db4e57527101e2f1c3606c8,"{""distance"":5,""physical_error_rate"":0.0002}","{""detection_events"":448,""detectors_checked"":458752}"
      3072,         0,         0,   0.054,standalone_exact_mw,29ae76c7f86edcd2f56343e8109d8463cbc736644db4e57527101e2f1c3606c8,"{""distance"":5,""physical_error_rate"":0.0002}","{""detection_events"":525,""detectors_checked"":688128}"
      3072,         0,         0,   0.079,standalone_exact_mw,29ae76c7f86edcd2f56343e8109d8463cbc736644db4e57527101e2f1c3606c8,"{""distance"":5,""physical_error_rate"":0.0002}","{""detection_events"":651,""detectors_checked"":688128}"
      4096,         0,         0,   0.106,standalone_exact_mw,29ae76c7f86edcd2f56343e8109d8463cbc736644db4e57527101e2f1c3606c8,"{""distance"":5,""physical_error_rate"":0.0002}","{""detection_events"":752,""detectors_checked"":917504}"
     12288,         0,         0,   0.300,standalone_exact_mw,aea10f45e3589e84a00777b800d38e8a3149bd6cb552c409f3bffd718c1a0abf,"{""distance"":5,""physical_error_rate"":5e-05}","{""detection_events"":514,""detectors_checked"":2752512}"
      9216,         0,         0,   0.169,standalone_exact_mw,29ae76c7f86edcd2f56343e8109d8463cbc736644db4e57527101e2f1c3606c8,"{""distance"":5,""physical_error_rate"":0.0002}","{""detection_events"":1659,""detectors_checked"":2064384}"
    627712,         0,         0,    22.8,standalone_exact_mw,29ae76c7f86edcd2f56343e8109d8463cbc736644db4e57527101e2f1c3606c8,"{""distance"":5,""physical_error_rate"":0.0002}","{""detection_events"":117578,""detectors_checked"":140607488}"
       273,         0,         0,   0.016,standalone_exact_mw,29ae76c7f86edcd2f56343e8109d8463cbc736644db4e57527101e2f1c3606c8,"{""distance"":5,""physical_error_rate"":0.0002}","{""detection_events"":52,""detectors_checked"":61152}"
      1024,         0,         0,   0.024,standalone_exact_mw,29ae76c7f86edcd2f56343e8109d8463cbc736644db4e57527101e2f1c3606c8,"{""distance"":5,""physical_error_rate"":0.0002}","{""detection_events"":167,""detectors_checked"":229376}"
     11264,         0,         0,   0.204,standalone_exact_mw,29ae76c7f86edcd2f56343e8109d8463cbc736644db4e57527101e2f1c3606c8,"{""distance"":5,""physical_error_rate"":0.0002}","{""detection_events"":2144,""detectors_checked"":2523136}"
      1024,         0,         0,   0.031,standalone_exact_mw,29ae76c7f86edcd2f56343e8109d8463cbc736644db4e57527101e2f1c3606c8,"{""distance"":5,""physical_error_rate"":0.0002}","{""detection_events"":178,""detectors_checked"":229376}"
     13312,         0,         0,   0.406,standalone_exact_mw,aea10f45e3589e84a00777b800d38e8a3149bd6cb552c409f3bffd718c1a0abf,"{""distance"":5,""physical_error_rate"":5e-05}","{""detection_events"":526,""detectors_checked"":2981888}"
      1024,         0,         0,   0.052,standalone_exact_mw,29ae76c7f86edcd2f56343e8109d8463cbc736644db4e57527101e2f1c3606c8,"{""distance"":5,""physical_error_rate"":0.0002}","{""detection_events"":139,""detectors_checked"":229376}"
      1024,         0,         0,   0.061,standalone_exact_mw,29ae76c7f86edcd2f56343e8109d8463cbc736644db4e57527101e2f1c3606c8,"{""distance"":5,""physical_error_rate"":0.0002}","{""detection_events"":228,""detectors_checked"":229376}"
      2048,         0,         0,   0.069,standalone_exact_mw,29ae76c7f86edcd2f56343e8109d8463cbc736644db4e57527101e2f1c3606c8,"{""distance"":5,""physical_error_rate"":0.0002}","{""detection_events"":390,""detectors_checked"":458752}"
      3072,         0,         0,   0.100,standalone_exact_mw,29ae76c7f86edcd2f56343e8109d8463cbc736644db4e57527101e2f1c3606c8,"{""distance"":5,""physical_error_rate"":0.0002}","{""detection_events"":572,""detectors_checked"":688128}"
     15360,         0,         0,   0.287,standalone_exact_mw,29ae76c7f86edcd2f56343e8109d8463cbc736644db4e57527101e2f1c3606c8,"{""distance"":5,""physical_error_rate"":0.0002}","{""detection_events"":2669,""detectors_checked"":3440640}"
      4096,         0,         0,   0.112,standalone_exact_mw,29ae76c7f86edcd2f56343e8109d8463cbc736644db4e57527101e2f1c3606c8,"{""distance"":5,""physical_error_rate"":0.0002}","{""detection_events"":726,""detectors_checked"":917504}"
     17408,         0,         0,   0.529,standalone_exact_mw,aea10f45e3589e84a00777b800d38e8a3149bd6cb552c409f3bffd718c1a0abf,"{""distance"":5,""physical_error_rate"":5e-05}","{""detection_events"":787,""detectors_checked"":3899392}"
      6144,         0,         0,   0.190,standalone_exact_mw,29ae76c7f86edcd2f56343e8109d8463cbc736644db4e57527101e2f1c3606c8,"{""distance"":5,""physical_error_rate"":0.0002}","{""detection_events"":1103,""detectors_checked"":1376256}"
     21504,         0,         0,   0.410,standalone_exact_mw,29ae76c7f86edcd2f56343e8109d8463cbc736644db4e57527101e2f1c3606c8,"{""distance"":5,""physical_error_rate"":0.0002}","{""detection_events"":4139,""detectors_checked"":4816896}"
      8192,         0,         0,   0.226,standalone_exact_mw,29ae76c7f86edcd2f56343e8109d8463cbc736644db4e57527101e2f1c3606c8,"{""distance"":5,""physical_error_rate"":0.0002}","{""detection_events"":1623,""detectors_checked"":1835008}"
     10240,         0,         0,   0.300,standalone_exact_mw,29ae76c7f86edcd2f56343e8109d8463cbc736644db4e57527101e2f1c3606c8,"{""distance"":5,""physical_error_rate"":0.0002}","{""detection_events"":1770,""detectors_checked"":2293760}"
     29696,         0,         0,   0.577,standalone_exact_mw,29ae76c7f86edcd2f56343e8109d8463cbc736644db4e57527101e2f1c3606c8,"{""distance"":5,""physical_error_rate"":0.0002}","{""detection_events"":5588,""detectors_checked"":6651904}"
     31744,         0,         0,   0.805,standalone_exact_mw,aea10f45e3589e84a00777b800d38e8a3149bd6cb552c409f3bffd718c1a0abf,"{""distance"":5,""physical_error_rate"":5e-05}","{""detection_events"":1457,""detectors_checked"":7110656}"
      9216,         0,         0,   0.445,standalone_exact_mw,29ae76c7f86edcd2f56343e8109d8463cbc736644db4e57527101e2f1c3606c8,"{""distance"":5,""physical_error_rate"":0.0002}","{""detection_events"":1694,""detectors_checked"":2064384}"
      1297,         0,         0,   0.030,standalone_exact_mw,503ee55b5ad1b1988379a241a0405811522ee4d50b473755532ad1299cb121e2,"{""distance"":5,""physical_error_rate"":0.0005}","{""detection_events"":575,""detectors_checked"":290528}"
      2048,         0,         0,   0.038,standalone_exact_mw,503ee55b5ad1b1988379a241a0405811522ee4d50b473755532ad1299cb121e2,"{""distance"":5,""physical_error_rate"":0.0005}","{""detection_events"":959,""detectors_checked"":458752}"
      1024,         0,         0,   0.032,standalone_exact_mw,503ee55b5ad1b1988379a241a0405811522ee4d50b473755532ad1299cb121e2,"{""distance"":5,""physical_error_rate"":0.0005}","{""detection_events"":540,""detectors_checked"":229376}"
      1024,         0,         0,   0.031,standalone_exact_mw,503ee55b5ad1b1988379a241a0405811522ee4d50b473755532ad1299cb121e2,"{""distance"":5,""physical_error_rate"":0.0005}","{""detection_events"":488,""detectors_checked"":229376}"
      1024,         0,         0,   0.031,standalone_exact_mw,503ee55b5ad1b1988379a241a0405811522ee4d50b473755532ad1299cb121e2,"{""distance"":5,""physical_error_rate"":0.0005}","{""detection_events"":486,""detectors_checked"":229376}"
       273,         0,         0,   0.029,standalone_exact_mw,7bb6e20e48600212890a8c0dbf00c9e78f41358e09b12be0f89e4aae4bc5d684,"{""distance"":5,""physical_error_rate"":0.002}","{""detection_events"":485,""detectors_checked"":61152}"
      2048,         0,         0,   0.066,standalone_exact_mw,503ee55b5ad1b1988379a241a0405811522ee4d50b473755532ad1299cb121e2,"{""distance"":5,""physical_error_rate"":0.0005}","{""detection_events"":936,""detectors_checked"":458752}"
      3072,         0,         0,   0.119,standalone_exact_mw,503ee55b5ad1b1988379a241a0405811522ee4d50b473755532ad1299cb121e2,"{""distance"":5,""physical_error_rate"":0.0005}","{""detection_events"":1406,""detectors_checked"":688128}"
      1024,         0,         0,   0.147,standalone_exact_mw,7bb6e20e48600212890a8c0dbf00c9e78f41358e09b12be0f89e4aae4bc5d684,"{""distance"":5,""physical_error_rate"":0.002}","{""detection_events"":1693,""detectors_checked"":229376}"
     32768,         0,         0,   0.808,standalone_exact_mw,29ae76c7f86edcd2f56343e8109d8463cbc736644db4e57527101e2f1c3606c8,"{""distance"":5,""physical_error_rate"":0.0002}","{""detection_events"":5956,""detectors_checked"":7340032}"
     12288,         0,         0,   0.621,standalone_exact_mw,29ae76c7f86edcd2f56343e8109d8463cbc736644db4e57527101e2f1c3606c8,"{""distance"":5,""physical_error_rate"":0.0002}","{""detection_events"":2259,""detectors_checked"":2752512}"
      3072,         0,         0,   0.111,standalone_exact_mw,503ee55b5ad1b1988379a241a0405811522ee4d50b473755532ad1299cb121e2,"{""distance"":5,""physical_error_rate"":0.0005}","{""detection_events"":1497,""detectors_checked"":688128}"
      1024,         0,         0,   0.132,standalone_exact_mw,7bb6e20e48600212890a8c0dbf00c9e78f41358e09b12be0f89e4aae4bc5d684,"{""distance"":5,""physical_error_rate"":0.002}","{""detection_events"":1832,""detectors_checked"":229376}"
      4096,         0,         0,   0.143,standalone_exact_mw,503ee55b5ad1b1988379a241a0405811522ee4d50b473755532ad1299cb121e2,"{""distance"":5,""physical_error_rate"":0.0005}","{""detection_events"":1941,""detectors_checked"":917504}"
      1024,         0,         0,   0.148,standalone_exact_mw,7bb6e20e48600212890a8c0dbf00c9e78f41358e09b12be0f89e4aae4bc5d684,"{""distance"":5,""physical_error_rate"":0.002}","{""detection_events"":1961,""detectors_checked"":229376}"
      1024,         0,         0,   0.128,standalone_exact_mw,7bb6e20e48600212890a8c0dbf00c9e78f41358e09b12be0f89e4aae4bc5d684,"{""distance"":5,""physical_error_rate"":0.002}","{""detection_events"":1870,""detectors_checked"":229376}"
     55296,         0,         0,    1.12,standalone_exact_mw,aea10f45e3589e84a00777b800d38e8a3149bd6cb552c409f3bffd718c1a0abf,"{""distance"":5,""physical_error_rate"":5e-05}","{""detection_events"":2578,""detectors_checked"":12386304}"
      6144,         0,         0,   0.213,standalone_exact_mw,503ee55b5ad1b1988379a241a0405811522ee4d50b473755532ad1299cb121e2,"{""distance"":5,""physical_error_rate"":0.0005}","{""detection_events"":3005,""detectors_checked"":1376256}"
      1024,         0,         0,   0.176,standalone_exact_mw,7bb6e20e48600212890a8c0dbf00c9e78f41358e09b12be0f89e4aae4bc5d684,"{""distance"":5,""physical_error_rate"":0.002}","{""detection_events"":1840,""detectors_checked"":229376}"
      1024,         0,         0,   0.120,standalone_exact_mw,7bb6e20e48600212890a8c0dbf00c9e78f41358e09b12be0f89e4aae4bc5d684,"{""distance"":5,""physical_error_rate"":0.002}","{""detection_events"":1804,""detectors_checked"":229376}"
      8192,         0,         0,   0.299,standalone_exact_mw,503ee55b5ad1b1988379a241a0405811522ee4d50b473755532ad1299cb121e2,"{""distance"":5,""physical_error_rate"":0.0005}","{""detection_events"":3714,""detectors_checked"":1835008}"
   1037312,         0,         0,    31.9,standalone_exact_mw,cc9149276d16e61a5ac322a1d2048afebd34054fe0ed4879b77eb616628c1148,"{""distance"":5,""physical_error_rate"":0.0001}","{""detection_events"":95929,""detectors_checked"":232357888}"
      1024,         0,         0,   0.156,standalone_exact_mw,7bb6e20e48600212890a8c0dbf00c9e78f41358e09b12be0f89e4aae4bc5d684,"{""distance"":5,""physical_error_rate"":0.002}","{""detection_events"":1894,""detectors_checked"":229376}"
     21504,         0,         0,   0.800,standalone_exact_mw,29ae76c7f86edcd2f56343e8109d8463cbc736644db4e57527101e2f1c3606c8,"{""distance"":5,""physical_error_rate"":0.0002}","{""detection_events"":3975,""detectors_checked"":4816896}"
    776192,         0,         0,    32.0,standalone_exact_mw,29ae76c7f86edcd2f56343e8109d8463cbc736644db4e57527101e2f1c3606c8,"{""distance"":5,""physical_error_rate"":0.0002}","{""detection_events"":145071,""detectors_checked"":173867008}"
      2048,         0,         0,   0.233,standalone_exact_mw,7bb6e20e48600212890a8c0dbf00c9e78f41358e09b12be0f89e4aae4bc5d684,"{""distance"":5,""physical_error_rate"":0.002}","{""detection_events"":3808,""detectors_checked"":458752}"
     38912,         0,         0,    1.13,standalone_exact_mw,29ae76c7f86edcd2f56343e8109d8463cbc736644db4e57527101e2f1c3606c8,"{""distance"":5,""physical_error_rate"":0.0002}","{""detection_events"":7207,""detectors_checked"":8716288}"
     11264,         0,         0,   0.390,standalone_exact_mw,503ee55b5ad1b1988379a241a0405811522ee4d50b473755532ad1299cb121e2,"{""distance"":5,""physical_error_rate"":0.0005}","{""detection_events"":5281,""detectors_checked"":2523136}"
      2048,         1,         0,   0.250,standalone_exact_mw,7bb6e20e48600212890a8c0dbf00c9e78f41358e09b12be0f89e4aae4bc5d684,"{""distance"":5,""physical_error_rate"":0.002}","{""detection_events"":4111,""detectors_checked"":458752,""obs_mistake_mask=E"":1}"
      3072,         0,         0,   0.339,standalone_exact_mw,7bb6e20e48600212890a8c0dbf00c9e78f41358e09b12be0f89e4aae4bc5d684,"{""distance"":5,""physical_error_rate"":0.002}","{""detection_events"":5636,""detectors_checked"":688128}"
     15360,         0,         0,   0.553,standalone_exact_mw,503ee55b5ad1b1988379a241a0405811522ee4d50b473755532ad1299cb121e2,"{""distance"":5,""physical_error_rate"":0.0005}","{""detection_events"":7359,""detectors_checked"":3440640}"
     54272,         0,         0,    1.57,standalone_exact_mw,aea10f45e3589e84a00777b800d38e8a3149bd6cb552c409f3bffd718c1a0abf,"{""distance"":5,""physical_error_rate"":5e-05}","{""detection_events"":2571,""detectors_checked"":12156928}"
     28672,         0,         0,    1.12,standalone_exact_mw,29ae76c7f86edcd2f56343e8109d8463cbc736644db4e57527101e2f1c3606c8,"{""distance"":5,""physical_error_rate"":0.0002}","{""detection_events"":5350,""detectors_checked"":6422528}"
   1186816,         0,         0,    31.8,standalone_exact_mw,aea10f45e3589e84a00777b800d38e8a3149bd6cb552c409f3bffd718c1a0abf,"{""distance"":5,""physical_error_rate"":5e-05}","{""detection_events"":54898,""detectors_checked"":265846784}"
      4096,         0,         0,   0.448,standalone_exact_mw,7bb6e20e48600212890a8c0dbf00c9e78f41358e09b12be0f89e4aae4bc5d684,"{""distance"":5,""physical_error_rate"":0.002}","{""detection_events"":7591,""detectors_checked"":917504}"
     20480,         0,         0,   0.786,standalone_exact_mw,503ee55b5ad1b1988379a241a0405811522ee4d50b473755532ad1299cb121e2,"{""distance"":5,""physical_error_rate"":0.0005}","{""detection_events"":9525,""detectors_checked"":4587520}"
        17,         0,         0,   0.018,standalone_exact_mw,cc9149276d16e61a5ac322a1d2048afebd34054fe0ed4879b77eb616628c1148,"{""distance"":5,""physical_error_rate"":0.0001}","{""detection_events"":2,""detectors_checked"":3808}"
         1,         0,         0,   0.001,standalone_exact_mw,7bb6e20e48600212890a8c0dbf00c9e78f41358e09b12be0f89e4aae4bc5d684,"{""distance"":5,""physical_error_rate"":0.002}","{""detection_events"":2,""detectors_checked"":224}"
      1280,         0,         0,   0.043,standalone_exact_mw,cc9149276d16e61a5ac322a1d2048afebd34054fe0ed4879b77eb616628c1148,"{""distance"":5,""physical_error_rate"":0.0001}","{""detection_events"":104,""detectors_checked"":286720}"
       272,         0,         0,   0.011,standalone_exact_mw,7bb6e20e48600212890a8c0dbf00c9e78f41358e09b12be0f89e4aae4bc5d684,"{""distance"":5,""physical_error_rate"":0.002}","{""detection_events"":466,""detectors_checked"":60928}"
      1024,         0,         0,   0.030,standalone_exact_mw,cc9149276d16e61a5ac322a1d2048afebd34054fe0ed4879b77eb616628c1148,"{""distance"":5,""physical_error_rate"":0.0001}","{""detection_events"":101,""detectors_checked"":229376}"
     53248,         0,         0,    1.54,standalone_exact_mw,29ae76c7f86edcd2f56343e8109d8463cbc736644db4e57527101e2f1c3606c8,"{""distance"":5,""physical_error_rate"":0.0002}","{""detection_events"":10021,""detectors_checked"":11927552}"
      1024,         0,         0,   0.051,standalone_exact_mw,cc9149276d16e61a5ac322a1d2048afebd34054fe0ed4879b77eb616628c1148,"{""distance"":5,""physical_error_rate"":0.0001}","{""detection_events"":99,""detectors_checked"":229376}"
      6144,         0,         0,   0.640,standalone_exact_mw,7bb6e20e48600212890a8c0dbf00c9e78f41358e09b12be0f89e4aae4bc5d684,"{""distance"":5,""physical_error_rate"":0.002}","{""detection_events"":11462,""detectors_checked"":1376256}"
      1024,         0,         0,   0.106,standalone_exact_mw,7bb6e20e48600212890a8c0dbf00c9e78f41358e09b12be0f89e4aae4bc5d684,"{""distance"":5,""physical_error_rate"":0.002}","{""detection_events"":1860,""detectors_checked"":229376}"
      2048,         0,         0,   0.060,standalone_exact_mw,cc9149276d16e61a5ac322a1d2048afebd34054fe0ed4879b77eb616628c1148,"{""distance"":5,""physical_error_rate"":0.0001}","{""detection_events"":186,""detectors_checked"":458752}"
      2048,         0,         0,   0.081,standalone_exact_mw,cc9149276d16e61a5ac322a1d2048afebd34054fe0ed4879b77eb616628c1148,"{""distance"":5,""physical_error_rate"":0.0001}","{""detection_events"":183,""detectors_checked"":458752}"
       273,         0,         0,   0.026,standalone_exact_mw,77d802c74222c3324b7f1323f7447c6411ad27be92307b6127e53af575faadca,"{""distance"":5,""physical_error_rate"":0.001}","{""detection_events"":209,""detectors_checked"":61152}"
      1024,         0,         0,   0.110,standalone_exact_mw,7bb6e20e48600212890a8c0dbf00c9e78f41358e09b12be0f89e4aae4bc5d684,"{""distance"":5,""physical_error_rate"":0.002}","{""detection_events"":1856,""detectors_checked"":229376}"
      2048,         0,         0,   0.081,standalone_exact_mw,cc9149276d16e61a5ac322a1d2048afebd34054fe0ed4879b77eb616628c1148,"{""distance"":5,""physical_error_rate"":0.0001}","{""detection_events"":162,""detectors_checked"":458752}"
      1024,         0,         0,   0.087,standalone_exact_mw,77d802c74222c3324b7f1323f7447c6411ad27be92307b6127e53af575faadca,"{""distance"":5,""physical_error_rate"":0.001}","{""detection_events"":993,""detectors_checked"":229376}"
      1024,         0,         0,   0.119,standalone_exact_mw,7bb6e20e48600212890a8c0dbf00c9e78f41358e09b12be0f89e4aae4bc5d684,"{""distance"":5,""physical_error_rate"":0.002}","{""detection_events"":2056,""detectors_checked"":229376}"
      1024,         0,         0,   0.080,standalone_exact_mw,77d802c74222c3324b7f1323f7447c6411ad27be92307b6127e53af575faadca,"{""distance"":5,""physical_error_rate"":0.001}","{""detection_events"":987,""detectors_checked"":229376}"
       273,         0,         0,   0.026,standalone_exact_mw,503ee55b5ad1b1988379a241a0405811522ee4d50b473755532ad1299cb121e2,"{""distance"":5,""physical_error_rate"":0.0005}","{""detection_events"":102,""detectors_checked"":61152}"
      4096,         0,         0,   0.131,standalone_exact_mw,cc9149276d16e61a5ac322a1d2048afebd34054fe0ed4879b77eb616628c1148,"{""distance"":5,""physical_error_rate"":0.0001}","{""detection_events"":368,""detectors_checked"":917504}"
      1024,         0,         0,   0.059,standalone_exact_mw,77d802c74222c3324b7f1323f7447c6411ad27be92307b6127e53af575faadca,"{""distance"":5,""physical_error_rate"":0.001}","{""detection_events"":907,""detectors_checked"":229376}"
      1024,         0,         0,   0.034,standalone_exact_mw,503ee55b5ad1b1988379a241a0405811522ee4d50b473755532ad1299cb121e2,"{""distance"":5,""physical_error_rate"":0.0005}","{""detection_events"":513,""detectors_checked"":229376}"
      1024,         0,         0,   0.135,standalone_exact_mw,7bb6e20e48600212890a8c0dbf00c9e78f41358e09b12be0f89e4aae4bc5d684,"{""distance"":5,""physical_error_rate"":0.002}","{""detection_events"":1934,""detectors_checked"":229376}"
      1024,         0,         0,   0.034,standalone_exact_mw,503ee55b5ad1b1988379a241a0405811522ee4d50b473755532ad1299cb121e2,"{""distance"":5,""physical_error_rate"":0.0005}","{""detection_events"":440,""detectors_checked"":229376}"
      1024,         0,         0,   0.060,standalone_exact_mw,77d802c74222c3324b7f1323f7447c6411ad27be92307b6127e53af575faadca,"{""distance"":5,""physical_error_rate"":0.001}","{""detection_events"":1024,""detectors_checked"":229376}"
      1024,         0,         0,   0.033,standalone_exact_mw,503ee55b5ad1b1988379a241a0405811522ee4d50b473755532ad1299cb121e2,"{""distance"":5,""physical_error_rate"":0.0005}","{""detection_events"":477,""detectors_checked"":229376}"
         1,         0,         0,   0.000,standalone_exact_mw,77d802c74222c3324b7f1323f7447c6411ad27be92307b6127e53af575faadca,"{""distance"":5,""physical_error_rate"":0.001}","{""detectors_checked"":224}"
      4096,         0,         0,   0.131,standalone_exact_mw,cc9149276d16e61a5ac322a1d2048afebd34054fe0ed4879b77eb616628c1148,"{""distance"":5,""physical_error_rate"":0.0001}","{""detection_events"":344,""detectors_checked"":917504}"
      1024,         0,         0,   0.059,standalone_exact_mw,77d802c74222c3324b7f1323f7447c6411ad27be92307b6127e53af575faadca,"{""distance"":5,""physical_error_rate"":0.001}","{""detection_events"":1025,""detectors_checked"":229376}"
      1024,         0,         0,   0.113,standalone_exact_mw,7bb6e20e48600212890a8c0dbf00c9e78f41358e09b12be0f89e4aae4bc5d684,"{""distance"":5,""physical_error_rate"":0.002}","{""detection_events"":1876,""detectors_checked"":229376}"
      1024,         0,         0,   0.035,standalone_exact_mw,503ee55b5ad1b1988379a241a0405811522ee4d50b473755532ad1299cb121e2,"{""distance"":5,""physical_error_rate"":0.0005}","{""detection_events"":529,""detectors_checked"":229376}"
      1296,         0,         0,   0.087,standalone_exact_mw,77d802c74222c3324b7f1323f7447c6411ad27be92307b6127e53af575faadca,"{""distance"":5,""physical_error_rate"":0.001}","{""detection_events"":1088,""detectors_checked"":290304}"
      1024,         0,         0,   0.078,standalone_exact_mw,77d802c74222c3324b7f1323f7447c6411ad27be92307b6127e53af575faadca,"{""distance"":5,""physical_error_rate"":0.001}","{""detection_events"":953,""detectors_checked"":229376}"
      2048,         0,         0,   0.088,standalone_exact_mw,503ee55b5ad1b1988379a241a0405811522ee4d50b473755532ad1299cb121e2,"{""distance"":5,""physical_error_rate"":0.0005}","{""detection_events"":887,""detectors_checked"":458752}"
      1024,         0,         0,   0.059,standalone_exact_mw,77d802c74222c3324b7f1323f7447c6411ad27be92307b6127e53af575faadca,"{""distance"":5,""physical_error_rate"":0.001}","{""detection_events"":903,""detectors_checked"":229376}"
      1024,         0,         0,   0.148,standalone_exact_mw,7bb6e20e48600212890a8c0dbf00c9e78f41358e09b12be0f89e4aae4bc5d684,"{""distance"":5,""physical_error_rate"":0.002}","{""detection_events"":1960,""detectors_checked"":229376}"
      1024,         0,         0,   0.059,standalone_exact_mw,77d802c74222c3324b7f1323f7447c6411ad27be92307b6127e53af575faadca,"{""distance"":5,""physical_error_rate"":0.001}","{""detection_events"":943,""detectors_checked"":229376}"
      2048,         0,         0,   0.089,standalone_exact_mw,503ee55b5ad1b1988379a241a0405811522ee4d50b473755532ad1299cb121e2,"{""distance"":5,""physical_error_rate"":0.0005}","{""detection_events"":976,""detectors_checked"":458752}"
      7168,         0,         0,   0.255,standalone_exact_mw,cc9149276d16e61a5ac322a1d2048afebd34054fe0ed4879b77eb616628c1148,"{""distance"":5,""physical_error_rate"":0.0001}","{""detection_events"":698,""detectors_checked"":1605632}"
      2048,         0,         0,   0.161,standalone_exact_mw,77d802c74222c3324b7f1323f7447c6411ad27be92307b6127e53af575faadca,"{""distance"":5,""physical_error_rate"":0.001}","{""detection_events"":1957,""detectors_checked"":458752}"
      1024,         0,         0,   0.059,standalone_exact_mw,77d802c74222c3324b7f1323f7447c6411ad27be92307b6127e53af575faadca,"{""distance"":5,""physical_error_rate"":0.001}","{""detection_events"":897,""detectors_checked"":229376}"
      2048,         0,         0,   0.109,standalone_exact_mw,503ee55b5ad1b1988379a241a0405811522ee4d50b473755532ad1299cb121e2,"{""distance"":5,""physical_error_rate"":0.0005}","{""detection_events"":954,""detectors_checked"":458752}"
     39936,         0,         0,    1.57,standalone_exact_mw,29ae76c7f86edcd2f56343e8109d8463cbc736644db4e57527101e2f1c3606c8,"{""distance"":5,""physical_error_rate"":0.0002}","{""detection_events"":7319,""detectors_checked"":8945664}"
      1024,         0,         0,   0.059,standalone_exact_mw,77d802c74222c3324b7f1323f7447c6411ad27be92307b6127e53af575faadca,"{""distance"":5,""physical_error_rate"":0.001}","{""detection_events"":1049,""detectors_checked"":229376}"
      8192,         0,         0,   0.846,standalone_exact_mw,7bb6e20e48600212890a8c0dbf00c9e78f41358e09b12be0f89e4aae4bc5d684,"{""distance"":5,""physical_error_rate"":0.002}","{""detection_events"":15537,""detectors_checked"":1835008}"
      2048,         1,         0,   0.199,standalone_exact_mw,7bb6e20e48600212890a8c0dbf00c9e78f41358e09b12be0f89e4aae4bc5d684,"{""distance"":5,""physical_error_rate"":0.002}","{""detection_events"":4042,""detectors_checked"":458752,""obs_mistake_mask=E"":1}"
      2048,         0,         0,   0.146,standalone_exact_mw,77d802c74222c3324b7f1323f7447c6411ad27be92307b6127e53af575faadca,"{""distance"":5,""physical_error_rate"":0.001}","{""detection_events"":1971,""detectors_checked"":458752}"
      1024,         0,         0,   0.081,standalone_exact_mw,77d802c74222c3324b7f1323f7447c6411ad27be92307b6127e53af575faadca,"{""distance"":5,""physical_error_rate"":0.001}","{""detection_events"":1080,""detectors_checked"":229376}"
     29696,         0,         0,    1.11,standalone_exact_mw,503ee55b5ad1b1988379a241a0405811522ee4d50b473755532ad1299cb121e2,"{""distance"":5,""physical_error_rate"":0.0005}","{""detection_events"":13762,""detectors_checked"":6651904}"
      3072,         0,         0,   0.147,standalone_exact_mw,503ee55b5ad1b1988379a241a0405811522ee4d50b473755532ad1299cb121e2,"{""distance"":5,""physical_error_rate"":0.0005}","{""detection_events"":1488,""detectors_checked"":688128}"
      2048,         0,         0,   0.118,standalone_exact_mw,77d802c74222c3324b7f1323f7447c6411ad27be92307b6127e53af575faadca,"{""distance"":5,""physical_error_rate"":0.001}","{""detection_events"":1935,""detectors_checked"":458752}"
      9216,         0,         0,   0.312,standalone_exact_mw,cc9149276d16e61a5ac322a1d2048afebd34054fe0ed4879b77eb616628c1148,"{""distance"":5,""physical_error_rate"":0.0001}","{""detection_events"":870,""detectors_checked"":2064384}"
      2048,         0,         0,   0.247,standalone_exact_mw,7bb6e20e48600212890a8c0dbf00c9e78f41358e09b12be0f89e4aae4bc5d684,"{""distance"":5,""physical_error_rate"":0.002}","{""detection_events"":3771,""detectors_checked"":458752}"
      3072,         0,         0,   0.220,standalone_exact_mw,77d802c74222c3324b7f1323f7447c6411ad27be92307b6127e53af575faadca,"{""distance"":5,""physical_error_rate"":0.001}","{""detection_events"":2934,""detectors_checked"":688128}"
      5120,         0,         0,   0.243,standalone_exact_mw,503ee55b5ad1b1988379a241a0405811522ee4d50b473755532ad1299cb121e2,"{""distance"":5,""physical_error_rate"":0.0005}","{""detection_events"":2440,""detectors_checked"":1146880}"
      3072,         0,         0,   0.196,standalone_exact_mw,77d802c74222c3324b7f1323f7447c6411ad27be92307b6127e53af575faadca,"{""distance"":5,""physical_error_rate"":0.001}","{""detection_events"":2858,""detectors_checked"":688128}"
    772096,         0,         0,    16.3,standalone_exact_mw,aea10f45e3589e84a00777b800d38e8a3149bd6cb552c409f3bffd718c1a0abf,"{""distance"":5,""physical_error_rate"":5e-05}","{""detection_events"":36164,""detectors_checked"":172949504}"
     65536,         0,         0,    2.19,standalone_exact_mw,aea10f45e3589e84a00777b800d38e8a3149bd6cb552c409f3bffd718c1a0abf,"{""distance"":5,""physical_error_rate"":5e-05}","{""detection_events"":2893,""detectors_checked"":14680064}"
      3072,         0,         0,   0.314,standalone_exact_mw,7bb6e20e48600212890a8c0dbf00c9e78f41358e09b12be0f89e4aae4bc5d684,"{""distance"":5,""physical_error_rate"":0.002}","{""detection_events"":5638,""detectors_checked"":688128}"
      5120,         0,         0,   0.340,standalone_exact_mw,77d802c74222c3324b7f1323f7447c6411ad27be92307b6127e53af575faadca,"{""distance"":5,""physical_error_rate"":0.001}","{""detection_events"":4685,""detectors_checked"":1146880}"
     12288,         0,         0,   0.419,standalone_exact_mw,cc9149276d16e61a5ac322a1d2048afebd34054fe0ed4879b77eb616628c1148,"{""distance"":5,""physical_error_rate"":0.0001}","{""detection_events"":1095,""detectors_checked"":2752512}"
      4096,         0,         0,   0.249,standalone_exact_mw,77d802c74222c3324b7f1323f7447c6411ad27be92307b6127e53af575faadca,"{""distance"":5,""physical_error_rate"":0.001}","{""detection_events"":3850,""detectors_checked"":917504}"
      6144,         0,         0,   0.309,standalone_exact_mw,503ee55b5ad1b1988379a241a0405811522ee4d50b473755532ad1299cb121e2,"{""distance"":5,""physical_error_rate"":0.0005}","{""detection_events"":2958,""detectors_checked"":1376256}"
      6144,         0,         0,   0.321,standalone_exact_mw,77d802c74222c3324b7f1323f7447c6411ad27be92307b6127e53af575faadca,"{""distance"":5,""physical_error_rate"":0.001}","{""detection_events"":5577,""detectors_checked"":1376256}"
      4096,         0,         0,   0.423,standalone_exact_mw,7bb6e20e48600212890a8c0dbf00c9e78f41358e09b12be0f89e4aae4bc5d684,"{""distance"":5,""physical_error_rate"":0.002}","{""detection_events"":7346,""detectors_checked"":917504}"
      6144,         0,         0,   0.419,standalone_exact_mw,77d802c74222c3324b7f1323f7447c6411ad27be92307b6127e53af575faadca,"{""distance"":5,""physical_error_rate"":0.001}","{""detection_events"":5860,""detectors_checked"":1376256}"
      8192,         0,         0,   0.416,standalone_exact_mw,503ee55b5ad1b1988379a241a0405811522ee4d50b473755532ad1299cb121e2,"{""distance"":5,""physical_error_rate"":0.0005}","{""detection_events"":3681,""detectors_checked"":1835008}"
     10240,         1,         0,    1.20,standalone_exact_mw,7bb6e20e48600212890a8c0dbf00c9e78f41358e09b12be0f89e4aae4bc5d684,"{""distance"":5,""physical_error_rate"":0.002}","{""detection_events"":18771,""detectors_checked"":2293760,""obs_mistake_mask=E"":1}"
     17408,         0,         0,   0.593,standalone_exact_mw,cc9149276d16e61a5ac322a1d2048afebd34054fe0ed4879b77eb616628c1148,"{""distance"":5,""physical_error_rate"":0.0001}","{""detection_events"":1615,""detectors_checked"":3899392}"
     73728,         0,         0,    2.17,standalone_exact_mw,29ae76c7f86edcd2f56343e8109d8463cbc736644db4e57527101e2f1c3606c8,"{""distance"":5,""physical_error_rate"":0.0002}","{""detection_events"":13854,""detectors_checked"":16515072}"
      9216,         0,         0,   0.449,standalone_exact_mw,77d802c74222c3324b7f1323f7447c6411ad27be92307b6127e53af575faadca,"{""distance"":5,""physical_error_rate"":0.001}","{""detection_events"":8461,""detectors_checked"":2064384}"
     32768,         0,         0,    1.56,standalone_exact_mw,503ee55b5ad1b1988379a241a0405811522ee4d50b473755532ad1299cb121e2,"{""distance"":5,""physical_error_rate"":0.0005}","{""detection_events"":15418,""detectors_checked"":7340032}"
      6144,         0,         0,   0.631,standalone_exact_mw,7bb6e20e48600212890a8c0dbf00c9e78f41358e09b12be0f89e4aae4bc5d684,"{""distance"":5,""physical_error_rate"":0.002}","{""detection_events"":11518,""detectors_checked"":1376256}"
      9216,         0,         0,   0.622,standalone_exact_mw,77d802c74222c3324b7f1323f7447c6411ad27be92307b6127e53af575faadca,"{""distance"":5,""physical_error_rate"":0.001}","{""detection_events"":8466,""detectors_checked"":2064384}"
     11264,         0,         0,   0.591,standalone_exact_mw,503ee55b5ad1b1988379a241a0405811522ee4d50b473755532ad1299cb121e2,"{""distance"":5,""physical_error_rate"":0.0005}","{""detection_events"":5398,""detectors_checked"":2523136}"
     11264,         0,         0,   0.587,standalone_exact_mw,77d802c74222c3324b7f1323f7447c6411ad27be92307b6127e53af575faadca,"{""distance"":5,""physical_error_rate"":0.001}","{""detection_events"":10684,""detectors_checked"":2523136}"
     23552,         0,         0,   0.811,standalone_exact_mw,cc9149276d16e61a5ac322a1d2048afebd34054fe0ed4879b77eb616628c1148,"{""distance"":5,""physical_error_rate"":0.0001}","{""detection_events"":2186,""detectors_checked"":5275648}"
     68608,         0,         0,    2.19,standalone_exact_mw,29ae76c7f86edcd2f56343e8109d8463cbc736644db4e57527101e2f1c3606c8,"{""distance"":5,""physical_error_rate"":0.0002}","{""detection_events"":12521,""detectors_checked"":15368192}"
    783360,         0,         0,    22.8,standalone_exact_mw,aea10f45e3589e84a00777b800d38e8a3149bd6cb552c409f3bffd718c1a0abf,"{""distance"":5,""physical_error_rate"":5e-05}","{""detection_events"":36548,""detectors_checked"":175472640}"
    381952,        12,         0,    32.1,standalone_exact_mw,7bb6e20e48600212890a8c0dbf00c9e78f41358e09b12be0f89e4aae4bc5d684,"{""distance"":5,""physical_error_rate"":0.002}","{""detection_events"":704412,""detectors_checked"":85557248,""obs_mistake_mask=E"":12}"
     12288,         0,         0,   0.836,standalone_exact_mw,77d802c74222c3324b7f1323f7447c6411ad27be92307b6127e53af575faadca,"{""distance"":5,""physical_error_rate"":0.001}","{""detection_events"":11607,""detectors_checked"":2752512}"
     16384,         0,         0,   0.812,standalone_exact_mw,503ee55b5ad1b1988379a241a0405811522ee4d50b473755532ad1299cb121e2,"{""distance"":5,""physical_error_rate"":0.0005}","{""detection_events"":7850,""detectors_checked"":3670016}"
      7168,         0,         0,   0.864,standalone_exact_mw,7bb6e20e48600212890a8c0dbf00c9e78f41358e09b12be0f89e4aae4bc5d684,"{""distance"":5,""physical_error_rate"":0.002}","{""detection_events"":13373,""detectors_checked"":1605632}"
     18432,         0,         0,    1.57,standalone_exact_mw,7bb6e20e48600212890a8c0dbf00c9e78f41358e09b12be0f89e4aae4bc5d684,"{""distance"":5,""physical_error_rate"":0.002}","{""detection_events"":33966,""detectors_checked"":4128768}"
     15360,         0,         0,   0.775,standalone_exact_mw,77d802c74222c3324b7f1323f7447c6411ad27be92307b6127e53af575faadca,"{""distance"":5,""physical_error_rate"":0.001}","{""detection_events"":14019,""detectors_checked"":3440640}"
     32768,         0,         0,    1.11,standalone_exact_mw,cc9149276d16e61a5ac322a1d2048afebd34054fe0ed4879b77eb616628c1148,"{""distance"":5,""physical_error_rate"":0.0001}","{""detection_events"":3086,""detectors_checked"":7340032}"
    786432,         0,         0,    32.1,standalone_exact_mw,503ee55b5ad1b1988379a241a0405811522ee4d50b473755532ad1299cb121e2,"{""distance"":5,""physical_error_rate"":0.0005}","{""detection_events"":365063,""detectors_checked"":176160768}"
    757760,         0,         0,    22.8,standalone_exact_mw,cc9149276d16e61a5ac322a1d2048afebd34054fe0ed4879b77eb616628c1148,"{""distance"":5,""physical_error_rate"":0.0001}","{""detection_events"":70375,""detectors_checked"":169738240}"
    124928,         0,         0,    3.05,standalone_exact_mw,aea10f45e3589e84a00777b800d38e8a3149bd6cb552c409f3bffd718c1a0abf,"{""distance"":5,""physical_error_rate"":5e-05}","{""detection_events"":5634,""detectors_checked"":27983872}"
     15360,         0,         0,    1.12,standalone_exact_mw,77d802c74222c3324b7f1323f7447c6411ad27be92307b6127e53af575faadca,"{""distance"":5,""physical_error_rate"":0.001}","{""detection_events"":14499,""detectors_checked"":3440640}"
     22528,         0,         0,    1.10,standalone_exact_mw,503ee55b5ad1b1988379a241a0405811522ee4d50b473755532ad1299cb121e2,"{""distance"":5,""physical_error_rate"":0.0005}","{""detection_events"":10763,""detectors_checked"":5046272}"
    386048,         0,         0,    16.3,standalone_exact_mw,503ee55b5ad1b1988379a241a0405811522ee4d50b473755532ad1299cb121e2,"{""distance"":5,""physical_error_rate"":0.0005}","{""detection_events"":179619,""detectors_checked"":86474752}"
     11264,         0,         0,    1.20,standalone_exact_mw,7bb6e20e48600212890a8c0dbf00c9e78f41358e09b12be0f89e4aae4bc5d684,"{""distance"":5,""physical_error_rate"":0.002}","{""detection_events"":20525,""detectors_checked"":2523136}"
    458752,         0,         0,    16.2,standalone_exact_mw,29ae76c7f86edcd2f56343e8109d8463cbc736644db4e57527101e2f1c3606c8,"{""distance"":5,""physical_error_rate"":0.0002}","{""detection_events"":85739,""detectors_checked"":102760448}"
   1715200,         1,         0,    44.9,standalone_exact_mw,503ee55b5ad1b1988379a241a0405811522ee4d50b473755532ad1299cb121e2,"{""distance"":5,""physical_error_rate"":0.0005}","{""detection_events"":797420,""detectors_checked"":384204800,""obs_mistake_mask=E"":1}"
     54272,         0,         0,    2.23,standalone_exact_mw,503ee55b5ad1b1988379a241a0405811522ee4d50b473755532ad1299cb121e2,"{""distance"":5,""physical_error_rate"":0.0005}","{""detection_events"":25720,""detectors_checked"":12156928}"
     20480,         0,         0,    1.15,standalone_exact_mw,77d802c74222c3324b7f1323f7447c6411ad27be92307b6127e53af575faadca,"{""distance"":5,""physical_error_rate"":0.001}","{""detection_events"":18932,""detectors_checked"":4587520}"
    168960,         2,         0,    16.4,standalone_exact_mw,7bb6e20e48600212890a8c0dbf00c9e78f41358e09b12be0f89e4aae4bc5d684,"{""distance"":5,""physical_error_rate"":0.002}","{""detection_events"":312131,""detectors_checked"":37847040,""obs_mistake_mask=E"":2}"
    495616,         0,         0,    22.9,standalone_exact_mw,503ee55b5ad1b1988379a241a0405811522ee4d50b473755532ad1299cb121e2,"{""distance"":5,""physical_error_rate"":0.0005}","{""detection_events"":231423,""detectors_checked"":111017984}"
    103424,         0,         0,    3.01,standalone_exact_mw,29ae76c7f86edcd2f56343e8109d8463cbc736644db4e57527101e2f1c3606c8,"{""distance"":5,""physical_error_rate"":0.0002}","{""detection_events"":18996,""detectors_checked"":23166976}"
    334848,         2,         0,    22.9,standalone_exact_mw,77d802c74222c3324b7f1323f7447c6411ad27be92307b6127e53af575faadca,"{""distance"":5,""physical_error_rate"":0.001}","{""detection_events"":311181,""detectors_checked"":75005952,""obs_mistake_mask=E"":2}"
     45056,         0,         0,    1.57,standalone_exact_mw,cc9149276d16e61a5ac322a1d2048afebd34054fe0ed4879b77eb616628c1148,"{""distance"":5,""physical_error_rate"":0.0001}","{""detection_events"":4414,""detectors_checked"":10092544}"
     22528,         1,         0,    2.25,standalone_exact_mw,7bb6e20e48600212890a8c0dbf00c9e78f41358e09b12be0f89e4aae4bc5d684,"{""distance"":5,""physical_error_rate"":0.002}","{""detection_events"":41417,""detectors_checked"":5046272,""obs_mistake_mask=E"":1}"
     22528,         1,         0,    1.55,standalone_exact_mw,77d802c74222c3324b7f1323f7447c6411ad27be92307b6127e53af575faadca,"{""distance"":5,""physical_error_rate"":0.001}","{""detection_events"":20904,""detectors_checked"":5046272,""obs_mistake_mask=E"":1}"
     31744,         0,         0,    1.59,standalone_exact_mw,503ee55b5ad1b1988379a241a0405811522ee4d50b473755532ad1299cb121e2,"{""distance"":5,""physical_error_rate"":0.0005}","{""detection_events"":14916,""detectors_checked"":7110656}"
     80896,         0,         0,    3.06,standalone_exact_mw,29ae76c7f86edcd2f56343e8109d8463cbc736644db4e57527101e2f1c3606c8,"{""distance"":5,""physical_error_rate"":0.0002}","{""detection_events"":15082,""detectors_checked"":18120704}"
     14336,         0,         0,    1.59,standalone_exact_mw,7bb6e20e48600212890a8c0dbf00c9e78f41358e09b12be0f89e4aae4bc5d684,"{""distance"":5,""physical_error_rate"":0.002}","{""detection_events"":26345,""detectors_checked"":3211264}"
    480256,         0,         0,    32.1,standalone_exact_mw,77d802c74222c3324b7f1323f7447c6411ad27be92307b6127e53af575faadca,"{""distance"":5,""physical_error_rate"":0.001}","{""detection_events"":446311,""detectors_checked"":107577344}"
     22528,         0,         0,    1.53,standalone_exact_mw,77d802c74222c3324b7f1323f7447c6411ad27be92307b6127e53af575faadca,"{""distance"":5,""physical_error_rate"":0.001}","{""detection_events"":20912,""detectors_checked"":5046272}"
    210944,         6,         0,    23.1,standalone_exact_mw,7bb6e20e48600212890a8c0dbf00c9e78f41358e09b12be0f89e4aae4bc5d684,"{""distance"":5,""physical_error_rate"":0.002}","{""detection_events"":388963,""detectors_checked"":47251456,""obs_mistake_mask=E"":6}"
     62464,         0,         0,    3.05,standalone_exact_mw,503ee55b5ad1b1988379a241a0405811522ee4d50b473755532ad1299cb121e2,"{""distance"":5,""physical_error_rate"":0.0005}","{""detection_events"":29368,""detectors_checked"":13991936}"
     63488,         0,         0,    2.20,standalone_exact_mw,cc9149276d16e61a5ac322a1d2048afebd34054fe0ed4879b77eb616628c1148,"{""distance"":5,""physical_error_rate"":0.0001}","{""detection_events"":5909,""detectors_checked"":14221312}"
     30720,         0,         0,    2.16,standalone_exact_mw,77d802c74222c3324b7f1323f7447c6411ad27be92307b6127e53af575faadca,"{""distance"":5,""physical_error_rate"":0.001}","{""detection_events"":28298,""detectors_checked"":6881280}"
     44032,         0,         0,    2.15,standalone_exact_mw,503ee55b5ad1b1988379a241a0405811522ee4d50b473755532ad1299cb121e2,"{""distance"":5,""physical_error_rate"":0.0005}","{""detection_events"":20363,""detectors_checked"":9863168}"
     19456,         0,         0,    2.19,standalone_exact_mw,7bb6e20e48600212890a8c0dbf00c9e78f41358e09b12be0f89e4aae4bc5d684,"{""distance"":5,""physical_error_rate"":0.002}","{""detection_events"":36396,""detectors_checked"":4358144}"
     31744,         0,         0,    2.20,standalone_exact_mw,77d802c74222c3324b7f1323f7447c6411ad27be92307b6127e53af575faadca,"{""distance"":5,""physical_error_rate"":0.001}","{""detection_events"":29539,""detectors_checked"":7110656}"
    140288,         0,         0,    4.24,standalone_exact_mw,aea10f45e3589e84a00777b800d38e8a3149bd6cb552c409f3bffd718c1a0abf,"{""distance"":5,""physical_error_rate"":5e-05}","{""detection_events"":6538,""detectors_checked"":31424512}"
     30720,         0,         0,    3.10,standalone_exact_mw,7bb6e20e48600212890a8c0dbf00c9e78f41358e09b12be0f89e4aae4bc5d684,"{""distance"":5,""physical_error_rate"":0.002}","{""detection_events"":56731,""detectors_checked"":6881280}"
    254976,         1,         0,    16.3,standalone_exact_mw,77d802c74222c3324b7f1323f7447c6411ad27be92307b6127e53af575faadca,"{""distance"":5,""physical_error_rate"":0.001}","{""detection_events"":235170,""detectors_checked"":57114624,""obs_mistake_mask=E"":1}"
    114688,         0,         0,    4.23,standalone_exact_mw,29ae76c7f86edcd2f56343e8109d8463cbc736644db4e57527101e2f1c3606c8,"{""distance"":5,""physical_error_rate"":0.0002}","{""detection_events"":21391,""detectors_checked"":25690112}"
   1463296,         0,         0,    44.7,standalone_exact_mw,29ae76c7f86edcd2f56343e8109d8463cbc736644db4e57527101e2f1c3606c8,"{""distance"":5,""physical_error_rate"":0.0002}","{""detection_events"":273997,""detectors_checked"":327778304}"
    117760,         0,         0,    4.27,standalone_exact_mw,29ae76c7f86edcd2f56343e8109d8463cbc736644db4e57527101e2f1c3606c8,"{""distance"":5,""physical_error_rate"":0.0002}","{""detection_events"":22034,""detectors_checked"":26378240}"
    505856,         0,         0,    16.2,standalone_exact_mw,cc9149276d16e61a5ac322a1d2048afebd34054fe0ed4879b77eb616628c1148,"{""distance"":5,""physical_error_rate"":0.0001}","{""detection_events"":47177,""detectors_checked"":113311744}"
     87040,         0,         0,    3.02,standalone_exact_mw,cc9149276d16e61a5ac322a1d2048afebd34054fe0ed4879b77eb616628c1148,"{""distance"":5,""physical_error_rate"":0.0001}","{""detection_events"":8257,""detectors_checked"":19496960}"
    980992,         0,         0,    32.0,standalone_exact_mw,cc9149276d16e61a5ac322a1d2048afebd34054fe0ed4879b77eb616628c1148,"{""distance"":5,""physical_error_rate"":0.0001}","{""detection_events"":91055,""detectors_checked"":219742208}"
     60416,         0,         0,    3.02,standalone_exact_mw,503ee55b5ad1b1988379a241a0405811522ee4d50b473755532ad1299cb121e2,"{""distance"":5,""physical_error_rate"":0.0005}","{""detection_events"":28395,""detectors_checked"":13533184}"
     45056,         0,         0,    3.07,standalone_exact_mw,77d802c74222c3324b7f1323f7447c6411ad27be92307b6127e53af575faadca,"{""distance"":5,""physical_error_rate"":0.001}","{""detection_events"":41556,""detectors_checked"":10092544}"
   1752064,         0,         0,    44.7,standalone_exact_mw,aea10f45e3589e84a00777b800d38e8a3149bd6cb552c409f3bffd718c1a0abf,"{""distance"":5,""physical_error_rate"":5e-05}","{""detection_events"":81624,""detectors_checked"":392462336}"
     27648,         1,         0,    3.08,standalone_exact_mw,7bb6e20e48600212890a8c0dbf00c9e78f41358e09b12be0f89e4aae4bc5d684,"{""distance"":5,""physical_error_rate"":0.002}","{""detection_events"":50433,""detectors_checked"":6193152,""obs_mistake_mask=E"":1}"
     44032,         0,         0,    3.04,standalone_exact_mw,77d802c74222c3324b7f1323f7447c6411ad27be92307b6127e53af575faadca,"{""distance"":5,""physical_error_rate"":0.001}","{""detection_events"":40015,""detectors_checked"":9863168}"
    979968,         2,         0,    44.9,standalone_exact_mw,77d802c74222c3324b7f1323f7447c6411ad27be92307b6127e53af575faadca,"{""distance"":5,""physical_error_rate"":0.001}","{""detection_events"":909211,""detectors_checked"":219512832,""obs_mistake_mask=E"":2}"
    107520,         0,         0,    4.24,standalone_exact_mw,503ee55b5ad1b1988379a241a0405811522ee4d50b473755532ad1299cb121e2,"{""distance"":5,""physical_error_rate"":0.0005}","{""detection_events"":50052,""detectors_checked"":24084480}"
    946176,         0,         0,    31.9,standalone_exact_mw,29ae76c7f86edcd2f56343e8109d8463cbc736644db4e57527101e2f1c3606c8,"{""distance"":5,""physical_error_rate"":0.0002}","{""detection_events"":176483,""detectors_checked"":211943424}"
     45056,         3,         0,    4.36,standalone_exact_mw,7bb6e20e48600212890a8c0dbf00c9e78f41358e09b12be0f89e4aae4bc5d684,"{""distance"":5,""physical_error_rate"":0.002}","{""detection_events"":83910,""detectors_checked"":10092544,""obs_mistake_mask=E"":3}"
   1949696,         0,         0,    44.7,standalone_exact_mw,cc9149276d16e61a5ac322a1d2048afebd34054fe0ed4879b77eb616628c1148,"{""distance"":5,""physical_error_rate"":0.0001}","{""detection_events"":180942,""detectors_checked"":436731904}"
    198656,         0,         0,    5.93,standalone_exact_mw,aea10f45e3589e84a00777b800d38e8a3149bd6cb552c409f3bffd718c1a0abf,"{""distance"":5,""physical_error_rate"":5e-05}","{""detection_events"":9344,""detectors_checked"":44498944}"
    974848,         0,         0,    31.9,standalone_exact_mw,aea10f45e3589e84a00777b800d38e8a3149bd6cb552c409f3bffd718c1a0abf,"{""distance"":5,""physical_error_rate"":5e-05}","{""detection_events"":45250,""detectors_checked"":218365952}"
    501760,        13,         0,    45.0,standalone_exact_mw,7bb6e20e48600212890a8c0dbf00c9e78f41358e09b12be0f89e4aae4bc5d684,"{""distance"":5,""physical_error_rate"":0.002}","{""detection_events"":924307,""detectors_checked"":112394240,""obs_mistake_mask=E"":13}"
    123904,         0,         0,    4.20,standalone_exact_mw,cc9149276d16e61a5ac322a1d2048afebd34054fe0ed4879b77eb616628c1148,"{""distance"":5,""physical_error_rate"":0.0001}","{""detection_events"":11596,""detectors_checked"":27754496}"
    184320,         0,         0,    5.97,standalone_exact_mw,29ae76c7f86edcd2f56343e8109d8463cbc736644db4e57527101e2f1c3606c8,"{""distance"":5,""physical_error_rate"":0.0002}","{""detection_events"":33746,""detectors_checked"":41287680}"
   1413120,         0,         0,    44.8,standalone_exact_mw,cc9149276d16e61a5ac322a1d2048afebd34054fe0ed4879b77eb616628c1148,"{""distance"":5,""physical_error_rate"":0.0001}","{""detection_events"":131489,""detectors_checked"":316538880}"
   1426432,         0,         0,    44.8,standalone_exact_mw,cc9149276d16e61a5ac322a1d2048afebd34054fe0ed4879b77eb616628c1148,"{""distance"":5,""physical_error_rate"":0.0001}","{""detection_events"":133403,""detectors_checked"":319520768}"
     84992,         0,         0,    4.27,standalone_exact_mw,503ee55b5ad1b1988379a241a0405811522ee4d50b473755532ad1299cb121e2,"{""distance"":5,""physical_error_rate"":0.0005}","{""detection_events"":39952,""detectors_checked"":19038208}"
     63488,         1,         0,    4.34,standalone_exact_mw,77d802c74222c3324b7f1323f7447c6411ad27be92307b6127e53af575faadca,"{""distance"":5,""physical_error_rate"":0.001}","{""detection_events"":58728,""detectors_checked"":14221312,""obs_mistake_mask=E"":1}"
   1183744,         0,         0,    44.7,standalone_exact_mw,29ae76c7f86edcd2f56343e8109d8463cbc736644db4e57527101e2f1c3606c8,"{""distance"":5,""physical_error_rate"":0.0002}","{""detection_events"":219436,""detectors_checked"":265158656}"
     37888,         3,         0,    4.24,standalone_exact_mw,7bb6e20e48600212890a8c0dbf00c9e78f41358e09b12be0f89e4aae4bc5d684,"{""distance"":5,""physical_error_rate"":0.002}","{""detection_events"":69537,""detectors_checked"":8486912,""obs_mistake_mask=E"":3}"
   1290240,         0,         0,    44.7,standalone_exact_mw,cc9149276d16e61a5ac322a1d2048afebd34054fe0ed4879b77eb616628c1148,"{""distance"":5,""physical_error_rate"":0.0001}","{""detection_events"":119655,""detectors_checked"":289013760}"
     63488,         0,         0,    4.31,standalone_exact_mw,77d802c74222c3324b7f1323f7447c6411ad27be92307b6127e53af575faadca,"{""distance"":5,""physical_error_rate"":0.001}","{""detection_events"":58395,""detectors_checked"":14221312}"
    903168,         0,         0,    45.0,standalone_exact_mw,503ee55b5ad1b1988379a241a0405811522ee4d50b473755532ad1299cb121e2,"{""distance"":5,""physical_error_rate"":0.0005}","{""detection_events"":420652,""detectors_checked"":202309632}"
    947200,         0,         0,    44.8,standalone_exact_mw,503ee55b5ad1b1988379a241a0405811522ee4d50b473755532ad1299cb121e2,"{""distance"":5,""physical_error_rate"":0.0005}","{""detection_events"":442228,""detectors_checked"":212172800}"
    176128,         0,         0,    5.99,standalone_exact_mw,29ae76c7f86edcd2f56343e8109d8463cbc736644db4e57527101e2f1c3606c8,"{""distance"":5,""physical_error_rate"":0.0002}","{""detection_events"":33242,""detectors_checked"":39452672}"
   1337344,         0,         0,    44.7,standalone_exact_mw,aea10f45e3589e84a00777b800d38e8a3149bd6cb552c409f3bffd718c1a0abf,"{""distance"":5,""physical_error_rate"":5e-05}","{""detection_events"":62784,""detectors_checked"":299565056}"
   1029120,         0,         0,    44.9,standalone_exact_mw,503ee55b5ad1b1988379a241a0405811522ee4d50b473755532ad1299cb121e2,"{""distance"":5,""physical_error_rate"":0.0005}","{""detection_events"":478512,""detectors_checked"":230522880}"
   1350656,         0,         0,    44.7,standalone_exact_mw,aea10f45e3589e84a00777b800d38e8a3149bd6cb552c409f3bffd718c1a0abf,"{""distance"":5,""physical_error_rate"":5e-05}","{""detection_events"":63952,""detectors_checked"":302546944}"
    414720,        14,         0,    44.9,standalone_exact_mw,7bb6e20e48600212890a8c0dbf00c9e78f41358e09b12be0f89e4aae4bc5d684,"{""distance"":5,""physical_error_rate"":0.002}","{""detection_events"":764660,""detectors_checked"":92897280,""obs_mistake_mask=E"":14}"
   1523712,         0,         0,    44.6,standalone_exact_mw,aea10f45e3589e84a00777b800d38e8a3149bd6cb552c409f3bffd718c1a0abf,"{""distance"":5,""physical_error_rate"":5e-05}","{""detection_events"":70550,""detectors_checked"":341311488}"
    147456,         0,         0,    6.00,standalone_exact_mw,503ee55b5ad1b1988379a241a0405811522ee4d50b473755532ad1299cb121e2,"{""distance"":5,""physical_error_rate"":0.0005}","{""detection_events"":68266,""detectors_checked"":33030144}"
    430080,         6,         0,    44.9,standalone_exact_mw,7bb6e20e48600212890a8c0dbf00c9e78f41358e09b12be0f89e4aae4bc5d684,"{""distance"":5,""physical_error_rate"":0.002}","{""detection_events"":795935,""detectors_checked"":96337920,""obs_mistake_mask=E"":6}"
     72704,         3,         0,    6.00,standalone_exact_mw,7bb6e20e48600212890a8c0dbf00c9e78f41358e09b12be0f89e4aae4bc5d684,"{""distance"":5,""physical_error_rate"":0.002}","{""detection_events"":135459,""detectors_checked"":16285696,""obs_mistake_mask=E"":3}"
    730112,         1,         0,    44.8,standalone_exact_mw,77d802c74222c3324b7f1323f7447c6411ad27be92307b6127e53af575faadca,"{""distance"":5,""physical_error_rate"":0.001}","{""detection_events"":677011,""detectors_checked"":163545088,""obs_mistake_mask=E"":1}"
    650240,         0,         0,    44.8,standalone_exact_mw,77d802c74222c3324b7f1323f7447c6411ad27be92307b6127e53af575faadca,"{""distance"":5,""physical_error_rate"":0.001}","{""detection_events"":602555,""detectors_checked"":145653760}"
    169984,         0,         0,    5.97,standalone_exact_mw,cc9149276d16e61a5ac322a1d2048afebd34054fe0ed4879b77eb616628c1148,"{""distance"":5,""physical_error_rate"":0.0001}","{""detection_events"":15702,""detectors_checked"":38076416}"
    933888,         0,         0,    44.7,standalone_exact_mw,503ee55b5ad1b1988379a241a0405811522ee4d50b473755532ad1299cb121e2,"{""distance"":5,""physical_error_rate"":0.0005}","{""detection_events"":433744,""detectors_checked"":209190912}"
    459776,        20,         0,    44.9,standalone_exact_mw,7bb6e20e48600212890a8c0dbf00c9e78f41358e09b12be0f89e4aae4bc5d684,"{""distance"":5,""physical_error_rate"":0.002}","{""detection_events"":852263,""detectors_checked"":102989824,""obs_mistake_mask=E"":20}"
    117760,         0,         0,    5.91,standalone_exact_mw,503ee55b5ad1b1988379a241a0405811522ee4d50b473755532ad1299cb121e2,"{""distance"":5,""physical_error_rate"":0.0005}","{""detection_events"":54261,""detectors_checked"":26378240}"
     96256,         1,         0,    5.98,standalone_exact_mw,77d802c74222c3324b7f1323f7447c6411ad27be92307b6127e53af575faadca,"{""distance"":5,""physical_error_rate"":0.001}","{""detection_events"":89147,""detectors_checked"":21561344,""obs_mistake_mask=E"":1}"
     58368,         1,         0,    6.00,standalone_exact_mw,7bb6e20e48600212890a8c0dbf00c9e78f41358e09b12be0f89e4aae4bc5d684,"{""distance"":5,""physical_error_rate"":0.002}","{""detection_events"":108068,""detectors_checked"":13074432,""obs_mistake_mask=E"":1}"
     86016,         0,         0,    6.00,standalone_exact_mw,77d802c74222c3324b7f1323f7447c6411ad27be92307b6127e53af575faadca,"{""distance"":5,""physical_error_rate"":0.001}","{""detection_events"":79402,""detectors_checked"":19267584}"
    610304,         3,         0,    45.0,standalone_exact_mw,77d802c74222c3324b7f1323f7447c6411ad27be92307b6127e53af575faadca,"{""distance"":5,""physical_error_rate"":0.001}","{""detection_events"":567495,""detectors_checked"":136708096,""obs_mistake_mask=E"":3}"
   1463296,         0,         0,    44.7,standalone_exact_mw,cc9149276d16e61a5ac322a1d2048afebd34054fe0ed4879b77eb616628c1148,"{""distance"":5,""physical_error_rate"":0.0001}","{""detection_events"":136690,""detectors_checked"":327778304}"
   1426432,         0,         0,    44.8,standalone_exact_mw,29ae76c7f86edcd2f56343e8109d8463cbc736644db4e57527101e2f1c3606c8,"{""distance"":5,""physical_error_rate"":0.0002}","{""detection_events"":266617,""detectors_checked"":319520768}"
    310272,         0,         0,    8.32,standalone_exact_mw,aea10f45e3589e84a00777b800d38e8a3149bd6cb552c409f3bffd718c1a0abf,"{""distance"":5,""physical_error_rate"":5e-05}","{""detection_events"":14182,""detectors_checked"":69500928}"
    303104,         8,         0,    32.1,standalone_exact_mw,7bb6e20e48600212890a8c0dbf00c9e78f41358e09b12be0f89e4aae4bc5d684,"{""distance"":5,""physical_error_rate"":0.002}","{""detection_events"":560415,""detectors_checked"":67895296,""obs_mistake_mask=E"":8}"
   1138688,         0,         0,    44.7,standalone_exact_mw,29ae76c7f86edcd2f56343e8109d8463cbc736644db4e57527101e2f1c3606c8,"{""distance"":5,""physical_error_rate"":0.0002}","{""detection_events"":211775,""detectors_checked"":255066112}"
    236544,         0,         0,    8.31,standalone_exact_mw,29ae76c7f86edcd2f56343e8109d8463cbc736644db4e57527101e2f1c3606c8,"{""distance"":5,""physical_error_rate"":0.0002}","{""detection_events"":43924,""detectors_checked"":52985856}"
   1225728,         0,         0,    22.8,standalone_exact_mw,aea10f45e3589e84a00777b800d38e8a3149bd6cb552c409f3bffd718c1a0abf,"{""distance"":5,""physical_error_rate"":5e-05}","{""detection_events"":57067,""detectors_checked"":274563072}"
    483328,        17,         0,    45.0,standalone_exact_mw,7bb6e20e48600212890a8c0dbf00c9e78f41358e09b12be0f89e4aae4bc5d684,"{""distance"":5,""physical_error_rate"":0.002}","{""detection_events"":891811,""detectors_checked"":108265472,""obs_mistake_mask=E"":17}"
   1340416,         0,         0,    44.7,standalone_exact_mw,aea10f45e3589e84a00777b800d38e8a3149bd6cb552c409f3bffd718c1a0abf,"{""distance"":5,""physical_error_rate"":5e-05}","{""detection_events"":62711,""detectors_checked"":300253184}"
    364544,         0,         0,    8.34,standalone_exact_mw,29ae76c7f86edcd2f56343e8109d8463cbc736644db4e57527101e2f1c3606c8,"{""distance"":5,""physical_error_rate"":0.0002}","{""detection_events"":68163,""detectors_checked"":81657856}"
    691200,         3,         0,    44.8,standalone_exact_mw,77d802c74222c3324b7f1323f7447c6411ad27be92307b6127e53af575faadca,"{""distance"":5,""physical_error_rate"":0.001}","{""detection_events"":641462,""detectors_checked"":154828800,""obs_mistake_mask=E"":3}"
    492544,         1,         0,    32.1,standalone_exact_mw,77d802c74222c3324b7f1323f7447c6411ad27be92307b6127e53af575faadca,"{""distance"":5,""physical_error_rate"":0.001}","{""detection_events"":456252,""detectors_checked"":110329856,""obs_mistake_mask=E"":1}"
    242688,         0,         0,    8.33,standalone_exact_mw,503ee55b5ad1b1988379a241a0405811522ee4d50b473755532ad1299cb121e2,"{""distance"":5,""physical_error_rate"":0.0005}","{""detection_events"":112573,""detectors_checked"":54362112}"
    643072,         0,         0,    32.0,standalone_exact_mw,503ee55b5ad1b1988379a241a0405811522ee4d50b473755532ad1299cb121e2,"{""distance"":5,""physical_error_rate"":0.0005}","{""detection_events"":298783,""detectors_checked"":144048128}"
    961536,         0,         0,    31.9,standalone_exact_mw,29ae76c7f86edcd2f56343e8109d8463cbc736644db4e57527101e2f1c3606c8,"{""distance"":5,""physical_error_rate"":0.0002}","{""detection_events"":179598,""detectors_checked"":215384064}"
    356352,         0,         0,    22.9,standalone_exact_mw,503ee55b5ad1b1988379a241a0405811522ee4d50b473755532ad1299cb121e2,"{""distance"":5,""physical_error_rate"":0.0005}","{""detection_events"":165647,""detectors_checked"":79822848}"
    581632,         0,         0,    22.8,standalone_exact_mw,29ae76c7f86edcd2f56343e8109d8463cbc736644db4e57527101e2f1c3606c8,"{""distance"":5,""physical_error_rate"":0.0002}","{""detection_events"":109077,""detectors_checked"":130285568}"
    101376,         3,         0,    8.40,standalone_exact_mw,7bb6e20e48600212890a8c0dbf00c9e78f41358e09b12be0f89e4aae4bc5d684,"{""distance"":5,""physical_error_rate"":0.002}","{""detection_events"":188244,""detectors_checked"":22708224,""obs_mistake_mask=E"":3}"
    257024,         3,         0,    23.0,standalone_exact_mw,7bb6e20e48600212890a8c0dbf00c9e78f41358e09b12be0f89e4aae4bc5d684,"{""distance"":5,""physical_error_rate"":0.002}","{""detection_events"":472974,""detectors_checked"":57573376,""obs_mistake_mask=E"":3}"
   1073152,         0,         0,    44.8,standalone_exact_mw,29ae76c7f86edcd2f56343e8109d8463cbc736644db4e57527101e2f1c3606c8,"{""distance"":5,""physical_error_rate"":0.0002}","{""detection_events"":200887,""detectors_checked"":240386048}"
    237568,         0,         0,    8.36,standalone_exact_mw,cc9149276d16e61a5ac322a1d2048afebd34054fe0ed4879b77eb616628c1148,"{""distance"":5,""physical_error_rate"":0.0001}","{""detection_events"":22202,""detectors_checked"":53215232}"
    164864,         0,         0,    8.36,standalone_exact_mw,503ee55b5ad1b1988379a241a0405811522ee4d50b473755532ad1299cb121e2,"{""distance"":5,""physical_error_rate"":0.0005}","{""detection_events"":77308,""detectors_checked"":36929536}"
    119808,         1,         0,    8.32,standalone_exact_mw,77d802c74222c3324b7f1323f7447c6411ad27be92307b6127e53af575faadca,"{""distance"":5,""physical_error_rate"":0.001}","{""detection_events"":111289,""detectors_checked"":26836992,""obs_mistake_mask=E"":1}"
     68608,         3,         0,    8.47,standalone_exact_mw,7bb6e20e48600212890a8c0dbf00c9e78f41358e09b12be0f89e4aae4bc5d684,"{""distance"":5,""physical_error_rate"":0.002}","{""detection_events"":126394,""detectors_checked"":15368192,""obs_mistake_mask=E"":3}"
    119808,         1,         0,    8.32,standalone_exact_mw,77d802c74222c3324b7f1323f7447c6411ad27be92307b6127e53af575faadca,"{""distance"":5,""physical_error_rate"":0.001}","{""detection_events"":111558,""detectors_checked"":26836992,""obs_mistake_mask=E"":1}"
    333824,         1,         0,    22.9,standalone_exact_mw,77d802c74222c3324b7f1323f7447c6411ad27be92307b6127e53af575faadca,"{""distance"":5,""physical_error_rate"":0.001}","{""detection_events"":308573,""detectors_checked"":74776576,""obs_mistake_mask=E"":1}"
    652288,         0,         0,    22.8,standalone_exact_mw,cc9149276d16e61a5ac322a1d2048afebd34054fe0ed4879b77eb616628c1148,"{""distance"":5,""physical_error_rate"":0.0001}","{""detection_events"":61522,""detectors_checked"":146112512}"
    589824,         0,         0,    11.7,standalone_exact_mw,aea10f45e3589e84a00777b800d38e8a3149bd6cb552c409f3bffd718c1a0abf,"{""distance"":5,""physical_error_rate"":5e-05}","{""detection_events"":27388,""detectors_checked"":132120576}"
   1261568,         0,         0,    32.0,standalone_exact_mw,aea10f45e3589e84a00777b800d38e8a3149bd6cb552c409f3bffd718c1a0abf,"{""distance"":5,""physical_error_rate"":5e-05}","{""detection_events"":59183,""detectors_checked"":282591232}"
    189440,         0,         0,    11.7,standalone_exact_mw,29ae76c7f86edcd2f56343e8109d8463cbc736644db4e57527101e2f1c3606c8,"{""distance"":5,""physical_error_rate"":0.0002}","{""detection_events"":35940,""detectors_checked"":42434560}"
    956416,         0,         0,    32.0,standalone_exact_mw,cc9149276d16e61a5ac322a1d2048afebd34054fe0ed4879b77eb616628c1148,"{""distance"":5,""physical_error_rate"":0.0001}","{""detection_events"":88832,""detectors_checked"":214237184}"
    354304,         0,         0,    11.7,standalone_exact_mw,29ae76c7f86edcd2f56343e8109d8463cbc736644db4e57527101e2f1c3606c8,"{""distance"":5,""physical_error_rate"":0.0002}","{""detection_events"":65934,""detectors_checked"":79364096}"
    556032,         0,         0,    32.0,standalone_exact_mw,503ee55b5ad1b1988379a241a0405811522ee4d50b473755532ad1299cb121e2,"{""distance"":5,""physical_error_rate"":0.0005}","{""detection_events"":260218,""detectors_checked"":124551168}"
    463872,         4,         0,    32.0,standalone_exact_mw,77d802c74222c3324b7f1323f7447c6411ad27be92307b6127e53af575faadca,"{""distance"":5,""physical_error_rate"":0.001}","{""detection_events"":431328,""detectors_checked"":103907328,""obs_mistake_mask=E"":4}"
    334848,         0,         0,    11.7,standalone_exact_mw,503ee55b5ad1b1988379a241a0405811522ee4d50b473755532ad1299cb121e2,"{""distance"":5,""physical_error_rate"":0.0005}","{""detection_events"":154967,""detectors_checked"":75005952}"
    124928,         3,         0,    11.7,standalone_exact_mw,7bb6e20e48600212890a8c0dbf00c9e78f41358e09b12be0f89e4aae4bc5d684,"{""distance"":5,""physical_error_rate"":0.002}","{""detection_events"":229801,""detectors_checked"":27983872,""obs_mistake_mask=E"":3}"
    249856,        13,         0,    32.2,standalone_exact_mw,7bb6e20e48600212890a8c0dbf00c9e78f41358e09b12be0f89e4aae4bc5d684,"{""distance"":5,""physical_error_rate"":0.002}","{""detection_events"":460933,""detectors_checked"":55967744,""obs_mistake_mask=E"":13}"
    338944,         0,         0,    11.7,standalone_exact_mw,cc9149276d16e61a5ac322a1d2048afebd34054fe0ed4879b77eb616628c1148,"{""distance"":5,""physical_error_rate"":0.0001}","{""detection_events"":31899,""detectors_checked"":75923456}"
    236544,         0,         0,    11.7,standalone_exact_mw,503ee55b5ad1b1988379a241a0405811522ee4d50b473755532ad1299cb121e2,"{""distance"":5,""physical_error_rate"":0.0005}","{""detection_events"":108925,""detectors_checked"":52985856}"
    228352,         1,         0,    11.7,standalone_exact_mw,77d802c74222c3324b7f1323f7447c6411ad27be92307b6127e53af575faadca,"{""distance"":5,""physical_error_rate"":0.001}","{""detection_events"":211347,""detectors_checked"":51150848,""obs_mistake_mask=E"":1}"
     90112,         1,         0,    11.7,standalone_exact_mw,7bb6e20e48600212890a8c0dbf00c9e78f41358e09b12be0f89e4aae4bc5d684,"{""distance"":5,""physical_error_rate"":0.002}","{""detection_events"":166516,""detectors_checked"":20185088,""obs_mistake_mask=E"":1}"
    203776,         0,         0,    11.7,standalone_exact_mw,77d802c74222c3324b7f1323f7447c6411ad27be92307b6127e53af575faadca,"{""distance"":5,""physical_error_rate"":0.001}","{""detection_events"":189320,""detectors_checked"":45645824}"
   1339392,         0,         0,    44.6,standalone_exact_mw,cc9149276d16e61a5ac322a1d2048afebd34054fe0ed4879b77eb616628c1148,"{""distance"":5,""physical_error_rate"":0.0001}","{""detection_events"":124618,""detectors_checked"":300023808}"
   1220608,         0,         0,    44.8,standalone_exact_mw,29ae76c7f86edcd2f56343e8109d8463cbc736644db4e57527101e2f1c3606c8,"{""distance"":5,""physical_error_rate"":0.0002}","{""detection_events"":226827,""detectors_checked"":273416192}"
   1735680,         0,         0,    44.6,standalone_exact_mw,aea10f45e3589e84a00777b800d38e8a3149bd6cb552c409f3bffd718c1a0abf,"{""distance"":5,""physical_error_rate"":5e-05}","{""detection_events"":81214,""detectors_checked"":388792320}"
    371712,        10,         0,    45.0,standalone_exact_mw,7bb6e20e48600212890a8c0dbf00c9e78f41358e09b12be0f89e4aae4bc5d684,"{""distance"":5,""physical_error_rate"":0.002}","{""detection_events"":684299,""detectors_checked"":83263488,""obs_mistake_mask=E"":10}"
    911360,         1,         0,    44.9,standalone_exact_mw,503ee55b5ad1b1988379a241a0405811522ee4d50b473755532ad1299cb121e2,"{""distance"":5,""physical_error_rate"":0.0005}","{""detection_events"":424801,""detectors_checked"":204144640,""obs_mistake_mask=E"":1}"
    875520,         0,         0,    16.3,standalone_exact_mw,aea10f45e3589e84a00777b800d38e8a3149bd6cb552c409f3bffd718c1a0abf,"{""distance"":5,""physical_error_rate"":5e-05}","{""detection_events"":41052,""detectors_checked"":196116480}"
    691200,         1,         0,    44.8,standalone_exact_mw,77d802c74222c3324b7f1323f7447c6411ad27be92307b6127e53af575faadca,"{""distance"":5,""physical_error_rate"":0.001}","{""detection_events"":640854,""detectors_checked"":154828800,""obs_mistake_mask=E"":1}"
    231424,         0,         0,    16.3,standalone_exact_mw,29ae76c7f86edcd2f56343e8109d8463cbc736644db4e57527101e2f1c3606c8,"{""distance"":5,""physical_error_rate"":0.0002}","{""detection_events"":42918,""detectors_checked"":51838976}"
    490496,         0,         0,    16.2,standalone_exact_mw,29ae76c7f86edcd2f56343e8109d8463cbc736644db4e57527101e2f1c3606c8,"{""distance"":5,""physical_error_rate"":0.0002}","{""detection_events"":91924,""detectors_checked"":109871104}"
    402432,         0,         0,    16.4,standalone_exact_mw,503ee55b5ad1b1988379a241a0405811522ee4d50b473755532ad1299cb121e2,"{""distance"":5,""physical_error_rate"":0.0005}","{""detection_events"":187104,""detectors_checked"":90144768}"
    176128,         8,         0,    16.4,standalone_exact_mw,7bb6e20e48600212890a8c0dbf00c9e78f41358e09b12be0f89e4aae4bc5d684,"{""distance"":5,""physical_error_rate"":0.002}","{""detection_events"":325428,""detectors_checked"":39452672,""obs_mistake_mask=E"":8}"
   1325056,         0,         0,    44.7,standalone_exact_mw,cc9149276d16e61a5ac322a1d2048afebd34054fe0ed4879b77eb616628c1148,"{""distance"":5,""physical_error_rate"":0.0001}","{""detection_events"":123287,""detectors_checked"":296812544}"
   1462272,         0,         0,    32.0,standalone_exact_mw,aea10f45e3589e84a00777b800d38e8a3149bd6cb552c409f3bffd718c1a0abf,"{""distance"":5,""physical_error_rate"":5e-05}","{""detection_events"":68300,""detectors_checked"":327548928}"
   1410048,         0,         0,    44.8,standalone_exact_mw,29ae76c7f86edcd2f56343e8109d8463cbc736644db4e57527101e2f1c3606c8,"{""distance"":5,""physical_error_rate"":0.0002}","{""detection_events"":263247,""detectors_checked"":315850752}"
    475136,         0,         0,    16.3,standalone_exact_mw,cc9149276d16e61a5ac322a1d2048afebd34054fe0ed4879b77eb616628c1148,"{""distance"":5,""physical_error_rate"":0.0001}","{""detection_events"":44191,""detectors_checked"":106430464}"
    329728,         0,         0,    16.3,standalone_exact_mw,503ee55b5ad1b1988379a241a0405811522ee4d50b473755532ad1299cb121e2,"{""distance"":5,""physical_error_rate"":0.0005}","{""detection_events"":154558,""detectors_checked"":73859072}"
    206848,         4,         0,    16.4,standalone_exact_mw,77d802c74222c3324b7f1323f7447c6411ad27be92307b6127e53af575faadca,"{""distance"":5,""physical_error_rate"":0.001}","{""detection_events"":193247,""detectors_checked"":46333952,""obs_mistake_mask=E"":4}"
    102400,         4,         0,    16.4,standalone_exact_mw,7bb6e20e48600212890a8c0dbf00c9e78f41358e09b12be0f89e4aae4bc5d684,"{""distance"":5,""physical_error_rate"":0.002}","{""detection_events"":189517,""detectors_checked"":22937600,""obs_mistake_mask=E"":4}"
    321536,         0,         0,    16.3,standalone_exact_mw,77d802c74222c3324b7f1323f7447c6411ad27be92307b6127e53af575faadca,"{""distance"":5,""physical_error_rate"":0.001}","{""detection_events"":297973,""detectors_checked"":72024064}"
    792576,         0,         0,    32.0,standalone_exact_mw,503ee55b5ad1b1988379a241a0405811522ee4d50b473755532ad1299cb121e2,"{""distance"":5,""physical_error_rate"":0.0005}","{""detection_events"":368340,""detectors_checked"":177537024}"
    899072,         0,         0,    32.0,standalone_exact_mw,29ae76c7f86edcd2f56343e8109d8463cbc736644db4e57527101e2f1c3606c8,"{""distance"":5,""physical_error_rate"":0.0002}","{""detection_events"":168563,""detectors_checked"":201392128}"
   1480704,         0,         0,    44.6,standalone_exact_mw,aea10f45e3589e84a00777b800d38e8a3149bd6cb552c409f3bffd718c1a0abf,"{""distance"":5,""physical_error_rate"":5e-05}","{""detection_events"":69386,""detectors_checked"":331677696}"
    364544,        12,         0,    32.1,standalone_exact_mw,7bb6e20e48600212890a8c0dbf00c9e78f41358e09b12be0f89e4aae4bc5d684,"{""distance"":5,""physical_error_rate"":0.002}","{""detection_events"":669551,""detectors_checked"":81657856,""obs_mistake_mask=E"":12}"
    599040,         3,         0,    32.1,standalone_exact_mw,77d802c74222c3324b7f1323f7447c6411ad27be92307b6127e53af575faadca,"{""distance"":5,""physical_error_rate"":0.001}","{""detection_events"":555701,""detectors_checked"":134184960,""obs_mistake_mask=E"":3}"
    930816,         0,         0,    32.0,standalone_exact_mw,cc9149276d16e61a5ac322a1d2048afebd34054fe0ed4879b77eb616628c1148,"{""distance"":5,""physical_error_rate"":0.0001}","{""detection_events"":87802,""detectors_checked"":208502784}"
   2897920,         2,         0,    62.7,standalone_exact_mw,503ee55b5ad1b1988379a241a0405811522ee4d50b473755532ad1299cb121e2,"{""distance"":5,""physical_error_rate"":0.0005}","{""detection_events"":1345761,""detectors_checked"":649134080,""obs_mistake_mask=E"":2}"
    490496,        17,         0,    44.9,standalone_exact_mw,7bb6e20e48600212890a8c0dbf00c9e78f41358e09b12be0f89e4aae4bc5d684,"{""distance"":5,""physical_error_rate"":0.002}","{""detection_events"":906358,""detectors_checked"":109871104,""obs_mistake_mask=E"":17}"
    705536,         1,         0,    44.9,standalone_exact_mw,77d802c74222c3324b7f1323f7447c6411ad27be92307b6127e53af575faadca,"{""distance"":5,""physical_error_rate"":0.001}","{""detection_events"":653096,""detectors_checked"":158040064,""obs_mistake_mask=E"":1}"
    933888,         2,         0,    44.7,standalone_exact_mw,503ee55b5ad1b1988379a241a0405811522ee4d50b473755532ad1299cb121e2,"{""distance"":5,""physical_error_rate"":0.0005}","{""detection_events"":432832,""detectors_checked"":209190912,""obs_mistake_mask=E"":2}"
   1214464,         0,         0,    44.8,standalone_exact_mw,29ae76c7f86edcd2f56343e8109d8463cbc736644db4e57527101e2f1c3606c8,"{""distance"":5,""physical_error_rate"":0.0002}","{""detection_events"":226981,""detectors_checked"":272039936}"
   2628608,         1,         0,    62.7,standalone_exact_mw,29ae76c7f86edcd2f56343e8109d8463cbc736644db4e57527101e2f1c3606c8,"{""distance"":5,""physical_error_rate"":0.0002}","{""detection_events"":488697,""detectors_checked"":588808192,""obs_mistake_mask=E"":1}"
   1176576,         0,         0,    22.9,standalone_exact_mw,aea10f45e3589e84a00777b800d38e8a3149bd6cb552c409f3bffd718c1a0abf,"{""distance"":5,""physical_error_rate"":5e-05}","{""detection_events"":54943,""detectors_checked"":263553024}"
   2446336,         0,         0,    62.7,standalone_exact_mw,aea10f45e3589e84a00777b800d38e8a3149bd6cb552c409f3bffd718c1a0abf,"{""distance"":5,""physical_error_rate"":5e-05}","{""detection_events"":114100,""detectors_checked"":547979264}"
    564224,         0,         0,    22.9,standalone_exact_mw,29ae76c7f86edcd2f56343e8109d8463cbc736644db4e57527101e2f1c3606c8,"{""distance"":5,""physical_error_rate"":0.0002}","{""detection_events"":104258,""detectors_checked"":126386176}"
   1479680,         4,         0,    62.8,standalone_exact_mw,77d802c74222c3324b7f1323f7447c6411ad27be92307b6127e53af575faadca,"{""distance"":5,""physical_error_rate"":0.001}","{""detection_events"":1370995,""detectors_checked"":331448320,""obs_mistake_mask=E"":4}"
    778240,         0,         0,    22.9,standalone_exact_mw,29ae76c7f86edcd2f56343e8109d8463cbc736644db4e57527101e2f1c3606c8,"{""distance"":5,""physical_error_rate"":0.0002}","{""detection_events"":145656,""detectors_checked"":174325760}"
   3506176,         0,         0,    62.7,standalone_exact_mw,cc9149276d16e61a5ac322a1d2048afebd34054fe0ed4879b77eb616628c1148,"{""distance"":5,""physical_error_rate"":0.0001}","{""detection_events"":326466,""detectors_checked"":785383424}"
    579584,         0,         0,    22.9,standalone_exact_mw,503ee55b5ad1b1988379a241a0405811522ee4d50b473755532ad1299cb121e2,"{""distance"":5,""physical_error_rate"":0.0005}","{""detection_events"":268546,""detectors_checked"":129826816}"
    851968,        21,         0,    62.9,standalone_exact_mw,7bb6e20e48600212890a8c0dbf00c9e78f41358e09b12be0f89e4aae4bc5d684,"{""distance"":5,""physical_error_rate"":0.002}","{""detection_events"":1569876,""detectors_checked"":190840832,""obs_mistake_mask=E"":21}"
   1379328,         0,         0,    62.6,standalone_exact_mw,cc9149276d16e61a5ac322a1d2048afebd34054fe0ed4879b77eb616628c1148,"{""distance"":5,""physical_error_rate"":0.0001}","{""detection_events"":129228,""detectors_checked"":308969472}"
   1888256,         0,         0,    62.6,standalone_exact_mw,cc9149276d16e61a5ac322a1d2048afebd34054fe0ed4879b77eb616628c1148,"{""distance"":5,""physical_error_rate"":0.0001}","{""detection_events"":174620,""detectors_checked"":422969344}"
   1646592,         0,         0,    62.6,standalone_exact_mw,29ae76c7f86edcd2f56343e8109d8463cbc736644db4e57527101e2f1c3606c8,"{""distance"":5,""physical_error_rate"":0.0002}","{""detection_events"":304487,""detectors_checked"":368836608}"
   1848320,         0,         0,    62.6,standalone_exact_mw,cc9149276d16e61a5ac322a1d2048afebd34054fe0ed4879b77eb616628c1148,"{""distance"":5,""physical_error_rate"":0.0001}","{""detection_events"":173065,""detectors_checked"":414023680}"
    226304,         4,         0,    23.0,standalone_exact_mw,7bb6e20e48600212890a8c0dbf00c9e78f41358e09b12be0f89e4aae4bc5d684,"{""distance"":5,""physical_error_rate"":0.002}","{""detection_events"":416782,""detectors_checked"":50692096,""obs_mistake_mask=E"":4}"
   1285120,         0,         0,    62.7,standalone_exact_mw,503ee55b5ad1b1988379a241a0405811522ee4d50b473755532ad1299cb121e2,"{""distance"":5,""physical_error_rate"":0.0005}","{""detection_events"":598911,""detectors_checked"":287866880}"
    926720,         0,         0,    62.7,standalone_exact_mw,503ee55b5ad1b1988379a241a0405811522ee4d50b473755532ad1299cb121e2,"{""distance"":5,""physical_error_rate"":0.0005}","{""detection_events"":430472,""detectors_checked"":207585280}"
   2094080,         0,         0,    62.6,standalone_exact_mw,aea10f45e3589e84a00777b800d38e8a3149bd6cb552c409f3bffd718c1a0abf,"{""distance"":5,""physical_error_rate"":5e-05}","{""detection_events"":97304,""detectors_checked"":469073920}"
   1202176,         0,         0,    62.8,standalone_exact_mw,503ee55b5ad1b1988379a241a0405811522ee4d50b473755532ad1299cb121e2,"{""distance"":5,""physical_error_rate"":0.0005}","{""detection_events"":558470,""detectors_checked"":269287424}"
   1870848,         0,         0,    62.5,standalone_exact_mw,aea10f45e3589e84a00777b800d38e8a3149bd6cb552c409f3bffd718c1a0abf,"{""distance"":5,""physical_error_rate"":5e-05}","{""detection_events"":87026,""detectors_checked"":419069952}"
    617472,        21,         0,    62.9,standalone_exact_mw,7bb6e20e48600212890a8c0dbf00c9e78f41358e09b12be0f89e4aae4bc5d684,"{""distance"":5,""physical_error_rate"":0.002}","{""detection_events"":1135901,""detectors_checked"":138313728,""obs_mistake_mask=E"":21}"
   2321408,         0,         0,    62.7,standalone_exact_mw,aea10f45e3589e84a00777b800d38e8a3149bd6cb552c409f3bffd718c1a0abf,"{""distance"":5,""physical_error_rate"":5e-05}","{""detection_events"":107818,""detectors_checked"":519995392}"
   1546240,         0,         0,    44.7,standalone_exact_mw,aea10f45e3589e84a00777b800d38e8a3149bd6cb552c409f3bffd718c1a0abf,"{""distance"":5,""physical_error_rate"":5e-05}","{""detection_events"":73373,""detectors_checked"":346357760}"
    629760,         0,         0,    22.8,standalone_exact_mw,cc9149276d16e61a5ac322a1d2048afebd34054fe0ed4879b77eb616628c1148,"{""distance"":5,""physical_error_rate"":0.0001}","{""detection_events"":58565,""detectors_checked"":141066240}"
    437248,         0,         0,    22.8,standalone_exact_mw,503ee55b5ad1b1988379a241a0405811522ee4d50b473755532ad1299cb121e2,"{""distance"":5,""physical_error_rate"":0.0005}","{""detection_events"":205027,""detectors_checked"":97943552}"
    260096,         0,         0,    22.8,standalone_exact_mw,77d802c74222c3324b7f1323f7447c6411ad27be92307b6127e53af575faadca,"{""distance"":5,""physical_error_rate"":0.001}","{""detection_events"":241609,""detectors_checked"":58261504}"
    662528,        18,         0,    62.9,standalone_exact_mw,7bb6e20e48600212890a8c0dbf00c9e78f41358e09b12be0f89e4aae4bc5d684,"{""distance"":5,""physical_error_rate"":0.002}","{""detection_events"":1224297,""detectors_checked"":148406272,""obs_mistake_mask=E"":18}"
    218112,         7,         0,    22.9,standalone_exact_mw,7bb6e20e48600212890a8c0dbf00c9e78f41358e09b12be0f89e4aae4bc5d684,"{""distance"":5,""physical_error_rate"":0.002}","{""detection_events"":402082,""detectors_checked"":48857088,""obs_mistake_mask=E"":7}"
   1458176,         0,         0,    44.8,standalone_exact_mw,cc9149276d16e61a5ac322a1d2048afebd34054fe0ed4879b77eb616628c1148,"{""distance"":5,""physical_error_rate"":0.0001}","{""detection_events"":135576,""detectors_checked"":326631424}"
    344064,         0,         0,    22.9,standalone_exact_mw,77d802c74222c3324b7f1323f7447c6411ad27be92307b6127e53af575faadca,"{""distance"":5,""physical_error_rate"":0.001}","{""detection_events"":317799,""detectors_checked"":77070336}"
    676864,         0,         0,    44.8,standalone_exact_mw,503ee55b5ad1b1988379a241a0405811522ee4d50b473755532ad1299cb121e2,"{""distance"":5,""physical_error_rate"":0.0005}","{""detection_events"":312577,""detectors_checked"":151617536}"
   1120256,         4,         0,    62.9,standalone_exact_mw,77d802c74222c3324b7f1323f7447c6411ad27be92307b6127e53af575faadca,"{""distance"":5,""physical_error_rate"":0.001}","{""detection_events"":1039272,""detectors_checked"":250937344,""obs_mistake_mask=E"":4}"
    543744,         0,         0,    44.8,standalone_exact_mw,77d802c74222c3324b7f1323f7447c6411ad27be92307b6127e53af575faadca,"{""distance"":5,""physical_error_rate"":0.001}","{""detection_events"":504576,""detectors_checked"":121798656}"
    937984,         4,         0,    62.6,standalone_exact_mw,77d802c74222c3324b7f1323f7447c6411ad27be92307b6127e53af575faadca,"{""distance"":5,""physical_error_rate"":0.001}","{""detection_events"":870857,""detectors_checked"":210108416,""obs_mistake_mask=E"":4}"
   1258496,         1,         0,    62.7,standalone_exact_mw,503ee55b5ad1b1988379a241a0405811522ee4d50b473755532ad1299cb121e2,"{""distance"":5,""physical_error_rate"":0.0005}","{""detection_events"":585173,""detectors_checked"":281903104,""obs_mistake_mask=E"":1}"
    697344,        20,         0,    63.0,standalone_exact_mw,7bb6e20e48600212890a8c0dbf00c9e78f41358e09b12be0f89e4aae4bc5d684,"{""distance"":5,""physical_error_rate"":0.002}","{""detection_events"":1287708,""detectors_checked"":156205056,""obs_mistake_mask=E"":20}"
    367616,        12,         0,    45.0,standalone_exact_mw,7bb6e20e48600212890a8c0dbf00c9e78f41358e09b12be0f89e4aae4bc5d684,"{""distance"":5,""physical_error_rate"":0.002}","{""detection_events"":677075,""detectors_checked"":82345984,""obs_mistake_mask=E"":12}"
    782336,         1,         0,    62.7,standalone_exact_mw,77d802c74222c3324b7f1323f7447c6411ad27be92307b6127e53af575faadca,"{""distance"":5,""physical_error_rate"":0.001}","{""detection_events"":726877,""detectors_checked"":175243264,""obs_mistake_mask=E"":1}"
   1901568,         0,         0,    62.7,standalone_exact_mw,29ae76c7f86edcd2f56343e8109d8463cbc736644db4e57527101e2f1c3606c8,"{""distance"":5,""physical_error_rate"":0.0002}","{""detection_events"":354545,""detectors_checked"":425951232}"
   2195456,         0,         0,    62.7,standalone_exact_mw,cc9149276d16e61a5ac322a1d2048afebd34054fe0ed4879b77eb616628c1148,"{""distance"":5,""physical_error_rate"":0.0001}","{""detection_events"":203616,""detectors_checked"":491782144}"
   1588224,         0,         0,    62.6,standalone_exact_mw,29ae76c7f86edcd2f56343e8109d8463cbc736644db4e57527101e2f1c3606c8,"{""distance"":5,""physical_error_rate"":0.0002}","{""detection_events"":296943,""detectors_checked"":355762176}"
    738304,        29,         0,    62.9,standalone_exact_mw,7bb6e20e48600212890a8c0dbf00c9e78f41358e09b12be0f89e4aae4bc5d684,"{""distance"":5,""physical_error_rate"":0.002}","{""detection_events"":1359025,""detectors_checked"":165380096,""obs_mistake_mask=E"":29}"
   2425856,         0,         0,    62.7,standalone_exact_mw,aea10f45e3589e84a00777b800d38e8a3149bd6cb552c409f3bffd718c1a0abf,"{""distance"":5,""physical_error_rate"":5e-05}","{""detection_events"":112853,""detectors_checked"":543391744}"
   1055744,         5,         0,    62.8,standalone_exact_mw,77d802c74222c3324b7f1323f7447c6411ad27be92307b6127e53af575faadca,"{""distance"":5,""physical_error_rate"":0.001}","{""detection_events"":979584,""detectors_checked"":236486656,""obs_mistake_mask=E"":5}"
   1238016,         0,         0,    62.5,standalone_exact_mw,29ae76c7f86edcd2f56343e8109d8463cbc736644db4e57527101e2f1c3606c8,"{""distance"":5,""physical_error_rate"":0.0002}","{""detection_events"":230372,""detectors_checked"":277315584}"
   1941504,         0,         0,    44.7,standalone_exact_mw,aea10f45e3589e84a00777b800d38e8a3149bd6cb552c409f3bffd718c1a0abf,"{""distance"":5,""physical_error_rate"":5e-05}","{""detection_events"":89435,""detectors_checked"":434896896}"
    963584,         1,         0,    44.8,standalone_exact_mw,503ee55b5ad1b1988379a241a0405811522ee4d50b473755532ad1299cb121e2,"{""distance"":5,""physical_error_rate"":0.0005}","{""detection_events"":448009,""detectors_checked"":215842816,""obs_mistake_mask=E"":1}"
   1205248,         0,         0,    44.7,standalone_exact_mw,29ae76c7f86edcd2f56343e8109d8463cbc736644db4e57527101e2f1c3606c8,"{""distance"":5,""physical_error_rate"":0.0002}","{""detection_events"":224997,""detectors_checked"":269975552}"
    541696,        18,         0,    44.9,standalone_exact_mw,7bb6e20e48600212890a8c0dbf00c9e78f41358e09b12be0f89e4aae4bc5d684,"{""distance"":5,""physical_error_rate"":0.002}","{""detection_events"":999965,""detectors_checked"":121339904,""obs_mistake_mask=E"":18}"
   2053120,         0,         0,    62.6,standalone_exact_mw,cc9149276d16e61a5ac322a1d2048afebd34054fe0ed4879b77eb616628c1148,"{""distance"":5,""physical_error_rate"":0.0001}","{""detection_events"":192089,""detectors_checked"":459898880}"
   1751040,         0,         0,    62.6,standalone_exact_mw,29ae76c7f86edcd2f56343e8109d8463cbc736644db4e57527101e2f1c3606c8,"{""distance"":5,""physical_error_rate"":0.0002}","{""detection_events"":327731,""detectors_checked"":392232960}"
   1353728,         0,         0,    32.0,standalone_exact_mw,aea10f45e3589e84a00777b800d38e8a3149bd6cb552c409f3bffd718c1a0abf,"{""distance"":5,""physical_error_rate"":5e-05}","{""detection_events"":63210,""detectors_checked"":303235072}"
    936960,         0,         0,    31.9,standalone_exact_mw,29ae76c7f86edcd2f56343e8109d8463cbc736644db4e57527101e2f1c3606c8,"{""distance"":5,""physical_error_rate"":0.0002}","{""detection_events"":175083,""detectors_checked"":209879040}"
   2024448,         0,         0,    62.6,standalone_exact_mw,aea10f45e3589e84a00777b800d38e8a3149bd6cb552c409f3bffd718c1a0abf,"{""distance"":5,""physical_error_rate"":5e-05}","{""detection_events"":94749,""detectors_checked"":453476352}"
   1054720,         0,         0,    32.0,standalone_exact_mw,29ae76c7f86edcd2f56343e8109d8463cbc736644db4e57527101e2f1c3606c8,"{""distance"":5,""physical_error_rate"":0.0002}","{""detection_events"":196799,""detectors_checked"":236257280}"
    690176,         3,         0,    44.7,standalone_exact_mw,77d802c74222c3324b7f1323f7447c6411ad27be92307b6127e53af575faadca,"{""distance"":5,""physical_error_rate"":0.001}","{""detection_events"":641386,""detectors_checked"":154599424,""obs_mistake_mask=E"":3}"
    736256,         1,         0,    32.0,standalone_exact_mw,503ee55b5ad1b1988379a241a0405811522ee4d50b473755532ad1299cb121e2,"{""distance"":5,""physical_error_rate"":0.0005}","{""detection_events"":342553,""detectors_checked"":164921344,""obs_mistake_mask=E"":1}"
   1223680,         0,         0,    44.6,standalone_exact_mw,cc9149276d16e61a5ac322a1d2048afebd34054fe0ed4879b77eb616628c1148,"{""distance"":5,""physical_error_rate"":0.0001}","{""detection_events"":114084,""detectors_checked"":274104320}"
    394240,         9,         0,    32.1,standalone_exact_mw,7bb6e20e48600212890a8c0dbf00c9e78f41358e09b12be0f89e4aae4bc5d684,"{""distance"":5,""physical_error_rate"":0.002}","{""detection_events"":727163,""detectors_checked"":88309760,""obs_mistake_mask=E"":9}"
    462848,         9,         0,    62.9,standalone_exact_mw,7bb6e20e48600212890a8c0dbf00c9e78f41358e09b12be0f89e4aae4bc5d684,"{""distance"":5,""physical_error_rate"":0.002}","{""detection_events"":854160,""detectors_checked"":103677952,""obs_mistake_mask=E"":9}"
   1379328,         0,         0,    62.8,standalone_exact_mw,503ee55b5ad1b1988379a241a0405811522ee4d50b473755532ad1299cb121e2,"{""distance"":5,""physical_error_rate"":0.0005}","{""detection_events"":641103,""detectors_checked"":308969472}"
    944128,         0,         0,    31.9,standalone_exact_mw,cc9149276d16e61a5ac322a1d2048afebd34054fe0ed4879b77eb616628c1148,"{""distance"":5,""physical_error_rate"":0.0001}","{""detection_events"":88325,""detectors_checked"":211484672}"
    659456,         0,         0,    32.0,standalone_exact_mw,503ee55b5ad1b1988379a241a0405811522ee4d50b473755532ad1299cb121e2,"{""distance"":5,""physical_error_rate"":0.0005}","{""detection_events"":304626,""detectors_checked"":147718144}"
    464896,         1,         0,    32.0,standalone_exact_mw,77d802c74222c3324b7f1323f7447c6411ad27be92307b6127e53af575faadca,"{""distance"":5,""physical_error_rate"":0.001}","{""detection_events"":430834,""detectors_checked"":104136704,""obs_mistake_mask=E"":1}"
    324608,         6,         0,    32.1,standalone_exact_mw,7bb6e20e48600212890a8c0dbf00c9e78f41358e09b12be0f89e4aae4bc5d684,"{""distance"":5,""physical_error_rate"":0.002}","{""detection_events"":597690,""detectors_checked"":72712192,""obs_mistake_mask=E"":6}"
    516096,         2,         0,    32.1,standalone_exact_mw,77d802c74222c3324b7f1323f7447c6411ad27be92307b6127e53af575faadca,"{""distance"":5,""physical_error_rate"":0.001}","{""detection_events"":481108,""detectors_checked"":115605504,""obs_mistake_mask=E"":2}"
   1072128,         5,         0,    62.8,standalone_exact_mw,77d802c74222c3324b7f1323f7447c6411ad27be92307b6127e53af575faadca,"{""distance"":5,""physical_error_rate"":0.001}","{""detection_events"":997348,""detectors_checked"":240156672,""obs_mistake_mask=E"":5}"
   1839104,         0,         0,    62.5,standalone_exact_mw,cc9149276d16e61a5ac322a1d2048afebd34054fe0ed4879b77eb616628c1148,"{""distance"":5,""physical_error_rate"":0.0001}","{""detection_events"":170891,""detectors_checked"":411959296}"
   1828864,         0,         0,    62.5,standalone_exact_mw,29ae76c7f86edcd2f56343e8109d8463cbc736644db4e57527101e2f1c3606c8,"{""distance"":5,""physical_error_rate"":0.0002}","{""detection_events"":340454,""detectors_checked"":409665536}"
   1869824,         0,         0,    62.7,standalone_exact_mw,aea10f45e3589e84a00777b800d38e8a3149bd6cb552c409f3bffd718c1a0abf,"{""distance"":5,""physical_error_rate"":5e-05}","{""detection_events"":87982,""detectors_checked"":418840576}"
    607232,        17,         0,    62.8,standalone_exact_mw,7bb6e20e48600212890a8c0dbf00c9e78f41358e09b12be0f89e4aae4bc5d684,"{""distance"":5,""physical_error_rate"":0.002}","{""detection_events"":1120994,""detectors_checked"":136019968,""obs_mistake_mask=E"":17}"
    945152,         0,         0,    62.6,standalone_exact_mw,77d802c74222c3324b7f1323f7447c6411ad27be92307b6127e53af575faadca,"{""distance"":5,""physical_error_rate"":0.001}","{""detection_events"":876032,""detectors_checked"":211714048}"
   1388544,         1,         0,    62.6,standalone_exact_mw,503ee55b5ad1b1988379a241a0405811522ee4d50b473755532ad1299cb121e2,"{""distance"":5,""physical_error_rate"":0.0005}","{""detection_events"":648092,""detectors_checked"":311033856,""obs_mistake_mask=E"":1}"
   1870848,         0,         0,    62.7,standalone_exact_mw,29ae76c7f86edcd2f56343e8109d8463cbc736644db4e57527101e2f1c3606c8,"{""distance"":5,""physical_error_rate"":0.0002}","{""detection_events"":349381,""detectors_checked"":419069952}"
   2328576,         0,         0,    62.4,standalone_exact_mw,aea10f45e3589e84a00777b800d38e8a3149bd6cb552c409f3bffd718c1a0abf,"{""distance"":5,""physical_error_rate"":5e-05}","{""detection_events"":109609,""detectors_checked"":521601024}"
   2009088,         1,         0,    62.7,standalone_exact_mw,cc9149276d16e61a5ac322a1d2048afebd34054fe0ed4879b77eb616628c1148,"{""distance"":5,""physical_error_rate"":0.0001}","{""detection_events"":187844,""detectors_checked"":450035712,""obs_mistake_mask=E"":1}"
   1265664,         0,         0,    62.7,standalone_exact_mw,503ee55b5ad1b1988379a241a0405811522ee4d50b473755532ad1299cb121e2,"{""distance"":5,""physical_error_rate"":0.0005}","{""detection_events"":587249,""detectors_checked"":283508736}"
    964608,         2,         0,    62.8,standalone_exact_mw,77d802c74222c3324b7f1323f7447c6411ad27be92307b6127e53af575faadca,"{""distance"":5,""physical_error_rate"":0.001}","{""detection_events"":893861,""detectors_checked"":216072192,""obs_mistake_mask=E"":2}"
    663552,        20,         0,    62.8,standalone_exact_mw,7bb6e20e48600212890a8c0dbf00c9e78f41358e09b12be0f89e4aae4bc5d684,"{""distance"":5,""physical_error_rate"":0.002}","{""detection_events"":1223157,""detectors_checked"":148635648,""obs_mistake_mask=E"":20}"
   1665024,         0,         0,    44.8,standalone_exact_mw,aea10f45e3589e84a00777b800d38e8a3149bd6cb552c409f3bffd718c1a0abf,"{""distance"":5,""physical_error_rate"":5e-05}","{""detection_events"":78105,""detectors_checked"":372965376}"
   1419264,         0,         0,    44.8,standalone_exact_mw,29ae76c7f86edcd2f56343e8109d8463cbc736644db4e57527101e2f1c3606c8,"{""distance"":5,""physical_error_rate"":0.0002}","{""detection_events"":264021,""detectors_checked"":317915136}"
   1516544,         0,         0,    44.8,standalone_exact_mw,29ae76c7f86edcd2f56343e8109d8463cbc736644db4e57527101e2f1c3606c8,"{""distance"":5,""physical_error_rate"":0.0002}","{""detection_events"":283462,""detectors_checked"":339705856}"
    919552,         0,         0,    44.9,standalone_exact_mw,503ee55b5ad1b1988379a241a0405811522ee4d50b473755532ad1299cb121e2,"{""distance"":5,""physical_error_rate"":0.0005}","{""detection_events"":424904,""detectors_checked"":205979648}"
   3364864,         1,         0,    87.9,standalone_exact_mw,503ee55b5ad1b1988379a241a0405811522ee4d50b473755532ad1299cb121e2,"{""distance"":5,""physical_error_rate"":0.0005}","{""detection_events"":1567846,""detectors_checked"":753729536,""obs_mistake_mask=E"":1}"
    473088,        12,         0,    45.0,standalone_exact_mw,7bb6e20e48600212890a8c0dbf00c9e78f41358e09b12be0f89e4aae4bc5d684,"{""distance"":5,""physical_error_rate"":0.002}","{""detection_events"":874071,""detectors_checked"":105971712,""obs_mistake_mask=E"":12}"
   1375232,         0,         0,    44.7,standalone_exact_mw,cc9149276d16e61a5ac322a1d2048afebd34054fe0ed4879b77eb616628c1148,"{""distance"":5,""physical_error_rate"":0.0001}","{""detection_events"":128113,""detectors_checked"":308051968}"
    960512,         0,         0,    44.8,standalone_exact_mw,503ee55b5ad1b1988379a241a0405811522ee4d50b473755532ad1299cb121e2,"{""distance"":5,""physical_error_rate"":0.0005}","{""detection_events"":444825,""detectors_checked"":215154688}"
    681984,         2,         0,    44.8,standalone_exact_mw,77d802c74222c3324b7f1323f7447c6411ad27be92307b6127e53af575faadca,"{""distance"":5,""physical_error_rate"":0.001}","{""detection_events"":632313,""detectors_checked"":152764416,""obs_mistake_mask=E"":2}"
    621568,         1,         0,    44.7,standalone_exact_mw,77d802c74222c3324b7f1323f7447c6411ad27be92307b6127e53af575faadca,"{""distance"":5,""physical_error_rate"":0.001}","{""detection_events"":575831,""detectors_checked"":139231232,""obs_mistake_mask=E"":1}"
    437248,        16,         0,    45.0,standalone_exact_mw,7bb6e20e48600212890a8c0dbf00c9e78f41358e09b12be0f89e4aae4bc5d684,"{""distance"":5,""physical_error_rate"":0.002}","{""detection_events"":808585,""detectors_checked"":97943552,""obs_mistake_mask=E"":16}"
   3617792,         0,         0,    87.7,standalone_exact_mw,29ae76c7f86edcd2f56343e8109d8463cbc736644db4e57527101e2f1c3606c8,"{""distance"":5,""physical_error_rate"":0.0002}","{""detection_events"":674188,""detectors_checked"":810385408}"
   3724288,         0,         0,    87.7,standalone_exact_mw,aea10f45e3589e84a00777b800d38e8a3149bd6cb552c409f3bffd718c1a0abf,"{""distance"":5,""physical_error_rate"":5e-05}","{""detection_events"":173003,""detectors_checked"":834240512}"
   2174976,         8,         0,    87.8,standalone_exact_mw,77d802c74222c3324b7f1323f7447c6411ad27be92307b6127e53af575faadca,"{""distance"":5,""physical_error_rate"":0.001}","{""detection_events"":2012665,""detectors_checked"":487194624,""obs_mistake_mask=E"":8}"
   3011584,         0,         0,    62.7,standalone_exact_mw,aea10f45e3589e84a00777b800d38e8a3149bd6cb552c409f3bffd718c1a0abf,"{""distance"":5,""physical_error_rate"":5e-05}","{""detection_events"":139739,""detectors_checked"":674594816}"
   4008960,         0,         0,    87.7,standalone_exact_mw,cc9149276d16e61a5ac322a1d2048afebd34054fe0ed4879b77eb616628c1148,"{""distance"":5,""physical_error_rate"":0.0001}","{""detection_events"":373871,""detectors_checked"":898007040}"
   1078272,        28,         0,    88.0,standalone_exact_mw,7bb6e20e48600212890a8c0dbf00c9e78f41358e09b12be0f89e4aae4bc5d684,"{""distance"":5,""physical_error_rate"":0.002}","{""detection_events"":1988384,""detectors_checked"":241532928,""obs_mistake_mask=E"":28}"
   2838528,         0,         0,    87.6,standalone_exact_mw,cc9149276d16e61a5ac322a1d2048afebd34054fe0ed4879b77eb616628c1148,"{""distance"":5,""physical_error_rate"":0.0001}","{""detection_events"":264509,""detectors_checked"":635830272}"
   2693120,         0,         0,    87.6,standalone_exact_mw,cc9149276d16e61a5ac322a1d2048afebd34054fe0ed4879b77eb616628c1148,"{""distance"":5,""physical_error_rate"":0.0001}","{""detection_events"":250626,""detectors_checked"":603258880}"
   2230272,         1,         0,    87.8,standalone_exact_mw,29ae76c7f86edcd2f56343e8109d8463cbc736644db4e57527101e2f1c3606c8,"{""distance"":5,""physical_error_rate"":0.0002}","{""detection_events"":415612,""detectors_checked"":499580928,""obs_mistake_mask=E"":1}"
   3184640,         0,         0,    87.7,standalone_exact_mw,cc9149276d16e61a5ac322a1d2048afebd34054fe0ed4879b77eb616628c1148,"{""distance"":5,""physical_error_rate"":0.0001}","{""detection_events"":296737,""detectors_checked"":713359360}"
   1810432,         1,         0,    87.9,standalone_exact_mw,503ee55b5ad1b1988379a241a0405811522ee4d50b473755532ad1299cb121e2,"{""distance"":5,""physical_error_rate"":0.0005}","{""detection_events"":839891,""detectors_checked"":405536768,""obs_mistake_mask=E"":1}"
   1894400,         1,         0,    87.7,standalone_exact_mw,503ee55b5ad1b1988379a241a0405811522ee4d50b473755532ad1299cb121e2,"{""distance"":5,""physical_error_rate"":0.0005}","{""detection_events"":880257,""detectors_checked"":424345600,""obs_mistake_mask=E"":1}"
   3148800,         0,         0,    87.7,standalone_exact_mw,aea10f45e3589e84a00777b800d38e8a3149bd6cb552c409f3bffd718c1a0abf,"{""distance"":5,""physical_error_rate"":5e-05}","{""detection_events"":146302,""detectors_checked"":705331200}"
   1391616,         1,         0,    62.7,standalone_exact_mw,503ee55b5ad1b1988379a241a0405811522ee4d50b473755532ad1299cb121e2,"{""distance"":5,""physical_error_rate"":0.0005}","{""detection_events"":648737,""detectors_checked"":311721984,""obs_mistake_mask=E"":1}"
   1805312,         1,         0,    87.9,standalone_exact_mw,503ee55b5ad1b1988379a241a0405811522ee4d50b473755532ad1299cb121e2,"{""distance"":5,""physical_error_rate"":0.0005}","{""detection_events"":840247,""detectors_checked"":404389888,""obs_mistake_mask=E"":1}"
   1632256,         0,         0,    62.6,standalone_exact_mw,29ae76c7f86edcd2f56343e8109d8463cbc736644db4e57527101e2f1c3606c8,"{""distance"":5,""physical_error_rate"":0.0002}","{""detection_events"":303099,""detectors_checked"":365625344}"
   2848768,         0,         0,    87.7,standalone_exact_mw,aea10f45e3589e84a00777b800d38e8a3149bd6cb552c409f3bffd718c1a0abf,"{""distance"":5,""physical_error_rate"":5e-05}","{""detection_events"":133075,""detectors_checked"":638124032}"
    848896,        26,         0,    88.0,standalone_exact_mw,7bb6e20e48600212890a8c0dbf00c9e78f41358e09b12be0f89e4aae4bc5d684,"{""distance"":5,""physical_error_rate"":0.002}","{""detection_events"":1567581,""detectors_checked"":190152704,""obs_mistake_mask=E"":26}"
    607232,        16,         0,    62.9,standalone_exact_mw,7bb6e20e48600212890a8c0dbf00c9e78f41358e09b12be0f89e4aae4bc5d684,"{""distance"":5,""physical_error_rate"":0.002}","{""detection_events"":1119527,""detectors_checked"":136019968,""obs_mistake_mask=E"":16}"
   2762752,         0,         0,    87.7,standalone_exact_mw,aea10f45e3589e84a00777b800d38e8a3149bd6cb552c409f3bffd718c1a0abf,"{""distance"":5,""physical_error_rate"":5e-05}","{""detection_events"":128799,""detectors_checked"":618856448}"
    850944,        21,         0,    88.1,standalone_exact_mw,7bb6e20e48600212890a8c0dbf00c9e78f41358e09b12be0f89e4aae4bc5d684,"{""distance"":5,""physical_error_rate"":0.002}","{""detection_events"":1572066,""detectors_checked"":190611456,""obs_mistake_mask=E"":21}"
   1370112,         5,         0,    87.9,standalone_exact_mw,77d802c74222c3324b7f1323f7447c6411ad27be92307b6127e53af575faadca,"{""distance"":5,""physical_error_rate"":0.001}","{""detection_events"":1273150,""detectors_checked"":306905088,""obs_mistake_mask=E"":5}"
   1372160,         5,         0,    87.9,standalone_exact_mw,77d802c74222c3324b7f1323f7447c6411ad27be92307b6127e53af575faadca,"{""distance"":5,""physical_error_rate"":0.001}","{""detection_events"":1271538,""detectors_checked"":307363840,""obs_mistake_mask=E"":5}"
    974848,         8,         0,    62.7,standalone_exact_mw,77d802c74222c3324b7f1323f7447c6411ad27be92307b6127e53af575faadca,"{""distance"":5,""physical_error_rate"":0.001}","{""detection_events"":902990,""detectors_checked"":218365952,""obs_mistake_mask=E"":8}"
   2035712,         0,         0,    87.8,standalone_exact_mw,503ee55b5ad1b1988379a241a0405811522ee4d50b473755532ad1299cb121e2,"{""distance"":5,""physical_error_rate"":0.0005}","{""detection_events"":946525,""detectors_checked"":455999488}"
    960512,        27,         0,    88.1,standalone_exact_mw,7bb6e20e48600212890a8c0dbf00c9e78f41358e09b12be0f89e4aae4bc5d684,"{""distance"":5,""physical_error_rate"":0.002}","{""detection_events"":1776497,""detectors_checked"":215154688,""obs_mistake_mask=E"":27}"
   1293312,         3,         0,    87.9,standalone_exact_mw,77d802c74222c3324b7f1323f7447c6411ad27be92307b6127e53af575faadca,"{""distance"":5,""physical_error_rate"":0.001}","{""detection_events"":1198454,""detectors_checked"":289701888,""obs_mistake_mask=E"":3}"
   2749440,         0,         0,    87.7,standalone_exact_mw,29ae76c7f86edcd2f56343e8109d8463cbc736644db4e57527101e2f1c3606c8,"{""distance"":5,""physical_error_rate"":0.0002}","{""detection_events"":511615,""detectors_checked"":615874560}"
   2753536,         0,         0,    87.7,standalone_exact_mw,cc9149276d16e61a5ac322a1d2048afebd34054fe0ed4879b77eb616628c1148,"{""distance"":5,""physical_error_rate"":0.0001}","{""detection_events"":256757,""detectors_checked"":616792064}"
   2023424,         0,         0,    62.7,standalone_exact_mw,cc9149276d16e61a5ac322a1d2048afebd34054fe0ed4879b77eb616628c1148,"{""distance"":5,""physical_error_rate"":0.0001}","{""detection_events"":188282,""detectors_checked"":453246976}"
   2413568,         0,         0,    87.9,standalone_exact_mw,29ae76c7f86edcd2f56343e8109d8463cbc736644db4e57527101e2f1c3606c8,"{""distance"":5,""physical_error_rate"":0.0002}","{""detection_events"":449680,""detectors_checked"":540639232}"
   1058816,        30,         0,    88.0,standalone_exact_mw,7bb6e20e48600212890a8c0dbf00c9e78f41358e09b12be0f89e4aae4bc5d684,"{""distance"":5,""physical_error_rate"":0.002}","{""detection_events"":1951948,""detectors_checked"":237174784,""obs_mistake_mask=E"":30}"
   2808832,         0,         0,    87.7,standalone_exact_mw,aea10f45e3589e84a00777b800d38e8a3149bd6cb552c409f3bffd718c1a0abf,"{""distance"":5,""physical_error_rate"":5e-05}","{""detection_events"":130631,""detectors_checked"":629178368}"
   1391616,         8,         0,    87.8,standalone_exact_mw,77d802c74222c3324b7f1323f7447c6411ad27be92307b6127e53af575faadca,"{""distance"":5,""physical_error_rate"":0.001}","{""detection_events"":1288617,""detectors_checked"":311721984,""obs_mistake_mask=E"":8}"
   2496512,         0,         0,    87.6,standalone_exact_mw,29ae76c7f86edcd2f56343e8109d8463cbc736644db4e57527101e2f1c3606c8,"{""distance"":5,""physical_error_rate"":0.0002}","{""detection_events"":465936,""detectors_checked"":559218688}"
   2587648,         0,         0,    87.6,standalone_exact_mw,cc9149276d16e61a5ac322a1d2048afebd34054fe0ed4879b77eb616628c1148,"{""distance"":5,""physical_error_rate"":0.0001}","{""detection_events"":242837,""detectors_checked"":579633152}"
   2536448,         0,         0,    87.8,standalone_exact_mw,29ae76c7f86edcd2f56343e8109d8463cbc736644db4e57527101e2f1c3606c8,"{""distance"":5,""physical_error_rate"":0.0002}","{""detection_events"":473592,""detectors_checked"":568164352}"
   3359744,         0,         0,    87.6,standalone_exact_mw,aea10f45e3589e84a00777b800d38e8a3149bd6cb552c409f3bffd718c1a0abf,"{""distance"":5,""physical_error_rate"":5e-05}","{""detection_events"":156376,""detectors_checked"":752582656}"
    861184,        40,         0,    88.0,standalone_exact_mw,7bb6e20e48600212890a8c0dbf00c9e78f41358e09b12be0f89e4aae4bc5d684,"{""distance"":5,""physical_error_rate"":0.002}","{""detection_events"":1588038,""detectors_checked"":192905216,""obs_mistake_mask=E"":40}"
   2011136,         0,         0,    87.7,standalone_exact_mw,503ee55b5ad1b1988379a241a0405811522ee4d50b473755532ad1299cb121e2,"{""distance"":5,""physical_error_rate"":0.0005}","{""detection_events"":937020,""detectors_checked"":450494464}"
   1330176,         8,         0,    87.9,standalone_exact_mw,77d802c74222c3324b7f1323f7447c6411ad27be92307b6127e53af575faadca,"{""distance"":5,""physical_error_rate"":0.001}","{""detection_events"":1230514,""detectors_checked"":297959424,""obs_mistake_mask=E"":8}"
   2668544,         0,         0,    87.8,standalone_exact_mw,cc9149276d16e61a5ac322a1d2048afebd34054fe0ed4879b77eb616628c1148,"{""distance"":5,""physical_error_rate"":0.0001}","{""detection_events"":249245,""detectors_checked"":597753856}"
   2470912,         0,         0,    87.7,standalone_exact_mw,29ae76c7f86edcd2f56343e8109d8463cbc736644db4e57527101e2f1c3606c8,"{""distance"":5,""physical_error_rate"":0.0002}","{""detection_events"":460274,""detectors_checked"":553484288}"
   3074048,         0,         0,    87.7,standalone_exact_mw,aea10f45e3589e84a00777b800d38e8a3149bd6cb552c409f3bffd718c1a0abf,"{""distance"":5,""physical_error_rate"":5e-05}","{""detection_events"":143875,""detectors_checked"":688586752}"
   2479104,         0,         0,    62.8,standalone_exact_mw,aea10f45e3589e84a00777b800d38e8a3149bd6cb552c409f3bffd718c1a0abf,"{""distance"":5,""physical_error_rate"":5e-05}","{""detection_events"":114793,""detectors_checked"":555319296}"
   1932288,         0,         0,    62.7,standalone_exact_mw,29ae76c7f86edcd2f56343e8109d8463cbc736644db4e57527101e2f1c3606c8,"{""distance"":5,""physical_error_rate"":0.0002}","{""detection_events"":360841,""detectors_checked"":432832512}"
   1917952,         0,         0,    62.6,standalone_exact_mw,29ae76c7f86edcd2f56343e8109d8463cbc736644db4e57527101e2f1c3606c8,"{""distance"":5,""physical_error_rate"":0.0002}","{""detection_events"":357646,""detectors_checked"":429621248}"
   1330176,         2,         0,    62.8,standalone_exact_mw,503ee55b5ad1b1988379a241a0405811522ee4d50b473755532ad1299cb121e2,"{""distance"":5,""physical_error_rate"":0.0005}","{""detection_events"":621648,""detectors_checked"":297959424,""obs_mistake_mask=E"":2}"
    681984,        20,         0,    62.9,standalone_exact_mw,7bb6e20e48600212890a8c0dbf00c9e78f41358e09b12be0f89e4aae4bc5d684,"{""distance"":5,""physical_error_rate"":0.002}","{""detection_events"":1264823,""detectors_checked"":152764416,""obs_mistake_mask=E"":20}"
    958464,        37,         0,    88.0,standalone_exact_mw,7bb6e20e48600212890a8c0dbf00c9e78f41358e09b12be0f89e4aae4bc5d684,"{""distance"":5,""physical_error_rate"":0.002}","{""detection_events"":1771540,""detectors_checked"":214695936,""obs_mistake_mask=E"":37}"
   1958912,         0,         0,    62.6,standalone_exact_mw,cc9149276d16e61a5ac322a1d2048afebd34054fe0ed4879b77eb616628c1148,"{""distance"":5,""physical_error_rate"":0.0001}","{""detection_events"":183003,""detectors_checked"":438796288}"
   1364992,         0,         0,    62.8,standalone_exact_mw,503ee55b5ad1b1988379a241a0405811522ee4d50b473755532ad1299cb121e2,"{""distance"":5,""physical_error_rate"":0.0005}","{""detection_events"":634737,""detectors_checked"":305758208}"
    985088,         4,         0,    62.7,standalone_exact_mw,77d802c74222c3324b7f1323f7447c6411ad27be92307b6127e53af575faadca,"{""distance"":5,""physical_error_rate"":0.001}","{""detection_events"":915479,""detectors_checked"":220659712,""obs_mistake_mask=E"":4}"
   1038336,         6,         0,    62.8,standalone_exact_mw,77d802c74222c3324b7f1323f7447c6411ad27be92307b6127e53af575faadca,"{""distance"":5,""physical_error_rate"":0.001}","{""detection_events"":966372,""detectors_checked"":232587264,""obs_mistake_mask=E"":6}"
    584704,        18,         0,    62.9,standalone_exact_mw,7bb6e20e48600212890a8c0dbf00c9e78f41358e09b12be0f89e4aae4bc5d684,"{""distance"":5,""physical_error_rate"":0.002}","{""detection_events"":1075128,""detectors_checked"":130973696,""obs_mistake_mask=E"":18}"
   1410048,         9,         0,    87.7,standalone_exact_mw,77d802c74222c3324b7f1323f7447c6411ad27be92307b6127e53af575faadca,"{""distance"":5,""physical_error_rate"":0.001}","{""detection_events"":1306023,""detectors_checked"":315850752,""obs_mistake_mask=E"":9}"
   1960960,         1,         0,    87.9,standalone_exact_mw,503ee55b5ad1b1988379a241a0405811522ee4d50b473755532ad1299cb121e2,"{""distance"":5,""physical_error_rate"":0.0005}","{""detection_events"":913062,""detectors_checked"":439255040,""obs_mistake_mask=E"":1}"
   2665472,         0,         0,    87.8,standalone_exact_mw,29ae76c7f86edcd2f56343e8109d8463cbc736644db4e57527101e2f1c3606c8,"{""distance"":5,""physical_error_rate"":0.0002}","{""detection_events"":497058,""detectors_checked"":597065728}"
   3044352,         0,         0,    87.5,standalone_exact_mw,aea10f45e3589e84a00777b800d38e8a3149bd6cb552c409f3bffd718c1a0abf,"{""distance"":5,""physical_error_rate"":5e-05}","{""detection_events"":141197,""detectors_checked"":681934848}"
   3255296,         0,         0,    87.6,standalone_exact_mw,cc9149276d16e61a5ac322a1d2048afebd34054fe0ed4879b77eb616628c1148,"{""distance"":5,""physical_error_rate"":0.0001}","{""detection_events"":306114,""detectors_checked"":729186304}"
   1363968,         1,         0,    87.8,standalone_exact_mw,503ee55b5ad1b1988379a241a0405811522ee4d50b473755532ad1299cb121e2,"{""distance"":5,""physical_error_rate"":0.0005}","{""detection_events"":633755,""detectors_checked"":305528832,""obs_mistake_mask=E"":1}"
   1619968,         5,         0,    87.9,standalone_exact_mw,77d802c74222c3324b7f1323f7447c6411ad27be92307b6127e53af575faadca,"{""distance"":5,""physical_error_rate"":0.001}","{""detection_events"":1499515,""detectors_checked"":362872832,""obs_mistake_mask=E"":5}"
    926720,        32,         0,    87.9,standalone_exact_mw,7bb6e20e48600212890a8c0dbf00c9e78f41358e09b12be0f89e4aae4bc5d684,"{""distance"":5,""physical_error_rate"":0.002}","{""detection_events"":1708510,""detectors_checked"":207585280,""obs_mistake_mask=E"":32}"
   3915776,         0,         0,    87.8,standalone_exact_mw,aea10f45e3589e84a00777b800d38e8a3149bd6cb552c409f3bffd718c1a0abf,"{""distance"":5,""physical_error_rate"":5e-05}","{""detection_events"":180990,""detectors_checked"":877133824}"
   1988608,         0,         0,    87.8,standalone_exact_mw,503ee55b5ad1b1988379a241a0405811522ee4d50b473755532ad1299cb121e2,"{""distance"":5,""physical_error_rate"":0.0005}","{""detection_events"":925544,""detectors_checked"":445448192}"
   2415616,         0,         0,    87.7,standalone_exact_mw,29ae76c7f86edcd2f56343e8109d8463cbc736644db4e57527101e2f1c3606c8,"{""distance"":5,""physical_error_rate"":0.0002}","{""detection_events"":452866,""detectors_checked"":541097984}"
   1052672,        19,         0,    87.9,standalone_exact_mw,7bb6e20e48600212890a8c0dbf00c9e78f41358e09b12be0f89e4aae4bc5d684,"{""distance"":5,""physical_error_rate"":0.002}","{""detection_events"":1941174,""detectors_checked"":235798528,""obs_mistake_mask=E"":19}"
   1332224,         4,         0,    87.8,standalone_exact_mw,77d802c74222c3324b7f1323f7447c6411ad27be92307b6127e53af575faadca,"{""distance"":5,""physical_error_rate"":0.001}","{""detection_events"":1232856,""detectors_checked"":298418176,""obs_mistake_mask=E"":4}"
   2640896,         0,         0,    87.7,standalone_exact_mw,cc9149276d16e61a5ac322a1d2048afebd34054fe0ed4879b77eb616628c1148,"{""distance"":5,""physical_error_rate"":0.0001}","{""detection_events"":245954,""detectors_checked"":591560704}"
   4758528,         3,         0,   119.6,standalone_exact_mw,503ee55b5ad1b1988379a241a0405811522ee4d50b473755532ad1299cb121e2,"{""distance"":5,""physical_error_rate"":0.0005}","{""detection_events"":2213547,""detectors_checked"":1065910272,""obs_mistake_mask=E"":3}"
   4256768,         0,         0,   119.3,standalone_exact_mw,29ae76c7f86edcd2f56343e8109d8463cbc736644db4e57527101e2f1c3606c8,"{""distance"":5,""physical_error_rate"":0.0002}","{""detection_events"":793840,""detectors_checked"":953516032}"
   5227520,         0,         0,   119.3,standalone_exact_mw,aea10f45e3589e84a00777b800d38e8a3149bd6cb552c409f3bffd718c1a0abf,"{""distance"":5,""physical_error_rate"":5e-05}","{""detection_events"":242789,""detectors_checked"":1170964480}"
   2576384,        10,         0,   119.5,standalone_exact_mw,77d802c74222c3324b7f1323f7447c6411ad27be92307b6127e53af575faadca,"{""distance"":5,""physical_error_rate"":0.001}","{""detection_events"":2392624,""detectors_checked"":577110016,""obs_mistake_mask=E"":10}"
   4300800,         0,         0,   119.3,standalone_exact_mw,cc9149276d16e61a5ac322a1d2048afebd34054fe0ed4879b77eb616628c1148,"{""distance"":5,""physical_error_rate"":0.0001}","{""detection_events"":401059,""detectors_checked"":963379200}"
   1452032,        44,         0,   119.7,standalone_exact_mw,7bb6e20e48600212890a8c0dbf00c9e78f41358e09b12be0f89e4aae4bc5d684,"{""distance"":5,""physical_error_rate"":0.002}","{""detection_events"":2677496,""detectors_checked"":325255168,""obs_mistake_mask=E"":44}"
    758784,        24,         0,    67.0,standalone_exact_mw,7bb6e20e48600212890a8c0dbf00c9e78f41358e09b12be0f89e4aae4bc5d684,"{""distance"":5,""physical_error_rate"":0.002}","{""detection_events"":1400902,""detectors_checked"":169967616,""obs_mistake_mask=E"":24}"
   1202176,        32,         0,   116.4,standalone_exact_mw,7bb6e20e48600212890a8c0dbf00c9e78f41358e09b12be0f89e4aae4bc5d684,"{""distance"":5,""physical_error_rate"":0.002}","{""detection_events"":2219589,""detectors_checked"":269287424,""obs_mistake_mask=E"":32}"
    899072,        32,         0,    86.5,standalone_exact_mw,7bb6e20e48600212890a8c0dbf00c9e78f41358e09b12be0f89e4aae4bc5d684,"{""distance"":5,""physical_error_rate"":0.002}","{""detection_events"":1657998,""detectors_checked"":201392128,""obs_mistake_mask=E"":32}"
    636928,        14,         0,    66.3,standalone_exact_mw,7bb6e20e48600212890a8c0dbf00c9e78f41358e09b12be0f89e4aae4bc5d684,"{""distance"":5,""physical_error_rate"":0.002}","{""detection_events"":1177578,""detectors_checked"":142671872,""obs_mistake_mask=E"":14}"
   1052672,        28,         0,   110.5,standalone_exact_mw,7bb6e20e48600212890a8c0dbf00c9e78f41358e09b12be0f89e4aae4bc5d684,"{""distance"":5,""physical_error_rate"":0.002}","{""detection_events"":1939639,""detectors_checked"":235798528,""obs_mistake_mask=E"":28}"
    357376,         8,         0,    29.9,standalone_exact_mw,7bb6e20e48600212890a8c0dbf00c9e78f41358e09b12be0f89e4aae4bc5d684,"{""distance"":5,""physical_error_rate"":0.002}","{""detection_events"":658080,""detectors_checked"":80052224,""obs_mistake_mask=E"":8}"
   1119232,        32,         0,   113.5,standalone_exact_mw,7bb6e20e48600212890a8c0dbf00c9e78f41358e09b12be0f89e4aae4bc5d684,"{""distance"":5,""physical_error_rate"":0.002}","{""detection_events"":2061219,""detectors_checked"":250707968,""obs_mistake_mask=E"":32}"
    514048,        18,         0,    50.1,standalone_exact_mw,7bb6e20e48600212890a8c0dbf00c9e78f41358e09b12be0f89e4aae4bc5d684,"{""distance"":5,""physical_error_rate"":0.002}","{""detection_events"":949824,""detectors_checked"":115146752,""obs_mistake_mask=E"":18}"
    382976,        10,         0,    64.4,standalone_exact_mw,7bb6e20e48600212890a8c0dbf00c9e78f41358e09b12be0f89e4aae4bc5d684,"{""distance"":5,""physical_error_rate"":0.002}","{""detection_events"":705641,""detectors_checked"":85786624,""obs_mistake_mask=E"":10}"
      1024,         0,         0,   0.084,standalone_exact_mw,7bb6e20e48600212890a8c0dbf00c9e78f41358e09b12be0f89e4aae4bc5d684,"{""distance"":5,""physical_error_rate"":0.002}","{""detection_events"":1837,""detectors_checked"":229376}"
   1292288,        33,         0,   118.0,standalone_exact_mw,7bb6e20e48600212890a8c0dbf00c9e78f41358e09b12be0f89e4aae4bc5d684,"{""distance"":5,""physical_error_rate"":0.002}","{""detection_events"":2386146,""detectors_checked"":289472512,""obs_mistake_mask=E"":33}"
   3148800,         0,         0,   119.2,standalone_exact_mw,cc9149276d16e61a5ac322a1d2048afebd34054fe0ed4879b77eb616628c1148,"{""distance"":5,""physical_error_rate"":0.0001}","{""detection_events"":292538,""detectors_checked"":705331200}"
   4002816,         0,         0,   119.2,standalone_exact_mw,cc9149276d16e61a5ac322a1d2048afebd34054fe0ed4879b77eb616628c1148,"{""distance"":5,""physical_error_rate"":0.0001}","{""detection_events"":373156,""detectors_checked"":896630784}"
   3182592,         0,         0,   119.3,standalone_exact_mw,29ae76c7f86edcd2f56343e8109d8463cbc736644db4e57527101e2f1c3606c8,"{""distance"":5,""physical_error_rate"":0.0002}","{""detection_events"":592098,""detectors_checked"":712900608}"
   3963904,         0,         0,   119.1,standalone_exact_mw,cc9149276d16e61a5ac322a1d2048afebd34054fe0ed4879b77eb616628c1148,"{""distance"":5,""physical_error_rate"":0.0001}","{""detection_events"":370410,""detectors_checked"":887914496}"
   2504704,         0,         0,   119.4,standalone_exact_mw,503ee55b5ad1b1988379a241a0405811522ee4d50b473755532ad1299cb121e2,"{""distance"":5,""physical_error_rate"":0.0005}","{""detection_events"":1162077,""detectors_checked"":561053696}"
   2759680,         0,         0,   119.5,standalone_exact_mw,503ee55b5ad1b1988379a241a0405811522ee4d50b473755532ad1299cb121e2,"{""distance"":5,""physical_error_rate"":0.0005}","{""detection_events"":1285429,""detectors_checked"":618168320}"
   4022272,         0,         0,   119.0,standalone_exact_mw,aea10f45e3589e84a00777b800d38e8a3149bd6cb552c409f3bffd718c1a0abf,"{""distance"":5,""physical_error_rate"":5e-05}","{""detection_events"":188117,""detectors_checked"":900988928}"
   2591744,         3,         0,   119.4,standalone_exact_mw,503ee55b5ad1b1988379a241a0405811522ee4d50b473755532ad1299cb121e2,"{""distance"":5,""physical_error_rate"":0.0005}","{""detection_events"":1208606,""detectors_checked"":580550656,""obs_mistake_mask=E"":3}"
   4118528,         0,         0,   119.3,standalone_exact_mw,aea10f45e3589e84a00777b800d38e8a3149bd6cb552c409f3bffd718c1a0abf,"{""distance"":5,""physical_error_rate"":5e-05}","{""detection_events"":191984,""detectors_checked"":922550272}"
   4224000,         0,         0,   119.2,standalone_exact_mw,aea10f45e3589e84a00777b800d38e8a3149bd6cb552c409f3bffd718c1a0abf,"{""distance"":5,""physical_error_rate"":5e-05}","{""detection_events"":196365,""detectors_checked"":946176000}"
   1556480,         4,         0,   119.4,standalone_exact_mw,77d802c74222c3324b7f1323f7447c6411ad27be92307b6127e53af575faadca,"{""distance"":5,""physical_error_rate"":0.001}","{""detection_events"":1442064,""detectors_checked"":348651520,""obs_mistake_mask=E"":4}"
   2107392,        10,         0,   119.5,standalone_exact_mw,77d802c74222c3324b7f1323f7447c6411ad27be92307b6127e53af575faadca,"{""distance"":5,""physical_error_rate"":0.001}","{""detection_events"":1955613,""detectors_checked"":472055808,""obs_mistake_mask=E"":10}"
   2766848,         2,         0,   119.5,standalone_exact_mw,503ee55b5ad1b1988379a241a0405811522ee4d50b473755532ad1299cb121e2,"{""distance"":5,""physical_error_rate"":0.0005}","{""detection_events"":1284624,""detectors_checked"":619773952,""obs_mistake_mask=E"":2}"
   2008064,         4,         0,   119.7,standalone_exact_mw,77d802c74222c3324b7f1323f7447c6411ad27be92307b6127e53af575faadca,"{""distance"":5,""physical_error_rate"":0.001}","{""detection_events"":1866305,""detectors_checked"":449806336,""obs_mistake_mask=E"":4}"
   3999744,         0,         0,   119.4,standalone_exact_mw,cc9149276d16e61a5ac322a1d2048afebd34054fe0ed4879b77eb616628c1148,"{""distance"":5,""physical_error_rate"":0.0001}","{""detection_events"":371604,""detectors_checked"":895942656}"
   3022848,         0,         0,   119.3,standalone_exact_mw,29ae76c7f86edcd2f56343e8109d8463cbc736644db4e57527101e2f1c3606c8,"{""distance"":5,""physical_error_rate"":0.0002}","{""detection_events"":563305,""detectors_checked"":677117952}"
   3564544,         0,         0,   119.0,standalone_exact_mw,29ae76c7f86edcd2f56343e8109d8463cbc736644db4e57527101e2f1c3606c8,"{""distance"":5,""physical_error_rate"":0.0002}","{""detection_events"":666765,""detectors_checked"":798457856}"
   3768320,         0,         0,   119.2,standalone_exact_mw,aea10f45e3589e84a00777b800d38e8a3149bd6cb552c409f3bffd718c1a0abf,"{""distance"":5,""physical_error_rate"":5e-05}","{""detection_events"":175193,""detectors_checked"":844103680}"
   1864704,         3,         0,   119.4,standalone_exact_mw,77d802c74222c3324b7f1323f7447c6411ad27be92307b6127e53af575faadca,"{""distance"":5,""physical_error_rate"":0.001}","{""detection_events"":1731489,""detectors_checked"":417693696,""obs_mistake_mask=E"":3}"
   3102720,         0,         0,   119.2,standalone_exact_mw,29ae76c7f86edcd2f56343e8109d8463cbc736644db4e57527101e2f1c3606c8,"{""distance"":5,""physical_error_rate"":0.0002}","{""detection_events"":579672,""detectors_checked"":695009280}"
      1297,         0,         0,   0.025,standalone_exact_mw,cc9149276d16e61a5ac322a1d2048afebd34054fe0ed4879b77eb616628c1148,"{""distance"":5,""physical_error_rate"":0.0001}","{""detection_events"":132,""detectors_checked"":290528}"
      1024,         0,         0,   0.019,standalone_exact_mw,cc9149276d16e61a5ac322a1d2048afebd34054fe0ed4879b77eb616628c1148,"{""distance"":5,""physical_error_rate"":0.0001}","{""detection_events"":93,""detectors_checked"":229376}"
      1024,         0,         0,   0.027,standalone_exact_mw,cc9149276d16e61a5ac322a1d2048afebd34054fe0ed4879b77eb616628c1148,"{""distance"":5,""physical_error_rate"":0.0001}","{""detection_events"":110,""detectors_checked"":229376}"
      2048,         0,         0,   0.054,standalone_exact_mw,cc9149276d16e61a5ac322a1d2048afebd34054fe0ed4879b77eb616628c1148,"{""distance"":5,""physical_error_rate"":0.0001}","{""detection_events"":215,""detectors_checked"":458752}"
      2048,         0,         0,   0.035,standalone_exact_mw,cc9149276d16e61a5ac322a1d2048afebd34054fe0ed4879b77eb616628c1148,"{""distance"":5,""physical_error_rate"":0.0001}","{""detection_events"":153,""detectors_checked"":458752}"
      3072,         0,         0,   0.062,standalone_exact_mw,cc9149276d16e61a5ac322a1d2048afebd34054fe0ed4879b77eb616628c1148,"{""distance"":5,""physical_error_rate"":0.0001}","{""detection_events"":321,""detectors_checked"":688128}"
      3072,         0,         0,   0.062,standalone_exact_mw,cc9149276d16e61a5ac322a1d2048afebd34054fe0ed4879b77eb616628c1148,"{""distance"":5,""physical_error_rate"":0.0001}","{""detection_events"":304,""detectors_checked"":688128}"
      4096,         0,         0,   0.107,standalone_exact_mw,cc9149276d16e61a5ac322a1d2048afebd34054fe0ed4879b77eb616628c1148,"{""distance"":5,""physical_error_rate"":0.0001}","{""detection_events"":386,""detectors_checked"":917504}"
      6144,         0,         0,   0.159,standalone_exact_mw,cc9149276d16e61a5ac322a1d2048afebd34054fe0ed4879b77eb616628c1148,"{""distance"":5,""physical_error_rate"":0.0001}","{""detection_events"":573,""detectors_checked"":1376256}"
      8192,         0,         0,   0.213,standalone_exact_mw,cc9149276d16e61a5ac322a1d2048afebd34054fe0ed4879b77eb616628c1148,"{""distance"":5,""physical_error_rate"":0.0001}","{""detection_events"":741,""detectors_checked"":1835008}"
     12288,         0,         0,   0.311,standalone_exact_mw,cc9149276d16e61a5ac322a1d2048afebd34054fe0ed4879b77eb616628c1148,"{""distance"":5,""physical_error_rate"":0.0001}","{""detection_events"":1126,""detectors_checked"":2752512}"
     16384,         0,         0,   0.429,standalone_exact_mw,cc9149276d16e61a5ac322a1d2048afebd34054fe0ed4879b77eb616628c1148,"{""distance"":5,""physical_error_rate"":0.0001}","{""detection_events"":1689,""detectors_checked"":3670016}"
     22528,         0,         0,   0.579,standalone_exact_mw,cc9149276d16e61a5ac322a1d2048afebd34054fe0ed4879b77eb616628c1148,"{""distance"":5,""physical_error_rate"":0.0001}","{""detection_events"":2177,""detectors_checked"":5046272}"
   3799040,         0,         0,    87.7,standalone_exact_mw,aea10f45e3589e84a00777b800d38e8a3149bd6cb552c409f3bffd718c1a0abf,"{""distance"":5,""physical_error_rate"":5e-05}","{""detection_events"":177025,""detectors_checked"":850984960}"
     31744,         0,         0,   0.815,standalone_exact_mw,cc9149276d16e61a5ac322a1d2048afebd34054fe0ed4879b77eb616628c1148,"{""distance"":5,""physical_error_rate"":0.0001}","{""detection_events"":3018,""detectors_checked"":7110656}"
   2428928,         0,         0,    87.7,standalone_exact_mw,29ae76c7f86edcd2f56343e8109d8463cbc736644db4e57527101e2f1c3606c8,"{""distance"":5,""physical_error_rate"":0.0002}","{""detection_events"":452116,""detectors_checked"":544079872}"
   2684928,         0,         0,    87.7,standalone_exact_mw,29ae76c7f86edcd2f56343e8109d8463cbc736644db4e57527101e2f1c3606c8,"{""distance"":5,""physical_error_rate"":0.0002}","{""detection_events"":497731,""detectors_checked"":601423872}"
     41984,         0,         0,    1.11,standalone_exact_mw,cc9149276d16e61a5ac322a1d2048afebd34054fe0ed4879b77eb616628c1148,"{""distance"":5,""physical_error_rate"":0.0001}","{""detection_events"":3976,""detectors_checked"":9404416}"
      1297,         0,         0,   0.022,standalone_exact_mw,29ae76c7f86edcd2f56343e8109d8463cbc736644db4e57527101e2f1c3606c8,"{""distance"":5,""physical_error_rate"":0.0002}","{""detection_events"":279,""detectors_checked"":290528}"
      1024,         0,         0,   0.023,standalone_exact_mw,29ae76c7f86edcd2f56343e8109d8463cbc736644db4e57527101e2f1c3606c8,"{""distance"":5,""physical_error_rate"":0.0002}","{""detection_events"":205,""detectors_checked"":229376}"
      2048,         0,         0,   0.032,standalone_exact_mw,29ae76c7f86edcd2f56343e8109d8463cbc736644db4e57527101e2f1c3606c8,"{""distance"":5,""physical_error_rate"":0.0002}","{""detection_events"":384,""detectors_checked"":458752}"
      2048,         0,         0,   0.045,standalone_exact_mw,29ae76c7f86edcd2f56343e8109d8463cbc736644db4e57527101e2f1c3606c8,"{""distance"":5,""physical_error_rate"":0.0002}","{""detection_events"":318,""detectors_checked"":458752}"
      3072,         0,         0,   0.055,standalone_exact_mw,29ae76c7f86edcd2f56343e8109d8463cbc736644db4e57527101e2f1c3606c8,"{""distance"":5,""physical_error_rate"":0.0002}","{""detection_events"":571,""detectors_checked"":688128}"
      3072,         0,         0,   0.055,standalone_exact_mw,29ae76c7f86edcd2f56343e8109d8463cbc736644db4e57527101e2f1c3606c8,"{""distance"":5,""physical_error_rate"":0.0002}","{""detection_events"":544,""detectors_checked"":688128}"
      4096,         0,         0,   0.077,standalone_exact_mw,29ae76c7f86edcd2f56343e8109d8463cbc736644db4e57527101e2f1c3606c8,"{""distance"":5,""physical_error_rate"":0.0002}","{""detection_events"":789,""detectors_checked"":917504}"
      4096,         0,         0,   0.103,standalone_exact_mw,29ae76c7f86edcd2f56343e8109d8463cbc736644db4e57527101e2f1c3606c8,"{""distance"":5,""physical_error_rate"":0.0002}","{""detection_events"":897,""detectors_checked"":917504}"
      6144,         0,         0,   0.166,standalone_exact_mw,29ae76c7f86edcd2f56343e8109d8463cbc736644db4e57527101e2f1c3606c8,"{""distance"":5,""physical_error_rate"":0.0002}","{""detection_events"":1137,""detectors_checked"":1376256}"
     46080,         0,         0,    1.57,standalone_exact_mw,cc9149276d16e61a5ac322a1d2048afebd34054fe0ed4879b77eb616628c1148,"{""distance"":5,""physical_error_rate"":0.0001}","{""detection_events"":4043,""detectors_checked"":10321920}"
   1957888,         0,         0,    87.8,standalone_exact_mw,503ee55b5ad1b1988379a241a0405811522ee4d50b473755532ad1299cb121e2,"{""distance"":5,""physical_error_rate"":0.0005}","{""detection_events"":908371,""detectors_checked"":438566912}"
      8192,         0,         0,   0.225,standalone_exact_mw,29ae76c7f86edcd2f56343e8109d8463cbc736644db4e57527101e2f1c3606c8,"{""distance"":5,""physical_error_rate"":0.0002}","{""detection_events"":1493,""detectors_checked"":1835008}"
     10240,         0,         0,   0.295,standalone_exact_mw,29ae76c7f86edcd2f56343e8109d8463cbc736644db4e57527101e2f1c3606c8,"{""distance"":5,""physical_error_rate"":0.0002}","{""detection_events"":1963,""detectors_checked"":2293760}"
     16384,         0,         0,   0.393,standalone_exact_mw,29ae76c7f86edcd2f56343e8109d8463cbc736644db4e57527101e2f1c3606c8,"{""distance"":5,""physical_error_rate"":0.0002}","{""detection_events"":3244,""detectors_checked"":3670016}"
       273,         0,         0,   0.004,standalone_exact_mw,cc9149276d16e61a5ac322a1d2048afebd34054fe0ed4879b77eb616628c1148,"{""distance"":5,""physical_error_rate"":0.0001}","{""detection_events"":47,""detectors_checked"":61152}"
      2048,         0,         0,   0.035,standalone_exact_mw,cc9149276d16e61a5ac322a1d2048afebd34054fe0ed4879b77eb616628c1148,"{""distance"":5,""physical_error_rate"":0.0001}","{""detection_events"":220,""detectors_checked"":458752}"
      1024,         0,         0,   0.027,standalone_exact_mw,cc9149276d16e61a5ac322a1d2048afebd34054fe0ed4879b77eb616628c1148,"{""distance"":5,""physical_error_rate"":0.0001}","{""detection_events"":91,""detectors_checked"":229376}"
      2048,         0,         0,   0.053,standalone_exact_mw,cc9149276d16e61a5ac322a1d2048afebd34054fe0ed4879b77eb616628c1148,"{""distance"":5,""physical_error_rate"":0.0001}","{""detection_events"":182,""detectors_checked"":458752}"
      2048,         0,         0,   0.035,standalone_exact_mw,cc9149276d16e61a5ac322a1d2048afebd34054fe0ed4879b77eb616628c1148,"{""distance"":5,""physical_error_rate"":0.0001}","{""detection_events"":169,""detectors_checked"":458752}"
      3072,         0,         0,   0.067,standalone_exact_mw,cc9149276d16e61a5ac322a1d2048afebd34054fe0ed4879b77eb616628c1148,"{""distance"":5,""physical_error_rate"":0.0001}","{""detection_events"":283,""detectors_checked"":688128}"
      3072,         0,         0,   0.069,standalone_exact_mw,cc9149276d16e61a5ac322a1d2048afebd34054fe0ed4879b77eb616628c1148,"{""distance"":5,""physical_error_rate"":0.0001}","{""detection_events"":287,""detectors_checked"":688128}"
      4096,         0,         0,   0.088,standalone_exact_mw,cc9149276d16e61a5ac322a1d2048afebd34054fe0ed4879b77eb616628c1148,"{""distance"":5,""physical_error_rate"":0.0001}","{""detection_events"":326,""detectors_checked"":917504}"
     26624,         0,         0,   0.569,standalone_exact_mw,29ae76c7f86edcd2f56343e8109d8463cbc736644db4e57527101e2f1c3606c8,"{""distance"":5,""physical_error_rate"":0.0002}","{""detection_events"":4962,""detectors_checked"":5963776}"
      6144,         0,         0,   0.144,standalone_exact_mw,cc9149276d16e61a5ac322a1d2048afebd34054fe0ed4879b77eb616628c1148,"{""distance"":5,""physical_error_rate"":0.0001}","{""detection_events"":634,""detectors_checked"":1376256}"
       273,         0,         0,   0.024,standalone_exact_mw,aea10f45e3589e84a00777b800d38e8a3149bd6cb552c409f3bffd718c1a0abf,"{""distance"":5,""physical_error_rate"":5e-05}","{""detection_events"":28,""detectors_checked"":61152}"
       273,         0,         0,   0.026,standalone_exact_mw,77d802c74222c3324b7f1323f7447c6411ad27be92307b6127e53af575faadca,"{""distance"":5,""physical_error_rate"":0.001}","{""detection_events"":230,""detectors_checked"":61152}"
     10240,         0,         0,   0.212,standalone_exact_mw,cc9149276d16e61a5ac322a1d2048afebd34054fe0ed4879b77eb616628c1148,"{""distance"":5,""physical_error_rate"":0.0001}","{""detection_events"":954,""detectors_checked"":2293760}"
      1024,         0,         0,   0.032,standalone_exact_mw,aea10f45e3589e84a00777b800d38e8a3149bd6cb552c409f3bffd718c1a0abf,"{""distance"":5,""physical_error_rate"":5e-05}","{""detection_events"":13,""detectors_checked"":229376}"
      1024,         0,         0,   0.029,standalone_exact_mw,aea10f45e3589e84a00777b800d38e8a3149bd6cb552c409f3bffd718c1a0abf,"{""distance"":5,""physical_error_rate"":5e-05}","{""detection_events"":47,""detectors_checked"":229376}"
      1024,         0,         0,   0.072,standalone_exact_mw,77d802c74222c3324b7f1323f7447c6411ad27be92307b6127e53af575faadca,"{""distance"":5,""physical_error_rate"":0.001}","{""detection_events"":882,""detectors_checked"":229376}"
      2048,         0,         0,   0.053,standalone_exact_mw,aea10f45e3589e84a00777b800d38e8a3149bd6cb552c409f3bffd718c1a0abf,"{""distance"":5,""physical_error_rate"":5e-05}","{""detection_events"":73,""detectors_checked"":458752}"
      1024,         0,         0,   0.063,standalone_exact_mw,77d802c74222c3324b7f1323f7447c6411ad27be92307b6127e53af575faadca,"{""distance"":5,""physical_error_rate"":0.001}","{""detection_events"":898,""detectors_checked"":229376}"
      1024,         0,         0,   0.050,standalone_exact_mw,aea10f45e3589e84a00777b800d38e8a3149bd6cb552c409f3bffd718c1a0abf,"{""distance"":5,""physical_error_rate"":5e-05}","{""detection_events"":54,""detectors_checked"":229376}"
      1024,         0,         0,   0.056,standalone_exact_mw,77d802c74222c3324b7f1323f7447c6411ad27be92307b6127e53af575faadca,"{""distance"":5,""physical_error_rate"":0.001}","{""detection_events"":947,""detectors_checked"":229376}"
         1,         0,         0,   0.000,standalone_exact_mw,29ae76c7f86edcd2f56343e8109d8463cbc736644db4e57527101e2f1c3606c8,"{""distance"":5,""physical_error_rate"":0.0002}","{""detectors_checked"":224}"
      2048,         0,         0,   0.058,standalone_exact_mw,aea10f45e3589e84a00777b800d38e8a3149bd6cb552c409f3bffd718c1a0abf,"{""distance"":5,""physical_error_rate"":5e-05}","{""detection_events"":98,""detectors_checked"":458752}"
      1296,         0,         0,   0.038,standalone_exact_mw,29ae76c7f86edcd2f56343e8109d8463cbc736644db4e57527101e2f1c3606c8,"{""distance"":5,""physical_error_rate"":0.0002}","{""detection_events"":253,""detectors_checked"":290304}"
      1024,         0,         0,   0.071,standalone_exact_mw,77d802c74222c3324b7f1323f7447c6411ad27be92307b6127e53af575faadca,"{""distance"":5,""physical_error_rate"":0.001}","{""detection_events"":859,""detectors_checked"":229376}"
      1024,         0,         0,   0.050,standalone_exact_mw,29ae76c7f86edcd2f56343e8109d8463cbc736644db4e57527101e2f1c3606c8,"{""distance"":5,""physical_error_rate"":0.0002}","{""detection_events"":181,""detectors_checked"":229376}"
     14336,         0,         0,   0.303,standalone_exact_mw,cc9149276d16e61a5ac322a1d2048afebd34054fe0ed4879b77eb616628c1148,"{""distance"":5,""physical_error_rate"":0.0001}","{""detection_events"":1333,""detectors_checked"":3211264}"
      3072,         0,         0,   0.114,standalone_exact_mw,aea10f45e3589e84a00777b800d38e8a3149bd6cb552c409f3bffd718c1a0abf,"{""distance"":5,""physical_error_rate"":5e-05}","{""detection_events"":201,""detectors_checked"":688128}"
      1024,         0,         0,   0.050,standalone_exact_mw,29ae76c7f86edcd2f56343e8109d8463cbc736644db4e57527101e2f1c3606c8,"{""distance"":5,""physical_error_rate"":0.0002}","{""detection_events"":168,""detectors_checked"":229376}"
      1024,         0,         0,   0.077,standalone_exact_mw,77d802c74222c3324b7f1323f7447c6411ad27be92307b6127e53af575faadca,"{""distance"":5,""physical_error_rate"":0.001}","{""detection_events"":925,""detectors_checked"":229376}"
      1024,         0,         0,   0.050,standalone_exact_mw,29ae76c7f86edcd2f56343e8109d8463cbc736644db4e57527101e2f1c3606c8,"{""distance"":5,""physical_error_rate"":0.0002}","{""detection_events"":232,""detectors_checked"":229376}"
      1024,         0,         0,   0.097,standalone_exact_mw,77d802c74222c3324b7f1323f7447c6411ad27be92307b6127e53af575faadca,"{""distance"":5,""physical_error_rate"":0.001}","{""detection_events"":979,""detectors_checked"":229376}"
      3072,         0,         0,   0.130,standalone_exact_mw,aea10f45e3589e84a00777b800d38e8a3149bd6cb552c409f3bffd718c1a0abf,"{""distance"":5,""physical_error_rate"":5e-05}","{""detection_events"":141,""detectors_checked"":688128}"
     63488,         0,         0,    2.18,standalone_exact_mw,cc9149276d16e61a5ac322a1d2048afebd34054fe0ed4879b77eb616628c1148,"{""distance"":5,""physical_error_rate"":0.0001}","{""detection_events"":5679,""detectors_checked"":14221312}"
      2048,         0,         0,   0.100,standalone_exact_mw,29ae76c7f86edcd2f56343e8109d8463cbc736644db4e57527101e2f1c3606c8,"{""distance"":5,""physical_error_rate"":0.0002}","{""detection_events"":419,""detectors_checked"":458752}"
      2048,         0,         0,   0.102,standalone_exact_mw,29ae76c7f86edcd2f56343e8109d8463cbc736644db4e57527101e2f1c3606c8,"{""distance"":5,""physical_error_rate"":0.0002}","{""detection_events"":366,""detectors_checked"":458752}"
      2048,         0,         0,   0.156,standalone_exact_mw,77d802c74222c3324b7f1323f7447c6411ad27be92307b6127e53af575faadca,"{""distance"":5,""physical_error_rate"":0.001}","{""detection_events"":1934,""detectors_checked"":458752}"
     22528,         0,         0,   0.831,standalone_exact_mw,29ae76c7f86edcd2f56343e8109d8463cbc736644db4e57527101e2f1c3606c8,"{""distance"":5,""physical_error_rate"":0.0002}","{""detection_events"":4284,""detectors_checked"":5046272}"
      3072,         0,         0,   0.168,standalone_exact_mw,aea10f45e3589e84a00777b800d38e8a3149bd6cb552c409f3bffd718c1a0abf,"{""distance"":5,""physical_error_rate"":5e-05}","{""detection_events"":120,""detectors_checked"":688128}"
     20480,         0,         0,   0.417,standalone_exact_mw,cc9149276d16e61a5ac322a1d2048afebd34054fe0ed4879b77eb616628c1148,"{""distance"":5,""physical_error_rate"":0.0001}","{""detection_events"":1863,""detectors_checked"":4587520}"
      3072,         0,         0,   0.149,standalone_exact_mw,29ae76c7f86edcd2f56343e8109d8463cbc736644db4e57527101e2f1c3606c8,"{""distance"":5,""physical_error_rate"":0.0002}","{""detection_events"":582,""detectors_checked"":688128}"
      2048,         0,         0,   0.172,standalone_exact_mw,77d802c74222c3324b7f1323f7447c6411ad27be92307b6127e53af575faadca,"{""distance"":5,""physical_error_rate"":0.001}","{""detection_events"":1899,""detectors_checked"":458752}"
      5120,         0,         0,   0.202,standalone_exact_mw,aea10f45e3589e84a00777b800d38e8a3149bd6cb552c409f3bffd718c1a0abf,"{""distance"":5,""physical_error_rate"":5e-05}","{""detection_events"":190,""detectors_checked"":1146880}"
      3072,         0,         0,   0.148,standalone_exact_mw,29ae76c7f86edcd2f56343e8109d8463cbc736644db4e57527101e2f1c3606c8,"{""distance"":5,""physical_error_rate"":0.0002}","{""detection_events"":601,""detectors_checked"":688128}"
      3072,         0,         0,   0.239,standalone_exact_mw,77d802c74222c3324b7f1323f7447c6411ad27be92307b6127e53af575faadca,"{""distance"":5,""physical_error_rate"":0.001}","{""detection_events"":2858,""detectors_checked"":688128}"
      6144,         0,         0,   0.227,standalone_exact_mw,29ae76c7f86edcd2f56343e8109d8463cbc736644db4e57527101e2f1c3606c8,"{""distance"":5,""physical_error_rate"":0.0002}","{""detection_events"":1110,""detectors_checked"":1376256}"
      9216,         0,         0,   0.304,standalone_exact_mw,aea10f45e3589e84a00777b800d38e8a3149bd6cb552c409f3bffd718c1a0abf,"{""distance"":5,""physical_error_rate"":5e-05}","{""detection_events"":399,""detectors_checked"":2064384}"
      1297,         0,         0,   0.032,standalone_exact_mw,aea10f45e3589e84a00777b800d38e8a3149bd6cb552c409f3bffd718c1a0abf,"{""distance"":5,""physical_error_rate"":5e-05}","{""detection_events"":67,""detectors_checked"":290528}"
      1024,         0,         0,   0.026,standalone_exact_mw,aea10f45e3589e84a00777b800d38e8a3149bd6cb552c409f3bffd718c1a0abf,"{""distance"":5,""physical_error_rate"":5e-05}","{""detection_events"":40,""detectors_checked"":229376}"
      1024,         0,         0,   0.026,standalone_exact_mw,aea10f45e3589e84a00777b800d38e8a3149bd6cb552c409f3bffd718c1a0abf,"{""distance"":5,""physical_error_rate"":5e-05}","{""detection_events"":52,""detectors_checked"":229376}"
      2048,         0,         0,   0.034,standalone_exact_mw,aea10f45e3589e84a00777b800d38e8a3149bd6cb552c409f3bffd718c1a0abf,"{""distance"":5,""physical_error_rate"":5e-05}","{""detection_events"":87,""detectors_checked"":458752}"
     21504,         0,         0,   0.580,standalone_exact_mw,cc9149276d16e61a5ac322a1d2048afebd34054fe0ed4879b77eb616628c1148,"{""distance"":5,""physical_error_rate"":0.0001}","{""detection_events"":2152,""detectors_checked"":4816896}"
      1024,         0,         0,   0.023,standalone_exact_mw,aea10f45e3589e84a00777b800d38e8a3149bd6cb552c409f3bffd718c1a0abf,"{""distance"":5,""physical_error_rate"":5e-05}","{""detection_events"":91,""detectors_checked"":229376}"
      5120,         0,         0,   0.361,standalone_exact_mw,77d802c74222c3324b7f1323f7447c6411ad27be92307b6127e53af575faadca,"{""distance"":5,""physical_error_rate"":0.001}","{""detection_events"":5067,""detectors_checked"":1146880}"
      2048,         0,         0,   0.059,standalone_exact_mw,aea10f45e3589e84a00777b800d38e8a3149bd6cb552c409f3bffd718c1a0abf,"{""distance"":5,""physical_error_rate"":5e-05}","{""detection_events"":73,""detectors_checked"":458752}"
      7168,         0,         0,   0.289,standalone_exact_mw,29ae76c7f86edcd2f56343e8109d8463cbc736644db4e57527101e2f1c3606c8,"{""distance"":5,""physical_error_rate"":0.0002}","{""detection_events"":1342,""detectors_checked"":1605632}"
         1,         0,         0,   0.001,standalone_exact_mw,503ee55b5ad1b1988379a241a0405811522ee4d50b473755532ad1299cb121e2,"{""distance"":5,""physical_error_rate"":0.0005}","{""detection_events"":2,""detectors_checked"":224}"
      2048,         0,         0,   0.080,standalone_exact_mw,aea10f45e3589e84a00777b800d38e8a3149bd6cb552c409f3bffd718c1a0abf,"{""distance"":5,""physical_error_rate"":5e-05}","{""detection_events"":95,""detectors_checked"":458752}"
   2741248,         0,         0,    87.6,standalone_exact_mw,cc9149276d16e61a5ac322a1d2048afebd34054fe0ed4879b77eb616628c1148,"{""distance"":5,""physical_error_rate"":0.0001}","{""detection_events"":256029,""detectors_checked"":614039552}"
      1296,         0,         0,   0.063,standalone_exact_mw,503ee55b5ad1b1988379a241a0405811522ee4d50b473755532ad1299cb121e2,"{""distance"":5,""physical_error_rate"":0.0005}","{""detection_events"":646,""detectors_checked"":290304}"
      1024,         0,         0,   0.055,standalone_exact_mw,503ee55b5ad1b1988379a241a0405811522ee4d50b473755532ad1299cb121e2,"{""distance"":5,""physical_error_rate"":0.0005}","{""detection_events"":509,""detectors_checked"":229376}"
     16384,         0,         0,   0.413,standalone_exact_mw,aea10f45e3589e84a00777b800d38e8a3149bd6cb552c409f3bffd718c1a0abf,"{""distance"":5,""physical_error_rate"":5e-05}","{""detection_events"":763,""detectors_checked"":3670016}"
      1024,         0,         0,   0.033,standalone_exact_mw,503ee55b5ad1b1988379a241a0405811522ee4d50b473755532ad1299cb121e2,"{""distance"":5,""physical_error_rate"":0.0005}","{""detection_events"":445,""detectors_checked"":229376}"
      4096,         0,         0,   0.118,standalone_exact_mw,aea10f45e3589e84a00777b800d38e8a3149bd6cb552c409f3bffd718c1a0abf,"{""distance"":5,""physical_error_rate"":5e-05}","{""detection_events"":171,""detectors_checked"":917504}"
      1024,         0,         0,   0.059,standalone_exact_mw,503ee55b5ad1b1988379a241a0405811522ee4d50b473755532ad1299cb121e2,"{""distance"":5,""physical_error_rate"":0.0005}","{""detection_events"":534,""detectors_checked"":229376}"
      1024,         0,         0,   0.055,standalone_exact_mw,503ee55b5ad1b1988379a241a0405811522ee4d50b473755532ad1299cb121e2,"{""distance"":5,""physical_error_rate"":0.0005}","{""detection_events"":502,""detectors_checked"":229376}"
     37888,         0,         0,    1.11,standalone_exact_mw,29ae76c7f86edcd2f56343e8109d8463cbc736644db4e57527101e2f1c3606c8,"{""distance"":5,""physical_error_rate"":0.0002}","{""detection_events"":6905,""detectors_checked"":8486912}"
      5120,         0,         0,   0.169,standalone_exact_mw,aea10f45e3589e84a00777b800d38e8a3149bd6cb552c409f3bffd718c1a0abf,"{""distance"":5,""physical_error_rate"":5e-05}","{""detection_events"":216,""detectors_checked"":1146880}"
      6144,         0,         0,   0.420,standalone_exact_mw,77d802c74222c3324b7f1323f7447c6411ad27be92307b6127e53af575faadca,"{""distance"":5,""physical_error_rate"":0.001}","{""detection_events"":5612,""detectors_checked"":1376256}"
      2048,         0,         0,   0.110,standalone_exact_mw,503ee55b5ad1b1988379a241a0405811522ee4d50b473755532ad1299cb121e2,"{""distance"":5,""physical_error_rate"":0.0005}","{""detection_events"":997,""detectors_checked"":458752}"
     11264,         0,         0,   0.449,standalone_exact_mw,29ae76c7f86edcd2f56343e8109d8463cbc736644db4e57527101e2f1c3606c8,"{""distance"":5,""physical_error_rate"":0.0002}","{""detection_events"":2010,""detectors_checked"":2523136}"
   1793024,         1,         0,    87.7,standalone_exact_mw,503ee55b5ad1b1988379a241a0405811522ee4d50b473755532ad1299cb121e2,"{""distance"":5,""physical_error_rate"":0.0005}","{""detection_events"":833896,""detectors_checked"":401637376,""obs_mistake_mask=E"":1}"
      3072,         0,         0,   0.140,standalone_exact_mw,503ee55b5ad1b1988379a241a0405811522ee4d50b473755532ad1299cb121e2,"{""distance"":5,""physical_error_rate"":0.0005}","{""detection_events"":1335,""detectors_checked"":688128}"
   1602560,         6,         0,    87.9,standalone_exact_mw,77d802c74222c3324b7f1323f7447c6411ad27be92307b6127e53af575faadca,"{""distance"":5,""physical_error_rate"":0.001}","{""detection_events"":1488959,""detectors_checked"":358973440,""obs_mistake_mask=E"":6}"
      6144,         0,         0,   0.197,standalone_exact_mw,aea10f45e3589e84a00777b800d38e8a3149bd6cb552c409f3bffd718c1a0abf,"{""distance"":5,""physical_error_rate"":5e-05}","{""detection_events"":298,""detectors_checked"":1376256}"
     23552,         0,         0,   0.779,standalone_exact_mw,cc9149276d16e61a5ac322a1d2048afebd34054fe0ed4879b77eb616628c1148,"{""distance"":5,""physical_error_rate"":0.0001}","{""detection_events"":2130,""detectors_checked"":5275648}"
     31744,         0,         0,   0.570,standalone_exact_mw,aea10f45e3589e84a00777b800d38e8a3149bd6cb552c409f3bffd718c1a0abf,"{""distance"":5,""physical_error_rate"":5e-05}","{""detection_events"":1525,""detectors_checked"":7110656}"
      4096,         0,         0,   0.199,standalone_exact_mw,503ee55b5ad1b1988379a241a0405811522ee4d50b473755532ad1299cb121e2,"{""distance"":5,""physical_error_rate"":0.0005}","{""detection_events"":1856,""detectors_checked"":917504}"
     11264,         0,         0,   0.279,standalone_exact_mw,aea10f45e3589e84a00777b800d38e8a3149bd6cb552c409f3bffd718c1a0abf,"{""distance"":5,""physical_error_rate"":5e-05}","{""detection_events"":576,""detectors_checked"":2523136}"
      9216,         0,         0,   0.585,standalone_exact_mw,77d802c74222c3324b7f1323f7447c6411ad27be92307b6127e53af575faadca,"{""distance"":5,""physical_error_rate"":0.001}","{""detection_events"":8483,""detectors_checked"":2064384}"
      5120,         0,         0,   0.230,standalone_exact_mw,503ee55b5ad1b1988379a241a0405811522ee4d50b473755532ad1299cb121e2,"{""distance"":5,""physical_error_rate"":0.0005}","{""detection_events"":2419,""detectors_checked"":1146880}"
   1530880,         4,         0,    88.0,standalone_exact_mw,77d802c74222c3324b7f1323f7447c6411ad27be92307b6127e53af575faadca,"{""distance"":5,""physical_error_rate"":0.001}","{""detection_events"":1420207,""detectors_checked"":342917120,""obs_mistake_mask=E"":4}"
     15360,         0,         0,   0.582,standalone_exact_mw,29ae76c7f86edcd2f56343e8109d8463cbc736644db4e57527101e2f1c3606c8,"{""distance"":5,""physical_error_rate"":0.0002}","{""detection_events"":2910,""detectors_checked"":3440640}"
     17408,         0,         0,   0.412,standalone_exact_mw,aea10f45e3589e84a00777b800d38e8a3149bd6cb552c409f3bffd718c1a0abf,"{""distance"":5,""physical_error_rate"":5e-05}","{""detection_events"":784,""detectors_checked"":3899392}"
      6144,         0,         0,   0.306,standalone_exact_mw,503ee55b5ad1b1988379a241a0405811522ee4d50b473755532ad1299cb121e2,"{""distance"":5,""physical_error_rate"":0.0005}","{""detection_events"":2748,""detectors_checked"":1376256}"
       273,         0,         0,   0.025,standalone_exact_mw,503ee55b5ad1b1988379a241a0405811522ee4d50b473755532ad1299cb121e2,"{""distance"":5,""physical_error_rate"":0.0005}","{""detection_events"":145,""detectors_checked"":61152}"
      1024,         0,         0,   0.052,standalone_exact_mw,503ee55b5ad1b1988379a241a0405811522ee4d50b473755532ad1299cb121e2,"{""distance"":5,""physical_error_rate"":0.0005}","{""detection_events"":405,""detectors_checked"":229376}"
     33792,         0,         0,   0.800,standalone_exact_mw,aea10f45e3589e84a00777b800d38e8a3149bd6cb552c409f3bffd718c1a0abf,"{""distance"":5,""physical_error_rate"":5e-05}","{""detection_events"":1555,""detectors_checked"":7569408}"
      1024,         0,         0,   0.073,standalone_exact_mw,503ee55b5ad1b1988379a241a0405811522ee4d50b473755532ad1299cb121e2,"{""distance"":5,""physical_error_rate"":0.0005}","{""detection_events"":515,""detectors_checked"":229376}"
      1024,         0,         0,   0.053,standalone_exact_mw,503ee55b5ad1b1988379a241a0405811522ee4d50b473755532ad1299cb121e2,"{""distance"":5,""physical_error_rate"":0.0005}","{""detection_events"":502,""detectors_checked"":229376}"
      8192,         0,         0,   0.394,standalone_exact_mw,503ee55b5ad1b1988379a241a0405811522ee4d50b473755532ad1299cb121e2,"{""distance"":5,""physical_error_rate"":0.0005}","{""detection_events"":3856,""detectors_checked"":1835008}"
      1024,         0,         0,   0.073,standalone_exact_mw,503ee55b5ad1b1988379a241a0405811522ee4d50b473755532ad1299cb121e2,"{""distance"":5,""physical_error_rate"":0.0005}","{""detection_events"":446,""detectors_checked"":229376}"
     10240,         0,         0,   0.800,standalone_exact_mw,77d802c74222c3324b7f1323f7447c6411ad27be92307b6127e53af575faadca,"{""distance"":5,""physical_error_rate"":0.001}","{""detection_events"":9316,""detectors_checked"":2293760}"
     44032,         0,         0,    1.11,standalone_exact_mw,cc9149276d16e61a5ac322a1d2048afebd34054fe0ed4879b77eb616628c1148,"{""distance"":5,""physical_error_rate"":0.0001}","{""detection_events"":4254,""detectors_checked"":9863168}"
      2048,         0,         0,   0.126,standalone_exact_mw,503ee55b5ad1b1988379a241a0405811522ee4d50b473755532ad1299cb121e2,"{""distance"":5,""physical_error_rate"":0.0005}","{""detection_events"":1038,""detectors_checked"":458752}"
     23552,         0,         0,   0.569,standalone_exact_mw,aea10f45e3589e84a00777b800d38e8a3149bd6cb552c409f3bffd718c1a0abf,"{""distance"":5,""physical_error_rate"":5e-05}","{""detection_events"":1056,""detectors_checked"":5275648}"
     20480,         0,         0,   0.824,standalone_exact_mw,29ae76c7f86edcd2f56343e8109d8463cbc736644db4e57527101e2f1c3606c8,"{""distance"":5,""physical_error_rate"":0.0002}","{""detection_events"":3830,""detectors_checked"":4587520}"
     55296,         0,         0,    1.55,standalone_exact_mw,29ae76c7f86edcd2f56343e8109d8463cbc736644db4e57527101e2f1c3606c8,"{""distance"":5,""physical_error_rate"":0.0002}","{""detection_events"":10585,""detectors_checked"":12386304}"
      2048,         0,         0,   0.107,standalone_exact_mw,503ee55b5ad1b1988379a241a0405811522ee4d50b473755532ad1299cb121e2,"{""distance"":5,""physical_error_rate"":0.0005}","{""detection_events"":955,""detectors_checked"":458752}"
      2048,         0,         0,   0.109,standalone_exact_mw,503ee55b5ad1b1988379a241a0405811522ee4d50b473755532ad1299cb121e2,"{""distance"":5,""physical_error_rate"":0.0005}","{""detection_events"":997,""detectors_checked"":458752}"
     89088,         0,         0,    3.05,standalone_exact_mw,cc9149276d16e61a5ac322a1d2048afebd34054fe0ed4879b77eb616628c1148,"{""distance"":5,""physical_error_rate"":0.0001}","{""detection_events"":8506,""detectors_checked"":19955712}"
      4096,         0,         0,   0.167,standalone_exact_mw,503ee55b5ad1b1988379a241a0405811522ee4d50b473755532ad1299cb121e2,"{""distance"":5,""physical_error_rate"":0.0005}","{""detection_events"":1779,""detectors_checked"":917504}"
     12288,         0,         0,   0.599,standalone_exact_mw,503ee55b5ad1b1988379a241a0405811522ee4d50b473755532ad1299cb121e2,"{""distance"":5,""physical_error_rate"":0.0005}","{""detection_events"":5805,""detectors_checked"":2752512}"
      5120,         0,         0,   0.252,standalone_exact_mw,503ee55b5ad1b1988379a241a0405811522ee4d50b473755532ad1299cb121e2,"{""distance"":5,""physical_error_rate"":0.0005}","{""detection_events"":2348,""detectors_checked"":1146880}"
     46080,         0,         0,    1.13,standalone_exact_mw,aea10f45e3589e84a00777b800d38e8a3149bd6cb552c409f3bffd718c1a0abf,"{""distance"":5,""physical_error_rate"":5e-05}","{""detection_events"":2284,""detectors_checked"":10321920}"
     31744,         0,         0,   0.797,standalone_exact_mw,aea10f45e3589e84a00777b800d38e8a3149bd6cb552c409f3bffd718c1a0abf,"{""distance"":5,""physical_error_rate"":5e-05}","{""detection_events"":1445,""detectors_checked"":7110656}"
      6144,         0,         0,   0.298,standalone_exact_mw,503ee55b5ad1b1988379a241a0405811522ee4d50b473755532ad1299cb121e2,"{""distance"":5,""physical_error_rate"":0.0005}","{""detection_events"":2685,""detectors_checked"":1376256}"
       273,         0,         0,   0.024,standalone_exact_mw,aea10f45e3589e84a00777b800d38e8a3149bd6cb552c409f3bffd718c1a0abf,"{""distance"":5,""physical_error_rate"":5e-05}","{""detection_events"":9,""detectors_checked"":61152}"
     16384,         0,         0,    1.13,standalone_exact_mw,77d802c74222c3324b7f1323f7447c6411ad27be92307b6127e53af575faadca,"{""distance"":5,""physical_error_rate"":0.001}","{""detection_events"":15046,""detectors_checked"":3670016}"
      1024,         0,         0,   0.033,standalone_exact_mw,aea10f45e3589e84a00777b800d38e8a3149bd6cb552c409f3bffd718c1a0abf,"{""distance"":5,""physical_error_rate"":5e-05}","{""detection_events"":27,""detectors_checked"":229376}"
      1024,         0,         0,   0.029,standalone_exact_mw,aea10f45e3589e84a00777b800d38e8a3149bd6cb552c409f3bffd718c1a0abf,"{""distance"":5,""physical_error_rate"":5e-05}","{""detection_events"":44,""detectors_checked"":229376}"
      1024,         0,         0,   0.029,standalone_exact_mw,aea10f45e3589e84a00777b800d38e8a3149bd6cb552c409f3bffd718c1a0abf,"{""distance"":5,""physical_error_rate"":5e-05}","{""detection_events"":44,""detectors_checked"":229376}"
     37888,         0,         0,    1.12,standalone_exact_mw,29ae76c7f86edcd2f56343e8109d8463cbc736644db4e57527101e2f1c3606c8,"{""distance"":5,""physical_error_rate"":0.0002}","{""detection_events"":7041,""detectors_checked"":8486912}"
      2048,         0,         0,   0.080,standalone_exact_mw,aea10f45e3589e84a00777b800d38e8a3149bd6cb552c409f3bffd718c1a0abf,"{""distance"":5,""physical_error_rate"":5e-05}","{""detection_events"":82,""detectors_checked"":458752}"
      2048,         0,         0,   0.059,standalone_exact_mw,aea10f45e3589e84a00777b800d38e8a3149bd6cb552c409f3bffd718c1a0abf,"{""distance"":5,""physical_error_rate"":5e-05}","{""detection_events"":107,""detectors_checked"":458752}"
     17408,         0,         0,   0.839,standalone_exact_mw,503ee55b5ad1b1988379a241a0405811522ee4d50b473755532ad1299cb121e2,"{""distance"":5,""physical_error_rate"":0.0005}","{""detection_events"":7961,""detectors_checked"":3899392}"
      2048,         0,         0,   0.080,standalone_exact_mw,aea10f45e3589e84a00777b800d38e8a3149bd6cb552c409f3bffd718c1a0abf,"{""distance"":5,""physical_error_rate"":5e-05}","{""detection_events"":105,""detectors_checked"":458752}"
      8192,         0,         0,   0.419,standalone_exact_mw,503ee55b5ad1b1988379a241a0405811522ee4d50b473755532ad1299cb121e2,"{""distance"":5,""physical_error_rate"":0.0005}","{""detection_events"":3829,""detectors_checked"":1835008}"
      4096,         0,         0,   0.118,standalone_exact_mw,aea10f45e3589e84a00777b800d38e8a3149bd6cb552c409f3bffd718c1a0abf,"{""distance"":5,""physical_error_rate"":5e-05}","{""detection_events"":168,""detectors_checked"":917504}"
     48128,         0,         0,    1.58,standalone_exact_mw,cc9149276d16e61a5ac322a1d2048afebd34054fe0ed4879b77eb616628c1148,"{""distance"":5,""physical_error_rate"":0.0001}","{""detection_events"":4456,""detectors_checked"":10780672}"
      5120,         0,         0,   0.167,standalone_exact_mw,aea10f45e3589e84a00777b800d38e8a3149bd6cb552c409f3bffd718c1a0abf,"{""distance"":5,""physical_error_rate"":5e-05}","{""detection_events"":227,""detectors_checked"":1146880}"
      7168,         0,         0,   0.225,standalone_exact_mw,aea10f45e3589e84a00777b800d38e8a3149bd6cb552c409f3bffd718c1a0abf,"{""distance"":5,""physical_error_rate"":5e-05}","{""detection_events"":293,""detectors_checked"":1605632}"
     34816,         0,         0,    1.10,standalone_exact_mw,aea10f45e3589e84a00777b800d38e8a3149bd6cb552c409f3bffd718c1a0abf,"{""distance"":5,""physical_error_rate"":5e-05}","{""detection_events"":1594,""detectors_checked"":7798784}"
     12288,         0,         0,   0.615,standalone_exact_mw,503ee55b5ad1b1988379a241a0405811522ee4d50b473755532ad1299cb121e2,"{""distance"":5,""physical_error_rate"":0.0005}","{""detection_events"":5801,""detectors_checked"":2752512}"
      9216,         0,         0,   0.301,standalone_exact_mw,aea10f45e3589e84a00777b800d38e8a3149bd6cb552c409f3bffd718c1a0abf,"{""distance"":5,""physical_error_rate"":5e-05}","{""detection_events"":411,""detectors_checked"":2064384}"
     73728,         0,         0,    2.18,standalone_exact_mw,29ae76c7f86edcd2f56343e8109d8463cbc736644db4e57527101e2f1c3606c8,"{""distance"":5,""physical_error_rate"":0.0002}","{""detection_events"":13857,""detectors_checked"":16515072}"
     60416,         0,         0,    1.56,standalone_exact_mw,aea10f45e3589e84a00777b800d38e8a3149bd6cb552c409f3bffd718c1a0abf,"{""distance"":5,""physical_error_rate"":5e-05}","{""detection_events"":2830,""detectors_checked"":13533184}"
     22528,         0,         0,    1.14,standalone_exact_mw,503ee55b5ad1b1988379a241a0405811522ee4d50b473755532ad1299cb121e2,"{""distance"":5,""physical_error_rate"":0.0005}","{""detection_events"":10679,""detectors_checked"":5046272}"
     13312,         0,         0,   0.423,standalone_exact_mw,aea10f45e3589e84a00777b800d38e8a3149bd6cb552c409f3bffd718c1a0abf,"{""distance"":5,""physical_error_rate"":5e-05}","{""detection_events"":628,""detectors_checked"":2981888}"
     23552,         0,         0,    1.60,standalone_exact_mw,77d802c74222c3324b7f1323f7447c6411ad27be92307b6127e53af575faadca,"{""distance"":5,""physical_error_rate"":0.001}","{""detection_events"":21671,""detectors_checked"":5275648}"
     39936,         0,         0,    1.56,standalone_exact_mw,29ae76c7f86edcd2f56343e8109d8463cbc736644db4e57527101e2f1c3606c8,"{""distance"":5,""physical_error_rate"":0.0002}","{""detection_events"":7309,""detectors_checked"":8945664}"
     16384,         0,         0,   0.817,standalone_exact_mw,503ee55b5ad1b1988379a241a0405811522ee4d50b473755532ad1299cb121e2,"{""distance"":5,""physical_error_rate"":0.0005}","{""detection_events"":7781,""detectors_checked"":3670016}"
     18432,         0,         0,   0.565,standalone_exact_mw,aea10f45e3589e84a00777b800d38e8a3149bd6cb552c409f3bffd718c1a0abf,"{""distance"":5,""physical_error_rate"":5e-05}","{""detection_events"":828,""detectors_checked"":4128768}"
   3398656,         0,         0,   119.2,standalone_exact_mw,cc9149276d16e61a5ac322a1d2048afebd34054fe0ed4879b77eb616628c1148,"{""distance"":5,""physical_error_rate"":0.0001}","{""detection_events"":315014,""detectors_checked"":761298944}"
     62464,         0,         0,    1.54,standalone_exact_mw,aea10f45e3589e84a00777b800d38e8a3149bd6cb552c409f3bffd718c1a0abf,"{""distance"":5,""physical_error_rate"":5e-05}","{""detection_events"":2967,""detectors_checked"":13991936}"
       273,         0,         0,   0.029,standalone_exact_mw,77d802c74222c3324b7f1323f7447c6411ad27be92307b6127e53af575faadca,"{""distance"":5,""physical_error_rate"":0.001}","{""detection_events"":265,""detectors_checked"":61152}"
   2585600,         0,         0,   119.4,standalone_exact_mw,29ae76c7f86edcd2f56343e8109d8463cbc736644db4e57527101e2f1c3606c8,"{""distance"":5,""physical_error_rate"":0.0002}","{""detection_events"":480015,""detectors_checked"":579174400}"
      1024,         0,         0,   0.052,standalone_exact_mw,77d802c74222c3324b7f1323f7447c6411ad27be92307b6127e53af575faadca,"{""distance"":5,""physical_error_rate"":0.001}","{""detection_events"":1009,""detectors_checked"":229376}"
      1024,         0,         0,   0.042,standalone_exact_mw,77d802c74222c3324b7f1323f7447c6411ad27be92307b6127e53af575faadca,"{""distance"":5,""physical_error_rate"":0.001}","{""detection_events"":907,""detectors_checked"":229376}"
     61440,         0,         0,    2.19,standalone_exact_mw,cc9149276d16e61a5ac322a1d2048afebd34054fe0ed4879b77eb616628c1148,"{""distance"":5,""physical_error_rate"":0.0001}","{""detection_events"":5493,""detectors_checked"":13762560}"
      1024,         0,         0,   0.059,standalone_exact_mw,77d802c74222c3324b7f1323f7447c6411ad27be92307b6127e53af575faadca,"{""distance"":5,""physical_error_rate"":0.001}","{""detection_events"":932,""detectors_checked"":229376}"
      1024,         0,         0,   0.081,standalone_exact_mw,77d802c74222c3324b7f1323f7447c6411ad27be92307b6127e53af575faadca,"{""distance"":5,""physical_error_rate"":0.001}","{""detection_events"":937,""detectors_checked"":229376}"
     22528,         0,         0,    1.12,standalone_exact_mw,503ee55b5ad1b1988379a241a0405811522ee4d50b473755532ad1299cb121e2,"{""distance"":5,""physical_error_rate"":0.0005}","{""detection_events"":10276,""detectors_checked"":5046272}"
      1024,         0,         0,   0.059,standalone_exact_mw,77d802c74222c3324b7f1323f7447c6411ad27be92307b6127e53af575faadca,"{""distance"":5,""physical_error_rate"":0.001}","{""detection_events"":974,""detectors_checked"":229376}"
     24576,         0,         0,   0.797,standalone_exact_mw,aea10f45e3589e84a00777b800d38e8a3149bd6cb552c409f3bffd718c1a0abf,"{""distance"":5,""physical_error_rate"":5e-05}","{""detection_events"":1133,""detectors_checked"":5505024}"
     32768,         0,         0,    1.61,standalone_exact_mw,503ee55b5ad1b1988379a241a0405811522ee4d50b473755532ad1299cb121e2,"{""distance"":5,""physical_error_rate"":0.0005}","{""detection_events"":15067,""detectors_checked"":7340032}"
      2048,         0,         0,   0.133,standalone_exact_mw,77d802c74222c3324b7f1323f7447c6411ad27be92307b6127e53af575faadca,"{""distance"":5,""physical_error_rate"":0.001}","{""detection_events"":1986,""detectors_checked"":458752}"
      3072,         0,         0,   0.144,standalone_exact_mw,77d802c74222c3324b7f1323f7447c6411ad27be92307b6127e53af575faadca,"{""distance"":5,""physical_error_rate"":0.001}","{""detection_events"":2852,""detectors_checked"":688128}"
      4096,         0,         0,   0.192,standalone_exact_mw,77d802c74222c3324b7f1323f7447c6411ad27be92307b6127e53af575faadca,"{""distance"":5,""physical_error_rate"":0.001}","{""detection_events"":3774,""detectors_checked"":917504}"
    124928,         0,         0,    4.26,standalone_exact_mw,cc9149276d16e61a5ac322a1d2048afebd34054fe0ed4879b77eb616628c1148,"{""distance"":5,""physical_error_rate"":0.0001}","{""detection_events"":11784,""detectors_checked"":27983872}"
     90112,         0,         0,    2.19,standalone_exact_mw,aea10f45e3589e84a00777b800d38e8a3149bd6cb552c409f3bffd718c1a0abf,"{""distance"":5,""physical_error_rate"":5e-05}","{""detection_events"":4160,""detectors_checked"":20185088}"
   4288512,         0,         0,   119.0,standalone_exact_mw,aea10f45e3589e84a00777b800d38e8a3149bd6cb552c409f3bffd718c1a0abf,"{""distance"":5,""physical_error_rate"":5e-05}","{""detection_events"":199530,""detectors_checked"":960626688}"
      4096,         0,         0,   0.210,standalone_exact_mw,77d802c74222c3324b7f1323f7447c6411ad27be92307b6127e53af575faadca,"{""distance"":5,""physical_error_rate"":0.001}","{""detection_events"":3918,""detectors_checked"":917504}"
     32768,         0,         0,    2.17,standalone_exact_mw,77d802c74222c3324b7f1323f7447c6411ad27be92307b6127e53af575faadca,"{""distance"":5,""physical_error_rate"":0.001}","{""detection_events"":30798,""detectors_checked"":7340032}"
     55296,         0,         0,    2.18,standalone_exact_mw,29ae76c7f86edcd2f56343e8109d8463cbc736644db4e57527101e2f1c3606c8,"{""distance"":5,""physical_error_rate"":0.0002}","{""detection_events"":10596,""detectors_checked"":12386304}"
      6144,         0,         0,   0.320,standalone_exact_mw,77d802c74222c3324b7f1323f7447c6411ad27be92307b6127e53af575faadca,"{""distance"":5,""physical_error_rate"":0.001}","{""detection_events"":5774,""detectors_checked"":1376256}"
     34816,         0,         0,    1.11,standalone_exact_mw,aea10f45e3589e84a00777b800d38e8a3149bd6cb552c409f3bffd718c1a0abf,"{""distance"":5,""physical_error_rate"":5e-05}","{""detection_events"":1532,""detectors_checked"":7798784}"
     79872,         0,         0,    3.04,standalone_exact_mw,29ae76c7f86edcd2f56343e8109d8463cbc736644db4e57527101e2f1c3606c8,"{""distance"":5,""physical_error_rate"":0.0002}","{""detection_events"":14918,""detectors_checked"":17891328}"
      7168,         0,         0,   0.421,standalone_exact_mw,77d802c74222c3324b7f1323f7447c6411ad27be92307b6127e53af575faadca,"{""distance"":5,""physical_error_rate"":0.001}","{""detection_events"":6861,""detectors_checked"":1605632}"
     30720,         0,         0,    1.56,standalone_exact_mw,503ee55b5ad1b1988379a241a0405811522ee4d50b473755532ad1299cb121e2,"{""distance"":5,""physical_error_rate"":0.0005}","{""detection_events"":14312,""detectors_checked"":6881280}"
     87040,         0,         0,    2.18,standalone_exact_mw,aea10f45e3589e84a00777b800d38e8a3149bd6cb552c409f3bffd718c1a0abf,"{""distance"":5,""physical_error_rate"":5e-05}","{""detection_events"":4133,""detectors_checked"":19496960}"
     12288,         0,         0,   0.576,standalone_exact_mw,77d802c74222c3324b7f1323f7447c6411ad27be92307b6127e53af575faadca,"{""distance"":5,""physical_error_rate"":0.001}","{""detection_events"":11376,""detectors_checked"":2752512}"
     44032,         0,         0,    2.14,standalone_exact_mw,503ee55b5ad1b1988379a241a0405811522ee4d50b473755532ad1299cb121e2,"{""distance"":5,""physical_error_rate"":0.0005}","{""detection_events"":20777,""detectors_checked"":9863168}"
     49152,         0,         0,    1.57,standalone_exact_mw,aea10f45e3589e84a00777b800d38e8a3149bd6cb552c409f3bffd718c1a0abf,"{""distance"":5,""physical_error_rate"":5e-05}","{""detection_events"":2367,""detectors_checked"":11010048}"
     16384,         1,         0,   0.800,standalone_exact_mw,77d802c74222c3324b7f1323f7447c6411ad27be92307b6127e53af575faadca,"{""distance"":5,""physical_error_rate"":0.001}","{""detection_events"":15096,""detectors_checked"":3670016,""obs_mistake_mask=E"":1}"
    112640,         0,         0,    3.04,standalone_exact_mw,cc9149276d16e61a5ac322a1d2048afebd34054fe0ed4879b77eb616628c1148,"{""distance"":5,""physical_error_rate"":0.0001}","{""detection_events"":10563,""detectors_checked"":25231360}"
    110592,         0,         0,    3.06,standalone_exact_mw,aea10f45e3589e84a00777b800d38e8a3149bd6cb552c409f3bffd718c1a0abf,"{""distance"":5,""physical_error_rate"":5e-05}","{""detection_events"":5211,""detectors_checked"":24772608}"
     44032,         0,         0,    2.19,standalone_exact_mw,503ee55b5ad1b1988379a241a0405811522ee4d50b473755532ad1299cb121e2,"{""distance"":5,""physical_error_rate"":0.0005}","{""detection_events"":20585,""detectors_checked"":9863168}"
     46080,         0,         0,    3.04,standalone_exact_mw,77d802c74222c3324b7f1323f7447c6411ad27be92307b6127e53af575faadca,"{""distance"":5,""physical_error_rate"":0.001}","{""detection_events"":43190,""detectors_checked"":10321920}"
     78848,         0,         0,    3.04,standalone_exact_mw,29ae76c7f86edcd2f56343e8109d8463cbc736644db4e57527101e2f1c3606c8,"{""distance"":5,""physical_error_rate"":0.0002}","{""detection_events"":14666,""detectors_checked"":17661952}"
     19456,         0,         0,    1.12,standalone_exact_mw,77d802c74222c3324b7f1323f7447c6411ad27be92307b6127e53af575faadca,"{""distance"":5,""physical_error_rate"":0.001}","{""detection_events"":18071,""detectors_checked"":4358144}"
    112640,         0,         0,    3.05,standalone_exact_mw,aea10f45e3589e84a00777b800d38e8a3149bd6cb552c409f3bffd718c1a0abf,"{""distance"":5,""physical_error_rate"":5e-05}","{""detection_events"":5239,""detectors_checked"":25231360}"
     66560,         0,         0,    2.19,standalone_exact_mw,aea10f45e3589e84a00777b800d38e8a3149bd6cb552c409f3bffd718c1a0abf,"{""distance"":5,""physical_error_rate"":5e-05}","{""detection_events"":3090,""detectors_checked"":14909440}"
     61440,         0,         0,    3.05,standalone_exact_mw,503ee55b5ad1b1988379a241a0405811522ee4d50b473755532ad1299cb121e2,"{""distance"":5,""physical_error_rate"":0.0005}","{""detection_events"":28287,""detectors_checked"":13762560}"
     30720,         0,         0,    1.60,standalone_exact_mw,77d802c74222c3324b7f1323f7447c6411ad27be92307b6127e53af575faadca,"{""distance"":5,""physical_error_rate"":0.001}","{""detection_events"":28306,""detectors_checked"":6881280}"
    114688,         0,         0,    4.26,standalone_exact_mw,29ae76c7f86edcd2f56343e8109d8463cbc736644db4e57527101e2f1c3606c8,"{""distance"":5,""physical_error_rate"":0.0002}","{""detection_events"":21221,""detectors_checked"":25690112}"
   2755584,         2,         0,   119.3,standalone_exact_mw,503ee55b5ad1b1988379a241a0405811522ee4d50b473755532ad1299cb121e2,"{""distance"":5,""physical_error_rate"":0.0005}","{""detection_events"":1279610,""detectors_checked"":617250816,""obs_mistake_mask=E"":2}"
    174080,         0,         0,    5.94,standalone_exact_mw,cc9149276d16e61a5ac322a1d2048afebd34054fe0ed4879b77eb616628c1148,"{""distance"":5,""physical_error_rate"":0.0001}","{""detection_events"":16328,""detectors_checked"":38993920}"
     60416,         0,         0,    3.03,standalone_exact_mw,503ee55b5ad1b1988379a241a0405811522ee4d50b473755532ad1299cb121e2,"{""distance"":5,""physical_error_rate"":0.0005}","{""detection_events"":28365,""detectors_checked"":13533184}"
    129024,         0,         0,    4.26,standalone_exact_mw,cc9149276d16e61a5ac322a1d2048afebd34054fe0ed4879b77eb616628c1148,"{""distance"":5,""physical_error_rate"":0.0001}","{""detection_events"":12073,""detectors_checked"":28901376}"
     34816,         1,         0,    2.19,standalone_exact_mw,77d802c74222c3324b7f1323f7447c6411ad27be92307b6127e53af575faadca,"{""distance"":5,""physical_error_rate"":0.001}","{""detection_events"":32407,""detectors_checked"":7798784,""obs_mistake_mask=E"":1}"
   1866752,         7,         0,   119.7,standalone_exact_mw,77d802c74222c3324b7f1323f7447c6411ad27be92307b6127e53af575faadca,"{""distance"":5,""physical_error_rate"":0.001}","{""detection_events"":1731226,""detectors_checked"":418152448,""obs_mistake_mask=E"":7}"
    178176,         0,         0,    4.24,standalone_exact_mw,aea10f45e3589e84a00777b800d38e8a3149bd6cb552c409f3bffd718c1a0abf,"{""distance"":5,""physical_error_rate"":5e-05}","{""detection_events"":8299,""detectors_checked"":39911424}"
     75776,         0,         0,    3.06,standalone_exact_mw,aea10f45e3589e84a00777b800d38e8a3149bd6cb552c409f3bffd718c1a0abf,"{""distance"":5,""physical_error_rate"":5e-05}","{""detection_events"":3699,""detectors_checked"":16973824}"
    110592,         0,         0,    4.23,standalone_exact_mw,29ae76c7f86edcd2f56343e8109d8463cbc736644db4e57527101e2f1c3606c8,"{""distance"":5,""physical_error_rate"":0.0002}","{""detection_events"":20608,""detectors_checked"":24772608}"
     63488,         0,         0,    4.32,standalone_exact_mw,77d802c74222c3324b7f1323f7447c6411ad27be92307b6127e53af575faadca,"{""distance"":5,""physical_error_rate"":0.001}","{""detection_events"":58666,""detectors_checked"":14221312}"
    153600,         0,         0,    4.25,standalone_exact_mw,aea10f45e3589e84a00777b800d38e8a3149bd6cb552c409f3bffd718c1a0abf,"{""distance"":5,""physical_error_rate"":5e-05}","{""detection_events"":7352,""detectors_checked"":34406400}"
    113664,         0,         0,    4.26,standalone_exact_mw,503ee55b5ad1b1988379a241a0405811522ee4d50b473755532ad1299cb121e2,"{""distance"":5,""physical_error_rate"":0.0005}","{""detection_events"":53603,""detectors_checked"":25460736}"
     29696,         0,         0,    3.00,standalone_exact_mw,77d802c74222c3324b7f1323f7447c6411ad27be92307b6127e53af575faadca,"{""distance"":5,""physical_error_rate"":0.001}","{""detection_events"":27584,""detectors_checked"":6651904}"
     87040,         0,         0,    4.29,standalone_exact_mw,503ee55b5ad1b1988379a241a0405811522ee4d50b473755532ad1299cb121e2,"{""distance"":5,""physical_error_rate"":0.0005}","{""detection_events"":40949,""detectors_checked"":19496960}"
    204800,         0,         0,    5.96,standalone_exact_mw,29ae76c7f86edcd2f56343e8109d8463cbc736644db4e57527101e2f1c3606c8,"{""distance"":5,""physical_error_rate"":0.0002}","{""detection_events"":37664,""detectors_checked"":45875200}"
    107520,         0,         0,    4.24,standalone_exact_mw,aea10f45e3589e84a00777b800d38e8a3149bd6cb552c409f3bffd718c1a0abf,"{""distance"":5,""physical_error_rate"":5e-05}","{""detection_events"":5029,""detectors_checked"":24084480}"
   3248128,         0,         0,   119.1,standalone_exact_mw,cc9149276d16e61a5ac322a1d2048afebd34054fe0ed4879b77eb616628c1148,"{""distance"":5,""physical_error_rate"":0.0001}","{""detection_events"":301370,""detectors_checked"":727580672}"
    129024,         0,         0,    5.98,standalone_exact_mw,cc9149276d16e61a5ac322a1d2048afebd34054fe0ed4879b77eb616628c1148,"{""distance"":5,""physical_error_rate"":0.0001}","{""detection_events"":12437,""detectors_checked"":28901376}"
   2857984,         0,         0,   119.4,standalone_exact_mw,29ae76c7f86edcd2f56343e8109d8463cbc736644db4e57527101e2f1c3606c8,"{""distance"":5,""physical_error_rate"":0.0002}","{""detection_events"":532449,""detectors_checked"":640188416}"
    343040,         0,         0,    5.98,standalone_exact_mw,aea10f45e3589e84a00777b800d38e8a3149bd6cb552c409f3bffd718c1a0abf,"{""distance"":5,""physical_error_rate"":5e-05}","{""detection_events"":15913,""detectors_checked"":76840960}"
    153600,         0,         0,    5.96,standalone_exact_mw,29ae76c7f86edcd2f56343e8109d8463cbc736644db4e57527101e2f1c3606c8,"{""distance"":5,""physical_error_rate"":0.0002}","{""detection_events"":28783,""detectors_checked"":34406400}"
     95232,         0,         0,    5.94,standalone_exact_mw,77d802c74222c3324b7f1323f7447c6411ad27be92307b6127e53af575faadca,"{""distance"":5,""physical_error_rate"":0.001}","{""detection_events"":88302,""detectors_checked"":21331968}"
    243712,         0,         0,    8.35,standalone_exact_mw,cc9149276d16e61a5ac322a1d2048afebd34054fe0ed4879b77eb616628c1148,"{""distance"":5,""physical_error_rate"":0.0001}","{""detection_events"":22751,""detectors_checked"":54591488}"
    219136,         0,         0,    5.93,standalone_exact_mw,aea10f45e3589e84a00777b800d38e8a3149bd6cb552c409f3bffd718c1a0abf,"{""distance"":5,""physical_error_rate"":5e-05}","{""detection_events"":9880,""detectors_checked"":49086464}"
     35840,         0,         0,    4.37,standalone_exact_mw,77d802c74222c3324b7f1323f7447c6411ad27be92307b6127e53af575faadca,"{""distance"":5,""physical_error_rate"":0.001}","{""detection_events"":33025,""detectors_checked"":8028160}"
    121856,         0,         0,    5.97,standalone_exact_mw,503ee55b5ad1b1988379a241a0405811522ee4d50b473755532ad1299cb121e2,"{""distance"":5,""physical_error_rate"":0.0005}","{""detection_events"":56745,""detectors_checked"":27295744}"
   4099072,         0,         0,   119.2,standalone_exact_mw,aea10f45e3589e84a00777b800d38e8a3149bd6cb552c409f3bffd718c1a0abf,"{""distance"":5,""physical_error_rate"":5e-05}","{""detection_events"":190594,""detectors_checked"":918192128}"
    120832,         0,         0,    5.97,standalone_exact_mw,503ee55b5ad1b1988379a241a0405811522ee4d50b473755532ad1299cb121e2,"{""distance"":5,""physical_error_rate"":0.0005}","{""detection_events"":56203,""detectors_checked"":27066368}"
    186368,         0,         0,    5.96,standalone_exact_mw,aea10f45e3589e84a00777b800d38e8a3149bd6cb552c409f3bffd718c1a0abf,"{""distance"":5,""physical_error_rate"":5e-05}","{""detection_events"":8577,""detectors_checked"":41746432}"
    364544,         0,         0,    8.33,standalone_exact_mw,29ae76c7f86edcd2f56343e8109d8463cbc736644db4e57527101e2f1c3606c8,"{""distance"":5,""physical_error_rate"":0.0002}","{""detection_events"":66999,""detectors_checked"":81657856}"
     58368,         0,         0,    6.01,standalone_exact_mw,77d802c74222c3324b7f1323f7447c6411ad27be92307b6127e53af575faadca,"{""distance"":5,""physical_error_rate"":0.001}","{""detection_events"":53428,""detectors_checked"":13074432}"
    171008,         0,         0,    8.35,standalone_exact_mw,cc9149276d16e61a5ac322a1d2048afebd34054fe0ed4879b77eb616628c1148,"{""distance"":5,""physical_error_rate"":0.0001}","{""detection_events"":15950,""detectors_checked"":38305792}"
    480256,         0,         0,    8.33,standalone_exact_mw,aea10f45e3589e84a00777b800d38e8a3149bd6cb552c409f3bffd718c1a0abf,"{""distance"":5,""physical_error_rate"":5e-05}","{""detection_events"":22111,""detectors_checked"":107577344}"
    215040,         0,         0,    8.37,standalone_exact_mw,29ae76c7f86edcd2f56343e8109d8463cbc736644db4e57527101e2f1c3606c8,"{""distance"":5,""physical_error_rate"":0.0002}","{""detection_events"":40317,""detectors_checked"":48168960}"
    124928,         0,         0,    8.30,standalone_exact_mw,77d802c74222c3324b7f1323f7447c6411ad27be92307b6127e53af575faadca,"{""distance"":5,""physical_error_rate"":0.001}","{""detection_events"":114742,""detectors_checked"":27983872}"
    294912,         0,         0,    8.32,standalone_exact_mw,aea10f45e3589e84a00777b800d38e8a3149bd6cb552c409f3bffd718c1a0abf,"{""distance"":5,""physical_error_rate"":5e-05}","{""detection_events"":13603,""detectors_checked"":66060288}"
    169984,         0,         0,    8.33,standalone_exact_mw,503ee55b5ad1b1988379a241a0405811522ee4d50b473755532ad1299cb121e2,"{""distance"":5,""physical_error_rate"":0.0005}","{""detection_events"":79574,""detectors_checked"":38076416}"
    169984,         0,         0,    8.29,standalone_exact_mw,503ee55b5ad1b1988379a241a0405811522ee4d50b473755532ad1299cb121e2,"{""distance"":5,""physical_error_rate"":0.0005}","{""detection_events"":78913,""detectors_checked"":38076416}"
    220160,         0,         0,    8.31,standalone_exact_mw,aea10f45e3589e84a00777b800d38e8a3149bd6cb552c409f3bffd718c1a0abf,"{""distance"":5,""physical_error_rate"":5e-05}","{""detection_events"":10496,""detectors_checked"":49315840}"
    346112,         0,         0,    11.6,standalone_exact_mw,cc9149276d16e61a5ac322a1d2048afebd34054fe0ed4879b77eb616628c1148,"{""distance"":5,""physical_error_rate"":0.0001}","{""detection_events"":31753,""detectors_checked"":77529088}"
   2082816,        11,         0,   119.3,standalone_exact_mw,77d802c74222c3324b7f1323f7447c6411ad27be92307b6127e53af575faadca,"{""distance"":5,""physical_error_rate"":0.001}","{""detection_events"":1928755,""detectors_checked"":466550784,""obs_mistake_mask=E"":11}"
   2562048,         0,         0,   119.5,standalone_exact_mw,503ee55b5ad1b1988379a241a0405811522ee4d50b473755532ad1299cb121e2,"{""distance"":5,""physical_error_rate"":0.0005}","{""detection_events"":1190133,""detectors_checked"":573898752}"
   3209216,         0,         0,   119.2,standalone_exact_mw,29ae76c7f86edcd2f56343e8109d8463cbc736644db4e57527101e2f1c3606c8,"{""distance"":5,""physical_error_rate"":0.0002}","{""detection_events"":598270,""detectors_checked"":718864384}"
    144384,         0,         0,    8.34,standalone_exact_mw,77d802c74222c3324b7f1323f7447c6411ad27be92307b6127e53af575faadca,"{""distance"":5,""physical_error_rate"":0.001}","{""detection_events"":132993,""detectors_checked"":32342016}"
    342016,         0,         0,    11.7,standalone_exact_mw,29ae76c7f86edcd2f56343e8109d8463cbc736644db4e57527101e2f1c3606c8,"{""distance"":5,""physical_error_rate"":0.0002}","{""detection_events"":63926,""detectors_checked"":76611584}"
    395264,         0,         0,    11.7,standalone_exact_mw,cc9149276d16e61a5ac322a1d2048afebd34054fe0ed4879b77eb616628c1148,"{""distance"":5,""physical_error_rate"":0.0001}","{""detection_events"":37134,""detectors_checked"":88539136}"
    461824,         0,         0,    11.7,standalone_exact_mw,aea10f45e3589e84a00777b800d38e8a3149bd6cb552c409f3bffd718c1a0abf,"{""distance"":5,""physical_error_rate"":5e-05}","{""detection_events"":21622,""detectors_checked"":103448576}"
    305152,         0,         0,    11.6,standalone_exact_mw,29ae76c7f86edcd2f56343e8109d8463cbc736644db4e57527101e2f1c3606c8,"{""distance"":5,""physical_error_rate"":0.0002}","{""detection_events"":57121,""detectors_checked"":68354048}"
    177152,         1,         0,    11.7,standalone_exact_mw,77d802c74222c3324b7f1323f7447c6411ad27be92307b6127e53af575faadca,"{""distance"":5,""physical_error_rate"":0.001}","{""detection_events"":163533,""detectors_checked"":39682048,""obs_mistake_mask=E"":1}"
    406528,         0,         0,    11.6,standalone_exact_mw,aea10f45e3589e84a00777b800d38e8a3149bd6cb552c409f3bffd718c1a0abf,"{""distance"":5,""physical_error_rate"":5e-05}","{""detection_events"":18990,""detectors_checked"":91062272}"
    240640,         0,         0,    11.7,standalone_exact_mw,503ee55b5ad1b1988379a241a0405811522ee4d50b473755532ad1299cb121e2,"{""distance"":5,""physical_error_rate"":0.0005}","{""detection_events"":111994,""detectors_checked"":53903360}"
   4576256,         0,         0,   119.2,standalone_exact_mw,aea10f45e3589e84a00777b800d38e8a3149bd6cb552c409f3bffd718c1a0abf,"{""distance"":5,""physical_error_rate"":5e-05}","{""detection_events"":214739,""detectors_checked"":1025081344}"
    238592,         0,         0,    11.6,standalone_exact_mw,503ee55b5ad1b1988379a241a0405811522ee4d50b473755532ad1299cb121e2,"{""distance"":5,""physical_error_rate"":0.0005}","{""detection_events"":111221,""detectors_checked"":53444608}"
   4092928,         0,         0,   119.4,standalone_exact_mw,cc9149276d16e61a5ac322a1d2048afebd34054fe0ed4879b77eb616628c1148,"{""distance"":5,""physical_error_rate"":0.0001}","{""detection_events"":381501,""detectors_checked"":916815872}"
    401408,         0,         0,    11.6,standalone_exact_mw,aea10f45e3589e84a00777b800d38e8a3149bd6cb552c409f3bffd718c1a0abf,"{""distance"":5,""physical_error_rate"":5e-05}","{""detection_events"":19065,""detectors_checked"":89915392}"
   2157568,         0,         0,   119.5,standalone_exact_mw,503ee55b5ad1b1988379a241a0405811522ee4d50b473755532ad1299cb121e2,"{""distance"":5,""physical_error_rate"":0.0005}","{""detection_events"":1003189,""detectors_checked"":483295232}"
   2016256,         7,         0,   119.5,standalone_exact_mw,77d802c74222c3324b7f1323f7447c6411ad27be92307b6127e53af575faadca,"{""distance"":5,""physical_error_rate"":0.001}","{""detection_events"":1868015,""detectors_checked"":451641344,""obs_mistake_mask=E"":7}"
    123904,         0,         0,    11.6,standalone_exact_mw,77d802c74222c3324b7f1323f7447c6411ad27be92307b6127e53af575faadca,"{""distance"":5,""physical_error_rate"":0.001}","{""detection_events"":114592,""detectors_checked"":27754496}"
    483328,         0,         0,    16.3,standalone_exact_mw,cc9149276d16e61a5ac322a1d2048afebd34054fe0ed4879b77eb616628c1148,"{""distance"":5,""physical_error_rate"":0.0001}","{""detection_events"":46019,""detectors_checked"":108265472}"
    489472,         0,         0,    16.3,standalone_exact_mw,29ae76c7f86edcd2f56343e8109d8463cbc736644db4e57527101e2f1c3606c8,"{""distance"":5,""physical_error_rate"":0.0002}","{""detection_events"":91634,""detectors_checked"":109641728}"
    413696,         0,         0,    16.3,standalone_exact_mw,cc9149276d16e61a5ac322a1d2048afebd34054fe0ed4879b77eb616628c1148,"{""distance"":5,""physical_error_rate"":0.0001}","{""detection_events"":38092,""detectors_checked"":92667904}"
    726016,         0,         0,    16.3,standalone_exact_mw,aea10f45e3589e84a00777b800d38e8a3149bd6cb552c409f3bffd718c1a0abf,"{""distance"":5,""physical_error_rate"":5e-05}","{""detection_events"":34223,""detectors_checked"":162627584}"
    425984,         0,         0,    16.3,standalone_exact_mw,29ae76c7f86edcd2f56343e8109d8463cbc736644db4e57527101e2f1c3606c8,"{""distance"":5,""physical_error_rate"":0.0002}","{""detection_events"":79853,""detectors_checked"":95420416}"
    245760,         1,         0,    16.3,standalone_exact_mw,77d802c74222c3324b7f1323f7447c6411ad27be92307b6127e53af575faadca,"{""distance"":5,""physical_error_rate"":0.001}","{""detection_events"":228708,""detectors_checked"":55050240,""obs_mistake_mask=E"":1}"
    623616,         0,         0,    16.3,standalone_exact_mw,aea10f45e3589e84a00777b800d38e8a3149bd6cb552c409f3bffd718c1a0abf,"{""distance"":5,""physical_error_rate"":5e-05}","{""detection_events"":28920,""detectors_checked"":139689984}"
    336896,         0,         0,    16.2,standalone_exact_mw,503ee55b5ad1b1988379a241a0405811522ee4d50b473755532ad1299cb121e2,"{""distance"":5,""physical_error_rate"":0.0005}","{""detection_events"":157806,""detectors_checked"":75464704}"
    335872,         0,         0,    16.4,standalone_exact_mw,503ee55b5ad1b1988379a241a0405811522ee4d50b473755532ad1299cb121e2,"{""distance"":5,""physical_error_rate"":0.0005}","{""detection_events"":156233,""detectors_checked"":75235328}"
    494592,         0,         0,    16.3,standalone_exact_mw,aea10f45e3589e84a00777b800d38e8a3149bd6cb552c409f3bffd718c1a0abf,"{""distance"":5,""physical_error_rate"":5e-05}","{""detection_events"":22521,""detectors_checked"":110788608}"
    275456,         2,         0,    16.4,standalone_exact_mw,77d802c74222c3324b7f1323f7447c6411ad27be92307b6127e53af575faadca,"{""distance"":5,""physical_error_rate"":0.001}","{""detection_events"":253356,""detectors_checked"":61702144,""obs_mistake_mask=E"":2}"
   5649408,         0,         0,   119.4,standalone_exact_mw,aea10f45e3589e84a00777b800d38e8a3149bd6cb552c409f3bffd718c1a0abf,"{""distance"":5,""physical_error_rate"":5e-05}","{""detection_events"":264355,""detectors_checked"":1265467392}"
   2315264,         2,         0,   119.3,standalone_exact_mw,503ee55b5ad1b1988379a241a0405811522ee4d50b473755532ad1299cb121e2,"{""distance"":5,""physical_error_rate"":0.0005}","{""detection_events"":1073763,""detectors_checked"":518619136,""obs_mistake_mask=E"":2}"
   3506176,         0,         0,   119.5,standalone_exact_mw,29ae76c7f86edcd2f56343e8109d8463cbc736644db4e57527101e2f1c3606c8,"{""distance"":5,""physical_error_rate"":0.0002}","{""detection_events"":653039,""detectors_checked"":785383424}"
   2102272,         7,         0,   119.5,standalone_exact_mw,77d802c74222c3324b7f1323f7447c6411ad27be92307b6127e53af575faadca,"{""distance"":5,""physical_error_rate"":0.001}","{""detection_events"":1949417,""detectors_checked"":470908928,""obs_mistake_mask=E"":7}"
    678912,         0,         0,    22.9,standalone_exact_mw,cc9149276d16e61a5ac322a1d2048afebd34054fe0ed4879b77eb616628c1148,"{""distance"":5,""physical_error_rate"":0.0001}","{""detection_events"":63049,""detectors_checked"":152076288}"
   3650560,         0,         0,   119.1,standalone_exact_mw,cc9149276d16e61a5ac322a1d2048afebd34054fe0ed4879b77eb616628c1148,"{""distance"":5,""physical_error_rate"":0.0001}","{""detection_events"":339652,""detectors_checked"":817725440}"
    616448,         0,         0,    22.8,standalone_exact_mw,29ae76c7f86edcd2f56343e8109d8463cbc736644db4e57527101e2f1c3606c8,"{""distance"":5,""physical_error_rate"":0.0002}","{""detection_events"":114842,""detectors_checked"":138084352}"
    765952,         0,         0,    22.8,standalone_exact_mw,cc9149276d16e61a5ac322a1d2048afebd34054fe0ed4879b77eb616628c1148,"{""distance"":5,""physical_error_rate"":0.0001}","{""detection_events"":71122,""detectors_checked"":171573248}"
   1250304,         0,         0,    22.8,standalone_exact_mw,aea10f45e3589e84a00777b800d38e8a3149bd6cb552c409f3bffd718c1a0abf,"{""distance"":5,""physical_error_rate"":5e-05}","{""detection_events"":57929,""detectors_checked"":280068096}"
    622592,         0,         0,    22.9,standalone_exact_mw,29ae76c7f86edcd2f56343e8109d8463cbc736644db4e57527101e2f1c3606c8,"{""distance"":5,""physical_error_rate"":0.0002}","{""detection_events"":115495,""detectors_checked"":139460608}"
    358400,         0,         0,    22.9,standalone_exact_mw,77d802c74222c3324b7f1323f7447c6411ad27be92307b6127e53af575faadca,"{""distance"":5,""physical_error_rate"":0.001}","{""detection_events"":332040,""detectors_checked"":80281600}"
    759808,         0,         0,    22.8,standalone_exact_mw,aea10f45e3589e84a00777b800d38e8a3149bd6cb552c409f3bffd718c1a0abf,"{""distance"":5,""physical_error_rate"":5e-05}","{""detection_events"":35695,""detectors_checked"":170196992}"
    503808,         0,         0,    22.8,standalone_exact_mw,503ee55b5ad1b1988379a241a0405811522ee4d50b473755532ad1299cb121e2,"{""distance"":5,""physical_error_rate"":0.0005}","{""detection_events"":233973,""detectors_checked"":112852992}"
    466944,         0,         0,    22.9,standalone_exact_mw,503ee55b5ad1b1988379a241a0405811522ee4d50b473755532ad1299cb121e2,"{""distance"":5,""physical_error_rate"":0.0005}","{""detection_events"":215622,""detectors_checked"":104595456}"
    769024,         0,         0,    22.8,standalone_exact_mw,aea10f45e3589e84a00777b800d38e8a3149bd6cb552c409f3bffd718c1a0abf,"{""distance"":5,""physical_error_rate"":5e-05}","{""detection_events"":35960,""detectors_checked"":172261376}"
    409600,         0,         0,    22.9,standalone_exact_mw,77d802c74222c3324b7f1323f7447c6411ad27be92307b6127e53af575faadca,"{""distance"":5,""physical_error_rate"":0.001}","{""detection_events"":380641,""detectors_checked"":91750400}"
   5118976,         3,         0,   119.5,standalone_exact_mw,503ee55b5ad1b1988379a241a0405811522ee4d50b473755532ad1299cb121e2,"{""distance"":5,""physical_error_rate"":0.0005}","{""detection_events"":2382125,""detectors_checked"":1146650624,""obs_mistake_mask=E"":3}"
   4916224,         0,         0,   119.3,standalone_exact_mw,29ae76c7f86edcd2f56343e8109d8463cbc736644db4e57527101e2f1c3606c8,"{""distance"":5,""physical_error_rate"":0.0002}","{""detection_events"":916349,""detectors_checked"":1101234176}"
   5225472,         0,         0,   119.3,standalone_exact_mw,aea10f45e3589e84a00777b800d38e8a3149bd6cb552c409f3bffd718c1a0abf,"{""distance"":5,""physical_error_rate"":5e-05}","{""detection_events"":243388,""detectors_checked"":1170505728}"
   2605056,         6,         0,   119.5,standalone_exact_mw,77d802c74222c3324b7f1323f7447c6411ad27be92307b6127e53af575faadca,"{""distance"":5,""physical_error_rate"":0.001}","{""detection_events"":2420546,""detectors_checked"":583532544,""obs_mistake_mask=E"":6}"
   4843520,         0,         0,   119.2,standalone_exact_mw,cc9149276d16e61a5ac322a1d2048afebd34054fe0ed4879b77eb616628c1148,"{""distance"":5,""physical_error_rate"":0.0001}","{""detection_events"":451862,""detectors_checked"":1084948480}"
   3646464,         0,         0,   119.4,standalone_exact_mw,cc9149276d16e61a5ac322a1d2048afebd34054fe0ed4879b77eb616628c1148,"{""distance"":5,""physical_error_rate"":0.0001}","{""detection_events"":340858,""detectors_checked"":816807936}"
   3495936,         0,         0,   119.3,standalone_exact_mw,cc9149276d16e61a5ac322a1d2048afebd34054fe0ed4879b77eb616628c1148,"{""distance"":5,""physical_error_rate"":0.0001}","{""detection_events"":325225,""detectors_checked"":783089664}"
   3482624,         0,         0,   119.1,standalone_exact_mw,29ae76c7f86edcd2f56343e8109d8463cbc736644db4e57527101e2f1c3606c8,"{""distance"":5,""physical_error_rate"":0.0002}","{""detection_events"":649173,""detectors_checked"":780107776}"
   4073472,         0,         0,   119.3,standalone_exact_mw,cc9149276d16e61a5ac322a1d2048afebd34054fe0ed4879b77eb616628c1148,"{""distance"":5,""physical_error_rate"":0.0001}","{""detection_events"":379306,""detectors_checked"":912457728}"
   2684928,         1,         0,   119.3,standalone_exact_mw,503ee55b5ad1b1988379a241a0405811522ee4d50b473755532ad1299cb121e2,"{""distance"":5,""physical_error_rate"":0.0005}","{""detection_events"":1250396,""detectors_checked"":601423872,""obs_mistake_mask=E"":1}"
   2414592,         0,         0,   119.4,standalone_exact_mw,503ee55b5ad1b1988379a241a0405811522ee4d50b473755532ad1299cb121e2,"{""distance"":5,""physical_error_rate"":0.0005}","{""detection_events"":1120870,""detectors_checked"":540868608}"
   3877888,         0,         0,   119.1,standalone_exact_mw,aea10f45e3589e84a00777b800d38e8a3149bd6cb552c409f3bffd718c1a0abf,"{""distance"":5,""physical_error_rate"":5e-05}","{""detection_events"":181157,""detectors_checked"":868646912}"
   2462720,         1,         0,   119.4,standalone_exact_mw,503ee55b5ad1b1988379a241a0405811522ee4d50b473755532ad1299cb121e2,"{""distance"":5,""physical_error_rate"":0.0005}","{""detection_events"":1147625,""detectors_checked"":551649280,""obs_mistake_mask=E"":1}"
   4218880,         0,         0,   119.3,standalone_exact_mw,aea10f45e3589e84a00777b800d38e8a3149bd6cb552c409f3bffd718c1a0abf,"{""distance"":5,""physical_error_rate"":5e-05}","{""detection_events"":195535,""detectors_checked"":945029120}"
   3872768,         0,         0,   119.2,standalone_exact_mw,aea10f45e3589e84a00777b800d38e8a3149bd6cb552c409f3bffd718c1a0abf,"{""distance"":5,""physical_error_rate"":5e-05}","{""detection_events"":180707,""detectors_checked"":867500032}"
   2123776,         9,         0,   119.7,standalone_exact_mw,77d802c74222c3324b7f1323f7447c6411ad27be92307b6127e53af575faadca,"{""distance"":5,""physical_error_rate"":0.001}","{""detection_events"":1971831,""detectors_checked"":475725824,""obs_mistake_mask=E"":9}"
   1753088,         3,         0,   119.6,standalone_exact_mw,77d802c74222c3324b7f1323f7447c6411ad27be92307b6127e53af575faadca,"{""distance"":5,""physical_error_rate"":0.001}","{""detection_events"":1626085,""detectors_checked"":392691712,""obs_mistake_mask=E"":3}"
   3056640,         1,         0,   119.4,standalone_exact_mw,503ee55b5ad1b1988379a241a0405811522ee4d50b473755532ad1299cb121e2,"{""distance"":5,""physical_error_rate"":0.0005}","{""detection_events"":1420880,""detectors_checked"":684687360,""obs_mistake_mask=E"":1}"
    949248,         0,         0,    31.7,standalone_exact_mw,cc9149276d16e61a5ac322a1d2048afebd34054fe0ed4879b77eb616628c1148,"{""distance"":5,""physical_error_rate"":0.0001}","{""detection_events"":88359,""detectors_checked"":212631552}"
   1764352,         5,         0,   119.6,standalone_exact_mw,77d802c74222c3324b7f1323f7447c6411ad27be92307b6127e53af575faadca,"{""distance"":5,""physical_error_rate"":0.001}","{""detection_events"":1632582,""detectors_checked"":395214848,""obs_mistake_mask=E"":5}"
   3184640,         0,         0,   119.0,standalone_exact_mw,29ae76c7f86edcd2f56343e8109d8463cbc736644db4e57527101e2f1c3606c8,"{""distance"":5,""physical_error_rate"":0.0002}","{""detection_events"":590699,""detectors_checked"":713359360}"
   4359168,         0,         0,   119.3,standalone_exact_mw,cc9149276d16e61a5ac322a1d2048afebd34054fe0ed4879b77eb616628c1148,"{""distance"":5,""physical_error_rate"":0.0001}","{""detection_events"":406897,""detectors_checked"":976453632}"
   3343360,         0,         0,   119.4,standalone_exact_mw,29ae76c7f86edcd2f56343e8109d8463cbc736644db4e57527101e2f1c3606c8,"{""distance"":5,""physical_error_rate"":0.0002}","{""detection_events"":623826,""detectors_checked"":748912640}"
   3678208,         0,         0,   119.2,standalone_exact_mw,aea10f45e3589e84a00777b800d38e8a3149bd6cb552c409f3bffd718c1a0abf,"{""distance"":5,""physical_error_rate"":5e-05}","{""detection_events"":171416,""detectors_checked"":823918592}"
   1796096,         3,         0,   119.4,standalone_exact_mw,77d802c74222c3324b7f1323f7447c6411ad27be92307b6127e53af575faadca,"{""distance"":5,""physical_error_rate"":0.001}","{""detection_events"":1666207,""detectors_checked"":402325504,""obs_mistake_mask=E"":3}"
    864256,         0,         0,    31.9,standalone_exact_mw,29ae76c7f86edcd2f56343e8109d8463cbc736644db4e57527101e2f1c3606c8,"{""distance"":5,""physical_error_rate"":0.0002}","{""detection_events"":160515,""detectors_checked"":193593344}"
   3504128,         0,         0,   119.2,standalone_exact_mw,29ae76c7f86edcd2f56343e8109d8463cbc736644db4e57527101e2f1c3606c8,"{""distance"":5,""physical_error_rate"":0.0002}","{""detection_events"":655444,""detectors_checked"":784924672}"
    959488,         0,         0,    31.9,standalone_exact_mw,cc9149276d16e61a5ac322a1d2048afebd34054fe0ed4879b77eb616628c1148,"{""distance"":5,""physical_error_rate"":0.0001}","{""detection_events"":89702,""detectors_checked"":214925312}"
   1551360,         0,         0,    32.0,standalone_exact_mw,aea10f45e3589e84a00777b800d38e8a3149bd6cb552c409f3bffd718c1a0abf,"{""distance"":5,""physical_error_rate"":5e-05}","{""detection_events"":72786,""detectors_checked"":347504640}"
    819200,         0,         0,    31.9,standalone_exact_mw,29ae76c7f86edcd2f56343e8109d8463cbc736644db4e57527101e2f1c3606c8,"{""distance"":5,""physical_error_rate"":0.0002}","{""detection_events"":152251,""detectors_checked"":183500800}"
    525312,         1,         0,    32.0,standalone_exact_mw,77d802c74222c3324b7f1323f7447c6411ad27be92307b6127e53af575faadca,"{""distance"":5,""physical_error_rate"":0.001}","{""detection_events"":489024,""detectors_checked"":117669888,""obs_mistake_mask=E"":1}"
   1136640,         0,         0,    31.9,standalone_exact_mw,aea10f45e3589e84a00777b800d38e8a3149bd6cb552c409f3bffd718c1a0abf,"{""distance"":5,""physical_error_rate"":5e-05}","{""detection_events"":53451,""detectors_checked"":254607360}"
    831488,         0,         0,    32.0,standalone_exact_mw,503ee55b5ad1b1988379a241a0405811522ee4d50b473755532ad1299cb121e2,"{""distance"":5,""physical_error_rate"":0.0005}","{""detection_events"":387253,""detectors_checked"":186253312}"
   5237760,         0,         0,   119.2,standalone_exact_mw,aea10f45e3589e84a00777b800d38e8a3149bd6cb552c409f3bffd718c1a0abf,"{""distance"":5,""physical_error_rate"":5e-05}","{""detection_events"":243566,""detectors_checked"":1173258240}"
   3619840,         0,         0,   119.4,standalone_exact_mw,29ae76c7f86edcd2f56343e8109d8463cbc736644db4e57527101e2f1c3606c8,"{""distance"":5,""physical_error_rate"":0.0002}","{""detection_events"":676652,""detectors_checked"":810844160}"
    657408,         0,         0,    32.0,standalone_exact_mw,503ee55b5ad1b1988379a241a0405811522ee4d50b473755532ad1299cb121e2,"{""distance"":5,""physical_error_rate"":0.0005}","{""detection_events"":305130,""detectors_checked"":147259392}"
   3258368,         0,         0,   119.3,standalone_exact_mw,29ae76c7f86edcd2f56343e8109d8463cbc736644db4e57527101e2f1c3606c8,"{""distance"":5,""physical_error_rate"":0.0002}","{""detection_events"":607031,""detectors_checked"":729874432}"
   1201152,         0,         0,    32.0,standalone_exact_mw,aea10f45e3589e84a00777b800d38e8a3149bd6cb552c409f3bffd718c1a0abf,"{""distance"":5,""physical_error_rate"":5e-05}","{""detection_events"":56742,""detectors_checked"":269058048}"
   2429952,         0,         0,   119.6,standalone_exact_mw,503ee55b5ad1b1988379a241a0405811522ee4d50b473755532ad1299cb121e2,"{""distance"":5,""physical_error_rate"":0.0005}","{""detection_events"":1128058,""detectors_checked"":544309248}"
    457728,         0,         0,    32.0,standalone_exact_mw,77d802c74222c3324b7f1323f7447c6411ad27be92307b6127e53af575faadca,"{""distance"":5,""physical_error_rate"":0.001}","{""detection_events"":423154,""detectors_checked"":102531072}"
   3519488,         0,         0,   119.1,standalone_exact_mw,cc9149276d16e61a5ac322a1d2048afebd34054fe0ed4879b77eb616628c1148,"{""distance"":5,""physical_error_rate"":0.0001}","{""detection_events"":327722,""detectors_checked"":788365312}"
   2634752,         3,         0,   119.5,standalone_exact_mw,503ee55b5ad1b1988379a241a0405811522ee4d50b473755532ad1299cb121e2,"{""distance"":5,""physical_error_rate"":0.0005}","{""detection_events"":1228217,""detectors_checked"":590184448,""obs_mistake_mask=E"":3}"
   1858560,         7,         0,   119.4,standalone_exact_mw,77d802c74222c3324b7f1323f7447c6411ad27be92307b6127e53af575faadca,"{""distance"":5,""physical_error_rate"":0.001}","{""detection_events"":1725484,""detectors_checked"":416317440,""obs_mistake_mask=E"":7}"
   1863680,         7,         0,   119.5,standalone_exact_mw,77d802c74222c3324b7f1323f7447c6411ad27be92307b6127e53af575faadca,"{""distance"":5,""physical_error_rate"":0.001}","{""detection_events"":1725842,""detectors_checked"":417464320,""obs_mistake_mask=E"":7}"
   3835904,         0,         0,   118.9,standalone_exact_mw,cc9149276d16e61a5ac322a1d2048afebd34054fe0ed4879b77eb616628c1148,"{""distance"":5,""physical_error_rate"":0.0001}","{""detection_events"":356048,""detectors_checked"":859242496}"
   3793920,         0,         0,   119.4,standalone_exact_mw,29ae76c7f86edcd2f56343e8109d8463cbc736644db4e57527101e2f1c3606c8,"{""distance"":5,""physical_error_rate"":0.0002}","{""detection_events"":706059,""detectors_checked"":849838080}"
   4167680,         0,         0,   119.1,standalone_exact_mw,aea10f45e3589e84a00777b800d38e8a3149bd6cb552c409f3bffd718c1a0abf,"{""distance"":5,""physical_error_rate"":5e-05}","{""detection_events"":193604,""detectors_checked"":933560320}"
   2599936,         1,         0,   119.4,standalone_exact_mw,503ee55b5ad1b1988379a241a0405811522ee4d50b473755532ad1299cb121e2,"{""distance"":5,""physical_error_rate"":0.0005}","{""detection_events"":1209745,""detectors_checked"":582385664,""obs_mistake_mask=E"":1}"
   1847296,         3,         0,   119.6,standalone_exact_mw,77d802c74222c3324b7f1323f7447c6411ad27be92307b6127e53af575faadca,"{""distance"":5,""physical_error_rate"":0.001}","{""detection_events"":1712090,""detectors_checked"":413794304,""obs_mistake_mask=E"":3}"
   3618816,         0,         0,   119.4,standalone_exact_mw,cc9149276d16e61a5ac322a1d2048afebd34054fe0ed4879b77eb616628c1148,"{""distance"":5,""physical_error_rate"":0.0001}","{""detection_events"":336135,""detectors_checked"":810614784}"
   3154944,         0,         0,   119.3,standalone_exact_mw,29ae76c7f86edcd2f56343e8109d8463cbc736644db4e57527101e2f1c3606c8,"{""distance"":5,""physical_error_rate"":0.0002}","{""detection_events"":586607,""detectors_checked"":706707456}"
   4280320,         0,         0,   119.3,standalone_exact_mw,aea10f45e3589e84a00777b800d38e8a3149bd6cb552c409f3bffd718c1a0abf,"{""distance"":5,""physical_error_rate"":5e-05}","{""detection_events"":200284,""detectors_checked"":958791680}"
   1364992,         0,         0,    44.6,standalone_exact_mw,cc9149276d16e61a5ac322a1d2048afebd34054fe0ed4879b77eb616628c1148,"{""distance"":5,""physical_error_rate"":0.0001}","{""detection_events"":127506,""detectors_checked"":305758208}"
   1830912,         6,         0,   119.5,standalone_exact_mw,77d802c74222c3324b7f1323f7447c6411ad27be92307b6127e53af575faadca,"{""distance"":5,""physical_error_rate"":0.001}","{""detection_events"":1698555,""detectors_checked"":410124288,""obs_mistake_mask=E"":6}"
   2524160,         1,         0,   119.4,standalone_exact_mw,503ee55b5ad1b1988379a241a0405811522ee4d50b473755532ad1299cb121e2,"{""distance"":5,""physical_error_rate"":0.0005}","{""detection_events"":1171028,""detectors_checked"":565411840,""obs_mistake_mask=E"":1}"
   1328128,         0,         0,    44.8,standalone_exact_mw,29ae76c7f86edcd2f56343e8109d8463cbc736644db4e57527101e2f1c3606c8,"{""distance"":5,""physical_error_rate"":0.0002}","{""detection_events"":247800,""detectors_checked"":297500672}"
   3714048,         0,         0,   119.3,standalone_exact_mw,29ae76c7f86edcd2f56343e8109d8463cbc736644db4e57527101e2f1c3606c8,"{""distance"":5,""physical_error_rate"":0.0002}","{""detection_events"":690851,""detectors_checked"":831946752}"
   1667072,         0,         0,    44.8,standalone_exact_mw,cc9149276d16e61a5ac322a1d2048afebd34054fe0ed4879b77eb616628c1148,"{""distance"":5,""physical_error_rate"":0.0001}","{""detection_events"":154943,""detectors_checked"":373424128}"
   2023424,         0,         0,    44.8,standalone_exact_mw,aea10f45e3589e84a00777b800d38e8a3149bd6cb552c409f3bffd718c1a0abf,"{""distance"":5,""physical_error_rate"":5e-05}","{""detection_events"":93907,""detectors_checked"":453246976}"
   1107968,         0,         0,    44.6,standalone_exact_mw,29ae76c7f86edcd2f56343e8109d8463cbc736644db4e57527101e2f1c3606c8,"{""distance"":5,""physical_error_rate"":0.0002}","{""detection_events"":207190,""detectors_checked"":248184832}"
    714752,         4,         0,    44.9,standalone_exact_mw,77d802c74222c3324b7f1323f7447c6411ad27be92307b6127e53af575faadca,"{""distance"":5,""physical_error_rate"":0.001}","{""detection_events"":662593,""detectors_checked"":160104448,""obs_mistake_mask=E"":4}"
   1180672,         0,         0,    44.7,standalone_exact_mw,aea10f45e3589e84a00777b800d38e8a3149bd6cb552c409f3bffd718c1a0abf,"{""distance"":5,""physical_error_rate"":5e-05}","{""detection_events"":54176,""detectors_checked"":264470528}"
   1019904,         0,         0,    44.8,standalone_exact_mw,503ee55b5ad1b1988379a241a0405811522ee4d50b473755532ad1299cb121e2,"{""distance"":5,""physical_error_rate"":0.0005}","{""detection_events"":475870,""detectors_checked"":228458496}"
    950272,         1,         0,    44.7,standalone_exact_mw,503ee55b5ad1b1988379a241a0405811522ee4d50b473755532ad1299cb121e2,"{""distance"":5,""physical_error_rate"":0.0005}","{""detection_events"":441398,""detectors_checked"":212860928,""obs_mistake_mask=E"":1}"
   1281024,         0,         0,    44.7,standalone_exact_mw,aea10f45e3589e84a00777b800d38e8a3149bd6cb552c409f3bffd718c1a0abf,"{""distance"":5,""physical_error_rate"":5e-05}","{""detection_events"":60270,""detectors_checked"":286949376}"
   4463616,         0,         0,   119.2,standalone_exact_mw,aea10f45e3589e84a00777b800d38e8a3149bd6cb552c409f3bffd718c1a0abf,"{""distance"":5,""physical_error_rate"":5e-05}","{""detection_events"":208402,""detectors_checked"":999849984}"
   3740672,         0,         0,   119.2,standalone_exact_mw,cc9149276d16e61a5ac322a1d2048afebd34054fe0ed4879b77eb616628c1148,"{""distance"":5,""physical_error_rate"":0.0001}","{""detection_events"":346600,""detectors_checked"":837910528}"
    735232,         3,         0,    44.9,standalone_exact_mw,77d802c74222c3324b7f1323f7447c6411ad27be92307b6127e53af575faadca,"{""distance"":5,""physical_error_rate"":0.001}","{""detection_events"":680977,""detectors_checked"":164691968,""obs_mistake_mask=E"":3}"
   2661376,         0,         0,   119.5,standalone_exact_mw,503ee55b5ad1b1988379a241a0405811522ee4d50b473755532ad1299cb121e2,"{""distance"":5,""physical_error_rate"":0.0005}","{""detection_events"":1235675,""detectors_checked"":596148224}"
   1858560,         4,         0,   119.4,standalone_exact_mw,77d802c74222c3324b7f1323f7447c6411ad27be92307b6127e53af575faadca,"{""distance"":5,""physical_error_rate"":0.001}","{""detection_events"":1724900,""detectors_checked"":416317440,""obs_mistake_mask=E"":4}"
   5505024,         0,         0,   119.3,standalone_exact_mw,aea10f45e3589e84a00777b800d38e8a3149bd6cb552c409f3bffd718c1a0abf,"{""distance"":5,""physical_error_rate"":5e-05}","{""detection_events"":257049,""detectors_checked"":1233125376}"
   2690048,         1,         0,   119.4,standalone_exact_mw,503ee55b5ad1b1988379a241a0405811522ee4d50b473755532ad1299cb121e2,"{""distance"":5,""physical_error_rate"":0.0005}","{""detection_events"":1248654,""detectors_checked"":602570752,""obs_mistake_mask=E"":1}"
   3586048,         0,         0,   119.3,standalone_exact_mw,29ae76c7f86edcd2f56343e8109d8463cbc736644db4e57527101e2f1c3606c8,"{""distance"":5,""physical_error_rate"":0.0002}","{""detection_events"":669918,""detectors_checked"":803274752}"
   1807360,        10,         0,   119.5,standalone_exact_mw,77d802c74222c3324b7f1323f7447c6411ad27be92307b6127e53af575faadca,"{""distance"":5,""physical_error_rate"":0.001}","{""detection_events"":1674993,""detectors_checked"":404848640,""obs_mistake_mask=E"":10}"
   3597312,         0,         0,   119.1,standalone_exact_mw,cc9149276d16e61a5ac322a1d2048afebd34054fe0ed4879b77eb616628c1148,"{""distance"":5,""physical_error_rate"":0.0001}","{""detection_events"":336050,""detectors_checked"":805797888}"
   4955136,         3,         0,   119.5,standalone_exact_mw,503ee55b5ad1b1988379a241a0405811522ee4d50b473755532ad1299cb121e2,"{""distance"":5,""physical_error_rate"":0.0005}","{""detection_events"":2301634,""detectors_checked"":1109950464,""obs_mistake_mask=E"":3}"
   1829888,         0,         0,    62.5,standalone_exact_mw,cc9149276d16e61a5ac322a1d2048afebd34054fe0ed4879b77eb616628c1148,"{""distance"":5,""physical_error_rate"":0.0001}","{""detection_events"":170908,""detectors_checked"":409894912}"
   5437440,         0,         0,   119.4,standalone_exact_mw,29ae76c7f86edcd2f56343e8109d8463cbc736644db4e57527101e2f1c3606c8,"{""distance"":5,""physical_error_rate"":0.0002}","{""detection_events"":1015384,""detectors_checked"":1217986560}"
   5302272,         0,         0,   119.1,standalone_exact_mw,aea10f45e3589e84a00777b800d38e8a3149bd6cb552c409f3bffd718c1a0abf,"{""distance"":5,""physical_error_rate"":5e-05}","{""detection_events"":247359,""detectors_checked"":1187708928}"
   2515968,         9,         0,   119.7,standalone_exact_mw,77d802c74222c3324b7f1323f7447c6411ad27be92307b6127e53af575faadca,"{""distance"":5,""physical_error_rate"":0.001}","{""detection_events"":2331315,""detectors_checked"":563576832,""obs_mistake_mask=E"":9}"
   4995072,         0,         0,   119.4,standalone_exact_mw,cc9149276d16e61a5ac322a1d2048afebd34054fe0ed4879b77eb616628c1148,"{""distance"":5,""physical_error_rate"":0.0001}","{""detection_events"":463911,""detectors_checked"":1118896128}"
   1864704,         0,         0,    62.5,standalone_exact_mw,29ae76c7f86edcd2f56343e8109d8463cbc736644db4e57527101e2f1c3606c8,"{""distance"":5,""physical_error_rate"":0.0002}","{""detection_events"":347260,""detectors_checked"":417693696}"
   3262464,         0,         0,   119.2,standalone_exact_mw,cc9149276d16e61a5ac322a1d2048afebd34054fe0ed4879b77eb616628c1148,"{""distance"":5,""physical_error_rate"":0.0001}","{""detection_events"":305223,""detectors_checked"":730791936}"
   3499008,         0,         0,   119.0,standalone_exact_mw,cc9149276d16e61a5ac322a1d2048afebd34054fe0ed4879b77eb616628c1148,"{""distance"":5,""physical_error_rate"":0.0001}","{""detection_events"":326206,""detectors_checked"":783777792}"
   3840000,         0,         0,   119.2,standalone_exact_mw,29ae76c7f86edcd2f56343e8109d8463cbc736644db4e57527101e2f1c3606c8,"{""distance"":5,""physical_error_rate"":0.0002}","{""detection_events"":716516,""detectors_checked"":860160000}"
   3647488,         0,         0,   119.1,standalone_exact_mw,cc9149276d16e61a5ac322a1d2048afebd34054fe0ed4879b77eb616628c1148,"{""distance"":5,""physical_error_rate"":0.0001}","{""detection_events"":339925,""detectors_checked"":817037312}"
   2424832,         1,         0,   119.4,standalone_exact_mw,503ee55b5ad1b1988379a241a0405811522ee4d50b473755532ad1299cb121e2,"{""distance"":5,""physical_error_rate"":0.0005}","{""detection_events"":1127598,""detectors_checked"":543162368,""obs_mistake_mask=E"":1}"
   2441216,         2,         0,   119.5,standalone_exact_mw,503ee55b5ad1b1988379a241a0405811522ee4d50b473755532ad1299cb121e2,"{""distance"":5,""physical_error_rate"":0.0005}","{""detection_events"":1137343,""detectors_checked"":546832384,""obs_mistake_mask=E"":2}"
   3837952,         0,         0,   119.2,standalone_exact_mw,aea10f45e3589e84a00777b800d38e8a3149bd6cb552c409f3bffd718c1a0abf,"{""distance"":5,""physical_error_rate"":5e-05}","{""detection_events"":179302,""detectors_checked"":859701248}"
   1823744,         0,         0,    62.5,standalone_exact_mw,cc9149276d16e61a5ac322a1d2048afebd34054fe0ed4879b77eb616628c1148,"{""distance"":5,""physical_error_rate"":0.0001}","{""detection_events"":170089,""detectors_checked"":408518656}"
   2471936,         0,         0,   119.4,standalone_exact_mw,503ee55b5ad1b1988379a241a0405811522ee4d50b473755532ad1299cb121e2,"{""distance"":5,""physical_error_rate"":0.0005}","{""detection_events"":1147374,""detectors_checked"":553713664}"
   3847168,         0,         0,   119.2,standalone_exact_mw,aea10f45e3589e84a00777b800d38e8a3149bd6cb552c409f3bffd718c1a0abf,"{""distance"":5,""physical_error_rate"":5e-05}","{""detection_events"":180094,""detectors_checked"":861765632}"
   3562496,         0,         0,   119.2,standalone_exact_mw,aea10f45e3589e84a00777b800d38e8a3149bd6cb552c409f3bffd718c1a0abf,"{""distance"":5,""physical_error_rate"":5e-05}","{""detection_events"":165985,""detectors_checked"":797999104}"
   2794496,         0,         0,    62.6,standalone_exact_mw,aea10f45e3589e84a00777b800d38e8a3149bd6cb552c409f3bffd718c1a0abf,"{""distance"":5,""physical_error_rate"":5e-05}","{""detection_events"":130937,""detectors_checked"":625967104}"
   1992704,         0,         0,    62.7,standalone_exact_mw,29ae76c7f86edcd2f56343e8109d8463cbc736644db4e57527101e2f1c3606c8,"{""distance"":5,""physical_error_rate"":0.0002}","{""detection_events"":370568,""detectors_checked"":446365696}"
    961536,         4,         0,    62.9,standalone_exact_mw,77d802c74222c3324b7f1323f7447c6411ad27be92307b6127e53af575faadca,"{""distance"":5,""physical_error_rate"":0.001}","{""detection_events"":890744,""detectors_checked"":215384064,""obs_mistake_mask=E"":4}"
   2491392,         0,         0,    62.7,standalone_exact_mw,aea10f45e3589e84a00777b800d38e8a3149bd6cb552c409f3bffd718c1a0abf,"{""distance"":5,""physical_error_rate"":5e-05}","{""detection_events"":115794,""detectors_checked"":558071808}"
   1267712,         1,         0,    62.8,standalone_exact_mw,503ee55b5ad1b1988379a241a0405811522ee4d50b473755532ad1299cb121e2,"{""distance"":5,""physical_error_rate"":0.0005}","{""detection_events"":591713,""detectors_checked"":283967488,""obs_mistake_mask=E"":1}"
   2116608,         8,         0,   119.5,standalone_exact_mw,77d802c74222c3324b7f1323f7447c6411ad27be92307b6127e53af575faadca,"{""distance"":5,""physical_error_rate"":0.001}","{""detection_events"":1960219,""detectors_checked"":474120192,""obs_mistake_mask=E"":8}"
   1776640,         7,         0,   119.6,standalone_exact_mw,77d802c74222c3324b7f1323f7447c6411ad27be92307b6127e53af575faadca,"{""distance"":5,""physical_error_rate"":0.001}","{""detection_events"":1650323,""detectors_checked"":397967360,""obs_mistake_mask=E"":7}"
   1267712,         0,         0,    62.7,standalone_exact_mw,503ee55b5ad1b1988379a241a0405811522ee4d50b473755532ad1299cb121e2,"{""distance"":5,""physical_error_rate"":0.0005}","{""detection_events"":588701,""detectors_checked"":283967488}"
   2995200,         3,         0,   119.6,standalone_exact_mw,503ee55b5ad1b1988379a241a0405811522ee4d50b473755532ad1299cb121e2,"{""distance"":5,""physical_error_rate"":0.0005}","{""detection_events"":1392776,""detectors_checked"":670924800,""obs_mistake_mask=E"":3}"
   1887232,         0,         0,    62.7,standalone_exact_mw,aea10f45e3589e84a00777b800d38e8a3149bd6cb552c409f3bffd718c1a0abf,"{""distance"":5,""physical_error_rate"":5e-05}","{""detection_events"":88773,""detectors_checked"":422739968}"
   1784832,         3,         0,   119.4,standalone_exact_mw,77d802c74222c3324b7f1323f7447c6411ad27be92307b6127e53af575faadca,"{""distance"":5,""physical_error_rate"":0.001}","{""detection_events"":1660568,""detectors_checked"":399802368,""obs_mistake_mask=E"":3}"
   3175424,         0,         0,   119.2,standalone_exact_mw,29ae76c7f86edcd2f56343e8109d8463cbc736644db4e57527101e2f1c3606c8,"{""distance"":5,""physical_error_rate"":0.0002}","{""detection_events"":589854,""detectors_checked"":711294976}"
   3923968,         0,         0,   119.3,standalone_exact_mw,cc9149276d16e61a5ac322a1d2048afebd34054fe0ed4879b77eb616628c1148,"{""distance"":5,""physical_error_rate"":0.0001}","{""detection_events"":363868,""detectors_checked"":878968832}"
   3483648,         0,         0,   119.4,standalone_exact_mw,29ae76c7f86edcd2f56343e8109d8463cbc736644db4e57527101e2f1c3606c8,"{""distance"":5,""physical_error_rate"":0.0002}","{""detection_events"":648542,""detectors_checked"":780337152}"
   3719168,         0,         0,   119.1,standalone_exact_mw,aea10f45e3589e84a00777b800d38e8a3149bd6cb552c409f3bffd718c1a0abf,"{""distance"":5,""physical_error_rate"":5e-05}","{""detection_events"":174725,""detectors_checked"":833093632}"
    924672,         2,         0,    62.7,standalone_exact_mw,77d802c74222c3324b7f1323f7447c6411ad27be92307b6127e53af575faadca,"{""distance"":5,""physical_error_rate"":0.001}","{""detection_events"":856787,""detectors_checked"":207126528,""obs_mistake_mask=E"":2}"
   1795072,         3,         0,   119.5,standalone_exact_mw,77d802c74222c3324b7f1323f7447c6411ad27be92307b6127e53af575faadca,"{""distance"":5,""physical_error_rate"":0.001}","{""detection_events"":1665371,""detectors_checked"":402096128,""obs_mistake_mask=E"":3}"
   3584000,         0,         0,   119.5,standalone_exact_mw,29ae76c7f86edcd2f56343e8109d8463cbc736644db4e57527101e2f1c3606c8,"{""distance"":5,""physical_error_rate"":0.0002}","{""detection_events"":667129,""detectors_checked"":802816000}"
   4952064,         0,         0,   119.4,standalone_exact_mw,aea10f45e3589e84a00777b800d38e8a3149bd6cb552c409f3bffd718c1a0abf,"{""distance"":5,""physical_error_rate"":5e-05}","{""detection_events"":230958,""detectors_checked"":1109262336}"
   3729408,         0,         0,   119.3,standalone_exact_mw,29ae76c7f86edcd2f56343e8109d8463cbc736644db4e57527101e2f1c3606c8,"{""distance"":5,""physical_error_rate"":0.0002}","{""detection_events"":694772,""detectors_checked"":835387392}"
   3205120,         0,         0,   119.2,standalone_exact_mw,29ae76c7f86edcd2f56343e8109d8463cbc736644db4e57527101e2f1c3606c8,"{""distance"":5,""physical_error_rate"":0.0002}","{""detection_events"":596404,""detectors_checked"":717946880}"
   2496512,         0,         0,   119.3,standalone_exact_mw,503ee55b5ad1b1988379a241a0405811522ee4d50b473755532ad1299cb121e2,"{""distance"":5,""physical_error_rate"":0.0005}","{""detection_events"":1160163,""detectors_checked"":559218688}"
   3537920,         0,         0,   119.0,standalone_exact_mw,cc9149276d16e61a5ac322a1d2048afebd34054fe0ed4879b77eb616628c1148,"{""distance"":5,""physical_error_rate"":0.0001}","{""detection_events"":330421,""detectors_checked"":792494080}"
   2661376,         0,         0,   119.4,standalone_exact_mw,503ee55b5ad1b1988379a241a0405811522ee4d50b473755532ad1299cb121e2,"{""distance"":5,""physical_error_rate"":0.0005}","{""detection_events"":1244017,""detectors_checked"":596148224}"
   1803264,         5,         0,   119.5,standalone_exact_mw,77d802c74222c3324b7f1323f7447c6411ad27be92307b6127e53af575faadca,"{""distance"":5,""physical_error_rate"":0.001}","{""detection_events"":1674522,""detectors_checked"":403931136,""obs_mistake_mask=E"":5}"
   2055168,         6,         0,   119.6,standalone_exact_mw,77d802c74222c3324b7f1323f7447c6411ad27be92307b6127e53af575faadca,"{""distance"":5,""physical_error_rate"":0.001}","{""detection_events"":1907244,""detectors_checked"":460357632,""obs_mistake_mask=E"":6}"
   3762176,         0,         0,   119.2,standalone_exact_mw,cc9149276d16e61a5ac322a1d2048afebd34054fe0ed4879b77eb616628c1148,"{""distance"":5,""physical_error_rate"":0.0001}","{""detection_events"":350962,""detectors_checked"":842727424}"
   3059712,         0,         0,   119.4,standalone_exact_mw,29ae76c7f86edcd2f56343e8109d8463cbc736644db4e57527101e2f1c3606c8,"{""distance"":5,""physical_error_rate"":0.0002}","{""detection_events"":571462,""detectors_checked"":685375488}"
   3989504,         0,         0,   119.2,standalone_exact_mw,aea10f45e3589e84a00777b800d38e8a3149bd6cb552c409f3bffd718c1a0abf,"{""distance"":5,""physical_error_rate"":5e-05}","{""detection_events"":185969,""detectors_checked"":893648896}"
   2668544,         0,         0,   119.6,standalone_exact_mw,503ee55b5ad1b1988379a241a0405811522ee4d50b473755532ad1299cb121e2,"{""distance"":5,""physical_error_rate"":0.0005}","{""detection_events"":1240136,""detectors_checked"":597753856}"
   1824768,         9,         0,   119.6,standalone_exact_mw,77d802c74222c3324b7f1323f7447c6411ad27be92307b6127e53af575faadca,"{""distance"":5,""physical_error_rate"":0.001}","{""detection_events"":1696201,""detectors_checked"":408748032,""obs_mistake_mask=E"":9}"
   3658752,         0,         0,   119.3,standalone_exact_mw,cc9149276d16e61a5ac322a1d2048afebd34054fe0ed4879b77eb616628c1148,"{""distance"":5,""physical_error_rate"":0.0001}","{""detection_events"":341614,""detectors_checked"":819560448}"
   3403776,         1,         0,   119.3,standalone_exact_mw,29ae76c7f86edcd2f56343e8109d8463cbc736644db4e57527101e2f1c3606c8,"{""distance"":5,""physical_error_rate"":0.0002}","{""detection_events"":632718,""detectors_checked"":762445824,""obs_mistake_mask=E"":1}"
   4174848,         0,         0,   119.4,standalone_exact_mw,aea10f45e3589e84a00777b800d38e8a3149bd6cb552c409f3bffd718c1a0abf,"{""distance"":5,""physical_error_rate"":5e-05}","{""detection_events"":195113,""detectors_checked"":935165952}"
   1885184,         5,         0,   119.6,standalone_exact_mw,77d802c74222c3324b7f1323f7447c6411ad27be92307b6127e53af575faadca,"{""distance"":5,""physical_error_rate"":0.001}","{""detection_events"":1745493,""detectors_checked"":422281216,""obs_mistake_mask=E"":5}"
   2428928,         1,         0,   119.4,standalone_exact_mw,503ee55b5ad1b1988379a241a0405811522ee4d50b473755532ad1299cb121e2,"{""distance"":5,""physical_error_rate"":0.0005}","{""detection_events"":1128256,""detectors_checked"":544079872,""obs_mistake_mask=E"":1}"
   5442560,         0,         0,   119.2,standalone_exact_mw,29ae76c7f86edcd2f56343e8109d8463cbc736644db4e57527101e2f1c3606c8,"{""distance"":5,""physical_error_rate"":0.0002}","{""detection_events"":1014330,""detectors_checked"":1219133440}"
   4304896,         0,         0,   119.3,standalone_exact_mw,aea10f45e3589e84a00777b800d38e8a3149bd6cb552c409f3bffd718c1a0abf,"{""distance"":5,""physical_error_rate"":5e-05}","{""detection_events"":202109,""detectors_checked"":964296704}"
   3825664,         0,         0,   119.4,standalone_exact_mw,cc9149276d16e61a5ac322a1d2048afebd34054fe0ed4879b77eb616628c1148,"{""distance"":5,""physical_error_rate"":0.0001}","{""detection_events"":355513,""detectors_checked"":856948736}"
   2808832,         0,         0,   119.3,standalone_exact_mw,503ee55b5ad1b1988379a241a0405811522ee4d50b473755532ad1299cb121e2,"{""distance"":5,""physical_error_rate"":0.0005}","{""detection_events"":1304952,""detectors_checked"":629178368}"
   1939456,         7,         0,   119.5,standalone_exact_mw,77d802c74222c3324b7f1323f7447c6411ad27be92307b6127e53af575faadca,"{""distance"":5,""physical_error_rate"":0.001}","{""detection_events"":1799271,""detectors_checked"":434438144,""obs_mistake_mask=E"":7}"
   2525184,         0,         0,    87.6,standalone_exact_mw,cc9149276d16e61a5ac322a1d2048afebd34054fe0ed4879b77eb616628c1148,"{""distance"":5,""physical_error_rate"":0.0001}","{""detection_events"":235275,""detectors_checked"":565641216}"
   4574208,         0,         0,   119.5,standalone_exact_mw,aea10f45e3589e84a00777b800d38e8a3149bd6cb552c409f3bffd718c1a0abf,"{""distance"":5,""physical_error_rate"":5e-05}","{""detection_events"":212048,""detectors_checked"":1024622592}"
   3307520,         0,         0,    87.6,standalone_exact_mw,29ae76c7f86edcd2f56343e8109d8463cbc736644db4e57527101e2f1c3606c8,"{""distance"":5,""physical_error_rate"":0.0002}","{""detection_events"":618434,""detectors_checked"":740884480}"
   2447360,         0,         0,    87.5,standalone_exact_mw,cc9149276d16e61a5ac322a1d2048afebd34054fe0ed4879b77eb616628c1148,"{""distance"":5,""physical_error_rate"":0.0001}","{""detection_events"":229450,""detectors_checked"":548208640}"
   2971648,         1,         0,   119.5,standalone_exact_mw,503ee55b5ad1b1988379a241a0405811522ee4d50b473755532ad1299cb121e2,"{""distance"":5,""physical_error_rate"":0.0005}","{""detection_events"":1384358,""detectors_checked"":665649152,""obs_mistake_mask=E"":1}"
   3396608,         0,         0,   119.3,standalone_exact_mw,29ae76c7f86edcd2f56343e8109d8463cbc736644db4e57527101e2f1c3606c8,"{""distance"":5,""physical_error_rate"":0.0002}","{""detection_events"":632107,""detectors_checked"":760840192}"
   3343360,         0,         0,    87.8,standalone_exact_mw,aea10f45e3589e84a00777b800d38e8a3149bd6cb552c409f3bffd718c1a0abf,"{""distance"":5,""physical_error_rate"":5e-05}","{""detection_events"":156438,""detectors_checked"":748912640}"
   2319360,         0,         0,    87.7,standalone_exact_mw,29ae76c7f86edcd2f56343e8109d8463cbc736644db4e57527101e2f1c3606c8,"{""distance"":5,""physical_error_rate"":0.0002}","{""detection_events"":434287,""detectors_checked"":519536640}"
   1374208,         5,         0,    87.8,standalone_exact_mw,77d802c74222c3324b7f1323f7447c6411ad27be92307b6127e53af575faadca,"{""distance"":5,""physical_error_rate"":0.001}","{""detection_events"":1270489,""detectors_checked"":307822592,""obs_mistake_mask=E"":5}"
   2842624,         0,         0,    87.7,standalone_exact_mw,aea10f45e3589e84a00777b800d38e8a3149bd6cb552c409f3bffd718c1a0abf,"{""distance"":5,""physical_error_rate"":5e-05}","{""detection_events"":132403,""detectors_checked"":636747776}"
   1783808,         0,         0,    87.7,standalone_exact_mw,503ee55b5ad1b1988379a241a0405811522ee4d50b473755532ad1299cb121e2,"{""distance"":5,""physical_error_rate"":0.0005}","{""detection_events"":829212,""detectors_checked"":399572992}"
   1787904,         2,         0,    87.6,standalone_exact_mw,503ee55b5ad1b1988379a241a0405811522ee4d50b473755532ad1299cb121e2,"{""distance"":5,""physical_error_rate"":0.0005}","{""detection_events"":831428,""detectors_checked"":400490496,""obs_mistake_mask=E"":2}"
   2015232,         9,         0,   119.6,standalone_exact_mw,77d802c74222c3324b7f1323f7447c6411ad27be92307b6127e53af575faadca,"{""distance"":5,""physical_error_rate"":0.001}","{""detection_events"":1870589,""detectors_checked"":451411968,""obs_mistake_mask=E"":9}"
   2995200,         0,         0,    87.7,standalone_exact_mw,aea10f45e3589e84a00777b800d38e8a3149bd6cb552c409f3bffd718c1a0abf,"{""distance"":5,""physical_error_rate"":5e-05}","{""detection_events"":140890,""detectors_checked"":670924800}"
   4253696,         1,         0,   119.2,standalone_exact_mw,cc9149276d16e61a5ac322a1d2048afebd34054fe0ed4879b77eb616628c1148,"{""distance"":5,""physical_error_rate"":0.0001}","{""detection_events"":396768,""detectors_checked"":952827904,""obs_mistake_mask=E"":1}"
   1605632,         1,         0,    87.9,standalone_exact_mw,77d802c74222c3324b7f1323f7447c6411ad27be92307b6127e53af575faadca,"{""distance"":5,""physical_error_rate"":0.001}","{""detection_events"":1491346,""detectors_checked"":359661568,""obs_mistake_mask=E"":1}"
   4969472,         2,         0,   119.5,standalone_exact_mw,503ee55b5ad1b1988379a241a0405811522ee4d50b473755532ad1299cb121e2,"{""distance"":5,""physical_error_rate"":0.0005}","{""detection_events"":2309089,""detectors_checked"":1113161728,""obs_mistake_mask=E"":2}"
   4417536,         0,         0,   119.2,standalone_exact_mw,29ae76c7f86edcd2f56343e8109d8463cbc736644db4e57527101e2f1c3606c8,"{""distance"":5,""physical_error_rate"":0.0002}","{""detection_events"":824561,""detectors_checked"":989528064}"
   5064704,         0,         0,   119.4,standalone_exact_mw,aea10f45e3589e84a00777b800d38e8a3149bd6cb552c409f3bffd718c1a0abf,"{""distance"":5,""physical_error_rate"":5e-05}","{""detection_events"":236825,""detectors_checked"":1134493696}"
   2406400,        11,         0,   119.4,standalone_exact_mw,77d802c74222c3324b7f1323f7447c6411ad27be92307b6127e53af575faadca,"{""distance"":5,""physical_error_rate"":0.001}","{""detection_events"":2233446,""detectors_checked"":539033600,""obs_mistake_mask=E"":11}"
   6164480,         0,         0,   119.4,standalone_exact_mw,cc9149276d16e61a5ac322a1d2048afebd34054fe0ed4879b77eb616628c1148,"{""distance"":5,""physical_error_rate"":0.0001}","{""detection_events"":573821,""detectors_checked"":1380843520}"
   4406272,         0,         0,   119.2,standalone_exact_mw,cc9149276d16e61a5ac322a1d2048afebd34054fe0ed4879b77eb616628c1148,"{""distance"":5,""physical_error_rate"":0.0001}","{""detection_events"":411401,""detectors_checked"":987004928}"
   3879936,         0,         0,   119.3,standalone_exact_mw,cc9149276d16e61a5ac322a1d2048afebd34054fe0ed4879b77eb616628c1148,"{""distance"":5,""physical_error_rate"":0.0001}","{""detection_events"":361963,""detectors_checked"":869105664}"
   3400704,         1,         0,   119.3,standalone_exact_mw,29ae76c7f86edcd2f56343e8109d8463cbc736644db4e57527101e2f1c3606c8,"{""distance"":5,""physical_error_rate"":0.0002}","{""detection_events"":632618,""detectors_checked"":761757696,""obs_mistake_mask=E"":1}"
   3742720,         0,         0,   119.1,standalone_exact_mw,cc9149276d16e61a5ac322a1d2048afebd34054fe0ed4879b77eb616628c1148,"{""distance"":5,""physical_error_rate"":0.0001}","{""detection_events"":347754,""detectors_checked"":838369280}"
   2616320,         0,         0,   119.4,standalone_exact_mw,503ee55b5ad1b1988379a241a0405811522ee4d50b473755532ad1299cb121e2,"{""distance"":5,""physical_error_rate"":0.0005}","{""detection_events"":1214566,""detectors_checked"":586055680}"
   2495488,         2,         0,   119.3,standalone_exact_mw,503ee55b5ad1b1988379a241a0405811522ee4d50b473755532ad1299cb121e2,"{""distance"":5,""physical_error_rate"":0.0005}","{""detection_events"":1159329,""detectors_checked"":558989312,""obs_mistake_mask=E"":2}"
   4594688,         0,         0,   119.4,standalone_exact_mw,aea10f45e3589e84a00777b800d38e8a3149bd6cb552c409f3bffd718c1a0abf,"{""distance"":5,""physical_error_rate"":5e-05}","{""detection_events"":214710,""detectors_checked"":1029210112}"
   2521088,         1,         0,   119.4,standalone_exact_mw,503ee55b5ad1b1988379a241a0405811522ee4d50b473755532ad1299cb121e2,"{""distance"":5,""physical_error_rate"":0.0005}","{""detection_events"":1171565,""detectors_checked"":564723712,""obs_mistake_mask=E"":1}"
   3622912,         0,         0,   119.0,standalone_exact_mw,aea10f45e3589e84a00777b800d38e8a3149bd6cb552c409f3bffd718c1a0abf,"{""distance"":5,""physical_error_rate"":5e-05}","{""detection_events"":168931,""detectors_checked"":811532288}"
   3705856,         0,         0,   119.2,standalone_exact_mw,aea10f45e3589e84a00777b800d38e8a3149bd6cb552c409f3bffd718c1a0abf,"{""distance"":5,""physical_error_rate"":5e-05}","{""detection_events"":172277,""detectors_checked"":830111744}"
   1831936,         8,         0,   119.4,standalone_exact_mw,77d802c74222c3324b7f1323f7447c6411ad27be92307b6127e53af575faadca,"{""distance"":5,""physical_error_rate"":0.001}","{""detection_events"":1701107,""detectors_checked"":410353664,""obs_mistake_mask=E"":8}"
   1748992,        11,         0,   119.6,standalone_exact_mw,77d802c74222c3324b7f1323f7447c6411ad27be92307b6127e53af575faadca,"{""distance"":5,""physical_error_rate"":0.001}","{""detection_events"":1620141,""detectors_checked"":391774208,""obs_mistake_mask=E"":11}"
   2916352,         0,         0,   119.5,standalone_exact_mw,503ee55b5ad1b1988379a241a0405811522ee4d50b473755532ad1299cb121e2,"{""distance"":5,""physical_error_rate"":0.0005}","{""detection_events"":1358787,""detectors_checked"":653262848}"
   1710080,         6,         0,   119.4,standalone_exact_mw,77d802c74222c3324b7f1323f7447c6411ad27be92307b6127e53af575faadca,"{""distance"":5,""physical_error_rate"":0.001}","{""detection_events"":1584235,""detectors_checked"":383057920,""obs_mistake_mask=E"":6}"
   3693568,         0,         0,   119.0,standalone_exact_mw,cc9149276d16e61a5ac322a1d2048afebd34054fe0ed4879b77eb616628c1148,"{""distance"":5,""physical_error_rate"":0.0001}","{""detection_events"":345939,""detectors_checked"":827359232}"
   3400704,         0,         0,   119.2,standalone_exact_mw,29ae76c7f86edcd2f56343e8109d8463cbc736644db4e57527101e2f1c3606c8,"{""distance"":5,""physical_error_rate"":0.0002}","{""detection_events"":633306,""detectors_checked"":761757696}"
   3106816,         0,         0,   119.2,standalone_exact_mw,29ae76c7f86edcd2f56343e8109d8463cbc736644db4e57527101e2f1c3606c8,"{""distance"":5,""physical_error_rate"":0.0002}","{""detection_events"":580299,""detectors_checked"":695926784}"
   3487744,         0,         0,   119.2,standalone_exact_mw,aea10f45e3589e84a00777b800d38e8a3149bd6cb552c409f3bffd718c1a0abf,"{""distance"":5,""physical_error_rate"":5e-05}","{""detection_events"":162096,""detectors_checked"":781254656}"
   1718272,         5,         0,   119.5,standalone_exact_mw,77d802c74222c3324b7f1323f7447c6411ad27be92307b6127e53af575faadca,"{""distance"":5,""physical_error_rate"":0.001}","{""detection_events"":1589267,""detectors_checked"":384892928,""obs_mistake_mask=E"":5}"
   3705856,         0,         0,   119.3,standalone_exact_mw,29ae76c7f86edcd2f56343e8109d8463cbc736644db4e57527101e2f1c3606c8,"{""distance"":5,""physical_error_rate"":0.0002}","{""detection_events"":693480,""detectors_checked"":830111744}"
   4471808,         0,         0,   119.2,standalone_exact_mw,aea10f45e3589e84a00777b800d38e8a3149bd6cb552c409f3bffd718c1a0abf,"{""distance"":5,""physical_error_rate"":5e-05}","{""detection_events"":207764,""detectors_checked"":1001684992}"
   3693568,         0,         0,   119.3,standalone_exact_mw,29ae76c7f86edcd2f56343e8109d8463cbc736644db4e57527101e2f1c3606c8,"{""distance"":5,""physical_error_rate"":0.0002}","{""detection_events"":689765,""detectors_checked"":827359232}"
   3366912,         0,         0,   119.5,standalone_exact_mw,29ae76c7f86edcd2f56343e8109d8463cbc736644db4e57527101e2f1c3606c8,"{""distance"":5,""physical_error_rate"":0.0002}","{""detection_events"":627178,""detectors_checked"":754188288}"
   2613248,         0,         0,   119.4,standalone_exact_mw,503ee55b5ad1b1988379a241a0405811522ee4d50b473755532ad1299cb121e2,"{""distance"":5,""physical_error_rate"":0.0005}","{""detection_events"":1213806,""detectors_checked"":585367552}"
   3504128,         0,         0,   119.2,standalone_exact_mw,cc9149276d16e61a5ac322a1d2048afebd34054fe0ed4879b77eb616628c1148,"{""distance"":5,""physical_error_rate"":0.0001}","{""detection_events"":328523,""detectors_checked"":784924672}"
   2561024,         0,         0,   119.5,standalone_exact_mw,503ee55b5ad1b1988379a241a0405811522ee4d50b473755532ad1299cb121e2,"{""distance"":5,""physical_error_rate"":0.0005}","{""detection_events"":1191061,""detectors_checked"":573669376}"
   1780736,         5,         0,   119.5,standalone_exact_mw,77d802c74222c3324b7f1323f7447c6411ad27be92307b6127e53af575faadca,"{""distance"":5,""physical_error_rate"":0.001}","{""detection_events"":1649317,""detectors_checked"":398884864,""obs_mistake_mask=E"":5}"
   2063360,        12,         0,   119.4,standalone_exact_mw,77d802c74222c3324b7f1323f7447c6411ad27be92307b6127e53af575faadca,"{""distance"":5,""physical_error_rate"":0.001}","{""detection_events"":1914482,""detectors_checked"":462192640,""obs_mistake_mask=E"":12}"
   3670016,         0,         0,   119.5,standalone_exact_mw,cc9149276d16e61a5ac322a1d2048afebd34054fe0ed4879b77eb616628c1148,"{""distance"":5,""physical_error_rate"":0.0001}","{""detection_events"":342898,""detectors_checked"":822083584}"
   3104768,         0,         0,   119.3,standalone_exact_mw,29ae76c7f86edcd2f56343e8109d8463cbc736644db4e57527101e2f1c3606c8,"{""distance"":5,""physical_error_rate"":0.0002}","{""detection_events"":578897,""detectors_checked"":695468032}"
   4044800,         0,         0,   119.3,standalone_exact_mw,aea10f45e3589e84a00777b800d38e8a3149bd6cb552c409f3bffd718c1a0abf,"{""distance"":5,""physical_error_rate"":5e-05}","{""detection_events"":188131,""detectors_checked"":906035200}"
   2594816,         1,         0,   119.4,standalone_exact_mw,503ee55b5ad1b1988379a241a0405811522ee4d50b473755532ad1299cb121e2,"{""distance"":5,""physical_error_rate"":0.0005}","{""detection_events"":1206394,""detectors_checked"":581238784,""obs_mistake_mask=E"":1}"
   1780736,         6,         0,   119.4,standalone_exact_mw,77d802c74222c3324b7f1323f7447c6411ad27be92307b6127e53af575faadca,"{""distance"":5,""physical_error_rate"":0.001}","{""detection_events"":1652791,""detectors_checked"":398884864,""obs_mistake_mask=E"":6}"
   3522560,         0,         0,   119.2,standalone_exact_mw,cc9149276d16e61a5ac322a1d2048afebd34054fe0ed4879b77eb616628c1148,"{""distance"":5,""physical_error_rate"":0.0001}","{""detection_events"":328732,""detectors_checked"":789053440}"
   3106816,         0,         0,   119.3,standalone_exact_mw,29ae76c7f86edcd2f56343e8109d8463cbc736644db4e57527101e2f1c3606c8,"{""distance"":5,""physical_error_rate"":0.0002}","{""detection_events"":579686,""detectors_checked"":695926784}"
   3661824,         0,         0,   119.3,standalone_exact_mw,aea10f45e3589e84a00777b800d38e8a3149bd6cb552c409f3bffd718c1a0abf,"{""distance"":5,""physical_error_rate"":5e-05}","{""detection_events"":170620,""detectors_checked"":820248576}"
   1783808,         3,         0,   119.6,standalone_exact_mw,77d802c74222c3324b7f1323f7447c6411ad27be92307b6127e53af575faadca,"{""distance"":5,""physical_error_rate"":0.001}","{""detection_events"":1656883,""detectors_checked"":399572992,""obs_mistake_mask=E"":3}"
   2468864,         1,         0,   119.4,standalone_exact_mw,503ee55b5ad1b1988379a241a0405811522ee4d50b473755532ad1299cb121e2,"{""distance"":5,""physical_error_rate"":0.0005}","{""detection_events"":1151337,""detectors_checked"":553025536,""obs_mistake_mask=E"":1}"
   4344832,         0,         0,   119.4,standalone_exact_mw,29ae76c7f86edcd2f56343e8109d8463cbc736644db4e57527101e2f1c3606c8,"{""distance"":5,""physical_error_rate"":0.0002}","{""detection_events"":810205,""detectors_checked"":973242368}"
   3466240,         0,         0,   118.9,standalone_exact_mw,aea10f45e3589e84a00777b800d38e8a3149bd6cb552c409f3bffd718c1a0abf,"{""distance"":5,""physical_error_rate"":5e-05}","{""detection_events"":161356,""detectors_checked"":776437760}"
   3513344,         0,         0,   119.3,standalone_exact_mw,cc9149276d16e61a5ac322a1d2048afebd34054fe0ed4879b77eb616628c1148,"{""distance"":5,""physical_error_rate"":0.0001}","{""detection_events"":327530,""detectors_checked"":786989056}"
   2818048,         1,         0,   119.6,standalone_exact_mw,503ee55b5ad1b1988379a241a0405811522ee4d50b473755532ad1299cb121e2,"{""distance"":5,""physical_error_rate"":0.0005}","{""detection_events"":1310714,""detectors_checked"":631242752,""obs_mistake_mask=E"":1}"
   2032640,        10,         0,   119.6,standalone_exact_mw,77d802c74222c3324b7f1323f7447c6411ad27be92307b6127e53af575faadca,"{""distance"":5,""physical_error_rate"":0.001}","{""detection_events"":1880233,""detectors_checked"":455311360,""obs_mistake_mask=E"":10}"
   3500032,         0,         0,   119.1,standalone_exact_mw,cc9149276d16e61a5ac322a1d2048afebd34054fe0ed4879b77eb616628c1148,"{""distance"":5,""physical_error_rate"":0.0001}","{""detection_events"":326662,""detectors_checked"":784007168}"
   5104640,         0,         0,   119.3,standalone_exact_mw,aea10f45e3589e84a00777b800d38e8a3149bd6cb552c409f3bffd718c1a0abf,"{""distance"":5,""physical_error_rate"":5e-05}","{""detection_events"":238394,""detectors_checked"":1143439360}"
   3588096,         1,         0,   119.3,standalone_exact_mw,29ae76c7f86edcd2f56343e8109d8463cbc736644db4e57527101e2f1c3606c8,"{""distance"":5,""physical_error_rate"":0.0002}","{""detection_events"":671639,""detectors_checked"":803733504,""obs_mistake_mask=E"":1}"
   3204096,         0,         0,   119.3,standalone_exact_mw,cc9149276d16e61a5ac322a1d2048afebd34054fe0ed4879b77eb616628c1148,"{""distance"":5,""physical_error_rate"":0.0001}","{""detection_events"":300869,""detectors_checked"":717717504}"
   3044352,         2,         0,   119.6,standalone_exact_mw,503ee55b5ad1b1988379a241a0405811522ee4d50b473755532ad1299cb121e2,"{""distance"":5,""physical_error_rate"":0.0005}","{""detection_events"":1415220,""detectors_checked"":681934848,""obs_mistake_mask=E"":2}"
   3206144,         0,         0,   119.1,standalone_exact_mw,29ae76c7f86edcd2f56343e8109d8463cbc736644db4e57527101e2f1c3606c8,"{""distance"":5,""physical_error_rate"":0.0002}","{""detection_events"":601265,""detectors_checked"":718176256}"
   5139456,         0,         0,   119.2,standalone_exact_mw,aea10f45e3589e84a00777b800d38e8a3149bd6cb552c409f3bffd718c1a0abf,"{""distance"":5,""physical_error_rate"":5e-05}","{""detection_events"":238772,""detectors_checked"":1151238144}"
   3937280,         0,         0,   119.3,standalone_exact_mw,29ae76c7f86edcd2f56343e8109d8463cbc736644db4e57527101e2f1c3606c8,"{""distance"":5,""physical_error_rate"":0.0002}","{""detection_events"":733657,""detectors_checked"":881950720}"
   1735680,         7,         0,   119.4,standalone_exact_mw,77d802c74222c3324b7f1323f7447c6411ad27be92307b6127e53af575faadca,"{""distance"":5,""physical_error_rate"":0.001}","{""detection_events"":1613137,""detectors_checked"":388792320,""obs_mistake_mask=E"":7}"
   3699712,         0,         0,   119.2,standalone_exact_mw,aea10f45e3589e84a00777b800d38e8a3149bd6cb552c409f3bffd718c1a0abf,"{""distance"":5,""physical_error_rate"":5e-05}","{""detection_events"":173111,""detectors_checked"":828735488}"
   2472960,         0,         0,   119.4,standalone_exact_mw,503ee55b5ad1b1988379a241a0405811522ee4d50b473755532ad1299cb121e2,"{""distance"":5,""physical_error_rate"":0.0005}","{""detection_events"":1150814,""detectors_checked"":553943040}"
   2424832,         0,         0,   119.3,standalone_exact_mw,503ee55b5ad1b1988379a241a0405811522ee4d50b473755532ad1299cb121e2,"{""distance"":5,""physical_error_rate"":0.0005}","{""detection_events"":1132690,""detectors_checked"":543162368}"
   1744896,         5,         0,   119.7,standalone_exact_mw,77d802c74222c3324b7f1323f7447c6411ad27be92307b6127e53af575faadca,"{""distance"":5,""physical_error_rate"":0.001}","{""detection_events"":1619310,""detectors_checked"":390856704,""obs_mistake_mask=E"":5}"
   3855360,         0,         0,   119.2,standalone_exact_mw,aea10f45e3589e84a00777b800d38e8a3149bd6cb552c409f3bffd718c1a0abf,"{""distance"":5,""physical_error_rate"":5e-05}","{""detection_events"":179253,""detectors_checked"":863600640}"
   4093952,         0,         0,   119.3,standalone_exact_mw,cc9149276d16e61a5ac322a1d2048afebd34054fe0ed4879b77eb616628c1148,"{""distance"":5,""physical_error_rate"":0.0001}","{""detection_events"":382325,""detectors_checked"":917045248}"
   1957888,         7,         0,   119.4,standalone_exact_mw,77d802c74222c3324b7f1323f7447c6411ad27be92307b6127e53af575faadca,"{""distance"":5,""physical_error_rate"":0.001}","{""detection_events"":1813966,""detectors_checked"":438566912,""obs_mistake_mask=E"":7}"
   4751360,         1,         0,   119.6,standalone_exact_mw,503ee55b5ad1b1988379a241a0405811522ee4d50b473755532ad1299cb121e2,"{""distance"":5,""physical_error_rate"":0.0005}","{""detection_events"":2207395,""detectors_checked"":1064304640,""obs_mistake_mask=E"":1}"
   4997120,         0,         0,   119.3,standalone_exact_mw,29ae76c7f86edcd2f56343e8109d8463cbc736644db4e57527101e2f1c3606c8,"{""distance"":5,""physical_error_rate"":0.0002}","{""detection_events"":928576,""detectors_checked"":1119354880}"
   5486592,         0,         0,   119.3,standalone_exact_mw,aea10f45e3589e84a00777b800d38e8a3149bd6cb552c409f3bffd718c1a0abf,"{""distance"":5,""physical_error_rate"":5e-05}","{""detection_events"":255044,""detectors_checked"":1228996608}"
   2666496,        13,         0,   119.5,standalone_exact_mw,77d802c74222c3324b7f1323f7447c6411ad27be92307b6127e53af575faadca,"{""distance"":5,""physical_error_rate"":0.001}","{""detection_events"":2472156,""detectors_checked"":597295104,""obs_mistake_mask=E"":13}"
   5598208,         0,         0,   119.5,standalone_exact_mw,cc9149276d16e61a5ac322a1d2048afebd34054fe0ed4879b77eb616628c1148,"{""distance"":5,""physical_error_rate"":0.0001}","{""detection_events"":521707,""detectors_checked"":1253998592}"
   3182592,         0,         0,   119.0,standalone_exact_mw,cc9149276d16e61a5ac322a1d2048afebd34054fe0ed4879b77eb616628c1148,"{""distance"":5,""physical_error_rate"":0.0001}","{""detection_events"":294901,""detectors_checked"":712900608}"
   3446784,         0,         0,   118.9,standalone_exact_mw,cc9149276d16e61a5ac322a1d2048afebd34054fe0ed4879b77eb616628c1148,"{""distance"":5,""physical_error_rate"":0.0001}","{""detection_events"":322416,""detectors_checked"":772079616}"
   3148800,         0,         0,   119.2,standalone_exact_mw,29ae76c7f86edcd2f56343e8109d8463cbc736644db4e57527101e2f1c3606c8,"{""distance"":5,""physical_error_rate"":0.0002}","{""detection_events"":586055,""detectors_checked"":705331200}"
   3608576,         0,         0,   119.2,standalone_exact_mw,cc9149276d16e61a5ac322a1d2048afebd34054fe0ed4879b77eb616628c1148,"{""distance"":5,""physical_error_rate"":0.0001}","{""detection_events"":336155,""detectors_checked"":808321024}"
   2519040,         2,         0,   119.4,standalone_exact_mw,503ee55b5ad1b1988379a241a0405811522ee4d50b473755532ad1299cb121e2,"{""distance"":5,""physical_error_rate"":0.0005}","{""detection_events"":1170815,""detectors_checked"":564264960,""obs_mistake_mask=E"":2}"
   2399232,         5,         0,   119.6,standalone_exact_mw,503ee55b5ad1b1988379a241a0405811522ee4d50b473755532ad1299cb121e2,"{""distance"":5,""physical_error_rate"":0.0005}","{""detection_events"":1117611,""detectors_checked"":537427968,""obs_mistake_mask=E"":5}"
   3783680,         0,         0,   119.2,standalone_exact_mw,aea10f45e3589e84a00777b800d38e8a3149bd6cb552c409f3bffd718c1a0abf,"{""distance"":5,""physical_error_rate"":5e-05}","{""detection_events"":176219,""detectors_checked"":847544320}"
   2434048,         0,         0,   119.4,standalone_exact_mw,503ee55b5ad1b1988379a241a0405811522ee4d50b473755532ad1299cb121e2,"{""distance"":5,""physical_error_rate"":0.0005}","{""detection_events"":1129206,""detectors_checked"":545226752}"
   3684352,         0,         0,   119.1,standalone_exact_mw,aea10f45e3589e84a00777b800d38e8a3149bd6cb552c409f3bffd718c1a0abf,"{""distance"":5,""physical_error_rate"":5e-05}","{""detection_events"":170799,""detectors_checked"":825294848}"
   3792896,         0,         0,   119.0,standalone_exact_mw,aea10f45e3589e84a00777b800d38e8a3149bd6cb552c409f3bffd718c1a0abf,"{""distance"":5,""physical_error_rate"":5e-05}","{""detection_events"":176528,""detectors_checked"":849608704}"
   1763328,         5,         0,   119.6,standalone_exact_mw,77d802c74222c3324b7f1323f7447c6411ad27be92307b6127e53af575faadca,"{""distance"":5,""physical_error_rate"":0.001}","{""detection_events"":1634915,""detectors_checked"":394985472,""obs_mistake_mask=E"":5}"
   1745920,         9,         0,   119.5,standalone_exact_mw,77d802c74222c3324b7f1323f7447c6411ad27be92307b6127e53af575faadca,"{""distance"":5,""physical_error_rate"":0.001}","{""detection_events"":1619406,""detectors_checked"":391086080,""obs_mistake_mask=E"":9}"
   2093056,         0,         0,   119.3,standalone_exact_mw,503ee55b5ad1b1988379a241a0405811522ee4d50b473755532ad1299cb121e2,"{""distance"":5,""physical_error_rate"":0.0005}","{""detection_events"":971099,""detectors_checked"":468844544}"
   4418560,         0,         0,   119.4,standalone_exact_mw,cc9149276d16e61a5ac322a1d2048afebd34054fe0ed4879b77eb616628c1148,"{""distance"":5,""physical_error_rate"":0.0001}","{""detection_events"":409653,""detectors_checked"":989757440}"
   3275776,         0,         0,   119.3,standalone_exact_mw,29ae76c7f86edcd2f56343e8109d8463cbc736644db4e57527101e2f1c3606c8,"{""distance"":5,""physical_error_rate"":0.0002}","{""detection_events"":611927,""detectors_checked"":733773824}"
   2125824,         8,         0,   119.6,standalone_exact_mw,77d802c74222c3324b7f1323f7447c6411ad27be92307b6127e53af575faadca,"{""distance"":5,""physical_error_rate"":0.001}","{""detection_events"":1971617,""detectors_checked"":476184576,""obs_mistake_mask=E"":8}"
   3109888,         0,         0,   119.2,standalone_exact_mw,29ae76c7f86edcd2f56343e8109d8463cbc736644db4e57527101e2f1c3606c8,"{""distance"":5,""physical_error_rate"":0.0002}","{""detection_events"":578145,""detectors_checked"":696614912}"
   4560896,         0,         0,   119.4,standalone_exact_mw,aea10f45e3589e84a00777b800d38e8a3149bd6cb552c409f3bffd718c1a0abf,"{""distance"":5,""physical_error_rate"":5e-05}","{""detection_events"":213456,""detectors_checked"":1021640704}"
   1770496,         2,         0,   119.6,standalone_exact_mw,77d802c74222c3324b7f1323f7447c6411ad27be92307b6127e53af575faadca,"{""distance"":5,""physical_error_rate"":0.001}","{""detection_events"":1641637,""detectors_checked"":396591104,""obs_mistake_mask=E"":2}"
   3952640,         0,         0,   119.5,standalone_exact_mw,29ae76c7f86edcd2f56343e8109d8463cbc736644db4e57527101e2f1c3606c8,"{""distance"":5,""physical_error_rate"":0.0002}","{""detection_events"":737339,""detectors_checked"":885391360}"
   5410816,         0,         0,   119.4,standalone_exact_mw,aea10f45e3589e84a00777b800d38e8a3149bd6cb552c409f3bffd718c1a0abf,"{""distance"":5,""physical_error_rate"":5e-05}","{""detection_events"":251646,""detectors_checked"":1212022784}"
   3590144,         0,         0,   119.2,standalone_exact_mw,29ae76c7f86edcd2f56343e8109d8463cbc736644db4e57527101e2f1c3606c8,"{""distance"":5,""physical_error_rate"":0.0002}","{""detection_events"":668733,""detectors_checked"":804192256}"
   3881984,         0,         0,   119.3,standalone_exact_mw,29ae76c7f86edcd2f56343e8109d8463cbc736644db4e57527101e2f1c3606c8,"{""distance"":5,""physical_error_rate"":0.0002}","{""detection_events"":723984,""detectors_checked"":869564416}"
   2448384,         0,         0,   119.5,standalone_exact_mw,503ee55b5ad1b1988379a241a0405811522ee4d50b473755532ad1299cb121e2,"{""distance"":5,""physical_error_rate"":0.0005}","{""detection_events"":1138741,""detectors_checked"":548438016}"
   3486720,         0,         0,   119.1,standalone_exact_mw,cc9149276d16e61a5ac322a1d2048afebd34054fe0ed4879b77eb616628c1148,"{""distance"":5,""physical_error_rate"":0.0001}","{""detection_events"":327035,""detectors_checked"":781025280}"
   3020800,         1,         0,   119.4,standalone_exact_mw,503ee55b5ad1b1988379a241a0405811522ee4d50b473755532ad1299cb121e2,"{""distance"":5,""physical_error_rate"":0.0005}","{""detection_events"":1404210,""detectors_checked"":676659200,""obs_mistake_mask=E"":1}"
   1768448,         8,         0,   119.5,standalone_exact_mw,77d802c74222c3324b7f1323f7447c6411ad27be92307b6127e53af575faadca,"{""distance"":5,""physical_error_rate"":0.001}","{""detection_events"":1641127,""detectors_checked"":396132352,""obs_mistake_mask=E"":8}"
   1893376,         7,         0,   119.3,standalone_exact_mw,77d802c74222c3324b7f1323f7447c6411ad27be92307b6127e53af575faadca,"{""distance"":5,""physical_error_rate"":0.001}","{""detection_events"":1758297,""detectors_checked"":424116224,""obs_mistake_mask=E"":7}"
   4362240,         0,         0,   119.5,standalone_exact_mw,cc9149276d16e61a5ac322a1d2048afebd34054fe0ed4879b77eb616628c1148,"{""distance"":5,""physical_error_rate"":0.0001}","{""detection_events"":407023,""detectors_checked"":977141760}"
   3217408,         0,         0,   119.5,standalone_exact_mw,29ae76c7f86edcd2f56343e8109d8463cbc736644db4e57527101e2f1c3606c8,"{""distance"":5,""physical_error_rate"":0.0002}","{""detection_events"":600282,""detectors_checked"":720699392}"
   3495936,         0,         0,   118.9,standalone_exact_mw,aea10f45e3589e84a00777b800d38e8a3149bd6cb552c409f3bffd718c1a0abf,"{""distance"":5,""physical_error_rate"":5e-05}","{""detection_events"":163431,""detectors_checked"":783089664}"
   2473984,         0,         0,   119.2,standalone_exact_mw,503ee55b5ad1b1988379a241a0405811522ee4d50b473755532ad1299cb121e2,"{""distance"":5,""physical_error_rate"":0.0005}","{""detection_events"":1152880,""detectors_checked"":554172416}"
   1730560,         9,         0,   119.5,standalone_exact_mw,77d802c74222c3324b7f1323f7447c6411ad27be92307b6127e53af575faadca,"{""distance"":5,""physical_error_rate"":0.001}","{""detection_events"":1604327,""detectors_checked"":387645440,""obs_mistake_mask=E"":9}"
   3452928,         0,         0,   119.0,standalone_exact_mw,cc9149276d16e61a5ac322a1d2048afebd34054fe0ed4879b77eb616628c1148,"{""distance"":5,""physical_error_rate"":0.0001}","{""detection_events"":322626,""detectors_checked"":773455872}"
   3068928,         0,         0,   119.0,standalone_exact_mw,29ae76c7f86edcd2f56343e8109d8463cbc736644db4e57527101e2f1c3606c8,"{""distance"":5,""physical_error_rate"":0.0002}","{""detection_events"":570546,""detectors_checked"":687439872}"
   4561920,         0,         0,   119.3,standalone_exact_mw,aea10f45e3589e84a00777b800d38e8a3149bd6cb552c409f3bffd718c1a0abf,"{""distance"":5,""physical_error_rate"":5e-05}","{""detection_events"":212801,""detectors_checked"":1021870080}"
   1826816,         7,         0,   119.6,standalone_exact_mw,77d802c74222c3324b7f1323f7447c6411ad27be92307b6127e53af575faadca,"{""distance"":5,""physical_error_rate"":0.001}","{""detection_events"":1697144,""detectors_checked"":409206784,""obs_mistake_mask=E"":7}"
   2473984,         1,         0,   119.4,standalone_exact_mw,503ee55b5ad1b1988379a241a0405811522ee4d50b473755532ad1299cb121e2,"{""distance"":5,""physical_error_rate"":0.0005}","{""detection_events"":1151406,""detectors_checked"":554172416,""obs_mistake_mask=E"":1}"
   4225024,         0,         0,   119.4,standalone_exact_mw,29ae76c7f86edcd2f56343e8109d8463cbc736644db4e57527101e2f1c3606c8,"{""distance"":5,""physical_error_rate"":0.0002}","{""detection_events"":787473,""detectors_checked"":946405376}"
   3375104,         0,         0,   119.0,standalone_exact_mw,aea10f45e3589e84a00777b800d38e8a3149bd6cb552c409f3bffd718c1a0abf,"{""distance"":5,""physical_error_rate"":5e-05}","{""detection_events"":158300,""detectors_checked"":756023296}"
   3708928,         0,         0,   119.2,standalone_exact_mw,cc9149276d16e61a5ac322a1d2048afebd34054fe0ed4879b77eb616628c1148,"{""distance"":5,""physical_error_rate"":0.0001}","{""detection_events"":345888,""detectors_checked"":830799872}"
   2406400,         0,         0,   119.5,standalone_exact_mw,503ee55b5ad1b1988379a241a0405811522ee4d50b473755532ad1299cb121e2,"{""distance"":5,""physical_error_rate"":0.0005}","{""detection_events"":1118442,""detectors_checked"":539033600}"
   2144256,         4,         0,   119.5,standalone_exact_mw,77d802c74222c3324b7f1323f7447c6411ad27be92307b6127e53af575faadca,"{""distance"":5,""physical_error_rate"":0.001}","{""detection_events"":1989201,""detectors_checked"":480313344,""obs_mistake_mask=E"":4}"
   3477504,         0,         0,   119.2,standalone_exact_mw,cc9149276d16e61a5ac322a1d2048afebd34054fe0ed4879b77eb616628c1148,"{""distance"":5,""physical_error_rate"":0.0001}","{""detection_events"":324696,""detectors_checked"":778960896}"
   6078464,         0,         0,   119.3,standalone_exact_mw,aea10f45e3589e84a00777b800d38e8a3149bd6cb552c409f3bffd718c1a0abf,"{""distance"":5,""physical_error_rate"":5e-05}","{""detection_events"":282869,""detectors_checked"":1361575936}"
   3841024,         0,         0,   119.3,standalone_exact_mw,29ae76c7f86edcd2f56343e8109d8463cbc736644db4e57527101e2f1c3606c8,"{""distance"":5,""physical_error_rate"":0.0002}","{""detection_events"":715002,""detectors_checked"":860389376}"
   4110336,         0,         0,   119.3,standalone_exact_mw,cc9149276d16e61a5ac322a1d2048afebd34054fe0ed4879b77eb616628c1148,"{""distance"":5,""physical_error_rate"":0.0001}","{""detection_events"":383856,""detectors_checked"":920715264}"
   2667520,         1,         0,   119.3,standalone_exact_mw,503ee55b5ad1b1988379a241a0405811522ee4d50b473755532ad1299cb121e2,"{""distance"":5,""physical_error_rate"":0.0005}","{""detection_events"":1241016,""detectors_checked"":597524480,""obs_mistake_mask=E"":1}"
   2853888,         0,         0,   119.5,standalone_exact_mw,29ae76c7f86edcd2f56343e8109d8463cbc736644db4e57527101e2f1c3606c8,"{""distance"":5,""physical_error_rate"":0.0002}","{""detection_events"":532389,""detectors_checked"":639270912}"
   5425152,         0,         0,   119.4,standalone_exact_mw,aea10f45e3589e84a00777b800d38e8a3149bd6cb552c409f3bffd718c1a0abf,"{""distance"":5,""physical_error_rate"":5e-05}","{""detection_events"":254576,""detectors_checked"":1215234048}"
   3544064,         0,         0,   119.4,standalone_exact_mw,29ae76c7f86edcd2f56343e8109d8463cbc736644db4e57527101e2f1c3606c8,"{""distance"":5,""physical_error_rate"":0.0002}","{""detection_events"":662931,""detectors_checked"":793870336}"
   1709056,        10,         0,   119.6,standalone_exact_mw,77d802c74222c3324b7f1323f7447c6411ad27be92307b6127e53af575faadca,"{""distance"":5,""physical_error_rate"":0.001}","{""detection_events"":1588039,""detectors_checked"":382828544,""obs_mistake_mask=E"":10}"
   3654656,         0,         0,   119.0,standalone_exact_mw,aea10f45e3589e84a00777b800d38e8a3149bd6cb552c409f3bffd718c1a0abf,"{""distance"":5,""physical_error_rate"":5e-05}","{""detection_events"":169915,""detectors_checked"":818642944}"
   2419712,         3,         0,   119.3,standalone_exact_mw,503ee55b5ad1b1988379a241a0405811522ee4d50b473755532ad1299cb121e2,"{""distance"":5,""physical_error_rate"":0.0005}","{""detection_events"":1125956,""detectors_checked"":542015488,""obs_mistake_mask=E"":3}"
   2448384,         1,         0,   119.3,standalone_exact_mw,503ee55b5ad1b1988379a241a0405811522ee4d50b473755532ad1299cb121e2,"{""distance"":5,""physical_error_rate"":0.0005}","{""detection_events"":1138700,""detectors_checked"":548438016,""obs_mistake_mask=E"":1}"
   1761280,         5,         0,   119.3,standalone_exact_mw,77d802c74222c3324b7f1323f7447c6411ad27be92307b6127e53af575faadca,"{""distance"":5,""physical_error_rate"":0.001}","{""detection_events"":1634919,""detectors_checked"":394526720,""obs_mistake_mask=E"":5}"
   3646464,         0,         0,   118.9,standalone_exact_mw,aea10f45e3589e84a00777b800d38e8a3149bd6cb552c409f3bffd718c1a0abf,"{""distance"":5,""physical_error_rate"":5e-05}","{""detection_events"":169875,""detectors_checked"":816807936}"
   4633600,         0,         0,   119.6,standalone_exact_mw,cc9149276d16e61a5ac322a1d2048afebd34054fe0ed4879b77eb616628c1148,"{""distance"":5,""physical_error_rate"":0.0001}","{""detection_events"":431121,""detectors_checked"":1037926400}"
   1781760,        10,         0,   119.5,standalone_exact_mw,77d802c74222c3324b7f1323f7447c6411ad27be92307b6127e53af575faadca,"{""distance"":5,""physical_error_rate"":0.001}","{""detection_events"":1655146,""detectors_checked"":399114240,""obs_mistake_mask=E"":10}"
   5291008,         1,         0,   119.5,standalone_exact_mw,503ee55b5ad1b1988379a241a0405811522ee4d50b473755532ad1299cb121e2,"{""distance"":5,""physical_error_rate"":0.0005}","{""detection_events"":2464233,""detectors_checked"":1185185792,""obs_mistake_mask=E"":1}"
   4975616,         1,         0,   119.5,standalone_exact_mw,29ae76c7f86edcd2f56343e8109d8463cbc736644db4e57527101e2f1c3606c8,"{""distance"":5,""physical_error_rate"":0.0002}","{""detection_events"":928721,""detectors_checked"":1114537984,""obs_mistake_mask=E"":1}"
   5623808,         0,         0,   119.3,standalone_exact_mw,aea10f45e3589e84a00777b800d38e8a3149bd6cb552c409f3bffd718c1a0abf,"{""distance"":5,""physical_error_rate"":5e-05}","{""detection_events"":262788,""detectors_checked"":1259732992}"
   2552832,         6,         0,   119.7,standalone_exact_mw,77d802c74222c3324b7f1323f7447c6411ad27be92307b6127e53af575faadca,"{""distance"":5,""physical_error_rate"":0.001}","{""detection_events"":2368533,""detectors_checked"":571834368,""obs_mistake_mask=E"":6}"
   5719040,         0,         0,   119.4,standalone_exact_mw,cc9149276d16e61a5ac322a1d2048afebd34054fe0ed4879b77eb616628c1148,"{""distance"":5,""physical_error_rate"":0.0001}","{""detection_events"":534370,""detectors_checked"":1281064960}"
   4402176,         0,         0,   119.4,standalone_exact_mw,cc9149276d16e61a5ac322a1d2048afebd34054fe0ed4879b77eb616628c1148,"{""distance"":5,""physical_error_rate"":0.0001}","{""detection_events"":409948,""detectors_checked"":986087424}"
   3425280,         0,         0,   119.1,standalone_exact_mw,cc9149276d16e61a5ac322a1d2048afebd34054fe0ed4879b77eb616628c1148,"{""distance"":5,""physical_error_rate"":0.0001}","{""detection_events"":320247,""detectors_checked"":767262720}"
   3086336,         0,         0,   119.2,standalone_exact_mw,29ae76c7f86edcd2f56343e8109d8463cbc736644db4e57527101e2f1c3606c8,"{""distance"":5,""physical_error_rate"":0.0002}","{""detection_events"":578036,""detectors_checked"":691339264}"
   3464192,         0,         0,   119.2,standalone_exact_mw,cc9149276d16e61a5ac322a1d2048afebd34054fe0ed4879b77eb616628c1148,"{""distance"":5,""physical_error_rate"":0.0001}","{""detection_events"":322126,""detectors_checked"":775979008}"
   2415616,         3,         0,   119.4,standalone_exact_mw,503ee55b5ad1b1988379a241a0405811522ee4d50b473755532ad1299cb121e2,"{""distance"":5,""physical_error_rate"":0.0005}","{""detection_events"":1126138,""detectors_checked"":541097984,""obs_mistake_mask=E"":3}"
   2361344,         1,         0,   119.5,standalone_exact_mw,503ee55b5ad1b1988379a241a0405811522ee4d50b473755532ad1299cb121e2,"{""distance"":5,""physical_error_rate"":0.0005}","{""detection_events"":1097736,""detectors_checked"":528941056,""obs_mistake_mask=E"":1}"
   3899392,         0,         0,   119.1,standalone_exact_mw,aea10f45e3589e84a00777b800d38e8a3149bd6cb552c409f3bffd718c1a0abf,"{""distance"":5,""physical_error_rate"":5e-05}","{""detection_events"":181952,""detectors_checked"":873463808}"
   2375680,         0,         0,   119.4,standalone_exact_mw,503ee55b5ad1b1988379a241a0405811522ee4d50b473755532ad1299cb121e2,"{""distance"":5,""physical_error_rate"":0.0005}","{""detection_events"":1104320,""detectors_checked"":532152320}"
   3939328,         0,         0,   119.3,standalone_exact_mw,aea10f45e3589e84a00777b800d38e8a3149bd6cb552c409f3bffd718c1a0abf,"{""distance"":5,""physical_error_rate"":5e-05}","{""detection_events"":183635,""detectors_checked"":882409472}"
   3703808,         0,         0,   118.9,standalone_exact_mw,aea10f45e3589e84a00777b800d38e8a3149bd6cb552c409f3bffd718c1a0abf,"{""distance"":5,""physical_error_rate"":5e-05}","{""detection_events"":172675,""detectors_checked"":829652992}"
   1658880,         4,         0,   119.5,standalone_exact_mw,77d802c74222c3324b7f1323f7447c6411ad27be92307b6127e53af575faadca,"{""distance"":5,""physical_error_rate"":0.001}","{""detection_events"":1538897,""detectors_checked"":371589120,""obs_mistake_mask=E"":4}"
   1659904,         6,         0,   119.7,standalone_exact_mw,77d802c74222c3324b7f1323f7447c6411ad27be92307b6127e53af575faadca,"{""distance"":5,""physical_error_rate"":0.001}","{""detection_events"":1542353,""detectors_checked"":371818496,""obs_mistake_mask=E"":6}"
   2639872,         4,         0,   119.2,standalone_exact_mw,503ee55b5ad1b1988379a241a0405811522ee4d50b473755532ad1299cb121e2,"{""distance"":5,""physical_error_rate"":0.0005}","{""detection_events"":1225773,""detectors_checked"":591331328,""obs_mistake_mask=E"":4}"
   3160064,         0,         0,   119.0,standalone_exact_mw,cc9149276d16e61a5ac322a1d2048afebd34054fe0ed4879b77eb616628c1148,"{""distance"":5,""physical_error_rate"":0.0001}","{""detection_events"":292453,""detectors_checked"":707854336}"
   3525632,         0,         0,   119.3,standalone_exact_mw,29ae76c7f86edcd2f56343e8109d8463cbc736644db4e57527101e2f1c3606c8,"{""distance"":5,""physical_error_rate"":0.0002}","{""detection_events"":657406,""detectors_checked"":789741568}"
   1583104,         4,         0,   119.4,standalone_exact_mw,77d802c74222c3324b7f1323f7447c6411ad27be92307b6127e53af575faadca,"{""distance"":5,""physical_error_rate"":0.001}","{""detection_events"":1466827,""detectors_checked"":354615296,""obs_mistake_mask=E"":4}"
   3082240,         0,         0,   119.2,standalone_exact_mw,29ae76c7f86edcd2f56343e8109d8463cbc736644db4e57527101e2f1c3606c8,"{""distance"":5,""physical_error_rate"":0.0002}","{""detection_events"":574112,""detectors_checked"":690421760}"
   4255744,         0,         0,   119.3,standalone_exact_mw,aea10f45e3589e84a00777b800d38e8a3149bd6cb552c409f3bffd718c1a0abf,"{""distance"":5,""physical_error_rate"":5e-05}","{""detection_events"":198074,""detectors_checked"":953286656}"
   1671168,         6,         0,   119.4,standalone_exact_mw,77d802c74222c3324b7f1323f7447c6411ad27be92307b6127e53af575faadca,"{""distance"":5,""physical_error_rate"":0.001}","{""detection_events"":1550332,""detectors_checked"":374341632,""obs_mistake_mask=E"":6}"
   3767296,         0,         0,   119.4,standalone_exact_mw,29ae76c7f86edcd2f56343e8109d8463cbc736644db4e57527101e2f1c3606c8,"{""distance"":5,""physical_error_rate"":0.0002}","{""detection_events"":702739,""detectors_checked"":843874304}"
   5620736,         0,         0,   119.3,standalone_exact_mw,aea10f45e3589e84a00777b800d38e8a3149bd6cb552c409f3bffd718c1a0abf,"{""distance"":5,""physical_error_rate"":5e-05}","{""detection_events"":261418,""detectors_checked"":1259044864}"
   3111936,         2,         0,   119.2,standalone_exact_mw,29ae76c7f86edcd2f56343e8109d8463cbc736644db4e57527101e2f1c3606c8,"{""distance"":5,""physical_error_rate"":0.0002}","{""detection_events"":580865,""detectors_checked"":697073664,""obs_mistake_mask=E"":2}"
   3367936,         0,         0,   119.3,standalone_exact_mw,29ae76c7f86edcd2f56343e8109d8463cbc736644db4e57527101e2f1c3606c8,"{""distance"":5,""physical_error_rate"":0.0002}","{""detection_events"":625499,""detectors_checked"":754417664}"
   2808832,         1,         0,   119.4,standalone_exact_mw,503ee55b5ad1b1988379a241a0405811522ee4d50b473755532ad1299cb121e2,"{""distance"":5,""physical_error_rate"":0.0005}","{""detection_events"":1302044,""detectors_checked"":629178368,""obs_mistake_mask=E"":1}"
   3294208,         0,         0,   119.1,standalone_exact_mw,cc9149276d16e61a5ac322a1d2048afebd34054fe0ed4879b77eb616628c1148,"{""distance"":5,""physical_error_rate"":0.0001}","{""detection_events"":306113,""detectors_checked"":737902592}"
   3018752,         1,         0,   119.5,standalone_exact_mw,503ee55b5ad1b1988379a241a0405811522ee4d50b473755532ad1299cb121e2,"{""distance"":5,""physical_error_rate"":0.0005}","{""detection_events"":1401559,""detectors_checked"":676200448,""obs_mistake_mask=E"":1}"
   1674240,         4,         0,   119.6,standalone_exact_mw,77d802c74222c3324b7f1323f7447c6411ad27be92307b6127e53af575faadca,"{""distance"":5,""physical_error_rate"":0.001}","{""detection_events"":1550042,""detectors_checked"":375029760,""obs_mistake_mask=E"":4}"
   1787904,         4,         0,   119.6,standalone_exact_mw,77d802c74222c3324b7f1323f7447c6411ad27be92307b6127e53af575faadca,"{""distance"":5,""physical_error_rate"":0.001}","{""detection_events"":1657422,""detectors_checked"":400490496,""obs_mistake_mask=E"":4}"
   4244480,         0,         0,   119.4,standalone_exact_mw,cc9149276d16e61a5ac322a1d2048afebd34054fe0ed4879b77eb616628c1148,"{""distance"":5,""physical_error_rate"":0.0001}","{""detection_events"":395764,""detectors_checked"":950763520}"
   3873792,         0,         0,   119.4,standalone_exact_mw,29ae76c7f86edcd2f56343e8109d8463cbc736644db4e57527101e2f1c3606c8,"{""distance"":5,""physical_error_rate"":0.0002}","{""detection_events"":721863,""detectors_checked"":867729408}"
   3725312,         0,         0,   119.3,standalone_exact_mw,aea10f45e3589e84a00777b800d38e8a3149bd6cb552c409f3bffd718c1a0abf,"{""distance"":5,""physical_error_rate"":5e-05}","{""detection_events"":172776,""detectors_checked"":834469888}"
   2458624,         3,         0,   119.5,standalone_exact_mw,503ee55b5ad1b1988379a241a0405811522ee4d50b473755532ad1299cb121e2,"{""distance"":5,""physical_error_rate"":0.0005}","{""detection_events"":1144206,""detectors_checked"":550731776,""obs_mistake_mask=E"":3}"
   1701888,         6,         0,   119.5,standalone_exact_mw,77d802c74222c3324b7f1323f7447c6411ad27be92307b6127e53af575faadca,"{""distance"":5,""physical_error_rate"":0.001}","{""detection_events"":1584547,""detectors_checked"":381222912,""obs_mistake_mask=E"":6}"
   3432448,         0,         0,   119.1,standalone_exact_mw,cc9149276d16e61a5ac322a1d2048afebd34054fe0ed4879b77eb616628c1148,"{""distance"":5,""physical_error_rate"":0.0001}","{""detection_events"":322964,""detectors_checked"":768868352}"
   3521536,         0,         0,   119.3,standalone_exact_mw,29ae76c7f86edcd2f56343e8109d8463cbc736644db4e57527101e2f1c3606c8,"{""distance"":5,""physical_error_rate"":0.0002}","{""detection_events"":657521,""detectors_checked"":788824064}"
   4325376,         0,         0,   119.5,standalone_exact_mw,aea10f45e3589e84a00777b800d38e8a3149bd6cb552c409f3bffd718c1a0abf,"{""distance"":5,""physical_error_rate"":5e-05}","{""detection_events"":201169,""detectors_checked"":968884224}"
   1777664,         7,         0,   119.5,standalone_exact_mw,77d802c74222c3324b7f1323f7447c6411ad27be92307b6127e53af575faadca,"{""distance"":5,""physical_error_rate"":0.001}","{""detection_events"":1649095,""detectors_checked"":398196736,""obs_mistake_mask=E"":7}"
   2425856,         4,         0,   119.6,standalone_exact_mw,503ee55b5ad1b1988379a241a0405811522ee4d50b473755532ad1299cb121e2,"{""distance"":5,""physical_error_rate"":0.0005}","{""detection_events"":1128537,""detectors_checked"":543391744,""obs_mistake_mask=E"":4}"
   5250048,         1,         0,   119.5,standalone_exact_mw,29ae76c7f86edcd2f56343e8109d8463cbc736644db4e57527101e2f1c3606c8,"{""distance"":5,""physical_error_rate"":0.0002}","{""detection_events"":981112,""detectors_checked"":1176010752,""obs_mistake_mask=E"":1}"
   3803136,         0,         0,   119.1,standalone_exact_mw,aea10f45e3589e84a00777b800d38e8a3149bd6cb552c409f3bffd718c1a0abf,"{""distance"":5,""physical_error_rate"":5e-05}","{""detection_events"":177256,""detectors_checked"":851902464}"
   3449856,         0,         0,   119.2,standalone_exact_mw,cc9149276d16e61a5ac322a1d2048afebd34054fe0ed4879b77eb616628c1148,"{""distance"":5,""physical_error_rate"":0.0001}","{""detection_events"":323006,""detectors_checked"":772767744}"
   2993152,         2,         0,   119.2,standalone_exact_mw,503ee55b5ad1b1988379a241a0405811522ee4d50b473755532ad1299cb121e2,"{""distance"":5,""physical_error_rate"":0.0005}","{""detection_events"":1391520,""detectors_checked"":670466048,""obs_mistake_mask=E"":2}"
   2254848,        10,         0,   119.6,standalone_exact_mw,77d802c74222c3324b7f1323f7447c6411ad27be92307b6127e53af575faadca,"{""distance"":5,""physical_error_rate"":0.001}","{""detection_events"":2094058,""detectors_checked"":505085952,""obs_mistake_mask=E"":10}"
   3446784,         0,         0,   119.2,standalone_exact_mw,cc9149276d16e61a5ac322a1d2048afebd34054fe0ed4879b77eb616628c1148,"{""distance"":5,""physical_error_rate"":0.0001}","{""detection_events"":321488,""detectors_checked"":772079616}"
   5869568,         0,         0,   119.3,standalone_exact_mw,aea10f45e3589e84a00777b800d38e8a3149bd6cb552c409f3bffd718c1a0abf,"{""distance"":5,""physical_error_rate"":5e-05}","{""detection_events"":272434,""detectors_checked"":1314783232}"
   3432448,         0,         0,   119.3,standalone_exact_mw,29ae76c7f86edcd2f56343e8109d8463cbc736644db4e57527101e2f1c3606c8,"{""distance"":5,""physical_error_rate"":0.0002}","{""detection_events"":638072,""detectors_checked"":768868352}"
   3753984,         0,         0,   119.2,standalone_exact_mw,cc9149276d16e61a5ac322a1d2048afebd34054fe0ed4879b77eb616628c1148,"{""distance"":5,""physical_error_rate"":0.0001}","{""detection_events"":350100,""detectors_checked"":840892416}"
   2257920,         1,         0,   119.4,standalone_exact_mw,503ee55b5ad1b1988379a241a0405811522ee4d50b473755532ad1299cb121e2,"{""distance"":5,""physical_error_rate"":0.0005}","{""detection_events"":1051287,""detectors_checked"":505774080,""obs_mistake_mask=E"":1}"
   3681280,         0,         0,   119.4,standalone_exact_mw,29ae76c7f86edcd2f56343e8109d8463cbc736644db4e57527101e2f1c3606c8,"{""distance"":5,""physical_error_rate"":0.0002}","{""detection_events"":685903,""detectors_checked"":824606720}"
   5187584,         0,         0,   119.4,standalone_exact_mw,aea10f45e3589e84a00777b800d38e8a3149bd6cb552c409f3bffd718c1a0abf,"{""distance"":5,""physical_error_rate"":5e-05}","{""detection_events"":241854,""detectors_checked"":1162018816}"
   3550208,         0,         0,   119.4,standalone_exact_mw,29ae76c7f86edcd2f56343e8109d8463cbc736644db4e57527101e2f1c3606c8,"{""distance"":5,""physical_error_rate"":0.0002}","{""detection_events"":662391,""detectors_checked"":795246592}"
   2121728,         6,         0,   119.5,standalone_exact_mw,77d802c74222c3324b7f1323f7447c6411ad27be92307b6127e53af575faadca,"{""distance"":5,""physical_error_rate"":0.001}","{""detection_events"":1969881,""detectors_checked"":475267072,""obs_mistake_mask=E"":6}"
   3573760,         0,         0,   119.2,standalone_exact_mw,aea10f45e3589e84a00777b800d38e8a3149bd6cb552c409f3bffd718c1a0abf,"{""distance"":5,""physical_error_rate"":5e-05}","{""detection_events"":167380,""detectors_checked"":800522240}"
   2383872,         1,         0,   119.3,standalone_exact_mw,503ee55b5ad1b1988379a241a0405811522ee4d50b473755532ad1299cb121e2,"{""distance"":5,""physical_error_rate"":0.0005}","{""detection_events"":1107973,""detectors_checked"":533987328,""obs_mistake_mask=E"":1}"
   2448384,         1,         0,   119.4,standalone_exact_mw,503ee55b5ad1b1988379a241a0405811522ee4d50b473755532ad1299cb121e2,"{""distance"":5,""physical_error_rate"":0.0005}","{""detection_events"":1137697,""detectors_checked"":548438016,""obs_mistake_mask=E"":1}"
   1860608,         3,         0,   119.6,standalone_exact_mw,77d802c74222c3324b7f1323f7447c6411ad27be92307b6127e53af575faadca,"{""distance"":5,""physical_error_rate"":0.001}","{""detection_events"":1726991,""detectors_checked"":416776192,""obs_mistake_mask=E"":3}"
   3530752,         0,         0,   119.2,standalone_exact_mw,aea10f45e3589e84a00777b800d38e8a3149bd6cb552c409f3bffd718c1a0abf,"{""distance"":5,""physical_error_rate"":5e-05}","{""detection_events"":163359,""detectors_checked"":790888448}"
   4251648,         0,         0,   119.4,standalone_exact_mw,cc9149276d16e61a5ac322a1d2048afebd34054fe0ed4879b77eb616628c1148,"{""distance"":5,""physical_error_rate"":0.0001}","{""detection_events"":396376,""detectors_checked"":952369152}"
   1818624,         4,         0,   119.6,standalone_exact_mw,77d802c74222c3324b7f1323f7447c6411ad27be92307b6127e53af575faadca,"{""distance"":5,""physical_error_rate"":0.001}","{""detection_events"":1689241,""detectors_checked"":407371776,""obs_mistake_mask=E"":4}"
   5228544,         5,         0,   119.6,standalone_exact_mw,503ee55b5ad1b1988379a241a0405811522ee4d50b473755532ad1299cb121e2,"{""distance"":5,""physical_error_rate"":0.0005}","{""detection_events"":2434185,""detectors_checked"":1171193856,""obs_mistake_mask=E"":5}"
   4823040,         0,         0,   119.4,standalone_exact_mw,29ae76c7f86edcd2f56343e8109d8463cbc736644db4e57527101e2f1c3606c8,"{""distance"":5,""physical_error_rate"":0.0002}","{""detection_events"":898420,""detectors_checked"":1080360960}"
   5636096,         0,         0,   119.2,standalone_exact_mw,aea10f45e3589e84a00777b800d38e8a3149bd6cb552c409f3bffd718c1a0abf,"{""distance"":5,""physical_error_rate"":5e-05}","{""detection_events"":263595,""detectors_checked"":1262485504}"
   2670592,         6,         0,   119.6,standalone_exact_mw,77d802c74222c3324b7f1323f7447c6411ad27be92307b6127e53af575faadca,"{""distance"":5,""physical_error_rate"":0.001}","{""detection_events"":2476307,""detectors_checked"":598212608,""obs_mistake_mask=E"":6}"
   5445632,         0,         0,   119.5,standalone_exact_mw,cc9149276d16e61a5ac322a1d2048afebd34054fe0ed4879b77eb616628c1148,"{""distance"":5,""physical_error_rate"":0.0001}","{""detection_events"":507746,""detectors_checked"":1219821568}"
   4499456,         0,         0,   119.3,standalone_exact_mw,cc9149276d16e61a5ac322a1d2048afebd34054fe0ed4879b77eb616628c1148,"{""distance"":5,""physical_error_rate"":0.0001}","{""detection_events"":420269,""detectors_checked"":1007878144}"
   3394560,         0,         0,   119.2,standalone_exact_mw,cc9149276d16e61a5ac322a1d2048afebd34054fe0ed4879b77eb616628c1148,"{""distance"":5,""physical_error_rate"":0.0001}","{""detection_events"":317136,""detectors_checked"":760381440}"
   3440640,         0,         0,   119.2,standalone_exact_mw,cc9149276d16e61a5ac322a1d2048afebd34054fe0ed4879b77eb616628c1148,"{""distance"":5,""physical_error_rate"":0.0001}","{""detection_events"":320704,""detectors_checked"":770703360}"
   3551232,         0,         0,   119.3,standalone_exact_mw,29ae76c7f86edcd2f56343e8109d8463cbc736644db4e57527101e2f1c3606c8,"{""distance"":5,""physical_error_rate"":0.0002}","{""detection_events"":662056,""detectors_checked"":795475968}"
   2395136,         0,         0,   119.4,standalone_exact_mw,503ee55b5ad1b1988379a241a0405811522ee4d50b473755532ad1299cb121e2,"{""distance"":5,""physical_error_rate"":0.0005}","{""detection_events"":1112373,""detectors_checked"":536510464}"
   2315264,         0,         0,   119.5,standalone_exact_mw,503ee55b5ad1b1988379a241a0405811522ee4d50b473755532ad1299cb121e2,"{""distance"":5,""physical_error_rate"":0.0005}","{""detection_events"":1080085,""detectors_checked"":518619136}"
   3631104,         0,         0,   119.1,standalone_exact_mw,aea10f45e3589e84a00777b800d38e8a3149bd6cb552c409f3bffd718c1a0abf,"{""distance"":5,""physical_error_rate"":5e-05}","{""detection_events"":169895,""detectors_checked"":813367296}"
   3066880,         1,         0,   119.6,standalone_exact_mw,503ee55b5ad1b1988379a241a0405811522ee4d50b473755532ad1299cb121e2,"{""distance"":5,""physical_error_rate"":0.0005}","{""detection_events"":1426221,""detectors_checked"":686981120,""obs_mistake_mask=E"":1}"
   4083712,         0,         0,   119.2,standalone_exact_mw,aea10f45e3589e84a00777b800d38e8a3149bd6cb552c409f3bffd718c1a0abf,"{""distance"":5,""physical_error_rate"":5e-05}","{""detection_events"":189571,""detectors_checked"":914751488}"
   3694592,         0,         0,   119.0,standalone_exact_mw,aea10f45e3589e84a00777b800d38e8a3149bd6cb552c409f3bffd718c1a0abf,"{""distance"":5,""physical_error_rate"":5e-05}","{""detection_events"":173004,""detectors_checked"":827588608}"
   1629184,         6,         0,   119.5,standalone_exact_mw,77d802c74222c3324b7f1323f7447c6411ad27be92307b6127e53af575faadca,"{""distance"":5,""physical_error_rate"":0.001}","{""detection_events"":1514415,""detectors_checked"":364937216,""obs_mistake_mask=E"":6}"
   2149376,         7,         0,   119.6,standalone_exact_mw,77d802c74222c3324b7f1323f7447c6411ad27be92307b6127e53af575faadca,"{""distance"":5,""physical_error_rate"":0.001}","{""detection_events"":1991005,""detectors_checked"":481460224,""obs_mistake_mask=E"":7}"
   2892800,         1,         0,   119.4,standalone_exact_mw,503ee55b5ad1b1988379a241a0405811522ee4d50b473755532ad1299cb121e2,"{""distance"":5,""physical_error_rate"":0.0005}","{""detection_events"":1347160,""detectors_checked"":647987200,""obs_mistake_mask=E"":1}"
   3197952,         0,         0,   119.1,standalone_exact_mw,cc9149276d16e61a5ac322a1d2048afebd34054fe0ed4879b77eb616628c1148,"{""distance"":5,""physical_error_rate"":0.0001}","{""detection_events"":297555,""detectors_checked"":716341248}"
   2857984,         0,         0,   119.4,standalone_exact_mw,29ae76c7f86edcd2f56343e8109d8463cbc736644db4e57527101e2f1c3606c8,"{""distance"":5,""physical_error_rate"":0.0002}","{""detection_events"":530810,""detectors_checked"":640188416}"
   1681408,         6,         0,   119.6,standalone_exact_mw,77d802c74222c3324b7f1323f7447c6411ad27be92307b6127e53af575faadca,"{""distance"":5,""physical_error_rate"":0.001}","{""detection_events"":1559222,""detectors_checked"":376635392,""obs_mistake_mask=E"":6}"
   3047424,         0,         0,   119.2,standalone_exact_mw,29ae76c7f86edcd2f56343e8109d8463cbc736644db4e57527101e2f1c3606c8,"{""distance"":5,""physical_error_rate"":0.0002}","{""detection_events"":568031,""detectors_checked"":682622976}"
   4279296,         0,         0,   119.2,standalone_exact_mw,aea10f45e3589e84a00777b800d38e8a3149bd6cb552c409f3bffd718c1a0abf,"{""distance"":5,""physical_error_rate"":5e-05}","{""detection_events"":200020,""detectors_checked"":958562304}"
   1826816,         9,         0,   119.5,standalone_exact_mw,77d802c74222c3324b7f1323f7447c6411ad27be92307b6127e53af575faadca,"{""distance"":5,""physical_error_rate"":0.001}","{""detection_events"":1693562,""detectors_checked"":409206784,""obs_mistake_mask=E"":9}"
   3227648,         0,         0,   119.3,standalone_exact_mw,29ae76c7f86edcd2f56343e8109d8463cbc736644db4e57527101e2f1c3606c8,"{""distance"":5,""physical_error_rate"":0.0002}","{""detection_events"":601435,""detectors_checked"":722993152}"
   4979712,         0,         0,   119.3,standalone_exact_mw,aea10f45e3589e84a00777b800d38e8a3149bd6cb552c409f3bffd718c1a0abf,"{""distance"":5,""physical_error_rate"":5e-05}","{""detection_events"":231776,""detectors_checked"":1115455488}"
   3580928,         0,         0,   119.4,standalone_exact_mw,29ae76c7f86edcd2f56343e8109d8463cbc736644db4e57527101e2f1c3606c8,"{""distance"":5,""physical_error_rate"":0.0002}","{""detection_events"":666907,""detectors_checked"":802127872}"
   3415040,         0,         0,   119.3,standalone_exact_mw,29ae76c7f86edcd2f56343e8109d8463cbc736644db4e57527101e2f1c3606c8,"{""distance"":5,""physical_error_rate"":0.0002}","{""detection_events"":633815,""detectors_checked"":764968960}"
   2248704,         2,         0,   119.3,standalone_exact_mw,503ee55b5ad1b1988379a241a0405811522ee4d50b473755532ad1299cb121e2,"{""distance"":5,""physical_error_rate"":0.0005}","{""detection_events"":1042342,""detectors_checked"":503709696,""obs_mistake_mask=E"":2}"
   3292160,         0,         0,   119.4,standalone_exact_mw,cc9149276d16e61a5ac322a1d2048afebd34054fe0ed4879b77eb616628c1148,"{""distance"":5,""physical_error_rate"":0.0001}","{""detection_events"":306313,""detectors_checked"":737443840}"
   2781184,         1,         0,   119.5,standalone_exact_mw,503ee55b5ad1b1988379a241a0405811522ee4d50b473755532ad1299cb121e2,"{""distance"":5,""physical_error_rate"":0.0005}","{""detection_events"":1295931,""detectors_checked"":622985216,""obs_mistake_mask=E"":1}"
   1602560,         3,         0,   119.4,standalone_exact_mw,77d802c74222c3324b7f1323f7447c6411ad27be92307b6127e53af575faadca,"{""distance"":5,""physical_error_rate"":0.001}","{""detection_events"":1484813,""detectors_checked"":358973440,""obs_mistake_mask=E"":3}"
   1648640,         5,         0,   119.4,standalone_exact_mw,77d802c74222c3324b7f1323f7447c6411ad27be92307b6127e53af575faadca,"{""distance"":5,""physical_error_rate"":0.001}","{""detection_events"":1524255,""detectors_checked"":369295360,""obs_mistake_mask=E"":5}"
   4389888,         0,         0,   119.4,standalone_exact_mw,cc9149276d16e61a5ac322a1d2048afebd34054fe0ed4879b77eb616628c1148,"{""distance"":5,""physical_error_rate"":0.0001}","{""detection_events"":409260,""detectors_checked"":983334912}"
   2990080,         0,         0,   119.3,standalone_exact_mw,29ae76c7f86edcd2f56343e8109d8463cbc736644db4e57527101e2f1c3606c8,"{""distance"":5,""physical_error_rate"":0.0002}","{""detection_events"":556808,""detectors_checked"":669777920}"
   4443136,         0,         0,   119.3,standalone_exact_mw,aea10f45e3589e84a00777b800d38e8a3149bd6cb552c409f3bffd718c1a0abf,"{""distance"":5,""physical_error_rate"":5e-05}","{""detection_events"":207099,""detectors_checked"":995262464}"
   2457600,         2,         0,   119.5,standalone_exact_mw,503ee55b5ad1b1988379a241a0405811522ee4d50b473755532ad1299cb121e2,"{""distance"":5,""physical_error_rate"":0.0005}","{""detection_events"":1143038,""detectors_checked"":550502400,""obs_mistake_mask=E"":2}"
   1651712,         5,         0,   119.4,standalone_exact_mw,77d802c74222c3324b7f1323f7447c6411ad27be92307b6127e53af575faadca,"{""distance"":5,""physical_error_rate"":0.001}","{""detection_events"":1530831,""detectors_checked"":369983488,""obs_mistake_mask=E"":5}"
   3249152,         0,         0,   119.3,standalone_exact_mw,cc9149276d16e61a5ac322a1d2048afebd34054fe0ed4879b77eb616628c1148,"{""distance"":5,""physical_error_rate"":0.0001}","{""detection_events"":303970,""detectors_checked"":727810048}"
   3490816,         0,         0,   119.3,standalone_exact_mw,29ae76c7f86edcd2f56343e8109d8463cbc736644db4e57527101e2f1c3606c8,"{""distance"":5,""physical_error_rate"":0.0002}","{""detection_events"":650670,""detectors_checked"":781942784}"
   4034560,         0,         0,   119.1,standalone_exact_mw,aea10f45e3589e84a00777b800d38e8a3149bd6cb552c409f3bffd718c1a0abf,"{""distance"":5,""physical_error_rate"":5e-05}","{""detection_events"":188548,""detectors_checked"":903741440}"
   1755136,         6,         0,   119.6,standalone_exact_mw,77d802c74222c3324b7f1323f7447c6411ad27be92307b6127e53af575faadca,"{""distance"":5,""physical_error_rate"":0.001}","{""detection_events"":1625707,""detectors_checked"":393150464,""obs_mistake_mask=E"":6}"
   2384896,         0,         0,   119.4,standalone_exact_mw,503ee55b5ad1b1988379a241a0405811522ee4d50b473755532ad1299cb121e2,"{""distance"":5,""physical_error_rate"":0.0005}","{""detection_events"":1108849,""detectors_checked"":534216704}"
   4805632,         0,         0,   119.4,standalone_exact_mw,29ae76c7f86edcd2f56343e8109d8463cbc736644db4e57527101e2f1c3606c8,"{""distance"":5,""physical_error_rate"":0.0002}","{""detection_events"":892607,""detectors_checked"":1076461568}"
   3000320,         0,         0,   119.2,standalone_exact_mw,aea10f45e3589e84a00777b800d38e8a3149bd6cb552c409f3bffd718c1a0abf,"{""distance"":5,""physical_error_rate"":5e-05}","{""detection_events"":140207,""detectors_checked"":672071680}"
   3458048,         0,         0,   119.2,standalone_exact_mw,cc9149276d16e61a5ac322a1d2048afebd34054fe0ed4879b77eb616628c1148,"{""distance"":5,""physical_error_rate"":0.0001}","{""detection_events"":323443,""detectors_checked"":774602752}"
   3486720,         1,         0,   119.6,standalone_exact_mw,503ee55b5ad1b1988379a241a0405811522ee4d50b473755532ad1299cb121e2,"{""distance"":5,""physical_error_rate"":0.0005}","{""detection_events"":1620633,""detectors_checked"":781025280,""obs_mistake_mask=E"":1}"
   1781760,         3,         0,   119.6,standalone_exact_mw,77d802c74222c3324b7f1323f7447c6411ad27be92307b6127e53af575faadca,"{""distance"":5,""physical_error_rate"":0.001}","{""detection_events"":1649926,""detectors_checked"":399114240,""obs_mistake_mask=E"":3}"
   3480576,         0,         0,   119.3,standalone_exact_mw,cc9149276d16e61a5ac322a1d2048afebd34054fe0ed4879b77eb616628c1148,"{""distance"":5,""physical_error_rate"":0.0001}","{""detection_events"":323532,""detectors_checked"":779649024}"
   4598784,         0,         0,   119.3,standalone_exact_mw,aea10f45e3589e84a00777b800d38e8a3149bd6cb552c409f3bffd718c1a0abf,"{""distance"":5,""physical_error_rate"":5e-05}","{""detection_events"":213303,""detectors_checked"":1030127616}"
   3155968,         0,         0,   119.5,standalone_exact_mw,29ae76c7f86edcd2f56343e8109d8463cbc736644db4e57527101e2f1c3606c8,"{""distance"":5,""physical_error_rate"":0.0002}","{""detection_events"":587822,""detectors_checked"":706936832}"
   4132864,         0,         0,   119.5,standalone_exact_mw,cc9149276d16e61a5ac322a1d2048afebd34054fe0ed4879b77eb616628c1148,"{""distance"":5,""physical_error_rate"":0.0001}","{""detection_events"":384895,""detectors_checked"":925761536}"
   2633728,         4,         0,   119.4,standalone_exact_mw,503ee55b5ad1b1988379a241a0405811522ee4d50b473755532ad1299cb121e2,"{""distance"":5,""physical_error_rate"":0.0005}","{""detection_events"":1225759,""detectors_checked"":589955072,""obs_mistake_mask=E"":4}"
   3200000,         0,         0,   119.3,standalone_exact_mw,29ae76c7f86edcd2f56343e8109d8463cbc736644db4e57527101e2f1c3606c8,"{""distance"":5,""physical_error_rate"":0.0002}","{""detection_events"":597503,""detectors_checked"":716800000}"
   5045248,         0,         0,   119.4,standalone_exact_mw,aea10f45e3589e84a00777b800d38e8a3149bd6cb552c409f3bffd718c1a0abf,"{""distance"":5,""physical_error_rate"":5e-05}","{""detection_events"":234938,""detectors_checked"":1130135552}"
   3616768,         0,         0,   119.4,standalone_exact_mw,29ae76c7f86edcd2f56343e8109d8463cbc736644db4e57527101e2f1c3606c8,"{""distance"":5,""physical_error_rate"":0.0002}","{""detection_events"":672650,""detectors_checked"":810156032}"
   1766400,         4,         0,   119.5,standalone_exact_mw,77d802c74222c3324b7f1323f7447c6411ad27be92307b6127e53af575faadca,"{""distance"":5,""physical_error_rate"":0.001}","{""detection_events"":1637674,""detectors_checked"":395673600,""obs_mistake_mask=E"":4}"
   3631104,         0,         0,   119.0,standalone_exact_mw,aea10f45e3589e84a00777b800d38e8a3149bd6cb552c409f3bffd718c1a0abf,"{""distance"":5,""physical_error_rate"":5e-05}","{""detection_events"":168474,""detectors_checked"":813367296}"
   2422784,         0,         0,   119.3,standalone_exact_mw,503ee55b5ad1b1988379a241a0405811522ee4d50b473755532ad1299cb121e2,"{""distance"":5,""physical_error_rate"":0.0005}","{""detection_events"":1125465,""detectors_checked"":542703616}"
   2409472,         2,         0,   119.3,standalone_exact_mw,503ee55b5ad1b1988379a241a0405811522ee4d50b473755532ad1299cb121e2,"{""distance"":5,""physical_error_rate"":0.0005}","{""detection_events"":1118716,""detectors_checked"":539721728,""obs_mistake_mask=E"":2}"
   1784832,         5,         0,   119.5,standalone_exact_mw,77d802c74222c3324b7f1323f7447c6411ad27be92307b6127e53af575faadca,"{""distance"":5,""physical_error_rate"":0.001}","{""detection_events"":1653043,""detectors_checked"":399802368,""obs_mistake_mask=E"":5}"
   2746368,         0,         0,   119.0,standalone_exact_mw,aea10f45e3589e84a00777b800d38e8a3149bd6cb552c409f3bffd718c1a0abf,"{""distance"":5,""physical_error_rate"":5e-05}","{""detection_events"":128324,""detectors_checked"":615186432}"
   4411392,         0,         0,   119.3,standalone_exact_mw,cc9149276d16e61a5ac322a1d2048afebd34054fe0ed4879b77eb616628c1148,"{""distance"":5,""physical_error_rate"":0.0001}","{""detection_events"":412910,""detectors_checked"":988151808}"
   2028544,         9,         0,   119.4,standalone_exact_mw,77d802c74222c3324b7f1323f7447c6411ad27be92307b6127e53af575faadca,"{""distance"":5,""physical_error_rate"":0.001}","{""detection_events"":1882461,""detectors_checked"":454393856,""obs_mistake_mask=E"":9}"
   5350400,         3,         0,   119.5,standalone_exact_mw,503ee55b5ad1b1988379a241a0405811522ee4d50b473755532ad1299cb121e2,"{""distance"":5,""physical_error_rate"":0.0005}","{""detection_events"":2485672,""detectors_checked"":1198489600,""obs_mistake_mask=E"":3}"
   4042752,         0,         0,   119.5,standalone_exact_mw,29ae76c7f86edcd2f56343e8109d8463cbc736644db4e57527101e2f1c3606c8,"{""distance"":5,""physical_error_rate"":0.0002}","{""detection_events"":753794,""detectors_checked"":905576448}"
   5495808,         0,         0,   119.4,standalone_exact_mw,aea10f45e3589e84a00777b800d38e8a3149bd6cb552c409f3bffd718c1a0abf,"{""distance"":5,""physical_error_rate"":5e-05}","{""detection_events"":257248,""detectors_checked"":1231060992}"
   2731008,         9,         0,   119.6,standalone_exact_mw,77d802c74222c3324b7f1323f7447c6411ad27be92307b6127e53af575faadca,"{""distance"":5,""physical_error_rate"":0.001}","{""detection_events"":2533544,""detectors_checked"":611745792,""obs_mistake_mask=E"":9}"
   5506048,         0,         0,   119.4,standalone_exact_mw,cc9149276d16e61a5ac322a1d2048afebd34054fe0ed4879b77eb616628c1148,"{""distance"":5,""physical_error_rate"":0.0001}","{""detection_events"":513181,""detectors_checked"":1233354752}"
   4692992,         0,         0,   119.4,standalone_exact_mw,cc9149276d16e61a5ac322a1d2048afebd34054fe0ed4879b77eb616628c1148,"{""distance"":5,""physical_error_rate"":0.0001}","{""detection_events"":439138,""detectors_checked"":1051230208}"
   3501056,         0,         0,   119.3,standalone_exact_mw,cc9149276d16e61a5ac322a1d2048afebd34054fe0ed4879b77eb616628c1148,"{""distance"":5,""physical_error_rate"":0.0001}","{""detection_events"":328489,""detectors_checked"":784236544}"
   2984960,         0,         0,   119.4,standalone_exact_mw,29ae76c7f86edcd2f56343e8109d8463cbc736644db4e57527101e2f1c3606c8,"{""distance"":5,""physical_error_rate"":0.0002}","{""detection_events"":555275,""detectors_checked"":668631040}"
   3463168,         0,         0,   119.3,standalone_exact_mw,cc9149276d16e61a5ac322a1d2048afebd34054fe0ed4879b77eb616628c1148,"{""distance"":5,""physical_error_rate"":0.0001}","{""detection_events"":322327,""detectors_checked"":775749632}"
   2435072,         0,         0,   119.5,standalone_exact_mw,503ee55b5ad1b1988379a241a0405811522ee4d50b473755532ad1299cb121e2,"{""distance"":5,""physical_error_rate"":0.0005}","{""detection_events"":1130465,""detectors_checked"":545456128}"
   2351104,         1,         0,   119.3,standalone_exact_mw,503ee55b5ad1b1988379a241a0405811522ee4d50b473755532ad1299cb121e2,"{""distance"":5,""physical_error_rate"":0.0005}","{""detection_events"":1095160,""detectors_checked"":526647296,""obs_mistake_mask=E"":1}"
   3687424,         0,         0,   118.9,standalone_exact_mw,aea10f45e3589e84a00777b800d38e8a3149bd6cb552c409f3bffd718c1a0abf,"{""distance"":5,""physical_error_rate"":5e-05}","{""detection_events"":172337,""detectors_checked"":825982976}"
   3153920,         3,         0,   119.4,standalone_exact_mw,503ee55b5ad1b1988379a241a0405811522ee4d50b473755532ad1299cb121e2,"{""distance"":5,""physical_error_rate"":0.0005}","{""detection_events"":1467545,""detectors_checked"":706478080,""obs_mistake_mask=E"":3}"
   3384320,         0,         0,   119.2,standalone_exact_mw,aea10f45e3589e84a00777b800d38e8a3149bd6cb552c409f3bffd718c1a0abf,"{""distance"":5,""physical_error_rate"":5e-05}","{""detection_events"":157640,""detectors_checked"":758087680}"
   3770368,         0,         0,   119.1,standalone_exact_mw,aea10f45e3589e84a00777b800d38e8a3149bd6cb552c409f3bffd718c1a0abf,"{""distance"":5,""physical_error_rate"":5e-05}","{""detection_events"":176520,""detectors_checked"":844562432}"
   1600512,         6,         0,   119.6,standalone_exact_mw,77d802c74222c3324b7f1323f7447c6411ad27be92307b6127e53af575faadca,"{""distance"":5,""physical_error_rate"":0.001}","{""detection_events"":1486834,""detectors_checked"":358514688,""obs_mistake_mask=E"":6}"
   2045952,        10,         0,   119.6,standalone_exact_mw,77d802c74222c3324b7f1323f7447c6411ad27be92307b6127e53af575faadca,"{""distance"":5,""physical_error_rate"":0.001}","{""detection_events"":1892537,""detectors_checked"":458293248,""obs_mistake_mask=E"":10}"
   2198528,         1,         0,   119.4,standalone_exact_mw,503ee55b5ad1b1988379a241a0405811522ee4d50b473755532ad1299cb121e2,"{""distance"":5,""physical_error_rate"":0.0005}","{""detection_events"":1023025,""detectors_checked"":492470272,""obs_mistake_mask=E"":1}"
   3188736,         0,         0,   119.2,standalone_exact_mw,cc9149276d16e61a5ac322a1d2048afebd34054fe0ed4879b77eb616628c1148,"{""distance"":5,""physical_error_rate"":0.0001}","{""detection_events"":296158,""detectors_checked"":714276864}"
   2846720,         0,         0,   119.5,standalone_exact_mw,29ae76c7f86edcd2f56343e8109d8463cbc736644db4e57527101e2f1c3606c8,"{""distance"":5,""physical_error_rate"":0.0002}","{""detection_events"":531118,""detectors_checked"":637665280}"
   1735680,         9,         0,   119.6,standalone_exact_mw,77d802c74222c3324b7f1323f7447c6411ad27be92307b6127e53af575faadca,"{""distance"":5,""physical_error_rate"":0.001}","{""detection_events"":1609275,""detectors_checked"":388792320,""obs_mistake_mask=E"":9}"
   3092480,         0,         0,   119.3,standalone_exact_mw,29ae76c7f86edcd2f56343e8109d8463cbc736644db4e57527101e2f1c3606c8,"{""distance"":5,""physical_error_rate"":0.0002}","{""detection_events"":576545,""detectors_checked"":692715520}"
   3753984,         0,         0,   119.2,standalone_exact_mw,aea10f45e3589e84a00777b800d38e8a3149bd6cb552c409f3bffd718c1a0abf,"{""distance"":5,""physical_error_rate"":5e-05}","{""detection_events"":176686,""detectors_checked"":840892416}"
   1859584,         5,         0,   119.5,standalone_exact_mw,77d802c74222c3324b7f1323f7447c6411ad27be92307b6127e53af575faadca,"{""distance"":5,""physical_error_rate"":0.001}","{""detection_events"":1722584,""detectors_checked"":416546816,""obs_mistake_mask=E"":5}"
   3100672,         0,         0,   119.2,standalone_exact_mw,29ae76c7f86edcd2f56343e8109d8463cbc736644db4e57527101e2f1c3606c8,"{""distance"":5,""physical_error_rate"":0.0002}","{""detection_events"":579372,""detectors_checked"":694550528}"
   4732928,         0,         0,   119.4,standalone_exact_mw,aea10f45e3589e84a00777b800d38e8a3149bd6cb552c409f3bffd718c1a0abf,"{""distance"":5,""physical_error_rate"":5e-05}","{""detection_events"":219090,""detectors_checked"":1060175872}"
   3767296,         0,         0,   119.4,standalone_exact_mw,29ae76c7f86edcd2f56343e8109d8463cbc736644db4e57527101e2f1c3606c8,"{""distance"":5,""physical_error_rate"":0.0002}","{""detection_events"":702913,""detectors_checked"":843874304}"
   3819520,         0,         0,   119.3,standalone_exact_mw,29ae76c7f86edcd2f56343e8109d8463cbc736644db4e57527101e2f1c3606c8,"{""distance"":5,""physical_error_rate"":0.0002}","{""detection_events"":708480,""detectors_checked"":855572480}"
   2394112,         3,         0,   119.4,standalone_exact_mw,503ee55b5ad1b1988379a241a0405811522ee4d50b473755532ad1299cb121e2,"{""distance"":5,""physical_error_rate"":0.0005}","{""detection_events"":1113497,""detectors_checked"":536281088,""obs_mistake_mask=E"":3}"
   3479552,         0,         0,   119.2,standalone_exact_mw,cc9149276d16e61a5ac322a1d2048afebd34054fe0ed4879b77eb616628c1148,"{""distance"":5,""physical_error_rate"":0.0001}","{""detection_events"":323578,""detectors_checked"":779419648}"
   3090432,         2,         0,   119.5,standalone_exact_mw,503ee55b5ad1b1988379a241a0405811522ee4d50b473755532ad1299cb121e2,"{""distance"":5,""physical_error_rate"":0.0005}","{""detection_events"":1438472,""detectors_checked"":692256768,""obs_mistake_mask=E"":2}"
   2126848,         7,         0,   119.5,standalone_exact_mw,77d802c74222c3324b7f1323f7447c6411ad27be92307b6127e53af575faadca,"{""distance"":5,""physical_error_rate"":0.001}","{""detection_events"":1975729,""detectors_checked"":476413952,""obs_mistake_mask=E"":7}"
   1765376,         6,         0,   119.4,standalone_exact_mw,77d802c74222c3324b7f1323f7447c6411ad27be92307b6127e53af575faadca,"{""distance"":5,""physical_error_rate"":0.001}","{""detection_events"":1635919,""detectors_checked"":395444224,""obs_mistake_mask=E"":6}"
   5165056,         0,         0,   119.3,standalone_exact_mw,cc9149276d16e61a5ac322a1d2048afebd34054fe0ed4879b77eb616628c1148,"{""distance"":5,""physical_error_rate"":0.0001}","{""detection_events"":479517,""detectors_checked"":1156972544}"
   3050496,         1,         0,   119.1,standalone_exact_mw,29ae76c7f86edcd2f56343e8109d8463cbc736644db4e57527101e2f1c3606c8,"{""distance"":5,""physical_error_rate"":0.0002}","{""detection_events"":567359,""detectors_checked"":683311104,""obs_mistake_mask=E"":1}"
   3979264,         0,         0,   119.3,standalone_exact_mw,aea10f45e3589e84a00777b800d38e8a3149bd6cb552c409f3bffd718c1a0abf,"{""distance"":5,""physical_error_rate"":5e-05}","{""detection_events"":186278,""detectors_checked"":891355136}"
   2521088,         1,         0,   119.6,standalone_exact_mw,503ee55b5ad1b1988379a241a0405811522ee4d50b473755532ad1299cb121e2,"{""distance"":5,""physical_error_rate"":0.0005}","{""detection_events"":1173282,""detectors_checked"":564723712,""obs_mistake_mask=E"":1}"
   1616896,         4,         0,   119.4,standalone_exact_mw,77d802c74222c3324b7f1323f7447c6411ad27be92307b6127e53af575faadca,"{""distance"":5,""physical_error_rate"":0.001}","{""detection_events"":1501760,""detectors_checked"":362184704,""obs_mistake_mask=E"":4}"
   3430400,         0,         0,   119.2,standalone_exact_mw,cc9149276d16e61a5ac322a1d2048afebd34054fe0ed4879b77eb616628c1148,"{""distance"":5,""physical_error_rate"":0.0001}","{""detection_events"":320884,""detectors_checked"":768409600}"
   3647488,         0,         0,   119.2,standalone_exact_mw,29ae76c7f86edcd2f56343e8109d8463cbc736644db4e57527101e2f1c3606c8,"{""distance"":5,""physical_error_rate"":0.0002}","{""detection_events"":679602,""detectors_checked"":817037312}"
   4768768,         0,         0,   119.2,standalone_exact_mw,aea10f45e3589e84a00777b800d38e8a3149bd6cb552c409f3bffd718c1a0abf,"{""distance"":5,""physical_error_rate"":5e-05}","{""detection_events"":222756,""detectors_checked"":1068204032}"
   1781760,         8,         0,   119.6,standalone_exact_mw,77d802c74222c3324b7f1323f7447c6411ad27be92307b6127e53af575faadca,"{""distance"":5,""physical_error_rate"":0.001}","{""detection_events"":1651293,""detectors_checked"":399114240,""obs_mistake_mask=E"":8}"
   2426880,         0,         0,   119.3,standalone_exact_mw,503ee55b5ad1b1988379a241a0405811522ee4d50b473755532ad1299cb121e2,"{""distance"":5,""physical_error_rate"":0.0005}","{""detection_events"":1124235,""detectors_checked"":543621120}"
   5879808,         0,         0,   119.4,standalone_exact_mw,29ae76c7f86edcd2f56343e8109d8463cbc736644db4e57527101e2f1c3606c8,"{""distance"":5,""physical_error_rate"":0.0002}","{""detection_events"":1095214,""detectors_checked"":1317076992}"
   2885632,         0,         0,   119.1,standalone_exact_mw,aea10f45e3589e84a00777b800d38e8a3149bd6cb552c409f3bffd718c1a0abf,"{""distance"":5,""physical_error_rate"":5e-05}","{""detection_events"":133990,""detectors_checked"":646381568}"
   3506176,         0,         0,   119.2,standalone_exact_mw,cc9149276d16e61a5ac322a1d2048afebd34054fe0ed4879b77eb616628c1148,"{""distance"":5,""physical_error_rate"":0.0001}","{""detection_events"":325886,""detectors_checked"":785383424}"
   3279872,         0,         0,   119.6,standalone_exact_mw,503ee55b5ad1b1988379a241a0405811522ee4d50b473755532ad1299cb121e2,"{""distance"":5,""physical_error_rate"":0.0005}","{""detection_events"":1522483,""detectors_checked"":734691328}"
   2178048,        11,         0,   119.7,standalone_exact_mw,77d802c74222c3324b7f1323f7447c6411ad27be92307b6127e53af575faadca,"{""distance"":5,""physical_error_rate"":0.001}","{""detection_events"":2019116,""detectors_checked"":487882752,""obs_mistake_mask=E"":11}"
   3484672,         0,         0,   119.1,standalone_exact_mw,cc9149276d16e61a5ac322a1d2048afebd34054fe0ed4879b77eb616628c1148,"{""distance"":5,""physical_error_rate"":0.0001}","{""detection_events"":324182,""detectors_checked"":780566528}"
   5488640,         0,         0,   119.5,standalone_exact_mw,aea10f45e3589e84a00777b800d38e8a3149bd6cb552c409f3bffd718c1a0abf,"{""distance"":5,""physical_error_rate"":5e-05}","{""detection_events"":258043,""detectors_checked"":1229455360}"
   3138560,         0,         0,   119.2,standalone_exact_mw,29ae76c7f86edcd2f56343e8109d8463cbc736644db4e57527101e2f1c3606c8,"{""distance"":5,""physical_error_rate"":0.0002}","{""detection_events"":582585,""detectors_checked"":703037440}"
   4319232,         0,         0,   119.5,standalone_exact_mw,cc9149276d16e61a5ac322a1d2048afebd34054fe0ed4879b77eb616628c1148,"{""distance"":5,""physical_error_rate"":0.0001}","{""detection_events"":401488,""detectors_checked"":967507968}"
   2414592,         0,         0,   119.4,standalone_exact_mw,503ee55b5ad1b1988379a241a0405811522ee4d50b473755532ad1299cb121e2,"{""distance"":5,""physical_error_rate"":0.0005}","{""detection_events"":1126488,""detectors_checked"":540868608}"
   2522112,         0,         0,   119.2,standalone_exact_mw,29ae76c7f86edcd2f56343e8109d8463cbc736644db4e57527101e2f1c3606c8,"{""distance"":5,""physical_error_rate"":0.0002}","{""detection_events"":472814,""detectors_checked"":564953088}"
   4931584,         0,         0,   119.0,standalone_exact_mw,aea10f45e3589e84a00777b800d38e8a3149bd6cb552c409f3bffd718c1a0abf,"{""distance"":5,""physical_error_rate"":5e-05}","{""detection_events"":229339,""detectors_checked"":1104674816}"
   3204096,         0,         0,   119.2,standalone_exact_mw,29ae76c7f86edcd2f56343e8109d8463cbc736644db4e57527101e2f1c3606c8,"{""distance"":5,""physical_error_rate"":0.0002}","{""detection_events"":598057,""detectors_checked"":717717504}"
   2227200,         9,         0,   119.6,standalone_exact_mw,77d802c74222c3324b7f1323f7447c6411ad27be92307b6127e53af575faadca,"{""distance"":5,""physical_error_rate"":0.001}","{""detection_events"":2060353,""detectors_checked"":498892800,""obs_mistake_mask=E"":9}"
   3631104,         0,         0,   119.1,standalone_exact_mw,aea10f45e3589e84a00777b800d38e8a3149bd6cb552c409f3bffd718c1a0abf,"{""distance"":5,""physical_error_rate"":5e-05}","{""detection_events"":170136,""detectors_checked"":813367296}"
   2420736,         0,         0,   119.5,standalone_exact_mw,503ee55b5ad1b1988379a241a0405811522ee4d50b473755532ad1299cb121e2,"{""distance"":5,""physical_error_rate"":0.0005}","{""detection_events"":1124261,""detectors_checked"":542244864}"
   2400256,         1,         0,   119.4,standalone_exact_mw,503ee55b5ad1b1988379a241a0405811522ee4d50b473755532ad1299cb121e2,"{""distance"":5,""physical_error_rate"":0.0005}","{""detection_events"":1114734,""detectors_checked"":537657344,""obs_mistake_mask=E"":1}"
   1775616,         4,         0,   119.4,standalone_exact_mw,77d802c74222c3324b7f1323f7447c6411ad27be92307b6127e53af575faadca,"{""distance"":5,""physical_error_rate"":0.001}","{""detection_events"":1649879,""detectors_checked"":397737984,""obs_mistake_mask=E"":4}"
   3086336,         0,         0,   118.9,standalone_exact_mw,aea10f45e3589e84a00777b800d38e8a3149bd6cb552c409f3bffd718c1a0abf,"{""distance"":5,""physical_error_rate"":5e-05}","{""detection_events"":145360,""detectors_checked"":691339264}"
   4660224,         0,         0,   119.5,standalone_exact_mw,cc9149276d16e61a5ac322a1d2048afebd34054fe0ed4879b77eb616628c1148,"{""distance"":5,""physical_error_rate"":0.0001}","{""detection_events"":435601,""detectors_checked"":1043890176}"
   2078720,         6,         0,   119.6,standalone_exact_mw,77d802c74222c3324b7f1323f7447c6411ad27be92307b6127e53af575faadca,"{""distance"":5,""physical_error_rate"":0.001}","{""detection_events"":1926267,""detectors_checked"":465633280,""obs_mistake_mask=E"":6}"
   5078016,         1,         0,   119.5,standalone_exact_mw,503ee55b5ad1b1988379a241a0405811522ee4d50b473755532ad1299cb121e2,"{""distance"":5,""physical_error_rate"":0.0005}","{""detection_events"":2363656,""detectors_checked"":1137475584,""obs_mistake_mask=E"":1}"
   4339712,         0,         0,   119.3,standalone_exact_mw,29ae76c7f86edcd2f56343e8109d8463cbc736644db4e57527101e2f1c3606c8,"{""distance"":5,""physical_error_rate"":0.0002}","{""detection_events"":810391,""detectors_checked"":972095488}"
   5010432,         0,         0,   119.3,standalone_exact_mw,aea10f45e3589e84a00777b800d38e8a3149bd6cb552c409f3bffd718c1a0abf,"{""distance"":5,""physical_error_rate"":5e-05}","{""detection_events"":233800,""detectors_checked"":1122336768}"
   2635776,         6,         0,   119.7,standalone_exact_mw,77d802c74222c3324b7f1323f7447c6411ad27be92307b6127e53af575faadca,"{""distance"":5,""physical_error_rate"":0.001}","{""detection_events"":2447251,""detectors_checked"":590413824,""obs_mistake_mask=E"":6}"
   4793344,         0,         0,   119.2,standalone_exact_mw,cc9149276d16e61a5ac322a1d2048afebd34054fe0ed4879b77eb616628c1148,"{""distance"":5,""physical_error_rate"":0.0001}","{""detection_events"":448162,""detectors_checked"":1073709056}"
   4556800,         0,         0,   119.5,standalone_exact_mw,cc9149276d16e61a5ac322a1d2048afebd34054fe0ed4879b77eb616628c1148,"{""distance"":5,""physical_error_rate"":0.0001}","{""detection_events"":424986,""detectors_checked"":1020723200}"
   3400704,         0,         0,   119.1,standalone_exact_mw,cc9149276d16e61a5ac322a1d2048afebd34054fe0ed4879b77eb616628c1148,"{""distance"":5,""physical_error_rate"":0.0001}","{""detection_events"":317295,""detectors_checked"":761757696}"
   3090432,         0,         0,   119.3,standalone_exact_mw,29ae76c7f86edcd2f56343e8109d8463cbc736644db4e57527101e2f1c3606c8,"{""distance"":5,""physical_error_rate"":0.0002}","{""detection_events"":576105,""detectors_checked"":692256768}"
   3676160,         0,         0,   119.4,standalone_exact_mw,cc9149276d16e61a5ac322a1d2048afebd34054fe0ed4879b77eb616628c1148,"{""distance"":5,""physical_error_rate"":0.0001}","{""detection_events"":344139,""detectors_checked"":823459840}"
   2436096,         1,         0,   119.5,standalone_exact_mw,503ee55b5ad1b1988379a241a0405811522ee4d50b473755532ad1299cb121e2,"{""distance"":5,""physical_error_rate"":0.0005}","{""detection_events"":1134068,""detectors_checked"":545685504,""obs_mistake_mask=E"":1}"
   2355200,         1,         0,   119.4,standalone_exact_mw,503ee55b5ad1b1988379a241a0405811522ee4d50b473755532ad1299cb121e2,"{""distance"":5,""physical_error_rate"":0.0005}","{""detection_events"":1092693,""detectors_checked"":527564800,""obs_mistake_mask=E"":1}"
   3695616,         0,         0,   119.0,standalone_exact_mw,aea10f45e3589e84a00777b800d38e8a3149bd6cb552c409f3bffd718c1a0abf,"{""distance"":5,""physical_error_rate"":5e-05}","{""detection_events"":171641,""detectors_checked"":827817984}"
   2665472,         0,         0,   119.3,standalone_exact_mw,503ee55b5ad1b1988379a241a0405811522ee4d50b473755532ad1299cb121e2,"{""distance"":5,""physical_error_rate"":0.0005}","{""detection_events"":1240809,""detectors_checked"":597065728}"
   4511744,         0,         0,   119.3,standalone_exact_mw,aea10f45e3589e84a00777b800d38e8a3149bd6cb552c409f3bffd718c1a0abf,"{""distance"":5,""physical_error_rate"":5e-05}","{""detection_events"":211442,""detectors_checked"":1010630656}"
   3699712,         0,         0,   119.2,standalone_exact_mw,aea10f45e3589e84a00777b800d38e8a3149bd6cb552c409f3bffd718c1a0abf,"{""distance"":5,""physical_error_rate"":5e-05}","{""detection_events"":173304,""detectors_checked"":828735488}"
   1812480,         9,         0,   119.6,standalone_exact_mw,77d802c74222c3324b7f1323f7447c6411ad27be92307b6127e53af575faadca,"{""distance"":5,""physical_error_rate"":0.001}","{""detection_events"":1679070,""detectors_checked"":405995520,""obs_mistake_mask=E"":9}"
   2539520,         6,         0,   119.6,standalone_exact_mw,77d802c74222c3324b7f1323f7447c6411ad27be92307b6127e53af575faadca,"{""distance"":5,""physical_error_rate"":0.001}","{""detection_events"":2355609,""detectors_checked"":568852480,""obs_mistake_mask=E"":6}"
   2763776,         0,         0,   119.5,standalone_exact_mw,503ee55b5ad1b1988379a241a0405811522ee4d50b473755532ad1299cb121e2,"{""distance"":5,""physical_error_rate"":0.0005}","{""detection_events"":1283634,""detectors_checked"":619085824}"
   3481600,         0,         0,   119.1,standalone_exact_mw,cc9149276d16e61a5ac322a1d2048afebd34054fe0ed4879b77eb616628c1148,"{""distance"":5,""physical_error_rate"":0.0001}","{""detection_events"":324864,""detectors_checked"":779878400}"
   3119104,         0,         0,   119.2,standalone_exact_mw,29ae76c7f86edcd2f56343e8109d8463cbc736644db4e57527101e2f1c3606c8,"{""distance"":5,""physical_error_rate"":0.0002}","{""detection_events"":582727,""detectors_checked"":698679296}"
   1718272,         4,         0,   119.6,standalone_exact_mw,77d802c74222c3324b7f1323f7447c6411ad27be92307b6127e53af575faadca,"{""distance"":5,""physical_error_rate"":0.001}","{""detection_events"":1592441,""detectors_checked"":384892928,""obs_mistake_mask=E"":4}"
   3068928,         0,         0,   119.0,standalone_exact_mw,29ae76c7f86edcd2f56343e8109d8463cbc736644db4e57527101e2f1c3606c8,"{""distance"":5,""physical_error_rate"":0.0002}","{""detection_events"":573715,""detectors_checked"":687439872}"
   3224576,         0,         0,   118.9,standalone_exact_mw,aea10f45e3589e84a00777b800d38e8a3149bd6cb552c409f3bffd718c1a0abf,"{""distance"":5,""physical_error_rate"":5e-05}","{""detection_events"":151320,""detectors_checked"":722305024}"
   2189312,         4,         0,   119.6,standalone_exact_mw,77d802c74222c3324b7f1323f7447c6411ad27be92307b6127e53af575faadca,"{""distance"":5,""physical_error_rate"":0.001}","{""detection_events"":2032581,""detectors_checked"":490405888,""obs_mistake_mask=E"":4}"
   3189760,         0,         0,   119.5,standalone_exact_mw,29ae76c7f86edcd2f56343e8109d8463cbc736644db4e57527101e2f1c3606c8,"{""distance"":5,""physical_error_rate"":0.0002}","{""detection_events"":595259,""detectors_checked"":714506240}"
   4804608,         0,         0,   119.3,standalone_exact_mw,aea10f45e3589e84a00777b800d38e8a3149bd6cb552c409f3bffd718c1a0abf,"{""distance"":5,""physical_error_rate"":5e-05}","{""detection_events"":224648,""detectors_checked"":1076232192}"
   3073024,         0,         0,   119.4,standalone_exact_mw,29ae76c7f86edcd2f56343e8109d8463cbc736644db4e57527101e2f1c3606c8,"{""distance"":5,""physical_error_rate"":0.0002}","{""detection_events"":574038,""detectors_checked"":688357376}"
   3918848,         0,         0,   119.3,standalone_exact_mw,29ae76c7f86edcd2f56343e8109d8463cbc736644db4e57527101e2f1c3606c8,"{""distance"":5,""physical_error_rate"":0.0002}","{""detection_events"":732362,""detectors_checked"":877821952}"
   2400256,         1,         0,   119.5,standalone_exact_mw,503ee55b5ad1b1988379a241a0405811522ee4d50b473755532ad1299cb121e2,"{""distance"":5,""physical_error_rate"":0.0005}","{""detection_events"":1117087,""detectors_checked"":537657344,""obs_mistake_mask=E"":1}"
   3488768,         0,         0,   119.1,standalone_exact_mw,cc9149276d16e61a5ac322a1d2048afebd34054fe0ed4879b77eb616628c1148,"{""distance"":5,""physical_error_rate"":0.0001}","{""detection_events"":325904,""detectors_checked"":781484032}"
   2907136,         1,         0,   119.5,standalone_exact_mw,503ee55b5ad1b1988379a241a0405811522ee4d50b473755532ad1299cb121e2,"{""distance"":5,""physical_error_rate"":0.0005}","{""detection_events"":1351393,""detectors_checked"":651198464,""obs_mistake_mask=E"":1}"
   2089984,        10,         0,   119.4,standalone_exact_mw,77d802c74222c3324b7f1323f7447c6411ad27be92307b6127e53af575faadca,"{""distance"":5,""physical_error_rate"":0.001}","{""detection_events"":1938281,""detectors_checked"":468156416,""obs_mistake_mask=E"":10}"
   1781760,         9,         0,   119.6,standalone_exact_mw,77d802c74222c3324b7f1323f7447c6411ad27be92307b6127e53af575faadca,"{""distance"":5,""physical_error_rate"":0.001}","{""detection_events"":1651639,""detectors_checked"":399114240,""obs_mistake_mask=E"":9}"
   3612672,         0,         0,   119.1,standalone_exact_mw,cc9149276d16e61a5ac322a1d2048afebd34054fe0ed4879b77eb616628c1148,"{""distance"":5,""physical_error_rate"":0.0001}","{""detection_events"":337417,""detectors_checked"":809238528}"
   2974720,         0,         0,   119.3,standalone_exact_mw,29ae76c7f86edcd2f56343e8109d8463cbc736644db4e57527101e2f1c3606c8,"{""distance"":5,""physical_error_rate"":0.0002}","{""detection_events"":554413,""detectors_checked"":666337280}"
   4173824,         0,         0,   119.2,standalone_exact_mw,aea10f45e3589e84a00777b800d38e8a3149bd6cb552c409f3bffd718c1a0abf,"{""distance"":5,""physical_error_rate"":5e-05}","{""detection_events"":194512,""detectors_checked"":934936576}"
   2549760,         4,         0,   119.4,standalone_exact_mw,503ee55b5ad1b1988379a241a0405811522ee4d50b473755532ad1299cb121e2,"{""distance"":5,""physical_error_rate"":0.0005}","{""detection_events"":1180712,""detectors_checked"":571146240,""obs_mistake_mask=E"":4}"
   1783808,         7,         0,   119.5,standalone_exact_mw,77d802c74222c3324b7f1323f7447c6411ad27be92307b6127e53af575faadca,"{""distance"":5,""physical_error_rate"":0.001}","{""detection_events"":1655944,""detectors_checked"":399572992,""obs_mistake_mask=E"":7}"
   3454976,         0,         0,   119.2,standalone_exact_mw,cc9149276d16e61a5ac322a1d2048afebd34054fe0ed4879b77eb616628c1148,"{""distance"":5,""physical_error_rate"":0.0001}","{""detection_events"":323902,""detectors_checked"":773914624}"
   3243008,         0,         0,   119.4,standalone_exact_mw,29ae76c7f86edcd2f56343e8109d8463cbc736644db4e57527101e2f1c3606c8,"{""distance"":5,""physical_error_rate"":0.0002}","{""detection_events"":602945,""detectors_checked"":726433792}"
   3939328,         0,         0,   119.2,standalone_exact_mw,aea10f45e3589e84a00777b800d38e8a3149bd6cb552c409f3bffd718c1a0abf,"{""distance"":5,""physical_error_rate"":5e-05}","{""detection_events"":182768,""detectors_checked"":882409472}"
   1720320,         5,         0,   119.5,standalone_exact_mw,77d802c74222c3324b7f1323f7447c6411ad27be92307b6127e53af575faadca,"{""distance"":5,""physical_error_rate"":0.001}","{""detection_events"":1597254,""detectors_checked"":385351680,""obs_mistake_mask=E"":5}"
   2403328,         0,         0,   119.4,standalone_exact_mw,503ee55b5ad1b1988379a241a0405811522ee4d50b473755532ad1299cb121e2,"{""distance"":5,""physical_error_rate"":0.0005}","{""detection_events"":1116346,""detectors_checked"":538345472}"
   4179968,         0,         0,   119.4,standalone_exact_mw,29ae76c7f86edcd2f56343e8109d8463cbc736644db4e57527101e2f1c3606c8,"{""distance"":5,""physical_error_rate"":0.0002}","{""detection_events"":778200,""detectors_checked"":936312832}"
   3630080,         0,         0,   119.0,standalone_exact_mw,aea10f45e3589e84a00777b800d38e8a3149bd6cb552c409f3bffd718c1a0abf,"{""distance"":5,""physical_error_rate"":5e-05}","{""detection_events"":169402,""detectors_checked"":813137920}"
   3548160,         0,         0,   119.2,standalone_exact_mw,cc9149276d16e61a5ac322a1d2048afebd34054fe0ed4879b77eb616628c1148,"{""distance"":5,""physical_error_rate"":0.0001}","{""detection_events"":332988,""detectors_checked"":794787840}"
   2904064,         2,         0,   119.3,standalone_exact_mw,503ee55b5ad1b1988379a241a0405811522ee4d50b473755532ad1299cb121e2,"{""distance"":5,""physical_error_rate"":0.0005}","{""detection_events"":1349245,""detectors_checked"":650510336,""obs_mistake_mask=E"":2}"
   2251776,         7,         0,   119.6,standalone_exact_mw,77d802c74222c3324b7f1323f7447c6411ad27be92307b6127e53af575faadca,"{""distance"":5,""physical_error_rate"":0.001}","{""detection_events"":2087388,""detectors_checked"":504397824,""obs_mistake_mask=E"":7}"
   3333120,         0,         0,   119.0,standalone_exact_mw,cc9149276d16e61a5ac322a1d2048afebd34054fe0ed4879b77eb616628c1148,"{""distance"":5,""physical_error_rate"":0.0001}","{""detection_events"":311262,""detectors_checked"":746618880}"
   6521856,         0,         0,   119.5,standalone_exact_mw,aea10f45e3589e84a00777b800d38e8a3149bd6cb552c409f3bffd718c1a0abf,"{""distance"":5,""physical_error_rate"":5e-05}","{""detection_events"":303839,""detectors_checked"":1460895744}"
   3331072,         0,         0,   119.5,standalone_exact_mw,29ae76c7f86edcd2f56343e8109d8463cbc736644db4e57527101e2f1c3606c8,"{""distance"":5,""physical_error_rate"":0.0002}","{""detection_events"":622996,""detectors_checked"":746160128}"
   3437568,         0,         0,   119.3,standalone_exact_mw,cc9149276d16e61a5ac322a1d2048afebd34054fe0ed4879b77eb616628c1148,"{""distance"":5,""physical_error_rate"":0.0001}","{""detection_events"":321440,""detectors_checked"":770015232}"
   2420736,         1,         0,   119.5,standalone_exact_mw,503ee55b5ad1b1988379a241a0405811522ee4d50b473755532ad1299cb121e2,"{""distance"":5,""physical_error_rate"":0.0005}","{""detection_events"":1125932,""detectors_checked"":542244864,""obs_mistake_mask=E"":1}"
   3228672,         0,         0,   119.5,standalone_exact_mw,29ae76c7f86edcd2f56343e8109d8463cbc736644db4e57527101e2f1c3606c8,"{""distance"":5,""physical_error_rate"":0.0002}","{""detection_events"":600805,""detectors_checked"":723222528}"
   6137856,         0,         0,   119.4,standalone_exact_mw,aea10f45e3589e84a00777b800d38e8a3149bd6cb552c409f3bffd718c1a0abf,"{""distance"":5,""physical_error_rate"":5e-05}","{""detection_events"":286709,""detectors_checked"":1374879744}"
   3417088,         1,         0,   119.2,standalone_exact_mw,29ae76c7f86edcd2f56343e8109d8463cbc736644db4e57527101e2f1c3606c8,"{""distance"":5,""physical_error_rate"":0.0002}","{""detection_events"":638050,""detectors_checked"":765427712,""obs_mistake_mask=E"":1}"
   1741824,         7,         0,   119.8,standalone_exact_mw,77d802c74222c3324b7f1323f7447c6411ad27be92307b6127e53af575faadca,"{""distance"":5,""physical_error_rate"":0.001}","{""detection_events"":1618262,""detectors_checked"":390168576,""obs_mistake_mask=E"":7}"
   3418112,         0,         0,   119.1,standalone_exact_mw,aea10f45e3589e84a00777b800d38e8a3149bd6cb552c409f3bffd718c1a0abf,"{""distance"":5,""physical_error_rate"":5e-05}","{""detection_events"":157776,""detectors_checked"":765657088}"
   2319360,         0,         0,   119.4,standalone_exact_mw,503ee55b5ad1b1988379a241a0405811522ee4d50b473755532ad1299cb121e2,"{""distance"":5,""physical_error_rate"":0.0005}","{""detection_events"":1081556,""detectors_checked"":519536640}"
   2280448,         0,         0,   119.4,standalone_exact_mw,503ee55b5ad1b1988379a241a0405811522ee4d50b473755532ad1299cb121e2,"{""distance"":5,""physical_error_rate"":0.0005}","{""detection_events"":1058185,""detectors_checked"":510820352}"
   1816576,         5,         0,   119.4,standalone_exact_mw,77d802c74222c3324b7f1323f7447c6411ad27be92307b6127e53af575faadca,"{""distance"":5,""physical_error_rate"":0.001}","{""detection_events"":1686286,""detectors_checked"":406913024,""obs_mistake_mask=E"":5}"
   3473408,         0,         0,   119.1,standalone_exact_mw,aea10f45e3589e84a00777b800d38e8a3149bd6cb552c409f3bffd718c1a0abf,"{""distance"":5,""physical_error_rate"":5e-05}","{""detection_events"":163486,""detectors_checked"":778043392}"
   4487168,         0,         0,   119.3,standalone_exact_mw,cc9149276d16e61a5ac322a1d2048afebd34054fe0ed4879b77eb616628c1148,"{""distance"":5,""physical_error_rate"":0.0001}","{""detection_events"":416984,""detectors_checked"":1005125632}"
   2640896,         9,         0,   119.5,standalone_exact_mw,77d802c74222c3324b7f1323f7447c6411ad27be92307b6127e53af575faadca,"{""distance"":5,""physical_error_rate"":0.001}","{""detection_events"":2446100,""detectors_checked"":591560704,""obs_mistake_mask=E"":9}"
   5744640,         1,         0,   119.6,standalone_exact_mw,503ee55b5ad1b1988379a241a0405811522ee4d50b473755532ad1299cb121e2,"{""distance"":5,""physical_error_rate"":0.0005}","{""detection_events"":2675052,""detectors_checked"":1286799360,""obs_mistake_mask=E"":1}"
   6248448,         0,         0,   119.3,standalone_exact_mw,29ae76c7f86edcd2f56343e8109d8463cbc736644db4e57527101e2f1c3606c8,"{""distance"":5,""physical_error_rate"":0.0002}","{""detection_events"":1168070,""detectors_checked"":1399652352}"
   6096896,         0,         0,   119.4,standalone_exact_mw,aea10f45e3589e84a00777b800d38e8a3149bd6cb552c409f3bffd718c1a0abf,"{""distance"":5,""physical_error_rate"":5e-05}","{""detection_events"":285129,""detectors_checked"":1365704704}"
   2967552,         9,         0,   119.7,standalone_exact_mw,77d802c74222c3324b7f1323f7447c6411ad27be92307b6127e53af575faadca,"{""distance"":5,""physical_error_rate"":0.001}","{""detection_events"":2752360,""detectors_checked"":664731648,""obs_mistake_mask=E"":9}"
   5892096,         0,         0,   119.3,standalone_exact_mw,cc9149276d16e61a5ac322a1d2048afebd34054fe0ed4879b77eb616628c1148,"{""distance"":5,""physical_error_rate"":0.0001}","{""detection_events"":549345,""detectors_checked"":1319829504}"
   3619840,         0,         0,   119.3,standalone_exact_mw,cc9149276d16e61a5ac322a1d2048afebd34054fe0ed4879b77eb616628c1148,"{""distance"":5,""physical_error_rate"":0.0001}","{""detection_events"":337562,""detectors_checked"":810844160}"
   3665920,         0,         0,   119.3,standalone_exact_mw,cc9149276d16e61a5ac322a1d2048afebd34054fe0ed4879b77eb616628c1148,"{""distance"":5,""physical_error_rate"":0.0001}","{""detection_events"":341391,""detectors_checked"":821166080}"
   3216384,         0,         0,   119.3,standalone_exact_mw,29ae76c7f86edcd2f56343e8109d8463cbc736644db4e57527101e2f1c3606c8,"{""distance"":5,""physical_error_rate"":0.0002}","{""detection_events"":599178,""detectors_checked"":720470016}"
   3648512,         0,         0,   119.3,standalone_exact_mw,cc9149276d16e61a5ac322a1d2048afebd34054fe0ed4879b77eb616628c1148,"{""distance"":5,""physical_error_rate"":0.0001}","{""detection_events"":339610,""detectors_checked"":817266688}"
   2162688,         1,         0,   119.4,standalone_exact_mw,503ee55b5ad1b1988379a241a0405811522ee4d50b473755532ad1299cb121e2,"{""distance"":5,""physical_error_rate"":0.0005}","{""detection_events"":1008743,""detectors_checked"":484442112,""obs_mistake_mask=E"":1}"
   2272256,         2,         0,   119.3,standalone_exact_mw,503ee55b5ad1b1988379a241a0405811522ee4d50b473755532ad1299cb121e2,"{""distance"":5,""physical_error_rate"":0.0005}","{""detection_events"":1059680,""detectors_checked"":508985344,""obs_mistake_mask=E"":2}"
   3617792,         0,         0,   119.1,standalone_exact_mw,aea10f45e3589e84a00777b800d38e8a3149bd6cb552c409f3bffd718c1a0abf,"{""distance"":5,""physical_error_rate"":5e-05}","{""detection_events"":169043,""detectors_checked"":810385408}"
   2290688,         1,         0,   119.4,standalone_exact_mw,503ee55b5ad1b1988379a241a0405811522ee4d50b473755532ad1299cb121e2,"{""distance"":5,""physical_error_rate"":0.0005}","{""detection_events"":1065377,""detectors_checked"":513114112,""obs_mistake_mask=E"":1}"
   5035008,         0,         0,   119.3,standalone_exact_mw,aea10f45e3589e84a00777b800d38e8a3149bd6cb552c409f3bffd718c1a0abf,"{""distance"":5,""physical_error_rate"":5e-05}","{""detection_events"":234431,""detectors_checked"":1127841792}"
   3666944,         0,         0,   119.1,standalone_exact_mw,aea10f45e3589e84a00777b800d38e8a3149bd6cb552c409f3bffd718c1a0abf,"{""distance"":5,""physical_error_rate"":5e-05}","{""detection_events"":170705,""detectors_checked"":821395456}"
   2381824,         7,         0,   119.7,standalone_exact_mw,77d802c74222c3324b7f1323f7447c6411ad27be92307b6127e53af575faadca,"{""distance"":5,""physical_error_rate"":0.001}","{""detection_events"":2208243,""detectors_checked"":533528576,""obs_mistake_mask=E"":7}"
   1868800,         6,         0,   119.7,standalone_exact_mw,77d802c74222c3324b7f1323f7447c6411ad27be92307b6127e53af575faadca,"{""distance"":5,""physical_error_rate"":0.001}","{""detection_events"":1738597,""detectors_checked"":418611200,""obs_mistake_mask=E"":6}"
   2305024,         0,         0,   119.6,standalone_exact_mw,503ee55b5ad1b1988379a241a0405811522ee4d50b473755532ad1299cb121e2,"{""distance"":5,""physical_error_rate"":0.0005}","{""detection_events"":1070388,""detectors_checked"":516325376}"
   3497984,         0,         0,   119.4,standalone_exact_mw,cc9149276d16e61a5ac322a1d2048afebd34054fe0ed4879b77eb616628c1148,"{""distance"":5,""physical_error_rate"":0.0001}","{""detection_events"":327105,""detectors_checked"":783548416}"
   3379200,         1,         0,   119.4,standalone_exact_mw,29ae76c7f86edcd2f56343e8109d8463cbc736644db4e57527101e2f1c3606c8,"{""distance"":5,""physical_error_rate"":0.0002}","{""detection_events"":631229,""detectors_checked"":756940800,""obs_mistake_mask=E"":1}"
   1733632,         5,         0,   119.5,standalone_exact_mw,77d802c74222c3324b7f1323f7447c6411ad27be92307b6127e53af575faadca,"{""distance"":5,""physical_error_rate"":0.001}","{""detection_events"":1611135,""detectors_checked"":388333568,""obs_mistake_mask=E"":5}"
   3213312,         0,         0,   119.4,standalone_exact_mw,29ae76c7f86edcd2f56343e8109d8463cbc736644db4e57527101e2f1c3606c8,"{""distance"":5,""physical_error_rate"":0.0002}","{""detection_events"":597478,""detectors_checked"":719781888}"
   3817472,         0,         0,   119.2,standalone_exact_mw,aea10f45e3589e84a00777b800d38e8a3149bd6cb552c409f3bffd718c1a0abf,"{""distance"":5,""physical_error_rate"":5e-05}","{""detection_events"":177772,""detectors_checked"":855113728}"
   1744896,         8,         0,   119.5,standalone_exact_mw,77d802c74222c3324b7f1323f7447c6411ad27be92307b6127e53af575faadca,"{""distance"":5,""physical_error_rate"":0.001}","{""detection_events"":1621882,""detectors_checked"":390856704,""obs_mistake_mask=E"":8}"
   2915328,         0,         0,   119.4,standalone_exact_mw,29ae76c7f86edcd2f56343e8109d8463cbc736644db4e57527101e2f1c3606c8,"{""distance"":5,""physical_error_rate"":0.0002}","{""detection_events"":543772,""detectors_checked"":653033472}"
   5747712,         0,         0,   119.3,standalone_exact_mw,aea10f45e3589e84a00777b800d38e8a3149bd6cb552c409f3bffd718c1a0abf,"{""distance"":5,""physical_error_rate"":5e-05}","{""detection_events"":268292,""detectors_checked"":1287487488}"
   2928640,         0,         0,   119.2,standalone_exact_mw,29ae76c7f86edcd2f56343e8109d8463cbc736644db4e57527101e2f1c3606c8,"{""distance"":5,""physical_error_rate"":0.0002}","{""detection_events"":541691,""detectors_checked"":656015360}"
   4117504,         0,         0,   119.2,standalone_exact_mw,29ae76c7f86edcd2f56343e8109d8463cbc736644db4e57527101e2f1c3606c8,"{""distance"":5,""physical_error_rate"":0.0002}","{""detection_events"":768795,""detectors_checked"":922320896}"
   2605056,         1,         0,   119.6,standalone_exact_mw,503ee55b5ad1b1988379a241a0405811522ee4d50b473755532ad1299cb121e2,"{""distance"":5,""physical_error_rate"":0.0005}","{""detection_events"":1213354,""detectors_checked"":583532544,""obs_mistake_mask=E"":1}"
   3415040,         0,         0,   119.1,standalone_exact_mw,cc9149276d16e61a5ac322a1d2048afebd34054fe0ed4879b77eb616628c1148,"{""distance"":5,""physical_error_rate"":0.0001}","{""detection_events"":317555,""detectors_checked"":764968960}"
   2134016,         1,         0,   119.4,standalone_exact_mw,503ee55b5ad1b1988379a241a0405811522ee4d50b473755532ad1299cb121e2,"{""distance"":5,""physical_error_rate"":0.0005}","{""detection_events"":993305,""detectors_checked"":478019584,""obs_mistake_mask=E"":1}"
   1718272,         1,         0,   119.5,standalone_exact_mw,77d802c74222c3324b7f1323f7447c6411ad27be92307b6127e53af575faadca,"{""distance"":5,""physical_error_rate"":0.001}","{""detection_events"":1594710,""detectors_checked"":384892928,""obs_mistake_mask=E"":1}"
   1916928,         8,         0,   119.6,standalone_exact_mw,77d802c74222c3324b7f1323f7447c6411ad27be92307b6127e53af575faadca,"{""distance"":5,""physical_error_rate"":0.001}","{""detection_events"":1779506,""detectors_checked"":429391872,""obs_mistake_mask=E"":8}"
   3861504,         0,         0,   119.4,standalone_exact_mw,cc9149276d16e61a5ac322a1d2048afebd34054fe0ed4879b77eb616628c1148,"{""distance"":5,""physical_error_rate"":0.0001}","{""detection_events"":359842,""detectors_checked"":864976896}"
   3288064,         1,         0,   119.1,standalone_exact_mw,29ae76c7f86edcd2f56343e8109d8463cbc736644db4e57527101e2f1c3606c8,"{""distance"":5,""physical_error_rate"":0.0002}","{""detection_events"":616133,""detectors_checked"":736526336,""obs_mistake_mask=E"":1}"
   3081216,         0,         0,   119.1,standalone_exact_mw,aea10f45e3589e84a00777b800d38e8a3149bd6cb552c409f3bffd718c1a0abf,"{""distance"":5,""physical_error_rate"":5e-05}","{""detection_events"":144071,""detectors_checked"":690192384}"
   2567168,         1,         0,   119.4,standalone_exact_mw,503ee55b5ad1b1988379a241a0405811522ee4d50b473755532ad1299cb121e2,"{""distance"":5,""physical_error_rate"":0.0005}","{""detection_events"":1195054,""detectors_checked"":575045632,""obs_mistake_mask=E"":1}"
   1767424,         7,         0,   119.4,standalone_exact_mw,77d802c74222c3324b7f1323f7447c6411ad27be92307b6127e53af575faadca,"{""distance"":5,""physical_error_rate"":0.001}","{""detection_events"":1641438,""detectors_checked"":395902976,""obs_mistake_mask=E"":7}"
   3660800,         0,         0,   119.1,standalone_exact_mw,cc9149276d16e61a5ac322a1d2048afebd34054fe0ed4879b77eb616628c1148,"{""distance"":5,""physical_error_rate"":0.0001}","{""detection_events"":340451,""detectors_checked"":820019200}"
   3011584,         0,         0,   119.2,standalone_exact_mw,29ae76c7f86edcd2f56343e8109d8463cbc736644db4e57527101e2f1c3606c8,"{""distance"":5,""physical_error_rate"":0.0002}","{""detection_events"":562653,""detectors_checked"":674594816}"
   3567616,         0,         0,   119.1,standalone_exact_mw,aea10f45e3589e84a00777b800d38e8a3149bd6cb552c409f3bffd718c1a0abf,"{""distance"":5,""physical_error_rate"":5e-05}","{""detection_events"":166590,""detectors_checked"":799145984}"
   1780736,         6,         0,   119.4,standalone_exact_mw,77d802c74222c3324b7f1323f7447c6411ad27be92307b6127e53af575faadca,"{""distance"":5,""physical_error_rate"":0.001}","{""detection_events"":1652319,""detectors_checked"":398884864,""obs_mistake_mask=E"":6}"
   2527232,         1,         0,   119.4,standalone_exact_mw,503ee55b5ad1b1988379a241a0405811522ee4d50b473755532ad1299cb121e2,"{""distance"":5,""physical_error_rate"":0.0005}","{""detection_events"":1177219,""detectors_checked"":566099968,""obs_mistake_mask=E"":1}"
   2972672,         0,         0,   119.5,standalone_exact_mw,29ae76c7f86edcd2f56343e8109d8463cbc736644db4e57527101e2f1c3606c8,"{""distance"":5,""physical_error_rate"":0.0002}","{""detection_events"":554973,""detectors_checked"":665878528}"
   4112384,         0,         0,   119.2,standalone_exact_mw,aea10f45e3589e84a00777b800d38e8a3149bd6cb552c409f3bffd718c1a0abf,"{""distance"":5,""physical_error_rate"":5e-05}","{""detection_events"":192803,""detectors_checked"":921174016}"
   4224000,         0,         0,   119.3,standalone_exact_mw,cc9149276d16e61a5ac322a1d2048afebd34054fe0ed4879b77eb616628c1148,"{""distance"":5,""physical_error_rate"":0.0001}","{""detection_events"":394263,""detectors_checked"":946176000}"
   2298880,         0,         0,   119.4,standalone_exact_mw,503ee55b5ad1b1988379a241a0405811522ee4d50b473755532ad1299cb121e2,"{""distance"":5,""physical_error_rate"":0.0005}","{""detection_events"":1071423,""detectors_checked"":514949120}"
   2097152,         6,         0,   119.6,standalone_exact_mw,77d802c74222c3324b7f1323f7447c6411ad27be92307b6127e53af575faadca,"{""distance"":5,""physical_error_rate"":0.001}","{""detection_events"":1944893,""detectors_checked"":469762048,""obs_mistake_mask=E"":6}"
   4014080,         0,         0,   119.2,standalone_exact_mw,cc9149276d16e61a5ac322a1d2048afebd34054fe0ed4879b77eb616628c1148,"{""distance"":5,""physical_error_rate"":0.0001}","{""detection_events"":375115,""detectors_checked"":899153920}"
   6009856,         0,         0,   119.2,standalone_exact_mw,aea10f45e3589e84a00777b800d38e8a3149bd6cb552c409f3bffd718c1a0abf,"{""distance"":5,""physical_error_rate"":5e-05}","{""detection_events"":280517,""detectors_checked"":1346207744}"
   3314688,         0,         0,   119.3,standalone_exact_mw,29ae76c7f86edcd2f56343e8109d8463cbc736644db4e57527101e2f1c3606c8,"{""distance"":5,""physical_error_rate"":0.0002}","{""detection_events"":619770,""detectors_checked"":742490112}"
   4000768,         0,         0,   119.2,standalone_exact_mw,cc9149276d16e61a5ac322a1d2048afebd34054fe0ed4879b77eb616628c1148,"{""distance"":5,""physical_error_rate"":0.0001}","{""detection_events"":371895,""detectors_checked"":896172032}"
   2359296,         1,         0,   119.4,standalone_exact_mw,503ee55b5ad1b1988379a241a0405811522ee4d50b473755532ad1299cb121e2,"{""distance"":5,""physical_error_rate"":0.0005}","{""detection_events"":1094643,""detectors_checked"":528482304,""obs_mistake_mask=E"":1}"
   3494912,         0,         0,   119.4,standalone_exact_mw,29ae76c7f86edcd2f56343e8109d8463cbc736644db4e57527101e2f1c3606c8,"{""distance"":5,""physical_error_rate"":0.0002}","{""detection_events"":652377,""detectors_checked"":782860288}"
   5578752,         0,         0,   119.4,standalone_exact_mw,aea10f45e3589e84a00777b800d38e8a3149bd6cb552c409f3bffd718c1a0abf,"{""distance"":5,""physical_error_rate"":5e-05}","{""detection_events"":261461,""detectors_checked"":1249640448}"
   2619392,         0,         0,   119.5,standalone_exact_mw,29ae76c7f86edcd2f56343e8109d8463cbc736644db4e57527101e2f1c3606c8,"{""distance"":5,""physical_error_rate"":0.0002}","{""detection_events"":489557,""detectors_checked"":586743808}"
   1781760,         6,         0,   119.6,standalone_exact_mw,77d802c74222c3324b7f1323f7447c6411ad27be92307b6127e53af575faadca,"{""distance"":5,""physical_error_rate"":0.001}","{""detection_events"":1654762,""detectors_checked"":399114240,""obs_mistake_mask=E"":6}"
   1358848,         2,         0,    83.4,standalone_exact_mw,77d802c74222c3324b7f1323f7447c6411ad27be92307b6127e53af575faadca,"{""distance"":5,""physical_error_rate"":0.001}","{""detection_events"":1258038,""detectors_checked"":304381952,""obs_mistake_mask=E"":2}"
   1021952,         4,         0,    85.2,standalone_exact_mw,77d802c74222c3324b7f1323f7447c6411ad27be92307b6127e53af575faadca,"{""distance"":5,""physical_error_rate"":0.001}","{""detection_events"":944230,""detectors_checked"":228917248,""obs_mistake_mask=E"":4}"
    382976,         2,         0,    23.1,standalone_exact_mw,77d802c74222c3324b7f1323f7447c6411ad27be92307b6127e53af575faadca,"{""distance"":5,""physical_error_rate"":0.001}","{""detection_events"":355143,""detectors_checked"":85786624,""obs_mistake_mask=E"":2}"
   1697792,         8,         0,   112.6,standalone_exact_mw,77d802c74222c3324b7f1323f7447c6411ad27be92307b6127e53af575faadca,"{""distance"":5,""physical_error_rate"":0.001}","{""detection_events"":1573494,""detectors_checked"":380305408,""obs_mistake_mask=E"":8}"
   2142208,         9,         0,    93.7,standalone_exact_mw,77d802c74222c3324b7f1323f7447c6411ad27be92307b6127e53af575faadca,"{""distance"":5,""physical_error_rate"":0.001}","{""detection_events"":1984276,""detectors_checked"":479854592,""obs_mistake_mask=E"":9}"
    494592,         1,         0,    34.5,standalone_exact_mw,77d802c74222c3324b7f1323f7447c6411ad27be92307b6127e53af575faadca,"{""distance"":5,""physical_error_rate"":0.001}","{""detection_events"":457016,""detectors_checked"":110788608,""obs_mistake_mask=E"":1}"
   1176576,         5,         0,    66.8,standalone_exact_mw,77d802c74222c3324b7f1323f7447c6411ad27be92307b6127e53af575faadca,"{""distance"":5,""physical_error_rate"":0.001}","{""detection_events"":1091998,""detectors_checked"":263553024,""obs_mistake_mask=E"":5}"
    977920,         4,         0,    67.2,standalone_exact_mw,77d802c74222c3324b7f1323f7447c6411ad27be92307b6127e53af575faadca,"{""distance"":5,""physical_error_rate"":0.001}","{""detection_events"":907153,""detectors_checked"":219054080,""obs_mistake_mask=E"":4}"
   1412096,         7,         0,    86.1,standalone_exact_mw,77d802c74222c3324b7f1323f7447c6411ad27be92307b6127e53af575faadca,"{""distance"":5,""physical_error_rate"":0.001}","{""detection_events"":1308600,""detectors_checked"":316309504,""obs_mistake_mask=E"":7}"
    793600,         1,         0,    54.5,standalone_exact_mw,77d802c74222c3324b7f1323f7447c6411ad27be92307b6127e53af575faadca,"{""distance"":5,""physical_error_rate"":0.001}","{""detection_events"":734755,""detectors_checked"":177766400,""obs_mistake_mask=E"":1}"
   1161216,         3,         0,    79.9,standalone_exact_mw,77d802c74222c3324b7f1323f7447c6411ad27be92307b6127e53af575faadca,"{""distance"":5,""physical_error_rate"":0.001}","{""detection_events"":1077193,""detectors_checked"":260112384,""obs_mistake_mask=E"":3}"
   1970176,        10,         0,   116.3,standalone_exact_mw,77d802c74222c3324b7f1323f7447c6411ad27be92307b6127e53af575faadca,"{""distance"":5,""physical_error_rate"":0.001}","{""detection_events"":1824005,""detectors_checked"":441319424,""obs_mistake_mask=E"":10}"
   4196352,         0,         0,   119.1,standalone_exact_mw,aea10f45e3589e84a00777b800d38e8a3149bd6cb552c409f3bffd718c1a0abf,"{""distance"":5,""physical_error_rate"":5e-05}","{""detection_events"":196492,""detectors_checked"":939982848}"
   2856960,         1,         0,   119.4,standalone_exact_mw,503ee55b5ad1b1988379a241a0405811522ee4d50b473755532ad1299cb121e2,"{""distance"":5,""physical_error_rate"":0.0005}","{""detection_events"":1326494,""detectors_checked"":639959040,""obs_mistake_mask=E"":1}"
   2576384,         0,         0,   119.4,standalone_exact_mw,503ee55b5ad1b1988379a241a0405811522ee4d50b473755532ad1299cb121e2,"{""distance"":5,""physical_error_rate"":0.0005}","{""detection_events"":1202506,""detectors_checked"":577110016}"
   3736576,         0,         0,   119.2,standalone_exact_mw,aea10f45e3589e84a00777b800d38e8a3149bd6cb552c409f3bffd718c1a0abf,"{""distance"":5,""physical_error_rate"":5e-05}","{""detection_events"":174607,""detectors_checked"":836993024}"
   4189184,         0,         0,   119.3,standalone_exact_mw,cc9149276d16e61a5ac322a1d2048afebd34054fe0ed4879b77eb616628c1148,"{""distance"":5,""physical_error_rate"":0.0001}","{""detection_events"":392068,""detectors_checked"":938377216}"
      1297,         0,         0,   0.013,standalone_exact_mw,cc9149276d16e61a5ac322a1d2048afebd34054fe0ed4879b77eb616628c1148,"{""distance"":5,""physical_error_rate"":0.0001}","{""detection_events"":128,""detectors_checked"":290528}"
      1024,         0,         0,   0.009,standalone_exact_mw,cc9149276d16e61a5ac322a1d2048afebd34054fe0ed4879b77eb616628c1148,"{""distance"":5,""physical_error_rate"":0.0001}","{""detection_events"":111,""detectors_checked"":229376}"
      1024,         0,         0,   0.027,standalone_exact_mw,cc9149276d16e61a5ac322a1d2048afebd34054fe0ed4879b77eb616628c1148,"{""distance"":5,""physical_error_rate"":0.0001}","{""detection_events"":89,""detectors_checked"":229376}"
      1024,         0,         0,   0.027,standalone_exact_mw,cc9149276d16e61a5ac322a1d2048afebd34054fe0ed4879b77eb616628c1148,"{""distance"":5,""physical_error_rate"":0.0001}","{""detection_events"":79,""detectors_checked"":229376}"
      3072,         0,         0,   0.062,standalone_exact_mw,cc9149276d16e61a5ac322a1d2048afebd34054fe0ed4879b77eb616628c1148,"{""distance"":5,""physical_error_rate"":0.0001}","{""detection_events"":255,""detectors_checked"":688128}"
      2048,         0,         0,   0.040,standalone_exact_mw,cc9149276d16e61a5ac322a1d2048afebd34054fe0ed4879b77eb616628c1148,"{""distance"":5,""physical_error_rate"":0.0001}","{""detection_events"":167,""detectors_checked"":458752}"
      3072,         0,         0,   0.068,standalone_exact_mw,cc9149276d16e61a5ac322a1d2048afebd34054fe0ed4879b77eb616628c1148,"{""distance"":5,""physical_error_rate"":0.0001}","{""detection_events"":321,""detectors_checked"":688128}"
      4096,         0,         0,   0.098,standalone_exact_mw,cc9149276d16e61a5ac322a1d2048afebd34054fe0ed4879b77eb616628c1148,"{""distance"":5,""physical_error_rate"":0.0001}","{""detection_events"":389,""detectors_checked"":917504}"
      6144,         0,         0,   0.161,standalone_exact_mw,cc9149276d16e61a5ac322a1d2048afebd34054fe0ed4879b77eb616628c1148,"{""distance"":5,""physical_error_rate"":0.0001}","{""detection_events"":584,""detectors_checked"":1376256}"
      9216,         0,         0,   0.244,standalone_exact_mw,cc9149276d16e61a5ac322a1d2048afebd34054fe0ed4879b77eb616628c1148,"{""distance"":5,""physical_error_rate"":0.0001}","{""detection_events"":797,""detectors_checked"":2064384}"
     11264,         0,         0,   0.289,standalone_exact_mw,cc9149276d16e61a5ac322a1d2048afebd34054fe0ed4879b77eb616628c1148,"{""distance"":5,""physical_error_rate"":0.0001}","{""detection_events"":952,""detectors_checked"":2523136}"
     19456,         0,         0,   0.399,standalone_exact_mw,cc9149276d16e61a5ac322a1d2048afebd34054fe0ed4879b77eb616628c1148,"{""distance"":5,""physical_error_rate"":0.0001}","{""detection_events"":1841,""detectors_checked"":4358144}"
   4581376,         3,         0,   119.6,standalone_exact_mw,503ee55b5ad1b1988379a241a0405811522ee4d50b473755532ad1299cb121e2,"{""distance"":5,""physical_error_rate"":0.0005}","{""detection_events"":2136019,""detectors_checked"":1026228224,""obs_mistake_mask=E"":3}"
     27648,         0,         0,   0.570,standalone_exact_mw,cc9149276d16e61a5ac322a1d2048afebd34054fe0ed4879b77eb616628c1148,"{""distance"":5,""physical_error_rate"":0.0001}","{""detection_events"":2577,""detectors_checked"":6193152}"
     32768,         0,         0,   0.812,standalone_exact_mw,cc9149276d16e61a5ac322a1d2048afebd34054fe0ed4879b77eb616628c1148,"{""distance"":5,""physical_error_rate"":0.0001}","{""detection_events"":2906,""detectors_checked"":7340032}"
       273,         0,         0,   0.032,standalone_exact_mw,cc9149276d16e61a5ac322a1d2048afebd34054fe0ed4879b77eb616628c1148,"{""distance"":5,""physical_error_rate"":0.0001}","{""detection_events"":23,""detectors_checked"":61152}"
      1024,         0,         0,   0.030,standalone_exact_mw,cc9149276d16e61a5ac322a1d2048afebd34054fe0ed4879b77eb616628c1148,"{""distance"":5,""physical_error_rate"":0.0001}","{""detection_events"":91,""detectors_checked"":229376}"
      1024,         0,         0,   0.030,standalone_exact_mw,cc9149276d16e61a5ac322a1d2048afebd34054fe0ed4879b77eb616628c1148,"{""distance"":5,""physical_error_rate"":0.0001}","{""detection_events"":79,""detectors_checked"":229376}"
      1024,         0,         0,   0.030,standalone_exact_mw,cc9149276d16e61a5ac322a1d2048afebd34054fe0ed4879b77eb616628c1148,"{""distance"":5,""physical_error_rate"":0.0001}","{""detection_events"":69,""detectors_checked"":229376}"
      2048,         0,         0,   0.058,standalone_exact_mw,cc9149276d16e61a5ac322a1d2048afebd34054fe0ed4879b77eb616628c1148,"{""distance"":5,""physical_error_rate"":0.0001}","{""detection_events"":153,""detectors_checked"":458752}"
     65536,         0,         0,    1.11,standalone_exact_mw,cc9149276d16e61a5ac322a1d2048afebd34054fe0ed4879b77eb616628c1148,"{""distance"":5,""physical_error_rate"":0.0001}","{""detection_events"":5919,""detectors_checked"":14680064}"
       273,         0,         0,   0.025,standalone_exact_mw,29ae76c7f86edcd2f56343e8109d8463cbc736644db4e57527101e2f1c3606c8,"{""distance"":5,""physical_error_rate"":0.0002}","{""detection_events"":51,""detectors_checked"":61152}"
      1024,         0,         0,   0.039,standalone_exact_mw,29ae76c7f86edcd2f56343e8109d8463cbc736644db4e57527101e2f1c3606c8,"{""distance"":5,""physical_error_rate"":0.0002}","{""detection_events"":213,""detectors_checked"":229376}"
      2048,         0,         0,   0.081,standalone_exact_mw,cc9149276d16e61a5ac322a1d2048afebd34054fe0ed4879b77eb616628c1148,"{""distance"":5,""physical_error_rate"":0.0001}","{""detection_events"":152,""detectors_checked"":458752}"
      1024,         0,         0,   0.031,standalone_exact_mw,29ae76c7f86edcd2f56343e8109d8463cbc736644db4e57527101e2f1c3606c8,"{""distance"":5,""physical_error_rate"":0.0002}","{""detection_events"":172,""detectors_checked"":229376}"
      1024,         0,         0,   0.057,standalone_exact_mw,29ae76c7f86edcd2f56343e8109d8463cbc736644db4e57527101e2f1c3606c8,"{""distance"":5,""physical_error_rate"":0.0002}","{""detection_events"":150,""detectors_checked"":229376}"
      2048,         0,         0,   0.081,standalone_exact_mw,cc9149276d16e61a5ac322a1d2048afebd34054fe0ed4879b77eb616628c1148,"{""distance"":5,""physical_error_rate"":0.0001}","{""detection_events"":182,""detectors_checked"":458752}"
      2048,         0,         0,   0.083,standalone_exact_mw,29ae76c7f86edcd2f56343e8109d8463cbc736644db4e57527101e2f1c3606c8,"{""distance"":5,""physical_error_rate"":0.0002}","{""detection_events"":348,""detectors_checked"":458752}"
      3072,         0,         0,   0.130,standalone_exact_mw,cc9149276d16e61a5ac322a1d2048afebd34054fe0ed4879b77eb616628c1148,"{""distance"":5,""physical_error_rate"":0.0001}","{""detection_events"":319,""detectors_checked"":688128}"
      2048,         0,         0,   0.083,standalone_exact_mw,29ae76c7f86edcd2f56343e8109d8463cbc736644db4e57527101e2f1c3606c8,"{""distance"":5,""physical_error_rate"":0.0002}","{""detection_events"":353,""detectors_checked"":458752}"
      2048,         0,         0,   0.083,standalone_exact_mw,29ae76c7f86edcd2f56343e8109d8463cbc736644db4e57527101e2f1c3606c8,"{""distance"":5,""physical_error_rate"":0.0002}","{""detection_events"":411,""detectors_checked"":458752}"
      5120,         0,         0,   0.170,standalone_exact_mw,cc9149276d16e61a5ac322a1d2048afebd34054fe0ed4879b77eb616628c1148,"{""distance"":5,""physical_error_rate"":0.0001}","{""detection_events"":429,""detectors_checked"":1146880}"
      3072,         0,         0,   0.114,standalone_exact_mw,29ae76c7f86edcd2f56343e8109d8463cbc736644db4e57527101e2f1c3606c8,"{""distance"":5,""physical_error_rate"":0.0002}","{""detection_events"":561,""detectors_checked"":688128}"
       273,         0,         0,   0.025,standalone_exact_mw,aea10f45e3589e84a00777b800d38e8a3149bd6cb552c409f3bffd718c1a0abf,"{""distance"":5,""physical_error_rate"":5e-05}","{""detection_events"":16,""detectors_checked"":61152}"
      1024,         0,         0,   0.027,standalone_exact_mw,aea10f45e3589e84a00777b800d38e8a3149bd6cb552c409f3bffd718c1a0abf,"{""distance"":5,""physical_error_rate"":5e-05}","{""detection_events"":41,""detectors_checked"":229376}"
      1024,         0,         0,   0.029,standalone_exact_mw,aea10f45e3589e84a00777b800d38e8a3149bd6cb552c409f3bffd718c1a0abf,"{""distance"":5,""physical_error_rate"":5e-05}","{""detection_events"":56,""detectors_checked"":229376}"
      1024,         0,         0,   0.051,standalone_exact_mw,aea10f45e3589e84a00777b800d38e8a3149bd6cb552c409f3bffd718c1a0abf,"{""distance"":5,""physical_error_rate"":5e-05}","{""detection_events"":54,""detectors_checked"":229376}"
      4096,         0,         0,   0.167,standalone_exact_mw,29ae76c7f86edcd2f56343e8109d8463cbc736644db4e57527101e2f1c3606c8,"{""distance"":5,""physical_error_rate"":0.0002}","{""detection_events"":756,""detectors_checked"":917504}"
      6144,         0,         0,   0.242,standalone_exact_mw,cc9149276d16e61a5ac322a1d2048afebd34054fe0ed4879b77eb616628c1148,"{""distance"":5,""physical_error_rate"":0.0001}","{""detection_events"":574,""detectors_checked"":1376256}"
      2048,         0,         0,   0.053,standalone_exact_mw,aea10f45e3589e84a00777b800d38e8a3149bd6cb552c409f3bffd718c1a0abf,"{""distance"":5,""physical_error_rate"":5e-05}","{""detection_events"":119,""detectors_checked"":458752}"
      2048,         0,         0,   0.080,standalone_exact_mw,aea10f45e3589e84a00777b800d38e8a3149bd6cb552c409f3bffd718c1a0abf,"{""distance"":5,""physical_error_rate"":5e-05}","{""detection_events"":112,""detectors_checked"":458752}"
      3072,         0,         0,   0.089,standalone_exact_mw,aea10f45e3589e84a00777b800d38e8a3149bd6cb552c409f3bffd718c1a0abf,"{""distance"":5,""physical_error_rate"":5e-05}","{""detection_events"":148,""detectors_checked"":688128}"
      6144,         0,         0,   0.253,standalone_exact_mw,29ae76c7f86edcd2f56343e8109d8463cbc736644db4e57527101e2f1c3606c8,"{""distance"":5,""physical_error_rate"":0.0002}","{""detection_events"":1283,""detectors_checked"":1376256}"
      1297,         0,         0,   0.028,standalone_exact_mw,503ee55b5ad1b1988379a241a0405811522ee4d50b473755532ad1299cb121e2,"{""distance"":5,""physical_error_rate"":0.0005}","{""detection_events"":608,""detectors_checked"":290528}"
      3072,         0,         0,   0.109,standalone_exact_mw,aea10f45e3589e84a00777b800d38e8a3149bd6cb552c409f3bffd718c1a0abf,"{""distance"":5,""physical_error_rate"":5e-05}","{""detection_events"":145,""detectors_checked"":688128}"
      9216,         0,         0,   0.330,standalone_exact_mw,cc9149276d16e61a5ac322a1d2048afebd34054fe0ed4879b77eb616628c1148,"{""distance"":5,""physical_error_rate"":0.0001}","{""detection_events"":1032,""detectors_checked"":2064384}"
      1024,         0,         0,   0.030,standalone_exact_mw,503ee55b5ad1b1988379a241a0405811522ee4d50b473755532ad1299cb121e2,"{""distance"":5,""physical_error_rate"":0.0005}","{""detection_events"":474,""detectors_checked"":229376}"
      2048,         0,         0,   0.025,standalone_exact_mw,503ee55b5ad1b1988379a241a0405811522ee4d50b473755532ad1299cb121e2,"{""distance"":5,""physical_error_rate"":0.0005}","{""detection_events"":942,""detectors_checked"":458752}"
      2048,         0,         0,   0.038,standalone_exact_mw,503ee55b5ad1b1988379a241a0405811522ee4d50b473755532ad1299cb121e2,"{""distance"":5,""physical_error_rate"":0.0005}","{""detection_events"":933,""detectors_checked"":458752}"
      4096,         0,         0,   0.156,standalone_exact_mw,aea10f45e3589e84a00777b800d38e8a3149bd6cb552c409f3bffd718c1a0abf,"{""distance"":5,""physical_error_rate"":5e-05}","{""detection_events"":187,""detectors_checked"":917504}"
      2048,         0,         0,   0.063,standalone_exact_mw,503ee55b5ad1b1988379a241a0405811522ee4d50b473755532ad1299cb121e2,"{""distance"":5,""physical_error_rate"":0.0005}","{""detection_events"":917,""detectors_checked"":458752}"
      8192,         0,         0,   0.328,standalone_exact_mw,29ae76c7f86edcd2f56343e8109d8463cbc736644db4e57527101e2f1c3606c8,"{""distance"":5,""physical_error_rate"":0.0002}","{""detection_events"":1610,""detectors_checked"":1835008}"
      3072,         0,         0,   0.078,standalone_exact_mw,503ee55b5ad1b1988379a241a0405811522ee4d50b473755532ad1299cb121e2,"{""distance"":5,""physical_error_rate"":0.0005}","{""detection_events"":1527,""detectors_checked"":688128}"
      4096,         0,         0,   0.086,standalone_exact_mw,503ee55b5ad1b1988379a241a0405811522ee4d50b473755532ad1299cb121e2,"{""distance"":5,""physical_error_rate"":0.0005}","{""detection_events"":1763,""detectors_checked"":917504}"
      5120,         0,         0,   0.225,standalone_exact_mw,aea10f45e3589e84a00777b800d38e8a3149bd6cb552c409f3bffd718c1a0abf,"{""distance"":5,""physical_error_rate"":5e-05}","{""detection_events"":206,""detectors_checked"":1146880}"
      5120,         0,         0,   0.128,standalone_exact_mw,503ee55b5ad1b1988379a241a0405811522ee4d50b473755532ad1299cb121e2,"{""distance"":5,""physical_error_rate"":0.0005}","{""detection_events"":2323,""detectors_checked"":1146880}"
     10240,         0,         0,   0.446,standalone_exact_mw,cc9149276d16e61a5ac322a1d2048afebd34054fe0ed4879b77eb616628c1148,"{""distance"":5,""physical_error_rate"":0.0001}","{""detection_events"":905,""detectors_checked"":2293760}"
     53248,         0,         0,    1.54,standalone_exact_mw,cc9149276d16e61a5ac322a1d2048afebd34054fe0ed4879b77eb616628c1148,"{""distance"":5,""physical_error_rate"":0.0001}","{""detection_events"":5084,""detectors_checked"":11927552}"
      4096,         0,         0,   0.134,standalone_exact_mw,503ee55b5ad1b1988379a241a0405811522ee4d50b473755532ad1299cb121e2,"{""distance"":5,""physical_error_rate"":0.0005}","{""detection_events"":1894,""detectors_checked"":917504}"
     10240,         0,         0,   0.411,standalone_exact_mw,29ae76c7f86edcd2f56343e8109d8463cbc736644db4e57527101e2f1c3606c8,"{""distance"":5,""physical_error_rate"":0.0002}","{""detection_events"":1954,""detectors_checked"":2293760}"
      8192,         0,         0,   0.297,standalone_exact_mw,aea10f45e3589e84a00777b800d38e8a3149bd6cb552c409f3bffd718c1a0abf,"{""distance"":5,""physical_error_rate"":5e-05}","{""detection_events"":385,""detectors_checked"":1835008}"
      6144,         0,         0,   0.237,standalone_exact_mw,503ee55b5ad1b1988379a241a0405811522ee4d50b473755532ad1299cb121e2,"{""distance"":5,""physical_error_rate"":0.0005}","{""detection_events"":2906,""detectors_checked"":1376256}"
      1297,         0,         0,   0.052,standalone_exact_mw,cc9149276d16e61a5ac322a1d2048afebd34054fe0ed4879b77eb616628c1148,"{""distance"":5,""physical_error_rate"":0.0001}","{""detection_events"":125,""detectors_checked"":290528}"
      1024,         0,         0,   0.049,standalone_exact_mw,cc9149276d16e61a5ac322a1d2048afebd34054fe0ed4879b77eb616628c1148,"{""distance"":5,""physical_error_rate"":0.0001}","{""detection_events"":67,""detectors_checked"":229376}"
      1024,         0,         0,   0.049,standalone_exact_mw,cc9149276d16e61a5ac322a1d2048afebd34054fe0ed4879b77eb616628c1148,"{""distance"":5,""physical_error_rate"":0.0001}","{""detection_events"":87,""detectors_checked"":229376}"
      1024,         0,         0,   0.029,standalone_exact_mw,cc9149276d16e61a5ac322a1d2048afebd34054fe0ed4879b77eb616628c1148,"{""distance"":5,""physical_error_rate"":0.0001}","{""detection_events"":84,""detectors_checked"":229376}"
      1024,         0,         0,   0.049,standalone_exact_mw,cc9149276d16e61a5ac322a1d2048afebd34054fe0ed4879b77eb616628c1148,"{""distance"":5,""physical_error_rate"":0.0001}","{""detection_events"":79,""detectors_checked"":229376}"
     21504,         0,         0,   0.572,standalone_exact_mw,cc9149276d16e61a5ac322a1d2048afebd34054fe0ed4879b77eb616628c1148,"{""distance"":5,""physical_error_rate"":0.0001}","{""detection_events"":2015,""detectors_checked"":4816896}"
     15360,         0,         0,   0.436,standalone_exact_mw,aea10f45e3589e84a00777b800d38e8a3149bd6cb552c409f3bffd718c1a0abf,"{""distance"":5,""physical_error_rate"":5e-05}","{""detection_events"":753,""detectors_checked"":3440640}"
      2048,         0,         0,   0.098,standalone_exact_mw,cc9149276d16e61a5ac322a1d2048afebd34054fe0ed4879b77eb616628c1148,"{""distance"":5,""physical_error_rate"":0.0001}","{""detection_events"":213,""detectors_checked"":458752}"
      6144,         0,         0,   0.292,standalone_exact_mw,503ee55b5ad1b1988379a241a0405811522ee4d50b473755532ad1299cb121e2,"{""distance"":5,""physical_error_rate"":0.0005}","{""detection_events"":3027,""detectors_checked"":1376256}"
      2048,         0,         0,   0.080,standalone_exact_mw,cc9149276d16e61a5ac322a1d2048afebd34054fe0ed4879b77eb616628c1148,"{""distance"":5,""physical_error_rate"":0.0001}","{""detection_events"":184,""detectors_checked"":458752}"
     17408,         0,         0,   0.590,standalone_exact_mw,29ae76c7f86edcd2f56343e8109d8463cbc736644db4e57527101e2f1c3606c8,"{""distance"":5,""physical_error_rate"":0.0002}","{""detection_events"":3190,""detectors_checked"":3899392}"
      3072,         0,         0,   0.147,standalone_exact_mw,cc9149276d16e61a5ac322a1d2048afebd34054fe0ed4879b77eb616628c1148,"{""distance"":5,""physical_error_rate"":0.0001}","{""detection_events"":279,""detectors_checked"":688128}"
      4096,         0,         0,   0.176,standalone_exact_mw,cc9149276d16e61a5ac322a1d2048afebd34054fe0ed4879b77eb616628c1148,"{""distance"":5,""physical_error_rate"":0.0001}","{""detection_events"":349,""detectors_checked"":917504}"
      8192,         0,         0,   0.418,standalone_exact_mw,503ee55b5ad1b1988379a241a0405811522ee4d50b473755532ad1299cb121e2,"{""distance"":5,""physical_error_rate"":0.0005}","{""detection_events"":3698,""detectors_checked"":1835008}"
     20480,         0,         0,   0.577,standalone_exact_mw,aea10f45e3589e84a00777b800d38e8a3149bd6cb552c409f3bffd718c1a0abf,"{""distance"":5,""physical_error_rate"":5e-05}","{""detection_events"":960,""detectors_checked"":4587520}"
      5120,         0,         0,   0.207,standalone_exact_mw,cc9149276d16e61a5ac322a1d2048afebd34054fe0ed4879b77eb616628c1148,"{""distance"":5,""physical_error_rate"":0.0001}","{""detection_events"":496,""detectors_checked"":1146880}"
     23552,         0,         0,   0.811,standalone_exact_mw,cc9149276d16e61a5ac322a1d2048afebd34054fe0ed4879b77eb616628c1148,"{""distance"":5,""physical_error_rate"":0.0001}","{""detection_events"":2064,""detectors_checked"":5275648}"
     26624,         0,         0,   0.783,standalone_exact_mw,29ae76c7f86edcd2f56343e8109d8463cbc736644db4e57527101e2f1c3606c8,"{""distance"":5,""physical_error_rate"":0.0002}","{""detection_events"":4815,""detectors_checked"":5963776}"
      9216,         0,         0,   0.332,standalone_exact_mw,cc9149276d16e61a5ac322a1d2048afebd34054fe0ed4879b77eb616628c1148,"{""distance"":5,""physical_error_rate"":0.0001}","{""detection_events"":884,""detectors_checked"":2064384}"
     12288,         0,         0,   0.612,standalone_exact_mw,503ee55b5ad1b1988379a241a0405811522ee4d50b473755532ad1299cb121e2,"{""distance"":5,""physical_error_rate"":0.0005}","{""detection_events"":5692,""detectors_checked"":2752512}"
   5038080,         0,         0,   119.3,standalone_exact_mw,29ae76c7f86edcd2f56343e8109d8463cbc736644db4e57527101e2f1c3606c8,"{""distance"":5,""physical_error_rate"":0.0002}","{""detection_events"":938134,""detectors_checked"":1128529920}"
     12288,         0,         0,   0.405,standalone_exact_mw,cc9149276d16e61a5ac322a1d2048afebd34054fe0ed4879b77eb616628c1148,"{""distance"":5,""physical_error_rate"":0.0001}","{""detection_events"":1075,""detectors_checked"":2752512}"
     30720,         0,         0,   0.826,standalone_exact_mw,aea10f45e3589e84a00777b800d38e8a3149bd6cb552c409f3bffd718c1a0abf,"{""distance"":5,""physical_error_rate"":5e-05}","{""detection_events"":1427,""detectors_checked"":6881280}"
       273,         0,         0,   0.025,standalone_exact_mw,cc9149276d16e61a5ac322a1d2048afebd34054fe0ed4879b77eb616628c1148,"{""distance"":5,""physical_error_rate"":0.0001}","{""detection_events"":27,""detectors_checked"":61152}"
      1024,         0,         0,   0.031,standalone_exact_mw,cc9149276d16e61a5ac322a1d2048afebd34054fe0ed4879b77eb616628c1148,"{""distance"":5,""physical_error_rate"":0.0001}","{""detection_events"":102,""detectors_checked"":229376}"
      1024,         0,         0,   0.030,standalone_exact_mw,cc9149276d16e61a5ac322a1d2048afebd34054fe0ed4879b77eb616628c1148,"{""distance"":5,""physical_error_rate"":0.0001}","{""detection_events"":121,""detectors_checked"":229376}"
     98304,         0,         0,    2.17,standalone_exact_mw,cc9149276d16e61a5ac322a1d2048afebd34054fe0ed4879b77eb616628c1148,"{""distance"":5,""physical_error_rate"":0.0001}","{""detection_events"":9300,""detectors_checked"":22020096}"
      1024,         0,         0,   0.030,standalone_exact_mw,cc9149276d16e61a5ac322a1d2048afebd34054fe0ed4879b77eb616628c1148,"{""distance"":5,""physical_error_rate"":0.0001}","{""detection_events"":81,""detectors_checked"":229376}"
      2048,         0,         0,   0.060,standalone_exact_mw,cc9149276d16e61a5ac322a1d2048afebd34054fe0ed4879b77eb616628c1148,"{""distance"":5,""physical_error_rate"":0.0001}","{""detection_events"":203,""detectors_checked"":458752}"
      2048,         0,         0,   0.080,standalone_exact_mw,cc9149276d16e61a5ac322a1d2048afebd34054fe0ed4879b77eb616628c1148,"{""distance"":5,""physical_error_rate"":0.0001}","{""detection_events"":176,""detectors_checked"":458752}"
     38912,         0,         0,    1.10,standalone_exact_mw,cc9149276d16e61a5ac322a1d2048afebd34054fe0ed4879b77eb616628c1148,"{""distance"":5,""physical_error_rate"":0.0001}","{""detection_events"":3878,""detectors_checked"":8716288}"
     21504,         0,         0,   0.801,standalone_exact_mw,503ee55b5ad1b1988379a241a0405811522ee4d50b473755532ad1299cb121e2,"{""distance"":5,""physical_error_rate"":0.0005}","{""detection_events"":9999,""detectors_checked"":4816896}"
        17,         0,         0,   0.015,standalone_exact_mw,503ee55b5ad1b1988379a241a0405811522ee4d50b473755532ad1299cb121e2,"{""distance"":5,""physical_error_rate"":0.0005}","{""detection_events"":8,""detectors_checked"":3808}"
      3072,         0,         0,   0.111,standalone_exact_mw,cc9149276d16e61a5ac322a1d2048afebd34054fe0ed4879b77eb616628c1148,"{""distance"":5,""physical_error_rate"":0.0001}","{""detection_events"":273,""detectors_checked"":688128}"
      1280,         0,         0,   0.064,standalone_exact_mw,503ee55b5ad1b1988379a241a0405811522ee4d50b473755532ad1299cb121e2,"{""distance"":5,""physical_error_rate"":0.0005}","{""detection_events"":595,""detectors_checked"":286720}"
        17,         0,         0,   0.022,standalone_exact_mw,503ee55b5ad1b1988379a241a0405811522ee4d50b473755532ad1299cb121e2,"{""distance"":5,""physical_error_rate"":0.0005}","{""detection_events"":13,""detectors_checked"":3808}"
     17408,         0,         0,   0.594,standalone_exact_mw,cc9149276d16e61a5ac322a1d2048afebd34054fe0ed4879b77eb616628c1148,"{""distance"":5,""physical_error_rate"":0.0001}","{""detection_events"":1593,""detectors_checked"":3899392}"
       256,         0,         0,   0.018,standalone_exact_mw,503ee55b5ad1b1988379a241a0405811522ee4d50b473755532ad1299cb121e2,"{""distance"":5,""physical_error_rate"":0.0005}","{""detection_events"":140,""detectors_checked"":57344}"
      1024,         0,         0,   0.055,standalone_exact_mw,503ee55b5ad1b1988379a241a0405811522ee4d50b473755532ad1299cb121e2,"{""distance"":5,""physical_error_rate"":0.0005}","{""detection_events"":515,""detectors_checked"":229376}"
      3072,         0,         0,   0.106,standalone_exact_mw,cc9149276d16e61a5ac322a1d2048afebd34054fe0ed4879b77eb616628c1148,"{""distance"":5,""physical_error_rate"":0.0001}","{""detection_events"":266,""detectors_checked"":688128}"
      1024,         0,         0,   0.032,standalone_exact_mw,503ee55b5ad1b1988379a241a0405811522ee4d50b473755532ad1299cb121e2,"{""distance"":5,""physical_error_rate"":0.0005}","{""detection_events"":460,""detectors_checked"":229376}"
     49152,         0,         0,    1.12,standalone_exact_mw,29ae76c7f86edcd2f56343e8109d8463cbc736644db4e57527101e2f1c3606c8,"{""distance"":5,""physical_error_rate"":0.0002}","{""detection_events"":8907,""detectors_checked"":11010048}"
         1,         0,         0,   0.000,standalone_exact_mw,29ae76c7f86edcd2f56343e8109d8463cbc736644db4e57527101e2f1c3606c8,"{""distance"":5,""physical_error_rate"":0.0002}","{""detectors_checked"":224}"
      1024,         0,         0,   0.054,standalone_exact_mw,503ee55b5ad1b1988379a241a0405811522ee4d50b473755532ad1299cb121e2,"{""distance"":5,""physical_error_rate"":0.0005}","{""detection_events"":543,""detectors_checked"":229376}"
      1024,         0,         0,   0.055,standalone_exact_mw,503ee55b5ad1b1988379a241a0405811522ee4d50b473755532ad1299cb121e2,"{""distance"":5,""physical_error_rate"":0.0005}","{""detection_events"":490,""detectors_checked"":229376}"
      1024,         0,         0,   0.033,standalone_exact_mw,503ee55b5ad1b1988379a241a0405811522ee4d50b473755532ad1299cb121e2,"{""distance"":5,""physical_error_rate"":0.0005}","{""detection_events"":488,""detectors_checked"":229376}"
      1296,         0,         0,   0.035,standalone_exact_mw,29ae76c7f86edcd2f56343e8109d8463cbc736644db4e57527101e2f1c3606c8,"{""distance"":5,""physical_error_rate"":0.0002}","{""detection_events"":242,""detectors_checked"":290304}"
      1024,         0,         0,   0.028,standalone_exact_mw,29ae76c7f86edcd2f56343e8109d8463cbc736644db4e57527101e2f1c3606c8,"{""distance"":5,""physical_error_rate"":0.0002}","{""detection_events"":182,""detectors_checked"":229376}"
      1024,         0,         0,   0.083,standalone_exact_mw,503ee55b5ad1b1988379a241a0405811522ee4d50b473755532ad1299cb121e2,"{""distance"":5,""physical_error_rate"":0.0005}","{""detection_events"":506,""detectors_checked"":229376}"
      2048,         0,         0,   0.065,standalone_exact_mw,503ee55b5ad1b1988379a241a0405811522ee4d50b473755532ad1299cb121e2,"{""distance"":5,""physical_error_rate"":0.0005}","{""detection_events"":897,""detectors_checked"":458752}"
      1024,         0,         0,   0.027,standalone_exact_mw,29ae76c7f86edcd2f56343e8109d8463cbc736644db4e57527101e2f1c3606c8,"{""distance"":5,""physical_error_rate"":0.0002}","{""detection_events"":154,""detectors_checked"":229376}"
      5120,         0,         0,   0.167,standalone_exact_mw,cc9149276d16e61a5ac322a1d2048afebd34054fe0ed4879b77eb616628c1148,"{""distance"":5,""physical_error_rate"":0.0001}","{""detection_events"":499,""detectors_checked"":1146880}"
      1024,         0,         0,   0.059,standalone_exact_mw,503ee55b5ad1b1988379a241a0405811522ee4d50b473755532ad1299cb121e2,"{""distance"":5,""physical_error_rate"":0.0005}","{""detection_events"":483,""detectors_checked"":229376}"
      2048,         0,         0,   0.055,standalone_exact_mw,29ae76c7f86edcd2f56343e8109d8463cbc736644db4e57527101e2f1c3606c8,"{""distance"":5,""physical_error_rate"":0.0002}","{""detection_events"":355,""detectors_checked"":458752}"
         1,         0,         0,   0.000,standalone_exact_mw,aea10f45e3589e84a00777b800d38e8a3149bd6cb552c409f3bffd718c1a0abf,"{""distance"":5,""physical_error_rate"":5e-05}","{""detectors_checked"":224}"
      2048,         0,         0,   0.073,standalone_exact_mw,503ee55b5ad1b1988379a241a0405811522ee4d50b473755532ad1299cb121e2,"{""distance"":5,""physical_error_rate"":0.0005}","{""detection_events"":995,""detectors_checked"":458752}"
      1296,         0,         0,   0.029,standalone_exact_mw,aea10f45e3589e84a00777b800d38e8a3149bd6cb552c409f3bffd718c1a0abf,"{""distance"":5,""physical_error_rate"":5e-05}","{""detection_events"":54,""detectors_checked"":290304}"
      1024,         0,         0,   0.026,standalone_exact_mw,aea10f45e3589e84a00777b800d38e8a3149bd6cb552c409f3bffd718c1a0abf,"{""distance"":5,""physical_error_rate"":5e-05}","{""detection_events"":30,""detectors_checked"":229376}"
      3072,         0,         0,   0.080,standalone_exact_mw,29ae76c7f86edcd2f56343e8109d8463cbc736644db4e57527101e2f1c3606c8,"{""distance"":5,""physical_error_rate"":0.0002}","{""detection_events"":569,""detectors_checked"":688128}"
      2048,         0,         0,   0.111,standalone_exact_mw,503ee55b5ad1b1988379a241a0405811522ee4d50b473755532ad1299cb121e2,"{""distance"":5,""physical_error_rate"":0.0005}","{""detection_events"":1018,""detectors_checked"":458752}"
      2048,         0,         0,   0.034,standalone_exact_mw,aea10f45e3589e84a00777b800d38e8a3149bd6cb552c409f3bffd718c1a0abf,"{""distance"":5,""physical_error_rate"":5e-05}","{""detection_events"":68,""detectors_checked"":458752}"
      3072,         0,         0,   0.110,standalone_exact_mw,503ee55b5ad1b1988379a241a0405811522ee4d50b473755532ad1299cb121e2,"{""distance"":5,""physical_error_rate"":0.0005}","{""detection_events"":1310,""detectors_checked"":688128}"
      2048,         0,         0,   0.034,standalone_exact_mw,aea10f45e3589e84a00777b800d38e8a3149bd6cb552c409f3bffd718c1a0abf,"{""distance"":5,""physical_error_rate"":5e-05}","{""detection_events"":93,""detectors_checked"":458752}"
      3072,         0,         0,   0.083,standalone_exact_mw,29ae76c7f86edcd2f56343e8109d8463cbc736644db4e57527101e2f1c3606c8,"{""distance"":5,""physical_error_rate"":0.0002}","{""detection_events"":571,""detectors_checked"":688128}"
      6144,         0,         0,   0.223,standalone_exact_mw,cc9149276d16e61a5ac322a1d2048afebd34054fe0ed4879b77eb616628c1148,"{""distance"":5,""physical_error_rate"":0.0001}","{""detection_events"":629,""detectors_checked"":1376256}"
       273,         0,         0,   0.025,standalone_exact_mw,29ae76c7f86edcd2f56343e8109d8463cbc736644db4e57527101e2f1c3606c8,"{""distance"":5,""physical_error_rate"":0.0002}","{""detection_events"":49,""detectors_checked"":61152}"
      3072,         0,         0,   0.061,standalone_exact_mw,aea10f45e3589e84a00777b800d38e8a3149bd6cb552c409f3bffd718c1a0abf,"{""distance"":5,""physical_error_rate"":5e-05}","{""detection_events"":130,""detectors_checked"":688128}"
      3072,         0,         0,   0.144,standalone_exact_mw,503ee55b5ad1b1988379a241a0405811522ee4d50b473755532ad1299cb121e2,"{""distance"":5,""physical_error_rate"":0.0005}","{""detection_events"":1480,""detectors_checked"":688128}"
      1024,         0,         0,   0.033,standalone_exact_mw,29ae76c7f86edcd2f56343e8109d8463cbc736644db4e57527101e2f1c3606c8,"{""distance"":5,""physical_error_rate"":0.0002}","{""detection_events"":202,""detectors_checked"":229376}"
     37888,         0,         0,    1.11,standalone_exact_mw,aea10f45e3589e84a00777b800d38e8a3149bd6cb552c409f3bffd718c1a0abf,"{""distance"":5,""physical_error_rate"":5e-05}","{""detection_events"":1687,""detectors_checked"":8486912}"
   5175296,         0,         0,   119.2,standalone_exact_mw,aea10f45e3589e84a00777b800d38e8a3149bd6cb552c409f3bffd718c1a0abf,"{""distance"":5,""physical_error_rate"":5e-05}","{""detection_events"":241063,""detectors_checked"":1159266304}"
      4096,         0,         0,   0.107,standalone_exact_mw,29ae76c7f86edcd2f56343e8109d8463cbc736644db4e57527101e2f1c3606c8,"{""distance"":5,""physical_error_rate"":0.0002}","{""detection_events"":688,""detectors_checked"":917504}"
      3072,         0,         0,   0.076,standalone_exact_mw,aea10f45e3589e84a00777b800d38e8a3149bd6cb552c409f3bffd718c1a0abf,"{""distance"":5,""physical_error_rate"":5e-05}","{""detection_events"":135,""detectors_checked"":688128}"
      5120,         0,         0,   0.179,standalone_exact_mw,503ee55b5ad1b1988379a241a0405811522ee4d50b473755532ad1299cb121e2,"{""distance"":5,""physical_error_rate"":0.0005}","{""detection_events"":2326,""detectors_checked"":1146880}"
      1024,         0,         0,   0.052,standalone_exact_mw,29ae76c7f86edcd2f56343e8109d8463cbc736644db4e57527101e2f1c3606c8,"{""distance"":5,""physical_error_rate"":0.0002}","{""detection_events"":186,""detectors_checked"":229376}"
      1024,         0,         0,   0.017,standalone_exact_mw,29ae76c7f86edcd2f56343e8109d8463cbc736644db4e57527101e2f1c3606c8,"{""distance"":5,""physical_error_rate"":0.0002}","{""detection_events"":184,""detectors_checked"":229376}"
      4096,         0,         0,   0.145,standalone_exact_mw,503ee55b5ad1b1988379a241a0405811522ee4d50b473755532ad1299cb121e2,"{""distance"":5,""physical_error_rate"":0.0005}","{""detection_events"":1773,""detectors_checked"":917504}"
      3072,         0,         0,   0.099,standalone_exact_mw,aea10f45e3589e84a00777b800d38e8a3149bd6cb552c409f3bffd718c1a0abf,"{""distance"":5,""physical_error_rate"":5e-05}","{""detection_events"":136,""detectors_checked"":688128}"
      2048,         0,         0,   0.085,standalone_exact_mw,29ae76c7f86edcd2f56343e8109d8463cbc736644db4e57527101e2f1c3606c8,"{""distance"":5,""physical_error_rate"":0.0002}","{""detection_events"":441,""detectors_checked"":458752}"
      5120,         0,         0,   0.165,standalone_exact_mw,29ae76c7f86edcd2f56343e8109d8463cbc736644db4e57527101e2f1c3606c8,"{""distance"":5,""physical_error_rate"":0.0002}","{""detection_events"":967,""detectors_checked"":1146880}"
     10240,         0,         0,   0.287,standalone_exact_mw,cc9149276d16e61a5ac322a1d2048afebd34054fe0ed4879b77eb616628c1148,"{""distance"":5,""physical_error_rate"":0.0001}","{""detection_events"":938,""detectors_checked"":2293760}"
      2048,         0,         0,   0.062,standalone_exact_mw,29ae76c7f86edcd2f56343e8109d8463cbc736644db4e57527101e2f1c3606c8,"{""distance"":5,""physical_error_rate"":0.0002}","{""detection_events"":424,""detectors_checked"":458752}"
      4096,         0,         0,   0.190,standalone_exact_mw,503ee55b5ad1b1988379a241a0405811522ee4d50b473755532ad1299cb121e2,"{""distance"":5,""physical_error_rate"":0.0005}","{""detection_events"":1966,""detectors_checked"":917504}"
     23552,         0,         0,   0.811,standalone_exact_mw,cc9149276d16e61a5ac322a1d2048afebd34054fe0ed4879b77eb616628c1148,"{""distance"":5,""physical_error_rate"":0.0001}","{""detection_events"":2124,""detectors_checked"":5275648}"
      2048,         0,         0,   0.083,standalone_exact_mw,29ae76c7f86edcd2f56343e8109d8463cbc736644db4e57527101e2f1c3606c8,"{""distance"":5,""physical_error_rate"":0.0002}","{""detection_events"":399,""detectors_checked"":458752}"
      5120,         0,         0,   0.174,standalone_exact_mw,aea10f45e3589e84a00777b800d38e8a3149bd6cb552c409f3bffd718c1a0abf,"{""distance"":5,""physical_error_rate"":5e-05}","{""detection_events"":254,""detectors_checked"":1146880}"
      1297,         0,         0,   0.052,standalone_exact_mw,aea10f45e3589e84a00777b800d38e8a3149bd6cb552c409f3bffd718c1a0abf,"{""distance"":5,""physical_error_rate"":5e-05}","{""detection_events"":45,""detectors_checked"":290528}"
      1024,         0,         0,   0.048,standalone_exact_mw,aea10f45e3589e84a00777b800d38e8a3149bd6cb552c409f3bffd718c1a0abf,"{""distance"":5,""physical_error_rate"":5e-05}","{""detection_events"":24,""detectors_checked"":229376}"
      6144,         0,         0,   0.238,standalone_exact_mw,503ee55b5ad1b1988379a241a0405811522ee4d50b473755532ad1299cb121e2,"{""distance"":5,""physical_error_rate"":0.0005}","{""detection_events"":3010,""detectors_checked"":1376256}"
      6144,         0,         0,   0.227,standalone_exact_mw,29ae76c7f86edcd2f56343e8109d8463cbc736644db4e57527101e2f1c3606c8,"{""distance"":5,""physical_error_rate"":0.0002}","{""detection_events"":1120,""detectors_checked"":1376256}"
      1024,         0,         0,   0.029,standalone_exact_mw,aea10f45e3589e84a00777b800d38e8a3149bd6cb552c409f3bffd718c1a0abf,"{""distance"":5,""physical_error_rate"":5e-05}","{""detection_events"":60,""detectors_checked"":229376}"
      3072,         0,         0,   0.112,standalone_exact_mw,29ae76c7f86edcd2f56343e8109d8463cbc736644db4e57527101e2f1c3606c8,"{""distance"":5,""physical_error_rate"":0.0002}","{""detection_events"":599,""detectors_checked"":688128}"
      1024,         0,         0,   0.045,standalone_exact_mw,aea10f45e3589e84a00777b800d38e8a3149bd6cb552c409f3bffd718c1a0abf,"{""distance"":5,""physical_error_rate"":5e-05}","{""detection_events"":47,""detectors_checked"":229376}"
     33792,         0,         0,    1.14,standalone_exact_mw,503ee55b5ad1b1988379a241a0405811522ee4d50b473755532ad1299cb121e2,"{""distance"":5,""physical_error_rate"":0.0005}","{""detection_events"":15704,""detectors_checked"":7569408}"
      1024,         0,         0,   0.048,standalone_exact_mw,aea10f45e3589e84a00777b800d38e8a3149bd6cb552c409f3bffd718c1a0abf,"{""distance"":5,""physical_error_rate"":5e-05}","{""detection_events"":50,""detectors_checked"":229376}"
      6144,         0,         0,   0.295,standalone_exact_mw,503ee55b5ad1b1988379a241a0405811522ee4d50b473755532ad1299cb121e2,"{""distance"":5,""physical_error_rate"":0.0005}","{""detection_events"":2871,""detectors_checked"":1376256}"
      7168,         0,         0,   0.223,standalone_exact_mw,aea10f45e3589e84a00777b800d38e8a3149bd6cb552c409f3bffd718c1a0abf,"{""distance"":5,""physical_error_rate"":5e-05}","{""detection_events"":277,""detectors_checked"":1605632}"
      2048,         0,         0,   0.076,standalone_exact_mw,aea10f45e3589e84a00777b800d38e8a3149bd6cb552c409f3bffd718c1a0abf,"{""distance"":5,""physical_error_rate"":5e-05}","{""detection_events"":75,""detectors_checked"":458752}"
      4096,         0,         0,   0.159,standalone_exact_mw,29ae76c7f86edcd2f56343e8109d8463cbc736644db4e57527101e2f1c3606c8,"{""distance"":5,""physical_error_rate"":0.0002}","{""detection_events"":843,""detectors_checked"":917504}"
     16384,         0,         0,   0.419,standalone_exact_mw,cc9149276d16e61a5ac322a1d2048afebd34054fe0ed4879b77eb616628c1148,"{""distance"":5,""physical_error_rate"":0.0001}","{""detection_events"":1649,""detectors_checked"":3670016}"
      2048,         0,         0,   0.097,standalone_exact_mw,aea10f45e3589e84a00777b800d38e8a3149bd6cb552c409f3bffd718c1a0abf,"{""distance"":5,""physical_error_rate"":5e-05}","{""detection_events"":113,""detectors_checked"":458752}"
      8192,         0,         0,   0.306,standalone_exact_mw,503ee55b5ad1b1988379a241a0405811522ee4d50b473755532ad1299cb121e2,"{""distance"":5,""physical_error_rate"":0.0005}","{""detection_events"":3811,""detectors_checked"":1835008}"
      8192,         0,         0,   0.308,standalone_exact_mw,29ae76c7f86edcd2f56343e8109d8463cbc736644db4e57527101e2f1c3606c8,"{""distance"":5,""physical_error_rate"":0.0002}","{""detection_events"":1385,""detectors_checked"":1835008}"
      5120,         0,         0,   0.211,standalone_exact_mw,29ae76c7f86edcd2f56343e8109d8463cbc736644db4e57527101e2f1c3606c8,"{""distance"":5,""physical_error_rate"":0.0002}","{""detection_events"":951,""detectors_checked"":1146880}"
      3072,         0,         0,   0.125,standalone_exact_mw,aea10f45e3589e84a00777b800d38e8a3149bd6cb552c409f3bffd718c1a0abf,"{""distance"":5,""physical_error_rate"":5e-05}","{""detection_events"":137,""detectors_checked"":688128}"
      9216,         0,         0,   0.314,standalone_exact_mw,aea10f45e3589e84a00777b800d38e8a3149bd6cb552c409f3bffd718c1a0abf,"{""distance"":5,""physical_error_rate"":5e-05}","{""detection_events"":430,""detectors_checked"":2064384}"
     54272,         0,         0,    1.57,standalone_exact_mw,cc9149276d16e61a5ac322a1d2048afebd34054fe0ed4879b77eb616628c1148,"{""distance"":5,""physical_error_rate"":0.0001}","{""detection_events"":5010,""detectors_checked"":12156928}"
      7168,         0,         0,   0.409,standalone_exact_mw,503ee55b5ad1b1988379a241a0405811522ee4d50b473755532ad1299cb121e2,"{""distance"":5,""physical_error_rate"":0.0005}","{""detection_events"":3411,""detectors_checked"":1605632}"
      5120,         0,         0,   0.184,standalone_exact_mw,aea10f45e3589e84a00777b800d38e8a3149bd6cb552c409f3bffd718c1a0abf,"{""distance"":5,""physical_error_rate"":5e-05}","{""detection_events"":233,""detectors_checked"":1146880}"
     48128,         0,         0,    1.54,standalone_exact_mw,29ae76c7f86edcd2f56343e8109d8463cbc736644db4e57527101e2f1c3606c8,"{""distance"":5,""physical_error_rate"":0.0002}","{""detection_events"":9246,""detectors_checked"":10780672}"
     10240,         0,         0,   0.411,standalone_exact_mw,503ee55b5ad1b1988379a241a0405811522ee4d50b473755532ad1299cb121e2,"{""distance"":5,""physical_error_rate"":0.0005}","{""detection_events"":4740,""detectors_checked"":2293760}"
     10240,         0,         0,   0.397,standalone_exact_mw,29ae76c7f86edcd2f56343e8109d8463cbc736644db4e57527101e2f1c3606c8,"{""distance"":5,""physical_error_rate"":0.0002}","{""detection_events"":1938,""detectors_checked"":2293760}"
      7168,         0,         0,   0.302,standalone_exact_mw,29ae76c7f86edcd2f56343e8109d8463cbc736644db4e57527101e2f1c3606c8,"{""distance"":5,""physical_error_rate"":0.0002}","{""detection_events"":1397,""detectors_checked"":1605632}"
     20480,         0,         0,   0.577,standalone_exact_mw,cc9149276d16e61a5ac322a1d2048afebd34054fe0ed4879b77eb616628c1148,"{""distance"":5,""physical_error_rate"":0.0001}","{""detection_events"":1961,""detectors_checked"":4587520}"
      6144,         0,         0,   0.250,standalone_exact_mw,aea10f45e3589e84a00777b800d38e8a3149bd6cb552c409f3bffd718c1a0abf,"{""distance"":5,""physical_error_rate"":5e-05}","{""detection_events"":250,""detectors_checked"":1376256}"
     10240,         0,         0,   0.422,standalone_exact_mw,aea10f45e3589e84a00777b800d38e8a3149bd6cb552c409f3bffd718c1a0abf,"{""distance"":5,""physical_error_rate"":5e-05}","{""detection_events"":536,""detectors_checked"":2293760}"
     37888,         0,         0,    1.13,standalone_exact_mw,cc9149276d16e61a5ac322a1d2048afebd34054fe0ed4879b77eb616628c1148,"{""distance"":5,""physical_error_rate"":0.0001}","{""detection_events"":3477,""detectors_checked"":8486912}"
      7168,         0,         0,   0.299,standalone_exact_mw,aea10f45e3589e84a00777b800d38e8a3149bd6cb552c409f3bffd718c1a0abf,"{""distance"":5,""physical_error_rate"":5e-05}","{""detection_events"":325,""detectors_checked"":1605632}"
     52224,         0,         0,    1.57,standalone_exact_mw,aea10f45e3589e84a00777b800d38e8a3149bd6cb552c409f3bffd718c1a0abf,"{""distance"":5,""physical_error_rate"":5e-05}","{""detection_events"":2430,""detectors_checked"":11698176}"
      9216,         0,         0,   0.426,standalone_exact_mw,29ae76c7f86edcd2f56343e8109d8463cbc736644db4e57527101e2f1c3606c8,"{""distance"":5,""physical_error_rate"":0.0002}","{""detection_events"":1647,""detectors_checked"":2064384}"
     10240,         0,         0,   0.622,standalone_exact_mw,503ee55b5ad1b1988379a241a0405811522ee4d50b473755532ad1299cb121e2,"{""distance"":5,""physical_error_rate"":0.0005}","{""detection_events"":4397,""detectors_checked"":2293760}"
     11264,         0,         0,   0.583,standalone_exact_mw,503ee55b5ad1b1988379a241a0405811522ee4d50b473755532ad1299cb121e2,"{""distance"":5,""physical_error_rate"":0.0005}","{""detection_events"":5205,""detectors_checked"":2523136}"
     24576,         0,         0,   0.573,standalone_exact_mw,29ae76c7f86edcd2f56343e8109d8463cbc736644db4e57527101e2f1c3606c8,"{""distance"":5,""physical_error_rate"":0.0002}","{""detection_events"":4702,""detectors_checked"":5505024}"
     16384,         0,         0,   0.580,standalone_exact_mw,aea10f45e3589e84a00777b800d38e8a3149bd6cb552c409f3bffd718c1a0abf,"{""distance"":5,""physical_error_rate"":5e-05}","{""detection_events"":787,""detectors_checked"":3670016}"
   6294528,         0,         0,   119.4,standalone_exact_mw,cc9149276d16e61a5ac322a1d2048afebd34054fe0ed4879b77eb616628c1148,"{""distance"":5,""physical_error_rate"":0.0001}","{""detection_events"":584775,""detectors_checked"":1409974272}"
     12288,         0,         0,   0.410,standalone_exact_mw,aea10f45e3589e84a00777b800d38e8a3149bd6cb552c409f3bffd718c1a0abf,"{""distance"":5,""physical_error_rate"":5e-05}","{""detection_events"":498,""detectors_checked"":2752512}"
     23552,         0,         0,   0.813,standalone_exact_mw,cc9149276d16e61a5ac322a1d2048afebd34054fe0ed4879b77eb616628c1148,"{""distance"":5,""physical_error_rate"":0.0001}","{""detection_events"":2376,""detectors_checked"":5275648}"
     47104,         0,         0,    1.55,standalone_exact_mw,503ee55b5ad1b1988379a241a0405811522ee4d50b473755532ad1299cb121e2,"{""distance"":5,""physical_error_rate"":0.0005}","{""detection_events"":21911,""detectors_checked"":10551296}"
    118784,         0,         0,    3.02,standalone_exact_mw,cc9149276d16e61a5ac322a1d2048afebd34054fe0ed4879b77eb616628c1148,"{""distance"":5,""physical_error_rate"":0.0001}","{""detection_events"":11480,""detectors_checked"":26607616}"
     13312,         0,         0,   0.583,standalone_exact_mw,29ae76c7f86edcd2f56343e8109d8463cbc736644db4e57527101e2f1c3606c8,"{""distance"":5,""physical_error_rate"":0.0002}","{""detection_events"":2296,""detectors_checked"":2981888}"
     16384,         0,         0,   0.799,standalone_exact_mw,503ee55b5ad1b1988379a241a0405811522ee4d50b473755532ad1299cb121e2,"{""distance"":5,""physical_error_rate"":0.0005}","{""detection_events"":7623,""detectors_checked"":3670016}"
     16384,         0,         0,   0.816,standalone_exact_mw,503ee55b5ad1b1988379a241a0405811522ee4d50b473755532ad1299cb121e2,"{""distance"":5,""physical_error_rate"":0.0005}","{""detection_events"":7788,""detectors_checked"":3670016}"
     22528,         0,         0,   0.819,standalone_exact_mw,29ae76c7f86edcd2f56343e8109d8463cbc736644db4e57527101e2f1c3606c8,"{""distance"":5,""physical_error_rate"":0.0002}","{""detection_events"":4238,""detectors_checked"":5046272}"
     18432,         0,         0,   0.594,standalone_exact_mw,aea10f45e3589e84a00777b800d38e8a3149bd6cb552c409f3bffd718c1a0abf,"{""distance"":5,""physical_error_rate"":5e-05}","{""detection_events"":832,""detectors_checked"":4128768}"
     24576,         0,         0,   0.814,standalone_exact_mw,aea10f45e3589e84a00777b800d38e8a3149bd6cb552c409f3bffd718c1a0abf,"{""distance"":5,""physical_error_rate"":5e-05}","{""detection_events"":1133,""detectors_checked"":5505024}"
     46080,         0,         0,    1.58,standalone_exact_mw,cc9149276d16e61a5ac322a1d2048afebd34054fe0ed4879b77eb616628c1148,"{""distance"":5,""physical_error_rate"":0.0001}","{""detection_events"":4423,""detectors_checked"":10321920}"
     21504,         0,         0,   0.815,standalone_exact_mw,29ae76c7f86edcd2f56343e8109d8463cbc736644db4e57527101e2f1c3606c8,"{""distance"":5,""physical_error_rate"":0.0002}","{""detection_events"":3980,""detectors_checked"":4816896}"
     77824,         0,         0,    2.20,standalone_exact_mw,cc9149276d16e61a5ac322a1d2048afebd34054fe0ed4879b77eb616628c1148,"{""distance"":5,""physical_error_rate"":0.0001}","{""detection_events"":7264,""detectors_checked"":17432576}"
     32768,         0,         0,    1.14,standalone_exact_mw,cc9149276d16e61a5ac322a1d2048afebd34054fe0ed4879b77eb616628c1148,"{""distance"":5,""physical_error_rate"":0.0001}","{""detection_events"":2952,""detectors_checked"":7340032}"
     55296,         0,         0,    2.16,standalone_exact_mw,29ae76c7f86edcd2f56343e8109d8463cbc736644db4e57527101e2f1c3606c8,"{""distance"":5,""physical_error_rate"":0.0002}","{""detection_events"":10297,""detectors_checked"":12386304}"
     24576,         0,         0,   0.789,standalone_exact_mw,aea10f45e3589e84a00777b800d38e8a3149bd6cb552c409f3bffd718c1a0abf,"{""distance"":5,""physical_error_rate"":5e-05}","{""detection_events"":1091,""detectors_checked"":5505024}"
     22528,         0,         0,    1.13,standalone_exact_mw,503ee55b5ad1b1988379a241a0405811522ee4d50b473755532ad1299cb121e2,"{""distance"":5,""physical_error_rate"":0.0005}","{""detection_events"":10815,""detectors_checked"":5046272}"
     22528,         0,         0,    1.13,standalone_exact_mw,503ee55b5ad1b1988379a241a0405811522ee4d50b473755532ad1299cb121e2,"{""distance"":5,""physical_error_rate"":0.0005}","{""detection_events"":10259,""detectors_checked"":5046272}"
     33792,         0,         0,    1.14,standalone_exact_mw,29ae76c7f86edcd2f56343e8109d8463cbc736644db4e57527101e2f1c3606c8,"{""distance"":5,""physical_error_rate"":0.0002}","{""detection_events"":6194,""detectors_checked"":7569408}"
     66560,         0,         0,    2.20,standalone_exact_mw,aea10f45e3589e84a00777b800d38e8a3149bd6cb552c409f3bffd718c1a0abf,"{""distance"":5,""physical_error_rate"":5e-05}","{""detection_events"":2966,""detectors_checked"":14909440}"
     33792,         0,         0,    1.12,standalone_exact_mw,aea10f45e3589e84a00777b800d38e8a3149bd6cb552c409f3bffd718c1a0abf,"{""distance"":5,""physical_error_rate"":5e-05}","{""detection_events"":1610,""detectors_checked"":7569408}"
     37888,         0,         0,    1.14,standalone_exact_mw,29ae76c7f86edcd2f56343e8109d8463cbc736644db4e57527101e2f1c3606c8,"{""distance"":5,""physical_error_rate"":0.0002}","{""detection_events"":7139,""detectors_checked"":8486912}"
   3917824,         0,         0,   119.1,standalone_exact_mw,cc9149276d16e61a5ac322a1d2048afebd34054fe0ed4879b77eb616628c1148,"{""distance"":5,""physical_error_rate"":0.0001}","{""detection_events"":363714,""detectors_checked"":877592576}"
   3800064,         0,         0,   119.2,standalone_exact_mw,cc9149276d16e61a5ac322a1d2048afebd34054fe0ed4879b77eb616628c1148,"{""distance"":5,""physical_error_rate"":0.0001}","{""detection_events"":353924,""detectors_checked"":851214336}"
     44032,         0,         0,    2.23,standalone_exact_mw,503ee55b5ad1b1988379a241a0405811522ee4d50b473755532ad1299cb121e2,"{""distance"":5,""physical_error_rate"":0.0005}","{""detection_events"":20741,""detectors_checked"":9863168}"
   3319808,         0,         0,   119.3,standalone_exact_mw,29ae76c7f86edcd2f56343e8109d8463cbc736644db4e57527101e2f1c3606c8,"{""distance"":5,""physical_error_rate"":0.0002}","{""detection_events"":616086,""detectors_checked"":743636992}"
   4168704,         0,         0,   119.4,standalone_exact_mw,cc9149276d16e61a5ac322a1d2048afebd34054fe0ed4879b77eb616628c1148,"{""distance"":5,""physical_error_rate"":0.0001}","{""detection_events"":387903,""detectors_checked"":933789696}"
     33792,         0,         0,    1.10,standalone_exact_mw,aea10f45e3589e84a00777b800d38e8a3149bd6cb552c409f3bffd718c1a0abf,"{""distance"":5,""physical_error_rate"":5e-05}","{""detection_events"":1544,""detectors_checked"":7569408}"
     45056,         0,         0,    1.57,standalone_exact_mw,cc9149276d16e61a5ac322a1d2048afebd34054fe0ed4879b77eb616628c1148,"{""distance"":5,""physical_error_rate"":0.0001}","{""detection_events"":4316,""detectors_checked"":10092544}"
   2269184,         0,         0,   119.5,standalone_exact_mw,503ee55b5ad1b1988379a241a0405811522ee4d50b473755532ad1299cb121e2,"{""distance"":5,""physical_error_rate"":0.0005}","{""detection_events"":1054532,""detectors_checked"":508297216}"
   3895296,         0,         0,   119.3,standalone_exact_mw,aea10f45e3589e84a00777b800d38e8a3149bd6cb552c409f3bffd718c1a0abf,"{""distance"":5,""physical_error_rate"":5e-05}","{""detection_events"":181116,""detectors_checked"":872546304}"
   2387968,         2,         0,   119.3,standalone_exact_mw,503ee55b5ad1b1988379a241a0405811522ee4d50b473755532ad1299cb121e2,"{""distance"":5,""physical_error_rate"":0.0005}","{""detection_events"":1109211,""detectors_checked"":534904832,""obs_mistake_mask=E"":2}"
     31744,         0,         0,    1.57,standalone_exact_mw,503ee55b5ad1b1988379a241a0405811522ee4d50b473755532ad1299cb121e2,"{""distance"":5,""physical_error_rate"":0.0005}","{""detection_events"":15106,""detectors_checked"":7110656}"
     70656,         0,         0,    2.20,standalone_exact_mw,cc9149276d16e61a5ac322a1d2048afebd34054fe0ed4879b77eb616628c1148,"{""distance"":5,""physical_error_rate"":0.0001}","{""detection_events"":6619,""detectors_checked"":15826944}"
     31744,         0,         0,    1.56,standalone_exact_mw,503ee55b5ad1b1988379a241a0405811522ee4d50b473755532ad1299cb121e2,"{""distance"":5,""physical_error_rate"":0.0005}","{""detection_events"":14504,""detectors_checked"":7110656}"
     54272,         0,         0,    1.59,standalone_exact_mw,29ae76c7f86edcd2f56343e8109d8463cbc736644db4e57527101e2f1c3606c8,"{""distance"":5,""physical_error_rate"":0.0002}","{""detection_events"":10316,""detectors_checked"":12156928}"
   2561024,         1,         0,   119.4,standalone_exact_mw,503ee55b5ad1b1988379a241a0405811522ee4d50b473755532ad1299cb121e2,"{""distance"":5,""physical_error_rate"":0.0005}","{""detection_events"":1190576,""detectors_checked"":573669376,""obs_mistake_mask=E"":1}"
     49152,         0,         0,    1.57,standalone_exact_mw,aea10f45e3589e84a00777b800d38e8a3149bd6cb552c409f3bffd718c1a0abf,"{""distance"":5,""physical_error_rate"":5e-05}","{""detection_events"":2292,""detectors_checked"":11010048}"
   3867648,         0,         0,   119.3,standalone_exact_mw,aea10f45e3589e84a00777b800d38e8a3149bd6cb552c409f3bffd718c1a0abf,"{""distance"":5,""physical_error_rate"":5e-05}","{""detection_events"":179930,""detectors_checked"":866353152}"
     57344,         0,         0,    1.56,standalone_exact_mw,29ae76c7f86edcd2f56343e8109d8463cbc736644db4e57527101e2f1c3606c8,"{""distance"":5,""physical_error_rate"":0.0002}","{""detection_events"":10751,""detectors_checked"":12845056}"
   4038656,         0,         0,   119.2,standalone_exact_mw,aea10f45e3589e84a00777b800d38e8a3149bd6cb552c409f3bffd718c1a0abf,"{""distance"":5,""physical_error_rate"":5e-05}","{""detection_events"":188821,""detectors_checked"":904658944}"
     48128,         0,         0,    1.58,standalone_exact_mw,aea10f45e3589e84a00777b800d38e8a3149bd6cb552c409f3bffd718c1a0abf,"{""distance"":5,""physical_error_rate"":5e-05}","{""detection_events"":2338,""detectors_checked"":10780672}"
    156672,         0,         0,    3.05,standalone_exact_mw,cc9149276d16e61a5ac322a1d2048afebd34054fe0ed4879b77eb616628c1148,"{""distance"":5,""physical_error_rate"":0.0001}","{""detection_events"":14669,""detectors_checked"":35094528}"
     77824,         0,         0,    2.99,standalone_exact_mw,29ae76c7f86edcd2f56343e8109d8463cbc736644db4e57527101e2f1c3606c8,"{""distance"":5,""physical_error_rate"":0.0002}","{""detection_events"":14223,""detectors_checked"":17432576}"
    210944,         0,         0,    4.26,standalone_exact_mw,cc9149276d16e61a5ac322a1d2048afebd34054fe0ed4879b77eb616628c1148,"{""distance"":5,""physical_error_rate"":0.0001}","{""detection_events"":19919,""detectors_checked"":47251456}"
    142336,         0,         0,    3.06,standalone_exact_mw,aea10f45e3589e84a00777b800d38e8a3149bd6cb552c409f3bffd718c1a0abf,"{""distance"":5,""physical_error_rate"":5e-05}","{""detection_events"":6343,""detectors_checked"":31883264}"
     63488,         0,         0,    2.14,standalone_exact_mw,cc9149276d16e61a5ac322a1d2048afebd34054fe0ed4879b77eb616628c1148,"{""distance"":5,""physical_error_rate"":0.0001}","{""detection_events"":6006,""detectors_checked"":14221312}"
     43008,         0,         0,    2.18,standalone_exact_mw,503ee55b5ad1b1988379a241a0405811522ee4d50b473755532ad1299cb121e2,"{""distance"":5,""physical_error_rate"":0.0005}","{""detection_events"":20362,""detectors_checked"":9633792}"
     73728,         0,         0,    3.08,standalone_exact_mw,503ee55b5ad1b1988379a241a0405811522ee4d50b473755532ad1299cb121e2,"{""distance"":5,""physical_error_rate"":0.0005}","{""detection_events"":34185,""detectors_checked"":16515072}"
     78848,         0,         0,    2.14,standalone_exact_mw,29ae76c7f86edcd2f56343e8109d8463cbc736644db4e57527101e2f1c3606c8,"{""distance"":5,""physical_error_rate"":0.0002}","{""detection_events"":14292,""detectors_checked"":17661952}"
     43008,         0,         0,    2.20,standalone_exact_mw,503ee55b5ad1b1988379a241a0405811522ee4d50b473755532ad1299cb121e2,"{""distance"":5,""physical_error_rate"":0.0005}","{""detection_events"":20115,""detectors_checked"":9633792}"
     66560,         0,         0,    2.16,standalone_exact_mw,aea10f45e3589e84a00777b800d38e8a3149bd6cb552c409f3bffd718c1a0abf,"{""distance"":5,""physical_error_rate"":5e-05}","{""detection_events"":3172,""detectors_checked"":14909440}"
     71680,         0,         0,    2.17,standalone_exact_mw,29ae76c7f86edcd2f56343e8109d8463cbc736644db4e57527101e2f1c3606c8,"{""distance"":5,""physical_error_rate"":0.0002}","{""detection_events"":13307,""detectors_checked"":16056320}"
    102400,         0,         0,    3.05,standalone_exact_mw,cc9149276d16e61a5ac322a1d2048afebd34054fe0ed4879b77eb616628c1148,"{""distance"":5,""physical_error_rate"":0.0001}","{""detection_events"":9633,""detectors_checked"":22937600}"
     66560,         0,         0,    2.16,standalone_exact_mw,aea10f45e3589e84a00777b800d38e8a3149bd6cb552c409f3bffd718c1a0abf,"{""distance"":5,""physical_error_rate"":5e-05}","{""detection_events"":3004,""detectors_checked"":14909440}"
    113664,         0,         0,    3.05,standalone_exact_mw,cc9149276d16e61a5ac322a1d2048afebd34054fe0ed4879b77eb616628c1148,"{""distance"":5,""physical_error_rate"":0.0001}","{""detection_events"":10588,""detectors_checked"":25460736}"
   2560000,         2,         0,   119.4,standalone_exact_mw,503ee55b5ad1b1988379a241a0405811522ee4d50b473755532ad1299cb121e2,"{""distance"":5,""physical_error_rate"":0.0005}","{""detection_events"":1188503,""detectors_checked"":573440000,""obs_mistake_mask=E"":2}"
     61440,         0,         0,    3.08,standalone_exact_mw,503ee55b5ad1b1988379a241a0405811522ee4d50b473755532ad1299cb121e2,"{""distance"":5,""physical_error_rate"":0.0005}","{""detection_events"":28613,""detectors_checked"":13762560}"
    199680,         0,         0,    4.28,standalone_exact_mw,cc9149276d16e61a5ac322a1d2048afebd34054fe0ed4879b77eb616628c1148,"{""distance"":5,""physical_error_rate"":0.0001}","{""detection_events"":18677,""detectors_checked"":44728320}"
     97280,         0,         0,    3.03,standalone_exact_mw,29ae76c7f86edcd2f56343e8109d8463cbc736644db4e57527101e2f1c3606c8,"{""distance"":5,""physical_error_rate"":0.0002}","{""detection_events"":17995,""detectors_checked"":21790720}"
     86016,         0,         0,    3.04,standalone_exact_mw,503ee55b5ad1b1988379a241a0405811522ee4d50b473755532ad1299cb121e2,"{""distance"":5,""physical_error_rate"":0.0005}","{""detection_events"":39702,""detectors_checked"":19267584}"
     93184,         0,         0,    3.05,standalone_exact_mw,aea10f45e3589e84a00777b800d38e8a3149bd6cb552c409f3bffd718c1a0abf,"{""distance"":5,""physical_error_rate"":5e-05}","{""detection_events"":4239,""detectors_checked"":20873216}"
    136192,         0,         0,    4.27,standalone_exact_mw,29ae76c7f86edcd2f56343e8109d8463cbc736644db4e57527101e2f1c3606c8,"{""distance"":5,""physical_error_rate"":0.0002}","{""detection_events"":25599,""detectors_checked"":30507008}"
   3670016,         0,         0,   119.3,standalone_exact_mw,cc9149276d16e61a5ac322a1d2048afebd34054fe0ed4879b77eb616628c1148,"{""distance"":5,""physical_error_rate"":0.0001}","{""detection_events"":339684,""detectors_checked"":822083584}"
   3312640,         0,         0,   119.2,standalone_exact_mw,29ae76c7f86edcd2f56343e8109d8463cbc736644db4e57527101e2f1c3606c8,"{""distance"":5,""physical_error_rate"":0.0002}","{""detection_events"":614704,""detectors_checked"":742031360}"
     94208,         0,         0,    3.07,standalone_exact_mw,29ae76c7f86edcd2f56343e8109d8463cbc736644db4e57527101e2f1c3606c8,"{""distance"":5,""physical_error_rate"":0.0002}","{""detection_events"":17566,""detectors_checked"":21102592}"
    181248,         0,         0,    4.27,standalone_exact_mw,aea10f45e3589e84a00777b800d38e8a3149bd6cb552c409f3bffd718c1a0abf,"{""distance"":5,""physical_error_rate"":5e-05}","{""detection_events"":8704,""detectors_checked"":40599552}"
     93184,         0,         0,    3.03,standalone_exact_mw,aea10f45e3589e84a00777b800d38e8a3149bd6cb552c409f3bffd718c1a0abf,"{""distance"":5,""physical_error_rate"":5e-05}","{""detection_events"":4329,""detectors_checked"":20873216}"
    113664,         1,         0,    4.29,standalone_exact_mw,503ee55b5ad1b1988379a241a0405811522ee4d50b473755532ad1299cb121e2,"{""distance"":5,""physical_error_rate"":0.0005}","{""detection_events"":53107,""detectors_checked"":25460736,""obs_mistake_mask=E"":1}"
   3132416,         0,         0,   119.4,standalone_exact_mw,29ae76c7f86edcd2f56343e8109d8463cbc736644db4e57527101e2f1c3606c8,"{""distance"":5,""physical_error_rate"":0.0002}","{""detection_events"":583698,""detectors_checked"":701661184}"
    273408,         0,         0,    5.99,standalone_exact_mw,cc9149276d16e61a5ac322a1d2048afebd34054fe0ed4879b77eb616628c1148,"{""distance"":5,""physical_error_rate"":0.0001}","{""detection_events"":25186,""detectors_checked"":61243392}"
    164864,         0,         0,    4.29,standalone_exact_mw,cc9149276d16e61a5ac322a1d2048afebd34054fe0ed4879b77eb616628c1148,"{""distance"":5,""physical_error_rate"":0.0001}","{""detection_events"":15795,""detectors_checked"":36929536}"
   4200448,         0,         0,   119.3,standalone_exact_mw,aea10f45e3589e84a00777b800d38e8a3149bd6cb552c409f3bffd718c1a0abf,"{""distance"":5,""physical_error_rate"":5e-05}","{""detection_events"":196581,""detectors_checked"":940900352}"
    164864,         0,         0,    4.21,standalone_exact_mw,cc9149276d16e61a5ac322a1d2048afebd34054fe0ed4879b77eb616628c1148,"{""distance"":5,""physical_error_rate"":0.0001}","{""detection_events"":14930,""detectors_checked"":36929536}"
     83968,         0,         0,    4.24,standalone_exact_mw,503ee55b5ad1b1988379a241a0405811522ee4d50b473755532ad1299cb121e2,"{""distance"":5,""physical_error_rate"":0.0005}","{""detection_events"":39238,""detectors_checked"":18808832}"
    132096,         0,         0,    4.22,standalone_exact_mw,29ae76c7f86edcd2f56343e8109d8463cbc736644db4e57527101e2f1c3606c8,"{""distance"":5,""physical_error_rate"":0.0002}","{""detection_events"":24794,""detectors_checked"":29589504}"
    102400,         1,         0,    4.26,standalone_exact_mw,503ee55b5ad1b1988379a241a0405811522ee4d50b473755532ad1299cb121e2,"{""distance"":5,""physical_error_rate"":0.0005}","{""detection_events"":47709,""detectors_checked"":22937600,""obs_mistake_mask=E"":1}"
    131072,         0,         0,    4.24,standalone_exact_mw,aea10f45e3589e84a00777b800d38e8a3149bd6cb552c409f3bffd718c1a0abf,"{""distance"":5,""physical_error_rate"":5e-05}","{""detection_events"":5871,""detectors_checked"":29360128}"
    126976,         0,         0,    4.27,standalone_exact_mw,29ae76c7f86edcd2f56343e8109d8463cbc736644db4e57527101e2f1c3606c8,"{""distance"":5,""physical_error_rate"":0.0002}","{""detection_events"":23787,""detectors_checked"":28442624}"
    128000,         0,         0,    4.24,standalone_exact_mw,aea10f45e3589e84a00777b800d38e8a3149bd6cb552c409f3bffd718c1a0abf,"{""distance"":5,""physical_error_rate"":5e-05}","{""detection_events"":5740,""detectors_checked"":28672000}"
    210944,         0,         0,    5.96,standalone_exact_mw,cc9149276d16e61a5ac322a1d2048afebd34054fe0ed4879b77eb616628c1148,"{""distance"":5,""physical_error_rate"":0.0001}","{""detection_events"":19538,""detectors_checked"":47251456}"
   2895872,         0,         0,   119.4,standalone_exact_mw,29ae76c7f86edcd2f56343e8109d8463cbc736644db4e57527101e2f1c3606c8,"{""distance"":5,""physical_error_rate"":0.0002}","{""detection_events"":539298,""detectors_checked"":648675328}"
    203776,         0,         0,    5.95,standalone_exact_mw,29ae76c7f86edcd2f56343e8109d8463cbc736644db4e57527101e2f1c3606c8,"{""distance"":5,""physical_error_rate"":0.0002}","{""detection_events"":37506,""detectors_checked"":45645824}"
    259072,         0,         0,    5.94,standalone_exact_mw,aea10f45e3589e84a00777b800d38e8a3149bd6cb552c409f3bffd718c1a0abf,"{""distance"":5,""physical_error_rate"":5e-05}","{""detection_events"":11983,""detectors_checked"":58032128}"
    164864,         0,         0,    5.99,standalone_exact_mw,503ee55b5ad1b1988379a241a0405811522ee4d50b473755532ad1299cb121e2,"{""distance"":5,""physical_error_rate"":0.0005}","{""detection_events"":76879,""detectors_checked"":36929536}"
    230400,         0,         0,    5.94,standalone_exact_mw,cc9149276d16e61a5ac322a1d2048afebd34054fe0ed4879b77eb616628c1148,"{""distance"":5,""physical_error_rate"":0.0001}","{""detection_events"":21491,""detectors_checked"":51609600}"
   4814848,         0,         0,   119.3,standalone_exact_mw,aea10f45e3589e84a00777b800d38e8a3149bd6cb552c409f3bffd718c1a0abf,"{""distance"":5,""physical_error_rate"":5e-05}","{""detection_events"":225117,""detectors_checked"":1078525952}"
    230400,         0,         0,    5.97,standalone_exact_mw,cc9149276d16e61a5ac322a1d2048afebd34054fe0ed4879b77eb616628c1148,"{""distance"":5,""physical_error_rate"":0.0001}","{""detection_events"":21658,""detectors_checked"":51609600}"
    118784,         0,         0,    5.98,standalone_exact_mw,503ee55b5ad1b1988379a241a0405811522ee4d50b473755532ad1299cb121e2,"{""distance"":5,""physical_error_rate"":0.0005}","{""detection_events"":56001,""detectors_checked"":26607616}"
    217088,         0,         0,    5.97,standalone_exact_mw,29ae76c7f86edcd2f56343e8109d8463cbc736644db4e57527101e2f1c3606c8,"{""distance"":5,""physical_error_rate"":0.0002}","{""detection_events"":40788,""detectors_checked"":48627712}"
    156672,         0,         0,    5.95,standalone_exact_mw,503ee55b5ad1b1988379a241a0405811522ee4d50b473755532ad1299cb121e2,"{""distance"":5,""physical_error_rate"":0.0005}","{""detection_events"":73060,""detectors_checked"":35094528}"
    371712,         0,         0,    8.33,standalone_exact_mw,cc9149276d16e61a5ac322a1d2048afebd34054fe0ed4879b77eb616628c1148,"{""distance"":5,""physical_error_rate"":0.0001}","{""detection_events"":35043,""detectors_checked"":83263488}"
   3057664,         0,         0,   119.3,standalone_exact_mw,29ae76c7f86edcd2f56343e8109d8463cbc736644db4e57527101e2f1c3606c8,"{""distance"":5,""physical_error_rate"":0.0002}","{""detection_events"":569595,""detectors_checked"":684916736}"
    183296,         0,         0,    5.98,standalone_exact_mw,aea10f45e3589e84a00777b800d38e8a3149bd6cb552c409f3bffd718c1a0abf,"{""distance"":5,""physical_error_rate"":5e-05}","{""detection_events"":8450,""detectors_checked"":41058304}"
    220160,         0,         0,    5.98,standalone_exact_mw,29ae76c7f86edcd2f56343e8109d8463cbc736644db4e57527101e2f1c3606c8,"{""distance"":5,""physical_error_rate"":0.0002}","{""detection_events"":40893,""detectors_checked"":49315840}"
    181248,         0,         0,    5.96,standalone_exact_mw,aea10f45e3589e84a00777b800d38e8a3149bd6cb552c409f3bffd718c1a0abf,"{""distance"":5,""physical_error_rate"":5e-05}","{""detection_events"":8094,""detectors_checked"":40599552}"
   3353600,         0,         0,   119.4,standalone_exact_mw,29ae76c7f86edcd2f56343e8109d8463cbc736644db4e57527101e2f1c3606c8,"{""distance"":5,""physical_error_rate"":0.0002}","{""detection_events"":625494,""detectors_checked"":751206400}"
   2408448,         2,         0,   119.4,standalone_exact_mw,503ee55b5ad1b1988379a241a0405811522ee4d50b473755532ad1299cb121e2,"{""distance"":5,""physical_error_rate"":0.0005}","{""detection_events"":1122156,""detectors_checked"":539492352,""obs_mistake_mask=E"":2}"
    305152,         0,         0,    8.35,standalone_exact_mw,cc9149276d16e61a5ac322a1d2048afebd34054fe0ed4879b77eb616628c1148,"{""distance"":5,""physical_error_rate"":0.0001}","{""detection_events"":28509,""detectors_checked"":68354048}"
    284672,         0,         0,    8.35,standalone_exact_mw,29ae76c7f86edcd2f56343e8109d8463cbc736644db4e57527101e2f1c3606c8,"{""distance"":5,""physical_error_rate"":0.0002}","{""detection_events"":52998,""detectors_checked"":63766528}"
    343040,         0,         0,    8.31,standalone_exact_mw,aea10f45e3589e84a00777b800d38e8a3149bd6cb552c409f3bffd718c1a0abf,"{""distance"":5,""physical_error_rate"":5e-05}","{""detection_events"":16096,""detectors_checked"":76840960}"
    228352,         0,         0,    8.36,standalone_exact_mw,503ee55b5ad1b1988379a241a0405811522ee4d50b473755532ad1299cb121e2,"{""distance"":5,""physical_error_rate"":0.0005}","{""detection_events"":107013,""detectors_checked"":51150848}"
   3484672,         0,         0,   119.1,standalone_exact_mw,cc9149276d16e61a5ac322a1d2048afebd34054fe0ed4879b77eb616628c1148,"{""distance"":5,""physical_error_rate"":0.0001}","{""detection_events"":324746,""detectors_checked"":780566528}"
    325632,         0,         0,    8.37,standalone_exact_mw,cc9149276d16e61a5ac322a1d2048afebd34054fe0ed4879b77eb616628c1148,"{""distance"":5,""physical_error_rate"":0.0001}","{""detection_events"":30104,""detectors_checked"":72941568}"
   3000320,         3,         0,   119.3,standalone_exact_mw,503ee55b5ad1b1988379a241a0405811522ee4d50b473755532ad1299cb121e2,"{""distance"":5,""physical_error_rate"":0.0005}","{""detection_events"":1394873,""detectors_checked"":672071680,""obs_mistake_mask=E"":3}"
    323584,         0,         0,    8.33,standalone_exact_mw,cc9149276d16e61a5ac322a1d2048afebd34054fe0ed4879b77eb616628c1148,"{""distance"":5,""physical_error_rate"":0.0001}","{""detection_events"":30317,""detectors_checked"":72482816}"
    165888,         0,         0,    8.36,standalone_exact_mw,503ee55b5ad1b1988379a241a0405811522ee4d50b473755532ad1299cb121e2,"{""distance"":5,""physical_error_rate"":0.0005}","{""detection_events"":77172,""detectors_checked"":37158912}"
    278528,         0,         0,    8.36,standalone_exact_mw,29ae76c7f86edcd2f56343e8109d8463cbc736644db4e57527101e2f1c3606c8,"{""distance"":5,""physical_error_rate"":0.0002}","{""detection_events"":50951,""detectors_checked"":62390272}"
    199680,         0,         0,    8.35,standalone_exact_mw,503ee55b5ad1b1988379a241a0405811522ee4d50b473755532ad1299cb121e2,"{""distance"":5,""physical_error_rate"":0.0005}","{""detection_events"":93035,""detectors_checked"":44728320}"
    257024,         0,         0,    8.36,standalone_exact_mw,aea10f45e3589e84a00777b800d38e8a3149bd6cb552c409f3bffd718c1a0abf,"{""distance"":5,""physical_error_rate"":5e-05}","{""detection_events"":12164,""detectors_checked"":57573376}"
    296960,         0,         0,    8.35,standalone_exact_mw,29ae76c7f86edcd2f56343e8109d8463cbc736644db4e57527101e2f1c3606c8,"{""distance"":5,""physical_error_rate"":0.0002}","{""detection_events"":55448,""detectors_checked"":66519040}"
    253952,         0,         0,    8.32,standalone_exact_mw,aea10f45e3589e84a00777b800d38e8a3149bd6cb552c409f3bffd718c1a0abf,"{""distance"":5,""physical_error_rate"":5e-05}","{""detection_events"":11884,""detectors_checked"":56885248}"
   3655680,         0,         0,   119.2,standalone_exact_mw,cc9149276d16e61a5ac322a1d2048afebd34054fe0ed4879b77eb616628c1148,"{""distance"":5,""physical_error_rate"":0.0001}","{""detection_events"":340971,""detectors_checked"":818872320}"
   3992576,         0,         0,   119.4,standalone_exact_mw,29ae76c7f86edcd2f56343e8109d8463cbc736644db4e57527101e2f1c3606c8,"{""distance"":5,""physical_error_rate"":0.0002}","{""detection_events"":743522,""detectors_checked"":894337024}"
    581632,         0,         0,    11.7,standalone_exact_mw,cc9149276d16e61a5ac322a1d2048afebd34054fe0ed4879b77eb616628c1148,"{""distance"":5,""physical_error_rate"":0.0001}","{""detection_events"":53839,""detectors_checked"":130285568}"
   4675584,         0,         0,   119.2,standalone_exact_mw,aea10f45e3589e84a00777b800d38e8a3149bd6cb552c409f3bffd718c1a0abf,"{""distance"":5,""physical_error_rate"":5e-05}","{""detection_events"":217478,""detectors_checked"":1047330816}"
    435200,         0,         0,    11.7,standalone_exact_mw,cc9149276d16e61a5ac322a1d2048afebd34054fe0ed4879b77eb616628c1148,"{""distance"":5,""physical_error_rate"":0.0001}","{""detection_events"":40751,""detectors_checked"":97484800}"
    380928,         0,         0,    11.7,standalone_exact_mw,29ae76c7f86edcd2f56343e8109d8463cbc736644db4e57527101e2f1c3606c8,"{""distance"":5,""physical_error_rate"":0.0002}","{""detection_events"":69947,""detectors_checked"":85327872}"
    394240,         0,         0,    11.6,standalone_exact_mw,aea10f45e3589e84a00777b800d38e8a3149bd6cb552c409f3bffd718c1a0abf,"{""distance"":5,""physical_error_rate"":5e-05}","{""detection_events"":18242,""detectors_checked"":88309760}"
    259072,         0,         0,    11.7,standalone_exact_mw,503ee55b5ad1b1988379a241a0405811522ee4d50b473755532ad1299cb121e2,"{""distance"":5,""physical_error_rate"":0.0005}","{""detection_events"":120235,""detectors_checked"":58032128}"
   2584576,         0,         0,   119.2,standalone_exact_mw,503ee55b5ad1b1988379a241a0405811522ee4d50b473755532ad1299cb121e2,"{""distance"":5,""physical_error_rate"":0.0005}","{""detection_events"":1200288,""detectors_checked"":578945024}"
    385024,         0,         0,    11.6,standalone_exact_mw,cc9149276d16e61a5ac322a1d2048afebd34054fe0ed4879b77eb616628c1148,"{""distance"":5,""physical_error_rate"":0.0001}","{""detection_events"":36061,""detectors_checked"":86245376}"
    395264,         0,         0,    11.6,standalone_exact_mw,cc9149276d16e61a5ac322a1d2048afebd34054fe0ed4879b77eb616628c1148,"{""distance"":5,""physical_error_rate"":0.0001}","{""detection_events"":36898,""detectors_checked"":88539136}"
    232448,         0,         0,    11.7,standalone_exact_mw,503ee55b5ad1b1988379a241a0405811522ee4d50b473755532ad1299cb121e2,"{""distance"":5,""physical_error_rate"":0.0005}","{""detection_events"":108336,""detectors_checked"":52068352}"
    385024,         0,         0,    11.7,standalone_exact_mw,29ae76c7f86edcd2f56343e8109d8463cbc736644db4e57527101e2f1c3606c8,"{""distance"":5,""physical_error_rate"":0.0002}","{""detection_events"":71515,""detectors_checked"":86245376}"
    235520,         0,         0,    11.7,standalone_exact_mw,503ee55b5ad1b1988379a241a0405811522ee4d50b473755532ad1299cb121e2,"{""distance"":5,""physical_error_rate"":0.0005}","{""detection_events"":109084,""detectors_checked"":52756480}"
    358400,         0,         0,    11.7,standalone_exact_mw,aea10f45e3589e84a00777b800d38e8a3149bd6cb552c409f3bffd718c1a0abf,"{""distance"":5,""physical_error_rate"":5e-05}","{""detection_events"":16829,""detectors_checked"":80281600}"
    339968,         0,         0,    11.7,standalone_exact_mw,29ae76c7f86edcd2f56343e8109d8463cbc736644db4e57527101e2f1c3606c8,"{""distance"":5,""physical_error_rate"":0.0002}","{""detection_events"":63544,""detectors_checked"":76152832}"
    354304,         0,         0,    11.6,standalone_exact_mw,aea10f45e3589e84a00777b800d38e8a3149bd6cb552c409f3bffd718c1a0abf,"{""distance"":5,""physical_error_rate"":5e-05}","{""detection_events"":16574,""detectors_checked"":79364096}"
   3823616,         0,         0,   119.2,standalone_exact_mw,cc9149276d16e61a5ac322a1d2048afebd34054fe0ed4879b77eb616628c1148,"{""distance"":5,""physical_error_rate"":0.0001}","{""detection_events"":356114,""detectors_checked"":856489984}"
   3026944,         0,         0,   119.4,standalone_exact_mw,29ae76c7f86edcd2f56343e8109d8463cbc736644db4e57527101e2f1c3606c8,"{""distance"":5,""physical_error_rate"":0.0002}","{""detection_events"":564277,""detectors_checked"":678035456}"
   3848192,         0,         0,   119.2,standalone_exact_mw,aea10f45e3589e84a00777b800d38e8a3149bd6cb552c409f3bffd718c1a0abf,"{""distance"":5,""physical_error_rate"":5e-05}","{""detection_events"":179207,""detectors_checked"":861995008}"
    665600,         1,         0,    16.3,standalone_exact_mw,cc9149276d16e61a5ac322a1d2048afebd34054fe0ed4879b77eb616628c1148,"{""distance"":5,""physical_error_rate"":0.0001}","{""detection_events"":62312,""detectors_checked"":149094400,""obs_mistake_mask=E"":1}"
    468992,         0,         0,    16.3,standalone_exact_mw,cc9149276d16e61a5ac322a1d2048afebd34054fe0ed4879b77eb616628c1148,"{""distance"":5,""physical_error_rate"":0.0001}","{""detection_events"":43813,""detectors_checked"":105054208}"
    451584,         0,         0,    16.3,standalone_exact_mw,29ae76c7f86edcd2f56343e8109d8463cbc736644db4e57527101e2f1c3606c8,"{""distance"":5,""physical_error_rate"":0.0002}","{""detection_events"":84532,""detectors_checked"":101154816}"
    538624,         0,         0,    16.4,standalone_exact_mw,aea10f45e3589e84a00777b800d38e8a3149bd6cb552c409f3bffd718c1a0abf,"{""distance"":5,""physical_error_rate"":5e-05}","{""detection_events"":24949,""detectors_checked"":120651776}"
    340992,         0,         0,    16.4,standalone_exact_mw,503ee55b5ad1b1988379a241a0405811522ee4d50b473755532ad1299cb121e2,"{""distance"":5,""physical_error_rate"":0.0005}","{""detection_events"":159476,""detectors_checked"":76382208}"
    502784,         0,         0,    16.3,standalone_exact_mw,cc9149276d16e61a5ac322a1d2048afebd34054fe0ed4879b77eb616628c1148,"{""distance"":5,""physical_error_rate"":0.0001}","{""detection_events"":46636,""detectors_checked"":112623616}"
    472064,         0,         0,    16.4,standalone_exact_mw,cc9149276d16e61a5ac322a1d2048afebd34054fe0ed4879b77eb616628c1148,"{""distance"":5,""physical_error_rate"":0.0001}","{""detection_events"":43315,""detectors_checked"":105742336}"
    384000,         0,         0,    16.4,standalone_exact_mw,503ee55b5ad1b1988379a241a0405811522ee4d50b473755532ad1299cb121e2,"{""distance"":5,""physical_error_rate"":0.0005}","{""detection_events"":178018,""detectors_checked"":86016000}"
    423936,         0,         0,    16.4,standalone_exact_mw,29ae76c7f86edcd2f56343e8109d8463cbc736644db4e57527101e2f1c3606c8,"{""distance"":5,""physical_error_rate"":0.0002}","{""detection_events"":79043,""detectors_checked"":94961664}"
    345088,         0,         0,    16.4,standalone_exact_mw,503ee55b5ad1b1988379a241a0405811522ee4d50b473755532ad1299cb121e2,"{""distance"":5,""physical_error_rate"":0.0005}","{""detection_events"":159708,""detectors_checked"":77299712}"
    592896,         0,         0,    16.3,standalone_exact_mw,aea10f45e3589e84a00777b800d38e8a3149bd6cb552c409f3bffd718c1a0abf,"{""distance"":5,""physical_error_rate"":5e-05}","{""detection_events"":27167,""detectors_checked"":132808704}"
    418816,         0,         0,    16.4,standalone_exact_mw,29ae76c7f86edcd2f56343e8109d8463cbc736644db4e57527101e2f1c3606c8,"{""distance"":5,""physical_error_rate"":0.0002}","{""detection_events"":78532,""detectors_checked"":93814784}"
    493568,         0,         0,    16.3,standalone_exact_mw,aea10f45e3589e84a00777b800d38e8a3149bd6cb552c409f3bffd718c1a0abf,"{""distance"":5,""physical_error_rate"":5e-05}","{""detection_events"":23118,""detectors_checked"":110559232}"
   2426880,         0,         0,   119.3,standalone_exact_mw,503ee55b5ad1b1988379a241a0405811522ee4d50b473755532ad1299cb121e2,"{""distance"":5,""physical_error_rate"":0.0005}","{""detection_events"":1128241,""detectors_checked"":543621120}"
   3278848,         0,         0,   119.4,standalone_exact_mw,29ae76c7f86edcd2f56343e8109d8463cbc736644db4e57527101e2f1c3606c8,"{""distance"":5,""physical_error_rate"":0.0002}","{""detection_events"":611995,""detectors_checked"":734461952}"
   3724288,         0,         0,   118.8,standalone_exact_mw,aea10f45e3589e84a00777b800d38e8a3149bd6cb552c409f3bffd718c1a0abf,"{""distance"":5,""physical_error_rate"":5e-05}","{""detection_events"":173048,""detectors_checked"":834240512}"
   3736576,         0,         0,   119.3,standalone_exact_mw,cc9149276d16e61a5ac322a1d2048afebd34054fe0ed4879b77eb616628c1148,"{""distance"":5,""physical_error_rate"":0.0001}","{""detection_events"":347023,""detectors_checked"":836993024}"
   3099648,         0,         0,   119.5,standalone_exact_mw,503ee55b5ad1b1988379a241a0405811522ee4d50b473755532ad1299cb121e2,"{""distance"":5,""physical_error_rate"":0.0005}","{""detection_events"":1442547,""detectors_checked"":694321152}"
    923648,         0,         0,    22.8,standalone_exact_mw,cc9149276d16e61a5ac322a1d2048afebd34054fe0ed4879b77eb616628c1148,"{""distance"":5,""physical_error_rate"":0.0001}","{""detection_events"":86207,""detectors_checked"":206897152}"
    656384,         0,         0,    22.9,standalone_exact_mw,cc9149276d16e61a5ac322a1d2048afebd34054fe0ed4879b77eb616628c1148,"{""distance"":5,""physical_error_rate"":0.0001}","{""detection_events"":60170,""detectors_checked"":147030016}"
    689152,         0,         0,    22.8,standalone_exact_mw,29ae76c7f86edcd2f56343e8109d8463cbc736644db4e57527101e2f1c3606c8,"{""distance"":5,""physical_error_rate"":0.0002}","{""detection_events"":126902,""detectors_checked"":154370048}"
    833536,         0,         0,    22.8,standalone_exact_mw,aea10f45e3589e84a00777b800d38e8a3149bd6cb552c409f3bffd718c1a0abf,"{""distance"":5,""physical_error_rate"":5e-05}","{""detection_events"":38436,""detectors_checked"":186712064}"
    552960,         0,         0,    22.9,standalone_exact_mw,503ee55b5ad1b1988379a241a0405811522ee4d50b473755532ad1299cb121e2,"{""distance"":5,""physical_error_rate"":0.0005}","{""detection_events"":258188,""detectors_checked"":123863040}"
    572416,         0,         0,    22.8,standalone_exact_mw,cc9149276d16e61a5ac322a1d2048afebd34054fe0ed4879b77eb616628c1148,"{""distance"":5,""physical_error_rate"":0.0001}","{""detection_events"":53421,""detectors_checked"":128221184}"
    654336,         0,         0,    22.9,standalone_exact_mw,cc9149276d16e61a5ac322a1d2048afebd34054fe0ed4879b77eb616628c1148,"{""distance"":5,""physical_error_rate"":0.0001}","{""detection_events"":60374,""detectors_checked"":146571264}"
    662528,         0,         0,    22.8,standalone_exact_mw,29ae76c7f86edcd2f56343e8109d8463cbc736644db4e57527101e2f1c3606c8,"{""distance"":5,""physical_error_rate"":0.0002}","{""detection_events"":122971,""detectors_checked"":148406272}"
    513024,         0,         0,    22.9,standalone_exact_mw,503ee55b5ad1b1988379a241a0405811522ee4d50b473755532ad1299cb121e2,"{""distance"":5,""physical_error_rate"":0.0005}","{""detection_events"":239019,""detectors_checked"":114917376}"
    397312,         0,         0,    22.8,standalone_exact_mw,503ee55b5ad1b1988379a241a0405811522ee4d50b473755532ad1299cb121e2,"{""distance"":5,""physical_error_rate"":0.0005}","{""detection_events"":185421,""detectors_checked"":88997888}"
    820224,         0,         0,    22.7,standalone_exact_mw,aea10f45e3589e84a00777b800d38e8a3149bd6cb552c409f3bffd718c1a0abf,"{""distance"":5,""physical_error_rate"":5e-05}","{""detection_events"":38344,""detectors_checked"":183730176}"
    581632,         0,         0,    22.7,standalone_exact_mw,29ae76c7f86edcd2f56343e8109d8463cbc736644db4e57527101e2f1c3606c8,"{""distance"":5,""physical_error_rate"":0.0002}","{""detection_events"":107846,""detectors_checked"":130285568}"
    687104,         0,         0,    22.8,standalone_exact_mw,aea10f45e3589e84a00777b800d38e8a3149bd6cb552c409f3bffd718c1a0abf,"{""distance"":5,""physical_error_rate"":5e-05}","{""detection_events"":31814,""detectors_checked"":153911296}"
   3500032,         0,         0,   119.3,standalone_exact_mw,cc9149276d16e61a5ac322a1d2048afebd34054fe0ed4879b77eb616628c1148,"{""distance"":5,""physical_error_rate"":0.0001}","{""detection_events"":327441,""detectors_checked"":784007168}"
   4838400,         0,         0,   119.3,standalone_exact_mw,aea10f45e3589e84a00777b800d38e8a3149bd6cb552c409f3bffd718c1a0abf,"{""distance"":5,""physical_error_rate"":5e-05}","{""detection_events"":226751,""detectors_checked"":1083801600}"
   3102720,         0,         0,   119.3,standalone_exact_mw,29ae76c7f86edcd2f56343e8109d8463cbc736644db4e57527101e2f1c3606c8,"{""distance"":5,""physical_error_rate"":0.0002}","{""detection_events"":579243,""detectors_checked"":695009280}"
   3649536,         0,         0,   119.4,standalone_exact_mw,cc9149276d16e61a5ac322a1d2048afebd34054fe0ed4879b77eb616628c1148,"{""distance"":5,""physical_error_rate"":0.0001}","{""detection_events"":338331,""detectors_checked"":817496064}"
   2520064,         2,         0,   119.5,standalone_exact_mw,503ee55b5ad1b1988379a241a0405811522ee4d50b473755532ad1299cb121e2,"{""distance"":5,""physical_error_rate"":0.0005}","{""detection_events"":1172040,""detectors_checked"":564494336,""obs_mistake_mask=E"":2}"
   3158016,         1,         0,   119.1,standalone_exact_mw,29ae76c7f86edcd2f56343e8109d8463cbc736644db4e57527101e2f1c3606c8,"{""distance"":5,""physical_error_rate"":0.0002}","{""detection_events"":589276,""detectors_checked"":707395584,""obs_mistake_mask=E"":1}"
   4587520,         0,         0,   119.4,standalone_exact_mw,aea10f45e3589e84a00777b800d38e8a3149bd6cb552c409f3bffd718c1a0abf,"{""distance"":5,""physical_error_rate"":5e-05}","{""detection_events"":215065,""detectors_checked"":1027604480}"
   3146752,         0,         0,   119.1,standalone_exact_mw,29ae76c7f86edcd2f56343e8109d8463cbc736644db4e57527101e2f1c3606c8,"{""distance"":5,""physical_error_rate"":0.0002}","{""detection_events"":586805,""detectors_checked"":704872448}"
   3584000,         0,         0,   119.2,standalone_exact_mw,aea10f45e3589e84a00777b800d38e8a3149bd6cb552c409f3bffd718c1a0abf,"{""distance"":5,""physical_error_rate"":5e-05}","{""detection_events"":167370,""detectors_checked"":802816000}"
   2384896,         1,         0,   119.4,standalone_exact_mw,503ee55b5ad1b1988379a241a0405811522ee4d50b473755532ad1299cb121e2,"{""distance"":5,""physical_error_rate"":0.0005}","{""detection_events"":1110595,""detectors_checked"":534216704,""obs_mistake_mask=E"":1}"
   2499584,         1,         0,   119.2,standalone_exact_mw,503ee55b5ad1b1988379a241a0405811522ee4d50b473755532ad1299cb121e2,"{""distance"":5,""physical_error_rate"":0.0005}","{""detection_events"":1163192,""detectors_checked"":559906816,""obs_mistake_mask=E"":1}"
   3752960,         0,         0,   119.1,standalone_exact_mw,aea10f45e3589e84a00777b800d38e8a3149bd6cb552c409f3bffd718c1a0abf,"{""distance"":5,""physical_error_rate"":5e-05}","{""detection_events"":175143,""detectors_checked"":840663040}"
   4173824,         0,         0,   119.3,standalone_exact_mw,cc9149276d16e61a5ac322a1d2048afebd34054fe0ed4879b77eb616628c1148,"{""distance"":5,""physical_error_rate"":0.0001}","{""detection_events"":389029,""detectors_checked"":934936576}"
   1204224,         0,         0,    32.0,standalone_exact_mw,cc9149276d16e61a5ac322a1d2048afebd34054fe0ed4879b77eb616628c1148,"{""distance"":5,""physical_error_rate"":0.0001}","{""detection_events"":111780,""detectors_checked"":269746176}"
    919552,         0,         0,    31.9,standalone_exact_mw,cc9149276d16e61a5ac322a1d2048afebd34054fe0ed4879b77eb616628c1148,"{""distance"":5,""physical_error_rate"":0.0001}","{""detection_events"":85550,""detectors_checked"":205979648}"
    805888,         0,         0,    32.0,standalone_exact_mw,29ae76c7f86edcd2f56343e8109d8463cbc736644db4e57527101e2f1c3606c8,"{""distance"":5,""physical_error_rate"":0.0002}","{""detection_events"":149586,""detectors_checked"":180518912}"
   1056768,         0,         0,    32.0,standalone_exact_mw,aea10f45e3589e84a00777b800d38e8a3149bd6cb552c409f3bffd718c1a0abf,"{""distance"":5,""physical_error_rate"":5e-05}","{""detection_events"":49749,""detectors_checked"":236716032}"
    592896,         0,         0,    32.1,standalone_exact_mw,503ee55b5ad1b1988379a241a0405811522ee4d50b473755532ad1299cb121e2,"{""distance"":5,""physical_error_rate"":0.0005}","{""detection_events"":274660,""detectors_checked"":132808704}"
   1054720,         0,         0,    32.0,standalone_exact_mw,cc9149276d16e61a5ac322a1d2048afebd34054fe0ed4879b77eb616628c1148,"{""distance"":5,""physical_error_rate"":0.0001}","{""detection_events"":99141,""detectors_checked"":236257280}"
    921600,         0,         0,    32.0,standalone_exact_mw,cc9149276d16e61a5ac322a1d2048afebd34054fe0ed4879b77eb616628c1148,"{""distance"":5,""physical_error_rate"":0.0001}","{""detection_events"":85110,""detectors_checked"":206438400}"
    634880,         1,         0,    32.1,standalone_exact_mw,503ee55b5ad1b1988379a241a0405811522ee4d50b473755532ad1299cb121e2,"{""distance"":5,""physical_error_rate"":0.0005}","{""detection_events"":295071,""detectors_checked"":142213120,""obs_mistake_mask=E"":1}"
    823296,         0,         0,    32.0,standalone_exact_mw,29ae76c7f86edcd2f56343e8109d8463cbc736644db4e57527101e2f1c3606c8,"{""distance"":5,""physical_error_rate"":0.0002}","{""detection_events"":154137,""detectors_checked"":184418304}"
    732160,         0,         0,    32.0,standalone_exact_mw,503ee55b5ad1b1988379a241a0405811522ee4d50b473755532ad1299cb121e2,"{""distance"":5,""physical_error_rate"":0.0005}","{""detection_events"":340068,""detectors_checked"":164003840}"
    982016,         0,         0,    32.0,standalone_exact_mw,aea10f45e3589e84a00777b800d38e8a3149bd6cb552c409f3bffd718c1a0abf,"{""distance"":5,""physical_error_rate"":5e-05}","{""detection_events"":45539,""detectors_checked"":219971584}"
    818176,         0,         0,    31.9,standalone_exact_mw,29ae76c7f86edcd2f56343e8109d8463cbc736644db4e57527101e2f1c3606c8,"{""distance"":5,""physical_error_rate"":0.0002}","{""detection_events"":152749,""detectors_checked"":183271424}"
    969728,         0,         0,    32.0,standalone_exact_mw,aea10f45e3589e84a00777b800d38e8a3149bd6cb552c409f3bffd718c1a0abf,"{""distance"":5,""physical_error_rate"":5e-05}","{""detection_events"":44988,""detectors_checked"":217219072}"
   4590592,         0,         0,   119.5,standalone_exact_mw,503ee55b5ad1b1988379a241a0405811522ee4d50b473755532ad1299cb121e2,"{""distance"":5,""physical_error_rate"":0.0005}","{""detection_events"":2137622,""detectors_checked"":1028292608}"
   4990976,         0,         0,   119.4,standalone_exact_mw,29ae76c7f86edcd2f56343e8109d8463cbc736644db4e57527101e2f1c3606c8,"{""distance"":5,""physical_error_rate"":0.0002}","{""detection_events"":929985,""detectors_checked"":1117978624}"
   4921344,         0,         0,   119.2,standalone_exact_mw,aea10f45e3589e84a00777b800d38e8a3149bd6cb552c409f3bffd718c1a0abf,"{""distance"":5,""physical_error_rate"":5e-05}","{""detection_events"":230146,""detectors_checked"":1102381056}"
   4862976,         0,         0,   119.5,standalone_exact_mw,cc9149276d16e61a5ac322a1d2048afebd34054fe0ed4879b77eb616628c1148,"{""distance"":5,""physical_error_rate"":0.0001}","{""detection_events"":453361,""detectors_checked"":1089306624}"
   3875840,         0,         0,   119.4,standalone_exact_mw,cc9149276d16e61a5ac322a1d2048afebd34054fe0ed4879b77eb616628c1148,"{""distance"":5,""physical_error_rate"":0.0001}","{""detection_events"":361893,""detectors_checked"":868188160}"
   3332096,         0,         0,   119.3,standalone_exact_mw,cc9149276d16e61a5ac322a1d2048afebd34054fe0ed4879b77eb616628c1148,"{""distance"":5,""physical_error_rate"":0.0001}","{""detection_events"":310049,""detectors_checked"":746389504}"
   3462144,         0,         0,   119.5,standalone_exact_mw,29ae76c7f86edcd2f56343e8109d8463cbc736644db4e57527101e2f1c3606c8,"{""distance"":5,""physical_error_rate"":0.0002}","{""detection_events"":647171,""detectors_checked"":775520256}"
   3232768,         0,         0,   119.0,standalone_exact_mw,cc9149276d16e61a5ac322a1d2048afebd34054fe0ed4879b77eb616628c1148,"{""distance"":5,""physical_error_rate"":0.0001}","{""detection_events"":301836,""detectors_checked"":724140032}"
   3644416,         0,         0,   119.1,standalone_exact_mw,aea10f45e3589e84a00777b800d38e8a3149bd6cb552c409f3bffd718c1a0abf,"{""distance"":5,""physical_error_rate"":5e-05}","{""detection_events"":170023,""detectors_checked"":816349184}"
   3213312,         2,         0,   119.5,standalone_exact_mw,503ee55b5ad1b1988379a241a0405811522ee4d50b473755532ad1299cb121e2,"{""distance"":5,""physical_error_rate"":0.0005}","{""detection_events"":1495386,""detectors_checked"":719781888,""obs_mistake_mask=E"":2}"
   2355200,         0,         0,   119.5,standalone_exact_mw,503ee55b5ad1b1988379a241a0405811522ee4d50b473755532ad1299cb121e2,"{""distance"":5,""physical_error_rate"":0.0005}","{""detection_events"":1094835,""detectors_checked"":527564800}"
   2430976,         0,         0,   119.3,standalone_exact_mw,503ee55b5ad1b1988379a241a0405811522ee4d50b473755532ad1299cb121e2,"{""distance"":5,""physical_error_rate"":0.0005}","{""detection_events"":1131481,""detectors_checked"":544538624}"
   3381248,         0,         0,   119.3,standalone_exact_mw,aea10f45e3589e84a00777b800d38e8a3149bd6cb552c409f3bffd718c1a0abf,"{""distance"":5,""physical_error_rate"":5e-05}","{""detection_events"":157697,""detectors_checked"":757399552}"
   3728384,         0,         0,   119.3,standalone_exact_mw,aea10f45e3589e84a00777b800d38e8a3149bd6cb552c409f3bffd718c1a0abf,"{""distance"":5,""physical_error_rate"":5e-05}","{""detection_events"":173039,""detectors_checked"":835158016}"
   2682880,         1,         0,   119.3,standalone_exact_mw,503ee55b5ad1b1988379a241a0405811522ee4d50b473755532ad1299cb121e2,"{""distance"":5,""physical_error_rate"":0.0005}","{""detection_events"":1245338,""detectors_checked"":600965120,""obs_mistake_mask=E"":1}"
   3435520,         0,         0,   119.1,standalone_exact_mw,cc9149276d16e61a5ac322a1d2048afebd34054fe0ed4879b77eb616628c1148,"{""distance"":5,""physical_error_rate"":0.0001}","{""detection_events"":320315,""detectors_checked"":769556480}"
   3065856,         0,         0,   119.4,standalone_exact_mw,29ae76c7f86edcd2f56343e8109d8463cbc736644db4e57527101e2f1c3606c8,"{""distance"":5,""physical_error_rate"":0.0002}","{""detection_events"":569900,""detectors_checked"":686751744}"
   3246080,         0,         0,   119.4,standalone_exact_mw,29ae76c7f86edcd2f56343e8109d8463cbc736644db4e57527101e2f1c3606c8,"{""distance"":5,""physical_error_rate"":0.0002}","{""detection_events"":604591,""detectors_checked"":727121920}"
   4096000,         0,         0,   119.2,standalone_exact_mw,aea10f45e3589e84a00777b800d38e8a3149bd6cb552c409f3bffd718c1a0abf,"{""distance"":5,""physical_error_rate"":5e-05}","{""detection_events"":191493,""detectors_checked"":917504000}"
   3244032,         0,         0,   119.2,standalone_exact_mw,29ae76c7f86edcd2f56343e8109d8463cbc736644db4e57527101e2f1c3606c8,"{""distance"":5,""physical_error_rate"":0.0002}","{""detection_events"":601817,""detectors_checked"":726663168}"
   4519936,         0,         0,   119.3,standalone_exact_mw,aea10f45e3589e84a00777b800d38e8a3149bd6cb552c409f3bffd718c1a0abf,"{""distance"":5,""physical_error_rate"":5e-05}","{""detection_events"":209938,""detectors_checked"":1012465664}"
   3324928,         0,         0,   119.3,standalone_exact_mw,29ae76c7f86edcd2f56343e8109d8463cbc736644db4e57527101e2f1c3606c8,"{""distance"":5,""physical_error_rate"":0.0002}","{""detection_events"":618010,""detectors_checked"":744783872}"
   3193856,         0,         0,   119.3,standalone_exact_mw,29ae76c7f86edcd2f56343e8109d8463cbc736644db4e57527101e2f1c3606c8,"{""distance"":5,""physical_error_rate"":0.0002}","{""detection_events"":593695,""detectors_checked"":715423744}"
   2583552,         0,         0,   119.5,standalone_exact_mw,503ee55b5ad1b1988379a241a0405811522ee4d50b473755532ad1299cb121e2,"{""distance"":5,""physical_error_rate"":0.0005}","{""detection_events"":1203976,""detectors_checked"":578715648}"
   3503104,         0,         0,   119.0,standalone_exact_mw,cc9149276d16e61a5ac322a1d2048afebd34054fe0ed4879b77eb616628c1148,"{""distance"":5,""physical_error_rate"":0.0001}","{""detection_events"":326959,""detectors_checked"":784695296}"
   2499584,         2,         0,   119.4,standalone_exact_mw,503ee55b5ad1b1988379a241a0405811522ee4d50b473755532ad1299cb121e2,"{""distance"":5,""physical_error_rate"":0.0005}","{""detection_events"":1164698,""detectors_checked"":559906816,""obs_mistake_mask=E"":2}"
   2289664,         0,         0,    44.7,standalone_exact_mw,cc9149276d16e61a5ac322a1d2048afebd34054fe0ed4879b77eb616628c1148,"{""distance"":5,""physical_error_rate"":0.0001}","{""detection_events"":213831,""detectors_checked"":512884736}"
   3577856,         0,         0,   119.0,standalone_exact_mw,cc9149276d16e61a5ac322a1d2048afebd34054fe0ed4879b77eb616628c1148,"{""distance"":5,""physical_error_rate"":0.0001}","{""detection_events"":332036,""detectors_checked"":801439744}"
   3514368,         0,         0,   119.3,standalone_exact_mw,29ae76c7f86edcd2f56343e8109d8463cbc736644db4e57527101e2f1c3606c8,"{""distance"":5,""physical_error_rate"":0.0002}","{""detection_events"":653789,""detectors_checked"":787218432}"
   4890624,         0,         0,   119.4,standalone_exact_mw,aea10f45e3589e84a00777b800d38e8a3149bd6cb552c409f3bffd718c1a0abf,"{""distance"":5,""physical_error_rate"":5e-05}","{""detection_events"":228857,""detectors_checked"":1095499776}"
   1293312,         0,         0,    44.6,standalone_exact_mw,cc9149276d16e61a5ac322a1d2048afebd34054fe0ed4879b77eb616628c1148,"{""distance"":5,""physical_error_rate"":0.0001}","{""detection_events"":120359,""detectors_checked"":289701888}"
   1137664,         0,         0,    44.6,standalone_exact_mw,29ae76c7f86edcd2f56343e8109d8463cbc736644db4e57527101e2f1c3606c8,"{""distance"":5,""physical_error_rate"":0.0002}","{""detection_events"":209762,""detectors_checked"":254836736}"
   1055744,         0,         0,    44.7,standalone_exact_mw,aea10f45e3589e84a00777b800d38e8a3149bd6cb552c409f3bffd718c1a0abf,"{""distance"":5,""physical_error_rate"":5e-05}","{""detection_events"":48724,""detectors_checked"":236486656}"
   1081344,         0,         0,    44.8,standalone_exact_mw,503ee55b5ad1b1988379a241a0405811522ee4d50b473755532ad1299cb121e2,"{""distance"":5,""physical_error_rate"":0.0005}","{""detection_events"":501627,""detectors_checked"":242221056}"
   1203200,         0,         0,    44.7,standalone_exact_mw,cc9149276d16e61a5ac322a1d2048afebd34054fe0ed4879b77eb616628c1148,"{""distance"":5,""physical_error_rate"":0.0001}","{""detection_events"":112030,""detectors_checked"":269516800}"
   1294336,         0,         0,    44.8,standalone_exact_mw,cc9149276d16e61a5ac322a1d2048afebd34054fe0ed4879b77eb616628c1148,"{""distance"":5,""physical_error_rate"":0.0001}","{""detection_events"":120595,""detectors_checked"":289931264}"
   1160192,         0,         0,    44.8,standalone_exact_mw,29ae76c7f86edcd2f56343e8109d8463cbc736644db4e57527101e2f1c3606c8,"{""distance"":5,""physical_error_rate"":0.0002}","{""detection_events"":213662,""detectors_checked"":259883008}"
    894976,         1,         0,    44.6,standalone_exact_mw,503ee55b5ad1b1988379a241a0405811522ee4d50b473755532ad1299cb121e2,"{""distance"":5,""physical_error_rate"":0.0005}","{""detection_events"":416416,""detectors_checked"":200474624,""obs_mistake_mask=E"":1}"
   1137664,         0,         0,    44.9,standalone_exact_mw,503ee55b5ad1b1988379a241a0405811522ee4d50b473755532ad1299cb121e2,"{""distance"":5,""physical_error_rate"":0.0005}","{""detection_events"":529171,""detectors_checked"":254836736}"
   1377280,         0,         0,    44.7,standalone_exact_mw,aea10f45e3589e84a00777b800d38e8a3149bd6cb552c409f3bffd718c1a0abf,"{""distance"":5,""physical_error_rate"":5e-05}","{""detection_events"":64638,""detectors_checked"":308510720}"
   1152000,         0,         0,    44.8,standalone_exact_mw,29ae76c7f86edcd2f56343e8109d8463cbc736644db4e57527101e2f1c3606c8,"{""distance"":5,""physical_error_rate"":0.0002}","{""detection_events"":213544,""detectors_checked"":258048000}"
   2530304,         1,         0,   119.3,standalone_exact_mw,503ee55b5ad1b1988379a241a0405811522ee4d50b473755532ad1299cb121e2,"{""distance"":5,""physical_error_rate"":0.0005}","{""detection_events"":1176982,""detectors_checked"":566788096,""obs_mistake_mask=E"":1}"
   1359872,         0,         0,    44.6,standalone_exact_mw,aea10f45e3589e84a00777b800d38e8a3149bd6cb552c409f3bffd718c1a0abf,"{""distance"":5,""physical_error_rate"":5e-05}","{""detection_events"":63256,""detectors_checked"":304611328}"
   3674112,         0,         0,   119.3,standalone_exact_mw,cc9149276d16e61a5ac322a1d2048afebd34054fe0ed4879b77eb616628c1148,"{""distance"":5,""physical_error_rate"":0.0001}","{""detection_events"":340874,""detectors_checked"":823001088}"
   3462144,         0,         0,   119.3,standalone_exact_mw,29ae76c7f86edcd2f56343e8109d8463cbc736644db4e57527101e2f1c3606c8,"{""distance"":5,""physical_error_rate"":0.0002}","{""detection_events"":645754,""detectors_checked"":775520256}"
   3570688,         0,         0,   119.3,standalone_exact_mw,aea10f45e3589e84a00777b800d38e8a3149bd6cb552c409f3bffd718c1a0abf,"{""distance"":5,""physical_error_rate"":5e-05}","{""detection_events"":167486,""detectors_checked"":799834112}"
   2396160,         0,         0,   119.7,standalone_exact_mw,503ee55b5ad1b1988379a241a0405811522ee4d50b473755532ad1299cb121e2,"{""distance"":5,""physical_error_rate"":0.0005}","{""detection_events"":1111938,""detectors_checked"":536739840}"
   4808704,         0,         0,   119.6,standalone_exact_mw,29ae76c7f86edcd2f56343e8109d8463cbc736644db4e57527101e2f1c3606c8,"{""distance"":5,""physical_error_rate"":0.0002}","{""detection_events"":896515,""detectors_checked"":1077149696}"
   3415040,         0,         0,   118.9,standalone_exact_mw,aea10f45e3589e84a00777b800d38e8a3149bd6cb552c409f3bffd718c1a0abf,"{""distance"":5,""physical_error_rate"":5e-05}","{""detection_events"":159191,""detectors_checked"":764968960}"
   3700736,         0,         0,   119.2,standalone_exact_mw,cc9149276d16e61a5ac322a1d2048afebd34054fe0ed4879b77eb616628c1148,"{""distance"":5,""physical_error_rate"":0.0001}","{""detection_events"":345325,""detectors_checked"":828964864}"
   2974720,         2,         0,   119.5,standalone_exact_mw,503ee55b5ad1b1988379a241a0405811522ee4d50b473755532ad1299cb121e2,"{""distance"":5,""physical_error_rate"":0.0005}","{""detection_events"":1384951,""detectors_checked"":666337280,""obs_mistake_mask=E"":2}"
   3443712,         0,         0,   119.2,standalone_exact_mw,cc9149276d16e61a5ac322a1d2048afebd34054fe0ed4879b77eb616628c1148,"{""distance"":5,""physical_error_rate"":0.0001}","{""detection_events"":320244,""detectors_checked"":771391488}"
   5136384,         0,         0,   119.3,standalone_exact_mw,aea10f45e3589e84a00777b800d38e8a3149bd6cb552c409f3bffd718c1a0abf,"{""distance"":5,""physical_error_rate"":5e-05}","{""detection_events"":238985,""detectors_checked"":1150550016}"
   3096576,         0,         0,   119.3,standalone_exact_mw,29ae76c7f86edcd2f56343e8109d8463cbc736644db4e57527101e2f1c3606c8,"{""distance"":5,""physical_error_rate"":0.0002}","{""detection_events"":580820,""detectors_checked"":693633024}"
   2770944,         0,         0,    62.7,standalone_exact_mw,cc9149276d16e61a5ac322a1d2048afebd34054fe0ed4879b77eb616628c1148,"{""distance"":5,""physical_error_rate"":0.0001}","{""detection_events"":256848,""detectors_checked"":620691456}"
   4055040,         0,         0,   119.4,standalone_exact_mw,cc9149276d16e61a5ac322a1d2048afebd34054fe0ed4879b77eb616628c1148,"{""distance"":5,""physical_error_rate"":0.0001}","{""detection_events"":377670,""detectors_checked"":908328960}"
   3019776,         0,         0,   119.4,standalone_exact_mw,503ee55b5ad1b1988379a241a0405811522ee4d50b473755532ad1299cb121e2,"{""distance"":5,""physical_error_rate"":0.0005}","{""detection_events"":1406364,""detectors_checked"":676429824}"
   3039232,         0,         0,   119.2,standalone_exact_mw,29ae76c7f86edcd2f56343e8109d8463cbc736644db4e57527101e2f1c3606c8,"{""distance"":5,""physical_error_rate"":0.0002}","{""detection_events"":565516,""detectors_checked"":680787968}"
   4920320,         0,         0,   119.2,standalone_exact_mw,aea10f45e3589e84a00777b800d38e8a3149bd6cb552c409f3bffd718c1a0abf,"{""distance"":5,""physical_error_rate"":5e-05}","{""detection_events"":229007,""detectors_checked"":1102151680}"
   3890176,         0,         0,   119.3,standalone_exact_mw,29ae76c7f86edcd2f56343e8109d8463cbc736644db4e57527101e2f1c3606c8,"{""distance"":5,""physical_error_rate"":0.0002}","{""detection_events"":723403,""detectors_checked"":871399424}"
   3664896,         0,         0,   119.2,standalone_exact_mw,aea10f45e3589e84a00777b800d38e8a3149bd6cb552c409f3bffd718c1a0abf,"{""distance"":5,""physical_error_rate"":5e-05}","{""detection_events"":171636,""detectors_checked"":820936704}"
   2473984,         3,         0,   119.3,standalone_exact_mw,503ee55b5ad1b1988379a241a0405811522ee4d50b473755532ad1299cb121e2,"{""distance"":5,""physical_error_rate"":0.0005}","{""detection_events"":1150974,""detectors_checked"":554172416,""obs_mistake_mask=E"":3}"
   1799168,         0,         0,    62.6,standalone_exact_mw,cc9149276d16e61a5ac322a1d2048afebd34054fe0ed4879b77eb616628c1148,"{""distance"":5,""physical_error_rate"":0.0001}","{""detection_events"":167420,""detectors_checked"":403013632}"
   1911808,         0,         0,    62.8,standalone_exact_mw,29ae76c7f86edcd2f56343e8109d8463cbc736644db4e57527101e2f1c3606c8,"{""distance"":5,""physical_error_rate"":0.0002}","{""detection_events"":356564,""detectors_checked"":428244992}"
   2366464,         0,         0,    62.6,standalone_exact_mw,aea10f45e3589e84a00777b800d38e8a3149bd6cb552c409f3bffd718c1a0abf,"{""distance"":5,""physical_error_rate"":5e-05}","{""detection_events"":110583,""detectors_checked"":530087936}"
   1607680,         2,         0,    62.8,standalone_exact_mw,503ee55b5ad1b1988379a241a0405811522ee4d50b473755532ad1299cb121e2,"{""distance"":5,""physical_error_rate"":0.0005}","{""detection_events"":747683,""detectors_checked"":360120320,""obs_mistake_mask=E"":2}"
   2385920,         2,         0,   118.9,standalone_exact_mw,503ee55b5ad1b1988379a241a0405811522ee4d50b473755532ad1299cb121e2,"{""distance"":5,""physical_error_rate"":0.0005}","{""detection_events"":1114572,""detectors_checked"":534446080,""obs_mistake_mask=E"":2}"
   2278400,         0,         0,    62.6,standalone_exact_mw,cc9149276d16e61a5ac322a1d2048afebd34054fe0ed4879b77eb616628c1148,"{""distance"":5,""physical_error_rate"":0.0001}","{""detection_events"":211548,""detectors_checked"":510361600}"
   3679232,         0,         0,   119.0,standalone_exact_mw,aea10f45e3589e84a00777b800d38e8a3149bd6cb552c409f3bffd718c1a0abf,"{""distance"":5,""physical_error_rate"":5e-05}","{""detection_events"":171362,""detectors_checked"":824147968}"
   3400704,         0,         0,   119.3,standalone_exact_mw,cc9149276d16e61a5ac322a1d2048afebd34054fe0ed4879b77eb616628c1148,"{""distance"":5,""physical_error_rate"":0.0001}","{""detection_events"":316565,""detectors_checked"":761757696}"
   1801216,         0,         0,    62.5,standalone_exact_mw,cc9149276d16e61a5ac322a1d2048afebd34054fe0ed4879b77eb616628c1148,"{""distance"":5,""physical_error_rate"":0.0001}","{""detection_events"":167238,""detectors_checked"":403472384}"
   1750016,         0,         0,    62.5,standalone_exact_mw,29ae76c7f86edcd2f56343e8109d8463cbc736644db4e57527101e2f1c3606c8,"{""distance"":5,""physical_error_rate"":0.0002}","{""detection_events"":324610,""detectors_checked"":392003584}"
   1575936,         3,         0,    62.6,standalone_exact_mw,503ee55b5ad1b1988379a241a0405811522ee4d50b473755532ad1299cb121e2,"{""distance"":5,""physical_error_rate"":0.0005}","{""detection_events"":730928,""detectors_checked"":353009664,""obs_mistake_mask=E"":3}"
   1396736,         0,         0,    62.7,standalone_exact_mw,503ee55b5ad1b1988379a241a0405811522ee4d50b473755532ad1299cb121e2,"{""distance"":5,""physical_error_rate"":0.0005}","{""detection_events"":647491,""detectors_checked"":312868864}"
   2081792,         0,         0,    62.6,standalone_exact_mw,aea10f45e3589e84a00777b800d38e8a3149bd6cb552c409f3bffd718c1a0abf,"{""distance"":5,""physical_error_rate"":5e-05}","{""detection_events"":96757,""detectors_checked"":466321408}"
   1604608,         1,         0,    62.7,standalone_exact_mw,29ae76c7f86edcd2f56343e8109d8463cbc736644db4e57527101e2f1c3606c8,"{""distance"":5,""physical_error_rate"":0.0002}","{""detection_events"":298501,""detectors_checked"":359432192,""obs_mistake_mask=E"":1}"
   1896448,         0,         0,    62.5,standalone_exact_mw,aea10f45e3589e84a00777b800d38e8a3149bd6cb552c409f3bffd718c1a0abf,"{""distance"":5,""physical_error_rate"":5e-05}","{""detection_events"":88749,""detectors_checked"":424804352}"
   5618688,         2,         0,   119.6,standalone_exact_mw,503ee55b5ad1b1988379a241a0405811522ee4d50b473755532ad1299cb121e2,"{""distance"":5,""physical_error_rate"":0.0005}","{""detection_events"":2608604,""detectors_checked"":1258586112,""obs_mistake_mask=E"":2}"
   5962752,         0,         0,   119.5,standalone_exact_mw,29ae76c7f86edcd2f56343e8109d8463cbc736644db4e57527101e2f1c3606c8,"{""distance"":5,""physical_error_rate"":0.0002}","{""detection_events"":1111784,""detectors_checked"":1335656448}"
   5318656,         0,         0,   119.3,standalone_exact_mw,aea10f45e3589e84a00777b800d38e8a3149bd6cb552c409f3bffd718c1a0abf,"{""distance"":5,""physical_error_rate"":5e-05}","{""detection_events"":247862,""detectors_checked"":1191378944}"
   5567488,         0,         0,   119.6,standalone_exact_mw,cc9149276d16e61a5ac322a1d2048afebd34054fe0ed4879b77eb616628c1148,"{""distance"":5,""physical_error_rate"":0.0001}","{""detection_events"":519379,""detectors_checked"":1247117312}"
   3579904,         0,         0,   119.2,standalone_exact_mw,cc9149276d16e61a5ac322a1d2048afebd34054fe0ed4879b77eb616628c1148,"{""distance"":5,""physical_error_rate"":0.0001}","{""detection_events"":334107,""detectors_checked"":801898496}"
   3211264,         1,         0,   119.1,standalone_exact_mw,cc9149276d16e61a5ac322a1d2048afebd34054fe0ed4879b77eb616628c1148,"{""distance"":5,""physical_error_rate"":0.0001}","{""detection_events"":299808,""detectors_checked"":719323136,""obs_mistake_mask=E"":1}"
   3812352,         0,         0,   119.3,standalone_exact_mw,29ae76c7f86edcd2f56343e8109d8463cbc736644db4e57527101e2f1c3606c8,"{""distance"":5,""physical_error_rate"":0.0002}","{""detection_events"":714752,""detectors_checked"":853966848}"
   3323904,         0,         0,   119.3,standalone_exact_mw,cc9149276d16e61a5ac322a1d2048afebd34054fe0ed4879b77eb616628c1148,"{""distance"":5,""physical_error_rate"":0.0001}","{""detection_events"":309997,""detectors_checked"":744554496}"
   2540544,         1,         0,   119.4,standalone_exact_mw,503ee55b5ad1b1988379a241a0405811522ee4d50b473755532ad1299cb121e2,"{""distance"":5,""physical_error_rate"":0.0005}","{""detection_events"":1185666,""detectors_checked"":569081856,""obs_mistake_mask=E"":1}"
   3691520,         0,         0,   119.0,standalone_exact_mw,aea10f45e3589e84a00777b800d38e8a3149bd6cb552c409f3bffd718c1a0abf,"{""distance"":5,""physical_error_rate"":5e-05}","{""detection_events"":172613,""detectors_checked"":826900480}"
   2041856,         0,         0,   119.5,standalone_exact_mw,503ee55b5ad1b1988379a241a0405811522ee4d50b473755532ad1299cb121e2,"{""distance"":5,""physical_error_rate"":0.0005}","{""detection_events"":949714,""detectors_checked"":457375744}"
   2345984,         0,         0,   119.4,standalone_exact_mw,503ee55b5ad1b1988379a241a0405811522ee4d50b473755532ad1299cb121e2,"{""distance"":5,""physical_error_rate"":0.0005}","{""detection_events"":1088601,""detectors_checked"":525500416}"
   3579904,         0,         0,   119.0,standalone_exact_mw,aea10f45e3589e84a00777b800d38e8a3149bd6cb552c409f3bffd718c1a0abf,"{""distance"":5,""physical_error_rate"":5e-05}","{""detection_events"":167410,""detectors_checked"":801898496}"
   3624960,         0,         0,   119.0,standalone_exact_mw,aea10f45e3589e84a00777b800d38e8a3149bd6cb552c409f3bffd718c1a0abf,"{""distance"":5,""physical_error_rate"":5e-05}","{""detection_events"":169016,""detectors_checked"":811991040}"
   2173952,         0,         0,   119.3,standalone_exact_mw,503ee55b5ad1b1988379a241a0405811522ee4d50b473755532ad1299cb121e2,"{""distance"":5,""physical_error_rate"":0.0005}","{""detection_events"":1007670,""detectors_checked"":486965248}"
   3612672,         0,         0,   119.4,standalone_exact_mw,cc9149276d16e61a5ac322a1d2048afebd34054fe0ed4879b77eb616628c1148,"{""distance"":5,""physical_error_rate"":0.0001}","{""detection_events"":337534,""detectors_checked"":809238528}"
   3517440,         0,         0,   119.4,standalone_exact_mw,29ae76c7f86edcd2f56343e8109d8463cbc736644db4e57527101e2f1c3606c8,"{""distance"":5,""physical_error_rate"":0.0002}","{""detection_events"":654276,""detectors_checked"":787906560}"
   3012608,         0,         0,   119.2,standalone_exact_mw,29ae76c7f86edcd2f56343e8109d8463cbc736644db4e57527101e2f1c3606c8,"{""distance"":5,""physical_error_rate"":0.0002}","{""detection_events"":562917,""detectors_checked"":674824192}"
   4081664,         0,         0,   119.4,standalone_exact_mw,aea10f45e3589e84a00777b800d38e8a3149bd6cb552c409f3bffd718c1a0abf,"{""distance"":5,""physical_error_rate"":5e-05}","{""detection_events"":190278,""detectors_checked"":914292736}"
   3004416,         0,         0,   119.2,standalone_exact_mw,29ae76c7f86edcd2f56343e8109d8463cbc736644db4e57527101e2f1c3606c8,"{""distance"":5,""physical_error_rate"":0.0002}","{""detection_events"":559725,""detectors_checked"":672989184}"
   5626880,         0,         0,   119.4,standalone_exact_mw,aea10f45e3589e84a00777b800d38e8a3149bd6cb552c409f3bffd718c1a0abf,"{""distance"":5,""physical_error_rate"":5e-05}","{""detection_events"":263377,""detectors_checked"":1260421120}"
   3050496,         0,         0,   119.4,standalone_exact_mw,29ae76c7f86edcd2f56343e8109d8463cbc736644db4e57527101e2f1c3606c8,"{""distance"":5,""physical_error_rate"":0.0002}","{""detection_events"":570058,""detectors_checked"":683311104}"
   3194880,         0,         0,   119.1,standalone_exact_mw,29ae76c7f86edcd2f56343e8109d8463cbc736644db4e57527101e2f1c3606c8,"{""distance"":5,""physical_error_rate"":0.0002}","{""detection_events"":595062,""detectors_checked"":715653120}"
   2675712,         2,         0,   119.4,standalone_exact_mw,503ee55b5ad1b1988379a241a0405811522ee4d50b473755532ad1299cb121e2,"{""distance"":5,""physical_error_rate"":0.0005}","{""detection_events"":1240596,""detectors_checked"":599359488,""obs_mistake_mask=E"":2}"
   3402752,         0,         0,   119.3,standalone_exact_mw,cc9149276d16e61a5ac322a1d2048afebd34054fe0ed4879b77eb616628c1148,"{""distance"":5,""physical_error_rate"":0.0001}","{""detection_events"":315015,""detectors_checked"":762216448}"
   2889728,         3,         0,   119.5,standalone_exact_mw,503ee55b5ad1b1988379a241a0405811522ee4d50b473755532ad1299cb121e2,"{""distance"":5,""physical_error_rate"":0.0005}","{""detection_events"":1344539,""detectors_checked"":647299072,""obs_mistake_mask=E"":3}"
   3237888,         0,         0,   119.4,standalone_exact_mw,cc9149276d16e61a5ac322a1d2048afebd34054fe0ed4879b77eb616628c1148,"{""distance"":5,""physical_error_rate"":0.0001}","{""detection_events"":298451,""detectors_checked"":725286912}"
   3373056,         0,         0,   119.6,standalone_exact_mw,29ae76c7f86edcd2f56343e8109d8463cbc736644db4e57527101e2f1c3606c8,"{""distance"":5,""physical_error_rate"":0.0002}","{""detection_events"":631604,""detectors_checked"":755564544}"
   3319808,         0,         0,   119.3,standalone_exact_mw,aea10f45e3589e84a00777b800d38e8a3149bd6cb552c409f3bffd718c1a0abf,"{""distance"":5,""physical_error_rate"":5e-05}","{""detection_events"":155115,""detectors_checked"":743636992}"
   2387968,         0,         0,   119.3,standalone_exact_mw,503ee55b5ad1b1988379a241a0405811522ee4d50b473755532ad1299cb121e2,"{""distance"":5,""physical_error_rate"":0.0005}","{""detection_events"":1108289,""detectors_checked"":534904832}"
   2689024,         0,         0,   119.2,standalone_exact_mw,cc9149276d16e61a5ac322a1d2048afebd34054fe0ed4879b77eb616628c1148,"{""distance"":5,""physical_error_rate"":0.0001}","{""detection_events"":250855,""detectors_checked"":602341376}"
   2936832,         0,         0,   119.5,standalone_exact_mw,29ae76c7f86edcd2f56343e8109d8463cbc736644db4e57527101e2f1c3606c8,"{""distance"":5,""physical_error_rate"":0.0002}","{""detection_events"":546859,""detectors_checked"":657850368}"
   2992128,         0,         0,   119.0,standalone_exact_mw,aea10f45e3589e84a00777b800d38e8a3149bd6cb552c409f3bffd718c1a0abf,"{""distance"":5,""physical_error_rate"":5e-05}","{""detection_events"":139669,""detectors_checked"":670236672}"
   5023744,         0,         0,    87.9,standalone_exact_mw,cc9149276d16e61a5ac322a1d2048afebd34054fe0ed4879b77eb616628c1148,"{""distance"":5,""physical_error_rate"":0.0001}","{""detection_events"":466750,""detectors_checked"":1125318656}"
   2429952,         1,         0,   119.4,standalone_exact_mw,503ee55b5ad1b1988379a241a0405811522ee4d50b473755532ad1299cb121e2,"{""distance"":5,""physical_error_rate"":0.0005}","{""detection_events"":1132523,""detectors_checked"":544309248,""obs_mistake_mask=E"":1}"
   2291712,         0,         0,   119.0,standalone_exact_mw,29ae76c7f86edcd2f56343e8109d8463cbc736644db4e57527101e2f1c3606c8,"{""distance"":5,""physical_error_rate"":0.0002}","{""detection_events"":426204,""detectors_checked"":513343488}"
   2052096,         0,         0,    87.5,standalone_exact_mw,cc9149276d16e61a5ac322a1d2048afebd34054fe0ed4879b77eb616628c1148,"{""distance"":5,""physical_error_rate"":0.0001}","{""detection_events"":190675,""detectors_checked"":459669504}"
   3415040,         0,         0,    87.9,standalone_exact_mw,29ae76c7f86edcd2f56343e8109d8463cbc736644db4e57527101e2f1c3606c8,"{""distance"":5,""physical_error_rate"":0.0002}","{""detection_events"":635641,""detectors_checked"":764968960}"
   3073024,         0,         0,    87.6,standalone_exact_mw,aea10f45e3589e84a00777b800d38e8a3149bd6cb552c409f3bffd718c1a0abf,"{""distance"":5,""physical_error_rate"":5e-05}","{""detection_events"":143441,""detectors_checked"":688357376}"
   2230272,         0,         0,    87.8,standalone_exact_mw,503ee55b5ad1b1988379a241a0405811522ee4d50b473755532ad1299cb121e2,"{""distance"":5,""physical_error_rate"":0.0005}","{""detection_events"":1036932,""detectors_checked"":499580928}"
   2576384,         0,         0,    87.6,standalone_exact_mw,cc9149276d16e61a5ac322a1d2048afebd34054fe0ed4879b77eb616628c1148,"{""distance"":5,""physical_error_rate"":0.0001}","{""detection_events"":241152,""detectors_checked"":577110016}"
   2600960,         0,         0,    87.6,standalone_exact_mw,cc9149276d16e61a5ac322a1d2048afebd34054fe0ed4879b77eb616628c1148,"{""distance"":5,""physical_error_rate"":0.0001}","{""detection_events"":241632,""detectors_checked"":582615040}"
   2212864,         0,         0,    87.7,standalone_exact_mw,29ae76c7f86edcd2f56343e8109d8463cbc736644db4e57527101e2f1c3606c8,"{""distance"":5,""physical_error_rate"":0.0002}","{""detection_events"":412772,""detectors_checked"":495681536}"
   2618368,         2,         0,    88.0,standalone_exact_mw,503ee55b5ad1b1988379a241a0405811522ee4d50b473755532ad1299cb121e2,"{""distance"":5,""physical_error_rate"":0.0005}","{""detection_events"":1217633,""detectors_checked"":586514432,""obs_mistake_mask=E"":2}"
   2633728,         0,         0,    87.5,standalone_exact_mw,aea10f45e3589e84a00777b800d38e8a3149bd6cb552c409f3bffd718c1a0abf,"{""distance"":5,""physical_error_rate"":5e-05}","{""detection_events"":124168,""detectors_checked"":589955072}"
   1760256,         0,         0,    87.8,standalone_exact_mw,503ee55b5ad1b1988379a241a0405811522ee4d50b473755532ad1299cb121e2,"{""distance"":5,""physical_error_rate"":0.0005}","{""detection_events"":820880,""detectors_checked"":394297344}"
   3238912,         0,         0,   119.3,standalone_exact_mw,aea10f45e3589e84a00777b800d38e8a3149bd6cb552c409f3bffd718c1a0abf,"{""distance"":5,""physical_error_rate"":5e-05}","{""detection_events"":150933,""detectors_checked"":725516288}"
   2282496,         0,         0,    87.6,standalone_exact_mw,29ae76c7f86edcd2f56343e8109d8463cbc736644db4e57527101e2f1c3606c8,"{""distance"":5,""physical_error_rate"":0.0002}","{""detection_events"":425034,""detectors_checked"":511279104}"
   2649088,         0,         0,    87.7,standalone_exact_mw,aea10f45e3589e84a00777b800d38e8a3149bd6cb552c409f3bffd718c1a0abf,"{""distance"":5,""physical_error_rate"":5e-05}","{""detection_events"":123450,""detectors_checked"":593395712}"
   3529728,         0,         0,   119.3,standalone_exact_mw,cc9149276d16e61a5ac322a1d2048afebd34054fe0ed4879b77eb616628c1148,"{""distance"":5,""physical_error_rate"":0.0001}","{""detection_events"":330166,""detectors_checked"":790659072}"
   2386944,         1,         0,   119.2,standalone_exact_mw,503ee55b5ad1b1988379a241a0405811522ee4d50b473755532ad1299cb121e2,"{""distance"":5,""physical_error_rate"":0.0005}","{""detection_events"":1108369,""detectors_checked"":534675456,""obs_mistake_mask=E"":1}"
   3509248,         0,         0,   119.1,standalone_exact_mw,cc9149276d16e61a5ac322a1d2048afebd34054fe0ed4879b77eb616628c1148,"{""distance"":5,""physical_error_rate"":0.0001}","{""detection_events"":327041,""detectors_checked"":786071552}"
   6865920,         0,         0,   119.2,standalone_exact_mw,aea10f45e3589e84a00777b800d38e8a3149bd6cb552c409f3bffd718c1a0abf,"{""distance"":5,""physical_error_rate"":5e-05}","{""detection_events"":320269,""detectors_checked"":1537966080}"
   3096576,         0,         0,   119.1,standalone_exact_mw,29ae76c7f86edcd2f56343e8109d8463cbc736644db4e57527101e2f1c3606c8,"{""distance"":5,""physical_error_rate"":0.0002}","{""detection_events"":575805,""detectors_checked"":693633024}"
   3068928,         0,         0,   119.2,standalone_exact_mw,cc9149276d16e61a5ac322a1d2048afebd34054fe0ed4879b77eb616628c1148,"{""distance"":5,""physical_error_rate"":0.0001}","{""detection_events"":287169,""detectors_checked"":687439872}"
   2340864,         2,         0,   119.5,standalone_exact_mw,503ee55b5ad1b1988379a241a0405811522ee4d50b473755532ad1299cb121e2,"{""distance"":5,""physical_error_rate"":0.0005}","{""detection_events"":1084308,""detectors_checked"":524353536,""obs_mistake_mask=E"":2}"
   3105792,         0,         0,   119.2,standalone_exact_mw,29ae76c7f86edcd2f56343e8109d8463cbc736644db4e57527101e2f1c3606c8,"{""distance"":5,""physical_error_rate"":0.0002}","{""detection_events"":576731,""detectors_checked"":695697408}"
   6707200,         0,         0,   119.5,standalone_exact_mw,aea10f45e3589e84a00777b800d38e8a3149bd6cb552c409f3bffd718c1a0abf,"{""distance"":5,""physical_error_rate"":5e-05}","{""detection_events"":313566,""detectors_checked"":1502412800}"
   3554304,         0,         0,   119.3,standalone_exact_mw,29ae76c7f86edcd2f56343e8109d8463cbc736644db4e57527101e2f1c3606c8,"{""distance"":5,""physical_error_rate"":0.0002}","{""detection_events"":660660,""detectors_checked"":796164096}"
   4131840,         0,         0,   119.2,standalone_exact_mw,aea10f45e3589e84a00777b800d38e8a3149bd6cb552c409f3bffd718c1a0abf,"{""distance"":5,""physical_error_rate"":5e-05}","{""detection_events"":191025,""detectors_checked"":925532160}"
   2637824,         3,         0,   119.4,standalone_exact_mw,503ee55b5ad1b1988379a241a0405811522ee4d50b473755532ad1299cb121e2,"{""distance"":5,""physical_error_rate"":0.0005}","{""detection_events"":1228794,""detectors_checked"":590872576,""obs_mistake_mask=E"":3}"
   2471936,         0,         0,   119.3,standalone_exact_mw,503ee55b5ad1b1988379a241a0405811522ee4d50b473755532ad1299cb121e2,"{""distance"":5,""physical_error_rate"":0.0005}","{""detection_events"":1148134,""detectors_checked"":553713664}"
   3683328,         0,         0,   119.2,standalone_exact_mw,aea10f45e3589e84a00777b800d38e8a3149bd6cb552c409f3bffd718c1a0abf,"{""distance"":5,""physical_error_rate"":5e-05}","{""detection_events"":172487,""detectors_checked"":825065472}"
   4512768,         0,         0,   119.3,standalone_exact_mw,cc9149276d16e61a5ac322a1d2048afebd34054fe0ed4879b77eb616628c1148,"{""distance"":5,""physical_error_rate"":0.0001}","{""detection_events"":421163,""detectors_checked"":1010860032}"
   6003712,         4,         0,   119.6,standalone_exact_mw,503ee55b5ad1b1988379a241a0405811522ee4d50b473755532ad1299cb121e2,"{""distance"":5,""physical_error_rate"":0.0005}","{""detection_events"":2795011,""detectors_checked"":1344831488,""obs_mistake_mask=E"":4}"
   6170307,         0,         0,   115.1,standalone_exact_mw,aea10f45e3589e84a00777b800d38e8a3149bd6cb552c409f3bffd718c1a0abf,"{""distance"":5,""physical_error_rate"":5e-05}","{""detection_events"":287935,""detectors_checked"":1382148768}"
   5513216,         0,         0,   119.3,standalone_exact_mw,29ae76c7f86edcd2f56343e8109d8463cbc736644db4e57527101e2f1c3606c8,"{""distance"":5,""physical_error_rate"":0.0002}","{""detection_events"":1028995,""detectors_checked"":1234960384}"
   5786624,         0,         0,   119.3,standalone_exact_mw,cc9149276d16e61a5ac322a1d2048afebd34054fe0ed4879b77eb616628c1148,"{""distance"":5,""physical_error_rate"":0.0001}","{""detection_events"":538546,""detectors_checked"":1296203776}"
   4046848,         0,         0,   119.4,standalone_exact_mw,cc9149276d16e61a5ac322a1d2048afebd34054fe0ed4879b77eb616628c1148,"{""distance"":5,""physical_error_rate"":0.0001}","{""detection_events"":376389,""detectors_checked"":906493952}"
   3745792,         0,         0,   119.3,standalone_exact_mw,cc9149276d16e61a5ac322a1d2048afebd34054fe0ed4879b77eb616628c1148,"{""distance"":5,""physical_error_rate"":0.0001}","{""detection_events"":350334,""detectors_checked"":839057408}"
   3580928,         0,         0,   119.3,standalone_exact_mw,29ae76c7f86edcd2f56343e8109d8463cbc736644db4e57527101e2f1c3606c8,"{""distance"":5,""physical_error_rate"":0.0002}","{""detection_events"":669259,""detectors_checked"":802127872}"
   3229696,         0,         0,   119.2,standalone_exact_mw,cc9149276d16e61a5ac322a1d2048afebd34054fe0ed4879b77eb616628c1148,"{""distance"":5,""physical_error_rate"":0.0001}","{""detection_events"":301944,""detectors_checked"":723451904}"
   2347008,         0,         0,   119.3,standalone_exact_mw,503ee55b5ad1b1988379a241a0405811522ee4d50b473755532ad1299cb121e2,"{""distance"":5,""physical_error_rate"":0.0005}","{""detection_events"":1091294,""detectors_checked"":525729792}"
   3547136,         0,         0,   119.3,standalone_exact_mw,aea10f45e3589e84a00777b800d38e8a3149bd6cb552c409f3bffd718c1a0abf,"{""distance"":5,""physical_error_rate"":5e-05}","{""detection_events"":165030,""detectors_checked"":794558464}"
   2080768,         2,         0,   119.4,standalone_exact_mw,503ee55b5ad1b1988379a241a0405811522ee4d50b473755532ad1299cb121e2,"{""distance"":5,""physical_error_rate"":0.0005}","{""detection_events"":966591,""detectors_checked"":466092032,""obs_mistake_mask=E"":2}"
   2404352,         0,         0,   119.3,standalone_exact_mw,503ee55b5ad1b1988379a241a0405811522ee4d50b473755532ad1299cb121e2,"{""distance"":5,""physical_error_rate"":0.0005}","{""detection_events"":1117529,""detectors_checked"":538574848}"
   3872768,         0,         0,   119.0,standalone_exact_mw,aea10f45e3589e84a00777b800d38e8a3149bd6cb552c409f3bffd718c1a0abf,"{""distance"":5,""physical_error_rate"":5e-05}","{""detection_events"":180526,""detectors_checked"":867500032}"
   3686400,         0,         0,   119.2,standalone_exact_mw,aea10f45e3589e84a00777b800d38e8a3149bd6cb552c409f3bffd718c1a0abf,"{""distance"":5,""physical_error_rate"":5e-05}","{""detection_events"":171573,""detectors_checked"":825753600}"
   2496512,         0,         0,   119.4,standalone_exact_mw,503ee55b5ad1b1988379a241a0405811522ee4d50b473755532ad1299cb121e2,"{""distance"":5,""physical_error_rate"":0.0005}","{""detection_events"":1163216,""detectors_checked"":559218688}"
   3507200,         0,         0,   119.1,standalone_exact_mw,cc9149276d16e61a5ac322a1d2048afebd34054fe0ed4879b77eb616628c1148,"{""distance"":5,""physical_error_rate"":0.0001}","{""detection_events"":327225,""detectors_checked"":785612800}"
   4070400,         0,         0,   119.5,standalone_exact_mw,29ae76c7f86edcd2f56343e8109d8463cbc736644db4e57527101e2f1c3606c8,"{""distance"":5,""physical_error_rate"":0.0002}","{""detection_events"":760623,""detectors_checked"":911769600}"
   3226624,         0,         0,   119.4,standalone_exact_mw,29ae76c7f86edcd2f56343e8109d8463cbc736644db4e57527101e2f1c3606c8,"{""distance"":5,""physical_error_rate"":0.0002}","{""detection_events"":603684,""detectors_checked"":722763776}"
   3687424,         0,         0,   119.3,standalone_exact_mw,aea10f45e3589e84a00777b800d38e8a3149bd6cb552c409f3bffd718c1a0abf,"{""distance"":5,""physical_error_rate"":5e-05}","{""detection_events"":173189,""detectors_checked"":825982976}"
   3041280,         1,         0,   119.3,standalone_exact_mw,29ae76c7f86edcd2f56343e8109d8463cbc736644db4e57527101e2f1c3606c8,"{""distance"":5,""physical_error_rate"":0.0002}","{""detection_events"":566756,""detectors_checked"":681246720,""obs_mistake_mask=E"":1}"
   4777984,         0,         0,   119.3,standalone_exact_mw,aea10f45e3589e84a00777b800d38e8a3149bd6cb552c409f3bffd718c1a0abf,"{""distance"":5,""physical_error_rate"":5e-05}","{""detection_events"":224058,""detectors_checked"":1070268416}"
   3164160,         1,         0,   119.1,standalone_exact_mw,29ae76c7f86edcd2f56343e8109d8463cbc736644db4e57527101e2f1c3606c8,"{""distance"":5,""physical_error_rate"":0.0002}","{""detection_events"":590731,""detectors_checked"":708771840,""obs_mistake_mask=E"":1}"
   3606528,         0,         0,   119.3,standalone_exact_mw,29ae76c7f86edcd2f56343e8109d8463cbc736644db4e57527101e2f1c3606c8,"{""distance"":5,""physical_error_rate"":0.0002}","{""detection_events"":672487,""detectors_checked"":807862272}"
   2733056,         0,         0,   119.5,standalone_exact_mw,503ee55b5ad1b1988379a241a0405811522ee4d50b473755532ad1299cb121e2,"{""distance"":5,""physical_error_rate"":0.0005}","{""detection_events"":1268830,""detectors_checked"":612204544}"
   3472384,         0,         0,   119.1,standalone_exact_mw,cc9149276d16e61a5ac322a1d2048afebd34054fe0ed4879b77eb616628c1148,"{""distance"":5,""physical_error_rate"":0.0001}","{""detection_events"":324092,""detectors_checked"":777814016}"
   2660352,         0,         0,   119.5,standalone_exact_mw,503ee55b5ad1b1988379a241a0405811522ee4d50b473755532ad1299cb121e2,"{""distance"":5,""physical_error_rate"":0.0005}","{""detection_events"":1236897,""detectors_checked"":595918848}"
   3277824,         0,         0,   119.4,standalone_exact_mw,cc9149276d16e61a5ac322a1d2048afebd34054fe0ed4879b77eb616628c1148,"{""distance"":5,""physical_error_rate"":0.0001}","{""detection_events"":305463,""detectors_checked"":734232576}"
   3593216,         0,         0,   119.3,standalone_exact_mw,29ae76c7f86edcd2f56343e8109d8463cbc736644db4e57527101e2f1c3606c8,"{""distance"":5,""physical_error_rate"":0.0002}","{""detection_events"":668664,""detectors_checked"":804880384}"
   3734528,         0,         0,   119.2,standalone_exact_mw,aea10f45e3589e84a00777b800d38e8a3149bd6cb552c409f3bffd718c1a0abf,"{""distance"":5,""physical_error_rate"":5e-05}","{""detection_events"":174543,""detectors_checked"":836534272}"
   2486272,         0,         0,   119.4,standalone_exact_mw,503ee55b5ad1b1988379a241a0405811522ee4d50b473755532ad1299cb121e2,"{""distance"":5,""physical_error_rate"":0.0005}","{""detection_events"":1156589,""detectors_checked"":556924928}"
   3575808,         0,         0,   119.5,standalone_exact_mw,cc9149276d16e61a5ac322a1d2048afebd34054fe0ed4879b77eb616628c1148,"{""distance"":5,""physical_error_rate"":0.0001}","{""detection_events"":332448,""detectors_checked"":800980992}"
   3495936,         0,         0,   119.4,standalone_exact_mw,29ae76c7f86edcd2f56343e8109d8463cbc736644db4e57527101e2f1c3606c8,"{""distance"":5,""physical_error_rate"":0.0002}","{""detection_events"":652341,""detectors_checked"":783089664}"
   3608576,         0,         0,   119.3,standalone_exact_mw,aea10f45e3589e84a00777b800d38e8a3149bd6cb552c409f3bffd718c1a0abf,"{""distance"":5,""physical_error_rate"":5e-05}","{""detection_events"":168488,""detectors_checked"":808321024}"
   5779456,         0,         0,   119.5,standalone_exact_mw,cc9149276d16e61a5ac322a1d2048afebd34054fe0ed4879b77eb616628c1148,"{""distance"":5,""physical_error_rate"":0.0001}","{""detection_events"":540748,""detectors_checked"":1294598144}"
   2568192,         1,         0,   119.5,standalone_exact_mw,503ee55b5ad1b1988379a241a0405811522ee4d50b473755532ad1299cb121e2,"{""distance"":5,""physical_error_rate"":0.0005}","{""detection_events"":1194002,""detectors_checked"":575275008,""obs_mistake_mask=E"":1}"
   3403776,         0,         0,   119.4,standalone_exact_mw,29ae76c7f86edcd2f56343e8109d8463cbc736644db4e57527101e2f1c3606c8,"{""distance"":5,""physical_error_rate"":0.0002}","{""detection_events"":632653,""detectors_checked"":762445824}"
   3881984,         0,         0,   119.4,standalone_exact_mw,cc9149276d16e61a5ac322a1d2048afebd34054fe0ed4879b77eb616628c1148,"{""distance"":5,""physical_error_rate"":0.0001}","{""detection_events"":362448,""detectors_checked"":869564416}"
   3472384,         0,         0,   119.4,standalone_exact_mw,29ae76c7f86edcd2f56343e8109d8463cbc736644db4e57527101e2f1c3606c8,"{""distance"":5,""physical_error_rate"":0.0002}","{""detection_events"":646824,""detectors_checked"":777814016}"
   3598336,         0,         0,   119.1,standalone_exact_mw,aea10f45e3589e84a00777b800d38e8a3149bd6cb552c409f3bffd718c1a0abf,"{""distance"":5,""physical_error_rate"":5e-05}","{""detection_events"":168003,""detectors_checked"":806027264}"
   2627584,         0,         0,   119.6,standalone_exact_mw,503ee55b5ad1b1988379a241a0405811522ee4d50b473755532ad1299cb121e2,"{""distance"":5,""physical_error_rate"":0.0005}","{""detection_events"":1219941,""detectors_checked"":588578816}"
   3658752,         0,         0,   119.2,standalone_exact_mw,cc9149276d16e61a5ac322a1d2048afebd34054fe0ed4879b77eb616628c1148,"{""distance"":5,""physical_error_rate"":0.0001}","{""detection_events"":339845,""detectors_checked"":819560448}"
   3474432,         0,         0,   119.0,standalone_exact_mw,cc9149276d16e61a5ac322a1d2048afebd34054fe0ed4879b77eb616628c1148,"{""distance"":5,""physical_error_rate"":0.0001}","{""detection_events"":323783,""detectors_checked"":778272768}"
   3125248,         0,         0,   119.3,standalone_exact_mw,29ae76c7f86edcd2f56343e8109d8463cbc736644db4e57527101e2f1c3606c8,"{""distance"":5,""physical_error_rate"":0.0002}","{""detection_events"":582632,""detectors_checked"":700055552}"
   2393088,         1,         0,   119.3,standalone_exact_mw,503ee55b5ad1b1988379a241a0405811522ee4d50b473755532ad1299cb121e2,"{""distance"":5,""physical_error_rate"":0.0005}","{""detection_events"":1116442,""detectors_checked"":536051712,""obs_mistake_mask=E"":1}"
   3726336,         0,         0,   119.2,standalone_exact_mw,aea10f45e3589e84a00777b800d38e8a3149bd6cb552c409f3bffd718c1a0abf,"{""distance"":5,""physical_error_rate"":5e-05}","{""detection_events"":174148,""detectors_checked"":834699264}"
   2628608,         4,         0,   119.5,standalone_exact_mw,503ee55b5ad1b1988379a241a0405811522ee4d50b473755532ad1299cb121e2,"{""distance"":5,""physical_error_rate"":0.0005}","{""detection_events"":1222798,""detectors_checked"":588808192,""obs_mistake_mask=E"":4}"
   4219904,         0,         0,   119.1,standalone_exact_mw,aea10f45e3589e84a00777b800d38e8a3149bd6cb552c409f3bffd718c1a0abf,"{""distance"":5,""physical_error_rate"":5e-05}","{""detection_events"":196404,""detectors_checked"":945258496}"
   3177472,         0,         0,   119.4,standalone_exact_mw,29ae76c7f86edcd2f56343e8109d8463cbc736644db4e57527101e2f1c3606c8,"{""distance"":5,""physical_error_rate"":0.0002}","{""detection_events"":590617,""detectors_checked"":711753728}"
   3699712,         0,         0,   118.8,standalone_exact_mw,aea10f45e3589e84a00777b800d38e8a3149bd6cb552c409f3bffd718c1a0abf,"{""distance"":5,""physical_error_rate"":5e-05}","{""detection_events"":172621,""detectors_checked"":828735488}"
   3800064,         0,         0,   119.2,standalone_exact_mw,cc9149276d16e61a5ac322a1d2048afebd34054fe0ed4879b77eb616628c1148,"{""distance"":5,""physical_error_rate"":0.0001}","{""detection_events"":353599,""detectors_checked"":851214336}"
   2674688,         1,         0,   119.3,standalone_exact_mw,503ee55b5ad1b1988379a241a0405811522ee4d50b473755532ad1299cb121e2,"{""distance"":5,""physical_error_rate"":0.0005}","{""detection_events"":1242304,""detectors_checked"":599130112,""obs_mistake_mask=E"":1}"
   3460096,         0,         0,   119.2,standalone_exact_mw,cc9149276d16e61a5ac322a1d2048afebd34054fe0ed4879b77eb616628c1148,"{""distance"":5,""physical_error_rate"":0.0001}","{""detection_events"":323679,""detectors_checked"":775061504}"
   5213184,         0,         0,   119.3,standalone_exact_mw,aea10f45e3589e84a00777b800d38e8a3149bd6cb552c409f3bffd718c1a0abf,"{""distance"":5,""physical_error_rate"":5e-05}","{""detection_events"":243428,""detectors_checked"":1167753216}"
   2989056,         0,         0,   119.4,standalone_exact_mw,29ae76c7f86edcd2f56343e8109d8463cbc736644db4e57527101e2f1c3606c8,"{""distance"":5,""physical_error_rate"":0.0002}","{""detection_events"":555826,""detectors_checked"":669548544}"
   3442688,         0,         0,   119.1,standalone_exact_mw,cc9149276d16e61a5ac322a1d2048afebd34054fe0ed4879b77eb616628c1148,"{""distance"":5,""physical_error_rate"":0.0001}","{""detection_events"":321744,""detectors_checked"":771162112}"
   2434048,         0,         0,   119.2,standalone_exact_mw,503ee55b5ad1b1988379a241a0405811522ee4d50b473755532ad1299cb121e2,"{""distance"":5,""physical_error_rate"":0.0005}","{""detection_events"":1131659,""detectors_checked"":545226752}"
   3060736,         0,         0,   119.2,standalone_exact_mw,29ae76c7f86edcd2f56343e8109d8463cbc736644db4e57527101e2f1c3606c8,"{""distance"":5,""physical_error_rate"":0.0002}","{""detection_events"":568468,""detectors_checked"":685604864}"
   5138432,         0,         0,   119.2,standalone_exact_mw,aea10f45e3589e84a00777b800d38e8a3149bd6cb552c409f3bffd718c1a0abf,"{""distance"":5,""physical_error_rate"":5e-05}","{""detection_events"":239599,""detectors_checked"":1151008768}"
   3226624,         0,         0,   119.4,standalone_exact_mw,29ae76c7f86edcd2f56343e8109d8463cbc736644db4e57527101e2f1c3606c8,"{""distance"":5,""physical_error_rate"":0.0002}","{""detection_events"":602424,""detectors_checked"":722763776}"
   4058112,         0,         0,   119.2,standalone_exact_mw,aea10f45e3589e84a00777b800d38e8a3149bd6cb552c409f3bffd718c1a0abf,"{""distance"":5,""physical_error_rate"":5e-05}","{""detection_events"":189660,""detectors_checked"":909017088}"
   2402304,         0,         0,   119.4,standalone_exact_mw,503ee55b5ad1b1988379a241a0405811522ee4d50b473755532ad1299cb121e2,"{""distance"":5,""physical_error_rate"":0.0005}","{""detection_events"":1118234,""detectors_checked"":538116096}"
   2422784,         0,         0,   119.5,standalone_exact_mw,503ee55b5ad1b1988379a241a0405811522ee4d50b473755532ad1299cb121e2,"{""distance"":5,""physical_error_rate"":0.0005}","{""detection_events"":1130151,""detectors_checked"":542703616}"
   3725312,         0,         0,   119.1,standalone_exact_mw,aea10f45e3589e84a00777b800d38e8a3149bd6cb552c409f3bffd718c1a0abf,"{""distance"":5,""physical_error_rate"":5e-05}","{""detection_events"":173632,""detectors_checked"":834469888}"
   4320256,         0,         0,   119.4,standalone_exact_mw,cc9149276d16e61a5ac322a1d2048afebd34054fe0ed4879b77eb616628c1148,"{""distance"":5,""physical_error_rate"":0.0001}","{""detection_events"":402032,""detectors_checked"":967737344}"
   3739747,         0,         0,    86.6,standalone_exact_mw,aea10f45e3589e84a00777b800d38e8a3149bd6cb552c409f3bffd718c1a0abf,"{""distance"":5,""physical_error_rate"":5e-05}","{""detection_events"":173555,""detectors_checked"":837703328}"
   4754432,         0,         0,   110.4,standalone_exact_mw,aea10f45e3589e84a00777b800d38e8a3149bd6cb552c409f3bffd718c1a0abf,"{""distance"":5,""physical_error_rate"":5e-05}","{""detection_events"":221476,""detectors_checked"":1064992768}"
   5177344,         2,         0,   119.5,standalone_exact_mw,503ee55b5ad1b1988379a241a0405811522ee4d50b473755532ad1299cb121e2,"{""distance"":5,""physical_error_rate"":0.0005}","{""detection_events"":2405326,""detectors_checked"":1159725056,""obs_mistake_mask=E"":2}"
   4996096,         0,         0,   119.4,standalone_exact_mw,29ae76c7f86edcd2f56343e8109d8463cbc736644db4e57527101e2f1c3606c8,"{""distance"":5,""physical_error_rate"":0.0002}","{""detection_events"":929096,""detectors_checked"":1119125504}"
   5389576,         0,         0,   119.1,standalone_exact_mw,cc9149276d16e61a5ac322a1d2048afebd34054fe0ed4879b77eb616628c1148,"{""distance"":5,""physical_error_rate"":0.0001}","{""detection_events"":500271,""detectors_checked"":1207265024}"
   3710976,         0,         0,   119.4,standalone_exact_mw,cc9149276d16e61a5ac322a1d2048afebd34054fe0ed4879b77eb616628c1148,"{""distance"":5,""physical_error_rate"":0.0001}","{""detection_events"":345567,""detectors_checked"":831258624}"
   3579904,         0,         0,   119.3,standalone_exact_mw,cc9149276d16e61a5ac322a1d2048afebd34054fe0ed4879b77eb616628c1148,"{""distance"":5,""physical_error_rate"":0.0001}","{""detection_events"":333163,""detectors_checked"":801898496}"
   3916800,         0,         0,   119.3,standalone_exact_mw,29ae76c7f86edcd2f56343e8109d8463cbc736644db4e57527101e2f1c3606c8,"{""distance"":5,""physical_error_rate"":0.0002}","{""detection_events"":731482,""detectors_checked"":877363200}"
   4021248,         0,         0,   119.6,standalone_exact_mw,cc9149276d16e61a5ac322a1d2048afebd34054fe0ed4879b77eb616628c1148,"{""distance"":5,""physical_error_rate"":0.0001}","{""detection_events"":372911,""detectors_checked"":900759552}"
   2498560,         0,         0,   119.6,standalone_exact_mw,503ee55b5ad1b1988379a241a0405811522ee4d50b473755532ad1299cb121e2,"{""distance"":5,""physical_error_rate"":0.0005}","{""detection_events"":1160363,""detectors_checked"":559677440}"
   3697664,         0,         0,   119.2,standalone_exact_mw,aea10f45e3589e84a00777b800d38e8a3149bd6cb552c409f3bffd718c1a0abf,"{""distance"":5,""physical_error_rate"":5e-05}","{""detection_events"":172287,""detectors_checked"":828276736}"
   2980864,         2,         0,   119.5,standalone_exact_mw,503ee55b5ad1b1988379a241a0405811522ee4d50b473755532ad1299cb121e2,"{""distance"":5,""physical_error_rate"":0.0005}","{""detection_events"":1386485,""detectors_checked"":667713536,""obs_mistake_mask=E"":2}"
   2596864,         0,         0,   119.4,standalone_exact_mw,503ee55b5ad1b1988379a241a0405811522ee4d50b473755532ad1299cb121e2,"{""distance"":5,""physical_error_rate"":0.0005}","{""detection_events"":1208444,""detectors_checked"":581697536}"
   3851264,         0,         0,   119.3,standalone_exact_mw,aea10f45e3589e84a00777b800d38e8a3149bd6cb552c409f3bffd718c1a0abf,"{""distance"":5,""physical_error_rate"":5e-05}","{""detection_events"":179196,""detectors_checked"":862683136}"
   3612672,         0,         0,   119.0,standalone_exact_mw,aea10f45e3589e84a00777b800d38e8a3149bd6cb552c409f3bffd718c1a0abf,"{""distance"":5,""physical_error_rate"":5e-05}","{""detection_events"":168433,""detectors_checked"":809238528}"
   2911232,         1,         0,   119.4,standalone_exact_mw,503ee55b5ad1b1988379a241a0405811522ee4d50b473755532ad1299cb121e2,"{""distance"":5,""physical_error_rate"":0.0005}","{""detection_events"":1353120,""detectors_checked"":652115968,""obs_mistake_mask=E"":1}"
   3857408,         0,         0,   119.2,standalone_exact_mw,cc9149276d16e61a5ac322a1d2048afebd34054fe0ed4879b77eb616628c1148,"{""distance"":5,""physical_error_rate"":0.0001}","{""detection_events"":358505,""detectors_checked"":864059392}"
   3865600,         1,         0,   119.3,standalone_exact_mw,29ae76c7f86edcd2f56343e8109d8463cbc736644db4e57527101e2f1c3606c8,"{""distance"":5,""physical_error_rate"":0.0002}","{""detection_events"":720206,""detectors_checked"":865894400,""obs_mistake_mask=E"":1}"
   3298304,         0,         0,   119.2,standalone_exact_mw,29ae76c7f86edcd2f56343e8109d8463cbc736644db4e57527101e2f1c3606c8,"{""distance"":5,""physical_error_rate"":0.0002}","{""detection_events"":616101,""detectors_checked"":738820096}"
   3524608,         0,         0,   119.0,standalone_exact_mw,aea10f45e3589e84a00777b800d38e8a3149bd6cb552c409f3bffd718c1a0abf,"{""distance"":5,""physical_error_rate"":5e-05}","{""detection_events"":165227,""detectors_checked"":789512192}"
   3007488,         0,         0,   119.2,standalone_exact_mw,29ae76c7f86edcd2f56343e8109d8463cbc736644db4e57527101e2f1c3606c8,"{""distance"":5,""physical_error_rate"":0.0002}","{""detection_events"":561599,""detectors_checked"":673677312}"
   3164160,         0,         0,   119.3,standalone_exact_mw,29ae76c7f86edcd2f56343e8109d8463cbc736644db4e57527101e2f1c3606c8,"{""distance"":5,""physical_error_rate"":0.0002}","{""detection_events"":591501,""detectors_checked"":708771840}"
   3740672,         0,         0,   119.1,standalone_exact_mw,29ae76c7f86edcd2f56343e8109d8463cbc736644db4e57527101e2f1c3606c8,"{""distance"":5,""physical_error_rate"":0.0002}","{""detection_events"":697383,""detectors_checked"":837910528}"
   2886656,         0,         0,   119.5,standalone_exact_mw,503ee55b5ad1b1988379a241a0405811522ee4d50b473755532ad1299cb121e2,"{""distance"":5,""physical_error_rate"":0.0005}","{""detection_events"":1343900,""detectors_checked"":646610944}"
   3422208,         0,         0,   119.2,standalone_exact_mw,cc9149276d16e61a5ac322a1d2048afebd34054fe0ed4879b77eb616628c1148,"{""distance"":5,""physical_error_rate"":0.0001}","{""detection_events"":319428,""detectors_checked"":766574592}"
   2734080,         1,         0,   119.3,standalone_exact_mw,503ee55b5ad1b1988379a241a0405811522ee4d50b473755532ad1299cb121e2,"{""distance"":5,""physical_error_rate"":0.0005}","{""detection_events"":1272976,""detectors_checked"":612433920,""obs_mistake_mask=E"":1}"
    664349,         0,         0,    22.8,standalone_exact_mw,aea10f45e3589e84a00777b800d38e8a3149bd6cb552c409f3bffd718c1a0abf,"{""distance"":5,""physical_error_rate"":5e-05}","{""detection_events"":31068,""detectors_checked"":148814176}"
   3373056,         0,         0,   114.5,standalone_exact_mw,aea10f45e3589e84a00777b800d38e8a3149bd6cb552c409f3bffd718c1a0abf,"{""distance"":5,""physical_error_rate"":5e-05}","{""detection_events"":159239,""detectors_checked"":755564544}"
   3259051,         0,         0,    85.9,standalone_exact_mw,aea10f45e3589e84a00777b800d38e8a3149bd6cb552c409f3bffd718c1a0abf,"{""distance"":5,""physical_error_rate"":5e-05}","{""detection_events"":152860,""detectors_checked"":730027424}"
   2861056,         0,         0,    81.9,standalone_exact_mw,aea10f45e3589e84a00777b800d38e8a3149bd6cb552c409f3bffd718c1a0abf,"{""distance"":5,""physical_error_rate"":5e-05}","{""detection_events"":133137,""detectors_checked"":640876544}"
   3142656,         0,         0,   102.2,standalone_exact_mw,aea10f45e3589e84a00777b800d38e8a3149bd6cb552c409f3bffd718c1a0abf,"{""distance"":5,""physical_error_rate"":5e-05}","{""detection_events"":147180,""detectors_checked"":703954944}"
   3810304,         0,         0,   119.1,standalone_exact_mw,cc9149276d16e61a5ac322a1d2048afebd34054fe0ed4879b77eb616628c1148,"{""distance"":5,""physical_error_rate"":0.0001}","{""detection_events"":356522,""detectors_checked"":853508096}"
   2844545,         0,         0,    57.6,standalone_exact_mw,aea10f45e3589e84a00777b800d38e8a3149bd6cb552c409f3bffd718c1a0abf,"{""distance"":5,""physical_error_rate"":5e-05}","{""detection_events"":132659,""detectors_checked"":637178080}"
   2606080,         0,         0,    61.5,standalone_exact_mw,aea10f45e3589e84a00777b800d38e8a3149bd6cb552c409f3bffd718c1a0abf,"{""distance"":5,""physical_error_rate"":5e-05}","{""detection_events"":121158,""detectors_checked"":583761920}"
   2654208,         0,         0,    81.8,standalone_exact_mw,aea10f45e3589e84a00777b800d38e8a3149bd6cb552c409f3bffd718c1a0abf,"{""distance"":5,""physical_error_rate"":5e-05}","{""detection_events"":123646,""detectors_checked"":594542592}"
   2535424,         0,         0,    82.5,standalone_exact_mw,aea10f45e3589e84a00777b800d38e8a3149bd6cb552c409f3bffd718c1a0abf,"{""distance"":5,""physical_error_rate"":5e-05}","{""detection_events"":117555,""detectors_checked"":567934976}"
   3891200,         1,         0,   119.4,standalone_exact_mw,29ae76c7f86edcd2f56343e8109d8463cbc736644db4e57527101e2f1c3606c8,"{""distance"":5,""physical_error_rate"":0.0002}","{""detection_events"":723697,""detectors_checked"":871628800,""obs_mistake_mask=E"":1}"
   2291529,         0,         0,    49.0,standalone_exact_mw,aea10f45e3589e84a00777b800d38e8a3149bd6cb552c409f3bffd718c1a0abf,"{""distance"":5,""physical_error_rate"":5e-05}","{""detection_events"":107143,""detectors_checked"":513302496}"
   1943552,         0,         0,    60.7,standalone_exact_mw,aea10f45e3589e84a00777b800d38e8a3149bd6cb552c409f3bffd718c1a0abf,"{""distance"":5,""physical_error_rate"":5e-05}","{""detection_events"":89943,""detectors_checked"":435355648}"
   2230272,         0,         0,    48.9,standalone_exact_mw,aea10f45e3589e84a00777b800d38e8a3149bd6cb552c409f3bffd718c1a0abf,"{""distance"":5,""physical_error_rate"":5e-05}","{""detection_events"":103099,""detectors_checked"":499580928}"
   2582528,         1,         0,   119.5,standalone_exact_mw,503ee55b5ad1b1988379a241a0405811522ee4d50b473755532ad1299cb121e2,"{""distance"":5,""physical_error_rate"":0.0005}","{""detection_events"":1200123,""detectors_checked"":578486272,""obs_mistake_mask=E"":1}"
   1626243,         0,         0,    41.5,standalone_exact_mw,29ae76c7f86edcd2f56343e8109d8463cbc736644db4e57527101e2f1c3606c8,"{""distance"":5,""physical_error_rate"":0.0002}","{""detection_events"":302556,""detectors_checked"":364278432}"
   1661076,         0,         0,    64.8,standalone_exact_mw,aea10f45e3589e84a00777b800d38e8a3149bd6cb552c409f3bffd718c1a0abf,"{""distance"":5,""physical_error_rate"":5e-05}","{""detection_events"":78819,""detectors_checked"":372081024}"
   1321984,         0,         0,    37.5,standalone_exact_mw,aea10f45e3589e84a00777b800d38e8a3149bd6cb552c409f3bffd718c1a0abf,"{""distance"":5,""physical_error_rate"":5e-05}","{""detection_events"":61946,""detectors_checked"":296124416}"
   3538944,         0,         0,   119.3,standalone_exact_mw,cc9149276d16e61a5ac322a1d2048afebd34054fe0ed4879b77eb616628c1148,"{""distance"":5,""physical_error_rate"":0.0001}","{""detection_events"":329090,""detectors_checked"":792723456}"
   3124224,         0,         0,   119.5,standalone_exact_mw,29ae76c7f86edcd2f56343e8109d8463cbc736644db4e57527101e2f1c3606c8,"{""distance"":5,""physical_error_rate"":0.0002}","{""detection_events"":580555,""detectors_checked"":699826176}"
   1296395,         0,         0,    42.4,standalone_exact_mw,aea10f45e3589e84a00777b800d38e8a3149bd6cb552c409f3bffd718c1a0abf,"{""distance"":5,""physical_error_rate"":5e-05}","{""detection_events"":61031,""detectors_checked"":290392480}"
   1282048,         0,         0,    34.5,standalone_exact_mw,aea10f45e3589e84a00777b800d38e8a3149bd6cb552c409f3bffd718c1a0abf,"{""distance"":5,""physical_error_rate"":5e-05}","{""detection_events"":59300,""detectors_checked"":287178752}"
   1132746,         0,         0,    23.7,standalone_exact_mw,aea10f45e3589e84a00777b800d38e8a3149bd6cb552c409f3bffd718c1a0abf,"{""distance"":5,""physical_error_rate"":5e-05}","{""detection_events"":52487,""detectors_checked"":253735104}"
   1048576,         0,         0,    24.1,standalone_exact_mw,aea10f45e3589e84a00777b800d38e8a3149bd6cb552c409f3bffd718c1a0abf,"{""distance"":5,""physical_error_rate"":5e-05}","{""detection_events"":49566,""detectors_checked"":234881024}"
    981821,         0,         0,    23.9,standalone_exact_mw,aea10f45e3589e84a00777b800d38e8a3149bd6cb552c409f3bffd718c1a0abf,"{""distance"":5,""physical_error_rate"":5e-05}","{""detection_events"":45668,""detectors_checked"":219927904}"
    924672,         0,         0,    24.2,standalone_exact_mw,aea10f45e3589e84a00777b800d38e8a3149bd6cb552c409f3bffd718c1a0abf,"{""distance"":5,""physical_error_rate"":5e-05}","{""detection_events"":43188,""detectors_checked"":207126528}"
    946176,         0,         0,    19.5,standalone_exact_mw,aea10f45e3589e84a00777b800d38e8a3149bd6cb552c409f3bffd718c1a0abf,"{""distance"":5,""physical_error_rate"":5e-05}","{""detection_events"":44409,""detectors_checked"":211943424}"
    928768,         0,         0,    27.2,standalone_exact_mw,aea10f45e3589e84a00777b800d38e8a3149bd6cb552c409f3bffd718c1a0abf,"{""distance"":5,""physical_error_rate"":5e-05}","{""detection_events"":43246,""detectors_checked"":208044032}"
    856064,         0,         0,    19.6,standalone_exact_mw,aea10f45e3589e84a00777b800d38e8a3149bd6cb552c409f3bffd718c1a0abf,"{""distance"":5,""physical_error_rate"":5e-05}","{""detection_events"":39938,""detectors_checked"":191758336}"
    857088,         0,         0,    19.5,standalone_exact_mw,aea10f45e3589e84a00777b800d38e8a3149bd6cb552c409f3bffd718c1a0abf,"{""distance"":5,""physical_error_rate"":5e-05}","{""detection_events"":40504,""detectors_checked"":191987712}"
    867328,         0,         0,    24.3,standalone_exact_mw,aea10f45e3589e84a00777b800d38e8a3149bd6cb552c409f3bffd718c1a0abf,"{""distance"":5,""physical_error_rate"":5e-05}","{""detection_events"":40512,""detectors_checked"":194281472}"
    126899,         0,         0,    2.41,standalone_exact_mw,aea10f45e3589e84a00777b800d38e8a3149bd6cb552c409f3bffd718c1a0abf,"{""distance"":5,""physical_error_rate"":5e-05}","{""detection_events"":5961,""detectors_checked"":28425376}"
    655360,         0,         0,    14.8,standalone_exact_mw,aea10f45e3589e84a00777b800d38e8a3149bd6cb552c409f3bffd718c1a0abf,"{""distance"":5,""physical_error_rate"":5e-05}","{""detection_events"":30560,""detectors_checked"":146800640}"
    809984,         0,         0,    26.2,standalone_exact_mw,aea10f45e3589e84a00777b800d38e8a3149bd6cb552c409f3bffd718c1a0abf,"{""distance"":5,""physical_error_rate"":5e-05}","{""detection_events"":37720,""detectors_checked"":181436416}"
    811008,         0,         0,    26.3,standalone_exact_mw,aea10f45e3589e84a00777b800d38e8a3149bd6cb552c409f3bffd718c1a0abf,"{""distance"":5,""physical_error_rate"":5e-05}","{""detection_events"":37748,""detectors_checked"":181665792}"
    618496,         0,         0,    14.7,standalone_exact_mw,aea10f45e3589e84a00777b800d38e8a3149bd6cb552c409f3bffd718c1a0abf,"{""distance"":5,""physical_error_rate"":5e-05}","{""detection_events"":29020,""detectors_checked"":138543104}"
    796672,         0,         0,    29.8,standalone_exact_mw,aea10f45e3589e84a00777b800d38e8a3149bd6cb552c409f3bffd718c1a0abf,"{""distance"":5,""physical_error_rate"":5e-05}","{""detection_events"":37507,""detectors_checked"":178454528}"
    162544,         0,         0,    3.64,standalone_exact_mw,aea10f45e3589e84a00777b800d38e8a3149bd6cb552c409f3bffd718c1a0abf,"{""distance"":5,""physical_error_rate"":5e-05}","{""detection_events"":7722,""detectors_checked"":36409856}"
    479232,         0,         0,    11.8,standalone_exact_mw,aea10f45e3589e84a00777b800d38e8a3149bd6cb552c409f3bffd718c1a0abf,"{""distance"":5,""physical_error_rate"":5e-05}","{""detection_events"":21784,""detectors_checked"":107347968}"
    349184,         0,         0,    11.8,standalone_exact_mw,aea10f45e3589e84a00777b800d38e8a3149bd6cb552c409f3bffd718c1a0abf,"{""distance"":5,""physical_error_rate"":5e-05}","{""detection_events"":16436,""detectors_checked"":78217216}"
    179952,         0,         0,    4.18,standalone_exact_mw,aea10f45e3589e84a00777b800d38e8a3149bd6cb552c409f3bffd718c1a0abf,"{""distance"":5,""physical_error_rate"":5e-05}","{""detection_events"":8475,""detectors_checked"":40309248}"
    251904,         0,         0,    4.40,standalone_exact_mw,aea10f45e3589e84a00777b800d38e8a3149bd6cb552c409f3bffd718c1a0abf,"{""distance"":5,""physical_error_rate"":5e-05}","{""detection_events"":11264,""detectors_checked"":56426496}"
   5580800,         0,         0,   119.3,standalone_exact_mw,cc9149276d16e61a5ac322a1d2048afebd34054fe0ed4879b77eb616628c1148,"{""distance"":5,""physical_error_rate"":0.0001}","{""detection_events"":519790,""detectors_checked"":1250099200}"
    206832,         0,         0,    4.57,standalone_exact_mw,aea10f45e3589e84a00777b800d38e8a3149bd6cb552c409f3bffd718c1a0abf,"{""distance"":5,""physical_error_rate"":5e-05}","{""detection_events"":9634,""detectors_checked"":46330368}"
    199680,         0,         0,    4.45,standalone_exact_mw,aea10f45e3589e84a00777b800d38e8a3149bd6cb552c409f3bffd718c1a0abf,"{""distance"":5,""physical_error_rate"":5e-05}","{""detection_events"":8989,""detectors_checked"":44728320}"
   2451456,         1,         0,   119.4,standalone_exact_mw,503ee55b5ad1b1988379a241a0405811522ee4d50b473755532ad1299cb121e2,"{""distance"":5,""physical_error_rate"":0.0005}","{""detection_events"":1139519,""detectors_checked"":549126144,""obs_mistake_mask=E"":1}"
    178161,         0,         0,    4.96,standalone_exact_mw,aea10f45e3589e84a00777b800d38e8a3149bd6cb552c409f3bffd718c1a0abf,"{""distance"":5,""physical_error_rate"":5e-05}","{""detection_events"":8313,""detectors_checked"":39908064}"
    155648,         0,         0,    4.98,standalone_exact_mw,aea10f45e3589e84a00777b800d38e8a3149bd6cb552c409f3bffd718c1a0abf,"{""distance"":5,""physical_error_rate"":5e-05}","{""detection_events"":7073,""detectors_checked"":34865152}"
   2767872,         0,         0,   119.2,standalone_exact_mw,29ae76c7f86edcd2f56343e8109d8463cbc736644db4e57527101e2f1c3606c8,"{""distance"":5,""physical_error_rate"":0.0002}","{""detection_events"":515200,""detectors_checked"":620003328}"
    154546,         0,         0,    3.00,standalone_exact_mw,aea10f45e3589e84a00777b800d38e8a3149bd6cb552c409f3bffd718c1a0abf,"{""distance"":5,""physical_error_rate"":5e-05}","{""detection_events"":7192,""detectors_checked"":34618304}"
    137216,         0,         0,    3.01,standalone_exact_mw,aea10f45e3589e84a00777b800d38e8a3149bd6cb552c409f3bffd718c1a0abf,"{""distance"":5,""physical_error_rate"":5e-05}","{""detection_events"":6223,""detectors_checked"":30736384}"
    135159,         0,         0,    5.99,standalone_exact_mw,aea10f45e3589e84a00777b800d38e8a3149bd6cb552c409f3bffd718c1a0abf,"{""distance"":5,""physical_error_rate"":5e-05}","{""detection_events"":6225,""detectors_checked"":30275616}"
    118136,         0,         0,    2.40,standalone_exact_mw,aea10f45e3589e84a00777b800d38e8a3149bd6cb552c409f3bffd718c1a0abf,"{""distance"":5,""physical_error_rate"":5e-05}","{""detection_events"":5574,""detectors_checked"":26462464}"
    110752,         0,         0,    3.57,standalone_exact_mw,aea10f45e3589e84a00777b800d38e8a3149bd6cb552c409f3bffd718c1a0abf,"{""distance"":5,""physical_error_rate"":5e-05}","{""detection_events"":5172,""detectors_checked"":24808448}"
    110592,         0,         0,    3.54,standalone_exact_mw,aea10f45e3589e84a00777b800d38e8a3149bd6cb552c409f3bffd718c1a0abf,"{""distance"":5,""physical_error_rate"":5e-05}","{""detection_events"":5167,""detectors_checked"":24772608}"
    110752,         0,         0,    2.72,standalone_exact_mw,aea10f45e3589e84a00777b800d38e8a3149bd6cb552c409f3bffd718c1a0abf,"{""distance"":5,""physical_error_rate"":5e-05}","{""detection_events"":5288,""detectors_checked"":24808448}"
     91136,         0,         0,    2.21,standalone_exact_mw,aea10f45e3589e84a00777b800d38e8a3149bd6cb552c409f3bffd718c1a0abf,"{""distance"":5,""physical_error_rate"":5e-05}","{""detection_events"":3984,""detectors_checked"":20414464}"
    107520,         0,         0,    3.89,standalone_exact_mw,aea10f45e3589e84a00777b800d38e8a3149bd6cb552c409f3bffd718c1a0abf,"{""distance"":5,""physical_error_rate"":5e-05}","{""detection_events"":5112,""detectors_checked"":24084480}"
    102400,         0,         0,    2.17,standalone_exact_mw,aea10f45e3589e84a00777b800d38e8a3149bd6cb552c409f3bffd718c1a0abf,"{""distance"":5,""physical_error_rate"":5e-05}","{""detection_events"":4799,""detectors_checked"":22937600}"
    110592,         0,         0,    2.72,standalone_exact_mw,aea10f45e3589e84a00777b800d38e8a3149bd6cb552c409f3bffd718c1a0abf,"{""distance"":5,""physical_error_rate"":5e-05}","{""detection_events"":4816,""detectors_checked"":24772608}"
       160,         0,         0,   0.002,standalone_exact_mw,aea10f45e3589e84a00777b800d38e8a3149bd6cb552c409f3bffd718c1a0abf,"{""distance"":5,""physical_error_rate"":5e-05}","{""detection_events"":7,""detectors_checked"":35840}"
     83968,         0,         0,    1.93,standalone_exact_mw,aea10f45e3589e84a00777b800d38e8a3149bd6cb552c409f3bffd718c1a0abf,"{""distance"":5,""physical_error_rate"":5e-05}","{""detection_events"":3684,""detectors_checked"":18808832}"
     86016,         0,         0,    4.00,standalone_exact_mw,aea10f45e3589e84a00777b800d38e8a3149bd6cb552c409f3bffd718c1a0abf,"{""distance"":5,""physical_error_rate"":5e-05}","{""detection_events"":3979,""detectors_checked"":19267584}"
     81920,         0,         0,    1.98,standalone_exact_mw,aea10f45e3589e84a00777b800d38e8a3149bd6cb552c409f3bffd718c1a0abf,"{""distance"":5,""physical_error_rate"":5e-05}","{""detection_events"":3693,""detectors_checked"":18350080}"
      3980,         0,         0,   0.081,standalone_exact_mw,aea10f45e3589e84a00777b800d38e8a3149bd6cb552c409f3bffd718c1a0abf,"{""distance"":5,""physical_error_rate"":5e-05}","{""detection_events"":182,""detectors_checked"":891520}"
     58368,         0,         0,    1.62,standalone_exact_mw,aea10f45e3589e84a00777b800d38e8a3149bd6cb552c409f3bffd718c1a0abf,"{""distance"":5,""physical_error_rate"":5e-05}","{""detection_events"":2594,""detectors_checked"":13074432}"
     49152,         0,         0,    1.55,standalone_exact_mw,aea10f45e3589e84a00777b800d38e8a3149bd6cb552c409f3bffd718c1a0abf,"{""distance"":5,""physical_error_rate"":5e-05}","{""detection_events"":2101,""detectors_checked"":11010048}"
     48266,         0,         0,    1.13,standalone_exact_mw,aea10f45e3589e84a00777b800d38e8a3149bd6cb552c409f3bffd718c1a0abf,"{""distance"":5,""physical_error_rate"":5e-05}","{""detection_events"":2217,""detectors_checked"":10811584}"
     43008,         0,         0,    1.21,standalone_exact_mw,aea10f45e3589e84a00777b800d38e8a3149bd6cb552c409f3bffd718c1a0abf,"{""distance"":5,""physical_error_rate"":5e-05}","{""detection_events"":2131,""detectors_checked"":9633792}"
     38529,         0,         0,   0.671,standalone_exact_mw,aea10f45e3589e84a00777b800d38e8a3149bd6cb552c409f3bffd718c1a0abf,"{""distance"":5,""physical_error_rate"":5e-05}","{""detection_events"":1887,""detectors_checked"":8630496}"
     38529,         0,         0,   0.679,standalone_exact_mw,aea10f45e3589e84a00777b800d38e8a3149bd6cb552c409f3bffd718c1a0abf,"{""distance"":5,""physical_error_rate"":5e-05}","{""detection_events"":1703,""detectors_checked"":8630496}"
     33433,         0,         0,    1.08,standalone_exact_mw,aea10f45e3589e84a00777b800d38e8a3149bd6cb552c409f3bffd718c1a0abf,"{""distance"":5,""physical_error_rate"":5e-05}","{""detection_events"":1492,""detectors_checked"":7488992}"
     28935,         0,         0,   0.688,standalone_exact_mw,aea10f45e3589e84a00777b800d38e8a3149bd6cb552c409f3bffd718c1a0abf,"{""distance"":5,""physical_error_rate"":5e-05}","{""detection_events"":1178,""detectors_checked"":6481440}"
     33433,         0,         0,    1.15,standalone_exact_mw,aea10f45e3589e84a00777b800d38e8a3149bd6cb552c409f3bffd718c1a0abf,"{""distance"":5,""physical_error_rate"":5e-05}","{""detection_events"":1624,""detectors_checked"":7488992}"
     27648,         0,         0,   0.691,standalone_exact_mw,aea10f45e3589e84a00777b800d38e8a3149bd6cb552c409f3bffd718c1a0abf,"{""distance"":5,""physical_error_rate"":5e-05}","{""detection_events"":1303,""detectors_checked"":6193152}"
     28935,         0,         0,   0.717,standalone_exact_mw,aea10f45e3589e84a00777b800d38e8a3149bd6cb552c409f3bffd718c1a0abf,"{""distance"":5,""physical_error_rate"":5e-05}","{""detection_events"":1353,""detectors_checked"":6481440}"
     21504,         0,         0,   0.657,standalone_exact_mw,aea10f45e3589e84a00777b800d38e8a3149bd6cb552c409f3bffd718c1a0abf,"{""distance"":5,""physical_error_rate"":5e-05}","{""detection_events"":966,""detectors_checked"":4816896}"
     23552,         0,         0,   0.693,standalone_exact_mw,aea10f45e3589e84a00777b800d38e8a3149bd6cb552c409f3bffd718c1a0abf,"{""distance"":5,""physical_error_rate"":5e-05}","{""detection_events"":1193,""detectors_checked"":5275648}"
     24576,         0,         0,   0.461,standalone_exact_mw,aea10f45e3589e84a00777b800d38e8a3149bd6cb552c409f3bffd718c1a0abf,"{""distance"":5,""physical_error_rate"":5e-05}","{""detection_events"":1186,""detectors_checked"":5505024}"
     27648,         0,         0,   0.562,standalone_exact_mw,aea10f45e3589e84a00777b800d38e8a3149bd6cb552c409f3bffd718c1a0abf,"{""distance"":5,""physical_error_rate"":5e-05}","{""detection_events"":1249,""detectors_checked"":6193152}"
     27127,         0,         0,   0.817,standalone_exact_mw,aea10f45e3589e84a00777b800d38e8a3149bd6cb552c409f3bffd718c1a0abf,"{""distance"":5,""physical_error_rate"":5e-05}","{""detection_events"":1280,""detectors_checked"":6076448}"
     18432,         0,         0,   0.568,standalone_exact_mw,aea10f45e3589e84a00777b800d38e8a3149bd6cb552c409f3bffd718c1a0abf,"{""distance"":5,""physical_error_rate"":5e-05}","{""detection_events"":884,""detectors_checked"":4128768}"
     24576,         0,         0,   0.650,standalone_exact_mw,aea10f45e3589e84a00777b800d38e8a3149bd6cb552c409f3bffd718c1a0abf,"{""distance"":5,""physical_error_rate"":5e-05}","{""detection_events"":1159,""detectors_checked"":5505024}"
     17408,         0,         0,   0.515,standalone_exact_mw,aea10f45e3589e84a00777b800d38e8a3149bd6cb552c409f3bffd718c1a0abf,"{""distance"":5,""physical_error_rate"":5e-05}","{""detection_events"":796,""detectors_checked"":3899392}"
     20480,         0,         0,   0.483,standalone_exact_mw,aea10f45e3589e84a00777b800d38e8a3149bd6cb552c409f3bffd718c1a0abf,"{""distance"":5,""physical_error_rate"":5e-05}","{""detection_events"":931,""detectors_checked"":4587520}"
     16384,         0,         0,   0.548,standalone_exact_mw,aea10f45e3589e84a00777b800d38e8a3149bd6cb552c409f3bffd718c1a0abf,"{""distance"":5,""physical_error_rate"":5e-05}","{""detection_events"":791,""detectors_checked"":3670016}"
      1287,         0,         0,   0.041,standalone_exact_mw,aea10f45e3589e84a00777b800d38e8a3149bd6cb552c409f3bffd718c1a0abf,"{""distance"":5,""physical_error_rate"":5e-05}","{""detection_events"":66,""detectors_checked"":288288}"
     20438,         0,         0,   0.505,standalone_exact_mw,aea10f45e3589e84a00777b800d38e8a3149bd6cb552c409f3bffd718c1a0abf,"{""distance"":5,""physical_error_rate"":5e-05}","{""detection_events"":917,""detectors_checked"":4578112}"
      1021,         0,         0,   0.012,standalone_exact_mw,aea10f45e3589e84a00777b800d38e8a3149bd6cb552c409f3bffd718c1a0abf,"{""distance"":5,""physical_error_rate"":5e-05}","{""detection_events"":28,""detectors_checked"":228704}"
       921,         0,         0,   0.008,standalone_exact_mw,aea10f45e3589e84a00777b800d38e8a3149bd6cb552c409f3bffd718c1a0abf,"{""distance"":5,""physical_error_rate"":5e-05}","{""detection_events"":57,""detectors_checked"":206304}"
      1316,         0,         0,   0.032,standalone_exact_mw,aea10f45e3589e84a00777b800d38e8a3149bd6cb552c409f3bffd718c1a0abf,"{""distance"":5,""physical_error_rate"":5e-05}","{""detection_events"":62,""detectors_checked"":294784}"
      1143,         0,         0,   0.028,standalone_exact_mw,aea10f45e3589e84a00777b800d38e8a3149bd6cb552c409f3bffd718c1a0abf,"{""distance"":5,""physical_error_rate"":5e-05}","{""detection_events"":44,""detectors_checked"":256032}"
      5383,         0,         0,   0.111,standalone_exact_mw,aea10f45e3589e84a00777b800d38e8a3149bd6cb552c409f3bffd718c1a0abf,"{""distance"":5,""physical_error_rate"":5e-05}","{""detection_events"":249,""detectors_checked"":1205792}"
      6144,         0,         0,   0.140,standalone_exact_mw,aea10f45e3589e84a00777b800d38e8a3149bd6cb552c409f3bffd718c1a0abf,"{""distance"":5,""physical_error_rate"":5e-05}","{""detection_events"":265,""detectors_checked"":1376256}"
      1366,         0,         0,   0.041,standalone_exact_mw,aea10f45e3589e84a00777b800d38e8a3149bd6cb552c409f3bffd718c1a0abf,"{""distance"":5,""physical_error_rate"":5e-05}","{""detection_events"":48,""detectors_checked"":305984}"
      5497,         0,         0,   0.110,standalone_exact_mw,aea10f45e3589e84a00777b800d38e8a3149bd6cb552c409f3bffd718c1a0abf,"{""distance"":5,""physical_error_rate"":5e-05}","{""detection_events"":262,""detectors_checked"":1231328}"
      6084,         0,         0,   0.157,standalone_exact_mw,aea10f45e3589e84a00777b800d38e8a3149bd6cb552c409f3bffd718c1a0abf,"{""distance"":5,""physical_error_rate"":5e-05}","{""detection_events"":316,""detectors_checked"":1362816}"
       204,         0,         0,   0.002,standalone_exact_mw,aea10f45e3589e84a00777b800d38e8a3149bd6cb552c409f3bffd718c1a0abf,"{""distance"":5,""physical_error_rate"":5e-05}","{""detection_events"":11,""detectors_checked"":45696}"
       172,         0,         0,   0.002,standalone_exact_mw,aea10f45e3589e84a00777b800d38e8a3149bd6cb552c409f3bffd718c1a0abf,"{""distance"":5,""physical_error_rate"":5e-05}","{""detection_events"":19,""detectors_checked"":38528}"
       408,         0,         0,   0.003,standalone_exact_mw,aea10f45e3589e84a00777b800d38e8a3149bd6cb552c409f3bffd718c1a0abf,"{""distance"":5,""physical_error_rate"":5e-05}","{""detection_events"":16,""detectors_checked"":91392}"
       408,         0,         0,   0.003,standalone_exact_mw,aea10f45e3589e84a00777b800d38e8a3149bd6cb552c409f3bffd718c1a0abf,"{""distance"":5,""physical_error_rate"":5e-05}","{""detection_events"":22,""detectors_checked"":91392}"
      5676,         0,         0,   0.173,standalone_exact_mw,aea10f45e3589e84a00777b800d38e8a3149bd6cb552c409f3bffd718c1a0abf,"{""distance"":5,""physical_error_rate"":5e-05}","{""detection_events"":283,""detectors_checked"":1271424}"
      1421,         0,         0,   0.019,standalone_exact_mw,aea10f45e3589e84a00777b800d38e8a3149bd6cb552c409f3bffd718c1a0abf,"{""distance"":5,""physical_error_rate"":5e-05}","{""detection_events"":82,""detectors_checked"":318304}"
      5120,         0,         0,   0.128,standalone_exact_mw,aea10f45e3589e84a00777b800d38e8a3149bd6cb552c409f3bffd718c1a0abf,"{""distance"":5,""physical_error_rate"":5e-05}","{""detection_events"":250,""detectors_checked"":1146880}"
      5120,         0,         0,   0.081,standalone_exact_mw,aea10f45e3589e84a00777b800d38e8a3149bd6cb552c409f3bffd718c1a0abf,"{""distance"":5,""physical_error_rate"":5e-05}","{""detection_events"":238,""detectors_checked"":1146880}"
      5120,         0,         0,   0.183,standalone_exact_mw,aea10f45e3589e84a00777b800d38e8a3149bd6cb552c409f3bffd718c1a0abf,"{""distance"":5,""physical_error_rate"":5e-05}","{""detection_events"":232,""detectors_checked"":1146880}"
      4483,         0,         0,   0.138,standalone_exact_mw,aea10f45e3589e84a00777b800d38e8a3149bd6cb552c409f3bffd718c1a0abf,"{""distance"":5,""physical_error_rate"":5e-05}","{""detection_events"":227,""detectors_checked"":1004192}"
      1193,         0,         0,   0.010,standalone_exact_mw,aea10f45e3589e84a00777b800d38e8a3149bd6cb552c409f3bffd718c1a0abf,"{""distance"":5,""physical_error_rate"":5e-05}","{""detection_events"":60,""detectors_checked"":267232}"
       556,         0,         0,   0.005,standalone_exact_mw,aea10f45e3589e84a00777b800d38e8a3149bd6cb552c409f3bffd718c1a0abf,"{""distance"":5,""physical_error_rate"":5e-05}","{""detection_events"":30,""detectors_checked"":124544}"
       245,         0,         0,   0.002,standalone_exact_mw,aea10f45e3589e84a00777b800d38e8a3149bd6cb552c409f3bffd718c1a0abf,"{""distance"":5,""physical_error_rate"":5e-05}","{""detection_events"":6,""detectors_checked"":54880}"
      4863,         0,         0,   0.113,standalone_exact_mw,aea10f45e3589e84a00777b800d38e8a3149bd6cb552c409f3bffd718c1a0abf,"{""distance"":5,""physical_error_rate"":5e-05}","{""detection_events"":209,""detectors_checked"":1089312}"
       556,         0,         0,   0.010,standalone_exact_mw,aea10f45e3589e84a00777b800d38e8a3149bd6cb552c409f3bffd718c1a0abf,"{""distance"":5,""physical_error_rate"":5e-05}","{""detection_events"":37,""detectors_checked"":124544}"
       254,         0,         0,   0.002,standalone_exact_mw,aea10f45e3589e84a00777b800d38e8a3149bd6cb552c409f3bffd718c1a0abf,"{""distance"":5,""physical_error_rate"":5e-05}","{""detection_events"":7,""detectors_checked"":56896}"
      2225,         0,         0,   0.025,standalone_exact_mw,aea10f45e3589e84a00777b800d38e8a3149bd6cb552c409f3bffd718c1a0abf,"{""distance"":5,""physical_error_rate"":5e-05}","{""detection_events"":93,""detectors_checked"":498400}"
      2106,         0,         0,   0.052,standalone_exact_mw,aea10f45e3589e84a00777b800d38e8a3149bd6cb552c409f3bffd718c1a0abf,"{""distance"":5,""physical_error_rate"":5e-05}","{""detection_events"":139,""detectors_checked"":471744}"
      4096,         0,         0,   0.134,standalone_exact_mw,aea10f45e3589e84a00777b800d38e8a3149bd6cb552c409f3bffd718c1a0abf,"{""distance"":5,""physical_error_rate"":5e-05}","{""detection_events"":175,""detectors_checked"":917504}"
      4054,         0,         0,   0.081,standalone_exact_mw,aea10f45e3589e84a00777b800d38e8a3149bd6cb552c409f3bffd718c1a0abf,"{""distance"":5,""physical_error_rate"":5e-05}","{""detection_events"":214,""detectors_checked"":908096}"
       809,         0,         0,   0.008,standalone_exact_mw,aea10f45e3589e84a00777b800d38e8a3149bd6cb552c409f3bffd718c1a0abf,"{""distance"":5,""physical_error_rate"":5e-05}","{""detection_events"":46,""detectors_checked"":181216}"
      3072,         0,         0,   0.071,standalone_exact_mw,aea10f45e3589e84a00777b800d38e8a3149bd6cb552c409f3bffd718c1a0abf,"{""distance"":5,""physical_error_rate"":5e-05}","{""detection_events"":119,""detectors_checked"":688128}"
      1104,         0,         0,   0.016,standalone_exact_mw,aea10f45e3589e84a00777b800d38e8a3149bd6cb552c409f3bffd718c1a0abf,"{""distance"":5,""physical_error_rate"":5e-05}","{""detection_events"":36,""detectors_checked"":247296}"
       809,         0,         0,   0.007,standalone_exact_mw,aea10f45e3589e84a00777b800d38e8a3149bd6cb552c409f3bffd718c1a0abf,"{""distance"":5,""physical_error_rate"":5e-05}","{""detection_events"":26,""detectors_checked"":181216}"
      1154,         0,         0,   0.031,standalone_exact_mw,aea10f45e3589e84a00777b800d38e8a3149bd6cb552c409f3bffd718c1a0abf,"{""distance"":5,""physical_error_rate"":5e-05}","{""detection_events"":57,""detectors_checked"":258496}"
       544,         0,         0,   0.005,standalone_exact_mw,aea10f45e3589e84a00777b800d38e8a3149bd6cb552c409f3bffd718c1a0abf,"{""distance"":5,""physical_error_rate"":5e-05}","{""detection_events"":27,""detectors_checked"":121856}"
       675,         0,         0,   0.009,standalone_exact_mw,aea10f45e3589e84a00777b800d38e8a3149bd6cb552c409f3bffd718c1a0abf,"{""distance"":5,""physical_error_rate"":5e-05}","{""detection_events"":30,""detectors_checked"":151200}"
      4054,         0,         0,   0.134,standalone_exact_mw,aea10f45e3589e84a00777b800d38e8a3149bd6cb552c409f3bffd718c1a0abf,"{""distance"":5,""physical_error_rate"":5e-05}","{""detection_events"":164,""detectors_checked"":908096}"
      2048,         0,         0,   0.053,standalone_exact_mw,aea10f45e3589e84a00777b800d38e8a3149bd6cb552c409f3bffd718c1a0abf,"{""distance"":5,""physical_error_rate"":5e-05}","{""detection_events"":89,""detectors_checked"":458752}"
       767,         0,         0,   0.009,standalone_exact_mw,aea10f45e3589e84a00777b800d38e8a3149bd6cb552c409f3bffd718c1a0abf,"{""distance"":5,""physical_error_rate"":5e-05}","{""detection_events"":19,""detectors_checked"":171808}"
      1622,         0,         0,   0.047,standalone_exact_mw,aea10f45e3589e84a00777b800d38e8a3149bd6cb552c409f3bffd718c1a0abf,"{""distance"":5,""physical_error_rate"":5e-05}","{""detection_events"":69,""detectors_checked"":363328}"
      3072,         0,         0,   0.087,standalone_exact_mw,aea10f45e3589e84a00777b800d38e8a3149bd6cb552c409f3bffd718c1a0abf,"{""distance"":5,""physical_error_rate"":5e-05}","{""detection_events"":135,""detectors_checked"":688128}"
        67,         0,         0,   0.001,standalone_exact_mw,aea10f45e3589e84a00777b800d38e8a3149bd6cb552c409f3bffd718c1a0abf,"{""distance"":5,""physical_error_rate"":5e-05}","{""detection_events"":2,""detectors_checked"":15008}"
       982,         0,         0,   0.009,standalone_exact_mw,aea10f45e3589e84a00777b800d38e8a3149bd6cb552c409f3bffd718c1a0abf,"{""distance"":5,""physical_error_rate"":5e-05}","{""detection_events"":35,""detectors_checked"":219968}"
       228,         0,         0,   0.002,standalone_exact_mw,aea10f45e3589e84a00777b800d38e8a3149bd6cb552c409f3bffd718c1a0abf,"{""distance"":5,""physical_error_rate"":5e-05}","{""detection_events"":10,""detectors_checked"":51072}"
        70,         0,         0,   0.001,standalone_exact_mw,aea10f45e3589e84a00777b800d38e8a3149bd6cb552c409f3bffd718c1a0abf,"{""distance"":5,""physical_error_rate"":5e-05}","{""detection_events"":2,""detectors_checked"":15680}"
       167,         0,         0,   0.002,standalone_exact_mw,aea10f45e3589e84a00777b800d38e8a3149bd6cb552c409f3bffd718c1a0abf,"{""distance"":5,""physical_error_rate"":5e-05}","{""detection_events"":11,""detectors_checked"":37408}"
       167,         0,         0,   0.004,standalone_exact_mw,aea10f45e3589e84a00777b800d38e8a3149bd6cb552c409f3bffd718c1a0abf,"{""distance"":5,""physical_error_rate"":5e-05}","{""detection_events"":7,""detectors_checked"":37408}"
        55,         0,         0,   0.001,standalone_exact_mw,aea10f45e3589e84a00777b800d38e8a3149bd6cb552c409f3bffd718c1a0abf,"{""distance"":5,""physical_error_rate"":5e-05}","{""detection_events"":2,""detectors_checked"":12320}"
        61,         0,         0,   0.001,standalone_exact_mw,aea10f45e3589e84a00777b800d38e8a3149bd6cb552c409f3bffd718c1a0abf,"{""distance"":5,""physical_error_rate"":5e-05}","{""detectors_checked"":13664}"
        61,         0,         0,   0.001,standalone_exact_mw,aea10f45e3589e84a00777b800d38e8a3149bd6cb552c409f3bffd718c1a0abf,"{""distance"":5,""physical_error_rate"":5e-05}","{""detectors_checked"":13664}"
       152,         0,         0,   0.002,standalone_exact_mw,aea10f45e3589e84a00777b800d38e8a3149bd6cb552c409f3bffd718c1a0abf,"{""distance"":5,""physical_error_rate"":5e-05}","{""detection_events"":4,""detectors_checked"":34048}"
       167,         0,         0,   0.002,standalone_exact_mw,aea10f45e3589e84a00777b800d38e8a3149bd6cb552c409f3bffd718c1a0abf,"{""distance"":5,""physical_error_rate"":5e-05}","{""detection_events"":8,""detectors_checked"":37408}"
      1465,         0,         0,   0.033,standalone_exact_mw,aea10f45e3589e84a00777b800d38e8a3149bd6cb552c409f3bffd718c1a0abf,"{""distance"":5,""physical_error_rate"":5e-05}","{""detection_events"":74,""detectors_checked"":328160}"
        61,         0,         0,   0.001,standalone_exact_mw,aea10f45e3589e84a00777b800d38e8a3149bd6cb552c409f3bffd718c1a0abf,"{""distance"":5,""physical_error_rate"":5e-05}","{""detection_events"":8,""detectors_checked"":13664}"
         1,         0,         0,   0.000,standalone_exact_mw,aea10f45e3589e84a00777b800d38e8a3149bd6cb552c409f3bffd718c1a0abf,"{""distance"":5,""physical_error_rate"":5e-05}","{""detectors_checked"":224}"
         1,         0,         0,   0.000,standalone_exact_mw,aea10f45e3589e84a00777b800d38e8a3149bd6cb552c409f3bffd718c1a0abf,"{""distance"":5,""physical_error_rate"":5e-05}","{""detectors_checked"":224}"
         1,         0,         0,   0.000,standalone_exact_mw,aea10f45e3589e84a00777b800d38e8a3149bd6cb552c409f3bffd718c1a0abf,"{""distance"":5,""physical_error_rate"":5e-05}","{""detectors_checked"":224}"
         1,         0,         0,   0.000,standalone_exact_mw,aea10f45e3589e84a00777b800d38e8a3149bd6cb552c409f3bffd718c1a0abf,"{""distance"":5,""physical_error_rate"":5e-05}","{""detectors_checked"":224}"
         1,         0,         0,   0.000,standalone_exact_mw,aea10f45e3589e84a00777b800d38e8a3149bd6cb552c409f3bffd718c1a0abf,"{""distance"":5,""physical_error_rate"":5e-05}","{""detectors_checked"":224}"
   3388416,         0,         0,   119.2,standalone_exact_mw,cc9149276d16e61a5ac322a1d2048afebd34054fe0ed4879b77eb616628c1148,"{""distance"":5,""physical_error_rate"":0.0001}","{""detection_events"":315277,""detectors_checked"":759005184}"
   3789824,         0,         0,   119.3,standalone_exact_mw,29ae76c7f86edcd2f56343e8109d8463cbc736644db4e57527101e2f1c3606c8,"{""distance"":5,""physical_error_rate"":0.0002}","{""detection_events"":703033,""detectors_checked"":848920576}"
   2443264,         1,         0,   119.6,standalone_exact_mw,503ee55b5ad1b1988379a241a0405811522ee4d50b473755532ad1299cb121e2,"{""distance"":5,""physical_error_rate"":0.0005}","{""detection_events"":1133232,""detectors_checked"":547291136,""obs_mistake_mask=E"":1}"
   3742720,         0,         0,   119.2,standalone_exact_mw,cc9149276d16e61a5ac322a1d2048afebd34054fe0ed4879b77eb616628c1148,"{""distance"":5,""physical_error_rate"":0.0001}","{""detection_events"":349026,""detectors_checked"":838369280}"
   3532800,         0,         0,   119.2,standalone_exact_mw,cc9149276d16e61a5ac322a1d2048afebd34054fe0ed4879b77eb616628c1148,"{""distance"":5,""physical_error_rate"":0.0001}","{""detection_events"":328946,""detectors_checked"":791347200}"
   2556928,         0,         0,   119.3,standalone_exact_mw,29ae76c7f86edcd2f56343e8109d8463cbc736644db4e57527101e2f1c3606c8,"{""distance"":5,""physical_error_rate"":0.0002}","{""detection_events"":476009,""detectors_checked"":572751872}"
   2369536,         0,         0,   119.4,standalone_exact_mw,503ee55b5ad1b1988379a241a0405811522ee4d50b473755532ad1299cb121e2,"{""distance"":5,""physical_error_rate"":0.0005}","{""detection_events"":1103731,""detectors_checked"":530776064}"
   2935808,         1,         0,   119.5,standalone_exact_mw,503ee55b5ad1b1988379a241a0405811522ee4d50b473755532ad1299cb121e2,"{""distance"":5,""physical_error_rate"":0.0005}","{""detection_events"":1366483,""detectors_checked"":657620992,""obs_mistake_mask=E"":1}"
   3155968,         0,         0,   119.3,standalone_exact_mw,29ae76c7f86edcd2f56343e8109d8463cbc736644db4e57527101e2f1c3606c8,"{""distance"":5,""physical_error_rate"":0.0002}","{""detection_events"":587009,""detectors_checked"":706936832}"
   3972096,         0,         0,   119.3,standalone_exact_mw,cc9149276d16e61a5ac322a1d2048afebd34054fe0ed4879b77eb616628c1148,"{""distance"":5,""physical_error_rate"":0.0001}","{""detection_events"":369908,""detectors_checked"":889749504}"
   2325504,         2,         0,   119.1,standalone_exact_mw,503ee55b5ad1b1988379a241a0405811522ee4d50b473755532ad1299cb121e2,"{""distance"":5,""physical_error_rate"":0.0005}","{""detection_events"":1082542,""detectors_checked"":520912896,""obs_mistake_mask=E"":2}"
      1297,         0,         0,   0.031,standalone_exact_mw,503ee55b5ad1b1988379a241a0405811522ee4d50b473755532ad1299cb121e2,"{""distance"":5,""physical_error_rate"":0.0005}","{""detection_events"":562,""detectors_checked"":290528}"
      1024,         0,         0,   0.049,standalone_exact_mw,503ee55b5ad1b1988379a241a0405811522ee4d50b473755532ad1299cb121e2,"{""distance"":5,""physical_error_rate"":0.0005}","{""detection_events"":526,""detectors_checked"":229376}"
      1024,         0,         0,   0.030,standalone_exact_mw,503ee55b5ad1b1988379a241a0405811522ee4d50b473755532ad1299cb121e2,"{""distance"":5,""physical_error_rate"":0.0005}","{""detection_events"":460,""detectors_checked"":229376}"
      1024,         0,         0,   0.031,standalone_exact_mw,503ee55b5ad1b1988379a241a0405811522ee4d50b473755532ad1299cb121e2,"{""distance"":5,""physical_error_rate"":0.0005}","{""detection_events"":489,""detectors_checked"":229376}"
      2048,         0,         0,   0.089,standalone_exact_mw,503ee55b5ad1b1988379a241a0405811522ee4d50b473755532ad1299cb121e2,"{""distance"":5,""physical_error_rate"":0.0005}","{""detection_events"":1027,""detectors_checked"":458752}"
      2048,         0,         0,   0.088,standalone_exact_mw,503ee55b5ad1b1988379a241a0405811522ee4d50b473755532ad1299cb121e2,"{""distance"":5,""physical_error_rate"":0.0005}","{""detection_events"":850,""detectors_checked"":458752}"
      2048,         0,         0,   0.111,standalone_exact_mw,503ee55b5ad1b1988379a241a0405811522ee4d50b473755532ad1299cb121e2,"{""distance"":5,""physical_error_rate"":0.0005}","{""detection_events"":1027,""detectors_checked"":458752}"
      2048,         0,         0,   0.110,standalone_exact_mw,503ee55b5ad1b1988379a241a0405811522ee4d50b473755532ad1299cb121e2,"{""distance"":5,""physical_error_rate"":0.0005}","{""detection_events"":934,""detectors_checked"":458752}"
      4096,         0,         0,   0.173,standalone_exact_mw,503ee55b5ad1b1988379a241a0405811522ee4d50b473755532ad1299cb121e2,"{""distance"":5,""physical_error_rate"":0.0005}","{""detection_events"":1950,""detectors_checked"":917504}"
      8192,         0,         0,   0.215,standalone_exact_mw,503ee55b5ad1b1988379a241a0405811522ee4d50b473755532ad1299cb121e2,"{""distance"":5,""physical_error_rate"":0.0005}","{""detection_events"":3774,""detectors_checked"":1835008}"
      1297,         0,         0,   0.014,standalone_exact_mw,29ae76c7f86edcd2f56343e8109d8463cbc736644db4e57527101e2f1c3606c8,"{""distance"":5,""physical_error_rate"":0.0002}","{""detection_events"":253,""detectors_checked"":290528}"
      2048,         0,         0,   0.019,standalone_exact_mw,29ae76c7f86edcd2f56343e8109d8463cbc736644db4e57527101e2f1c3606c8,"{""distance"":5,""physical_error_rate"":0.0002}","{""detection_events"":333,""detectors_checked"":458752}"
      3072,         0,         0,   0.029,standalone_exact_mw,29ae76c7f86edcd2f56343e8109d8463cbc736644db4e57527101e2f1c3606c8,"{""distance"":5,""physical_error_rate"":0.0002}","{""detection_events"":542,""detectors_checked"":688128}"
      3072,         0,         0,   0.029,standalone_exact_mw,29ae76c7f86edcd2f56343e8109d8463cbc736644db4e57527101e2f1c3606c8,"{""distance"":5,""physical_error_rate"":0.0002}","{""detection_events"":502,""detectors_checked"":688128}"
      4096,         0,         0,   0.048,standalone_exact_mw,29ae76c7f86edcd2f56343e8109d8463cbc736644db4e57527101e2f1c3606c8,"{""distance"":5,""physical_error_rate"":0.0002}","{""detection_events"":676,""detectors_checked"":917504}"
      2048,         0,         0,   0.056,standalone_exact_mw,29ae76c7f86edcd2f56343e8109d8463cbc736644db4e57527101e2f1c3606c8,"{""distance"":5,""physical_error_rate"":0.0002}","{""detection_events"":370,""detectors_checked"":458752}"
      3072,         0,         0,   0.085,standalone_exact_mw,29ae76c7f86edcd2f56343e8109d8463cbc736644db4e57527101e2f1c3606c8,"{""distance"":5,""physical_error_rate"":0.0002}","{""detection_events"":651,""detectors_checked"":688128}"
     10240,         0,         0,   0.308,standalone_exact_mw,503ee55b5ad1b1988379a241a0405811522ee4d50b473755532ad1299cb121e2,"{""distance"":5,""physical_error_rate"":0.0005}","{""detection_events"":4700,""detectors_checked"":2293760}"
      4096,         0,         0,   0.111,standalone_exact_mw,29ae76c7f86edcd2f56343e8109d8463cbc736644db4e57527101e2f1c3606c8,"{""distance"":5,""physical_error_rate"":0.0002}","{""detection_events"":707,""detectors_checked"":917504}"
      5120,         0,         0,   0.159,standalone_exact_mw,29ae76c7f86edcd2f56343e8109d8463cbc736644db4e57527101e2f1c3606c8,"{""distance"":5,""physical_error_rate"":0.0002}","{""detection_events"":1001,""detectors_checked"":1146880}"
     11264,         0,         0,   0.395,standalone_exact_mw,503ee55b5ad1b1988379a241a0405811522ee4d50b473755532ad1299cb121e2,"{""distance"":5,""physical_error_rate"":0.0005}","{""detection_events"":5155,""detectors_checked"":2523136}"
      8192,         0,         0,   0.223,standalone_exact_mw,29ae76c7f86edcd2f56343e8109d8463cbc736644db4e57527101e2f1c3606c8,"{""distance"":5,""physical_error_rate"":0.0002}","{""detection_events"":1538,""detectors_checked"":1835008}"
     10240,         0,         0,   0.279,standalone_exact_mw,29ae76c7f86edcd2f56343e8109d8463cbc736644db4e57527101e2f1c3606c8,"{""distance"":5,""physical_error_rate"":0.0002}","{""detection_events"":1940,""detectors_checked"":2293760}"
     15360,         0,         0,   0.568,standalone_exact_mw,503ee55b5ad1b1988379a241a0405811522ee4d50b473755532ad1299cb121e2,"{""distance"":5,""physical_error_rate"":0.0005}","{""detection_events"":7164,""detectors_checked"":3440640}"
     13312,         0,         0,   0.388,standalone_exact_mw,29ae76c7f86edcd2f56343e8109d8463cbc736644db4e57527101e2f1c3606c8,"{""distance"":5,""physical_error_rate"":0.0002}","{""detection_events"":2341,""detectors_checked"":2981888}"
     20480,         0,         0,   0.566,standalone_exact_mw,29ae76c7f86edcd2f56343e8109d8463cbc736644db4e57527101e2f1c3606c8,"{""distance"":5,""physical_error_rate"":0.0002}","{""detection_events"":3746,""detectors_checked"":4587520}"
     21504,         0,         0,   0.809,standalone_exact_mw,503ee55b5ad1b1988379a241a0405811522ee4d50b473755532ad1299cb121e2,"{""distance"":5,""physical_error_rate"":0.0005}","{""detection_events"":9841,""detectors_checked"":4816896}"
     29696,         0,         0,   0.795,standalone_exact_mw,29ae76c7f86edcd2f56343e8109d8463cbc736644db4e57527101e2f1c3606c8,"{""distance"":5,""physical_error_rate"":0.0002}","{""detection_events"":5613,""detectors_checked"":6651904}"
      1297,         0,         0,   0.020,standalone_exact_mw,cc9149276d16e61a5ac322a1d2048afebd34054fe0ed4879b77eb616628c1148,"{""distance"":5,""physical_error_rate"":0.0001}","{""detection_events"":121,""detectors_checked"":290528}"
      1024,         0,         0,   0.028,standalone_exact_mw,cc9149276d16e61a5ac322a1d2048afebd34054fe0ed4879b77eb616628c1148,"{""distance"":5,""physical_error_rate"":0.0001}","{""detection_events"":93,""detectors_checked"":229376}"
      2048,         0,         0,   0.031,standalone_exact_mw,cc9149276d16e61a5ac322a1d2048afebd34054fe0ed4879b77eb616628c1148,"{""distance"":5,""physical_error_rate"":0.0001}","{""detection_events"":217,""detectors_checked"":458752}"
      2048,         0,         0,   0.031,standalone_exact_mw,cc9149276d16e61a5ac322a1d2048afebd34054fe0ed4879b77eb616628c1148,"{""distance"":5,""physical_error_rate"":0.0001}","{""detection_events"":203,""detectors_checked"":458752}"
       273,         0,         0,   0.016,standalone_exact_mw,29ae76c7f86edcd2f56343e8109d8463cbc736644db4e57527101e2f1c3606c8,"{""distance"":5,""physical_error_rate"":0.0002}","{""detection_events"":52,""detectors_checked"":61152}"
       273,         0,         0,   0.024,standalone_exact_mw,cc9149276d16e61a5ac322a1d2048afebd34054fe0ed4879b77eb616628c1148,"{""distance"":5,""physical_error_rate"":0.0001}","{""detection_events"":20,""detectors_checked"":61152}"
      1024,         0,         0,   0.029,standalone_exact_mw,29ae76c7f86edcd2f56343e8109d8463cbc736644db4e57527101e2f1c3606c8,"{""distance"":5,""physical_error_rate"":0.0002}","{""detection_events"":149,""detectors_checked"":229376}"
      2048,         0,         0,   0.043,standalone_exact_mw,cc9149276d16e61a5ac322a1d2048afebd34054fe0ed4879b77eb616628c1148,"{""distance"":5,""physical_error_rate"":0.0001}","{""detection_events"":168,""detectors_checked"":458752}"
      1024,         0,         0,   0.029,standalone_exact_mw,cc9149276d16e61a5ac322a1d2048afebd34054fe0ed4879b77eb616628c1148,"{""distance"":5,""physical_error_rate"":0.0001}","{""detection_events"":66,""detectors_checked"":229376}"
      1024,         0,         0,   0.027,standalone_exact_mw,29ae76c7f86edcd2f56343e8109d8463cbc736644db4e57527101e2f1c3606c8,"{""distance"":5,""physical_error_rate"":0.0002}","{""detection_events"":233,""detectors_checked"":229376}"
      1024,         0,         0,   0.030,standalone_exact_mw,cc9149276d16e61a5ac322a1d2048afebd34054fe0ed4879b77eb616628c1148,"{""distance"":5,""physical_error_rate"":0.0001}","{""detection_events"":91,""detectors_checked"":229376}"
      1024,         0,         0,   0.017,standalone_exact_mw,29ae76c7f86edcd2f56343e8109d8463cbc736644db4e57527101e2f1c3606c8,"{""distance"":5,""physical_error_rate"":0.0002}","{""detection_events"":182,""detectors_checked"":229376}"
      4096,         0,         0,   0.062,standalone_exact_mw,cc9149276d16e61a5ac322a1d2048afebd34054fe0ed4879b77eb616628c1148,"{""distance"":5,""physical_error_rate"":0.0001}","{""detection_events"":437,""detectors_checked"":917504}"
     40960,         0,         0,    1.11,standalone_exact_mw,503ee55b5ad1b1988379a241a0405811522ee4d50b473755532ad1299cb121e2,"{""distance"":5,""physical_error_rate"":0.0005}","{""detection_events"":19222,""detectors_checked"":9175040}"
         1,         0,         0,   0.000,standalone_exact_mw,29ae76c7f86edcd2f56343e8109d8463cbc736644db4e57527101e2f1c3606c8,"{""distance"":5,""physical_error_rate"":0.0002}","{""detectors_checked"":224}"
      1024,         0,         0,   0.028,standalone_exact_mw,cc9149276d16e61a5ac322a1d2048afebd34054fe0ed4879b77eb616628c1148,"{""distance"":5,""physical_error_rate"":0.0001}","{""detection_events"":92,""detectors_checked"":229376}"
      1296,         0,         0,   0.027,standalone_exact_mw,29ae76c7f86edcd2f56343e8109d8463cbc736644db4e57527101e2f1c3606c8,"{""distance"":5,""physical_error_rate"":0.0002}","{""detection_events"":226,""detectors_checked"":290304}"
      1024,         0,         0,   0.024,standalone_exact_mw,29ae76c7f86edcd2f56343e8109d8463cbc736644db4e57527101e2f1c3606c8,"{""distance"":5,""physical_error_rate"":0.0002}","{""detection_events"":205,""detectors_checked"":229376}"
      1024,         0,         0,   0.030,standalone_exact_mw,cc9149276d16e61a5ac322a1d2048afebd34054fe0ed4879b77eb616628c1148,"{""distance"":5,""physical_error_rate"":0.0001}","{""detection_events"":118,""detectors_checked"":229376}"
      3072,         0,         0,   0.071,standalone_exact_mw,cc9149276d16e61a5ac322a1d2048afebd34054fe0ed4879b77eb616628c1148,"{""distance"":5,""physical_error_rate"":0.0001}","{""detection_events"":262,""detectors_checked"":688128}"
      1024,         0,         0,   0.052,standalone_exact_mw,29ae76c7f86edcd2f56343e8109d8463cbc736644db4e57527101e2f1c3606c8,"{""distance"":5,""physical_error_rate"":0.0002}","{""detection_events"":187,""detectors_checked"":229376}"
      1024,         0,         0,   0.030,standalone_exact_mw,29ae76c7f86edcd2f56343e8109d8463cbc736644db4e57527101e2f1c3606c8,"{""distance"":5,""physical_error_rate"":0.0002}","{""detection_events"":230,""detectors_checked"":229376}"
      2048,         0,         0,   0.081,standalone_exact_mw,cc9149276d16e61a5ac322a1d2048afebd34054fe0ed4879b77eb616628c1148,"{""distance"":5,""physical_error_rate"":0.0001}","{""detection_events"":199,""detectors_checked"":458752}"
      2048,         0,         0,   0.097,standalone_exact_mw,29ae76c7f86edcd2f56343e8109d8463cbc736644db4e57527101e2f1c3606c8,"{""distance"":5,""physical_error_rate"":0.0002}","{""detection_events"":400,""detectors_checked"":458752}"
      1024,         0,         0,   0.050,standalone_exact_mw,29ae76c7f86edcd2f56343e8109d8463cbc736644db4e57527101e2f1c3606c8,"{""distance"":5,""physical_error_rate"":0.0002}","{""detection_events"":203,""detectors_checked"":229376}"
      3072,         0,         0,   0.125,standalone_exact_mw,cc9149276d16e61a5ac322a1d2048afebd34054fe0ed4879b77eb616628c1148,"{""distance"":5,""physical_error_rate"":0.0001}","{""detection_events"":311,""detectors_checked"":688128}"
      2048,         0,         0,   0.096,standalone_exact_mw,29ae76c7f86edcd2f56343e8109d8463cbc736644db4e57527101e2f1c3606c8,"{""distance"":5,""physical_error_rate"":0.0002}","{""detection_events"":424,""detectors_checked"":458752}"
      3072,         0,         0,   0.111,standalone_exact_mw,cc9149276d16e61a5ac322a1d2048afebd34054fe0ed4879b77eb616628c1148,"{""distance"":5,""physical_error_rate"":0.0001}","{""detection_events"":317,""detectors_checked"":688128}"
      2048,         0,         0,   0.083,standalone_exact_mw,29ae76c7f86edcd2f56343e8109d8463cbc736644db4e57527101e2f1c3606c8,"{""distance"":5,""physical_error_rate"":0.0002}","{""detection_events"":382,""detectors_checked"":458752}"
       273,         0,         0,   0.014,standalone_exact_mw,503ee55b5ad1b1988379a241a0405811522ee4d50b473755532ad1299cb121e2,"{""distance"":5,""physical_error_rate"":0.0005}","{""detection_events"":122,""detectors_checked"":61152}"
      1024,         0,         0,   0.031,standalone_exact_mw,503ee55b5ad1b1988379a241a0405811522ee4d50b473755532ad1299cb121e2,"{""distance"":5,""physical_error_rate"":0.0005}","{""detection_events"":437,""detectors_checked"":229376}"
      3072,         0,         0,   0.126,standalone_exact_mw,29ae76c7f86edcd2f56343e8109d8463cbc736644db4e57527101e2f1c3606c8,"{""distance"":5,""physical_error_rate"":0.0002}","{""detection_events"":617,""detectors_checked"":688128}"
      4096,         0,         0,   0.137,standalone_exact_mw,cc9149276d16e61a5ac322a1d2048afebd34054fe0ed4879b77eb616628c1148,"{""distance"":5,""physical_error_rate"":0.0001}","{""detection_events"":331,""detectors_checked"":917504}"
      1024,         0,         0,   0.048,standalone_exact_mw,503ee55b5ad1b1988379a241a0405811522ee4d50b473755532ad1299cb121e2,"{""distance"":5,""physical_error_rate"":0.0005}","{""detection_events"":415,""detectors_checked"":229376}"
      3072,         0,         0,   0.113,standalone_exact_mw,29ae76c7f86edcd2f56343e8109d8463cbc736644db4e57527101e2f1c3606c8,"{""distance"":5,""physical_error_rate"":0.0002}","{""detection_events"":507,""detectors_checked"":688128}"
      4096,         0,         0,   0.187,standalone_exact_mw,cc9149276d16e61a5ac322a1d2048afebd34054fe0ed4879b77eb616628c1148,"{""distance"":5,""physical_error_rate"":0.0001}","{""detection_events"":308,""detectors_checked"":917504}"
      1024,         0,         0,   0.031,standalone_exact_mw,503ee55b5ad1b1988379a241a0405811522ee4d50b473755532ad1299cb121e2,"{""distance"":5,""physical_error_rate"":0.0005}","{""detection_events"":431,""detectors_checked"":229376}"
      2048,         0,         0,   0.080,standalone_exact_mw,503ee55b5ad1b1988379a241a0405811522ee4d50b473755532ad1299cb121e2,"{""distance"":5,""physical_error_rate"":0.0005}","{""detection_events"":943,""detectors_checked"":458752}"
      4096,         0,         0,   0.111,standalone_exact_mw,29ae76c7f86edcd2f56343e8109d8463cbc736644db4e57527101e2f1c3606c8,"{""distance"":5,""physical_error_rate"":0.0002}","{""detection_events"":775,""detectors_checked"":917504}"
      5120,         0,         0,   0.141,standalone_exact_mw,29ae76c7f86edcd2f56343e8109d8463cbc736644db4e57527101e2f1c3606c8,"{""distance"":5,""physical_error_rate"":0.0002}","{""detection_events"":1012,""detectors_checked"":1146880}"
      7168,         0,         0,   0.171,standalone_exact_mw,cc9149276d16e61a5ac322a1d2048afebd34054fe0ed4879b77eb616628c1148,"{""distance"":5,""physical_error_rate"":0.0001}","{""detection_events"":584,""detectors_checked"":1605632}"
      2048,         0,         0,   0.080,standalone_exact_mw,503ee55b5ad1b1988379a241a0405811522ee4d50b473755532ad1299cb121e2,"{""distance"":5,""physical_error_rate"":0.0005}","{""detection_events"":1000,""detectors_checked"":458752}"
      3072,         0,         0,   0.210,standalone_exact_mw,cc9149276d16e61a5ac322a1d2048afebd34054fe0ed4879b77eb616628c1148,"{""distance"":5,""physical_error_rate"":0.0001}","{""detection_events"":332,""detectors_checked"":688128}"
      2048,         0,         0,   0.083,standalone_exact_mw,503ee55b5ad1b1988379a241a0405811522ee4d50b473755532ad1299cb121e2,"{""distance"":5,""physical_error_rate"":0.0005}","{""detection_events"":931,""detectors_checked"":458752}"
      6144,         0,         0,   0.167,standalone_exact_mw,29ae76c7f86edcd2f56343e8109d8463cbc736644db4e57527101e2f1c3606c8,"{""distance"":5,""physical_error_rate"":0.0002}","{""detection_events"":1150,""detectors_checked"":1376256}"
      7168,         0,         0,   0.215,standalone_exact_mw,29ae76c7f86edcd2f56343e8109d8463cbc736644db4e57527101e2f1c3606c8,"{""distance"":5,""physical_error_rate"":0.0002}","{""detection_events"":1479,""detectors_checked"":1605632}"
      8192,         0,         0,   0.215,standalone_exact_mw,cc9149276d16e61a5ac322a1d2048afebd34054fe0ed4879b77eb616628c1148,"{""distance"":5,""physical_error_rate"":0.0001}","{""detection_events"":832,""detectors_checked"":1835008}"
      3072,         0,         0,   0.124,standalone_exact_mw,503ee55b5ad1b1988379a241a0405811522ee4d50b473755532ad1299cb121e2,"{""distance"":5,""physical_error_rate"":0.0005}","{""detection_events"":1363,""detectors_checked"":688128}"
     51200,         0,         0,    1.13,standalone_exact_mw,29ae76c7f86edcd2f56343e8109d8463cbc736644db4e57527101e2f1c3606c8,"{""distance"":5,""physical_error_rate"":0.0002}","{""detection_events"":9217,""detectors_checked"":11468800}"
      8192,         0,         0,   0.210,standalone_exact_mw,29ae76c7f86edcd2f56343e8109d8463cbc736644db4e57527101e2f1c3606c8,"{""distance"":5,""physical_error_rate"":0.0002}","{""detection_events"":1496,""detectors_checked"":1835008}"
      4096,         0,         0,   0.292,standalone_exact_mw,cc9149276d16e61a5ac322a1d2048afebd34054fe0ed4879b77eb616628c1148,"{""distance"":5,""physical_error_rate"":0.0001}","{""detection_events"":367,""detectors_checked"":917504}"
      4096,         0,         0,   0.160,standalone_exact_mw,503ee55b5ad1b1988379a241a0405811522ee4d50b473755532ad1299cb121e2,"{""distance"":5,""physical_error_rate"":0.0005}","{""detection_events"":1981,""detectors_checked"":917504}"
     10240,         0,         0,   0.301,standalone_exact_mw,29ae76c7f86edcd2f56343e8109d8463cbc736644db4e57527101e2f1c3606c8,"{""distance"":5,""physical_error_rate"":0.0002}","{""detection_events"":1848,""detectors_checked"":2293760}"
     14336,         0,         0,   0.289,standalone_exact_mw,cc9149276d16e61a5ac322a1d2048afebd34054fe0ed4879b77eb616628c1148,"{""distance"":5,""physical_error_rate"":0.0001}","{""detection_events"":1339,""detectors_checked"":3211264}"
      6144,         0,         0,   0.221,standalone_exact_mw,503ee55b5ad1b1988379a241a0405811522ee4d50b473755532ad1299cb121e2,"{""distance"":5,""physical_error_rate"":0.0005}","{""detection_events"":2896,""detectors_checked"":1376256}"
      9216,         0,         0,   0.291,standalone_exact_mw,29ae76c7f86edcd2f56343e8109d8463cbc736644db4e57527101e2f1c3606c8,"{""distance"":5,""physical_error_rate"":0.0002}","{""detection_events"":1794,""detectors_checked"":2064384}"
       273,         0,         0,   0.017,standalone_exact_mw,503ee55b5ad1b1988379a241a0405811522ee4d50b473755532ad1299cb121e2,"{""distance"":5,""physical_error_rate"":0.0005}","{""detection_events"":126,""detectors_checked"":61152}"
      1024,         0,         0,   0.031,standalone_exact_mw,503ee55b5ad1b1988379a241a0405811522ee4d50b473755532ad1299cb121e2,"{""distance"":5,""physical_error_rate"":0.0005}","{""detection_events"":459,""detectors_checked"":229376}"
      1297,         0,         0,   0.022,standalone_exact_mw,29ae76c7f86edcd2f56343e8109d8463cbc736644db4e57527101e2f1c3606c8,"{""distance"":5,""physical_error_rate"":0.0002}","{""detection_events"":240,""detectors_checked"":290528}"
      1024,         0,         0,   0.027,standalone_exact_mw,29ae76c7f86edcd2f56343e8109d8463cbc736644db4e57527101e2f1c3606c8,"{""distance"":5,""physical_error_rate"":0.0002}","{""detection_events"":169,""detectors_checked"":229376}"
      1024,         0,         0,   0.048,standalone_exact_mw,503ee55b5ad1b1988379a241a0405811522ee4d50b473755532ad1299cb121e2,"{""distance"":5,""physical_error_rate"":0.0005}","{""detection_events"":507,""detectors_checked"":229376}"
      2048,         0,         0,   0.028,standalone_exact_mw,29ae76c7f86edcd2f56343e8109d8463cbc736644db4e57527101e2f1c3606c8,"{""distance"":5,""physical_error_rate"":0.0002}","{""detection_events"":337,""detectors_checked"":458752}"
      1024,         0,         0,   0.034,standalone_exact_mw,503ee55b5ad1b1988379a241a0405811522ee4d50b473755532ad1299cb121e2,"{""distance"":5,""physical_error_rate"":0.0005}","{""detection_events"":493,""detectors_checked"":229376}"
      6144,         0,         0,   0.447,standalone_exact_mw,cc9149276d16e61a5ac322a1d2048afebd34054fe0ed4879b77eb616628c1148,"{""distance"":5,""physical_error_rate"":0.0001}","{""detection_events"":659,""detectors_checked"":1376256}"
      2048,         0,         0,   0.032,standalone_exact_mw,29ae76c7f86edcd2f56343e8109d8463cbc736644db4e57527101e2f1c3606c8,"{""distance"":5,""physical_error_rate"":0.0002}","{""detection_events"":359,""detectors_checked"":458752}"
      1024,         0,         0,   0.063,standalone_exact_mw,503ee55b5ad1b1988379a241a0405811522ee4d50b473755532ad1299cb121e2,"{""distance"":5,""physical_error_rate"":0.0005}","{""detection_events"":483,""detectors_checked"":229376}"
      3072,         0,         0,   0.061,standalone_exact_mw,29ae76c7f86edcd2f56343e8109d8463cbc736644db4e57527101e2f1c3606c8,"{""distance"":5,""physical_error_rate"":0.0002}","{""detection_events"":642,""detectors_checked"":688128}"
     11264,         0,         0,   0.418,standalone_exact_mw,29ae76c7f86edcd2f56343e8109d8463cbc736644db4e57527101e2f1c3606c8,"{""distance"":5,""physical_error_rate"":0.0002}","{""detection_events"":2064,""detectors_checked"":2523136}"
      2048,         0,         0,   0.079,standalone_exact_mw,503ee55b5ad1b1988379a241a0405811522ee4d50b473755532ad1299cb121e2,"{""distance"":5,""physical_error_rate"":0.0005}","{""detection_events"":1110,""detectors_checked"":458752}"
      8192,         0,         0,   0.300,standalone_exact_mw,503ee55b5ad1b1988379a241a0405811522ee4d50b473755532ad1299cb121e2,"{""distance"":5,""physical_error_rate"":0.0005}","{""detection_events"":3670,""detectors_checked"":1835008}"
     22528,         0,         0,   0.395,standalone_exact_mw,cc9149276d16e61a5ac322a1d2048afebd34054fe0ed4879b77eb616628c1148,"{""distance"":5,""physical_error_rate"":0.0001}","{""detection_events"":2041,""detectors_checked"":5046272}"
      2048,         0,         0,   0.073,standalone_exact_mw,29ae76c7f86edcd2f56343e8109d8463cbc736644db4e57527101e2f1c3606c8,"{""distance"":5,""physical_error_rate"":0.0002}","{""detection_events"":354,""detectors_checked"":458752}"
     49152,         0,         0,    1.55,standalone_exact_mw,503ee55b5ad1b1988379a241a0405811522ee4d50b473755532ad1299cb121e2,"{""distance"":5,""physical_error_rate"":0.0005}","{""detection_events"":22977,""detectors_checked"":11010048}"
      3072,         0,         0,   0.110,standalone_exact_mw,503ee55b5ad1b1988379a241a0405811522ee4d50b473755532ad1299cb121e2,"{""distance"":5,""physical_error_rate"":0.0005}","{""detection_events"":1414,""detectors_checked"":688128}"
      3072,         0,         0,   0.103,standalone_exact_mw,29ae76c7f86edcd2f56343e8109d8463cbc736644db4e57527101e2f1c3606c8,"{""distance"":5,""physical_error_rate"":0.0002}","{""detection_events"":598,""detectors_checked"":688128}"
     14336,         0,         0,   0.417,standalone_exact_mw,29ae76c7f86edcd2f56343e8109d8463cbc736644db4e57527101e2f1c3606c8,"{""distance"":5,""physical_error_rate"":0.0002}","{""detection_events"":2436,""detectors_checked"":3211264}"
      4096,         0,         0,   0.110,standalone_exact_mw,29ae76c7f86edcd2f56343e8109d8463cbc736644db4e57527101e2f1c3606c8,"{""distance"":5,""physical_error_rate"":0.0002}","{""detection_events"":754,""detectors_checked"":917504}"
      4096,         0,         0,   0.135,standalone_exact_mw,503ee55b5ad1b1988379a241a0405811522ee4d50b473755532ad1299cb121e2,"{""distance"":5,""physical_error_rate"":0.0005}","{""detection_events"":1914,""detectors_checked"":917504}"
      6144,         0,         0,   0.166,standalone_exact_mw,29ae76c7f86edcd2f56343e8109d8463cbc736644db4e57527101e2f1c3606c8,"{""distance"":5,""physical_error_rate"":0.0002}","{""detection_events"":1080,""detectors_checked"":1376256}"
      4096,         0,         0,   0.160,standalone_exact_mw,503ee55b5ad1b1988379a241a0405811522ee4d50b473755532ad1299cb121e2,"{""distance"":5,""physical_error_rate"":0.0005}","{""detection_events"":1797,""detectors_checked"":917504}"
     11264,         0,         0,   0.412,standalone_exact_mw,503ee55b5ad1b1988379a241a0405811522ee4d50b473755532ad1299cb121e2,"{""distance"":5,""physical_error_rate"":0.0005}","{""detection_events"":5038,""detectors_checked"":2523136}"
      8192,         0,         0,   0.553,standalone_exact_mw,cc9149276d16e61a5ac322a1d2048afebd34054fe0ed4879b77eb616628c1148,"{""distance"":5,""physical_error_rate"":0.0001}","{""detection_events"":777,""detectors_checked"":1835008}"
     21504,         0,         0,   0.572,standalone_exact_mw,cc9149276d16e61a5ac322a1d2048afebd34054fe0ed4879b77eb616628c1148,"{""distance"":5,""physical_error_rate"":0.0001}","{""detection_events"":2056,""detectors_checked"":4816896}"
     15360,         0,         0,   0.583,standalone_exact_mw,29ae76c7f86edcd2f56343e8109d8463cbc736644db4e57527101e2f1c3606c8,"{""distance"":5,""physical_error_rate"":0.0002}","{""detection_events"":2860,""detectors_checked"":3440640}"
      5120,         0,         0,   0.230,standalone_exact_mw,503ee55b5ad1b1988379a241a0405811522ee4d50b473755532ad1299cb121e2,"{""distance"":5,""physical_error_rate"":0.0005}","{""detection_events"":2384,""detectors_checked"":1146880}"
      7168,         0,         0,   0.236,standalone_exact_mw,29ae76c7f86edcd2f56343e8109d8463cbc736644db4e57527101e2f1c3606c8,"{""distance"":5,""physical_error_rate"":0.0002}","{""detection_events"":1348,""detectors_checked"":1605632}"
     20480,         0,         0,   0.601,standalone_exact_mw,29ae76c7f86edcd2f56343e8109d8463cbc736644db4e57527101e2f1c3606c8,"{""distance"":5,""physical_error_rate"":0.0002}","{""detection_events"":3746,""detectors_checked"":4587520}"
        17,         0,         0,   0.001,standalone_exact_mw,29ae76c7f86edcd2f56343e8109d8463cbc736644db4e57527101e2f1c3606c8,"{""distance"":5,""physical_error_rate"":0.0002}","{""detection_events"":8,""detectors_checked"":3808}"
     79872,         0,         0,    1.55,standalone_exact_mw,29ae76c7f86edcd2f56343e8109d8463cbc736644db4e57527101e2f1c3606c8,"{""distance"":5,""physical_error_rate"":0.0002}","{""detection_events"":14851,""detectors_checked"":17891328}"
      1280,         0,         0,   0.036,standalone_exact_mw,29ae76c7f86edcd2f56343e8109d8463cbc736644db4e57527101e2f1c3606c8,"{""distance"":5,""physical_error_rate"":0.0002}","{""detection_events"":258,""detectors_checked"":286720}"
     10240,         0,         0,   0.299,standalone_exact_mw,503ee55b5ad1b1988379a241a0405811522ee4d50b473755532ad1299cb121e2,"{""distance"":5,""physical_error_rate"":0.0005}","{""detection_events"":4426,""detectors_checked"":2293760}"
      8192,         0,         0,   0.305,standalone_exact_mw,29ae76c7f86edcd2f56343e8109d8463cbc736644db4e57527101e2f1c3606c8,"{""distance"":5,""physical_error_rate"":0.0002}","{""detection_events"":1577,""detectors_checked"":1835008}"
      1024,         0,         0,   0.028,standalone_exact_mw,29ae76c7f86edcd2f56343e8109d8463cbc736644db4e57527101e2f1c3606c8,"{""distance"":5,""physical_error_rate"":0.0002}","{""detection_events"":216,""detectors_checked"":229376}"
      1024,         0,         0,   0.028,standalone_exact_mw,29ae76c7f86edcd2f56343e8109d8463cbc736644db4e57527101e2f1c3606c8,"{""distance"":5,""physical_error_rate"":0.0002}","{""detection_events"":186,""detectors_checked"":229376}"
     12288,         0,         0,   0.588,standalone_exact_mw,503ee55b5ad1b1988379a241a0405811522ee4d50b473755532ad1299cb121e2,"{""distance"":5,""physical_error_rate"":0.0005}","{""detection_events"":5778,""detectors_checked"":2752512}"
      2048,         0,         0,   0.060,standalone_exact_mw,29ae76c7f86edcd2f56343e8109d8463cbc736644db4e57527101e2f1c3606c8,"{""distance"":5,""physical_error_rate"":0.0002}","{""detection_events"":376,""detectors_checked"":458752}"
      2048,         0,         0,   0.056,standalone_exact_mw,29ae76c7f86edcd2f56343e8109d8463cbc736644db4e57527101e2f1c3606c8,"{""distance"":5,""physical_error_rate"":0.0002}","{""detection_events"":423,""detectors_checked"":458752}"
      3072,         0,         0,   0.083,standalone_exact_mw,29ae76c7f86edcd2f56343e8109d8463cbc736644db4e57527101e2f1c3606c8,"{""distance"":5,""physical_error_rate"":0.0002}","{""detection_events"":577,""detectors_checked"":688128}"
       273,         0,         0,   0.016,standalone_exact_mw,cc9149276d16e61a5ac322a1d2048afebd34054fe0ed4879b77eb616628c1148,"{""distance"":5,""physical_error_rate"":0.0001}","{""detection_events"":22,""detectors_checked"":61152}"
      1024,         0,         0,   0.027,standalone_exact_mw,cc9149276d16e61a5ac322a1d2048afebd34054fe0ed4879b77eb616628c1148,"{""distance"":5,""physical_error_rate"":0.0001}","{""detection_events"":89,""detectors_checked"":229376}"
     11264,         0,         0,   0.798,standalone_exact_mw,cc9149276d16e61a5ac322a1d2048afebd34054fe0ed4879b77eb616628c1148,"{""distance"":5,""physical_error_rate"":0.0001}","{""detection_events"":972,""detectors_checked"":2523136}"
      2048,         0,         0,   0.035,standalone_exact_mw,cc9149276d16e61a5ac322a1d2048afebd34054fe0ed4879b77eb616628c1148,"{""distance"":5,""physical_error_rate"":0.0001}","{""detection_events"":187,""detectors_checked"":458752}"
      4096,         0,         0,   0.109,standalone_exact_mw,29ae76c7f86edcd2f56343e8109d8463cbc736644db4e57527101e2f1c3606c8,"{""distance"":5,""physical_error_rate"":0.0002}","{""detection_events"":705,""detectors_checked"":917504}"
      1024,         0,         0,   0.027,standalone_exact_mw,cc9149276d16e61a5ac322a1d2048afebd34054fe0ed4879b77eb616628c1148,"{""distance"":5,""physical_error_rate"":0.0001}","{""detection_events"":105,""detectors_checked"":229376}"
     12288,         0,         0,   0.411,standalone_exact_mw,29ae76c7f86edcd2f56343e8109d8463cbc736644db4e57527101e2f1c3606c8,"{""distance"":5,""physical_error_rate"":0.0002}","{""detection_events"":2476,""detectors_checked"":2752512}"
     10240,         0,         0,   0.436,standalone_exact_mw,503ee55b5ad1b1988379a241a0405811522ee4d50b473755532ad1299cb121e2,"{""distance"":5,""physical_error_rate"":0.0005}","{""detection_events"":4816,""detectors_checked"":2293760}"
     30720,         0,         0,   0.801,standalone_exact_mw,cc9149276d16e61a5ac322a1d2048afebd34054fe0ed4879b77eb616628c1148,"{""distance"":5,""physical_error_rate"":0.0001}","{""detection_events"":2776,""detectors_checked"":6881280}"
      3072,         0,         0,   0.067,standalone_exact_mw,cc9149276d16e61a5ac322a1d2048afebd34054fe0ed4879b77eb616628c1148,"{""distance"":5,""physical_error_rate"":0.0001}","{""detection_events"":278,""detectors_checked"":688128}"
     24576,         0,         0,   0.813,standalone_exact_mw,29ae76c7f86edcd2f56343e8109d8463cbc736644db4e57527101e2f1c3606c8,"{""distance"":5,""physical_error_rate"":0.0002}","{""detection_events"":4460,""detectors_checked"":5505024}"
      5120,         0,         0,   0.139,standalone_exact_mw,29ae76c7f86edcd2f56343e8109d8463cbc736644db4e57527101e2f1c3606c8,"{""distance"":5,""physical_error_rate"":0.0002}","{""detection_events"":973,""detectors_checked"":1146880}"
      2048,         0,         0,   0.046,standalone_exact_mw,cc9149276d16e61a5ac322a1d2048afebd34054fe0ed4879b77eb616628c1148,"{""distance"":5,""physical_error_rate"":0.0001}","{""detection_events"":258,""detectors_checked"":458752}"
     28672,         0,         0,   0.811,standalone_exact_mw,29ae76c7f86edcd2f56343e8109d8463cbc736644db4e57527101e2f1c3606c8,"{""distance"":5,""physical_error_rate"":0.0002}","{""detection_events"":5406,""detectors_checked"":6422528}"
      2048,         0,         0,   0.081,standalone_exact_mw,cc9149276d16e61a5ac322a1d2048afebd34054fe0ed4879b77eb616628c1148,"{""distance"":5,""physical_error_rate"":0.0001}","{""detection_events"":213,""detectors_checked"":458752}"
         1,         0,         0,   0.000,standalone_exact_mw,503ee55b5ad1b1988379a241a0405811522ee4d50b473755532ad1299cb121e2,"{""distance"":5,""physical_error_rate"":0.0005}","{""detectors_checked"":224}"
      1296,         0,         0,   0.046,standalone_exact_mw,503ee55b5ad1b1988379a241a0405811522ee4d50b473755532ad1299cb121e2,"{""distance"":5,""physical_error_rate"":0.0005}","{""detection_events"":681,""detectors_checked"":290304}"
      7168,         0,         0,   0.208,standalone_exact_mw,29ae76c7f86edcd2f56343e8109d8463cbc736644db4e57527101e2f1c3606c8,"{""distance"":5,""physical_error_rate"":0.0002}","{""detection_events"":1367,""detectors_checked"":1605632}"
      3072,         0,         0,   0.130,standalone_exact_mw,cc9149276d16e61a5ac322a1d2048afebd34054fe0ed4879b77eb616628c1148,"{""distance"":5,""physical_error_rate"":0.0001}","{""detection_events"":294,""detectors_checked"":688128}"
      1024,         0,         0,   0.032,standalone_exact_mw,503ee55b5ad1b1988379a241a0405811522ee4d50b473755532ad1299cb121e2,"{""distance"":5,""physical_error_rate"":0.0005}","{""detection_events"":458,""detectors_checked"":229376}"
      1024,         0,         0,   0.055,standalone_exact_mw,503ee55b5ad1b1988379a241a0405811522ee4d50b473755532ad1299cb121e2,"{""distance"":5,""physical_error_rate"":0.0005}","{""detection_events"":504,""detectors_checked"":229376}"
      1024,         0,         0,   0.054,standalone_exact_mw,503ee55b5ad1b1988379a241a0405811522ee4d50b473755532ad1299cb121e2,"{""distance"":5,""physical_error_rate"":0.0005}","{""detection_events"":465,""detectors_checked"":229376}"
     39936,         0,         0,   0.795,standalone_exact_mw,503ee55b5ad1b1988379a241a0405811522ee4d50b473755532ad1299cb121e2,"{""distance"":5,""physical_error_rate"":0.0005}","{""detection_events"":18914,""detectors_checked"":8945664}"
      5120,         0,         0,   0.165,standalone_exact_mw,cc9149276d16e61a5ac322a1d2048afebd34054fe0ed4879b77eb616628c1148,"{""distance"":5,""physical_error_rate"":0.0001}","{""detection_events"":418,""detectors_checked"":1146880}"
      1024,         0,         0,   0.055,standalone_exact_mw,503ee55b5ad1b1988379a241a0405811522ee4d50b473755532ad1299cb121e2,"{""distance"":5,""physical_error_rate"":0.0005}","{""detection_events"":554,""detectors_checked"":229376}"
     15360,         0,         0,   0.588,standalone_exact_mw,29ae76c7f86edcd2f56343e8109d8463cbc736644db4e57527101e2f1c3606c8,"{""distance"":5,""physical_error_rate"":0.0002}","{""detection_events"":2853,""detectors_checked"":3440640}"
      2048,         0,         0,   0.088,standalone_exact_mw,503ee55b5ad1b1988379a241a0405811522ee4d50b473755532ad1299cb121e2,"{""distance"":5,""physical_error_rate"":0.0005}","{""detection_events"":862,""detectors_checked"":458752}"
      1297,         0,         0,   0.039,standalone_exact_mw,503ee55b5ad1b1988379a241a0405811522ee4d50b473755532ad1299cb121e2,"{""distance"":5,""physical_error_rate"":0.0005}","{""detection_events"":608,""detectors_checked"":290528}"
     12288,         0,         0,   0.592,standalone_exact_mw,503ee55b5ad1b1988379a241a0405811522ee4d50b473755532ad1299cb121e2,"{""distance"":5,""physical_error_rate"":0.0005}","{""detection_events"":5710,""detectors_checked"":2752512}"
     11264,         0,         0,   0.305,standalone_exact_mw,29ae76c7f86edcd2f56343e8109d8463cbc736644db4e57527101e2f1c3606c8,"{""distance"":5,""physical_error_rate"":0.0002}","{""detection_events"":2179,""detectors_checked"":2523136}"
      1024,         0,         0,   0.026,standalone_exact_mw,503ee55b5ad1b1988379a241a0405811522ee4d50b473755532ad1299cb121e2,"{""distance"":5,""physical_error_rate"":0.0005}","{""detection_events"":517,""detectors_checked"":229376}"
      1024,         0,         0,   0.026,standalone_exact_mw,503ee55b5ad1b1988379a241a0405811522ee4d50b473755532ad1299cb121e2,"{""distance"":5,""physical_error_rate"":0.0005}","{""detection_events"":450,""detectors_checked"":229376}"
      1024,         0,         0,   0.030,standalone_exact_mw,503ee55b5ad1b1988379a241a0405811522ee4d50b473755532ad1299cb121e2,"{""distance"":5,""physical_error_rate"":0.0005}","{""detection_events"":498,""detectors_checked"":229376}"
   3454976,         0,         0,   119.3,standalone_exact_mw,cc9149276d16e61a5ac322a1d2048afebd34054fe0ed4879b77eb616628c1148,"{""distance"":5,""physical_error_rate"":0.0001}","{""detection_events"":322948,""detectors_checked"":773914624}"
      8192,         0,         0,   0.213,standalone_exact_mw,cc9149276d16e61a5ac322a1d2048afebd34054fe0ed4879b77eb616628c1148,"{""distance"":5,""physical_error_rate"":0.0001}","{""detection_events"":785,""detectors_checked"":1835008}"
      2048,         0,         0,   0.038,standalone_exact_mw,503ee55b5ad1b1988379a241a0405811522ee4d50b473755532ad1299cb121e2,"{""distance"":5,""physical_error_rate"":0.0005}","{""detection_events"":866,""detectors_checked"":458752}"
      3072,         0,         0,   0.131,standalone_exact_mw,503ee55b5ad1b1988379a241a0405811522ee4d50b473755532ad1299cb121e2,"{""distance"":5,""physical_error_rate"":0.0005}","{""detection_events"":1476,""detectors_checked"":688128}"
      3072,         0,         0,   0.054,standalone_exact_mw,503ee55b5ad1b1988379a241a0405811522ee4d50b473755532ad1299cb121e2,"{""distance"":5,""physical_error_rate"":0.0005}","{""detection_events"":1378,""detectors_checked"":688128}"
       273,         0,         0,   0.019,standalone_exact_mw,503ee55b5ad1b1988379a241a0405811522ee4d50b473755532ad1299cb121e2,"{""distance"":5,""physical_error_rate"":0.0005}","{""detection_events"":126,""detectors_checked"":61152}"
      3072,         0,         0,   0.072,standalone_exact_mw,503ee55b5ad1b1988379a241a0405811522ee4d50b473755532ad1299cb121e2,"{""distance"":5,""physical_error_rate"":0.0005}","{""detection_events"":1517,""detectors_checked"":688128}"
     81920,         0,         0,    2.18,standalone_exact_mw,503ee55b5ad1b1988379a241a0405811522ee4d50b473755532ad1299cb121e2,"{""distance"":5,""physical_error_rate"":0.0005}","{""detection_events"":37656,""detectors_checked"":18350080}"
      3072,         0,         0,   0.169,standalone_exact_mw,503ee55b5ad1b1988379a241a0405811522ee4d50b473755532ad1299cb121e2,"{""distance"":5,""physical_error_rate"":0.0005}","{""detection_events"":1404,""detectors_checked"":688128}"
      1024,         0,         0,   0.079,standalone_exact_mw,503ee55b5ad1b1988379a241a0405811522ee4d50b473755532ad1299cb121e2,"{""distance"":5,""physical_error_rate"":0.0005}","{""detection_events"":496,""detectors_checked"":229376}"
      9216,         0,         0,   0.291,standalone_exact_mw,cc9149276d16e61a5ac322a1d2048afebd34054fe0ed4879b77eb616628c1148,"{""distance"":5,""physical_error_rate"":0.0001}","{""detection_events"":821,""detectors_checked"":2064384}"
      1024,         0,         0,   0.034,standalone_exact_mw,503ee55b5ad1b1988379a241a0405811522ee4d50b473755532ad1299cb121e2,"{""distance"":5,""physical_error_rate"":0.0005}","{""detection_events"":490,""detectors_checked"":229376}"
     16384,         0,         0,    1.12,standalone_exact_mw,cc9149276d16e61a5ac322a1d2048afebd34054fe0ed4879b77eb616628c1148,"{""distance"":5,""physical_error_rate"":0.0001}","{""detection_events"":1505,""detectors_checked"":3670016}"
      4096,         0,         0,   0.141,standalone_exact_mw,503ee55b5ad1b1988379a241a0405811522ee4d50b473755532ad1299cb121e2,"{""distance"":5,""physical_error_rate"":0.0005}","{""detection_events"":1905,""detectors_checked"":917504}"
      1024,         0,         0,   0.050,standalone_exact_mw,503ee55b5ad1b1988379a241a0405811522ee4d50b473755532ad1299cb121e2,"{""distance"":5,""physical_error_rate"":0.0005}","{""detection_events"":429,""detectors_checked"":229376}"
     15360,         0,         0,   0.424,standalone_exact_mw,29ae76c7f86edcd2f56343e8109d8463cbc736644db4e57527101e2f1c3606c8,"{""distance"":5,""physical_error_rate"":0.0002}","{""detection_events"":2868,""detectors_checked"":3440640}"
     35840,         0,         0,    1.10,standalone_exact_mw,cc9149276d16e61a5ac322a1d2048afebd34054fe0ed4879b77eb616628c1148,"{""distance"":5,""physical_error_rate"":0.0001}","{""detection_events"":3415,""detectors_checked"":8028160}"
      2048,         0,         0,   0.101,standalone_exact_mw,503ee55b5ad1b1988379a241a0405811522ee4d50b473755532ad1299cb121e2,"{""distance"":5,""physical_error_rate"":0.0005}","{""detection_events"":981,""detectors_checked"":458752}"
     31744,         0,         0,    1.10,standalone_exact_mw,29ae76c7f86edcd2f56343e8109d8463cbc736644db4e57527101e2f1c3606c8,"{""distance"":5,""physical_error_rate"":0.0002}","{""detection_events"":5892,""detectors_checked"":7110656}"
      6144,         0,         0,   0.243,standalone_exact_mw,503ee55b5ad1b1988379a241a0405811522ee4d50b473755532ad1299cb121e2,"{""distance"":5,""physical_error_rate"":0.0005}","{""detection_events"":2909,""detectors_checked"":1376256}"
      3072,         0,         0,   0.149,standalone_exact_mw,503ee55b5ad1b1988379a241a0405811522ee4d50b473755532ad1299cb121e2,"{""distance"":5,""physical_error_rate"":0.0005}","{""detection_events"":1367,""detectors_checked"":688128}"
         1,         0,         0,   0.000,standalone_exact_mw,cc9149276d16e61a5ac322a1d2048afebd34054fe0ed4879b77eb616628c1148,"{""distance"":5,""physical_error_rate"":0.0001}","{""detectors_checked"":224}"
      1296,         0,         0,   0.040,standalone_exact_mw,cc9149276d16e61a5ac322a1d2048afebd34054fe0ed4879b77eb616628c1148,"{""distance"":5,""physical_error_rate"":0.0001}","{""detection_events"":142,""detectors_checked"":290304}"
      2048,         0,         0,   0.125,standalone_exact_mw,503ee55b5ad1b1988379a241a0405811522ee4d50b473755532ad1299cb121e2,"{""distance"":5,""physical_error_rate"":0.0005}","{""detection_events"":881,""detectors_checked"":458752}"
     39936,         0,         0,    1.11,standalone_exact_mw,29ae76c7f86edcd2f56343e8109d8463cbc736644db4e57527101e2f1c3606c8,"{""distance"":5,""physical_error_rate"":0.0002}","{""detection_events"":7500,""detectors_checked"":8945664}"
      1024,         0,         0,   0.031,standalone_exact_mw,cc9149276d16e61a5ac322a1d2048afebd34054fe0ed4879b77eb616628c1148,"{""distance"":5,""physical_error_rate"":0.0001}","{""detection_events"":116,""detectors_checked"":229376}"
      1024,         0,         0,   0.030,standalone_exact_mw,cc9149276d16e61a5ac322a1d2048afebd34054fe0ed4879b77eb616628c1148,"{""distance"":5,""physical_error_rate"":0.0001}","{""detection_events"":95,""detectors_checked"":229376}"
      2048,         0,         0,   0.126,standalone_exact_mw,503ee55b5ad1b1988379a241a0405811522ee4d50b473755532ad1299cb121e2,"{""distance"":5,""physical_error_rate"":0.0005}","{""detection_events"":919,""detectors_checked"":458752}"
      2048,         0,         0,   0.074,standalone_exact_mw,cc9149276d16e61a5ac322a1d2048afebd34054fe0ed4879b77eb616628c1148,"{""distance"":5,""physical_error_rate"":0.0001}","{""detection_events"":185,""detectors_checked"":458752}"
     28672,         0,         0,   0.817,standalone_exact_mw,29ae76c7f86edcd2f56343e8109d8463cbc736644db4e57527101e2f1c3606c8,"{""distance"":5,""physical_error_rate"":0.0002}","{""detection_events"":5307,""detectors_checked"":6422528}"
     16384,         0,         0,   0.409,standalone_exact_mw,cc9149276d16e61a5ac322a1d2048afebd34054fe0ed4879b77eb616628c1148,"{""distance"":5,""physical_error_rate"":0.0001}","{""detection_events"":1703,""detectors_checked"":3670016}"
      5120,         0,         0,   0.244,standalone_exact_mw,503ee55b5ad1b1988379a241a0405811522ee4d50b473755532ad1299cb121e2,"{""distance"":5,""physical_error_rate"":0.0005}","{""detection_events"":2298,""detectors_checked"":1146880}"
     23552,         0,         0,   0.776,standalone_exact_mw,503ee55b5ad1b1988379a241a0405811522ee4d50b473755532ad1299cb121e2,"{""distance"":5,""physical_error_rate"":0.0005}","{""detection_events"":10755,""detectors_checked"":5275648}"
      2048,         0,         0,   0.060,standalone_exact_mw,cc9149276d16e61a5ac322a1d2048afebd34054fe0ed4879b77eb616628c1148,"{""distance"":5,""physical_error_rate"":0.0001}","{""detection_events"":192,""detectors_checked"":458752}"
      8192,         0,         0,   0.297,standalone_exact_mw,503ee55b5ad1b1988379a241a0405811522ee4d50b473755532ad1299cb121e2,"{""distance"":5,""physical_error_rate"":0.0005}","{""detection_events"":4011,""detectors_checked"":1835008}"
      2048,         0,         0,   0.081,standalone_exact_mw,cc9149276d16e61a5ac322a1d2048afebd34054fe0ed4879b77eb616628c1148,"{""distance"":5,""physical_error_rate"":0.0001}","{""detection_events"":230,""detectors_checked"":458752}"
      3072,         0,         0,   0.163,standalone_exact_mw,503ee55b5ad1b1988379a241a0405811522ee4d50b473755532ad1299cb121e2,"{""distance"":5,""physical_error_rate"":0.0005}","{""detection_events"":1377,""detectors_checked"":688128}"
     38912,         0,         0,    1.16,standalone_exact_mw,503ee55b5ad1b1988379a241a0405811522ee4d50b473755532ad1299cb121e2,"{""distance"":5,""physical_error_rate"":0.0005}","{""detection_events"":18055,""detectors_checked"":8716288}"
     19456,         0,         0,   0.559,standalone_exact_mw,29ae76c7f86edcd2f56343e8109d8463cbc736644db4e57527101e2f1c3606c8,"{""distance"":5,""physical_error_rate"":0.0002}","{""detection_events"":3806,""detectors_checked"":4358144}"
      3072,         0,         0,   0.111,standalone_exact_mw,cc9149276d16e61a5ac322a1d2048afebd34054fe0ed4879b77eb616628c1148,"{""distance"":5,""physical_error_rate"":0.0001}","{""detection_events"":252,""detectors_checked"":688128}"
     63488,         0,         0,    2.18,standalone_exact_mw,29ae76c7f86edcd2f56343e8109d8463cbc736644db4e57527101e2f1c3606c8,"{""distance"":5,""physical_error_rate"":0.0002}","{""detection_events"":11312,""detectors_checked"":14221312}"
      6144,         0,         0,   0.165,standalone_exact_mw,503ee55b5ad1b1988379a241a0405811522ee4d50b473755532ad1299cb121e2,"{""distance"":5,""physical_error_rate"":0.0005}","{""detection_events"":2930,""detectors_checked"":1376256}"
      8192,         0,         0,   0.326,standalone_exact_mw,503ee55b5ad1b1988379a241a0405811522ee4d50b473755532ad1299cb121e2,"{""distance"":5,""physical_error_rate"":0.0005}","{""detection_events"":3710,""detectors_checked"":1835008}"
      5120,         0,         0,   0.170,standalone_exact_mw,cc9149276d16e61a5ac322a1d2048afebd34054fe0ed4879b77eb616628c1148,"{""distance"":5,""physical_error_rate"":0.0001}","{""detection_events"":434,""detectors_checked"":1146880}"
     11264,         0,         0,   0.446,standalone_exact_mw,503ee55b5ad1b1988379a241a0405811522ee4d50b473755532ad1299cb121e2,"{""distance"":5,""physical_error_rate"":0.0005}","{""detection_events"":5158,""detectors_checked"":2523136}"
      8192,         0,         0,   0.226,standalone_exact_mw,503ee55b5ad1b1988379a241a0405811522ee4d50b473755532ad1299cb121e2,"{""distance"":5,""physical_error_rate"":0.0005}","{""detection_events"":3945,""detectors_checked"":1835008}"
     27648,         0,         0,   0.567,standalone_exact_mw,cc9149276d16e61a5ac322a1d2048afebd34054fe0ed4879b77eb616628c1148,"{""distance"":5,""physical_error_rate"":0.0001}","{""detection_events"":2691,""detectors_checked"":6193152}"
      6144,         0,         0,   0.221,standalone_exact_mw,cc9149276d16e61a5ac322a1d2048afebd34054fe0ed4879b77eb616628c1148,"{""distance"":5,""physical_error_rate"":0.0001}","{""detection_events"":532,""detectors_checked"":1376256}"
     10240,         0,         0,   0.417,standalone_exact_mw,503ee55b5ad1b1988379a241a0405811522ee4d50b473755532ad1299cb121e2,"{""distance"":5,""physical_error_rate"":0.0005}","{""detection_events"":4559,""detectors_checked"":2293760}"
      6144,         0,         0,   0.325,standalone_exact_mw,503ee55b5ad1b1988379a241a0405811522ee4d50b473755532ad1299cb121e2,"{""distance"":5,""physical_error_rate"":0.0005}","{""detection_events"":2778,""detectors_checked"":1376256}"
      9216,         0,         0,   0.309,standalone_exact_mw,cc9149276d16e61a5ac322a1d2048afebd34054fe0ed4879b77eb616628c1148,"{""distance"":5,""physical_error_rate"":0.0001}","{""detection_events"":895,""detectors_checked"":2064384}"
     28672,         0,         0,   0.814,standalone_exact_mw,29ae76c7f86edcd2f56343e8109d8463cbc736644db4e57527101e2f1c3606c8,"{""distance"":5,""physical_error_rate"":0.0002}","{""detection_events"":5281,""detectors_checked"":6422528}"
     38912,         0,         0,    1.12,standalone_exact_mw,29ae76c7f86edcd2f56343e8109d8463cbc736644db4e57527101e2f1c3606c8,"{""distance"":5,""physical_error_rate"":0.0002}","{""detection_events"":7316,""detectors_checked"":8716288}"
     13312,         0,         0,   0.626,standalone_exact_mw,503ee55b5ad1b1988379a241a0405811522ee4d50b473755532ad1299cb121e2,"{""distance"":5,""physical_error_rate"":0.0005}","{""detection_events"":6097,""detectors_checked"":2981888}"
     25600,         0,         0,    1.13,standalone_exact_mw,503ee55b5ad1b1988379a241a0405811522ee4d50b473755532ad1299cb121e2,"{""distance"":5,""physical_error_rate"":0.0005}","{""detection_events"":11771,""detectors_checked"":5734400}"
     25600,         0,         0,    1.60,standalone_exact_mw,cc9149276d16e61a5ac322a1d2048afebd34054fe0ed4879b77eb616628c1148,"{""distance"":5,""physical_error_rate"":0.0001}","{""detection_events"":2588,""detectors_checked"":5734400}"
     59392,         0,         0,    1.55,standalone_exact_mw,cc9149276d16e61a5ac322a1d2048afebd34054fe0ed4879b77eb616628c1148,"{""distance"":5,""physical_error_rate"":0.0001}","{""detection_events"":5591,""detectors_checked"":13303808}"
      7168,         0,         0,   0.462,standalone_exact_mw,503ee55b5ad1b1988379a241a0405811522ee4d50b473755532ad1299cb121e2,"{""distance"":5,""physical_error_rate"":0.0005}","{""detection_events"":3375,""detectors_checked"":1605632}"
     46080,         0,         0,    1.59,standalone_exact_mw,29ae76c7f86edcd2f56343e8109d8463cbc736644db4e57527101e2f1c3606c8,"{""distance"":5,""physical_error_rate"":0.0002}","{""detection_events"":8684,""detectors_checked"":10321920}"
     13312,         0,         0,   0.605,standalone_exact_mw,503ee55b5ad1b1988379a241a0405811522ee4d50b473755532ad1299cb121e2,"{""distance"":5,""physical_error_rate"":0.0005}","{""detection_events"":6059,""detectors_checked"":2981888}"
     12288,         0,         0,   0.421,standalone_exact_mw,cc9149276d16e61a5ac322a1d2048afebd34054fe0ed4879b77eb616628c1148,"{""distance"":5,""physical_error_rate"":0.0001}","{""detection_events"":1127,""detectors_checked"":2752512}"
     26624,         0,         0,   0.802,standalone_exact_mw,cc9149276d16e61a5ac322a1d2048afebd34054fe0ed4879b77eb616628c1148,"{""distance"":5,""physical_error_rate"":0.0001}","{""detection_events"":2358,""detectors_checked"":5963776}"
     55296,         0,         0,    1.57,standalone_exact_mw,29ae76c7f86edcd2f56343e8109d8463cbc736644db4e57527101e2f1c3606c8,"{""distance"":5,""physical_error_rate"":0.0002}","{""detection_events"":10316,""detectors_checked"":12386304}"
     37888,         0,         0,    1.57,standalone_exact_mw,503ee55b5ad1b1988379a241a0405811522ee4d50b473755532ad1299cb121e2,"{""distance"":5,""physical_error_rate"":0.0005}","{""detection_events"":17513,""detectors_checked"":8486912}"
     11264,         0,         0,   0.581,standalone_exact_mw,503ee55b5ad1b1988379a241a0405811522ee4d50b473755532ad1299cb121e2,"{""distance"":5,""physical_error_rate"":0.0005}","{""detection_events"":5067,""detectors_checked"":2523136}"
     16384,         0,         0,   0.584,standalone_exact_mw,cc9149276d16e61a5ac322a1d2048afebd34054fe0ed4879b77eb616628c1148,"{""distance"":5,""physical_error_rate"":0.0001}","{""detection_events"":1508,""detectors_checked"":3670016}"
     15360,         0,         0,   0.800,standalone_exact_mw,503ee55b5ad1b1988379a241a0405811522ee4d50b473755532ad1299cb121e2,"{""distance"":5,""physical_error_rate"":0.0005}","{""detection_events"":7172,""detectors_checked"":3440640}"
     38912,         0,         0,    1.08,standalone_exact_mw,29ae76c7f86edcd2f56343e8109d8463cbc736644db4e57527101e2f1c3606c8,"{""distance"":5,""physical_error_rate"":0.0002}","{""detection_events"":7312,""detectors_checked"":8716288}"
     20480,         0,         0,   0.818,standalone_exact_mw,503ee55b5ad1b1988379a241a0405811522ee4d50b473755532ad1299cb121e2,"{""distance"":5,""physical_error_rate"":0.0005}","{""detection_events"":9551,""detectors_checked"":4587520}"
     32768,         0,         0,    1.12,standalone_exact_mw,cc9149276d16e61a5ac322a1d2048afebd34054fe0ed4879b77eb616628c1148,"{""distance"":5,""physical_error_rate"":0.0001}","{""detection_events"":3011,""detectors_checked"":7340032}"
    104448,         0,         0,    3.03,standalone_exact_mw,503ee55b5ad1b1988379a241a0405811522ee4d50b473755532ad1299cb121e2,"{""distance"":5,""physical_error_rate"":0.0005}","{""detection_events"":48593,""detectors_checked"":23396352}"
     56320,         0,         0,    1.56,standalone_exact_mw,29ae76c7f86edcd2f56343e8109d8463cbc736644db4e57527101e2f1c3606c8,"{""distance"":5,""physical_error_rate"":0.0002}","{""detection_events"":10421,""detectors_checked"":12615680}"
     47104,         0,         0,    1.56,standalone_exact_mw,503ee55b5ad1b1988379a241a0405811522ee4d50b473755532ad1299cb121e2,"{""distance"":5,""physical_error_rate"":0.0005}","{""detection_events"":22073,""detectors_checked"":10551296}"
     16384,         0,         0,   0.789,standalone_exact_mw,503ee55b5ad1b1988379a241a0405811522ee4d50b473755532ad1299cb121e2,"{""distance"":5,""physical_error_rate"":0.0005}","{""detection_events"":7407,""detectors_checked"":3670016}"
     23552,         0,         0,   0.811,standalone_exact_mw,cc9149276d16e61a5ac322a1d2048afebd34054fe0ed4879b77eb616628c1148,"{""distance"":5,""physical_error_rate"":0.0001}","{""detection_events"":2322,""detectors_checked"":5275648}"
     24576,         0,         0,    1.11,standalone_exact_mw,503ee55b5ad1b1988379a241a0405811522ee4d50b473755532ad1299cb121e2,"{""distance"":5,""physical_error_rate"":0.0005}","{""detection_events"":11421,""detectors_checked"":5505024}"
     33792,         0,         0,    1.11,standalone_exact_mw,503ee55b5ad1b1988379a241a0405811522ee4d50b473755532ad1299cb121e2,"{""distance"":5,""physical_error_rate"":0.0005}","{""detection_events"":15395,""detectors_checked"":7569408}"
    103424,         0,         0,    3.05,standalone_exact_mw,29ae76c7f86edcd2f56343e8109d8463cbc736644db4e57527101e2f1c3606c8,"{""distance"":5,""physical_error_rate"":0.0002}","{""detection_events"":19460,""detectors_checked"":23166976}"
     35840,         0,         0,    2.16,standalone_exact_mw,cc9149276d16e61a5ac322a1d2048afebd34054fe0ed4879b77eb616628c1148,"{""distance"":5,""physical_error_rate"":0.0001}","{""detection_events"":3403,""detectors_checked"":8028160}"
     80896,         0,         0,    2.16,standalone_exact_mw,cc9149276d16e61a5ac322a1d2048afebd34054fe0ed4879b77eb616628c1148,"{""distance"":5,""physical_error_rate"":0.0001}","{""detection_events"":7349,""detectors_checked"":18120704}"
     66560,         0,         0,    2.18,standalone_exact_mw,29ae76c7f86edcd2f56343e8109d8463cbc736644db4e57527101e2f1c3606c8,"{""distance"":5,""physical_error_rate"":0.0002}","{""detection_events"":12642,""detectors_checked"":14909440}"
     77824,         0,         0,    2.18,standalone_exact_mw,29ae76c7f86edcd2f56343e8109d8463cbc736644db4e57527101e2f1c3606c8,"{""distance"":5,""physical_error_rate"":0.0002}","{""detection_events"":14381,""detectors_checked"":17432576}"
     55296,         0,         0,    1.57,standalone_exact_mw,29ae76c7f86edcd2f56343e8109d8463cbc736644db4e57527101e2f1c3606c8,"{""distance"":5,""physical_error_rate"":0.0002}","{""detection_events"":10300,""detectors_checked"":12386304}"
     26624,         0,         0,    1.13,standalone_exact_mw,503ee55b5ad1b1988379a241a0405811522ee4d50b473755532ad1299cb121e2,"{""distance"":5,""physical_error_rate"":0.0005}","{""detection_events"":12354,""detectors_checked"":5963776}"
     32768,         0,         0,    1.09,standalone_exact_mw,cc9149276d16e61a5ac322a1d2048afebd34054fe0ed4879b77eb616628c1148,"{""distance"":5,""physical_error_rate"":0.0001}","{""detection_events"":2851,""detectors_checked"":7340032}"
     75776,         0,         0,    2.18,standalone_exact_mw,503ee55b5ad1b1988379a241a0405811522ee4d50b473755532ad1299cb121e2,"{""distance"":5,""physical_error_rate"":0.0005}","{""detection_events"":36110,""detectors_checked"":16973824}"
    101376,         0,         0,    1.55,standalone_exact_mw,cc9149276d16e61a5ac322a1d2048afebd34054fe0ed4879b77eb616628c1148,"{""distance"":5,""physical_error_rate"":0.0001}","{""detection_events"":9573,""detectors_checked"":22708224}"
   2905088,         0,         0,   119.2,standalone_exact_mw,29ae76c7f86edcd2f56343e8109d8463cbc736644db4e57527101e2f1c3606c8,"{""distance"":5,""physical_error_rate"":0.0002}","{""detection_events"":541210,""detectors_checked"":650739712}"
     50176,         0,         0,    1.54,standalone_exact_mw,503ee55b5ad1b1988379a241a0405811522ee4d50b473755532ad1299cb121e2,"{""distance"":5,""physical_error_rate"":0.0005}","{""detection_events"":23122,""detectors_checked"":11239424}"
     69632,         0,         0,    2.19,standalone_exact_mw,29ae76c7f86edcd2f56343e8109d8463cbc736644db4e57527101e2f1c3606c8,"{""distance"":5,""physical_error_rate"":0.0002}","{""detection_events"":12500,""detectors_checked"":15597568}"
     31744,         0,         0,    1.59,standalone_exact_mw,503ee55b5ad1b1988379a241a0405811522ee4d50b473755532ad1299cb121e2,"{""distance"":5,""physical_error_rate"":0.0005}","{""detection_events"":14651,""detectors_checked"":7110656}"
     58368,         0,         0,    2.20,standalone_exact_mw,503ee55b5ad1b1988379a241a0405811522ee4d50b473755532ad1299cb121e2,"{""distance"":5,""physical_error_rate"":0.0005}","{""detection_events"":27362,""detectors_checked"":13074432}"
      1297,         0,         0,   0.034,standalone_exact_mw,cc9149276d16e61a5ac322a1d2048afebd34054fe0ed4879b77eb616628c1148,"{""distance"":5,""physical_error_rate"":0.0001}","{""detection_events"":114,""detectors_checked"":290528}"
     45056,         0,         0,    1.56,standalone_exact_mw,cc9149276d16e61a5ac322a1d2048afebd34054fe0ed4879b77eb616628c1148,"{""distance"":5,""physical_error_rate"":0.0001}","{""detection_events"":4381,""detectors_checked"":10092544}"
     36864,         0,         0,    1.56,standalone_exact_mw,503ee55b5ad1b1988379a241a0405811522ee4d50b473755532ad1299cb121e2,"{""distance"":5,""physical_error_rate"":0.0005}","{""detection_events"":17294,""detectors_checked"":8257536}"
      1024,         0,         0,   0.030,standalone_exact_mw,cc9149276d16e61a5ac322a1d2048afebd34054fe0ed4879b77eb616628c1148,"{""distance"":5,""physical_error_rate"":0.0001}","{""detection_events"":103,""detectors_checked"":229376}"
      1024,         0,         0,   0.028,standalone_exact_mw,cc9149276d16e61a5ac322a1d2048afebd34054fe0ed4879b77eb616628c1148,"{""distance"":5,""physical_error_rate"":0.0001}","{""detection_events"":115,""detectors_checked"":229376}"
      2048,         0,         0,   0.054,standalone_exact_mw,cc9149276d16e61a5ac322a1d2048afebd34054fe0ed4879b77eb616628c1148,"{""distance"":5,""physical_error_rate"":0.0001}","{""detection_events"":206,""detectors_checked"":458752}"
      2048,         0,         0,   0.054,standalone_exact_mw,cc9149276d16e61a5ac322a1d2048afebd34054fe0ed4879b77eb616628c1148,"{""distance"":5,""physical_error_rate"":0.0001}","{""detection_events"":190,""detectors_checked"":458752}"
      3072,         0,         0,   0.062,standalone_exact_mw,cc9149276d16e61a5ac322a1d2048afebd34054fe0ed4879b77eb616628c1148,"{""distance"":5,""physical_error_rate"":0.0001}","{""detection_events"":245,""detectors_checked"":688128}"
      3072,         0,         0,   0.062,standalone_exact_mw,cc9149276d16e61a5ac322a1d2048afebd34054fe0ed4879b77eb616628c1148,"{""distance"":5,""physical_error_rate"":0.0001}","{""detection_events"":271,""detectors_checked"":688128}"
      4096,         0,         0,   0.107,standalone_exact_mw,cc9149276d16e61a5ac322a1d2048afebd34054fe0ed4879b77eb616628c1148,"{""distance"":5,""physical_error_rate"":0.0001}","{""detection_events"":356,""detectors_checked"":917504}"
   3706880,         0,         0,   119.1,standalone_exact_mw,cc9149276d16e61a5ac322a1d2048afebd34054fe0ed4879b77eb616628c1148,"{""distance"":5,""physical_error_rate"":0.0001}","{""detection_events"":345723,""detectors_checked"":830341120}"
     76800,         0,         0,    2.17,standalone_exact_mw,29ae76c7f86edcd2f56343e8109d8463cbc736644db4e57527101e2f1c3606c8,"{""distance"":5,""physical_error_rate"":0.0002}","{""detection_events"":14491,""detectors_checked"":17203200}"
      5120,         0,         0,   0.186,standalone_exact_mw,cc9149276d16e61a5ac322a1d2048afebd34054fe0ed4879b77eb616628c1148,"{""distance"":5,""physical_error_rate"":0.0001}","{""detection_events"":472,""detectors_checked"":1146880}"
   2454528,         1,         0,   119.3,standalone_exact_mw,503ee55b5ad1b1988379a241a0405811522ee4d50b473755532ad1299cb121e2,"{""distance"":5,""physical_error_rate"":0.0005}","{""detection_events"":1141986,""detectors_checked"":549814272,""obs_mistake_mask=E"":1}"
   3193856,         0,         0,   119.1,standalone_exact_mw,29ae76c7f86edcd2f56343e8109d8463cbc736644db4e57527101e2f1c3606c8,"{""distance"":5,""physical_error_rate"":0.0002}","{""detection_events"":595666,""detectors_checked"":715423744}"
     69632,         0,         0,    2.16,standalone_exact_mw,cc9149276d16e61a5ac322a1d2048afebd34054fe0ed4879b77eb616628c1148,"{""distance"":5,""physical_error_rate"":0.0001}","{""detection_events"":6104,""detectors_checked"":15597568}"
      7168,         0,         0,   0.230,standalone_exact_mw,cc9149276d16e61a5ac322a1d2048afebd34054fe0ed4879b77eb616628c1148,"{""distance"":5,""physical_error_rate"":0.0001}","{""detection_events"":669,""detectors_checked"":1605632}"
     59392,         0,         0,    3.05,standalone_exact_mw,cc9149276d16e61a5ac322a1d2048afebd34054fe0ed4879b77eb616628c1148,"{""distance"":5,""physical_error_rate"":0.0001}","{""detection_events"":5707,""detectors_checked"":13303808}"
    123904,         0,         0,    3.06,standalone_exact_mw,cc9149276d16e61a5ac322a1d2048afebd34054fe0ed4879b77eb616628c1148,"{""distance"":5,""physical_error_rate"":0.0001}","{""detection_events"":11387,""detectors_checked"":27754496}"
     11264,         0,         0,   0.295,standalone_exact_mw,cc9149276d16e61a5ac322a1d2048afebd34054fe0ed4879b77eb616628c1148,"{""distance"":5,""physical_error_rate"":0.0001}","{""detection_events"":1086,""detectors_checked"":2523136}"
     86016,         0,         0,    3.06,standalone_exact_mw,29ae76c7f86edcd2f56343e8109d8463cbc736644db4e57527101e2f1c3606c8,"{""distance"":5,""physical_error_rate"":0.0002}","{""detection_events"":16194,""detectors_checked"":19267584}"
     98304,         0,         0,    3.04,standalone_exact_mw,29ae76c7f86edcd2f56343e8109d8463cbc736644db4e57527101e2f1c3606c8,"{""distance"":5,""physical_error_rate"":0.0002}","{""detection_events"":18395,""detectors_checked"":22020096}"
    146432,         0,         0,    4.26,standalone_exact_mw,503ee55b5ad1b1988379a241a0405811522ee4d50b473755532ad1299cb121e2,"{""distance"":5,""physical_error_rate"":0.0005}","{""detection_events"":67803,""detectors_checked"":32800768}"
     75776,         0,         0,    2.20,standalone_exact_mw,503ee55b5ad1b1988379a241a0405811522ee4d50b473755532ad1299cb121e2,"{""distance"":5,""physical_error_rate"":0.0005}","{""detection_events"":35727,""detectors_checked"":16973824}"
   2817024,         0,         0,   119.2,standalone_exact_mw,29ae76c7f86edcd2f56343e8109d8463cbc736644db4e57527101e2f1c3606c8,"{""distance"":5,""physical_error_rate"":0.0002}","{""detection_events"":524140,""detectors_checked"":631013376}"
     16384,         0,         0,   0.418,standalone_exact_mw,cc9149276d16e61a5ac322a1d2048afebd34054fe0ed4879b77eb616628c1148,"{""distance"":5,""physical_error_rate"":0.0001}","{""detection_events"":1535,""detectors_checked"":3670016}"
     62464,         0,         0,    3.04,standalone_exact_mw,503ee55b5ad1b1988379a241a0405811522ee4d50b473755532ad1299cb121e2,"{""distance"":5,""physical_error_rate"":0.0005}","{""detection_events"":29612,""detectors_checked"":13991936}"
     46080,         0,         0,    2.20,standalone_exact_mw,503ee55b5ad1b1988379a241a0405811522ee4d50b473755532ad1299cb121e2,"{""distance"":5,""physical_error_rate"":0.0005}","{""detection_events"":21931,""detectors_checked"":10321920}"
     20480,         0,         0,   0.574,standalone_exact_mw,cc9149276d16e61a5ac322a1d2048afebd34054fe0ed4879b77eb616628c1148,"{""distance"":5,""physical_error_rate"":0.0001}","{""detection_events"":1922,""detectors_checked"":4587520}"
     63488,         0,         0,    2.18,standalone_exact_mw,cc9149276d16e61a5ac322a1d2048afebd34054fe0ed4879b77eb616628c1148,"{""distance"":5,""physical_error_rate"":0.0001}","{""detection_events"":6086,""detectors_checked"":14221312}"
     54272,         0,         0,    2.19,standalone_exact_mw,503ee55b5ad1b1988379a241a0405811522ee4d50b473755532ad1299cb121e2,"{""distance"":5,""physical_error_rate"":0.0005}","{""detection_events"":25622,""detectors_checked"":12156928}"
    136192,         0,         0,    4.24,standalone_exact_mw,29ae76c7f86edcd2f56343e8109d8463cbc736644db4e57527101e2f1c3606c8,"{""distance"":5,""physical_error_rate"":0.0002}","{""detection_events"":25783,""detectors_checked"":30507008}"
     99328,         0,         0,    3.07,standalone_exact_mw,29ae76c7f86edcd2f56343e8109d8463cbc736644db4e57527101e2f1c3606c8,"{""distance"":5,""physical_error_rate"":0.0002}","{""detection_events"":18354,""detectors_checked"":22249472}"
     93184,         0,         0,    3.05,standalone_exact_mw,503ee55b5ad1b1988379a241a0405811522ee4d50b473755532ad1299cb121e2,"{""distance"":5,""physical_error_rate"":0.0005}","{""detection_events"":43735,""detectors_checked"":20873216}"
     31744,         0,         0,   0.809,standalone_exact_mw,cc9149276d16e61a5ac322a1d2048afebd34054fe0ed4879b77eb616628c1148,"{""distance"":5,""physical_error_rate"":0.0001}","{""detection_events"":2923,""detectors_checked"":7110656}"
   2400256,         1,         0,   119.4,standalone_exact_mw,503ee55b5ad1b1988379a241a0405811522ee4d50b473755532ad1299cb121e2,"{""distance"":5,""physical_error_rate"":0.0005}","{""detection_events"":1116632,""detectors_checked"":537657344,""obs_mistake_mask=E"":1}"
    101376,         0,         0,    2.99,standalone_exact_mw,29ae76c7f86edcd2f56343e8109d8463cbc736644db4e57527101e2f1c3606c8,"{""distance"":5,""physical_error_rate"":0.0002}","{""detection_events"":19231,""detectors_checked"":22708224}"
    164864,         0,         0,    3.05,standalone_exact_mw,cc9149276d16e61a5ac322a1d2048afebd34054fe0ed4879b77eb616628c1148,"{""distance"":5,""physical_error_rate"":0.0001}","{""detection_events"":15222,""detectors_checked"":36929536}"
     36864,         0,         0,    1.10,standalone_exact_mw,cc9149276d16e61a5ac322a1d2048afebd34054fe0ed4879b77eb616628c1148,"{""distance"":5,""physical_error_rate"":0.0001}","{""detection_events"":3348,""detectors_checked"":8257536}"
     76800,         0,         0,    3.05,standalone_exact_mw,503ee55b5ad1b1988379a241a0405811522ee4d50b473755532ad1299cb121e2,"{""distance"":5,""physical_error_rate"":0.0005}","{""detection_events"":34989,""detectors_checked"":17203200}"
   2727936,         0,         0,   119.5,standalone_exact_mw,503ee55b5ad1b1988379a241a0405811522ee4d50b473755532ad1299cb121e2,"{""distance"":5,""physical_error_rate"":0.0005}","{""detection_events"":1269329,""detectors_checked"":611057664}"
     87040,         0,         0,    3.06,standalone_exact_mw,503ee55b5ad1b1988379a241a0405811522ee4d50b473755532ad1299cb121e2,"{""distance"":5,""physical_error_rate"":0.0005}","{""detection_events"":39849,""detectors_checked"":19496960}"
     90112,         0,         0,    3.08,standalone_exact_mw,cc9149276d16e61a5ac322a1d2048afebd34054fe0ed4879b77eb616628c1148,"{""distance"":5,""physical_error_rate"":0.0001}","{""detection_events"":8385,""detectors_checked"":20185088}"
     81920,         0,         0,    3.07,standalone_exact_mw,503ee55b5ad1b1988379a241a0405811522ee4d50b473755532ad1299cb121e2,"{""distance"":5,""physical_error_rate"":0.0005}","{""detection_events"":38431,""detectors_checked"":18350080}"
    160768,         0,         0,    4.25,standalone_exact_mw,cc9149276d16e61a5ac322a1d2048afebd34054fe0ed4879b77eb616628c1148,"{""distance"":5,""physical_error_rate"":0.0001}","{""detection_events"":14863,""detectors_checked"":36012032}"
    157696,         0,         0,    4.26,standalone_exact_mw,cc9149276d16e61a5ac322a1d2048afebd34054fe0ed4879b77eb616628c1148,"{""distance"":5,""physical_error_rate"":0.0001}","{""detection_events"":14457,""detectors_checked"":35323904}"
    139264,         0,         0,    4.27,standalone_exact_mw,29ae76c7f86edcd2f56343e8109d8463cbc736644db4e57527101e2f1c3606c8,"{""distance"":5,""physical_error_rate"":0.0002}","{""detection_events"":25950,""detectors_checked"":31195136}"
    137216,         0,         0,    4.28,standalone_exact_mw,29ae76c7f86edcd2f56343e8109d8463cbc736644db4e57527101e2f1c3606c8,"{""distance"":5,""physical_error_rate"":0.0002}","{""detection_events"":25791,""detectors_checked"":30736384}"
     64512,         0,         0,    1.55,standalone_exact_mw,cc9149276d16e61a5ac322a1d2048afebd34054fe0ed4879b77eb616628c1148,"{""distance"":5,""physical_error_rate"":0.0001}","{""detection_events"":6099,""detectors_checked"":14450688}"
    113664,         0,         0,    4.27,standalone_exact_mw,503ee55b5ad1b1988379a241a0405811522ee4d50b473755532ad1299cb121e2,"{""distance"":5,""physical_error_rate"":0.0005}","{""detection_events"":53899,""detectors_checked"":25460736}"
   3504128,         0,         0,   119.2,standalone_exact_mw,cc9149276d16e61a5ac322a1d2048afebd34054fe0ed4879b77eb616628c1148,"{""distance"":5,""physical_error_rate"":0.0001}","{""detection_events"":324906,""detectors_checked"":784924672}"
    139264,         0,         0,    4.27,standalone_exact_mw,29ae76c7f86edcd2f56343e8109d8463cbc736644db4e57527101e2f1c3606c8,"{""distance"":5,""physical_error_rate"":0.0002}","{""detection_events"":25599,""detectors_checked"":31195136}"
    120832,         0,         0,    4.29,standalone_exact_mw,503ee55b5ad1b1988379a241a0405811522ee4d50b473755532ad1299cb121e2,"{""distance"":5,""physical_error_rate"":0.0005}","{""detection_events"":56043,""detectors_checked"":27066368}"
    181248,         0,         0,    5.96,standalone_exact_mw,503ee55b5ad1b1988379a241a0405811522ee4d50b473755532ad1299cb121e2,"{""distance"":5,""physical_error_rate"":0.0005}","{""detection_events"":83883,""detectors_checked"":40599552}"
     81920,         0,         0,    2.18,standalone_exact_mw,cc9149276d16e61a5ac322a1d2048afebd34054fe0ed4879b77eb616628c1148,"{""distance"":5,""physical_error_rate"":0.0001}","{""detection_events"":7482,""detectors_checked"":18350080}"
     92160,         0,         0,    4.27,standalone_exact_mw,29ae76c7f86edcd2f56343e8109d8463cbc736644db4e57527101e2f1c3606c8,"{""distance"":5,""physical_error_rate"":0.0002}","{""detection_events"":16872,""detectors_checked"":20643840}"
    220160,         0,         0,    4.24,standalone_exact_mw,cc9149276d16e61a5ac322a1d2048afebd34054fe0ed4879b77eb616628c1148,"{""distance"":5,""physical_error_rate"":0.0001}","{""detection_events"":20498,""detectors_checked"":49315840}"
    201728,         0,         0,    5.97,standalone_exact_mw,29ae76c7f86edcd2f56343e8109d8463cbc736644db4e57527101e2f1c3606c8,"{""distance"":5,""physical_error_rate"":0.0002}","{""detection_events"":37613,""detectors_checked"":45187072}"
    117760,         0,         0,    4.28,standalone_exact_mw,503ee55b5ad1b1988379a241a0405811522ee4d50b473755532ad1299cb121e2,"{""distance"":5,""physical_error_rate"":0.0005}","{""detection_events"":54242,""detectors_checked"":26378240}"
     66560,         0,         0,    4.29,standalone_exact_mw,503ee55b5ad1b1988379a241a0405811522ee4d50b473755532ad1299cb121e2,"{""distance"":5,""physical_error_rate"":0.0005}","{""detection_events"":31152,""detectors_checked"":14909440}"
    124928,         0,         0,    4.28,standalone_exact_mw,cc9149276d16e61a5ac322a1d2048afebd34054fe0ed4879b77eb616628c1148,"{""distance"":5,""physical_error_rate"":0.0001}","{""detection_events"":11598,""detectors_checked"":27983872}"
    112640,         1,         0,    4.29,standalone_exact_mw,503ee55b5ad1b1988379a241a0405811522ee4d50b473755532ad1299cb121e2,"{""distance"":5,""physical_error_rate"":0.0005}","{""detection_events"":52929,""detectors_checked"":25231360,""obs_mistake_mask=E"":1}"
    128000,         0,         0,    3.05,standalone_exact_mw,cc9149276d16e61a5ac322a1d2048afebd34054fe0ed4879b77eb616628c1148,"{""distance"":5,""physical_error_rate"":0.0001}","{""detection_events"":11748,""detectors_checked"":28672000}"
    235520,         0,         0,    5.95,standalone_exact_mw,cc9149276d16e61a5ac322a1d2048afebd34054fe0ed4879b77eb616628c1148,"{""distance"":5,""physical_error_rate"":0.0001}","{""detection_events"":22067,""detectors_checked"":52756480}"
    223232,         0,         0,    5.98,standalone_exact_mw,cc9149276d16e61a5ac322a1d2048afebd34054fe0ed4879b77eb616628c1148,"{""distance"":5,""physical_error_rate"":0.0001}","{""detection_events"":20905,""detectors_checked"":50003968}"
    210944,         0,         0,    5.97,standalone_exact_mw,29ae76c7f86edcd2f56343e8109d8463cbc736644db4e57527101e2f1c3606c8,"{""distance"":5,""physical_error_rate"":0.0002}","{""detection_events"":38946,""detectors_checked"":47251456}"
    193536,         0,         0,    5.98,standalone_exact_mw,29ae76c7f86edcd2f56343e8109d8463cbc736644db4e57527101e2f1c3606c8,"{""distance"":5,""physical_error_rate"":0.0002}","{""detection_events"":36387,""detectors_checked"":43352064}"
    151552,         0,         0,    5.99,standalone_exact_mw,503ee55b5ad1b1988379a241a0405811522ee4d50b473755532ad1299cb121e2,"{""distance"":5,""physical_error_rate"":0.0005}","{""detection_events"":69885,""detectors_checked"":33947648}"
    190464,         0,         0,    5.98,standalone_exact_mw,29ae76c7f86edcd2f56343e8109d8463cbc736644db4e57527101e2f1c3606c8,"{""distance"":5,""physical_error_rate"":0.0002}","{""detection_events"":35860,""detectors_checked"":42663936}"
    167936,         0,         0,    5.99,standalone_exact_mw,503ee55b5ad1b1988379a241a0405811522ee4d50b473755532ad1299cb121e2,"{""distance"":5,""physical_error_rate"":0.0005}","{""detection_events"":77898,""detectors_checked"":37617664}"
    226304,         0,         0,    5.98,standalone_exact_mw,29ae76c7f86edcd2f56343e8109d8463cbc736644db4e57527101e2f1c3606c8,"{""distance"":5,""physical_error_rate"":0.0002}","{""detection_events"":41751,""detectors_checked"":50692096}"
    248832,         0,         0,    5.99,standalone_exact_mw,cc9149276d16e61a5ac322a1d2048afebd34054fe0ed4879b77eb616628c1148,"{""distance"":5,""physical_error_rate"":0.0001}","{""detection_events"":23309,""detectors_checked"":55738368}"
    173056,         0,         0,    5.95,standalone_exact_mw,503ee55b5ad1b1988379a241a0405811522ee4d50b473755532ad1299cb121e2,"{""distance"":5,""physical_error_rate"":0.0005}","{""detection_events"":80206,""detectors_checked"":38764544}"
     52224,         0,         0,    5.89,standalone_exact_mw,503ee55b5ad1b1988379a241a0405811522ee4d50b473755532ad1299cb121e2,"{""distance"":5,""physical_error_rate"":0.0005}","{""detection_events"":24568,""detectors_checked"":11698176}"
    201728,         0,         0,    4.27,standalone_exact_mw,cc9149276d16e61a5ac322a1d2048afebd34054fe0ed4879b77eb616628c1148,"{""distance"":5,""physical_error_rate"":0.0001}","{""detection_events"":18925,""detectors_checked"":45187072}"
    174080,         0,         0,    5.96,standalone_exact_mw,cc9149276d16e61a5ac322a1d2048afebd34054fe0ed4879b77eb616628c1148,"{""distance"":5,""physical_error_rate"":0.0001}","{""detection_events"":15887,""detectors_checked"":38993920}"
    160768,         0,         0,    5.94,standalone_exact_mw,503ee55b5ad1b1988379a241a0405811522ee4d50b473755532ad1299cb121e2,"{""distance"":5,""physical_error_rate"":0.0005}","{""detection_events"":74752,""detectors_checked"":36012032}"
    237568,         0,         0,    8.36,standalone_exact_mw,503ee55b5ad1b1988379a241a0405811522ee4d50b473755532ad1299cb121e2,"{""distance"":5,""physical_error_rate"":0.0005}","{""detection_events"":110924,""detectors_checked"":53215232}"
    354304,         0,         0,    8.39,standalone_exact_mw,29ae76c7f86edcd2f56343e8109d8463cbc736644db4e57527101e2f1c3606c8,"{""distance"":5,""physical_error_rate"":0.0002}","{""detection_events"":65641,""detectors_checked"":79364096}"
    323584,         0,         0,    8.34,standalone_exact_mw,cc9149276d16e61a5ac322a1d2048afebd34054fe0ed4879b77eb616628c1148,"{""distance"":5,""physical_error_rate"":0.0001}","{""detection_events"":29921,""detectors_checked"":72482816}"
    290816,         0,         0,    8.36,standalone_exact_mw,cc9149276d16e61a5ac322a1d2048afebd34054fe0ed4879b77eb616628c1148,"{""distance"":5,""physical_error_rate"":0.0001}","{""detection_events"":27584,""detectors_checked"":65142784}"
    308224,         0,         0,    8.32,standalone_exact_mw,29ae76c7f86edcd2f56343e8109d8463cbc736644db4e57527101e2f1c3606c8,"{""distance"":5,""physical_error_rate"":0.0002}","{""detection_events"":56885,""detectors_checked"":69042176}"
    168960,         0,         0,    8.27,standalone_exact_mw,29ae76c7f86edcd2f56343e8109d8463cbc736644db4e57527101e2f1c3606c8,"{""distance"":5,""physical_error_rate"":0.0002}","{""detection_events"":31164,""detectors_checked"":37847040}"
    223232,         1,         0,    8.32,standalone_exact_mw,503ee55b5ad1b1988379a241a0405811522ee4d50b473755532ad1299cb121e2,"{""distance"":5,""physical_error_rate"":0.0005}","{""detection_events"":104421,""detectors_checked"":50003968,""obs_mistake_mask=E"":1}"
   4980736,         1,         0,   119.5,standalone_exact_mw,503ee55b5ad1b1988379a241a0405811522ee4d50b473755532ad1299cb121e2,"{""distance"":5,""physical_error_rate"":0.0005}","{""detection_events"":2321753,""detectors_checked"":1115684864,""obs_mistake_mask=E"":1}"
    270336,         0,         0,    5.97,standalone_exact_mw,cc9149276d16e61a5ac322a1d2048afebd34054fe0ed4879b77eb616628c1148,"{""distance"":5,""physical_error_rate"":0.0001}","{""detection_events"":25739,""detectors_checked"":60555264}"
    306176,         0,         0,    8.30,standalone_exact_mw,29ae76c7f86edcd2f56343e8109d8463cbc736644db4e57527101e2f1c3606c8,"{""distance"":5,""physical_error_rate"":0.0002}","{""detection_events"":56727,""detectors_checked"":68583424}"
    232448,         1,         0,    8.33,standalone_exact_mw,503ee55b5ad1b1988379a241a0405811522ee4d50b473755532ad1299cb121e2,"{""distance"":5,""physical_error_rate"":0.0005}","{""detection_events"":109400,""detectors_checked"":52068352,""obs_mistake_mask=E"":1}"
    294912,         0,         0,    8.29,standalone_exact_mw,29ae76c7f86edcd2f56343e8109d8463cbc736644db4e57527101e2f1c3606c8,"{""distance"":5,""physical_error_rate"":0.0002}","{""detection_events"":55597,""detectors_checked"":66060288}"
    332800,         0,         0,    8.35,standalone_exact_mw,cc9149276d16e61a5ac322a1d2048afebd34054fe0ed4879b77eb616628c1148,"{""distance"":5,""physical_error_rate"":0.0001}","{""detection_events"":31639,""detectors_checked"":74547200}"
    114688,         0,         0,    8.36,standalone_exact_mw,503ee55b5ad1b1988379a241a0405811522ee4d50b473755532ad1299cb121e2,"{""distance"":5,""physical_error_rate"":0.0005}","{""detection_events"":52981,""detectors_checked"":25690112}"
    102400,         0,         0,    8.33,standalone_exact_mw,503ee55b5ad1b1988379a241a0405811522ee4d50b473755532ad1299cb121e2,"{""distance"":5,""physical_error_rate"":0.0005}","{""detection_events"":47843,""detectors_checked"":22937600}"
    243712,         0,         0,    8.30,standalone_exact_mw,cc9149276d16e61a5ac322a1d2048afebd34054fe0ed4879b77eb616628c1148,"{""distance"":5,""physical_error_rate"":0.0001}","{""detection_events"":22984,""detectors_checked"":54591488}"
    223232,         0,         0,    8.34,standalone_exact_mw,503ee55b5ad1b1988379a241a0405811522ee4d50b473755532ad1299cb121e2,"{""distance"":5,""physical_error_rate"":0.0005}","{""detection_events"":103130,""detectors_checked"":50003968}"
    360448,         0,         0,    11.7,standalone_exact_mw,503ee55b5ad1b1988379a241a0405811522ee4d50b473755532ad1299cb121e2,"{""distance"":5,""physical_error_rate"":0.0005}","{""detection_events"":168044,""detectors_checked"":80740352}"
    478208,         0,         0,    11.7,standalone_exact_mw,29ae76c7f86edcd2f56343e8109d8463cbc736644db4e57527101e2f1c3606c8,"{""distance"":5,""physical_error_rate"":0.0002}","{""detection_events"":89835,""detectors_checked"":107118592}"
   5543936,         0,         0,   119.3,standalone_exact_mw,cc9149276d16e61a5ac322a1d2048afebd34054fe0ed4879b77eb616628c1148,"{""distance"":5,""physical_error_rate"":0.0001}","{""detection_events"":518452,""detectors_checked"":1241841664}"
    245760,         0,         0,    8.28,standalone_exact_mw,cc9149276d16e61a5ac322a1d2048afebd34054fe0ed4879b77eb616628c1148,"{""distance"":5,""physical_error_rate"":0.0001}","{""detection_events"":23450,""detectors_checked"":55050240}"
   3784704,         0,         0,   119.4,standalone_exact_mw,cc9149276d16e61a5ac322a1d2048afebd34054fe0ed4879b77eb616628c1148,"{""distance"":5,""physical_error_rate"":0.0001}","{""detection_events"":355439,""detectors_checked"":847773696}"
   3369984,         0,         0,   119.0,standalone_exact_mw,cc9149276d16e61a5ac322a1d2048afebd34054fe0ed4879b77eb616628c1148,"{""distance"":5,""physical_error_rate"":0.0001}","{""detection_events"":316125,""detectors_checked"":754876416}"
    421888,         0,         0,    11.7,standalone_exact_mw,cc9149276d16e61a5ac322a1d2048afebd34054fe0ed4879b77eb616628c1148,"{""distance"":5,""physical_error_rate"":0.0001}","{""detection_events"":40492,""detectors_checked"":94502912}"
   3010560,         1,         0,   119.2,standalone_exact_mw,29ae76c7f86edcd2f56343e8109d8463cbc736644db4e57527101e2f1c3606c8,"{""distance"":5,""physical_error_rate"":0.0002}","{""detection_events"":562937,""detectors_checked"":674365440,""obs_mistake_mask=E"":1}"
    371712,         0,         0,    11.6,standalone_exact_mw,cc9149276d16e61a5ac322a1d2048afebd34054fe0ed4879b77eb616628c1148,"{""distance"":5,""physical_error_rate"":0.0001}","{""detection_events"":35507,""detectors_checked"":83263488}"
    350208,         0,         0,    11.7,standalone_exact_mw,29ae76c7f86edcd2f56343e8109d8463cbc736644db4e57527101e2f1c3606c8,"{""distance"":5,""physical_error_rate"":0.0002}","{""detection_events"":65286,""detectors_checked"":78446592}"
   3500032,         0,         0,   119.3,standalone_exact_mw,cc9149276d16e61a5ac322a1d2048afebd34054fe0ed4879b77eb616628c1148,"{""distance"":5,""physical_error_rate"":0.0001}","{""detection_events"":326689,""detectors_checked"":784007168}"
    351232,         0,         0,    11.7,standalone_exact_mw,29ae76c7f86edcd2f56343e8109d8463cbc736644db4e57527101e2f1c3606c8,"{""distance"":5,""physical_error_rate"":0.0002}","{""detection_events"":65890,""detectors_checked"":78675968}"
    310272,         0,         0,    11.7,standalone_exact_mw,503ee55b5ad1b1988379a241a0405811522ee4d50b473755532ad1299cb121e2,"{""distance"":5,""physical_error_rate"":0.0005}","{""detection_events"":144240,""detectors_checked"":69500928}"
   2899968,         0,         0,   119.4,standalone_exact_mw,503ee55b5ad1b1988379a241a0405811522ee4d50b473755532ad1299cb121e2,"{""distance"":5,""physical_error_rate"":0.0005}","{""detection_events"":1347242,""detectors_checked"":649592832}"
   2917376,         2,         0,   119.4,standalone_exact_mw,503ee55b5ad1b1988379a241a0405811522ee4d50b473755532ad1299cb121e2,"{""distance"":5,""physical_error_rate"":0.0005}","{""detection_events"":1360707,""detectors_checked"":653492224,""obs_mistake_mask=E"":2}"
   2281472,         0,         0,   119.5,standalone_exact_mw,503ee55b5ad1b1988379a241a0405811522ee4d50b473755532ad1299cb121e2,"{""distance"":5,""physical_error_rate"":0.0005}","{""detection_events"":1060842,""detectors_checked"":511049728}"
    368640,         0,         0,    11.6,standalone_exact_mw,29ae76c7f86edcd2f56343e8109d8463cbc736644db4e57527101e2f1c3606c8,"{""distance"":5,""physical_error_rate"":0.0002}","{""detection_events"":68399,""detectors_checked"":82575360}"
    288768,         0,         0,    11.7,standalone_exact_mw,503ee55b5ad1b1988379a241a0405811522ee4d50b473755532ad1299cb121e2,"{""distance"":5,""physical_error_rate"":0.0005}","{""detection_events"":134632,""detectors_checked"":64684032}"
    396288,         0,         0,    11.6,standalone_exact_mw,29ae76c7f86edcd2f56343e8109d8463cbc736644db4e57527101e2f1c3606c8,"{""distance"":5,""physical_error_rate"":0.0002}","{""detection_events"":74470,""detectors_checked"":88768512}"
    441344,         0,         0,    11.6,standalone_exact_mw,cc9149276d16e61a5ac322a1d2048afebd34054fe0ed4879b77eb616628c1148,"{""distance"":5,""physical_error_rate"":0.0001}","{""detection_events"":40969,""detectors_checked"":98861056}"
    262144,         0,         0,    11.7,standalone_exact_mw,503ee55b5ad1b1988379a241a0405811522ee4d50b473755532ad1299cb121e2,"{""distance"":5,""physical_error_rate"":0.0005}","{""detection_events"":123164,""detectors_checked"":58720256}"
    261120,         0,         0,    11.7,standalone_exact_mw,503ee55b5ad1b1988379a241a0405811522ee4d50b473755532ad1299cb121e2,"{""distance"":5,""physical_error_rate"":0.0005}","{""detection_events"":122013,""detectors_checked"":58490880}"
    265216,         0,         0,    11.7,standalone_exact_mw,503ee55b5ad1b1988379a241a0405811522ee4d50b473755532ad1299cb121e2,"{""distance"":5,""physical_error_rate"":0.0005}","{""detection_events"":121990,""detectors_checked"":59408384}"
    342016,         0,         0,    11.6,standalone_exact_mw,cc9149276d16e61a5ac322a1d2048afebd34054fe0ed4879b77eb616628c1148,"{""distance"":5,""physical_error_rate"":0.0001}","{""detection_events"":31412,""detectors_checked"":76611584}"
   2194432,         1,         0,   119.3,standalone_exact_mw,503ee55b5ad1b1988379a241a0405811522ee4d50b473755532ad1299cb121e2,"{""distance"":5,""physical_error_rate"":0.0005}","{""detection_events"":1020802,""detectors_checked"":491552768,""obs_mistake_mask=E"":1}"
   3349504,         0,         0,   119.1,standalone_exact_mw,cc9149276d16e61a5ac322a1d2048afebd34054fe0ed4879b77eb616628c1148,"{""distance"":5,""physical_error_rate"":0.0001}","{""detection_events"":314304,""detectors_checked"":750288896}"
   2933760,         0,         0,   119.3,standalone_exact_mw,29ae76c7f86edcd2f56343e8109d8463cbc736644db4e57527101e2f1c3606c8,"{""distance"":5,""physical_error_rate"":0.0002}","{""detection_events"":547531,""detectors_checked"":657162240}"
   3170304,         0,         0,   119.2,standalone_exact_mw,29ae76c7f86edcd2f56343e8109d8463cbc736644db4e57527101e2f1c3606c8,"{""distance"":5,""physical_error_rate"":0.0002}","{""detection_events"":591735,""detectors_checked"":710148096}"
    429056,         0,         0,    11.7,standalone_exact_mw,cc9149276d16e61a5ac322a1d2048afebd34054fe0ed4879b77eb616628c1148,"{""distance"":5,""physical_error_rate"":0.0001}","{""detection_events"":40018,""detectors_checked"":96108544}"
   2830336,         0,         0,   119.3,standalone_exact_mw,29ae76c7f86edcd2f56343e8109d8463cbc736644db4e57527101e2f1c3606c8,"{""distance"":5,""physical_error_rate"":0.0002}","{""detection_events"":526633,""detectors_checked"":633995264}"
    402432,         0,         0,    16.4,standalone_exact_mw,503ee55b5ad1b1988379a241a0405811522ee4d50b473755532ad1299cb121e2,"{""distance"":5,""physical_error_rate"":0.0005}","{""detection_events"":187758,""detectors_checked"":90144768}"
    590848,         0,         0,    16.4,standalone_exact_mw,29ae76c7f86edcd2f56343e8109d8463cbc736644db4e57527101e2f1c3606c8,"{""distance"":5,""physical_error_rate"":0.0002}","{""detection_events"":110000,""detectors_checked"":132349952}"
    563200,         0,         0,    16.4,standalone_exact_mw,cc9149276d16e61a5ac322a1d2048afebd34054fe0ed4879b77eb616628c1148,"{""distance"":5,""physical_error_rate"":0.0001}","{""detection_events"":52686,""detectors_checked"":126156800}"
   3211264,         0,         0,   119.1,standalone_exact_mw,29ae76c7f86edcd2f56343e8109d8463cbc736644db4e57527101e2f1c3606c8,"{""distance"":5,""physical_error_rate"":0.0002}","{""detection_events"":598570,""detectors_checked"":719323136}"
    510976,         0,         0,    16.4,standalone_exact_mw,cc9149276d16e61a5ac322a1d2048afebd34054fe0ed4879b77eb616628c1148,"{""distance"":5,""physical_error_rate"":0.0001}","{""detection_events"":46940,""detectors_checked"":114458624}"
    551936,         1,         0,    16.4,standalone_exact_mw,29ae76c7f86edcd2f56343e8109d8463cbc736644db4e57527101e2f1c3606c8,"{""distance"":5,""physical_error_rate"":0.0002}","{""detection_events"":102265,""detectors_checked"":123633664,""obs_mistake_mask=E"":1}"
    440320,         0,         0,    16.3,standalone_exact_mw,29ae76c7f86edcd2f56343e8109d8463cbc736644db4e57527101e2f1c3606c8,"{""distance"":5,""physical_error_rate"":0.0002}","{""detection_events"":82928,""detectors_checked"":98631680}"
    447488,         1,         0,    16.3,standalone_exact_mw,503ee55b5ad1b1988379a241a0405811522ee4d50b473755532ad1299cb121e2,"{""distance"":5,""physical_error_rate"":0.0005}","{""detection_events"":208269,""detectors_checked"":100237312,""obs_mistake_mask=E"":1}"
   3387392,         0,         0,   119.2,standalone_exact_mw,29ae76c7f86edcd2f56343e8109d8463cbc736644db4e57527101e2f1c3606c8,"{""distance"":5,""physical_error_rate"":0.0002}","{""detection_events"":630428,""detectors_checked"":758775808}"
    474112,         0,         0,    16.3,standalone_exact_mw,29ae76c7f86edcd2f56343e8109d8463cbc736644db4e57527101e2f1c3606c8,"{""distance"":5,""physical_error_rate"":0.0002}","{""detection_events"":88625,""detectors_checked"":106201088}"
    330752,         0,         0,    16.4,standalone_exact_mw,503ee55b5ad1b1988379a241a0405811522ee4d50b473755532ad1299cb121e2,"{""distance"":5,""physical_error_rate"":0.0005}","{""detection_events"":154193,""detectors_checked"":74088448}"
    452608,         0,         0,    16.3,standalone_exact_mw,29ae76c7f86edcd2f56343e8109d8463cbc736644db4e57527101e2f1c3606c8,"{""distance"":5,""physical_error_rate"":0.0002}","{""detection_events"":83951,""detectors_checked"":101384192}"
    603136,         0,         0,    16.4,standalone_exact_mw,cc9149276d16e61a5ac322a1d2048afebd34054fe0ed4879b77eb616628c1148,"{""distance"":5,""physical_error_rate"":0.0001}","{""detection_events"":56046,""detectors_checked"":135102464}"
   2803712,         4,         0,   119.3,standalone_exact_mw,503ee55b5ad1b1988379a241a0405811522ee4d50b473755532ad1299cb121e2,"{""distance"":5,""physical_error_rate"":0.0005}","{""detection_events"":1300301,""detectors_checked"":628031488,""obs_mistake_mask=E"":4}"
    287744,         0,         0,    16.4,standalone_exact_mw,503ee55b5ad1b1988379a241a0405811522ee4d50b473755532ad1299cb121e2,"{""distance"":5,""physical_error_rate"":0.0005}","{""detection_events"":133462,""detectors_checked"":64454656}"
    274432,         0,         0,    16.4,standalone_exact_mw,503ee55b5ad1b1988379a241a0405811522ee4d50b473755532ad1299cb121e2,"{""distance"":5,""physical_error_rate"":0.0005}","{""detection_events"":128154,""detectors_checked"":61472768}"
    335872,         1,         0,    16.3,standalone_exact_mw,503ee55b5ad1b1988379a241a0405811522ee4d50b473755532ad1299cb121e2,"{""distance"":5,""physical_error_rate"":0.0005}","{""detection_events"":157037,""detectors_checked"":75235328,""obs_mistake_mask=E"":1}"
    477184,         0,         0,    16.3,standalone_exact_mw,cc9149276d16e61a5ac322a1d2048afebd34054fe0ed4879b77eb616628c1148,"{""distance"":5,""physical_error_rate"":0.0001}","{""detection_events"":43802,""detectors_checked"":106889216}"
   3486720,         0,         0,   119.2,standalone_exact_mw,cc9149276d16e61a5ac322a1d2048afebd34054fe0ed4879b77eb616628c1148,"{""distance"":5,""physical_error_rate"":0.0001}","{""detection_events"":325714,""detectors_checked"":781025280}"
   2415616,         1,         0,   119.2,standalone_exact_mw,503ee55b5ad1b1988379a241a0405811522ee4d50b473755532ad1299cb121e2,"{""distance"":5,""physical_error_rate"":0.0005}","{""detection_events"":1123092,""detectors_checked"":541097984,""obs_mistake_mask=E"":1}"
    578560,         0,         0,    16.3,standalone_exact_mw,cc9149276d16e61a5ac322a1d2048afebd34054fe0ed4879b77eb616628c1148,"{""distance"":5,""physical_error_rate"":0.0001}","{""detection_events"":53505,""detectors_checked"":129597440}"
   3824640,         0,         0,   119.4,standalone_exact_mw,cc9149276d16e61a5ac322a1d2048afebd34054fe0ed4879b77eb616628c1148,"{""distance"":5,""physical_error_rate"":0.0001}","{""detection_events"":357691,""detectors_checked"":856719360}"
   3551232,         0,         0,   119.5,standalone_exact_mw,29ae76c7f86edcd2f56343e8109d8463cbc736644db4e57527101e2f1c3606c8,"{""distance"":5,""physical_error_rate"":0.0002}","{""detection_events"":662165,""detectors_checked"":795475968}"
   2678784,         0,         0,   119.4,standalone_exact_mw,503ee55b5ad1b1988379a241a0405811522ee4d50b473755532ad1299cb121e2,"{""distance"":5,""physical_error_rate"":0.0005}","{""detection_events"":1249812,""detectors_checked"":600047616}"
    731136,         0,         0,    22.9,standalone_exact_mw,503ee55b5ad1b1988379a241a0405811522ee4d50b473755532ad1299cb121e2,"{""distance"":5,""physical_error_rate"":0.0005}","{""detection_events"":340504,""detectors_checked"":163774464}"
   5212160,         0,         0,   119.3,standalone_exact_mw,29ae76c7f86edcd2f56343e8109d8463cbc736644db4e57527101e2f1c3606c8,"{""distance"":5,""physical_error_rate"":0.0002}","{""detection_events"":972420,""detectors_checked"":1167523840}"
    985088,         0,         0,    22.9,standalone_exact_mw,29ae76c7f86edcd2f56343e8109d8463cbc736644db4e57527101e2f1c3606c8,"{""distance"":5,""physical_error_rate"":0.0002}","{""detection_events"":183790,""detectors_checked"":220659712}"
    577536,         0,         0,    22.9,standalone_exact_mw,cc9149276d16e61a5ac322a1d2048afebd34054fe0ed4879b77eb616628c1148,"{""distance"":5,""physical_error_rate"":0.0001}","{""detection_events"":53648,""detectors_checked"":129368064}"
    508928,         0,         0,    22.7,standalone_exact_mw,cc9149276d16e61a5ac322a1d2048afebd34054fe0ed4879b77eb616628c1148,"{""distance"":5,""physical_error_rate"":0.0001}","{""detection_events"":48206,""detectors_checked"":113999872}"
    565248,         0,         0,    22.8,standalone_exact_mw,29ae76c7f86edcd2f56343e8109d8463cbc736644db4e57527101e2f1c3606c8,"{""distance"":5,""physical_error_rate"":0.0002}","{""detection_events"":105607,""detectors_checked"":126615552}"
    600064,         0,         0,    22.9,standalone_exact_mw,29ae76c7f86edcd2f56343e8109d8463cbc736644db4e57527101e2f1c3606c8,"{""distance"":5,""physical_error_rate"":0.0002}","{""detection_events"":111382,""detectors_checked"":134414336}"
   2325991,         0,         0,    42.3,standalone_exact_mw,cc9149276d16e61a5ac322a1d2048afebd34054fe0ed4879b77eb616628c1148,"{""distance"":5,""physical_error_rate"":0.0001}","{""detection_events"":216762,""detectors_checked"":521021984}"
   5015552,         0,         0,   103.3,standalone_exact_mw,cc9149276d16e61a5ac322a1d2048afebd34054fe0ed4879b77eb616628c1148,"{""distance"":5,""physical_error_rate"":0.0001}","{""detection_events"":466551,""detectors_checked"":1123483648}"
    822272,         0,         0,    22.9,standalone_exact_mw,503ee55b5ad1b1988379a241a0405811522ee4d50b473755532ad1299cb121e2,"{""distance"":5,""physical_error_rate"":0.0005}","{""detection_events"":383370,""detectors_checked"":184188928}"
   3564544,         0,         0,   119.1,standalone_exact_mw,cc9149276d16e61a5ac322a1d2048afebd34054fe0ed4879b77eb616628c1148,"{""distance"":5,""physical_error_rate"":0.0001}","{""detection_events"":333322,""detectors_checked"":798457856}"
    393216,         0,         0,    22.9,standalone_exact_mw,29ae76c7f86edcd2f56343e8109d8463cbc736644db4e57527101e2f1c3606c8,"{""distance"":5,""physical_error_rate"":0.0002}","{""detection_events"":73495,""detectors_checked"":88080384}"
    683008,         0,         0,    22.9,standalone_exact_mw,503ee55b5ad1b1988379a241a0405811522ee4d50b473755532ad1299cb121e2,"{""distance"":5,""physical_error_rate"":0.0005}","{""detection_events"":317338,""detectors_checked"":152993792}"
   3034112,         0,         0,   119.2,standalone_exact_mw,29ae76c7f86edcd2f56343e8109d8463cbc736644db4e57527101e2f1c3606c8,"{""distance"":5,""physical_error_rate"":0.0002}","{""detection_events"":564608,""detectors_checked"":679641088}"
    509952,         0,         0,    22.9,standalone_exact_mw,29ae76c7f86edcd2f56343e8109d8463cbc736644db4e57527101e2f1c3606c8,"{""distance"":5,""physical_error_rate"":0.0002}","{""detection_events"":95528,""detectors_checked"":114229248}"
   1050624,         0,         0,    22.8,standalone_exact_mw,cc9149276d16e61a5ac322a1d2048afebd34054fe0ed4879b77eb616628c1148,"{""distance"":5,""physical_error_rate"":0.0001}","{""detection_events"":97135,""detectors_checked"":235339776}"
    421888,         1,         0,    22.8,standalone_exact_mw,503ee55b5ad1b1988379a241a0405811522ee4d50b473755532ad1299cb121e2,"{""distance"":5,""physical_error_rate"":0.0005}","{""detection_events"":195991,""detectors_checked"":94502912,""obs_mistake_mask=E"":1}"
    409600,         0,         0,    22.8,standalone_exact_mw,503ee55b5ad1b1988379a241a0405811522ee4d50b473755532ad1299cb121e2,"{""distance"":5,""physical_error_rate"":0.0005}","{""detection_events"":189132,""detectors_checked"":91750400}"
    453632,         1,         0,    22.8,standalone_exact_mw,503ee55b5ad1b1988379a241a0405811522ee4d50b473755532ad1299cb121e2,"{""distance"":5,""physical_error_rate"":0.0005}","{""detection_events"":211622,""detectors_checked"":101613568,""obs_mistake_mask=E"":1}"
    658432,         0,         0,    22.8,standalone_exact_mw,cc9149276d16e61a5ac322a1d2048afebd34054fe0ed4879b77eb616628c1148,"{""distance"":5,""physical_error_rate"":0.0001}","{""detection_events"":61178,""detectors_checked"":147488768}"
    935936,         0,         0,    22.8,standalone_exact_mw,cc9149276d16e61a5ac322a1d2048afebd34054fe0ed4879b77eb616628c1148,"{""distance"":5,""physical_error_rate"":0.0001}","{""detection_events"":86374,""detectors_checked"":209649664}"
   2555904,         1,         0,   119.3,standalone_exact_mw,503ee55b5ad1b1988379a241a0405811522ee4d50b473755532ad1299cb121e2,"{""distance"":5,""physical_error_rate"":0.0005}","{""detection_events"":1190899,""detectors_checked"":572522496,""obs_mistake_mask=E"":1}"
   2545664,         0,         0,   119.2,standalone_exact_mw,29ae76c7f86edcd2f56343e8109d8463cbc736644db4e57527101e2f1c3606c8,"{""distance"":5,""physical_error_rate"":0.0002}","{""detection_events"":474270,""detectors_checked"":570228736}"
   3579904,         0,         0,   119.2,standalone_exact_mw,cc9149276d16e61a5ac322a1d2048afebd34054fe0ed4879b77eb616628c1148,"{""distance"":5,""physical_error_rate"":0.0001}","{""detection_events"":332970,""detectors_checked"":801898496}"
   3146752,         0,         0,   119.4,standalone_exact_mw,29ae76c7f86edcd2f56343e8109d8463cbc736644db4e57527101e2f1c3606c8,"{""distance"":5,""physical_error_rate"":0.0002}","{""detection_events"":587008,""detectors_checked"":704872448}"
   2348032,         2,         0,   119.3,standalone_exact_mw,503ee55b5ad1b1988379a241a0405811522ee4d50b473755532ad1299cb121e2,"{""distance"":5,""physical_error_rate"":0.0005}","{""detection_events"":1097391,""detectors_checked"":525959168,""obs_mistake_mask=E"":2}"
   3867648,         0,         0,   119.2,standalone_exact_mw,cc9149276d16e61a5ac322a1d2048afebd34054fe0ed4879b77eb616628c1148,"{""distance"":5,""physical_error_rate"":0.0001}","{""detection_events"":360223,""detectors_checked"":866353152}"
   3581952,         0,         0,   119.2,standalone_exact_mw,cc9149276d16e61a5ac322a1d2048afebd34054fe0ed4879b77eb616628c1148,"{""distance"":5,""physical_error_rate"":0.0001}","{""detection_events"":334748,""detectors_checked"":802357248}"
   3012608,         0,         0,   119.3,standalone_exact_mw,29ae76c7f86edcd2f56343e8109d8463cbc736644db4e57527101e2f1c3606c8,"{""distance"":5,""physical_error_rate"":0.0002}","{""detection_events"":560988,""detectors_checked"":674824192}"
   2643968,         0,         0,   119.5,standalone_exact_mw,503ee55b5ad1b1988379a241a0405811522ee4d50b473755532ad1299cb121e2,"{""distance"":5,""physical_error_rate"":0.0005}","{""detection_events"":1228914,""detectors_checked"":592248832}"
   2342912,         0,         0,   119.5,standalone_exact_mw,503ee55b5ad1b1988379a241a0405811522ee4d50b473755532ad1299cb121e2,"{""distance"":5,""physical_error_rate"":0.0005}","{""detection_events"":1090415,""detectors_checked"":524812288}"
   3509248,         0,         0,   119.3,standalone_exact_mw,29ae76c7f86edcd2f56343e8109d8463cbc736644db4e57527101e2f1c3606c8,"{""distance"":5,""physical_error_rate"":0.0002}","{""detection_events"":653256,""detectors_checked"":786071552}"
   4057088,         0,         0,   119.4,standalone_exact_mw,cc9149276d16e61a5ac322a1d2048afebd34054fe0ed4879b77eb616628c1148,"{""distance"":5,""physical_error_rate"":0.0001}","{""detection_events"":379692,""detectors_checked"":908787712}"
   2531328,         2,         0,   119.6,standalone_exact_mw,503ee55b5ad1b1988379a241a0405811522ee4d50b473755532ad1299cb121e2,"{""distance"":5,""physical_error_rate"":0.0005}","{""detection_events"":1175928,""detectors_checked"":567017472,""obs_mistake_mask=E"":2}"
   1095680,         1,         0,    32.0,standalone_exact_mw,503ee55b5ad1b1988379a241a0405811522ee4d50b473755532ad1299cb121e2,"{""distance"":5,""physical_error_rate"":0.0005}","{""detection_events"":507197,""detectors_checked"":245432320,""obs_mistake_mask=E"":1}"
   1490944,         0,         0,    32.0,standalone_exact_mw,29ae76c7f86edcd2f56343e8109d8463cbc736644db4e57527101e2f1c3606c8,"{""distance"":5,""physical_error_rate"":0.0002}","{""detection_events"":277931,""detectors_checked"":333971456}"
    884736,         0,         0,    32.0,standalone_exact_mw,cc9149276d16e61a5ac322a1d2048afebd34054fe0ed4879b77eb616628c1148,"{""distance"":5,""physical_error_rate"":0.0001}","{""detection_events"":82174,""detectors_checked"":198180864}"
    912384,         0,         0,    31.9,standalone_exact_mw,cc9149276d16e61a5ac322a1d2048afebd34054fe0ed4879b77eb616628c1148,"{""distance"":5,""physical_error_rate"":0.0001}","{""detection_events"":84321,""detectors_checked"":204374016}"
    817152,         0,         0,    31.9,standalone_exact_mw,29ae76c7f86edcd2f56343e8109d8463cbc736644db4e57527101e2f1c3606c8,"{""distance"":5,""physical_error_rate"":0.0002}","{""detection_events"":151285,""detectors_checked"":183042048}"
    829440,         0,         0,    32.0,standalone_exact_mw,29ae76c7f86edcd2f56343e8109d8463cbc736644db4e57527101e2f1c3606c8,"{""distance"":5,""physical_error_rate"":0.0002}","{""detection_events"":154668,""detectors_checked"":185794560}"
    995328,         0,         0,    32.0,standalone_exact_mw,503ee55b5ad1b1988379a241a0405811522ee4d50b473755532ad1299cb121e2,"{""distance"":5,""physical_error_rate"":0.0005}","{""detection_events"":462963,""detectors_checked"":222953472}"
    887808,         0,         0,    32.0,standalone_exact_mw,29ae76c7f86edcd2f56343e8109d8463cbc736644db4e57527101e2f1c3606c8,"{""distance"":5,""physical_error_rate"":0.0002}","{""detection_events"":165219,""detectors_checked"":198868992}"
    535552,         0,         0,    32.0,standalone_exact_mw,503ee55b5ad1b1988379a241a0405811522ee4d50b473755532ad1299cb121e2,"{""distance"":5,""physical_error_rate"":0.0005}","{""detection_events"":249358,""detectors_checked"":119963648}"
   1212416,         0,         0,    32.0,standalone_exact_mw,29ae76c7f86edcd2f56343e8109d8463cbc736644db4e57527101e2f1c3606c8,"{""distance"":5,""physical_error_rate"":0.0002}","{""detection_events"":224803,""detectors_checked"":271581184}"
   1273856,         0,         0,    31.9,standalone_exact_mw,cc9149276d16e61a5ac322a1d2048afebd34054fe0ed4879b77eb616628c1148,"{""distance"":5,""physical_error_rate"":0.0001}","{""detection_events"":119446,""detectors_checked"":285343744}"
    559104,         1,         0,    32.1,standalone_exact_mw,503ee55b5ad1b1988379a241a0405811522ee4d50b473755532ad1299cb121e2,"{""distance"":5,""physical_error_rate"":0.0005}","{""detection_events"":258325,""detectors_checked"":125239296,""obs_mistake_mask=E"":1}"
    708608,         0,         0,    32.1,standalone_exact_mw,503ee55b5ad1b1988379a241a0405811522ee4d50b473755532ad1299cb121e2,"{""distance"":5,""physical_error_rate"":0.0005}","{""detection_events"":327738,""detectors_checked"":158728192}"
    929792,         0,         0,    31.9,standalone_exact_mw,cc9149276d16e61a5ac322a1d2048afebd34054fe0ed4879b77eb616628c1148,"{""distance"":5,""physical_error_rate"":0.0001}","{""detection_events"":86338,""detectors_checked"":208273408}"
    630784,         0,         0,    32.0,standalone_exact_mw,503ee55b5ad1b1988379a241a0405811522ee4d50b473755532ad1299cb121e2,"{""distance"":5,""physical_error_rate"":0.0005}","{""detection_events"":293877,""detectors_checked"":141295616}"
    485279,         0,         0,    16.7,standalone_exact_mw,cc9149276d16e61a5ac322a1d2048afebd34054fe0ed4879b77eb616628c1148,"{""distance"":5,""physical_error_rate"":0.0001}","{""detection_events"":44308,""detectors_checked"":108702496}"
   3353600,         0,         0,   115.7,standalone_exact_mw,cc9149276d16e61a5ac322a1d2048afebd34054fe0ed4879b77eb616628c1148,"{""distance"":5,""physical_error_rate"":0.0001}","{""detection_events"":313860,""detectors_checked"":751206400}"
   3343360,         0,         0,   109.1,standalone_exact_mw,cc9149276d16e61a5ac322a1d2048afebd34054fe0ed4879b77eb616628c1148,"{""distance"":5,""physical_error_rate"":0.0001}","{""detection_events"":310928,""detectors_checked"":748912640}"
   1112064,         0,         0,    32.0,standalone_exact_mw,cc9149276d16e61a5ac322a1d2048afebd34054fe0ed4879b77eb616628c1148,"{""distance"":5,""physical_error_rate"":0.0001}","{""detection_events"":104197,""detectors_checked"":249102336}"
   3166208,         1,         0,   119.4,standalone_exact_mw,29ae76c7f86edcd2f56343e8109d8463cbc736644db4e57527101e2f1c3606c8,"{""distance"":5,""physical_error_rate"":0.0002}","{""detection_events"":588774,""detectors_checked"":709230592,""obs_mistake_mask=E"":1}"
   3279934,         1,         0,   112.6,standalone_exact_mw,cc9149276d16e61a5ac322a1d2048afebd34054fe0ed4879b77eb616628c1148,"{""distance"":5,""physical_error_rate"":0.0001}","{""detection_events"":304918,""detectors_checked"":734705216,""obs_mistake_mask=E"":1}"
   3045376,         0,         0,    88.2,standalone_exact_mw,cc9149276d16e61a5ac322a1d2048afebd34054fe0ed4879b77eb616628c1148,"{""distance"":5,""physical_error_rate"":0.0001}","{""detection_events"":283489,""detectors_checked"":682164224}"
   2433024,         0,         0,   119.2,standalone_exact_mw,503ee55b5ad1b1988379a241a0405811522ee4d50b473755532ad1299cb121e2,"{""distance"":5,""physical_error_rate"":0.0005}","{""detection_events"":1133075,""detectors_checked"":544997376}"
   3216384,         1,         0,   119.4,standalone_exact_mw,29ae76c7f86edcd2f56343e8109d8463cbc736644db4e57527101e2f1c3606c8,"{""distance"":5,""physical_error_rate"":0.0002}","{""detection_events"":600847,""detectors_checked"":720470016,""obs_mistake_mask=E"":1}"
   3064832,         0,         0,   119.2,standalone_exact_mw,29ae76c7f86edcd2f56343e8109d8463cbc736644db4e57527101e2f1c3606c8,"{""distance"":5,""physical_error_rate"":0.0002}","{""detection_events"":571325,""detectors_checked"":686522368}"
   2394112,         2,         0,   119.4,standalone_exact_mw,503ee55b5ad1b1988379a241a0405811522ee4d50b473755532ad1299cb121e2,"{""distance"":5,""physical_error_rate"":0.0005}","{""detection_events"":1115009,""detectors_checked"":536281088,""obs_mistake_mask=E"":2}"
   2704384,         0,         0,   119.2,standalone_exact_mw,503ee55b5ad1b1988379a241a0405811522ee4d50b473755532ad1299cb121e2,"{""distance"":5,""physical_error_rate"":0.0005}","{""detection_events"":1260164,""detectors_checked"":605782016}"
    234558,         0,         0,    8.13,standalone_exact_mw,cc9149276d16e61a5ac322a1d2048afebd34054fe0ed4879b77eb616628c1148,"{""distance"":5,""physical_error_rate"":0.0001}","{""detection_events"":21507,""detectors_checked"":52540992}"
   2699264,         0,         0,    56.9,standalone_exact_mw,cc9149276d16e61a5ac322a1d2048afebd34054fe0ed4879b77eb616628c1148,"{""distance"":5,""physical_error_rate"":0.0001}","{""detection_events"":252680,""detectors_checked"":604635136}"
   2741248,         0,         0,    96.4,standalone_exact_mw,cc9149276d16e61a5ac322a1d2048afebd34054fe0ed4879b77eb616628c1148,"{""distance"":5,""physical_error_rate"":0.0001}","{""detection_events"":255222,""detectors_checked"":614039552}"
   2618368,         0,         0,    96.6,standalone_exact_mw,cc9149276d16e61a5ac322a1d2048afebd34054fe0ed4879b77eb616628c1148,"{""distance"":5,""physical_error_rate"":0.0001}","{""detection_events"":243379,""detectors_checked"":586514432}"
   2600960,         0,         0,    89.6,standalone_exact_mw,cc9149276d16e61a5ac322a1d2048afebd34054fe0ed4879b77eb616628c1148,"{""distance"":5,""physical_error_rate"":0.0001}","{""detection_events"":242813,""detectors_checked"":582615040}"
   2595701,         0,         0,    61.6,standalone_exact_mw,cc9149276d16e61a5ac322a1d2048afebd34054fe0ed4879b77eb616628c1148,"{""distance"":5,""physical_error_rate"":0.0001}","{""detection_events"":241537,""detectors_checked"":581437024}"
   2235392,         0,         0,    78.8,standalone_exact_mw,cc9149276d16e61a5ac322a1d2048afebd34054fe0ed4879b77eb616628c1148,"{""distance"":5,""physical_error_rate"":0.0001}","{""detection_events"":208281,""detectors_checked"":500727808}"
   2398208,         0,         0,    73.7,standalone_exact_mw,cc9149276d16e61a5ac322a1d2048afebd34054fe0ed4879b77eb616628c1148,"{""distance"":5,""physical_error_rate"":0.0001}","{""detection_events"":224172,""detectors_checked"":537198592}"
   1964485,         0,         0,    63.6,standalone_exact_mw,cc9149276d16e61a5ac322a1d2048afebd34054fe0ed4879b77eb616628c1148,"{""distance"":5,""physical_error_rate"":0.0001}","{""detection_events"":182402,""detectors_checked"":440044640}"
   5330944,         5,         0,   119.5,standalone_exact_mw,503ee55b5ad1b1988379a241a0405811522ee4d50b473755532ad1299cb121e2,"{""distance"":5,""physical_error_rate"":0.0005}","{""detection_events"":2479483,""detectors_checked"":1194131456,""obs_mistake_mask=E"":5}"
   1506304,         2,         0,    44.7,standalone_exact_mw,503ee55b5ad1b1988379a241a0405811522ee4d50b473755532ad1299cb121e2,"{""distance"":5,""physical_error_rate"":0.0005}","{""detection_events"":700292,""detectors_checked"":337412096,""obs_mistake_mask=E"":2}"
   1650290,         0,         0,    38.6,standalone_exact_mw,cc9149276d16e61a5ac322a1d2048afebd34054fe0ed4879b77eb616628c1148,"{""distance"":5,""physical_error_rate"":0.0001}","{""detection_events"":155300,""detectors_checked"":369664960}"
   1537024,         0,         0,    44.7,standalone_exact_mw,29ae76c7f86edcd2f56343e8109d8463cbc736644db4e57527101e2f1c3606c8,"{""distance"":5,""physical_error_rate"":0.0002}","{""detection_events"":285722,""detectors_checked"":344293376}"
   1571705,         0,         0,    54.0,standalone_exact_mw,cc9149276d16e61a5ac322a1d2048afebd34054fe0ed4879b77eb616628c1148,"{""distance"":5,""physical_error_rate"":0.0001}","{""detection_events"":145942,""detectors_checked"":352061920}"
   1549312,         0,         0,    48.3,standalone_exact_mw,cc9149276d16e61a5ac322a1d2048afebd34054fe0ed4879b77eb616628c1148,"{""distance"":5,""physical_error_rate"":0.0001}","{""detection_events"":144581,""detectors_checked"":347045888}"
   1496862,         0,         0,    51.0,standalone_exact_mw,cc9149276d16e61a5ac322a1d2048afebd34054fe0ed4879b77eb616628c1148,"{""distance"":5,""physical_error_rate"":0.0001}","{""detection_events"":139464,""detectors_checked"":335297088}"
   1355776,         0,         0,    43.1,standalone_exact_mw,cc9149276d16e61a5ac322a1d2048afebd34054fe0ed4879b77eb616628c1148,"{""distance"":5,""physical_error_rate"":0.0001}","{""detection_events"":125826,""detectors_checked"":303693824}"
   1255424,         0,         0,    44.7,standalone_exact_mw,cc9149276d16e61a5ac322a1d2048afebd34054fe0ed4879b77eb616628c1148,"{""distance"":5,""physical_error_rate"":0.0001}","{""detection_events"":117343,""detectors_checked"":281214976}"
   1275904,         0,         0,    44.8,standalone_exact_mw,29ae76c7f86edcd2f56343e8109d8463cbc736644db4e57527101e2f1c3606c8,"{""distance"":5,""physical_error_rate"":0.0002}","{""detection_events"":237675,""detectors_checked"":285802496}"
   1164288,         0,         0,    44.8,standalone_exact_mw,29ae76c7f86edcd2f56343e8109d8463cbc736644db4e57527101e2f1c3606c8,"{""distance"":5,""physical_error_rate"":0.0002}","{""detection_events"":217621,""detectors_checked"":260800512}"
   1145856,         0,         0,    44.8,standalone_exact_mw,503ee55b5ad1b1988379a241a0405811522ee4d50b473755532ad1299cb121e2,"{""distance"":5,""physical_error_rate"":0.0005}","{""detection_events"":532250,""detectors_checked"":256671744}"
   1351806,         0,         0,    38.3,standalone_exact_mw,cc9149276d16e61a5ac322a1d2048afebd34054fe0ed4879b77eb616628c1148,"{""distance"":5,""physical_error_rate"":0.0001}","{""detection_events"":125883,""detectors_checked"":302804544}"
   1184768,         0,         0,    35.8,standalone_exact_mw,cc9149276d16e61a5ac322a1d2048afebd34054fe0ed4879b77eb616628c1148,"{""distance"":5,""physical_error_rate"":0.0001}","{""detection_events"":109321,""detectors_checked"":265388032}"
   1299456,         0,         0,    41.3,standalone_exact_mw,cc9149276d16e61a5ac322a1d2048afebd34054fe0ed4879b77eb616628c1148,"{""distance"":5,""physical_error_rate"":0.0001}","{""detection_events"":122298,""detectors_checked"":291078144}"
   1544192,         0,         0,    44.7,standalone_exact_mw,29ae76c7f86edcd2f56343e8109d8463cbc736644db4e57527101e2f1c3606c8,"{""distance"":5,""physical_error_rate"":0.0002}","{""detection_events"":288185,""detectors_checked"":345899008}"
   1071104,         0,         0,    44.8,standalone_exact_mw,503ee55b5ad1b1988379a241a0405811522ee4d50b473755532ad1299cb121e2,"{""distance"":5,""physical_error_rate"":0.0005}","{""detection_events"":501243,""detectors_checked"":239927296}"
   1370112,         0,         0,    44.7,standalone_exact_mw,29ae76c7f86edcd2f56343e8109d8463cbc736644db4e57527101e2f1c3606c8,"{""distance"":5,""physical_error_rate"":0.0002}","{""detection_events"":253882,""detectors_checked"":306905088}"
   1163092,         0,         0,    40.0,standalone_exact_mw,cc9149276d16e61a5ac322a1d2048afebd34054fe0ed4879b77eb616628c1148,"{""distance"":5,""physical_error_rate"":0.0001}","{""detection_events"":107686,""detectors_checked"":260532608}"
    989410,         0,         0,    40.4,standalone_exact_mw,cc9149276d16e61a5ac322a1d2048afebd34054fe0ed4879b77eb616628c1148,"{""distance"":5,""physical_error_rate"":0.0001}","{""detection_events"":91923,""detectors_checked"":221627840}"
    978944,         0,         0,    30.6,standalone_exact_mw,cc9149276d16e61a5ac322a1d2048afebd34054fe0ed4879b77eb616628c1148,"{""distance"":5,""physical_error_rate"":0.0001}","{""detection_events"":90936,""detectors_checked"":219283456}"
   1065984,         0,         0,    44.8,standalone_exact_mw,503ee55b5ad1b1988379a241a0405811522ee4d50b473755532ad1299cb121e2,"{""distance"":5,""physical_error_rate"":0.0005}","{""detection_events"":498050,""detectors_checked"":238780416}"
   3072000,         0,         0,   119.3,standalone_exact_mw,29ae76c7f86edcd2f56343e8109d8463cbc736644db4e57527101e2f1c3606c8,"{""distance"":5,""physical_error_rate"":0.0002}","{""detection_events"":573116,""detectors_checked"":688128000}"
   1041408,         0,         0,    44.8,standalone_exact_mw,503ee55b5ad1b1988379a241a0405811522ee4d50b473755532ad1299cb121e2,"{""distance"":5,""physical_error_rate"":0.0005}","{""detection_events"":485393,""detectors_checked"":233275392}"
    942295,         0,         0,    23.3,standalone_exact_mw,cc9149276d16e61a5ac322a1d2048afebd34054fe0ed4879b77eb616628c1148,"{""distance"":5,""physical_error_rate"":0.0001}","{""detection_events"":87826,""detectors_checked"":211074080}"
   2716672,         2,         0,   119.4,standalone_exact_mw,503ee55b5ad1b1988379a241a0405811522ee4d50b473755532ad1299cb121e2,"{""distance"":5,""physical_error_rate"":0.0005}","{""detection_events"":1260839,""detectors_checked"":608534528,""obs_mistake_mask=E"":2}"
   2486272,         0,         0,   119.3,standalone_exact_mw,503ee55b5ad1b1988379a241a0405811522ee4d50b473755532ad1299cb121e2,"{""distance"":5,""physical_error_rate"":0.0005}","{""detection_events"":1157027,""detectors_checked"":556924928}"
   1003520,         0,         0,    44.8,standalone_exact_mw,503ee55b5ad1b1988379a241a0405811522ee4d50b473755532ad1299cb121e2,"{""distance"":5,""physical_error_rate"":0.0005}","{""detection_events"":466959,""detectors_checked"":224788480}"
   2553856,         1,         0,   119.5,standalone_exact_mw,503ee55b5ad1b1988379a241a0405811522ee4d50b473755532ad1299cb121e2,"{""distance"":5,""physical_error_rate"":0.0005}","{""detection_events"":1190255,""detectors_checked"":572063744,""obs_mistake_mask=E"":1}"
    850807,         0,         0,    25.3,standalone_exact_mw,cc9149276d16e61a5ac322a1d2048afebd34054fe0ed4879b77eb616628c1148,"{""distance"":5,""physical_error_rate"":0.0001}","{""detection_events"":78971,""detectors_checked"":190580768}"
    810293,         0,         0,    25.7,standalone_exact_mw,cc9149276d16e61a5ac322a1d2048afebd34054fe0ed4879b77eb616628c1148,"{""distance"":5,""physical_error_rate"":0.0001}","{""detection_events"":75017,""detectors_checked"":181505632}"
    779264,         0,         0,    21.3,standalone_exact_mw,cc9149276d16e61a5ac322a1d2048afebd34054fe0ed4879b77eb616628c1148,"{""distance"":5,""physical_error_rate"":0.0001}","{""detection_events"":72615,""detectors_checked"":174555136}"
    778240,         0,         0,    25.7,standalone_exact_mw,cc9149276d16e61a5ac322a1d2048afebd34054fe0ed4879b77eb616628c1148,"{""distance"":5,""physical_error_rate"":0.0001}","{""detection_events"":72222,""detectors_checked"":174325760}"
    771707,         0,         0,    26.8,standalone_exact_mw,cc9149276d16e61a5ac322a1d2048afebd34054fe0ed4879b77eb616628c1148,"{""distance"":5,""physical_error_rate"":0.0001}","{""detection_events"":72560,""detectors_checked"":172862368}"
    663552,         0,         0,    22.3,standalone_exact_mw,cc9149276d16e61a5ac322a1d2048afebd34054fe0ed4879b77eb616628c1148,"{""distance"":5,""physical_error_rate"":0.0001}","{""detection_events"":61606,""detectors_checked"":148635648}"
    660793,         0,         0,    22.7,standalone_exact_mw,cc9149276d16e61a5ac322a1d2048afebd34054fe0ed4879b77eb616628c1148,"{""distance"":5,""physical_error_rate"":0.0001}","{""detection_events"":61580,""detectors_checked"":148017632}"
    646144,         0,         0,    19.8,standalone_exact_mw,cc9149276d16e61a5ac322a1d2048afebd34054fe0ed4879b77eb616628c1148,"{""distance"":5,""physical_error_rate"":0.0001}","{""detection_events"":60262,""detectors_checked"":144736256}"
    597729,         0,         0,    11.9,standalone_exact_mw,cc9149276d16e61a5ac322a1d2048afebd34054fe0ed4879b77eb616628c1148,"{""distance"":5,""physical_error_rate"":0.0001}","{""detection_events"":56218,""detectors_checked"":133891296}"
   2503680,         1,         0,   119.6,standalone_exact_mw,503ee55b5ad1b1988379a241a0405811522ee4d50b473755532ad1299cb121e2,"{""distance"":5,""physical_error_rate"":0.0005}","{""detection_events"":1163400,""detectors_checked"":560824320,""obs_mistake_mask=E"":1}"
   3046400,         0,         0,   119.3,standalone_exact_mw,29ae76c7f86edcd2f56343e8109d8463cbc736644db4e57527101e2f1c3606c8,"{""distance"":5,""physical_error_rate"":0.0002}","{""detection_events"":567373,""detectors_checked"":682393600}"
   3056640,         0,         0,   119.1,standalone_exact_mw,29ae76c7f86edcd2f56343e8109d8463cbc736644db4e57527101e2f1c3606c8,"{""distance"":5,""physical_error_rate"":0.0002}","{""detection_events"":570524,""detectors_checked"":684687360}"
    538497,         0,         0,    8.47,standalone_exact_mw,cc9149276d16e61a5ac322a1d2048afebd34054fe0ed4879b77eb616628c1148,"{""distance"":5,""physical_error_rate"":0.0001}","{""detection_events"":50147,""detectors_checked"":120623328}"
    512854,         0,         0,    17.0,standalone_exact_mw,cc9149276d16e61a5ac322a1d2048afebd34054fe0ed4879b77eb616628c1148,"{""distance"":5,""physical_error_rate"":0.0001}","{""detection_events"":48521,""detectors_checked"":114879296}"
    501760,         0,         0,    16.4,standalone_exact_mw,cc9149276d16e61a5ac322a1d2048afebd34054fe0ed4879b77eb616628c1148,"{""distance"":5,""physical_error_rate"":0.0001}","{""detection_events"":47111,""detectors_checked"":112394240}"
    489472,         0,         0,    14.2,standalone_exact_mw,cc9149276d16e61a5ac322a1d2048afebd34054fe0ed4879b77eb616628c1148,"{""distance"":5,""physical_error_rate"":0.0001}","{""detection_events"":45925,""detectors_checked"":109641728}"
   4071424,         0,         0,   119.3,standalone_exact_mw,29ae76c7f86edcd2f56343e8109d8463cbc736644db4e57527101e2f1c3606c8,"{""distance"":5,""physical_error_rate"":0.0002}","{""detection_events"":760575,""detectors_checked"":911998976}"
    488432,         0,         0,    18.0,standalone_exact_mw,cc9149276d16e61a5ac322a1d2048afebd34054fe0ed4879b77eb616628c1148,"{""distance"":5,""physical_error_rate"":0.0001}","{""detection_events"":45560,""detectors_checked"":109408768}"
    433152,         0,         0,    13.7,standalone_exact_mw,cc9149276d16e61a5ac322a1d2048afebd34054fe0ed4879b77eb616628c1148,"{""distance"":5,""physical_error_rate"":0.0001}","{""detection_events"":39185,""detectors_checked"":97026048}"
    429056,         0,         0,    15.8,standalone_exact_mw,cc9149276d16e61a5ac322a1d2048afebd34054fe0ed4879b77eb616628c1148,"{""distance"":5,""physical_error_rate"":0.0001}","{""detection_events"":39981,""detectors_checked"":96108544}"
    422912,         0,         0,    8.20,standalone_exact_mw,cc9149276d16e61a5ac322a1d2048afebd34054fe0ed4879b77eb616628c1148,"{""distance"":5,""physical_error_rate"":0.0001}","{""detection_events"":39594,""detectors_checked"":94732288}"
    435200,         0,         0,    15.8,standalone_exact_mw,cc9149276d16e61a5ac322a1d2048afebd34054fe0ed4879b77eb616628c1148,"{""distance"":5,""physical_error_rate"":0.0001}","{""detection_events"":40977,""detectors_checked"":97484800}"
    461824,         0,         0,    18.9,standalone_exact_mw,cc9149276d16e61a5ac322a1d2048afebd34054fe0ed4879b77eb616628c1148,"{""distance"":5,""physical_error_rate"":0.0001}","{""detection_events"":43409,""detectors_checked"":103448576}"
    417972,         0,         0,    16.9,standalone_exact_mw,cc9149276d16e61a5ac322a1d2048afebd34054fe0ed4879b77eb616628c1148,"{""distance"":5,""physical_error_rate"":0.0001}","{""detection_events"":39223,""detectors_checked"":93625728}"
    382976,         0,         0,    13.8,standalone_exact_mw,cc9149276d16e61a5ac322a1d2048afebd34054fe0ed4879b77eb616628c1148,"{""distance"":5,""physical_error_rate"":0.0001}","{""detection_events"":35536,""detectors_checked"":85786624}"
    309248,         0,         0,    4.52,standalone_exact_mw,cc9149276d16e61a5ac322a1d2048afebd34054fe0ed4879b77eb616628c1148,"{""distance"":5,""physical_error_rate"":0.0001}","{""detection_events"":28818,""detectors_checked"":69271552}"
    300032,         0,         0,    10.5,standalone_exact_mw,cc9149276d16e61a5ac322a1d2048afebd34054fe0ed4879b77eb616628c1148,"{""distance"":5,""physical_error_rate"":0.0001}","{""detection_events"":27911,""detectors_checked"":67207168}"
    326656,         0,         0,    10.4,standalone_exact_mw,cc9149276d16e61a5ac322a1d2048afebd34054fe0ed4879b77eb616628c1148,"{""distance"":5,""physical_error_rate"":0.0001}","{""detection_events"":30004,""detectors_checked"":73170944}"
    317440,         0,         0,    10.9,standalone_exact_mw,cc9149276d16e61a5ac322a1d2048afebd34054fe0ed4879b77eb616628c1148,"{""distance"":5,""physical_error_rate"":0.0001}","{""detection_events"":29718,""detectors_checked"":71106560}"
    416768,         0,         0,    14.1,standalone_exact_mw,cc9149276d16e61a5ac322a1d2048afebd34054fe0ed4879b77eb616628c1148,"{""distance"":5,""physical_error_rate"":0.0001}","{""detection_events"":39058,""detectors_checked"":93356032}"
    400384,         0,         0,    10.5,standalone_exact_mw,cc9149276d16e61a5ac322a1d2048afebd34054fe0ed4879b77eb616628c1148,"{""distance"":5,""physical_error_rate"":0.0001}","{""detection_events"":37750,""detectors_checked"":89686016}"
    303104,         0,         0,    9.48,standalone_exact_mw,cc9149276d16e61a5ac322a1d2048afebd34054fe0ed4879b77eb616628c1148,"{""distance"":5,""physical_error_rate"":0.0001}","{""detection_events"":28017,""detectors_checked"":67895296}"
    294157,         0,         0,    9.78,standalone_exact_mw,cc9149276d16e61a5ac322a1d2048afebd34054fe0ed4879b77eb616628c1148,"{""distance"":5,""physical_error_rate"":0.0001}","{""detection_events"":27796,""detectors_checked"":65891168}"
    269312,         0,         0,    9.36,standalone_exact_mw,cc9149276d16e61a5ac322a1d2048afebd34054fe0ed4879b77eb616628c1148,"{""distance"":5,""physical_error_rate"":0.0001}","{""detection_events"":24823,""detectors_checked"":60325888}"
    260096,         0,         0,    9.31,standalone_exact_mw,cc9149276d16e61a5ac322a1d2048afebd34054fe0ed4879b77eb616628c1148,"{""distance"":5,""physical_error_rate"":0.0001}","{""detection_events"":24438,""detectors_checked"":58261504}"
    108724,         0,         0,    1.45,standalone_exact_mw,cc9149276d16e61a5ac322a1d2048afebd34054fe0ed4879b77eb616628c1148,"{""distance"":5,""physical_error_rate"":0.0001}","{""detection_events"":10182,""detectors_checked"":24354176}"
    128000,         0,         0,    3.34,standalone_exact_mw,cc9149276d16e61a5ac322a1d2048afebd34054fe0ed4879b77eb616628c1148,"{""distance"":5,""physical_error_rate"":0.0001}","{""detection_events"":12239,""detectors_checked"":28672000}"
     34061,         0,         0,    1.00,standalone_exact_mw,cc9149276d16e61a5ac322a1d2048afebd34054fe0ed4879b77eb616628c1148,"{""distance"":5,""physical_error_rate"":0.0001}","{""detection_events"":3376,""detectors_checked"":7629664}"
    118495,         0,         0,    3.71,standalone_exact_mw,cc9149276d16e61a5ac322a1d2048afebd34054fe0ed4879b77eb616628c1148,"{""distance"":5,""physical_error_rate"":0.0001}","{""detection_events"":11146,""detectors_checked"":26542880}"
    113664,         0,         0,    3.76,standalone_exact_mw,cc9149276d16e61a5ac322a1d2048afebd34054fe0ed4879b77eb616628c1148,"{""distance"":5,""physical_error_rate"":0.0001}","{""detection_events"":10657,""detectors_checked"":25460736}"
    105135,         0,         0,    2.56,standalone_exact_mw,cc9149276d16e61a5ac322a1d2048afebd34054fe0ed4879b77eb616628c1148,"{""distance"":5,""physical_error_rate"":0.0001}","{""detection_events"":9699,""detectors_checked"":23550240}"
    105135,         0,         0,    2.57,standalone_exact_mw,cc9149276d16e61a5ac322a1d2048afebd34054fe0ed4879b77eb616628c1148,"{""distance"":5,""physical_error_rate"":0.0001}","{""detection_events"":9773,""detectors_checked"":23550240}"
     92160,         0,         0,    2.45,standalone_exact_mw,cc9149276d16e61a5ac322a1d2048afebd34054fe0ed4879b77eb616628c1148,"{""distance"":5,""physical_error_rate"":0.0001}","{""detection_events"":8701,""detectors_checked"":20643840}"
     94716,         0,         0,    2.52,standalone_exact_mw,cc9149276d16e61a5ac322a1d2048afebd34054fe0ed4879b77eb616628c1148,"{""distance"":5,""physical_error_rate"":0.0001}","{""detection_events"":8953,""detectors_checked"":21216384}"
     90112,         0,         0,    2.60,standalone_exact_mw,cc9149276d16e61a5ac322a1d2048afebd34054fe0ed4879b77eb616628c1148,"{""distance"":5,""physical_error_rate"":0.0001}","{""detection_events"":8372,""detectors_checked"":20185088}"
     86016,         0,         0,    2.50,standalone_exact_mw,cc9149276d16e61a5ac322a1d2048afebd34054fe0ed4879b77eb616628c1148,"{""distance"":5,""physical_error_rate"":0.0001}","{""detection_events"":7820,""detectors_checked"":19267584}"
     80811,         0,         0,    2.62,standalone_exact_mw,cc9149276d16e61a5ac322a1d2048afebd34054fe0ed4879b77eb616628c1148,"{""distance"":5,""physical_error_rate"":0.0001}","{""detection_events"":7759,""detectors_checked"":18101664}"
     73728,         0,         0,    2.46,standalone_exact_mw,cc9149276d16e61a5ac322a1d2048afebd34054fe0ed4879b77eb616628c1148,"{""distance"":5,""physical_error_rate"":0.0001}","{""detection_events"":6754,""detectors_checked"":16515072}"
     71680,         0,         0,    2.49,standalone_exact_mw,cc9149276d16e61a5ac322a1d2048afebd34054fe0ed4879b77eb616628c1148,"{""distance"":5,""physical_error_rate"":0.0001}","{""detection_events"":6679,""detectors_checked"":16056320}"
     80811,         0,         0,    2.46,standalone_exact_mw,cc9149276d16e61a5ac322a1d2048afebd34054fe0ed4879b77eb616628c1148,"{""distance"":5,""physical_error_rate"":0.0001}","{""detection_events"":7334,""detectors_checked"":18101664}"
     68576,         0,         0,    2.06,standalone_exact_mw,cc9149276d16e61a5ac322a1d2048afebd34054fe0ed4879b77eb616628c1148,"{""distance"":5,""physical_error_rate"":0.0001}","{""detection_events"":6443,""detectors_checked"":15361024}"
     75776,         0,         0,    2.44,standalone_exact_mw,cc9149276d16e61a5ac322a1d2048afebd34054fe0ed4879b77eb616628c1148,"{""distance"":5,""physical_error_rate"":0.0001}","{""detection_events"":7332,""detectors_checked"":16973824}"
     82944,         0,         0,    2.61,standalone_exact_mw,cc9149276d16e61a5ac322a1d2048afebd34054fe0ed4879b77eb616628c1148,"{""distance"":5,""physical_error_rate"":0.0001}","{""detection_events"":7742,""detectors_checked"":18579456}"
     70656,         0,         0,    2.14,standalone_exact_mw,cc9149276d16e61a5ac322a1d2048afebd34054fe0ed4879b77eb616628c1148,"{""distance"":5,""physical_error_rate"":0.0001}","{""detection_events"":6654,""detectors_checked"":15826944}"
     80811,         0,         0,    2.55,standalone_exact_mw,cc9149276d16e61a5ac322a1d2048afebd34054fe0ed4879b77eb616628c1148,"{""distance"":5,""physical_error_rate"":0.0001}","{""detection_events"":7438,""detectors_checked"":18101664}"
     74752,         0,         0,    2.55,standalone_exact_mw,cc9149276d16e61a5ac322a1d2048afebd34054fe0ed4879b77eb616628c1148,"{""distance"":5,""physical_error_rate"":0.0001}","{""detection_events"":6845,""detectors_checked"":16744448}"
     44032,         0,         0,    1.09,standalone_exact_mw,cc9149276d16e61a5ac322a1d2048afebd34054fe0ed4879b77eb616628c1148,"{""distance"":5,""physical_error_rate"":0.0001}","{""detection_events"":4232,""detectors_checked"":9863168}"
     67584,         0,         0,    1.13,standalone_exact_mw,cc9149276d16e61a5ac322a1d2048afebd34054fe0ed4879b77eb616628c1148,"{""distance"":5,""physical_error_rate"":0.0001}","{""detection_events"":6130,""detectors_checked"":15138816}"
     44032,         0,         0,    1.13,standalone_exact_mw,cc9149276d16e61a5ac322a1d2048afebd34054fe0ed4879b77eb616628c1148,"{""distance"":5,""physical_error_rate"":0.0001}","{""detection_events"":4019,""detectors_checked"":9863168}"
   3323904,         0,         0,   119.4,standalone_exact_mw,29ae76c7f86edcd2f56343e8109d8463cbc736644db4e57527101e2f1c3606c8,"{""distance"":5,""physical_error_rate"":0.0002}","{""detection_events"":621534,""detectors_checked"":744554496}"
     18981,         0,         0,   0.454,standalone_exact_mw,cc9149276d16e61a5ac322a1d2048afebd34054fe0ed4879b77eb616628c1148,"{""distance"":5,""physical_error_rate"":0.0001}","{""detection_events"":1797,""detectors_checked"":4251744}"
     34816,         0,         0,    1.09,standalone_exact_mw,cc9149276d16e61a5ac322a1d2048afebd34054fe0ed4879b77eb616628c1148,"{""distance"":5,""physical_error_rate"":0.0001}","{""detection_events"":3207,""detectors_checked"":7798784}"
     37888,         0,         0,    1.01,standalone_exact_mw,cc9149276d16e61a5ac322a1d2048afebd34054fe0ed4879b77eb616628c1148,"{""distance"":5,""physical_error_rate"":0.0001}","{""detection_events"":3590,""detectors_checked"":8486912}"
     19757,         0,         0,   0.459,standalone_exact_mw,cc9149276d16e61a5ac322a1d2048afebd34054fe0ed4879b77eb616628c1148,"{""distance"":5,""physical_error_rate"":0.0001}","{""detection_events"":1854,""detectors_checked"":4425568}"
     24576,         0,         0,   0.605,standalone_exact_mw,cc9149276d16e61a5ac322a1d2048afebd34054fe0ed4879b77eb616628c1148,"{""distance"":5,""physical_error_rate"":0.0001}","{""detection_events"":2354,""detectors_checked"":5505024}"
     18037,         0,         0,   0.451,standalone_exact_mw,cc9149276d16e61a5ac322a1d2048afebd34054fe0ed4879b77eb616628c1148,"{""distance"":5,""physical_error_rate"":0.0001}","{""detection_events"":1745,""detectors_checked"":4040288}"
     21504,         0,         0,   0.502,standalone_exact_mw,cc9149276d16e61a5ac322a1d2048afebd34054fe0ed4879b77eb616628c1148,"{""distance"":5,""physical_error_rate"":0.0001}","{""detection_events"":2039,""detectors_checked"":4816896}"
     21460,         0,         0,   0.642,standalone_exact_mw,cc9149276d16e61a5ac322a1d2048afebd34054fe0ed4879b77eb616628c1148,"{""distance"":5,""physical_error_rate"":0.0001}","{""detection_events"":1937,""detectors_checked"":4807040}"
     20480,         0,         0,   0.444,standalone_exact_mw,cc9149276d16e61a5ac322a1d2048afebd34054fe0ed4879b77eb616628c1148,"{""distance"":5,""physical_error_rate"":0.0001}","{""detection_events"":1868,""detectors_checked"":4587520}"
     19456,         0,         0,   0.626,standalone_exact_mw,cc9149276d16e61a5ac322a1d2048afebd34054fe0ed4879b77eb616628c1148,"{""distance"":5,""physical_error_rate"":0.0001}","{""detection_events"":1752,""detectors_checked"":4358144}"
     19456,         0,         0,   0.623,standalone_exact_mw,cc9149276d16e61a5ac322a1d2048afebd34054fe0ed4879b77eb616628c1148,"{""distance"":5,""physical_error_rate"":0.0001}","{""detection_events"":1693,""detectors_checked"":4358144}"
     21460,         0,         0,   0.550,standalone_exact_mw,cc9149276d16e61a5ac322a1d2048afebd34054fe0ed4879b77eb616628c1148,"{""distance"":5,""physical_error_rate"":0.0001}","{""detection_events"":1931,""detectors_checked"":4807040}"
     19456,         0,         0,   0.582,standalone_exact_mw,cc9149276d16e61a5ac322a1d2048afebd34054fe0ed4879b77eb616628c1148,"{""distance"":5,""physical_error_rate"":0.0001}","{""detection_events"":1852,""detectors_checked"":4358144}"
     18432,         0,         0,   0.623,standalone_exact_mw,cc9149276d16e61a5ac322a1d2048afebd34054fe0ed4879b77eb616628c1148,"{""distance"":5,""physical_error_rate"":0.0001}","{""detection_events"":1785,""detectors_checked"":4128768}"
     18432,         0,         0,   0.580,standalone_exact_mw,cc9149276d16e61a5ac322a1d2048afebd34054fe0ed4879b77eb616628c1148,"{""distance"":5,""physical_error_rate"":0.0001}","{""detection_events"":1787,""detectors_checked"":4128768}"
     19456,         0,         0,   0.663,standalone_exact_mw,cc9149276d16e61a5ac322a1d2048afebd34054fe0ed4879b77eb616628c1148,"{""distance"":5,""physical_error_rate"":0.0001}","{""detection_events"":1712,""detectors_checked"":4358144}"
     19414,         0,         0,   0.589,standalone_exact_mw,cc9149276d16e61a5ac322a1d2048afebd34054fe0ed4879b77eb616628c1148,"{""distance"":5,""physical_error_rate"":0.0001}","{""detection_events"":1789,""detectors_checked"":4348736}"
     19414,         0,         0,   0.561,standalone_exact_mw,cc9149276d16e61a5ac322a1d2048afebd34054fe0ed4879b77eb616628c1148,"{""distance"":5,""physical_error_rate"":0.0001}","{""detection_events"":1998,""detectors_checked"":4348736}"
     16384,         0,         0,   0.647,standalone_exact_mw,cc9149276d16e61a5ac322a1d2048afebd34054fe0ed4879b77eb616628c1148,"{""distance"":5,""physical_error_rate"":0.0001}","{""detection_events"":1437,""detectors_checked"":3670016}"
     17408,         0,         0,   0.540,standalone_exact_mw,cc9149276d16e61a5ac322a1d2048afebd34054fe0ed4879b77eb616628c1148,"{""distance"":5,""physical_error_rate"":0.0001}","{""detection_events"":1619,""detectors_checked"":3899392}"
       982,         0,         0,   0.015,standalone_exact_mw,cc9149276d16e61a5ac322a1d2048afebd34054fe0ed4879b77eb616628c1148,"{""distance"":5,""physical_error_rate"":0.0001}","{""detection_events"":100,""detectors_checked"":219968}"
     19414,         0,         0,   0.634,standalone_exact_mw,cc9149276d16e61a5ac322a1d2048afebd34054fe0ed4879b77eb616628c1148,"{""distance"":5,""physical_error_rate"":0.0001}","{""detection_events"":1734,""detectors_checked"":4348736}"
      3026,         0,         0,   0.064,standalone_exact_mw,cc9149276d16e61a5ac322a1d2048afebd34054fe0ed4879b77eb616628c1148,"{""distance"":5,""physical_error_rate"":0.0001}","{""detection_events"":332,""detectors_checked"":677824}"
      9216,         0,         0,   0.187,standalone_exact_mw,cc9149276d16e61a5ac322a1d2048afebd34054fe0ed4879b77eb616628c1148,"{""distance"":5,""physical_error_rate"":0.0001}","{""detection_events"":767,""detectors_checked"":2064384}"
      9216,         0,         0,   0.174,standalone_exact_mw,cc9149276d16e61a5ac322a1d2048afebd34054fe0ed4879b77eb616628c1148,"{""distance"":5,""physical_error_rate"":0.0001}","{""detection_events"":802,""detectors_checked"":2064384}"
      8192,         0,         0,   0.180,standalone_exact_mw,cc9149276d16e61a5ac322a1d2048afebd34054fe0ed4879b77eb616628c1148,"{""distance"":5,""physical_error_rate"":0.0001}","{""detection_events"":804,""detectors_checked"":1835008}"
      8192,         0,         0,   0.155,standalone_exact_mw,cc9149276d16e61a5ac322a1d2048afebd34054fe0ed4879b77eb616628c1148,"{""distance"":5,""physical_error_rate"":0.0001}","{""detection_events"":782,""detectors_checked"":1835008}"
      3026,         0,         0,   0.062,standalone_exact_mw,cc9149276d16e61a5ac322a1d2048afebd34054fe0ed4879b77eb616628c1148,"{""distance"":5,""physical_error_rate"":0.0001}","{""detection_events"":245,""detectors_checked"":677824}"
      7526,         0,         0,   0.138,standalone_exact_mw,cc9149276d16e61a5ac322a1d2048afebd34054fe0ed4879b77eb616628c1148,"{""distance"":5,""physical_error_rate"":0.0001}","{""detection_events"":703,""detectors_checked"":1685824}"
      4092,         0,         0,   0.088,standalone_exact_mw,cc9149276d16e61a5ac322a1d2048afebd34054fe0ed4879b77eb616628c1148,"{""distance"":5,""physical_error_rate"":0.0001}","{""detection_events"":357,""detectors_checked"":916608}"
      4269,         0,         0,   0.063,standalone_exact_mw,cc9149276d16e61a5ac322a1d2048afebd34054fe0ed4879b77eb616628c1148,"{""distance"":5,""physical_error_rate"":0.0001}","{""detection_events"":393,""detectors_checked"":956256}"
      4092,         0,         0,   0.103,standalone_exact_mw,cc9149276d16e61a5ac322a1d2048afebd34054fe0ed4879b77eb616628c1148,"{""distance"":5,""physical_error_rate"":0.0001}","{""detection_events"":416,""detectors_checked"":916608}"
       198,         0,         0,   0.002,standalone_exact_mw,cc9149276d16e61a5ac322a1d2048afebd34054fe0ed4879b77eb616628c1148,"{""distance"":5,""physical_error_rate"":0.0001}","{""detection_events"":14,""detectors_checked"":44352}"
      6144,         0,         0,   0.140,standalone_exact_mw,cc9149276d16e61a5ac322a1d2048afebd34054fe0ed4879b77eb616628c1148,"{""distance"":5,""physical_error_rate"":0.0001}","{""detection_events"":558,""detectors_checked"":1376256}"
      1267,         0,         0,   0.011,standalone_exact_mw,cc9149276d16e61a5ac322a1d2048afebd34054fe0ed4879b77eb616628c1148,"{""distance"":5,""physical_error_rate"":0.0001}","{""detection_events"":156,""detectors_checked"":283808}"
      2839,         0,         0,   0.045,standalone_exact_mw,cc9149276d16e61a5ac322a1d2048afebd34054fe0ed4879b77eb616628c1148,"{""distance"":5,""physical_error_rate"":0.0001}","{""detection_events"":297,""detectors_checked"":635936}"
      7526,         0,         0,   0.162,standalone_exact_mw,cc9149276d16e61a5ac322a1d2048afebd34054fe0ed4879b77eb616628c1148,"{""distance"":5,""physical_error_rate"":0.0001}","{""detection_events"":779,""detectors_checked"":1685824}"
      1834,         0,         0,   0.027,standalone_exact_mw,cc9149276d16e61a5ac322a1d2048afebd34054fe0ed4879b77eb616628c1148,"{""distance"":5,""physical_error_rate"":0.0001}","{""detection_events"":137,""detectors_checked"":410816}"
      4050,         0,         0,   0.138,standalone_exact_mw,cc9149276d16e61a5ac322a1d2048afebd34054fe0ed4879b77eb616628c1148,"{""distance"":5,""physical_error_rate"":0.0001}","{""detection_events"":403,""detectors_checked"":907200}"
      5120,         0,         0,   0.111,standalone_exact_mw,cc9149276d16e61a5ac322a1d2048afebd34054fe0ed4879b77eb616628c1148,"{""distance"":5,""physical_error_rate"":0.0001}","{""detection_events"":527,""detectors_checked"":1146880}"
      1382,         0,         0,   0.026,standalone_exact_mw,cc9149276d16e61a5ac322a1d2048afebd34054fe0ed4879b77eb616628c1148,"{""distance"":5,""physical_error_rate"":0.0001}","{""detection_events"":104,""detectors_checked"":309568}"
      4050,         0,         0,   0.158,standalone_exact_mw,cc9149276d16e61a5ac322a1d2048afebd34054fe0ed4879b77eb616628c1148,"{""distance"":5,""physical_error_rate"":0.0001}","{""detection_events"":413,""detectors_checked"":907200}"
       600,         0,         0,   0.005,standalone_exact_mw,cc9149276d16e61a5ac322a1d2048afebd34054fe0ed4879b77eb616628c1148,"{""distance"":5,""physical_error_rate"":0.0001}","{""detection_events"":54,""detectors_checked"":134400}"
       991,         0,         0,   0.008,standalone_exact_mw,cc9149276d16e61a5ac322a1d2048afebd34054fe0ed4879b77eb616628c1148,"{""distance"":5,""physical_error_rate"":0.0001}","{""detection_events"":104,""detectors_checked"":221984}"
       363,         0,         0,   0.003,standalone_exact_mw,cc9149276d16e61a5ac322a1d2048afebd34054fe0ed4879b77eb616628c1148,"{""distance"":5,""physical_error_rate"":0.0001}","{""detection_events"":36,""detectors_checked"":81312}"
      4096,         0,         0,   0.121,standalone_exact_mw,cc9149276d16e61a5ac322a1d2048afebd34054fe0ed4879b77eb616628c1148,"{""distance"":5,""physical_error_rate"":0.0001}","{""detection_events"":486,""detectors_checked"":917504}"
       956,         0,         0,   0.008,standalone_exact_mw,cc9149276d16e61a5ac322a1d2048afebd34054fe0ed4879b77eb616628c1148,"{""distance"":5,""physical_error_rate"":0.0001}","{""detection_events"":84,""detectors_checked"":214144}"
      2304,         0,         0,   0.055,standalone_exact_mw,cc9149276d16e61a5ac322a1d2048afebd34054fe0ed4879b77eb616628c1148,"{""distance"":5,""physical_error_rate"":0.0001}","{""detection_events"":209,""detectors_checked"":516096}"
      4096,         0,         0,   0.095,standalone_exact_mw,cc9149276d16e61a5ac322a1d2048afebd34054fe0ed4879b77eb616628c1148,"{""distance"":5,""physical_error_rate"":0.0001}","{""detection_events"":361,""detectors_checked"":917504}"
      2304,         0,         0,   0.062,standalone_exact_mw,cc9149276d16e61a5ac322a1d2048afebd34054fe0ed4879b77eb616628c1148,"{""distance"":5,""physical_error_rate"":0.0001}","{""detection_events"":263,""detectors_checked"":516096}"
       170,         0,         0,   0.002,standalone_exact_mw,cc9149276d16e61a5ac322a1d2048afebd34054fe0ed4879b77eb616628c1148,"{""distance"":5,""physical_error_rate"":0.0001}","{""detection_events"":16,""detectors_checked"":38080}"
      4131,         0,         0,   0.081,standalone_exact_mw,cc9149276d16e61a5ac322a1d2048afebd34054fe0ed4879b77eb616628c1148,"{""distance"":5,""physical_error_rate"":0.0001}","{""detection_events"":420,""detectors_checked"":925344}"
      1383,         0,         0,   0.020,standalone_exact_mw,cc9149276d16e61a5ac322a1d2048afebd34054fe0ed4879b77eb616628c1148,"{""distance"":5,""physical_error_rate"":0.0001}","{""detection_events"":90,""detectors_checked"":309792}"
      1331,         0,         0,   0.020,standalone_exact_mw,cc9149276d16e61a5ac322a1d2048afebd34054fe0ed4879b77eb616628c1148,"{""distance"":5,""physical_error_rate"":0.0001}","{""detection_events"":108,""detectors_checked"":298144}"
      4096,         0,         0,   0.101,standalone_exact_mw,cc9149276d16e61a5ac322a1d2048afebd34054fe0ed4879b77eb616628c1148,"{""distance"":5,""physical_error_rate"":0.0001}","{""detection_events"":364,""detectors_checked"":917504}"
      3685,         0,         0,   0.085,standalone_exact_mw,cc9149276d16e61a5ac322a1d2048afebd34054fe0ed4879b77eb616628c1148,"{""distance"":5,""physical_error_rate"":0.0001}","{""detection_events"":303,""detectors_checked"":825440}"
        35,         0,         0,   0.001,standalone_exact_mw,cc9149276d16e61a5ac322a1d2048afebd34054fe0ed4879b77eb616628c1148,"{""distance"":5,""physical_error_rate"":0.0001}","{""detection_events"":3,""detectors_checked"":7840}"
      1126,         0,         0,   0.020,standalone_exact_mw,cc9149276d16e61a5ac322a1d2048afebd34054fe0ed4879b77eb616628c1148,"{""distance"":5,""physical_error_rate"":0.0001}","{""detection_events"":90,""detectors_checked"":252224}"
      4096,         0,         0,   0.166,standalone_exact_mw,cc9149276d16e61a5ac322a1d2048afebd34054fe0ed4879b77eb616628c1148,"{""distance"":5,""physical_error_rate"":0.0001}","{""detection_events"":378,""detectors_checked"":917504}"
      4096,         0,         0,   0.168,standalone_exact_mw,cc9149276d16e61a5ac322a1d2048afebd34054fe0ed4879b77eb616628c1148,"{""distance"":5,""physical_error_rate"":0.0001}","{""detection_events"":445,""detectors_checked"":917504}"
        69,         0,         0,   0.001,standalone_exact_mw,cc9149276d16e61a5ac322a1d2048afebd34054fe0ed4879b77eb616628c1148,"{""distance"":5,""physical_error_rate"":0.0001}","{""detection_events"":4,""detectors_checked"":15456}"
       581,         0,         0,   0.005,standalone_exact_mw,cc9149276d16e61a5ac322a1d2048afebd34054fe0ed4879b77eb616628c1148,"{""distance"":5,""physical_error_rate"":0.0001}","{""detection_events"":57,""detectors_checked"":130144}"
       956,         0,         0,   0.010,standalone_exact_mw,cc9149276d16e61a5ac322a1d2048afebd34054fe0ed4879b77eb616628c1148,"{""distance"":5,""physical_error_rate"":0.0001}","{""detection_events"":96,""detectors_checked"":214144}"
      4096,         0,         0,   0.106,standalone_exact_mw,cc9149276d16e61a5ac322a1d2048afebd34054fe0ed4879b77eb616628c1148,"{""distance"":5,""physical_error_rate"":0.0001}","{""detection_events"":334,""detectors_checked"":917504}"
      4824,         0,         0,   0.151,standalone_exact_mw,cc9149276d16e61a5ac322a1d2048afebd34054fe0ed4879b77eb616628c1148,"{""distance"":5,""physical_error_rate"":0.0001}","{""detection_events"":396,""detectors_checked"":1080576}"
        34,         0,         0,   0.001,standalone_exact_mw,cc9149276d16e61a5ac322a1d2048afebd34054fe0ed4879b77eb616628c1148,"{""distance"":5,""physical_error_rate"":0.0001}","{""detectors_checked"":7616}"
      2037,         0,         0,   0.041,standalone_exact_mw,cc9149276d16e61a5ac322a1d2048afebd34054fe0ed4879b77eb616628c1148,"{""distance"":5,""physical_error_rate"":0.0001}","{""detection_events"":198,""detectors_checked"":456288}"
      4096,         0,         0,   0.154,standalone_exact_mw,cc9149276d16e61a5ac322a1d2048afebd34054fe0ed4879b77eb616628c1148,"{""distance"":5,""physical_error_rate"":0.0001}","{""detection_events"":382,""detectors_checked"":917504}"
      4096,         0,         0,   0.097,standalone_exact_mw,cc9149276d16e61a5ac322a1d2048afebd34054fe0ed4879b77eb616628c1148,"{""distance"":5,""physical_error_rate"":0.0001}","{""detection_events"":391,""detectors_checked"":917504}"
       170,         0,         0,   0.002,standalone_exact_mw,cc9149276d16e61a5ac322a1d2048afebd34054fe0ed4879b77eb616628c1148,"{""distance"":5,""physical_error_rate"":0.0001}","{""detection_events"":21,""detectors_checked"":38080}"
         3,         0,         0,   0.000,standalone_exact_mw,cc9149276d16e61a5ac322a1d2048afebd34054fe0ed4879b77eb616628c1148,"{""distance"":5,""physical_error_rate"":0.0001}","{""detectors_checked"":672}"
       533,         0,         0,   0.009,standalone_exact_mw,cc9149276d16e61a5ac322a1d2048afebd34054fe0ed4879b77eb616628c1148,"{""distance"":5,""physical_error_rate"":0.0001}","{""detection_events"":49,""detectors_checked"":119392}"
        94,         0,         0,   0.001,standalone_exact_mw,cc9149276d16e61a5ac322a1d2048afebd34054fe0ed4879b77eb616628c1148,"{""distance"":5,""physical_error_rate"":0.0001}","{""detection_events"":5,""detectors_checked"":21056}"
      1024,         0,         0,   0.017,standalone_exact_mw,cc9149276d16e61a5ac322a1d2048afebd34054fe0ed4879b77eb616628c1148,"{""distance"":5,""physical_error_rate"":0.0001}","{""detection_events"":88,""detectors_checked"":229376}"
        64,         0,         0,   0.001,standalone_exact_mw,cc9149276d16e61a5ac322a1d2048afebd34054fe0ed4879b77eb616628c1148,"{""distance"":5,""physical_error_rate"":0.0001}","{""detection_events"":9,""detectors_checked"":14336}"
        12,         0,         0,   0.000,standalone_exact_mw,cc9149276d16e61a5ac322a1d2048afebd34054fe0ed4879b77eb616628c1148,"{""distance"":5,""physical_error_rate"":0.0001}","{""detectors_checked"":2688}"
         5,         0,         0,   0.000,standalone_exact_mw,cc9149276d16e61a5ac322a1d2048afebd34054fe0ed4879b77eb616628c1148,"{""distance"":5,""physical_error_rate"":0.0001}","{""detectors_checked"":1120}"
       102,         0,         0,   0.001,standalone_exact_mw,cc9149276d16e61a5ac322a1d2048afebd34054fe0ed4879b77eb616628c1148,"{""distance"":5,""physical_error_rate"":0.0001}","{""detection_events"":19,""detectors_checked"":22848}"
         4,         0,         0,   0.001,standalone_exact_mw,cc9149276d16e61a5ac322a1d2048afebd34054fe0ed4879b77eb616628c1148,"{""distance"":5,""physical_error_rate"":0.0001}","{""detectors_checked"":896}"
         8,         0,         0,   0.000,standalone_exact_mw,cc9149276d16e61a5ac322a1d2048afebd34054fe0ed4879b77eb616628c1148,"{""distance"":5,""physical_error_rate"":0.0001}","{""detectors_checked"":1792}"
        12,         0,         0,   0.000,standalone_exact_mw,cc9149276d16e61a5ac322a1d2048afebd34054fe0ed4879b77eb616628c1148,"{""distance"":5,""physical_error_rate"":0.0001}","{""detection_events"":2,""detectors_checked"":2688}"
        12,         0,         0,   0.000,standalone_exact_mw,cc9149276d16e61a5ac322a1d2048afebd34054fe0ed4879b77eb616628c1148,"{""distance"":5,""physical_error_rate"":0.0001}","{""detection_events"":2,""detectors_checked"":2688}"
        12,         0,         0,   0.000,standalone_exact_mw,cc9149276d16e61a5ac322a1d2048afebd34054fe0ed4879b77eb616628c1148,"{""distance"":5,""physical_error_rate"":0.0001}","{""detectors_checked"":2688}"
         3,         0,         0,   0.000,standalone_exact_mw,cc9149276d16e61a5ac322a1d2048afebd34054fe0ed4879b77eb616628c1148,"{""distance"":5,""physical_error_rate"":0.0001}","{""detectors_checked"":672}"
         3,         0,         0,   0.000,standalone_exact_mw,cc9149276d16e61a5ac322a1d2048afebd34054fe0ed4879b77eb616628c1148,"{""distance"":5,""physical_error_rate"":0.0001}","{""detectors_checked"":672}"
         7,         0,         0,   0.000,standalone_exact_mw,cc9149276d16e61a5ac322a1d2048afebd34054fe0ed4879b77eb616628c1148,"{""distance"":5,""physical_error_rate"":0.0001}","{""detection_events"":5,""detectors_checked"":1568}"
         7,         0,         0,   0.000,standalone_exact_mw,cc9149276d16e61a5ac322a1d2048afebd34054fe0ed4879b77eb616628c1148,"{""distance"":5,""physical_error_rate"":0.0001}","{""detectors_checked"":1568}"
         3,         0,         0,   0.000,standalone_exact_mw,cc9149276d16e61a5ac322a1d2048afebd34054fe0ed4879b77eb616628c1148,"{""distance"":5,""physical_error_rate"":0.0001}","{""detectors_checked"":672}"
         7,         0,         0,   0.000,standalone_exact_mw,cc9149276d16e61a5ac322a1d2048afebd34054fe0ed4879b77eb616628c1148,"{""distance"":5,""physical_error_rate"":0.0001}","{""detectors_checked"":1568}"
         2,         0,         0,   0.000,standalone_exact_mw,cc9149276d16e61a5ac322a1d2048afebd34054fe0ed4879b77eb616628c1148,"{""distance"":5,""physical_error_rate"":0.0001}","{""detectors_checked"":448}"
         4,         0,         0,   0.000,standalone_exact_mw,cc9149276d16e61a5ac322a1d2048afebd34054fe0ed4879b77eb616628c1148,"{""distance"":5,""physical_error_rate"":0.0001}","{""detectors_checked"":896}"
         1,         0,         0,   0.000,standalone_exact_mw,cc9149276d16e61a5ac322a1d2048afebd34054fe0ed4879b77eb616628c1148,"{""distance"":5,""physical_error_rate"":0.0001}","{""detectors_checked"":224}"
         7,         0,         0,   0.000,standalone_exact_mw,cc9149276d16e61a5ac322a1d2048afebd34054fe0ed4879b77eb616628c1148,"{""distance"":5,""physical_error_rate"":0.0001}","{""detectors_checked"":1568}"
         7,         0,         0,   0.000,standalone_exact_mw,cc9149276d16e61a5ac322a1d2048afebd34054fe0ed4879b77eb616628c1148,"{""distance"":5,""physical_error_rate"":0.0001}","{""detection_events"":3,""detectors_checked"":1568}"
         7,         0,         0,   0.000,standalone_exact_mw,cc9149276d16e61a5ac322a1d2048afebd34054fe0ed4879b77eb616628c1148,"{""distance"":5,""physical_error_rate"":0.0001}","{""detection_events"":2,""detectors_checked"":1568}"
         3,         0,         0,   0.000,standalone_exact_mw,cc9149276d16e61a5ac322a1d2048afebd34054fe0ed4879b77eb616628c1148,"{""distance"":5,""physical_error_rate"":0.0001}","{""detectors_checked"":672}"
         2,         0,         0,   0.001,standalone_exact_mw,cc9149276d16e61a5ac322a1d2048afebd34054fe0ed4879b77eb616628c1148,"{""distance"":5,""physical_error_rate"":0.0001}","{""detectors_checked"":448}"
         3,         0,         0,   0.000,standalone_exact_mw,cc9149276d16e61a5ac322a1d2048afebd34054fe0ed4879b77eb616628c1148,"{""distance"":5,""physical_error_rate"":0.0001}","{""detectors_checked"":672}"
         2,         0,         0,   0.000,standalone_exact_mw,cc9149276d16e61a5ac322a1d2048afebd34054fe0ed4879b77eb616628c1148,"{""distance"":5,""physical_error_rate"":0.0001}","{""detectors_checked"":448}"
         2,         0,         0,   0.000,standalone_exact_mw,cc9149276d16e61a5ac322a1d2048afebd34054fe0ed4879b77eb616628c1148,"{""distance"":5,""physical_error_rate"":0.0001}","{""detectors_checked"":448}"
         2,         0,         0,   0.000,standalone_exact_mw,cc9149276d16e61a5ac322a1d2048afebd34054fe0ed4879b77eb616628c1148,"{""distance"":5,""physical_error_rate"":0.0001}","{""detectors_checked"":448}"
         1,         0,         0,   0.000,standalone_exact_mw,cc9149276d16e61a5ac322a1d2048afebd34054fe0ed4879b77eb616628c1148,"{""distance"":5,""physical_error_rate"":0.0001}","{""detectors_checked"":224}"
         1,         0,         0,   0.000,standalone_exact_mw,cc9149276d16e61a5ac322a1d2048afebd34054fe0ed4879b77eb616628c1148,"{""distance"":5,""physical_error_rate"":0.0001}","{""detectors_checked"":224}"
         2,         0,         0,   0.000,standalone_exact_mw,cc9149276d16e61a5ac322a1d2048afebd34054fe0ed4879b77eb616628c1148,"{""distance"":5,""physical_error_rate"":0.0001}","{""detectors_checked"":448}"
         1,         0,         0,   0.000,standalone_exact_mw,cc9149276d16e61a5ac322a1d2048afebd34054fe0ed4879b77eb616628c1148,"{""distance"":5,""physical_error_rate"":0.0001}","{""detectors_checked"":224}"
         1,         0,         0,   0.000,standalone_exact_mw,cc9149276d16e61a5ac322a1d2048afebd34054fe0ed4879b77eb616628c1148,"{""distance"":5,""physical_error_rate"":0.0001}","{""detectors_checked"":224}"
         1,         0,         0,   0.000,standalone_exact_mw,cc9149276d16e61a5ac322a1d2048afebd34054fe0ed4879b77eb616628c1148,"{""distance"":5,""physical_error_rate"":0.0001}","{""detectors_checked"":224}"
         1,         0,         0,   0.000,standalone_exact_mw,cc9149276d16e61a5ac322a1d2048afebd34054fe0ed4879b77eb616628c1148,"{""distance"":5,""physical_error_rate"":0.0001}","{""detectors_checked"":224}"
   3338240,         0,         0,   119.2,standalone_exact_mw,29ae76c7f86edcd2f56343e8109d8463cbc736644db4e57527101e2f1c3606c8,"{""distance"":5,""physical_error_rate"":0.0002}","{""detection_events"":623136,""detectors_checked"":747765760}"
   3630080,         0,         0,   100.4,standalone_exact_mw,29ae76c7f86edcd2f56343e8109d8463cbc736644db4e57527101e2f1c3606c8,"{""distance"":5,""physical_error_rate"":0.0002}","{""detection_events"":676921,""detectors_checked"":813137920}"
   3163136,         0,         0,   108.9,standalone_exact_mw,29ae76c7f86edcd2f56343e8109d8463cbc736644db4e57527101e2f1c3606c8,"{""distance"":5,""physical_error_rate"":0.0002}","{""detection_events"":589320,""detectors_checked"":708542464}"
   2489344,         0,         0,    95.0,standalone_exact_mw,29ae76c7f86edcd2f56343e8109d8463cbc736644db4e57527101e2f1c3606c8,"{""distance"":5,""physical_error_rate"":0.0002}","{""detection_events"":465770,""detectors_checked"":557613056}"
   2372608,         0,         0,   119.4,standalone_exact_mw,503ee55b5ad1b1988379a241a0405811522ee4d50b473755532ad1299cb121e2,"{""distance"":5,""physical_error_rate"":0.0005}","{""detection_events"":1102249,""detectors_checked"":531464192}"
   2421181,         1,         0,    79.8,standalone_exact_mw,29ae76c7f86edcd2f56343e8109d8463cbc736644db4e57527101e2f1c3606c8,"{""distance"":5,""physical_error_rate"":0.0002}","{""detection_events"":450916,""detectors_checked"":542344544,""obs_mistake_mask=E"":1}"
   2473984,         0,         0,    75.2,standalone_exact_mw,29ae76c7f86edcd2f56343e8109d8463cbc736644db4e57527101e2f1c3606c8,"{""distance"":5,""physical_error_rate"":0.0002}","{""detection_events"":460907,""detectors_checked"":554172416}"
   2630656,         1,         0,   119.6,standalone_exact_mw,503ee55b5ad1b1988379a241a0405811522ee4d50b473755532ad1299cb121e2,"{""distance"":5,""physical_error_rate"":0.0005}","{""detection_events"":1223818,""detectors_checked"":589266944,""obs_mistake_mask=E"":1}"
   2184747,         0,         0,    82.8,standalone_exact_mw,29ae76c7f86edcd2f56343e8109d8463cbc736644db4e57527101e2f1c3606c8,"{""distance"":5,""physical_error_rate"":0.0002}","{""detection_events"":408503,""detectors_checked"":489383328}"
   2091008,         0,         0,    90.5,standalone_exact_mw,29ae76c7f86edcd2f56343e8109d8463cbc736644db4e57527101e2f1c3606c8,"{""distance"":5,""physical_error_rate"":0.0002}","{""detection_events"":391794,""detectors_checked"":468385792}"
      1297,         0,         0,   0.030,standalone_exact_mw,503ee55b5ad1b1988379a241a0405811522ee4d50b473755532ad1299cb121e2,"{""distance"":5,""physical_error_rate"":0.0005}","{""detection_events"":626,""detectors_checked"":290528}"
      1024,         0,         0,   0.058,standalone_exact_mw,503ee55b5ad1b1988379a241a0405811522ee4d50b473755532ad1299cb121e2,"{""distance"":5,""physical_error_rate"":0.0005}","{""detection_events"":525,""detectors_checked"":229376}"
      1024,         0,         0,   0.026,standalone_exact_mw,503ee55b5ad1b1988379a241a0405811522ee4d50b473755532ad1299cb121e2,"{""distance"":5,""physical_error_rate"":0.0005}","{""detection_events"":547,""detectors_checked"":229376}"
      2048,         0,         0,   0.037,standalone_exact_mw,503ee55b5ad1b1988379a241a0405811522ee4d50b473755532ad1299cb121e2,"{""distance"":5,""physical_error_rate"":0.0005}","{""detection_events"":950,""detectors_checked"":458752}"
      2048,         0,         0,   0.036,standalone_exact_mw,503ee55b5ad1b1988379a241a0405811522ee4d50b473755532ad1299cb121e2,"{""distance"":5,""physical_error_rate"":0.0005}","{""detection_events"":808,""detectors_checked"":458752}"
      3072,         0,         0,   0.063,standalone_exact_mw,503ee55b5ad1b1988379a241a0405811522ee4d50b473755532ad1299cb121e2,"{""distance"":5,""physical_error_rate"":0.0005}","{""detection_events"":1411,""detectors_checked"":688128}"
      4096,         0,         0,   0.115,standalone_exact_mw,503ee55b5ad1b1988379a241a0405811522ee4d50b473755532ad1299cb121e2,"{""distance"":5,""physical_error_rate"":0.0005}","{""detection_events"":1874,""detectors_checked"":917504}"
      3072,         0,         0,   0.109,standalone_exact_mw,503ee55b5ad1b1988379a241a0405811522ee4d50b473755532ad1299cb121e2,"{""distance"":5,""physical_error_rate"":0.0005}","{""detection_events"":1517,""detectors_checked"":688128}"
      5120,         0,         0,   0.169,standalone_exact_mw,503ee55b5ad1b1988379a241a0405811522ee4d50b473755532ad1299cb121e2,"{""distance"":5,""physical_error_rate"":0.0005}","{""detection_events"":2258,""detectors_checked"":1146880}"
      6144,         0,         0,   0.217,standalone_exact_mw,503ee55b5ad1b1988379a241a0405811522ee4d50b473755532ad1299cb121e2,"{""distance"":5,""physical_error_rate"":0.0005}","{""detection_events"":2771,""detectors_checked"":1376256}"
      9216,         0,         0,   0.295,standalone_exact_mw,503ee55b5ad1b1988379a241a0405811522ee4d50b473755532ad1299cb121e2,"{""distance"":5,""physical_error_rate"":0.0005}","{""detection_events"":4248,""detectors_checked"":2064384}"
     15360,         0,         0,   0.410,standalone_exact_mw,503ee55b5ad1b1988379a241a0405811522ee4d50b473755532ad1299cb121e2,"{""distance"":5,""physical_error_rate"":0.0005}","{""detection_events"":7012,""detectors_checked"":3440640}"
     20480,         0,         0,   0.572,standalone_exact_mw,503ee55b5ad1b1988379a241a0405811522ee4d50b473755532ad1299cb121e2,"{""distance"":5,""physical_error_rate"":0.0005}","{""detection_events"":9638,""detectors_checked"":4587520}"
   2039162,         1,         0,    63.8,standalone_exact_mw,29ae76c7f86edcd2f56343e8109d8463cbc736644db4e57527101e2f1c3606c8,"{""distance"":5,""physical_error_rate"":0.0002}","{""detection_events"":376677,""detectors_checked"":456772288,""obs_mistake_mask=E"":1}"
     22528,         0,         0,   0.820,standalone_exact_mw,503ee55b5ad1b1988379a241a0405811522ee4d50b473755532ad1299cb121e2,"{""distance"":5,""physical_error_rate"":0.0005}","{""detection_events"":10637,""detectors_checked"":5046272}"
     25600,         0,         0,    1.18,standalone_exact_mw,503ee55b5ad1b1988379a241a0405811522ee4d50b473755532ad1299cb121e2,"{""distance"":5,""physical_error_rate"":0.0005}","{""detection_events"":12057,""detectors_checked"":5734400}"
   2481152,         1,         0,   119.5,standalone_exact_mw,503ee55b5ad1b1988379a241a0405811522ee4d50b473755532ad1299cb121e2,"{""distance"":5,""physical_error_rate"":0.0005}","{""detection_events"":1154197,""detectors_checked"":555778048,""obs_mistake_mask=E"":1}"
      1297,         0,         0,   0.026,standalone_exact_mw,29ae76c7f86edcd2f56343e8109d8463cbc736644db4e57527101e2f1c3606c8,"{""distance"":5,""physical_error_rate"":0.0002}","{""detection_events"":273,""detectors_checked"":290528}"
      2048,         0,         0,   0.041,standalone_exact_mw,29ae76c7f86edcd2f56343e8109d8463cbc736644db4e57527101e2f1c3606c8,"{""distance"":5,""physical_error_rate"":0.0002}","{""detection_events"":392,""detectors_checked"":458752}"
      2048,         0,         0,   0.031,standalone_exact_mw,29ae76c7f86edcd2f56343e8109d8463cbc736644db4e57527101e2f1c3606c8,"{""distance"":5,""physical_error_rate"":0.0002}","{""detection_events"":306,""detectors_checked"":458752}"
      2048,         0,         0,   0.033,standalone_exact_mw,29ae76c7f86edcd2f56343e8109d8463cbc736644db4e57527101e2f1c3606c8,"{""distance"":5,""physical_error_rate"":0.0002}","{""detection_events"":419,""detectors_checked"":458752}"
      2048,         0,         0,   0.039,standalone_exact_mw,29ae76c7f86edcd2f56343e8109d8463cbc736644db4e57527101e2f1c3606c8,"{""distance"":5,""physical_error_rate"":0.0002}","{""detection_events"":381,""detectors_checked"":458752}"
      3072,         0,         0,   0.104,standalone_exact_mw,29ae76c7f86edcd2f56343e8109d8463cbc736644db4e57527101e2f1c3606c8,"{""distance"":5,""physical_error_rate"":0.0002}","{""detection_events"":584,""detectors_checked"":688128}"
      2048,         0,         0,   0.083,standalone_exact_mw,29ae76c7f86edcd2f56343e8109d8463cbc736644db4e57527101e2f1c3606c8,"{""distance"":5,""physical_error_rate"":0.0002}","{""detection_events"":387,""detectors_checked"":458752}"
      3072,         0,         0,   0.115,standalone_exact_mw,29ae76c7f86edcd2f56343e8109d8463cbc736644db4e57527101e2f1c3606c8,"{""distance"":5,""physical_error_rate"":0.0002}","{""detection_events"":715,""detectors_checked"":688128}"
      4096,         0,         0,   0.176,standalone_exact_mw,29ae76c7f86edcd2f56343e8109d8463cbc736644db4e57527101e2f1c3606c8,"{""distance"":5,""physical_error_rate"":0.0002}","{""detection_events"":747,""detectors_checked"":917504}"
      6144,         0,         0,   0.226,standalone_exact_mw,29ae76c7f86edcd2f56343e8109d8463cbc736644db4e57527101e2f1c3606c8,"{""distance"":5,""physical_error_rate"":0.0002}","{""detection_events"":1066,""detectors_checked"":1376256}"
      1297,         0,         0,   0.013,standalone_exact_mw,29ae76c7f86edcd2f56343e8109d8463cbc736644db4e57527101e2f1c3606c8,"{""distance"":5,""physical_error_rate"":0.0002}","{""detection_events"":191,""detectors_checked"":290528}"
      1024,         0,         0,   0.020,standalone_exact_mw,29ae76c7f86edcd2f56343e8109d8463cbc736644db4e57527101e2f1c3606c8,"{""distance"":5,""physical_error_rate"":0.0002}","{""detection_events"":205,""detectors_checked"":229376}"
      1024,         0,         0,   0.022,standalone_exact_mw,29ae76c7f86edcd2f56343e8109d8463cbc736644db4e57527101e2f1c3606c8,"{""distance"":5,""physical_error_rate"":0.0002}","{""detection_events"":161,""detectors_checked"":229376}"
      2048,         0,         0,   0.032,standalone_exact_mw,29ae76c7f86edcd2f56343e8109d8463cbc736644db4e57527101e2f1c3606c8,"{""distance"":5,""physical_error_rate"":0.0002}","{""detection_events"":398,""detectors_checked"":458752}"
      2048,         0,         0,   0.050,standalone_exact_mw,29ae76c7f86edcd2f56343e8109d8463cbc736644db4e57527101e2f1c3606c8,"{""distance"":5,""physical_error_rate"":0.0002}","{""detection_events"":371,""detectors_checked"":458752}"
      2048,         0,         0,   0.055,standalone_exact_mw,29ae76c7f86edcd2f56343e8109d8463cbc736644db4e57527101e2f1c3606c8,"{""distance"":5,""physical_error_rate"":0.0002}","{""detection_events"":375,""detectors_checked"":458752}"
     57344,         0,         0,    1.52,standalone_exact_mw,503ee55b5ad1b1988379a241a0405811522ee4d50b473755532ad1299cb121e2,"{""distance"":5,""physical_error_rate"":0.0005}","{""detection_events"":26647,""detectors_checked"":12845056}"
      9216,         0,         0,   0.308,standalone_exact_mw,29ae76c7f86edcd2f56343e8109d8463cbc736644db4e57527101e2f1c3606c8,"{""distance"":5,""physical_error_rate"":0.0002}","{""detection_events"":1710,""detectors_checked"":2064384}"
      3072,         0,         0,   0.078,standalone_exact_mw,29ae76c7f86edcd2f56343e8109d8463cbc736644db4e57527101e2f1c3606c8,"{""distance"":5,""physical_error_rate"":0.0002}","{""detection_events"":511,""detectors_checked"":688128}"
      4096,         0,         0,   0.111,standalone_exact_mw,29ae76c7f86edcd2f56343e8109d8463cbc736644db4e57527101e2f1c3606c8,"{""distance"":5,""physical_error_rate"":0.0002}","{""detection_events"":772,""detectors_checked"":917504}"
      5120,         0,         0,   0.156,standalone_exact_mw,29ae76c7f86edcd2f56343e8109d8463cbc736644db4e57527101e2f1c3606c8,"{""distance"":5,""physical_error_rate"":0.0002}","{""detection_events"":940,""detectors_checked"":1146880}"
     14336,         0,         0,   0.430,standalone_exact_mw,29ae76c7f86edcd2f56343e8109d8463cbc736644db4e57527101e2f1c3606c8,"{""distance"":5,""physical_error_rate"":0.0002}","{""detection_events"":2694,""detectors_checked"":3211264}"
      8192,         0,         0,   0.222,standalone_exact_mw,29ae76c7f86edcd2f56343e8109d8463cbc736644db4e57527101e2f1c3606c8,"{""distance"":5,""physical_error_rate"":0.0002}","{""detection_events"":1606,""detectors_checked"":1835008}"
     10240,         0,         0,   0.275,standalone_exact_mw,29ae76c7f86edcd2f56343e8109d8463cbc736644db4e57527101e2f1c3606c8,"{""distance"":5,""physical_error_rate"":0.0002}","{""detection_events"":1880,""detectors_checked"":2293760}"
     18432,         0,         0,   0.591,standalone_exact_mw,29ae76c7f86edcd2f56343e8109d8463cbc736644db4e57527101e2f1c3606c8,"{""distance"":5,""physical_error_rate"":0.0002}","{""detection_events"":3541,""detectors_checked"":4128768}"
     26624,         0,         0,   0.399,standalone_exact_mw,29ae76c7f86edcd2f56343e8109d8463cbc736644db4e57527101e2f1c3606c8,"{""distance"":5,""physical_error_rate"":0.0002}","{""detection_events"":4691,""detectors_checked"":5963776}"
   1910094,         0,         0,    67.2,standalone_exact_mw,29ae76c7f86edcd2f56343e8109d8463cbc736644db4e57527101e2f1c3606c8,"{""distance"":5,""physical_error_rate"":0.0002}","{""detection_events"":355574,""detectors_checked"":427861056}"
     25600,         0,         0,   0.793,standalone_exact_mw,29ae76c7f86edcd2f56343e8109d8463cbc736644db4e57527101e2f1c3606c8,"{""distance"":5,""physical_error_rate"":0.0002}","{""detection_events"":4653,""detectors_checked"":5734400}"
     32768,         0,         0,   0.574,standalone_exact_mw,29ae76c7f86edcd2f56343e8109d8463cbc736644db4e57527101e2f1c3606c8,"{""distance"":5,""physical_error_rate"":0.0002}","{""detection_events"":6222,""detectors_checked"":7340032}"
     69632,         0,         0,    2.15,standalone_exact_mw,503ee55b5ad1b1988379a241a0405811522ee4d50b473755532ad1299cb121e2,"{""distance"":5,""physical_error_rate"":0.0005}","{""detection_events"":32735,""detectors_checked"":15597568}"
       273,         0,         0,   0.025,standalone_exact_mw,503ee55b5ad1b1988379a241a0405811522ee4d50b473755532ad1299cb121e2,"{""distance"":5,""physical_error_rate"":0.0005}","{""detection_events"":103,""detectors_checked"":61152}"
      1024,         0,         0,   0.055,standalone_exact_mw,503ee55b5ad1b1988379a241a0405811522ee4d50b473755532ad1299cb121e2,"{""distance"":5,""physical_error_rate"":0.0005}","{""detection_events"":440,""detectors_checked"":229376}"
      1024,         0,         0,   0.055,standalone_exact_mw,503ee55b5ad1b1988379a241a0405811522ee4d50b473755532ad1299cb121e2,"{""distance"":5,""physical_error_rate"":0.0005}","{""detection_events"":472,""detectors_checked"":229376}"
      1024,         0,         0,   0.055,standalone_exact_mw,503ee55b5ad1b1988379a241a0405811522ee4d50b473755532ad1299cb121e2,"{""distance"":5,""physical_error_rate"":0.0005}","{""detection_events"":499,""detectors_checked"":229376}"
     27648,         0,         0,   0.782,standalone_exact_mw,29ae76c7f86edcd2f56343e8109d8463cbc736644db4e57527101e2f1c3606c8,"{""distance"":5,""physical_error_rate"":0.0002}","{""detection_events"":5260,""detectors_checked"":6193152}"
      1024,         0,         0,   0.055,standalone_exact_mw,503ee55b5ad1b1988379a241a0405811522ee4d50b473755532ad1299cb121e2,"{""distance"":5,""physical_error_rate"":0.0005}","{""detection_events"":497,""detectors_checked"":229376}"
      2048,         0,         0,   0.088,standalone_exact_mw,503ee55b5ad1b1988379a241a0405811522ee4d50b473755532ad1299cb121e2,"{""distance"":5,""physical_error_rate"":0.0005}","{""detection_events"":926,""detectors_checked"":458752}"
      2048,         0,         0,   0.089,standalone_exact_mw,503ee55b5ad1b1988379a241a0405811522ee4d50b473755532ad1299cb121e2,"{""distance"":5,""physical_error_rate"":0.0005}","{""detection_events"":997,""detectors_checked"":458752}"
         1,         0,         0,   0.000,standalone_exact_mw,503ee55b5ad1b1988379a241a0405811522ee4d50b473755532ad1299cb121e2,"{""distance"":5,""physical_error_rate"":0.0005}","{""detectors_checked"":224}"
     38912,         0,         0,    1.10,standalone_exact_mw,29ae76c7f86edcd2f56343e8109d8463cbc736644db4e57527101e2f1c3606c8,"{""distance"":5,""physical_error_rate"":0.0002}","{""detection_events"":6894,""detectors_checked"":8716288}"
      1296,         0,         0,   0.065,standalone_exact_mw,503ee55b5ad1b1988379a241a0405811522ee4d50b473755532ad1299cb121e2,"{""distance"":5,""physical_error_rate"":0.0005}","{""detection_events"":591,""detectors_checked"":290304}"
      3072,         0,         0,   0.146,standalone_exact_mw,503ee55b5ad1b1988379a241a0405811522ee4d50b473755532ad1299cb121e2,"{""distance"":5,""physical_error_rate"":0.0005}","{""detection_events"":1449,""detectors_checked"":688128}"
      1024,         0,         0,   0.046,standalone_exact_mw,503ee55b5ad1b1988379a241a0405811522ee4d50b473755532ad1299cb121e2,"{""distance"":5,""physical_error_rate"":0.0005}","{""detection_events"":472,""detectors_checked"":229376}"
      1024,         0,         0,   0.035,standalone_exact_mw,503ee55b5ad1b1988379a241a0405811522ee4d50b473755532ad1299cb121e2,"{""distance"":5,""physical_error_rate"":0.0005}","{""detection_events"":488,""detectors_checked"":229376}"
      1024,         0,         0,   0.034,standalone_exact_mw,503ee55b5ad1b1988379a241a0405811522ee4d50b473755532ad1299cb121e2,"{""distance"":5,""physical_error_rate"":0.0005}","{""detection_events"":509,""detectors_checked"":229376}"
      3072,         0,         0,   0.164,standalone_exact_mw,503ee55b5ad1b1988379a241a0405811522ee4d50b473755532ad1299cb121e2,"{""distance"":5,""physical_error_rate"":0.0005}","{""detection_events"":1422,""detectors_checked"":688128}"
         1,         0,         0,   0.000,standalone_exact_mw,29ae76c7f86edcd2f56343e8109d8463cbc736644db4e57527101e2f1c3606c8,"{""distance"":5,""physical_error_rate"":0.0002}","{""detectors_checked"":224}"
      2048,         0,         0,   0.096,standalone_exact_mw,503ee55b5ad1b1988379a241a0405811522ee4d50b473755532ad1299cb121e2,"{""distance"":5,""physical_error_rate"":0.0005}","{""detection_events"":923,""detectors_checked"":458752}"
      1296,         0,         0,   0.053,standalone_exact_mw,29ae76c7f86edcd2f56343e8109d8463cbc736644db4e57527101e2f1c3606c8,"{""distance"":5,""physical_error_rate"":0.0002}","{""detection_events"":276,""detectors_checked"":290304}"
         1,         0,         0,   0.000,standalone_exact_mw,503ee55b5ad1b1988379a241a0405811522ee4d50b473755532ad1299cb121e2,"{""distance"":5,""physical_error_rate"":0.0005}","{""detectors_checked"":224}"
      1024,         0,         0,   0.031,standalone_exact_mw,29ae76c7f86edcd2f56343e8109d8463cbc736644db4e57527101e2f1c3606c8,"{""distance"":5,""physical_error_rate"":0.0002}","{""detection_events"":220,""detectors_checked"":229376}"
       272,         0,         0,   0.015,standalone_exact_mw,503ee55b5ad1b1988379a241a0405811522ee4d50b473755532ad1299cb121e2,"{""distance"":5,""physical_error_rate"":0.0005}","{""detection_events"":132,""detectors_checked"":60928}"
      2048,         0,         0,   0.084,standalone_exact_mw,503ee55b5ad1b1988379a241a0405811522ee4d50b473755532ad1299cb121e2,"{""distance"":5,""physical_error_rate"":0.0005}","{""detection_events"":957,""detectors_checked"":458752}"
      1024,         0,         0,   0.034,standalone_exact_mw,29ae76c7f86edcd2f56343e8109d8463cbc736644db4e57527101e2f1c3606c8,"{""distance"":5,""physical_error_rate"":0.0002}","{""detection_events"":200,""detectors_checked"":229376}"
      1024,         0,         0,   0.048,standalone_exact_mw,503ee55b5ad1b1988379a241a0405811522ee4d50b473755532ad1299cb121e2,"{""distance"":5,""physical_error_rate"":0.0005}","{""detection_events"":440,""detectors_checked"":229376}"
      1024,         0,         0,   0.025,standalone_exact_mw,29ae76c7f86edcd2f56343e8109d8463cbc736644db4e57527101e2f1c3606c8,"{""distance"":5,""physical_error_rate"":0.0002}","{""detection_events"":209,""detectors_checked"":229376}"
      1024,         0,         0,   0.033,standalone_exact_mw,503ee55b5ad1b1988379a241a0405811522ee4d50b473755532ad1299cb121e2,"{""distance"":5,""physical_error_rate"":0.0005}","{""detection_events"":459,""detectors_checked"":229376}"
      5120,         0,         0,   0.279,standalone_exact_mw,503ee55b5ad1b1988379a241a0405811522ee4d50b473755532ad1299cb121e2,"{""distance"":5,""physical_error_rate"":0.0005}","{""detection_events"":2580,""detectors_checked"":1146880}"
      1024,         0,         0,   0.034,standalone_exact_mw,503ee55b5ad1b1988379a241a0405811522ee4d50b473755532ad1299cb121e2,"{""distance"":5,""physical_error_rate"":0.0005}","{""detection_events"":427,""detectors_checked"":229376}"
      2048,         0,         0,   0.122,standalone_exact_mw,503ee55b5ad1b1988379a241a0405811522ee4d50b473755532ad1299cb121e2,"{""distance"":5,""physical_error_rate"":0.0005}","{""detection_events"":1019,""detectors_checked"":458752}"
      2048,         0,         0,   0.099,standalone_exact_mw,29ae76c7f86edcd2f56343e8109d8463cbc736644db4e57527101e2f1c3606c8,"{""distance"":5,""physical_error_rate"":0.0002}","{""detection_events"":337,""detectors_checked"":458752}"
       273,         0,         0,   0.025,standalone_exact_mw,29ae76c7f86edcd2f56343e8109d8463cbc736644db4e57527101e2f1c3606c8,"{""distance"":5,""physical_error_rate"":0.0002}","{""detection_events"":39,""detectors_checked"":61152}"
      1024,         0,         0,   0.072,standalone_exact_mw,503ee55b5ad1b1988379a241a0405811522ee4d50b473755532ad1299cb121e2,"{""distance"":5,""physical_error_rate"":0.0005}","{""detection_events"":549,""detectors_checked"":229376}"
         1,         0,         0,   0.001,standalone_exact_mw,503ee55b5ad1b1988379a241a0405811522ee4d50b473755532ad1299cb121e2,"{""distance"":5,""physical_error_rate"":0.0005}","{""detection_events"":4,""detectors_checked"":224}"
      1024,         0,         0,   0.033,standalone_exact_mw,29ae76c7f86edcd2f56343e8109d8463cbc736644db4e57527101e2f1c3606c8,"{""distance"":5,""physical_error_rate"":0.0002}","{""detection_events"":225,""detectors_checked"":229376}"
      2048,         0,         0,   0.100,standalone_exact_mw,29ae76c7f86edcd2f56343e8109d8463cbc736644db4e57527101e2f1c3606c8,"{""distance"":5,""physical_error_rate"":0.0002}","{""detection_events"":351,""detectors_checked"":458752}"
      1024,         0,         0,   0.031,standalone_exact_mw,29ae76c7f86edcd2f56343e8109d8463cbc736644db4e57527101e2f1c3606c8,"{""distance"":5,""physical_error_rate"":0.0002}","{""detection_events"":204,""detectors_checked"":229376}"
      1296,         0,         0,   0.047,standalone_exact_mw,503ee55b5ad1b1988379a241a0405811522ee4d50b473755532ad1299cb121e2,"{""distance"":5,""physical_error_rate"":0.0005}","{""detection_events"":596,""detectors_checked"":290304}"
      1024,         0,         0,   0.031,standalone_exact_mw,29ae76c7f86edcd2f56343e8109d8463cbc736644db4e57527101e2f1c3606c8,"{""distance"":5,""physical_error_rate"":0.0002}","{""detection_events"":199,""detectors_checked"":229376}"
      2048,         0,         0,   0.107,standalone_exact_mw,503ee55b5ad1b1988379a241a0405811522ee4d50b473755532ad1299cb121e2,"{""distance"":5,""physical_error_rate"":0.0005}","{""detection_events"":987,""detectors_checked"":458752}"
      1024,         0,         0,   0.033,standalone_exact_mw,503ee55b5ad1b1988379a241a0405811522ee4d50b473755532ad1299cb121e2,"{""distance"":5,""physical_error_rate"":0.0005}","{""detection_events"":482,""detectors_checked"":229376}"
       273,         0,         0,   0.018,standalone_exact_mw,29ae76c7f86edcd2f56343e8109d8463cbc736644db4e57527101e2f1c3606c8,"{""distance"":5,""physical_error_rate"":0.0002}","{""detection_events"":39,""detectors_checked"":61152}"
      1024,         0,         0,   0.052,standalone_exact_mw,29ae76c7f86edcd2f56343e8109d8463cbc736644db4e57527101e2f1c3606c8,"{""distance"":5,""physical_error_rate"":0.0002}","{""detection_events"":194,""detectors_checked"":229376}"
      3072,         0,         0,   0.199,standalone_exact_mw,503ee55b5ad1b1988379a241a0405811522ee4d50b473755532ad1299cb121e2,"{""distance"":5,""physical_error_rate"":0.0005}","{""detection_events"":1423,""detectors_checked"":688128}"
      1024,         0,         0,   0.029,standalone_exact_mw,29ae76c7f86edcd2f56343e8109d8463cbc736644db4e57527101e2f1c3606c8,"{""distance"":5,""physical_error_rate"":0.0002}","{""detection_events"":205,""detectors_checked"":229376}"
      2048,         0,         0,   0.081,standalone_exact_mw,503ee55b5ad1b1988379a241a0405811522ee4d50b473755532ad1299cb121e2,"{""distance"":5,""physical_error_rate"":0.0005}","{""detection_events"":1026,""detectors_checked"":458752}"
      3072,         0,         0,   0.149,standalone_exact_mw,29ae76c7f86edcd2f56343e8109d8463cbc736644db4e57527101e2f1c3606c8,"{""distance"":5,""physical_error_rate"":0.0002}","{""detection_events"":561,""detectors_checked"":688128}"
      1024,         0,         0,   0.028,standalone_exact_mw,29ae76c7f86edcd2f56343e8109d8463cbc736644db4e57527101e2f1c3606c8,"{""distance"":5,""physical_error_rate"":0.0002}","{""detection_events"":166,""detectors_checked"":229376}"
      2048,         0,         0,   0.114,standalone_exact_mw,503ee55b5ad1b1988379a241a0405811522ee4d50b473755532ad1299cb121e2,"{""distance"":5,""physical_error_rate"":0.0005}","{""detection_events"":946,""detectors_checked"":458752}"
     45056,         0,         0,    1.09,standalone_exact_mw,29ae76c7f86edcd2f56343e8109d8463cbc736644db4e57527101e2f1c3606c8,"{""distance"":5,""physical_error_rate"":0.0002}","{""detection_events"":8414,""detectors_checked"":10092544}"
      2048,         0,         0,   0.082,standalone_exact_mw,29ae76c7f86edcd2f56343e8109d8463cbc736644db4e57527101e2f1c3606c8,"{""distance"":5,""physical_error_rate"":0.0002}","{""detection_events"":397,""detectors_checked"":458752}"
      5120,         0,         0,   0.324,standalone_exact_mw,503ee55b5ad1b1988379a241a0405811522ee4d50b473755532ad1299cb121e2,"{""distance"":5,""physical_error_rate"":0.0005}","{""detection_events"":2380,""detectors_checked"":1146880}"
      2048,         0,         0,   0.051,standalone_exact_mw,29ae76c7f86edcd2f56343e8109d8463cbc736644db4e57527101e2f1c3606c8,"{""distance"":5,""physical_error_rate"":0.0002}","{""detection_events"":437,""detectors_checked"":458752}"
      2048,         0,         0,   0.086,standalone_exact_mw,503ee55b5ad1b1988379a241a0405811522ee4d50b473755532ad1299cb121e2,"{""distance"":5,""physical_error_rate"":0.0005}","{""detection_events"":970,""detectors_checked"":458752}"
      1024,         0,         0,   0.030,standalone_exact_mw,29ae76c7f86edcd2f56343e8109d8463cbc736644db4e57527101e2f1c3606c8,"{""distance"":5,""physical_error_rate"":0.0002}","{""detection_events"":197,""detectors_checked"":229376}"
      2048,         0,         0,   0.059,standalone_exact_mw,503ee55b5ad1b1988379a241a0405811522ee4d50b473755532ad1299cb121e2,"{""distance"":5,""physical_error_rate"":0.0005}","{""detection_events"":989,""detectors_checked"":458752}"
      3072,         0,         0,   0.114,standalone_exact_mw,29ae76c7f86edcd2f56343e8109d8463cbc736644db4e57527101e2f1c3606c8,"{""distance"":5,""physical_error_rate"":0.0002}","{""detection_events"":576,""detectors_checked"":688128}"
      3072,         0,         0,   0.151,standalone_exact_mw,29ae76c7f86edcd2f56343e8109d8463cbc736644db4e57527101e2f1c3606c8,"{""distance"":5,""physical_error_rate"":0.0002}","{""detection_events"":591,""detectors_checked"":688128}"
      2048,         0,         0,   0.058,standalone_exact_mw,29ae76c7f86edcd2f56343e8109d8463cbc736644db4e57527101e2f1c3606c8,"{""distance"":5,""physical_error_rate"":0.0002}","{""detection_events"":390,""detectors_checked"":458752}"
      4096,         0,         0,   0.251,standalone_exact_mw,503ee55b5ad1b1988379a241a0405811522ee4d50b473755532ad1299cb121e2,"{""distance"":5,""physical_error_rate"":0.0005}","{""detection_events"":1766,""detectors_checked"":917504}"
      4096,         0,         0,   0.191,standalone_exact_mw,503ee55b5ad1b1988379a241a0405811522ee4d50b473755532ad1299cb121e2,"{""distance"":5,""physical_error_rate"":0.0005}","{""detection_events"":1826,""detectors_checked"":917504}"
      2048,         0,         0,   0.066,standalone_exact_mw,503ee55b5ad1b1988379a241a0405811522ee4d50b473755532ad1299cb121e2,"{""distance"":5,""physical_error_rate"":0.0005}","{""detection_events"":918,""detectors_checked"":458752}"
      3072,         0,         0,   0.081,standalone_exact_mw,29ae76c7f86edcd2f56343e8109d8463cbc736644db4e57527101e2f1c3606c8,"{""distance"":5,""physical_error_rate"":0.0002}","{""detection_events"":544,""detectors_checked"":688128}"
      3072,         0,         0,   0.114,standalone_exact_mw,29ae76c7f86edcd2f56343e8109d8463cbc736644db4e57527101e2f1c3606c8,"{""distance"":5,""physical_error_rate"":0.0002}","{""detection_events"":582,""detectors_checked"":688128}"
      3072,         0,         0,   0.123,standalone_exact_mw,503ee55b5ad1b1988379a241a0405811522ee4d50b473755532ad1299cb121e2,"{""distance"":5,""physical_error_rate"":0.0005}","{""detection_events"":1415,""detectors_checked"":688128}"
      4096,         0,         0,   0.107,standalone_exact_mw,29ae76c7f86edcd2f56343e8109d8463cbc736644db4e57527101e2f1c3606c8,"{""distance"":5,""physical_error_rate"":0.0002}","{""detection_events"":744,""detectors_checked"":917504}"
      5120,         0,         0,   0.250,standalone_exact_mw,29ae76c7f86edcd2f56343e8109d8463cbc736644db4e57527101e2f1c3606c8,"{""distance"":5,""physical_error_rate"":0.0002}","{""detection_events"":957,""detectors_checked"":1146880}"
      5120,         0,         0,   0.254,standalone_exact_mw,503ee55b5ad1b1988379a241a0405811522ee4d50b473755532ad1299cb121e2,"{""distance"":5,""physical_error_rate"":0.0005}","{""detection_events"":2290,""detectors_checked"":1146880}"
      5120,         0,         0,   0.197,standalone_exact_mw,29ae76c7f86edcd2f56343e8109d8463cbc736644db4e57527101e2f1c3606c8,"{""distance"":5,""physical_error_rate"":0.0002}","{""detection_events"":906,""detectors_checked"":1146880}"
      7168,         0,         0,   0.456,standalone_exact_mw,503ee55b5ad1b1988379a241a0405811522ee4d50b473755532ad1299cb121e2,"{""distance"":5,""physical_error_rate"":0.0005}","{""detection_events"":3367,""detectors_checked"":1605632}"
      5120,         0,         0,   0.304,standalone_exact_mw,503ee55b5ad1b1988379a241a0405811522ee4d50b473755532ad1299cb121e2,"{""distance"":5,""physical_error_rate"":0.0005}","{""detection_events"":2248,""detectors_checked"":1146880}"
      4096,         0,         0,   0.160,standalone_exact_mw,503ee55b5ad1b1988379a241a0405811522ee4d50b473755532ad1299cb121e2,"{""distance"":5,""physical_error_rate"":0.0005}","{""detection_events"":1855,""detectors_checked"":917504}"
      5120,         0,         0,   0.155,standalone_exact_mw,29ae76c7f86edcd2f56343e8109d8463cbc736644db4e57527101e2f1c3606c8,"{""distance"":5,""physical_error_rate"":0.0002}","{""detection_events"":962,""detectors_checked"":1146880}"
        17,         0,         0,   0.001,standalone_exact_mw,29ae76c7f86edcd2f56343e8109d8463cbc736644db4e57527101e2f1c3606c8,"{""distance"":5,""physical_error_rate"":0.0002}","{""detection_events"":2,""detectors_checked"":3808}"
      1280,         0,         0,   0.020,standalone_exact_mw,29ae76c7f86edcd2f56343e8109d8463cbc736644db4e57527101e2f1c3606c8,"{""distance"":5,""physical_error_rate"":0.0002}","{""detection_events"":208,""detectors_checked"":286720}"
      1024,         0,         0,   0.010,standalone_exact_mw,29ae76c7f86edcd2f56343e8109d8463cbc736644db4e57527101e2f1c3606c8,"{""distance"":5,""physical_error_rate"":0.0002}","{""detection_events"":184,""detectors_checked"":229376}"
      6144,         0,         0,   0.228,standalone_exact_mw,29ae76c7f86edcd2f56343e8109d8463cbc736644db4e57527101e2f1c3606c8,"{""distance"":5,""physical_error_rate"":0.0002}","{""detection_events"":1155,""detectors_checked"":1376256}"
      2048,         0,         0,   0.033,standalone_exact_mw,29ae76c7f86edcd2f56343e8109d8463cbc736644db4e57527101e2f1c3606c8,"{""distance"":5,""physical_error_rate"":0.0002}","{""detection_events"":380,""detectors_checked"":458752}"
      6144,         0,         0,   0.299,standalone_exact_mw,29ae76c7f86edcd2f56343e8109d8463cbc736644db4e57527101e2f1c3606c8,"{""distance"":5,""physical_error_rate"":0.0002}","{""detection_events"":1077,""detectors_checked"":1376256}"
      8192,         0,         0,   0.222,standalone_exact_mw,29ae76c7f86edcd2f56343e8109d8463cbc736644db4e57527101e2f1c3606c8,"{""distance"":5,""physical_error_rate"":0.0002}","{""detection_events"":1486,""detectors_checked"":1835008}"
      6144,         0,         0,   0.237,standalone_exact_mw,503ee55b5ad1b1988379a241a0405811522ee4d50b473755532ad1299cb121e2,"{""distance"":5,""physical_error_rate"":0.0005}","{""detection_events"":2851,""detectors_checked"":1376256}"
     41984,         0,         0,    1.52,standalone_exact_mw,29ae76c7f86edcd2f56343e8109d8463cbc736644db4e57527101e2f1c3606c8,"{""distance"":5,""physical_error_rate"":0.0002}","{""detection_events"":7841,""detectors_checked"":9404416}"
      2048,         0,         0,   0.047,standalone_exact_mw,29ae76c7f86edcd2f56343e8109d8463cbc736644db4e57527101e2f1c3606c8,"{""distance"":5,""physical_error_rate"":0.0002}","{""detection_events"":357,""detectors_checked"":458752}"
      6144,         0,         0,   0.309,standalone_exact_mw,503ee55b5ad1b1988379a241a0405811522ee4d50b473755532ad1299cb121e2,"{""distance"":5,""physical_error_rate"":0.0005}","{""detection_events"":2935,""detectors_checked"":1376256}"
      2048,         0,         0,   0.055,standalone_exact_mw,29ae76c7f86edcd2f56343e8109d8463cbc736644db4e57527101e2f1c3606c8,"{""distance"":5,""physical_error_rate"":0.0002}","{""detection_events"":386,""detectors_checked"":458752}"
      7168,         0,         0,   0.419,standalone_exact_mw,503ee55b5ad1b1988379a241a0405811522ee4d50b473755532ad1299cb121e2,"{""distance"":5,""physical_error_rate"":0.0005}","{""detection_events"":3192,""detectors_checked"":1605632}"
      3072,         0,         0,   0.105,standalone_exact_mw,29ae76c7f86edcd2f56343e8109d8463cbc736644db4e57527101e2f1c3606c8,"{""distance"":5,""physical_error_rate"":0.0002}","{""detection_events"":579,""detectors_checked"":688128}"
      8192,         0,         0,   0.332,standalone_exact_mw,29ae76c7f86edcd2f56343e8109d8463cbc736644db4e57527101e2f1c3606c8,"{""distance"":5,""physical_error_rate"":0.0002}","{""detection_events"":1520,""detectors_checked"":1835008}"
      4096,         0,         0,   0.112,standalone_exact_mw,29ae76c7f86edcd2f56343e8109d8463cbc736644db4e57527101e2f1c3606c8,"{""distance"":5,""physical_error_rate"":0.0002}","{""detection_events"":823,""detectors_checked"":917504}"
     10240,         0,         0,   0.293,standalone_exact_mw,29ae76c7f86edcd2f56343e8109d8463cbc736644db4e57527101e2f1c3606c8,"{""distance"":5,""physical_error_rate"":0.0002}","{""detection_events"":1890,""detectors_checked"":2293760}"
      8192,         0,         0,   0.292,standalone_exact_mw,503ee55b5ad1b1988379a241a0405811522ee4d50b473755532ad1299cb121e2,"{""distance"":5,""physical_error_rate"":0.0005}","{""detection_events"":3907,""detectors_checked"":1835008}"
     11264,         0,         0,   0.594,standalone_exact_mw,503ee55b5ad1b1988379a241a0405811522ee4d50b473755532ad1299cb121e2,"{""distance"":5,""physical_error_rate"":0.0005}","{""detection_events"":5139,""detectors_checked"":2523136}"
     14336,         0,         0,   0.386,standalone_exact_mw,29ae76c7f86edcd2f56343e8109d8463cbc736644db4e57527101e2f1c3606c8,"{""distance"":5,""physical_error_rate"":0.0002}","{""detection_events"":2645,""detectors_checked"":3211264}"
      8192,         0,         0,   0.417,standalone_exact_mw,503ee55b5ad1b1988379a241a0405811522ee4d50b473755532ad1299cb121e2,"{""distance"":5,""physical_error_rate"":0.0005}","{""detection_events"":3850,""detectors_checked"":1835008}"
      4096,         0,         0,   0.171,standalone_exact_mw,29ae76c7f86edcd2f56343e8109d8463cbc736644db4e57527101e2f1c3606c8,"{""distance"":5,""physical_error_rate"":0.0002}","{""detection_events"":853,""detectors_checked"":917504}"
     14336,         0,         0,   0.402,standalone_exact_mw,29ae76c7f86edcd2f56343e8109d8463cbc736644db4e57527101e2f1c3606c8,"{""distance"":5,""physical_error_rate"":0.0002}","{""detection_events"":2752,""detectors_checked"":3211264}"
     11264,         0,         0,   0.425,standalone_exact_mw,29ae76c7f86edcd2f56343e8109d8463cbc736644db4e57527101e2f1c3606c8,"{""distance"":5,""physical_error_rate"":0.0002}","{""detection_events"":2103,""detectors_checked"":2523136}"
      5120,         0,         0,   0.250,standalone_exact_mw,29ae76c7f86edcd2f56343e8109d8463cbc736644db4e57527101e2f1c3606c8,"{""distance"":5,""physical_error_rate"":0.0002}","{""detection_events"":922,""detectors_checked"":1146880}"
     11264,         0,         0,   0.409,standalone_exact_mw,503ee55b5ad1b1988379a241a0405811522ee4d50b473755532ad1299cb121e2,"{""distance"":5,""physical_error_rate"":0.0005}","{""detection_events"":5132,""detectors_checked"":2523136}"
     12288,         0,         0,   0.591,standalone_exact_mw,503ee55b5ad1b1988379a241a0405811522ee4d50b473755532ad1299cb121e2,"{""distance"":5,""physical_error_rate"":0.0005}","{""detection_events"":5352,""detectors_checked"":2752512}"
         1,         0,         0,   0.000,standalone_exact_mw,29ae76c7f86edcd2f56343e8109d8463cbc736644db4e57527101e2f1c3606c8,"{""distance"":5,""physical_error_rate"":0.0002}","{""detectors_checked"":224}"
    102400,         0,         0,    3.07,standalone_exact_mw,503ee55b5ad1b1988379a241a0405811522ee4d50b473755532ad1299cb121e2,"{""distance"":5,""physical_error_rate"":0.0005}","{""detection_events"":47158,""detectors_checked"":22937600}"
      1296,         0,         0,   0.034,standalone_exact_mw,29ae76c7f86edcd2f56343e8109d8463cbc736644db4e57527101e2f1c3606c8,"{""distance"":5,""physical_error_rate"":0.0002}","{""detection_events"":230,""detectors_checked"":290304}"
     54272,         0,         0,    1.57,standalone_exact_mw,29ae76c7f86edcd2f56343e8109d8463cbc736644db4e57527101e2f1c3606c8,"{""distance"":5,""physical_error_rate"":0.0002}","{""detection_events"":10034,""detectors_checked"":12156928}"
      1024,         0,         0,   0.031,standalone_exact_mw,29ae76c7f86edcd2f56343e8109d8463cbc736644db4e57527101e2f1c3606c8,"{""distance"":5,""physical_error_rate"":0.0002}","{""detection_events"":169,""detectors_checked"":229376}"
      1024,         0,         0,   0.031,standalone_exact_mw,29ae76c7f86edcd2f56343e8109d8463cbc736644db4e57527101e2f1c3606c8,"{""distance"":5,""physical_error_rate"":0.0002}","{""detection_events"":148,""detectors_checked"":229376}"
     16384,         0,         0,   0.586,standalone_exact_mw,29ae76c7f86edcd2f56343e8109d8463cbc736644db4e57527101e2f1c3606c8,"{""distance"":5,""physical_error_rate"":0.0002}","{""detection_events"":2886,""detectors_checked"":3670016}"
      1024,         0,         0,   0.031,standalone_exact_mw,29ae76c7f86edcd2f56343e8109d8463cbc736644db4e57527101e2f1c3606c8,"{""distance"":5,""physical_error_rate"":0.0002}","{""detection_events"":200,""detectors_checked"":229376}"
      8192,         0,         0,   0.298,standalone_exact_mw,29ae76c7f86edcd2f56343e8109d8463cbc736644db4e57527101e2f1c3606c8,"{""distance"":5,""physical_error_rate"":0.0002}","{""detection_events"":1333,""detectors_checked"":1835008}"
     11264,         0,         0,   0.586,standalone_exact_mw,503ee55b5ad1b1988379a241a0405811522ee4d50b473755532ad1299cb121e2,"{""distance"":5,""physical_error_rate"":0.0005}","{""detection_events"":5301,""detectors_checked"":2523136}"
      2048,         0,         0,   0.059,standalone_exact_mw,29ae76c7f86edcd2f56343e8109d8463cbc736644db4e57527101e2f1c3606c8,"{""distance"":5,""physical_error_rate"":0.0002}","{""detection_events"":386,""detectors_checked"":458752}"
      2048,         0,         0,   0.082,standalone_exact_mw,29ae76c7f86edcd2f56343e8109d8463cbc736644db4e57527101e2f1c3606c8,"{""distance"":5,""physical_error_rate"":0.0002}","{""detection_events"":356,""detectors_checked"":458752}"
     16384,         0,         0,   0.800,standalone_exact_mw,503ee55b5ad1b1988379a241a0405811522ee4d50b473755532ad1299cb121e2,"{""distance"":5,""physical_error_rate"":0.0005}","{""detection_events"":7714,""detectors_checked"":3670016}"
         1,         0,         0,   0.001,standalone_exact_mw,29ae76c7f86edcd2f56343e8109d8463cbc736644db4e57527101e2f1c3606c8,"{""distance"":5,""physical_error_rate"":0.0002}","{""detection_events"":1,""detectors_checked"":224}"
      1296,         0,         0,   0.045,standalone_exact_mw,29ae76c7f86edcd2f56343e8109d8463cbc736644db4e57527101e2f1c3606c8,"{""distance"":5,""physical_error_rate"":0.0002}","{""detection_events"":217,""detectors_checked"":290304}"
      3072,         0,         0,   0.135,standalone_exact_mw,29ae76c7f86edcd2f56343e8109d8463cbc736644db4e57527101e2f1c3606c8,"{""distance"":5,""physical_error_rate"":0.0002}","{""detection_events"":600,""detectors_checked"":688128}"
     13312,         0,         0,   0.552,standalone_exact_mw,29ae76c7f86edcd2f56343e8109d8463cbc736644db4e57527101e2f1c3606c8,"{""distance"":5,""physical_error_rate"":0.0002}","{""detection_events"":2556,""detectors_checked"":2981888}"
      1024,         0,         0,   0.038,standalone_exact_mw,29ae76c7f86edcd2f56343e8109d8463cbc736644db4e57527101e2f1c3606c8,"{""distance"":5,""physical_error_rate"":0.0002}","{""detection_events"":222,""detectors_checked"":229376}"
     10240,         0,         0,   0.565,standalone_exact_mw,503ee55b5ad1b1988379a241a0405811522ee4d50b473755532ad1299cb121e2,"{""distance"":5,""physical_error_rate"":0.0005}","{""detection_events"":4898,""detectors_checked"":2293760}"
      1024,         0,         0,   0.034,standalone_exact_mw,29ae76c7f86edcd2f56343e8109d8463cbc736644db4e57527101e2f1c3606c8,"{""distance"":5,""physical_error_rate"":0.0002}","{""detection_events"":177,""detectors_checked"":229376}"
     17408,         0,         0,   0.614,standalone_exact_mw,29ae76c7f86edcd2f56343e8109d8463cbc736644db4e57527101e2f1c3606c8,"{""distance"":5,""physical_error_rate"":0.0002}","{""detection_events"":3302,""detectors_checked"":3899392}"
       273,         0,         0,   0.026,standalone_exact_mw,503ee55b5ad1b1988379a241a0405811522ee4d50b473755532ad1299cb121e2,"{""distance"":5,""physical_error_rate"":0.0005}","{""detection_events"":121,""detectors_checked"":61152}"
      1024,         0,         0,   0.035,standalone_exact_mw,503ee55b5ad1b1988379a241a0405811522ee4d50b473755532ad1299cb121e2,"{""distance"":5,""physical_error_rate"":0.0005}","{""detection_events"":572,""detectors_checked"":229376}"
      2048,         0,         0,   0.087,standalone_exact_mw,29ae76c7f86edcd2f56343e8109d8463cbc736644db4e57527101e2f1c3606c8,"{""distance"":5,""physical_error_rate"":0.0002}","{""detection_events"":333,""detectors_checked"":458752}"
      4096,         0,         0,   0.143,standalone_exact_mw,29ae76c7f86edcd2f56343e8109d8463cbc736644db4e57527101e2f1c3606c8,"{""distance"":5,""physical_error_rate"":0.0002}","{""detection_events"":791,""detectors_checked"":917504}"
      1024,         0,         0,   0.035,standalone_exact_mw,503ee55b5ad1b1988379a241a0405811522ee4d50b473755532ad1299cb121e2,"{""distance"":5,""physical_error_rate"":0.0005}","{""detection_events"":410,""detectors_checked"":229376}"
     10240,         0,         0,   0.430,standalone_exact_mw,29ae76c7f86edcd2f56343e8109d8463cbc736644db4e57527101e2f1c3606c8,"{""distance"":5,""physical_error_rate"":0.0002}","{""detection_events"":1800,""detectors_checked"":2293760}"
      1024,         0,         0,   0.034,standalone_exact_mw,503ee55b5ad1b1988379a241a0405811522ee4d50b473755532ad1299cb121e2,"{""distance"":5,""physical_error_rate"":0.0005}","{""detection_events"":534,""detectors_checked"":229376}"
      2048,         0,         0,   0.084,standalone_exact_mw,29ae76c7f86edcd2f56343e8109d8463cbc736644db4e57527101e2f1c3606c8,"{""distance"":5,""physical_error_rate"":0.0002}","{""detection_events"":366,""detectors_checked"":458752}"
      1024,         0,         0,   0.057,standalone_exact_mw,503ee55b5ad1b1988379a241a0405811522ee4d50b473755532ad1299cb121e2,"{""distance"":5,""physical_error_rate"":0.0005}","{""detection_events"":371,""detectors_checked"":229376}"
      2048,         0,         0,   0.080,standalone_exact_mw,29ae76c7f86edcd2f56343e8109d8463cbc736644db4e57527101e2f1c3606c8,"{""distance"":5,""physical_error_rate"":0.0002}","{""detection_events"":466,""detectors_checked"":458752}"
     16384,         0,         0,   0.817,standalone_exact_mw,503ee55b5ad1b1988379a241a0405811522ee4d50b473755532ad1299cb121e2,"{""distance"":5,""physical_error_rate"":0.0005}","{""detection_events"":7775,""detectors_checked"":3670016}"
      5120,         0,         0,   0.194,standalone_exact_mw,29ae76c7f86edcd2f56343e8109d8463cbc736644db4e57527101e2f1c3606c8,"{""distance"":5,""physical_error_rate"":0.0002}","{""detection_events"":878,""detectors_checked"":1146880}"
      2048,         0,         0,   0.093,standalone_exact_mw,503ee55b5ad1b1988379a241a0405811522ee4d50b473755532ad1299cb121e2,"{""distance"":5,""physical_error_rate"":0.0005}","{""detection_events"":905,""detectors_checked"":458752}"
      3072,         0,         0,   0.095,standalone_exact_mw,29ae76c7f86edcd2f56343e8109d8463cbc736644db4e57527101e2f1c3606c8,"{""distance"":5,""physical_error_rate"":0.0002}","{""detection_events"":633,""detectors_checked"":688128}"
     27648,         0,         0,   0.806,standalone_exact_mw,29ae76c7f86edcd2f56343e8109d8463cbc736644db4e57527101e2f1c3606c8,"{""distance"":5,""physical_error_rate"":0.0002}","{""detection_events"":5246,""detectors_checked"":6193152}"
      2048,         0,         0,   0.109,standalone_exact_mw,503ee55b5ad1b1988379a241a0405811522ee4d50b473755532ad1299cb121e2,"{""distance"":5,""physical_error_rate"":0.0005}","{""detection_events"":1022,""detectors_checked"":458752}"
     15360,         0,         0,   0.803,standalone_exact_mw,503ee55b5ad1b1988379a241a0405811522ee4d50b473755532ad1299cb121e2,"{""distance"":5,""physical_error_rate"":0.0005}","{""detection_events"":7360,""detectors_checked"":3440640}"
      4096,         0,         0,   0.165,standalone_exact_mw,29ae76c7f86edcd2f56343e8109d8463cbc736644db4e57527101e2f1c3606c8,"{""distance"":5,""physical_error_rate"":0.0002}","{""detection_events"":771,""detectors_checked"":917504}"
       273,         0,         0,   0.025,standalone_exact_mw,29ae76c7f86edcd2f56343e8109d8463cbc736644db4e57527101e2f1c3606c8,"{""distance"":5,""physical_error_rate"":0.0002}","{""detection_events"":57,""detectors_checked"":61152}"
      1024,         0,         0,   0.032,standalone_exact_mw,29ae76c7f86edcd2f56343e8109d8463cbc736644db4e57527101e2f1c3606c8,"{""distance"":5,""physical_error_rate"":0.0002}","{""detection_events"":178,""detectors_checked"":229376}"
      3072,         0,         0,   0.142,standalone_exact_mw,503ee55b5ad1b1988379a241a0405811522ee4d50b473755532ad1299cb121e2,"{""distance"":5,""physical_error_rate"":0.0005}","{""detection_events"":1413,""detectors_checked"":688128}"
      7168,         0,         0,   0.299,standalone_exact_mw,29ae76c7f86edcd2f56343e8109d8463cbc736644db4e57527101e2f1c3606c8,"{""distance"":5,""physical_error_rate"":0.0002}","{""detection_events"":1200,""detectors_checked"":1605632}"
      1024,         0,         0,   0.051,standalone_exact_mw,29ae76c7f86edcd2f56343e8109d8463cbc736644db4e57527101e2f1c3606c8,"{""distance"":5,""physical_error_rate"":0.0002}","{""detection_events"":138,""detectors_checked"":229376}"
      1024,         0,         0,   0.031,standalone_exact_mw,29ae76c7f86edcd2f56343e8109d8463cbc736644db4e57527101e2f1c3606c8,"{""distance"":5,""physical_error_rate"":0.0002}","{""detection_events"":242,""detectors_checked"":229376}"
      1024,         0,         0,   0.052,standalone_exact_mw,29ae76c7f86edcd2f56343e8109d8463cbc736644db4e57527101e2f1c3606c8,"{""distance"":5,""physical_error_rate"":0.0002}","{""detection_events"":174,""detectors_checked"":229376}"
      3072,         0,         0,   0.165,standalone_exact_mw,503ee55b5ad1b1988379a241a0405811522ee4d50b473755532ad1299cb121e2,"{""distance"":5,""physical_error_rate"":0.0005}","{""detection_events"":1550,""detectors_checked"":688128}"
     15360,         0,         0,   0.584,standalone_exact_mw,29ae76c7f86edcd2f56343e8109d8463cbc736644db4e57527101e2f1c3606c8,"{""distance"":5,""physical_error_rate"":0.0002}","{""detection_events"":2985,""detectors_checked"":3440640}"
      6144,         0,         0,   0.208,standalone_exact_mw,29ae76c7f86edcd2f56343e8109d8463cbc736644db4e57527101e2f1c3606c8,"{""distance"":5,""physical_error_rate"":0.0002}","{""detection_events"":1201,""detectors_checked"":1376256}"
     21504,         0,         0,   0.837,standalone_exact_mw,29ae76c7f86edcd2f56343e8109d8463cbc736644db4e57527101e2f1c3606c8,"{""distance"":5,""physical_error_rate"":0.0002}","{""detection_events"":4028,""detectors_checked"":4816896}"
      2048,         0,         0,   0.083,standalone_exact_mw,29ae76c7f86edcd2f56343e8109d8463cbc736644db4e57527101e2f1c3606c8,"{""distance"":5,""physical_error_rate"":0.0002}","{""detection_events"":395,""detectors_checked"":458752}"
     20480,         0,         0,   0.792,standalone_exact_mw,29ae76c7f86edcd2f56343e8109d8463cbc736644db4e57527101e2f1c3606c8,"{""distance"":5,""physical_error_rate"":0.0002}","{""detection_events"":3619,""detectors_checked"":4587520}"
     16384,         0,         0,   0.819,standalone_exact_mw,503ee55b5ad1b1988379a241a0405811522ee4d50b473755532ad1299cb121e2,"{""distance"":5,""physical_error_rate"":0.0005}","{""detection_events"":7782,""detectors_checked"":3670016}"
     61440,         0,         0,    2.16,standalone_exact_mw,29ae76c7f86edcd2f56343e8109d8463cbc736644db4e57527101e2f1c3606c8,"{""distance"":5,""physical_error_rate"":0.0002}","{""detection_events"":11637,""detectors_checked"":13762560}"
      2048,         0,         0,   0.083,standalone_exact_mw,29ae76c7f86edcd2f56343e8109d8463cbc736644db4e57527101e2f1c3606c8,"{""distance"":5,""physical_error_rate"":0.0002}","{""detection_events"":410,""detectors_checked"":458752}"
     21504,         0,         0,    1.13,standalone_exact_mw,503ee55b5ad1b1988379a241a0405811522ee4d50b473755532ad1299cb121e2,"{""distance"":5,""physical_error_rate"":0.0005}","{""detection_events"":10288,""detectors_checked"":4816896}"
      3072,         0,         0,   0.113,standalone_exact_mw,29ae76c7f86edcd2f56343e8109d8463cbc736644db4e57527101e2f1c3606c8,"{""distance"":5,""physical_error_rate"":0.0002}","{""detection_events"":582,""detectors_checked"":688128}"
      5120,         0,         0,   0.230,standalone_exact_mw,503ee55b5ad1b1988379a241a0405811522ee4d50b473755532ad1299cb121e2,"{""distance"":5,""physical_error_rate"":0.0005}","{""detection_events"":2414,""detectors_checked"":1146880}"
     11264,         0,         0,   0.444,standalone_exact_mw,29ae76c7f86edcd2f56343e8109d8463cbc736644db4e57527101e2f1c3606c8,"{""distance"":5,""physical_error_rate"":0.0002}","{""detection_events"":2130,""detectors_checked"":2523136}"
      7168,         0,         0,   0.281,standalone_exact_mw,29ae76c7f86edcd2f56343e8109d8463cbc736644db4e57527101e2f1c3606c8,"{""distance"":5,""physical_error_rate"":0.0002}","{""detection_events"":1405,""detectors_checked"":1605632}"
         1,         0,         0,   0.000,standalone_exact_mw,29ae76c7f86edcd2f56343e8109d8463cbc736644db4e57527101e2f1c3606c8,"{""distance"":5,""physical_error_rate"":0.0002}","{""detectors_checked"":224}"
      4096,         0,         0,   0.166,standalone_exact_mw,29ae76c7f86edcd2f56343e8109d8463cbc736644db4e57527101e2f1c3606c8,"{""distance"":5,""physical_error_rate"":0.0002}","{""detection_events"":801,""detectors_checked"":917504}"
         1,         0,         0,   0.000,standalone_exact_mw,503ee55b5ad1b1988379a241a0405811522ee4d50b473755532ad1299cb121e2,"{""distance"":5,""physical_error_rate"":0.0005}","{""detectors_checked"":224}"
      1296,         0,         0,   0.054,standalone_exact_mw,29ae76c7f86edcd2f56343e8109d8463cbc736644db4e57527101e2f1c3606c8,"{""distance"":5,""physical_error_rate"":0.0002}","{""detection_events"":255,""detectors_checked"":290304}"
      1024,         0,         0,   0.031,standalone_exact_mw,29ae76c7f86edcd2f56343e8109d8463cbc736644db4e57527101e2f1c3606c8,"{""distance"":5,""physical_error_rate"":0.0002}","{""detection_events"":205,""detectors_checked"":229376}"
       273,         0,         0,   0.026,standalone_exact_mw,503ee55b5ad1b1988379a241a0405811522ee4d50b473755532ad1299cb121e2,"{""distance"":5,""physical_error_rate"":0.0005}","{""detection_events"":123,""detectors_checked"":61152}"
      1296,         0,         0,   0.062,standalone_exact_mw,503ee55b5ad1b1988379a241a0405811522ee4d50b473755532ad1299cb121e2,"{""distance"":5,""physical_error_rate"":0.0005}","{""detection_events"":507,""detectors_checked"":290304}"
      1024,         0,         0,   0.030,standalone_exact_mw,29ae76c7f86edcd2f56343e8109d8463cbc736644db4e57527101e2f1c3606c8,"{""distance"":5,""physical_error_rate"":0.0002}","{""detection_events"":203,""detectors_checked"":229376}"
      1024,         0,         0,   0.038,standalone_exact_mw,503ee55b5ad1b1988379a241a0405811522ee4d50b473755532ad1299cb121e2,"{""distance"":5,""physical_error_rate"":0.0005}","{""detection_events"":476,""detectors_checked"":229376}"
      6144,         0,         0,   0.304,standalone_exact_mw,503ee55b5ad1b1988379a241a0405811522ee4d50b473755532ad1299cb121e2,"{""distance"":5,""physical_error_rate"":0.0005}","{""detection_events"":2895,""detectors_checked"":1376256}"
       273,         0,         0,   0.025,standalone_exact_mw,29ae76c7f86edcd2f56343e8109d8463cbc736644db4e57527101e2f1c3606c8,"{""distance"":5,""physical_error_rate"":0.0002}","{""detection_events"":27,""detectors_checked"":61152}"
      1024,         0,         0,   0.064,standalone_exact_mw,503ee55b5ad1b1988379a241a0405811522ee4d50b473755532ad1299cb121e2,"{""distance"":5,""physical_error_rate"":0.0005}","{""detection_events"":463,""detectors_checked"":229376}"
      1024,         0,         0,   0.054,standalone_exact_mw,503ee55b5ad1b1988379a241a0405811522ee4d50b473755532ad1299cb121e2,"{""distance"":5,""physical_error_rate"":0.0005}","{""detection_events"":397,""detectors_checked"":229376}"
      1024,         0,         0,   0.031,standalone_exact_mw,29ae76c7f86edcd2f56343e8109d8463cbc736644db4e57527101e2f1c3606c8,"{""distance"":5,""physical_error_rate"":0.0002}","{""detection_events"":181,""detectors_checked"":229376}"
      1024,         0,         0,   0.035,standalone_exact_mw,503ee55b5ad1b1988379a241a0405811522ee4d50b473755532ad1299cb121e2,"{""distance"":5,""physical_error_rate"":0.0005}","{""detection_events"":458,""detectors_checked"":229376}"
      1024,         0,         0,   0.025,standalone_exact_mw,29ae76c7f86edcd2f56343e8109d8463cbc736644db4e57527101e2f1c3606c8,"{""distance"":5,""physical_error_rate"":0.0002}","{""detection_events"":164,""detectors_checked"":229376}"
      2048,         0,         0,   0.063,standalone_exact_mw,29ae76c7f86edcd2f56343e8109d8463cbc736644db4e57527101e2f1c3606c8,"{""distance"":5,""physical_error_rate"":0.0002}","{""detection_events"":380,""detectors_checked"":458752}"
      1024,         0,         0,   0.034,standalone_exact_mw,503ee55b5ad1b1988379a241a0405811522ee4d50b473755532ad1299cb121e2,"{""distance"":5,""physical_error_rate"":0.0005}","{""detection_events"":506,""detectors_checked"":229376}"
     21504,         0,         0,    1.11,standalone_exact_mw,503ee55b5ad1b1988379a241a0405811522ee4d50b473755532ad1299cb121e2,"{""distance"":5,""physical_error_rate"":0.0005}","{""detection_events"":9828,""detectors_checked"":4816896}"
      6144,         0,         0,   0.242,standalone_exact_mw,29ae76c7f86edcd2f56343e8109d8463cbc736644db4e57527101e2f1c3606c8,"{""distance"":5,""physical_error_rate"":0.0002}","{""detection_events"":1174,""detectors_checked"":1376256}"
      1024,         0,         0,   0.030,standalone_exact_mw,503ee55b5ad1b1988379a241a0405811522ee4d50b473755532ad1299cb121e2,"{""distance"":5,""physical_error_rate"":0.0005}","{""detection_events"":484,""detectors_checked"":229376}"
        17,         0,         0,   0.001,standalone_exact_mw,503ee55b5ad1b1988379a241a0405811522ee4d50b473755532ad1299cb121e2,"{""distance"":5,""physical_error_rate"":0.0005}","{""detection_events"":10,""detectors_checked"":3808}"
      1024,         0,         0,   0.051,standalone_exact_mw,29ae76c7f86edcd2f56343e8109d8463cbc736644db4e57527101e2f1c3606c8,"{""distance"":5,""physical_error_rate"":0.0002}","{""detection_events"":211,""detectors_checked"":229376}"
      1024,         0,         0,   0.055,standalone_exact_mw,503ee55b5ad1b1988379a241a0405811522ee4d50b473755532ad1299cb121e2,"{""distance"":5,""physical_error_rate"":0.0005}","{""detection_events"":538,""detectors_checked"":229376}"
      1024,         0,         0,   0.050,standalone_exact_mw,29ae76c7f86edcd2f56343e8109d8463cbc736644db4e57527101e2f1c3606c8,"{""distance"":5,""physical_error_rate"":0.0002}","{""detection_events"":207,""detectors_checked"":229376}"
      1280,         0,         0,   0.049,standalone_exact_mw,503ee55b5ad1b1988379a241a0405811522ee4d50b473755532ad1299cb121e2,"{""distance"":5,""physical_error_rate"":0.0005}","{""detection_events"":526,""detectors_checked"":286720}"
     11264,         0,         0,   0.427,standalone_exact_mw,29ae76c7f86edcd2f56343e8109d8463cbc736644db4e57527101e2f1c3606c8,"{""distance"":5,""physical_error_rate"":0.0002}","{""detection_events"":2154,""detectors_checked"":2523136}"
      2048,         0,         0,   0.075,standalone_exact_mw,503ee55b5ad1b1988379a241a0405811522ee4d50b473755532ad1299cb121e2,"{""distance"":5,""physical_error_rate"":0.0005}","{""detection_events"":1077,""detectors_checked"":458752}"
      1024,         0,         0,   0.016,standalone_exact_mw,29ae76c7f86edcd2f56343e8109d8463cbc736644db4e57527101e2f1c3606c8,"{""distance"":5,""physical_error_rate"":0.0002}","{""detection_events"":256,""detectors_checked"":229376}"
      1024,         0,         0,   0.024,standalone_exact_mw,503ee55b5ad1b1988379a241a0405811522ee4d50b473755532ad1299cb121e2,"{""distance"":5,""physical_error_rate"":0.0005}","{""detection_events"":507,""detectors_checked"":229376}"
      1024,         0,         0,   0.047,standalone_exact_mw,503ee55b5ad1b1988379a241a0405811522ee4d50b473755532ad1299cb121e2,"{""distance"":5,""physical_error_rate"":0.0005}","{""detection_events"":418,""detectors_checked"":229376}"
      3072,         0,         0,   0.114,standalone_exact_mw,29ae76c7f86edcd2f56343e8109d8463cbc736644db4e57527101e2f1c3606c8,"{""distance"":5,""physical_error_rate"":0.0002}","{""detection_events"":535,""detectors_checked"":688128}"
     21504,         0,         0,   0.813,standalone_exact_mw,29ae76c7f86edcd2f56343e8109d8463cbc736644db4e57527101e2f1c3606c8,"{""distance"":5,""physical_error_rate"":0.0002}","{""detection_events"":3808,""detectors_checked"":4816896}"
      2048,         0,         0,   0.082,standalone_exact_mw,503ee55b5ad1b1988379a241a0405811522ee4d50b473755532ad1299cb121e2,"{""distance"":5,""physical_error_rate"":0.0005}","{""detection_events"":1030,""detectors_checked"":458752}"
      1024,         0,         0,   0.034,standalone_exact_mw,503ee55b5ad1b1988379a241a0405811522ee4d50b473755532ad1299cb121e2,"{""distance"":5,""physical_error_rate"":0.0005}","{""detection_events"":469,""detectors_checked"":229376}"
     35840,         0,         0,    1.13,standalone_exact_mw,29ae76c7f86edcd2f56343e8109d8463cbc736644db4e57527101e2f1c3606c8,"{""distance"":5,""physical_error_rate"":0.0002}","{""detection_events"":6804,""detectors_checked"":8028160}"
      2048,         0,         0,   0.081,standalone_exact_mw,29ae76c7f86edcd2f56343e8109d8463cbc736644db4e57527101e2f1c3606c8,"{""distance"":5,""physical_error_rate"":0.0002}","{""detection_events"":351,""detectors_checked"":458752}"
      1024,         0,         0,   0.020,standalone_exact_mw,503ee55b5ad1b1988379a241a0405811522ee4d50b473755532ad1299cb121e2,"{""distance"":5,""physical_error_rate"":0.0005}","{""detection_events"":491,""detectors_checked"":229376}"
     15360,         0,         0,   0.590,standalone_exact_mw,29ae76c7f86edcd2f56343e8109d8463cbc736644db4e57527101e2f1c3606c8,"{""distance"":5,""physical_error_rate"":0.0002}","{""detection_events"":2759,""detectors_checked"":3440640}"
     22528,         0,         0,    1.12,standalone_exact_mw,503ee55b5ad1b1988379a241a0405811522ee4d50b473755532ad1299cb121e2,"{""distance"":5,""physical_error_rate"":0.0005}","{""detection_events"":10356,""detectors_checked"":5046272}"
      2048,         0,         0,   0.105,standalone_exact_mw,503ee55b5ad1b1988379a241a0405811522ee4d50b473755532ad1299cb121e2,"{""distance"":5,""physical_error_rate"":0.0005}","{""detection_events"":979,""detectors_checked"":458752}"
      2048,         0,         0,   0.054,standalone_exact_mw,29ae76c7f86edcd2f56343e8109d8463cbc736644db4e57527101e2f1c3606c8,"{""distance"":5,""physical_error_rate"":0.0002}","{""detection_events"":357,""detectors_checked"":458752}"
       273,         0,         0,   0.025,standalone_exact_mw,503ee55b5ad1b1988379a241a0405811522ee4d50b473755532ad1299cb121e2,"{""distance"":5,""physical_error_rate"":0.0005}","{""detection_events"":126,""detectors_checked"":61152}"
      3072,         0,         0,   0.113,standalone_exact_mw,29ae76c7f86edcd2f56343e8109d8463cbc736644db4e57527101e2f1c3606c8,"{""distance"":5,""physical_error_rate"":0.0002}","{""detection_events"":517,""detectors_checked"":688128}"
      2048,         0,         0,   0.081,standalone_exact_mw,503ee55b5ad1b1988379a241a0405811522ee4d50b473755532ad1299cb121e2,"{""distance"":5,""physical_error_rate"":0.0005}","{""detection_events"":968,""detectors_checked"":458752}"
     74752,         0,         0,    2.16,standalone_exact_mw,29ae76c7f86edcd2f56343e8109d8463cbc736644db4e57527101e2f1c3606c8,"{""distance"":5,""physical_error_rate"":0.0002}","{""detection_events"":13480,""detectors_checked"":16744448}"
      8192,         0,         0,   0.311,standalone_exact_mw,29ae76c7f86edcd2f56343e8109d8463cbc736644db4e57527101e2f1c3606c8,"{""distance"":5,""physical_error_rate"":0.0002}","{""detection_events"":1568,""detectors_checked"":1835008}"
      2048,         0,         0,   0.103,standalone_exact_mw,503ee55b5ad1b1988379a241a0405811522ee4d50b473755532ad1299cb121e2,"{""distance"":5,""physical_error_rate"":0.0005}","{""detection_events"":955,""detectors_checked"":458752}"
      8192,         0,         0,   0.420,standalone_exact_mw,503ee55b5ad1b1988379a241a0405811522ee4d50b473755532ad1299cb121e2,"{""distance"":5,""physical_error_rate"":0.0005}","{""detection_events"":3760,""detectors_checked"":1835008}"
      1024,         0,         0,   0.079,standalone_exact_mw,503ee55b5ad1b1988379a241a0405811522ee4d50b473755532ad1299cb121e2,"{""distance"":5,""physical_error_rate"":0.0005}","{""detection_events"":420,""detectors_checked"":229376}"
      1024,         0,         0,   0.034,standalone_exact_mw,503ee55b5ad1b1988379a241a0405811522ee4d50b473755532ad1299cb121e2,"{""distance"":5,""physical_error_rate"":0.0005}","{""detection_events"":511,""detectors_checked"":229376}"
      3072,         0,         0,   0.142,standalone_exact_mw,503ee55b5ad1b1988379a241a0405811522ee4d50b473755532ad1299cb121e2,"{""distance"":5,""physical_error_rate"":0.0005}","{""detection_events"":1450,""detectors_checked"":688128}"
      3072,         0,         0,   0.151,standalone_exact_mw,29ae76c7f86edcd2f56343e8109d8463cbc736644db4e57527101e2f1c3606c8,"{""distance"":5,""physical_error_rate"":0.0002}","{""detection_events"":676,""detectors_checked"":688128}"
      2048,         0,         0,   0.109,standalone_exact_mw,503ee55b5ad1b1988379a241a0405811522ee4d50b473755532ad1299cb121e2,"{""distance"":5,""physical_error_rate"":0.0005}","{""detection_events"":920,""detectors_checked"":458752}"
      1024,         0,         0,   0.055,standalone_exact_mw,503ee55b5ad1b1988379a241a0405811522ee4d50b473755532ad1299cb121e2,"{""distance"":5,""physical_error_rate"":0.0005}","{""detection_events"":519,""detectors_checked"":229376}"
      4096,         0,         0,   0.167,standalone_exact_mw,29ae76c7f86edcd2f56343e8109d8463cbc736644db4e57527101e2f1c3606c8,"{""distance"":5,""physical_error_rate"":0.0002}","{""detection_events"":789,""detectors_checked"":917504}"
      3072,         0,         0,   0.163,standalone_exact_mw,503ee55b5ad1b1988379a241a0405811522ee4d50b473755532ad1299cb121e2,"{""distance"":5,""physical_error_rate"":0.0005}","{""detection_events"":1457,""detectors_checked"":688128}"
      1024,         0,         0,   0.054,standalone_exact_mw,503ee55b5ad1b1988379a241a0405811522ee4d50b473755532ad1299cb121e2,"{""distance"":5,""physical_error_rate"":0.0005}","{""detection_events"":453,""detectors_checked"":229376}"
     30720,         0,         0,    1.10,standalone_exact_mw,29ae76c7f86edcd2f56343e8109d8463cbc736644db4e57527101e2f1c3606c8,"{""distance"":5,""physical_error_rate"":0.0002}","{""detection_events"":5754,""detectors_checked"":6881280}"
     29696,         0,         0,    1.13,standalone_exact_mw,29ae76c7f86edcd2f56343e8109d8463cbc736644db4e57527101e2f1c3606c8,"{""distance"":5,""physical_error_rate"":0.0002}","{""detection_events"":5383,""detectors_checked"":6651904}"
      1024,         0,         0,   0.055,standalone_exact_mw,503ee55b5ad1b1988379a241a0405811522ee4d50b473755532ad1299cb121e2,"{""distance"":5,""physical_error_rate"":0.0005}","{""detection_events"":459,""detectors_checked"":229376}"
      3072,         0,         0,   0.157,standalone_exact_mw,503ee55b5ad1b1988379a241a0405811522ee4d50b473755532ad1299cb121e2,"{""distance"":5,""physical_error_rate"":0.0005}","{""detection_events"":1433,""detectors_checked"":688128}"
      2048,         0,         0,   0.110,standalone_exact_mw,503ee55b5ad1b1988379a241a0405811522ee4d50b473755532ad1299cb121e2,"{""distance"":5,""physical_error_rate"":0.0005}","{""detection_events"":931,""detectors_checked"":458752}"
     22528,         0,         0,    1.12,standalone_exact_mw,503ee55b5ad1b1988379a241a0405811522ee4d50b473755532ad1299cb121e2,"{""distance"":5,""physical_error_rate"":0.0005}","{""detection_events"":10637,""detectors_checked"":5046272}"
      3072,         0,         0,   0.155,standalone_exact_mw,29ae76c7f86edcd2f56343e8109d8463cbc736644db4e57527101e2f1c3606c8,"{""distance"":5,""physical_error_rate"":0.0002}","{""detection_events"":587,""detectors_checked"":688128}"
      2048,         0,         0,   0.088,standalone_exact_mw,503ee55b5ad1b1988379a241a0405811522ee4d50b473755532ad1299cb121e2,"{""distance"":5,""physical_error_rate"":0.0005}","{""detection_events"":954,""detectors_checked"":458752}"
      6144,         0,         0,   0.228,standalone_exact_mw,29ae76c7f86edcd2f56343e8109d8463cbc736644db4e57527101e2f1c3606c8,"{""distance"":5,""physical_error_rate"":0.0002}","{""detection_events"":1193,""detectors_checked"":1376256}"
      3072,         0,         0,   0.143,standalone_exact_mw,503ee55b5ad1b1988379a241a0405811522ee4d50b473755532ad1299cb121e2,"{""distance"":5,""physical_error_rate"":0.0005}","{""detection_events"":1337,""detectors_checked"":688128}"
      5120,         0,         0,   0.249,standalone_exact_mw,503ee55b5ad1b1988379a241a0405811522ee4d50b473755532ad1299cb121e2,"{""distance"":5,""physical_error_rate"":0.0005}","{""detection_events"":2278,""detectors_checked"":1146880}"
     15360,         0,         0,   0.612,standalone_exact_mw,29ae76c7f86edcd2f56343e8109d8463cbc736644db4e57527101e2f1c3606c8,"{""distance"":5,""physical_error_rate"":0.0002}","{""detection_events"":3015,""detectors_checked"":3440640}"
     10240,         0,         0,   0.415,standalone_exact_mw,29ae76c7f86edcd2f56343e8109d8463cbc736644db4e57527101e2f1c3606c8,"{""distance"":5,""physical_error_rate"":0.0002}","{""detection_events"":2072,""detectors_checked"":2293760}"
      2048,         0,         0,   0.088,standalone_exact_mw,503ee55b5ad1b1988379a241a0405811522ee4d50b473755532ad1299cb121e2,"{""distance"":5,""physical_error_rate"":0.0005}","{""detection_events"":971,""detectors_checked"":458752}"
      5120,         0,         0,   0.246,standalone_exact_mw,503ee55b5ad1b1988379a241a0405811522ee4d50b473755532ad1299cb121e2,"{""distance"":5,""physical_error_rate"":0.0005}","{""detection_events"":2514,""detectors_checked"":1146880}"
      8192,         0,         0,   0.223,standalone_exact_mw,29ae76c7f86edcd2f56343e8109d8463cbc736644db4e57527101e2f1c3606c8,"{""distance"":5,""physical_error_rate"":0.0002}","{""detection_events"":1466,""detectors_checked"":1835008}"
      3072,         0,         0,   0.168,standalone_exact_mw,503ee55b5ad1b1988379a241a0405811522ee4d50b473755532ad1299cb121e2,"{""distance"":5,""physical_error_rate"":0.0005}","{""detection_events"":1421,""detectors_checked"":688128}"
     12288,         0,         0,   0.616,standalone_exact_mw,503ee55b5ad1b1988379a241a0405811522ee4d50b473755532ad1299cb121e2,"{""distance"":5,""physical_error_rate"":0.0005}","{""detection_events"":5831,""detectors_checked"":2752512}"
      5120,         0,         0,   0.246,standalone_exact_mw,503ee55b5ad1b1988379a241a0405811522ee4d50b473755532ad1299cb121e2,"{""distance"":5,""physical_error_rate"":0.0005}","{""detection_events"":2334,""detectors_checked"":1146880}"
      6144,         0,         0,   0.293,standalone_exact_mw,503ee55b5ad1b1988379a241a0405811522ee4d50b473755532ad1299cb121e2,"{""distance"":5,""physical_error_rate"":0.0005}","{""detection_events"":3004,""detectors_checked"":1376256}"
      8192,         0,         0,   0.318,standalone_exact_mw,29ae76c7f86edcd2f56343e8109d8463cbc736644db4e57527101e2f1c3606c8,"{""distance"":5,""physical_error_rate"":0.0002}","{""detection_events"":1502,""detectors_checked"":1835008}"
     21504,         0,         0,   0.816,standalone_exact_mw,29ae76c7f86edcd2f56343e8109d8463cbc736644db4e57527101e2f1c3606c8,"{""distance"":5,""physical_error_rate"":0.0002}","{""detection_events"":4240,""detectors_checked"":4816896}"
     10240,         0,         0,   0.296,standalone_exact_mw,29ae76c7f86edcd2f56343e8109d8463cbc736644db4e57527101e2f1c3606c8,"{""distance"":5,""physical_error_rate"":0.0002}","{""detection_events"":1884,""detectors_checked"":2293760}"
      6144,         0,         0,   0.313,standalone_exact_mw,503ee55b5ad1b1988379a241a0405811522ee4d50b473755532ad1299cb121e2,"{""distance"":5,""physical_error_rate"":0.0005}","{""detection_events"":2893,""detectors_checked"":1376256}"
     31744,         0,         0,    1.57,standalone_exact_mw,503ee55b5ad1b1988379a241a0405811522ee4d50b473755532ad1299cb121e2,"{""distance"":5,""physical_error_rate"":0.0005}","{""detection_events"":14694,""detectors_checked"":7110656}"
      4096,         0,         0,   0.223,standalone_exact_mw,503ee55b5ad1b1988379a241a0405811522ee4d50b473755532ad1299cb121e2,"{""distance"":5,""physical_error_rate"":0.0005}","{""detection_events"":1900,""detectors_checked"":917504}"
      6144,         0,         0,   0.335,standalone_exact_mw,503ee55b5ad1b1988379a241a0405811522ee4d50b473755532ad1299cb121e2,"{""distance"":5,""physical_error_rate"":0.0005}","{""detection_events"":3081,""detectors_checked"":1376256}"
     29696,         0,         0,    1.11,standalone_exact_mw,29ae76c7f86edcd2f56343e8109d8463cbc736644db4e57527101e2f1c3606c8,"{""distance"":5,""physical_error_rate"":0.0002}","{""detection_events"":5410,""detectors_checked"":6651904}"
     15360,         0,         0,   0.597,standalone_exact_mw,29ae76c7f86edcd2f56343e8109d8463cbc736644db4e57527101e2f1c3606c8,"{""distance"":5,""physical_error_rate"":0.0002}","{""detection_events"":2948,""detectors_checked"":3440640}"
     10240,         0,         0,   0.395,standalone_exact_mw,503ee55b5ad1b1988379a241a0405811522ee4d50b473755532ad1299cb121e2,"{""distance"":5,""physical_error_rate"":0.0005}","{""detection_events"":4725,""detectors_checked"":2293760}"
      6144,         0,         0,   0.307,standalone_exact_mw,503ee55b5ad1b1988379a241a0405811522ee4d50b473755532ad1299cb121e2,"{""distance"":5,""physical_error_rate"":0.0005}","{""detection_events"":2804,""detectors_checked"":1376256}"
     11264,         0,         0,   0.446,standalone_exact_mw,29ae76c7f86edcd2f56343e8109d8463cbc736644db4e57527101e2f1c3606c8,"{""distance"":5,""physical_error_rate"":0.0002}","{""detection_events"":2142,""detectors_checked"":2523136}"
     13312,         0,         0,   0.414,standalone_exact_mw,29ae76c7f86edcd2f56343e8109d8463cbc736644db4e57527101e2f1c3606c8,"{""distance"":5,""physical_error_rate"":0.0002}","{""detection_events"":2362,""detectors_checked"":2981888}"
     21504,         0,         0,   0.810,standalone_exact_mw,29ae76c7f86edcd2f56343e8109d8463cbc736644db4e57527101e2f1c3606c8,"{""distance"":5,""physical_error_rate"":0.0002}","{""detection_events"":3898,""detectors_checked"":4816896}"
     11264,         0,         0,   0.435,standalone_exact_mw,503ee55b5ad1b1988379a241a0405811522ee4d50b473755532ad1299cb121e2,"{""distance"":5,""physical_error_rate"":0.0005}","{""detection_events"":5395,""detectors_checked"":2523136}"
     31744,         0,         0,    1.59,standalone_exact_mw,503ee55b5ad1b1988379a241a0405811522ee4d50b473755532ad1299cb121e2,"{""distance"":5,""physical_error_rate"":0.0005}","{""detection_events"":14813,""detectors_checked"":7110656}"
      8192,         0,         0,   0.420,standalone_exact_mw,503ee55b5ad1b1988379a241a0405811522ee4d50b473755532ad1299cb121e2,"{""distance"":5,""physical_error_rate"":0.0005}","{""detection_events"":3960,""detectors_checked"":1835008}"
     36864,         0,         0,    1.53,standalone_exact_mw,29ae76c7f86edcd2f56343e8109d8463cbc736644db4e57527101e2f1c3606c8,"{""distance"":5,""physical_error_rate"":0.0002}","{""detection_events"":6812,""detectors_checked"":8257536}"
     16384,         0,         0,   0.818,standalone_exact_mw,503ee55b5ad1b1988379a241a0405811522ee4d50b473755532ad1299cb121e2,"{""distance"":5,""physical_error_rate"":0.0005}","{""detection_events"":7405,""detectors_checked"":3670016}"
     41984,         0,         0,    1.56,standalone_exact_mw,503ee55b5ad1b1988379a241a0405811522ee4d50b473755532ad1299cb121e2,"{""distance"":5,""physical_error_rate"":0.0005}","{""detection_events"":19342,""detectors_checked"":9404416}"
      9216,         0,         0,   0.450,standalone_exact_mw,503ee55b5ad1b1988379a241a0405811522ee4d50b473755532ad1299cb121e2,"{""distance"":5,""physical_error_rate"":0.0005}","{""detection_events"":4252,""detectors_checked"":2064384}"
     15360,         0,         0,   0.564,standalone_exact_mw,503ee55b5ad1b1988379a241a0405811522ee4d50b473755532ad1299cb121e2,"{""distance"":5,""physical_error_rate"":0.0005}","{""detection_events"":7139,""detectors_checked"":3440640}"
     15360,         0,         0,   0.594,standalone_exact_mw,29ae76c7f86edcd2f56343e8109d8463cbc736644db4e57527101e2f1c3606c8,"{""distance"":5,""physical_error_rate"":0.0002}","{""detection_events"":2931,""detectors_checked"":3440640}"
     53248,         0,         0,    1.57,standalone_exact_mw,29ae76c7f86edcd2f56343e8109d8463cbc736644db4e57527101e2f1c3606c8,"{""distance"":5,""physical_error_rate"":0.0002}","{""detection_events"":9817,""detectors_checked"":11927552}"
     40960,         0,         0,    1.57,standalone_exact_mw,29ae76c7f86edcd2f56343e8109d8463cbc736644db4e57527101e2f1c3606c8,"{""distance"":5,""physical_error_rate"":0.0002}","{""detection_events"":7446,""detectors_checked"":9175040}"
     17408,         0,         0,   0.594,standalone_exact_mw,29ae76c7f86edcd2f56343e8109d8463cbc736644db4e57527101e2f1c3606c8,"{""distance"":5,""physical_error_rate"":0.0002}","{""detection_events"":3310,""detectors_checked"":3899392}"
     30720,         0,         0,    1.54,standalone_exact_mw,503ee55b5ad1b1988379a241a0405811522ee4d50b473755532ad1299cb121e2,"{""distance"":5,""physical_error_rate"":0.0005}","{""detection_events"":14069,""detectors_checked"":6881280}"
     12288,         0,         0,   0.564,standalone_exact_mw,503ee55b5ad1b1988379a241a0405811522ee4d50b473755532ad1299cb121e2,"{""distance"":5,""physical_error_rate"":0.0005}","{""detection_events"":5834,""detectors_checked"":2752512}"
     21504,         0,         0,   0.841,standalone_exact_mw,29ae76c7f86edcd2f56343e8109d8463cbc736644db4e57527101e2f1c3606c8,"{""distance"":5,""physical_error_rate"":0.0002}","{""detection_events"":4037,""detectors_checked"":4816896}"
     29696,         0,         0,    1.15,standalone_exact_mw,29ae76c7f86edcd2f56343e8109d8463cbc736644db4e57527101e2f1c3606c8,"{""distance"":5,""physical_error_rate"":0.0002}","{""detection_events"":5424,""detectors_checked"":6651904}"
     11264,         0,         0,   0.567,standalone_exact_mw,503ee55b5ad1b1988379a241a0405811522ee4d50b473755532ad1299cb121e2,"{""distance"":5,""physical_error_rate"":0.0005}","{""detection_events"":5033,""detectors_checked"":2523136}"
     96256,         0,         0,    4.21,standalone_exact_mw,503ee55b5ad1b1988379a241a0405811522ee4d50b473755532ad1299cb121e2,"{""distance"":5,""physical_error_rate"":0.0005}","{""detection_events"":44312,""detectors_checked"":21561344}"
     11264,         0,         0,   0.583,standalone_exact_mw,503ee55b5ad1b1988379a241a0405811522ee4d50b473755532ad1299cb121e2,"{""distance"":5,""physical_error_rate"":0.0005}","{""detection_events"":5160,""detectors_checked"":2523136}"
    108544,         0,         0,    3.04,standalone_exact_mw,29ae76c7f86edcd2f56343e8109d8463cbc736644db4e57527101e2f1c3606c8,"{""distance"":5,""physical_error_rate"":0.0002}","{""detection_events"":19998,""detectors_checked"":24313856}"
     28672,         0,         0,    1.12,standalone_exact_mw,29ae76c7f86edcd2f56343e8109d8463cbc736644db4e57527101e2f1c3606c8,"{""distance"":5,""physical_error_rate"":0.0002}","{""detection_events"":5560,""detectors_checked"":6422528}"
     21504,         0,         0,   0.801,standalone_exact_mw,503ee55b5ad1b1988379a241a0405811522ee4d50b473755532ad1299cb121e2,"{""distance"":5,""physical_error_rate"":0.0005}","{""detection_events"":10105,""detectors_checked"":4816896}"
   1846131,         0,         0,    74.4,standalone_exact_mw,29ae76c7f86edcd2f56343e8109d8463cbc736644db4e57527101e2f1c3606c8,"{""distance"":5,""physical_error_rate"":0.0002}","{""detection_events"":345092,""detectors_checked"":413533344}"
   1846131,         0,         0,    51.1,standalone_exact_mw,29ae76c7f86edcd2f56343e8109d8463cbc736644db4e57527101e2f1c3606c8,"{""distance"":5,""physical_error_rate"":0.0002}","{""detection_events"":342701,""detectors_checked"":413533344}"
     20480,         0,         0,   0.789,standalone_exact_mw,29ae76c7f86edcd2f56343e8109d8463cbc736644db4e57527101e2f1c3606c8,"{""distance"":5,""physical_error_rate"":0.0002}","{""detection_events"":3834,""detectors_checked"":4587520}"
     40960,         0,         0,    1.59,standalone_exact_mw,29ae76c7f86edcd2f56343e8109d8463cbc736644db4e57527101e2f1c3606c8,"{""distance"":5,""physical_error_rate"":0.0002}","{""detection_events"":7540,""detectors_checked"":9175040}"
     22528,         0,         0,    1.10,standalone_exact_mw,503ee55b5ad1b1988379a241a0405811522ee4d50b473755532ad1299cb121e2,"{""distance"":5,""physical_error_rate"":0.0005}","{""detection_events"":10364,""detectors_checked"":5046272}"
     21504,         0,         0,   0.839,standalone_exact_mw,29ae76c7f86edcd2f56343e8109d8463cbc736644db4e57527101e2f1c3606c8,"{""distance"":5,""physical_error_rate"":0.0002}","{""detection_events"":3986,""detectors_checked"":4816896}"
     16384,         0,         0,   0.840,standalone_exact_mw,503ee55b5ad1b1988379a241a0405811522ee4d50b473755532ad1299cb121e2,"{""distance"":5,""physical_error_rate"":0.0005}","{""detection_events"":7611,""detectors_checked"":3670016}"
     16384,         0,         0,   0.840,standalone_exact_mw,503ee55b5ad1b1988379a241a0405811522ee4d50b473755532ad1299cb121e2,"{""distance"":5,""physical_error_rate"":0.0005}","{""detection_events"":7648,""detectors_checked"":3670016}"
     16384,         0,         0,   0.815,standalone_exact_mw,503ee55b5ad1b1988379a241a0405811522ee4d50b473755532ad1299cb121e2,"{""distance"":5,""physical_error_rate"":0.0005}","{""detection_events"":7665,""detectors_checked"":3670016}"
     28672,         0,         0,    1.14,standalone_exact_mw,29ae76c7f86edcd2f56343e8109d8463cbc736644db4e57527101e2f1c3606c8,"{""distance"":5,""physical_error_rate"":0.0002}","{""detection_events"":5312,""detectors_checked"":6422528}"
     44032,         0,         0,    2.18,standalone_exact_mw,503ee55b5ad1b1988379a241a0405811522ee4d50b473755532ad1299cb121e2,"{""distance"":5,""physical_error_rate"":0.0005}","{""detection_events"":20402,""detectors_checked"":9863168}"
    122880,         0,         0,    3.04,standalone_exact_mw,29ae76c7f86edcd2f56343e8109d8463cbc736644db4e57527101e2f1c3606c8,"{""distance"":5,""physical_error_rate"":0.0002}","{""detection_events"":23139,""detectors_checked"":27525120}"
     43008,         0,         0,    2.16,standalone_exact_mw,503ee55b5ad1b1988379a241a0405811522ee4d50b473755532ad1299cb121e2,"{""distance"":5,""physical_error_rate"":0.0005}","{""detection_events"":20075,""detectors_checked"":9633792}"
     40960,         0,         0,    1.57,standalone_exact_mw,29ae76c7f86edcd2f56343e8109d8463cbc736644db4e57527101e2f1c3606c8,"{""distance"":5,""physical_error_rate"":0.0002}","{""detection_events"":7314,""detectors_checked"":9175040}"
     29696,         0,         0,    1.13,standalone_exact_mw,503ee55b5ad1b1988379a241a0405811522ee4d50b473755532ad1299cb121e2,"{""distance"":5,""physical_error_rate"":0.0005}","{""detection_events"":13838,""detectors_checked"":6651904}"
     58368,         0,         0,    2.19,standalone_exact_mw,29ae76c7f86edcd2f56343e8109d8463cbc736644db4e57527101e2f1c3606c8,"{""distance"":5,""physical_error_rate"":0.0002}","{""detection_events"":11035,""detectors_checked"":13074432}"
     57344,         0,         0,    2.16,standalone_exact_mw,503ee55b5ad1b1988379a241a0405811522ee4d50b473755532ad1299cb121e2,"{""distance"":5,""physical_error_rate"":0.0005}","{""detection_events"":26660,""detectors_checked"":12845056}"
     28672,         0,         0,    1.14,standalone_exact_mw,29ae76c7f86edcd2f56343e8109d8463cbc736644db4e57527101e2f1c3606c8,"{""distance"":5,""physical_error_rate"":0.0002}","{""detection_events"":5200,""detectors_checked"":6422528}"
     28672,         0,         0,    1.12,standalone_exact_mw,29ae76c7f86edcd2f56343e8109d8463cbc736644db4e57527101e2f1c3606c8,"{""distance"":5,""physical_error_rate"":0.0002}","{""detection_events"":5292,""detectors_checked"":6422528}"
     22528,         0,         0,    1.16,standalone_exact_mw,503ee55b5ad1b1988379a241a0405811522ee4d50b473755532ad1299cb121e2,"{""distance"":5,""physical_error_rate"":0.0005}","{""detection_events"":10270,""detectors_checked"":5046272}"
     21504,         0,         0,    1.10,standalone_exact_mw,503ee55b5ad1b1988379a241a0405811522ee4d50b473755532ad1299cb121e2,"{""distance"":5,""physical_error_rate"":0.0005}","{""detection_events"":10075,""detectors_checked"":4816896}"
     39936,         0,         0,    1.57,standalone_exact_mw,29ae76c7f86edcd2f56343e8109d8463cbc736644db4e57527101e2f1c3606c8,"{""distance"":5,""physical_error_rate"":0.0002}","{""detection_events"":7622,""detectors_checked"":8945664}"
     74752,         0,         0,    2.13,standalone_exact_mw,29ae76c7f86edcd2f56343e8109d8463cbc736644db4e57527101e2f1c3606c8,"{""distance"":5,""physical_error_rate"":0.0002}","{""detection_events"":14060,""detectors_checked"":16744448}"
     49152,         0,         0,    2.11,standalone_exact_mw,29ae76c7f86edcd2f56343e8109d8463cbc736644db4e57527101e2f1c3606c8,"{""distance"":5,""physical_error_rate"":0.0002}","{""detection_events"":9109,""detectors_checked"":11010048}"
     37888,         0,         0,    2.24,standalone_exact_mw,503ee55b5ad1b1988379a241a0405811522ee4d50b473755532ad1299cb121e2,"{""distance"":5,""physical_error_rate"":0.0005}","{""detection_events"":17796,""detectors_checked"":8486912}"
     22528,         0,         0,    1.12,standalone_exact_mw,503ee55b5ad1b1988379a241a0405811522ee4d50b473755532ad1299cb121e2,"{""distance"":5,""physical_error_rate"":0.0005}","{""detection_events"":10382,""detectors_checked"":5046272}"
     31744,         0,         0,    1.57,standalone_exact_mw,503ee55b5ad1b1988379a241a0405811522ee4d50b473755532ad1299cb121e2,"{""distance"":5,""physical_error_rate"":0.0005}","{""detection_events"":14929,""detectors_checked"":7110656}"
     39936,         0,         0,    1.54,standalone_exact_mw,29ae76c7f86edcd2f56343e8109d8463cbc736644db4e57527101e2f1c3606c8,"{""distance"":5,""physical_error_rate"":0.0002}","{""detection_events"":7411,""detectors_checked"":8945664}"
     45056,         0,         0,    2.18,standalone_exact_mw,29ae76c7f86edcd2f56343e8109d8463cbc736644db4e57527101e2f1c3606c8,"{""distance"":5,""physical_error_rate"":0.0002}","{""detection_events"":8501,""detectors_checked"":10092544}"
     40960,         0,         0,    1.58,standalone_exact_mw,503ee55b5ad1b1988379a241a0405811522ee4d50b473755532ad1299cb121e2,"{""distance"":5,""physical_error_rate"":0.0005}","{""detection_events"":18990,""detectors_checked"":9175040}"
     39936,         0,         0,    1.52,standalone_exact_mw,29ae76c7f86edcd2f56343e8109d8463cbc736644db4e57527101e2f1c3606c8,"{""distance"":5,""physical_error_rate"":0.0002}","{""detection_events"":7737,""detectors_checked"":8945664}"
     46080,         0,         0,    1.54,standalone_exact_mw,29ae76c7f86edcd2f56343e8109d8463cbc736644db4e57527101e2f1c3606c8,"{""distance"":5,""physical_error_rate"":0.0002}","{""detection_events"":8620,""detectors_checked"":10321920}"
     35840,         0,         0,    1.59,standalone_exact_mw,503ee55b5ad1b1988379a241a0405811522ee4d50b473755532ad1299cb121e2,"{""distance"":5,""physical_error_rate"":0.0005}","{""detection_events"":16559,""detectors_checked"":8028160}"
     31744,         0,         0,    1.57,standalone_exact_mw,503ee55b5ad1b1988379a241a0405811522ee4d50b473755532ad1299cb121e2,"{""distance"":5,""physical_error_rate"":0.0005}","{""detection_events"":14516,""detectors_checked"":7110656}"
     57344,         0,         0,    2.16,standalone_exact_mw,29ae76c7f86edcd2f56343e8109d8463cbc736644db4e57527101e2f1c3606c8,"{""distance"":5,""physical_error_rate"":0.0002}","{""detection_events"":10654,""detectors_checked"":12845056}"
     32768,         0,         0,    1.57,standalone_exact_mw,503ee55b5ad1b1988379a241a0405811522ee4d50b473755532ad1299cb121e2,"{""distance"":5,""physical_error_rate"":0.0005}","{""detection_events"":15113,""detectors_checked"":7340032}"
     62464,         0,         0,    3.06,standalone_exact_mw,503ee55b5ad1b1988379a241a0405811522ee4d50b473755532ad1299cb121e2,"{""distance"":5,""physical_error_rate"":0.0005}","{""detection_events"":28894,""detectors_checked"":13991936}"
     56320,         0,         0,    2.16,standalone_exact_mw,29ae76c7f86edcd2f56343e8109d8463cbc736644db4e57527101e2f1c3606c8,"{""distance"":5,""physical_error_rate"":0.0002}","{""detection_events"":10820,""detectors_checked"":12615680}"
     45056,         0,         0,    2.19,standalone_exact_mw,503ee55b5ad1b1988379a241a0405811522ee4d50b473755532ad1299cb121e2,"{""distance"":5,""physical_error_rate"":0.0005}","{""detection_events"":20549,""detectors_checked"":10092544}"
    199680,         0,         0,    4.22,standalone_exact_mw,29ae76c7f86edcd2f56343e8109d8463cbc736644db4e57527101e2f1c3606c8,"{""distance"":5,""physical_error_rate"":0.0002}","{""detection_events"":38176,""detectors_checked"":44728320}"
     62464,         0,         0,    3.08,standalone_exact_mw,503ee55b5ad1b1988379a241a0405811522ee4d50b473755532ad1299cb121e2,"{""distance"":5,""physical_error_rate"":0.0005}","{""detection_events"":28901,""detectors_checked"":13991936}"
     74752,         0,         0,    3.05,standalone_exact_mw,29ae76c7f86edcd2f56343e8109d8463cbc736644db4e57527101e2f1c3606c8,"{""distance"":5,""physical_error_rate"":0.0002}","{""detection_events"":13760,""detectors_checked"":16744448}"
     81920,         0,         0,    3.03,standalone_exact_mw,503ee55b5ad1b1988379a241a0405811522ee4d50b473755532ad1299cb121e2,"{""distance"":5,""physical_error_rate"":0.0005}","{""detection_events"":37951,""detectors_checked"":18350080}"
     57344,         0,         0,    2.18,standalone_exact_mw,29ae76c7f86edcd2f56343e8109d8463cbc736644db4e57527101e2f1c3606c8,"{""distance"":5,""physical_error_rate"":0.0002}","{""detection_events"":10564,""detectors_checked"":12845056}"
     76800,         0,         0,    3.05,standalone_exact_mw,29ae76c7f86edcd2f56343e8109d8463cbc736644db4e57527101e2f1c3606c8,"{""distance"":5,""physical_error_rate"":0.0002}","{""detection_events"":14179,""detectors_checked"":17203200}"
    105472,         0,         0,    3.05,standalone_exact_mw,29ae76c7f86edcd2f56343e8109d8463cbc736644db4e57527101e2f1c3606c8,"{""distance"":5,""physical_error_rate"":0.0002}","{""detection_events"":19461,""detectors_checked"":23625728}"
     59392,         0,         0,    3.08,standalone_exact_mw,503ee55b5ad1b1988379a241a0405811522ee4d50b473755532ad1299cb121e2,"{""distance"":5,""physical_error_rate"":0.0005}","{""detection_events"":27269,""detectors_checked"":13303808}"
    150528,         0,         0,    4.27,standalone_exact_mw,29ae76c7f86edcd2f56343e8109d8463cbc736644db4e57527101e2f1c3606c8,"{""distance"":5,""physical_error_rate"":0.0002}","{""detection_events"":28304,""detectors_checked"":33718272}"
     45056,         0,         0,    2.19,standalone_exact_mw,503ee55b5ad1b1988379a241a0405811522ee4d50b473755532ad1299cb121e2,"{""distance"":5,""physical_error_rate"":0.0005}","{""detection_events"":20978,""detectors_checked"":10092544}"
     55296,         0,         0,    2.17,standalone_exact_mw,29ae76c7f86edcd2f56343e8109d8463cbc736644db4e57527101e2f1c3606c8,"{""distance"":5,""physical_error_rate"":0.0002}","{""detection_events"":10554,""detectors_checked"":12386304}"
     82944,         0,         0,    2.15,standalone_exact_mw,29ae76c7f86edcd2f56343e8109d8463cbc736644db4e57527101e2f1c3606c8,"{""distance"":5,""physical_error_rate"":0.0002}","{""detection_events"":15494,""detectors_checked"":18579456}"
     40960,         0,         0,    2.19,standalone_exact_mw,503ee55b5ad1b1988379a241a0405811522ee4d50b473755532ad1299cb121e2,"{""distance"":5,""physical_error_rate"":0.0005}","{""detection_events"":18699,""detectors_checked"":9175040}"
     43008,         0,         0,    2.20,standalone_exact_mw,503ee55b5ad1b1988379a241a0405811522ee4d50b473755532ad1299cb121e2,"{""distance"":5,""physical_error_rate"":0.0005}","{""detection_events"":19908,""detectors_checked"":9633792}"
     80896,         0,         0,    3.07,standalone_exact_mw,29ae76c7f86edcd2f56343e8109d8463cbc736644db4e57527101e2f1c3606c8,"{""distance"":5,""physical_error_rate"":0.0002}","{""detection_events"":15131,""detectors_checked"":18120704}"
     44032,         0,         0,    2.20,standalone_exact_mw,503ee55b5ad1b1988379a241a0405811522ee4d50b473755532ad1299cb121e2,"{""distance"":5,""physical_error_rate"":0.0005}","{""detection_events"":20757,""detectors_checked"":9863168}"
    191488,         0,         0,    5.98,standalone_exact_mw,503ee55b5ad1b1988379a241a0405811522ee4d50b473755532ad1299cb121e2,"{""distance"":5,""physical_error_rate"":0.0005}","{""detection_events"":89051,""detectors_checked"":42893312}"
     79872,         0,         0,    3.06,standalone_exact_mw,29ae76c7f86edcd2f56343e8109d8463cbc736644db4e57527101e2f1c3606c8,"{""distance"":5,""physical_error_rate"":0.0002}","{""detection_events"":14814,""detectors_checked"":17891328}"
     78848,         0,         0,    3.03,standalone_exact_mw,29ae76c7f86edcd2f56343e8109d8463cbc736644db4e57527101e2f1c3606c8,"{""distance"":5,""physical_error_rate"":0.0002}","{""detection_events"":14616,""detectors_checked"":17661952}"
     61440,         0,         0,    3.09,standalone_exact_mw,503ee55b5ad1b1988379a241a0405811522ee4d50b473755532ad1299cb121e2,"{""distance"":5,""physical_error_rate"":0.0005}","{""detection_events"":29105,""detectors_checked"":13762560}"
     78848,         0,         0,    3.05,standalone_exact_mw,29ae76c7f86edcd2f56343e8109d8463cbc736644db4e57527101e2f1c3606c8,"{""distance"":5,""physical_error_rate"":0.0002}","{""detection_events"":14904,""detectors_checked"":17661952}"
     87040,         0,         0,    4.26,standalone_exact_mw,503ee55b5ad1b1988379a241a0405811522ee4d50b473755532ad1299cb121e2,"{""distance"":5,""physical_error_rate"":0.0005}","{""detection_events"":40336,""detectors_checked"":19496960}"
   1741194,         0,         0,    35.5,standalone_exact_mw,29ae76c7f86edcd2f56343e8109d8463cbc736644db4e57527101e2f1c3606c8,"{""distance"":5,""physical_error_rate"":0.0002}","{""detection_events"":324854,""detectors_checked"":390027456}"
   1584128,         0,         0,    55.9,standalone_exact_mw,29ae76c7f86edcd2f56343e8109d8463cbc736644db4e57527101e2f1c3606c8,"{""distance"":5,""physical_error_rate"":0.0002}","{""detection_events"":295667,""detectors_checked"":354844672}"
   1575936,         0,         0,    53.4,standalone_exact_mw,29ae76c7f86edcd2f56343e8109d8463cbc736644db4e57527101e2f1c3606c8,"{""distance"":5,""physical_error_rate"":0.0002}","{""detection_events"":292418,""detectors_checked"":353009664}"
   1604608,         0,         0,    54.5,standalone_exact_mw,29ae76c7f86edcd2f56343e8109d8463cbc736644db4e57527101e2f1c3606c8,"{""distance"":5,""physical_error_rate"":0.0002}","{""detection_events"":298773,""detectors_checked"":359432192}"
     62464,         0,         0,    3.05,standalone_exact_mw,503ee55b5ad1b1988379a241a0405811522ee4d50b473755532ad1299cb121e2,"{""distance"":5,""physical_error_rate"":0.0005}","{""detection_events"":29008,""detectors_checked"":13991936}"
     78848,         0,         0,    3.04,standalone_exact_mw,29ae76c7f86edcd2f56343e8109d8463cbc736644db4e57527101e2f1c3606c8,"{""distance"":5,""physical_error_rate"":0.0002}","{""detection_events"":14601,""detectors_checked"":17661952}"
     55296,         0,         0,    3.11,standalone_exact_mw,29ae76c7f86edcd2f56343e8109d8463cbc736644db4e57527101e2f1c3606c8,"{""distance"":5,""physical_error_rate"":0.0002}","{""detection_events"":10607,""detectors_checked"":12386304}"
     84992,         0,         0,    3.06,standalone_exact_mw,503ee55b5ad1b1988379a241a0405811522ee4d50b473755532ad1299cb121e2,"{""distance"":5,""physical_error_rate"":0.0005}","{""detection_events"":39054,""detectors_checked"":19038208}"
     62464,         0,         0,    3.04,standalone_exact_mw,503ee55b5ad1b1988379a241a0405811522ee4d50b473755532ad1299cb121e2,"{""distance"":5,""physical_error_rate"":0.0005}","{""detection_events"":29318,""detectors_checked"":13991936}"
     86016,         0,         0,    4.28,standalone_exact_mw,503ee55b5ad1b1988379a241a0405811522ee4d50b473755532ad1299cb121e2,"{""distance"":5,""physical_error_rate"":0.0005}","{""detection_events"":39754,""detectors_checked"":19267584}"
    111616,         0,         0,    4.23,standalone_exact_mw,29ae76c7f86edcd2f56343e8109d8463cbc736644db4e57527101e2f1c3606c8,"{""distance"":5,""physical_error_rate"":0.0002}","{""detection_events"":20603,""detectors_checked"":25001984}"
     61440,         0,         0,    3.05,standalone_exact_mw,503ee55b5ad1b1988379a241a0405811522ee4d50b473755532ad1299cb121e2,"{""distance"":5,""physical_error_rate"":0.0005}","{""detection_events"":28566,""detectors_checked"":13762560}"
    114688,         1,         0,    4.26,standalone_exact_mw,503ee55b5ad1b1988379a241a0405811522ee4d50b473755532ad1299cb121e2,"{""distance"":5,""physical_error_rate"":0.0005}","{""detection_events"":53045,""detectors_checked"":25690112,""obs_mistake_mask=E"":1}"
    112640,         0,         0,    4.28,standalone_exact_mw,29ae76c7f86edcd2f56343e8109d8463cbc736644db4e57527101e2f1c3606c8,"{""distance"":5,""physical_error_rate"":0.0002}","{""detection_events"":20467,""detectors_checked"":25231360}"
    147456,         0,         0,    4.26,standalone_exact_mw,29ae76c7f86edcd2f56343e8109d8463cbc736644db4e57527101e2f1c3606c8,"{""distance"":5,""physical_error_rate"":0.0002}","{""detection_events"":27348,""detectors_checked"":33030144}"
     86016,         0,         0,    4.25,standalone_exact_mw,503ee55b5ad1b1988379a241a0405811522ee4d50b473755532ad1299cb121e2,"{""distance"":5,""physical_error_rate"":0.0005}","{""detection_events"":39864,""detectors_checked"":19267584}"
   1567810,         0,         0,    57.0,standalone_exact_mw,29ae76c7f86edcd2f56343e8109d8463cbc736644db4e57527101e2f1c3606c8,"{""distance"":5,""physical_error_rate"":0.0002}","{""detection_events"":293233,""detectors_checked"":351189440}"
   1393664,         0,         0,    41.5,standalone_exact_mw,29ae76c7f86edcd2f56343e8109d8463cbc736644db4e57527101e2f1c3606c8,"{""distance"":5,""physical_error_rate"":0.0002}","{""detection_events"":257615,""detectors_checked"":312180736}"
    109568,         0,         0,    4.21,standalone_exact_mw,29ae76c7f86edcd2f56343e8109d8463cbc736644db4e57527101e2f1c3606c8,"{""distance"":5,""physical_error_rate"":0.0002}","{""detection_events"":20479,""detectors_checked"":24543232}"
    326656,         0,         0,    5.95,standalone_exact_mw,29ae76c7f86edcd2f56343e8109d8463cbc736644db4e57527101e2f1c3606c8,"{""distance"":5,""physical_error_rate"":0.0002}","{""detection_events"":60995,""detectors_checked"":73170944}"
   1354112,         0,         0,    46.9,standalone_exact_mw,29ae76c7f86edcd2f56343e8109d8463cbc736644db4e57527101e2f1c3606c8,"{""distance"":5,""physical_error_rate"":0.0002}","{""detection_events"":251509,""detectors_checked"":303321088}"
   1254612,         0,         0,    38.1,standalone_exact_mw,29ae76c7f86edcd2f56343e8109d8463cbc736644db4e57527101e2f1c3606c8,"{""distance"":5,""physical_error_rate"":0.0002}","{""detection_events"":234716,""detectors_checked"":281033088}"
   1222656,         0,         0,    48.6,standalone_exact_mw,29ae76c7f86edcd2f56343e8109d8463cbc736644db4e57527101e2f1c3606c8,"{""distance"":5,""physical_error_rate"":0.0002}","{""detection_events"":228842,""detectors_checked"":273874944}"
    111616,         0,         0,    4.17,standalone_exact_mw,29ae76c7f86edcd2f56343e8109d8463cbc736644db4e57527101e2f1c3606c8,"{""distance"":5,""physical_error_rate"":0.0002}","{""detection_events"":20674,""detectors_checked"":25001984}"
   2008064,         2,         0,    62.5,standalone_exact_mw,503ee55b5ad1b1988379a241a0405811522ee4d50b473755532ad1299cb121e2,"{""distance"":5,""physical_error_rate"":0.0005}","{""detection_events"":932774,""detectors_checked"":449806336,""obs_mistake_mask=E"":2}"
    198656,         0,         0,    5.97,standalone_exact_mw,29ae76c7f86edcd2f56343e8109d8463cbc736644db4e57527101e2f1c3606c8,"{""distance"":5,""physical_error_rate"":0.0002}","{""detection_events"":36916,""detectors_checked"":44498944}"
    109568,         0,         0,    4.23,standalone_exact_mw,29ae76c7f86edcd2f56343e8109d8463cbc736644db4e57527101e2f1c3606c8,"{""distance"":5,""physical_error_rate"":0.0002}","{""detection_events"":20258,""detectors_checked"":24543232}"
   2594816,         2,         0,   119.2,standalone_exact_mw,503ee55b5ad1b1988379a241a0405811522ee4d50b473755532ad1299cb121e2,"{""distance"":5,""physical_error_rate"":0.0005}","{""detection_events"":1205915,""detectors_checked"":581238784,""obs_mistake_mask=E"":2}"
     87040,         0,         0,    4.28,standalone_exact_mw,503ee55b5ad1b1988379a241a0405811522ee4d50b473755532ad1299cb121e2,"{""distance"":5,""physical_error_rate"":0.0005}","{""detection_events"":40083,""detectors_checked"":19496960}"
    111616,         0,         0,    4.21,standalone_exact_mw,29ae76c7f86edcd2f56343e8109d8463cbc736644db4e57527101e2f1c3606c8,"{""distance"":5,""physical_error_rate"":0.0002}","{""detection_events"":20609,""detectors_checked"":25001984}"
     99328,         0,         0,    4.24,standalone_exact_mw,503ee55b5ad1b1988379a241a0405811522ee4d50b473755532ad1299cb121e2,"{""distance"":5,""physical_error_rate"":0.0005}","{""detection_events"":46245,""detectors_checked"":22249472}"
    131072,         0,         0,    4.24,standalone_exact_mw,29ae76c7f86edcd2f56343e8109d8463cbc736644db4e57527101e2f1c3606c8,"{""distance"":5,""physical_error_rate"":0.0002}","{""detection_events"":24077,""detectors_checked"":29360128}"
     65536,         0,         0,    4.22,standalone_exact_mw,29ae76c7f86edcd2f56343e8109d8463cbc736644db4e57527101e2f1c3606c8,"{""distance"":5,""physical_error_rate"":0.0002}","{""detection_events"":12322,""detectors_checked"":14680064}"
    131072,         0,         0,    4.24,standalone_exact_mw,503ee55b5ad1b1988379a241a0405811522ee4d50b473755532ad1299cb121e2,"{""distance"":5,""physical_error_rate"":0.0005}","{""detection_events"":61232,""detectors_checked"":29360128}"
    104448,         0,         0,    4.27,standalone_exact_mw,503ee55b5ad1b1988379a241a0405811522ee4d50b473755532ad1299cb121e2,"{""distance"":5,""physical_error_rate"":0.0005}","{""detection_events"":48834,""detectors_checked"":23396352}"
     87040,         0,         0,    4.28,standalone_exact_mw,503ee55b5ad1b1988379a241a0405811522ee4d50b473755532ad1299cb121e2,"{""distance"":5,""physical_error_rate"":0.0005}","{""detection_events"":40488,""detectors_checked"":19496960}"
    144384,         1,         0,    6.00,standalone_exact_mw,503ee55b5ad1b1988379a241a0405811522ee4d50b473755532ad1299cb121e2,"{""distance"":5,""physical_error_rate"":0.0005}","{""detection_events"":67244,""detectors_checked"":32342016,""obs_mistake_mask=E"":1}"
    267264,         0,         0,    8.31,standalone_exact_mw,503ee55b5ad1b1988379a241a0405811522ee4d50b473755532ad1299cb121e2,"{""distance"":5,""physical_error_rate"":0.0005}","{""detection_events"":124362,""detectors_checked"":59867136}"
   1215406,         0,         0,    41.6,standalone_exact_mw,29ae76c7f86edcd2f56343e8109d8463cbc736644db4e57527101e2f1c3606c8,"{""distance"":5,""physical_error_rate"":0.0002}","{""detection_events"":226243,""detectors_checked"":272250944}"
   1171456,         0,         0,    58.8,standalone_exact_mw,29ae76c7f86edcd2f56343e8109d8463cbc736644db4e57527101e2f1c3606c8,"{""distance"":5,""physical_error_rate"":0.0002}","{""detection_events"":218282,""detectors_checked"":262406144}"
    146432,         0,         0,    5.98,standalone_exact_mw,503ee55b5ad1b1988379a241a0405811522ee4d50b473755532ad1299cb121e2,"{""distance"":5,""physical_error_rate"":0.0005}","{""detection_events"":67758,""detectors_checked"":32800768}"
   1116464,         0,         0,    38.6,standalone_exact_mw,29ae76c7f86edcd2f56343e8109d8463cbc736644db4e57527101e2f1c3606c8,"{""distance"":5,""physical_error_rate"":0.0002}","{""detection_events"":208460,""detectors_checked"":250087936}"
   1079296,         0,         0,    42.2,standalone_exact_mw,29ae76c7f86edcd2f56343e8109d8463cbc736644db4e57527101e2f1c3606c8,"{""distance"":5,""physical_error_rate"":0.0002}","{""detection_events"":200996,""detectors_checked"":241762304}"
   1074176,         0,         0,    42.4,standalone_exact_mw,29ae76c7f86edcd2f56343e8109d8463cbc736644db4e57527101e2f1c3606c8,"{""distance"":5,""physical_error_rate"":0.0002}","{""detection_events"":199747,""detectors_checked"":240615424}"
    215040,         0,         0,    5.95,standalone_exact_mw,29ae76c7f86edcd2f56343e8109d8463cbc736644db4e57527101e2f1c3606c8,"{""distance"":5,""physical_error_rate"":0.0002}","{""detection_events"":40384,""detectors_checked"":48168960}"
    160768,         0,         0,    5.97,standalone_exact_mw,503ee55b5ad1b1988379a241a0405811522ee4d50b473755532ad1299cb121e2,"{""distance"":5,""physical_error_rate"":0.0005}","{""detection_events"":74458,""detectors_checked"":36012032}"
    204800,         0,         0,    5.89,standalone_exact_mw,29ae76c7f86edcd2f56343e8109d8463cbc736644db4e57527101e2f1c3606c8,"{""distance"":5,""physical_error_rate"":0.0002}","{""detection_events"":38455,""detectors_checked"":45875200}"
    156672,         0,         0,    5.86,standalone_exact_mw,29ae76c7f86edcd2f56343e8109d8463cbc736644db4e57527101e2f1c3606c8,"{""distance"":5,""physical_error_rate"":0.0002}","{""detection_events"":30150,""detectors_checked"":35094528}"
    171008,         0,         0,    5.99,standalone_exact_mw,503ee55b5ad1b1988379a241a0405811522ee4d50b473755532ad1299cb121e2,"{""distance"":5,""physical_error_rate"":0.0005}","{""detection_events"":79432,""detectors_checked"":38305792}"
   1835008,         0,         0,    62.8,standalone_exact_mw,503ee55b5ad1b1988379a241a0405811522ee4d50b473755532ad1299cb121e2,"{""distance"":5,""physical_error_rate"":0.0005}","{""detection_events"":854166,""detectors_checked"":411041792}"
    174080,         0,         0,    5.93,standalone_exact_mw,29ae76c7f86edcd2f56343e8109d8463cbc736644db4e57527101e2f1c3606c8,"{""distance"":5,""physical_error_rate"":0.0002}","{""detection_events"":31695,""detectors_checked"":38993920}"
   1324032,         0,         0,    62.6,standalone_exact_mw,503ee55b5ad1b1988379a241a0405811522ee4d50b473755532ad1299cb121e2,"{""distance"":5,""physical_error_rate"":0.0005}","{""detection_events"":617421,""detectors_checked"":296583168}"
   2434048,         2,         0,   119.4,standalone_exact_mw,503ee55b5ad1b1988379a241a0405811522ee4d50b473755532ad1299cb121e2,"{""distance"":5,""physical_error_rate"":0.0005}","{""detection_events"":1130261,""detectors_checked"":545226752,""obs_mistake_mask=E"":2}"
   1044967,         0,         0,    33.5,standalone_exact_mw,29ae76c7f86edcd2f56343e8109d8463cbc736644db4e57527101e2f1c3606c8,"{""distance"":5,""physical_error_rate"":0.0002}","{""detection_events"":193741,""detectors_checked"":234072608}"
    929792,         0,         0,    40.7,standalone_exact_mw,29ae76c7f86edcd2f56343e8109d8463cbc736644db4e57527101e2f1c3606c8,"{""distance"":5,""physical_error_rate"":0.0002}","{""detection_events"":173018,""detectors_checked"":208273408}"
    128000,         0,         0,    5.98,standalone_exact_mw,29ae76c7f86edcd2f56343e8109d8463cbc736644db4e57527101e2f1c3606c8,"{""distance"":5,""physical_error_rate"":0.0002}","{""detection_events"":23895,""detectors_checked"":28672000}"
    155648,         0,         0,    5.98,standalone_exact_mw,29ae76c7f86edcd2f56343e8109d8463cbc736644db4e57527101e2f1c3606c8,"{""distance"":5,""physical_error_rate"":0.0002}","{""detection_events"":28781,""detectors_checked"":34865152}"
    121856,         0,         0,    5.96,standalone_exact_mw,503ee55b5ad1b1988379a241a0405811522ee4d50b473755532ad1299cb121e2,"{""distance"":5,""physical_error_rate"":0.0005}","{""detection_events"":56376,""detectors_checked"":27295744}"
    149504,         0,         0,    5.93,standalone_exact_mw,29ae76c7f86edcd2f56343e8109d8463cbc736644db4e57527101e2f1c3606c8,"{""distance"":5,""physical_error_rate"":0.0002}","{""detection_events"":27540,""detectors_checked"":33488896}"
   1270784,         1,         0,    62.7,standalone_exact_mw,503ee55b5ad1b1988379a241a0405811522ee4d50b473755532ad1299cb121e2,"{""distance"":5,""physical_error_rate"":0.0005}","{""detection_events"":592858,""detectors_checked"":284655616,""obs_mistake_mask=E"":1}"
    135168,         0,         0,    5.97,standalone_exact_mw,503ee55b5ad1b1988379a241a0405811522ee4d50b473755532ad1299cb121e2,"{""distance"":5,""physical_error_rate"":0.0005}","{""detection_events"":63035,""detectors_checked"":30277632}"
   1494016,         1,         0,    62.7,standalone_exact_mw,503ee55b5ad1b1988379a241a0405811522ee4d50b473755532ad1299cb121e2,"{""distance"":5,""physical_error_rate"":0.0005}","{""detection_events"":696357,""detectors_checked"":334659584,""obs_mistake_mask=E"":1}"
    153600,         0,         0,    5.84,standalone_exact_mw,29ae76c7f86edcd2f56343e8109d8463cbc736644db4e57527101e2f1c3606c8,"{""distance"":5,""physical_error_rate"":0.0002}","{""detection_events"":28543,""detectors_checked"":34406400}"
    388096,         0,         0,    8.25,standalone_exact_mw,29ae76c7f86edcd2f56343e8109d8463cbc736644db4e57527101e2f1c3606c8,"{""distance"":5,""physical_error_rate"":0.0002}","{""detection_events"":71964,""detectors_checked"":86933504}"
    198656,         0,         0,    5.95,standalone_exact_mw,29ae76c7f86edcd2f56343e8109d8463cbc736644db4e57527101e2f1c3606c8,"{""distance"":5,""physical_error_rate"":0.0002}","{""detection_events"":37540,""detectors_checked"":44498944}"
    183296,         0,         0,    6.00,standalone_exact_mw,503ee55b5ad1b1988379a241a0405811522ee4d50b473755532ad1299cb121e2,"{""distance"":5,""physical_error_rate"":0.0005}","{""detection_events"":85320,""detectors_checked"":41058304}"
    144384,         0,         0,    5.99,standalone_exact_mw,503ee55b5ad1b1988379a241a0405811522ee4d50b473755532ad1299cb121e2,"{""distance"":5,""physical_error_rate"":0.0005}","{""detection_events"":66736,""detectors_checked"":32342016}"
   1289216,         0,         0,    62.7,standalone_exact_mw,503ee55b5ad1b1988379a241a0405811522ee4d50b473755532ad1299cb121e2,"{""distance"":5,""physical_error_rate"":0.0005}","{""detection_events"":599379,""detectors_checked"":288784384}"
    120832,         0,         0,    5.99,standalone_exact_mw,503ee55b5ad1b1988379a241a0405811522ee4d50b473755532ad1299cb121e2,"{""distance"":5,""physical_error_rate"":0.0005}","{""detection_events"":56196,""detectors_checked"":27066368}"
    318464,         0,         0,    8.33,standalone_exact_mw,29ae76c7f86edcd2f56343e8109d8463cbc736644db4e57527101e2f1c3606c8,"{""distance"":5,""physical_error_rate"":0.0002}","{""detection_events"":59283,""detectors_checked"":71335936}"
   2577408,         0,         0,   119.5,standalone_exact_mw,503ee55b5ad1b1988379a241a0405811522ee4d50b473755532ad1299cb121e2,"{""distance"":5,""physical_error_rate"":0.0005}","{""detection_events"":1197900,""detectors_checked"":577339392}"
   2625536,         0,         0,   119.4,standalone_exact_mw,503ee55b5ad1b1988379a241a0405811522ee4d50b473755532ad1299cb121e2,"{""distance"":5,""physical_error_rate"":0.0005}","{""detection_events"":1221234,""detectors_checked"":588120064}"
   2504704,         2,         0,   119.2,standalone_exact_mw,503ee55b5ad1b1988379a241a0405811522ee4d50b473755532ad1299cb121e2,"{""distance"":5,""physical_error_rate"":0.0005}","{""detection_events"":1166924,""detectors_checked"":561053696,""obs_mistake_mask=E"":2}"
    921560,         0,         0,    30.2,standalone_exact_mw,29ae76c7f86edcd2f56343e8109d8463cbc736644db4e57527101e2f1c3606c8,"{""distance"":5,""physical_error_rate"":0.0002}","{""detection_events"":171862,""detectors_checked"":206429440}"
    832512,         0,         0,    39.3,standalone_exact_mw,29ae76c7f86edcd2f56343e8109d8463cbc736644db4e57527101e2f1c3606c8,"{""distance"":5,""physical_error_rate"":0.0002}","{""detection_events"":156049,""detectors_checked"":186482688}"
    905216,         0,         0,    35.3,standalone_exact_mw,29ae76c7f86edcd2f56343e8109d8463cbc736644db4e57527101e2f1c3606c8,"{""distance"":5,""physical_error_rate"":0.0002}","{""detection_events"":168230,""detectors_checked"":202768384}"
    202752,         0,         0,    8.37,standalone_exact_mw,503ee55b5ad1b1988379a241a0405811522ee4d50b473755532ad1299cb121e2,"{""distance"":5,""physical_error_rate"":0.0005}","{""detection_events"":94072,""detectors_checked"":45416448}"
    195584,         0,         0,    8.33,standalone_exact_mw,503ee55b5ad1b1988379a241a0405811522ee4d50b473755532ad1299cb121e2,"{""distance"":5,""physical_error_rate"":0.0005}","{""detection_events"":91837,""detectors_checked"":43810816}"
    287744,         0,         0,    8.34,standalone_exact_mw,29ae76c7f86edcd2f56343e8109d8463cbc736644db4e57527101e2f1c3606c8,"{""distance"":5,""physical_error_rate"":0.0002}","{""detection_events"":53304,""detectors_checked"":64454656}"
    195584,         0,         0,    8.30,standalone_exact_mw,503ee55b5ad1b1988379a241a0405811522ee4d50b473755532ad1299cb121e2,"{""distance"":5,""physical_error_rate"":0.0005}","{""detection_events"":91325,""detectors_checked"":43810816}"
    246784,         0,         0,    8.33,standalone_exact_mw,29ae76c7f86edcd2f56343e8109d8463cbc736644db4e57527101e2f1c3606c8,"{""distance"":5,""physical_error_rate"":0.0002}","{""detection_events"":46791,""detectors_checked"":55279616}"
    158720,         0,         0,    8.26,standalone_exact_mw,29ae76c7f86edcd2f56343e8109d8463cbc736644db4e57527101e2f1c3606c8,"{""distance"":5,""physical_error_rate"":0.0002}","{""detection_events"":29989,""detectors_checked"":35553280}"
    221184,         0,         0,    8.32,standalone_exact_mw,503ee55b5ad1b1988379a241a0405811522ee4d50b473755532ad1299cb121e2,"{""distance"":5,""physical_error_rate"":0.0005}","{""detection_events"":102323,""detectors_checked"":49545216}"
    235520,         0,         0,    8.29,standalone_exact_mw,29ae76c7f86edcd2f56343e8109d8463cbc736644db4e57527101e2f1c3606c8,"{""distance"":5,""physical_error_rate"":0.0002}","{""detection_events"":43647,""detectors_checked"":52756480}"
    817081,         0,         0,    23.9,standalone_exact_mw,29ae76c7f86edcd2f56343e8109d8463cbc736644db4e57527101e2f1c3606c8,"{""distance"":5,""physical_error_rate"":0.0002}","{""detection_events"":152382,""detectors_checked"":183026144}"
    184320,         0,         0,    8.36,standalone_exact_mw,29ae76c7f86edcd2f56343e8109d8463cbc736644db4e57527101e2f1c3606c8,"{""distance"":5,""physical_error_rate"":0.0002}","{""detection_events"":35151,""detectors_checked"":41287680}"
    263168,         0,         0,    8.32,standalone_exact_mw,29ae76c7f86edcd2f56343e8109d8463cbc736644db4e57527101e2f1c3606c8,"{""distance"":5,""physical_error_rate"":0.0002}","{""detection_events"":49061,""detectors_checked"":58949632}"
    362496,         0,         0,    11.7,standalone_exact_mw,503ee55b5ad1b1988379a241a0405811522ee4d50b473755532ad1299cb121e2,"{""distance"":5,""physical_error_rate"":0.0005}","{""detection_events"":169718,""detectors_checked"":81199104}"
    207872,         0,         0,    8.38,standalone_exact_mw,503ee55b5ad1b1988379a241a0405811522ee4d50b473755532ad1299cb121e2,"{""distance"":5,""physical_error_rate"":0.0005}","{""detection_events"":98000,""detectors_checked"":46563328}"
    211968,         0,         0,    8.38,standalone_exact_mw,29ae76c7f86edcd2f56343e8109d8463cbc736644db4e57527101e2f1c3606c8,"{""distance"":5,""physical_error_rate"":0.0002}","{""detection_events"":40057,""detectors_checked"":47480832}"
    181248,         0,         0,    8.30,standalone_exact_mw,503ee55b5ad1b1988379a241a0405811522ee4d50b473755532ad1299cb121e2,"{""distance"":5,""physical_error_rate"":0.0005}","{""detection_events"":84152,""detectors_checked"":40599552}"
    216064,         0,         0,    8.35,standalone_exact_mw,29ae76c7f86edcd2f56343e8109d8463cbc736644db4e57527101e2f1c3606c8,"{""distance"":5,""physical_error_rate"":0.0002}","{""detection_events"":39643,""detectors_checked"":48398336}"
    708219,         0,         0,    26.3,standalone_exact_mw,29ae76c7f86edcd2f56343e8109d8463cbc736644db4e57527101e2f1c3606c8,"{""distance"":5,""physical_error_rate"":0.0002}","{""detection_events"":131293,""detectors_checked"":158641056}"
    687104,         0,         0,    18.5,standalone_exact_mw,29ae76c7f86edcd2f56343e8109d8463cbc736644db4e57527101e2f1c3606c8,"{""distance"":5,""physical_error_rate"":0.0002}","{""detection_events"":127743,""detectors_checked"":153911296}"
    257024,         0,         0,    8.29,standalone_exact_mw,29ae76c7f86edcd2f56343e8109d8463cbc736644db4e57527101e2f1c3606c8,"{""distance"":5,""physical_error_rate"":0.0002}","{""detection_events"":48685,""detectors_checked"":57573376}"
    186368,         0,         0,    8.36,standalone_exact_mw,503ee55b5ad1b1988379a241a0405811522ee4d50b473755532ad1299cb121e2,"{""distance"":5,""physical_error_rate"":0.0005}","{""detection_events"":86860,""detectors_checked"":41746432}"
    164864,         0,         0,    8.35,standalone_exact_mw,503ee55b5ad1b1988379a241a0405811522ee4d50b473755532ad1299cb121e2,"{""distance"":5,""physical_error_rate"":0.0005}","{""detection_events"":76425,""detectors_checked"":36929536}"
    167936,         0,         0,    8.34,standalone_exact_mw,503ee55b5ad1b1988379a241a0405811522ee4d50b473755532ad1299cb121e2,"{""distance"":5,""physical_error_rate"":0.0005}","{""detection_events"":78938,""detectors_checked"":37617664}"
    658727,         0,         0,    20.6,standalone_exact_mw,29ae76c7f86edcd2f56343e8109d8463cbc736644db4e57527101e2f1c3606c8,"{""distance"":5,""physical_error_rate"":0.0002}","{""detection_events"":122989,""detectors_checked"":147554848}"
    608638,         0,         0,    19.7,standalone_exact_mw,29ae76c7f86edcd2f56343e8109d8463cbc736644db4e57527101e2f1c3606c8,"{""distance"":5,""physical_error_rate"":0.0002}","{""detection_events"":113199,""detectors_checked"":136334912}"
    605184,         0,         0,    20.8,standalone_exact_mw,29ae76c7f86edcd2f56343e8109d8463cbc736644db4e57527101e2f1c3606c8,"{""distance"":5,""physical_error_rate"":0.0002}","{""detection_events"":112499,""detectors_checked"":135561216}"
    590848,         0,         0,    18.3,standalone_exact_mw,29ae76c7f86edcd2f56343e8109d8463cbc736644db4e57527101e2f1c3606c8,"{""distance"":5,""physical_error_rate"":0.0002}","{""detection_events"":110335,""detectors_checked"":132349952}"
    589618,         0,         0,    19.1,standalone_exact_mw,29ae76c7f86edcd2f56343e8109d8463cbc736644db4e57527101e2f1c3606c8,"{""distance"":5,""physical_error_rate"":0.0002}","{""detection_events"":110439,""detectors_checked"":132074432}"
    558080,         0,         0,    18.7,standalone_exact_mw,29ae76c7f86edcd2f56343e8109d8463cbc736644db4e57527101e2f1c3606c8,"{""distance"":5,""physical_error_rate"":0.0002}","{""detection_events"":103627,""detectors_checked"":125009920}"
    571392,         0,         0,    21.3,standalone_exact_mw,29ae76c7f86edcd2f56343e8109d8463cbc736644db4e57527101e2f1c3606c8,"{""distance"":5,""physical_error_rate"":0.0002}","{""detection_events"":106421,""detectors_checked"":127991808}"
    417792,         0,         0,    11.6,standalone_exact_mw,29ae76c7f86edcd2f56343e8109d8463cbc736644db4e57527101e2f1c3606c8,"{""distance"":5,""physical_error_rate"":0.0002}","{""detection_events"":78031,""detectors_checked"":93585408}"
    367616,         0,         0,    11.6,standalone_exact_mw,29ae76c7f86edcd2f56343e8109d8463cbc736644db4e57527101e2f1c3606c8,"{""distance"":5,""physical_error_rate"":0.0002}","{""detection_events"":68382,""detectors_checked"":82345984}"
    533816,         0,         0,    17.8,standalone_exact_mw,29ae76c7f86edcd2f56343e8109d8463cbc736644db4e57527101e2f1c3606c8,"{""distance"":5,""physical_error_rate"":0.0002}","{""detection_events"":99984,""detectors_checked"":119574784}"
    525312,         0,         0,    17.6,standalone_exact_mw,29ae76c7f86edcd2f56343e8109d8463cbc736644db4e57527101e2f1c3606c8,"{""distance"":5,""physical_error_rate"":0.0002}","{""detection_events"":98558,""detectors_checked"":117669888}"
    513024,         0,         0,    22.9,standalone_exact_mw,29ae76c7f86edcd2f56343e8109d8463cbc736644db4e57527101e2f1c3606c8,"{""distance"":5,""physical_error_rate"":0.0002}","{""detection_events"":96072,""detectors_checked"":114917376}"
    479232,         0,         0,    17.7,standalone_exact_mw,29ae76c7f86edcd2f56343e8109d8463cbc736644db4e57527101e2f1c3606c8,"{""distance"":5,""physical_error_rate"":0.0002}","{""detection_events"":89027,""detectors_checked"":107347968}"
    488448,         0,         0,    17.6,standalone_exact_mw,29ae76c7f86edcd2f56343e8109d8463cbc736644db4e57527101e2f1c3606c8,"{""distance"":5,""physical_error_rate"":0.0002}","{""detection_events"":90558,""detectors_checked"":109412352}"
    457295,         0,         0,    15.8,standalone_exact_mw,29ae76c7f86edcd2f56343e8109d8463cbc736644db4e57527101e2f1c3606c8,"{""distance"":5,""physical_error_rate"":0.0002}","{""detection_events"":85452,""detectors_checked"":102434080}"
    423936,         0,         0,    15.8,standalone_exact_mw,29ae76c7f86edcd2f56343e8109d8463cbc736644db4e57527101e2f1c3606c8,"{""distance"":5,""physical_error_rate"":0.0002}","{""detection_events"":79153,""detectors_checked"":94961664}"
    424960,         0,         0,    17.7,standalone_exact_mw,29ae76c7f86edcd2f56343e8109d8463cbc736644db4e57527101e2f1c3606c8,"{""distance"":5,""physical_error_rate"":0.0002}","{""detection_events"":79257,""detectors_checked"":95191040}"
    380316,         0,         0,    10.2,standalone_exact_mw,29ae76c7f86edcd2f56343e8109d8463cbc736644db4e57527101e2f1c3606c8,"{""distance"":5,""physical_error_rate"":0.0002}","{""detection_events"":69704,""detectors_checked"":85190784}"
    341903,         0,         0,    10.7,standalone_exact_mw,29ae76c7f86edcd2f56343e8109d8463cbc736644db4e57527101e2f1c3606c8,"{""distance"":5,""physical_error_rate"":0.0002}","{""detection_events"":63193,""detectors_checked"":76586272}"
    336896,         0,         0,    9.44,standalone_exact_mw,29ae76c7f86edcd2f56343e8109d8463cbc736644db4e57527101e2f1c3606c8,"{""distance"":5,""physical_error_rate"":0.0002}","{""detection_events"":61999,""detectors_checked"":75464704}"
    331219,         0,         0,    11.5,standalone_exact_mw,29ae76c7f86edcd2f56343e8109d8463cbc736644db4e57527101e2f1c3606c8,"{""distance"":5,""physical_error_rate"":0.0002}","{""detection_events"":62225,""detectors_checked"":74193056}"
    331219,         0,         0,    9.66,standalone_exact_mw,29ae76c7f86edcd2f56343e8109d8463cbc736644db4e57527101e2f1c3606c8,"{""distance"":5,""physical_error_rate"":0.0002}","{""detection_events"":60963,""detectors_checked"":74193056}"
    307200,         0,         0,    11.6,standalone_exact_mw,29ae76c7f86edcd2f56343e8109d8463cbc736644db4e57527101e2f1c3606c8,"{""distance"":5,""physical_error_rate"":0.0002}","{""detection_events"":56301,""detectors_checked"":68812800}"
    269312,         0,         0,    11.7,standalone_exact_mw,503ee55b5ad1b1988379a241a0405811522ee4d50b473755532ad1299cb121e2,"{""distance"":5,""physical_error_rate"":0.0005}","{""detection_events"":124775,""detectors_checked"":60325888}"
    299990,         0,         0,    10.9,standalone_exact_mw,29ae76c7f86edcd2f56343e8109d8463cbc736644db4e57527101e2f1c3606c8,"{""distance"":5,""physical_error_rate"":0.0002}","{""detection_events"":56125,""detectors_checked"":67197760}"
    286720,         0,         0,    11.0,standalone_exact_mw,29ae76c7f86edcd2f56343e8109d8463cbc736644db4e57527101e2f1c3606c8,"{""distance"":5,""physical_error_rate"":0.0002}","{""detection_events"":53314,""detectors_checked"":64225280}"
    284672,         0,         0,    5.09,standalone_exact_mw,29ae76c7f86edcd2f56343e8109d8463cbc736644db4e57527101e2f1c3606c8,"{""distance"":5,""physical_error_rate"":0.0002}","{""detection_events"":52903,""detectors_checked"":63766528}"
    281600,         0,         0,    9.09,standalone_exact_mw,29ae76c7f86edcd2f56343e8109d8463cbc736644db4e57527101e2f1c3606c8,"{""distance"":5,""physical_error_rate"":0.0002}","{""detection_events"":53364,""detectors_checked"":63078400}"
    254976,         0,         0,    11.7,standalone_exact_mw,503ee55b5ad1b1988379a241a0405811522ee4d50b473755532ad1299cb121e2,"{""distance"":5,""physical_error_rate"":0.0005}","{""detection_events"":118295,""detectors_checked"":57114624}"
    249856,         0,         0,    11.7,standalone_exact_mw,503ee55b5ad1b1988379a241a0405811522ee4d50b473755532ad1299cb121e2,"{""distance"":5,""physical_error_rate"":0.0005}","{""detection_events"":116699,""detectors_checked"":55967744}"
    281015,         0,         0,    8.03,standalone_exact_mw,29ae76c7f86edcd2f56343e8109d8463cbc736644db4e57527101e2f1c3606c8,"{""distance"":5,""physical_error_rate"":0.0002}","{""detection_events"":52018,""detectors_checked"":62947360}"
    271360,         0,         0,    7.97,standalone_exact_mw,29ae76c7f86edcd2f56343e8109d8463cbc736644db4e57527101e2f1c3606c8,"{""distance"":5,""physical_error_rate"":0.0002}","{""detection_events"":51159,""detectors_checked"":60784640}"
    260096,         0,         0,    9.36,standalone_exact_mw,29ae76c7f86edcd2f56343e8109d8463cbc736644db4e57527101e2f1c3606c8,"{""distance"":5,""physical_error_rate"":0.0002}","{""detection_events"":48710,""detectors_checked"":58261504}"
    257024,         0,         0,    8.00,standalone_exact_mw,29ae76c7f86edcd2f56343e8109d8463cbc736644db4e57527101e2f1c3606c8,"{""distance"":5,""physical_error_rate"":0.0002}","{""detection_events"":47400,""detectors_checked"":57573376}"
    258048,         0,         0,    11.6,standalone_exact_mw,503ee55b5ad1b1988379a241a0405811522ee4d50b473755532ad1299cb121e2,"{""distance"":5,""physical_error_rate"":0.0005}","{""detection_events"":119389,""detectors_checked"":57802752}"
    245577,         0,         0,    9.98,standalone_exact_mw,29ae76c7f86edcd2f56343e8109d8463cbc736644db4e57527101e2f1c3606c8,"{""distance"":5,""physical_error_rate"":0.0002}","{""detection_events"":45196,""detectors_checked"":55009248}"
    237568,         0,         0,    9.26,standalone_exact_mw,29ae76c7f86edcd2f56343e8109d8463cbc736644db4e57527101e2f1c3606c8,"{""distance"":5,""physical_error_rate"":0.0002}","{""detection_events"":44396,""detectors_checked"":53215232}"
    213263,         0,         0,    7.76,standalone_exact_mw,29ae76c7f86edcd2f56343e8109d8463cbc736644db4e57527101e2f1c3606c8,"{""distance"":5,""physical_error_rate"":0.0002}","{""detection_events"":39840,""detectors_checked"":47770912}"
    201728,         0,         0,    5.62,standalone_exact_mw,29ae76c7f86edcd2f56343e8109d8463cbc736644db4e57527101e2f1c3606c8,"{""distance"":5,""physical_error_rate"":0.0002}","{""detection_events"":37388,""detectors_checked"":45187072}"
    209920,         0,         0,    7.49,standalone_exact_mw,29ae76c7f86edcd2f56343e8109d8463cbc736644db4e57527101e2f1c3606c8,"{""distance"":5,""physical_error_rate"":0.0002}","{""detection_events"":39350,""detectors_checked"":47022080}"
    202752,         0,         0,    7.51,standalone_exact_mw,29ae76c7f86edcd2f56343e8109d8463cbc736644db4e57527101e2f1c3606c8,"{""distance"":5,""physical_error_rate"":0.0002}","{""detection_events"":37600,""detectors_checked"":45416448}"
    199680,         0,         0,    6.51,standalone_exact_mw,29ae76c7f86edcd2f56343e8109d8463cbc736644db4e57527101e2f1c3606c8,"{""distance"":5,""physical_error_rate"":0.0002}","{""detection_events"":37704,""detectors_checked"":44728320}"
    202752,         0,         0,    7.02,standalone_exact_mw,29ae76c7f86edcd2f56343e8109d8463cbc736644db4e57527101e2f1c3606c8,"{""distance"":5,""physical_error_rate"":0.0002}","{""detection_events"":37851,""detectors_checked"":45416448}"
    199175,         0,         0,    7.69,standalone_exact_mw,29ae76c7f86edcd2f56343e8109d8463cbc736644db4e57527101e2f1c3606c8,"{""distance"":5,""physical_error_rate"":0.0002}","{""detection_events"":37461,""detectors_checked"":44615200}"
    179200,         0,         0,    7.64,standalone_exact_mw,29ae76c7f86edcd2f56343e8109d8463cbc736644db4e57527101e2f1c3606c8,"{""distance"":5,""physical_error_rate"":0.0002}","{""detection_events"":33126,""detectors_checked"":40140800}"
    264192,         1,         0,    11.6,standalone_exact_mw,503ee55b5ad1b1988379a241a0405811522ee4d50b473755532ad1299cb121e2,"{""distance"":5,""physical_error_rate"":0.0005}","{""detection_events"":123488,""detectors_checked"":59179008,""obs_mistake_mask=E"":1}"
    161174,         0,         0,    4.95,standalone_exact_mw,29ae76c7f86edcd2f56343e8109d8463cbc736644db4e57527101e2f1c3606c8,"{""distance"":5,""physical_error_rate"":0.0002}","{""detection_events"":30311,""detectors_checked"":36102976}"
    150538,         0,         0,    5.22,standalone_exact_mw,29ae76c7f86edcd2f56343e8109d8463cbc736644db4e57527101e2f1c3606c8,"{""distance"":5,""physical_error_rate"":0.0002}","{""detection_events"":28345,""detectors_checked"":33720512}"
    154624,         0,         0,    5.17,standalone_exact_mw,29ae76c7f86edcd2f56343e8109d8463cbc736644db4e57527101e2f1c3606c8,"{""distance"":5,""physical_error_rate"":0.0002}","{""detection_events"":28883,""detectors_checked"":34635776}"
    145833,         0,         0,    3.64,standalone_exact_mw,29ae76c7f86edcd2f56343e8109d8463cbc736644db4e57527101e2f1c3606c8,"{""distance"":5,""physical_error_rate"":0.0002}","{""detection_events"":26473,""detectors_checked"":32666592}"
    137216,         0,         0,    5.31,standalone_exact_mw,29ae76c7f86edcd2f56343e8109d8463cbc736644db4e57527101e2f1c3606c8,"{""distance"":5,""physical_error_rate"":0.0002}","{""detection_events"":25589,""detectors_checked"":30736384}"
    136444,         0,         0,    5.46,standalone_exact_mw,29ae76c7f86edcd2f56343e8109d8463cbc736644db4e57527101e2f1c3606c8,"{""distance"":5,""physical_error_rate"":0.0002}","{""detection_events"":25426,""detectors_checked"":30563456}"
    132096,         0,         0,    3.88,standalone_exact_mw,29ae76c7f86edcd2f56343e8109d8463cbc736644db4e57527101e2f1c3606c8,"{""distance"":5,""physical_error_rate"":0.0002}","{""detection_events"":24568,""detectors_checked"":29589504}"
    135168,         0,         0,    5.29,standalone_exact_mw,29ae76c7f86edcd2f56343e8109d8463cbc736644db4e57527101e2f1c3606c8,"{""distance"":5,""physical_error_rate"":0.0002}","{""detection_events"":24948,""detectors_checked"":30277632}"
    136192,         0,         0,    5.47,standalone_exact_mw,29ae76c7f86edcd2f56343e8109d8463cbc736644db4e57527101e2f1c3606c8,"{""distance"":5,""physical_error_rate"":0.0002}","{""detection_events"":25531,""detectors_checked"":30507008}"
    128000,         0,         0,    5.42,standalone_exact_mw,29ae76c7f86edcd2f56343e8109d8463cbc736644db4e57527101e2f1c3606c8,"{""distance"":5,""physical_error_rate"":0.0002}","{""detection_events"":23828,""detectors_checked"":28672000}"
    127892,         0,         0,    5.54,standalone_exact_mw,29ae76c7f86edcd2f56343e8109d8463cbc736644db4e57527101e2f1c3606c8,"{""distance"":5,""physical_error_rate"":0.0002}","{""detection_events"":23702,""detectors_checked"":28647808}"
    121856,         0,         0,    3.96,standalone_exact_mw,29ae76c7f86edcd2f56343e8109d8463cbc736644db4e57527101e2f1c3606c8,"{""distance"":5,""physical_error_rate"":0.0002}","{""detection_events"":22511,""detectors_checked"":27295744}"
      8444,         0,         0,   0.391,standalone_exact_mw,29ae76c7f86edcd2f56343e8109d8463cbc736644db4e57527101e2f1c3606c8,"{""distance"":5,""physical_error_rate"":0.0002}","{""detection_events"":1577,""detectors_checked"":1891456}"
    111616,         0,         0,    3.36,standalone_exact_mw,29ae76c7f86edcd2f56343e8109d8463cbc736644db4e57527101e2f1c3606c8,"{""distance"":5,""physical_error_rate"":0.0002}","{""detection_events"":20475,""detectors_checked"":25001984}"
    118784,         0,         0,    3.28,standalone_exact_mw,29ae76c7f86edcd2f56343e8109d8463cbc736644db4e57527101e2f1c3606c8,"{""distance"":5,""physical_error_rate"":0.0002}","{""detection_events"":21725,""detectors_checked"":26607616}"
    123904,         0,         0,    4.36,standalone_exact_mw,29ae76c7f86edcd2f56343e8109d8463cbc736644db4e57527101e2f1c3606c8,"{""distance"":5,""physical_error_rate"":0.0002}","{""detection_events"":22845,""detectors_checked"":27754496}"
    124928,         0,         0,    3.96,standalone_exact_mw,29ae76c7f86edcd2f56343e8109d8463cbc736644db4e57527101e2f1c3606c8,"{""distance"":5,""physical_error_rate"":0.0002}","{""detection_events"":23470,""detectors_checked"":27983872}"
    124928,         0,         0,    3.95,standalone_exact_mw,29ae76c7f86edcd2f56343e8109d8463cbc736644db4e57527101e2f1c3606c8,"{""distance"":5,""physical_error_rate"":0.0002}","{""detection_events"":23292,""detectors_checked"":27983872}"
    120832,         0,         0,    4.37,standalone_exact_mw,29ae76c7f86edcd2f56343e8109d8463cbc736644db4e57527101e2f1c3606c8,"{""distance"":5,""physical_error_rate"":0.0002}","{""detection_events"":22108,""detectors_checked"":27066368}"
    107288,         0,         0,    4.36,standalone_exact_mw,29ae76c7f86edcd2f56343e8109d8463cbc736644db4e57527101e2f1c3606c8,"{""distance"":5,""physical_error_rate"":0.0002}","{""detection_events"":19463,""detectors_checked"":24032512}"
    102400,         0,         0,    4.01,standalone_exact_mw,29ae76c7f86edcd2f56343e8109d8463cbc736644db4e57527101e2f1c3606c8,"{""distance"":5,""physical_error_rate"":0.0002}","{""detection_events"":18618,""detectors_checked"":22937600}"
     93184,         0,         0,    3.36,standalone_exact_mw,29ae76c7f86edcd2f56343e8109d8463cbc736644db4e57527101e2f1c3606c8,"{""distance"":5,""physical_error_rate"":0.0002}","{""detection_events"":17647,""detectors_checked"":20873216}"
     92160,         0,         0,    3.38,standalone_exact_mw,29ae76c7f86edcd2f56343e8109d8463cbc736644db4e57527101e2f1c3606c8,"{""distance"":5,""physical_error_rate"":0.0002}","{""detection_events"":17063,""detectors_checked"":20643840}"
    246784,         0,         0,    11.7,standalone_exact_mw,503ee55b5ad1b1988379a241a0405811522ee4d50b473755532ad1299cb121e2,"{""distance"":5,""physical_error_rate"":0.0005}","{""detection_events"":114975,""detectors_checked"":55279616}"
    278528,         0,         0,    11.6,standalone_exact_mw,503ee55b5ad1b1988379a241a0405811522ee4d50b473755532ad1299cb121e2,"{""distance"":5,""physical_error_rate"":0.0005}","{""detection_events"":129602,""detectors_checked"":62390272}"
    280576,         0,         0,    11.7,standalone_exact_mw,503ee55b5ad1b1988379a241a0405811522ee4d50b473755532ad1299cb121e2,"{""distance"":5,""physical_error_rate"":0.0005}","{""detection_events"":130075,""detectors_checked"":62849024}"
     77207,         0,         0,    2.06,standalone_exact_mw,29ae76c7f86edcd2f56343e8109d8463cbc736644db4e57527101e2f1c3606c8,"{""distance"":5,""physical_error_rate"":0.0002}","{""detection_events"":14137,""detectors_checked"":17294368}"
     70656,         0,         0,    2.48,standalone_exact_mw,29ae76c7f86edcd2f56343e8109d8463cbc736644db4e57527101e2f1c3606c8,"{""distance"":5,""physical_error_rate"":0.0002}","{""detection_events"":13167,""detectors_checked"":15826944}"
     74752,         0,         0,    2.02,standalone_exact_mw,29ae76c7f86edcd2f56343e8109d8463cbc736644db4e57527101e2f1c3606c8,"{""distance"":5,""physical_error_rate"":0.0002}","{""detection_events"":13506,""detectors_checked"":16744448}"
     65802,         0,         0,    1.21,standalone_exact_mw,29ae76c7f86edcd2f56343e8109d8463cbc736644db4e57527101e2f1c3606c8,"{""distance"":5,""physical_error_rate"":0.0002}","{""detection_events"":12247,""detectors_checked"":14739648}"
     62464,         0,         0,    2.16,standalone_exact_mw,29ae76c7f86edcd2f56343e8109d8463cbc736644db4e57527101e2f1c3606c8,"{""distance"":5,""physical_error_rate"":0.0002}","{""detection_events"":11877,""detectors_checked"":13991936}"
     59202,         0,         0,    2.08,standalone_exact_mw,29ae76c7f86edcd2f56343e8109d8463cbc736644db4e57527101e2f1c3606c8,"{""distance"":5,""physical_error_rate"":0.0002}","{""detection_events"":10613,""detectors_checked"":13261248}"
     59202,         0,         0,    2.15,standalone_exact_mw,29ae76c7f86edcd2f56343e8109d8463cbc736644db4e57527101e2f1c3606c8,"{""distance"":5,""physical_error_rate"":0.0002}","{""detection_events"":11049,""detectors_checked"":13261248}"
    224256,         0,         0,    11.6,standalone_exact_mw,503ee55b5ad1b1988379a241a0405811522ee4d50b473755532ad1299cb121e2,"{""distance"":5,""physical_error_rate"":0.0005}","{""detection_events"":105093,""detectors_checked"":50233344}"
     58368,         0,         0,    2.21,standalone_exact_mw,29ae76c7f86edcd2f56343e8109d8463cbc736644db4e57527101e2f1c3606c8,"{""distance"":5,""physical_error_rate"":0.0002}","{""detection_events"":11179,""detectors_checked"":13074432}"
     55400,         0,         0,    1.53,standalone_exact_mw,29ae76c7f86edcd2f56343e8109d8463cbc736644db4e57527101e2f1c3606c8,"{""distance"":5,""physical_error_rate"":0.0002}","{""detection_events"":10475,""detectors_checked"":12409600}"
     53248,         0,         0,    2.81,standalone_exact_mw,29ae76c7f86edcd2f56343e8109d8463cbc736644db4e57527101e2f1c3606c8,"{""distance"":5,""physical_error_rate"":0.0002}","{""detection_events"":9857,""detectors_checked"":11927552}"
     55296,         0,         0,    1.80,standalone_exact_mw,29ae76c7f86edcd2f56343e8109d8463cbc736644db4e57527101e2f1c3606c8,"{""distance"":5,""physical_error_rate"":0.0002}","{""detection_events"":10370,""detectors_checked"":12386304}"
     49995,         0,         0,    1.39,standalone_exact_mw,29ae76c7f86edcd2f56343e8109d8463cbc736644db4e57527101e2f1c3606c8,"{""distance"":5,""physical_error_rate"":0.0002}","{""detection_events"":9318,""detectors_checked"":11198880}"
     49152,         0,         0,    1.64,standalone_exact_mw,29ae76c7f86edcd2f56343e8109d8463cbc736644db4e57527101e2f1c3606c8,"{""distance"":5,""physical_error_rate"":0.0002}","{""detection_events"":9238,""detectors_checked"":11010048}"
     45040,         0,         0,   0.460,standalone_exact_mw,29ae76c7f86edcd2f56343e8109d8463cbc736644db4e57527101e2f1c3606c8,"{""distance"":5,""physical_error_rate"":0.0002}","{""detection_events"":8321,""detectors_checked"":10088960}"
     45040,         0,         0,    1.63,standalone_exact_mw,29ae76c7f86edcd2f56343e8109d8463cbc736644db4e57527101e2f1c3606c8,"{""distance"":5,""physical_error_rate"":0.0002}","{""detection_events"":8437,""detectors_checked"":10088960}"
     42097,         0,         0,    1.57,standalone_exact_mw,29ae76c7f86edcd2f56343e8109d8463cbc736644db4e57527101e2f1c3606c8,"{""distance"":5,""physical_error_rate"":0.0002}","{""detection_events"":7988,""detectors_checked"":9429728}"
     42097,         0,         0,    1.45,standalone_exact_mw,29ae76c7f86edcd2f56343e8109d8463cbc736644db4e57527101e2f1c3606c8,"{""distance"":5,""physical_error_rate"":0.0002}","{""detection_events"":7933,""detectors_checked"":9429728}"
       843,         0,         0,   0.018,standalone_exact_mw,29ae76c7f86edcd2f56343e8109d8463cbc736644db4e57527101e2f1c3606c8,"{""distance"":5,""physical_error_rate"":0.0002}","{""detection_events"":139,""detectors_checked"":188832}"
     43008,         0,         0,    1.94,standalone_exact_mw,29ae76c7f86edcd2f56343e8109d8463cbc736644db4e57527101e2f1c3606c8,"{""distance"":5,""physical_error_rate"":0.0002}","{""detection_events"":8065,""detectors_checked"":9633792}"
     42097,         0,         0,    1.60,standalone_exact_mw,29ae76c7f86edcd2f56343e8109d8463cbc736644db4e57527101e2f1c3606c8,"{""distance"":5,""physical_error_rate"":0.0002}","{""detection_events"":7905,""detectors_checked"":9429728}"
     39936,         0,         0,    1.11,standalone_exact_mw,29ae76c7f86edcd2f56343e8109d8463cbc736644db4e57527101e2f1c3606c8,"{""distance"":5,""physical_error_rate"":0.0002}","{""detection_events"":7341,""detectors_checked"":8945664}"
     35372,         0,         0,    1.67,standalone_exact_mw,29ae76c7f86edcd2f56343e8109d8463cbc736644db4e57527101e2f1c3606c8,"{""distance"":5,""physical_error_rate"":0.0002}","{""detection_events"":6656,""detectors_checked"":7923328}"
     35372,         0,         0,   0.528,standalone_exact_mw,29ae76c7f86edcd2f56343e8109d8463cbc736644db4e57527101e2f1c3606c8,"{""distance"":5,""physical_error_rate"":0.0002}","{""detection_events"":6863,""detectors_checked"":7923328}"
     33792,         0,         0,    1.20,standalone_exact_mw,29ae76c7f86edcd2f56343e8109d8463cbc736644db4e57527101e2f1c3606c8,"{""distance"":5,""physical_error_rate"":0.0002}","{""detection_events"":6339,""detectors_checked"":7569408}"
     33019,         0,         0,    1.18,standalone_exact_mw,29ae76c7f86edcd2f56343e8109d8463cbc736644db4e57527101e2f1c3606c8,"{""distance"":5,""physical_error_rate"":0.0002}","{""detection_events"":5834,""detectors_checked"":7396256}"
     34816,         0,         0,    1.17,standalone_exact_mw,29ae76c7f86edcd2f56343e8109d8463cbc736644db4e57527101e2f1c3606c8,"{""distance"":5,""physical_error_rate"":0.0002}","{""detection_events"":6341,""detectors_checked"":7798784}"
     33019,         0,         0,    1.13,standalone_exact_mw,29ae76c7f86edcd2f56343e8109d8463cbc736644db4e57527101e2f1c3606c8,"{""distance"":5,""physical_error_rate"":0.0002}","{""detection_events"":6137,""detectors_checked"":7396256}"
     29826,         0,         0,   0.695,standalone_exact_mw,29ae76c7f86edcd2f56343e8109d8463cbc736644db4e57527101e2f1c3606c8,"{""distance"":5,""physical_error_rate"":0.0002}","{""detection_events"":5553,""detectors_checked"":6681024}"
     31744,         0,         0,    1.13,standalone_exact_mw,29ae76c7f86edcd2f56343e8109d8463cbc736644db4e57527101e2f1c3606c8,"{""distance"":5,""physical_error_rate"":0.0002}","{""detection_events"":6010,""detectors_checked"":7110656}"
     30720,         0,         0,    1.21,standalone_exact_mw,29ae76c7f86edcd2f56343e8109d8463cbc736644db4e57527101e2f1c3606c8,"{""distance"":5,""physical_error_rate"":0.0002}","{""detection_events"":5950,""detectors_checked"":6881280}"
     29826,         0,         0,    1.19,standalone_exact_mw,29ae76c7f86edcd2f56343e8109d8463cbc736644db4e57527101e2f1c3606c8,"{""distance"":5,""physical_error_rate"":0.0002}","{""detection_events"":5627,""detectors_checked"":6681024}"
     29696,         0,         0,    1.23,standalone_exact_mw,29ae76c7f86edcd2f56343e8109d8463cbc736644db4e57527101e2f1c3606c8,"{""distance"":5,""physical_error_rate"":0.0002}","{""detection_events"":5444,""detectors_checked"":6651904}"
     30720,         0,         0,    1.24,standalone_exact_mw,29ae76c7f86edcd2f56343e8109d8463cbc736644db4e57527101e2f1c3606c8,"{""distance"":5,""physical_error_rate"":0.0002}","{""detection_events"":5903,""detectors_checked"":6881280}"
     31744,         0,         0,    1.23,standalone_exact_mw,29ae76c7f86edcd2f56343e8109d8463cbc736644db4e57527101e2f1c3606c8,"{""distance"":5,""physical_error_rate"":0.0002}","{""detection_events"":5816,""detectors_checked"":7110656}"
     29826,         0,         0,    1.22,standalone_exact_mw,29ae76c7f86edcd2f56343e8109d8463cbc736644db4e57527101e2f1c3606c8,"{""distance"":5,""physical_error_rate"":0.0002}","{""detection_events"":5327,""detectors_checked"":6681024}"
      2430,         0,         0,   0.051,standalone_exact_mw,29ae76c7f86edcd2f56343e8109d8463cbc736644db4e57527101e2f1c3606c8,"{""distance"":5,""physical_error_rate"":0.0002}","{""detection_events"":388,""detectors_checked"":544320}"
     27648,         0,         0,    1.19,standalone_exact_mw,29ae76c7f86edcd2f56343e8109d8463cbc736644db4e57527101e2f1c3606c8,"{""distance"":5,""physical_error_rate"":0.0002}","{""detection_events"":5252,""detectors_checked"":6193152}"
        58,         0,         0,   0.001,standalone_exact_mw,29ae76c7f86edcd2f56343e8109d8463cbc736644db4e57527101e2f1c3606c8,"{""distance"":5,""physical_error_rate"":0.0002}","{""detection_events"":9,""detectors_checked"":12992}"
     23552,         0,         0,   0.702,standalone_exact_mw,29ae76c7f86edcd2f56343e8109d8463cbc736644db4e57527101e2f1c3606c8,"{""distance"":5,""physical_error_rate"":0.0002}","{""detection_events"":4419,""detectors_checked"":5275648}"
     24576,         0,         0,   0.812,standalone_exact_mw,29ae76c7f86edcd2f56343e8109d8463cbc736644db4e57527101e2f1c3606c8,"{""distance"":5,""physical_error_rate"":0.0002}","{""detection_events"":4573,""detectors_checked"":5505024}"
     27648,         0,         0,   0.740,standalone_exact_mw,29ae76c7f86edcd2f56343e8109d8463cbc736644db4e57527101e2f1c3606c8,"{""distance"":5,""physical_error_rate"":0.0002}","{""detection_events"":5231,""detectors_checked"":6193152}"
     19136,         0,         0,   0.356,standalone_exact_mw,29ae76c7f86edcd2f56343e8109d8463cbc736644db4e57527101e2f1c3606c8,"{""distance"":5,""physical_error_rate"":0.0002}","{""detection_events"":3802,""detectors_checked"":4286464}"
     20078,         0,         0,   0.550,standalone_exact_mw,29ae76c7f86edcd2f56343e8109d8463cbc736644db4e57527101e2f1c3606c8,"{""distance"":5,""physical_error_rate"":0.0002}","{""detection_events"":3731,""detectors_checked"":4497472}"
     17408,         0,         0,   0.382,standalone_exact_mw,29ae76c7f86edcd2f56343e8109d8463cbc736644db4e57527101e2f1c3606c8,"{""distance"":5,""physical_error_rate"":0.0002}","{""detection_events"":3188,""detectors_checked"":3899392}"
     19136,         0,         0,   0.674,standalone_exact_mw,29ae76c7f86edcd2f56343e8109d8463cbc736644db4e57527101e2f1c3606c8,"{""distance"":5,""physical_error_rate"":0.0002}","{""detection_events"":3532,""detectors_checked"":4286464}"
     16384,         0,         0,   0.365,standalone_exact_mw,29ae76c7f86edcd2f56343e8109d8463cbc736644db4e57527101e2f1c3606c8,"{""distance"":5,""physical_error_rate"":0.0002}","{""detection_events"":3097,""detectors_checked"":3670016}"
     16170,         0,         0,   0.665,standalone_exact_mw,29ae76c7f86edcd2f56343e8109d8463cbc736644db4e57527101e2f1c3606c8,"{""distance"":5,""physical_error_rate"":0.0002}","{""detection_events"":3064,""detectors_checked"":3622080}"
     20078,         0,         0,   0.531,standalone_exact_mw,29ae76c7f86edcd2f56343e8109d8463cbc736644db4e57527101e2f1c3606c8,"{""distance"":5,""physical_error_rate"":0.0002}","{""detection_events"":3681,""detectors_checked"":4497472}"
     16170,         0,         0,   0.425,standalone_exact_mw,29ae76c7f86edcd2f56343e8109d8463cbc736644db4e57527101e2f1c3606c8,"{""distance"":5,""physical_error_rate"":0.0002}","{""detection_events"":3085,""detectors_checked"":3622080}"
     13312,         0,         0,   0.246,standalone_exact_mw,29ae76c7f86edcd2f56343e8109d8463cbc736644db4e57527101e2f1c3606c8,"{""distance"":5,""physical_error_rate"":0.0002}","{""detection_events"":2469,""detectors_checked"":2981888}"
     15542,         0,         0,   0.435,standalone_exact_mw,29ae76c7f86edcd2f56343e8109d8463cbc736644db4e57527101e2f1c3606c8,"{""distance"":5,""physical_error_rate"":0.0002}","{""detection_events"":2967,""detectors_checked"":3481408}"
     13312,         0,         0,   0.582,standalone_exact_mw,29ae76c7f86edcd2f56343e8109d8463cbc736644db4e57527101e2f1c3606c8,"{""distance"":5,""physical_error_rate"":0.0002}","{""detection_events"":2551,""detectors_checked"":2981888}"
     14336,         0,         0,   0.524,standalone_exact_mw,29ae76c7f86edcd2f56343e8109d8463cbc736644db4e57527101e2f1c3606c8,"{""distance"":5,""physical_error_rate"":0.0002}","{""detection_events"":2856,""detectors_checked"":3211264}"
     14998,         0,         0,   0.271,standalone_exact_mw,29ae76c7f86edcd2f56343e8109d8463cbc736644db4e57527101e2f1c3606c8,"{""distance"":5,""physical_error_rate"":0.0002}","{""detection_events"":2844,""detectors_checked"":3359552}"
     13312,         0,         0,   0.452,standalone_exact_mw,29ae76c7f86edcd2f56343e8109d8463cbc736644db4e57527101e2f1c3606c8,"{""distance"":5,""physical_error_rate"":0.0002}","{""detection_events"":2661,""detectors_checked"":2981888}"
     10016,         0,         0,   0.368,standalone_exact_mw,29ae76c7f86edcd2f56343e8109d8463cbc736644db4e57527101e2f1c3606c8,"{""distance"":5,""physical_error_rate"":0.0002}","{""detection_events"":1956,""detectors_checked"":2243584}"
     10016,         0,         0,   0.313,standalone_exact_mw,29ae76c7f86edcd2f56343e8109d8463cbc736644db4e57527101e2f1c3606c8,"{""distance"":5,""physical_error_rate"":0.0002}","{""detection_events"":1911,""detectors_checked"":2243584}"
      9287,         0,         0,   0.333,standalone_exact_mw,29ae76c7f86edcd2f56343e8109d8463cbc736644db4e57527101e2f1c3606c8,"{""distance"":5,""physical_error_rate"":0.0002}","{""detection_events"":1730,""detectors_checked"":2080288}"
      8113,         0,         0,   0.142,standalone_exact_mw,29ae76c7f86edcd2f56343e8109d8463cbc736644db4e57527101e2f1c3606c8,"{""distance"":5,""physical_error_rate"":0.0002}","{""detection_events"":1470,""detectors_checked"":1817312}"
      9287,         0,         0,   0.250,standalone_exact_mw,29ae76c7f86edcd2f56343e8109d8463cbc736644db4e57527101e2f1c3606c8,"{""distance"":5,""physical_error_rate"":0.0002}","{""detection_events"":1798,""detectors_checked"":2080288}"
     10016,         0,         0,   0.342,standalone_exact_mw,29ae76c7f86edcd2f56343e8109d8463cbc736644db4e57527101e2f1c3606c8,"{""distance"":5,""physical_error_rate"":0.0002}","{""detection_events"":1818,""detectors_checked"":2243584}"
      8684,         0,         0,   0.255,standalone_exact_mw,29ae76c7f86edcd2f56343e8109d8463cbc736644db4e57527101e2f1c3606c8,"{""distance"":5,""physical_error_rate"":0.0002}","{""detection_events"":1690,""detectors_checked"":1945216}"
      9216,         0,         0,   0.239,standalone_exact_mw,29ae76c7f86edcd2f56343e8109d8463cbc736644db4e57527101e2f1c3606c8,"{""distance"":5,""physical_error_rate"":0.0002}","{""detection_events"":1843,""detectors_checked"":2064384}"
      8430,         0,         0,   0.243,standalone_exact_mw,29ae76c7f86edcd2f56343e8109d8463cbc736644db4e57527101e2f1c3606c8,"{""distance"":5,""physical_error_rate"":0.0002}","{""detection_events"":1785,""detectors_checked"":1888320}"
      9216,         0,         0,   0.236,standalone_exact_mw,29ae76c7f86edcd2f56343e8109d8463cbc736644db4e57527101e2f1c3606c8,"{""distance"":5,""physical_error_rate"":0.0002}","{""detection_events"":1773,""detectors_checked"":2064384}"
       313,         0,         0,   0.003,standalone_exact_mw,29ae76c7f86edcd2f56343e8109d8463cbc736644db4e57527101e2f1c3606c8,"{""distance"":5,""physical_error_rate"":0.0002}","{""detection_events"":47,""detectors_checked"":70112}"
      8974,         0,         0,   0.205,standalone_exact_mw,29ae76c7f86edcd2f56343e8109d8463cbc736644db4e57527101e2f1c3606c8,"{""distance"":5,""physical_error_rate"":0.0002}","{""detection_events"":1705,""detectors_checked"":2010176}"
      9287,         0,         0,   0.307,standalone_exact_mw,29ae76c7f86edcd2f56343e8109d8463cbc736644db4e57527101e2f1c3606c8,"{""distance"":5,""physical_error_rate"":0.0002}","{""detection_events"":1693,""detectors_checked"":2080288}"
      8974,         0,         0,   0.295,standalone_exact_mw,29ae76c7f86edcd2f56343e8109d8463cbc736644db4e57527101e2f1c3606c8,"{""distance"":5,""physical_error_rate"":0.0002}","{""detection_events"":1703,""detectors_checked"":2010176}"
       338,         0,         0,   0.004,standalone_exact_mw,29ae76c7f86edcd2f56343e8109d8463cbc736644db4e57527101e2f1c3606c8,"{""distance"":5,""physical_error_rate"":0.0002}","{""detection_events"":81,""detectors_checked"":75712}"
      9216,         0,         0,   0.331,standalone_exact_mw,29ae76c7f86edcd2f56343e8109d8463cbc736644db4e57527101e2f1c3606c8,"{""distance"":5,""physical_error_rate"":0.0002}","{""detection_events"":1604,""detectors_checked"":2064384}"
      8192,         0,         0,   0.203,standalone_exact_mw,29ae76c7f86edcd2f56343e8109d8463cbc736644db4e57527101e2f1c3606c8,"{""distance"":5,""physical_error_rate"":0.0002}","{""detection_events"":1489,""detectors_checked"":1835008}"
       544,         0,         0,   0.005,standalone_exact_mw,29ae76c7f86edcd2f56343e8109d8463cbc736644db4e57527101e2f1c3606c8,"{""distance"":5,""physical_error_rate"":0.0002}","{""detection_events"":75,""detectors_checked"":121856}"
      9216,         0,         0,   0.381,standalone_exact_mw,29ae76c7f86edcd2f56343e8109d8463cbc736644db4e57527101e2f1c3606c8,"{""distance"":5,""physical_error_rate"":0.0002}","{""detection_events"":1565,""detectors_checked"":2064384}"
      1355,         0,         0,   0.023,standalone_exact_mw,29ae76c7f86edcd2f56343e8109d8463cbc736644db4e57527101e2f1c3606c8,"{""distance"":5,""physical_error_rate"":0.0002}","{""detection_events"":280,""detectors_checked"":303520}"
       623,         0,         0,   0.006,standalone_exact_mw,29ae76c7f86edcd2f56343e8109d8463cbc736644db4e57527101e2f1c3606c8,"{""distance"":5,""physical_error_rate"":0.0002}","{""detection_events"":118,""detectors_checked"":139552}"
      8684,         0,         0,   0.286,standalone_exact_mw,29ae76c7f86edcd2f56343e8109d8463cbc736644db4e57527101e2f1c3606c8,"{""distance"":5,""physical_error_rate"":0.0002}","{""detection_events"":1680,""detectors_checked"":1945216}"
      7827,         0,         0,   0.308,standalone_exact_mw,29ae76c7f86edcd2f56343e8109d8463cbc736644db4e57527101e2f1c3606c8,"{""distance"":5,""physical_error_rate"":0.0002}","{""detection_events"":1406,""detectors_checked"":1753248}"
      8974,         0,         0,   0.274,standalone_exact_mw,29ae76c7f86edcd2f56343e8109d8463cbc736644db4e57527101e2f1c3606c8,"{""distance"":5,""physical_error_rate"":0.0002}","{""detection_events"":1650,""detectors_checked"":2010176}"
      1771,         0,         0,   0.030,standalone_exact_mw,29ae76c7f86edcd2f56343e8109d8463cbc736644db4e57527101e2f1c3606c8,"{""distance"":5,""physical_error_rate"":0.0002}","{""detection_events"":317,""detectors_checked"":396704}"
      7827,         0,         0,   0.205,standalone_exact_mw,29ae76c7f86edcd2f56343e8109d8463cbc736644db4e57527101e2f1c3606c8,"{""distance"":5,""physical_error_rate"":0.0002}","{""detection_events"":1383,""detectors_checked"":1753248}"
      8192,         0,         0,   0.227,standalone_exact_mw,29ae76c7f86edcd2f56343e8109d8463cbc736644db4e57527101e2f1c3606c8,"{""distance"":5,""physical_error_rate"":0.0002}","{""detection_events"":1459,""detectors_checked"":1835008}"
      7168,         0,         0,   0.211,standalone_exact_mw,29ae76c7f86edcd2f56343e8109d8463cbc736644db4e57527101e2f1c3606c8,"{""distance"":5,""physical_error_rate"":0.0002}","{""detection_events"":1487,""detectors_checked"":1605632}"
      1332,         0,         0,   0.028,standalone_exact_mw,29ae76c7f86edcd2f56343e8109d8463cbc736644db4e57527101e2f1c3606c8,"{""distance"":5,""physical_error_rate"":0.0002}","{""detection_events"":192,""detectors_checked"":298368}"
       603,         0,         0,   0.026,standalone_exact_mw,29ae76c7f86edcd2f56343e8109d8463cbc736644db4e57527101e2f1c3606c8,"{""distance"":5,""physical_error_rate"":0.0002}","{""detection_events"":86,""detectors_checked"":135072}"
      1460,         0,         0,   0.020,standalone_exact_mw,29ae76c7f86edcd2f56343e8109d8463cbc736644db4e57527101e2f1c3606c8,"{""distance"":5,""physical_error_rate"":0.0002}","{""detection_events"":285,""detectors_checked"":327040}"
      8140,         0,         0,   0.215,standalone_exact_mw,29ae76c7f86edcd2f56343e8109d8463cbc736644db4e57527101e2f1c3606c8,"{""distance"":5,""physical_error_rate"":0.0002}","{""detection_events"":1557,""detectors_checked"":1823360}"
      8192,         0,         0,   0.291,standalone_exact_mw,29ae76c7f86edcd2f56343e8109d8463cbc736644db4e57527101e2f1c3606c8,"{""distance"":5,""physical_error_rate"":0.0002}","{""detection_events"":1539,""detectors_checked"":1835008}"
       209,         0,         0,   0.002,standalone_exact_mw,29ae76c7f86edcd2f56343e8109d8463cbc736644db4e57527101e2f1c3606c8,"{""distance"":5,""physical_error_rate"":0.0002}","{""detection_events"":53,""detectors_checked"":46816}"
      1252,         0,         0,   0.014,standalone_exact_mw,29ae76c7f86edcd2f56343e8109d8463cbc736644db4e57527101e2f1c3606c8,"{""distance"":5,""physical_error_rate"":0.0002}","{""detection_events"":207,""detectors_checked"":280448}"
      1188,         0,         0,   0.032,standalone_exact_mw,29ae76c7f86edcd2f56343e8109d8463cbc736644db4e57527101e2f1c3606c8,"{""distance"":5,""physical_error_rate"":0.0002}","{""detection_events"":198,""detectors_checked"":266112}"
      7168,         0,         0,   0.204,standalone_exact_mw,29ae76c7f86edcd2f56343e8109d8463cbc736644db4e57527101e2f1c3606c8,"{""distance"":5,""physical_error_rate"":0.0002}","{""detection_events"":1348,""detectors_checked"":1605632}"
      5845,         0,         0,   0.164,standalone_exact_mw,29ae76c7f86edcd2f56343e8109d8463cbc736644db4e57527101e2f1c3606c8,"{""distance"":5,""physical_error_rate"":0.0002}","{""detection_events"":1025,""detectors_checked"":1309280}"
        85,         0,         0,   0.001,standalone_exact_mw,29ae76c7f86edcd2f56343e8109d8463cbc736644db4e57527101e2f1c3606c8,"{""distance"":5,""physical_error_rate"":0.0002}","{""detection_events"":16,""detectors_checked"":19040}"
      2062,         0,         0,   0.043,standalone_exact_mw,29ae76c7f86edcd2f56343e8109d8463cbc736644db4e57527101e2f1c3606c8,"{""distance"":5,""physical_error_rate"":0.0002}","{""detection_events"":372,""detectors_checked"":461888}"
       140,         0,         0,   0.002,standalone_exact_mw,29ae76c7f86edcd2f56343e8109d8463cbc736644db4e57527101e2f1c3606c8,"{""distance"":5,""physical_error_rate"":0.0002}","{""detection_events"":36,""detectors_checked"":31360}"
       857,         0,         0,   0.008,standalone_exact_mw,29ae76c7f86edcd2f56343e8109d8463cbc736644db4e57527101e2f1c3606c8,"{""distance"":5,""physical_error_rate"":0.0002}","{""detection_events"":187,""detectors_checked"":191968}"
      6144,         0,         0,   0.144,standalone_exact_mw,29ae76c7f86edcd2f56343e8109d8463cbc736644db4e57527101e2f1c3606c8,"{""distance"":5,""physical_error_rate"":0.0002}","{""detection_events"":1167,""detectors_checked"":1376256}"
       384,         0,         0,   0.004,standalone_exact_mw,29ae76c7f86edcd2f56343e8109d8463cbc736644db4e57527101e2f1c3606c8,"{""distance"":5,""physical_error_rate"":0.0002}","{""detection_events"":57,""detectors_checked"":86016}"
      6136,         0,         0,   0.195,standalone_exact_mw,29ae76c7f86edcd2f56343e8109d8463cbc736644db4e57527101e2f1c3606c8,"{""distance"":5,""physical_error_rate"":0.0002}","{""detection_events"":1166,""detectors_checked"":1374464}"
       147,         0,         0,   0.002,standalone_exact_mw,29ae76c7f86edcd2f56343e8109d8463cbc736644db4e57527101e2f1c3606c8,"{""distance"":5,""physical_error_rate"":0.0002}","{""detection_events"":39,""detectors_checked"":32928}"
       782,         0,         0,   0.008,standalone_exact_mw,29ae76c7f86edcd2f56343e8109d8463cbc736644db4e57527101e2f1c3606c8,"{""distance"":5,""physical_error_rate"":0.0002}","{""detection_events"":153,""detectors_checked"":175168}"
        97,         0,         0,   0.001,standalone_exact_mw,29ae76c7f86edcd2f56343e8109d8463cbc736644db4e57527101e2f1c3606c8,"{""distance"":5,""physical_error_rate"":0.0002}","{""detection_events"":21,""detectors_checked"":21728}"
       119,         0,         0,   0.001,standalone_exact_mw,29ae76c7f86edcd2f56343e8109d8463cbc736644db4e57527101e2f1c3606c8,"{""distance"":5,""physical_error_rate"":0.0002}","{""detection_events"":26,""detectors_checked"":26656}"
        33,         0,         0,   0.001,standalone_exact_mw,29ae76c7f86edcd2f56343e8109d8463cbc736644db4e57527101e2f1c3606c8,"{""distance"":5,""physical_error_rate"":0.0002}","{""detection_events"":4,""detectors_checked"":7392}"
       492,         0,         0,   0.005,standalone_exact_mw,29ae76c7f86edcd2f56343e8109d8463cbc736644db4e57527101e2f1c3606c8,"{""distance"":5,""physical_error_rate"":0.0002}","{""detection_events"":89,""detectors_checked"":110208}"
       311,         0,         0,   0.003,standalone_exact_mw,29ae76c7f86edcd2f56343e8109d8463cbc736644db4e57527101e2f1c3606c8,"{""distance"":5,""physical_error_rate"":0.0002}","{""detection_events"":53,""detectors_checked"":69664}"
       325,         0,         0,   0.003,standalone_exact_mw,29ae76c7f86edcd2f56343e8109d8463cbc736644db4e57527101e2f1c3606c8,"{""distance"":5,""physical_error_rate"":0.0002}","{""detection_events"":71,""detectors_checked"":72800}"
       659,         0,         0,   0.006,standalone_exact_mw,29ae76c7f86edcd2f56343e8109d8463cbc736644db4e57527101e2f1c3606c8,"{""distance"":5,""physical_error_rate"":0.0002}","{""detection_events"":118,""detectors_checked"":147616}"
      1802,         0,         0,   0.028,standalone_exact_mw,29ae76c7f86edcd2f56343e8109d8463cbc736644db4e57527101e2f1c3606c8,"{""distance"":5,""physical_error_rate"":0.0002}","{""detection_events"":372,""detectors_checked"":403648}"
      6144,         0,         0,   0.227,standalone_exact_mw,29ae76c7f86edcd2f56343e8109d8463cbc736644db4e57527101e2f1c3606c8,"{""distance"":5,""physical_error_rate"":0.0002}","{""detection_events"":1142,""detectors_checked"":1376256}"
      5855,         0,         0,   0.214,standalone_exact_mw,29ae76c7f86edcd2f56343e8109d8463cbc736644db4e57527101e2f1c3606c8,"{""distance"":5,""physical_error_rate"":0.0002}","{""detection_events"":1100,""detectors_checked"":1311520}"
      7168,         0,         0,   0.245,standalone_exact_mw,29ae76c7f86edcd2f56343e8109d8463cbc736644db4e57527101e2f1c3606c8,"{""distance"":5,""physical_error_rate"":0.0002}","{""detection_events"":1387,""detectors_checked"":1605632}"
       782,         0,         0,   0.008,standalone_exact_mw,29ae76c7f86edcd2f56343e8109d8463cbc736644db4e57527101e2f1c3606c8,"{""distance"":5,""physical_error_rate"":0.0002}","{""detection_events"":144,""detectors_checked"":175168}"
        12,         0,         0,   0.001,standalone_exact_mw,29ae76c7f86edcd2f56343e8109d8463cbc736644db4e57527101e2f1c3606c8,"{""distance"":5,""physical_error_rate"":0.0002}","{""detection_events"":10,""detectors_checked"":2688}"
        24,         0,         0,   0.001,standalone_exact_mw,29ae76c7f86edcd2f56343e8109d8463cbc736644db4e57527101e2f1c3606c8,"{""distance"":5,""physical_error_rate"":0.0002}","{""detection_events"":10,""detectors_checked"":5376}"
      4953,         0,         0,   0.162,standalone_exact_mw,29ae76c7f86edcd2f56343e8109d8463cbc736644db4e57527101e2f1c3606c8,"{""distance"":5,""physical_error_rate"":0.0002}","{""detection_events"":876,""detectors_checked"":1109472}"
      1097,         0,         0,   0.012,standalone_exact_mw,29ae76c7f86edcd2f56343e8109d8463cbc736644db4e57527101e2f1c3606c8,"{""distance"":5,""physical_error_rate"":0.0002}","{""detection_events"":216,""detectors_checked"":245728}"
      2048,         0,         0,   0.029,standalone_exact_mw,29ae76c7f86edcd2f56343e8109d8463cbc736644db4e57527101e2f1c3606c8,"{""distance"":5,""physical_error_rate"":0.0002}","{""detection_events"":430,""detectors_checked"":458752}"
      4096,         0,         0,   0.102,standalone_exact_mw,29ae76c7f86edcd2f56343e8109d8463cbc736644db4e57527101e2f1c3606c8,"{""distance"":5,""physical_error_rate"":0.0002}","{""detection_events"":783,""detectors_checked"":917504}"
       913,         0,         0,   0.025,standalone_exact_mw,29ae76c7f86edcd2f56343e8109d8463cbc736644db4e57527101e2f1c3606c8,"{""distance"":5,""physical_error_rate"":0.0002}","{""detection_events"":183,""detectors_checked"":204512}"
        12,         0,         0,   0.001,standalone_exact_mw,29ae76c7f86edcd2f56343e8109d8463cbc736644db4e57527101e2f1c3606c8,"{""distance"":5,""physical_error_rate"":0.0002}","{""detection_events"":2,""detectors_checked"":2688}"
      1758,         0,         0,   0.026,standalone_exact_mw,29ae76c7f86edcd2f56343e8109d8463cbc736644db4e57527101e2f1c3606c8,"{""distance"":5,""physical_error_rate"":0.0002}","{""detection_events"":331,""detectors_checked"":393792}"
      3072,         0,         0,   0.100,standalone_exact_mw,29ae76c7f86edcd2f56343e8109d8463cbc736644db4e57527101e2f1c3606c8,"{""distance"":5,""physical_error_rate"":0.0002}","{""detection_events"":571,""detectors_checked"":688128}"
      1721,         0,         0,   0.024,standalone_exact_mw,29ae76c7f86edcd2f56343e8109d8463cbc736644db4e57527101e2f1c3606c8,"{""distance"":5,""physical_error_rate"":0.0002}","{""detection_events"":344,""detectors_checked"":385504}"
      1024,         0,         0,   0.010,standalone_exact_mw,29ae76c7f86edcd2f56343e8109d8463cbc736644db4e57527101e2f1c3606c8,"{""distance"":5,""physical_error_rate"":0.0002}","{""detection_events"":189,""detectors_checked"":229376}"
       252,         0,         0,   0.003,standalone_exact_mw,29ae76c7f86edcd2f56343e8109d8463cbc736644db4e57527101e2f1c3606c8,"{""distance"":5,""physical_error_rate"":0.0002}","{""detection_events"":54,""detectors_checked"":56448}"
       178,         0,         0,   0.002,standalone_exact_mw,29ae76c7f86edcd2f56343e8109d8463cbc736644db4e57527101e2f1c3606c8,"{""distance"":5,""physical_error_rate"":0.0002}","{""detection_events"":26,""detectors_checked"":39872}"
        43,         0,         0,   0.001,standalone_exact_mw,29ae76c7f86edcd2f56343e8109d8463cbc736644db4e57527101e2f1c3606c8,"{""distance"":5,""physical_error_rate"":0.0002}","{""detection_events"":4,""detectors_checked"":9632}"
        99,         0,         0,   0.001,standalone_exact_mw,29ae76c7f86edcd2f56343e8109d8463cbc736644db4e57527101e2f1c3606c8,"{""distance"":5,""physical_error_rate"":0.0002}","{""detection_events"":16,""detectors_checked"":22176}"
        17,         0,         0,   0.000,standalone_exact_mw,29ae76c7f86edcd2f56343e8109d8463cbc736644db4e57527101e2f1c3606c8,"{""distance"":5,""physical_error_rate"":0.0002}","{""detection_events"":2,""detectors_checked"":3808}"
        64,         0,         0,   0.001,standalone_exact_mw,29ae76c7f86edcd2f56343e8109d8463cbc736644db4e57527101e2f1c3606c8,"{""distance"":5,""physical_error_rate"":0.0002}","{""detection_events"":10,""detectors_checked"":14336}"
       370,         0,         0,   0.004,standalone_exact_mw,29ae76c7f86edcd2f56343e8109d8463cbc736644db4e57527101e2f1c3606c8,"{""distance"":5,""physical_error_rate"":0.0002}","{""detection_events"":44,""detectors_checked"":82880}"
       338,         0,         0,   0.003,standalone_exact_mw,29ae76c7f86edcd2f56343e8109d8463cbc736644db4e57527101e2f1c3606c8,"{""distance"":5,""physical_error_rate"":0.0002}","{""detection_events"":59,""detectors_checked"":75712}"
       191,         0,         0,   0.002,standalone_exact_mw,29ae76c7f86edcd2f56343e8109d8463cbc736644db4e57527101e2f1c3606c8,"{""distance"":5,""physical_error_rate"":0.0002}","{""detection_events"":35,""detectors_checked"":42784}"
       330,         0,         0,   0.005,standalone_exact_mw,29ae76c7f86edcd2f56343e8109d8463cbc736644db4e57527101e2f1c3606c8,"{""distance"":5,""physical_error_rate"":0.0002}","{""detection_events"":65,""detectors_checked"":73920}"
       228,         0,         0,   0.003,standalone_exact_mw,29ae76c7f86edcd2f56343e8109d8463cbc736644db4e57527101e2f1c3606c8,"{""distance"":5,""physical_error_rate"":0.0002}","{""detection_events"":46,""detectors_checked"":51072}"
      2048,         0,         0,   0.045,standalone_exact_mw,29ae76c7f86edcd2f56343e8109d8463cbc736644db4e57527101e2f1c3606c8,"{""distance"":5,""physical_error_rate"":0.0002}","{""detection_events"":339,""detectors_checked"":458752}"
        53,         0,         0,   0.001,standalone_exact_mw,29ae76c7f86edcd2f56343e8109d8463cbc736644db4e57527101e2f1c3606c8,"{""distance"":5,""physical_error_rate"":0.0002}","{""detection_events"":6,""detectors_checked"":11872}"
       322,         0,         0,   0.009,standalone_exact_mw,29ae76c7f86edcd2f56343e8109d8463cbc736644db4e57527101e2f1c3606c8,"{""distance"":5,""physical_error_rate"":0.0002}","{""detection_events"":69,""detectors_checked"":72128}"
         8,         0,         0,   0.000,standalone_exact_mw,29ae76c7f86edcd2f56343e8109d8463cbc736644db4e57527101e2f1c3606c8,"{""distance"":5,""physical_error_rate"":0.0002}","{""detectors_checked"":1792}"
       208,         0,         0,   0.002,standalone_exact_mw,29ae76c7f86edcd2f56343e8109d8463cbc736644db4e57527101e2f1c3606c8,"{""distance"":5,""physical_error_rate"":0.0002}","{""detection_events"":24,""detectors_checked"":46592}"
      1665,         0,         0,   0.037,standalone_exact_mw,29ae76c7f86edcd2f56343e8109d8463cbc736644db4e57527101e2f1c3606c8,"{""distance"":5,""physical_error_rate"":0.0002}","{""detection_events"":268,""detectors_checked"":372960}"
       330,         0,         0,   0.003,standalone_exact_mw,29ae76c7f86edcd2f56343e8109d8463cbc736644db4e57527101e2f1c3606c8,"{""distance"":5,""physical_error_rate"":0.0002}","{""detection_events"":55,""detectors_checked"":73920}"
        25,         0,         0,   0.001,standalone_exact_mw,29ae76c7f86edcd2f56343e8109d8463cbc736644db4e57527101e2f1c3606c8,"{""distance"":5,""physical_error_rate"":0.0002}","{""detection_events"":1,""detectors_checked"":5600}"
       985,         0,         0,   0.010,standalone_exact_mw,29ae76c7f86edcd2f56343e8109d8463cbc736644db4e57527101e2f1c3606c8,"{""distance"":5,""physical_error_rate"":0.0002}","{""detection_events"":180,""detectors_checked"":220640}"
         5,         0,         0,   0.000,standalone_exact_mw,29ae76c7f86edcd2f56343e8109d8463cbc736644db4e57527101e2f1c3606c8,"{""distance"":5,""physical_error_rate"":0.0002}","{""detectors_checked"":1120}"
         2,         0,         0,   0.000,standalone_exact_mw,29ae76c7f86edcd2f56343e8109d8463cbc736644db4e57527101e2f1c3606c8,"{""distance"":5,""physical_error_rate"":0.0002}","{""detectors_checked"":448}"
       659,         0,         0,   0.021,standalone_exact_mw,29ae76c7f86edcd2f56343e8109d8463cbc736644db4e57527101e2f1c3606c8,"{""distance"":5,""physical_error_rate"":0.0002}","{""detection_events"":91,""detectors_checked"":147616}"
        95,         0,         0,   0.001,standalone_exact_mw,29ae76c7f86edcd2f56343e8109d8463cbc736644db4e57527101e2f1c3606c8,"{""distance"":5,""physical_error_rate"":0.0002}","{""detection_events"":37,""detectors_checked"":21280}"
      2048,         0,         0,   0.060,standalone_exact_mw,29ae76c7f86edcd2f56343e8109d8463cbc736644db4e57527101e2f1c3606c8,"{""distance"":5,""physical_error_rate"":0.0002}","{""detection_events"":378,""detectors_checked"":458752}"
         7,         0,         0,   0.000,standalone_exact_mw,29ae76c7f86edcd2f56343e8109d8463cbc736644db4e57527101e2f1c3606c8,"{""distance"":5,""physical_error_rate"":0.0002}","{""detectors_checked"":1568}"
         7,         0,         0,   0.000,standalone_exact_mw,29ae76c7f86edcd2f56343e8109d8463cbc736644db4e57527101e2f1c3606c8,"{""distance"":5,""physical_error_rate"":0.0002}","{""detectors_checked"":1568}"
         7,         0,         0,   0.000,standalone_exact_mw,29ae76c7f86edcd2f56343e8109d8463cbc736644db4e57527101e2f1c3606c8,"{""distance"":5,""physical_error_rate"":0.0002}","{""detection_events"":4,""detectors_checked"":1568}"
         7,         0,         0,   0.000,standalone_exact_mw,29ae76c7f86edcd2f56343e8109d8463cbc736644db4e57527101e2f1c3606c8,"{""distance"":5,""physical_error_rate"":0.0002}","{""detectors_checked"":1568}"
         7,         0,         0,   0.000,standalone_exact_mw,29ae76c7f86edcd2f56343e8109d8463cbc736644db4e57527101e2f1c3606c8,"{""distance"":5,""physical_error_rate"":0.0002}","{""detection_events"":8,""detectors_checked"":1568}"
         2,         0,         0,   0.000,standalone_exact_mw,29ae76c7f86edcd2f56343e8109d8463cbc736644db4e57527101e2f1c3606c8,"{""distance"":5,""physical_error_rate"":0.0002}","{""detectors_checked"":448}"
         6,         0,         0,   0.000,standalone_exact_mw,29ae76c7f86edcd2f56343e8109d8463cbc736644db4e57527101e2f1c3606c8,"{""distance"":5,""physical_error_rate"":0.0002}","{""detectors_checked"":1344}"
         7,         0,         0,   0.000,standalone_exact_mw,29ae76c7f86edcd2f56343e8109d8463cbc736644db4e57527101e2f1c3606c8,"{""distance"":5,""physical_error_rate"":0.0002}","{""detectors_checked"":1568}"
         7,         0,         0,   0.000,standalone_exact_mw,29ae76c7f86edcd2f56343e8109d8463cbc736644db4e57527101e2f1c3606c8,"{""distance"":5,""physical_error_rate"":0.0002}","{""detectors_checked"":1568}"
         6,         0,         0,   0.000,standalone_exact_mw,29ae76c7f86edcd2f56343e8109d8463cbc736644db4e57527101e2f1c3606c8,"{""distance"":5,""physical_error_rate"":0.0002}","{""detection_events"":4,""detectors_checked"":1344}"
         6,         0,         0,   0.000,standalone_exact_mw,29ae76c7f86edcd2f56343e8109d8463cbc736644db4e57527101e2f1c3606c8,"{""distance"":5,""physical_error_rate"":0.0002}","{""detectors_checked"":1344}"
         6,         0,         0,   0.000,standalone_exact_mw,29ae76c7f86edcd2f56343e8109d8463cbc736644db4e57527101e2f1c3606c8,"{""distance"":5,""physical_error_rate"":0.0002}","{""detection_events"":8,""detectors_checked"":1344}"
         6,         0,         0,   0.000,standalone_exact_mw,29ae76c7f86edcd2f56343e8109d8463cbc736644db4e57527101e2f1c3606c8,"{""distance"":5,""physical_error_rate"":0.0002}","{""detectors_checked"":1344}"
         6,         0,         0,   0.000,standalone_exact_mw,29ae76c7f86edcd2f56343e8109d8463cbc736644db4e57527101e2f1c3606c8,"{""distance"":5,""physical_error_rate"":0.0002}","{""detectors_checked"":1344}"
         6,         0,         0,   0.000,standalone_exact_mw,29ae76c7f86edcd2f56343e8109d8463cbc736644db4e57527101e2f1c3606c8,"{""distance"":5,""physical_error_rate"":0.0002}","{""detection_events"":2,""detectors_checked"":1344}"
         6,         0,         0,   0.000,standalone_exact_mw,29ae76c7f86edcd2f56343e8109d8463cbc736644db4e57527101e2f1c3606c8,"{""distance"":5,""physical_error_rate"":0.0002}","{""detection_events"":1,""detectors_checked"":1344}"
         6,         0,         0,   0.000,standalone_exact_mw,29ae76c7f86edcd2f56343e8109d8463cbc736644db4e57527101e2f1c3606c8,"{""distance"":5,""physical_error_rate"":0.0002}","{""detection_events"":1,""detectors_checked"":1344}"
         6,         0,         0,   0.000,standalone_exact_mw,29ae76c7f86edcd2f56343e8109d8463cbc736644db4e57527101e2f1c3606c8,"{""distance"":5,""physical_error_rate"":0.0002}","{""detectors_checked"":1344}"
         6,         0,         0,   0.000,standalone_exact_mw,29ae76c7f86edcd2f56343e8109d8463cbc736644db4e57527101e2f1c3606c8,"{""distance"":5,""physical_error_rate"":0.0002}","{""detectors_checked"":1344}"
         6,         0,         0,   0.000,standalone_exact_mw,29ae76c7f86edcd2f56343e8109d8463cbc736644db4e57527101e2f1c3606c8,"{""distance"":5,""physical_error_rate"":0.0002}","{""detectors_checked"":1344}"
         6,         0,         0,   0.000,standalone_exact_mw,29ae76c7f86edcd2f56343e8109d8463cbc736644db4e57527101e2f1c3606c8,"{""distance"":5,""physical_error_rate"":0.0002}","{""detection_events"":6,""detectors_checked"":1344}"
         6,         0,         0,   0.000,standalone_exact_mw,29ae76c7f86edcd2f56343e8109d8463cbc736644db4e57527101e2f1c3606c8,"{""distance"":5,""physical_error_rate"":0.0002}","{""detectors_checked"":1344}"
         6,         0,         0,   0.000,standalone_exact_mw,29ae76c7f86edcd2f56343e8109d8463cbc736644db4e57527101e2f1c3606c8,"{""distance"":5,""physical_error_rate"":0.0002}","{""detection_events"":2,""detectors_checked"":1344}"
         6,         0,         0,   0.000,standalone_exact_mw,29ae76c7f86edcd2f56343e8109d8463cbc736644db4e57527101e2f1c3606c8,"{""distance"":5,""physical_error_rate"":0.0002}","{""detection_events"":3,""detectors_checked"":1344}"
         6,         0,         0,   0.000,standalone_exact_mw,29ae76c7f86edcd2f56343e8109d8463cbc736644db4e57527101e2f1c3606c8,"{""distance"":5,""physical_error_rate"":0.0002}","{""detectors_checked"":1344}"
         6,         0,         0,   0.000,standalone_exact_mw,29ae76c7f86edcd2f56343e8109d8463cbc736644db4e57527101e2f1c3606c8,"{""distance"":5,""physical_error_rate"":0.0002}","{""detectors_checked"":1344}"
         6,         0,         0,   0.000,standalone_exact_mw,29ae76c7f86edcd2f56343e8109d8463cbc736644db4e57527101e2f1c3606c8,"{""distance"":5,""physical_error_rate"":0.0002}","{""detectors_checked"":1344}"
         6,         0,         0,   0.000,standalone_exact_mw,29ae76c7f86edcd2f56343e8109d8463cbc736644db4e57527101e2f1c3606c8,"{""distance"":5,""physical_error_rate"":0.0002}","{""detectors_checked"":1344}"
         6,         0,         0,   0.000,standalone_exact_mw,29ae76c7f86edcd2f56343e8109d8463cbc736644db4e57527101e2f1c3606c8,"{""distance"":5,""physical_error_rate"":0.0002}","{""detection_events"":2,""detectors_checked"":1344}"
         6,         0,         0,   0.000,standalone_exact_mw,29ae76c7f86edcd2f56343e8109d8463cbc736644db4e57527101e2f1c3606c8,"{""distance"":5,""physical_error_rate"":0.0002}","{""detection_events"":2,""detectors_checked"":1344}"
         6,         0,         0,   0.000,standalone_exact_mw,29ae76c7f86edcd2f56343e8109d8463cbc736644db4e57527101e2f1c3606c8,"{""distance"":5,""physical_error_rate"":0.0002}","{""detectors_checked"":1344}"
         1,         0,         0,   0.000,standalone_exact_mw,29ae76c7f86edcd2f56343e8109d8463cbc736644db4e57527101e2f1c3606c8,"{""distance"":5,""physical_error_rate"":0.0002}","{""detection_events"":2,""detectors_checked"":224}"
         1,         0,         0,   0.000,standalone_exact_mw,29ae76c7f86edcd2f56343e8109d8463cbc736644db4e57527101e2f1c3606c8,"{""distance"":5,""physical_error_rate"":0.0002}","{""detectors_checked"":224}"
         2,         0,         0,   0.000,standalone_exact_mw,29ae76c7f86edcd2f56343e8109d8463cbc736644db4e57527101e2f1c3606c8,"{""distance"":5,""physical_error_rate"":0.0002}","{""detectors_checked"":448}"
         1,         0,         0,   0.000,standalone_exact_mw,29ae76c7f86edcd2f56343e8109d8463cbc736644db4e57527101e2f1c3606c8,"{""distance"":5,""physical_error_rate"":0.0002}","{""detectors_checked"":224}"
         1,         0,         0,   0.000,standalone_exact_mw,29ae76c7f86edcd2f56343e8109d8463cbc736644db4e57527101e2f1c3606c8,"{""distance"":5,""physical_error_rate"":0.0002}","{""detectors_checked"":224}"
         1,         0,         0,   0.000,standalone_exact_mw,29ae76c7f86edcd2f56343e8109d8463cbc736644db4e57527101e2f1c3606c8,"{""distance"":5,""physical_error_rate"":0.0002}","{""detectors_checked"":224}"
         1,         0,         0,   0.000,standalone_exact_mw,29ae76c7f86edcd2f56343e8109d8463cbc736644db4e57527101e2f1c3606c8,"{""distance"":5,""physical_error_rate"":0.0002}","{""detection_events"":2,""detectors_checked"":224}"
         1,         0,         0,   0.000,standalone_exact_mw,29ae76c7f86edcd2f56343e8109d8463cbc736644db4e57527101e2f1c3606c8,"{""distance"":5,""physical_error_rate"":0.0002}","{""detectors_checked"":224}"
         1,         0,         0,   0.000,standalone_exact_mw,29ae76c7f86edcd2f56343e8109d8463cbc736644db4e57527101e2f1c3606c8,"{""distance"":5,""physical_error_rate"":0.0002}","{""detectors_checked"":224}"
         1,         0,         0,   0.000,standalone_exact_mw,29ae76c7f86edcd2f56343e8109d8463cbc736644db4e57527101e2f1c3606c8,"{""distance"":5,""physical_error_rate"":0.0002}","{""detectors_checked"":224}"
         1,         0,         0,   0.000,standalone_exact_mw,29ae76c7f86edcd2f56343e8109d8463cbc736644db4e57527101e2f1c3606c8,"{""distance"":5,""physical_error_rate"":0.0002}","{""detectors_checked"":224}"
         1,         0,         0,   0.000,standalone_exact_mw,29ae76c7f86edcd2f56343e8109d8463cbc736644db4e57527101e2f1c3606c8,"{""distance"":5,""physical_error_rate"":0.0002}","{""detectors_checked"":224}"
         1,         0,         0,   0.000,standalone_exact_mw,29ae76c7f86edcd2f56343e8109d8463cbc736644db4e57527101e2f1c3606c8,"{""distance"":5,""physical_error_rate"":0.0002}","{""detectors_checked"":224}"
         1,         0,         0,   0.000,standalone_exact_mw,29ae76c7f86edcd2f56343e8109d8463cbc736644db4e57527101e2f1c3606c8,"{""distance"":5,""physical_error_rate"":0.0002}","{""detectors_checked"":224}"
         1,         0,         0,   0.000,standalone_exact_mw,29ae76c7f86edcd2f56343e8109d8463cbc736644db4e57527101e2f1c3606c8,"{""distance"":5,""physical_error_rate"":0.0002}","{""detectors_checked"":224}"
         1,         0,         0,   0.000,standalone_exact_mw,29ae76c7f86edcd2f56343e8109d8463cbc736644db4e57527101e2f1c3606c8,"{""distance"":5,""physical_error_rate"":0.0002}","{""detection_events"":2,""detectors_checked"":224}"
         1,         0,         0,   0.000,standalone_exact_mw,29ae76c7f86edcd2f56343e8109d8463cbc736644db4e57527101e2f1c3606c8,"{""distance"":5,""physical_error_rate"":0.0002}","{""detectors_checked"":224}"
         1,         0,         0,   0.000,standalone_exact_mw,29ae76c7f86edcd2f56343e8109d8463cbc736644db4e57527101e2f1c3606c8,"{""distance"":5,""physical_error_rate"":0.0002}","{""detectors_checked"":224}"
         1,         0,         0,   0.000,standalone_exact_mw,29ae76c7f86edcd2f56343e8109d8463cbc736644db4e57527101e2f1c3606c8,"{""distance"":5,""physical_error_rate"":0.0002}","{""detectors_checked"":224}"
         1,         0,         0,   0.000,standalone_exact_mw,29ae76c7f86edcd2f56343e8109d8463cbc736644db4e57527101e2f1c3606c8,"{""distance"":5,""physical_error_rate"":0.0002}","{""detectors_checked"":224}"
         1,         0,         0,   0.000,standalone_exact_mw,29ae76c7f86edcd2f56343e8109d8463cbc736644db4e57527101e2f1c3606c8,"{""distance"":5,""physical_error_rate"":0.0002}","{""detectors_checked"":224}"
         6,         0,         0,   0.000,standalone_exact_mw,29ae76c7f86edcd2f56343e8109d8463cbc736644db4e57527101e2f1c3606c8,"{""distance"":5,""physical_error_rate"":0.0002}","{""detectors_checked"":1344}"
         1,         0,         0,   0.000,standalone_exact_mw,29ae76c7f86edcd2f56343e8109d8463cbc736644db4e57527101e2f1c3606c8,"{""distance"":5,""physical_error_rate"":0.0002}","{""detectors_checked"":224}"
         1,         0,         0,   0.000,standalone_exact_mw,29ae76c7f86edcd2f56343e8109d8463cbc736644db4e57527101e2f1c3606c8,"{""distance"":5,""physical_error_rate"":0.0002}","{""detectors_checked"":224}"
         1,         0,         0,   0.000,standalone_exact_mw,29ae76c7f86edcd2f56343e8109d8463cbc736644db4e57527101e2f1c3606c8,"{""distance"":5,""physical_error_rate"":0.0002}","{""detectors_checked"":224}"
         1,         0,         0,   0.000,standalone_exact_mw,29ae76c7f86edcd2f56343e8109d8463cbc736644db4e57527101e2f1c3606c8,"{""distance"":5,""physical_error_rate"":0.0002}","{""detectors_checked"":224}"
         1,         0,         0,   0.000,standalone_exact_mw,29ae76c7f86edcd2f56343e8109d8463cbc736644db4e57527101e2f1c3606c8,"{""distance"":5,""physical_error_rate"":0.0002}","{""detectors_checked"":224}"
   4102144,         0,         0,    95.8,standalone_exact_mw,503ee55b5ad1b1988379a241a0405811522ee4d50b473755532ad1299cb121e2,"{""distance"":5,""physical_error_rate"":0.0005}","{""detection_events"":1905391,""detectors_checked"":918880256}"
    461824,         0,         0,    16.4,standalone_exact_mw,503ee55b5ad1b1988379a241a0405811522ee4d50b473755532ad1299cb121e2,"{""distance"":5,""physical_error_rate"":0.0005}","{""detection_events"":213732,""detectors_checked"":103448576}"
   2551808,         0,         0,   119.4,standalone_exact_mw,503ee55b5ad1b1988379a241a0405811522ee4d50b473755532ad1299cb121e2,"{""distance"":5,""physical_error_rate"":0.0005}","{""detection_events"":1187575,""detectors_checked"":571604992}"
   2582528,         1,         0,   119.4,standalone_exact_mw,503ee55b5ad1b1988379a241a0405811522ee4d50b473755532ad1299cb121e2,"{""distance"":5,""physical_error_rate"":0.0005}","{""detection_events"":1201459,""detectors_checked"":578486272,""obs_mistake_mask=E"":1}"
   2570240,         0,         0,   119.5,standalone_exact_mw,503ee55b5ad1b1988379a241a0405811522ee4d50b473755532ad1299cb121e2,"{""distance"":5,""physical_error_rate"":0.0005}","{""detection_events"":1196142,""detectors_checked"":575733760}"
    390144,         0,         0,    16.2,standalone_exact_mw,503ee55b5ad1b1988379a241a0405811522ee4d50b473755532ad1299cb121e2,"{""distance"":5,""physical_error_rate"":0.0005}","{""detection_events"":180575,""detectors_checked"":87392256}"
    361472,         0,         0,    16.4,standalone_exact_mw,503ee55b5ad1b1988379a241a0405811522ee4d50b473755532ad1299cb121e2,"{""distance"":5,""physical_error_rate"":0.0005}","{""detection_events"":168069,""detectors_checked"":80969728}"
    366592,         0,         0,    16.3,standalone_exact_mw,503ee55b5ad1b1988379a241a0405811522ee4d50b473755532ad1299cb121e2,"{""distance"":5,""physical_error_rate"":0.0005}","{""detection_events"":169715,""detectors_checked"":82116608}"
    352256,         0,         0,    16.3,standalone_exact_mw,503ee55b5ad1b1988379a241a0405811522ee4d50b473755532ad1299cb121e2,"{""distance"":5,""physical_error_rate"":0.0005}","{""detection_events"":164711,""detectors_checked"":78905344}"
      1297,         0,         0,   0.040,standalone_exact_mw,503ee55b5ad1b1988379a241a0405811522ee4d50b473755532ad1299cb121e2,"{""distance"":5,""physical_error_rate"":0.0005}","{""detection_events"":633,""detectors_checked"":290528}"
      1024,         0,         0,   0.031,standalone_exact_mw,503ee55b5ad1b1988379a241a0405811522ee4d50b473755532ad1299cb121e2,"{""distance"":5,""physical_error_rate"":0.0005}","{""detection_events"":457,""detectors_checked"":229376}"
      1024,         0,         0,   0.030,standalone_exact_mw,503ee55b5ad1b1988379a241a0405811522ee4d50b473755532ad1299cb121e2,"{""distance"":5,""physical_error_rate"":0.0005}","{""detection_events"":459,""detectors_checked"":229376}"
      1024,         0,         0,   0.034,standalone_exact_mw,503ee55b5ad1b1988379a241a0405811522ee4d50b473755532ad1299cb121e2,"{""distance"":5,""physical_error_rate"":0.0005}","{""detection_events"":413,""detectors_checked"":229376}"
      1024,         0,         0,   0.049,standalone_exact_mw,503ee55b5ad1b1988379a241a0405811522ee4d50b473755532ad1299cb121e2,"{""distance"":5,""physical_error_rate"":0.0005}","{""detection_events"":492,""detectors_checked"":229376}"
      2048,         0,         0,   0.061,standalone_exact_mw,503ee55b5ad1b1988379a241a0405811522ee4d50b473755532ad1299cb121e2,"{""distance"":5,""physical_error_rate"":0.0005}","{""detection_events"":938,""detectors_checked"":458752}"
      3072,         0,         0,   0.117,standalone_exact_mw,503ee55b5ad1b1988379a241a0405811522ee4d50b473755532ad1299cb121e2,"{""distance"":5,""physical_error_rate"":0.0005}","{""detection_events"":1423,""detectors_checked"":688128}"
    327680,         0,         0,    16.4,standalone_exact_mw,503ee55b5ad1b1988379a241a0405811522ee4d50b473755532ad1299cb121e2,"{""distance"":5,""physical_error_rate"":0.0005}","{""detection_events"":152019,""detectors_checked"":73400320}"
      4096,         0,         0,   0.123,standalone_exact_mw,503ee55b5ad1b1988379a241a0405811522ee4d50b473755532ad1299cb121e2,"{""distance"":5,""physical_error_rate"":0.0005}","{""detection_events"":1970,""detectors_checked"":917504}"
      6144,         0,         0,   0.155,standalone_exact_mw,503ee55b5ad1b1988379a241a0405811522ee4d50b473755532ad1299cb121e2,"{""distance"":5,""physical_error_rate"":0.0005}","{""detection_events"":2936,""detectors_checked"":1376256}"
      7168,         0,         0,   0.222,standalone_exact_mw,503ee55b5ad1b1988379a241a0405811522ee4d50b473755532ad1299cb121e2,"{""distance"":5,""physical_error_rate"":0.0005}","{""detection_events"":3356,""detectors_checked"":1605632}"
     10240,         0,         0,   0.297,standalone_exact_mw,503ee55b5ad1b1988379a241a0405811522ee4d50b473755532ad1299cb121e2,"{""distance"":5,""physical_error_rate"":0.0005}","{""detection_events"":4862,""detectors_checked"":2293760}"
    332800,         0,         0,    16.4,standalone_exact_mw,503ee55b5ad1b1988379a241a0405811522ee4d50b473755532ad1299cb121e2,"{""distance"":5,""physical_error_rate"":0.0005}","{""detection_events"":152761,""detectors_checked"":74547200}"
     16384,         0,         0,   0.407,standalone_exact_mw,503ee55b5ad1b1988379a241a0405811522ee4d50b473755532ad1299cb121e2,"{""distance"":5,""physical_error_rate"":0.0005}","{""detection_events"":7837,""detectors_checked"":3670016}"
    414720,         0,         0,    16.4,standalone_exact_mw,503ee55b5ad1b1988379a241a0405811522ee4d50b473755532ad1299cb121e2,"{""distance"":5,""physical_error_rate"":0.0005}","{""detection_events"":193216,""detectors_checked"":92897280}"
    323584,         1,         0,    16.3,standalone_exact_mw,503ee55b5ad1b1988379a241a0405811522ee4d50b473755532ad1299cb121e2,"{""distance"":5,""physical_error_rate"":0.0005}","{""detection_events"":150131,""detectors_checked"":72482816,""obs_mistake_mask=E"":1}"
    326656,         0,         0,    16.3,standalone_exact_mw,503ee55b5ad1b1988379a241a0405811522ee4d50b473755532ad1299cb121e2,"{""distance"":5,""physical_error_rate"":0.0005}","{""detection_events"":151625,""detectors_checked"":73170944}"
     18432,         0,         0,   0.595,standalone_exact_mw,503ee55b5ad1b1988379a241a0405811522ee4d50b473755532ad1299cb121e2,"{""distance"":5,""physical_error_rate"":0.0005}","{""detection_events"":8628,""detectors_checked"":4128768}"
     27648,         0,         0,   0.767,standalone_exact_mw,503ee55b5ad1b1988379a241a0405811522ee4d50b473755532ad1299cb121e2,"{""distance"":5,""physical_error_rate"":0.0005}","{""detection_events"":12890,""detectors_checked"":6193152}"
       273,         0,         0,   0.026,standalone_exact_mw,503ee55b5ad1b1988379a241a0405811522ee4d50b473755532ad1299cb121e2,"{""distance"":5,""physical_error_rate"":0.0005}","{""detection_events"":125,""detectors_checked"":61152}"
      1024,         0,         0,   0.056,standalone_exact_mw,503ee55b5ad1b1988379a241a0405811522ee4d50b473755532ad1299cb121e2,"{""distance"":5,""physical_error_rate"":0.0005}","{""detection_events"":543,""detectors_checked"":229376}"
      1024,         0,         0,   0.054,standalone_exact_mw,503ee55b5ad1b1988379a241a0405811522ee4d50b473755532ad1299cb121e2,"{""distance"":5,""physical_error_rate"":0.0005}","{""detection_events"":427,""detectors_checked"":229376}"
      1024,         0,         0,   0.055,standalone_exact_mw,503ee55b5ad1b1988379a241a0405811522ee4d50b473755532ad1299cb121e2,"{""distance"":5,""physical_error_rate"":0.0005}","{""detection_events"":485,""detectors_checked"":229376}"
      2048,         0,         0,   0.088,standalone_exact_mw,503ee55b5ad1b1988379a241a0405811522ee4d50b473755532ad1299cb121e2,"{""distance"":5,""physical_error_rate"":0.0005}","{""detection_events"":917,""detectors_checked"":458752}"
      1024,         0,         0,   0.054,standalone_exact_mw,503ee55b5ad1b1988379a241a0405811522ee4d50b473755532ad1299cb121e2,"{""distance"":5,""physical_error_rate"":0.0005}","{""detection_events"":447,""detectors_checked"":229376}"
      2048,         0,         0,   0.083,standalone_exact_mw,503ee55b5ad1b1988379a241a0405811522ee4d50b473755532ad1299cb121e2,"{""distance"":5,""physical_error_rate"":0.0005}","{""detection_events"":863,""detectors_checked"":458752}"
      2048,         0,         0,   0.089,standalone_exact_mw,503ee55b5ad1b1988379a241a0405811522ee4d50b473755532ad1299cb121e2,"{""distance"":5,""physical_error_rate"":0.0005}","{""detection_events"":1041,""detectors_checked"":458752}"
      3072,         0,         0,   0.143,standalone_exact_mw,503ee55b5ad1b1988379a241a0405811522ee4d50b473755532ad1299cb121e2,"{""distance"":5,""physical_error_rate"":0.0005}","{""detection_events"":1446,""detectors_checked"":688128}"
      4096,         0,         0,   0.199,standalone_exact_mw,503ee55b5ad1b1988379a241a0405811522ee4d50b473755532ad1299cb121e2,"{""distance"":5,""physical_error_rate"":0.0005}","{""detection_events"":2034,""detectors_checked"":917504}"
     41984,         0,         0,    1.11,standalone_exact_mw,503ee55b5ad1b1988379a241a0405811522ee4d50b473755532ad1299cb121e2,"{""distance"":5,""physical_error_rate"":0.0005}","{""detection_events"":18964,""detectors_checked"":9404416}"
     10240,         0,         0,   0.264,standalone_exact_mw,503ee55b5ad1b1988379a241a0405811522ee4d50b473755532ad1299cb121e2,"{""distance"":5,""physical_error_rate"":0.0005}","{""detection_events"":4843,""detectors_checked"":2293760}"
     16384,         0,         0,   0.393,standalone_exact_mw,503ee55b5ad1b1988379a241a0405811522ee4d50b473755532ad1299cb121e2,"{""distance"":5,""physical_error_rate"":0.0005}","{""detection_events"":7473,""detectors_checked"":3670016}"
     20480,         0,         0,   0.564,standalone_exact_mw,503ee55b5ad1b1988379a241a0405811522ee4d50b473755532ad1299cb121e2,"{""distance"":5,""physical_error_rate"":0.0005}","{""detection_events"":9655,""detectors_checked"":4587520}"
       273,         0,         0,   0.017,standalone_exact_mw,503ee55b5ad1b1988379a241a0405811522ee4d50b473755532ad1299cb121e2,"{""distance"":5,""physical_error_rate"":0.0005}","{""detection_events"":138,""detectors_checked"":61152}"
      1024,         0,         0,   0.031,standalone_exact_mw,503ee55b5ad1b1988379a241a0405811522ee4d50b473755532ad1299cb121e2,"{""distance"":5,""physical_error_rate"":0.0005}","{""detection_events"":488,""detectors_checked"":229376}"
      1024,         0,         0,   0.049,standalone_exact_mw,503ee55b5ad1b1988379a241a0405811522ee4d50b473755532ad1299cb121e2,"{""distance"":5,""physical_error_rate"":0.0005}","{""detection_events"":502,""detectors_checked"":229376}"
      1024,         0,         0,   0.030,standalone_exact_mw,503ee55b5ad1b1988379a241a0405811522ee4d50b473755532ad1299cb121e2,"{""distance"":5,""physical_error_rate"":0.0005}","{""detection_events"":426,""detectors_checked"":229376}"
      2048,         0,         0,   0.076,standalone_exact_mw,503ee55b5ad1b1988379a241a0405811522ee4d50b473755532ad1299cb121e2,"{""distance"":5,""physical_error_rate"":0.0005}","{""detection_events"":989,""detectors_checked"":458752}"
     45056,         0,         0,    1.54,standalone_exact_mw,503ee55b5ad1b1988379a241a0405811522ee4d50b473755532ad1299cb121e2,"{""distance"":5,""physical_error_rate"":0.0005}","{""detection_events"":20664,""detectors_checked"":10092544}"
      2048,         0,         0,   0.080,standalone_exact_mw,503ee55b5ad1b1988379a241a0405811522ee4d50b473755532ad1299cb121e2,"{""distance"":5,""physical_error_rate"":0.0005}","{""detection_events"":908,""detectors_checked"":458752}"
       273,         0,         0,   0.026,standalone_exact_mw,503ee55b5ad1b1988379a241a0405811522ee4d50b473755532ad1299cb121e2,"{""distance"":5,""physical_error_rate"":0.0005}","{""detection_events"":135,""detectors_checked"":61152}"
      3072,         0,         0,   0.113,standalone_exact_mw,503ee55b5ad1b1988379a241a0405811522ee4d50b473755532ad1299cb121e2,"{""distance"":5,""physical_error_rate"":0.0005}","{""detection_events"":1362,""detectors_checked"":688128}"
      1024,         0,         0,   0.032,standalone_exact_mw,503ee55b5ad1b1988379a241a0405811522ee4d50b473755532ad1299cb121e2,"{""distance"":5,""physical_error_rate"":0.0005}","{""detection_events"":401,""detectors_checked"":229376}"
      1024,         0,         0,   0.031,standalone_exact_mw,503ee55b5ad1b1988379a241a0405811522ee4d50b473755532ad1299cb121e2,"{""distance"":5,""physical_error_rate"":0.0005}","{""detection_events"":514,""detectors_checked"":229376}"
      1024,         0,         0,   0.027,standalone_exact_mw,503ee55b5ad1b1988379a241a0405811522ee4d50b473755532ad1299cb121e2,"{""distance"":5,""physical_error_rate"":0.0005}","{""detection_events"":433,""detectors_checked"":229376}"
      1024,         0,         0,   0.036,standalone_exact_mw,503ee55b5ad1b1988379a241a0405811522ee4d50b473755532ad1299cb121e2,"{""distance"":5,""physical_error_rate"":0.0005}","{""detection_events"":472,""detectors_checked"":229376}"
        17,         0,         0,   0.011,standalone_exact_mw,503ee55b5ad1b1988379a241a0405811522ee4d50b473755532ad1299cb121e2,"{""distance"":5,""physical_error_rate"":0.0005}","{""detection_events"":3,""detectors_checked"":3808}"
       256,         0,         0,   0.004,standalone_exact_mw,503ee55b5ad1b1988379a241a0405811522ee4d50b473755532ad1299cb121e2,"{""distance"":5,""physical_error_rate"":0.0005}","{""detection_events"":126,""detectors_checked"":57344}"
      3072,         0,         0,   0.139,standalone_exact_mw,503ee55b5ad1b1988379a241a0405811522ee4d50b473755532ad1299cb121e2,"{""distance"":5,""physical_error_rate"":0.0005}","{""detection_events"":1376,""detectors_checked"":688128}"
      1024,         0,         0,   0.050,standalone_exact_mw,503ee55b5ad1b1988379a241a0405811522ee4d50b473755532ad1299cb121e2,"{""distance"":5,""physical_error_rate"":0.0005}","{""detection_events"":502,""detectors_checked"":229376}"
      2048,         0,         0,   0.099,standalone_exact_mw,503ee55b5ad1b1988379a241a0405811522ee4d50b473755532ad1299cb121e2,"{""distance"":5,""physical_error_rate"":0.0005}","{""detection_events"":877,""detectors_checked"":458752}"
      1024,         0,         0,   0.049,standalone_exact_mw,503ee55b5ad1b1988379a241a0405811522ee4d50b473755532ad1299cb121e2,"{""distance"":5,""physical_error_rate"":0.0005}","{""detection_events"":495,""detectors_checked"":229376}"
      1024,         0,         0,   0.055,standalone_exact_mw,503ee55b5ad1b1988379a241a0405811522ee4d50b473755532ad1299cb121e2,"{""distance"":5,""physical_error_rate"":0.0005}","{""detection_events"":504,""detectors_checked"":229376}"
       273,         0,         0,   0.020,standalone_exact_mw,503ee55b5ad1b1988379a241a0405811522ee4d50b473755532ad1299cb121e2,"{""distance"":5,""physical_error_rate"":0.0005}","{""detection_events"":104,""detectors_checked"":61152}"
      4096,         0,         0,   0.145,standalone_exact_mw,503ee55b5ad1b1988379a241a0405811522ee4d50b473755532ad1299cb121e2,"{""distance"":5,""physical_error_rate"":0.0005}","{""detection_events"":1926,""detectors_checked"":917504}"
       273,         0,         0,   0.005,standalone_exact_mw,503ee55b5ad1b1988379a241a0405811522ee4d50b473755532ad1299cb121e2,"{""distance"":5,""physical_error_rate"":0.0005}","{""detection_events"":159,""detectors_checked"":61152}"
      2048,         0,         0,   0.088,standalone_exact_mw,503ee55b5ad1b1988379a241a0405811522ee4d50b473755532ad1299cb121e2,"{""distance"":5,""physical_error_rate"":0.0005}","{""detection_events"":973,""detectors_checked"":458752}"
     29696,         0,         0,   0.791,standalone_exact_mw,503ee55b5ad1b1988379a241a0405811522ee4d50b473755532ad1299cb121e2,"{""distance"":5,""physical_error_rate"":0.0005}","{""detection_events"":13532,""detectors_checked"":6651904}"
      1024,         0,         0,   0.057,standalone_exact_mw,503ee55b5ad1b1988379a241a0405811522ee4d50b473755532ad1299cb121e2,"{""distance"":5,""physical_error_rate"":0.0005}","{""detection_events"":441,""detectors_checked"":229376}"
      2048,         0,         0,   0.080,standalone_exact_mw,503ee55b5ad1b1988379a241a0405811522ee4d50b473755532ad1299cb121e2,"{""distance"":5,""physical_error_rate"":0.0005}","{""detection_events"":931,""detectors_checked"":458752}"
      1024,         0,         0,   0.041,standalone_exact_mw,503ee55b5ad1b1988379a241a0405811522ee4d50b473755532ad1299cb121e2,"{""distance"":5,""physical_error_rate"":0.0005}","{""detection_events"":497,""detectors_checked"":229376}"
      1024,         0,         0,   0.020,standalone_exact_mw,503ee55b5ad1b1988379a241a0405811522ee4d50b473755532ad1299cb121e2,"{""distance"":5,""physical_error_rate"":0.0005}","{""detection_events"":462,""detectors_checked"":229376}"
      2048,         0,         0,   0.082,standalone_exact_mw,503ee55b5ad1b1988379a241a0405811522ee4d50b473755532ad1299cb121e2,"{""distance"":5,""physical_error_rate"":0.0005}","{""detection_events"":783,""detectors_checked"":458752}"
      1024,         0,         0,   0.054,standalone_exact_mw,503ee55b5ad1b1988379a241a0405811522ee4d50b473755532ad1299cb121e2,"{""distance"":5,""physical_error_rate"":0.0005}","{""detection_events"":445,""detectors_checked"":229376}"
      1024,         0,         0,   0.055,standalone_exact_mw,503ee55b5ad1b1988379a241a0405811522ee4d50b473755532ad1299cb121e2,"{""distance"":5,""physical_error_rate"":0.0005}","{""detection_events"":548,""detectors_checked"":229376}"
      2048,         0,         0,   0.075,standalone_exact_mw,503ee55b5ad1b1988379a241a0405811522ee4d50b473755532ad1299cb121e2,"{""distance"":5,""physical_error_rate"":0.0005}","{""detection_events"":909,""detectors_checked"":458752}"
      1024,         0,         0,   0.054,standalone_exact_mw,503ee55b5ad1b1988379a241a0405811522ee4d50b473755532ad1299cb121e2,"{""distance"":5,""physical_error_rate"":0.0005}","{""detection_events"":473,""detectors_checked"":229376}"
      1024,         0,         0,   0.054,standalone_exact_mw,503ee55b5ad1b1988379a241a0405811522ee4d50b473755532ad1299cb121e2,"{""distance"":5,""physical_error_rate"":0.0005}","{""detection_events"":434,""detectors_checked"":229376}"
      6144,         0,         0,   0.220,standalone_exact_mw,503ee55b5ad1b1988379a241a0405811522ee4d50b473755532ad1299cb121e2,"{""distance"":5,""physical_error_rate"":0.0005}","{""detection_events"":2821,""detectors_checked"":1376256}"
      1024,         0,         0,   0.055,standalone_exact_mw,503ee55b5ad1b1988379a241a0405811522ee4d50b473755532ad1299cb121e2,"{""distance"":5,""physical_error_rate"":0.0005}","{""detection_events"":462,""detectors_checked"":229376}"
      1024,         0,         0,   0.055,standalone_exact_mw,503ee55b5ad1b1988379a241a0405811522ee4d50b473755532ad1299cb121e2,"{""distance"":5,""physical_error_rate"":0.0005}","{""detection_events"":475,""detectors_checked"":229376}"
      3072,         0,         0,   0.109,standalone_exact_mw,503ee55b5ad1b1988379a241a0405811522ee4d50b473755532ad1299cb121e2,"{""distance"":5,""physical_error_rate"":0.0005}","{""detection_events"":1323,""detectors_checked"":688128}"
      3072,         0,         0,   0.164,standalone_exact_mw,503ee55b5ad1b1988379a241a0405811522ee4d50b473755532ad1299cb121e2,"{""distance"":5,""physical_error_rate"":0.0005}","{""detection_events"":1435,""detectors_checked"":688128}"
      2048,         0,         0,   0.088,standalone_exact_mw,503ee55b5ad1b1988379a241a0405811522ee4d50b473755532ad1299cb121e2,"{""distance"":5,""physical_error_rate"":0.0005}","{""detection_events"":916,""detectors_checked"":458752}"
      2048,         0,         0,   0.110,standalone_exact_mw,503ee55b5ad1b1988379a241a0405811522ee4d50b473755532ad1299cb121e2,"{""distance"":5,""physical_error_rate"":0.0005}","{""detection_events"":976,""detectors_checked"":458752}"
      4096,         0,         0,   0.158,standalone_exact_mw,503ee55b5ad1b1988379a241a0405811522ee4d50b473755532ad1299cb121e2,"{""distance"":5,""physical_error_rate"":0.0005}","{""detection_events"":1899,""detectors_checked"":917504}"
      2048,         0,         0,   0.110,standalone_exact_mw,503ee55b5ad1b1988379a241a0405811522ee4d50b473755532ad1299cb121e2,"{""distance"":5,""physical_error_rate"":0.0005}","{""detection_events"":962,""detectors_checked"":458752}"
      2048,         0,         0,   0.108,standalone_exact_mw,503ee55b5ad1b1988379a241a0405811522ee4d50b473755532ad1299cb121e2,"{""distance"":5,""physical_error_rate"":0.0005}","{""detection_events"":1115,""detectors_checked"":458752}"
      5120,         0,         0,   0.238,standalone_exact_mw,503ee55b5ad1b1988379a241a0405811522ee4d50b473755532ad1299cb121e2,"{""distance"":5,""physical_error_rate"":0.0005}","{""detection_events"":2330,""detectors_checked"":1146880}"
      8192,         0,         0,   0.317,standalone_exact_mw,503ee55b5ad1b1988379a241a0405811522ee4d50b473755532ad1299cb121e2,"{""distance"":5,""physical_error_rate"":0.0005}","{""detection_events"":3848,""detectors_checked"":1835008}"
       273,         0,         0,   0.018,standalone_exact_mw,503ee55b5ad1b1988379a241a0405811522ee4d50b473755532ad1299cb121e2,"{""distance"":5,""physical_error_rate"":0.0005}","{""detection_events"":126,""detectors_checked"":61152}"
      2048,         0,         0,   0.116,standalone_exact_mw,503ee55b5ad1b1988379a241a0405811522ee4d50b473755532ad1299cb121e2,"{""distance"":5,""physical_error_rate"":0.0005}","{""detection_events"":1067,""detectors_checked"":458752}"
      1024,         0,         0,   0.020,standalone_exact_mw,503ee55b5ad1b1988379a241a0405811522ee4d50b473755532ad1299cb121e2,"{""distance"":5,""physical_error_rate"":0.0005}","{""detection_events"":497,""detectors_checked"":229376}"
      1024,         0,         0,   0.041,standalone_exact_mw,503ee55b5ad1b1988379a241a0405811522ee4d50b473755532ad1299cb121e2,"{""distance"":5,""physical_error_rate"":0.0005}","{""detection_events"":493,""detectors_checked"":229376}"
      5120,         0,         0,   0.216,standalone_exact_mw,503ee55b5ad1b1988379a241a0405811522ee4d50b473755532ad1299cb121e2,"{""distance"":5,""physical_error_rate"":0.0005}","{""detection_events"":2336,""detectors_checked"":1146880}"
      4096,         0,         0,   0.173,standalone_exact_mw,503ee55b5ad1b1988379a241a0405811522ee4d50b473755532ad1299cb121e2,"{""distance"":5,""physical_error_rate"":0.0005}","{""detection_events"":1976,""detectors_checked"":917504}"
      1024,         0,         0,   0.055,standalone_exact_mw,503ee55b5ad1b1988379a241a0405811522ee4d50b473755532ad1299cb121e2,"{""distance"":5,""physical_error_rate"":0.0005}","{""detection_events"":481,""detectors_checked"":229376}"
      1024,         0,         0,   0.056,standalone_exact_mw,503ee55b5ad1b1988379a241a0405811522ee4d50b473755532ad1299cb121e2,"{""distance"":5,""physical_error_rate"":0.0005}","{""detection_events"":616,""detectors_checked"":229376}"
      4096,         0,         0,   0.200,standalone_exact_mw,503ee55b5ad1b1988379a241a0405811522ee4d50b473755532ad1299cb121e2,"{""distance"":5,""physical_error_rate"":0.0005}","{""detection_events"":2001,""detectors_checked"":917504}"
      1024,         0,         0,   0.055,standalone_exact_mw,503ee55b5ad1b1988379a241a0405811522ee4d50b473755532ad1299cb121e2,"{""distance"":5,""physical_error_rate"":0.0005}","{""detection_events"":439,""detectors_checked"":229376}"
       273,         0,         0,   0.017,standalone_exact_mw,503ee55b5ad1b1988379a241a0405811522ee4d50b473755532ad1299cb121e2,"{""distance"":5,""physical_error_rate"":0.0005}","{""detection_events"":127,""detectors_checked"":61152}"
      6144,         0,         0,   0.286,standalone_exact_mw,503ee55b5ad1b1988379a241a0405811522ee4d50b473755532ad1299cb121e2,"{""distance"":5,""physical_error_rate"":0.0005}","{""detection_events"":2919,""detectors_checked"":1376256}"
      1024,         0,         0,   0.026,standalone_exact_mw,503ee55b5ad1b1988379a241a0405811522ee4d50b473755532ad1299cb121e2,"{""distance"":5,""physical_error_rate"":0.0005}","{""detection_events"":518,""detectors_checked"":229376}"
      6144,         0,         0,   0.215,standalone_exact_mw,503ee55b5ad1b1988379a241a0405811522ee4d50b473755532ad1299cb121e2,"{""distance"":5,""physical_error_rate"":0.0005}","{""detection_events"":2803,""detectors_checked"":1376256}"
      1024,         0,         0,   0.031,standalone_exact_mw,503ee55b5ad1b1988379a241a0405811522ee4d50b473755532ad1299cb121e2,"{""distance"":5,""physical_error_rate"":0.0005}","{""detection_events"":411,""detectors_checked"":229376}"
      2048,         0,         0,   0.107,standalone_exact_mw,503ee55b5ad1b1988379a241a0405811522ee4d50b473755532ad1299cb121e2,"{""distance"":5,""physical_error_rate"":0.0005}","{""detection_events"":962,""detectors_checked"":458752}"
      1024,         0,         0,   0.030,standalone_exact_mw,503ee55b5ad1b1988379a241a0405811522ee4d50b473755532ad1299cb121e2,"{""distance"":5,""physical_error_rate"":0.0005}","{""detection_events"":530,""detectors_checked"":229376}"
      7168,         0,         0,   0.297,standalone_exact_mw,503ee55b5ad1b1988379a241a0405811522ee4d50b473755532ad1299cb121e2,"{""distance"":5,""physical_error_rate"":0.0005}","{""detection_events"":3283,""detectors_checked"":1605632}"
      8192,         0,         0,   0.386,standalone_exact_mw,503ee55b5ad1b1988379a241a0405811522ee4d50b473755532ad1299cb121e2,"{""distance"":5,""physical_error_rate"":0.0005}","{""detection_events"":4021,""detectors_checked"":1835008}"
      1024,         0,         0,   0.049,standalone_exact_mw,503ee55b5ad1b1988379a241a0405811522ee4d50b473755532ad1299cb121e2,"{""distance"":5,""physical_error_rate"":0.0005}","{""detection_events"":511,""detectors_checked"":229376}"
      1297,         0,         0,   0.062,standalone_exact_mw,503ee55b5ad1b1988379a241a0405811522ee4d50b473755532ad1299cb121e2,"{""distance"":5,""physical_error_rate"":0.0005}","{""detection_events"":633,""detectors_checked"":290528}"
      7168,         0,         0,   0.208,standalone_exact_mw,503ee55b5ad1b1988379a241a0405811522ee4d50b473755532ad1299cb121e2,"{""distance"":5,""physical_error_rate"":0.0005}","{""detection_events"":3327,""detectors_checked"":1605632}"
      1024,         0,         0,   0.055,standalone_exact_mw,503ee55b5ad1b1988379a241a0405811522ee4d50b473755532ad1299cb121e2,"{""distance"":5,""physical_error_rate"":0.0005}","{""detection_events"":466,""detectors_checked"":229376}"
      2048,         0,         0,   0.080,standalone_exact_mw,503ee55b5ad1b1988379a241a0405811522ee4d50b473755532ad1299cb121e2,"{""distance"":5,""physical_error_rate"":0.0005}","{""detection_events"":955,""detectors_checked"":458752}"
      1024,         0,         0,   0.044,standalone_exact_mw,503ee55b5ad1b1988379a241a0405811522ee4d50b473755532ad1299cb121e2,"{""distance"":5,""physical_error_rate"":0.0005}","{""detection_events"":484,""detectors_checked"":229376}"
         1,         0,         0,   0.000,standalone_exact_mw,503ee55b5ad1b1988379a241a0405811522ee4d50b473755532ad1299cb121e2,"{""distance"":5,""physical_error_rate"":0.0005}","{""detectors_checked"":224}"
      4096,         0,         0,   0.150,standalone_exact_mw,503ee55b5ad1b1988379a241a0405811522ee4d50b473755532ad1299cb121e2,"{""distance"":5,""physical_error_rate"":0.0005}","{""detection_events"":1915,""detectors_checked"":917504}"
         1,         0,         0,   0.008,standalone_exact_mw,503ee55b5ad1b1988379a241a0405811522ee4d50b473755532ad1299cb121e2,"{""distance"":5,""physical_error_rate"":0.0005}","{""detectors_checked"":224}"
         1,         0,         0,   0.000,standalone_exact_mw,503ee55b5ad1b1988379a241a0405811522ee4d50b473755532ad1299cb121e2,"{""distance"":5,""physical_error_rate"":0.0005}","{""detectors_checked"":224}"
      1024,         0,         0,   0.031,standalone_exact_mw,503ee55b5ad1b1988379a241a0405811522ee4d50b473755532ad1299cb121e2,"{""distance"":5,""physical_error_rate"":0.0005}","{""detection_events"":487,""detectors_checked"":229376}"
      1296,         0,         0,   0.040,standalone_exact_mw,503ee55b5ad1b1988379a241a0405811522ee4d50b473755532ad1299cb121e2,"{""distance"":5,""physical_error_rate"":0.0005}","{""detection_events"":632,""detectors_checked"":290304}"
      1296,         0,         0,   0.031,standalone_exact_mw,503ee55b5ad1b1988379a241a0405811522ee4d50b473755532ad1299cb121e2,"{""distance"":5,""physical_error_rate"":0.0005}","{""detection_events"":516,""detectors_checked"":290304}"
      1024,         0,         0,   0.026,standalone_exact_mw,503ee55b5ad1b1988379a241a0405811522ee4d50b473755532ad1299cb121e2,"{""distance"":5,""physical_error_rate"":0.0005}","{""detection_events"":450,""detectors_checked"":229376}"
     31744,         0,         0,    1.09,standalone_exact_mw,503ee55b5ad1b1988379a241a0405811522ee4d50b473755532ad1299cb121e2,"{""distance"":5,""physical_error_rate"":0.0005}","{""detection_events"":14727,""detectors_checked"":7110656}"
      1296,         0,         0,   0.052,standalone_exact_mw,503ee55b5ad1b1988379a241a0405811522ee4d50b473755532ad1299cb121e2,"{""distance"":5,""physical_error_rate"":0.0005}","{""detection_events"":635,""detectors_checked"":290304}"
      2048,         0,         0,   0.099,standalone_exact_mw,503ee55b5ad1b1988379a241a0405811522ee4d50b473755532ad1299cb121e2,"{""distance"":5,""physical_error_rate"":0.0005}","{""detection_events"":905,""detectors_checked"":458752}"
      1024,         0,         0,   0.037,standalone_exact_mw,503ee55b5ad1b1988379a241a0405811522ee4d50b473755532ad1299cb121e2,"{""distance"":5,""physical_error_rate"":0.0005}","{""detection_events"":477,""detectors_checked"":229376}"
      1024,         0,         0,   0.039,standalone_exact_mw,503ee55b5ad1b1988379a241a0405811522ee4d50b473755532ad1299cb121e2,"{""distance"":5,""physical_error_rate"":0.0005}","{""detection_events"":530,""detectors_checked"":229376}"
      1024,         0,         0,   0.027,standalone_exact_mw,503ee55b5ad1b1988379a241a0405811522ee4d50b473755532ad1299cb121e2,"{""distance"":5,""physical_error_rate"":0.0005}","{""detection_events"":549,""detectors_checked"":229376}"
      8192,         0,         0,   0.302,standalone_exact_mw,503ee55b5ad1b1988379a241a0405811522ee4d50b473755532ad1299cb121e2,"{""distance"":5,""physical_error_rate"":0.0005}","{""detection_events"":3887,""detectors_checked"":1835008}"
      1024,         0,         0,   0.034,standalone_exact_mw,503ee55b5ad1b1988379a241a0405811522ee4d50b473755532ad1299cb121e2,"{""distance"":5,""physical_error_rate"":0.0005}","{""detection_events"":461,""detectors_checked"":229376}"
      1024,         0,         0,   0.042,standalone_exact_mw,503ee55b5ad1b1988379a241a0405811522ee4d50b473755532ad1299cb121e2,"{""distance"":5,""physical_error_rate"":0.0005}","{""detection_events"":578,""detectors_checked"":229376}"
      3072,         0,         0,   0.148,standalone_exact_mw,503ee55b5ad1b1988379a241a0405811522ee4d50b473755532ad1299cb121e2,"{""distance"":5,""physical_error_rate"":0.0005}","{""detection_events"":1339,""detectors_checked"":688128}"
      2048,         0,         0,   0.062,standalone_exact_mw,503ee55b5ad1b1988379a241a0405811522ee4d50b473755532ad1299cb121e2,"{""distance"":5,""physical_error_rate"":0.0005}","{""detection_events"":1076,""detectors_checked"":458752}"
      8192,         0,         0,   0.406,standalone_exact_mw,503ee55b5ad1b1988379a241a0405811522ee4d50b473755532ad1299cb121e2,"{""distance"":5,""physical_error_rate"":0.0005}","{""detection_events"":3597,""detectors_checked"":1835008}"
      1024,         0,         0,   0.049,standalone_exact_mw,503ee55b5ad1b1988379a241a0405811522ee4d50b473755532ad1299cb121e2,"{""distance"":5,""physical_error_rate"":0.0005}","{""detection_events"":473,""detectors_checked"":229376}"
      1024,         0,         0,   0.038,standalone_exact_mw,503ee55b5ad1b1988379a241a0405811522ee4d50b473755532ad1299cb121e2,"{""distance"":5,""physical_error_rate"":0.0005}","{""detection_events"":485,""detectors_checked"":229376}"
       273,         0,         0,   0.016,standalone_exact_mw,503ee55b5ad1b1988379a241a0405811522ee4d50b473755532ad1299cb121e2,"{""distance"":5,""physical_error_rate"":0.0005}","{""detection_events"":100,""detectors_checked"":61152}"
      3072,         0,         0,   0.107,standalone_exact_mw,503ee55b5ad1b1988379a241a0405811522ee4d50b473755532ad1299cb121e2,"{""distance"":5,""physical_error_rate"":0.0005}","{""detection_events"":1422,""detectors_checked"":688128}"
      1024,         0,         0,   0.040,standalone_exact_mw,503ee55b5ad1b1988379a241a0405811522ee4d50b473755532ad1299cb121e2,"{""distance"":5,""physical_error_rate"":0.0005}","{""detection_events"":427,""detectors_checked"":229376}"
      8192,         0,         0,   0.300,standalone_exact_mw,503ee55b5ad1b1988379a241a0405811522ee4d50b473755532ad1299cb121e2,"{""distance"":5,""physical_error_rate"":0.0005}","{""detection_events"":3649,""detectors_checked"":1835008}"
      2048,         0,         0,   0.079,standalone_exact_mw,503ee55b5ad1b1988379a241a0405811522ee4d50b473755532ad1299cb121e2,"{""distance"":5,""physical_error_rate"":0.0005}","{""detection_events"":968,""detectors_checked"":458752}"
      2048,         0,         0,   0.079,standalone_exact_mw,503ee55b5ad1b1988379a241a0405811522ee4d50b473755532ad1299cb121e2,"{""distance"":5,""physical_error_rate"":0.0005}","{""detection_events"":957,""detectors_checked"":458752}"
      1024,         0,         0,   0.031,standalone_exact_mw,503ee55b5ad1b1988379a241a0405811522ee4d50b473755532ad1299cb121e2,"{""distance"":5,""physical_error_rate"":0.0005}","{""detection_events"":487,""detectors_checked"":229376}"
      2048,         0,         0,   0.081,standalone_exact_mw,503ee55b5ad1b1988379a241a0405811522ee4d50b473755532ad1299cb121e2,"{""distance"":5,""physical_error_rate"":0.0005}","{""detection_events"":896,""detectors_checked"":458752}"
      2048,         0,         0,   0.085,standalone_exact_mw,503ee55b5ad1b1988379a241a0405811522ee4d50b473755532ad1299cb121e2,"{""distance"":5,""physical_error_rate"":0.0005}","{""detection_events"":1012,""detectors_checked"":458752}"
      1024,         0,         0,   0.047,standalone_exact_mw,503ee55b5ad1b1988379a241a0405811522ee4d50b473755532ad1299cb121e2,"{""distance"":5,""physical_error_rate"":0.0005}","{""detection_events"":526,""detectors_checked"":229376}"
      1024,         0,         0,   0.027,standalone_exact_mw,503ee55b5ad1b1988379a241a0405811522ee4d50b473755532ad1299cb121e2,"{""distance"":5,""physical_error_rate"":0.0005}","{""detection_events"":457,""detectors_checked"":229376}"
      9216,         0,         0,   0.432,standalone_exact_mw,503ee55b5ad1b1988379a241a0405811522ee4d50b473755532ad1299cb121e2,"{""distance"":5,""physical_error_rate"":0.0005}","{""detection_events"":4216,""detectors_checked"":2064384}"
      2048,         0,         0,   0.061,standalone_exact_mw,503ee55b5ad1b1988379a241a0405811522ee4d50b473755532ad1299cb121e2,"{""distance"":5,""physical_error_rate"":0.0005}","{""detection_events"":963,""detectors_checked"":458752}"
      2048,         0,         0,   0.072,standalone_exact_mw,503ee55b5ad1b1988379a241a0405811522ee4d50b473755532ad1299cb121e2,"{""distance"":5,""physical_error_rate"":0.0005}","{""detection_events"":792,""detectors_checked"":458752}"
      1024,         0,         0,   0.048,standalone_exact_mw,503ee55b5ad1b1988379a241a0405811522ee4d50b473755532ad1299cb121e2,"{""distance"":5,""physical_error_rate"":0.0005}","{""detection_events"":458,""detectors_checked"":229376}"
      3072,         0,         0,   0.106,standalone_exact_mw,503ee55b5ad1b1988379a241a0405811522ee4d50b473755532ad1299cb121e2,"{""distance"":5,""physical_error_rate"":0.0005}","{""detection_events"":1403,""detectors_checked"":688128}"
      6144,         0,         0,   0.229,standalone_exact_mw,503ee55b5ad1b1988379a241a0405811522ee4d50b473755532ad1299cb121e2,"{""distance"":5,""physical_error_rate"":0.0005}","{""detection_events"":2859,""detectors_checked"":1376256}"
      2048,         0,         0,   0.086,standalone_exact_mw,503ee55b5ad1b1988379a241a0405811522ee4d50b473755532ad1299cb121e2,"{""distance"":5,""physical_error_rate"":0.0005}","{""detection_events"":875,""detectors_checked"":458752}"
      2048,         0,         0,   0.058,standalone_exact_mw,503ee55b5ad1b1988379a241a0405811522ee4d50b473755532ad1299cb121e2,"{""distance"":5,""physical_error_rate"":0.0005}","{""detection_events"":861,""detectors_checked"":458752}"
      4096,         0,         0,   0.163,standalone_exact_mw,503ee55b5ad1b1988379a241a0405811522ee4d50b473755532ad1299cb121e2,"{""distance"":5,""physical_error_rate"":0.0005}","{""detection_events"":1820,""detectors_checked"":917504}"
      1024,         0,         0,   0.086,standalone_exact_mw,503ee55b5ad1b1988379a241a0405811522ee4d50b473755532ad1299cb121e2,"{""distance"":5,""physical_error_rate"":0.0005}","{""detection_events"":407,""detectors_checked"":229376}"
      4096,         0,         0,   0.127,standalone_exact_mw,503ee55b5ad1b1988379a241a0405811522ee4d50b473755532ad1299cb121e2,"{""distance"":5,""physical_error_rate"":0.0005}","{""detection_events"":1909,""detectors_checked"":917504}"
     13312,         0,         0,   0.587,standalone_exact_mw,503ee55b5ad1b1988379a241a0405811522ee4d50b473755532ad1299cb121e2,"{""distance"":5,""physical_error_rate"":0.0005}","{""detection_events"":5939,""detectors_checked"":2981888}"
      2048,         0,         0,   0.088,standalone_exact_mw,503ee55b5ad1b1988379a241a0405811522ee4d50b473755532ad1299cb121e2,"{""distance"":5,""physical_error_rate"":0.0005}","{""detection_events"":925,""detectors_checked"":458752}"
      2048,         0,         0,   0.084,standalone_exact_mw,503ee55b5ad1b1988379a241a0405811522ee4d50b473755532ad1299cb121e2,"{""distance"":5,""physical_error_rate"":0.0005}","{""detection_events"":960,""detectors_checked"":458752}"
      4096,         0,         0,   0.142,standalone_exact_mw,503ee55b5ad1b1988379a241a0405811522ee4d50b473755532ad1299cb121e2,"{""distance"":5,""physical_error_rate"":0.0005}","{""detection_events"":1835,""detectors_checked"":917504}"
      3072,         0,         0,   0.125,standalone_exact_mw,503ee55b5ad1b1988379a241a0405811522ee4d50b473755532ad1299cb121e2,"{""distance"":5,""physical_error_rate"":0.0005}","{""detection_events"":1423,""detectors_checked"":688128}"
     11264,         0,         0,   0.425,standalone_exact_mw,503ee55b5ad1b1988379a241a0405811522ee4d50b473755532ad1299cb121e2,"{""distance"":5,""physical_error_rate"":0.0005}","{""detection_events"":5166,""detectors_checked"":2523136}"
      5120,         0,         0,   0.187,standalone_exact_mw,503ee55b5ad1b1988379a241a0405811522ee4d50b473755532ad1299cb121e2,"{""distance"":5,""physical_error_rate"":0.0005}","{""detection_events"":2409,""detectors_checked"":1146880}"
      3072,         0,         0,   0.126,standalone_exact_mw,503ee55b5ad1b1988379a241a0405811522ee4d50b473755532ad1299cb121e2,"{""distance"":5,""physical_error_rate"":0.0005}","{""detection_events"":1647,""detectors_checked"":688128}"
      6144,         0,         0,   0.148,standalone_exact_mw,503ee55b5ad1b1988379a241a0405811522ee4d50b473755532ad1299cb121e2,"{""distance"":5,""physical_error_rate"":0.0005}","{""detection_events"":2914,""detectors_checked"":1376256}"
      4096,         0,         0,   0.143,standalone_exact_mw,503ee55b5ad1b1988379a241a0405811522ee4d50b473755532ad1299cb121e2,"{""distance"":5,""physical_error_rate"":0.0005}","{""detection_events"":1878,""detectors_checked"":917504}"
     14336,         0,         0,   0.434,standalone_exact_mw,503ee55b5ad1b1988379a241a0405811522ee4d50b473755532ad1299cb121e2,"{""distance"":5,""physical_error_rate"":0.0005}","{""detection_events"":6743,""detectors_checked"":3211264}"
      4096,         0,         0,   0.140,standalone_exact_mw,503ee55b5ad1b1988379a241a0405811522ee4d50b473755532ad1299cb121e2,"{""distance"":5,""physical_error_rate"":0.0005}","{""detection_events"":1906,""detectors_checked"":917504}"
    110592,         0,         0,    2.20,standalone_exact_mw,503ee55b5ad1b1988379a241a0405811522ee4d50b473755532ad1299cb121e2,"{""distance"":5,""physical_error_rate"":0.0005}","{""detection_events"":51861,""detectors_checked"":24772608}"
      8192,         0,         0,   0.316,standalone_exact_mw,503ee55b5ad1b1988379a241a0405811522ee4d50b473755532ad1299cb121e2,"{""distance"":5,""physical_error_rate"":0.0005}","{""detection_events"":3657,""detectors_checked"":1835008}"
      5120,         0,         0,   0.207,standalone_exact_mw,503ee55b5ad1b1988379a241a0405811522ee4d50b473755532ad1299cb121e2,"{""distance"":5,""physical_error_rate"":0.0005}","{""detection_events"":2324,""detectors_checked"":1146880}"
     14336,         0,         0,   0.606,standalone_exact_mw,503ee55b5ad1b1988379a241a0405811522ee4d50b473755532ad1299cb121e2,"{""distance"":5,""physical_error_rate"":0.0005}","{""detection_events"":6513,""detectors_checked"":3211264}"
       273,         0,         0,   0.016,standalone_exact_mw,503ee55b5ad1b1988379a241a0405811522ee4d50b473755532ad1299cb121e2,"{""distance"":5,""physical_error_rate"":0.0005}","{""detection_events"":110,""detectors_checked"":61152}"
      5120,         0,         0,   0.169,standalone_exact_mw,503ee55b5ad1b1988379a241a0405811522ee4d50b473755532ad1299cb121e2,"{""distance"":5,""physical_error_rate"":0.0005}","{""detection_events"":2299,""detectors_checked"":1146880}"
      6144,         0,         0,   0.200,standalone_exact_mw,503ee55b5ad1b1988379a241a0405811522ee4d50b473755532ad1299cb121e2,"{""distance"":5,""physical_error_rate"":0.0005}","{""detection_events"":2970,""detectors_checked"":1376256}"
      1024,         0,         0,   0.052,standalone_exact_mw,503ee55b5ad1b1988379a241a0405811522ee4d50b473755532ad1299cb121e2,"{""distance"":5,""physical_error_rate"":0.0005}","{""detection_events"":502,""detectors_checked"":229376}"
      5120,         0,         0,   0.207,standalone_exact_mw,503ee55b5ad1b1988379a241a0405811522ee4d50b473755532ad1299cb121e2,"{""distance"":5,""physical_error_rate"":0.0005}","{""detection_events"":2340,""detectors_checked"":1146880}"
      7168,         0,         0,   0.294,standalone_exact_mw,503ee55b5ad1b1988379a241a0405811522ee4d50b473755532ad1299cb121e2,"{""distance"":5,""physical_error_rate"":0.0005}","{""detection_events"":3271,""detectors_checked"":1605632}"
      1024,         0,         0,   0.055,standalone_exact_mw,503ee55b5ad1b1988379a241a0405811522ee4d50b473755532ad1299cb121e2,"{""distance"":5,""physical_error_rate"":0.0005}","{""detection_events"":500,""detectors_checked"":229376}"
     14336,         0,         0,   0.583,standalone_exact_mw,503ee55b5ad1b1988379a241a0405811522ee4d50b473755532ad1299cb121e2,"{""distance"":5,""physical_error_rate"":0.0005}","{""detection_events"":6601,""detectors_checked"":3211264}"
      6144,         0,         0,   0.231,standalone_exact_mw,503ee55b5ad1b1988379a241a0405811522ee4d50b473755532ad1299cb121e2,"{""distance"":5,""physical_error_rate"":0.0005}","{""detection_events"":3144,""detectors_checked"":1376256}"
      1024,         0,         0,   0.055,standalone_exact_mw,503ee55b5ad1b1988379a241a0405811522ee4d50b473755532ad1299cb121e2,"{""distance"":5,""physical_error_rate"":0.0005}","{""detection_events"":488,""detectors_checked"":229376}"
      1297,         0,         0,   0.042,standalone_exact_mw,503ee55b5ad1b1988379a241a0405811522ee4d50b473755532ad1299cb121e2,"{""distance"":5,""physical_error_rate"":0.0005}","{""detection_events"":599,""detectors_checked"":290528}"
      1024,         0,         0,   0.031,standalone_exact_mw,503ee55b5ad1b1988379a241a0405811522ee4d50b473755532ad1299cb121e2,"{""distance"":5,""physical_error_rate"":0.0005}","{""detection_events"":526,""detectors_checked"":229376}"
      8192,         0,         0,   0.290,standalone_exact_mw,503ee55b5ad1b1988379a241a0405811522ee4d50b473755532ad1299cb121e2,"{""distance"":5,""physical_error_rate"":0.0005}","{""detection_events"":3752,""detectors_checked"":1835008}"
      6144,         0,         0,   0.228,standalone_exact_mw,503ee55b5ad1b1988379a241a0405811522ee4d50b473755532ad1299cb121e2,"{""distance"":5,""physical_error_rate"":0.0005}","{""detection_events"":2905,""detectors_checked"":1376256}"
      2048,         0,         0,   0.088,standalone_exact_mw,503ee55b5ad1b1988379a241a0405811522ee4d50b473755532ad1299cb121e2,"{""distance"":5,""physical_error_rate"":0.0005}","{""detection_events"":933,""detectors_checked"":458752}"
         1,         0,         0,   0.001,standalone_exact_mw,503ee55b5ad1b1988379a241a0405811522ee4d50b473755532ad1299cb121e2,"{""distance"":5,""physical_error_rate"":0.0005}","{""detection_events"":2,""detectors_checked"":224}"
      1024,         0,         0,   0.031,standalone_exact_mw,503ee55b5ad1b1988379a241a0405811522ee4d50b473755532ad1299cb121e2,"{""distance"":5,""physical_error_rate"":0.0005}","{""detection_events"":534,""detectors_checked"":229376}"
      1024,         0,         0,   0.031,standalone_exact_mw,503ee55b5ad1b1988379a241a0405811522ee4d50b473755532ad1299cb121e2,"{""distance"":5,""physical_error_rate"":0.0005}","{""detection_events"":501,""detectors_checked"":229376}"
      1024,         0,         0,   0.045,standalone_exact_mw,503ee55b5ad1b1988379a241a0405811522ee4d50b473755532ad1299cb121e2,"{""distance"":5,""physical_error_rate"":0.0005}","{""detection_events"":458,""detectors_checked"":229376}"
      1296,         0,         0,   0.067,standalone_exact_mw,503ee55b5ad1b1988379a241a0405811522ee4d50b473755532ad1299cb121e2,"{""distance"":5,""physical_error_rate"":0.0005}","{""detection_events"":622,""detectors_checked"":290304}"
      8192,         0,         0,   0.311,standalone_exact_mw,503ee55b5ad1b1988379a241a0405811522ee4d50b473755532ad1299cb121e2,"{""distance"":5,""physical_error_rate"":0.0005}","{""detection_events"":3694,""detectors_checked"":1835008}"
      8192,         0,         0,   0.299,standalone_exact_mw,503ee55b5ad1b1988379a241a0405811522ee4d50b473755532ad1299cb121e2,"{""distance"":5,""physical_error_rate"":0.0005}","{""detection_events"":3789,""detectors_checked"":1835008}"
      2048,         0,         0,   0.062,standalone_exact_mw,503ee55b5ad1b1988379a241a0405811522ee4d50b473755532ad1299cb121e2,"{""distance"":5,""physical_error_rate"":0.0005}","{""detection_events"":1021,""detectors_checked"":458752}"
     16384,         0,         0,   0.610,standalone_exact_mw,503ee55b5ad1b1988379a241a0405811522ee4d50b473755532ad1299cb121e2,"{""distance"":5,""physical_error_rate"":0.0005}","{""detection_events"":7397,""detectors_checked"":3670016}"
      1024,         0,         0,   0.053,standalone_exact_mw,503ee55b5ad1b1988379a241a0405811522ee4d50b473755532ad1299cb121e2,"{""distance"":5,""physical_error_rate"":0.0005}","{""detection_events"":515,""detectors_checked"":229376}"
     10240,         0,         0,   0.454,standalone_exact_mw,503ee55b5ad1b1988379a241a0405811522ee4d50b473755532ad1299cb121e2,"{""distance"":5,""physical_error_rate"":0.0005}","{""detection_events"":4727,""detectors_checked"":2293760}"
      2048,         0,         0,   0.125,standalone_exact_mw,503ee55b5ad1b1988379a241a0405811522ee4d50b473755532ad1299cb121e2,"{""distance"":5,""physical_error_rate"":0.0005}","{""detection_events"":939,""detectors_checked"":458752}"
     16384,         0,         0,   0.553,standalone_exact_mw,503ee55b5ad1b1988379a241a0405811522ee4d50b473755532ad1299cb121e2,"{""distance"":5,""physical_error_rate"":0.0005}","{""detection_events"":7762,""detectors_checked"":3670016}"
      1024,         0,         0,   0.073,standalone_exact_mw,503ee55b5ad1b1988379a241a0405811522ee4d50b473755532ad1299cb121e2,"{""distance"":5,""physical_error_rate"":0.0005}","{""detection_events"":461,""detectors_checked"":229376}"
      2048,         0,         0,   0.101,standalone_exact_mw,503ee55b5ad1b1988379a241a0405811522ee4d50b473755532ad1299cb121e2,"{""distance"":5,""physical_error_rate"":0.0005}","{""detection_events"":1001,""detectors_checked"":458752}"
      6144,         0,         0,   0.341,standalone_exact_mw,503ee55b5ad1b1988379a241a0405811522ee4d50b473755532ad1299cb121e2,"{""distance"":5,""physical_error_rate"":0.0005}","{""detection_events"":2727,""detectors_checked"":1376256}"
     10240,         0,         0,   0.412,standalone_exact_mw,503ee55b5ad1b1988379a241a0405811522ee4d50b473755532ad1299cb121e2,"{""distance"":5,""physical_error_rate"":0.0005}","{""detection_events"":4840,""detectors_checked"":2293760}"
      1024,         0,         0,   0.053,standalone_exact_mw,503ee55b5ad1b1988379a241a0405811522ee4d50b473755532ad1299cb121e2,"{""distance"":5,""physical_error_rate"":0.0005}","{""detection_events"":438,""detectors_checked"":229376}"
     20480,         0,         0,   0.838,standalone_exact_mw,503ee55b5ad1b1988379a241a0405811522ee4d50b473755532ad1299cb121e2,"{""distance"":5,""physical_error_rate"":0.0005}","{""detection_events"":9847,""detectors_checked"":4587520}"
      8192,         0,         0,   0.261,standalone_exact_mw,503ee55b5ad1b1988379a241a0405811522ee4d50b473755532ad1299cb121e2,"{""distance"":5,""physical_error_rate"":0.0005}","{""detection_events"":3563,""detectors_checked"":1835008}"
        17,         0,         0,   0.022,standalone_exact_mw,503ee55b5ad1b1988379a241a0405811522ee4d50b473755532ad1299cb121e2,"{""distance"":5,""physical_error_rate"":0.0005}","{""detection_events"":11,""detectors_checked"":3808}"
      2048,         0,         0,   0.149,standalone_exact_mw,503ee55b5ad1b1988379a241a0405811522ee4d50b473755532ad1299cb121e2,"{""distance"":5,""physical_error_rate"":0.0005}","{""detection_events"":986,""detectors_checked"":458752}"
      3072,         0,         0,   0.115,standalone_exact_mw,503ee55b5ad1b1988379a241a0405811522ee4d50b473755532ad1299cb121e2,"{""distance"":5,""physical_error_rate"":0.0005}","{""detection_events"":1324,""detectors_checked"":688128}"
      1024,         0,         0,   0.073,standalone_exact_mw,503ee55b5ad1b1988379a241a0405811522ee4d50b473755532ad1299cb121e2,"{""distance"":5,""physical_error_rate"":0.0005}","{""detection_events"":419,""detectors_checked"":229376}"
      1280,         0,         0,   0.062,standalone_exact_mw,503ee55b5ad1b1988379a241a0405811522ee4d50b473755532ad1299cb121e2,"{""distance"":5,""physical_error_rate"":0.0005}","{""detection_events"":667,""detectors_checked"":286720}"
       273,         0,         0,   0.014,standalone_exact_mw,503ee55b5ad1b1988379a241a0405811522ee4d50b473755532ad1299cb121e2,"{""distance"":5,""physical_error_rate"":0.0005}","{""detection_events"":131,""detectors_checked"":61152}"
     11264,         0,         0,   0.422,standalone_exact_mw,503ee55b5ad1b1988379a241a0405811522ee4d50b473755532ad1299cb121e2,"{""distance"":5,""physical_error_rate"":0.0005}","{""detection_events"":5215,""detectors_checked"":2523136}"
      1024,         0,         0,   0.031,standalone_exact_mw,503ee55b5ad1b1988379a241a0405811522ee4d50b473755532ad1299cb121e2,"{""distance"":5,""physical_error_rate"":0.0005}","{""detection_events"":486,""detectors_checked"":229376}"
      1024,         0,         0,   0.055,standalone_exact_mw,503ee55b5ad1b1988379a241a0405811522ee4d50b473755532ad1299cb121e2,"{""distance"":5,""physical_error_rate"":0.0005}","{""detection_events"":452,""detectors_checked"":229376}"
      2048,         0,         0,   0.124,standalone_exact_mw,503ee55b5ad1b1988379a241a0405811522ee4d50b473755532ad1299cb121e2,"{""distance"":5,""physical_error_rate"":0.0005}","{""detection_events"":929,""detectors_checked"":458752}"
      1024,         0,         0,   0.031,standalone_exact_mw,503ee55b5ad1b1988379a241a0405811522ee4d50b473755532ad1299cb121e2,"{""distance"":5,""physical_error_rate"":0.0005}","{""detection_events"":472,""detectors_checked"":229376}"
      4096,         0,         0,   0.148,standalone_exact_mw,503ee55b5ad1b1988379a241a0405811522ee4d50b473755532ad1299cb121e2,"{""distance"":5,""physical_error_rate"":0.0005}","{""detection_events"":1970,""detectors_checked"":917504}"
      3072,         0,         0,   0.162,standalone_exact_mw,503ee55b5ad1b1988379a241a0405811522ee4d50b473755532ad1299cb121e2,"{""distance"":5,""physical_error_rate"":0.0005}","{""detection_events"":1319,""detectors_checked"":688128}"
      1024,         0,         0,   0.055,standalone_exact_mw,503ee55b5ad1b1988379a241a0405811522ee4d50b473755532ad1299cb121e2,"{""distance"":5,""physical_error_rate"":0.0005}","{""detection_events"":481,""detectors_checked"":229376}"
      1024,         0,         0,   0.030,standalone_exact_mw,503ee55b5ad1b1988379a241a0405811522ee4d50b473755532ad1299cb121e2,"{""distance"":5,""physical_error_rate"":0.0005}","{""detection_events"":437,""detectors_checked"":229376}"
      8192,         0,         0,   0.424,standalone_exact_mw,503ee55b5ad1b1988379a241a0405811522ee4d50b473755532ad1299cb121e2,"{""distance"":5,""physical_error_rate"":0.0005}","{""detection_events"":3784,""detectors_checked"":1835008}"
     11264,         0,         0,   0.407,standalone_exact_mw,503ee55b5ad1b1988379a241a0405811522ee4d50b473755532ad1299cb121e2,"{""distance"":5,""physical_error_rate"":0.0005}","{""detection_events"":5413,""detectors_checked"":2523136}"
     14336,         0,         0,   0.790,standalone_exact_mw,503ee55b5ad1b1988379a241a0405811522ee4d50b473755532ad1299cb121e2,"{""distance"":5,""physical_error_rate"":0.0005}","{""detection_events"":6423,""detectors_checked"":3211264}"
      2048,         0,         0,   0.088,standalone_exact_mw,503ee55b5ad1b1988379a241a0405811522ee4d50b473755532ad1299cb121e2,"{""distance"":5,""physical_error_rate"":0.0005}","{""detection_events"":921,""detectors_checked"":458752}"
      2048,         0,         0,   0.080,standalone_exact_mw,503ee55b5ad1b1988379a241a0405811522ee4d50b473755532ad1299cb121e2,"{""distance"":5,""physical_error_rate"":0.0005}","{""detection_events"":996,""detectors_checked"":458752}"
     41984,         0,         0,    1.55,standalone_exact_mw,503ee55b5ad1b1988379a241a0405811522ee4d50b473755532ad1299cb121e2,"{""distance"":5,""physical_error_rate"":0.0005}","{""detection_events"":19387,""detectors_checked"":9404416}"
      3072,         0,         0,   0.143,standalone_exact_mw,503ee55b5ad1b1988379a241a0405811522ee4d50b473755532ad1299cb121e2,"{""distance"":5,""physical_error_rate"":0.0005}","{""detection_events"":1414,""detectors_checked"":688128}"
      4096,         0,         0,   0.138,standalone_exact_mw,503ee55b5ad1b1988379a241a0405811522ee4d50b473755532ad1299cb121e2,"{""distance"":5,""physical_error_rate"":0.0005}","{""detection_events"":1870,""detectors_checked"":917504}"
      1024,         0,         0,   0.054,standalone_exact_mw,503ee55b5ad1b1988379a241a0405811522ee4d50b473755532ad1299cb121e2,"{""distance"":5,""physical_error_rate"":0.0005}","{""detection_events"":464,""detectors_checked"":229376}"
      2048,         0,         0,   0.061,standalone_exact_mw,503ee55b5ad1b1988379a241a0405811522ee4d50b473755532ad1299cb121e2,"{""distance"":5,""physical_error_rate"":0.0005}","{""detection_events"":916,""detectors_checked"":458752}"
     21504,         0,         0,   0.815,standalone_exact_mw,503ee55b5ad1b1988379a241a0405811522ee4d50b473755532ad1299cb121e2,"{""distance"":5,""physical_error_rate"":0.0005}","{""detection_events"":9912,""detectors_checked"":4816896}"
      9216,         0,         0,   0.450,standalone_exact_mw,503ee55b5ad1b1988379a241a0405811522ee4d50b473755532ad1299cb121e2,"{""distance"":5,""physical_error_rate"":0.0005}","{""detection_events"":4236,""detectors_checked"":2064384}"
       273,         0,         0,   0.017,standalone_exact_mw,503ee55b5ad1b1988379a241a0405811522ee4d50b473755532ad1299cb121e2,"{""distance"":5,""physical_error_rate"":0.0005}","{""detection_events"":111,""detectors_checked"":61152}"
     11264,         0,         0,   0.411,standalone_exact_mw,503ee55b5ad1b1988379a241a0405811522ee4d50b473755532ad1299cb121e2,"{""distance"":5,""physical_error_rate"":0.0005}","{""detection_events"":5181,""detectors_checked"":2523136}"
      4096,         0,         0,   0.218,standalone_exact_mw,503ee55b5ad1b1988379a241a0405811522ee4d50b473755532ad1299cb121e2,"{""distance"":5,""physical_error_rate"":0.0005}","{""detection_events"":1843,""detectors_checked"":917504}"
     11264,         0,         0,   0.583,standalone_exact_mw,503ee55b5ad1b1988379a241a0405811522ee4d50b473755532ad1299cb121e2,"{""distance"":5,""physical_error_rate"":0.0005}","{""detection_events"":5392,""detectors_checked"":2523136}"
        17,         0,         0,   0.022,standalone_exact_mw,503ee55b5ad1b1988379a241a0405811522ee4d50b473755532ad1299cb121e2,"{""distance"":5,""physical_error_rate"":0.0005}","{""detection_events"":7,""detectors_checked"":3808}"
      1024,         0,         0,   0.029,standalone_exact_mw,503ee55b5ad1b1988379a241a0405811522ee4d50b473755532ad1299cb121e2,"{""distance"":5,""physical_error_rate"":0.0005}","{""detection_events"":484,""detectors_checked"":229376}"
      2048,         0,         0,   0.079,standalone_exact_mw,503ee55b5ad1b1988379a241a0405811522ee4d50b473755532ad1299cb121e2,"{""distance"":5,""physical_error_rate"":0.0005}","{""detection_events"":965,""detectors_checked"":458752}"
      2048,         0,         0,   0.109,standalone_exact_mw,503ee55b5ad1b1988379a241a0405811522ee4d50b473755532ad1299cb121e2,"{""distance"":5,""physical_error_rate"":0.0005}","{""detection_events"":938,""detectors_checked"":458752}"
      1024,         0,         0,   0.030,standalone_exact_mw,503ee55b5ad1b1988379a241a0405811522ee4d50b473755532ad1299cb121e2,"{""distance"":5,""physical_error_rate"":0.0005}","{""detection_events"":434,""detectors_checked"":229376}"
      3072,         0,         0,   0.136,standalone_exact_mw,503ee55b5ad1b1988379a241a0405811522ee4d50b473755532ad1299cb121e2,"{""distance"":5,""physical_error_rate"":0.0005}","{""detection_events"":1411,""detectors_checked"":688128}"
      1280,         0,         0,   0.058,standalone_exact_mw,503ee55b5ad1b1988379a241a0405811522ee4d50b473755532ad1299cb121e2,"{""distance"":5,""physical_error_rate"":0.0005}","{""detection_events"":609,""detectors_checked"":286720}"
      1024,         0,         0,   0.033,standalone_exact_mw,503ee55b5ad1b1988379a241a0405811522ee4d50b473755532ad1299cb121e2,"{""distance"":5,""physical_error_rate"":0.0005}","{""detection_events"":429,""detectors_checked"":229376}"
      1024,         0,         0,   0.031,standalone_exact_mw,503ee55b5ad1b1988379a241a0405811522ee4d50b473755532ad1299cb121e2,"{""distance"":5,""physical_error_rate"":0.0005}","{""detection_events"":493,""detectors_checked"":229376}"
     14336,         0,         0,   0.588,standalone_exact_mw,503ee55b5ad1b1988379a241a0405811522ee4d50b473755532ad1299cb121e2,"{""distance"":5,""physical_error_rate"":0.0005}","{""detection_events"":6623,""detectors_checked"":3211264}"
      4096,         0,         0,   0.104,standalone_exact_mw,503ee55b5ad1b1988379a241a0405811522ee4d50b473755532ad1299cb121e2,"{""distance"":5,""physical_error_rate"":0.0005}","{""detection_events"":2006,""detectors_checked"":917504}"
      1024,         0,         0,   0.034,standalone_exact_mw,503ee55b5ad1b1988379a241a0405811522ee4d50b473755532ad1299cb121e2,"{""distance"":5,""physical_error_rate"":0.0005}","{""detection_events"":506,""detectors_checked"":229376}"
      2048,         1,         0,   0.112,standalone_exact_mw,503ee55b5ad1b1988379a241a0405811522ee4d50b473755532ad1299cb121e2,"{""distance"":5,""physical_error_rate"":0.0005}","{""detection_events"":855,""detectors_checked"":458752,""obs_mistake_mask=E"":1}"
      6144,         0,         0,   0.223,standalone_exact_mw,503ee55b5ad1b1988379a241a0405811522ee4d50b473755532ad1299cb121e2,"{""distance"":5,""physical_error_rate"":0.0005}","{""detection_events"":2952,""detectors_checked"":1376256}"
      1024,         0,         0,   0.053,standalone_exact_mw,503ee55b5ad1b1988379a241a0405811522ee4d50b473755532ad1299cb121e2,"{""distance"":5,""physical_error_rate"":0.0005}","{""detection_events"":454,""detectors_checked"":229376}"
     20480,         0,         0,   0.793,standalone_exact_mw,503ee55b5ad1b1988379a241a0405811522ee4d50b473755532ad1299cb121e2,"{""distance"":5,""physical_error_rate"":0.0005}","{""detection_events"":9449,""detectors_checked"":4587520}"
      1024,         0,         0,   0.026,standalone_exact_mw,503ee55b5ad1b1988379a241a0405811522ee4d50b473755532ad1299cb121e2,"{""distance"":5,""physical_error_rate"":0.0005}","{""detection_events"":470,""detectors_checked"":229376}"
      1024,         0,         0,   0.053,standalone_exact_mw,503ee55b5ad1b1988379a241a0405811522ee4d50b473755532ad1299cb121e2,"{""distance"":5,""physical_error_rate"":0.0005}","{""detection_events"":482,""detectors_checked"":229376}"
      4096,         0,         0,   0.197,standalone_exact_mw,503ee55b5ad1b1988379a241a0405811522ee4d50b473755532ad1299cb121e2,"{""distance"":5,""physical_error_rate"":0.0005}","{""detection_events"":1746,""detectors_checked"":917504}"
     16384,         0,         0,   0.800,standalone_exact_mw,503ee55b5ad1b1988379a241a0405811522ee4d50b473755532ad1299cb121e2,"{""distance"":5,""physical_error_rate"":0.0005}","{""detection_events"":7599,""detectors_checked"":3670016}"
      2048,         0,         0,   0.061,standalone_exact_mw,503ee55b5ad1b1988379a241a0405811522ee4d50b473755532ad1299cb121e2,"{""distance"":5,""physical_error_rate"":0.0005}","{""detection_events"":891,""detectors_checked"":458752}"
      6144,         0,         0,   0.307,standalone_exact_mw,503ee55b5ad1b1988379a241a0405811522ee4d50b473755532ad1299cb121e2,"{""distance"":5,""physical_error_rate"":0.0005}","{""detection_events"":2890,""detectors_checked"":1376256}"
      1024,         0,         0,   0.073,standalone_exact_mw,503ee55b5ad1b1988379a241a0405811522ee4d50b473755532ad1299cb121e2,"{""distance"":5,""physical_error_rate"":0.0005}","{""detection_events"":484,""detectors_checked"":229376}"
      4096,         0,         0,   0.156,standalone_exact_mw,503ee55b5ad1b1988379a241a0405811522ee4d50b473755532ad1299cb121e2,"{""distance"":5,""physical_error_rate"":0.0005}","{""detection_events"":1892,""detectors_checked"":917504}"
     15360,         0,         0,   0.603,standalone_exact_mw,503ee55b5ad1b1988379a241a0405811522ee4d50b473755532ad1299cb121e2,"{""distance"":5,""physical_error_rate"":0.0005}","{""detection_events"":7334,""detectors_checked"":3440640}"
      3072,         0,         0,   0.160,standalone_exact_mw,503ee55b5ad1b1988379a241a0405811522ee4d50b473755532ad1299cb121e2,"{""distance"":5,""physical_error_rate"":0.0005}","{""detection_events"":1440,""detectors_checked"":688128}"
     13312,         0,         0,   0.552,standalone_exact_mw,503ee55b5ad1b1988379a241a0405811522ee4d50b473755532ad1299cb121e2,"{""distance"":5,""physical_error_rate"":0.0005}","{""detection_events"":6177,""detectors_checked"":2981888}"
     18432,         0,         0,   0.553,standalone_exact_mw,503ee55b5ad1b1988379a241a0405811522ee4d50b473755532ad1299cb121e2,"{""distance"":5,""physical_error_rate"":0.0005}","{""detection_events"":8273,""detectors_checked"":4128768}"
      2048,         0,         0,   0.087,standalone_exact_mw,503ee55b5ad1b1988379a241a0405811522ee4d50b473755532ad1299cb121e2,"{""distance"":5,""physical_error_rate"":0.0005}","{""detection_events"":884,""detectors_checked"":458752}"
      3072,         0,         0,   0.128,standalone_exact_mw,503ee55b5ad1b1988379a241a0405811522ee4d50b473755532ad1299cb121e2,"{""distance"":5,""physical_error_rate"":0.0005}","{""detection_events"":1450,""detectors_checked"":688128}"
      8192,         0,         0,   0.296,standalone_exact_mw,503ee55b5ad1b1988379a241a0405811522ee4d50b473755532ad1299cb121e2,"{""distance"":5,""physical_error_rate"":0.0005}","{""detection_events"":3738,""detectors_checked"":1835008}"
      2048,         0,         0,   0.109,standalone_exact_mw,503ee55b5ad1b1988379a241a0405811522ee4d50b473755532ad1299cb121e2,"{""distance"":5,""physical_error_rate"":0.0005}","{""detection_events"":956,""detectors_checked"":458752}"
      5120,         0,         0,   0.251,standalone_exact_mw,503ee55b5ad1b1988379a241a0405811522ee4d50b473755532ad1299cb121e2,"{""distance"":5,""physical_error_rate"":0.0005}","{""detection_events"":2286,""detectors_checked"":1146880}"
     15360,         0,         0,   0.592,standalone_exact_mw,503ee55b5ad1b1988379a241a0405811522ee4d50b473755532ad1299cb121e2,"{""distance"":5,""physical_error_rate"":0.0005}","{""detection_events"":7372,""detectors_checked"":3440640}"
      5120,         0,         0,   0.250,standalone_exact_mw,503ee55b5ad1b1988379a241a0405811522ee4d50b473755532ad1299cb121e2,"{""distance"":5,""physical_error_rate"":0.0005}","{""detection_events"":2284,""detectors_checked"":1146880}"
     12288,         0,         0,   0.614,standalone_exact_mw,503ee55b5ad1b1988379a241a0405811522ee4d50b473755532ad1299cb121e2,"{""distance"":5,""physical_error_rate"":0.0005}","{""detection_events"":5736,""detectors_checked"":2752512}"
      6144,         0,         0,   0.303,standalone_exact_mw,503ee55b5ad1b1988379a241a0405811522ee4d50b473755532ad1299cb121e2,"{""distance"":5,""physical_error_rate"":0.0005}","{""detection_events"":2884,""detectors_checked"":1376256}"
      4096,         0,         0,   0.176,standalone_exact_mw,503ee55b5ad1b1988379a241a0405811522ee4d50b473755532ad1299cb121e2,"{""distance"":5,""physical_error_rate"":0.0005}","{""detection_events"":1990,""detectors_checked"":917504}"
      4096,         0,         0,   0.171,standalone_exact_mw,503ee55b5ad1b1988379a241a0405811522ee4d50b473755532ad1299cb121e2,"{""distance"":5,""physical_error_rate"":0.0005}","{""detection_events"":1883,""detectors_checked"":917504}"
     58368,         0,         0,    1.09,standalone_exact_mw,503ee55b5ad1b1988379a241a0405811522ee4d50b473755532ad1299cb121e2,"{""distance"":5,""physical_error_rate"":0.0005}","{""detection_events"":27002,""detectors_checked"":13074432}"
      8192,         0,         0,   0.417,standalone_exact_mw,503ee55b5ad1b1988379a241a0405811522ee4d50b473755532ad1299cb121e2,"{""distance"":5,""physical_error_rate"":0.0005}","{""detection_events"":3952,""detectors_checked"":1835008}"
     16384,         0,         0,   0.808,standalone_exact_mw,503ee55b5ad1b1988379a241a0405811522ee4d50b473755532ad1299cb121e2,"{""distance"":5,""physical_error_rate"":0.0005}","{""detection_events"":7310,""detectors_checked"":3670016}"
      6144,         0,         0,   0.232,standalone_exact_mw,503ee55b5ad1b1988379a241a0405811522ee4d50b473755532ad1299cb121e2,"{""distance"":5,""physical_error_rate"":0.0005}","{""detection_events"":2957,""detectors_checked"":1376256}"
      6144,         0,         0,   0.278,standalone_exact_mw,503ee55b5ad1b1988379a241a0405811522ee4d50b473755532ad1299cb121e2,"{""distance"":5,""physical_error_rate"":0.0005}","{""detection_events"":2812,""detectors_checked"":1376256}"
      6144,         0,         0,   0.270,standalone_exact_mw,503ee55b5ad1b1988379a241a0405811522ee4d50b473755532ad1299cb121e2,"{""distance"":5,""physical_error_rate"":0.0005}","{""detection_events"":2892,""detectors_checked"":1376256}"
      6144,         0,         0,   0.219,standalone_exact_mw,503ee55b5ad1b1988379a241a0405811522ee4d50b473755532ad1299cb121e2,"{""distance"":5,""physical_error_rate"":0.0005}","{""detection_events"":2862,""detectors_checked"":1376256}"
     11264,         0,         0,   0.446,standalone_exact_mw,503ee55b5ad1b1988379a241a0405811522ee4d50b473755532ad1299cb121e2,"{""distance"":5,""physical_error_rate"":0.0005}","{""detection_events"":5361,""detectors_checked"":2523136}"
     22528,         0,         0,    1.12,standalone_exact_mw,503ee55b5ad1b1988379a241a0405811522ee4d50b473755532ad1299cb121e2,"{""distance"":5,""physical_error_rate"":0.0005}","{""detection_events"":10441,""detectors_checked"":5046272}"
     15360,         0,         0,   0.780,standalone_exact_mw,503ee55b5ad1b1988379a241a0405811522ee4d50b473755532ad1299cb121e2,"{""distance"":5,""physical_error_rate"":0.0005}","{""detection_events"":7279,""detectors_checked"":3440640}"
      8192,         0,         0,   0.396,standalone_exact_mw,503ee55b5ad1b1988379a241a0405811522ee4d50b473755532ad1299cb121e2,"{""distance"":5,""physical_error_rate"":0.0005}","{""detection_events"":3778,""detectors_checked"":1835008}"
      8192,         0,         0,   0.298,standalone_exact_mw,503ee55b5ad1b1988379a241a0405811522ee4d50b473755532ad1299cb121e2,"{""distance"":5,""physical_error_rate"":0.0005}","{""detection_events"":3896,""detectors_checked"":1835008}"
     27648,         0,         0,    1.17,standalone_exact_mw,503ee55b5ad1b1988379a241a0405811522ee4d50b473755532ad1299cb121e2,"{""distance"":5,""physical_error_rate"":0.0005}","{""detection_events"":12923,""detectors_checked"":6193152}"
     18432,         0,         0,   0.796,standalone_exact_mw,503ee55b5ad1b1988379a241a0405811522ee4d50b473755532ad1299cb121e2,"{""distance"":5,""physical_error_rate"":0.0005}","{""detection_events"":8735,""detectors_checked"":4128768}"
     22528,         0,         0,   0.803,standalone_exact_mw,503ee55b5ad1b1988379a241a0405811522ee4d50b473755532ad1299cb121e2,"{""distance"":5,""physical_error_rate"":0.0005}","{""detection_events"":10618,""detectors_checked"":5046272}"
      8192,         0,         0,   0.323,standalone_exact_mw,503ee55b5ad1b1988379a241a0405811522ee4d50b473755532ad1299cb121e2,"{""distance"":5,""physical_error_rate"":0.0005}","{""detection_events"":3821,""detectors_checked"":1835008}"
     28672,         1,         0,   0.846,standalone_exact_mw,503ee55b5ad1b1988379a241a0405811522ee4d50b473755532ad1299cb121e2,"{""distance"":5,""physical_error_rate"":0.0005}","{""detection_events"":13171,""detectors_checked"":6422528,""obs_mistake_mask=E"":1}"
      8192,         0,         0,   0.422,standalone_exact_mw,503ee55b5ad1b1988379a241a0405811522ee4d50b473755532ad1299cb121e2,"{""distance"":5,""physical_error_rate"":0.0005}","{""detection_events"":4014,""detectors_checked"":1835008}"
     15360,         0,         0,   0.592,standalone_exact_mw,503ee55b5ad1b1988379a241a0405811522ee4d50b473755532ad1299cb121e2,"{""distance"":5,""physical_error_rate"":0.0005}","{""detection_events"":7302,""detectors_checked"":3440640}"
     72704,         0,         0,    1.11,standalone_exact_mw,503ee55b5ad1b1988379a241a0405811522ee4d50b473755532ad1299cb121e2,"{""distance"":5,""physical_error_rate"":0.0005}","{""detection_events"":33829,""detectors_checked"":16285696}"
      9216,         0,         0,   0.450,standalone_exact_mw,503ee55b5ad1b1988379a241a0405811522ee4d50b473755532ad1299cb121e2,"{""distance"":5,""physical_error_rate"":0.0005}","{""detection_events"":4380,""detectors_checked"":2064384}"
     16384,         0,         0,   0.785,standalone_exact_mw,503ee55b5ad1b1988379a241a0405811522ee4d50b473755532ad1299cb121e2,"{""distance"":5,""physical_error_rate"":0.0005}","{""detection_events"":7704,""detectors_checked"":3670016}"
     16384,         0,         0,   0.815,standalone_exact_mw,503ee55b5ad1b1988379a241a0405811522ee4d50b473755532ad1299cb121e2,"{""distance"":5,""physical_error_rate"":0.0005}","{""detection_events"":7821,""detectors_checked"":3670016}"
     30720,         0,         0,    1.13,standalone_exact_mw,503ee55b5ad1b1988379a241a0405811522ee4d50b473755532ad1299cb121e2,"{""distance"":5,""physical_error_rate"":0.0005}","{""detection_events"":14270,""detectors_checked"":6881280}"
     14336,         0,         0,   0.582,standalone_exact_mw,503ee55b5ad1b1988379a241a0405811522ee4d50b473755532ad1299cb121e2,"{""distance"":5,""physical_error_rate"":0.0005}","{""detection_events"":6429,""detectors_checked"":3211264}"
     10240,         0,         0,   0.423,standalone_exact_mw,503ee55b5ad1b1988379a241a0405811522ee4d50b473755532ad1299cb121e2,"{""distance"":5,""physical_error_rate"":0.0005}","{""detection_events"":4877,""detectors_checked"":2293760}"
       273,         0,         0,   0.011,standalone_exact_mw,503ee55b5ad1b1988379a241a0405811522ee4d50b473755532ad1299cb121e2,"{""distance"":5,""physical_error_rate"":0.0005}","{""detection_events"":119,""detectors_checked"":61152}"
     12288,         0,         0,   0.610,standalone_exact_mw,503ee55b5ad1b1988379a241a0405811522ee4d50b473755532ad1299cb121e2,"{""distance"":5,""physical_error_rate"":0.0005}","{""detection_events"":5807,""detectors_checked"":2752512}"
      1024,         0,         0,   0.051,standalone_exact_mw,503ee55b5ad1b1988379a241a0405811522ee4d50b473755532ad1299cb121e2,"{""distance"":5,""physical_error_rate"":0.0005}","{""detection_events"":507,""detectors_checked"":229376}"
     11264,         0,         0,   0.406,standalone_exact_mw,503ee55b5ad1b1988379a241a0405811522ee4d50b473755532ad1299cb121e2,"{""distance"":5,""physical_error_rate"":0.0005}","{""detection_events"":5202,""detectors_checked"":2523136}"
      1024,         0,         0,   0.034,standalone_exact_mw,503ee55b5ad1b1988379a241a0405811522ee4d50b473755532ad1299cb121e2,"{""distance"":5,""physical_error_rate"":0.0005}","{""detection_events"":498,""detectors_checked"":229376}"
      1024,         0,         0,   0.033,standalone_exact_mw,503ee55b5ad1b1988379a241a0405811522ee4d50b473755532ad1299cb121e2,"{""distance"":5,""physical_error_rate"":0.0005}","{""detection_events"":458,""detectors_checked"":229376}"
      1024,         0,         0,   0.079,standalone_exact_mw,503ee55b5ad1b1988379a241a0405811522ee4d50b473755532ad1299cb121e2,"{""distance"":5,""physical_error_rate"":0.0005}","{""detection_events"":470,""detectors_checked"":229376}"
      2048,         0,         0,   0.088,standalone_exact_mw,503ee55b5ad1b1988379a241a0405811522ee4d50b473755532ad1299cb121e2,"{""distance"":5,""physical_error_rate"":0.0005}","{""detection_events"":913,""detectors_checked"":458752}"
     12288,         0,         0,   0.584,standalone_exact_mw,503ee55b5ad1b1988379a241a0405811522ee4d50b473755532ad1299cb121e2,"{""distance"":5,""physical_error_rate"":0.0005}","{""detection_events"":5567,""detectors_checked"":2752512}"
     12288,         0,         0,   0.612,standalone_exact_mw,503ee55b5ad1b1988379a241a0405811522ee4d50b473755532ad1299cb121e2,"{""distance"":5,""physical_error_rate"":0.0005}","{""detection_events"":5950,""detectors_checked"":2752512}"
     24576,         0,         0,    1.13,standalone_exact_mw,503ee55b5ad1b1988379a241a0405811522ee4d50b473755532ad1299cb121e2,"{""distance"":5,""physical_error_rate"":0.0005}","{""detection_events"":11649,""detectors_checked"":5505024}"
      2048,         0,         0,   0.109,standalone_exact_mw,503ee55b5ad1b1988379a241a0405811522ee4d50b473755532ad1299cb121e2,"{""distance"":5,""physical_error_rate"":0.0005}","{""detection_events"":988,""detectors_checked"":458752}"
     99328,         0,         0,    3.04,standalone_exact_mw,503ee55b5ad1b1988379a241a0405811522ee4d50b473755532ad1299cb121e2,"{""distance"":5,""physical_error_rate"":0.0005}","{""detection_events"":46107,""detectors_checked"":22249472}"
       273,         0,         0,   0.017,standalone_exact_mw,503ee55b5ad1b1988379a241a0405811522ee4d50b473755532ad1299cb121e2,"{""distance"":5,""physical_error_rate"":0.0005}","{""detection_events"":137,""detectors_checked"":61152}"
      1024,         0,         0,   0.029,standalone_exact_mw,503ee55b5ad1b1988379a241a0405811522ee4d50b473755532ad1299cb121e2,"{""distance"":5,""physical_error_rate"":0.0005}","{""detection_events"":507,""detectors_checked"":229376}"
      1024,         0,         0,   0.030,standalone_exact_mw,503ee55b5ad1b1988379a241a0405811522ee4d50b473755532ad1299cb121e2,"{""distance"":5,""physical_error_rate"":0.0005}","{""detection_events"":477,""detectors_checked"":229376}"
     47104,         0,         0,    2.16,standalone_exact_mw,503ee55b5ad1b1988379a241a0405811522ee4d50b473755532ad1299cb121e2,"{""distance"":5,""physical_error_rate"":0.0005}","{""detection_events"":21526,""detectors_checked"":10551296}"
     23552,         0,         0,    1.13,standalone_exact_mw,503ee55b5ad1b1988379a241a0405811522ee4d50b473755532ad1299cb121e2,"{""distance"":5,""physical_error_rate"":0.0005}","{""detection_events"":10966,""detectors_checked"":5275648}"
      3072,         0,         0,   0.143,standalone_exact_mw,503ee55b5ad1b1988379a241a0405811522ee4d50b473755532ad1299cb121e2,"{""distance"":5,""physical_error_rate"":0.0005}","{""detection_events"":1433,""detectors_checked"":688128}"
     20480,         0,         0,   0.798,standalone_exact_mw,503ee55b5ad1b1988379a241a0405811522ee4d50b473755532ad1299cb121e2,"{""distance"":5,""physical_error_rate"":0.0005}","{""detection_events"":9557,""detectors_checked"":4587520}"
      1024,         0,         0,   0.048,standalone_exact_mw,503ee55b5ad1b1988379a241a0405811522ee4d50b473755532ad1299cb121e2,"{""distance"":5,""physical_error_rate"":0.0005}","{""detection_events"":412,""detectors_checked"":229376}"
     20480,         0,         0,   0.573,standalone_exact_mw,503ee55b5ad1b1988379a241a0405811522ee4d50b473755532ad1299cb121e2,"{""distance"":5,""physical_error_rate"":0.0005}","{""detection_events"":9553,""detectors_checked"":4587520}"
      2048,         0,         0,   0.080,standalone_exact_mw,503ee55b5ad1b1988379a241a0405811522ee4d50b473755532ad1299cb121e2,"{""distance"":5,""physical_error_rate"":0.0005}","{""detection_events"":1078,""detectors_checked"":458752}"
     16384,         0,         0,   0.590,standalone_exact_mw,503ee55b5ad1b1988379a241a0405811522ee4d50b473755532ad1299cb121e2,"{""distance"":5,""physical_error_rate"":0.0005}","{""detection_events"":7574,""detectors_checked"":3670016}"
      2048,         0,         0,   0.061,standalone_exact_mw,503ee55b5ad1b1988379a241a0405811522ee4d50b473755532ad1299cb121e2,"{""distance"":5,""physical_error_rate"":0.0005}","{""detection_events"":952,""detectors_checked"":458752}"
     46080,         0,         0,    1.58,standalone_exact_mw,503ee55b5ad1b1988379a241a0405811522ee4d50b473755532ad1299cb121e2,"{""distance"":5,""physical_error_rate"":0.0005}","{""detection_events"":21297,""detectors_checked"":10321920}"
      3072,         0,         0,   0.164,standalone_exact_mw,503ee55b5ad1b1988379a241a0405811522ee4d50b473755532ad1299cb121e2,"{""distance"":5,""physical_error_rate"":0.0005}","{""detection_events"":1464,""detectors_checked"":688128}"
     21504,         0,         0,    1.15,standalone_exact_mw,503ee55b5ad1b1988379a241a0405811522ee4d50b473755532ad1299cb121e2,"{""distance"":5,""physical_error_rate"":0.0005}","{""detection_events"":9921,""detectors_checked"":4816896}"
     20480,         0,         0,   0.810,standalone_exact_mw,503ee55b5ad1b1988379a241a0405811522ee4d50b473755532ad1299cb121e2,"{""distance"":5,""physical_error_rate"":0.0005}","{""detection_events"":9467,""detectors_checked"":4587520}"
     27648,         0,         0,    1.14,standalone_exact_mw,503ee55b5ad1b1988379a241a0405811522ee4d50b473755532ad1299cb121e2,"{""distance"":5,""physical_error_rate"":0.0005}","{""detection_events"":12730,""detectors_checked"":6193152}"
      2048,         0,         0,   0.078,standalone_exact_mw,503ee55b5ad1b1988379a241a0405811522ee4d50b473755532ad1299cb121e2,"{""distance"":5,""physical_error_rate"":0.0005}","{""detection_events"":878,""detectors_checked"":458752}"
       273,         0,         0,   0.019,standalone_exact_mw,503ee55b5ad1b1988379a241a0405811522ee4d50b473755532ad1299cb121e2,"{""distance"":5,""physical_error_rate"":0.0005}","{""detection_events"":143,""detectors_checked"":61152}"
     32768,         0,         0,    1.16,standalone_exact_mw,503ee55b5ad1b1988379a241a0405811522ee4d50b473755532ad1299cb121e2,"{""distance"":5,""physical_error_rate"":0.0005}","{""detection_events"":15595,""detectors_checked"":7340032}"
     19456,         0,         0,   0.808,standalone_exact_mw,503ee55b5ad1b1988379a241a0405811522ee4d50b473755532ad1299cb121e2,"{""distance"":5,""physical_error_rate"":0.0005}","{""detection_events"":9111,""detectors_checked"":4358144}"
       273,         0,         0,   0.026,standalone_exact_mw,503ee55b5ad1b1988379a241a0405811522ee4d50b473755532ad1299cb121e2,"{""distance"":5,""physical_error_rate"":0.0005}","{""detection_events"":116,""detectors_checked"":61152}"
      1024,         0,         0,   0.055,standalone_exact_mw,503ee55b5ad1b1988379a241a0405811522ee4d50b473755532ad1299cb121e2,"{""distance"":5,""physical_error_rate"":0.0005}","{""detection_events"":469,""detectors_checked"":229376}"
      3072,         0,         0,   0.109,standalone_exact_mw,503ee55b5ad1b1988379a241a0405811522ee4d50b473755532ad1299cb121e2,"{""distance"":5,""physical_error_rate"":0.0005}","{""detection_events"":1421,""detectors_checked"":688128}"
      1024,         0,         0,   0.040,standalone_exact_mw,503ee55b5ad1b1988379a241a0405811522ee4d50b473755532ad1299cb121e2,"{""distance"":5,""physical_error_rate"":0.0005}","{""detection_events"":470,""detectors_checked"":229376}"
      1024,         0,         0,   0.055,standalone_exact_mw,503ee55b5ad1b1988379a241a0405811522ee4d50b473755532ad1299cb121e2,"{""distance"":5,""physical_error_rate"":0.0005}","{""detection_events"":530,""detectors_checked"":229376}"
      1024,         0,         0,   0.055,standalone_exact_mw,503ee55b5ad1b1988379a241a0405811522ee4d50b473755532ad1299cb121e2,"{""distance"":5,""physical_error_rate"":0.0005}","{""detection_events"":507,""detectors_checked"":229376}"
      5120,         0,         0,   0.253,standalone_exact_mw,503ee55b5ad1b1988379a241a0405811522ee4d50b473755532ad1299cb121e2,"{""distance"":5,""physical_error_rate"":0.0005}","{""detection_events"":2379,""detectors_checked"":1146880}"
     22528,         0,         0,    1.13,standalone_exact_mw,503ee55b5ad1b1988379a241a0405811522ee4d50b473755532ad1299cb121e2,"{""distance"":5,""physical_error_rate"":0.0005}","{""detection_events"":10278,""detectors_checked"":5046272}"
     27648,         0,         0,    1.13,standalone_exact_mw,503ee55b5ad1b1988379a241a0405811522ee4d50b473755532ad1299cb121e2,"{""distance"":5,""physical_error_rate"":0.0005}","{""detection_events"":13032,""detectors_checked"":6193152}"
     32768,         0,         0,    1.59,standalone_exact_mw,503ee55b5ad1b1988379a241a0405811522ee4d50b473755532ad1299cb121e2,"{""distance"":5,""physical_error_rate"":0.0005}","{""detection_events"":15004,""detectors_checked"":7340032}"
      1024,         0,         0,   0.055,standalone_exact_mw,503ee55b5ad1b1988379a241a0405811522ee4d50b473755532ad1299cb121e2,"{""distance"":5,""physical_error_rate"":0.0005}","{""detection_events"":516,""detectors_checked"":229376}"
      1024,         0,         0,   0.055,standalone_exact_mw,503ee55b5ad1b1988379a241a0405811522ee4d50b473755532ad1299cb121e2,"{""distance"":5,""physical_error_rate"":0.0005}","{""detection_events"":482,""detectors_checked"":229376}"
      1024,         0,         0,   0.055,standalone_exact_mw,503ee55b5ad1b1988379a241a0405811522ee4d50b473755532ad1299cb121e2,"{""distance"":5,""physical_error_rate"":0.0005}","{""detection_events"":519,""detectors_checked"":229376}"
      5120,         0,         0,   0.170,standalone_exact_mw,503ee55b5ad1b1988379a241a0405811522ee4d50b473755532ad1299cb121e2,"{""distance"":5,""physical_error_rate"":0.0005}","{""detection_events"":2299,""detectors_checked"":1146880}"
      1024,         0,         0,   0.055,standalone_exact_mw,503ee55b5ad1b1988379a241a0405811522ee4d50b473755532ad1299cb121e2,"{""distance"":5,""physical_error_rate"":0.0005}","{""detection_events"":534,""detectors_checked"":229376}"
     24576,         0,         0,   0.797,standalone_exact_mw,503ee55b5ad1b1988379a241a0405811522ee4d50b473755532ad1299cb121e2,"{""distance"":5,""physical_error_rate"":0.0005}","{""detection_events"":11256,""detectors_checked"":5505024}"
    705536,         1,         0,    22.9,standalone_exact_mw,503ee55b5ad1b1988379a241a0405811522ee4d50b473755532ad1299cb121e2,"{""distance"":5,""physical_error_rate"":0.0005}","{""detection_events"":327287,""detectors_checked"":158040064,""obs_mistake_mask=E"":1}"
      2048,         0,         0,   0.102,standalone_exact_mw,503ee55b5ad1b1988379a241a0405811522ee4d50b473755532ad1299cb121e2,"{""distance"":5,""physical_error_rate"":0.0005}","{""detection_events"":894,""detectors_checked"":458752}"
      2048,         0,         0,   0.085,standalone_exact_mw,503ee55b5ad1b1988379a241a0405811522ee4d50b473755532ad1299cb121e2,"{""distance"":5,""physical_error_rate"":0.0005}","{""detection_events"":968,""detectors_checked"":458752}"
         1,         0,         0,   0.000,standalone_exact_mw,503ee55b5ad1b1988379a241a0405811522ee4d50b473755532ad1299cb121e2,"{""distance"":5,""physical_error_rate"":0.0005}","{""detectors_checked"":224}"
     31744,         0,         0,    1.61,standalone_exact_mw,503ee55b5ad1b1988379a241a0405811522ee4d50b473755532ad1299cb121e2,"{""distance"":5,""physical_error_rate"":0.0005}","{""detection_events"":15206,""detectors_checked"":7110656}"
     15360,         0,         0,   0.843,standalone_exact_mw,503ee55b5ad1b1988379a241a0405811522ee4d50b473755532ad1299cb121e2,"{""distance"":5,""physical_error_rate"":0.0005}","{""detection_events"":7340,""detectors_checked"":3440640}"
      2048,         0,         0,   0.088,standalone_exact_mw,503ee55b5ad1b1988379a241a0405811522ee4d50b473755532ad1299cb121e2,"{""distance"":5,""physical_error_rate"":0.0005}","{""detection_events"":936,""detectors_checked"":458752}"
      1296,         0,         0,   0.061,standalone_exact_mw,503ee55b5ad1b1988379a241a0405811522ee4d50b473755532ad1299cb121e2,"{""distance"":5,""physical_error_rate"":0.0005}","{""detection_events"":523,""detectors_checked"":290304}"
     11264,         0,         0,   0.303,standalone_exact_mw,503ee55b5ad1b1988379a241a0405811522ee4d50b473755532ad1299cb121e2,"{""distance"":5,""physical_error_rate"":0.0005}","{""detection_events"":5336,""detectors_checked"":2523136}"
      2048,         0,         0,   0.088,standalone_exact_mw,503ee55b5ad1b1988379a241a0405811522ee4d50b473755532ad1299cb121e2,"{""distance"":5,""physical_error_rate"":0.0005}","{""detection_events"":861,""detectors_checked"":458752}"
      1024,         0,         0,   0.056,standalone_exact_mw,503ee55b5ad1b1988379a241a0405811522ee4d50b473755532ad1299cb121e2,"{""distance"":5,""physical_error_rate"":0.0005}","{""detection_events"":557,""detectors_checked"":229376}"
      6144,         0,         0,   0.228,standalone_exact_mw,503ee55b5ad1b1988379a241a0405811522ee4d50b473755532ad1299cb121e2,"{""distance"":5,""physical_error_rate"":0.0005}","{""detection_events"":2877,""detectors_checked"":1376256}"
     78848,         0,         0,    1.56,standalone_exact_mw,503ee55b5ad1b1988379a241a0405811522ee4d50b473755532ad1299cb121e2,"{""distance"":5,""physical_error_rate"":0.0005}","{""detection_events"":36552,""detectors_checked"":17661952}"
      2048,         0,         0,   0.109,standalone_exact_mw,503ee55b5ad1b1988379a241a0405811522ee4d50b473755532ad1299cb121e2,"{""distance"":5,""physical_error_rate"":0.0005}","{""detection_events"":909,""detectors_checked"":458752}"
      1024,         0,         0,   0.055,standalone_exact_mw,503ee55b5ad1b1988379a241a0405811522ee4d50b473755532ad1299cb121e2,"{""distance"":5,""physical_error_rate"":0.0005}","{""detection_events"":514,""detectors_checked"":229376}"
       273,         0,         0,   0.004,standalone_exact_mw,503ee55b5ad1b1988379a241a0405811522ee4d50b473755532ad1299cb121e2,"{""distance"":5,""physical_error_rate"":0.0005}","{""detection_events"":103,""detectors_checked"":61152}"
     18432,         0,         0,   0.791,standalone_exact_mw,503ee55b5ad1b1988379a241a0405811522ee4d50b473755532ad1299cb121e2,"{""distance"":5,""physical_error_rate"":0.0005}","{""detection_events"":8873,""detectors_checked"":4128768}"
      1024,         0,         0,   0.035,standalone_exact_mw,503ee55b5ad1b1988379a241a0405811522ee4d50b473755532ad1299cb121e2,"{""distance"":5,""physical_error_rate"":0.0005}","{""detection_events"":579,""detectors_checked"":229376}"
      3072,         0,         0,   0.127,standalone_exact_mw,503ee55b5ad1b1988379a241a0405811522ee4d50b473755532ad1299cb121e2,"{""distance"":5,""physical_error_rate"":0.0005}","{""detection_events"":1317,""detectors_checked"":688128}"
      1024,         0,         0,   0.026,standalone_exact_mw,503ee55b5ad1b1988379a241a0405811522ee4d50b473755532ad1299cb121e2,"{""distance"":5,""physical_error_rate"":0.0005}","{""detection_events"":462,""detectors_checked"":229376}"
     43008,         0,         0,    1.58,standalone_exact_mw,503ee55b5ad1b1988379a241a0405811522ee4d50b473755532ad1299cb121e2,"{""distance"":5,""physical_error_rate"":0.0005}","{""detection_events"":19644,""detectors_checked"":9633792}"
      1024,         0,         0,   0.054,standalone_exact_mw,503ee55b5ad1b1988379a241a0405811522ee4d50b473755532ad1299cb121e2,"{""distance"":5,""physical_error_rate"":0.0005}","{""detection_events"":407,""detectors_checked"":229376}"
      1024,         0,         0,   0.046,standalone_exact_mw,503ee55b5ad1b1988379a241a0405811522ee4d50b473755532ad1299cb121e2,"{""distance"":5,""physical_error_rate"":0.0005}","{""detection_events"":470,""detectors_checked"":229376}"
     21504,         0,         0,   0.806,standalone_exact_mw,503ee55b5ad1b1988379a241a0405811522ee4d50b473755532ad1299cb121e2,"{""distance"":5,""physical_error_rate"":0.0005}","{""detection_events"":10154,""detectors_checked"":4816896}"
      1024,         0,         0,   0.027,standalone_exact_mw,503ee55b5ad1b1988379a241a0405811522ee4d50b473755532ad1299cb121e2,"{""distance"":5,""physical_error_rate"":0.0005}","{""detection_events"":493,""detectors_checked"":229376}"
      4096,         0,         0,   0.163,standalone_exact_mw,503ee55b5ad1b1988379a241a0405811522ee4d50b473755532ad1299cb121e2,"{""distance"":5,""physical_error_rate"":0.0005}","{""detection_events"":1867,""detectors_checked"":917504}"
      1024,         0,         0,   0.034,standalone_exact_mw,503ee55b5ad1b1988379a241a0405811522ee4d50b473755532ad1299cb121e2,"{""distance"":5,""physical_error_rate"":0.0005}","{""detection_events"":534,""detectors_checked"":229376}"
      3072,         0,         0,   0.150,standalone_exact_mw,503ee55b5ad1b1988379a241a0405811522ee4d50b473755532ad1299cb121e2,"{""distance"":5,""physical_error_rate"":0.0005}","{""detection_events"":1348,""detectors_checked"":688128}"
      2048,         0,         0,   0.109,standalone_exact_mw,503ee55b5ad1b1988379a241a0405811522ee4d50b473755532ad1299cb121e2,"{""distance"":5,""physical_error_rate"":0.0005}","{""detection_events"":902,""detectors_checked"":458752}"
      1024,         0,         0,   0.054,standalone_exact_mw,503ee55b5ad1b1988379a241a0405811522ee4d50b473755532ad1299cb121e2,"{""distance"":5,""physical_error_rate"":0.0005}","{""detection_events"":405,""detectors_checked"":229376}"
      8192,         0,         0,   0.314,standalone_exact_mw,503ee55b5ad1b1988379a241a0405811522ee4d50b473755532ad1299cb121e2,"{""distance"":5,""physical_error_rate"":0.0005}","{""detection_events"":3835,""detectors_checked"":1835008}"
      2048,         0,         0,   0.110,standalone_exact_mw,503ee55b5ad1b1988379a241a0405811522ee4d50b473755532ad1299cb121e2,"{""distance"":5,""physical_error_rate"":0.0005}","{""detection_events"":1010,""detectors_checked"":458752}"
     17408,         0,         0,   0.405,standalone_exact_mw,503ee55b5ad1b1988379a241a0405811522ee4d50b473755532ad1299cb121e2,"{""distance"":5,""physical_error_rate"":0.0005}","{""detection_events"":7705,""detectors_checked"":3899392}"
      2048,         0,         0,   0.101,standalone_exact_mw,503ee55b5ad1b1988379a241a0405811522ee4d50b473755532ad1299cb121e2,"{""distance"":5,""physical_error_rate"":0.0005}","{""detection_events"":907,""detectors_checked"":458752}"
     21504,         0,         0,    1.16,standalone_exact_mw,503ee55b5ad1b1988379a241a0405811522ee4d50b473755532ad1299cb121e2,"{""distance"":5,""physical_error_rate"":0.0005}","{""detection_events"":10045,""detectors_checked"":4816896}"
      6144,         0,         0,   0.221,standalone_exact_mw,503ee55b5ad1b1988379a241a0405811522ee4d50b473755532ad1299cb121e2,"{""distance"":5,""physical_error_rate"":0.0005}","{""detection_events"":3000,""detectors_checked"":1376256}"
      5120,         0,         0,   0.222,standalone_exact_mw,503ee55b5ad1b1988379a241a0405811522ee4d50b473755532ad1299cb121e2,"{""distance"":5,""physical_error_rate"":0.0005}","{""detection_events"":2501,""detectors_checked"":1146880}"
      3072,         0,         0,   0.111,standalone_exact_mw,503ee55b5ad1b1988379a241a0405811522ee4d50b473755532ad1299cb121e2,"{""distance"":5,""physical_error_rate"":0.0005}","{""detection_events"":1501,""detectors_checked"":688128}"
      4096,         0,         0,   0.198,standalone_exact_mw,503ee55b5ad1b1988379a241a0405811522ee4d50b473755532ad1299cb121e2,"{""distance"":5,""physical_error_rate"":0.0005}","{""detection_events"":1886,""detectors_checked"":917504}"
     27648,         0,         0,    1.13,standalone_exact_mw,503ee55b5ad1b1988379a241a0405811522ee4d50b473755532ad1299cb121e2,"{""distance"":5,""physical_error_rate"":0.0005}","{""detection_events"":12387,""detectors_checked"":6193152}"
     39936,         0,         0,    1.52,standalone_exact_mw,503ee55b5ad1b1988379a241a0405811522ee4d50b473755532ad1299cb121e2,"{""distance"":5,""physical_error_rate"":0.0005}","{""detection_events"":18747,""detectors_checked"":8945664}"
     20480,         0,         0,    1.11,standalone_exact_mw,503ee55b5ad1b1988379a241a0405811522ee4d50b473755532ad1299cb121e2,"{""distance"":5,""physical_error_rate"":0.0005}","{""detection_events"":9465,""detectors_checked"":4587520}"
      4096,         0,         0,   0.163,standalone_exact_mw,503ee55b5ad1b1988379a241a0405811522ee4d50b473755532ad1299cb121e2,"{""distance"":5,""physical_error_rate"":0.0005}","{""detection_events"":1937,""detectors_checked"":917504}"
      9216,         0,         0,   0.417,standalone_exact_mw,503ee55b5ad1b1988379a241a0405811522ee4d50b473755532ad1299cb121e2,"{""distance"":5,""physical_error_rate"":0.0005}","{""detection_events"":4164,""detectors_checked"":2064384}"
      8192,         0,         0,   0.321,standalone_exact_mw,503ee55b5ad1b1988379a241a0405811522ee4d50b473755532ad1299cb121e2,"{""distance"":5,""physical_error_rate"":0.0005}","{""detection_events"":3921,""detectors_checked"":1835008}"
     33792,         0,         0,    1.56,standalone_exact_mw,503ee55b5ad1b1988379a241a0405811522ee4d50b473755532ad1299cb121e2,"{""distance"":5,""physical_error_rate"":0.0005}","{""detection_events"":15706,""detectors_checked"":7569408}"
      8192,         0,         0,   0.315,standalone_exact_mw,503ee55b5ad1b1988379a241a0405811522ee4d50b473755532ad1299cb121e2,"{""distance"":5,""physical_error_rate"":0.0005}","{""detection_events"":3915,""detectors_checked"":1835008}"
      5120,         0,         0,   0.247,standalone_exact_mw,503ee55b5ad1b1988379a241a0405811522ee4d50b473755532ad1299cb121e2,"{""distance"":5,""physical_error_rate"":0.0005}","{""detection_events"":2339,""detectors_checked"":1146880}"
      6144,         0,         0,   0.192,standalone_exact_mw,503ee55b5ad1b1988379a241a0405811522ee4d50b473755532ad1299cb121e2,"{""distance"":5,""physical_error_rate"":0.0005}","{""detection_events"":2712,""detectors_checked"":1376256}"
     37888,         0,         0,    1.15,standalone_exact_mw,503ee55b5ad1b1988379a241a0405811522ee4d50b473755532ad1299cb121e2,"{""distance"":5,""physical_error_rate"":0.0005}","{""detection_events"":17287,""detectors_checked"":8486912}"
     12288,         0,         0,   0.574,standalone_exact_mw,503ee55b5ad1b1988379a241a0405811522ee4d50b473755532ad1299cb121e2,"{""distance"":5,""physical_error_rate"":0.0005}","{""detection_events"":5665,""detectors_checked"":2752512}"
     28672,         0,         0,    1.54,standalone_exact_mw,503ee55b5ad1b1988379a241a0405811522ee4d50b473755532ad1299cb121e2,"{""distance"":5,""physical_error_rate"":0.0005}","{""detection_events"":13569,""detectors_checked"":6422528}"
     21504,         0,         0,    1.11,standalone_exact_mw,503ee55b5ad1b1988379a241a0405811522ee4d50b473755532ad1299cb121e2,"{""distance"":5,""physical_error_rate"":0.0005}","{""detection_events"":10347,""detectors_checked"":4816896}"
     34816,         0,         0,    1.60,standalone_exact_mw,503ee55b5ad1b1988379a241a0405811522ee4d50b473755532ad1299cb121e2,"{""distance"":5,""physical_error_rate"":0.0005}","{""detection_events"":16400,""detectors_checked"":7798784}"
     36864,         0,         0,    1.58,standalone_exact_mw,503ee55b5ad1b1988379a241a0405811522ee4d50b473755532ad1299cb121e2,"{""distance"":5,""physical_error_rate"":0.0005}","{""detection_events"":16654,""detectors_checked"":8257536}"
      6144,         0,         0,   0.307,standalone_exact_mw,503ee55b5ad1b1988379a241a0405811522ee4d50b473755532ad1299cb121e2,"{""distance"":5,""physical_error_rate"":0.0005}","{""detection_events"":2788,""detectors_checked"":1376256}"
     11264,         0,         0,   0.410,standalone_exact_mw,503ee55b5ad1b1988379a241a0405811522ee4d50b473755532ad1299cb121e2,"{""distance"":5,""physical_error_rate"":0.0005}","{""detection_events"":5387,""detectors_checked"":2523136}"
     11264,         0,         0,   0.431,standalone_exact_mw,503ee55b5ad1b1988379a241a0405811522ee4d50b473755532ad1299cb121e2,"{""distance"":5,""physical_error_rate"":0.0005}","{""detection_events"":5276,""detectors_checked"":2523136}"
     24576,         0,         0,    1.13,standalone_exact_mw,503ee55b5ad1b1988379a241a0405811522ee4d50b473755532ad1299cb121e2,"{""distance"":5,""physical_error_rate"":0.0005}","{""detection_events"":11178,""detectors_checked"":5505024}"
      8192,         0,         0,   0.320,standalone_exact_mw,503ee55b5ad1b1988379a241a0405811522ee4d50b473755532ad1299cb121e2,"{""distance"":5,""physical_error_rate"":0.0005}","{""detection_events"":4018,""detectors_checked"":1835008}"
     36864,         0,         0,    1.59,standalone_exact_mw,503ee55b5ad1b1988379a241a0405811522ee4d50b473755532ad1299cb121e2,"{""distance"":5,""physical_error_rate"":0.0005}","{""detection_events"":17070,""detectors_checked"":8257536}"
     32768,         0,         0,    1.59,standalone_exact_mw,503ee55b5ad1b1988379a241a0405811522ee4d50b473755532ad1299cb121e2,"{""distance"":5,""physical_error_rate"":0.0005}","{""detection_events"":15112,""detectors_checked"":7340032}"
     28672,         0,         0,    1.11,standalone_exact_mw,503ee55b5ad1b1988379a241a0405811522ee4d50b473755532ad1299cb121e2,"{""distance"":5,""physical_error_rate"":0.0005}","{""detection_events"":13576,""detectors_checked"":6422528}"
     12288,         0,         0,   0.599,standalone_exact_mw,503ee55b5ad1b1988379a241a0405811522ee4d50b473755532ad1299cb121e2,"{""distance"":5,""physical_error_rate"":0.0005}","{""detection_events"":5759,""detectors_checked"":2752512}"
      8192,         0,         0,   0.419,standalone_exact_mw,503ee55b5ad1b1988379a241a0405811522ee4d50b473755532ad1299cb121e2,"{""distance"":5,""physical_error_rate"":0.0005}","{""detection_events"":3679,""detectors_checked"":1835008}"
     62464,         0,         0,    2.19,standalone_exact_mw,503ee55b5ad1b1988379a241a0405811522ee4d50b473755532ad1299cb121e2,"{""distance"":5,""physical_error_rate"":0.0005}","{""detection_events"":29064,""detectors_checked"":13991936}"
     11264,         0,         0,   0.411,standalone_exact_mw,503ee55b5ad1b1988379a241a0405811522ee4d50b473755532ad1299cb121e2,"{""distance"":5,""physical_error_rate"":0.0005}","{""detection_events"":5387,""detectors_checked"":2523136}"
     15360,         0,         0,   0.552,standalone_exact_mw,503ee55b5ad1b1988379a241a0405811522ee4d50b473755532ad1299cb121e2,"{""distance"":5,""physical_error_rate"":0.0005}","{""detection_events"":7411,""detectors_checked"":3440640}"
     20480,         0,         0,   0.844,standalone_exact_mw,503ee55b5ad1b1988379a241a0405811522ee4d50b473755532ad1299cb121e2,"{""distance"":5,""physical_error_rate"":0.0005}","{""detection_events"":9337,""detectors_checked"":4587520}"
     16384,         1,         0,   0.592,standalone_exact_mw,503ee55b5ad1b1988379a241a0405811522ee4d50b473755532ad1299cb121e2,"{""distance"":5,""physical_error_rate"":0.0005}","{""detection_events"":7608,""detectors_checked"":3670016,""obs_mistake_mask=E"":1}"
     45056,         0,         0,    2.22,standalone_exact_mw,503ee55b5ad1b1988379a241a0405811522ee4d50b473755532ad1299cb121e2,"{""distance"":5,""physical_error_rate"":0.0005}","{""detection_events"":20967,""detectors_checked"":10092544}"
     48128,         1,         0,    1.57,standalone_exact_mw,503ee55b5ad1b1988379a241a0405811522ee4d50b473755532ad1299cb121e2,"{""distance"":5,""physical_error_rate"":0.0005}","{""detection_events"":22656,""detectors_checked"":10780672,""obs_mistake_mask=E"":1}"
     47104,         0,         0,    2.19,standalone_exact_mw,503ee55b5ad1b1988379a241a0405811522ee4d50b473755532ad1299cb121e2,"{""distance"":5,""physical_error_rate"":0.0005}","{""detection_events"":21742,""detectors_checked"":10551296}"
     12288,         0,         0,   0.617,standalone_exact_mw,503ee55b5ad1b1988379a241a0405811522ee4d50b473755532ad1299cb121e2,"{""distance"":5,""physical_error_rate"":0.0005}","{""detection_events"":5514,""detectors_checked"":2752512}"
     32768,         0,         0,    1.60,standalone_exact_mw,503ee55b5ad1b1988379a241a0405811522ee4d50b473755532ad1299cb121e2,"{""distance"":5,""physical_error_rate"":0.0005}","{""detection_events"":14937,""detectors_checked"":7340032}"
     16384,         0,         0,   0.811,standalone_exact_mw,503ee55b5ad1b1988379a241a0405811522ee4d50b473755532ad1299cb121e2,"{""distance"":5,""physical_error_rate"":0.0005}","{""detection_events"":7768,""detectors_checked"":3670016}"
     58368,         0,         0,    2.16,standalone_exact_mw,503ee55b5ad1b1988379a241a0405811522ee4d50b473755532ad1299cb121e2,"{""distance"":5,""physical_error_rate"":0.0005}","{""detection_events"":26790,""detectors_checked"":13074432}"
     15360,         0,         0,   0.590,standalone_exact_mw,503ee55b5ad1b1988379a241a0405811522ee4d50b473755532ad1299cb121e2,"{""distance"":5,""physical_error_rate"":0.0005}","{""detection_events"":7207,""detectors_checked"":3440640}"
     28672,         0,         0,    1.54,standalone_exact_mw,503ee55b5ad1b1988379a241a0405811522ee4d50b473755532ad1299cb121e2,"{""distance"":5,""physical_error_rate"":0.0005}","{""detection_events"":13093,""detectors_checked"":6422528}"
     67584,         0,         0,    3.05,standalone_exact_mw,503ee55b5ad1b1988379a241a0405811522ee4d50b473755532ad1299cb121e2,"{""distance"":5,""physical_error_rate"":0.0005}","{""detection_events"":31762,""detectors_checked"":15138816}"
     62464,         0,         0,    2.19,standalone_exact_mw,503ee55b5ad1b1988379a241a0405811522ee4d50b473755532ad1299cb121e2,"{""distance"":5,""physical_error_rate"":0.0005}","{""detection_events"":28775,""detectors_checked"":13991936}"
     32768,         0,         0,    1.60,standalone_exact_mw,503ee55b5ad1b1988379a241a0405811522ee4d50b473755532ad1299cb121e2,"{""distance"":5,""physical_error_rate"":0.0005}","{""detection_events"":15157,""detectors_checked"":7340032}"
     21504,         1,         0,   0.822,standalone_exact_mw,503ee55b5ad1b1988379a241a0405811522ee4d50b473755532ad1299cb121e2,"{""distance"":5,""physical_error_rate"":0.0005}","{""detection_events"":10110,""detectors_checked"":4816896,""obs_mistake_mask=E"":1}"
     32768,         0,         0,    1.58,standalone_exact_mw,503ee55b5ad1b1988379a241a0405811522ee4d50b473755532ad1299cb121e2,"{""distance"":5,""physical_error_rate"":0.0005}","{""detection_events"":14963,""detectors_checked"":7340032}"
     21504,         0,         0,   0.836,standalone_exact_mw,503ee55b5ad1b1988379a241a0405811522ee4d50b473755532ad1299cb121e2,"{""distance"":5,""physical_error_rate"":0.0005}","{""detection_events"":9731,""detectors_checked"":4816896}"
     32768,         0,         0,    1.56,standalone_exact_mw,503ee55b5ad1b1988379a241a0405811522ee4d50b473755532ad1299cb121e2,"{""distance"":5,""physical_error_rate"":0.0005}","{""detection_events"":15053,""detectors_checked"":7340032}"
     43008,         0,         0,    1.59,standalone_exact_mw,503ee55b5ad1b1988379a241a0405811522ee4d50b473755532ad1299cb121e2,"{""distance"":5,""physical_error_rate"":0.0005}","{""detection_events"":19960,""detectors_checked"":9633792}"
     44032,         0,         0,    2.18,standalone_exact_mw,503ee55b5ad1b1988379a241a0405811522ee4d50b473755532ad1299cb121e2,"{""distance"":5,""physical_error_rate"":0.0005}","{""detection_events"":20318,""detectors_checked"":9863168}"
     19456,         0,         0,    1.13,standalone_exact_mw,503ee55b5ad1b1988379a241a0405811522ee4d50b473755532ad1299cb121e2,"{""distance"":5,""physical_error_rate"":0.0005}","{""detection_events"":9039,""detectors_checked"":4358144}"
     45056,         0,         0,    2.23,standalone_exact_mw,503ee55b5ad1b1988379a241a0405811522ee4d50b473755532ad1299cb121e2,"{""distance"":5,""physical_error_rate"":0.0005}","{""detection_events"":21129,""detectors_checked"":10092544}"
     16384,         0,         0,   0.843,standalone_exact_mw,503ee55b5ad1b1988379a241a0405811522ee4d50b473755532ad1299cb121e2,"{""distance"":5,""physical_error_rate"":0.0005}","{""detection_events"":7870,""detectors_checked"":3670016}"
     21504,         0,         0,   0.804,standalone_exact_mw,503ee55b5ad1b1988379a241a0405811522ee4d50b473755532ad1299cb121e2,"{""distance"":5,""physical_error_rate"":0.0005}","{""detection_events"":10003,""detectors_checked"":4816896}"
     52224,         0,         0,    2.18,standalone_exact_mw,503ee55b5ad1b1988379a241a0405811522ee4d50b473755532ad1299cb121e2,"{""distance"":5,""physical_error_rate"":0.0005}","{""detection_events"":24368,""detectors_checked"":11698176}"
     44032,         0,         0,    2.18,standalone_exact_mw,503ee55b5ad1b1988379a241a0405811522ee4d50b473755532ad1299cb121e2,"{""distance"":5,""physical_error_rate"":0.0005}","{""detection_events"":20452,""detectors_checked"":9863168}"
     49152,         0,         0,    2.18,standalone_exact_mw,503ee55b5ad1b1988379a241a0405811522ee4d50b473755532ad1299cb121e2,"{""distance"":5,""physical_error_rate"":0.0005}","{""detection_events"":22811,""detectors_checked"":11010048}"
     23552,         0,         0,    1.15,standalone_exact_mw,503ee55b5ad1b1988379a241a0405811522ee4d50b473755532ad1299cb121e2,"{""distance"":5,""physical_error_rate"":0.0005}","{""detection_events"":11133,""detectors_checked"":5275648}"
        17,         0,         0,   0.013,standalone_exact_mw,503ee55b5ad1b1988379a241a0405811522ee4d50b473755532ad1299cb121e2,"{""distance"":5,""physical_error_rate"":0.0005}","{""detection_events"":3,""detectors_checked"":3808}"
    146432,         0,         0,    4.29,standalone_exact_mw,503ee55b5ad1b1988379a241a0405811522ee4d50b473755532ad1299cb121e2,"{""distance"":5,""physical_error_rate"":0.0005}","{""detection_events"":67576,""detectors_checked"":32800768}"
      1280,         0,         0,   0.076,standalone_exact_mw,503ee55b5ad1b1988379a241a0405811522ee4d50b473755532ad1299cb121e2,"{""distance"":5,""physical_error_rate"":0.0005}","{""detection_events"":536,""detectors_checked"":286720}"
     45056,         0,         0,    2.18,standalone_exact_mw,503ee55b5ad1b1988379a241a0405811522ee4d50b473755532ad1299cb121e2,"{""distance"":5,""physical_error_rate"":0.0005}","{""detection_events"":21019,""detectors_checked"":10092544}"
     44032,         0,         0,    2.21,standalone_exact_mw,503ee55b5ad1b1988379a241a0405811522ee4d50b473755532ad1299cb121e2,"{""distance"":5,""physical_error_rate"":0.0005}","{""detection_events"":20312,""detectors_checked"":9863168}"
      1024,         0,         0,   0.053,standalone_exact_mw,503ee55b5ad1b1988379a241a0405811522ee4d50b473755532ad1299cb121e2,"{""distance"":5,""physical_error_rate"":0.0005}","{""detection_events"":487,""detectors_checked"":229376}"
       273,         0,         0,   0.019,standalone_exact_mw,503ee55b5ad1b1988379a241a0405811522ee4d50b473755532ad1299cb121e2,"{""distance"":5,""physical_error_rate"":0.0005}","{""detection_events"":113,""detectors_checked"":61152}"
      1024,         0,         0,   0.073,standalone_exact_mw,503ee55b5ad1b1988379a241a0405811522ee4d50b473755532ad1299cb121e2,"{""distance"":5,""physical_error_rate"":0.0005}","{""detection_events"":459,""detectors_checked"":229376}"
      1024,         0,         0,   0.056,standalone_exact_mw,503ee55b5ad1b1988379a241a0405811522ee4d50b473755532ad1299cb121e2,"{""distance"":5,""physical_error_rate"":0.0005}","{""detection_events"":464,""detectors_checked"":229376}"
      1024,         0,         0,   0.073,standalone_exact_mw,503ee55b5ad1b1988379a241a0405811522ee4d50b473755532ad1299cb121e2,"{""distance"":5,""physical_error_rate"":0.0005}","{""detection_events"":500,""detectors_checked"":229376}"
      1024,         0,         0,   0.055,standalone_exact_mw,503ee55b5ad1b1988379a241a0405811522ee4d50b473755532ad1299cb121e2,"{""distance"":5,""physical_error_rate"":0.0005}","{""detection_events"":517,""detectors_checked"":229376}"
      1024,         0,         0,   0.033,standalone_exact_mw,503ee55b5ad1b1988379a241a0405811522ee4d50b473755532ad1299cb121e2,"{""distance"":5,""physical_error_rate"":0.0005}","{""detection_events"":453,""detectors_checked"":229376}"
     30720,         0,         0,    1.14,standalone_exact_mw,503ee55b5ad1b1988379a241a0405811522ee4d50b473755532ad1299cb121e2,"{""distance"":5,""physical_error_rate"":0.0005}","{""detection_events"":14496,""detectors_checked"":6881280}"
      1024,         0,         0,   0.061,standalone_exact_mw,503ee55b5ad1b1988379a241a0405811522ee4d50b473755532ad1299cb121e2,"{""distance"":5,""physical_error_rate"":0.0005}","{""detection_events"":480,""detectors_checked"":229376}"
     30720,         0,         0,    1.12,standalone_exact_mw,503ee55b5ad1b1988379a241a0405811522ee4d50b473755532ad1299cb121e2,"{""distance"":5,""physical_error_rate"":0.0005}","{""detection_events"":14388,""detectors_checked"":6881280}"
      2048,         0,         0,   0.150,standalone_exact_mw,503ee55b5ad1b1988379a241a0405811522ee4d50b473755532ad1299cb121e2,"{""distance"":5,""physical_error_rate"":0.0005}","{""detection_events"":1073,""detectors_checked"":458752}"
      2048,         0,         0,   0.095,standalone_exact_mw,503ee55b5ad1b1988379a241a0405811522ee4d50b473755532ad1299cb121e2,"{""distance"":5,""physical_error_rate"":0.0005}","{""detection_events"":940,""detectors_checked"":458752}"
      2048,         0,         0,   0.127,standalone_exact_mw,503ee55b5ad1b1988379a241a0405811522ee4d50b473755532ad1299cb121e2,"{""distance"":5,""physical_error_rate"":0.0005}","{""detection_events"":995,""detectors_checked"":458752}"
      2048,         0,         0,   0.108,standalone_exact_mw,503ee55b5ad1b1988379a241a0405811522ee4d50b473755532ad1299cb121e2,"{""distance"":5,""physical_error_rate"":0.0005}","{""detection_events"":937,""detectors_checked"":458752}"
      2048,         0,         0,   0.147,standalone_exact_mw,503ee55b5ad1b1988379a241a0405811522ee4d50b473755532ad1299cb121e2,"{""distance"":5,""physical_error_rate"":0.0005}","{""detection_events"":1063,""detectors_checked"":458752}"
      3072,         0,         0,   0.143,standalone_exact_mw,503ee55b5ad1b1988379a241a0405811522ee4d50b473755532ad1299cb121e2,"{""distance"":5,""physical_error_rate"":0.0005}","{""detection_events"":1501,""detectors_checked"":688128}"
     22528,         0,         0,    1.12,standalone_exact_mw,503ee55b5ad1b1988379a241a0405811522ee4d50b473755532ad1299cb121e2,"{""distance"":5,""physical_error_rate"":0.0005}","{""detection_events"":10490,""detectors_checked"":5046272}"
     59392,         0,         0,    2.18,standalone_exact_mw,503ee55b5ad1b1988379a241a0405811522ee4d50b473755532ad1299cb121e2,"{""distance"":5,""physical_error_rate"":0.0005}","{""detection_events"":27786,""detectors_checked"":13303808}"
     30720,         0,         0,    1.15,standalone_exact_mw,503ee55b5ad1b1988379a241a0405811522ee4d50b473755532ad1299cb121e2,"{""distance"":5,""physical_error_rate"":0.0005}","{""detection_events"":14350,""detectors_checked"":6881280}"
      3072,         0,         0,   0.188,standalone_exact_mw,503ee55b5ad1b1988379a241a0405811522ee4d50b473755532ad1299cb121e2,"{""distance"":5,""physical_error_rate"":0.0005}","{""detection_events"":1327,""detectors_checked"":688128}"
      3072,         0,         0,   0.164,standalone_exact_mw,503ee55b5ad1b1988379a241a0405811522ee4d50b473755532ad1299cb121e2,"{""distance"":5,""physical_error_rate"":0.0005}","{""detection_events"":1397,""detectors_checked"":688128}"
     41984,         0,         0,    2.21,standalone_exact_mw,503ee55b5ad1b1988379a241a0405811522ee4d50b473755532ad1299cb121e2,"{""distance"":5,""physical_error_rate"":0.0005}","{""detection_events"":19978,""detectors_checked"":9404416}"
       273,         0,         0,   0.017,standalone_exact_mw,503ee55b5ad1b1988379a241a0405811522ee4d50b473755532ad1299cb121e2,"{""distance"":5,""physical_error_rate"":0.0005}","{""detection_events"":105,""detectors_checked"":61152}"
     49152,         0,         0,    2.19,standalone_exact_mw,503ee55b5ad1b1988379a241a0405811522ee4d50b473755532ad1299cb121e2,"{""distance"":5,""physical_error_rate"":0.0005}","{""detection_events"":22536,""detectors_checked"":11010048}"
      1024,         0,         0,   0.072,standalone_exact_mw,503ee55b5ad1b1988379a241a0405811522ee4d50b473755532ad1299cb121e2,"{""distance"":5,""physical_error_rate"":0.0005}","{""detection_events"":465,""detectors_checked"":229376}"
      1024,         0,         0,   0.052,standalone_exact_mw,503ee55b5ad1b1988379a241a0405811522ee4d50b473755532ad1299cb121e2,"{""distance"":5,""physical_error_rate"":0.0005}","{""detection_events"":432,""detectors_checked"":229376}"
     31744,         0,         0,    1.58,standalone_exact_mw,503ee55b5ad1b1988379a241a0405811522ee4d50b473755532ad1299cb121e2,"{""distance"":5,""physical_error_rate"":0.0005}","{""detection_events"":14967,""detectors_checked"":7110656}"
      4096,         0,         0,   0.269,standalone_exact_mw,503ee55b5ad1b1988379a241a0405811522ee4d50b473755532ad1299cb121e2,"{""distance"":5,""physical_error_rate"":0.0005}","{""detection_events"":1936,""detectors_checked"":917504}"
      5120,         0,         0,   0.251,standalone_exact_mw,503ee55b5ad1b1988379a241a0405811522ee4d50b473755532ad1299cb121e2,"{""distance"":5,""physical_error_rate"":0.0005}","{""detection_events"":2326,""detectors_checked"":1146880}"
      1024,         0,         0,   0.056,standalone_exact_mw,503ee55b5ad1b1988379a241a0405811522ee4d50b473755532ad1299cb121e2,"{""distance"":5,""physical_error_rate"":0.0005}","{""detection_events"":520,""detectors_checked"":229376}"
      1024,         0,         0,   0.072,standalone_exact_mw,503ee55b5ad1b1988379a241a0405811522ee4d50b473755532ad1299cb121e2,"{""distance"":5,""physical_error_rate"":0.0005}","{""detection_events"":427,""detectors_checked"":229376}"
     75776,         0,         0,    3.08,standalone_exact_mw,503ee55b5ad1b1988379a241a0405811522ee4d50b473755532ad1299cb121e2,"{""distance"":5,""physical_error_rate"":0.0005}","{""detection_events"":35493,""detectors_checked"":16973824}"
     44032,         0,         0,    2.20,standalone_exact_mw,503ee55b5ad1b1988379a241a0405811522ee4d50b473755532ad1299cb121e2,"{""distance"":5,""physical_error_rate"":0.0005}","{""detection_events"":20780,""detectors_checked"":9863168}"
      2048,         0,         0,   0.125,standalone_exact_mw,503ee55b5ad1b1988379a241a0405811522ee4d50b473755532ad1299cb121e2,"{""distance"":5,""physical_error_rate"":0.0005}","{""detection_events"":899,""detectors_checked"":458752}"
     52224,         0,         0,    2.19,standalone_exact_mw,503ee55b5ad1b1988379a241a0405811522ee4d50b473755532ad1299cb121e2,"{""distance"":5,""physical_error_rate"":0.0005}","{""detection_events"":24345,""detectors_checked"":11698176}"
      6144,         0,         0,   0.287,standalone_exact_mw,503ee55b5ad1b1988379a241a0405811522ee4d50b473755532ad1299cb121e2,"{""distance"":5,""physical_error_rate"":0.0005}","{""detection_events"":2868,""detectors_checked"":1376256}"
      5120,         0,         0,   0.302,standalone_exact_mw,503ee55b5ad1b1988379a241a0405811522ee4d50b473755532ad1299cb121e2,"{""distance"":5,""physical_error_rate"":0.0005}","{""detection_events"":2528,""detectors_checked"":1146880}"
      2048,         0,         0,   0.093,standalone_exact_mw,503ee55b5ad1b1988379a241a0405811522ee4d50b473755532ad1299cb121e2,"{""distance"":5,""physical_error_rate"":0.0005}","{""detection_events"":1040,""detectors_checked"":458752}"
     31744,         0,         0,    1.55,standalone_exact_mw,503ee55b5ad1b1988379a241a0405811522ee4d50b473755532ad1299cb121e2,"{""distance"":5,""physical_error_rate"":0.0005}","{""detection_events"":15003,""detectors_checked"":7110656}"
      2048,         0,         0,   0.088,standalone_exact_mw,503ee55b5ad1b1988379a241a0405811522ee4d50b473755532ad1299cb121e2,"{""distance"":5,""physical_error_rate"":0.0005}","{""detection_events"":938,""detectors_checked"":458752}"
     69632,         0,         0,    3.10,standalone_exact_mw,503ee55b5ad1b1988379a241a0405811522ee4d50b473755532ad1299cb121e2,"{""distance"":5,""physical_error_rate"":0.0005}","{""detection_events"":32149,""detectors_checked"":15597568}"
     48128,         0,         0,    2.16,standalone_exact_mw,503ee55b5ad1b1988379a241a0405811522ee4d50b473755532ad1299cb121e2,"{""distance"":5,""physical_error_rate"":0.0005}","{""detection_events"":22370,""detectors_checked"":10780672}"
     59392,         0,         0,    2.17,standalone_exact_mw,503ee55b5ad1b1988379a241a0405811522ee4d50b473755532ad1299cb121e2,"{""distance"":5,""physical_error_rate"":0.0005}","{""detection_events"":27839,""detectors_checked"":13303808}"
     59392,         0,         0,    3.07,standalone_exact_mw,503ee55b5ad1b1988379a241a0405811522ee4d50b473755532ad1299cb121e2,"{""distance"":5,""physical_error_rate"":0.0005}","{""detection_events"":27454,""detectors_checked"":13303808}"
      3072,         0,         0,   0.164,standalone_exact_mw,503ee55b5ad1b1988379a241a0405811522ee4d50b473755532ad1299cb121e2,"{""distance"":5,""physical_error_rate"":0.0005}","{""detection_events"":1356,""detectors_checked"":688128}"
      8192,         0,         0,   0.415,standalone_exact_mw,503ee55b5ad1b1988379a241a0405811522ee4d50b473755532ad1299cb121e2,"{""distance"":5,""physical_error_rate"":0.0005}","{""detection_events"":3780,""detectors_checked"":1835008}"
      8192,         0,         0,   0.418,standalone_exact_mw,503ee55b5ad1b1988379a241a0405811522ee4d50b473755532ad1299cb121e2,"{""distance"":5,""physical_error_rate"":0.0005}","{""detection_events"":3907,""detectors_checked"":1835008}"
     81920,         0,         0,    3.03,standalone_exact_mw,503ee55b5ad1b1988379a241a0405811522ee4d50b473755532ad1299cb121e2,"{""distance"":5,""physical_error_rate"":0.0005}","{""detection_events"":38230,""detectors_checked"":18350080}"
     43008,         0,         0,    1.59,standalone_exact_mw,503ee55b5ad1b1988379a241a0405811522ee4d50b473755532ad1299cb121e2,"{""distance"":5,""physical_error_rate"":0.0005}","{""detection_events"":19789,""detectors_checked"":9633792}"
     41984,         0,         0,    1.54,standalone_exact_mw,503ee55b5ad1b1988379a241a0405811522ee4d50b473755532ad1299cb121e2,"{""distance"":5,""physical_error_rate"":0.0005}","{""detection_events"":19807,""detectors_checked"":9404416}"
      4096,         0,         0,   0.242,standalone_exact_mw,503ee55b5ad1b1988379a241a0405811522ee4d50b473755532ad1299cb121e2,"{""distance"":5,""physical_error_rate"":0.0005}","{""detection_events"":2073,""detectors_checked"":917504}"
     98304,         0,         0,    3.08,standalone_exact_mw,503ee55b5ad1b1988379a241a0405811522ee4d50b473755532ad1299cb121e2,"{""distance"":5,""physical_error_rate"":0.0005}","{""detection_events"":45583,""detectors_checked"":22020096}"
         1,         0,         0,   0.001,standalone_exact_mw,503ee55b5ad1b1988379a241a0405811522ee4d50b473755532ad1299cb121e2,"{""distance"":5,""physical_error_rate"":0.0005}","{""detection_events"":2,""detectors_checked"":224}"
      1296,         0,         0,   0.059,standalone_exact_mw,503ee55b5ad1b1988379a241a0405811522ee4d50b473755532ad1299cb121e2,"{""distance"":5,""physical_error_rate"":0.0005}","{""detection_events"":605,""detectors_checked"":290304}"
      1024,         0,         0,   0.034,standalone_exact_mw,503ee55b5ad1b1988379a241a0405811522ee4d50b473755532ad1299cb121e2,"{""distance"":5,""physical_error_rate"":0.0005}","{""detection_events"":467,""detectors_checked"":229376}"
      1024,         0,         0,   0.033,standalone_exact_mw,503ee55b5ad1b1988379a241a0405811522ee4d50b473755532ad1299cb121e2,"{""distance"":5,""physical_error_rate"":0.0005}","{""detection_events"":469,""detectors_checked"":229376}"
      1024,         0,         0,   0.034,standalone_exact_mw,503ee55b5ad1b1988379a241a0405811522ee4d50b473755532ad1299cb121e2,"{""distance"":5,""physical_error_rate"":0.0005}","{""detection_events"":536,""detectors_checked"":229376}"
      5120,         0,         0,   0.297,standalone_exact_mw,503ee55b5ad1b1988379a241a0405811522ee4d50b473755532ad1299cb121e2,"{""distance"":5,""physical_error_rate"":0.0005}","{""detection_events"":2313,""detectors_checked"":1146880}"
      1024,         0,         0,   0.033,standalone_exact_mw,503ee55b5ad1b1988379a241a0405811522ee4d50b473755532ad1299cb121e2,"{""distance"":5,""physical_error_rate"":0.0005}","{""detection_events"":485,""detectors_checked"":229376}"
     31744,         0,         0,    1.59,standalone_exact_mw,503ee55b5ad1b1988379a241a0405811522ee4d50b473755532ad1299cb121e2,"{""distance"":5,""physical_error_rate"":0.0005}","{""detection_events"":14882,""detectors_checked"":7110656}"
     40960,         0,         0,    1.58,standalone_exact_mw,503ee55b5ad1b1988379a241a0405811522ee4d50b473755532ad1299cb121e2,"{""distance"":5,""physical_error_rate"":0.0005}","{""detection_events"":19335,""detectors_checked"":9175040}"
      2048,         0,         0,   0.110,standalone_exact_mw,503ee55b5ad1b1988379a241a0405811522ee4d50b473755532ad1299cb121e2,"{""distance"":5,""physical_error_rate"":0.0005}","{""detection_events"":1011,""detectors_checked"":458752}"
     11264,         0,         0,   0.563,standalone_exact_mw,503ee55b5ad1b1988379a241a0405811522ee4d50b473755532ad1299cb121e2,"{""distance"":5,""physical_error_rate"":0.0005}","{""detection_events"":5089,""detectors_checked"":2523136}"
     12288,         0,         0,   0.615,standalone_exact_mw,503ee55b5ad1b1988379a241a0405811522ee4d50b473755532ad1299cb121e2,"{""distance"":5,""physical_error_rate"":0.0005}","{""detection_events"":5879,""detectors_checked"":2752512}"
         1,         0,         0,   0.001,standalone_exact_mw,503ee55b5ad1b1988379a241a0405811522ee4d50b473755532ad1299cb121e2,"{""distance"":5,""physical_error_rate"":0.0005}","{""detection_events"":3,""detectors_checked"":224}"
     62464,         0,         0,    3.06,standalone_exact_mw,503ee55b5ad1b1988379a241a0405811522ee4d50b473755532ad1299cb121e2,"{""distance"":5,""physical_error_rate"":0.0005}","{""detection_events"":28688,""detectors_checked"":13991936}"
      3072,         0,         0,   0.139,standalone_exact_mw,503ee55b5ad1b1988379a241a0405811522ee4d50b473755532ad1299cb121e2,"{""distance"":5,""physical_error_rate"":0.0005}","{""detection_events"":1393,""detectors_checked"":688128}"
      1296,         0,         0,   0.066,standalone_exact_mw,503ee55b5ad1b1988379a241a0405811522ee4d50b473755532ad1299cb121e2,"{""distance"":5,""physical_error_rate"":0.0005}","{""detection_events"":547,""detectors_checked"":290304}"
      1024,         0,         0,   0.055,standalone_exact_mw,503ee55b5ad1b1988379a241a0405811522ee4d50b473755532ad1299cb121e2,"{""distance"":5,""physical_error_rate"":0.0005}","{""detection_events"":464,""detectors_checked"":229376}"
      1024,         0,         0,   0.034,standalone_exact_mw,503ee55b5ad1b1988379a241a0405811522ee4d50b473755532ad1299cb121e2,"{""distance"":5,""physical_error_rate"":0.0005}","{""detection_events"":507,""detectors_checked"":229376}"
     61440,         0,         0,    3.05,standalone_exact_mw,503ee55b5ad1b1988379a241a0405811522ee4d50b473755532ad1299cb121e2,"{""distance"":5,""physical_error_rate"":0.0005}","{""detection_events"":27596,""detectors_checked"":13762560}"
     12288,         0,         0,   0.398,standalone_exact_mw,503ee55b5ad1b1988379a241a0405811522ee4d50b473755532ad1299cb121e2,"{""distance"":5,""physical_error_rate"":0.0005}","{""detection_events"":6014,""detectors_checked"":2752512}"
      1024,         0,         0,   0.054,standalone_exact_mw,503ee55b5ad1b1988379a241a0405811522ee4d50b473755532ad1299cb121e2,"{""distance"":5,""physical_error_rate"":0.0005}","{""detection_events"":418,""detectors_checked"":229376}"
      4096,         0,         0,   0.202,standalone_exact_mw,503ee55b5ad1b1988379a241a0405811522ee4d50b473755532ad1299cb121e2,"{""distance"":5,""physical_error_rate"":0.0005}","{""detection_events"":1884,""detectors_checked"":917504}"
      2048,         0,         0,   0.092,standalone_exact_mw,503ee55b5ad1b1988379a241a0405811522ee4d50b473755532ad1299cb121e2,"{""distance"":5,""physical_error_rate"":0.0005}","{""detection_events"":992,""detectors_checked"":458752}"
     58368,         0,         0,    3.11,standalone_exact_mw,503ee55b5ad1b1988379a241a0405811522ee4d50b473755532ad1299cb121e2,"{""distance"":5,""physical_error_rate"":0.0005}","{""detection_events"":26491,""detectors_checked"":13074432}"
     61440,         0,         0,    3.09,standalone_exact_mw,503ee55b5ad1b1988379a241a0405811522ee4d50b473755532ad1299cb121e2,"{""distance"":5,""physical_error_rate"":0.0005}","{""detection_events"":28844,""detectors_checked"":13762560}"
      2048,         0,         0,   0.082,standalone_exact_mw,503ee55b5ad1b1988379a241a0405811522ee4d50b473755532ad1299cb121e2,"{""distance"":5,""physical_error_rate"":0.0005}","{""detection_events"":968,""detectors_checked"":458752}"
     90112,         0,         0,    3.05,standalone_exact_mw,503ee55b5ad1b1988379a241a0405811522ee4d50b473755532ad1299cb121e2,"{""distance"":5,""physical_error_rate"":0.0005}","{""detection_events"":41902,""detectors_checked"":20185088}"
      5120,         0,         0,   0.241,standalone_exact_mw,503ee55b5ad1b1988379a241a0405811522ee4d50b473755532ad1299cb121e2,"{""distance"":5,""physical_error_rate"":0.0005}","{""detection_events"":2365,""detectors_checked"":1146880}"
      2048,         0,         0,   0.113,standalone_exact_mw,503ee55b5ad1b1988379a241a0405811522ee4d50b473755532ad1299cb121e2,"{""distance"":5,""physical_error_rate"":0.0005}","{""detection_events"":1007,""detectors_checked"":458752}"
    193536,         0,         0,    4.27,standalone_exact_mw,503ee55b5ad1b1988379a241a0405811522ee4d50b473755532ad1299cb121e2,"{""distance"":5,""physical_error_rate"":0.0005}","{""detection_events"":89405,""detectors_checked"":43352064}"
     56320,         0,         0,    3.08,standalone_exact_mw,503ee55b5ad1b1988379a241a0405811522ee4d50b473755532ad1299cb121e2,"{""distance"":5,""physical_error_rate"":0.0005}","{""detection_events"":26555,""detectors_checked"":12615680}"
     57344,         0,         0,    3.09,standalone_exact_mw,503ee55b5ad1b1988379a241a0405811522ee4d50b473755532ad1299cb121e2,"{""distance"":5,""physical_error_rate"":0.0005}","{""detection_events"":26637,""detectors_checked"":12845056}"
     15360,         0,         0,   0.793,standalone_exact_mw,503ee55b5ad1b1988379a241a0405811522ee4d50b473755532ad1299cb121e2,"{""distance"":5,""physical_error_rate"":0.0005}","{""detection_events"":6983,""detectors_checked"":3440640}"
      4096,         0,         0,   0.193,standalone_exact_mw,503ee55b5ad1b1988379a241a0405811522ee4d50b473755532ad1299cb121e2,"{""distance"":5,""physical_error_rate"":0.0005}","{""detection_events"":1850,""detectors_checked"":917504}"
     17408,         0,         0,   0.842,standalone_exact_mw,503ee55b5ad1b1988379a241a0405811522ee4d50b473755532ad1299cb121e2,"{""distance"":5,""physical_error_rate"":0.0005}","{""detection_events"":7984,""detectors_checked"":3899392}"
     36864,         0,         0,    2.16,standalone_exact_mw,503ee55b5ad1b1988379a241a0405811522ee4d50b473755532ad1299cb121e2,"{""distance"":5,""physical_error_rate"":0.0005}","{""detection_events"":16979,""detectors_checked"":8257536}"
     12288,         0,         0,   0.601,standalone_exact_mw,503ee55b5ad1b1988379a241a0405811522ee4d50b473755532ad1299cb121e2,"{""distance"":5,""physical_error_rate"":0.0005}","{""detection_events"":5661,""detectors_checked"":2752512}"
      6144,         0,         0,   0.311,standalone_exact_mw,503ee55b5ad1b1988379a241a0405811522ee4d50b473755532ad1299cb121e2,"{""distance"":5,""physical_error_rate"":0.0005}","{""detection_events"":2976,""detectors_checked"":1376256}"
      4096,         0,         0,   0.196,standalone_exact_mw,503ee55b5ad1b1988379a241a0405811522ee4d50b473755532ad1299cb121e2,"{""distance"":5,""physical_error_rate"":0.0005}","{""detection_events"":1869,""detectors_checked"":917504}"
     37888,         0,         0,    2.21,standalone_exact_mw,503ee55b5ad1b1988379a241a0405811522ee4d50b473755532ad1299cb121e2,"{""distance"":5,""physical_error_rate"":0.0005}","{""detection_events"":17445,""detectors_checked"":8486912}"
      9216,         0,         0,   0.421,standalone_exact_mw,503ee55b5ad1b1988379a241a0405811522ee4d50b473755532ad1299cb121e2,"{""distance"":5,""physical_error_rate"":0.0005}","{""detection_events"":4147,""detectors_checked"":2064384}"
      7168,         0,         0,   0.340,standalone_exact_mw,503ee55b5ad1b1988379a241a0405811522ee4d50b473755532ad1299cb121e2,"{""distance"":5,""physical_error_rate"":0.0005}","{""detection_events"":3349,""detectors_checked"":1605632}"
     79872,         0,         0,    3.07,standalone_exact_mw,503ee55b5ad1b1988379a241a0405811522ee4d50b473755532ad1299cb121e2,"{""distance"":5,""physical_error_rate"":0.0005}","{""detection_events"":37433,""detectors_checked"":17891328}"
     60416,         0,         0,    3.06,standalone_exact_mw,503ee55b5ad1b1988379a241a0405811522ee4d50b473755532ad1299cb121e2,"{""distance"":5,""physical_error_rate"":0.0005}","{""detection_events"":28176,""detectors_checked"":13533184}"
     43008,         0,         0,    2.17,standalone_exact_mw,503ee55b5ad1b1988379a241a0405811522ee4d50b473755532ad1299cb121e2,"{""distance"":5,""physical_error_rate"":0.0005}","{""detection_events"":20152,""detectors_checked"":9633792}"
     13312,         0,         0,   0.797,standalone_exact_mw,503ee55b5ad1b1988379a241a0405811522ee4d50b473755532ad1299cb121e2,"{""distance"":5,""physical_error_rate"":0.0005}","{""detection_events"":6375,""detectors_checked"":2981888}"
     53248,         0,         0,    2.20,standalone_exact_mw,503ee55b5ad1b1988379a241a0405811522ee4d50b473755532ad1299cb121e2,"{""distance"":5,""physical_error_rate"":0.0005}","{""detection_events"":25154,""detectors_checked"":11927552}"
     73728,         0,         0,    3.09,standalone_exact_mw,503ee55b5ad1b1988379a241a0405811522ee4d50b473755532ad1299cb121e2,"{""distance"":5,""physical_error_rate"":0.0005}","{""detection_events"":34437,""detectors_checked"":16515072}"
      9216,         0,         0,   0.448,standalone_exact_mw,503ee55b5ad1b1988379a241a0405811522ee4d50b473755532ad1299cb121e2,"{""distance"":5,""physical_error_rate"":0.0005}","{""detection_events"":4257,""detectors_checked"":2064384}"
     11264,         0,         0,   0.555,standalone_exact_mw,503ee55b5ad1b1988379a241a0405811522ee4d50b473755532ad1299cb121e2,"{""distance"":5,""physical_error_rate"":0.0005}","{""detection_events"":5415,""detectors_checked"":2523136}"
     22528,         0,         0,    1.11,standalone_exact_mw,503ee55b5ad1b1988379a241a0405811522ee4d50b473755532ad1299cb121e2,"{""distance"":5,""physical_error_rate"":0.0005}","{""detection_events"":10438,""detectors_checked"":5046272}"
     22528,         0,         0,    1.10,standalone_exact_mw,503ee55b5ad1b1988379a241a0405811522ee4d50b473755532ad1299cb121e2,"{""distance"":5,""physical_error_rate"":0.0005}","{""detection_events"":10580,""detectors_checked"":5046272}"
     68608,         0,         0,    3.05,standalone_exact_mw,503ee55b5ad1b1988379a241a0405811522ee4d50b473755532ad1299cb121e2,"{""distance"":5,""physical_error_rate"":0.0005}","{""detection_events"":32285,""detectors_checked"":15368192}"
     38912,         0,         0,    2.16,standalone_exact_mw,503ee55b5ad1b1988379a241a0405811522ee4d50b473755532ad1299cb121e2,"{""distance"":5,""physical_error_rate"":0.0005}","{""detection_events"":18107,""detectors_checked"":8716288}"
     54272,         0,         0,    3.08,standalone_exact_mw,503ee55b5ad1b1988379a241a0405811522ee4d50b473755532ad1299cb121e2,"{""distance"":5,""physical_error_rate"":0.0005}","{""detection_events"":25338,""detectors_checked"":12156928}"
     37888,         0,         0,    2.18,standalone_exact_mw,503ee55b5ad1b1988379a241a0405811522ee4d50b473755532ad1299cb121e2,"{""distance"":5,""physical_error_rate"":0.0005}","{""detection_events"":17282,""detectors_checked"":8486912}"
     72704,         0,         0,    3.07,standalone_exact_mw,503ee55b5ad1b1988379a241a0405811522ee4d50b473755532ad1299cb121e2,"{""distance"":5,""physical_error_rate"":0.0005}","{""detection_events"":33893,""detectors_checked"":16285696}"
     72704,         0,         0,    3.05,standalone_exact_mw,503ee55b5ad1b1988379a241a0405811522ee4d50b473755532ad1299cb121e2,"{""distance"":5,""physical_error_rate"":0.0005}","{""detection_events"":33883,""detectors_checked"":16285696}"
     11264,         0,         0,   0.563,standalone_exact_mw,503ee55b5ad1b1988379a241a0405811522ee4d50b473755532ad1299cb121e2,"{""distance"":5,""physical_error_rate"":0.0005}","{""detection_events"":5273,""detectors_checked"":2523136}"
    462848,         0,         0,    22.9,standalone_exact_mw,503ee55b5ad1b1988379a241a0405811522ee4d50b473755532ad1299cb121e2,"{""distance"":5,""physical_error_rate"":0.0005}","{""detection_events"":214572,""detectors_checked"":103677952}"
     16384,         0,         0,   0.788,standalone_exact_mw,503ee55b5ad1b1988379a241a0405811522ee4d50b473755532ad1299cb121e2,"{""distance"":5,""physical_error_rate"":0.0005}","{""detection_events"":7689,""detectors_checked"":3670016}"
     30720,         0,         0,    1.07,standalone_exact_mw,503ee55b5ad1b1988379a241a0405811522ee4d50b473755532ad1299cb121e2,"{""distance"":5,""physical_error_rate"":0.0005}","{""detection_events"":14756,""detectors_checked"":6881280}"
    476160,         0,         0,    22.8,standalone_exact_mw,503ee55b5ad1b1988379a241a0405811522ee4d50b473755532ad1299cb121e2,"{""distance"":5,""physical_error_rate"":0.0005}","{""detection_events"":222475,""detectors_checked"":106659840}"
    458752,         0,         0,    22.9,standalone_exact_mw,503ee55b5ad1b1988379a241a0405811522ee4d50b473755532ad1299cb121e2,"{""distance"":5,""physical_error_rate"":0.0005}","{""detection_events"":212305,""detectors_checked"":102760448}"
    128000,         0,         0,    4.27,standalone_exact_mw,503ee55b5ad1b1988379a241a0405811522ee4d50b473755532ad1299cb121e2,"{""distance"":5,""physical_error_rate"":0.0005}","{""detection_events"":59825,""detectors_checked"":28672000}"
     17408,         0,         0,   0.840,standalone_exact_mw,503ee55b5ad1b1988379a241a0405811522ee4d50b473755532ad1299cb121e2,"{""distance"":5,""physical_error_rate"":0.0005}","{""detection_events"":8146,""detectors_checked"":3899392}"
    473088,         0,         0,    22.8,standalone_exact_mw,503ee55b5ad1b1988379a241a0405811522ee4d50b473755532ad1299cb121e2,"{""distance"":5,""physical_error_rate"":0.0005}","{""detection_events"":221679,""detectors_checked"":105971712}"
     88064,         0,         0,    4.27,standalone_exact_mw,503ee55b5ad1b1988379a241a0405811522ee4d50b473755532ad1299cb121e2,"{""distance"":5,""physical_error_rate"":0.0005}","{""detection_events"":40955,""detectors_checked"":19726336}"
     31744,         0,         0,    1.60,standalone_exact_mw,503ee55b5ad1b1988379a241a0405811522ee4d50b473755532ad1299cb121e2,"{""distance"":5,""physical_error_rate"":0.0005}","{""detection_events"":14952,""detectors_checked"":7110656}"
     31744,         0,         0,    1.56,standalone_exact_mw,503ee55b5ad1b1988379a241a0405811522ee4d50b473755532ad1299cb121e2,"{""distance"":5,""physical_error_rate"":0.0005}","{""detection_events"":14462,""detectors_checked"":7110656}"
    103424,         1,         0,    4.23,standalone_exact_mw,503ee55b5ad1b1988379a241a0405811522ee4d50b473755532ad1299cb121e2,"{""distance"":5,""physical_error_rate"":0.0005}","{""detection_events"":48020,""detectors_checked"":23166976,""obs_mistake_mask=E"":1}"
    181248,         0,         0,    5.97,standalone_exact_mw,503ee55b5ad1b1988379a241a0405811522ee4d50b473755532ad1299cb121e2,"{""distance"":5,""physical_error_rate"":0.0005}","{""detection_events"":83359,""detectors_checked"":40599552}"
     86016,         0,         0,    4.20,standalone_exact_mw,503ee55b5ad1b1988379a241a0405811522ee4d50b473755532ad1299cb121e2,"{""distance"":5,""physical_error_rate"":0.0005}","{""detection_events"":40279,""detectors_checked"":19267584}"
     23552,         0,         0,    1.15,standalone_exact_mw,503ee55b5ad1b1988379a241a0405811522ee4d50b473755532ad1299cb121e2,"{""distance"":5,""physical_error_rate"":0.0005}","{""detection_events"":10965,""detectors_checked"":5275648}"
    118784,         0,         0,    4.28,standalone_exact_mw,503ee55b5ad1b1988379a241a0405811522ee4d50b473755532ad1299cb121e2,"{""distance"":5,""physical_error_rate"":0.0005}","{""detection_events"":54805,""detectors_checked"":26607616}"
     62464,         0,         0,    3.07,standalone_exact_mw,503ee55b5ad1b1988379a241a0405811522ee4d50b473755532ad1299cb121e2,"{""distance"":5,""physical_error_rate"":0.0005}","{""detection_events"":29115,""detectors_checked"":13991936}"
     22528,         0,         0,    1.11,standalone_exact_mw,503ee55b5ad1b1988379a241a0405811522ee4d50b473755532ad1299cb121e2,"{""distance"":5,""physical_error_rate"":0.0005}","{""detection_events"":10437,""detectors_checked"":5046272}"
     43008,         0,         0,    1.55,standalone_exact_mw,503ee55b5ad1b1988379a241a0405811522ee4d50b473755532ad1299cb121e2,"{""distance"":5,""physical_error_rate"":0.0005}","{""detection_events"":20087,""detectors_checked"":9633792}"
     54272,         0,         0,    3.06,standalone_exact_mw,503ee55b5ad1b1988379a241a0405811522ee4d50b473755532ad1299cb121e2,"{""distance"":5,""physical_error_rate"":0.0005}","{""detection_events"":25663,""detectors_checked"":12156928}"
     91136,         0,         0,    4.26,standalone_exact_mw,503ee55b5ad1b1988379a241a0405811522ee4d50b473755532ad1299cb121e2,"{""distance"":5,""physical_error_rate"":0.0005}","{""detection_events"":42179,""detectors_checked"":20414464}"
    100352,         0,         0,    4.28,standalone_exact_mw,503ee55b5ad1b1988379a241a0405811522ee4d50b473755532ad1299cb121e2,"{""distance"":5,""physical_error_rate"":0.0005}","{""detection_events"":47109,""detectors_checked"":22478848}"
   2619392,         1,         0,   119.3,standalone_exact_mw,503ee55b5ad1b1988379a241a0405811522ee4d50b473755532ad1299cb121e2,"{""distance"":5,""physical_error_rate"":0.0005}","{""detection_events"":1215517,""detectors_checked"":586743808,""obs_mistake_mask=E"":1}"
     54272,         0,         0,    3.05,standalone_exact_mw,503ee55b5ad1b1988379a241a0405811522ee4d50b473755532ad1299cb121e2,"{""distance"":5,""physical_error_rate"":0.0005}","{""detection_events"":24854,""detectors_checked"":12156928}"
   2390016,         1,         0,   119.4,standalone_exact_mw,503ee55b5ad1b1988379a241a0405811522ee4d50b473755532ad1299cb121e2,"{""distance"":5,""physical_error_rate"":0.0005}","{""detection_events"":1112655,""detectors_checked"":535363584,""obs_mistake_mask=E"":1}"
     74752,         0,         0,    4.22,standalone_exact_mw,503ee55b5ad1b1988379a241a0405811522ee4d50b473755532ad1299cb121e2,"{""distance"":5,""physical_error_rate"":0.0005}","{""detection_events"":34731,""detectors_checked"":16744448}"
     61440,         0,         0,    3.03,standalone_exact_mw,503ee55b5ad1b1988379a241a0405811522ee4d50b473755532ad1299cb121e2,"{""distance"":5,""physical_error_rate"":0.0005}","{""detection_events"":28833,""detectors_checked"":13762560}"
    104448,         0,         0,    4.26,standalone_exact_mw,503ee55b5ad1b1988379a241a0405811522ee4d50b473755532ad1299cb121e2,"{""distance"":5,""physical_error_rate"":0.0005}","{""detection_events"":48360,""detectors_checked"":23396352}"
    123904,         0,         0,    4.31,standalone_exact_mw,503ee55b5ad1b1988379a241a0405811522ee4d50b473755532ad1299cb121e2,"{""distance"":5,""physical_error_rate"":0.0005}","{""detection_events"":57522,""detectors_checked"":27754496}"
   2824192,         1,         0,   119.5,standalone_exact_mw,503ee55b5ad1b1988379a241a0405811522ee4d50b473755532ad1299cb121e2,"{""distance"":5,""physical_error_rate"":0.0005}","{""detection_events"":1314217,""detectors_checked"":632619008,""obs_mistake_mask=E"":1}"
     75776,         0,         0,    4.25,standalone_exact_mw,503ee55b5ad1b1988379a241a0405811522ee4d50b473755532ad1299cb121e2,"{""distance"":5,""physical_error_rate"":0.0005}","{""detection_events"":35328,""detectors_checked"":16973824}"
     75776,         0,         0,    4.24,standalone_exact_mw,503ee55b5ad1b1988379a241a0405811522ee4d50b473755532ad1299cb121e2,"{""distance"":5,""physical_error_rate"":0.0005}","{""detection_events"":34661,""detectors_checked"":16973824}"
     54272,         0,         0,    3.05,standalone_exact_mw,503ee55b5ad1b1988379a241a0405811522ee4d50b473755532ad1299cb121e2,"{""distance"":5,""physical_error_rate"":0.0005}","{""detection_events"":24981,""detectors_checked"":12156928}"
     70656,         0,         0,    3.07,standalone_exact_mw,503ee55b5ad1b1988379a241a0405811522ee4d50b473755532ad1299cb121e2,"{""distance"":5,""physical_error_rate"":0.0005}","{""detection_events"":32181,""detectors_checked"":15826944}"
     31744,         0,         0,    1.54,standalone_exact_mw,503ee55b5ad1b1988379a241a0405811522ee4d50b473755532ad1299cb121e2,"{""distance"":5,""physical_error_rate"":0.0005}","{""detection_events"":14947,""detectors_checked"":7110656}"
    115712,         0,         0,    4.26,standalone_exact_mw,503ee55b5ad1b1988379a241a0405811522ee4d50b473755532ad1299cb121e2,"{""distance"":5,""physical_error_rate"":0.0005}","{""detection_events"":53955,""detectors_checked"":25919488}"
     43008,         0,         0,    2.18,standalone_exact_mw,503ee55b5ad1b1988379a241a0405811522ee4d50b473755532ad1299cb121e2,"{""distance"":5,""physical_error_rate"":0.0005}","{""detection_events"":20266,""detectors_checked"":9633792}"
     44032,         0,         0,    2.17,standalone_exact_mw,503ee55b5ad1b1988379a241a0405811522ee4d50b473755532ad1299cb121e2,"{""distance"":5,""physical_error_rate"":0.0005}","{""detection_events"":20385,""detectors_checked"":9863168}"
    461824,         0,         0,    22.8,standalone_exact_mw,503ee55b5ad1b1988379a241a0405811522ee4d50b473755532ad1299cb121e2,"{""distance"":5,""physical_error_rate"":0.0005}","{""detection_events"":215003,""detectors_checked"":103448576}"
     84992,         0,         0,    4.28,standalone_exact_mw,503ee55b5ad1b1988379a241a0405811522ee4d50b473755532ad1299cb121e2,"{""distance"":5,""physical_error_rate"":0.0005}","{""detection_events"":39751,""detectors_checked"":19038208}"
     31744,         0,         0,    1.60,standalone_exact_mw,503ee55b5ad1b1988379a241a0405811522ee4d50b473755532ad1299cb121e2,"{""distance"":5,""physical_error_rate"":0.0005}","{""detection_events"":14599,""detectors_checked"":7110656}"
     86016,         0,         0,    4.25,standalone_exact_mw,503ee55b5ad1b1988379a241a0405811522ee4d50b473755532ad1299cb121e2,"{""distance"":5,""physical_error_rate"":0.0005}","{""detection_events"":39704,""detectors_checked"":19267584}"
    102400,         0,         0,    4.23,standalone_exact_mw,503ee55b5ad1b1988379a241a0405811522ee4d50b473755532ad1299cb121e2,"{""distance"":5,""physical_error_rate"":0.0005}","{""detection_events"":47994,""detectors_checked"":22937600}"
     87040,         0,         0,    4.28,standalone_exact_mw,503ee55b5ad1b1988379a241a0405811522ee4d50b473755532ad1299cb121e2,"{""distance"":5,""physical_error_rate"":0.0005}","{""detection_events"":40470,""detectors_checked"":19496960}"
     48128,         0,         0,    2.16,standalone_exact_mw,503ee55b5ad1b1988379a241a0405811522ee4d50b473755532ad1299cb121e2,"{""distance"":5,""physical_error_rate"":0.0005}","{""detection_events"":22237,""detectors_checked"":10780672}"
    103424,         0,         0,    4.30,standalone_exact_mw,503ee55b5ad1b1988379a241a0405811522ee4d50b473755532ad1299cb121e2,"{""distance"":5,""physical_error_rate"":0.0005}","{""detection_events"":48172,""detectors_checked"":23166976}"
     86016,         0,         0,    4.26,standalone_exact_mw,503ee55b5ad1b1988379a241a0405811522ee4d50b473755532ad1299cb121e2,"{""distance"":5,""physical_error_rate"":0.0005}","{""detection_events"":40185,""detectors_checked"":19267584}"
    194560,         0,         0,    5.96,standalone_exact_mw,503ee55b5ad1b1988379a241a0405811522ee4d50b473755532ad1299cb121e2,"{""distance"":5,""physical_error_rate"":0.0005}","{""detection_events"":90452,""detectors_checked"":43581440}"
    463872,         0,         0,    22.9,standalone_exact_mw,503ee55b5ad1b1988379a241a0405811522ee4d50b473755532ad1299cb121e2,"{""distance"":5,""physical_error_rate"":0.0005}","{""detection_events"":215363,""detectors_checked"":103907328}"
    537600,         0,         0,    22.9,standalone_exact_mw,503ee55b5ad1b1988379a241a0405811522ee4d50b473755532ad1299cb121e2,"{""distance"":5,""physical_error_rate"":0.0005}","{""detection_events"":250313,""detectors_checked"":120422400}"
    466944,         0,         0,    22.9,standalone_exact_mw,503ee55b5ad1b1988379a241a0405811522ee4d50b473755532ad1299cb121e2,"{""distance"":5,""physical_error_rate"":0.0005}","{""detection_events"":216578,""detectors_checked"":104595456}"
    450560,         1,         0,    22.9,standalone_exact_mw,503ee55b5ad1b1988379a241a0405811522ee4d50b473755532ad1299cb121e2,"{""distance"":5,""physical_error_rate"":0.0005}","{""detection_events"":209548,""detectors_checked"":100925440,""obs_mistake_mask=E"":1}"
     36864,         0,         0,    2.20,standalone_exact_mw,503ee55b5ad1b1988379a241a0405811522ee4d50b473755532ad1299cb121e2,"{""distance"":5,""physical_error_rate"":0.0005}","{""detection_events"":17480,""detectors_checked"":8257536}"
     35840,         0,         0,    2.19,standalone_exact_mw,503ee55b5ad1b1988379a241a0405811522ee4d50b473755532ad1299cb121e2,"{""distance"":5,""physical_error_rate"":0.0005}","{""detection_events"":16616,""detectors_checked"":8028160}"
     86016,         0,         0,    4.25,standalone_exact_mw,503ee55b5ad1b1988379a241a0405811522ee4d50b473755532ad1299cb121e2,"{""distance"":5,""physical_error_rate"":0.0005}","{""detection_events"":39956,""detectors_checked"":19267584}"
     79872,         0,         0,    4.27,standalone_exact_mw,503ee55b5ad1b1988379a241a0405811522ee4d50b473755532ad1299cb121e2,"{""distance"":5,""physical_error_rate"":0.0005}","{""detection_events"":37017,""detectors_checked"":17891328}"
     48128,         0,         0,    3.07,standalone_exact_mw,503ee55b5ad1b1988379a241a0405811522ee4d50b473755532ad1299cb121e2,"{""distance"":5,""physical_error_rate"":0.0005}","{""detection_events"":22434,""detectors_checked"":10780672}"
     50176,         0,         0,    3.07,standalone_exact_mw,503ee55b5ad1b1988379a241a0405811522ee4d50b473755532ad1299cb121e2,"{""distance"":5,""physical_error_rate"":0.0005}","{""detection_events"":23123,""detectors_checked"":11239424}"
    101376,         0,         0,    4.32,standalone_exact_mw,503ee55b5ad1b1988379a241a0405811522ee4d50b473755532ad1299cb121e2,"{""distance"":5,""physical_error_rate"":0.0005}","{""detection_events"":47050,""detectors_checked"":22708224}"
     86016,         0,         0,    4.28,standalone_exact_mw,503ee55b5ad1b1988379a241a0405811522ee4d50b473755532ad1299cb121e2,"{""distance"":5,""physical_error_rate"":0.0005}","{""detection_events"":40582,""detectors_checked"":19267584}"
    191488,         0,         0,    5.99,standalone_exact_mw,503ee55b5ad1b1988379a241a0405811522ee4d50b473755532ad1299cb121e2,"{""distance"":5,""physical_error_rate"":0.0005}","{""detection_events"":88596,""detectors_checked"":42893312}"
     86016,         0,         0,    4.29,standalone_exact_mw,503ee55b5ad1b1988379a241a0405811522ee4d50b473755532ad1299cb121e2,"{""distance"":5,""physical_error_rate"":0.0005}","{""detection_events"":40463,""detectors_checked"":19267584}"
    139264,         1,         0,    5.96,standalone_exact_mw,503ee55b5ad1b1988379a241a0405811522ee4d50b473755532ad1299cb121e2,"{""distance"":5,""physical_error_rate"":0.0005}","{""detection_events"":64950,""detectors_checked"":31195136,""obs_mistake_mask=E"":1}"
    121856,         0,         0,    4.26,standalone_exact_mw,503ee55b5ad1b1988379a241a0405811522ee4d50b473755532ad1299cb121e2,"{""distance"":5,""physical_error_rate"":0.0005}","{""detection_events"":56426,""detectors_checked"":27295744}"
    154624,         0,         0,    5.98,standalone_exact_mw,503ee55b5ad1b1988379a241a0405811522ee4d50b473755532ad1299cb121e2,"{""distance"":5,""physical_error_rate"":0.0005}","{""detection_events"":71607,""detectors_checked"":34635776}"
     87040,         0,         0,    3.09,standalone_exact_mw,503ee55b5ad1b1988379a241a0405811522ee4d50b473755532ad1299cb121e2,"{""distance"":5,""physical_error_rate"":0.0005}","{""detection_events"":40841,""detectors_checked"":19496960}"
    120832,         0,         0,    5.96,standalone_exact_mw,503ee55b5ad1b1988379a241a0405811522ee4d50b473755532ad1299cb121e2,"{""distance"":5,""physical_error_rate"":0.0005}","{""detection_events"":56264,""detectors_checked"":27066368}"
   2265088,         1,         0,   119.4,standalone_exact_mw,503ee55b5ad1b1988379a241a0405811522ee4d50b473755532ad1299cb121e2,"{""distance"":5,""physical_error_rate"":0.0005}","{""detection_events"":1057298,""detectors_checked"":507379712,""obs_mistake_mask=E"":1}"
    206848,         1,         0,    5.95,standalone_exact_mw,503ee55b5ad1b1988379a241a0405811522ee4d50b473755532ad1299cb121e2,"{""distance"":5,""physical_error_rate"":0.0005}","{""detection_events"":96374,""detectors_checked"":46333952,""obs_mistake_mask=E"":1}"
     97280,         0,         0,    5.92,standalone_exact_mw,503ee55b5ad1b1988379a241a0405811522ee4d50b473755532ad1299cb121e2,"{""distance"":5,""physical_error_rate"":0.0005}","{""detection_events"":45217,""detectors_checked"":21790720}"
    106496,         0,         0,    5.97,standalone_exact_mw,503ee55b5ad1b1988379a241a0405811522ee4d50b473755532ad1299cb121e2,"{""distance"":5,""physical_error_rate"":0.0005}","{""detection_events"":49870,""detectors_checked"":23855104}"
     49152,         0,         0,    3.03,standalone_exact_mw,503ee55b5ad1b1988379a241a0405811522ee4d50b473755532ad1299cb121e2,"{""distance"":5,""physical_error_rate"":0.0005}","{""detection_events"":23297,""detectors_checked"":11010048}"
     97280,         0,         0,    5.98,standalone_exact_mw,503ee55b5ad1b1988379a241a0405811522ee4d50b473755532ad1299cb121e2,"{""distance"":5,""physical_error_rate"":0.0005}","{""detection_events"":44460,""detectors_checked"":21790720}"
    143360,         0,         0,    5.98,standalone_exact_mw,503ee55b5ad1b1988379a241a0405811522ee4d50b473755532ad1299cb121e2,"{""distance"":5,""physical_error_rate"":0.0005}","{""detection_events"":66759,""detectors_checked"":32112640}"
    141312,         0,         0,    5.98,standalone_exact_mw,503ee55b5ad1b1988379a241a0405811522ee4d50b473755532ad1299cb121e2,"{""distance"":5,""physical_error_rate"":0.0005}","{""detection_events"":66062,""detectors_checked"":31653888}"
     98304,         0,         0,    6.00,standalone_exact_mw,503ee55b5ad1b1988379a241a0405811522ee4d50b473755532ad1299cb121e2,"{""distance"":5,""physical_error_rate"":0.0005}","{""detection_events"":45418,""detectors_checked"":22020096}"
    120832,         0,         0,    5.95,standalone_exact_mw,503ee55b5ad1b1988379a241a0405811522ee4d50b473755532ad1299cb121e2,"{""distance"":5,""physical_error_rate"":0.0005}","{""detection_events"":56456,""detectors_checked"":27066368}"
     50176,         0,         0,    3.07,standalone_exact_mw,503ee55b5ad1b1988379a241a0405811522ee4d50b473755532ad1299cb121e2,"{""distance"":5,""physical_error_rate"":0.0005}","{""detection_events"":23082,""detectors_checked"":11239424}"
    148480,         0,         0,    5.96,standalone_exact_mw,503ee55b5ad1b1988379a241a0405811522ee4d50b473755532ad1299cb121e2,"{""distance"":5,""physical_error_rate"":0.0005}","{""detection_events"":69548,""detectors_checked"":33259520}"
    120832,         0,         0,    5.98,standalone_exact_mw,503ee55b5ad1b1988379a241a0405811522ee4d50b473755532ad1299cb121e2,"{""distance"":5,""physical_error_rate"":0.0005}","{""detection_events"":55516,""detectors_checked"":27066368}"
    266240,         0,         0,    8.39,standalone_exact_mw,503ee55b5ad1b1988379a241a0405811522ee4d50b473755532ad1299cb121e2,"{""distance"":5,""physical_error_rate"":0.0005}","{""detection_events"":124310,""detectors_checked"":59637760}"
    119808,         0,         0,    5.92,standalone_exact_mw,503ee55b5ad1b1988379a241a0405811522ee4d50b473755532ad1299cb121e2,"{""distance"":5,""physical_error_rate"":0.0005}","{""detection_events"":54993,""detectors_checked"":26836992}"
    145408,         2,         0,    5.98,standalone_exact_mw,503ee55b5ad1b1988379a241a0405811522ee4d50b473755532ad1299cb121e2,"{""distance"":5,""physical_error_rate"":0.0005}","{""detection_events"":67137,""detectors_checked"":32571392,""obs_mistake_mask=E"":2}"
    132096,         0,         0,    5.94,standalone_exact_mw,503ee55b5ad1b1988379a241a0405811522ee4d50b473755532ad1299cb121e2,"{""distance"":5,""physical_error_rate"":0.0005}","{""detection_events"":62364,""detectors_checked"":29589504}"
    130048,         0,         0,    5.96,standalone_exact_mw,503ee55b5ad1b1988379a241a0405811522ee4d50b473755532ad1299cb121e2,"{""distance"":5,""physical_error_rate"":0.0005}","{""detection_events"":60831,""detectors_checked"":29130752}"
    120832,         0,         0,    5.95,standalone_exact_mw,503ee55b5ad1b1988379a241a0405811522ee4d50b473755532ad1299cb121e2,"{""distance"":5,""physical_error_rate"":0.0005}","{""detection_events"":56448,""detectors_checked"":27066368}"
     64512,         0,         0,    4.27,standalone_exact_mw,503ee55b5ad1b1988379a241a0405811522ee4d50b473755532ad1299cb121e2,"{""distance"":5,""physical_error_rate"":0.0005}","{""detection_events"":29489,""detectors_checked"":14450688}"
     65536,         0,         0,    4.28,standalone_exact_mw,503ee55b5ad1b1988379a241a0405811522ee4d50b473755532ad1299cb121e2,"{""distance"":5,""physical_error_rate"":0.0005}","{""detection_events"":31584,""detectors_checked"":14680064}"
    106496,         0,         0,    4.26,standalone_exact_mw,503ee55b5ad1b1988379a241a0405811522ee4d50b473755532ad1299cb121e2,"{""distance"":5,""physical_error_rate"":0.0005}","{""detection_events"":49993,""detectors_checked"":23855104}"
    119808,         0,         0,    5.95,standalone_exact_mw,503ee55b5ad1b1988379a241a0405811522ee4d50b473755532ad1299cb121e2,"{""distance"":5,""physical_error_rate"":0.0005}","{""detection_events"":55792,""detectors_checked"":26836992}"
    149504,         0,         0,    5.93,standalone_exact_mw,503ee55b5ad1b1988379a241a0405811522ee4d50b473755532ad1299cb121e2,"{""distance"":5,""physical_error_rate"":0.0005}","{""detection_events"":68995,""detectors_checked"":33488896}"
     60416,         0,         0,    4.26,standalone_exact_mw,503ee55b5ad1b1988379a241a0405811522ee4d50b473755532ad1299cb121e2,"{""distance"":5,""physical_error_rate"":0.0005}","{""detection_events"":28176,""detectors_checked"":13533184}"
    110592,         0,         0,    5.98,standalone_exact_mw,503ee55b5ad1b1988379a241a0405811522ee4d50b473755532ad1299cb121e2,"{""distance"":5,""physical_error_rate"":0.0005}","{""detection_events"":50920,""detectors_checked"":24772608}"
    359424,         0,         0,    8.35,standalone_exact_mw,503ee55b5ad1b1988379a241a0405811522ee4d50b473755532ad1299cb121e2,"{""distance"":5,""physical_error_rate"":0.0005}","{""detection_events"":165775,""detectors_checked"":80510976}"
    120832,         0,         0,    5.99,standalone_exact_mw,503ee55b5ad1b1988379a241a0405811522ee4d50b473755532ad1299cb121e2,"{""distance"":5,""physical_error_rate"":0.0005}","{""detection_events"":56395,""detectors_checked"":27066368}"
    149504,         0,         0,    5.97,standalone_exact_mw,503ee55b5ad1b1988379a241a0405811522ee4d50b473755532ad1299cb121e2,"{""distance"":5,""physical_error_rate"":0.0005}","{""detection_events"":70064,""detectors_checked"":33488896}"
     59392,         0,         0,    4.27,standalone_exact_mw,503ee55b5ad1b1988379a241a0405811522ee4d50b473755532ad1299cb121e2,"{""distance"":5,""physical_error_rate"":0.0005}","{""detection_events"":27336,""detectors_checked"":13303808}"
    142336,         0,         0,    6.00,standalone_exact_mw,503ee55b5ad1b1988379a241a0405811522ee4d50b473755532ad1299cb121e2,"{""distance"":5,""physical_error_rate"":0.0005}","{""detection_events"":65829,""detectors_checked"":31883264}"
    212992,         0,         0,    8.34,standalone_exact_mw,503ee55b5ad1b1988379a241a0405811522ee4d50b473755532ad1299cb121e2,"{""distance"":5,""physical_error_rate"":0.0005}","{""detection_events"":98042,""detectors_checked"":47710208}"
    203776,         0,         0,    8.35,standalone_exact_mw,503ee55b5ad1b1988379a241a0405811522ee4d50b473755532ad1299cb121e2,"{""distance"":5,""physical_error_rate"":0.0005}","{""detection_events"":93686,""detectors_checked"":45645824}"
    190464,         0,         0,    8.39,standalone_exact_mw,503ee55b5ad1b1988379a241a0405811522ee4d50b473755532ad1299cb121e2,"{""distance"":5,""physical_error_rate"":0.0005}","{""detection_events"":88988,""detectors_checked"":42663936}"
    167936,         0,         0,    8.30,standalone_exact_mw,503ee55b5ad1b1988379a241a0405811522ee4d50b473755532ad1299cb121e2,"{""distance"":5,""physical_error_rate"":0.0005}","{""detection_events"":78456,""detectors_checked"":37617664}"
    293888,         0,         0,    8.36,standalone_exact_mw,503ee55b5ad1b1988379a241a0405811522ee4d50b473755532ad1299cb121e2,"{""distance"":5,""physical_error_rate"":0.0005}","{""detection_events"":136662,""detectors_checked"":65830912}"
    181248,         0,         0,    8.34,standalone_exact_mw,503ee55b5ad1b1988379a241a0405811522ee4d50b473755532ad1299cb121e2,"{""distance"":5,""physical_error_rate"":0.0005}","{""detection_events"":84019,""detectors_checked"":40599552}"
    189440,         0,         0,    8.32,standalone_exact_mw,503ee55b5ad1b1988379a241a0405811522ee4d50b473755532ad1299cb121e2,"{""distance"":5,""physical_error_rate"":0.0005}","{""detection_events"":88110,""detectors_checked"":42434560}"
     78848,         0,         0,    5.97,standalone_exact_mw,503ee55b5ad1b1988379a241a0405811522ee4d50b473755532ad1299cb121e2,"{""distance"":5,""physical_error_rate"":0.0005}","{""detection_events"":37034,""detectors_checked"":17661952}"
    124928,         0,         0,    8.32,standalone_exact_mw,503ee55b5ad1b1988379a241a0405811522ee4d50b473755532ad1299cb121e2,"{""distance"":5,""physical_error_rate"":0.0005}","{""detection_events"":58206,""detectors_checked"":27983872}"
    184320,         0,         0,    8.37,standalone_exact_mw,503ee55b5ad1b1988379a241a0405811522ee4d50b473755532ad1299cb121e2,"{""distance"":5,""physical_error_rate"":0.0005}","{""detection_events"":85643,""detectors_checked"":41287680}"
     80896,         0,         0,    6.03,standalone_exact_mw,503ee55b5ad1b1988379a241a0405811522ee4d50b473755532ad1299cb121e2,"{""distance"":5,""physical_error_rate"":0.0005}","{""detection_events"":37621,""detectors_checked"":18120704}"
    198656,         0,         0,    8.32,standalone_exact_mw,503ee55b5ad1b1988379a241a0405811522ee4d50b473755532ad1299cb121e2,"{""distance"":5,""physical_error_rate"":0.0005}","{""detection_events"":92398,""detectors_checked"":44498944}"
    190464,         0,         0,    8.36,standalone_exact_mw,503ee55b5ad1b1988379a241a0405811522ee4d50b473755532ad1299cb121e2,"{""distance"":5,""physical_error_rate"":0.0005}","{""detection_events"":88605,""detectors_checked"":42663936}"
    169984,         0,         0,    8.35,standalone_exact_mw,503ee55b5ad1b1988379a241a0405811522ee4d50b473755532ad1299cb121e2,"{""distance"":5,""physical_error_rate"":0.0005}","{""detection_events"":79439,""detectors_checked"":38076416}"
    143360,         0,         0,    5.99,standalone_exact_mw,503ee55b5ad1b1988379a241a0405811522ee4d50b473755532ad1299cb121e2,"{""distance"":5,""physical_error_rate"":0.0005}","{""detection_events"":66999,""detectors_checked"":32112640}"
    179200,         0,         0,    8.37,standalone_exact_mw,503ee55b5ad1b1988379a241a0405811522ee4d50b473755532ad1299cb121e2,"{""distance"":5,""physical_error_rate"":0.0005}","{""detection_events"":82739,""detectors_checked"":40140800}"
    171008,         0,         0,    8.33,standalone_exact_mw,503ee55b5ad1b1988379a241a0405811522ee4d50b473755532ad1299cb121e2,"{""distance"":5,""physical_error_rate"":0.0005}","{""detection_events"":79887,""detectors_checked"":38305792}"
    166912,         0,         0,    8.27,standalone_exact_mw,503ee55b5ad1b1988379a241a0405811522ee4d50b473755532ad1299cb121e2,"{""distance"":5,""physical_error_rate"":0.0005}","{""detection_events"":79064,""detectors_checked"":37388288}"
    192512,         0,         0,    8.35,standalone_exact_mw,503ee55b5ad1b1988379a241a0405811522ee4d50b473755532ad1299cb121e2,"{""distance"":5,""physical_error_rate"":0.0005}","{""detection_events"":88955,""detectors_checked"":43122688}"
    229376,         0,         0,    8.34,standalone_exact_mw,503ee55b5ad1b1988379a241a0405811522ee4d50b473755532ad1299cb121e2,"{""distance"":5,""physical_error_rate"":0.0005}","{""detection_events"":106541,""detectors_checked"":51380224}"
    169984,         0,         0,    8.31,standalone_exact_mw,503ee55b5ad1b1988379a241a0405811522ee4d50b473755532ad1299cb121e2,"{""distance"":5,""physical_error_rate"":0.0005}","{""detection_events"":79531,""detectors_checked"":38076416}"
    200704,         0,         0,    8.37,standalone_exact_mw,503ee55b5ad1b1988379a241a0405811522ee4d50b473755532ad1299cb121e2,"{""distance"":5,""physical_error_rate"":0.0005}","{""detection_events"":92661,""detectors_checked"":44957696}"
     87040,         0,         0,    6.00,standalone_exact_mw,503ee55b5ad1b1988379a241a0405811522ee4d50b473755532ad1299cb121e2,"{""distance"":5,""physical_error_rate"":0.0005}","{""detection_events"":40858,""detectors_checked"":19496960}"
   1082288,         0,         0,    45.3,standalone_exact_mw,503ee55b5ad1b1988379a241a0405811522ee4d50b473755532ad1299cb121e2,"{""distance"":5,""physical_error_rate"":0.0005}","{""detection_events"":502195,""detectors_checked"":242432512}"
     89088,         0,         0,    5.96,standalone_exact_mw,503ee55b5ad1b1988379a241a0405811522ee4d50b473755532ad1299cb121e2,"{""distance"":5,""physical_error_rate"":0.0005}","{""detection_events"":41529,""detectors_checked"":19955712}"
    164864,         0,         0,    8.37,standalone_exact_mw,503ee55b5ad1b1988379a241a0405811522ee4d50b473755532ad1299cb121e2,"{""distance"":5,""physical_error_rate"":0.0005}","{""detection_events"":76119,""detectors_checked"":36929536}"
    231424,         0,         0,    8.27,standalone_exact_mw,503ee55b5ad1b1988379a241a0405811522ee4d50b473755532ad1299cb121e2,"{""distance"":5,""physical_error_rate"":0.0005}","{""detection_events"":107239,""detectors_checked"":51838976}"
   2457600,         2,         0,   119.3,standalone_exact_mw,503ee55b5ad1b1988379a241a0405811522ee4d50b473755532ad1299cb121e2,"{""distance"":5,""physical_error_rate"":0.0005}","{""detection_events"":1143837,""detectors_checked"":550502400,""obs_mistake_mask=E"":2}"
    209920,         0,         0,    8.34,standalone_exact_mw,503ee55b5ad1b1988379a241a0405811522ee4d50b473755532ad1299cb121e2,"{""distance"":5,""physical_error_rate"":0.0005}","{""detection_events"":98522,""detectors_checked"":47022080}"
    161792,         0,         0,    8.32,standalone_exact_mw,503ee55b5ad1b1988379a241a0405811522ee4d50b473755532ad1299cb121e2,"{""distance"":5,""physical_error_rate"":0.0005}","{""detection_events"":74724,""detectors_checked"":36241408}"
    335872,         0,         0,    11.6,standalone_exact_mw,503ee55b5ad1b1988379a241a0405811522ee4d50b473755532ad1299cb121e2,"{""distance"":5,""physical_error_rate"":0.0005}","{""detection_events"":156410,""detectors_checked"":75235328}"
    224256,         0,         0,    8.24,standalone_exact_mw,503ee55b5ad1b1988379a241a0405811522ee4d50b473755532ad1299cb121e2,"{""distance"":5,""physical_error_rate"":0.0005}","{""detection_events"":105149,""detectors_checked"":50233344}"
    192512,         0,         0,    8.31,standalone_exact_mw,503ee55b5ad1b1988379a241a0405811522ee4d50b473755532ad1299cb121e2,"{""distance"":5,""physical_error_rate"":0.0005}","{""detection_events"":88700,""detectors_checked"":43122688}"
    988160,         0,         0,    32.1,standalone_exact_mw,503ee55b5ad1b1988379a241a0405811522ee4d50b473755532ad1299cb121e2,"{""distance"":5,""physical_error_rate"":0.0005}","{""detection_events"":458461,""detectors_checked"":221347840}"
   2605056,         0,         0,   119.4,standalone_exact_mw,503ee55b5ad1b1988379a241a0405811522ee4d50b473755532ad1299cb121e2,"{""distance"":5,""physical_error_rate"":0.0005}","{""detection_events"":1210447,""detectors_checked"":583532544}"
    389120,         0,         0,    11.7,standalone_exact_mw,503ee55b5ad1b1988379a241a0405811522ee4d50b473755532ad1299cb121e2,"{""distance"":5,""physical_error_rate"":0.0005}","{""detection_events"":181123,""detectors_checked"":87162880}"
    161792,         0,         0,    8.38,standalone_exact_mw,503ee55b5ad1b1988379a241a0405811522ee4d50b473755532ad1299cb121e2,"{""distance"":5,""physical_error_rate"":0.0005}","{""detection_events"":75572,""detectors_checked"":36241408}"
    198656,         1,         0,    8.27,standalone_exact_mw,503ee55b5ad1b1988379a241a0405811522ee4d50b473755532ad1299cb121e2,"{""distance"":5,""physical_error_rate"":0.0005}","{""detection_events"":92552,""detectors_checked"":44498944,""obs_mistake_mask=E"":1}"
   2454528,         1,         0,    87.9,standalone_exact_mw,503ee55b5ad1b1988379a241a0405811522ee4d50b473755532ad1299cb121e2,"{""distance"":5,""physical_error_rate"":0.0005}","{""detection_events"":1141147,""detectors_checked"":549814272,""obs_mistake_mask=E"":1}"
    216064,         0,         0,    8.33,standalone_exact_mw,503ee55b5ad1b1988379a241a0405811522ee4d50b473755532ad1299cb121e2,"{""distance"":5,""physical_error_rate"":0.0005}","{""detection_events"":101407,""detectors_checked"":48398336}"
    313344,         1,         0,    11.7,standalone_exact_mw,503ee55b5ad1b1988379a241a0405811522ee4d50b473755532ad1299cb121e2,"{""distance"":5,""physical_error_rate"":0.0005}","{""detection_events"":144167,""detectors_checked"":70189056,""obs_mistake_mask=E"":1}"
    180224,         0,         0,    8.38,standalone_exact_mw,503ee55b5ad1b1988379a241a0405811522ee4d50b473755532ad1299cb121e2,"{""distance"":5,""physical_error_rate"":0.0005}","{""detection_events"":84115,""detectors_checked"":40370176}"
    274432,         0,         0,    11.6,standalone_exact_mw,503ee55b5ad1b1988379a241a0405811522ee4d50b473755532ad1299cb121e2,"{""distance"":5,""physical_error_rate"":0.0005}","{""detection_events"":128500,""detectors_checked"":61472768}"
    231424,         0,         0,    11.7,standalone_exact_mw,503ee55b5ad1b1988379a241a0405811522ee4d50b473755532ad1299cb121e2,"{""distance"":5,""physical_error_rate"":0.0005}","{""detection_events"":108677,""detectors_checked"":51838976}"
   2865113,         0,         0,    60.4,standalone_exact_mw,503ee55b5ad1b1988379a241a0405811522ee4d50b473755532ad1299cb121e2,"{""distance"":5,""physical_error_rate"":0.0005}","{""detection_events"":1334843,""detectors_checked"":641785312}"
    257024,         0,         0,    11.6,standalone_exact_mw,503ee55b5ad1b1988379a241a0405811522ee4d50b473755532ad1299cb121e2,"{""distance"":5,""physical_error_rate"":0.0005}","{""detection_events"":118516,""detectors_checked"":57573376}"
    168960,         0,         0,    8.37,standalone_exact_mw,503ee55b5ad1b1988379a241a0405811522ee4d50b473755532ad1299cb121e2,"{""distance"":5,""physical_error_rate"":0.0005}","{""detection_events"":79257,""detectors_checked"":37847040}"
    364544,         0,         0,    11.7,standalone_exact_mw,503ee55b5ad1b1988379a241a0405811522ee4d50b473755532ad1299cb121e2,"{""distance"":5,""physical_error_rate"":0.0005}","{""detection_events"":169589,""detectors_checked"":81657856}"
    223232,         0,         0,    11.6,standalone_exact_mw,503ee55b5ad1b1988379a241a0405811522ee4d50b473755532ad1299cb121e2,"{""distance"":5,""physical_error_rate"":0.0005}","{""detection_events"":103023,""detectors_checked"":50003968}"
    215040,         0,         0,    11.6,standalone_exact_mw,503ee55b5ad1b1988379a241a0405811522ee4d50b473755532ad1299cb121e2,"{""distance"":5,""physical_error_rate"":0.0005}","{""detection_events"":99649,""detectors_checked"":48168960}"
    210944,         0,         0,    11.7,standalone_exact_mw,503ee55b5ad1b1988379a241a0405811522ee4d50b473755532ad1299cb121e2,"{""distance"":5,""physical_error_rate"":0.0005}","{""detection_events"":98962,""detectors_checked"":47251456}"
    252928,         1,         0,    11.6,standalone_exact_mw,503ee55b5ad1b1988379a241a0405811522ee4d50b473755532ad1299cb121e2,"{""distance"":5,""physical_error_rate"":0.0005}","{""detection_events"":117976,""detectors_checked"":56655872,""obs_mistake_mask=E"":1}"
    245760,         0,         0,    11.7,standalone_exact_mw,503ee55b5ad1b1988379a241a0405811522ee4d50b473755532ad1299cb121e2,"{""distance"":5,""physical_error_rate"":0.0005}","{""detection_events"":114801,""detectors_checked"":55050240}"
    233472,         0,         0,    11.6,standalone_exact_mw,503ee55b5ad1b1988379a241a0405811522ee4d50b473755532ad1299cb121e2,"{""distance"":5,""physical_error_rate"":0.0005}","{""detection_events"":108865,""detectors_checked"":52297728}"
    313344,         1,         0,    11.7,standalone_exact_mw,503ee55b5ad1b1988379a241a0405811522ee4d50b473755532ad1299cb121e2,"{""distance"":5,""physical_error_rate"":0.0005}","{""detection_events"":145819,""detectors_checked"":70189056,""obs_mistake_mask=E"":1}"
    305152,         0,         0,    11.6,standalone_exact_mw,503ee55b5ad1b1988379a241a0405811522ee4d50b473755532ad1299cb121e2,"{""distance"":5,""physical_error_rate"":0.0005}","{""detection_events"":141050,""detectors_checked"":68354048}"
    295936,         0,         0,    11.6,standalone_exact_mw,503ee55b5ad1b1988379a241a0405811522ee4d50b473755532ad1299cb121e2,"{""distance"":5,""physical_error_rate"":0.0005}","{""detection_events"":137638,""detectors_checked"":66289664}"
    232448,         0,         0,    11.6,standalone_exact_mw,503ee55b5ad1b1988379a241a0405811522ee4d50b473755532ad1299cb121e2,"{""distance"":5,""physical_error_rate"":0.0005}","{""detection_events"":108182,""detectors_checked"":52068352}"
   2257920,         0,         0,    87.8,standalone_exact_mw,503ee55b5ad1b1988379a241a0405811522ee4d50b473755532ad1299cb121e2,"{""distance"":5,""physical_error_rate"":0.0005}","{""detection_events"":1047494,""detectors_checked"":505774080}"
    283648,         0,         0,    11.7,standalone_exact_mw,503ee55b5ad1b1988379a241a0405811522ee4d50b473755532ad1299cb121e2,"{""distance"":5,""physical_error_rate"":0.0005}","{""detection_events"":130908,""detectors_checked"":63537152}"
    261120,         0,         0,    11.6,standalone_exact_mw,503ee55b5ad1b1988379a241a0405811522ee4d50b473755532ad1299cb121e2,"{""distance"":5,""physical_error_rate"":0.0005}","{""detection_events"":120073,""detectors_checked"":58490880}"
    210944,         0,         0,    11.7,standalone_exact_mw,503ee55b5ad1b1988379a241a0405811522ee4d50b473755532ad1299cb121e2,"{""distance"":5,""physical_error_rate"":0.0005}","{""detection_events"":97749,""detectors_checked"":47251456}"
    292864,         0,         0,    11.6,standalone_exact_mw,503ee55b5ad1b1988379a241a0405811522ee4d50b473755532ad1299cb121e2,"{""distance"":5,""physical_error_rate"":0.0005}","{""detection_events"":136277,""detectors_checked"":65601536}"
   1892352,         1,         0,    87.7,standalone_exact_mw,503ee55b5ad1b1988379a241a0405811522ee4d50b473755532ad1299cb121e2,"{""distance"":5,""physical_error_rate"":0.0005}","{""detection_events"":878488,""detectors_checked"":423886848,""obs_mistake_mask=E"":1}"
    229376,         0,         0,    11.7,standalone_exact_mw,503ee55b5ad1b1988379a241a0405811522ee4d50b473755532ad1299cb121e2,"{""distance"":5,""physical_error_rate"":0.0005}","{""detection_events"":107002,""detectors_checked"":51380224}"
    714752,         0,         0,    32.0,standalone_exact_mw,503ee55b5ad1b1988379a241a0405811522ee4d50b473755532ad1299cb121e2,"{""distance"":5,""physical_error_rate"":0.0005}","{""detection_events"":331593,""detectors_checked"":160104448}"
    241664,         0,         0,    11.6,standalone_exact_mw,503ee55b5ad1b1988379a241a0405811522ee4d50b473755532ad1299cb121e2,"{""distance"":5,""physical_error_rate"":0.0005}","{""detection_events"":113544,""detectors_checked"":54132736}"
    664576,         0,         0,    32.0,standalone_exact_mw,503ee55b5ad1b1988379a241a0405811522ee4d50b473755532ad1299cb121e2,"{""distance"":5,""physical_error_rate"":0.0005}","{""detection_events"":308982,""detectors_checked"":148865024}"
   2018304,         0,         0,    87.8,standalone_exact_mw,503ee55b5ad1b1988379a241a0405811522ee4d50b473755532ad1299cb121e2,"{""distance"":5,""physical_error_rate"":0.0005}","{""detection_events"":938443,""detectors_checked"":452100096}"
    311296,         0,         0,    11.7,standalone_exact_mw,503ee55b5ad1b1988379a241a0405811522ee4d50b473755532ad1299cb121e2,"{""distance"":5,""physical_error_rate"":0.0005}","{""detection_events"":144783,""detectors_checked"":69730304}"
    718848,         0,         0,    31.9,standalone_exact_mw,503ee55b5ad1b1988379a241a0405811522ee4d50b473755532ad1299cb121e2,"{""distance"":5,""physical_error_rate"":0.0005}","{""detection_events"":334810,""detectors_checked"":161021952}"
    210944,         0,         0,    11.7,standalone_exact_mw,503ee55b5ad1b1988379a241a0405811522ee4d50b473755532ad1299cb121e2,"{""distance"":5,""physical_error_rate"":0.0005}","{""detection_events"":99086,""detectors_checked"":47251456}"
    269312,         0,         0,    11.7,standalone_exact_mw,503ee55b5ad1b1988379a241a0405811522ee4d50b473755532ad1299cb121e2,"{""distance"":5,""physical_error_rate"":0.0005}","{""detection_events"":124224,""detectors_checked"":60325888}"
   1530880,         0,         0,    87.8,standalone_exact_mw,503ee55b5ad1b1988379a241a0405811522ee4d50b473755532ad1299cb121e2,"{""distance"":5,""physical_error_rate"":0.0005}","{""detection_events"":712575,""detectors_checked"":342917120}"
    630784,         1,         0,    32.0,standalone_exact_mw,503ee55b5ad1b1988379a241a0405811522ee4d50b473755532ad1299cb121e2,"{""distance"":5,""physical_error_rate"":0.0005}","{""detection_events"":295538,""detectors_checked"":141295616,""obs_mistake_mask=E"":1}"
    242688,         0,         0,    11.6,standalone_exact_mw,503ee55b5ad1b1988379a241a0405811522ee4d50b473755532ad1299cb121e2,"{""distance"":5,""physical_error_rate"":0.0005}","{""detection_events"":113149,""detectors_checked"":54362112}"
   1891328,         1,         0,    87.7,standalone_exact_mw,503ee55b5ad1b1988379a241a0405811522ee4d50b473755532ad1299cb121e2,"{""distance"":5,""physical_error_rate"":0.0005}","{""detection_events"":881602,""detectors_checked"":423657472,""obs_mistake_mask=E"":1}"
   2631593,         0,         0,   118.6,standalone_exact_mw,503ee55b5ad1b1988379a241a0405811522ee4d50b473755532ad1299cb121e2,"{""distance"":5,""physical_error_rate"":0.0005}","{""detection_events"":1223476,""detectors_checked"":589476832}"
    694272,         1,         0,    31.9,standalone_exact_mw,503ee55b5ad1b1988379a241a0405811522ee4d50b473755532ad1299cb121e2,"{""distance"":5,""physical_error_rate"":0.0005}","{""detection_events"":323532,""detectors_checked"":155516928,""obs_mistake_mask=E"":1}"
    645120,         1,         0,    32.0,standalone_exact_mw,503ee55b5ad1b1988379a241a0405811522ee4d50b473755532ad1299cb121e2,"{""distance"":5,""physical_error_rate"":0.0005}","{""detection_events"":301634,""detectors_checked"":144506880,""obs_mistake_mask=E"":1}"
    730112,         0,         0,    31.9,standalone_exact_mw,503ee55b5ad1b1988379a241a0405811522ee4d50b473755532ad1299cb121e2,"{""distance"":5,""physical_error_rate"":0.0005}","{""detection_events"":339902,""detectors_checked"":163545088}"
    584704,         0,         0,    31.9,standalone_exact_mw,503ee55b5ad1b1988379a241a0405811522ee4d50b473755532ad1299cb121e2,"{""distance"":5,""physical_error_rate"":0.0005}","{""detection_events"":271485,""detectors_checked"":130973696}"
    245760,         0,         0,    11.6,standalone_exact_mw,503ee55b5ad1b1988379a241a0405811522ee4d50b473755532ad1299cb121e2,"{""distance"":5,""physical_error_rate"":0.0005}","{""detection_events"":113958,""detectors_checked"":55050240}"
    249856,         0,         0,    11.6,standalone_exact_mw,503ee55b5ad1b1988379a241a0405811522ee4d50b473755532ad1299cb121e2,"{""distance"":5,""physical_error_rate"":0.0005}","{""detection_events"":115838,""detectors_checked"":55967744}"
    692224,         0,         0,    32.0,standalone_exact_mw,503ee55b5ad1b1988379a241a0405811522ee4d50b473755532ad1299cb121e2,"{""distance"":5,""physical_error_rate"":0.0005}","{""detection_events"":322071,""detectors_checked"":155058176}"
    291840,         0,         0,    11.6,standalone_exact_mw,503ee55b5ad1b1988379a241a0405811522ee4d50b473755532ad1299cb121e2,"{""distance"":5,""physical_error_rate"":0.0005}","{""detection_events"":135878,""detectors_checked"":65372160}"
    481280,         1,         0,    16.4,standalone_exact_mw,503ee55b5ad1b1988379a241a0405811522ee4d50b473755532ad1299cb121e2,"{""distance"":5,""physical_error_rate"":0.0005}","{""detection_events"":223329,""detectors_checked"":107806720,""obs_mistake_mask=E"":1}"
    262144,         0,         0,    11.7,standalone_exact_mw,503ee55b5ad1b1988379a241a0405811522ee4d50b473755532ad1299cb121e2,"{""distance"":5,""physical_error_rate"":0.0005}","{""detection_events"":121720,""detectors_checked"":58720256}"
    259072,         0,         0,    11.7,standalone_exact_mw,503ee55b5ad1b1988379a241a0405811522ee4d50b473755532ad1299cb121e2,"{""distance"":5,""physical_error_rate"":0.0005}","{""detection_events"":120705,""detectors_checked"":58032128}"
    566272,         1,         0,    16.3,standalone_exact_mw,503ee55b5ad1b1988379a241a0405811522ee4d50b473755532ad1299cb121e2,"{""distance"":5,""physical_error_rate"":0.0005}","{""detection_events"":262974,""detectors_checked"":126844928,""obs_mistake_mask=E"":1}"
   2306219,         0,         0,    93.9,standalone_exact_mw,503ee55b5ad1b1988379a241a0405811522ee4d50b473755532ad1299cb121e2,"{""distance"":5,""physical_error_rate"":0.0005}","{""detection_events"":1073245,""detectors_checked"":516593056}"
   2220032,         0,         0,   104.8,standalone_exact_mw,503ee55b5ad1b1988379a241a0405811522ee4d50b473755532ad1299cb121e2,"{""distance"":5,""physical_error_rate"":0.0005}","{""detection_events"":1032573,""detectors_checked"":497287168}"
   2210816,         0,         0,    99.9,standalone_exact_mw,503ee55b5ad1b1988379a241a0405811522ee4d50b473755532ad1299cb121e2,"{""distance"":5,""physical_error_rate"":0.0005}","{""detection_events"":1029556,""detectors_checked"":495222784}"
    538624,         0,         0,    16.3,standalone_exact_mw,503ee55b5ad1b1988379a241a0405811522ee4d50b473755532ad1299cb121e2,"{""distance"":5,""physical_error_rate"":0.0005}","{""detection_events"":249551,""detectors_checked"":120651776}"
    302080,         0,         0,    16.3,standalone_exact_mw,503ee55b5ad1b1988379a241a0405811522ee4d50b473755532ad1299cb121e2,"{""distance"":5,""physical_error_rate"":0.0005}","{""detection_events"":139985,""detectors_checked"":67665920}"
    331776,         0,         0,    16.3,standalone_exact_mw,503ee55b5ad1b1988379a241a0405811522ee4d50b473755532ad1299cb121e2,"{""distance"":5,""physical_error_rate"":0.0005}","{""detection_events"":154295,""detectors_checked"":74317824}"
    331776,         0,         0,    16.3,standalone_exact_mw,503ee55b5ad1b1988379a241a0405811522ee4d50b473755532ad1299cb121e2,"{""distance"":5,""physical_error_rate"":0.0005}","{""detection_events"":154103,""detectors_checked"":74317824}"
    646144,         0,         0,    16.4,standalone_exact_mw,503ee55b5ad1b1988379a241a0405811522ee4d50b473755532ad1299cb121e2,"{""distance"":5,""physical_error_rate"":0.0005}","{""detection_events"":301142,""detectors_checked"":144736256}"
    297984,         0,         0,    16.3,standalone_exact_mw,503ee55b5ad1b1988379a241a0405811522ee4d50b473755532ad1299cb121e2,"{""distance"":5,""physical_error_rate"":0.0005}","{""detection_events"":139520,""detectors_checked"":66748416}"
   2181080,         1,         0,    98.4,standalone_exact_mw,503ee55b5ad1b1988379a241a0405811522ee4d50b473755532ad1299cb121e2,"{""distance"":5,""physical_error_rate"":0.0005}","{""detection_events"":1014371,""detectors_checked"":488561920,""obs_mistake_mask=E"":1}"
    406528,         0,         0,    16.3,standalone_exact_mw,503ee55b5ad1b1988379a241a0405811522ee4d50b473755532ad1299cb121e2,"{""distance"":5,""physical_error_rate"":0.0005}","{""detection_events"":189417,""detectors_checked"":91062272}"
    311296,         0,         0,    16.3,standalone_exact_mw,503ee55b5ad1b1988379a241a0405811522ee4d50b473755532ad1299cb121e2,"{""distance"":5,""physical_error_rate"":0.0005}","{""detection_events"":144216,""detectors_checked"":69730304}"
    419840,         0,         0,    16.4,standalone_exact_mw,503ee55b5ad1b1988379a241a0405811522ee4d50b473755532ad1299cb121e2,"{""distance"":5,""physical_error_rate"":0.0005}","{""detection_events"":195612,""detectors_checked"":94044160}"
    291840,         0,         0,    16.4,standalone_exact_mw,503ee55b5ad1b1988379a241a0405811522ee4d50b473755532ad1299cb121e2,"{""distance"":5,""physical_error_rate"":0.0005}","{""detection_events"":136079,""detectors_checked"":65372160}"
    384000,         0,         0,    16.2,standalone_exact_mw,503ee55b5ad1b1988379a241a0405811522ee4d50b473755532ad1299cb121e2,"{""distance"":5,""physical_error_rate"":0.0005}","{""detection_events"":178384,""detectors_checked"":86016000}"
    328704,         0,         0,    16.3,standalone_exact_mw,503ee55b5ad1b1988379a241a0405811522ee4d50b473755532ad1299cb121e2,"{""distance"":5,""physical_error_rate"":0.0005}","{""detection_events"":153162,""detectors_checked"":73629696}"
    357376,         1,         0,    16.2,standalone_exact_mw,503ee55b5ad1b1988379a241a0405811522ee4d50b473755532ad1299cb121e2,"{""distance"":5,""physical_error_rate"":0.0005}","{""detection_events"":165877,""detectors_checked"":80052224,""obs_mistake_mask=E"":1}"
    335872,         1,         0,    16.3,standalone_exact_mw,503ee55b5ad1b1988379a241a0405811522ee4d50b473755532ad1299cb121e2,"{""distance"":5,""physical_error_rate"":0.0005}","{""detection_events"":155943,""detectors_checked"":75235328,""obs_mistake_mask=E"":1}"
    345088,         0,         0,    16.2,standalone_exact_mw,503ee55b5ad1b1988379a241a0405811522ee4d50b473755532ad1299cb121e2,"{""distance"":5,""physical_error_rate"":0.0005}","{""detection_events"":160883,""detectors_checked"":77299712}"
    371712,         0,         0,    16.3,standalone_exact_mw,503ee55b5ad1b1988379a241a0405811522ee4d50b473755532ad1299cb121e2,"{""distance"":5,""physical_error_rate"":0.0005}","{""detection_events"":173200,""detectors_checked"":83263488}"
    348160,         0,         0,    16.3,standalone_exact_mw,503ee55b5ad1b1988379a241a0405811522ee4d50b473755532ad1299cb121e2,"{""distance"":5,""physical_error_rate"":0.0005}","{""detection_events"":161815,""detectors_checked"":77987840}"
    343040,         0,         0,    16.3,standalone_exact_mw,503ee55b5ad1b1988379a241a0405811522ee4d50b473755532ad1299cb121e2,"{""distance"":5,""physical_error_rate"":0.0005}","{""detection_events"":158624,""detectors_checked"":76840960}"
    353280,         0,         0,    16.3,standalone_exact_mw,503ee55b5ad1b1988379a241a0405811522ee4d50b473755532ad1299cb121e2,"{""distance"":5,""physical_error_rate"":0.0005}","{""detection_events"":165053,""detectors_checked"":79134720}"
   2039513,         2,         0,   101.1,standalone_exact_mw,503ee55b5ad1b1988379a241a0405811522ee4d50b473755532ad1299cb121e2,"{""distance"":5,""physical_error_rate"":0.0005}","{""detection_events"":946955,""detectors_checked"":456850912,""obs_mistake_mask=E"":2}"
    330752,         1,         0,    16.3,standalone_exact_mw,503ee55b5ad1b1988379a241a0405811522ee4d50b473755532ad1299cb121e2,"{""distance"":5,""physical_error_rate"":0.0005}","{""detection_events"":153289,""detectors_checked"":74088448,""obs_mistake_mask=E"":1}"
    347136,         0,         0,    16.3,standalone_exact_mw,503ee55b5ad1b1988379a241a0405811522ee4d50b473755532ad1299cb121e2,"{""distance"":5,""physical_error_rate"":0.0005}","{""detection_events"":162859,""detectors_checked"":77758464}"
    334848,         0,         0,    16.2,standalone_exact_mw,503ee55b5ad1b1988379a241a0405811522ee4d50b473755532ad1299cb121e2,"{""distance"":5,""physical_error_rate"":0.0005}","{""detection_events"":155492,""detectors_checked"":75005952}"
    358400,         0,         0,    16.2,standalone_exact_mw,503ee55b5ad1b1988379a241a0405811522ee4d50b473755532ad1299cb121e2,"{""distance"":5,""physical_error_rate"":0.0005}","{""detection_events"":167236,""detectors_checked"":80281600}"
    368640,         1,         0,    16.2,standalone_exact_mw,503ee55b5ad1b1988379a241a0405811522ee4d50b473755532ad1299cb121e2,"{""distance"":5,""physical_error_rate"":0.0005}","{""detection_events"":171302,""detectors_checked"":82575360,""obs_mistake_mask=E"":1}"
    342016,         0,         0,    16.2,standalone_exact_mw,503ee55b5ad1b1988379a241a0405811522ee4d50b473755532ad1299cb121e2,"{""distance"":5,""physical_error_rate"":0.0005}","{""detection_events"":160058,""detectors_checked"":76611584}"
    369664,         0,         0,    16.3,standalone_exact_mw,503ee55b5ad1b1988379a241a0405811522ee4d50b473755532ad1299cb121e2,"{""distance"":5,""physical_error_rate"":0.0005}","{""detection_events"":171721,""detectors_checked"":82804736}"
    353280,         0,         0,    16.3,standalone_exact_mw,503ee55b5ad1b1988379a241a0405811522ee4d50b473755532ad1299cb121e2,"{""distance"":5,""physical_error_rate"":0.0005}","{""detection_events"":166659,""detectors_checked"":79134720}"
    455680,         1,         0,    16.3,standalone_exact_mw,503ee55b5ad1b1988379a241a0405811522ee4d50b473755532ad1299cb121e2,"{""distance"":5,""physical_error_rate"":0.0005}","{""detection_events"":211060,""detectors_checked"":102072320,""obs_mistake_mask=E"":1}"
    185344,         0,         0,    16.3,standalone_exact_mw,503ee55b5ad1b1988379a241a0405811522ee4d50b473755532ad1299cb121e2,"{""distance"":5,""physical_error_rate"":0.0005}","{""detection_events"":86256,""detectors_checked"":41517056}"
    313344,         0,         0,    16.4,standalone_exact_mw,503ee55b5ad1b1988379a241a0405811522ee4d50b473755532ad1299cb121e2,"{""distance"":5,""physical_error_rate"":0.0005}","{""detection_events"":145313,""detectors_checked"":70189056}"
    720896,         0,         0,    22.9,standalone_exact_mw,503ee55b5ad1b1988379a241a0405811522ee4d50b473755532ad1299cb121e2,"{""distance"":5,""physical_error_rate"":0.0005}","{""detection_events"":336752,""detectors_checked"":161480704}"
   1935821,         1,         0,    86.7,standalone_exact_mw,503ee55b5ad1b1988379a241a0405811522ee4d50b473755532ad1299cb121e2,"{""distance"":5,""physical_error_rate"":0.0005}","{""detection_events"":903801,""detectors_checked"":433623904,""obs_mistake_mask=E"":1}"
   1864704,         0,         0,    90.6,standalone_exact_mw,503ee55b5ad1b1988379a241a0405811522ee4d50b473755532ad1299cb121e2,"{""distance"":5,""physical_error_rate"":0.0005}","{""detection_events"":867779,""detectors_checked"":417693696}"
    883712,         2,         0,    22.9,standalone_exact_mw,503ee55b5ad1b1988379a241a0405811522ee4d50b473755532ad1299cb121e2,"{""distance"":5,""physical_error_rate"":0.0005}","{""detection_events"":411538,""detectors_checked"":197951488,""obs_mistake_mask=E"":2}"
   1835574,         1,         0,    38.5,standalone_exact_mw,503ee55b5ad1b1988379a241a0405811522ee4d50b473755532ad1299cb121e2,"{""distance"":5,""physical_error_rate"":0.0005}","{""detection_events"":855449,""detectors_checked"":411168576,""obs_mistake_mask=E"":1}"
    702464,         0,         0,    22.9,standalone_exact_mw,503ee55b5ad1b1988379a241a0405811522ee4d50b473755532ad1299cb121e2,"{""distance"":5,""physical_error_rate"":0.0005}","{""detection_events"":326523,""detectors_checked"":157351936}"
    609280,         0,         0,    22.8,standalone_exact_mw,503ee55b5ad1b1988379a241a0405811522ee4d50b473755532ad1299cb121e2,"{""distance"":5,""physical_error_rate"":0.0005}","{""detection_events"":283512,""detectors_checked"":136478720}"
    223232,         0,         0,    22.8,standalone_exact_mw,503ee55b5ad1b1988379a241a0405811522ee4d50b473755532ad1299cb121e2,"{""distance"":5,""physical_error_rate"":0.0005}","{""detection_events"":104086,""detectors_checked"":50003968}"
    497664,         1,         0,    22.8,standalone_exact_mw,503ee55b5ad1b1988379a241a0405811522ee4d50b473755532ad1299cb121e2,"{""distance"":5,""physical_error_rate"":0.0005}","{""detection_events"":231630,""detectors_checked"":111476736,""obs_mistake_mask=E"":1}"
    916480,         0,         0,    22.8,standalone_exact_mw,503ee55b5ad1b1988379a241a0405811522ee4d50b473755532ad1299cb121e2,"{""distance"":5,""physical_error_rate"":0.0005}","{""detection_events"":425752,""detectors_checked"":205291520}"
    464896,         0,         0,    22.8,standalone_exact_mw,503ee55b5ad1b1988379a241a0405811522ee4d50b473755532ad1299cb121e2,"{""distance"":5,""physical_error_rate"":0.0005}","{""detection_events"":216089,""detectors_checked"":104136704}"
    670720,         0,         0,    22.8,standalone_exact_mw,503ee55b5ad1b1988379a241a0405811522ee4d50b473755532ad1299cb121e2,"{""distance"":5,""physical_error_rate"":0.0005}","{""detection_events"":310689,""detectors_checked"":150241280}"
    500736,         0,         0,    22.8,standalone_exact_mw,503ee55b5ad1b1988379a241a0405811522ee4d50b473755532ad1299cb121e2,"{""distance"":5,""physical_error_rate"":0.0005}","{""detection_events"":231867,""detectors_checked"":112164864}"
    458752,         0,         0,    22.8,standalone_exact_mw,503ee55b5ad1b1988379a241a0405811522ee4d50b473755532ad1299cb121e2,"{""distance"":5,""physical_error_rate"":0.0005}","{""detection_events"":214551,""detectors_checked"":102760448}"
    436224,         0,         0,    22.9,standalone_exact_mw,503ee55b5ad1b1988379a241a0405811522ee4d50b473755532ad1299cb121e2,"{""distance"":5,""physical_error_rate"":0.0005}","{""detection_events"":201683,""detectors_checked"":97714176}"
    624640,         1,         0,    22.9,standalone_exact_mw,503ee55b5ad1b1988379a241a0405811522ee4d50b473755532ad1299cb121e2,"{""distance"":5,""physical_error_rate"":0.0005}","{""detection_events"":292189,""detectors_checked"":139919360,""obs_mistake_mask=E"":1}"
    505856,         0,         0,    22.7,standalone_exact_mw,503ee55b5ad1b1988379a241a0405811522ee4d50b473755532ad1299cb121e2,"{""distance"":5,""physical_error_rate"":0.0005}","{""detection_events"":234414,""detectors_checked"":113311744}"
   1571840,         1,         0,    44.7,standalone_exact_mw,503ee55b5ad1b1988379a241a0405811522ee4d50b473755532ad1299cb121e2,"{""distance"":5,""physical_error_rate"":0.0005}","{""detection_events"":731818,""detectors_checked"":352092160,""obs_mistake_mask=E"":1}"
    652288,         0,         0,    22.8,standalone_exact_mw,503ee55b5ad1b1988379a241a0405811522ee4d50b473755532ad1299cb121e2,"{""distance"":5,""physical_error_rate"":0.0005}","{""detection_events"":304611,""detectors_checked"":146112512}"
    521216,         1,         0,    22.9,standalone_exact_mw,503ee55b5ad1b1988379a241a0405811522ee4d50b473755532ad1299cb121e2,"{""distance"":5,""physical_error_rate"":0.0005}","{""detection_events"":241410,""detectors_checked"":116752384,""obs_mistake_mask=E"":1}"
    483328,         1,         0,    22.8,standalone_exact_mw,503ee55b5ad1b1988379a241a0405811522ee4d50b473755532ad1299cb121e2,"{""distance"":5,""physical_error_rate"":0.0005}","{""detection_events"":224758,""detectors_checked"":108265472,""obs_mistake_mask=E"":1}"
    595968,         0,         0,    22.8,standalone_exact_mw,503ee55b5ad1b1988379a241a0405811522ee4d50b473755532ad1299cb121e2,"{""distance"":5,""physical_error_rate"":0.0005}","{""detection_events"":277992,""detectors_checked"":133496832}"
    506880,         0,         0,    22.8,standalone_exact_mw,503ee55b5ad1b1988379a241a0405811522ee4d50b473755532ad1299cb121e2,"{""distance"":5,""physical_error_rate"":0.0005}","{""detection_events"":235950,""detectors_checked"":113541120}"
    517120,         1,         0,    22.8,standalone_exact_mw,503ee55b5ad1b1988379a241a0405811522ee4d50b473755532ad1299cb121e2,"{""distance"":5,""physical_error_rate"":0.0005}","{""detection_events"":240822,""detectors_checked"":115834880,""obs_mistake_mask=E"":1}"
    490496,         0,         0,    22.9,standalone_exact_mw,503ee55b5ad1b1988379a241a0405811522ee4d50b473755532ad1299cb121e2,"{""distance"":5,""physical_error_rate"":0.0005}","{""detection_events"":227399,""detectors_checked"":109871104}"
    474112,         0,         0,    22.8,standalone_exact_mw,503ee55b5ad1b1988379a241a0405811522ee4d50b473755532ad1299cb121e2,"{""distance"":5,""physical_error_rate"":0.0005}","{""detection_events"":219513,""detectors_checked"":106201088}"
    651264,         0,         0,    22.8,standalone_exact_mw,503ee55b5ad1b1988379a241a0405811522ee4d50b473755532ad1299cb121e2,"{""distance"":5,""physical_error_rate"":0.0005}","{""detection_events"":303987,""detectors_checked"":145883136}"
    504832,         0,         0,    22.9,standalone_exact_mw,503ee55b5ad1b1988379a241a0405811522ee4d50b473755532ad1299cb121e2,"{""distance"":5,""physical_error_rate"":0.0005}","{""detection_events"":234484,""detectors_checked"":113082368}"
    607232,         0,         0,    22.9,standalone_exact_mw,503ee55b5ad1b1988379a241a0405811522ee4d50b473755532ad1299cb121e2,"{""distance"":5,""physical_error_rate"":0.0005}","{""detection_events"":280291,""detectors_checked"":136019968}"
    439296,         0,         0,    22.9,standalone_exact_mw,503ee55b5ad1b1988379a241a0405811522ee4d50b473755532ad1299cb121e2,"{""distance"":5,""physical_error_rate"":0.0005}","{""detection_events"":204357,""detectors_checked"":98402304}"
    566272,         0,         0,    22.9,standalone_exact_mw,503ee55b5ad1b1988379a241a0405811522ee4d50b473755532ad1299cb121e2,"{""distance"":5,""physical_error_rate"":0.0005}","{""detection_events"":263929,""detectors_checked"":126844928}"
    192109,         0,         0,    6.27,standalone_exact_mw,503ee55b5ad1b1988379a241a0405811522ee4d50b473755532ad1299cb121e2,"{""distance"":5,""physical_error_rate"":0.0005}","{""detection_events"":89624,""detectors_checked"":43032416}"
   1563648,         1,         0,    67.2,standalone_exact_mw,503ee55b5ad1b1988379a241a0405811522ee4d50b473755532ad1299cb121e2,"{""distance"":5,""physical_error_rate"":0.0005}","{""detection_events"":726320,""detectors_checked"":350257152,""obs_mistake_mask=E"":1}"
   1559552,         0,         0,    72.2,standalone_exact_mw,503ee55b5ad1b1988379a241a0405811522ee4d50b473755532ad1299cb121e2,"{""distance"":5,""physical_error_rate"":0.0005}","{""detection_events"":724908,""detectors_checked"":349339648}"
    468992,         0,         0,    22.8,standalone_exact_mw,503ee55b5ad1b1988379a241a0405811522ee4d50b473755532ad1299cb121e2,"{""distance"":5,""physical_error_rate"":0.0005}","{""detection_events"":217226,""detectors_checked"":105054208}"
    528384,         0,         0,    22.8,standalone_exact_mw,503ee55b5ad1b1988379a241a0405811522ee4d50b473755532ad1299cb121e2,"{""distance"":5,""physical_error_rate"":0.0005}","{""detection_events"":245630,""detectors_checked"":118358016}"
    403456,         0,         0,    22.8,standalone_exact_mw,503ee55b5ad1b1988379a241a0405811522ee4d50b473755532ad1299cb121e2,"{""distance"":5,""physical_error_rate"":0.0005}","{""detection_events"":187669,""detectors_checked"":90374144}"
    923648,         2,         0,    44.6,standalone_exact_mw,503ee55b5ad1b1988379a241a0405811522ee4d50b473755532ad1299cb121e2,"{""distance"":5,""physical_error_rate"":0.0005}","{""detection_events"":428633,""detectors_checked"":206897152,""obs_mistake_mask=E"":2}"
   1523556,         0,         0,    51.5,standalone_exact_mw,503ee55b5ad1b1988379a241a0405811522ee4d50b473755532ad1299cb121e2,"{""distance"":5,""physical_error_rate"":0.0005}","{""detection_events"":709215,""detectors_checked"":341276544}"
   1415168,         0,         0,    47.0,standalone_exact_mw,503ee55b5ad1b1988379a241a0405811522ee4d50b473755532ad1299cb121e2,"{""distance"":5,""physical_error_rate"":0.0005}","{""detection_events"":655338,""detectors_checked"":316997632}"
   1517568,         0,         0,    74.5,standalone_exact_mw,503ee55b5ad1b1988379a241a0405811522ee4d50b473755532ad1299cb121e2,"{""distance"":5,""physical_error_rate"":0.0005}","{""detection_events"":705231,""detectors_checked"":339935232}"
    950272,         0,         0,    44.7,standalone_exact_mw,503ee55b5ad1b1988379a241a0405811522ee4d50b473755532ad1299cb121e2,"{""distance"":5,""physical_error_rate"":0.0005}","{""detection_events"":439877,""detectors_checked"":212860928}"
   1126400,         0,         0,    44.6,standalone_exact_mw,503ee55b5ad1b1988379a241a0405811522ee4d50b473755532ad1299cb121e2,"{""distance"":5,""physical_error_rate"":0.0005}","{""detection_events"":525238,""detectors_checked"":252313600}"
   1010688,         0,         0,    44.6,standalone_exact_mw,503ee55b5ad1b1988379a241a0405811522ee4d50b473755532ad1299cb121e2,"{""distance"":5,""physical_error_rate"":0.0005}","{""detection_events"":471072,""detectors_checked"":226394112}"
   1414630,         2,         0,    74.9,standalone_exact_mw,503ee55b5ad1b1988379a241a0405811522ee4d50b473755532ad1299cb121e2,"{""distance"":5,""physical_error_rate"":0.0005}","{""detection_events"":657754,""detectors_checked"":316877120,""obs_mistake_mask=E"":2}"
   1306624,         1,         0,    53.6,standalone_exact_mw,503ee55b5ad1b1988379a241a0405811522ee4d50b473755532ad1299cb121e2,"{""distance"":5,""physical_error_rate"":0.0005}","{""detection_events"":605749,""detectors_checked"":292683776,""obs_mistake_mask=E"":1}"
    296960,         0,         0,    22.8,standalone_exact_mw,503ee55b5ad1b1988379a241a0405811522ee4d50b473755532ad1299cb121e2,"{""distance"":5,""physical_error_rate"":0.0005}","{""detection_events"":138122,""detectors_checked"":66519040}"
   1373184,         1,         0,    59.0,standalone_exact_mw,503ee55b5ad1b1988379a241a0405811522ee4d50b473755532ad1299cb121e2,"{""distance"":5,""physical_error_rate"":0.0005}","{""detection_events"":639701,""detectors_checked"":307593216,""obs_mistake_mask=E"":1}"
    275456,         0,         0,    22.9,standalone_exact_mw,503ee55b5ad1b1988379a241a0405811522ee4d50b473755532ad1299cb121e2,"{""distance"":5,""physical_error_rate"":0.0005}","{""detection_events"":127289,""detectors_checked"":61702144}"
    559104,         0,         0,    44.7,standalone_exact_mw,503ee55b5ad1b1988379a241a0405811522ee4d50b473755532ad1299cb121e2,"{""distance"":5,""physical_error_rate"":0.0005}","{""detection_events"":259721,""detectors_checked"":125239296}"
   1045504,         0,         0,    44.7,standalone_exact_mw,503ee55b5ad1b1988379a241a0405811522ee4d50b473755532ad1299cb121e2,"{""distance"":5,""physical_error_rate"":0.0005}","{""detection_events"":485578,""detectors_checked"":234192896}"
   1000448,         1,         0,    44.7,standalone_exact_mw,503ee55b5ad1b1988379a241a0405811522ee4d50b473755532ad1299cb121e2,"{""distance"":5,""physical_error_rate"":0.0005}","{""detection_events"":465013,""detectors_checked"":224100352,""obs_mistake_mask=E"":1}"
   1113088,         0,         0,    44.7,standalone_exact_mw,503ee55b5ad1b1988379a241a0405811522ee4d50b473755532ad1299cb121e2,"{""distance"":5,""physical_error_rate"":0.0005}","{""detection_events"":517566,""detectors_checked"":249331712}"
    734208,         0,         0,    44.8,standalone_exact_mw,503ee55b5ad1b1988379a241a0405811522ee4d50b473755532ad1299cb121e2,"{""distance"":5,""physical_error_rate"":0.0005}","{""detection_events"":342238,""detectors_checked"":164462592}"
   1298462,         0,         0,    53.7,standalone_exact_mw,503ee55b5ad1b1988379a241a0405811522ee4d50b473755532ad1299cb121e2,"{""distance"":5,""physical_error_rate"":0.0005}","{""detection_events"":605506,""detectors_checked"":290855488}"
   1157790,         0,         0,    53.1,standalone_exact_mw,503ee55b5ad1b1988379a241a0405811522ee4d50b473755532ad1299cb121e2,"{""distance"":5,""physical_error_rate"":0.0005}","{""detection_events"":538027,""detectors_checked"":259344960}"
   1139699,         0,         0,    52.2,standalone_exact_mw,503ee55b5ad1b1988379a241a0405811522ee4d50b473755532ad1299cb121e2,"{""distance"":5,""physical_error_rate"":0.0005}","{""detection_events"":530149,""detectors_checked"":255292576}"
   1121892,         1,         0,    53.8,standalone_exact_mw,503ee55b5ad1b1988379a241a0405811522ee4d50b473755532ad1299cb121e2,"{""distance"":5,""physical_error_rate"":0.0005}","{""detection_events"":521708,""detectors_checked"":251303808,""obs_mistake_mask=E"":1}"
   1104362,         0,         0,    67.0,standalone_exact_mw,503ee55b5ad1b1988379a241a0405811522ee4d50b473755532ad1299cb121e2,"{""distance"":5,""physical_error_rate"":0.0005}","{""detection_events"":511712,""detectors_checked"":247377088}"
   1099776,         0,         0,    22.1,standalone_exact_mw,503ee55b5ad1b1988379a241a0405811522ee4d50b473755532ad1299cb121e2,"{""distance"":5,""physical_error_rate"":0.0005}","{""detection_events"":512660,""detectors_checked"":246349824}"
   1087106,         0,         0,    44.9,standalone_exact_mw,503ee55b5ad1b1988379a241a0405811522ee4d50b473755532ad1299cb121e2,"{""distance"":5,""physical_error_rate"":0.0005}","{""detection_events"":505428,""detectors_checked"":243511744}"
   1052936,         0,         0,    44.3,standalone_exact_mw,503ee55b5ad1b1988379a241a0405811522ee4d50b473755532ad1299cb121e2,"{""distance"":5,""physical_error_rate"":0.0005}","{""detection_events"":490919,""detectors_checked"":235857664}"
   1036484,         0,         0,    48.6,standalone_exact_mw,503ee55b5ad1b1988379a241a0405811522ee4d50b473755532ad1299cb121e2,"{""distance"":5,""physical_error_rate"":0.0005}","{""detection_events"":485091,""detectors_checked"":232172416}"
   1003520,         0,         0,    31.9,standalone_exact_mw,503ee55b5ad1b1988379a241a0405811522ee4d50b473755532ad1299cb121e2,"{""distance"":5,""physical_error_rate"":0.0005}","{""detection_events"":465156,""detectors_checked"":224788480}"
     16769,         0,         0,   0.475,standalone_exact_mw,503ee55b5ad1b1988379a241a0405811522ee4d50b473755532ad1299cb121e2,"{""distance"":5,""physical_error_rate"":0.0005}","{""detection_events"":8251,""detectors_checked"":3756256}"
   1004347,         1,         0,    51.3,standalone_exact_mw,503ee55b5ad1b1988379a241a0405811522ee4d50b473755532ad1299cb121e2,"{""distance"":5,""physical_error_rate"":0.0005}","{""detection_events"":467000,""detectors_checked"":224973728,""obs_mistake_mask=E"":1}"
    890880,         1,         0,    31.9,standalone_exact_mw,503ee55b5ad1b1988379a241a0405811522ee4d50b473755532ad1299cb121e2,"{""distance"":5,""physical_error_rate"":0.0005}","{""detection_events"":415062,""detectors_checked"":199557120,""obs_mistake_mask=E"":1}"
    988654,         0,         0,    28.9,standalone_exact_mw,503ee55b5ad1b1988379a241a0405811522ee4d50b473755532ad1299cb121e2,"{""distance"":5,""physical_error_rate"":0.0005}","{""detection_events"":458791,""detectors_checked"":221458496}"
    969728,         0,         0,    62.5,standalone_exact_mw,503ee55b5ad1b1988379a241a0405811522ee4d50b473755532ad1299cb121e2,"{""distance"":5,""physical_error_rate"":0.0005}","{""detection_events"":449182,""detectors_checked"":217219072}"
    971776,         1,         0,    29.6,standalone_exact_mw,503ee55b5ad1b1988379a241a0405811522ee4d50b473755532ad1299cb121e2,"{""distance"":5,""physical_error_rate"":0.0005}","{""detection_events"":453538,""detectors_checked"":217677824,""obs_mistake_mask=E"":1}"
    676864,         0,         0,    31.7,standalone_exact_mw,503ee55b5ad1b1988379a241a0405811522ee4d50b473755532ad1299cb121e2,"{""distance"":5,""physical_error_rate"":0.0005}","{""detection_events"":316043,""detectors_checked"":151617536}"
    638976,         0,         0,    31.7,standalone_exact_mw,503ee55b5ad1b1988379a241a0405811522ee4d50b473755532ad1299cb121e2,"{""distance"":5,""physical_error_rate"":0.0005}","{""detection_events"":297256,""detectors_checked"":143130624}"
    695296,         1,         0,    31.7,standalone_exact_mw,503ee55b5ad1b1988379a241a0405811522ee4d50b473755532ad1299cb121e2,"{""distance"":5,""physical_error_rate"":0.0005}","{""detection_events"":323843,""detectors_checked"":155746304,""obs_mistake_mask=E"":1}"
    689152,         0,         0,    31.8,standalone_exact_mw,503ee55b5ad1b1988379a241a0405811522ee4d50b473755532ad1299cb121e2,"{""distance"":5,""physical_error_rate"":0.0005}","{""detection_events"":321334,""detectors_checked"":154370048}"
    610304,         0,         0,    32.0,standalone_exact_mw,503ee55b5ad1b1988379a241a0405811522ee4d50b473755532ad1299cb121e2,"{""distance"":5,""physical_error_rate"":0.0005}","{""detection_events"":284311,""detectors_checked"":136708096}"
    663552,         0,         0,    31.9,standalone_exact_mw,503ee55b5ad1b1988379a241a0405811522ee4d50b473755532ad1299cb121e2,"{""distance"":5,""physical_error_rate"":0.0005}","{""detection_events"":307329,""detectors_checked"":148635648}"
    623616,         0,         0,    31.9,standalone_exact_mw,503ee55b5ad1b1988379a241a0405811522ee4d50b473755532ad1299cb121e2,"{""distance"":5,""physical_error_rate"":0.0005}","{""detection_events"":290597,""detectors_checked"":139689984}"
    699392,         0,         0,    31.9,standalone_exact_mw,503ee55b5ad1b1988379a241a0405811522ee4d50b473755532ad1299cb121e2,"{""distance"":5,""physical_error_rate"":0.0005}","{""detection_events"":325348,""detectors_checked"":156663808}"
    666624,         0,         0,    31.9,standalone_exact_mw,503ee55b5ad1b1988379a241a0405811522ee4d50b473755532ad1299cb121e2,"{""distance"":5,""physical_error_rate"":0.0005}","{""detection_events"":308987,""detectors_checked"":149323776}"
    692224,         0,         0,    31.9,standalone_exact_mw,503ee55b5ad1b1988379a241a0405811522ee4d50b473755532ad1299cb121e2,"{""distance"":5,""physical_error_rate"":0.0005}","{""detection_events"":321803,""detectors_checked"":155058176}"
    687104,         0,         0,    31.8,standalone_exact_mw,503ee55b5ad1b1988379a241a0405811522ee4d50b473755532ad1299cb121e2,"{""distance"":5,""physical_error_rate"":0.0005}","{""detection_events"":319230,""detectors_checked"":153911296}"
    702464,         1,         0,    31.9,standalone_exact_mw,503ee55b5ad1b1988379a241a0405811522ee4d50b473755532ad1299cb121e2,"{""distance"":5,""physical_error_rate"":0.0005}","{""detection_events"":327174,""detectors_checked"":157351936,""obs_mistake_mask=E"":1}"
    735232,         2,         0,    31.9,standalone_exact_mw,503ee55b5ad1b1988379a241a0405811522ee4d50b473755532ad1299cb121e2,"{""distance"":5,""physical_error_rate"":0.0005}","{""detection_events"":340503,""detectors_checked"":164691968,""obs_mistake_mask=E"":2}"
    959287,         2,         0,    39.0,standalone_exact_mw,503ee55b5ad1b1988379a241a0405811522ee4d50b473755532ad1299cb121e2,"{""distance"":5,""physical_error_rate"":0.0005}","{""detection_events"":445656,""detectors_checked"":214880288,""obs_mistake_mask=E"":2}"
    778240,         0,         0,    31.5,standalone_exact_mw,503ee55b5ad1b1988379a241a0405811522ee4d50b473755532ad1299cb121e2,"{""distance"":5,""physical_error_rate"":0.0005}","{""detection_events"":362579,""detectors_checked"":174325760}"
    954368,         0,         0,    52.8,standalone_exact_mw,503ee55b5ad1b1988379a241a0405811522ee4d50b473755532ad1299cb121e2,"{""distance"":5,""physical_error_rate"":0.0005}","{""detection_events"":442715,""detectors_checked"":213778432}"
    931840,         1,         0,    26.0,standalone_exact_mw,503ee55b5ad1b1988379a241a0405811522ee4d50b473755532ad1299cb121e2,"{""distance"":5,""physical_error_rate"":0.0005}","{""detection_events"":433737,""detectors_checked"":208732160,""obs_mistake_mask=E"":1}"
    936960,         0,         0,    39.0,standalone_exact_mw,503ee55b5ad1b1988379a241a0405811522ee4d50b473755532ad1299cb121e2,"{""distance"":5,""physical_error_rate"":0.0005}","{""detection_events"":436162,""detectors_checked"":209879040}"
    717824,         0,         0,    31.8,standalone_exact_mw,503ee55b5ad1b1988379a241a0405811522ee4d50b473755532ad1299cb121e2,"{""distance"":5,""physical_error_rate"":0.0005}","{""detection_events"":332829,""detectors_checked"":160792576}"
    587776,         1,         0,    31.8,standalone_exact_mw,503ee55b5ad1b1988379a241a0405811522ee4d50b473755532ad1299cb121e2,"{""distance"":5,""physical_error_rate"":0.0005}","{""detection_events"":272185,""detectors_checked"":131661824,""obs_mistake_mask=E"":1}"
    756736,         0,         0,    31.8,standalone_exact_mw,503ee55b5ad1b1988379a241a0405811522ee4d50b473755532ad1299cb121e2,"{""distance"":5,""physical_error_rate"":0.0005}","{""detection_events"":351296,""detectors_checked"":169508864}"
     20026,         0,         0,   0.983,standalone_exact_mw,503ee55b5ad1b1988379a241a0405811522ee4d50b473755532ad1299cb121e2,"{""distance"":5,""physical_error_rate"":0.0005}","{""detection_events"":9285,""detectors_checked"":4485824}"
    696320,         1,         0,    14.2,standalone_exact_mw,503ee55b5ad1b1988379a241a0405811522ee4d50b473755532ad1299cb121e2,"{""distance"":5,""physical_error_rate"":0.0005}","{""detection_events"":324807,""detectors_checked"":155975680,""obs_mistake_mask=E"":1}"
    776762,         0,         0,    30.1,standalone_exact_mw,503ee55b5ad1b1988379a241a0405811522ee4d50b473755532ad1299cb121e2,"{""distance"":5,""physical_error_rate"":0.0005}","{""detection_events"":359496,""detectors_checked"":173994688}"
    692224,         0,         0,    30.0,standalone_exact_mw,503ee55b5ad1b1988379a241a0405811522ee4d50b473755532ad1299cb121e2,"{""distance"":5,""physical_error_rate"":0.0005}","{""detection_events"":323264,""detectors_checked"":155058176}"
    726016,         0,         0,    30.8,standalone_exact_mw,503ee55b5ad1b1988379a241a0405811522ee4d50b473755532ad1299cb121e2,"{""distance"":5,""physical_error_rate"":0.0005}","{""detection_events"":337423,""detectors_checked"":162627584}"
    691200,         0,         0,    25.1,standalone_exact_mw,503ee55b5ad1b1988379a241a0405811522ee4d50b473755532ad1299cb121e2,"{""distance"":5,""physical_error_rate"":0.0005}","{""detection_events"":320524,""detectors_checked"":154828800}"
    671744,         1,         0,    30.4,standalone_exact_mw,503ee55b5ad1b1988379a241a0405811522ee4d50b473755532ad1299cb121e2,"{""distance"":5,""physical_error_rate"":0.0005}","{""detection_events"":313574,""detectors_checked"":150470656,""obs_mistake_mask=E"":1}"
    723968,         0,         0,    25.0,standalone_exact_mw,503ee55b5ad1b1988379a241a0405811522ee4d50b473755532ad1299cb121e2,"{""distance"":5,""physical_error_rate"":0.0005}","{""detection_events"":338425,""detectors_checked"":162168832}"
    664936,         1,         0,    30.6,standalone_exact_mw,503ee55b5ad1b1988379a241a0405811522ee4d50b473755532ad1299cb121e2,"{""distance"":5,""physical_error_rate"":0.0005}","{""detection_events"":308410,""detectors_checked"":148945664,""obs_mistake_mask=E"":1}"
    666624,         1,         0,    27.9,standalone_exact_mw,503ee55b5ad1b1988379a241a0405811522ee4d50b473755532ad1299cb121e2,"{""distance"":5,""physical_error_rate"":0.0005}","{""detection_events"":310568,""detectors_checked"":149323776,""obs_mistake_mask=E"":1}"
    621568,         0,         0,    31.5,standalone_exact_mw,503ee55b5ad1b1988379a241a0405811522ee4d50b473755532ad1299cb121e2,"{""distance"":5,""physical_error_rate"":0.0005}","{""detection_events"":288901,""detectors_checked"":139231232}"
    654336,         0,         0,    25.6,standalone_exact_mw,503ee55b5ad1b1988379a241a0405811522ee4d50b473755532ad1299cb121e2,"{""distance"":5,""physical_error_rate"":0.0005}","{""detection_events"":304891,""detectors_checked"":146571264}"
    616448,         2,         0,    25.2,standalone_exact_mw,503ee55b5ad1b1988379a241a0405811522ee4d50b473755532ad1299cb121e2,"{""distance"":5,""physical_error_rate"":0.0005}","{""detection_events"":286956,""detectors_checked"":138084352,""obs_mistake_mask=E"":2}"
    604160,         0,         0,    24.2,standalone_exact_mw,503ee55b5ad1b1988379a241a0405811522ee4d50b473755532ad1299cb121e2,"{""distance"":5,""physical_error_rate"":0.0005}","{""detection_events"":280012,""detectors_checked"":135331840}"
    635904,         0,         0,    26.7,standalone_exact_mw,503ee55b5ad1b1988379a241a0405811522ee4d50b473755532ad1299cb121e2,"{""distance"":5,""physical_error_rate"":0.0005}","{""detection_events"":294937,""detectors_checked"":142442496}"
    599778,         0,         0,    28.7,standalone_exact_mw,503ee55b5ad1b1988379a241a0405811522ee4d50b473755532ad1299cb121e2,"{""distance"":5,""physical_error_rate"":0.0005}","{""detection_events"":278570,""detectors_checked"":134350272}"
    547840,         0,         0,    25.6,standalone_exact_mw,503ee55b5ad1b1988379a241a0405811522ee4d50b473755532ad1299cb121e2,"{""distance"":5,""physical_error_rate"":0.0005}","{""detection_events"":255493,""detectors_checked"":122716160}"
    543744,         0,         0,    22.1,standalone_exact_mw,503ee55b5ad1b1988379a241a0405811522ee4d50b473755532ad1299cb121e2,"{""distance"":5,""physical_error_rate"":0.0005}","{""detection_events"":255070,""detectors_checked"":121798656}"
    546816,         0,         0,    27.5,standalone_exact_mw,503ee55b5ad1b1988379a241a0405811522ee4d50b473755532ad1299cb121e2,"{""distance"":5,""physical_error_rate"":0.0005}","{""detection_events"":254194,""detectors_checked"":122486784}"
    538624,         0,         0,    25.5,standalone_exact_mw,503ee55b5ad1b1988379a241a0405811522ee4d50b473755532ad1299cb121e2,"{""distance"":5,""physical_error_rate"":0.0005}","{""detection_events"":249428,""detectors_checked"":120651776}"
    598016,         0,         0,    26.5,standalone_exact_mw,503ee55b5ad1b1988379a241a0405811522ee4d50b473755532ad1299cb121e2,"{""distance"":5,""physical_error_rate"":0.0005}","{""detection_events"":277887,""detectors_checked"":133955584}"
    531047,         0,         0,    26.7,standalone_exact_mw,503ee55b5ad1b1988379a241a0405811522ee4d50b473755532ad1299cb121e2,"{""distance"":5,""physical_error_rate"":0.0005}","{""detection_events"":247098,""detectors_checked"":118954528}"
    487424,         0,         0,    26.2,standalone_exact_mw,503ee55b5ad1b1988379a241a0405811522ee4d50b473755532ad1299cb121e2,"{""distance"":5,""physical_error_rate"":0.0005}","{""detection_events"":226761,""detectors_checked"":109182976}"
    492544,         1,         0,    27.4,standalone_exact_mw,503ee55b5ad1b1988379a241a0405811522ee4d50b473755532ad1299cb121e2,"{""distance"":5,""physical_error_rate"":0.0005}","{""detection_events"":230025,""detectors_checked"":110329856,""obs_mistake_mask=E"":1}"
    523264,         0,         0,    22.7,standalone_exact_mw,503ee55b5ad1b1988379a241a0405811522ee4d50b473755532ad1299cb121e2,"{""distance"":5,""physical_error_rate"":0.0005}","{""detection_events"":244234,""detectors_checked"":117211136}"
    485376,         1,         0,    26.2,standalone_exact_mw,503ee55b5ad1b1988379a241a0405811522ee4d50b473755532ad1299cb121e2,"{""distance"":5,""physical_error_rate"":0.0005}","{""detection_events"":226374,""detectors_checked"":108724224,""obs_mistake_mask=E"":1}"
    494592,         0,         0,    23.8,standalone_exact_mw,503ee55b5ad1b1988379a241a0405811522ee4d50b473755532ad1299cb121e2,"{""distance"":5,""physical_error_rate"":0.0005}","{""detection_events"":230813,""detectors_checked"":110788608}"
    505856,         0,         0,    22.6,standalone_exact_mw,503ee55b5ad1b1988379a241a0405811522ee4d50b473755532ad1299cb121e2,"{""distance"":5,""physical_error_rate"":0.0005}","{""detection_events"":233335,""detectors_checked"":113311744}"
    479389,         0,         0,    26.2,standalone_exact_mw,503ee55b5ad1b1988379a241a0405811522ee4d50b473755532ad1299cb121e2,"{""distance"":5,""physical_error_rate"":0.0005}","{""detection_events"":222988,""detectors_checked"":107383136}"
    460800,         0,         0,    19.3,standalone_exact_mw,503ee55b5ad1b1988379a241a0405811522ee4d50b473755532ad1299cb121e2,"{""distance"":5,""physical_error_rate"":0.0005}","{""detection_events"":214284,""detectors_checked"":103219200}"
    433152,         0,         0,    18.1,standalone_exact_mw,503ee55b5ad1b1988379a241a0405811522ee4d50b473755532ad1299cb121e2,"{""distance"":5,""physical_error_rate"":0.0005}","{""detection_events"":201231,""detectors_checked"":97026048}"
    472064,         0,         0,    22.5,standalone_exact_mw,503ee55b5ad1b1988379a241a0405811522ee4d50b473755532ad1299cb121e2,"{""distance"":5,""physical_error_rate"":0.0005}","{""detection_events"":219555,""detectors_checked"":105742336}"
    425195,         1,         0,    10.5,standalone_exact_mw,503ee55b5ad1b1988379a241a0405811522ee4d50b473755532ad1299cb121e2,"{""distance"":5,""physical_error_rate"":0.0005}","{""detection_events"":197244,""detectors_checked"":95243680,""obs_mistake_mask=E"":1}"
    403456,         0,         0,    10.6,standalone_exact_mw,503ee55b5ad1b1988379a241a0405811522ee4d50b473755532ad1299cb121e2,"{""distance"":5,""physical_error_rate"":0.0005}","{""detection_events"":188623,""detectors_checked"":90374144}"
    412672,         0,         0,    19.1,standalone_exact_mw,503ee55b5ad1b1988379a241a0405811522ee4d50b473755532ad1299cb121e2,"{""distance"":5,""physical_error_rate"":0.0005}","{""detection_events"":191793,""detectors_checked"":92438528}"
    409600,         0,         0,    17.9,standalone_exact_mw,503ee55b5ad1b1988379a241a0405811522ee4d50b473755532ad1299cb121e2,"{""distance"":5,""physical_error_rate"":0.0005}","{""detection_events"":190486,""detectors_checked"":91750400}"
    397207,         1,         0,    19.4,standalone_exact_mw,503ee55b5ad1b1988379a241a0405811522ee4d50b473755532ad1299cb121e2,"{""distance"":5,""physical_error_rate"":0.0005}","{""detection_events"":182393,""detectors_checked"":88974368,""obs_mistake_mask=E"":1}"
    387072,         0,         0,    18.8,standalone_exact_mw,503ee55b5ad1b1988379a241a0405811522ee4d50b473755532ad1299cb121e2,"{""distance"":5,""physical_error_rate"":0.0005}","{""detection_events"":181099,""detectors_checked"":86704128}"
    384000,         0,         0,    14.2,standalone_exact_mw,503ee55b5ad1b1988379a241a0405811522ee4d50b473755532ad1299cb121e2,"{""distance"":5,""physical_error_rate"":0.0005}","{""detection_events"":178762,""detectors_checked"":86016000}"
    381952,         1,         0,    17.8,standalone_exact_mw,503ee55b5ad1b1988379a241a0405811522ee4d50b473755532ad1299cb121e2,"{""distance"":5,""physical_error_rate"":0.0005}","{""detection_events"":176286,""detectors_checked"":85557248,""obs_mistake_mask=E"":1}"
    371849,         0,         0,    15.5,standalone_exact_mw,503ee55b5ad1b1988379a241a0405811522ee4d50b473755532ad1299cb121e2,"{""distance"":5,""physical_error_rate"":0.0005}","{""detection_events"":173064,""detectors_checked"":83294176}"
    369664,         0,         0,    18.1,standalone_exact_mw,503ee55b5ad1b1988379a241a0405811522ee4d50b473755532ad1299cb121e2,"{""distance"":5,""physical_error_rate"":0.0005}","{""detection_events"":170788,""detectors_checked"":82804736}"
    357376,         0,         0,    7.50,standalone_exact_mw,503ee55b5ad1b1988379a241a0405811522ee4d50b473755532ad1299cb121e2,"{""distance"":5,""physical_error_rate"":0.0005}","{""detection_events"":167220,""detectors_checked"":80052224}"
    348022,         0,         0,    14.4,standalone_exact_mw,503ee55b5ad1b1988379a241a0405811522ee4d50b473755532ad1299cb121e2,"{""distance"":5,""physical_error_rate"":0.0005}","{""detection_events"":163147,""detectors_checked"":77956928}"
    331225,         1,         0,    12.1,standalone_exact_mw,503ee55b5ad1b1988379a241a0405811522ee4d50b473755532ad1299cb121e2,"{""distance"":5,""physical_error_rate"":0.0005}","{""detection_events"":154337,""detectors_checked"":74194400,""obs_mistake_mask=E"":1}"
    326049,         0,         0,    10.7,standalone_exact_mw,503ee55b5ad1b1988379a241a0405811522ee4d50b473755532ad1299cb121e2,"{""distance"":5,""physical_error_rate"":0.0005}","{""detection_events"":151894,""detectors_checked"":73034976}"
    320955,         1,         0,    13.3,standalone_exact_mw,503ee55b5ad1b1988379a241a0405811522ee4d50b473755532ad1299cb121e2,"{""distance"":5,""physical_error_rate"":0.0005}","{""detection_events"":149507,""detectors_checked"":71893920,""obs_mistake_mask=E"":1}"
    320955,         0,         0,    13.6,standalone_exact_mw,503ee55b5ad1b1988379a241a0405811522ee4d50b473755532ad1299cb121e2,"{""distance"":5,""physical_error_rate"":0.0005}","{""detection_events"":149152,""detectors_checked"":71893920}"
    310925,         0,         0,    16.7,standalone_exact_mw,503ee55b5ad1b1988379a241a0405811522ee4d50b473755532ad1299cb121e2,"{""distance"":5,""physical_error_rate"":0.0005}","{""detection_events"":144889,""detectors_checked"":69647200}"
    306067,         0,         0,    12.2,standalone_exact_mw,503ee55b5ad1b1988379a241a0405811522ee4d50b473755532ad1299cb121e2,"{""distance"":5,""physical_error_rate"":0.0005}","{""detection_events"":142021,""detectors_checked"":68559008}"
    302080,         0,         0,    12.1,standalone_exact_mw,503ee55b5ad1b1988379a241a0405811522ee4d50b473755532ad1299cb121e2,"{""distance"":5,""physical_error_rate"":0.0005}","{""detection_events"":141873,""detectors_checked"":67665920}"
    302080,         0,         0,    14.6,standalone_exact_mw,503ee55b5ad1b1988379a241a0405811522ee4d50b473755532ad1299cb121e2,"{""distance"":5,""physical_error_rate"":0.0005}","{""detection_events"":140076,""detectors_checked"":67665920}"
    301284,         0,         0,    10.4,standalone_exact_mw,503ee55b5ad1b1988379a241a0405811522ee4d50b473755532ad1299cb121e2,"{""distance"":5,""physical_error_rate"":0.0005}","{""detection_events"":138900,""detectors_checked"":67487616}"
    296960,         0,         0,    12.4,standalone_exact_mw,503ee55b5ad1b1988379a241a0405811522ee4d50b473755532ad1299cb121e2,"{""distance"":5,""physical_error_rate"":0.0005}","{""detection_events"":137683,""detectors_checked"":66519040}"
    290816,         1,         0,    13.5,standalone_exact_mw,503ee55b5ad1b1988379a241a0405811522ee4d50b473755532ad1299cb121e2,"{""distance"":5,""physical_error_rate"":0.0005}","{""detection_events"":134789,""detectors_checked"":65142784,""obs_mistake_mask=E"":1}"
    287137,         0,         0,    14.0,standalone_exact_mw,503ee55b5ad1b1988379a241a0405811522ee4d50b473755532ad1299cb121e2,"{""distance"":5,""physical_error_rate"":0.0005}","{""detection_events"":133493,""detectors_checked"":64318688}"
    279552,         0,         0,    10.6,standalone_exact_mw,503ee55b5ad1b1988379a241a0405811522ee4d50b473755532ad1299cb121e2,"{""distance"":5,""physical_error_rate"":0.0005}","{""detection_events"":130318,""detectors_checked"":62619648}"
    280576,         0,         0,    11.0,standalone_exact_mw,503ee55b5ad1b1988379a241a0405811522ee4d50b473755532ad1299cb121e2,"{""distance"":5,""physical_error_rate"":0.0005}","{""detection_events"":131015,""detectors_checked"":62849024}"
    274432,         0,         0,    14.0,standalone_exact_mw,503ee55b5ad1b1988379a241a0405811522ee4d50b473755532ad1299cb121e2,"{""distance"":5,""physical_error_rate"":0.0005}","{""detection_events"":128105,""detectors_checked"":61472768}"
    281600,         0,         0,    13.6,standalone_exact_mw,503ee55b5ad1b1988379a241a0405811522ee4d50b473755532ad1299cb121e2,"{""distance"":5,""physical_error_rate"":0.0005}","{""detection_events"":129756,""detectors_checked"":63078400}"
    274432,         0,         0,    13.6,standalone_exact_mw,503ee55b5ad1b1988379a241a0405811522ee4d50b473755532ad1299cb121e2,"{""distance"":5,""physical_error_rate"":0.0005}","{""detection_events"":128194,""detectors_checked"":61472768}"
    273466,         0,         0,    7.36,standalone_exact_mw,503ee55b5ad1b1988379a241a0405811522ee4d50b473755532ad1299cb121e2,"{""distance"":5,""physical_error_rate"":0.0005}","{""detection_events"":126831,""detectors_checked"":61256384}"
    252928,         0,         0,    10.8,standalone_exact_mw,503ee55b5ad1b1988379a241a0405811522ee4d50b473755532ad1299cb121e2,"{""distance"":5,""physical_error_rate"":0.0005}","{""detection_events"":116324,""detectors_checked"":56655872}"
    264192,         0,         0,    12.7,standalone_exact_mw,503ee55b5ad1b1988379a241a0405811522ee4d50b473755532ad1299cb121e2,"{""distance"":5,""physical_error_rate"":0.0005}","{""detection_events"":123376,""detectors_checked"":59179008}"
    247808,         0,         0,    11.1,standalone_exact_mw,503ee55b5ad1b1988379a241a0405811522ee4d50b473755532ad1299cb121e2,"{""distance"":5,""physical_error_rate"":0.0005}","{""detection_events"":114445,""detectors_checked"":55508992}"
    253952,         0,         0,    11.0,standalone_exact_mw,503ee55b5ad1b1988379a241a0405811522ee4d50b473755532ad1299cb121e2,"{""distance"":5,""physical_error_rate"":0.0005}","{""detection_events"":117938,""detectors_checked"":56885248}"
    267264,         0,         0,    13.0,standalone_exact_mw,503ee55b5ad1b1988379a241a0405811522ee4d50b473755532ad1299cb121e2,"{""distance"":5,""physical_error_rate"":0.0005}","{""detection_events"":124538,""detectors_checked"":59867136}"
    265216,         0,         0,    12.1,standalone_exact_mw,503ee55b5ad1b1988379a241a0405811522ee4d50b473755532ad1299cb121e2,"{""distance"":5,""physical_error_rate"":0.0005}","{""detection_events"":122895,""detectors_checked"":59408384}"
    263168,         0,         0,    10.7,standalone_exact_mw,503ee55b5ad1b1988379a241a0405811522ee4d50b473755532ad1299cb121e2,"{""distance"":5,""physical_error_rate"":0.0005}","{""detection_events"":123259,""detectors_checked"":58949632}"
    252928,         0,         0,    9.88,standalone_exact_mw,503ee55b5ad1b1988379a241a0405811522ee4d50b473755532ad1299cb121e2,"{""distance"":5,""physical_error_rate"":0.0005}","{""detection_events"":116602,""detectors_checked"":56655872}"
    270336,         0,         0,    13.6,standalone_exact_mw,503ee55b5ad1b1988379a241a0405811522ee4d50b473755532ad1299cb121e2,"{""distance"":5,""physical_error_rate"":0.0005}","{""detection_events"":125848,""detectors_checked"":60555264}"
    247808,         0,         0,    7.40,standalone_exact_mw,503ee55b5ad1b1988379a241a0405811522ee4d50b473755532ad1299cb121e2,"{""distance"":5,""physical_error_rate"":0.0005}","{""detection_events"":115371,""detectors_checked"":55508992}"
    264192,         0,         0,    12.7,standalone_exact_mw,503ee55b5ad1b1988379a241a0405811522ee4d50b473755532ad1299cb121e2,"{""distance"":5,""physical_error_rate"":0.0005}","{""detection_events"":123197,""detectors_checked"":59179008}"
    271360,         0,         0,    12.7,standalone_exact_mw,503ee55b5ad1b1988379a241a0405811522ee4d50b473755532ad1299cb121e2,"{""distance"":5,""physical_error_rate"":0.0005}","{""detection_events"":125910,""detectors_checked"":60784640}"
    247808,         0,         0,    10.8,standalone_exact_mw,503ee55b5ad1b1988379a241a0405811522ee4d50b473755532ad1299cb121e2,"{""distance"":5,""physical_error_rate"":0.0005}","{""detection_events"":115133,""detectors_checked"":55508992}"
    257024,         0,         0,    12.7,standalone_exact_mw,503ee55b5ad1b1988379a241a0405811522ee4d50b473755532ad1299cb121e2,"{""distance"":5,""physical_error_rate"":0.0005}","{""detection_events"":119256,""detectors_checked"":57573376}"
    247465,         1,         0,    11.4,standalone_exact_mw,503ee55b5ad1b1988379a241a0405811522ee4d50b473755532ad1299cb121e2,"{""distance"":5,""physical_error_rate"":0.0005}","{""detection_events"":114856,""detectors_checked"":55432160,""obs_mistake_mask=E"":1}"
    222208,         0,         0,    9.63,standalone_exact_mw,503ee55b5ad1b1988379a241a0405811522ee4d50b473755532ad1299cb121e2,"{""distance"":5,""physical_error_rate"":0.0005}","{""detection_events"":103368,""detectors_checked"":49774592}"
    235520,         0,         0,    11.4,standalone_exact_mw,503ee55b5ad1b1988379a241a0405811522ee4d50b473755532ad1299cb121e2,"{""distance"":5,""physical_error_rate"":0.0005}","{""detection_events"":109508,""detectors_checked"":52756480}"
    217088,         0,         0,    9.59,standalone_exact_mw,503ee55b5ad1b1988379a241a0405811522ee4d50b473755532ad1299cb121e2,"{""distance"":5,""physical_error_rate"":0.0005}","{""detection_events"":100310,""detectors_checked"":48627712}"
    202752,         0,         0,    9.75,standalone_exact_mw,503ee55b5ad1b1988379a241a0405811522ee4d50b473755532ad1299cb121e2,"{""distance"":5,""physical_error_rate"":0.0005}","{""detection_events"":94396,""detectors_checked"":45416448}"
    205824,         0,         0,    6.86,standalone_exact_mw,503ee55b5ad1b1988379a241a0405811522ee4d50b473755532ad1299cb121e2,"{""distance"":5,""physical_error_rate"":0.0005}","{""detection_events"":96391,""detectors_checked"":46104576}"
    233472,         0,         0,    11.1,standalone_exact_mw,503ee55b5ad1b1988379a241a0405811522ee4d50b473755532ad1299cb121e2,"{""distance"":5,""physical_error_rate"":0.0005}","{""detection_events"":109316,""detectors_checked"":52297728}"
    241664,         0,         0,    9.71,standalone_exact_mw,503ee55b5ad1b1988379a241a0405811522ee4d50b473755532ad1299cb121e2,"{""distance"":5,""physical_error_rate"":0.0005}","{""detection_events"":111576,""detectors_checked"":54132736}"
    200704,         0,         0,    9.73,standalone_exact_mw,503ee55b5ad1b1988379a241a0405811522ee4d50b473755532ad1299cb121e2,"{""distance"":5,""physical_error_rate"":0.0005}","{""detection_events"":93261,""detectors_checked"":44957696}"
    205824,         0,         0,    9.59,standalone_exact_mw,503ee55b5ad1b1988379a241a0405811522ee4d50b473755532ad1299cb121e2,"{""distance"":5,""physical_error_rate"":0.0005}","{""detection_events"":95130,""detectors_checked"":46104576}"
    242688,         0,         0,    10.3,standalone_exact_mw,503ee55b5ad1b1988379a241a0405811522ee4d50b473755532ad1299cb121e2,"{""distance"":5,""physical_error_rate"":0.0005}","{""detection_events"":112058,""detectors_checked"":54362112}"
    203776,         0,         0,    10.3,standalone_exact_mw,503ee55b5ad1b1988379a241a0405811522ee4d50b473755532ad1299cb121e2,"{""distance"":5,""physical_error_rate"":0.0005}","{""detection_events"":95167,""detectors_checked"":45645824}"
    204800,         0,         0,    9.63,standalone_exact_mw,503ee55b5ad1b1988379a241a0405811522ee4d50b473755532ad1299cb121e2,"{""distance"":5,""physical_error_rate"":0.0005}","{""detection_events"":96428,""detectors_checked"":45875200}"
    238592,         0,         0,    11.5,standalone_exact_mw,503ee55b5ad1b1988379a241a0405811522ee4d50b473755532ad1299cb121e2,"{""distance"":5,""physical_error_rate"":0.0005}","{""detection_events"":109777,""detectors_checked"":53444608}"
    211968,         0,         0,    10.2,standalone_exact_mw,503ee55b5ad1b1988379a241a0405811522ee4d50b473755532ad1299cb121e2,"{""distance"":5,""physical_error_rate"":0.0005}","{""detection_events"":98083,""detectors_checked"":47480832}"
    190464,         0,         0,    7.73,standalone_exact_mw,503ee55b5ad1b1988379a241a0405811522ee4d50b473755532ad1299cb121e2,"{""distance"":5,""physical_error_rate"":0.0005}","{""detection_events"":89382,""detectors_checked"":42663936}"
    217088,         0,         0,    10.3,standalone_exact_mw,503ee55b5ad1b1988379a241a0405811522ee4d50b473755532ad1299cb121e2,"{""distance"":5,""physical_error_rate"":0.0005}","{""detection_events"":101091,""detectors_checked"":48627712}"
    215040,         0,         0,    10.3,standalone_exact_mw,503ee55b5ad1b1988379a241a0405811522ee4d50b473755532ad1299cb121e2,"{""distance"":5,""physical_error_rate"":0.0005}","{""detection_events"":99601,""detectors_checked"":48168960}"
    238592,         0,         0,    11.1,standalone_exact_mw,503ee55b5ad1b1988379a241a0405811522ee4d50b473755532ad1299cb121e2,"{""distance"":5,""physical_error_rate"":0.0005}","{""detection_events"":110762,""detectors_checked"":53444608}"
    186943,         0,         0,    3.99,standalone_exact_mw,503ee55b5ad1b1988379a241a0405811522ee4d50b473755532ad1299cb121e2,"{""distance"":5,""physical_error_rate"":0.0005}","{""detection_events"":87288,""detectors_checked"":41875232}"
    221184,         0,         0,    9.70,standalone_exact_mw,503ee55b5ad1b1988379a241a0405811522ee4d50b473755532ad1299cb121e2,"{""distance"":5,""physical_error_rate"":0.0005}","{""detection_events"":102478,""detectors_checked"":49545216}"
    147456,         0,         0,    6.86,standalone_exact_mw,503ee55b5ad1b1988379a241a0405811522ee4d50b473755532ad1299cb121e2,"{""distance"":5,""physical_error_rate"":0.0005}","{""detection_events"":67599,""detectors_checked"":33030144}"
    202752,         0,         0,    9.74,standalone_exact_mw,503ee55b5ad1b1988379a241a0405811522ee4d50b473755532ad1299cb121e2,"{""distance"":5,""physical_error_rate"":0.0005}","{""detection_events"":94458,""detectors_checked"":45416448}"
    217088,         0,         0,    9.74,standalone_exact_mw,503ee55b5ad1b1988379a241a0405811522ee4d50b473755532ad1299cb121e2,"{""distance"":5,""physical_error_rate"":0.0005}","{""detection_events"":101098,""detectors_checked"":48627712}"
    199680,         0,         0,    9.79,standalone_exact_mw,503ee55b5ad1b1988379a241a0405811522ee4d50b473755532ad1299cb121e2,"{""distance"":5,""physical_error_rate"":0.0005}","{""detection_events"":92800,""detectors_checked"":44728320}"
    151552,         1,         0,    6.88,standalone_exact_mw,503ee55b5ad1b1988379a241a0405811522ee4d50b473755532ad1299cb121e2,"{""distance"":5,""physical_error_rate"":0.0005}","{""detection_events"":70001,""detectors_checked"":33947648,""obs_mistake_mask=E"":1}"
    246784,         0,         0,    11.5,standalone_exact_mw,503ee55b5ad1b1988379a241a0405811522ee4d50b473755532ad1299cb121e2,"{""distance"":5,""physical_error_rate"":0.0005}","{""detection_events"":115145,""detectors_checked"":55279616}"
    167936,         0,         0,    6.92,standalone_exact_mw,503ee55b5ad1b1988379a241a0405811522ee4d50b473755532ad1299cb121e2,"{""distance"":5,""physical_error_rate"":0.0005}","{""detection_events"":78324,""detectors_checked"":37617664}"
    158720,         0,         0,    7.73,standalone_exact_mw,503ee55b5ad1b1988379a241a0405811522ee4d50b473755532ad1299cb121e2,"{""distance"":5,""physical_error_rate"":0.0005}","{""detection_events"":73877,""detectors_checked"":35553280}"
    122646,         0,         0,    4.81,standalone_exact_mw,503ee55b5ad1b1988379a241a0405811522ee4d50b473755532ad1299cb121e2,"{""distance"":5,""physical_error_rate"":0.0005}","{""detection_events"":57678,""detectors_checked"":27472704}"
    111616,         0,         0,    5.14,standalone_exact_mw,503ee55b5ad1b1988379a241a0405811522ee4d50b473755532ad1299cb121e2,"{""distance"":5,""physical_error_rate"":0.0005}","{""detection_events"":51319,""detectors_checked"":25001984}"
    118784,         0,         0,    5.05,standalone_exact_mw,503ee55b5ad1b1988379a241a0405811522ee4d50b473755532ad1299cb121e2,"{""distance"":5,""physical_error_rate"":0.0005}","{""detection_events"":55285,""detectors_checked"":26607616}"
     93961,         0,         0,    3.64,standalone_exact_mw,503ee55b5ad1b1988379a241a0405811522ee4d50b473755532ad1299cb121e2,"{""distance"":5,""physical_error_rate"":0.0005}","{""detection_events"":43888,""detectors_checked"":21047264}"
     88893,         0,         0,    3.85,standalone_exact_mw,503ee55b5ad1b1988379a241a0405811522ee4d50b473755532ad1299cb121e2,"{""distance"":5,""physical_error_rate"":0.0005}","{""detection_events"":40886,""detectors_checked"":19912032}"
     87504,         0,         0,    4.01,standalone_exact_mw,503ee55b5ad1b1988379a241a0405811522ee4d50b473755532ad1299cb121e2,"{""distance"":5,""physical_error_rate"":0.0005}","{""detection_events"":40638,""detectors_checked"":19600896}"
     86137,         0,         0,    2.55,standalone_exact_mw,503ee55b5ad1b1988379a241a0405811522ee4d50b473755532ad1299cb121e2,"{""distance"":5,""physical_error_rate"":0.0005}","{""detection_events"":39269,""detectors_checked"":19294688}"
     84992,         0,         0,    3.35,standalone_exact_mw,503ee55b5ad1b1988379a241a0405811522ee4d50b473755532ad1299cb121e2,"{""distance"":5,""physical_error_rate"":0.0005}","{""detection_events"":39503,""detectors_checked"":19038208}"
     84791,         0,         0,    2.39,standalone_exact_mw,503ee55b5ad1b1988379a241a0405811522ee4d50b473755532ad1299cb121e2,"{""distance"":5,""physical_error_rate"":0.0005}","{""detection_events"":39241,""detectors_checked"":18993184}"
     84791,         0,         0,    2.68,standalone_exact_mw,503ee55b5ad1b1988379a241a0405811522ee4d50b473755532ad1299cb121e2,"{""distance"":5,""physical_error_rate"":0.0005}","{""detection_events"":39728,""detectors_checked"":18993184}"
     83968,         0,         0,    2.00,standalone_exact_mw,503ee55b5ad1b1988379a241a0405811522ee4d50b473755532ad1299cb121e2,"{""distance"":5,""physical_error_rate"":0.0005}","{""detection_events"":38440,""detectors_checked"":18808832}"
     82138,         0,         0,    2.51,standalone_exact_mw,503ee55b5ad1b1988379a241a0405811522ee4d50b473755532ad1299cb121e2,"{""distance"":5,""physical_error_rate"":0.0005}","{""detection_events"":37513,""detectors_checked"":18398912}"
     78848,         0,         0,    2.55,standalone_exact_mw,503ee55b5ad1b1988379a241a0405811522ee4d50b473755532ad1299cb121e2,"{""distance"":5,""physical_error_rate"":0.0005}","{""detection_events"":36707,""detectors_checked"":17661952}"
     78218,         0,         0,    4.14,standalone_exact_mw,503ee55b5ad1b1988379a241a0405811522ee4d50b473755532ad1299cb121e2,"{""distance"":5,""physical_error_rate"":0.0005}","{""detection_events"":36552,""detectors_checked"":17520832}"
     77824,         0,         0,    2.75,standalone_exact_mw,503ee55b5ad1b1988379a241a0405811522ee4d50b473755532ad1299cb121e2,"{""distance"":5,""physical_error_rate"":0.0005}","{""detection_events"":36811,""detectors_checked"":17432576}"
     75764,         0,         0,    2.31,standalone_exact_mw,503ee55b5ad1b1988379a241a0405811522ee4d50b473755532ad1299cb121e2,"{""distance"":5,""physical_error_rate"":0.0005}","{""detection_events"":34866,""detectors_checked"":16971136}"
     73728,         0,         0,    3.18,standalone_exact_mw,503ee55b5ad1b1988379a241a0405811522ee4d50b473755532ad1299cb121e2,"{""distance"":5,""physical_error_rate"":0.0005}","{""detection_events"":34130,""detectors_checked"":16515072}"
     75764,         0,         0,    2.86,standalone_exact_mw,503ee55b5ad1b1988379a241a0405811522ee4d50b473755532ad1299cb121e2,"{""distance"":5,""physical_error_rate"":0.0005}","{""detection_events"":34876,""detectors_checked"":16971136}"
     75764,         1,         0,    3.18,standalone_exact_mw,503ee55b5ad1b1988379a241a0405811522ee4d50b473755532ad1299cb121e2,"{""distance"":5,""physical_error_rate"":0.0005}","{""detection_events"":35163,""detectors_checked"":16971136,""obs_mistake_mask=E"":1}"
     74752,         0,         0,    2.86,standalone_exact_mw,503ee55b5ad1b1988379a241a0405811522ee4d50b473755532ad1299cb121e2,"{""distance"":5,""physical_error_rate"":0.0005}","{""detection_events"":34706,""detectors_checked"":16744448}"
     75764,         0,         0,    2.88,standalone_exact_mw,503ee55b5ad1b1988379a241a0405811522ee4d50b473755532ad1299cb121e2,"{""distance"":5,""physical_error_rate"":0.0005}","{""detection_events"":34320,""detectors_checked"":16971136}"
     71028,         0,         0,    2.51,standalone_exact_mw,503ee55b5ad1b1988379a241a0405811522ee4d50b473755532ad1299cb121e2,"{""distance"":5,""physical_error_rate"":0.0005}","{""detection_events"":33407,""detectors_checked"":15910272}"
     71028,         0,         0,    2.52,standalone_exact_mw,503ee55b5ad1b1988379a241a0405811522ee4d50b473755532ad1299cb121e2,"{""distance"":5,""physical_error_rate"":0.0005}","{""detection_events"":32736,""detectors_checked"":15910272}"
     71680,         0,         0,    3.17,standalone_exact_mw,503ee55b5ad1b1988379a241a0405811522ee4d50b473755532ad1299cb121e2,"{""distance"":5,""physical_error_rate"":0.0005}","{""detection_events"":32757,""detectors_checked"":16056320}"
     72704,         0,         0,    2.55,standalone_exact_mw,503ee55b5ad1b1988379a241a0405811522ee4d50b473755532ad1299cb121e2,"{""distance"":5,""physical_error_rate"":0.0005}","{""detection_events"":34580,""detectors_checked"":16285696}"
     69632,         0,         0,    2.54,standalone_exact_mw,503ee55b5ad1b1988379a241a0405811522ee4d50b473755532ad1299cb121e2,"{""distance"":5,""physical_error_rate"":0.0005}","{""detection_events"":32644,""detectors_checked"":15597568}"
     67584,         0,         0,    2.53,standalone_exact_mw,503ee55b5ad1b1988379a241a0405811522ee4d50b473755532ad1299cb121e2,"{""distance"":5,""physical_error_rate"":0.0005}","{""detection_events"":31685,""detectors_checked"":15138816}"
     70656,         0,         0,    3.01,standalone_exact_mw,503ee55b5ad1b1988379a241a0405811522ee4d50b473755532ad1299cb121e2,"{""distance"":5,""physical_error_rate"":0.0005}","{""detection_events"":33455,""detectors_checked"":15826944}"
     66560,         0,         0,    2.92,standalone_exact_mw,503ee55b5ad1b1988379a241a0405811522ee4d50b473755532ad1299cb121e2,"{""distance"":5,""physical_error_rate"":0.0005}","{""detection_events"":30893,""detectors_checked"":14909440}"
     67493,         0,         0,    3.27,standalone_exact_mw,503ee55b5ad1b1988379a241a0405811522ee4d50b473755532ad1299cb121e2,"{""distance"":5,""physical_error_rate"":0.0005}","{""detection_events"":31262,""detectors_checked"":15118432}"
     69632,         0,         0,    2.94,standalone_exact_mw,503ee55b5ad1b1988379a241a0405811522ee4d50b473755532ad1299cb121e2,"{""distance"":5,""physical_error_rate"":0.0005}","{""detection_events"":32222,""detectors_checked"":15597568}"
     66560,         0,         0,    3.02,standalone_exact_mw,503ee55b5ad1b1988379a241a0405811522ee4d50b473755532ad1299cb121e2,"{""distance"":5,""physical_error_rate"":0.0005}","{""detection_events"":31242,""detectors_checked"":14909440}"
     60416,         0,         0,    2.59,standalone_exact_mw,503ee55b5ad1b1988379a241a0405811522ee4d50b473755532ad1299cb121e2,"{""distance"":5,""physical_error_rate"":0.0005}","{""detection_events"":28220,""detectors_checked"":13533184}"
     67584,         0,         0,    3.02,standalone_exact_mw,503ee55b5ad1b1988379a241a0405811522ee4d50b473755532ad1299cb121e2,"{""distance"":5,""physical_error_rate"":0.0005}","{""detection_events"":31479,""detectors_checked"":15138816}"
     59392,         0,         0,    2.51,standalone_exact_mw,503ee55b5ad1b1988379a241a0405811522ee4d50b473755532ad1299cb121e2,"{""distance"":5,""physical_error_rate"":0.0005}","{""detection_events"":27386,""detectors_checked"":13303808}"
     62464,         0,         0,    2.63,standalone_exact_mw,503ee55b5ad1b1988379a241a0405811522ee4d50b473755532ad1299cb121e2,"{""distance"":5,""physical_error_rate"":0.0005}","{""detection_events"":28989,""detectors_checked"":13991936}"
     68608,         0,         0,    3.05,standalone_exact_mw,503ee55b5ad1b1988379a241a0405811522ee4d50b473755532ad1299cb121e2,"{""distance"":5,""physical_error_rate"":0.0005}","{""detection_events"":32085,""detectors_checked"":15368192}"
     64512,         0,         0,    2.94,standalone_exact_mw,503ee55b5ad1b1988379a241a0405811522ee4d50b473755532ad1299cb121e2,"{""distance"":5,""physical_error_rate"":0.0005}","{""detection_events"":29758,""detectors_checked"":14450688}"
     65536,         0,         0,    2.64,standalone_exact_mw,503ee55b5ad1b1988379a241a0405811522ee4d50b473755532ad1299cb121e2,"{""distance"":5,""physical_error_rate"":0.0005}","{""detection_events"":31169,""detectors_checked"":14680064}"
     62464,         0,         0,    1.53,standalone_exact_mw,503ee55b5ad1b1988379a241a0405811522ee4d50b473755532ad1299cb121e2,"{""distance"":5,""physical_error_rate"":0.0005}","{""detection_events"":29209,""detectors_checked"":13991936}"
     57674,         0,         0,    2.59,standalone_exact_mw,503ee55b5ad1b1988379a241a0405811522ee4d50b473755532ad1299cb121e2,"{""distance"":5,""physical_error_rate"":0.0005}","{""detection_events"":26528,""detectors_checked"":12918976}"
     58368,         0,         0,    2.59,standalone_exact_mw,503ee55b5ad1b1988379a241a0405811522ee4d50b473755532ad1299cb121e2,"{""distance"":5,""physical_error_rate"":0.0005}","{""detection_events"":27140,""detectors_checked"":13074432}"
     60416,         0,         0,    2.62,standalone_exact_mw,503ee55b5ad1b1988379a241a0405811522ee4d50b473755532ad1299cb121e2,"{""distance"":5,""physical_error_rate"":0.0005}","{""detection_events"":27903,""detectors_checked"":13533184}"
     60416,         0,         0,    2.99,standalone_exact_mw,503ee55b5ad1b1988379a241a0405811522ee4d50b473755532ad1299cb121e2,"{""distance"":5,""physical_error_rate"":0.0005}","{""detection_events"":28794,""detectors_checked"":13533184}"
     58368,         0,         0,    2.58,standalone_exact_mw,503ee55b5ad1b1988379a241a0405811522ee4d50b473755532ad1299cb121e2,"{""distance"":5,""physical_error_rate"":0.0005}","{""detection_events"":26867,""detectors_checked"":13074432}"
     63488,         0,         0,    2.59,standalone_exact_mw,503ee55b5ad1b1988379a241a0405811522ee4d50b473755532ad1299cb121e2,"{""distance"":5,""physical_error_rate"":0.0005}","{""detection_events"":29879,""detectors_checked"":14221312}"
     62464,         0,         0,    2.50,standalone_exact_mw,503ee55b5ad1b1988379a241a0405811522ee4d50b473755532ad1299cb121e2,"{""distance"":5,""physical_error_rate"":0.0005}","{""detection_events"":28548,""detectors_checked"":13991936}"
     66560,         0,         0,    2.58,standalone_exact_mw,503ee55b5ad1b1988379a241a0405811522ee4d50b473755532ad1299cb121e2,"{""distance"":5,""physical_error_rate"":0.0005}","{""detection_events"":30960,""detectors_checked"":14909440}"
     55296,         0,         0,    2.94,standalone_exact_mw,503ee55b5ad1b1988379a241a0405811522ee4d50b473755532ad1299cb121e2,"{""distance"":5,""physical_error_rate"":0.0005}","{""detection_events"":26064,""detectors_checked"":12386304}"
     48128,         0,         0,    2.59,standalone_exact_mw,503ee55b5ad1b1988379a241a0405811522ee4d50b473755532ad1299cb121e2,"{""distance"":5,""physical_error_rate"":0.0005}","{""detection_events"":22358,""detectors_checked"":10780672}"
     63488,         0,         0,    3.09,standalone_exact_mw,503ee55b5ad1b1988379a241a0405811522ee4d50b473755532ad1299cb121e2,"{""distance"":5,""physical_error_rate"":0.0005}","{""detection_events"":29795,""detectors_checked"":14221312}"
     58368,         0,         0,    2.61,standalone_exact_mw,503ee55b5ad1b1988379a241a0405811522ee4d50b473755532ad1299cb121e2,"{""distance"":5,""physical_error_rate"":0.0005}","{""detection_events"":27549,""detectors_checked"":13074432}"
     58368,         0,         0,    3.11,standalone_exact_mw,503ee55b5ad1b1988379a241a0405811522ee4d50b473755532ad1299cb121e2,"{""distance"":5,""physical_error_rate"":0.0005}","{""detection_events"":27422,""detectors_checked"":13074432}"
     47104,         0,         0,    3.06,standalone_exact_mw,503ee55b5ad1b1988379a241a0405811522ee4d50b473755532ad1299cb121e2,"{""distance"":5,""physical_error_rate"":0.0005}","{""detection_events"":21999,""detectors_checked"":10551296}"
     57674,         0,         0,    2.62,standalone_exact_mw,503ee55b5ad1b1988379a241a0405811522ee4d50b473755532ad1299cb121e2,"{""distance"":5,""physical_error_rate"":0.0005}","{""detection_events"":26597,""detectors_checked"":12918976}"
     61440,         0,         0,    2.61,standalone_exact_mw,503ee55b5ad1b1988379a241a0405811522ee4d50b473755532ad1299cb121e2,"{""distance"":5,""physical_error_rate"":0.0005}","{""detection_events"":28860,""detectors_checked"":13762560}"
     57674,         0,         0,    2.68,standalone_exact_mw,503ee55b5ad1b1988379a241a0405811522ee4d50b473755532ad1299cb121e2,"{""distance"":5,""physical_error_rate"":0.0005}","{""detection_events"":26393,""detectors_checked"":12918976}"
     53248,         0,         0,    2.64,standalone_exact_mw,503ee55b5ad1b1988379a241a0405811522ee4d50b473755532ad1299cb121e2,"{""distance"":5,""physical_error_rate"":0.0005}","{""detection_events"":24751,""detectors_checked"":11927552}"
     43008,         0,         0,    2.58,standalone_exact_mw,503ee55b5ad1b1988379a241a0405811522ee4d50b473755532ad1299cb121e2,"{""distance"":5,""physical_error_rate"":0.0005}","{""detection_events"":20221,""detectors_checked"":9633792}"
     40960,         0,         0,   0.672,standalone_exact_mw,503ee55b5ad1b1988379a241a0405811522ee4d50b473755532ad1299cb121e2,"{""distance"":5,""physical_error_rate"":0.0005}","{""detection_events"":19166,""detectors_checked"":9175040}"
     46080,         0,         0,    1.50,standalone_exact_mw,503ee55b5ad1b1988379a241a0405811522ee4d50b473755532ad1299cb121e2,"{""distance"":5,""physical_error_rate"":0.0005}","{""detection_events"":21733,""detectors_checked"":10321920}"
     57344,         0,         0,    2.68,standalone_exact_mw,503ee55b5ad1b1988379a241a0405811522ee4d50b473755532ad1299cb121e2,"{""distance"":5,""physical_error_rate"":0.0005}","{""detection_events"":26748,""detectors_checked"":12845056}"
       933,         0,         0,   0.017,standalone_exact_mw,503ee55b5ad1b1988379a241a0405811522ee4d50b473755532ad1299cb121e2,"{""distance"":5,""physical_error_rate"":0.0005}","{""detection_events"":438,""detectors_checked"":208992}"
     49152,         0,         0,    3.00,standalone_exact_mw,503ee55b5ad1b1988379a241a0405811522ee4d50b473755532ad1299cb121e2,"{""distance"":5,""physical_error_rate"":0.0005}","{""detection_events"":23213,""detectors_checked"":11010048}"
     41984,         0,         0,    2.98,standalone_exact_mw,503ee55b5ad1b1988379a241a0405811522ee4d50b473755532ad1299cb121e2,"{""distance"":5,""physical_error_rate"":0.0005}","{""detection_events"":19616,""detectors_checked"":9404416}"
     55296,         0,         0,    2.71,standalone_exact_mw,503ee55b5ad1b1988379a241a0405811522ee4d50b473755532ad1299cb121e2,"{""distance"":5,""physical_error_rate"":0.0005}","{""detection_events"":25896,""detectors_checked"":12386304}"
     38912,         0,         0,    2.75,standalone_exact_mw,503ee55b5ad1b1988379a241a0405811522ee4d50b473755532ad1299cb121e2,"{""distance"":5,""physical_error_rate"":0.0005}","{""detection_events"":17890,""detectors_checked"":8716288}"
     33872,         0,         0,    1.13,standalone_exact_mw,503ee55b5ad1b1988379a241a0405811522ee4d50b473755532ad1299cb121e2,"{""distance"":5,""physical_error_rate"":0.0005}","{""detection_events"":16042,""detectors_checked"":7587328}"
     25600,         0,         0,    1.63,standalone_exact_mw,503ee55b5ad1b1988379a241a0405811522ee4d50b473755532ad1299cb121e2,"{""distance"":5,""physical_error_rate"":0.0005}","{""detection_events"":11924,""detectors_checked"":5734400}"
     24811,         0,         0,    1.26,standalone_exact_mw,503ee55b5ad1b1988379a241a0405811522ee4d50b473755532ad1299cb121e2,"{""distance"":5,""physical_error_rate"":0.0005}","{""detection_events"":11483,""detectors_checked"":5557664}"
     32768,         0,         0,   0.933,standalone_exact_mw,503ee55b5ad1b1988379a241a0405811522ee4d50b473755532ad1299cb121e2,"{""distance"":5,""physical_error_rate"":0.0005}","{""detection_events"":15606,""detectors_checked"":7340032}"
     25600,         0,         0,   0.891,standalone_exact_mw,503ee55b5ad1b1988379a241a0405811522ee4d50b473755532ad1299cb121e2,"{""distance"":5,""physical_error_rate"":0.0005}","{""detection_events"":11941,""detectors_checked"":5734400}"
     44032,         0,         0,    1.74,standalone_exact_mw,503ee55b5ad1b1988379a241a0405811522ee4d50b473755532ad1299cb121e2,"{""distance"":5,""physical_error_rate"":0.0005}","{""detection_events"":20786,""detectors_checked"":9863168}"
     44032,         0,         0,    2.97,standalone_exact_mw,503ee55b5ad1b1988379a241a0405811522ee4d50b473755532ad1299cb121e2,"{""distance"":5,""physical_error_rate"":0.0005}","{""detection_events"":20623,""detectors_checked"":9863168}"
     32768,         0,         0,    1.89,standalone_exact_mw,503ee55b5ad1b1988379a241a0405811522ee4d50b473755532ad1299cb121e2,"{""distance"":5,""physical_error_rate"":0.0005}","{""detection_events"":15086,""detectors_checked"":7340032}"
     24811,         0,         0,   0.987,standalone_exact_mw,503ee55b5ad1b1988379a241a0405811522ee4d50b473755532ad1299cb121e2,"{""distance"":5,""physical_error_rate"":0.0005}","{""detection_events"":11641,""detectors_checked"":5557664}"
     21504,         0,         0,   0.864,standalone_exact_mw,503ee55b5ad1b1988379a241a0405811522ee4d50b473755532ad1299cb121e2,"{""distance"":5,""physical_error_rate"":0.0005}","{""detection_events"":10101,""detectors_checked"":4816896}"
     20836,         0,         0,   0.582,standalone_exact_mw,503ee55b5ad1b1988379a241a0405811522ee4d50b473755532ad1299cb121e2,"{""distance"":5,""physical_error_rate"":0.0005}","{""detection_events"":9544,""detectors_checked"":4667264}"
     24576,         0,         0,    1.15,standalone_exact_mw,503ee55b5ad1b1988379a241a0405811522ee4d50b473755532ad1299cb121e2,"{""distance"":5,""physical_error_rate"":0.0005}","{""detection_events"":11384,""detectors_checked"":5505024}"
     19796,         0,         0,   0.516,standalone_exact_mw,503ee55b5ad1b1988379a241a0405811522ee4d50b473755532ad1299cb121e2,"{""distance"":5,""physical_error_rate"":0.0005}","{""detection_events"":9546,""detectors_checked"":4434304}"
     19481,         0,         0,   0.615,standalone_exact_mw,503ee55b5ad1b1988379a241a0405811522ee4d50b473755532ad1299cb121e2,"{""distance"":5,""physical_error_rate"":0.0005}","{""detection_events"":8806,""detectors_checked"":4363744}"
     20174,         0,         0,   0.796,standalone_exact_mw,503ee55b5ad1b1988379a241a0405811522ee4d50b473755532ad1299cb121e2,"{""distance"":5,""physical_error_rate"":0.0005}","{""detection_events"":9561,""detectors_checked"":4518976}"
     19481,         0,         0,   0.636,standalone_exact_mw,503ee55b5ad1b1988379a241a0405811522ee4d50b473755532ad1299cb121e2,"{""distance"":5,""physical_error_rate"":0.0005}","{""detection_events"":9479,""detectors_checked"":4363744}"
     18557,         0,         0,   0.554,standalone_exact_mw,503ee55b5ad1b1988379a241a0405811522ee4d50b473755532ad1299cb121e2,"{""distance"":5,""physical_error_rate"":0.0005}","{""detection_events"":8723,""detectors_checked"":4156768}"
     18432,         0,         0,   0.748,standalone_exact_mw,503ee55b5ad1b1988379a241a0405811522ee4d50b473755532ad1299cb121e2,"{""distance"":5,""physical_error_rate"":0.0005}","{""detection_events"":8558,""detectors_checked"":4128768}"
     19456,         0,         0,   0.634,standalone_exact_mw,503ee55b5ad1b1988379a241a0405811522ee4d50b473755532ad1299cb121e2,"{""distance"":5,""physical_error_rate"":0.0005}","{""detection_events"":9125,""detectors_checked"":4358144}"
     17979,         0,         0,   0.587,standalone_exact_mw,503ee55b5ad1b1988379a241a0405811522ee4d50b473755532ad1299cb121e2,"{""distance"":5,""physical_error_rate"":0.0005}","{""detection_events"":8424,""detectors_checked"":4027296}"
     19456,         0,         0,   0.752,standalone_exact_mw,503ee55b5ad1b1988379a241a0405811522ee4d50b473755532ad1299cb121e2,"{""distance"":5,""physical_error_rate"":0.0005}","{""detection_events"":8944,""detectors_checked"":4358144}"
     18557,         0,         0,   0.666,standalone_exact_mw,503ee55b5ad1b1988379a241a0405811522ee4d50b473755532ad1299cb121e2,"{""distance"":5,""physical_error_rate"":0.0005}","{""detection_events"":8591,""detectors_checked"":4156768}"
     17906,         0,         0,   0.649,standalone_exact_mw,503ee55b5ad1b1988379a241a0405811522ee4d50b473755532ad1299cb121e2,"{""distance"":5,""physical_error_rate"":0.0005}","{""detection_events"":8369,""detectors_checked"":4010944}"
     18861,         0,         0,   0.663,standalone_exact_mw,503ee55b5ad1b1988379a241a0405811522ee4d50b473755532ad1299cb121e2,"{""distance"":5,""physical_error_rate"":0.0005}","{""detection_events"":8701,""detectors_checked"":4224864}"
     17408,         0,         0,   0.595,standalone_exact_mw,503ee55b5ad1b1988379a241a0405811522ee4d50b473755532ad1299cb121e2,"{""distance"":5,""physical_error_rate"":0.0005}","{""detection_events"":8211,""detectors_checked"":3899392}"
     17918,         0,         0,   0.604,standalone_exact_mw,503ee55b5ad1b1988379a241a0405811522ee4d50b473755532ad1299cb121e2,"{""distance"":5,""physical_error_rate"":0.0005}","{""detection_events"":8349,""detectors_checked"":4013632}"
     19456,         0,         0,   0.754,standalone_exact_mw,503ee55b5ad1b1988379a241a0405811522ee4d50b473755532ad1299cb121e2,"{""distance"":5,""physical_error_rate"":0.0005}","{""detection_events"":9152,""detectors_checked"":4358144}"
     19177,         0,         0,   0.784,standalone_exact_mw,503ee55b5ad1b1988379a241a0405811522ee4d50b473755532ad1299cb121e2,"{""distance"":5,""physical_error_rate"":0.0005}","{""detection_events"":8717,""detectors_checked"":4295648}"
     18432,         0,         0,   0.667,standalone_exact_mw,503ee55b5ad1b1988379a241a0405811522ee4d50b473755532ad1299cb121e2,"{""distance"":5,""physical_error_rate"":0.0005}","{""detection_events"":8515,""detectors_checked"":4128768}"
     17394,         0,         0,   0.649,standalone_exact_mw,503ee55b5ad1b1988379a241a0405811522ee4d50b473755532ad1299cb121e2,"{""distance"":5,""physical_error_rate"":0.0005}","{""detection_events"":8253,""detectors_checked"":3896256}"
     18267,         0,         0,   0.663,standalone_exact_mw,503ee55b5ad1b1988379a241a0405811522ee4d50b473755532ad1299cb121e2,"{""distance"":5,""physical_error_rate"":0.0005}","{""detection_events"":8701,""detectors_checked"":4091808}"
     17408,         0,         0,   0.639,standalone_exact_mw,503ee55b5ad1b1988379a241a0405811522ee4d50b473755532ad1299cb121e2,"{""distance"":5,""physical_error_rate"":0.0005}","{""detection_events"":7904,""detectors_checked"":3899392}"
     17394,         0,         0,   0.711,standalone_exact_mw,503ee55b5ad1b1988379a241a0405811522ee4d50b473755532ad1299cb121e2,"{""distance"":5,""physical_error_rate"":0.0005}","{""detection_events"":7866,""detectors_checked"":3896256}"
     17394,         0,         0,   0.697,standalone_exact_mw,503ee55b5ad1b1988379a241a0405811522ee4d50b473755532ad1299cb121e2,"{""distance"":5,""physical_error_rate"":0.0005}","{""detection_events"":8043,""detectors_checked"":3896256}"
     18267,         0,         0,   0.612,standalone_exact_mw,503ee55b5ad1b1988379a241a0405811522ee4d50b473755532ad1299cb121e2,"{""distance"":5,""physical_error_rate"":0.0005}","{""detection_events"":8734,""detectors_checked"":4091808}"
     17408,         0,         0,   0.911,standalone_exact_mw,503ee55b5ad1b1988379a241a0405811522ee4d50b473755532ad1299cb121e2,"{""distance"":5,""physical_error_rate"":0.0005}","{""detection_events"":8027,""detectors_checked"":3899392}"
     17408,         0,         0,   0.762,standalone_exact_mw,503ee55b5ad1b1988379a241a0405811522ee4d50b473755532ad1299cb121e2,"{""distance"":5,""physical_error_rate"":0.0005}","{""detection_events"":8267,""detectors_checked"":3899392}"
     16384,         0,         0,   0.614,standalone_exact_mw,503ee55b5ad1b1988379a241a0405811522ee4d50b473755532ad1299cb121e2,"{""distance"":5,""physical_error_rate"":0.0005}","{""detection_events"":7614,""detectors_checked"":3670016}"
     17408,         0,         0,   0.611,standalone_exact_mw,503ee55b5ad1b1988379a241a0405811522ee4d50b473755532ad1299cb121e2,"{""distance"":5,""physical_error_rate"":0.0005}","{""detection_events"":7887,""detectors_checked"":3899392}"
     15360,         0,         0,   0.756,standalone_exact_mw,503ee55b5ad1b1988379a241a0405811522ee4d50b473755532ad1299cb121e2,"{""distance"":5,""physical_error_rate"":0.0005}","{""detection_events"":7006,""detectors_checked"":3440640}"
     16800,         0,         0,   0.619,standalone_exact_mw,503ee55b5ad1b1988379a241a0405811522ee4d50b473755532ad1299cb121e2,"{""distance"":5,""physical_error_rate"":0.0005}","{""detection_events"":7891,""detectors_checked"":3763200}"
     15360,         0,         0,   0.293,standalone_exact_mw,503ee55b5ad1b1988379a241a0405811522ee4d50b473755532ad1299cb121e2,"{""distance"":5,""physical_error_rate"":0.0005}","{""detection_events"":7017,""detectors_checked"":3440640}"
     16384,         0,         0,   0.633,standalone_exact_mw,503ee55b5ad1b1988379a241a0405811522ee4d50b473755532ad1299cb121e2,"{""distance"":5,""physical_error_rate"":0.0005}","{""detection_events"":7606,""detectors_checked"":3670016}"
     13312,         0,         0,   0.391,standalone_exact_mw,503ee55b5ad1b1988379a241a0405811522ee4d50b473755532ad1299cb121e2,"{""distance"":5,""physical_error_rate"":0.0005}","{""detection_events"":6191,""detectors_checked"":2981888}"
     15360,         0,         0,   0.694,standalone_exact_mw,503ee55b5ad1b1988379a241a0405811522ee4d50b473755532ad1299cb121e2,"{""distance"":5,""physical_error_rate"":0.0005}","{""detection_events"":7098,""detectors_checked"":3440640}"
     16384,         0,         0,   0.716,standalone_exact_mw,503ee55b5ad1b1988379a241a0405811522ee4d50b473755532ad1299cb121e2,"{""distance"":5,""physical_error_rate"":0.0005}","{""detection_events"":7484,""detectors_checked"":3670016}"
     16384,         0,         0,   0.664,standalone_exact_mw,503ee55b5ad1b1988379a241a0405811522ee4d50b473755532ad1299cb121e2,"{""distance"":5,""physical_error_rate"":0.0005}","{""detection_events"":7779,""detectors_checked"":3670016}"
     12288,         0,         0,   0.327,standalone_exact_mw,503ee55b5ad1b1988379a241a0405811522ee4d50b473755532ad1299cb121e2,"{""distance"":5,""physical_error_rate"":0.0005}","{""detection_events"":5556,""detectors_checked"":2752512}"
     12288,         0,         0,   0.677,standalone_exact_mw,503ee55b5ad1b1988379a241a0405811522ee4d50b473755532ad1299cb121e2,"{""distance"":5,""physical_error_rate"":0.0005}","{""detection_events"":5720,""detectors_checked"":2752512}"
     13312,         0,         0,   0.674,standalone_exact_mw,503ee55b5ad1b1988379a241a0405811522ee4d50b473755532ad1299cb121e2,"{""distance"":5,""physical_error_rate"":0.0005}","{""detection_events"":6250,""detectors_checked"":2981888}"
     14336,         0,         0,   0.716,standalone_exact_mw,503ee55b5ad1b1988379a241a0405811522ee4d50b473755532ad1299cb121e2,"{""distance"":5,""physical_error_rate"":0.0005}","{""detection_events"":6662,""detectors_checked"":3211264}"
     16384,         0,         0,   0.706,standalone_exact_mw,503ee55b5ad1b1988379a241a0405811522ee4d50b473755532ad1299cb121e2,"{""distance"":5,""physical_error_rate"":0.0005}","{""detection_events"":7360,""detectors_checked"":3670016}"
     11549,         0,         0,   0.331,standalone_exact_mw,503ee55b5ad1b1988379a241a0405811522ee4d50b473755532ad1299cb121e2,"{""distance"":5,""physical_error_rate"":0.0005}","{""detection_events"":5693,""detectors_checked"":2586976}"
     11549,         0,         0,   0.313,standalone_exact_mw,503ee55b5ad1b1988379a241a0405811522ee4d50b473755532ad1299cb121e2,"{""distance"":5,""physical_error_rate"":0.0005}","{""detection_events"":5456,""detectors_checked"":2586976}"
     15674,         0,         0,   0.709,standalone_exact_mw,503ee55b5ad1b1988379a241a0405811522ee4d50b473755532ad1299cb121e2,"{""distance"":5,""physical_error_rate"":0.0005}","{""detection_events"":7458,""detectors_checked"":3510976}"
     14336,         0,         0,   0.629,standalone_exact_mw,503ee55b5ad1b1988379a241a0405811522ee4d50b473755532ad1299cb121e2,"{""distance"":5,""physical_error_rate"":0.0005}","{""detection_events"":6586,""detectors_checked"":3211264}"
       314,         0,         0,   0.004,standalone_exact_mw,503ee55b5ad1b1988379a241a0405811522ee4d50b473755532ad1299cb121e2,"{""distance"":5,""physical_error_rate"":0.0005}","{""detection_events"":149,""detectors_checked"":70336}"
     10240,         0,         0,   0.309,standalone_exact_mw,503ee55b5ad1b1988379a241a0405811522ee4d50b473755532ad1299cb121e2,"{""distance"":5,""physical_error_rate"":0.0005}","{""detection_events"":4736,""detectors_checked"":2293760}"
     15360,         0,         0,   0.653,standalone_exact_mw,503ee55b5ad1b1988379a241a0405811522ee4d50b473755532ad1299cb121e2,"{""distance"":5,""physical_error_rate"":0.0005}","{""detection_events"":6992,""detectors_checked"":3440640}"
      9216,         0,         0,   0.366,standalone_exact_mw,503ee55b5ad1b1988379a241a0405811522ee4d50b473755532ad1299cb121e2,"{""distance"":5,""physical_error_rate"":0.0005}","{""detection_events"":4092,""detectors_checked"":2064384}"
     15360,         0,         0,   0.662,standalone_exact_mw,503ee55b5ad1b1988379a241a0405811522ee4d50b473755532ad1299cb121e2,"{""distance"":5,""physical_error_rate"":0.0005}","{""detection_events"":7088,""detectors_checked"":3440640}"
     17394,         0,         0,   0.638,standalone_exact_mw,503ee55b5ad1b1988379a241a0405811522ee4d50b473755532ad1299cb121e2,"{""distance"":5,""physical_error_rate"":0.0005}","{""detection_events"":7949,""detectors_checked"":3896256}"
     15360,         1,         0,   0.831,standalone_exact_mw,503ee55b5ad1b1988379a241a0405811522ee4d50b473755532ad1299cb121e2,"{""distance"":5,""physical_error_rate"":0.0005}","{""detection_events"":7316,""detectors_checked"":3440640,""obs_mistake_mask=E"":1}"
     13312,         0,         0,   0.846,standalone_exact_mw,503ee55b5ad1b1988379a241a0405811522ee4d50b473755532ad1299cb121e2,"{""distance"":5,""physical_error_rate"":0.0005}","{""detection_events"":6161,""detectors_checked"":2981888}"
      7168,         0,         0,   0.197,standalone_exact_mw,503ee55b5ad1b1988379a241a0405811522ee4d50b473755532ad1299cb121e2,"{""distance"":5,""physical_error_rate"":0.0005}","{""detection_events"":3429,""detectors_checked"":1605632}"
      8192,         0,         0,   0.213,standalone_exact_mw,503ee55b5ad1b1988379a241a0405811522ee4d50b473755532ad1299cb121e2,"{""distance"":5,""physical_error_rate"":0.0005}","{""detection_events"":3875,""detectors_checked"":1835008}"
      5330,         0,         0,   0.116,standalone_exact_mw,503ee55b5ad1b1988379a241a0405811522ee4d50b473755532ad1299cb121e2,"{""distance"":5,""physical_error_rate"":0.0005}","{""detection_events"":2385,""detectors_checked"":1193920}"
      2869,         0,         0,   0.073,standalone_exact_mw,503ee55b5ad1b1988379a241a0405811522ee4d50b473755532ad1299cb121e2,"{""distance"":5,""physical_error_rate"":0.0005}","{""detection_events"":1290,""detectors_checked"":642656}"
      9216,         0,         0,   0.652,standalone_exact_mw,503ee55b5ad1b1988379a241a0405811522ee4d50b473755532ad1299cb121e2,"{""distance"":5,""physical_error_rate"":0.0005}","{""detection_events"":4259,""detectors_checked"":2064384}"
     14225,         1,         0,   0.840,standalone_exact_mw,503ee55b5ad1b1988379a241a0405811522ee4d50b473755532ad1299cb121e2,"{""distance"":5,""physical_error_rate"":0.0005}","{""detection_events"":6838,""detectors_checked"":3186400,""obs_mistake_mask=E"":1}"
      5222,         0,         0,   0.124,standalone_exact_mw,503ee55b5ad1b1988379a241a0405811522ee4d50b473755532ad1299cb121e2,"{""distance"":5,""physical_error_rate"":0.0005}","{""detection_events"":2348,""detectors_checked"":1169728}"
     15674,         0,         0,   0.818,standalone_exact_mw,503ee55b5ad1b1988379a241a0405811522ee4d50b473755532ad1299cb121e2,"{""distance"":5,""physical_error_rate"":0.0005}","{""detection_events"":7346,""detectors_checked"":3510976}"
     10240,         0,         0,   0.396,standalone_exact_mw,503ee55b5ad1b1988379a241a0405811522ee4d50b473755532ad1299cb121e2,"{""distance"":5,""physical_error_rate"":0.0005}","{""detection_events"":4902,""detectors_checked"":2293760}"
      7168,         0,         0,   0.364,standalone_exact_mw,503ee55b5ad1b1988379a241a0405811522ee4d50b473755532ad1299cb121e2,"{""distance"":5,""physical_error_rate"":0.0005}","{""detection_events"":3203,""detectors_checked"":1605632}"
       329,         0,         0,   0.004,standalone_exact_mw,503ee55b5ad1b1988379a241a0405811522ee4d50b473755532ad1299cb121e2,"{""distance"":5,""physical_error_rate"":0.0005}","{""detection_events"":160,""detectors_checked"":73696}"
     13312,         0,         0,   0.884,standalone_exact_mw,503ee55b5ad1b1988379a241a0405811522ee4d50b473755532ad1299cb121e2,"{""distance"":5,""physical_error_rate"":0.0005}","{""detection_events"":6310,""detectors_checked"":2981888}"
        86,         0,         0,   0.001,standalone_exact_mw,503ee55b5ad1b1988379a241a0405811522ee4d50b473755532ad1299cb121e2,"{""distance"":5,""physical_error_rate"":0.0005}","{""detection_events"":51,""detectors_checked"":19264}"
      6171,         0,         0,   0.138,standalone_exact_mw,503ee55b5ad1b1988379a241a0405811522ee4d50b473755532ad1299cb121e2,"{""distance"":5,""physical_error_rate"":0.0005}","{""detection_events"":2981,""detectors_checked"":1382304}"
      3208,         0,         0,   0.070,standalone_exact_mw,503ee55b5ad1b1988379a241a0405811522ee4d50b473755532ad1299cb121e2,"{""distance"":5,""physical_error_rate"":0.0005}","{""detection_events"":1367,""detectors_checked"":718592}"
      4061,         0,         0,   0.116,standalone_exact_mw,503ee55b5ad1b1988379a241a0405811522ee4d50b473755532ad1299cb121e2,"{""distance"":5,""physical_error_rate"":0.0005}","{""detection_events"":1843,""detectors_checked"":909664}"
       184,         0,         0,   0.002,standalone_exact_mw,503ee55b5ad1b1988379a241a0405811522ee4d50b473755532ad1299cb121e2,"{""distance"":5,""physical_error_rate"":0.0005}","{""detection_events"":70,""detectors_checked"":41216}"
     11264,         0,         0,   0.814,standalone_exact_mw,503ee55b5ad1b1988379a241a0405811522ee4d50b473755532ad1299cb121e2,"{""distance"":5,""physical_error_rate"":0.0005}","{""detection_events"":5245,""detectors_checked"":2523136}"
        74,         0,         0,   0.001,standalone_exact_mw,503ee55b5ad1b1988379a241a0405811522ee4d50b473755532ad1299cb121e2,"{""distance"":5,""physical_error_rate"":0.0005}","{""detection_events"":26,""detectors_checked"":16576}"
     14336,         0,         0,   0.869,standalone_exact_mw,503ee55b5ad1b1988379a241a0405811522ee4d50b473755532ad1299cb121e2,"{""distance"":5,""physical_error_rate"":0.0005}","{""detection_events"":6745,""detectors_checked"":3211264}"
      3265,         0,         0,   0.074,standalone_exact_mw,503ee55b5ad1b1988379a241a0405811522ee4d50b473755532ad1299cb121e2,"{""distance"":5,""physical_error_rate"":0.0005}","{""detection_events"":1560,""detectors_checked"":731360}"
      8192,         0,         0,   0.384,standalone_exact_mw,503ee55b5ad1b1988379a241a0405811522ee4d50b473755532ad1299cb121e2,"{""distance"":5,""physical_error_rate"":0.0005}","{""detection_events"":3757,""detectors_checked"":1835008}"
      7131,         0,         0,   0.248,standalone_exact_mw,503ee55b5ad1b1988379a241a0405811522ee4d50b473755532ad1299cb121e2,"{""distance"":5,""physical_error_rate"":0.0005}","{""detection_events"":3333,""detectors_checked"":1597344}"
     12288,         0,         0,   0.830,standalone_exact_mw,503ee55b5ad1b1988379a241a0405811522ee4d50b473755532ad1299cb121e2,"{""distance"":5,""physical_error_rate"":0.0005}","{""detection_events"":5659,""detectors_checked"":2752512}"
      8192,         0,         0,   0.382,standalone_exact_mw,503ee55b5ad1b1988379a241a0405811522ee4d50b473755532ad1299cb121e2,"{""distance"":5,""physical_error_rate"":0.0005}","{""detection_events"":3820,""detectors_checked"":1835008}"
      4427,         0,         0,   0.137,standalone_exact_mw,503ee55b5ad1b1988379a241a0405811522ee4d50b473755532ad1299cb121e2,"{""distance"":5,""physical_error_rate"":0.0005}","{""detection_events"":2050,""detectors_checked"":991648}"
       223,         0,         0,   0.003,standalone_exact_mw,503ee55b5ad1b1988379a241a0405811522ee4d50b473755532ad1299cb121e2,"{""distance"":5,""physical_error_rate"":0.0005}","{""detection_events"":77,""detectors_checked"":49952}"
      2888,         0,         0,   0.116,standalone_exact_mw,503ee55b5ad1b1988379a241a0405811522ee4d50b473755532ad1299cb121e2,"{""distance"":5,""physical_error_rate"":0.0005}","{""detection_events"":1267,""detectors_checked"":646912}"
      8841,         0,         0,   0.394,standalone_exact_mw,503ee55b5ad1b1988379a241a0405811522ee4d50b473755532ad1299cb121e2,"{""distance"":5,""physical_error_rate"":0.0005}","{""detection_events"":4114,""detectors_checked"":1980384}"
      2884,         0,         0,   0.083,standalone_exact_mw,503ee55b5ad1b1988379a241a0405811522ee4d50b473755532ad1299cb121e2,"{""distance"":5,""physical_error_rate"":0.0005}","{""detection_events"":1259,""detectors_checked"":646016}"
      4546,         0,         0,   0.085,standalone_exact_mw,503ee55b5ad1b1988379a241a0405811522ee4d50b473755532ad1299cb121e2,"{""distance"":5,""physical_error_rate"":0.0005}","{""detection_events"":2120,""detectors_checked"":1018304}"
      2914,         0,         0,   0.072,standalone_exact_mw,503ee55b5ad1b1988379a241a0405811522ee4d50b473755532ad1299cb121e2,"{""distance"":5,""physical_error_rate"":0.0005}","{""detection_events"":1335,""detectors_checked"":652736}"
       323,         0,         0,   0.004,standalone_exact_mw,503ee55b5ad1b1988379a241a0405811522ee4d50b473755532ad1299cb121e2,"{""distance"":5,""physical_error_rate"":0.0005}","{""detection_events"":144,""detectors_checked"":72352}"
      1241,         0,         0,   0.032,standalone_exact_mw,503ee55b5ad1b1988379a241a0405811522ee4d50b473755532ad1299cb121e2,"{""distance"":5,""physical_error_rate"":0.0005}","{""detection_events"":556,""detectors_checked"":277984}"
      3257,         0,         0,   0.121,standalone_exact_mw,503ee55b5ad1b1988379a241a0405811522ee4d50b473755532ad1299cb121e2,"{""distance"":5,""physical_error_rate"":0.0005}","{""detection_events"":1457,""detectors_checked"":729568}"
      3441,         0,         0,   0.067,standalone_exact_mw,503ee55b5ad1b1988379a241a0405811522ee4d50b473755532ad1299cb121e2,"{""distance"":5,""physical_error_rate"":0.0005}","{""detection_events"":1550,""detectors_checked"":770784}"
      2900,         0,         0,   0.138,standalone_exact_mw,503ee55b5ad1b1988379a241a0405811522ee4d50b473755532ad1299cb121e2,"{""distance"":5,""physical_error_rate"":0.0005}","{""detection_events"":1372,""detectors_checked"":649600}"
     11264,         0,         0,   0.829,standalone_exact_mw,503ee55b5ad1b1988379a241a0405811522ee4d50b473755532ad1299cb121e2,"{""distance"":5,""physical_error_rate"":0.0005}","{""detection_events"":5322,""detectors_checked"":2523136}"
      3386,         0,         0,   0.100,standalone_exact_mw,503ee55b5ad1b1988379a241a0405811522ee4d50b473755532ad1299cb121e2,"{""distance"":5,""physical_error_rate"":0.0005}","{""detection_events"":1679,""detectors_checked"":758464}"
      5462,         0,         0,   0.218,standalone_exact_mw,503ee55b5ad1b1988379a241a0405811522ee4d50b473755532ad1299cb121e2,"{""distance"":5,""physical_error_rate"":0.0005}","{""detection_events"":2534,""detectors_checked"":1223488}"
      4107,         0,         0,   0.094,standalone_exact_mw,503ee55b5ad1b1988379a241a0405811522ee4d50b473755532ad1299cb121e2,"{""distance"":5,""physical_error_rate"":0.0005}","{""detection_events"":1889,""detectors_checked"":919968}"
      1309,         0,         0,   0.034,standalone_exact_mw,503ee55b5ad1b1988379a241a0405811522ee4d50b473755532ad1299cb121e2,"{""distance"":5,""physical_error_rate"":0.0005}","{""detection_events"":632,""detectors_checked"":293216}"
      4630,         0,         0,   0.147,standalone_exact_mw,503ee55b5ad1b1988379a241a0405811522ee4d50b473755532ad1299cb121e2,"{""distance"":5,""physical_error_rate"":0.0005}","{""detection_events"":2097,""detectors_checked"":1037120}"
      4042,         0,         0,   0.109,standalone_exact_mw,503ee55b5ad1b1988379a241a0405811522ee4d50b473755532ad1299cb121e2,"{""distance"":5,""physical_error_rate"":0.0005}","{""detection_events"":1857,""detectors_checked"":905408}"
      4986,         0,         0,   0.120,standalone_exact_mw,503ee55b5ad1b1988379a241a0405811522ee4d50b473755532ad1299cb121e2,"{""distance"":5,""physical_error_rate"":0.0005}","{""detection_events"":2399,""detectors_checked"":1116864}"
      6144,         0,         0,   0.245,standalone_exact_mw,503ee55b5ad1b1988379a241a0405811522ee4d50b473755532ad1299cb121e2,"{""distance"":5,""physical_error_rate"":0.0005}","{""detection_events"":2935,""detectors_checked"":1376256}"
      3560,         0,         0,   0.116,standalone_exact_mw,503ee55b5ad1b1988379a241a0405811522ee4d50b473755532ad1299cb121e2,"{""distance"":5,""physical_error_rate"":0.0005}","{""detection_events"":1600,""detectors_checked"":797440}"
      3275,         0,         0,   0.078,standalone_exact_mw,503ee55b5ad1b1988379a241a0405811522ee4d50b473755532ad1299cb121e2,"{""distance"":5,""physical_error_rate"":0.0005}","{""detection_events"":1609,""detectors_checked"":733600}"
      2997,         0,         0,   0.128,standalone_exact_mw,503ee55b5ad1b1988379a241a0405811522ee4d50b473755532ad1299cb121e2,"{""distance"":5,""physical_error_rate"":0.0005}","{""detection_events"":1395,""detectors_checked"":671328}"
        81,         0,         0,   0.001,standalone_exact_mw,503ee55b5ad1b1988379a241a0405811522ee4d50b473755532ad1299cb121e2,"{""distance"":5,""physical_error_rate"":0.0005}","{""detection_events"":23,""detectors_checked"":18144}"
         8,         0,         0,   0.000,standalone_exact_mw,503ee55b5ad1b1988379a241a0405811522ee4d50b473755532ad1299cb121e2,"{""distance"":5,""physical_error_rate"":0.0005}","{""detection_events"":2,""detectors_checked"":1792}"
      4470,         0,         0,   0.059,standalone_exact_mw,503ee55b5ad1b1988379a241a0405811522ee4d50b473755532ad1299cb121e2,"{""distance"":5,""physical_error_rate"":0.0005}","{""detection_events"":1973,""detectors_checked"":1001280}"
       509,         0,         0,   0.011,standalone_exact_mw,503ee55b5ad1b1988379a241a0405811522ee4d50b473755532ad1299cb121e2,"{""distance"":5,""physical_error_rate"":0.0005}","{""detection_events"":242,""detectors_checked"":114016}"
       310,         0,         0,   0.004,standalone_exact_mw,503ee55b5ad1b1988379a241a0405811522ee4d50b473755532ad1299cb121e2,"{""distance"":5,""physical_error_rate"":0.0005}","{""detection_events"":141,""detectors_checked"":69440}"
      5120,         0,         0,   0.113,standalone_exact_mw,503ee55b5ad1b1988379a241a0405811522ee4d50b473755532ad1299cb121e2,"{""distance"":5,""physical_error_rate"":0.0005}","{""detection_events"":2563,""detectors_checked"":1146880}"
       351,         0,         0,   0.009,standalone_exact_mw,503ee55b5ad1b1988379a241a0405811522ee4d50b473755532ad1299cb121e2,"{""distance"":5,""physical_error_rate"":0.0005}","{""detection_events"":200,""detectors_checked"":78624}"
       303,         0,         0,   0.004,standalone_exact_mw,503ee55b5ad1b1988379a241a0405811522ee4d50b473755532ad1299cb121e2,"{""distance"":5,""physical_error_rate"":0.0005}","{""detection_events"":134,""detectors_checked"":67872}"
      5120,         0,         0,   0.268,standalone_exact_mw,503ee55b5ad1b1988379a241a0405811522ee4d50b473755532ad1299cb121e2,"{""distance"":5,""physical_error_rate"":0.0005}","{""detection_events"":2354,""detectors_checked"":1146880}"
       493,         0,         0,   0.006,standalone_exact_mw,503ee55b5ad1b1988379a241a0405811522ee4d50b473755532ad1299cb121e2,"{""distance"":5,""physical_error_rate"":0.0005}","{""detection_events"":189,""detectors_checked"":110432}"
      3493,         0,         0,   0.175,standalone_exact_mw,503ee55b5ad1b1988379a241a0405811522ee4d50b473755532ad1299cb121e2,"{""distance"":5,""physical_error_rate"":0.0005}","{""detection_events"":1579,""detectors_checked"":782432}"
      3555,         0,         0,   0.181,standalone_exact_mw,503ee55b5ad1b1988379a241a0405811522ee4d50b473755532ad1299cb121e2,"{""distance"":5,""physical_error_rate"":0.0005}","{""detection_events"":1555,""detectors_checked"":796320}"
        44,         0,         0,   0.001,standalone_exact_mw,503ee55b5ad1b1988379a241a0405811522ee4d50b473755532ad1299cb121e2,"{""distance"":5,""physical_error_rate"":0.0005}","{""detection_events"":31,""detectors_checked"":9856}"
        17,         0,         0,   0.001,standalone_exact_mw,503ee55b5ad1b1988379a241a0405811522ee4d50b473755532ad1299cb121e2,"{""distance"":5,""physical_error_rate"":0.0005}","{""detection_events"":15,""detectors_checked"":3808}"
        46,         0,         0,   0.001,standalone_exact_mw,503ee55b5ad1b1988379a241a0405811522ee4d50b473755532ad1299cb121e2,"{""distance"":5,""physical_error_rate"":0.0005}","{""detection_events"":18,""detectors_checked"":10304}"
      4925,         0,         0,   0.166,standalone_exact_mw,503ee55b5ad1b1988379a241a0405811522ee4d50b473755532ad1299cb121e2,"{""distance"":5,""physical_error_rate"":0.0005}","{""detection_events"":2394,""detectors_checked"":1103200}"
       285,         0,         0,   0.004,standalone_exact_mw,503ee55b5ad1b1988379a241a0405811522ee4d50b473755532ad1299cb121e2,"{""distance"":5,""physical_error_rate"":0.0005}","{""detection_events"":118,""detectors_checked"":63840}"
        54,         0,         0,   0.001,standalone_exact_mw,503ee55b5ad1b1988379a241a0405811522ee4d50b473755532ad1299cb121e2,"{""distance"":5,""physical_error_rate"":0.0005}","{""detection_events"":14,""detectors_checked"":12096}"
      5039,         0,         0,   0.115,standalone_exact_mw,503ee55b5ad1b1988379a241a0405811522ee4d50b473755532ad1299cb121e2,"{""distance"":5,""physical_error_rate"":0.0005}","{""detection_events"":2292,""detectors_checked"":1128736}"
      5120,         0,         0,   0.170,standalone_exact_mw,503ee55b5ad1b1988379a241a0405811522ee4d50b473755532ad1299cb121e2,"{""distance"":5,""physical_error_rate"":0.0005}","{""detection_events"":2364,""detectors_checked"":1146880}"
        38,         0,         0,   0.001,standalone_exact_mw,503ee55b5ad1b1988379a241a0405811522ee4d50b473755532ad1299cb121e2,"{""distance"":5,""physical_error_rate"":0.0005}","{""detection_events"":24,""detectors_checked"":8512}"
       583,         0,         0,   0.009,standalone_exact_mw,503ee55b5ad1b1988379a241a0405811522ee4d50b473755532ad1299cb121e2,"{""distance"":5,""physical_error_rate"":0.0005}","{""detection_events"":273,""detectors_checked"":130592}"
        27,         0,         0,   0.001,standalone_exact_mw,503ee55b5ad1b1988379a241a0405811522ee4d50b473755532ad1299cb121e2,"{""distance"":5,""physical_error_rate"":0.0005}","{""detection_events"":17,""detectors_checked"":6048}"
        35,         0,         0,   0.001,standalone_exact_mw,503ee55b5ad1b1988379a241a0405811522ee4d50b473755532ad1299cb121e2,"{""distance"":5,""physical_error_rate"":0.0005}","{""detection_events"":25,""detectors_checked"":7840}"
       583,         0,         0,   0.007,standalone_exact_mw,503ee55b5ad1b1988379a241a0405811522ee4d50b473755532ad1299cb121e2,"{""distance"":5,""physical_error_rate"":0.0005}","{""detection_events"":277,""detectors_checked"":130592}"
       520,         0,         0,   0.007,standalone_exact_mw,503ee55b5ad1b1988379a241a0405811522ee4d50b473755532ad1299cb121e2,"{""distance"":5,""physical_error_rate"":0.0005}","{""detection_events"":220,""detectors_checked"":116480}"
      4923,         0,         0,   0.129,standalone_exact_mw,503ee55b5ad1b1988379a241a0405811522ee4d50b473755532ad1299cb121e2,"{""distance"":5,""physical_error_rate"":0.0005}","{""detection_events"":2250,""detectors_checked"":1102752}"
       738,         0,         0,   0.017,standalone_exact_mw,503ee55b5ad1b1988379a241a0405811522ee4d50b473755532ad1299cb121e2,"{""distance"":5,""physical_error_rate"":0.0005}","{""detection_events"":424,""detectors_checked"":165312}"
        17,         0,         0,   0.001,standalone_exact_mw,503ee55b5ad1b1988379a241a0405811522ee4d50b473755532ad1299cb121e2,"{""distance"":5,""physical_error_rate"":0.0005}","{""detection_events"":8,""detectors_checked"":3808}"
       144,         0,         0,   0.002,standalone_exact_mw,503ee55b5ad1b1988379a241a0405811522ee4d50b473755532ad1299cb121e2,"{""distance"":5,""physical_error_rate"":0.0005}","{""detection_events"":59,""detectors_checked"":32256}"
        66,         0,         0,   0.002,standalone_exact_mw,503ee55b5ad1b1988379a241a0405811522ee4d50b473755532ad1299cb121e2,"{""distance"":5,""physical_error_rate"":0.0005}","{""detection_events"":37,""detectors_checked"":14784}"
      3842,         0,         0,   0.103,standalone_exact_mw,503ee55b5ad1b1988379a241a0405811522ee4d50b473755532ad1299cb121e2,"{""distance"":5,""physical_error_rate"":0.0005}","{""detection_events"":1809,""detectors_checked"":860608}"
      3842,         0,         0,   0.177,standalone_exact_mw,503ee55b5ad1b1988379a241a0405811522ee4d50b473755532ad1299cb121e2,"{""distance"":5,""physical_error_rate"":0.0005}","{""detection_events"":1869,""detectors_checked"":860608}"
       649,         0,         0,   0.020,standalone_exact_mw,503ee55b5ad1b1988379a241a0405811522ee4d50b473755532ad1299cb121e2,"{""distance"":5,""physical_error_rate"":0.0005}","{""detection_events"":313,""detectors_checked"":145376}"
      3493,         0,         0,   0.125,standalone_exact_mw,503ee55b5ad1b1988379a241a0405811522ee4d50b473755532ad1299cb121e2,"{""distance"":5,""physical_error_rate"":0.0005}","{""detection_events"":1626,""detectors_checked"":782432}"
      3970,         0,         0,   0.140,standalone_exact_mw,503ee55b5ad1b1988379a241a0405811522ee4d50b473755532ad1299cb121e2,"{""distance"":5,""physical_error_rate"":0.0005}","{""detection_events"":1835,""detectors_checked"":889280}"
      5120,         0,         0,   0.250,standalone_exact_mw,503ee55b5ad1b1988379a241a0405811522ee4d50b473755532ad1299cb121e2,"{""distance"":5,""physical_error_rate"":0.0005}","{""detection_events"":2299,""detectors_checked"":1146880}"
      3090,         0,         0,   0.091,standalone_exact_mw,503ee55b5ad1b1988379a241a0405811522ee4d50b473755532ad1299cb121e2,"{""distance"":5,""physical_error_rate"":0.0005}","{""detection_events"":1417,""detectors_checked"":692160}"
      3072,         0,         0,   0.063,standalone_exact_mw,503ee55b5ad1b1988379a241a0405811522ee4d50b473755532ad1299cb121e2,"{""distance"":5,""physical_error_rate"":0.0005}","{""detection_events"":1534,""detectors_checked"":688128}"
      3364,         0,         0,   0.133,standalone_exact_mw,503ee55b5ad1b1988379a241a0405811522ee4d50b473755532ad1299cb121e2,"{""distance"":5,""physical_error_rate"":0.0005}","{""detection_events"":1783,""detectors_checked"":753536}"
         2,         0,         0,   0.000,standalone_exact_mw,503ee55b5ad1b1988379a241a0405811522ee4d50b473755532ad1299cb121e2,"{""distance"":5,""physical_error_rate"":0.0005}","{""detectors_checked"":448}"
      1264,         0,         0,   0.018,standalone_exact_mw,503ee55b5ad1b1988379a241a0405811522ee4d50b473755532ad1299cb121e2,"{""distance"":5,""physical_error_rate"":0.0005}","{""detection_events"":562,""detectors_checked"":283136}"
      3610,         0,         0,   0.086,standalone_exact_mw,503ee55b5ad1b1988379a241a0405811522ee4d50b473755532ad1299cb121e2,"{""distance"":5,""physical_error_rate"":0.0005}","{""detection_events"":1707,""detectors_checked"":808640}"
      3655,         0,         0,   0.201,standalone_exact_mw,503ee55b5ad1b1988379a241a0405811522ee4d50b473755532ad1299cb121e2,"{""distance"":5,""physical_error_rate"":0.0005}","{""detection_events"":1761,""detectors_checked"":818720}"
      2048,         0,         0,   0.026,standalone_exact_mw,503ee55b5ad1b1988379a241a0405811522ee4d50b473755532ad1299cb121e2,"{""distance"":5,""physical_error_rate"":0.0005}","{""detection_events"":947,""detectors_checked"":458752}"
      4096,         0,         0,   0.203,standalone_exact_mw,503ee55b5ad1b1988379a241a0405811522ee4d50b473755532ad1299cb121e2,"{""distance"":5,""physical_error_rate"":0.0005}","{""detection_events"":2032,""detectors_checked"":917504}"
        19,         0,         0,   0.001,standalone_exact_mw,503ee55b5ad1b1988379a241a0405811522ee4d50b473755532ad1299cb121e2,"{""distance"":5,""physical_error_rate"":0.0005}","{""detection_events"":11,""detectors_checked"":4256}"
       747,         0,         0,   0.009,standalone_exact_mw,503ee55b5ad1b1988379a241a0405811522ee4d50b473755532ad1299cb121e2,"{""distance"":5,""physical_error_rate"":0.0005}","{""detection_events"":318,""detectors_checked"":167328}"
      4096,         0,         0,   0.168,standalone_exact_mw,503ee55b5ad1b1988379a241a0405811522ee4d50b473755532ad1299cb121e2,"{""distance"":5,""physical_error_rate"":0.0005}","{""detection_events"":1897,""detectors_checked"":917504}"
      4039,         0,         0,   0.185,standalone_exact_mw,503ee55b5ad1b1988379a241a0405811522ee4d50b473755532ad1299cb121e2,"{""distance"":5,""physical_error_rate"":0.0005}","{""detection_events"":1909,""detectors_checked"":904736}"
      1299,         0,         0,   0.020,standalone_exact_mw,503ee55b5ad1b1988379a241a0405811522ee4d50b473755532ad1299cb121e2,"{""distance"":5,""physical_error_rate"":0.0005}","{""detection_events"":576,""detectors_checked"":290976}"
       138,         0,         0,   0.003,standalone_exact_mw,503ee55b5ad1b1988379a241a0405811522ee4d50b473755532ad1299cb121e2,"{""distance"":5,""physical_error_rate"":0.0005}","{""detection_events"":80,""detectors_checked"":30912}"
       648,         0,         0,   0.008,standalone_exact_mw,503ee55b5ad1b1988379a241a0405811522ee4d50b473755532ad1299cb121e2,"{""distance"":5,""physical_error_rate"":0.0005}","{""detection_events"":272,""detectors_checked"":145152}"
      1396,         0,         0,   0.016,standalone_exact_mw,503ee55b5ad1b1988379a241a0405811522ee4d50b473755532ad1299cb121e2,"{""distance"":5,""physical_error_rate"":0.0005}","{""detection_events"":526,""detectors_checked"":312704}"
         2,         0,         0,   0.000,standalone_exact_mw,503ee55b5ad1b1988379a241a0405811522ee4d50b473755532ad1299cb121e2,"{""distance"":5,""physical_error_rate"":0.0005}","{""detectors_checked"":448}"
      3072,         0,         0,   0.120,standalone_exact_mw,503ee55b5ad1b1988379a241a0405811522ee4d50b473755532ad1299cb121e2,"{""distance"":5,""physical_error_rate"":0.0005}","{""detection_events"":1498,""detectors_checked"":688128}"
       350,         0,         0,   0.004,standalone_exact_mw,503ee55b5ad1b1988379a241a0405811522ee4d50b473755532ad1299cb121e2,"{""distance"":5,""physical_error_rate"":0.0005}","{""detection_events"":161,""detectors_checked"":78400}"
       863,         0,         0,   0.012,standalone_exact_mw,503ee55b5ad1b1988379a241a0405811522ee4d50b473755532ad1299cb121e2,"{""distance"":5,""physical_error_rate"":0.0005}","{""detection_events"":370,""detectors_checked"":193312}"
      1396,         0,         0,   0.017,standalone_exact_mw,503ee55b5ad1b1988379a241a0405811522ee4d50b473755532ad1299cb121e2,"{""distance"":5,""physical_error_rate"":0.0005}","{""detection_events"":701,""detectors_checked"":312704}"
      3072,         0,         0,   0.116,standalone_exact_mw,503ee55b5ad1b1988379a241a0405811522ee4d50b473755532ad1299cb121e2,"{""distance"":5,""physical_error_rate"":0.0005}","{""detection_events"":1335,""detectors_checked"":688128}"
       473,         0,         0,   0.006,standalone_exact_mw,503ee55b5ad1b1988379a241a0405811522ee4d50b473755532ad1299cb121e2,"{""distance"":5,""physical_error_rate"":0.0005}","{""detection_events"":185,""detectors_checked"":105952}"
         3,         0,         0,   0.000,standalone_exact_mw,503ee55b5ad1b1988379a241a0405811522ee4d50b473755532ad1299cb121e2,"{""distance"":5,""physical_error_rate"":0.0005}","{""detectors_checked"":672}"
        22,         0,         0,   0.001,standalone_exact_mw,503ee55b5ad1b1988379a241a0405811522ee4d50b473755532ad1299cb121e2,"{""distance"":5,""physical_error_rate"":0.0005}","{""detection_events"":10,""detectors_checked"":4928}"
       397,         0,         0,   0.005,standalone_exact_mw,503ee55b5ad1b1988379a241a0405811522ee4d50b473755532ad1299cb121e2,"{""distance"":5,""physical_error_rate"":0.0005}","{""detection_events"":150,""detectors_checked"":88928}"
        86,         0,         0,   0.002,standalone_exact_mw,503ee55b5ad1b1988379a241a0405811522ee4d50b473755532ad1299cb121e2,"{""distance"":5,""physical_error_rate"":0.0005}","{""detection_events"":65,""detectors_checked"":19264}"
         5,         0,         0,   0.001,standalone_exact_mw,503ee55b5ad1b1988379a241a0405811522ee4d50b473755532ad1299cb121e2,"{""distance"":5,""physical_error_rate"":0.0005}","{""detection_events"":8,""detectors_checked"":1120}"
      2006,         0,         0,   0.024,standalone_exact_mw,503ee55b5ad1b1988379a241a0405811522ee4d50b473755532ad1299cb121e2,"{""distance"":5,""physical_error_rate"":0.0005}","{""detection_events"":926,""detectors_checked"":449344}"
      1247,         0,         0,   0.015,standalone_exact_mw,503ee55b5ad1b1988379a241a0405811522ee4d50b473755532ad1299cb121e2,"{""distance"":5,""physical_error_rate"":0.0005}","{""detection_events"":538,""detectors_checked"":279328}"
        13,         0,         0,   0.000,standalone_exact_mw,503ee55b5ad1b1988379a241a0405811522ee4d50b473755532ad1299cb121e2,"{""distance"":5,""physical_error_rate"":0.0005}","{""detection_events"":2,""detectors_checked"":2912}"
        80,         0,         0,   0.001,standalone_exact_mw,503ee55b5ad1b1988379a241a0405811522ee4d50b473755532ad1299cb121e2,"{""distance"":5,""physical_error_rate"":0.0005}","{""detection_events"":36,""detectors_checked"":17920}"
        41,         0,         0,   0.001,standalone_exact_mw,503ee55b5ad1b1988379a241a0405811522ee4d50b473755532ad1299cb121e2,"{""distance"":5,""physical_error_rate"":0.0005}","{""detection_events"":19,""detectors_checked"":9184}"
      4096,         0,         0,   0.186,standalone_exact_mw,503ee55b5ad1b1988379a241a0405811522ee4d50b473755532ad1299cb121e2,"{""distance"":5,""physical_error_rate"":0.0005}","{""detection_events"":1812,""detectors_checked"":917504}"
      1114,         0,         0,   0.014,standalone_exact_mw,503ee55b5ad1b1988379a241a0405811522ee4d50b473755532ad1299cb121e2,"{""distance"":5,""physical_error_rate"":0.0005}","{""detection_events"":473,""detectors_checked"":249536}"
      1024,         0,         0,   0.012,standalone_exact_mw,503ee55b5ad1b1988379a241a0405811522ee4d50b473755532ad1299cb121e2,"{""distance"":5,""physical_error_rate"":0.0005}","{""detection_events"":393,""detectors_checked"":229376}"
        13,         0,         0,   0.001,standalone_exact_mw,503ee55b5ad1b1988379a241a0405811522ee4d50b473755532ad1299cb121e2,"{""distance"":5,""physical_error_rate"":0.0005}","{""detection_events"":18,""detectors_checked"":2912}"
         1,         0,         0,   0.000,standalone_exact_mw,503ee55b5ad1b1988379a241a0405811522ee4d50b473755532ad1299cb121e2,"{""distance"":5,""physical_error_rate"":0.0005}","{""detection_events"":2,""detectors_checked"":224}"
        62,         0,         0,   0.001,standalone_exact_mw,503ee55b5ad1b1988379a241a0405811522ee4d50b473755532ad1299cb121e2,"{""distance"":5,""physical_error_rate"":0.0005}","{""detection_events"":31,""detectors_checked"":13888}"
        75,         0,         0,   0.001,standalone_exact_mw,503ee55b5ad1b1988379a241a0405811522ee4d50b473755532ad1299cb121e2,"{""distance"":5,""physical_error_rate"":0.0005}","{""detection_events"":56,""detectors_checked"":16800}"
       408,         0,         0,   0.006,standalone_exact_mw,503ee55b5ad1b1988379a241a0405811522ee4d50b473755532ad1299cb121e2,"{""distance"":5,""physical_error_rate"":0.0005}","{""detection_events"":220,""detectors_checked"":91392}"
        43,         0,         0,   0.001,standalone_exact_mw,503ee55b5ad1b1988379a241a0405811522ee4d50b473755532ad1299cb121e2,"{""distance"":5,""physical_error_rate"":0.0005}","{""detection_events"":14,""detectors_checked"":9632}"
      3072,         0,         0,   0.137,standalone_exact_mw,503ee55b5ad1b1988379a241a0405811522ee4d50b473755532ad1299cb121e2,"{""distance"":5,""physical_error_rate"":0.0005}","{""detection_events"":1572,""detectors_checked"":688128}"
      2880,         0,         0,   0.100,standalone_exact_mw,503ee55b5ad1b1988379a241a0405811522ee4d50b473755532ad1299cb121e2,"{""distance"":5,""physical_error_rate"":0.0005}","{""detection_events"":1357,""detectors_checked"":645120}"
        39,         0,         0,   0.001,standalone_exact_mw,503ee55b5ad1b1988379a241a0405811522ee4d50b473755532ad1299cb121e2,"{""distance"":5,""physical_error_rate"":0.0005}","{""detection_events"":16,""detectors_checked"":8736}"
        60,         0,         0,   0.001,standalone_exact_mw,503ee55b5ad1b1988379a241a0405811522ee4d50b473755532ad1299cb121e2,"{""distance"":5,""physical_error_rate"":0.0005}","{""detection_events"":21,""detectors_checked"":13440}"
        13,         0,         0,   0.000,standalone_exact_mw,503ee55b5ad1b1988379a241a0405811522ee4d50b473755532ad1299cb121e2,"{""distance"":5,""physical_error_rate"":0.0005}","{""detection_events"":2,""detectors_checked"":2912}"
        48,         0,         0,   0.001,standalone_exact_mw,503ee55b5ad1b1988379a241a0405811522ee4d50b473755532ad1299cb121e2,"{""distance"":5,""physical_error_rate"":0.0005}","{""detection_events"":30,""detectors_checked"":10752}"
      1024,         0,         0,   0.013,standalone_exact_mw,503ee55b5ad1b1988379a241a0405811522ee4d50b473755532ad1299cb121e2,"{""distance"":5,""physical_error_rate"":0.0005}","{""detection_events"":470,""detectors_checked"":229376}"
      3072,         0,         0,   0.113,standalone_exact_mw,503ee55b5ad1b1988379a241a0405811522ee4d50b473755532ad1299cb121e2,"{""distance"":5,""physical_error_rate"":0.0005}","{""detection_events"":1401,""detectors_checked"":688128}"
      1602,         0,         0,   0.025,standalone_exact_mw,503ee55b5ad1b1988379a241a0405811522ee4d50b473755532ad1299cb121e2,"{""distance"":5,""physical_error_rate"":0.0005}","{""detection_events"":731,""detectors_checked"":358848}"
       123,         0,         0,   0.002,standalone_exact_mw,503ee55b5ad1b1988379a241a0405811522ee4d50b473755532ad1299cb121e2,"{""distance"":5,""physical_error_rate"":0.0005}","{""detection_events"":71,""detectors_checked"":27552}"
       641,         0,         0,   0.008,standalone_exact_mw,503ee55b5ad1b1988379a241a0405811522ee4d50b473755532ad1299cb121e2,"{""distance"":5,""physical_error_rate"":0.0005}","{""detection_events"":274,""detectors_checked"":143584}"
       824,         0,         0,   0.010,standalone_exact_mw,503ee55b5ad1b1988379a241a0405811522ee4d50b473755532ad1299cb121e2,"{""distance"":5,""physical_error_rate"":0.0005}","{""detection_events"":414,""detectors_checked"":184576}"
       846,         0,         0,   0.011,standalone_exact_mw,503ee55b5ad1b1988379a241a0405811522ee4d50b473755532ad1299cb121e2,"{""distance"":5,""physical_error_rate"":0.0005}","{""detection_events"":369,""detectors_checked"":189504}"
       113,         0,         0,   0.002,standalone_exact_mw,503ee55b5ad1b1988379a241a0405811522ee4d50b473755532ad1299cb121e2,"{""distance"":5,""physical_error_rate"":0.0005}","{""detection_events"":45,""detectors_checked"":25312}"
        22,         0,         0,   0.001,standalone_exact_mw,503ee55b5ad1b1988379a241a0405811522ee4d50b473755532ad1299cb121e2,"{""distance"":5,""physical_error_rate"":0.0005}","{""detection_events"":8,""detectors_checked"":4928}"
       477,         0,         0,   0.006,standalone_exact_mw,503ee55b5ad1b1988379a241a0405811522ee4d50b473755532ad1299cb121e2,"{""distance"":5,""physical_error_rate"":0.0005}","{""detection_events"":205,""detectors_checked"":106848}"
        22,         0,         0,   0.001,standalone_exact_mw,503ee55b5ad1b1988379a241a0405811522ee4d50b473755532ad1299cb121e2,"{""distance"":5,""physical_error_rate"":0.0005}","{""detection_events"":32,""detectors_checked"":4928}"
         8,         0,         0,   0.001,standalone_exact_mw,503ee55b5ad1b1988379a241a0405811522ee4d50b473755532ad1299cb121e2,"{""distance"":5,""physical_error_rate"":0.0005}","{""detection_events"":10,""detectors_checked"":1792}"
       771,         0,         0,   0.010,standalone_exact_mw,503ee55b5ad1b1988379a241a0405811522ee4d50b473755532ad1299cb121e2,"{""distance"":5,""physical_error_rate"":0.0005}","{""detection_events"":379,""detectors_checked"":172704}"
         5,         0,         0,   0.000,standalone_exact_mw,503ee55b5ad1b1988379a241a0405811522ee4d50b473755532ad1299cb121e2,"{""distance"":5,""physical_error_rate"":0.0005}","{""detection_events"":6,""detectors_checked"":1120}"
      3072,         0,         0,   0.102,standalone_exact_mw,503ee55b5ad1b1988379a241a0405811522ee4d50b473755532ad1299cb121e2,"{""distance"":5,""physical_error_rate"":0.0005}","{""detection_events"":1458,""detectors_checked"":688128}"
       280,         0,         0,   0.004,standalone_exact_mw,503ee55b5ad1b1988379a241a0405811522ee4d50b473755532ad1299cb121e2,"{""distance"":5,""physical_error_rate"":0.0005}","{""detection_events"":128,""detectors_checked"":62720}"
       824,         0,         0,   0.013,standalone_exact_mw,503ee55b5ad1b1988379a241a0405811522ee4d50b473755532ad1299cb121e2,"{""distance"":5,""physical_error_rate"":0.0005}","{""detection_events"":435,""detectors_checked"":184576}"
        15,         0,         0,   0.000,standalone_exact_mw,503ee55b5ad1b1988379a241a0405811522ee4d50b473755532ad1299cb121e2,"{""distance"":5,""physical_error_rate"":0.0005}","{""detection_events"":6,""detectors_checked"":3360}"
       415,         0,         0,   0.005,standalone_exact_mw,503ee55b5ad1b1988379a241a0405811522ee4d50b473755532ad1299cb121e2,"{""distance"":5,""physical_error_rate"":0.0005}","{""detection_events"":190,""detectors_checked"":92960}"
       372,         0,         0,   0.006,standalone_exact_mw,503ee55b5ad1b1988379a241a0405811522ee4d50b473755532ad1299cb121e2,"{""distance"":5,""physical_error_rate"":0.0005}","{""detection_events"":201,""detectors_checked"":83328}"
       878,         0,         0,   0.010,standalone_exact_mw,503ee55b5ad1b1988379a241a0405811522ee4d50b473755532ad1299cb121e2,"{""distance"":5,""physical_error_rate"":0.0005}","{""detection_events"":334,""detectors_checked"":196672}"
         7,         0,         0,   0.000,standalone_exact_mw,503ee55b5ad1b1988379a241a0405811522ee4d50b473755532ad1299cb121e2,"{""distance"":5,""physical_error_rate"":0.0005}","{""detectors_checked"":1568}"
       246,         0,         0,   0.003,standalone_exact_mw,503ee55b5ad1b1988379a241a0405811522ee4d50b473755532ad1299cb121e2,"{""distance"":5,""physical_error_rate"":0.0005}","{""detection_events"":124,""detectors_checked"":55104}"
       680,         0,         0,   0.010,standalone_exact_mw,503ee55b5ad1b1988379a241a0405811522ee4d50b473755532ad1299cb121e2,"{""distance"":5,""physical_error_rate"":0.0005}","{""detection_events"":320,""detectors_checked"":152320}"
      2048,         0,         0,   0.060,standalone_exact_mw,503ee55b5ad1b1988379a241a0405811522ee4d50b473755532ad1299cb121e2,"{""distance"":5,""physical_error_rate"":0.0005}","{""detection_events"":990,""detectors_checked"":458752}"
      1842,         0,         0,   0.056,standalone_exact_mw,503ee55b5ad1b1988379a241a0405811522ee4d50b473755532ad1299cb121e2,"{""distance"":5,""physical_error_rate"":0.0005}","{""detection_events"":770,""detectors_checked"":412608}"
        71,         0,         0,   0.002,standalone_exact_mw,503ee55b5ad1b1988379a241a0405811522ee4d50b473755532ad1299cb121e2,"{""distance"":5,""physical_error_rate"":0.0005}","{""detection_events"":66,""detectors_checked"":15904}"
      2048,         0,         0,   0.051,standalone_exact_mw,503ee55b5ad1b1988379a241a0405811522ee4d50b473755532ad1299cb121e2,"{""distance"":5,""physical_error_rate"":0.0005}","{""detection_events"":923,""detectors_checked"":458752}"
         5,         0,         0,   0.001,standalone_exact_mw,503ee55b5ad1b1988379a241a0405811522ee4d50b473755532ad1299cb121e2,"{""distance"":5,""physical_error_rate"":0.0005}","{""detection_events"":2,""detectors_checked"":1120}"
       328,         0,         0,   0.005,standalone_exact_mw,503ee55b5ad1b1988379a241a0405811522ee4d50b473755532ad1299cb121e2,"{""distance"":5,""physical_error_rate"":0.0005}","{""detection_events"":131,""detectors_checked"":73472}"
       177,         0,         0,   0.003,standalone_exact_mw,503ee55b5ad1b1988379a241a0405811522ee4d50b473755532ad1299cb121e2,"{""distance"":5,""physical_error_rate"":0.0005}","{""detection_events"":103,""detectors_checked"":39648}"
        25,         0,         0,   0.001,standalone_exact_mw,503ee55b5ad1b1988379a241a0405811522ee4d50b473755532ad1299cb121e2,"{""distance"":5,""physical_error_rate"":0.0005}","{""detection_events"":11,""detectors_checked"":5600}"
       353,         0,         0,   0.004,standalone_exact_mw,503ee55b5ad1b1988379a241a0405811522ee4d50b473755532ad1299cb121e2,"{""distance"":5,""physical_error_rate"":0.0005}","{""detection_events"":171,""detectors_checked"":79072}"
       328,         0,         0,   0.004,standalone_exact_mw,503ee55b5ad1b1988379a241a0405811522ee4d50b473755532ad1299cb121e2,"{""distance"":5,""physical_error_rate"":0.0005}","{""detection_events"":195,""detectors_checked"":73472}"
         4,         0,         0,   0.001,standalone_exact_mw,503ee55b5ad1b1988379a241a0405811522ee4d50b473755532ad1299cb121e2,"{""distance"":5,""physical_error_rate"":0.0005}","{""detection_events"":12,""detectors_checked"":896}"
       771,         0,         0,   0.013,standalone_exact_mw,503ee55b5ad1b1988379a241a0405811522ee4d50b473755532ad1299cb121e2,"{""distance"":5,""physical_error_rate"":0.0005}","{""detection_events"":338,""detectors_checked"":172704}"
       215,         0,         0,   0.003,standalone_exact_mw,503ee55b5ad1b1988379a241a0405811522ee4d50b473755532ad1299cb121e2,"{""distance"":5,""physical_error_rate"":0.0005}","{""detection_events"":90,""detectors_checked"":48160}"
       215,         0,         0,   0.003,standalone_exact_mw,503ee55b5ad1b1988379a241a0405811522ee4d50b473755532ad1299cb121e2,"{""distance"":5,""physical_error_rate"":0.0005}","{""detection_events"":78,""detectors_checked"":48160}"
       175,         0,         0,   0.003,standalone_exact_mw,503ee55b5ad1b1988379a241a0405811522ee4d50b473755532ad1299cb121e2,"{""distance"":5,""physical_error_rate"":0.0005}","{""detection_events"":71,""detectors_checked"":39200}"
       101,         0,         0,   0.002,standalone_exact_mw,503ee55b5ad1b1988379a241a0405811522ee4d50b473755532ad1299cb121e2,"{""distance"":5,""physical_error_rate"":0.0005}","{""detection_events"":55,""detectors_checked"":22624}"
       215,         0,         0,   0.003,standalone_exact_mw,503ee55b5ad1b1988379a241a0405811522ee4d50b473755532ad1299cb121e2,"{""distance"":5,""physical_error_rate"":0.0005}","{""detection_events"":98,""detectors_checked"":48160}"
       215,         0,         0,   0.003,standalone_exact_mw,503ee55b5ad1b1988379a241a0405811522ee4d50b473755532ad1299cb121e2,"{""distance"":5,""physical_error_rate"":0.0005}","{""detection_events"":111,""detectors_checked"":48160}"
       101,         0,         0,   0.002,standalone_exact_mw,503ee55b5ad1b1988379a241a0405811522ee4d50b473755532ad1299cb121e2,"{""distance"":5,""physical_error_rate"":0.0005}","{""detection_events"":37,""detectors_checked"":22624}"
       219,         0,         0,   0.003,standalone_exact_mw,503ee55b5ad1b1988379a241a0405811522ee4d50b473755532ad1299cb121e2,"{""distance"":5,""physical_error_rate"":0.0005}","{""detection_events"":171,""detectors_checked"":49056}"
       101,         0,         0,   0.001,standalone_exact_mw,503ee55b5ad1b1988379a241a0405811522ee4d50b473755532ad1299cb121e2,"{""distance"":5,""physical_error_rate"":0.0005}","{""detection_events"":45,""detectors_checked"":22624}"
        25,         0,         0,   0.001,standalone_exact_mw,503ee55b5ad1b1988379a241a0405811522ee4d50b473755532ad1299cb121e2,"{""distance"":5,""physical_error_rate"":0.0005}","{""detection_events"":25,""detectors_checked"":5600}"
       101,         0,         0,   0.001,standalone_exact_mw,503ee55b5ad1b1988379a241a0405811522ee4d50b473755532ad1299cb121e2,"{""distance"":5,""physical_error_rate"":0.0005}","{""detection_events"":27,""detectors_checked"":22624}"
        14,         0,         0,   0.001,standalone_exact_mw,503ee55b5ad1b1988379a241a0405811522ee4d50b473755532ad1299cb121e2,"{""distance"":5,""physical_error_rate"":0.0005}","{""detection_events"":4,""detectors_checked"":3136}"
       215,         0,         0,   0.003,standalone_exact_mw,503ee55b5ad1b1988379a241a0405811522ee4d50b473755532ad1299cb121e2,"{""distance"":5,""physical_error_rate"":0.0005}","{""detection_events"":107,""detectors_checked"":48160}"
       129,         0,         0,   0.002,standalone_exact_mw,503ee55b5ad1b1988379a241a0405811522ee4d50b473755532ad1299cb121e2,"{""distance"":5,""physical_error_rate"":0.0005}","{""detection_events"":68,""detectors_checked"":28896}"
        36,         0,         0,   0.001,standalone_exact_mw,503ee55b5ad1b1988379a241a0405811522ee4d50b473755532ad1299cb121e2,"{""distance"":5,""physical_error_rate"":0.0005}","{""detection_events"":6,""detectors_checked"":8064}"
        33,         0,         0,   0.001,standalone_exact_mw,503ee55b5ad1b1988379a241a0405811522ee4d50b473755532ad1299cb121e2,"{""distance"":5,""physical_error_rate"":0.0005}","{""detection_events"":8,""detectors_checked"":7392}"
         4,         0,         0,   0.001,standalone_exact_mw,503ee55b5ad1b1988379a241a0405811522ee4d50b473755532ad1299cb121e2,"{""distance"":5,""physical_error_rate"":0.0005}","{""detection_events"":9,""detectors_checked"":896}"
         3,         0,         0,   0.000,standalone_exact_mw,503ee55b5ad1b1988379a241a0405811522ee4d50b473755532ad1299cb121e2,"{""distance"":5,""physical_error_rate"":0.0005}","{""detection_events"":2,""detectors_checked"":672}"
         3,         0,         0,   0.000,standalone_exact_mw,503ee55b5ad1b1988379a241a0405811522ee4d50b473755532ad1299cb121e2,"{""distance"":5,""physical_error_rate"":0.0005}","{""detection_events"":1,""detectors_checked"":672}"
        36,         0,         0,   0.001,standalone_exact_mw,503ee55b5ad1b1988379a241a0405811522ee4d50b473755532ad1299cb121e2,"{""distance"":5,""physical_error_rate"":0.0005}","{""detection_events"":21,""detectors_checked"":8064}"
         3,         0,         0,   0.000,standalone_exact_mw,503ee55b5ad1b1988379a241a0405811522ee4d50b473755532ad1299cb121e2,"{""distance"":5,""physical_error_rate"":0.0005}","{""detectors_checked"":672}"
        27,         0,         0,   0.001,standalone_exact_mw,503ee55b5ad1b1988379a241a0405811522ee4d50b473755532ad1299cb121e2,"{""distance"":5,""physical_error_rate"":0.0005}","{""detection_events"":7,""detectors_checked"":6048}"
        27,         0,         0,   0.001,standalone_exact_mw,503ee55b5ad1b1988379a241a0405811522ee4d50b473755532ad1299cb121e2,"{""distance"":5,""physical_error_rate"":0.0005}","{""detection_events"":8,""detectors_checked"":6048}"
         2,         0,         0,   0.000,standalone_exact_mw,503ee55b5ad1b1988379a241a0405811522ee4d50b473755532ad1299cb121e2,"{""distance"":5,""physical_error_rate"":0.0005}","{""detectors_checked"":448}"
         4,         0,         0,   0.000,standalone_exact_mw,503ee55b5ad1b1988379a241a0405811522ee4d50b473755532ad1299cb121e2,"{""distance"":5,""physical_error_rate"":0.0005}","{""detectors_checked"":896}"
        22,         0,         0,   0.001,standalone_exact_mw,503ee55b5ad1b1988379a241a0405811522ee4d50b473755532ad1299cb121e2,"{""distance"":5,""physical_error_rate"":0.0005}","{""detection_events"":6,""detectors_checked"":4928}"
        19,         0,         0,   0.001,standalone_exact_mw,503ee55b5ad1b1988379a241a0405811522ee4d50b473755532ad1299cb121e2,"{""distance"":5,""physical_error_rate"":0.0005}","{""detection_events"":4,""detectors_checked"":4256}"
         3,         0,         0,   0.000,standalone_exact_mw,503ee55b5ad1b1988379a241a0405811522ee4d50b473755532ad1299cb121e2,"{""distance"":5,""physical_error_rate"":0.0005}","{""detectors_checked"":672}"
         2,         0,         0,   0.001,standalone_exact_mw,503ee55b5ad1b1988379a241a0405811522ee4d50b473755532ad1299cb121e2,"{""distance"":5,""physical_error_rate"":0.0005}","{""detection_events"":6,""detectors_checked"":448}"
         1,         0,         0,   0.000,standalone_exact_mw,503ee55b5ad1b1988379a241a0405811522ee4d50b473755532ad1299cb121e2,"{""distance"":5,""physical_error_rate"":0.0005}","{""detectors_checked"":224}"
         2,         0,         0,   0.000,standalone_exact_mw,503ee55b5ad1b1988379a241a0405811522ee4d50b473755532ad1299cb121e2,"{""distance"":5,""physical_error_rate"":0.0005}","{""detectors_checked"":448}"
         3,         0,         0,   0.000,standalone_exact_mw,503ee55b5ad1b1988379a241a0405811522ee4d50b473755532ad1299cb121e2,"{""distance"":5,""physical_error_rate"":0.0005}","{""detection_events"":3,""detectors_checked"":672}"
         1,         0,         0,   0.000,standalone_exact_mw,503ee55b5ad1b1988379a241a0405811522ee4d50b473755532ad1299cb121e2,"{""distance"":5,""physical_error_rate"":0.0005}","{""detectors_checked"":224}"
         3,         0,         0,   0.000,standalone_exact_mw,503ee55b5ad1b1988379a241a0405811522ee4d50b473755532ad1299cb121e2,"{""distance"":5,""physical_error_rate"":0.0005}","{""detectors_checked"":672}"
         1,         0,         0,   0.000,standalone_exact_mw,503ee55b5ad1b1988379a241a0405811522ee4d50b473755532ad1299cb121e2,"{""distance"":5,""physical_error_rate"":0.0005}","{""detectors_checked"":224}"
         2,         0,         0,   0.000,standalone_exact_mw,503ee55b5ad1b1988379a241a0405811522ee4d50b473755532ad1299cb121e2,"{""distance"":5,""physical_error_rate"":0.0005}","{""detectors_checked"":448}"
         1,         0,         0,   0.000,standalone_exact_mw,503ee55b5ad1b1988379a241a0405811522ee4d50b473755532ad1299cb121e2,"{""distance"":5,""physical_error_rate"":0.0005}","{""detectors_checked"":224}"
         1,         0,         0,   0.001,standalone_exact_mw,503ee55b5ad1b1988379a241a0405811522ee4d50b473755532ad1299cb121e2,"{""distance"":5,""physical_error_rate"":0.0005}","{""detection_events"":2,""detectors_checked"":224}"
         1,         0,         0,   0.001,standalone_exact_mw,503ee55b5ad1b1988379a241a0405811522ee4d50b473755532ad1299cb121e2,"{""distance"":5,""physical_error_rate"":0.0005}","{""detection_events"":4,""detectors_checked"":224}"
         2,         0,         0,   0.000,standalone_exact_mw,503ee55b5ad1b1988379a241a0405811522ee4d50b473755532ad1299cb121e2,"{""distance"":5,""physical_error_rate"":0.0005}","{""detectors_checked"":448}"
         1,         0,         0,   0.001,standalone_exact_mw,503ee55b5ad1b1988379a241a0405811522ee4d50b473755532ad1299cb121e2,"{""distance"":5,""physical_error_rate"":0.0005}","{""detection_events"":2,""detectors_checked"":224}"
         1,         0,         0,   0.001,standalone_exact_mw,503ee55b5ad1b1988379a241a0405811522ee4d50b473755532ad1299cb121e2,"{""distance"":5,""physical_error_rate"":0.0005}","{""detection_events"":2,""detectors_checked"":224}"
         1,         0,         0,   0.000,standalone_exact_mw,503ee55b5ad1b1988379a241a0405811522ee4d50b473755532ad1299cb121e2,"{""distance"":5,""physical_error_rate"":0.0005}","{""detectors_checked"":224}"
         1,         0,         0,   0.000,standalone_exact_mw,503ee55b5ad1b1988379a241a0405811522ee4d50b473755532ad1299cb121e2,"{""distance"":5,""physical_error_rate"":0.0005}","{""detectors_checked"":224}"
         1,         0,         0,   0.001,standalone_exact_mw,503ee55b5ad1b1988379a241a0405811522ee4d50b473755532ad1299cb121e2,"{""distance"":5,""physical_error_rate"":0.0005}","{""detectors_checked"":224}"
         1,         0,         0,   0.000,standalone_exact_mw,503ee55b5ad1b1988379a241a0405811522ee4d50b473755532ad1299cb121e2,"{""distance"":5,""physical_error_rate"":0.0005}","{""detectors_checked"":224}"
         1,         0,         0,   0.001,standalone_exact_mw,503ee55b5ad1b1988379a241a0405811522ee4d50b473755532ad1299cb121e2,"{""distance"":5,""physical_error_rate"":0.0005}","{""detection_events"":6,""detectors_checked"":224}"
         1,         0,         0,   0.000,standalone_exact_mw,503ee55b5ad1b1988379a241a0405811522ee4d50b473755532ad1299cb121e2,"{""distance"":5,""physical_error_rate"":0.0005}","{""detectors_checked"":224}"
         1,         0,         0,   0.001,standalone_exact_mw,503ee55b5ad1b1988379a241a0405811522ee4d50b473755532ad1299cb121e2,"{""distance"":5,""physical_error_rate"":0.0005}","{""detection_events"":5,""detectors_checked"":224}"
         1,         0,         0,   0.001,standalone_exact_mw,503ee55b5ad1b1988379a241a0405811522ee4d50b473755532ad1299cb121e2,"{""distance"":5,""physical_error_rate"":0.0005}","{""detectors_checked"":224}"
         1,         0,         0,   0.001,standalone_exact_mw,503ee55b5ad1b1988379a241a0405811522ee4d50b473755532ad1299cb121e2,"{""distance"":5,""physical_error_rate"":0.0005}","{""detection_events"":8,""detectors_checked"":224}"
         1,         0,         0,   0.000,standalone_exact_mw,503ee55b5ad1b1988379a241a0405811522ee4d50b473755532ad1299cb121e2,"{""distance"":5,""physical_error_rate"":0.0005}","{""detectors_checked"":224}"
