     shots,    errors,  discards, seconds,decoder,strong_id,json_metadata,custom_counts
      1297,         0,         0,   0.029,standalone_exact_mw,77d802c74222c3324b7f1323f7447c6411ad27be92307b6127e53af575faadca,"{""distance"":5,""physical_error_rate"":0.001}","{""detection_events"":1237,""detectors_checked"":290528}"
      1024,         0,         0,   0.016,standalone_exact_mw,77d802c74222c3324b7f1323f7447c6411ad27be92307b6127e53af575faadca,"{""distance"":5,""physical_error_rate"":0.001}","{""detection_events"":862,""detectors_checked"":229376}"
      2048,         0,         0,   0.033,standalone_exact_mw,77d802c74222c3324b7f1323f7447c6411ad27be92307b6127e53af575faadca,"{""distance"":5,""physical_error_rate"":0.001}","{""detection_events"":1850,""detectors_checked"":458752}"
      2048,         0,         0,   0.034,standalone_exact_mw,77d802c74222c3324b7f1323f7447c6411ad27be92307b6127e53af575faadca,"{""distance"":5,""physical_error_rate"":0.001}","{""detection_events"":1963,""detectors_checked"":458752}"
        17,         0,         0,   0.010,standalone_exact_mw,29ae76c7f86edcd2f56343e8109d8463cbc736644db4e57527101e2f1c3606c8,"{""distance"":5,""physical_error_rate"":0.0002}","{""detection_events"":2,""detectors_checked"":3808}"
      2304,         0,         0,   0.041,standalone_exact_mw,29ae76c7f86edcd2f56343e8109d8463cbc736644db4e57527101e2f1c3606c8,"{""distance"":5,""physical_error_rate"":0.0002}","{""detection_events"":387,""detectors_checked"":516096}"
      3072,         0,         0,   0.049,standalone_exact_mw,77d802c74222c3324b7f1323f7447c6411ad27be92307b6127e53af575faadca,"{""distance"":5,""physical_error_rate"":0.001}","{""detection_events"":2857,""detectors_checked"":688128}"
      2048,         0,         0,   0.033,standalone_exact_mw,29ae76c7f86edcd2f56343e8109d8463cbc736644db4e57527101e2f1c3606c8,"{""distance"":5,""physical_error_rate"":0.0002}","{""detection_events"":389,""detectors_checked"":458752}"
      4096,         0,         0,   0.070,standalone_exact_mw,77d802c74222c3324b7f1323f7447c6411ad27be92307b6127e53af575faadca,"{""distance"":5,""physical_error_rate"":0.001}","{""detection_events"":3752,""detectors_checked"":917504}"
      2048,         0,         0,   0.046,standalone_exact_mw,29ae76c7f86edcd2f56343e8109d8463cbc736644db4e57527101e2f1c3606c8,"{""distance"":5,""physical_error_rate"":0.0002}","{""detection_events"":421,""detectors_checked"":458752}"
      3072,         0,         0,   0.056,standalone_exact_mw,29ae76c7f86edcd2f56343e8109d8463cbc736644db4e57527101e2f1c3606c8,"{""distance"":5,""physical_error_rate"":0.0002}","{""detection_events"":609,""detectors_checked"":688128}"
      5120,         0,         0,   0.084,standalone_exact_mw,77d802c74222c3324b7f1323f7447c6411ad27be92307b6127e53af575faadca,"{""distance"":5,""physical_error_rate"":0.001}","{""detection_events"":4364,""detectors_checked"":1146880}"
      3072,         0,         0,   0.056,standalone_exact_mw,29ae76c7f86edcd2f56343e8109d8463cbc736644db4e57527101e2f1c3606c8,"{""distance"":5,""physical_error_rate"":0.0002}","{""detection_events"":569,""detectors_checked"":688128}"
      6144,         0,         0,   0.106,standalone_exact_mw,77d802c74222c3324b7f1323f7447c6411ad27be92307b6127e53af575faadca,"{""distance"":5,""physical_error_rate"":0.001}","{""detection_events"":6006,""detectors_checked"":1376256}"
      4096,         0,         0,   0.079,standalone_exact_mw,29ae76c7f86edcd2f56343e8109d8463cbc736644db4e57527101e2f1c3606c8,"{""distance"":5,""physical_error_rate"":0.0002}","{""detection_events"":727,""detectors_checked"":917504}"
      6144,         0,         0,   0.112,standalone_exact_mw,29ae76c7f86edcd2f56343e8109d8463cbc736644db4e57527101e2f1c3606c8,"{""distance"":5,""physical_error_rate"":0.0002}","{""detection_events"":1128,""detectors_checked"":1376256}"
      9216,         0,         0,   0.156,standalone_exact_mw,77d802c74222c3324b7f1323f7447c6411ad27be92307b6127e53af575faadca,"{""distance"":5,""physical_error_rate"":0.001}","{""detection_events"":8494,""detectors_checked"":2064384}"
      7168,         0,         0,   0.135,standalone_exact_mw,29ae76c7f86edcd2f56343e8109d8463cbc736644db4e57527101e2f1c3606c8,"{""distance"":5,""physical_error_rate"":0.0002}","{""detection_events"":1378,""detectors_checked"":1605632}"
     12288,         0,         0,   0.206,standalone_exact_mw,77d802c74222c3324b7f1323f7447c6411ad27be92307b6127e53af575faadca,"{""distance"":5,""physical_error_rate"":0.001}","{""detection_events"":11491,""detectors_checked"":2752512}"
     11264,         0,         0,   0.200,standalone_exact_mw,29ae76c7f86edcd2f56343e8109d8463cbc736644db4e57527101e2f1c3606c8,"{""distance"":5,""physical_error_rate"":0.0002}","{""detection_events"":2167,""detectors_checked"":2523136}"
     17408,         0,         0,   0.300,standalone_exact_mw,77d802c74222c3324b7f1323f7447c6411ad27be92307b6127e53af575faadca,"{""distance"":5,""physical_error_rate"":0.001}","{""detection_events"":16071,""detectors_checked"":3899392}"
     15360,         0,         0,   0.306,standalone_exact_mw,29ae76c7f86edcd2f56343e8109d8463cbc736644db4e57527101e2f1c3606c8,"{""distance"":5,""physical_error_rate"":0.0002}","{""detection_events"":2764,""detectors_checked"":3440640}"
     25600,         0,         0,   0.421,standalone_exact_mw,77d802c74222c3324b7f1323f7447c6411ad27be92307b6127e53af575faadca,"{""distance"":5,""physical_error_rate"":0.001}","{""detection_events"":23532,""detectors_checked"":5734400}"
     21504,         0,         0,   0.420,standalone_exact_mw,29ae76c7f86edcd2f56343e8109d8463cbc736644db4e57527101e2f1c3606c8,"{""distance"":5,""physical_error_rate"":0.0002}","{""detection_events"":4060,""detectors_checked"":4816896}"
     33792,         0,         0,   0.574,standalone_exact_mw,77d802c74222c3324b7f1323f7447c6411ad27be92307b6127e53af575faadca,"{""distance"":5,""physical_error_rate"":0.001}","{""detection_events"":31239,""detectors_checked"":7569408}"
     29696,         0,         0,   0.575,standalone_exact_mw,29ae76c7f86edcd2f56343e8109d8463cbc736644db4e57527101e2f1c3606c8,"{""distance"":5,""physical_error_rate"":0.0002}","{""detection_events"":5389,""detectors_checked"":6651904}"
      1297,         0,         0,   0.042,standalone_exact_mw,503ee55b5ad1b1988379a241a0405811522ee4d50b473755532ad1299cb121e2,"{""distance"":5,""physical_error_rate"":0.0005}","{""detection_events"":614,""detectors_checked"":290528}"
      2048,         0,         0,   0.039,standalone_exact_mw,503ee55b5ad1b1988379a241a0405811522ee4d50b473755532ad1299cb121e2,"{""distance"":5,""physical_error_rate"":0.0005}","{""detection_events"":932,""detectors_checked"":458752}"
      1024,         0,         0,   0.013,standalone_exact_mw,503ee55b5ad1b1988379a241a0405811522ee4d50b473755532ad1299cb121e2,"{""distance"":5,""physical_error_rate"":0.0005}","{""detection_events"":436,""detectors_checked"":229376}"
      1024,         0,         0,   0.024,standalone_exact_mw,503ee55b5ad1b1988379a241a0405811522ee4d50b473755532ad1299cb121e2,"{""distance"":5,""physical_error_rate"":0.0005}","{""detection_events"":440,""detectors_checked"":229376}"
      2048,         0,         0,   0.053,standalone_exact_mw,503ee55b5ad1b1988379a241a0405811522ee4d50b473755532ad1299cb121e2,"{""distance"":5,""physical_error_rate"":0.0005}","{""detection_events"":980,""detectors_checked"":458752}"
      3072,         0,         0,   0.078,standalone_exact_mw,503ee55b5ad1b1988379a241a0405811522ee4d50b473755532ad1299cb121e2,"{""distance"":5,""physical_error_rate"":0.0005}","{""detection_events"":1500,""detectors_checked"":688128}"
      3072,         0,         0,   0.079,standalone_exact_mw,503ee55b5ad1b1988379a241a0405811522ee4d50b473755532ad1299cb121e2,"{""distance"":5,""physical_error_rate"":0.0005}","{""detection_events"":1400,""detectors_checked"":688128}"
      4096,         0,         0,   0.116,standalone_exact_mw,503ee55b5ad1b1988379a241a0405811522ee4d50b473755532ad1299cb121e2,"{""distance"":5,""physical_error_rate"":0.0005}","{""detection_events"":1859,""detectors_checked"":917504}"
     47104,         0,         0,   0.798,standalone_exact_mw,77d802c74222c3324b7f1323f7447c6411ad27be92307b6127e53af575faadca,"{""distance"":5,""physical_error_rate"":0.001}","{""detection_events"":43625,""detectors_checked"":10551296}"
      6144,         0,         0,   0.149,standalone_exact_mw,503ee55b5ad1b1988379a241a0405811522ee4d50b473755532ad1299cb121e2,"{""distance"":5,""physical_error_rate"":0.0005}","{""detection_events"":2797,""detectors_checked"":1376256}"
      1297,         0,         0,   0.027,standalone_exact_mw,cc9149276d16e61a5ac322a1d2048afebd34054fe0ed4879b77eb616628c1148,"{""distance"":5,""physical_error_rate"":0.0001}","{""detection_events"":123,""detectors_checked"":290528}"
      1024,         0,         0,   0.022,standalone_exact_mw,cc9149276d16e61a5ac322a1d2048afebd34054fe0ed4879b77eb616628c1148,"{""distance"":5,""physical_error_rate"":0.0001}","{""detection_events"":82,""detectors_checked"":229376}"
      2048,         0,         0,   0.032,standalone_exact_mw,cc9149276d16e61a5ac322a1d2048afebd34054fe0ed4879b77eb616628c1148,"{""distance"":5,""physical_error_rate"":0.0001}","{""detection_events"":216,""detectors_checked"":458752}"
     39936,         0,         0,   0.797,standalone_exact_mw,29ae76c7f86edcd2f56343e8109d8463cbc736644db4e57527101e2f1c3606c8,"{""distance"":5,""physical_error_rate"":0.0002}","{""detection_events"":7480,""detectors_checked"":8945664}"
      2048,         0,         0,   0.045,standalone_exact_mw,cc9149276d16e61a5ac322a1d2048afebd34054fe0ed4879b77eb616628c1148,"{""distance"":5,""physical_error_rate"":0.0001}","{""detection_events"":168,""detectors_checked"":458752}"
      3072,         0,         0,   0.054,standalone_exact_mw,cc9149276d16e61a5ac322a1d2048afebd34054fe0ed4879b77eb616628c1148,"{""distance"":5,""physical_error_rate"":0.0001}","{""detection_events"":286,""detectors_checked"":688128}"
      8192,         0,         0,   0.208,standalone_exact_mw,503ee55b5ad1b1988379a241a0405811522ee4d50b473755532ad1299cb121e2,"{""distance"":5,""physical_error_rate"":0.0005}","{""detection_events"":3740,""detectors_checked"":1835008}"
      4096,         0,         0,   0.075,standalone_exact_mw,cc9149276d16e61a5ac322a1d2048afebd34054fe0ed4879b77eb616628c1148,"{""distance"":5,""physical_error_rate"":0.0001}","{""detection_events"":398,""detectors_checked"":917504}"
      5120,         0,         0,   0.085,standalone_exact_mw,cc9149276d16e61a5ac322a1d2048afebd34054fe0ed4879b77eb616628c1148,"{""distance"":5,""physical_error_rate"":0.0001}","{""detection_events"":538,""detectors_checked"":1146880}"
      6144,         0,         0,   0.107,standalone_exact_mw,cc9149276d16e61a5ac322a1d2048afebd34054fe0ed4879b77eb616628c1148,"{""distance"":5,""physical_error_rate"":0.0001}","{""detection_events"":575,""detectors_checked"":1376256}"
     11264,         0,         0,   0.292,standalone_exact_mw,503ee55b5ad1b1988379a241a0405811522ee4d50b473755532ad1299cb121e2,"{""distance"":5,""physical_error_rate"":0.0005}","{""detection_events"":5289,""detectors_checked"":2523136}"
      9216,         0,         0,   0.166,standalone_exact_mw,cc9149276d16e61a5ac322a1d2048afebd34054fe0ed4879b77eb616628c1148,"{""distance"":5,""physical_error_rate"":0.0001}","{""detection_events"":981,""detectors_checked"":2064384}"
     12288,         0,         0,   0.214,standalone_exact_mw,cc9149276d16e61a5ac322a1d2048afebd34054fe0ed4879b77eb616628c1148,"{""distance"":5,""physical_error_rate"":0.0001}","{""detection_events"":1090,""detectors_checked"":2752512}"
     16384,         0,         0,   0.409,standalone_exact_mw,503ee55b5ad1b1988379a241a0405811522ee4d50b473755532ad1299cb121e2,"{""distance"":5,""physical_error_rate"":0.0005}","{""detection_events"":7675,""detectors_checked"":3670016}"
     65536,         0,         0,    1.11,standalone_exact_mw,77d802c74222c3324b7f1323f7447c6411ad27be92307b6127e53af575faadca,"{""distance"":5,""physical_error_rate"":0.001}","{""detection_events"":60793,""detectors_checked"":14680064}"
     16384,         0,         0,   0.303,standalone_exact_mw,cc9149276d16e61a5ac322a1d2048afebd34054fe0ed4879b77eb616628c1148,"{""distance"":5,""physical_error_rate"":0.0001}","{""detection_events"":1508,""detectors_checked"":3670016}"
     56320,         0,         0,    1.11,standalone_exact_mw,29ae76c7f86edcd2f56343e8109d8463cbc736644db4e57527101e2f1c3606c8,"{""distance"":5,""physical_error_rate"":0.0002}","{""detection_events"":10609,""detectors_checked"":12615680}"
     22528,         0,         0,   0.591,standalone_exact_mw,503ee55b5ad1b1988379a241a0405811522ee4d50b473755532ad1299cb121e2,"{""distance"":5,""physical_error_rate"":0.0005}","{""detection_events"":10493,""detectors_checked"":5046272}"
     22528,         0,         0,   0.409,standalone_exact_mw,cc9149276d16e61a5ac322a1d2048afebd34054fe0ed4879b77eb616628c1148,"{""distance"":5,""physical_error_rate"":0.0001}","{""detection_events"":2022,""detectors_checked"":5046272}"
     31744,         0,         0,   0.566,standalone_exact_mw,cc9149276d16e61a5ac322a1d2048afebd34054fe0ed4879b77eb616628c1148,"{""distance"":5,""physical_error_rate"":0.0001}","{""detection_events"":2927,""detectors_checked"":7110656}"
     30720,         0,         0,   0.795,standalone_exact_mw,503ee55b5ad1b1988379a241a0405811522ee4d50b473755532ad1299cb121e2,"{""distance"":5,""physical_error_rate"":0.0005}","{""detection_events"":14389,""detectors_checked"":6881280}"
     71680,         0,         0,    1.57,standalone_exact_mw,77d802c74222c3324b7f1323f7447c6411ad27be92307b6127e53af575faadca,"{""distance"":5,""physical_error_rate"":0.001}","{""detection_events"":67200,""detectors_checked"":16056320}"
     78848,         0,         0,    1.54,standalone_exact_mw,29ae76c7f86edcd2f56343e8109d8463cbc736644db4e57527101e2f1c3606c8,"{""distance"":5,""physical_error_rate"":0.0002}","{""detection_events"":14732,""detectors_checked"":17661952}"
     45056,         0,         0,   0.800,standalone_exact_mw,cc9149276d16e61a5ac322a1d2048afebd34054fe0ed4879b77eb616628c1148,"{""distance"":5,""physical_error_rate"":0.0001}","{""detection_events"":4289,""detectors_checked"":10092544}"
      1297,         0,         0,   0.035,standalone_exact_mw,29ae76c7f86edcd2f56343e8109d8463cbc736644db4e57527101e2f1c3606c8,"{""distance"":5,""physical_error_rate"":0.0002}","{""detection_events"":219,""detectors_checked"":290528}"
      2048,         0,         0,   0.034,standalone_exact_mw,29ae76c7f86edcd2f56343e8109d8463cbc736644db4e57527101e2f1c3606c8,"{""distance"":5,""physical_error_rate"":0.0002}","{""detection_events"":389,""detectors_checked"":458752}"
      1024,         0,         0,   0.024,standalone_exact_mw,29ae76c7f86edcd2f56343e8109d8463cbc736644db4e57527101e2f1c3606c8,"{""distance"":5,""physical_error_rate"":0.0002}","{""detection_events"":217,""detectors_checked"":229376}"
      2048,         0,         0,   0.046,standalone_exact_mw,29ae76c7f86edcd2f56343e8109d8463cbc736644db4e57527101e2f1c3606c8,"{""distance"":5,""physical_error_rate"":0.0002}","{""detection_events"":424,""detectors_checked"":458752}"
      3072,         0,         0,   0.055,standalone_exact_mw,29ae76c7f86edcd2f56343e8109d8463cbc736644db4e57527101e2f1c3606c8,"{""distance"":5,""physical_error_rate"":0.0002}","{""detection_events"":512,""detectors_checked"":688128}"
      3072,         0,         0,   0.057,standalone_exact_mw,29ae76c7f86edcd2f56343e8109d8463cbc736644db4e57527101e2f1c3606c8,"{""distance"":5,""physical_error_rate"":0.0002}","{""detection_events"":592,""detectors_checked"":688128}"
      4096,         0,         0,   0.079,standalone_exact_mw,29ae76c7f86edcd2f56343e8109d8463cbc736644db4e57527101e2f1c3606c8,"{""distance"":5,""physical_error_rate"":0.0002}","{""detection_events"":737,""detectors_checked"":917504}"
     59392,         0,         0,    1.11,standalone_exact_mw,503ee55b5ad1b1988379a241a0405811522ee4d50b473755532ad1299cb121e2,"{""distance"":5,""physical_error_rate"":0.0005}","{""detection_events"":27664,""detectors_checked"":13303808}"
      6144,         0,         0,   0.124,standalone_exact_mw,29ae76c7f86edcd2f56343e8109d8463cbc736644db4e57527101e2f1c3606c8,"{""distance"":5,""physical_error_rate"":0.0002}","{""detection_events"":1093,""detectors_checked"":1376256}"
      8192,         0,         0,   0.156,standalone_exact_mw,29ae76c7f86edcd2f56343e8109d8463cbc736644db4e57527101e2f1c3606c8,"{""distance"":5,""physical_error_rate"":0.0002}","{""detection_events"":1454,""detectors_checked"":1835008}"
         1,         0,         0,   0.014,standalone_exact_mw,1a2d9ab41a8a393fdef1a304cd6cd3b39e7654fe1ff27694ddcd7a0d28bf707b,"{""distance"":5,""physical_error_rate"":0.005}","{""detection_events"":5,""detectors_checked"":224}"
       272,         0,         0,   0.063,standalone_exact_mw,1a2d9ab41a8a393fdef1a304cd6cd3b39e7654fe1ff27694ddcd7a0d28bf707b,"{""distance"":5,""physical_error_rate"":0.005}","{""detection_events"":1197,""detectors_checked"":60928}"
     11264,         0,         0,   0.227,standalone_exact_mw,29ae76c7f86edcd2f56343e8109d8463cbc736644db4e57527101e2f1c3606c8,"{""distance"":5,""physical_error_rate"":0.0002}","{""detection_events"":1983,""detectors_checked"":2523136}"
      1024,         2,         0,   0.176,standalone_exact_mw,1a2d9ab41a8a393fdef1a304cd6cd3b39e7654fe1ff27694ddcd7a0d28bf707b,"{""distance"":5,""physical_error_rate"":0.005}","{""detection_events"":4709,""detectors_checked"":229376,""obs_mistake_mask=E"":2}"
     62464,         0,         0,    1.10,standalone_exact_mw,cc9149276d16e61a5ac322a1d2048afebd34054fe0ed4879b77eb616628c1148,"{""distance"":5,""physical_error_rate"":0.0001}","{""detection_events"":5783,""detectors_checked"":13991936}"
     15360,         0,         0,   0.289,standalone_exact_mw,29ae76c7f86edcd2f56343e8109d8463cbc736644db4e57527101e2f1c3606c8,"{""distance"":5,""physical_error_rate"":0.0002}","{""detection_events"":2831,""detectors_checked"":3440640}"
      1024,         0,         0,   0.194,standalone_exact_mw,1a2d9ab41a8a393fdef1a304cd6cd3b39e7654fe1ff27694ddcd7a0d28bf707b,"{""distance"":5,""physical_error_rate"":0.005}","{""detection_events"":4585,""detectors_checked"":229376}"
      1024,         0,         0,   0.198,standalone_exact_mw,1a2d9ab41a8a393fdef1a304cd6cd3b39e7654fe1ff27694ddcd7a0d28bf707b,"{""distance"":5,""physical_error_rate"":0.005}","{""detection_events"":4747,""detectors_checked"":229376}"
     21504,         0,         0,   0.416,standalone_exact_mw,29ae76c7f86edcd2f56343e8109d8463cbc736644db4e57527101e2f1c3606c8,"{""distance"":5,""physical_error_rate"":0.0002}","{""detection_events"":4019,""detectors_checked"":4816896}"
      1024,         0,         0,   0.171,standalone_exact_mw,1a2d9ab41a8a393fdef1a304cd6cd3b39e7654fe1ff27694ddcd7a0d28bf707b,"{""distance"":5,""physical_error_rate"":0.005}","{""detection_events"":4527,""detectors_checked"":229376}"
      1024,         1,         0,   0.154,standalone_exact_mw,1a2d9ab41a8a393fdef1a304cd6cd3b39e7654fe1ff27694ddcd7a0d28bf707b,"{""distance"":5,""physical_error_rate"":0.005}","{""detection_events"":4638,""detectors_checked"":229376,""obs_mistake_mask=E"":1}"
    129024,         0,         0,    2.17,standalone_exact_mw,77d802c74222c3324b7f1323f7447c6411ad27be92307b6127e53af575faadca,"{""distance"":5,""physical_error_rate"":0.001}","{""detection_events"":120645,""detectors_checked"":28901376}"
      1024,         1,         0,   0.160,standalone_exact_mw,1a2d9ab41a8a393fdef1a304cd6cd3b39e7654fe1ff27694ddcd7a0d28bf707b,"{""distance"":5,""physical_error_rate"":0.005}","{""detection_events"":4560,""detectors_checked"":229376,""obs_mistake_mask=E"":1}"
    110592,         0,         0,    2.18,standalone_exact_mw,29ae76c7f86edcd2f56343e8109d8463cbc736644db4e57527101e2f1c3606c8,"{""distance"":5,""physical_error_rate"":0.0002}","{""detection_events"":21578,""detectors_checked"":24772608}"
    122880,         0,         0,    1.56,standalone_exact_mw,503ee55b5ad1b1988379a241a0405811522ee4d50b473755532ad1299cb121e2,"{""distance"":5,""physical_error_rate"":0.0005}","{""detection_events"":57149,""detectors_checked"":27525120}"
       273,         0,         0,   0.012,standalone_exact_mw,7bb6e20e48600212890a8c0dbf00c9e78f41358e09b12be0f89e4aae4bc5d684,"{""distance"":5,""physical_error_rate"":0.002}","{""detection_events"":515,""detectors_checked"":61152}"
      1024,         0,         0,   0.055,standalone_exact_mw,7bb6e20e48600212890a8c0dbf00c9e78f41358e09b12be0f89e4aae4bc5d684,"{""distance"":5,""physical_error_rate"":0.002}","{""detection_events"":1965,""detectors_checked"":229376}"
     28672,         0,         0,   0.573,standalone_exact_mw,29ae76c7f86edcd2f56343e8109d8463cbc736644db4e57527101e2f1c3606c8,"{""distance"":5,""physical_error_rate"":0.0002}","{""detection_events"":5349,""detectors_checked"":6422528}"
      2048,         0,         0,   0.277,standalone_exact_mw,1a2d9ab41a8a393fdef1a304cd6cd3b39e7654fe1ff27694ddcd7a0d28bf707b,"{""distance"":5,""physical_error_rate"":0.005}","{""detection_events"":9036,""detectors_checked"":458752}"
      1024,         0,         0,   0.060,standalone_exact_mw,7bb6e20e48600212890a8c0dbf00c9e78f41358e09b12be0f89e4aae4bc5d684,"{""distance"":5,""physical_error_rate"":0.002}","{""detection_events"":2018,""detectors_checked"":229376}"
      1024,         0,         0,   0.051,standalone_exact_mw,7bb6e20e48600212890a8c0dbf00c9e78f41358e09b12be0f89e4aae4bc5d684,"{""distance"":5,""physical_error_rate"":0.002}","{""detection_events"":1971,""detectors_checked"":229376}"
      1024,         0,         0,   0.050,standalone_exact_mw,7bb6e20e48600212890a8c0dbf00c9e78f41358e09b12be0f89e4aae4bc5d684,"{""distance"":5,""physical_error_rate"":0.002}","{""detection_events"":1923,""detectors_checked"":229376}"
         1,         0,         0,   0.013,standalone_exact_mw,aea10f45e3589e84a00777b800d38e8a3149bd6cb552c409f3bffd718c1a0abf,"{""distance"":5,""physical_error_rate"":5e-05}","{""detectors_checked"":224}"
      2320,         0,         0,   0.028,standalone_exact_mw,aea10f45e3589e84a00777b800d38e8a3149bd6cb552c409f3bffd718c1a0abf,"{""distance"":5,""physical_error_rate"":5e-05}","{""detection_events"":111,""detectors_checked"":519680}"
      2048,         0,         0,   0.030,standalone_exact_mw,aea10f45e3589e84a00777b800d38e8a3149bd6cb552c409f3bffd718c1a0abf,"{""distance"":5,""physical_error_rate"":5e-05}","{""detection_events"":98,""detectors_checked"":458752}"
      2048,         0,         0,   0.113,standalone_exact_mw,7bb6e20e48600212890a8c0dbf00c9e78f41358e09b12be0f89e4aae4bc5d684,"{""distance"":5,""physical_error_rate"":0.002}","{""detection_events"":3814,""detectors_checked"":458752}"
      2048,         0,         0,   0.030,standalone_exact_mw,aea10f45e3589e84a00777b800d38e8a3149bd6cb552c409f3bffd718c1a0abf,"{""distance"":5,""physical_error_rate"":5e-05}","{""detection_events"":120,""detectors_checked"":458752}"
      3072,         0,         0,   0.051,standalone_exact_mw,aea10f45e3589e84a00777b800d38e8a3149bd6cb552c409f3bffd718c1a0abf,"{""distance"":5,""physical_error_rate"":5e-05}","{""detection_events"":148,""detectors_checked"":688128}"
      2048,         0,         0,   0.101,standalone_exact_mw,7bb6e20e48600212890a8c0dbf00c9e78f41358e09b12be0f89e4aae4bc5d684,"{""distance"":5,""physical_error_rate"":0.002}","{""detection_events"":3931,""detectors_checked"":458752}"
      2048,         0,         0,   0.339,standalone_exact_mw,1a2d9ab41a8a393fdef1a304cd6cd3b39e7654fe1ff27694ddcd7a0d28bf707b,"{""distance"":5,""physical_error_rate"":0.005}","{""detection_events"":9424,""detectors_checked"":458752}"
      4096,         0,         0,   0.073,standalone_exact_mw,aea10f45e3589e84a00777b800d38e8a3149bd6cb552c409f3bffd718c1a0abf,"{""distance"":5,""physical_error_rate"":5e-05}","{""detection_events"":199,""detectors_checked"":917504}"
      5120,         0,         0,   0.075,standalone_exact_mw,aea10f45e3589e84a00777b800d38e8a3149bd6cb552c409f3bffd718c1a0abf,"{""distance"":5,""physical_error_rate"":5e-05}","{""detection_events"":214,""detectors_checked"":1146880}"
      2048,         0,         0,   0.127,standalone_exact_mw,7bb6e20e48600212890a8c0dbf00c9e78f41358e09b12be0f89e4aae4bc5d684,"{""distance"":5,""physical_error_rate"":0.002}","{""detection_events"":3730,""detectors_checked"":458752}"
     87040,         0,         0,    1.56,standalone_exact_mw,cc9149276d16e61a5ac322a1d2048afebd34054fe0ed4879b77eb616628c1148,"{""distance"":5,""physical_error_rate"":0.0001}","{""detection_events"":8153,""detectors_checked"":19496960}"
      6144,         0,         0,   0.112,standalone_exact_mw,aea10f45e3589e84a00777b800d38e8a3149bd6cb552c409f3bffd718c1a0abf,"{""distance"":5,""physical_error_rate"":5e-05}","{""detection_events"":283,""detectors_checked"":1376256}"
      3072,         0,         0,   0.166,standalone_exact_mw,7bb6e20e48600212890a8c0dbf00c9e78f41358e09b12be0f89e4aae4bc5d684,"{""distance"":5,""physical_error_rate"":0.002}","{""detection_events"":5599,""detectors_checked"":688128}"
      9216,         0,         0,   0.148,standalone_exact_mw,aea10f45e3589e84a00777b800d38e8a3149bd6cb552c409f3bffd718c1a0abf,"{""distance"":5,""physical_error_rate"":5e-05}","{""detection_events"":452,""detectors_checked"":2064384}"
     40960,         0,         0,   0.806,standalone_exact_mw,29ae76c7f86edcd2f56343e8109d8463cbc736644db4e57527101e2f1c3606c8,"{""distance"":5,""physical_error_rate"":0.0002}","{""detection_events"":7899,""detectors_checked"":9175040}"
      2048,         2,         0,   0.459,standalone_exact_mw,1a2d9ab41a8a393fdef1a304cd6cd3b39e7654fe1ff27694ddcd7a0d28bf707b,"{""distance"":5,""physical_error_rate"":0.005}","{""detection_events"":9129,""detectors_checked"":458752,""obs_mistake_mask=E"":2}"
      4096,         0,         0,   0.210,standalone_exact_mw,7bb6e20e48600212890a8c0dbf00c9e78f41358e09b12be0f89e4aae4bc5d684,"{""distance"":5,""physical_error_rate"":0.002}","{""detection_events"":7169,""detectors_checked"":917504}"
     13312,         0,         0,   0.207,standalone_exact_mw,aea10f45e3589e84a00777b800d38e8a3149bd6cb552c409f3bffd718c1a0abf,"{""distance"":5,""physical_error_rate"":5e-05}","{""detection_events"":651,""detectors_checked"":2981888}"
      6144,         0,         0,   0.300,standalone_exact_mw,7bb6e20e48600212890a8c0dbf00c9e78f41358e09b12be0f89e4aae4bc5d684,"{""distance"":5,""physical_error_rate"":0.002}","{""detection_events"":11252,""detectors_checked"":1376256}"
         1,         0,         0,   0.032,standalone_exact_mw,b926cc1d59f2ffa0ec7a93e8795923b3e0543631758e3ab8213cfd69853d790b,"{""distance"":5,""physical_error_rate"":0.2}","{""detection_events"":77,""detectors_checked"":224}"
     17408,         0,         0,   0.301,standalone_exact_mw,aea10f45e3589e84a00777b800d38e8a3149bd6cb552c409f3bffd718c1a0abf,"{""distance"":5,""physical_error_rate"":5e-05}","{""detection_events"":747,""detectors_checked"":3899392}"
         1,         0,         0,   0.001,standalone_exact_mw,1a2d9ab41a8a393fdef1a304cd6cd3b39e7654fe1ff27694ddcd7a0d28bf707b,"{""distance"":5,""physical_error_rate"":0.005}","{""detection_events"":6,""detectors_checked"":224}"
        16,         8,         0,   0.135,standalone_exact_mw,b926cc1d59f2ffa0ec7a93e8795923b3e0543631758e3ab8213cfd69853d790b,"{""distance"":5,""physical_error_rate"":0.2}","{""detection_events"":1339,""detectors_checked"":3584,""obs_mistake_mask=E"":8}"
      2048,         1,         0,   0.538,standalone_exact_mw,1a2d9ab41a8a393fdef1a304cd6cd3b39e7654fe1ff27694ddcd7a0d28bf707b,"{""distance"":5,""physical_error_rate"":0.005}","{""detection_events"":9379,""detectors_checked"":458752,""obs_mistake_mask=E"":1}"
       272,         0,         0,   0.040,standalone_exact_mw,1a2d9ab41a8a393fdef1a304cd6cd3b39e7654fe1ff27694ddcd7a0d28bf707b,"{""distance"":5,""physical_error_rate"":0.005}","{""detection_events"":1296,""detectors_checked"":60928}"
      1024,         0,         0,   0.149,standalone_exact_mw,1a2d9ab41a8a393fdef1a304cd6cd3b39e7654fe1ff27694ddcd7a0d28bf707b,"{""distance"":5,""physical_error_rate"":0.005}","{""detection_events"":4509,""detectors_checked"":229376}"
      8192,         1,         0,   0.443,standalone_exact_mw,7bb6e20e48600212890a8c0dbf00c9e78f41358e09b12be0f89e4aae4bc5d684,"{""distance"":5,""physical_error_rate"":0.002}","{""detection_events"":15276,""detectors_checked"":1835008,""obs_mistake_mask=E"":1}"
     25600,         0,         0,   0.414,standalone_exact_mw,aea10f45e3589e84a00777b800d38e8a3149bd6cb552c409f3bffd718c1a0abf,"{""distance"":5,""physical_error_rate"":5e-05}","{""detection_events"":1250,""detectors_checked"":5734400}"
      1024,         0,         0,   0.132,standalone_exact_mw,1a2d9ab41a8a393fdef1a304cd6cd3b39e7654fe1ff27694ddcd7a0d28bf707b,"{""distance"":5,""physical_error_rate"":0.005}","{""detection_events"":4462,""detectors_checked"":229376}"
     51200,         0,         0,    1.11,standalone_exact_mw,29ae76c7f86edcd2f56343e8109d8463cbc736644db4e57527101e2f1c3606c8,"{""distance"":5,""physical_error_rate"":0.0002}","{""detection_events"":9716,""detectors_checked"":11468800}"
        64,        31,         0,   0.604,standalone_exact_mw,b926cc1d59f2ffa0ec7a93e8795923b3e0543631758e3ab8213cfd69853d790b,"{""distance"":5,""physical_error_rate"":0.2}","{""detection_events"":5151,""detectors_checked"":14336,""obs_mistake_mask=E"":31}"
      1024,         0,         0,   0.298,standalone_exact_mw,1a2d9ab41a8a393fdef1a304cd6cd3b39e7654fe1ff27694ddcd7a0d28bf707b,"{""distance"":5,""physical_error_rate"":0.005}","{""detection_events"":4573,""detectors_checked"":229376}"
      3072,         0,         0,   0.619,standalone_exact_mw,1a2d9ab41a8a393fdef1a304cd6cd3b39e7654fe1ff27694ddcd7a0d28bf707b,"{""distance"":5,""physical_error_rate"":0.005}","{""detection_events"":13732,""detectors_checked"":688128}"
    172032,         0,         0,    2.18,standalone_exact_mw,503ee55b5ad1b1988379a241a0405811522ee4d50b473755532ad1299cb121e2,"{""distance"":5,""physical_error_rate"":0.0005}","{""detection_events"":79948,""detectors_checked"":38535168}"
     35840,         0,         0,   0.571,standalone_exact_mw,aea10f45e3589e84a00777b800d38e8a3149bd6cb552c409f3bffd718c1a0abf,"{""distance"":5,""physical_error_rate"":5e-05}","{""detection_events"":1681,""detectors_checked"":8028160}"
     11264,         0,         0,   0.626,standalone_exact_mw,7bb6e20e48600212890a8c0dbf00c9e78f41358e09b12be0f89e4aae4bc5d684,"{""distance"":5,""physical_error_rate"":0.002}","{""detection_events"":20935,""detectors_checked"":2523136}"
      1024,         0,         0,   0.393,standalone_exact_mw,1a2d9ab41a8a393fdef1a304cd6cd3b39e7654fe1ff27694ddcd7a0d28bf707b,"{""distance"":5,""physical_error_rate"":0.005}","{""detection_events"":4609,""detectors_checked"":229376}"
        64,        37,         0,   0.581,standalone_exact_mw,b926cc1d59f2ffa0ec7a93e8795923b3e0543631758e3ab8213cfd69853d790b,"{""distance"":5,""physical_error_rate"":0.2}","{""detection_events"":5208,""detectors_checked"":14336,""obs_mistake_mask=E"":37}"
    122880,         0,         0,    2.17,standalone_exact_mw,cc9149276d16e61a5ac322a1d2048afebd34054fe0ed4879b77eb616628c1148,"{""distance"":5,""physical_error_rate"":0.0001}","{""detection_events"":11556,""detectors_checked"":27525120}"
      1024,         0,         0,   0.375,standalone_exact_mw,1a2d9ab41a8a393fdef1a304cd6cd3b39e7654fe1ff27694ddcd7a0d28bf707b,"{""distance"":5,""physical_error_rate"":0.005}","{""detection_events"":4813,""detectors_checked"":229376}"
    181248,         1,         0,    3.04,standalone_exact_mw,77d802c74222c3324b7f1323f7447c6411ad27be92307b6127e53af575faadca,"{""distance"":5,""physical_error_rate"":0.001}","{""detection_events"":168390,""detectors_checked"":40599552,""obs_mistake_mask=E"":1}"
    115712,         0,         0,    3.04,standalone_exact_mw,29ae76c7f86edcd2f56343e8109d8463cbc736644db4e57527101e2f1c3606c8,"{""distance"":5,""physical_error_rate"":0.0002}","{""detection_events"":21290,""detectors_checked"":25919488}"
      4096,         1,         0,   0.976,standalone_exact_mw,1a2d9ab41a8a393fdef1a304cd6cd3b39e7654fe1ff27694ddcd7a0d28bf707b,"{""distance"":5,""physical_error_rate"":0.005}","{""detection_events"":18555,""detectors_checked"":917504,""obs_mistake_mask=E"":1}"
     48128,         0,         0,   0.780,standalone_exact_mw,aea10f45e3589e84a00777b800d38e8a3149bd6cb552c409f3bffd718c1a0abf,"{""distance"":5,""physical_error_rate"":5e-05}","{""detection_events"":2107,""detectors_checked"":10780672}"
      1024,         0,         0,   0.303,standalone_exact_mw,1a2d9ab41a8a393fdef1a304cd6cd3b39e7654fe1ff27694ddcd7a0d28bf707b,"{""distance"":5,""physical_error_rate"":0.005}","{""detection_events"":4480,""detectors_checked"":229376}"
     15360,         0,         0,   0.845,standalone_exact_mw,7bb6e20e48600212890a8c0dbf00c9e78f41358e09b12be0f89e4aae4bc5d684,"{""distance"":5,""physical_error_rate"":0.002}","{""detection_events"":27816,""detectors_checked"":3440640}"
        64,        39,         0,   0.580,standalone_exact_mw,b926cc1d59f2ffa0ec7a93e8795923b3e0543631758e3ab8213cfd69853d790b,"{""distance"":5,""physical_error_rate"":0.2}","{""detection_events"":5188,""detectors_checked"":14336,""obs_mistake_mask=E"":39}"
      1024,         1,         0,   0.392,standalone_exact_mw,1a2d9ab41a8a393fdef1a304cd6cd3b39e7654fe1ff27694ddcd7a0d28bf707b,"{""distance"":5,""physical_error_rate"":0.005}","{""detection_events"":4681,""detectors_checked"":229376,""obs_mistake_mask=E"":1}"
     38912,         0,         0,    1.53,standalone_exact_mw,29ae76c7f86edcd2f56343e8109d8463cbc736644db4e57527101e2f1c3606c8,"{""distance"":5,""physical_error_rate"":0.0002}","{""detection_events"":7330,""detectors_checked"":8716288}"
         1,         0,         0,   0.021,standalone_exact_mw,503ee55b5ad1b1988379a241a0405811522ee4d50b473755532ad1299cb121e2,"{""distance"":5,""physical_error_rate"":0.0005}","{""detection_events"":2,""detectors_checked"":224}"
        64,        37,         0,   0.600,standalone_exact_mw,b926cc1d59f2ffa0ec7a93e8795923b3e0543631758e3ab8213cfd69853d790b,"{""distance"":5,""physical_error_rate"":0.2}","{""detection_events"":5225,""detectors_checked"":14336,""obs_mistake_mask=E"":37}"
      1296,         0,         0,   0.067,standalone_exact_mw,503ee55b5ad1b1988379a241a0405811522ee4d50b473755532ad1299cb121e2,"{""distance"":5,""physical_error_rate"":0.0005}","{""detection_events"":626,""detectors_checked"":290304}"
      1024,         0,         0,   0.312,standalone_exact_mw,1a2d9ab41a8a393fdef1a304cd6cd3b39e7654fe1ff27694ddcd7a0d28bf707b,"{""distance"":5,""physical_error_rate"":0.005}","{""detection_events"":4639,""detectors_checked"":229376}"
      1024,         0,         0,   0.034,standalone_exact_mw,503ee55b5ad1b1988379a241a0405811522ee4d50b473755532ad1299cb121e2,"{""distance"":5,""physical_error_rate"":0.0005}","{""detection_events"":469,""detectors_checked"":229376}"
      1024,         0,         0,   0.034,standalone_exact_mw,503ee55b5ad1b1988379a241a0405811522ee4d50b473755532ad1299cb121e2,"{""distance"":5,""physical_error_rate"":0.0005}","{""detection_events"":409,""detectors_checked"":229376}"
      1024,         0,         0,   0.055,standalone_exact_mw,503ee55b5ad1b1988379a241a0405811522ee4d50b473755532ad1299cb121e2,"{""distance"":5,""physical_error_rate"":0.0005}","{""detection_events"":416,""detectors_checked"":229376}"
         1,         0,         0,   0.013,standalone_exact_mw,c8b738028fda2b050c9255682a07cc95906733115fc52715e25155705a588b66,"{""distance"":5,""physical_error_rate"":0.05}","{""detection_events"":36,""detectors_checked"":224}"
      1024,         0,         0,   0.079,standalone_exact_mw,503ee55b5ad1b1988379a241a0405811522ee4d50b473755532ad1299cb121e2,"{""distance"":5,""physical_error_rate"":0.0005}","{""detection_events"":470,""detectors_checked"":229376}"
      2048,         0,         0,   0.088,standalone_exact_mw,503ee55b5ad1b1988379a241a0405811522ee4d50b473755532ad1299cb121e2,"{""distance"":5,""physical_error_rate"":0.0005}","{""detection_events"":922,""detectors_checked"":458752}"
      1024,         0,         0,   0.305,standalone_exact_mw,1a2d9ab41a8a393fdef1a304cd6cd3b39e7654fe1ff27694ddcd7a0d28bf707b,"{""distance"":5,""physical_error_rate"":0.005}","{""detection_events"":4842,""detectors_checked"":229376}"
        16,         3,         0,   0.135,standalone_exact_mw,c8b738028fda2b050c9255682a07cc95906733115fc52715e25155705a588b66,"{""distance"":5,""physical_error_rate"":0.05}","{""detection_events"":620,""detectors_checked"":3584,""obs_mistake_mask=E"":3}"
     67584,         0,         0,    1.12,standalone_exact_mw,aea10f45e3589e84a00777b800d38e8a3149bd6cb552c409f3bffd718c1a0abf,"{""distance"":5,""physical_error_rate"":5e-05}","{""detection_events"":3222,""detectors_checked"":15138816}"
      2048,         0,         0,   0.109,standalone_exact_mw,503ee55b5ad1b1988379a241a0405811522ee4d50b473755532ad1299cb121e2,"{""distance"":5,""physical_error_rate"":0.0005}","{""detection_events"":899,""detectors_checked"":458752}"
      5120,         4,         0,    1.24,standalone_exact_mw,1a2d9ab41a8a393fdef1a304cd6cd3b39e7654fe1ff27694ddcd7a0d28bf707b,"{""distance"":5,""physical_error_rate"":0.005}","{""detection_events"":23169,""detectors_checked"":1146880,""obs_mistake_mask=E"":4}"
     21504,         0,         0,    1.16,standalone_exact_mw,7bb6e20e48600212890a8c0dbf00c9e78f41358e09b12be0f89e4aae4bc5d684,"{""distance"":5,""physical_error_rate"":0.002}","{""detection_events"":39319,""detectors_checked"":4816896}"
        64,        37,         0,   0.594,standalone_exact_mw,b926cc1d59f2ffa0ec7a93e8795923b3e0543631758e3ab8213cfd69853d790b,"{""distance"":5,""physical_error_rate"":0.2}","{""detection_events"":5220,""detectors_checked"":14336,""obs_mistake_mask=E"":37}"
      3072,         0,         0,   0.166,standalone_exact_mw,503ee55b5ad1b1988379a241a0405811522ee4d50b473755532ad1299cb121e2,"{""distance"":5,""physical_error_rate"":0.0005}","{""detection_events"":1474,""detectors_checked"":688128}"
      5120,         0,         0,   0.258,standalone_exact_mw,503ee55b5ad1b1988379a241a0405811522ee4d50b473755532ad1299cb121e2,"{""distance"":5,""physical_error_rate"":0.0005}","{""detection_events"":2363,""detectors_checked"":1146880}"
        64,         9,         0,   0.570,standalone_exact_mw,c8b738028fda2b050c9255682a07cc95906733115fc52715e25155705a588b66,"{""distance"":5,""physical_error_rate"":0.05}","{""detection_events"":2269,""detectors_checked"":14336,""obs_mistake_mask=E"":9}"
      2048,         0,         0,   0.617,standalone_exact_mw,1a2d9ab41a8a393fdef1a304cd6cd3b39e7654fe1ff27694ddcd7a0d28bf707b,"{""distance"":5,""physical_error_rate"":0.005}","{""detection_events"":9007,""detectors_checked"":458752}"
      6144,         0,         0,   0.331,standalone_exact_mw,503ee55b5ad1b1988379a241a0405811522ee4d50b473755532ad1299cb121e2,"{""distance"":5,""physical_error_rate"":0.0005}","{""detection_events"":2946,""detectors_checked"":1376256}"
        64,        35,         0,   0.612,standalone_exact_mw,b926cc1d59f2ffa0ec7a93e8795923b3e0543631758e3ab8213cfd69853d790b,"{""distance"":5,""physical_error_rate"":0.2}","{""detection_events"":5249,""detectors_checked"":14336,""obs_mistake_mask=E"":35}"
    123904,         0,         0,    3.05,standalone_exact_mw,503ee55b5ad1b1988379a241a0405811522ee4d50b473755532ad1299cb121e2,"{""distance"":5,""physical_error_rate"":0.0005}","{""detection_events"":57689,""detectors_checked"":27754496}"
        64,        12,         0,   0.644,standalone_exact_mw,c8b738028fda2b050c9255682a07cc95906733115fc52715e25155705a588b66,"{""distance"":5,""physical_error_rate"":0.05}","{""detection_events"":2360,""detectors_checked"":14336,""obs_mistake_mask=E"":12}"
      8192,         0,         0,   0.422,standalone_exact_mw,503ee55b5ad1b1988379a241a0405811522ee4d50b473755532ad1299cb121e2,"{""distance"":5,""physical_error_rate"":0.0005}","{""detection_events"":3970,""detectors_checked"":1835008}"
      2048,         1,         0,   0.754,standalone_exact_mw,1a2d9ab41a8a393fdef1a304cd6cd3b39e7654fe1ff27694ddcd7a0d28bf707b,"{""distance"":5,""physical_error_rate"":0.005}","{""detection_events"":9416,""detectors_checked"":458752,""obs_mistake_mask=E"":1}"
        64,        38,         0,   0.605,standalone_exact_mw,b926cc1d59f2ffa0ec7a93e8795923b3e0543631758e3ab8213cfd69853d790b,"{""distance"":5,""physical_error_rate"":0.2}","{""detection_events"":5115,""detectors_checked"":14336,""obs_mistake_mask=E"":38}"
     55296,         0,         0,    2.19,standalone_exact_mw,29ae76c7f86edcd2f56343e8109d8463cbc736644db4e57527101e2f1c3606c8,"{""distance"":5,""physical_error_rate"":0.0002}","{""detection_events"":10057,""detectors_checked"":12386304}"
     94208,         0,         0,    1.55,standalone_exact_mw,aea10f45e3589e84a00777b800d38e8a3149bd6cb552c409f3bffd718c1a0abf,"{""distance"":5,""physical_error_rate"":5e-05}","{""detection_events"":4523,""detectors_checked"":21102592}"
    171008,         0,         0,    3.06,standalone_exact_mw,cc9149276d16e61a5ac322a1d2048afebd34054fe0ed4879b77eb616628c1148,"{""distance"":5,""physical_error_rate"":0.0001}","{""detection_events"":15947,""detectors_checked"":38305792}"
        64,         9,         0,   0.549,standalone_exact_mw,c8b738028fda2b050c9255682a07cc95906733115fc52715e25155705a588b66,"{""distance"":5,""physical_error_rate"":0.05}","{""detection_events"":2179,""detectors_checked"":14336,""obs_mistake_mask=E"":9}"
     28672,         0,         0,    1.56,standalone_exact_mw,7bb6e20e48600212890a8c0dbf00c9e78f41358e09b12be0f89e4aae4bc5d684,"{""distance"":5,""physical_error_rate"":0.002}","{""detection_events"":52781,""detectors_checked"":6422528}"
     12288,         0,         0,   0.619,standalone_exact_mw,503ee55b5ad1b1988379a241a0405811522ee4d50b473755532ad1299cb121e2,"{""distance"":5,""physical_error_rate"":0.0005}","{""detection_events"":5956,""detectors_checked"":2752512}"
      7168,         3,         0,    1.75,standalone_exact_mw,1a2d9ab41a8a393fdef1a304cd6cd3b39e7654fe1ff27694ddcd7a0d28bf707b,"{""distance"":5,""physical_error_rate"":0.005}","{""detection_events"":32059,""detectors_checked"":1605632,""obs_mistake_mask=E"":3}"
        64,        34,         0,   0.595,standalone_exact_mw,b926cc1d59f2ffa0ec7a93e8795923b3e0543631758e3ab8213cfd69853d790b,"{""distance"":5,""physical_error_rate"":0.2}","{""detection_events"":5183,""detectors_checked"":14336,""obs_mistake_mask=E"":34}"
      3072,         1,         0,   0.985,standalone_exact_mw,1a2d9ab41a8a393fdef1a304cd6cd3b39e7654fe1ff27694ddcd7a0d28bf707b,"{""distance"":5,""physical_error_rate"":0.005}","{""detection_events"":13979,""detectors_checked"":688128,""obs_mistake_mask=E"":1}"
        64,        16,         0,   0.651,standalone_exact_mw,c8b738028fda2b050c9255682a07cc95906733115fc52715e25155705a588b66,"{""distance"":5,""physical_error_rate"":0.05}","{""detection_events"":2405,""detectors_checked"":14336,""obs_mistake_mask=E"":16}"
        64,        29,         0,   0.598,standalone_exact_mw,b926cc1d59f2ffa0ec7a93e8795923b3e0543631758e3ab8213cfd69853d790b,"{""distance"":5,""physical_error_rate"":0.2}","{""detection_events"":5208,""detectors_checked"":14336,""obs_mistake_mask=E"":29}"
     15360,         0,         0,   0.805,standalone_exact_mw,503ee55b5ad1b1988379a241a0405811522ee4d50b473755532ad1299cb121e2,"{""distance"":5,""physical_error_rate"":0.0005}","{""detection_events"":7159,""detectors_checked"":3440640}"
    227328,         1,         0,    4.27,standalone_exact_mw,77d802c74222c3324b7f1323f7447c6411ad27be92307b6127e53af575faadca,"{""distance"":5,""physical_error_rate"":0.001}","{""detection_events"":209521,""detectors_checked"":50921472,""obs_mistake_mask=E"":1}"
        64,        10,         0,   0.612,standalone_exact_mw,c8b738028fda2b050c9255682a07cc95906733115fc52715e25155705a588b66,"{""distance"":5,""physical_error_rate"":0.05}","{""detection_events"":2373,""detectors_checked"":14336,""obs_mistake_mask=E"":10}"
    145408,         0,         0,    4.29,standalone_exact_mw,29ae76c7f86edcd2f56343e8109d8463cbc736644db4e57527101e2f1c3606c8,"{""distance"":5,""physical_error_rate"":0.0002}","{""detection_events"":26371,""detectors_checked"":32571392}"
        64,        32,         0,   0.596,standalone_exact_mw,b926cc1d59f2ffa0ec7a93e8795923b3e0543631758e3ab8213cfd69853d790b,"{""distance"":5,""physical_error_rate"":0.2}","{""detection_events"":5206,""detectors_checked"":14336,""obs_mistake_mask=E"":32}"
      4096,         1,         0,    1.21,standalone_exact_mw,1a2d9ab41a8a393fdef1a304cd6cd3b39e7654fe1ff27694ddcd7a0d28bf707b,"{""distance"":5,""physical_error_rate"":0.005}","{""detection_events"":18799,""detectors_checked"":917504,""obs_mistake_mask=E"":1}"
        64,        14,         0,   0.559,standalone_exact_mw,c8b738028fda2b050c9255682a07cc95906733115fc52715e25155705a588b66,"{""distance"":5,""physical_error_rate"":0.05}","{""detection_events"":2275,""detectors_checked"":14336,""obs_mistake_mask=E"":14}"
        64,        28,         0,   0.586,standalone_exact_mw,b926cc1d59f2ffa0ec7a93e8795923b3e0543631758e3ab8213cfd69853d790b,"{""distance"":5,""physical_error_rate"":0.2}","{""detection_events"":5312,""detectors_checked"":14336,""obs_mistake_mask=E"":28}"
     22528,         0,         0,    1.15,standalone_exact_mw,503ee55b5ad1b1988379a241a0405811522ee4d50b473755532ad1299cb121e2,"{""distance"":5,""physical_error_rate"":0.0005}","{""detection_events"":10284,""detectors_checked"":5046272}"
    133120,         0,         0,    2.19,standalone_exact_mw,aea10f45e3589e84a00777b800d38e8a3149bd6cb552c409f3bffd718c1a0abf,"{""distance"":5,""physical_error_rate"":5e-05}","{""detection_events"":6148,""detectors_checked"":29818880}"
     40960,         2,         0,    2.19,standalone_exact_mw,7bb6e20e48600212890a8c0dbf00c9e78f41358e09b12be0f89e4aae4bc5d684,"{""distance"":5,""physical_error_rate"":0.002}","{""detection_events"":75268,""detectors_checked"":9175040,""obs_mistake_mask=E"":2}"
         1,         0,         0,   0.013,standalone_exact_mw,29ae76c7f86edcd2f56343e8109d8463cbc736644db4e57527101e2f1c3606c8,"{""distance"":5,""physical_error_rate"":0.0002}","{""detectors_checked"":224}"
      1296,         0,         0,   0.022,standalone_exact_mw,29ae76c7f86edcd2f56343e8109d8463cbc736644db4e57527101e2f1c3606c8,"{""distance"":5,""physical_error_rate"":0.0002}","{""detection_events"":266,""detectors_checked"":290304}"
      2048,         0,         0,   0.030,standalone_exact_mw,29ae76c7f86edcd2f56343e8109d8463cbc736644db4e57527101e2f1c3606c8,"{""distance"":5,""physical_error_rate"":0.0002}","{""detection_events"":416,""detectors_checked"":458752}"
      2048,         0,         0,   0.034,standalone_exact_mw,29ae76c7f86edcd2f56343e8109d8463cbc736644db4e57527101e2f1c3606c8,"{""distance"":5,""physical_error_rate"":0.0002}","{""detection_events"":385,""detectors_checked"":458752}"
      2048,         0,         0,   0.047,standalone_exact_mw,29ae76c7f86edcd2f56343e8109d8463cbc736644db4e57527101e2f1c3606c8,"{""distance"":5,""physical_error_rate"":0.0002}","{""detection_events"":398,""detectors_checked"":458752}"
        64,        19,         0,   0.622,standalone_exact_mw,c8b738028fda2b050c9255682a07cc95906733115fc52715e25155705a588b66,"{""distance"":5,""physical_error_rate"":0.05}","{""detection_events"":2402,""detectors_checked"":14336,""obs_mistake_mask=E"":19}"
      4096,         0,         0,   0.074,standalone_exact_mw,29ae76c7f86edcd2f56343e8109d8463cbc736644db4e57527101e2f1c3606c8,"{""distance"":5,""physical_error_rate"":0.0002}","{""detection_events"":782,""detectors_checked"":917504}"
      4096,         0,         0,   0.079,standalone_exact_mw,29ae76c7f86edcd2f56343e8109d8463cbc736644db4e57527101e2f1c3606c8,"{""distance"":5,""physical_error_rate"":0.0002}","{""detection_events"":767,""detectors_checked"":917504}"
     10240,         4,         0,    2.44,standalone_exact_mw,1a2d9ab41a8a393fdef1a304cd6cd3b39e7654fe1ff27694ddcd7a0d28bf707b,"{""distance"":5,""physical_error_rate"":0.005}","{""detection_events"":46519,""detectors_checked"":2293760,""obs_mistake_mask=E"":4}"
      6144,         0,         0,   0.123,standalone_exact_mw,29ae76c7f86edcd2f56343e8109d8463cbc736644db4e57527101e2f1c3606c8,"{""distance"":5,""physical_error_rate"":0.0002}","{""detection_events"":1131,""detectors_checked"":1376256}"
      8192,         0,         0,   0.145,standalone_exact_mw,29ae76c7f86edcd2f56343e8109d8463cbc736644db4e57527101e2f1c3606c8,"{""distance"":5,""physical_error_rate"":0.0002}","{""detection_events"":1585,""detectors_checked"":1835008}"
     76800,         0,         0,    3.05,standalone_exact_mw,29ae76c7f86edcd2f56343e8109d8463cbc736644db4e57527101e2f1c3606c8,"{""distance"":5,""physical_error_rate"":0.0002}","{""detection_events"":14369,""detectors_checked"":17203200}"
     11264,         0,         0,   0.201,standalone_exact_mw,29ae76c7f86edcd2f56343e8109d8463cbc736644db4e57527101e2f1c3606c8,"{""distance"":5,""physical_error_rate"":0.0002}","{""detection_events"":2089,""detectors_checked"":2523136}"
        64,        11,         0,   0.619,standalone_exact_mw,c8b738028fda2b050c9255682a07cc95906733115fc52715e25155705a588b66,"{""distance"":5,""physical_error_rate"":0.05}","{""detection_events"":2298,""detectors_checked"":14336,""obs_mistake_mask=E"":11}"
       273,         0,         0,   0.014,standalone_exact_mw,aea10f45e3589e84a00777b800d38e8a3149bd6cb552c409f3bffd718c1a0abf,"{""distance"":5,""physical_error_rate"":5e-05}","{""detection_events"":19,""detectors_checked"":61152}"
      1024,         0,         0,   0.033,standalone_exact_mw,aea10f45e3589e84a00777b800d38e8a3149bd6cb552c409f3bffd718c1a0abf,"{""distance"":5,""physical_error_rate"":5e-05}","{""detection_events"":57,""detectors_checked"":229376}"
      1024,         0,         0,   0.048,standalone_exact_mw,aea10f45e3589e84a00777b800d38e8a3149bd6cb552c409f3bffd718c1a0abf,"{""distance"":5,""physical_error_rate"":5e-05}","{""detection_events"":43,""detectors_checked"":229376}"
       128,        70,         0,    1.18,standalone_exact_mw,b926cc1d59f2ffa0ec7a93e8795923b3e0543631758e3ab8213cfd69853d790b,"{""distance"":5,""physical_error_rate"":0.2}","{""detection_events"":10466,""detectors_checked"":28672,""obs_mistake_mask=E"":70}"
      2048,         0,         0,   0.055,standalone_exact_mw,aea10f45e3589e84a00777b800d38e8a3149bd6cb552c409f3bffd718c1a0abf,"{""distance"":5,""physical_error_rate"":5e-05}","{""detection_events"":95,""detectors_checked"":458752}"
      2048,         0,         0,   0.035,standalone_exact_mw,aea10f45e3589e84a00777b800d38e8a3149bd6cb552c409f3bffd718c1a0abf,"{""distance"":5,""physical_error_rate"":5e-05}","{""detection_events"":52,""detectors_checked"":458752}"
      3072,         0,         0,   0.061,standalone_exact_mw,aea10f45e3589e84a00777b800d38e8a3149bd6cb552c409f3bffd718c1a0abf,"{""distance"":5,""physical_error_rate"":5e-05}","{""detection_events"":142,""detectors_checked"":688128}"
     15360,         0,         0,   0.306,standalone_exact_mw,29ae76c7f86edcd2f56343e8109d8463cbc736644db4e57527101e2f1c3606c8,"{""distance"":5,""physical_error_rate"":0.0002}","{""detection_events"":2910,""detectors_checked"":3440640}"
         1,         0,         0,   0.022,standalone_exact_mw,cc9149276d16e61a5ac322a1d2048afebd34054fe0ed4879b77eb616628c1148,"{""distance"":5,""physical_error_rate"":0.0001}","{""detectors_checked"":224}"
      5120,         3,         0,    1.63,standalone_exact_mw,1a2d9ab41a8a393fdef1a304cd6cd3b39e7654fe1ff27694ddcd7a0d28bf707b,"{""distance"":5,""physical_error_rate"":0.005}","{""detection_events"":23446,""detectors_checked"":1146880,""obs_mistake_mask=E"":3}"
      1296,         0,         0,   0.034,standalone_exact_mw,cc9149276d16e61a5ac322a1d2048afebd34054fe0ed4879b77eb616628c1148,"{""distance"":5,""physical_error_rate"":0.0001}","{""detection_events"":123,""detectors_checked"":290304}"
      3072,         0,         0,   0.080,standalone_exact_mw,aea10f45e3589e84a00777b800d38e8a3149bd6cb552c409f3bffd718c1a0abf,"{""distance"":5,""physical_error_rate"":5e-05}","{""detection_events"":149,""detectors_checked"":688128}"
      1024,         0,         0,   0.049,standalone_exact_mw,cc9149276d16e61a5ac322a1d2048afebd34054fe0ed4879b77eb616628c1148,"{""distance"":5,""physical_error_rate"":0.0001}","{""detection_events"":62,""detectors_checked"":229376}"
      1024,         0,         0,   0.031,standalone_exact_mw,cc9149276d16e61a5ac322a1d2048afebd34054fe0ed4879b77eb616628c1148,"{""distance"":5,""physical_error_rate"":0.0001}","{""detection_events"":105,""detectors_checked"":229376}"
    165888,         0,         0,    4.26,standalone_exact_mw,503ee55b5ad1b1988379a241a0405811522ee4d50b473755532ad1299cb121e2,"{""distance"":5,""physical_error_rate"":0.0005}","{""detection_events"":76623,""detectors_checked"":37158912}"
      4096,         0,         0,   0.107,standalone_exact_mw,aea10f45e3589e84a00777b800d38e8a3149bd6cb552c409f3bffd718c1a0abf,"{""distance"":5,""physical_error_rate"":5e-05}","{""detection_events"":172,""detectors_checked"":917504}"
      1024,         0,         0,   0.052,standalone_exact_mw,cc9149276d16e61a5ac322a1d2048afebd34054fe0ed4879b77eb616628c1148,"{""distance"":5,""physical_error_rate"":0.0001}","{""detection_events"":117,""detectors_checked"":229376}"
     30720,         0,         0,    1.54,standalone_exact_mw,503ee55b5ad1b1988379a241a0405811522ee4d50b473755532ad1299cb121e2,"{""distance"":5,""physical_error_rate"":0.0005}","{""detection_events"":14338,""detectors_checked"":6881280}"
      2048,         0,         0,   0.065,standalone_exact_mw,cc9149276d16e61a5ac322a1d2048afebd34054fe0ed4879b77eb616628c1148,"{""distance"":5,""physical_error_rate"":0.0001}","{""detection_events"":224,""detectors_checked"":458752}"
        64,        15,         0,   0.635,standalone_exact_mw,c8b738028fda2b050c9255682a07cc95906733115fc52715e25155705a588b66,"{""distance"":5,""physical_error_rate"":0.05}","{""detection_events"":2360,""detectors_checked"":14336,""obs_mistake_mask=E"":15}"
      6144,         0,         0,   0.141,standalone_exact_mw,aea10f45e3589e84a00777b800d38e8a3149bd6cb552c409f3bffd718c1a0abf,"{""distance"":5,""physical_error_rate"":5e-05}","{""detection_events"":343,""detectors_checked"":1376256}"
      2048,         0,         0,   0.081,standalone_exact_mw,cc9149276d16e61a5ac322a1d2048afebd34054fe0ed4879b77eb616628c1148,"{""distance"":5,""physical_error_rate"":0.0001}","{""detection_events"":161,""detectors_checked"":458752}"
     20480,         0,         0,   0.414,standalone_exact_mw,29ae76c7f86edcd2f56343e8109d8463cbc736644db4e57527101e2f1c3606c8,"{""distance"":5,""physical_error_rate"":0.0002}","{""detection_events"":3928,""detectors_checked"":4587520}"
         1,         1,         0,   0.019,standalone_exact_mw,b926cc1d59f2ffa0ec7a93e8795923b3e0543631758e3ab8213cfd69853d790b,"{""distance"":5,""physical_error_rate"":0.2}","{""detection_events"":81,""detectors_checked"":224,""obs_mistake_mask=E"":1}"
      4096,         0,         0,   0.109,standalone_exact_mw,cc9149276d16e61a5ac322a1d2048afebd34054fe0ed4879b77eb616628c1148,"{""distance"":5,""physical_error_rate"":0.0001}","{""detection_events"":397,""detectors_checked"":917504}"
      8192,         0,         0,   0.218,standalone_exact_mw,aea10f45e3589e84a00777b800d38e8a3149bd6cb552c409f3bffd718c1a0abf,"{""distance"":5,""physical_error_rate"":5e-05}","{""detection_events"":417,""detectors_checked"":1835008}"
      5120,         0,         0,   0.190,standalone_exact_mw,cc9149276d16e61a5ac322a1d2048afebd34054fe0ed4879b77eb616628c1148,"{""distance"":5,""physical_error_rate"":0.0001}","{""detection_events"":438,""detectors_checked"":1146880}"
        16,         4,         0,   0.231,standalone_exact_mw,b926cc1d59f2ffa0ec7a93e8795923b3e0543631758e3ab8213cfd69853d790b,"{""distance"":5,""physical_error_rate"":0.2}","{""detection_events"":1302,""detectors_checked"":3584,""obs_mistake_mask=E"":4}"
    222208,         0,         0,    4.28,standalone_exact_mw,cc9149276d16e61a5ac322a1d2048afebd34054fe0ed4879b77eb616628c1148,"{""distance"":5,""physical_error_rate"":0.0001}","{""detection_events"":20663,""detectors_checked"":49774592}"
     11264,         0,         0,   0.290,standalone_exact_mw,aea10f45e3589e84a00777b800d38e8a3149bd6cb552c409f3bffd718c1a0abf,"{""distance"":5,""physical_error_rate"":5e-05}","{""detection_events"":478,""detectors_checked"":2523136}"
        64,        11,         0,   0.538,standalone_exact_mw,c8b738028fda2b050c9255682a07cc95906733115fc52715e25155705a588b66,"{""distance"":5,""physical_error_rate"":0.05}","{""detection_events"":2189,""detectors_checked"":14336,""obs_mistake_mask=E"":11}"
      6144,         0,         0,   0.224,standalone_exact_mw,cc9149276d16e61a5ac322a1d2048afebd34054fe0ed4879b77eb616628c1148,"{""distance"":5,""physical_error_rate"":0.0001}","{""detection_events"":551,""detectors_checked"":1376256}"
         1,         0,         0,   0.012,standalone_exact_mw,a2951cb9d6c05a6bf216e8b727426e1a3155bcc703ace3ee8fdcacfd84d170a7,"{""distance"":5,""physical_error_rate"":0.1}","{""detection_events"":58,""detectors_checked"":224}"
     28672,         0,         0,   0.588,standalone_exact_mw,29ae76c7f86edcd2f56343e8109d8463cbc736644db4e57527101e2f1c3606c8,"{""distance"":5,""physical_error_rate"":0.0002}","{""detection_events"":5244,""detectors_checked"":6422528}"
         1,         0,         0,   0.014,standalone_exact_mw,3fbf3739b73dda61f0188bb1f99eaf1ad6be14fe6ea44c0ac8d6c5ad12090cf3,"{""distance"":5,""physical_error_rate"":0.02}","{""detection_events"":23,""detectors_checked"":224}"
      1297,         0,         0,   0.079,standalone_exact_mw,29ae76c7f86edcd2f56343e8109d8463cbc736644db4e57527101e2f1c3606c8,"{""distance"":5,""physical_error_rate"":0.0002}","{""detection_events"":259,""detectors_checked"":290528}"
      1024,         0,         0,   0.052,standalone_exact_mw,29ae76c7f86edcd2f56343e8109d8463cbc736644db4e57527101e2f1c3606c8,"{""distance"":5,""physical_error_rate"":0.0002}","{""detection_events"":230,""detectors_checked"":229376}"
        32,        16,         0,   0.463,standalone_exact_mw,b926cc1d59f2ffa0ec7a93e8795923b3e0543631758e3ab8213cfd69853d790b,"{""distance"":5,""physical_error_rate"":0.2}","{""detection_events"":2584,""detectors_checked"":7168,""obs_mistake_mask=E"":16}"
        16,         7,         0,   0.275,standalone_exact_mw,a2951cb9d6c05a6bf216e8b727426e1a3155bcc703ace3ee8fdcacfd84d170a7,"{""distance"":5,""physical_error_rate"":0.1}","{""detection_events"":883,""detectors_checked"":3584,""obs_mistake_mask=E"":7}"
      1024,         0,         0,   0.050,standalone_exact_mw,29ae76c7f86edcd2f56343e8109d8463cbc736644db4e57527101e2f1c3606c8,"{""distance"":5,""physical_error_rate"":0.0002}","{""detection_events"":150,""detectors_checked"":229376}"
      9216,         0,         0,   0.337,standalone_exact_mw,cc9149276d16e61a5ac322a1d2048afebd34054fe0ed4879b77eb616628c1148,"{""distance"":5,""physical_error_rate"":0.0001}","{""detection_events"":822,""detectors_checked"":2064384}"
        16,         0,         0,   0.156,standalone_exact_mw,3fbf3739b73dda61f0188bb1f99eaf1ad6be14fe6ea44c0ac8d6c5ad12090cf3,"{""distance"":5,""physical_error_rate"":0.02}","{""detection_events"":316,""detectors_checked"":3584}"
      1024,         0,         0,   0.049,standalone_exact_mw,29ae76c7f86edcd2f56343e8109d8463cbc736644db4e57527101e2f1c3606c8,"{""distance"":5,""physical_error_rate"":0.0002}","{""detection_events"":162,""detectors_checked"":229376}"
         1,         0,         0,   0.012,standalone_exact_mw,d243a1b0b1308c5af35ad4523cb40bd83c282feda5b2af0b0940517b428d54bb,"{""distance"":5,""physical_error_rate"":0.01}","{""detection_events"":5,""detectors_checked"":224}"
     22528,         0,         0,   0.414,standalone_exact_mw,aea10f45e3589e84a00777b800d38e8a3149bd6cb552c409f3bffd718c1a0abf,"{""distance"":5,""physical_error_rate"":5e-05}","{""detection_events"":1003,""detectors_checked"":5046272}"
         1,         0,         0,   0.011,standalone_exact_mw,c8b738028fda2b050c9255682a07cc95906733115fc52715e25155705a588b66,"{""distance"":5,""physical_error_rate"":0.05}","{""detection_events"":36,""detectors_checked"":224}"
         1,         1,         0,   0.018,standalone_exact_mw,116a60cbe496e8e5ed1b799237798a197a37b7e9de7e0dc58034c8e1135b3e40,"{""distance"":5,""physical_error_rate"":0.5}","{""detection_events"":103,""detectors_checked"":224,""obs_mistake_mask=E"":1}"
         1,         1,         0,   0.034,standalone_exact_mw,a2951cb9d6c05a6bf216e8b727426e1a3155bcc703ace3ee8fdcacfd84d170a7,"{""distance"":5,""physical_error_rate"":0.1}","{""detection_events"":64,""detectors_checked"":224,""obs_mistake_mask=E"":1}"
      3072,         0,         0,   0.055,standalone_exact_mw,29ae76c7f86edcd2f56343e8109d8463cbc736644db4e57527101e2f1c3606c8,"{""distance"":5,""physical_error_rate"":0.0002}","{""detection_events"":539,""detectors_checked"":688128}"
        32,         1,         0,   0.103,standalone_exact_mw,3fbf3739b73dda61f0188bb1f99eaf1ad6be14fe6ea44c0ac8d6c5ad12090cf3,"{""distance"":5,""physical_error_rate"":0.02}","{""detection_events"":548,""detectors_checked"":7168,""obs_mistake_mask=E"":1}"
       273,         0,         0,   0.010,standalone_exact_mw,cc9149276d16e61a5ac322a1d2048afebd34054fe0ed4879b77eb616628c1148,"{""distance"":5,""physical_error_rate"":0.0001}","{""detection_events"":29,""detectors_checked"":61152}"
      3072,         0,         0,   0.063,standalone_exact_mw,29ae76c7f86edcd2f56343e8109d8463cbc736644db4e57527101e2f1c3606c8,"{""distance"":5,""physical_error_rate"":0.0002}","{""detection_events"":631,""detectors_checked"":688128}"
         1,         1,         0,   0.012,standalone_exact_mw,a2951cb9d6c05a6bf216e8b727426e1a3155bcc703ace3ee8fdcacfd84d170a7,"{""distance"":5,""physical_error_rate"":0.1}","{""detection_events"":44,""detectors_checked"":224,""obs_mistake_mask=E"":1}"
       273,         0,         0,   0.124,standalone_exact_mw,1a2d9ab41a8a393fdef1a304cd6cd3b39e7654fe1ff27694ddcd7a0d28bf707b,"{""distance"":5,""physical_error_rate"":0.005}","{""detection_events"":1259,""detectors_checked"":61152}"
      1024,         0,         0,   0.036,standalone_exact_mw,cc9149276d16e61a5ac322a1d2048afebd34054fe0ed4879b77eb616628c1148,"{""distance"":5,""physical_error_rate"":0.0001}","{""detection_events"":67,""detectors_checked"":229376}"
      1024,         0,         0,   0.016,standalone_exact_mw,cc9149276d16e61a5ac322a1d2048afebd34054fe0ed4879b77eb616628c1148,"{""distance"":5,""physical_error_rate"":0.0001}","{""detection_events"":60,""detectors_checked"":229376}"
        16,         5,         0,   0.159,standalone_exact_mw,c8b738028fda2b050c9255682a07cc95906733115fc52715e25155705a588b66,"{""distance"":5,""physical_error_rate"":0.05}","{""detection_events"":554,""detectors_checked"":3584,""obs_mistake_mask=E"":5}"
      3072,         0,         0,   0.076,standalone_exact_mw,29ae76c7f86edcd2f56343e8109d8463cbc736644db4e57527101e2f1c3606c8,"{""distance"":5,""physical_error_rate"":0.0002}","{""detection_events"":634,""detectors_checked"":688128}"
        64,        16,         0,   0.594,standalone_exact_mw,c8b738028fda2b050c9255682a07cc95906733115fc52715e25155705a588b66,"{""distance"":5,""physical_error_rate"":0.05}","{""detection_events"":2351,""detectors_checked"":14336,""obs_mistake_mask=E"":16}"
      1024,         0,         0,   0.031,standalone_exact_mw,cc9149276d16e61a5ac322a1d2048afebd34054fe0ed4879b77eb616628c1148,"{""distance"":5,""physical_error_rate"":0.0001}","{""detection_events"":115,""detectors_checked"":229376}"
       272,         0,         0,   0.216,standalone_exact_mw,d243a1b0b1308c5af35ad4523cb40bd83c282feda5b2af0b0940517b428d54bb,"{""distance"":5,""physical_error_rate"":0.01}","{""detection_events"":2373,""detectors_checked"":60928}"
      2048,         0,         0,   0.047,standalone_exact_mw,cc9149276d16e61a5ac322a1d2048afebd34054fe0ed4879b77eb616628c1148,"{""distance"":5,""physical_error_rate"":0.0001}","{""detection_events"":211,""detectors_checked"":458752}"
        16,         3,         0,   0.246,standalone_exact_mw,a2951cb9d6c05a6bf216e8b727426e1a3155bcc703ace3ee8fdcacfd84d170a7,"{""distance"":5,""physical_error_rate"":0.1}","{""detection_events"":898,""detectors_checked"":3584,""obs_mistake_mask=E"":3}"
      3072,         0,         0,   0.112,standalone_exact_mw,29ae76c7f86edcd2f56343e8109d8463cbc736644db4e57527101e2f1c3606c8,"{""distance"":5,""physical_error_rate"":0.0002}","{""detection_events"":605,""detectors_checked"":688128}"
        16,         4,         0,   0.319,standalone_exact_mw,116a60cbe496e8e5ed1b799237798a197a37b7e9de7e0dc58034c8e1135b3e40,"{""distance"":5,""physical_error_rate"":0.5}","{""detection_events"":1654,""detectors_checked"":3584,""obs_mistake_mask=E"":4}"
      2048,         0,         0,   0.081,standalone_exact_mw,cc9149276d16e61a5ac322a1d2048afebd34054fe0ed4879b77eb616628c1148,"{""distance"":5,""physical_error_rate"":0.0001}","{""detection_events"":215,""detectors_checked"":458752}"
       273,         0,         0,   0.052,standalone_exact_mw,7bb6e20e48600212890a8c0dbf00c9e78f41358e09b12be0f89e4aae4bc5d684,"{""distance"":5,""physical_error_rate"":0.002}","{""detection_events"":580,""detectors_checked"":61152}"
     12288,         0,         0,   0.420,standalone_exact_mw,cc9149276d16e61a5ac322a1d2048afebd34054fe0ed4879b77eb616628c1148,"{""distance"":5,""physical_error_rate"":0.0001}","{""detection_events"":1102,""detectors_checked"":2752512}"
        32,        16,         0,   0.490,standalone_exact_mw,b926cc1d59f2ffa0ec7a93e8795923b3e0543631758e3ab8213cfd69853d790b,"{""distance"":5,""physical_error_rate"":0.2}","{""detection_events"":2611,""detectors_checked"":7168,""obs_mistake_mask=E"":16}"
        16,         4,         0,   0.237,standalone_exact_mw,a2951cb9d6c05a6bf216e8b727426e1a3155bcc703ace3ee8fdcacfd84d170a7,"{""distance"":5,""physical_error_rate"":0.1}","{""detection_events"":924,""detectors_checked"":3584,""obs_mistake_mask=E"":4}"
        32,        16,         0,   0.509,standalone_exact_mw,a2951cb9d6c05a6bf216e8b727426e1a3155bcc703ace3ee8fdcacfd84d170a7,"{""distance"":5,""physical_error_rate"":0.1}","{""detection_events"":1883,""detectors_checked"":7168,""obs_mistake_mask=E"":16}"
       128,        61,         0,    1.81,standalone_exact_mw,b926cc1d59f2ffa0ec7a93e8795923b3e0543631758e3ab8213cfd69853d790b,"{""distance"":5,""physical_error_rate"":0.2}","{""detection_events"":10387,""detectors_checked"":28672,""obs_mistake_mask=E"":61}"
      1024,         0,         0,   0.299,standalone_exact_mw,1a2d9ab41a8a393fdef1a304cd6cd3b39e7654fe1ff27694ddcd7a0d28bf707b,"{""distance"":5,""physical_error_rate"":0.005}","{""detection_events"":4693,""detectors_checked"":229376}"
      3072,         0,         0,   0.091,standalone_exact_mw,cc9149276d16e61a5ac322a1d2048afebd34054fe0ed4879b77eb616628c1148,"{""distance"":5,""physical_error_rate"":0.0001}","{""detection_events"":281,""detectors_checked"":688128}"
      1024,         0,         0,   0.112,standalone_exact_mw,7bb6e20e48600212890a8c0dbf00c9e78f41358e09b12be0f89e4aae4bc5d684,"{""distance"":5,""physical_error_rate"":0.002}","{""detection_events"":1782,""detectors_checked"":229376}"
         1,         0,         0,   0.016,standalone_exact_mw,aea10f45e3589e84a00777b800d38e8a3149bd6cb552c409f3bffd718c1a0abf,"{""distance"":5,""physical_error_rate"":5e-05}","{""detectors_checked"":224}"
      3072,         0,         0,   0.172,standalone_exact_mw,29ae76c7f86edcd2f56343e8109d8463cbc736644db4e57527101e2f1c3606c8,"{""distance"":5,""physical_error_rate"":0.0002}","{""detection_events"":587,""detectors_checked"":688128}"
    167936,         0,         0,    3.04,standalone_exact_mw,aea10f45e3589e84a00777b800d38e8a3149bd6cb552c409f3bffd718c1a0abf,"{""distance"":5,""physical_error_rate"":5e-05}","{""detection_events"":7863,""detectors_checked"":37617664}"
        32,         9,         0,   0.322,standalone_exact_mw,c8b738028fda2b050c9255682a07cc95906733115fc52715e25155705a588b66,"{""distance"":5,""physical_error_rate"":0.05}","{""detection_events"":1165,""detectors_checked"":7168,""obs_mistake_mask=E"":9}"
      1296,         0,         0,   0.055,standalone_exact_mw,aea10f45e3589e84a00777b800d38e8a3149bd6cb552c409f3bffd718c1a0abf,"{""distance"":5,""physical_error_rate"":5e-05}","{""detection_events"":77,""detectors_checked"":290304}"
     40960,         0,         0,   0.812,standalone_exact_mw,29ae76c7f86edcd2f56343e8109d8463cbc736644db4e57527101e2f1c3606c8,"{""distance"":5,""physical_error_rate"":0.0002}","{""detection_events"":7676,""detectors_checked"":9175040}"
      3072,         0,         0,   0.111,standalone_exact_mw,cc9149276d16e61a5ac322a1d2048afebd34054fe0ed4879b77eb616628c1148,"{""distance"":5,""physical_error_rate"":0.0001}","{""detection_events"":274,""detectors_checked"":688128}"
     33792,         0,         0,   0.561,standalone_exact_mw,aea10f45e3589e84a00777b800d38e8a3149bd6cb552c409f3bffd718c1a0abf,"{""distance"":5,""physical_error_rate"":5e-05}","{""detection_events"":1562,""detectors_checked"":7569408}"
      1024,         0,         0,   0.048,standalone_exact_mw,aea10f45e3589e84a00777b800d38e8a3149bd6cb552c409f3bffd718c1a0abf,"{""distance"":5,""physical_error_rate"":5e-05}","{""detection_events"":43,""detectors_checked"":229376}"
       128,         4,         0,   0.529,standalone_exact_mw,3fbf3739b73dda61f0188bb1f99eaf1ad6be14fe6ea44c0ac8d6c5ad12090cf3,"{""distance"":5,""physical_error_rate"":0.02}","{""detection_events"":2178,""detectors_checked"":28672,""obs_mistake_mask=E"":4}"
      1024,         0,         0,   0.137,standalone_exact_mw,7bb6e20e48600212890a8c0dbf00c9e78f41358e09b12be0f89e4aae4bc5d684,"{""distance"":5,""physical_error_rate"":0.002}","{""detection_events"":1842,""detectors_checked"":229376}"
      1024,         0,         0,   0.029,standalone_exact_mw,aea10f45e3589e84a00777b800d38e8a3149bd6cb552c409f3bffd718c1a0abf,"{""distance"":5,""physical_error_rate"":5e-05}","{""detection_events"":51,""detectors_checked"":229376}"
     49152,         1,         0,    3.08,standalone_exact_mw,7bb6e20e48600212890a8c0dbf00c9e78f41358e09b12be0f89e4aae4bc5d684,"{""distance"":5,""physical_error_rate"":0.002}","{""detection_events"":90518,""detectors_checked"":11010048,""obs_mistake_mask=E"":1}"
         1,         0,         0,   0.030,standalone_exact_mw,77d802c74222c3324b7f1323f7447c6411ad27be92307b6127e53af575faadca,"{""distance"":5,""physical_error_rate"":0.001}","{""detection_events"":3,""detectors_checked"":224}"
      1024,         0,         0,   0.049,standalone_exact_mw,aea10f45e3589e84a00777b800d38e8a3149bd6cb552c409f3bffd718c1a0abf,"{""distance"":5,""physical_error_rate"":5e-05}","{""detection_events"":43,""detectors_checked"":229376}"
       512,         4,         0,   0.447,standalone_exact_mw,d243a1b0b1308c5af35ad4523cb40bd83c282feda5b2af0b0940517b428d54bb,"{""distance"":5,""physical_error_rate"":0.01}","{""detection_events"":4685,""detectors_checked"":114688,""obs_mistake_mask=E"":4}"
       272,         0,         0,   0.026,standalone_exact_mw,77d802c74222c3324b7f1323f7447c6411ad27be92307b6127e53af575faadca,"{""distance"":5,""physical_error_rate"":0.001}","{""detection_events"":241,""detectors_checked"":60928}"
        16,         8,         0,   0.359,standalone_exact_mw,116a60cbe496e8e5ed1b799237798a197a37b7e9de7e0dc58034c8e1135b3e40,"{""distance"":5,""physical_error_rate"":0.5}","{""detection_events"":1560,""detectors_checked"":3584,""obs_mistake_mask=E"":8}"
      1024,         0,         0,   0.281,standalone_exact_mw,1a2d9ab41a8a393fdef1a304cd6cd3b39e7654fe1ff27694ddcd7a0d28bf707b,"{""distance"":5,""physical_error_rate"":0.005}","{""detection_events"":4810,""detectors_checked"":229376}"
      5120,         0,         0,   0.250,standalone_exact_mw,29ae76c7f86edcd2f56343e8109d8463cbc736644db4e57527101e2f1c3606c8,"{""distance"":5,""physical_error_rate"":0.0002}","{""detection_events"":914,""detectors_checked"":1146880}"
      1024,         0,         0,   0.142,standalone_exact_mw,7bb6e20e48600212890a8c0dbf00c9e78f41358e09b12be0f89e4aae4bc5d684,"{""distance"":5,""physical_error_rate"":0.002}","{""detection_events"":2079,""detectors_checked"":229376}"
      2048,         0,         0,   0.094,standalone_exact_mw,aea10f45e3589e84a00777b800d38e8a3149bd6cb552c409f3bffd718c1a0abf,"{""distance"":5,""physical_error_rate"":5e-05}","{""detection_events"":69,""detectors_checked"":458752}"
      5120,         0,         0,   0.179,standalone_exact_mw,cc9149276d16e61a5ac322a1d2048afebd34054fe0ed4879b77eb616628c1148,"{""distance"":5,""physical_error_rate"":0.0001}","{""detection_events"":467,""detectors_checked"":1146880}"
      1024,         0,         0,   0.087,standalone_exact_mw,77d802c74222c3324b7f1323f7447c6411ad27be92307b6127e53af575faadca,"{""distance"":5,""physical_error_rate"":0.001}","{""detection_events"":928,""detectors_checked"":229376}"
        32,        14,         0,   0.510,standalone_exact_mw,a2951cb9d6c05a6bf216e8b727426e1a3155bcc703ace3ee8fdcacfd84d170a7,"{""distance"":5,""physical_error_rate"":0.1}","{""detection_events"":1815,""detectors_checked"":7168,""obs_mistake_mask=E"":14}"
        32,         5,         0,   0.291,standalone_exact_mw,c8b738028fda2b050c9255682a07cc95906733115fc52715e25155705a588b66,"{""distance"":5,""physical_error_rate"":0.05}","{""detection_events"":1159,""detectors_checked"":7168,""obs_mistake_mask=E"":5}"
        32,        15,         0,   0.439,standalone_exact_mw,b926cc1d59f2ffa0ec7a93e8795923b3e0543631758e3ab8213cfd69853d790b,"{""distance"":5,""physical_error_rate"":0.2}","{""detection_events"":2621,""detectors_checked"":7168,""obs_mistake_mask=E"":15}"
         1,         0,         0,   0.001,standalone_exact_mw,d243a1b0b1308c5af35ad4523cb40bd83c282feda5b2af0b0940517b428d54bb,"{""distance"":5,""physical_error_rate"":0.01}","{""detection_events"":7,""detectors_checked"":224}"
      2048,         0,         0,   0.077,standalone_exact_mw,aea10f45e3589e84a00777b800d38e8a3149bd6cb552c409f3bffd718c1a0abf,"{""distance"":5,""physical_error_rate"":5e-05}","{""detection_events"":102,""detectors_checked"":458752}"
         1,         0,         0,   0.007,standalone_exact_mw,b926cc1d59f2ffa0ec7a93e8795923b3e0543631758e3ab8213cfd69853d790b,"{""distance"":5,""physical_error_rate"":0.2}","{""detection_events"":75,""detectors_checked"":224}"
      1024,         0,         0,   0.118,standalone_exact_mw,77d802c74222c3324b7f1323f7447c6411ad27be92307b6127e53af575faadca,"{""distance"":5,""physical_error_rate"":0.001}","{""detection_events"":1010,""detectors_checked"":229376}"
      1024,         0,         0,   0.140,standalone_exact_mw,7bb6e20e48600212890a8c0dbf00c9e78f41358e09b12be0f89e4aae4bc5d684,"{""distance"":5,""physical_error_rate"":0.002}","{""detection_events"":1816,""detectors_checked"":229376}"
        32,        17,         0,   0.534,standalone_exact_mw,a2951cb9d6c05a6bf216e8b727426e1a3155bcc703ace3ee8fdcacfd84d170a7,"{""distance"":5,""physical_error_rate"":0.1}","{""detection_events"":1894,""detectors_checked"":7168,""obs_mistake_mask=E"":17}"
         1,         0,         0,   0.024,standalone_exact_mw,a2951cb9d6c05a6bf216e8b727426e1a3155bcc703ace3ee8fdcacfd84d170a7,"{""distance"":5,""physical_error_rate"":0.1}","{""detection_events"":66,""detectors_checked"":224}"
        32,        16,         0,   0.564,standalone_exact_mw,a2951cb9d6c05a6bf216e8b727426e1a3155bcc703ace3ee8fdcacfd84d170a7,"{""distance"":5,""physical_error_rate"":0.1}","{""detection_events"":1898,""detectors_checked"":7168,""obs_mistake_mask=E"":16}"
      3072,         0,         0,   0.112,standalone_exact_mw,aea10f45e3589e84a00777b800d38e8a3149bd6cb552c409f3bffd718c1a0abf,"{""distance"":5,""physical_error_rate"":5e-05}","{""detection_events"":121,""detectors_checked"":688128}"
     16384,         0,         0,   0.591,standalone_exact_mw,cc9149276d16e61a5ac322a1d2048afebd34054fe0ed4879b77eb616628c1148,"{""distance"":5,""physical_error_rate"":0.0001}","{""detection_events"":1662,""detectors_checked"":3670016}"
      6144,         0,         0,   0.223,standalone_exact_mw,cc9149276d16e61a5ac322a1d2048afebd34054fe0ed4879b77eb616628c1148,"{""distance"":5,""physical_error_rate"":0.0001}","{""detection_events"":540,""detectors_checked"":1376256}"
      1024,         1,         0,   0.269,standalone_exact_mw,1a2d9ab41a8a393fdef1a304cd6cd3b39e7654fe1ff27694ddcd7a0d28bf707b,"{""distance"":5,""physical_error_rate"":0.005}","{""detection_events"":4795,""detectors_checked"":229376,""obs_mistake_mask=E"":1}"
      1024,         0,         0,   0.119,standalone_exact_mw,77d802c74222c3324b7f1323f7447c6411ad27be92307b6127e53af575faadca,"{""distance"":5,""physical_error_rate"":0.001}","{""detection_events"":972,""detectors_checked"":229376}"
      1024,         0,         0,   0.137,standalone_exact_mw,7bb6e20e48600212890a8c0dbf00c9e78f41358e09b12be0f89e4aae4bc5d684,"{""distance"":5,""physical_error_rate"":0.002}","{""detection_events"":1852,""detectors_checked"":229376}"
        16,         6,         0,   0.335,standalone_exact_mw,116a60cbe496e8e5ed1b799237798a197a37b7e9de7e0dc58034c8e1135b3e40,"{""distance"":5,""physical_error_rate"":0.5}","{""detection_events"":1634,""detectors_checked"":3584,""obs_mistake_mask=E"":6}"
      6144,         0,         0,   0.310,standalone_exact_mw,29ae76c7f86edcd2f56343e8109d8463cbc736644db4e57527101e2f1c3606c8,"{""distance"":5,""physical_error_rate"":0.0002}","{""detection_events"":1204,""detectors_checked"":1376256}"
       128,         2,         0,   0.465,standalone_exact_mw,3fbf3739b73dda61f0188bb1f99eaf1ad6be14fe6ea44c0ac8d6c5ad12090cf3,"{""distance"":5,""physical_error_rate"":0.02}","{""detection_events"":2156,""detectors_checked"":28672,""obs_mistake_mask=E"":2}"
        16,         8,         0,   0.213,standalone_exact_mw,b926cc1d59f2ffa0ec7a93e8795923b3e0543631758e3ab8213cfd69853d790b,"{""distance"":5,""physical_error_rate"":0.2}","{""detection_events"":1267,""detectors_checked"":3584,""obs_mistake_mask=E"":8}"
     12288,         5,         0,    3.14,standalone_exact_mw,1a2d9ab41a8a393fdef1a304cd6cd3b39e7654fe1ff27694ddcd7a0d28bf707b,"{""distance"":5,""physical_error_rate"":0.005}","{""detection_events"":55689,""detectors_checked"":2752512,""obs_mistake_mask=E"":5}"
        64,         6,         0,   0.875,standalone_exact_mw,c8b738028fda2b050c9255682a07cc95906733115fc52715e25155705a588b66,"{""distance"":5,""physical_error_rate"":0.05}","{""detection_events"":2439,""detectors_checked"":14336,""obs_mistake_mask=E"":6}"
      1024,         0,         0,   0.097,standalone_exact_mw,77d802c74222c3324b7f1323f7447c6411ad27be92307b6127e53af575faadca,"{""distance"":5,""physical_error_rate"":0.001}","{""detection_events"":922,""detectors_checked"":229376}"
       272,         1,         0,   0.271,standalone_exact_mw,d243a1b0b1308c5af35ad4523cb40bd83c282feda5b2af0b0940517b428d54bb,"{""distance"":5,""physical_error_rate"":0.01}","{""detection_events"":2345,""detectors_checked"":60928,""obs_mistake_mask=E"":1}"
      4096,         0,         0,   0.143,standalone_exact_mw,aea10f45e3589e84a00777b800d38e8a3149bd6cb552c409f3bffd718c1a0abf,"{""distance"":5,""physical_error_rate"":5e-05}","{""detection_events"":175,""detectors_checked"":917504}"
      1024,         0,         0,   0.117,standalone_exact_mw,7bb6e20e48600212890a8c0dbf00c9e78f41358e09b12be0f89e4aae4bc5d684,"{""distance"":5,""physical_error_rate"":0.002}","{""detection_events"":1966,""detectors_checked"":229376}"
       512,         1,         0,   0.482,standalone_exact_mw,d243a1b0b1308c5af35ad4523cb40bd83c282feda5b2af0b0940517b428d54bb,"{""distance"":5,""physical_error_rate"":0.01}","{""detection_events"":4796,""detectors_checked"":114688,""obs_mistake_mask=E"":1}"
      7168,         3,         0,    2.38,standalone_exact_mw,1a2d9ab41a8a393fdef1a304cd6cd3b39e7654fe1ff27694ddcd7a0d28bf707b,"{""distance"":5,""physical_error_rate"":0.005}","{""detection_events"":32545,""detectors_checked"":1605632,""obs_mistake_mask=E"":3}"
     44032,         0,         0,    2.18,standalone_exact_mw,503ee55b5ad1b1988379a241a0405811522ee4d50b473755532ad1299cb121e2,"{""distance"":5,""physical_error_rate"":0.0005}","{""detection_events"":20481,""detectors_checked"":9863168}"
        16,         7,         0,   0.236,standalone_exact_mw,a2951cb9d6c05a6bf216e8b727426e1a3155bcc703ace3ee8fdcacfd84d170a7,"{""distance"":5,""physical_error_rate"":0.1}","{""detection_events"":968,""detectors_checked"":3584,""obs_mistake_mask=E"":7}"
      1297,         0,         0,   0.052,standalone_exact_mw,cc9149276d16e61a5ac322a1d2048afebd34054fe0ed4879b77eb616628c1148,"{""distance"":5,""physical_error_rate"":0.0001}","{""detection_events"":138,""detectors_checked"":290528}"
      1024,         0,         0,   0.118,standalone_exact_mw,77d802c74222c3324b7f1323f7447c6411ad27be92307b6127e53af575faadca,"{""distance"":5,""physical_error_rate"":0.001}","{""detection_events"":963,""detectors_checked"":229376}"
      1024,         0,         0,   0.111,standalone_exact_mw,7bb6e20e48600212890a8c0dbf00c9e78f41358e09b12be0f89e4aae4bc5d684,"{""distance"":5,""physical_error_rate"":0.002}","{""detection_events"":1888,""detectors_checked"":229376}"
      1024,         0,         0,   0.050,standalone_exact_mw,cc9149276d16e61a5ac322a1d2048afebd34054fe0ed4879b77eb616628c1148,"{""distance"":5,""physical_error_rate"":0.0001}","{""detection_events"":133,""detectors_checked"":229376}"
      1024,         0,         0,   0.270,standalone_exact_mw,1a2d9ab41a8a393fdef1a304cd6cd3b39e7654fe1ff27694ddcd7a0d28bf707b,"{""distance"":5,""physical_error_rate"":0.005}","{""detection_events"":4507,""detectors_checked"":229376}"
      8192,         0,         0,   0.306,standalone_exact_mw,cc9149276d16e61a5ac322a1d2048afebd34054fe0ed4879b77eb616628c1148,"{""distance"":5,""physical_error_rate"":0.0001}","{""detection_events"":776,""detectors_checked"":1835008}"
      1024,         0,         0,   0.049,standalone_exact_mw,cc9149276d16e61a5ac322a1d2048afebd34054fe0ed4879b77eb616628c1148,"{""distance"":5,""physical_error_rate"":0.0001}","{""detection_events"":90,""detectors_checked"":229376}"
        32,        14,         0,   0.550,standalone_exact_mw,a2951cb9d6c05a6bf216e8b727426e1a3155bcc703ace3ee8fdcacfd84d170a7,"{""distance"":5,""physical_error_rate"":0.1}","{""detection_events"":1832,""detectors_checked"":7168,""obs_mistake_mask=E"":14}"
      1024,         0,         0,   0.119,standalone_exact_mw,77d802c74222c3324b7f1323f7447c6411ad27be92307b6127e53af575faadca,"{""distance"":5,""physical_error_rate"":0.001}","{""detection_events"":1025,""detectors_checked"":229376}"
      5120,         0,         0,   0.229,standalone_exact_mw,aea10f45e3589e84a00777b800d38e8a3149bd6cb552c409f3bffd718c1a0abf,"{""distance"":5,""physical_error_rate"":5e-05}","{""detection_events"":243,""detectors_checked"":1146880}"
      1024,         0,         0,   0.049,standalone_exact_mw,cc9149276d16e61a5ac322a1d2048afebd34054fe0ed4879b77eb616628c1148,"{""distance"":5,""physical_error_rate"":0.0001}","{""detection_events"":83,""detectors_checked"":229376}"
        16,         9,         0,   0.322,standalone_exact_mw,116a60cbe496e8e5ed1b799237798a197a37b7e9de7e0dc58034c8e1135b3e40,"{""distance"":5,""physical_error_rate"":0.5}","{""detection_events"":1603,""detectors_checked"":3584,""obs_mistake_mask=E"":9}"
        32,        19,         0,   0.522,standalone_exact_mw,b926cc1d59f2ffa0ec7a93e8795923b3e0543631758e3ab8213cfd69853d790b,"{""distance"":5,""physical_error_rate"":0.2}","{""detection_events"":2585,""detectors_checked"":7168,""obs_mistake_mask=E"":19}"
     46080,         0,         0,   0.794,standalone_exact_mw,aea10f45e3589e84a00777b800d38e8a3149bd6cb552c409f3bffd718c1a0abf,"{""distance"":5,""physical_error_rate"":5e-05}","{""detection_events"":2098,""detectors_checked"":10321920}"
      1024,         0,         0,   0.049,standalone_exact_mw,cc9149276d16e61a5ac322a1d2048afebd34054fe0ed4879b77eb616628c1148,"{""distance"":5,""physical_error_rate"":0.0001}","{""detection_events"":89,""detectors_checked"":229376}"
        17,         0,         0,   0.010,standalone_exact_mw,77d802c74222c3324b7f1323f7447c6411ad27be92307b6127e53af575faadca,"{""distance"":5,""physical_error_rate"":0.001}","{""detection_events"":26,""detectors_checked"":3808}"
        64,         9,         0,   0.644,standalone_exact_mw,c8b738028fda2b050c9255682a07cc95906733115fc52715e25155705a588b66,"{""distance"":5,""physical_error_rate"":0.05}","{""detection_events"":2343,""detectors_checked"":14336,""obs_mistake_mask=E"":9}"
      8192,         0,         0,   0.420,standalone_exact_mw,29ae76c7f86edcd2f56343e8109d8463cbc736644db4e57527101e2f1c3606c8,"{""distance"":5,""physical_error_rate"":0.0002}","{""detection_events"":1595,""detectors_checked"":1835008}"
      1280,         0,         0,   0.055,standalone_exact_mw,77d802c74222c3324b7f1323f7447c6411ad27be92307b6127e53af575faadca,"{""distance"":5,""physical_error_rate"":0.001}","{""detection_events"":1173,""detectors_checked"":286720}"
      2048,         0,         0,   0.220,standalone_exact_mw,7bb6e20e48600212890a8c0dbf00c9e78f41358e09b12be0f89e4aae4bc5d684,"{""distance"":5,""physical_error_rate"":0.002}","{""detection_events"":3970,""detectors_checked"":458752}"
      2048,         0,         0,   0.078,standalone_exact_mw,cc9149276d16e61a5ac322a1d2048afebd34054fe0ed4879b77eb616628c1148,"{""distance"":5,""physical_error_rate"":0.0001}","{""detection_events"":213,""detectors_checked"":458752}"
        32,        13,         0,   0.534,standalone_exact_mw,a2951cb9d6c05a6bf216e8b727426e1a3155bcc703ace3ee8fdcacfd84d170a7,"{""distance"":5,""physical_error_rate"":0.1}","{""detection_events"":1791,""detectors_checked"":7168,""obs_mistake_mask=E"":13}"
        32,        11,         0,   0.559,standalone_exact_mw,a2951cb9d6c05a6bf216e8b727426e1a3155bcc703ace3ee8fdcacfd84d170a7,"{""distance"":5,""physical_error_rate"":0.1}","{""detection_events"":1958,""detectors_checked"":7168,""obs_mistake_mask=E"":11}"
      1024,         0,         0,   0.054,standalone_exact_mw,77d802c74222c3324b7f1323f7447c6411ad27be92307b6127e53af575faadca,"{""distance"":5,""physical_error_rate"":0.001}","{""detection_events"":966,""detectors_checked"":229376}"
        32,        12,         0,   0.467,standalone_exact_mw,b926cc1d59f2ffa0ec7a93e8795923b3e0543631758e3ab8213cfd69853d790b,"{""distance"":5,""physical_error_rate"":0.2}","{""detection_events"":2638,""detectors_checked"":7168,""obs_mistake_mask=E"":12}"
      1024,         1,         0,   0.308,standalone_exact_mw,1a2d9ab41a8a393fdef1a304cd6cd3b39e7654fe1ff27694ddcd7a0d28bf707b,"{""distance"":5,""physical_error_rate"":0.005}","{""detection_events"":4949,""detectors_checked"":229376,""obs_mistake_mask=E"":1}"
      1024,         0,         0,   0.055,standalone_exact_mw,77d802c74222c3324b7f1323f7447c6411ad27be92307b6127e53af575faadca,"{""distance"":5,""physical_error_rate"":0.001}","{""detection_events"":967,""detectors_checked"":229376}"
         1,         0,         0,   0.019,standalone_exact_mw,7bb6e20e48600212890a8c0dbf00c9e78f41358e09b12be0f89e4aae4bc5d684,"{""distance"":5,""physical_error_rate"":0.002}","{""detection_events"":2,""detectors_checked"":224}"
      2048,         0,         0,   0.104,standalone_exact_mw,cc9149276d16e61a5ac322a1d2048afebd34054fe0ed4879b77eb616628c1148,"{""distance"":5,""physical_error_rate"":0.0001}","{""detection_events"":180,""detectors_checked"":458752}"
      3072,         0,         0,   0.262,standalone_exact_mw,77d802c74222c3324b7f1323f7447c6411ad27be92307b6127e53af575faadca,"{""distance"":5,""physical_error_rate"":0.001}","{""detection_events"":2849,""detectors_checked"":688128}"
       512,         0,         0,   0.515,standalone_exact_mw,d243a1b0b1308c5af35ad4523cb40bd83c282feda5b2af0b0940517b428d54bb,"{""distance"":5,""physical_error_rate"":0.01}","{""detection_events"":4530,""detectors_checked"":114688}"
      1024,         0,         0,   0.053,standalone_exact_mw,77d802c74222c3324b7f1323f7447c6411ad27be92307b6127e53af575faadca,"{""distance"":5,""physical_error_rate"":0.001}","{""detection_events"":881,""detectors_checked"":229376}"
       272,         0,         0,   0.058,standalone_exact_mw,7bb6e20e48600212890a8c0dbf00c9e78f41358e09b12be0f89e4aae4bc5d684,"{""distance"":5,""physical_error_rate"":0.002}","{""detection_events"":510,""detectors_checked"":60928}"
       512,         2,         0,   0.491,standalone_exact_mw,d243a1b0b1308c5af35ad4523cb40bd83c282feda5b2af0b0940517b428d54bb,"{""distance"":5,""physical_error_rate"":0.01}","{""detection_events"":4459,""detectors_checked"":114688,""obs_mistake_mask=E"":2}"
       273,         0,         0,   0.020,standalone_exact_mw,77d802c74222c3324b7f1323f7447c6411ad27be92307b6127e53af575faadca,"{""distance"":5,""physical_error_rate"":0.001}","{""detection_events"":218,""detectors_checked"":61152}"
       273,         0,         0,   0.036,standalone_exact_mw,7bb6e20e48600212890a8c0dbf00c9e78f41358e09b12be0f89e4aae4bc5d684,"{""distance"":5,""physical_error_rate"":0.002}","{""detection_events"":470,""detectors_checked"":61152}"
     43008,         0,         0,    1.10,standalone_exact_mw,29ae76c7f86edcd2f56343e8109d8463cbc736644db4e57527101e2f1c3606c8,"{""distance"":5,""physical_error_rate"":0.0002}","{""detection_events"":7973,""detectors_checked"":9633792}"
      7168,         0,         0,   0.324,standalone_exact_mw,aea10f45e3589e84a00777b800d38e8a3149bd6cb552c409f3bffd718c1a0abf,"{""distance"":5,""physical_error_rate"":5e-05}","{""detection_events"":350,""detectors_checked"":1605632}"
        32,        12,         0,   0.495,standalone_exact_mw,a2951cb9d6c05a6bf216e8b727426e1a3155bcc703ace3ee8fdcacfd84d170a7,"{""distance"":5,""physical_error_rate"":0.1}","{""detection_events"":1901,""detectors_checked"":7168,""obs_mistake_mask=E"":12}"
      1024,         0,         0,   0.054,standalone_exact_mw,77d802c74222c3324b7f1323f7447c6411ad27be92307b6127e53af575faadca,"{""distance"":5,""physical_error_rate"":0.001}","{""detection_events"":938,""detectors_checked"":229376}"
        16,         9,         0,   0.336,standalone_exact_mw,116a60cbe496e8e5ed1b799237798a197a37b7e9de7e0dc58034c8e1135b3e40,"{""distance"":5,""physical_error_rate"":0.5}","{""detection_events"":1645,""detectors_checked"":3584,""obs_mistake_mask=E"":9}"
      2048,         0,         0,   0.228,standalone_exact_mw,7bb6e20e48600212890a8c0dbf00c9e78f41358e09b12be0f89e4aae4bc5d684,"{""distance"":5,""physical_error_rate"":0.002}","{""detection_events"":3896,""detectors_checked"":458752}"
      3072,         0,         0,   0.128,standalone_exact_mw,cc9149276d16e61a5ac322a1d2048afebd34054fe0ed4879b77eb616628c1148,"{""distance"":5,""physical_error_rate"":0.0001}","{""detection_events"":286,""detectors_checked"":688128}"
        17,         0,         0,   0.008,standalone_exact_mw,7bb6e20e48600212890a8c0dbf00c9e78f41358e09b12be0f89e4aae4bc5d684,"{""distance"":5,""physical_error_rate"":0.002}","{""detection_events"":24,""detectors_checked"":3808}"
      1024,         0,         0,   0.081,standalone_exact_mw,77d802c74222c3324b7f1323f7447c6411ad27be92307b6127e53af575faadca,"{""distance"":5,""physical_error_rate"":0.001}","{""detection_events"":975,""detectors_checked"":229376}"
     12288,         0,         0,   0.446,standalone_exact_mw,cc9149276d16e61a5ac322a1d2048afebd34054fe0ed4879b77eb616628c1148,"{""distance"":5,""physical_error_rate"":0.0001}","{""detection_events"":1117,""detectors_checked"":2752512}"
       256,         0,         0,   0.026,standalone_exact_mw,7bb6e20e48600212890a8c0dbf00c9e78f41358e09b12be0f89e4aae4bc5d684,"{""distance"":5,""physical_error_rate"":0.002}","{""detection_events"":423,""detectors_checked"":57344}"
      1024,         0,         0,   0.105,standalone_exact_mw,7bb6e20e48600212890a8c0dbf00c9e78f41358e09b12be0f89e4aae4bc5d684,"{""distance"":5,""physical_error_rate"":0.002}","{""detection_events"":1846,""detectors_checked"":229376}"
     22528,         0,         0,   0.794,standalone_exact_mw,cc9149276d16e61a5ac322a1d2048afebd34054fe0ed4879b77eb616628c1148,"{""distance"":5,""physical_error_rate"":0.0001}","{""detection_events"":2113,""detectors_checked"":5046272}"
       128,         3,         0,   0.693,standalone_exact_mw,3fbf3739b73dda61f0188bb1f99eaf1ad6be14fe6ea44c0ac8d6c5ad12090cf3,"{""distance"":5,""physical_error_rate"":0.02}","{""detection_events"":2256,""detectors_checked"":28672,""obs_mistake_mask=E"":3}"
         1,         0,         0,   0.006,standalone_exact_mw,c8b738028fda2b050c9255682a07cc95906733115fc52715e25155705a588b66,"{""distance"":5,""physical_error_rate"":0.05}","{""detection_events"":35,""detectors_checked"":224}"
      1024,         0,         0,   0.065,standalone_exact_mw,77d802c74222c3324b7f1323f7447c6411ad27be92307b6127e53af575faadca,"{""distance"":5,""physical_error_rate"":0.001}","{""detection_events"":992,""detectors_checked"":229376}"
      1024,         0,         0,   0.162,standalone_exact_mw,7bb6e20e48600212890a8c0dbf00c9e78f41358e09b12be0f89e4aae4bc5d684,"{""distance"":5,""physical_error_rate"":0.002}","{""detection_events"":1902,""detectors_checked"":229376}"
         1,         0,         0,   0.010,standalone_exact_mw,3fbf3739b73dda61f0188bb1f99eaf1ad6be14fe6ea44c0ac8d6c5ad12090cf3,"{""distance"":5,""physical_error_rate"":0.02}","{""detection_events"":27,""detectors_checked"":224}"
         1,         1,         0,   0.014,standalone_exact_mw,116a60cbe496e8e5ed1b799237798a197a37b7e9de7e0dc58034c8e1135b3e40,"{""distance"":5,""physical_error_rate"":0.5}","{""detection_events"":97,""detectors_checked"":224,""obs_mistake_mask=E"":1}"
        32,        18,         0,   0.498,standalone_exact_mw,a2951cb9d6c05a6bf216e8b727426e1a3155bcc703ace3ee8fdcacfd84d170a7,"{""distance"":5,""physical_error_rate"":0.1}","{""detection_events"":1770,""detectors_checked"":7168,""obs_mistake_mask=E"":18}"
      1024,         0,         0,   0.079,standalone_exact_mw,7bb6e20e48600212890a8c0dbf00c9e78f41358e09b12be0f89e4aae4bc5d684,"{""distance"":5,""physical_error_rate"":0.002}","{""detection_events"":1912,""detectors_checked"":229376}"
      2048,         0,         0,   0.243,standalone_exact_mw,77d802c74222c3324b7f1323f7447c6411ad27be92307b6127e53af575faadca,"{""distance"":5,""physical_error_rate"":0.001}","{""detection_events"":2001,""detectors_checked"":458752}"
      2048,         1,         0,   0.163,standalone_exact_mw,77d802c74222c3324b7f1323f7447c6411ad27be92307b6127e53af575faadca,"{""distance"":5,""physical_error_rate"":0.001}","{""detection_events"":1929,""detectors_checked"":458752,""obs_mistake_mask=E"":1}"
      4096,         0,         0,   0.170,standalone_exact_mw,cc9149276d16e61a5ac322a1d2048afebd34054fe0ed4879b77eb616628c1148,"{""distance"":5,""physical_error_rate"":0.0001}","{""detection_events"":320,""detectors_checked"":917504}"
      1024,         0,         0,   0.128,standalone_exact_mw,7bb6e20e48600212890a8c0dbf00c9e78f41358e09b12be0f89e4aae4bc5d684,"{""distance"":5,""physical_error_rate"":0.002}","{""detection_events"":1914,""detectors_checked"":229376}"
      1024,         0,         0,   0.098,standalone_exact_mw,77d802c74222c3324b7f1323f7447c6411ad27be92307b6127e53af575faadca,"{""distance"":5,""physical_error_rate"":0.001}","{""detection_events"":1015,""detectors_checked"":229376}"
      1024,         0,         0,   0.057,standalone_exact_mw,7bb6e20e48600212890a8c0dbf00c9e78f41358e09b12be0f89e4aae4bc5d684,"{""distance"":5,""physical_error_rate"":0.002}","{""detection_events"":1803,""detectors_checked"":229376}"
        32,        19,         0,   0.556,standalone_exact_mw,b926cc1d59f2ffa0ec7a93e8795923b3e0543631758e3ab8213cfd69853d790b,"{""distance"":5,""physical_error_rate"":0.2}","{""detection_events"":2579,""detectors_checked"":7168,""obs_mistake_mask=E"":19}"
      1024,         0,         0,   0.147,standalone_exact_mw,7bb6e20e48600212890a8c0dbf00c9e78f41358e09b12be0f89e4aae4bc5d684,"{""distance"":5,""physical_error_rate"":0.002}","{""detection_events"":1857,""detectors_checked"":229376}"
      1024,         0,         0,   0.079,standalone_exact_mw,77d802c74222c3324b7f1323f7447c6411ad27be92307b6127e53af575faadca,"{""distance"":5,""physical_error_rate"":0.001}","{""detection_events"":943,""detectors_checked"":229376}"
      1024,         1,         0,   0.415,standalone_exact_mw,1a2d9ab41a8a393fdef1a304cd6cd3b39e7654fe1ff27694ddcd7a0d28bf707b,"{""distance"":5,""physical_error_rate"":0.005}","{""detection_events"":4542,""detectors_checked"":229376,""obs_mistake_mask=E"":1}"
      1024,         0,         0,   0.086,standalone_exact_mw,7bb6e20e48600212890a8c0dbf00c9e78f41358e09b12be0f89e4aae4bc5d684,"{""distance"":5,""physical_error_rate"":0.002}","{""detection_events"":1875,""detectors_checked"":229376}"
      1024,         0,         0,   0.106,standalone_exact_mw,7bb6e20e48600212890a8c0dbf00c9e78f41358e09b12be0f89e4aae4bc5d684,"{""distance"":5,""physical_error_rate"":0.002}","{""detection_events"":1898,""detectors_checked"":229376}"
        16,         2,         0,   0.230,standalone_exact_mw,c8b738028fda2b050c9255682a07cc95906733115fc52715e25155705a588b66,"{""distance"":5,""physical_error_rate"":0.05}","{""detection_events"":541,""detectors_checked"":3584,""obs_mistake_mask=E"":2}"
      2048,         0,         0,   0.147,standalone_exact_mw,77d802c74222c3324b7f1323f7447c6411ad27be92307b6127e53af575faadca,"{""distance"":5,""physical_error_rate"":0.001}","{""detection_events"":1952,""detectors_checked"":458752}"
        16,         9,         0,   0.336,standalone_exact_mw,116a60cbe496e8e5ed1b799237798a197a37b7e9de7e0dc58034c8e1135b3e40,"{""distance"":5,""physical_error_rate"":0.5}","{""detection_events"":1651,""detectors_checked"":3584,""obs_mistake_mask=E"":9}"
      4096,         0,         0,   0.339,standalone_exact_mw,7bb6e20e48600212890a8c0dbf00c9e78f41358e09b12be0f89e4aae4bc5d684,"{""distance"":5,""physical_error_rate"":0.002}","{""detection_events"":7659,""detectors_checked"":917504}"
      1024,         0,         0,   0.084,standalone_exact_mw,77d802c74222c3324b7f1323f7447c6411ad27be92307b6127e53af575faadca,"{""distance"":5,""physical_error_rate"":0.001}","{""detection_events"":870,""detectors_checked"":229376}"
        32,        13,         0,   0.582,standalone_exact_mw,a2951cb9d6c05a6bf216e8b727426e1a3155bcc703ace3ee8fdcacfd84d170a7,"{""distance"":5,""physical_error_rate"":0.1}","{""detection_events"":1721,""detectors_checked"":7168,""obs_mistake_mask=E"":13}"
     13312,         0,         0,   0.610,standalone_exact_mw,29ae76c7f86edcd2f56343e8109d8463cbc736644db4e57527101e2f1c3606c8,"{""distance"":5,""physical_error_rate"":0.0002}","{""detection_events"":2414,""detectors_checked"":2981888}"
        32,        14,         0,   0.573,standalone_exact_mw,a2951cb9d6c05a6bf216e8b727426e1a3155bcc703ace3ee8fdcacfd84d170a7,"{""distance"":5,""physical_error_rate"":0.1}","{""detection_events"":1872,""detectors_checked"":7168,""obs_mistake_mask=E"":14}"
      1024,         0,         0,   0.095,standalone_exact_mw,7bb6e20e48600212890a8c0dbf00c9e78f41358e09b12be0f89e4aae4bc5d684,"{""distance"":5,""physical_error_rate"":0.002}","{""detection_events"":1851,""detectors_checked"":229376}"
      1024,         0,         0,   0.110,standalone_exact_mw,7bb6e20e48600212890a8c0dbf00c9e78f41358e09b12be0f89e4aae4bc5d684,"{""distance"":5,""physical_error_rate"":0.002}","{""detection_events"":1829,""detectors_checked"":229376}"
      5120,         0,         0,   0.227,standalone_exact_mw,cc9149276d16e61a5ac322a1d2048afebd34054fe0ed4879b77eb616628c1148,"{""distance"":5,""physical_error_rate"":0.0001}","{""detection_events"":511,""detectors_checked"":1146880}"
        32,        17,         0,   0.576,standalone_exact_mw,b926cc1d59f2ffa0ec7a93e8795923b3e0543631758e3ab8213cfd69853d790b,"{""distance"":5,""physical_error_rate"":0.2}","{""detection_events"":2629,""detectors_checked"":7168,""obs_mistake_mask=E"":17}"
     11264,         0,         0,   0.441,standalone_exact_mw,aea10f45e3589e84a00777b800d38e8a3149bd6cb552c409f3bffd718c1a0abf,"{""distance"":5,""physical_error_rate"":5e-05}","{""detection_events"":631,""detectors_checked"":2523136}"
        16,         9,         0,   0.295,standalone_exact_mw,116a60cbe496e8e5ed1b799237798a197a37b7e9de7e0dc58034c8e1135b3e40,"{""distance"":5,""physical_error_rate"":0.5}","{""detection_events"":1613,""detectors_checked"":3584,""obs_mistake_mask=E"":9}"
      1024,         0,         0,   0.187,standalone_exact_mw,7bb6e20e48600212890a8c0dbf00c9e78f41358e09b12be0f89e4aae4bc5d684,"{""distance"":5,""physical_error_rate"":0.002}","{""detection_events"":1891,""detectors_checked"":229376}"
      6144,         0,         0,   0.295,standalone_exact_mw,77d802c74222c3324b7f1323f7447c6411ad27be92307b6127e53af575faadca,"{""distance"":5,""physical_error_rate"":0.001}","{""detection_events"":5801,""detectors_checked"":1376256}"
      2048,         0,         0,   0.148,standalone_exact_mw,77d802c74222c3324b7f1323f7447c6411ad27be92307b6127e53af575faadca,"{""distance"":5,""physical_error_rate"":0.001}","{""detection_events"":1969,""detectors_checked"":458752}"
       512,         0,         0,   0.511,standalone_exact_mw,d243a1b0b1308c5af35ad4523cb40bd83c282feda5b2af0b0940517b428d54bb,"{""distance"":5,""physical_error_rate"":0.01}","{""detection_events"":4484,""detectors_checked"":114688}"
      1297,         0,         0,   0.041,standalone_exact_mw,cc9149276d16e61a5ac322a1d2048afebd34054fe0ed4879b77eb616628c1148,"{""distance"":5,""physical_error_rate"":0.0001}","{""detection_events"":171,""detectors_checked"":290528}"
      1024,         0,         0,   0.027,standalone_exact_mw,cc9149276d16e61a5ac322a1d2048afebd34054fe0ed4879b77eb616628c1148,"{""distance"":5,""physical_error_rate"":0.0001}","{""detection_events"":51,""detectors_checked"":229376}"
      2048,         0,         0,   0.139,standalone_exact_mw,77d802c74222c3324b7f1323f7447c6411ad27be92307b6127e53af575faadca,"{""distance"":5,""physical_error_rate"":0.001}","{""detection_events"":1805,""detectors_checked"":458752}"
      1024,         0,         0,   0.133,standalone_exact_mw,7bb6e20e48600212890a8c0dbf00c9e78f41358e09b12be0f89e4aae4bc5d684,"{""distance"":5,""physical_error_rate"":0.002}","{""detection_events"":1899,""detectors_checked"":229376}"
      1024,         0,         0,   0.113,standalone_exact_mw,7bb6e20e48600212890a8c0dbf00c9e78f41358e09b12be0f89e4aae4bc5d684,"{""distance"":5,""physical_error_rate"":0.002}","{""detection_events"":1938,""detectors_checked"":229376}"
      1024,         0,         0,   0.027,standalone_exact_mw,cc9149276d16e61a5ac322a1d2048afebd34054fe0ed4879b77eb616628c1148,"{""distance"":5,""physical_error_rate"":0.0001}","{""detection_events"":107,""detectors_checked"":229376}"
        32,        15,         0,   0.550,standalone_exact_mw,a2951cb9d6c05a6bf216e8b727426e1a3155bcc703ace3ee8fdcacfd84d170a7,"{""distance"":5,""physical_error_rate"":0.1}","{""detection_events"":1814,""detectors_checked"":7168,""obs_mistake_mask=E"":15}"
        64,         9,         0,   0.787,standalone_exact_mw,c8b738028fda2b050c9255682a07cc95906733115fc52715e25155705a588b66,"{""distance"":5,""physical_error_rate"":0.05}","{""detection_events"":2486,""detectors_checked"":14336,""obs_mistake_mask=E"":9}"
         1,         0,         0,   0.013,standalone_exact_mw,116a60cbe496e8e5ed1b799237798a197a37b7e9de7e0dc58034c8e1135b3e40,"{""distance"":5,""physical_error_rate"":0.5}","{""detection_events"":104,""detectors_checked"":224}"
       128,        62,         0,    1.81,standalone_exact_mw,b926cc1d59f2ffa0ec7a93e8795923b3e0543631758e3ab8213cfd69853d790b,"{""distance"":5,""physical_error_rate"":0.2}","{""detection_events"":10317,""detectors_checked"":28672,""obs_mistake_mask=E"":62}"
       128,         1,         0,   0.492,standalone_exact_mw,3fbf3739b73dda61f0188bb1f99eaf1ad6be14fe6ea44c0ac8d6c5ad12090cf3,"{""distance"":5,""physical_error_rate"":0.02}","{""detection_events"":2230,""detectors_checked"":28672,""obs_mistake_mask=E"":1}"
       512,         3,         0,   0.645,standalone_exact_mw,d243a1b0b1308c5af35ad4523cb40bd83c282feda5b2af0b0940517b428d54bb,"{""distance"":5,""physical_error_rate"":0.01}","{""detection_events"":4616,""detectors_checked"":114688,""obs_mistake_mask=E"":3}"
      2048,         0,         0,   0.054,standalone_exact_mw,cc9149276d16e61a5ac322a1d2048afebd34054fe0ed4879b77eb616628c1148,"{""distance"":5,""physical_error_rate"":0.0001}","{""detection_events"":204,""detectors_checked"":458752}"
        32,        18,         0,   0.436,standalone_exact_mw,a2951cb9d6c05a6bf216e8b727426e1a3155bcc703ace3ee8fdcacfd84d170a7,"{""distance"":5,""physical_error_rate"":0.1}","{""detection_events"":1896,""detectors_checked"":7168,""obs_mistake_mask=E"":18}"
      1024,         0,         0,   0.148,standalone_exact_mw,7bb6e20e48600212890a8c0dbf00c9e78f41358e09b12be0f89e4aae4bc5d684,"{""distance"":5,""physical_error_rate"":0.002}","{""detection_events"":1840,""detectors_checked"":229376}"
     16384,         0,         0,   0.588,standalone_exact_mw,cc9149276d16e61a5ac322a1d2048afebd34054fe0ed4879b77eb616628c1148,"{""distance"":5,""physical_error_rate"":0.0001}","{""detection_events"":1451,""detectors_checked"":3670016}"
      1024,         0,         0,   0.336,standalone_exact_mw,1a2d9ab41a8a393fdef1a304cd6cd3b39e7654fe1ff27694ddcd7a0d28bf707b,"{""distance"":5,""physical_error_rate"":0.005}","{""detection_events"":4701,""detectors_checked"":229376}"
      1024,         0,         0,   0.113,standalone_exact_mw,7bb6e20e48600212890a8c0dbf00c9e78f41358e09b12be0f89e4aae4bc5d684,"{""distance"":5,""physical_error_rate"":0.002}","{""detection_events"":1959,""detectors_checked"":229376}"
      2048,         0,         0,   0.055,standalone_exact_mw,cc9149276d16e61a5ac322a1d2048afebd34054fe0ed4879b77eb616628c1148,"{""distance"":5,""physical_error_rate"":0.0001}","{""detection_events"":187,""detectors_checked"":458752}"
      2048,         0,         0,   0.144,standalone_exact_mw,77d802c74222c3324b7f1323f7447c6411ad27be92307b6127e53af575faadca,"{""distance"":5,""physical_error_rate"":0.001}","{""detection_events"":1954,""detectors_checked"":458752}"
      1024,         0,         0,   0.141,standalone_exact_mw,7bb6e20e48600212890a8c0dbf00c9e78f41358e09b12be0f89e4aae4bc5d684,"{""distance"":5,""physical_error_rate"":0.002}","{""detection_events"":2095,""detectors_checked"":229376}"
        16,        10,         0,   0.334,standalone_exact_mw,116a60cbe496e8e5ed1b799237798a197a37b7e9de7e0dc58034c8e1135b3e40,"{""distance"":5,""physical_error_rate"":0.5}","{""detection_events"":1676,""detectors_checked"":3584,""obs_mistake_mask=E"":10}"
      2048,         0,         0,   0.054,standalone_exact_mw,cc9149276d16e61a5ac322a1d2048afebd34054fe0ed4879b77eb616628c1148,"{""distance"":5,""physical_error_rate"":0.0001}","{""detection_events"":163,""detectors_checked"":458752}"
        32,         5,         0,   0.423,standalone_exact_mw,c8b738028fda2b050c9255682a07cc95906733115fc52715e25155705a588b66,"{""distance"":5,""physical_error_rate"":0.05}","{""detection_events"":1102,""detectors_checked"":7168,""obs_mistake_mask=E"":5}"
      7168,         0,         0,   0.327,standalone_exact_mw,cc9149276d16e61a5ac322a1d2048afebd34054fe0ed4879b77eb616628c1148,"{""distance"":5,""physical_error_rate"":0.0001}","{""detection_events"":622,""detectors_checked"":1605632}"
      4096,         0,         0,   0.281,standalone_exact_mw,77d802c74222c3324b7f1323f7447c6411ad27be92307b6127e53af575faadca,"{""distance"":5,""physical_error_rate"":0.001}","{""detection_events"":3762,""detectors_checked"":917504}"
      3072,         0,         0,   0.082,standalone_exact_mw,cc9149276d16e61a5ac322a1d2048afebd34054fe0ed4879b77eb616628c1148,"{""distance"":5,""physical_error_rate"":0.0001}","{""detection_events"":274,""detectors_checked"":688128}"
      1024,         0,         0,   0.112,standalone_exact_mw,7bb6e20e48600212890a8c0dbf00c9e78f41358e09b12be0f89e4aae4bc5d684,"{""distance"":5,""physical_error_rate"":0.002}","{""detection_events"":1782,""detectors_checked"":229376}"
     65536,         0,         0,    1.12,standalone_exact_mw,aea10f45e3589e84a00777b800d38e8a3149bd6cb552c409f3bffd718c1a0abf,"{""distance"":5,""physical_error_rate"":5e-05}","{""detection_events"":3145,""detectors_checked"":14680064}"
      2048,         0,         0,   0.141,standalone_exact_mw,77d802c74222c3324b7f1323f7447c6411ad27be92307b6127e53af575faadca,"{""distance"":5,""physical_error_rate"":0.001}","{""detection_events"":1948,""detectors_checked"":458752}"
        32,        20,         0,   0.597,standalone_exact_mw,b926cc1d59f2ffa0ec7a93e8795923b3e0543631758e3ab8213cfd69853d790b,"{""distance"":5,""physical_error_rate"":0.2}","{""detection_events"":2597,""detectors_checked"":7168,""obs_mistake_mask=E"":20}"
      1024,         0,         0,   0.183,standalone_exact_mw,7bb6e20e48600212890a8c0dbf00c9e78f41358e09b12be0f89e4aae4bc5d684,"{""distance"":5,""physical_error_rate"":0.002}","{""detection_events"":1865,""detectors_checked"":229376}"
       273,         0,         0,   0.011,standalone_exact_mw,503ee55b5ad1b1988379a241a0405811522ee4d50b473755532ad1299cb121e2,"{""distance"":5,""physical_error_rate"":0.0005}","{""detection_events"":153,""detectors_checked"":61152}"
      4096,         0,         0,   0.500,standalone_exact_mw,7bb6e20e48600212890a8c0dbf00c9e78f41358e09b12be0f89e4aae4bc5d684,"{""distance"":5,""physical_error_rate"":0.002}","{""detection_events"":7582,""detectors_checked"":917504}"
    349184,         1,         0,    5.97,standalone_exact_mw,77d802c74222c3324b7f1323f7447c6411ad27be92307b6127e53af575faadca,"{""distance"":5,""physical_error_rate"":0.001}","{""detection_events"":324467,""detectors_checked"":78217216,""obs_mistake_mask=E"":1}"
      2048,         0,         0,   0.225,standalone_exact_mw,7bb6e20e48600212890a8c0dbf00c9e78f41358e09b12be0f89e4aae4bc5d684,"{""distance"":5,""physical_error_rate"":0.002}","{""detection_events"":3841,""detectors_checked"":458752}"
      1024,         0,         0,   0.041,standalone_exact_mw,503ee55b5ad1b1988379a241a0405811522ee4d50b473755532ad1299cb121e2,"{""distance"":5,""physical_error_rate"":0.0005}","{""detection_events"":530,""detectors_checked"":229376}"
    107520,         0,         0,    4.29,standalone_exact_mw,29ae76c7f86edcd2f56343e8109d8463cbc736644db4e57527101e2f1c3606c8,"{""distance"":5,""physical_error_rate"":0.0002}","{""detection_events"":19987,""detectors_checked"":24084480}"
      8192,         0,         0,   0.422,standalone_exact_mw,77d802c74222c3324b7f1323f7447c6411ad27be92307b6127e53af575faadca,"{""distance"":5,""physical_error_rate"":0.001}","{""detection_events"":7666,""detectors_checked"":1835008}"
      4096,         0,         0,   0.108,standalone_exact_mw,cc9149276d16e61a5ac322a1d2048afebd34054fe0ed4879b77eb616628c1148,"{""distance"":5,""physical_error_rate"":0.0001}","{""detection_events"":383,""detectors_checked"":917504}"
       128,        21,         0,    1.50,standalone_exact_mw,c8b738028fda2b050c9255682a07cc95906733115fc52715e25155705a588b66,"{""distance"":5,""physical_error_rate"":0.05}","{""detection_events"":4508,""detectors_checked"":28672,""obs_mistake_mask=E"":21}"
      1024,         0,         0,   0.080,standalone_exact_mw,7bb6e20e48600212890a8c0dbf00c9e78f41358e09b12be0f89e4aae4bc5d684,"{""distance"":5,""physical_error_rate"":0.002}","{""detection_events"":1877,""detectors_checked"":229376}"
        32,        15,         0,   0.527,standalone_exact_mw,a2951cb9d6c05a6bf216e8b727426e1a3155bcc703ace3ee8fdcacfd84d170a7,"{""distance"":5,""physical_error_rate"":0.1}","{""detection_events"":1839,""detectors_checked"":7168,""obs_mistake_mask=E"":15}"
        17,         1,         0,   0.071,standalone_exact_mw,3fbf3739b73dda61f0188bb1f99eaf1ad6be14fe6ea44c0ac8d6c5ad12090cf3,"{""distance"":5,""physical_error_rate"":0.02}","{""detection_events"":280,""detectors_checked"":3808,""obs_mistake_mask=E"":1}"
        16,         9,         0,   0.353,standalone_exact_mw,116a60cbe496e8e5ed1b799237798a197a37b7e9de7e0dc58034c8e1135b3e40,"{""distance"":5,""physical_error_rate"":0.5}","{""detection_events"":1614,""detectors_checked"":3584,""obs_mistake_mask=E"":9}"
       272,         6,         0,   0.809,standalone_exact_mw,3fbf3739b73dda61f0188bb1f99eaf1ad6be14fe6ea44c0ac8d6c5ad12090cf3,"{""distance"":5,""physical_error_rate"":0.02}","{""detection_events"":4342,""detectors_checked"":60928,""obs_mistake_mask=E"":6}"
        32,        14,         0,   0.538,standalone_exact_mw,a2951cb9d6c05a6bf216e8b727426e1a3155bcc703ace3ee8fdcacfd84d170a7,"{""distance"":5,""physical_error_rate"":0.1}","{""detection_events"":1926,""detectors_checked"":7168,""obs_mistake_mask=E"":14}"
      1024,         0,         0,   0.055,standalone_exact_mw,503ee55b5ad1b1988379a241a0405811522ee4d50b473755532ad1299cb121e2,"{""distance"":5,""physical_error_rate"":0.0005}","{""detection_events"":461,""detectors_checked"":229376}"
       512,         2,         0,   0.487,standalone_exact_mw,d243a1b0b1308c5af35ad4523cb40bd83c282feda5b2af0b0940517b428d54bb,"{""distance"":5,""physical_error_rate"":0.01}","{""detection_events"":4604,""detectors_checked"":114688,""obs_mistake_mask=E"":2}"
      1024,         0,         0,   0.055,standalone_exact_mw,503ee55b5ad1b1988379a241a0405811522ee4d50b473755532ad1299cb121e2,"{""distance"":5,""physical_error_rate"":0.0005}","{""detection_events"":461,""detectors_checked"":229376}"
       128,         1,         0,   0.433,standalone_exact_mw,3fbf3739b73dda61f0188bb1f99eaf1ad6be14fe6ea44c0ac8d6c5ad12090cf3,"{""distance"":5,""physical_error_rate"":0.02}","{""detection_events"":2076,""detectors_checked"":28672,""obs_mistake_mask=E"":1}"
        32,        14,         0,   0.592,standalone_exact_mw,b926cc1d59f2ffa0ec7a93e8795923b3e0543631758e3ab8213cfd69853d790b,"{""distance"":5,""physical_error_rate"":0.2}","{""detection_events"":2629,""detectors_checked"":7168,""obs_mistake_mask=E"":14}"
     11264,         0,         0,   0.590,standalone_exact_mw,aea10f45e3589e84a00777b800d38e8a3149bd6cb552c409f3bffd718c1a0abf,"{""distance"":5,""physical_error_rate"":5e-05}","{""detection_events"":555,""detectors_checked"":2523136}"
        16,        11,         0,   0.339,standalone_exact_mw,116a60cbe496e8e5ed1b799237798a197a37b7e9de7e0dc58034c8e1135b3e40,"{""distance"":5,""physical_error_rate"":0.5}","{""detection_events"":1625,""detectors_checked"":3584,""obs_mistake_mask=E"":11}"
      1024,         0,         0,   0.055,standalone_exact_mw,503ee55b5ad1b1988379a241a0405811522ee4d50b473755532ad1299cb121e2,"{""distance"":5,""physical_error_rate"":0.0005}","{""detection_events"":485,""detectors_checked"":229376}"
    180224,         0,         0,    5.97,standalone_exact_mw,29ae76c7f86edcd2f56343e8109d8463cbc736644db4e57527101e2f1c3606c8,"{""distance"":5,""physical_error_rate"":0.0002}","{""detection_events"":33861,""detectors_checked"":40370176}"
      1024,         0,         0,   0.402,standalone_exact_mw,1a2d9ab41a8a393fdef1a304cd6cd3b39e7654fe1ff27694ddcd7a0d28bf707b,"{""distance"":5,""physical_error_rate"":0.005}","{""detection_events"":4614,""detectors_checked"":229376}"
        17,         0,         0,   0.041,standalone_exact_mw,d243a1b0b1308c5af35ad4523cb40bd83c282feda5b2af0b0940517b428d54bb,"{""distance"":5,""physical_error_rate"":0.01}","{""detection_events"":138,""detectors_checked"":3808}"
        32,         8,         0,   0.432,standalone_exact_mw,a2951cb9d6c05a6bf216e8b727426e1a3155bcc703ace3ee8fdcacfd84d170a7,"{""distance"":5,""physical_error_rate"":0.1}","{""detection_events"":1770,""detectors_checked"":7168,""obs_mistake_mask=E"":8}"
      4096,         0,         0,   0.298,standalone_exact_mw,77d802c74222c3324b7f1323f7447c6411ad27be92307b6127e53af575faadca,"{""distance"":5,""physical_error_rate"":0.001}","{""detection_events"":3795,""detectors_checked"":917504}"
      2048,         0,         0,   0.256,standalone_exact_mw,7bb6e20e48600212890a8c0dbf00c9e78f41358e09b12be0f89e4aae4bc5d684,"{""distance"":5,""physical_error_rate"":0.002}","{""detection_events"":3751,""detectors_checked"":458752}"
      4096,         0,         0,   0.251,standalone_exact_mw,77d802c74222c3324b7f1323f7447c6411ad27be92307b6127e53af575faadca,"{""distance"":5,""physical_error_rate"":0.001}","{""detection_events"":3695,""detectors_checked"":917504}"
       512,         0,         0,   0.492,standalone_exact_mw,d243a1b0b1308c5af35ad4523cb40bd83c282feda5b2af0b0940517b428d54bb,"{""distance"":5,""physical_error_rate"":0.01}","{""detection_events"":4661,""detectors_checked"":114688}"
        32,         9,         0,   0.648,standalone_exact_mw,116a60cbe496e8e5ed1b799237798a197a37b7e9de7e0dc58034c8e1135b3e40,"{""distance"":5,""physical_error_rate"":0.5}","{""detection_events"":3265,""detectors_checked"":7168,""obs_mistake_mask=E"":9}"
      6144,         0,         0,   0.195,standalone_exact_mw,cc9149276d16e61a5ac322a1d2048afebd34054fe0ed4879b77eb616628c1148,"{""distance"":5,""physical_error_rate"":0.0001}","{""detection_events"":628,""detectors_checked"":1376256}"
      2048,         0,         0,   0.233,standalone_exact_mw,7bb6e20e48600212890a8c0dbf00c9e78f41358e09b12be0f89e4aae4bc5d684,"{""distance"":5,""physical_error_rate"":0.002}","{""detection_events"":3711,""detectors_checked"":458752}"
        32,        14,         0,   0.559,standalone_exact_mw,a2951cb9d6c05a6bf216e8b727426e1a3155bcc703ace3ee8fdcacfd84d170a7,"{""distance"":5,""physical_error_rate"":0.1}","{""detection_events"":1858,""detectors_checked"":7168,""obs_mistake_mask=E"":14}"
        32,         5,         0,   0.378,standalone_exact_mw,c8b738028fda2b050c9255682a07cc95906733115fc52715e25155705a588b66,"{""distance"":5,""physical_error_rate"":0.05}","{""detection_events"":1083,""detectors_checked"":7168,""obs_mistake_mask=E"":5}"
      2048,         0,         0,   0.089,standalone_exact_mw,503ee55b5ad1b1988379a241a0405811522ee4d50b473755532ad1299cb121e2,"{""distance"":5,""physical_error_rate"":0.0005}","{""detection_events"":955,""detectors_checked"":458752}"
      2048,         0,         0,   0.245,standalone_exact_mw,7bb6e20e48600212890a8c0dbf00c9e78f41358e09b12be0f89e4aae4bc5d684,"{""distance"":5,""physical_error_rate"":0.002}","{""detection_events"":3878,""detectors_checked"":458752}"
        64,        13,         0,   0.623,standalone_exact_mw,c8b738028fda2b050c9255682a07cc95906733115fc52715e25155705a588b66,"{""distance"":5,""physical_error_rate"":0.05}","{""detection_events"":2333,""detectors_checked"":14336,""obs_mistake_mask=E"":13}"
     11264,         0,         0,   0.422,standalone_exact_mw,cc9149276d16e61a5ac322a1d2048afebd34054fe0ed4879b77eb616628c1148,"{""distance"":5,""physical_error_rate"":0.0001}","{""detection_events"":1021,""detectors_checked"":2523136}"
     17408,         0,         0,   0.802,standalone_exact_mw,29ae76c7f86edcd2f56343e8109d8463cbc736644db4e57527101e2f1c3606c8,"{""distance"":5,""physical_error_rate"":0.0002}","{""detection_events"":3078,""detectors_checked"":3899392}"
        16,         6,         0,   0.276,standalone_exact_mw,116a60cbe496e8e5ed1b799237798a197a37b7e9de7e0dc58034c8e1135b3e40,"{""distance"":5,""physical_error_rate"":0.5}","{""detection_events"":1645,""detectors_checked"":3584,""obs_mistake_mask=E"":6}"
     38912,         0,         0,    1.11,standalone_exact_mw,cc9149276d16e61a5ac322a1d2048afebd34054fe0ed4879b77eb616628c1148,"{""distance"":5,""physical_error_rate"":0.0001}","{""detection_events"":3743,""detectors_checked"":8716288}"
      2048,         0,         0,   0.111,standalone_exact_mw,503ee55b5ad1b1988379a241a0405811522ee4d50b473755532ad1299cb121e2,"{""distance"":5,""physical_error_rate"":0.0005}","{""detection_events"":1002,""detectors_checked"":458752}"
         1,         0,         0,   0.026,standalone_exact_mw,a2951cb9d6c05a6bf216e8b727426e1a3155bcc703ace3ee8fdcacfd84d170a7,"{""distance"":5,""physical_error_rate"":0.1}","{""detection_events"":67,""detectors_checked"":224}"
       273,         0,         0,   0.011,standalone_exact_mw,29ae76c7f86edcd2f56343e8109d8463cbc736644db4e57527101e2f1c3606c8,"{""distance"":5,""physical_error_rate"":0.0002}","{""detection_events"":56,""detectors_checked"":61152}"
      2048,         0,         0,   0.261,standalone_exact_mw,7bb6e20e48600212890a8c0dbf00c9e78f41358e09b12be0f89e4aae4bc5d684,"{""distance"":5,""physical_error_rate"":0.002}","{""detection_events"":3829,""detectors_checked"":458752}"
      1024,         1,         0,   0.292,standalone_exact_mw,1a2d9ab41a8a393fdef1a304cd6cd3b39e7654fe1ff27694ddcd7a0d28bf707b,"{""distance"":5,""physical_error_rate"":0.005}","{""detection_events"":4580,""detectors_checked"":229376,""obs_mistake_mask=E"":1}"
      8192,         0,         0,   0.252,standalone_exact_mw,cc9149276d16e61a5ac322a1d2048afebd34054fe0ed4879b77eb616628c1148,"{""distance"":5,""physical_error_rate"":0.0001}","{""detection_events"":774,""detectors_checked"":1835008}"
         1,         0,         0,   0.027,standalone_exact_mw,116a60cbe496e8e5ed1b799237798a197a37b7e9de7e0dc58034c8e1135b3e40,"{""distance"":5,""physical_error_rate"":0.5}","{""detection_events"":100,""detectors_checked"":224}"
      2048,         0,         0,   0.114,standalone_exact_mw,503ee55b5ad1b1988379a241a0405811522ee4d50b473755532ad1299cb121e2,"{""distance"":5,""physical_error_rate"":0.0005}","{""detection_events"":845,""detectors_checked"":458752}"
        16,         6,         0,   0.330,standalone_exact_mw,116a60cbe496e8e5ed1b799237798a197a37b7e9de7e0dc58034c8e1135b3e40,"{""distance"":5,""physical_error_rate"":0.5}","{""detection_events"":1597,""detectors_checked"":3584,""obs_mistake_mask=E"":6}"
      1024,         0,         0,   0.032,standalone_exact_mw,29ae76c7f86edcd2f56343e8109d8463cbc736644db4e57527101e2f1c3606c8,"{""distance"":5,""physical_error_rate"":0.0002}","{""detection_events"":178,""detectors_checked"":229376}"
      1024,         0,         0,   0.031,standalone_exact_mw,29ae76c7f86edcd2f56343e8109d8463cbc736644db4e57527101e2f1c3606c8,"{""distance"":5,""physical_error_rate"":0.0002}","{""detection_events"":173,""detectors_checked"":229376}"
      4096,         0,         0,   0.297,standalone_exact_mw,77d802c74222c3324b7f1323f7447c6411ad27be92307b6127e53af575faadca,"{""distance"":5,""physical_error_rate"":0.001}","{""detection_events"":3869,""detectors_checked"":917504}"
      1024,         0,         0,   0.031,standalone_exact_mw,29ae76c7f86edcd2f56343e8109d8463cbc736644db4e57527101e2f1c3606c8,"{""distance"":5,""physical_error_rate"":0.0002}","{""detection_events"":190,""detectors_checked"":229376}"
       128,         3,         0,   0.439,standalone_exact_mw,3fbf3739b73dda61f0188bb1f99eaf1ad6be14fe6ea44c0ac8d6c5ad12090cf3,"{""distance"":5,""physical_error_rate"":0.02}","{""detection_events"":2246,""detectors_checked"":28672,""obs_mistake_mask=E"":3}"
     22528,         0,         0,   0.809,standalone_exact_mw,cc9149276d16e61a5ac322a1d2048afebd34054fe0ed4879b77eb616628c1148,"{""distance"":5,""physical_error_rate"":0.0001}","{""detection_events"":2144,""detectors_checked"":5046272}"
        32,        15,         0,   0.594,standalone_exact_mw,b926cc1d59f2ffa0ec7a93e8795923b3e0543631758e3ab8213cfd69853d790b,"{""distance"":5,""physical_error_rate"":0.2}","{""detection_events"":2530,""detectors_checked"":7168,""obs_mistake_mask=E"":15}"
      3072,         0,         0,   0.355,standalone_exact_mw,7bb6e20e48600212890a8c0dbf00c9e78f41358e09b12be0f89e4aae4bc5d684,"{""distance"":5,""physical_error_rate"":0.002}","{""detection_events"":5834,""detectors_checked"":688128}"
        32,        16,         0,   0.560,standalone_exact_mw,a2951cb9d6c05a6bf216e8b727426e1a3155bcc703ace3ee8fdcacfd84d170a7,"{""distance"":5,""physical_error_rate"":0.1}","{""detection_events"":1856,""detectors_checked"":7168,""obs_mistake_mask=E"":16}"
       128,         3,         0,   0.557,standalone_exact_mw,3fbf3739b73dda61f0188bb1f99eaf1ad6be14fe6ea44c0ac8d6c5ad12090cf3,"{""distance"":5,""physical_error_rate"":0.02}","{""detection_events"":2049,""detectors_checked"":28672,""obs_mistake_mask=E"":3}"
      1024,         0,         0,   0.031,standalone_exact_mw,29ae76c7f86edcd2f56343e8109d8463cbc736644db4e57527101e2f1c3606c8,"{""distance"":5,""physical_error_rate"":0.0002}","{""detection_events"":201,""detectors_checked"":229376}"
        32,        15,         0,   0.436,standalone_exact_mw,a2951cb9d6c05a6bf216e8b727426e1a3155bcc703ace3ee8fdcacfd84d170a7,"{""distance"":5,""physical_error_rate"":0.1}","{""detection_events"":1810,""detectors_checked"":7168,""obs_mistake_mask=E"":15}"
       256,         0,         0,   0.446,standalone_exact_mw,d243a1b0b1308c5af35ad4523cb40bd83c282feda5b2af0b0940517b428d54bb,"{""distance"":5,""physical_error_rate"":0.01}","{""detection_events"":2173,""detectors_checked"":57344}"
      6144,         0,         0,   0.437,standalone_exact_mw,77d802c74222c3324b7f1323f7447c6411ad27be92307b6127e53af575faadca,"{""distance"":5,""physical_error_rate"":0.001}","{""detection_events"":5702,""detectors_checked"":1376256}"
      3072,         0,         0,   0.340,standalone_exact_mw,7bb6e20e48600212890a8c0dbf00c9e78f41358e09b12be0f89e4aae4bc5d684,"{""distance"":5,""physical_error_rate"":0.002}","{""detection_events"":5659,""detectors_checked"":688128}"
       512,         1,         0,   0.557,standalone_exact_mw,d243a1b0b1308c5af35ad4523cb40bd83c282feda5b2af0b0940517b428d54bb,"{""distance"":5,""physical_error_rate"":0.01}","{""detection_events"":4483,""detectors_checked"":114688,""obs_mistake_mask=E"":1}"
        32,        13,         0,   0.601,standalone_exact_mw,a2951cb9d6c05a6bf216e8b727426e1a3155bcc703ace3ee8fdcacfd84d170a7,"{""distance"":5,""physical_error_rate"":0.1}","{""detection_events"":1795,""detectors_checked"":7168,""obs_mistake_mask=E"":13}"
        32,         6,         0,   0.410,standalone_exact_mw,c8b738028fda2b050c9255682a07cc95906733115fc52715e25155705a588b66,"{""distance"":5,""physical_error_rate"":0.05}","{""detection_events"":1187,""detectors_checked"":7168,""obs_mistake_mask=E"":6}"
        17,         0,         0,   0.056,standalone_exact_mw,3fbf3739b73dda61f0188bb1f99eaf1ad6be14fe6ea44c0ac8d6c5ad12090cf3,"{""distance"":5,""physical_error_rate"":0.02}","{""detection_events"":313,""detectors_checked"":3808}"
      6144,         0,         0,   0.674,standalone_exact_mw,7bb6e20e48600212890a8c0dbf00c9e78f41358e09b12be0f89e4aae4bc5d684,"{""distance"":5,""physical_error_rate"":0.002}","{""detection_events"":11321,""detectors_checked"":1376256}"
        16,         9,         0,   0.242,standalone_exact_mw,a2951cb9d6c05a6bf216e8b727426e1a3155bcc703ace3ee8fdcacfd84d170a7,"{""distance"":5,""physical_error_rate"":0.1}","{""detection_events"":877,""detectors_checked"":3584,""obs_mistake_mask=E"":9}"
      4096,         0,         0,   0.191,standalone_exact_mw,503ee55b5ad1b1988379a241a0405811522ee4d50b473755532ad1299cb121e2,"{""distance"":5,""physical_error_rate"":0.0005}","{""detection_events"":1847,""detectors_checked"":917504}"
     52224,         0,         0,    1.56,standalone_exact_mw,29ae76c7f86edcd2f56343e8109d8463cbc736644db4e57527101e2f1c3606c8,"{""distance"":5,""physical_error_rate"":0.0002}","{""detection_events"":9575,""detectors_checked"":11698176}"
     10240,         0,         0,   0.664,standalone_exact_mw,77d802c74222c3324b7f1323f7447c6411ad27be92307b6127e53af575faadca,"{""distance"":5,""physical_error_rate"":0.001}","{""detection_events"":9573,""detectors_checked"":2293760}"
         1,         0,         0,   0.011,standalone_exact_mw,3fbf3739b73dda61f0188bb1f99eaf1ad6be14fe6ea44c0ac8d6c5ad12090cf3,"{""distance"":5,""physical_error_rate"":0.02}","{""detection_events"":17,""detectors_checked"":224}"
      2048,         0,         0,   0.083,standalone_exact_mw,29ae76c7f86edcd2f56343e8109d8463cbc736644db4e57527101e2f1c3606c8,"{""distance"":5,""physical_error_rate"":0.0002}","{""detection_events"":367,""detectors_checked"":458752}"
        16,         0,         0,   0.030,standalone_exact_mw,3fbf3739b73dda61f0188bb1f99eaf1ad6be14fe6ea44c0ac8d6c5ad12090cf3,"{""distance"":5,""physical_error_rate"":0.02}","{""detection_events"":203,""detectors_checked"":3584}"
       512,         2,         0,   0.520,standalone_exact_mw,d243a1b0b1308c5af35ad4523cb40bd83c282feda5b2af0b0940517b428d54bb,"{""distance"":5,""physical_error_rate"":0.01}","{""detection_events"":4604,""detectors_checked"":114688,""obs_mistake_mask=E"":2}"
      1297,         0,         0,   0.033,standalone_exact_mw,503ee55b5ad1b1988379a241a0405811522ee4d50b473755532ad1299cb121e2,"{""distance"":5,""physical_error_rate"":0.0005}","{""detection_events"":592,""detectors_checked"":290528}"
         1,         0,         0,   0.015,standalone_exact_mw,77d802c74222c3324b7f1323f7447c6411ad27be92307b6127e53af575faadca,"{""distance"":5,""physical_error_rate"":0.001}","{""detection_events"":2,""detectors_checked"":224}"
        32,        14,         0,   0.614,standalone_exact_mw,b926cc1d59f2ffa0ec7a93e8795923b3e0543631758e3ab8213cfd69853d790b,"{""distance"":5,""physical_error_rate"":0.2}","{""detection_events"":2540,""detectors_checked"":7168,""obs_mistake_mask=E"":14}"
        32,        12,         0,   0.533,standalone_exact_mw,a2951cb9d6c05a6bf216e8b727426e1a3155bcc703ace3ee8fdcacfd84d170a7,"{""distance"":5,""physical_error_rate"":0.1}","{""detection_events"":1837,""detectors_checked"":7168,""obs_mistake_mask=E"":12}"
      1024,         0,         0,   0.032,standalone_exact_mw,503ee55b5ad1b1988379a241a0405811522ee4d50b473755532ad1299cb121e2,"{""distance"":5,""physical_error_rate"":0.0005}","{""detection_events"":456,""detectors_checked"":229376}"
     11264,         0,         0,   0.297,standalone_exact_mw,cc9149276d16e61a5ac322a1d2048afebd34054fe0ed4879b77eb616628c1148,"{""distance"":5,""physical_error_rate"":0.0001}","{""detection_events"":1038,""detectors_checked"":2523136}"
      2048,         0,         0,   0.084,standalone_exact_mw,29ae76c7f86edcd2f56343e8109d8463cbc736644db4e57527101e2f1c3606c8,"{""distance"":5,""physical_error_rate"":0.0002}","{""detection_events"":381,""detectors_checked"":458752}"
      3072,         0,         0,   0.339,standalone_exact_mw,7bb6e20e48600212890a8c0dbf00c9e78f41358e09b12be0f89e4aae4bc5d684,"{""distance"":5,""physical_error_rate"":0.002}","{""detection_events"":5774,""detectors_checked"":688128}"
        16,         7,         0,   0.332,standalone_exact_mw,116a60cbe496e8e5ed1b799237798a197a37b7e9de7e0dc58034c8e1135b3e40,"{""distance"":5,""physical_error_rate"":0.5}","{""detection_events"":1650,""detectors_checked"":3584,""obs_mistake_mask=E"":7}"
      1024,         0,         0,   0.049,standalone_exact_mw,503ee55b5ad1b1988379a241a0405811522ee4d50b473755532ad1299cb121e2,"{""distance"":5,""physical_error_rate"":0.0005}","{""detection_events"":491,""detectors_checked"":229376}"
        16,         8,         0,   0.333,standalone_exact_mw,116a60cbe496e8e5ed1b799237798a197a37b7e9de7e0dc58034c8e1135b3e40,"{""distance"":5,""physical_error_rate"":0.5}","{""detection_events"":1677,""detectors_checked"":3584,""obs_mistake_mask=E"":8}"
      1296,         0,         0,   0.072,standalone_exact_mw,77d802c74222c3324b7f1323f7447c6411ad27be92307b6127e53af575faadca,"{""distance"":5,""physical_error_rate"":0.001}","{""detection_events"":1193,""detectors_checked"":290304}"
      1024,         0,         0,   0.368,standalone_exact_mw,1a2d9ab41a8a393fdef1a304cd6cd3b39e7654fe1ff27694ddcd7a0d28bf707b,"{""distance"":5,""physical_error_rate"":0.005}","{""detection_events"":4745,""detectors_checked"":229376}"
      1024,         0,         0,   0.031,standalone_exact_mw,503ee55b5ad1b1988379a241a0405811522ee4d50b473755532ad1299cb121e2,"{""distance"":5,""physical_error_rate"":0.0005}","{""detection_events"":466,""detectors_checked"":229376}"
       256,         9,         0,   0.814,standalone_exact_mw,3fbf3739b73dda61f0188bb1f99eaf1ad6be14fe6ea44c0ac8d6c5ad12090cf3,"{""distance"":5,""physical_error_rate"":0.02}","{""detection_events"":4314,""detectors_checked"":57344,""obs_mistake_mask=E"":9}"
        32,        19,         0,   0.666,standalone_exact_mw,116a60cbe496e8e5ed1b799237798a197a37b7e9de7e0dc58034c8e1135b3e40,"{""distance"":5,""physical_error_rate"":0.5}","{""detection_events"":3221,""detectors_checked"":7168,""obs_mistake_mask=E"":19}"
     16384,         0,         0,   0.587,standalone_exact_mw,cc9149276d16e61a5ac322a1d2048afebd34054fe0ed4879b77eb616628c1148,"{""distance"":5,""physical_error_rate"":0.0001}","{""detection_events"":1513,""detectors_checked"":3670016}"
      3072,         0,         0,   0.114,standalone_exact_mw,29ae76c7f86edcd2f56343e8109d8463cbc736644db4e57527101e2f1c3606c8,"{""distance"":5,""physical_error_rate"":0.0002}","{""detection_events"":596,""detectors_checked"":688128}"
      1024,         0,         0,   0.049,standalone_exact_mw,503ee55b5ad1b1988379a241a0405811522ee4d50b473755532ad1299cb121e2,"{""distance"":5,""physical_error_rate"":0.0005}","{""detection_events"":493,""detectors_checked"":229376}"
      4096,         0,         0,   0.228,standalone_exact_mw,503ee55b5ad1b1988379a241a0405811522ee4d50b473755532ad1299cb121e2,"{""distance"":5,""physical_error_rate"":0.0005}","{""detection_events"":1976,""detectors_checked"":917504}"
      1024,         0,         0,   0.080,standalone_exact_mw,77d802c74222c3324b7f1323f7447c6411ad27be92307b6127e53af575faadca,"{""distance"":5,""physical_error_rate"":0.001}","{""detection_events"":977,""detectors_checked"":229376}"
        64,        16,         0,   0.632,standalone_exact_mw,c8b738028fda2b050c9255682a07cc95906733115fc52715e25155705a588b66,"{""distance"":5,""physical_error_rate"":0.05}","{""detection_events"":2272,""detectors_checked"":14336,""obs_mistake_mask=E"":16}"
      6144,         0,         0,   0.420,standalone_exact_mw,77d802c74222c3324b7f1323f7447c6411ad27be92307b6127e53af575faadca,"{""distance"":5,""physical_error_rate"":0.001}","{""detection_events"":5666,""detectors_checked"":1376256}"
       256,         1,         0,   0.315,standalone_exact_mw,d243a1b0b1308c5af35ad4523cb40bd83c282feda5b2af0b0940517b428d54bb,"{""distance"":5,""physical_error_rate"":0.01}","{""detection_events"":2327,""detectors_checked"":57344,""obs_mistake_mask=E"":1}"
     20480,         0,         0,   0.790,standalone_exact_mw,aea10f45e3589e84a00777b800d38e8a3149bd6cb552c409f3bffd718c1a0abf,"{""distance"":5,""physical_error_rate"":5e-05}","{""detection_events"":845,""detectors_checked"":4587520}"
      1024,         0,         0,   0.059,standalone_exact_mw,77d802c74222c3324b7f1323f7447c6411ad27be92307b6127e53af575faadca,"{""distance"":5,""physical_error_rate"":0.001}","{""detection_events"":891,""detectors_checked"":229376}"
      2048,         0,         0,   0.080,standalone_exact_mw,503ee55b5ad1b1988379a241a0405811522ee4d50b473755532ad1299cb121e2,"{""distance"":5,""physical_error_rate"":0.0005}","{""detection_events"":964,""detectors_checked"":458752}"
         1,         0,         0,   0.013,standalone_exact_mw,b926cc1d59f2ffa0ec7a93e8795923b3e0543631758e3ab8213cfd69853d790b,"{""distance"":5,""physical_error_rate"":0.2}","{""detection_events"":85,""detectors_checked"":224}"
      3072,         0,         0,   0.359,standalone_exact_mw,7bb6e20e48600212890a8c0dbf00c9e78f41358e09b12be0f89e4aae4bc5d684,"{""distance"":5,""physical_error_rate"":0.002}","{""detection_events"":5754,""detectors_checked"":688128}"
        32,        18,         0,   0.670,standalone_exact_mw,116a60cbe496e8e5ed1b799237798a197a37b7e9de7e0dc58034c8e1135b3e40,"{""distance"":5,""physical_error_rate"":0.5}","{""detection_events"":3254,""detectors_checked"":7168,""obs_mistake_mask=E"":18}"
         1,         0,         0,   0.015,standalone_exact_mw,1a2d9ab41a8a393fdef1a304cd6cd3b39e7654fe1ff27694ddcd7a0d28bf707b,"{""distance"":5,""physical_error_rate"":0.005}","{""detection_events"":4,""detectors_checked"":224}"
      1024,         0,         0,   0.080,standalone_exact_mw,77d802c74222c3324b7f1323f7447c6411ad27be92307b6127e53af575faadca,"{""distance"":5,""physical_error_rate"":0.001}","{""detection_events"":954,""detectors_checked"":229376}"
      4096,         0,         0,   0.169,standalone_exact_mw,29ae76c7f86edcd2f56343e8109d8463cbc736644db4e57527101e2f1c3606c8,"{""distance"":5,""physical_error_rate"":0.0002}","{""detection_events"":750,""detectors_checked"":917504}"
        32,         5,         0,   0.420,standalone_exact_mw,c8b738028fda2b050c9255682a07cc95906733115fc52715e25155705a588b66,"{""distance"":5,""physical_error_rate"":0.05}","{""detection_events"":1114,""detectors_checked"":7168,""obs_mistake_mask=E"":5}"
       272,         0,         0,   0.061,standalone_exact_mw,1a2d9ab41a8a393fdef1a304cd6cd3b39e7654fe1ff27694ddcd7a0d28bf707b,"{""distance"":5,""physical_error_rate"":0.005}","{""detection_events"":1242,""detectors_checked"":60928}"
       128,         2,         0,   0.486,standalone_exact_mw,3fbf3739b73dda61f0188bb1f99eaf1ad6be14fe6ea44c0ac8d6c5ad12090cf3,"{""distance"":5,""physical_error_rate"":0.02}","{""detection_events"":2077,""detectors_checked"":28672,""obs_mistake_mask=E"":2}"
      3072,         0,         0,   0.111,standalone_exact_mw,503ee55b5ad1b1988379a241a0405811522ee4d50b473755532ad1299cb121e2,"{""distance"":5,""physical_error_rate"":0.0005}","{""detection_events"":1378,""detectors_checked"":688128}"
      5120,         0,         0,   0.508,standalone_exact_mw,7bb6e20e48600212890a8c0dbf00c9e78f41358e09b12be0f89e4aae4bc5d684,"{""distance"":5,""physical_error_rate"":0.002}","{""detection_events"":9323,""detectors_checked"":1146880}"
       128,         2,         0,   0.440,standalone_exact_mw,3fbf3739b73dda61f0188bb1f99eaf1ad6be14fe6ea44c0ac8d6c5ad12090cf3,"{""distance"":5,""physical_error_rate"":0.02}","{""detection_events"":2250,""detectors_checked"":28672,""obs_mistake_mask=E"":2}"
       128,         0,         0,   0.538,standalone_exact_mw,3fbf3739b73dda61f0188bb1f99eaf1ad6be14fe6ea44c0ac8d6c5ad12090cf3,"{""distance"":5,""physical_error_rate"":0.02}","{""detection_events"":2030,""detectors_checked"":28672}"
      1024,         0,         0,   0.085,standalone_exact_mw,77d802c74222c3324b7f1323f7447c6411ad27be92307b6127e53af575faadca,"{""distance"":5,""physical_error_rate"":0.001}","{""detection_events"":1006,""detectors_checked"":229376}"
        32,         8,         0,   0.534,standalone_exact_mw,a2951cb9d6c05a6bf216e8b727426e1a3155bcc703ace3ee8fdcacfd84d170a7,"{""distance"":5,""physical_error_rate"":0.1}","{""detection_events"":1883,""detectors_checked"":7168,""obs_mistake_mask=E"":8}"
        16,         9,         0,   0.335,standalone_exact_mw,116a60cbe496e8e5ed1b799237798a197a37b7e9de7e0dc58034c8e1135b3e40,"{""distance"":5,""physical_error_rate"":0.5}","{""detection_events"":1654,""detectors_checked"":3584,""obs_mistake_mask=E"":9}"
       512,         4,         0,   0.500,standalone_exact_mw,d243a1b0b1308c5af35ad4523cb40bd83c282feda5b2af0b0940517b428d54bb,"{""distance"":5,""physical_error_rate"":0.01}","{""detection_events"":4288,""detectors_checked"":114688,""obs_mistake_mask=E"":4}"
        32,        10,         0,   0.560,standalone_exact_mw,a2951cb9d6c05a6bf216e8b727426e1a3155bcc703ace3ee8fdcacfd84d170a7,"{""distance"":5,""physical_error_rate"":0.1}","{""detection_events"":1853,""detectors_checked"":7168,""obs_mistake_mask=E"":10}"
       512,         2,         0,   0.438,standalone_exact_mw,d243a1b0b1308c5af35ad4523cb40bd83c282feda5b2af0b0940517b428d54bb,"{""distance"":5,""physical_error_rate"":0.01}","{""detection_events"":4541,""detectors_checked"":114688,""obs_mistake_mask=E"":2}"
       256,         1,         0,   0.208,standalone_exact_mw,d243a1b0b1308c5af35ad4523cb40bd83c282feda5b2af0b0940517b428d54bb,"{""distance"":5,""physical_error_rate"":0.01}","{""detection_events"":2337,""detectors_checked"":57344,""obs_mistake_mask=E"":1}"
     15360,         0,         0,   0.405,standalone_exact_mw,cc9149276d16e61a5ac322a1d2048afebd34054fe0ed4879b77eb616628c1148,"{""distance"":5,""physical_error_rate"":0.0001}","{""detection_events"":1473,""detectors_checked"":3440640}"
        32,        11,         0,   0.533,standalone_exact_mw,a2951cb9d6c05a6bf216e8b727426e1a3155bcc703ace3ee8fdcacfd84d170a7,"{""distance"":5,""physical_error_rate"":0.1}","{""detection_events"":1814,""detectors_checked"":7168,""obs_mistake_mask=E"":11}"
        17,         0,         0,   0.010,standalone_exact_mw,aea10f45e3589e84a00777b800d38e8a3149bd6cb552c409f3bffd718c1a0abf,"{""distance"":5,""physical_error_rate"":5e-05}","{""detectors_checked"":3808}"
        32,        13,         0,   0.613,standalone_exact_mw,b926cc1d59f2ffa0ec7a93e8795923b3e0543631758e3ab8213cfd69853d790b,"{""distance"":5,""physical_error_rate"":0.2}","{""detection_events"":2597,""detectors_checked"":7168,""obs_mistake_mask=E"":13}"
      3072,         0,         0,   0.112,standalone_exact_mw,503ee55b5ad1b1988379a241a0405811522ee4d50b473755532ad1299cb121e2,"{""distance"":5,""physical_error_rate"":0.0005}","{""detection_events"":1381,""detectors_checked"":688128}"
      6144,         0,         0,   0.308,standalone_exact_mw,503ee55b5ad1b1988379a241a0405811522ee4d50b473755532ad1299cb121e2,"{""distance"":5,""physical_error_rate"":0.0005}","{""detection_events"":3082,""detectors_checked"":1376256}"
      8192,         0,         0,   0.589,standalone_exact_mw,77d802c74222c3324b7f1323f7447c6411ad27be92307b6127e53af575faadca,"{""distance"":5,""physical_error_rate"":0.001}","{""detection_events"":7471,""detectors_checked"":1835008}"
      1280,         0,         0,   0.023,standalone_exact_mw,aea10f45e3589e84a00777b800d38e8a3149bd6cb552c409f3bffd718c1a0abf,"{""distance"":5,""physical_error_rate"":5e-05}","{""detection_events"":64,""detectors_checked"":286720}"
      1024,         0,         0,   0.085,standalone_exact_mw,77d802c74222c3324b7f1323f7447c6411ad27be92307b6127e53af575faadca,"{""distance"":5,""physical_error_rate"":0.001}","{""detection_events"":993,""detectors_checked"":229376}"
        16,         6,         0,   0.222,standalone_exact_mw,b926cc1d59f2ffa0ec7a93e8795923b3e0543631758e3ab8213cfd69853d790b,"{""distance"":5,""physical_error_rate"":0.2}","{""detection_events"":1282,""detectors_checked"":3584,""obs_mistake_mask=E"":6}"
        32,        19,         0,   0.557,standalone_exact_mw,a2951cb9d6c05a6bf216e8b727426e1a3155bcc703ace3ee8fdcacfd84d170a7,"{""distance"":5,""physical_error_rate"":0.1}","{""detection_events"":1815,""detectors_checked"":7168,""obs_mistake_mask=E"":19}"
      4096,         0,         0,   0.445,standalone_exact_mw,7bb6e20e48600212890a8c0dbf00c9e78f41358e09b12be0f89e4aae4bc5d684,"{""distance"":5,""physical_error_rate"":0.002}","{""detection_events"":7650,""detectors_checked"":917504}"
      1024,         0,         0,   0.027,standalone_exact_mw,aea10f45e3589e84a00777b800d38e8a3149bd6cb552c409f3bffd718c1a0abf,"{""distance"":5,""physical_error_rate"":5e-05}","{""detection_events"":35,""detectors_checked"":229376}"
       273,         0,         0,   0.011,standalone_exact_mw,aea10f45e3589e84a00777b800d38e8a3149bd6cb552c409f3bffd718c1a0abf,"{""distance"":5,""physical_error_rate"":5e-05}","{""detection_events"":15,""detectors_checked"":61152}"
      5120,         0,         0,   0.217,standalone_exact_mw,29ae76c7f86edcd2f56343e8109d8463cbc736644db4e57527101e2f1c3606c8,"{""distance"":5,""physical_error_rate"":0.0002}","{""detection_events"":1006,""detectors_checked"":1146880}"
      2048,         0,         0,   0.054,standalone_exact_mw,aea10f45e3589e84a00777b800d38e8a3149bd6cb552c409f3bffd718c1a0abf,"{""distance"":5,""physical_error_rate"":5e-05}","{""detection_events"":128,""detectors_checked"":458752}"
      1024,         0,         0,   0.029,standalone_exact_mw,aea10f45e3589e84a00777b800d38e8a3149bd6cb552c409f3bffd718c1a0abf,"{""distance"":5,""physical_error_rate"":5e-05}","{""detection_events"":48,""detectors_checked"":229376}"
        32,        11,         0,   0.562,standalone_exact_mw,a2951cb9d6c05a6bf216e8b727426e1a3155bcc703ace3ee8fdcacfd84d170a7,"{""distance"":5,""physical_error_rate"":0.1}","{""detection_events"":1849,""detectors_checked"":7168,""obs_mistake_mask=E"":11}"
      2048,         0,         0,   0.053,standalone_exact_mw,aea10f45e3589e84a00777b800d38e8a3149bd6cb552c409f3bffd718c1a0abf,"{""distance"":5,""physical_error_rate"":5e-05}","{""detection_events"":68,""detectors_checked"":458752}"
      1024,         0,         0,   0.051,standalone_exact_mw,aea10f45e3589e84a00777b800d38e8a3149bd6cb552c409f3bffd718c1a0abf,"{""distance"":5,""physical_error_rate"":5e-05}","{""detection_events"":57,""detectors_checked"":229376}"
      4096,         0,         0,   0.163,standalone_exact_mw,503ee55b5ad1b1988379a241a0405811522ee4d50b473755532ad1299cb121e2,"{""distance"":5,""physical_error_rate"":0.0005}","{""detection_events"":1938,""detectors_checked"":917504}"
        32,        16,         0,   0.612,standalone_exact_mw,b926cc1d59f2ffa0ec7a93e8795923b3e0543631758e3ab8213cfd69853d790b,"{""distance"":5,""physical_error_rate"":0.2}","{""detection_events"":2547,""detectors_checked"":7168,""obs_mistake_mask=E"":16}"
      1024,         0,         0,   0.030,standalone_exact_mw,aea10f45e3589e84a00777b800d38e8a3149bd6cb552c409f3bffd718c1a0abf,"{""distance"":5,""physical_error_rate"":5e-05}","{""detection_events"":60,""detectors_checked"":229376}"
      2048,         0,         0,   0.169,standalone_exact_mw,77d802c74222c3324b7f1323f7447c6411ad27be92307b6127e53af575faadca,"{""distance"":5,""physical_error_rate"":0.001}","{""detection_events"":1954,""detectors_checked"":458752}"
      3072,         0,         0,   0.080,standalone_exact_mw,aea10f45e3589e84a00777b800d38e8a3149bd6cb552c409f3bffd718c1a0abf,"{""distance"":5,""physical_error_rate"":5e-05}","{""detection_events"":175,""detectors_checked"":688128}"
     25600,         0,         0,    1.11,standalone_exact_mw,29ae76c7f86edcd2f56343e8109d8463cbc736644db4e57527101e2f1c3606c8,"{""distance"":5,""physical_error_rate"":0.0002}","{""detection_events"":4946,""detectors_checked"":5734400}"
      4096,         0,         0,   0.435,standalone_exact_mw,7bb6e20e48600212890a8c0dbf00c9e78f41358e09b12be0f89e4aae4bc5d684,"{""distance"":5,""physical_error_rate"":0.002}","{""detection_events"":7387,""detectors_checked"":917504}"
      2048,         0,         0,   0.060,standalone_exact_mw,aea10f45e3589e84a00777b800d38e8a3149bd6cb552c409f3bffd718c1a0abf,"{""distance"":5,""physical_error_rate"":5e-05}","{""detection_events"":91,""detectors_checked"":458752}"
      1024,         1,         0,   0.399,standalone_exact_mw,1a2d9ab41a8a393fdef1a304cd6cd3b39e7654fe1ff27694ddcd7a0d28bf707b,"{""distance"":5,""physical_error_rate"":0.005}","{""detection_events"":4750,""detectors_checked"":229376,""obs_mistake_mask=E"":1}"
     14336,         0,         0,   0.812,standalone_exact_mw,77d802c74222c3324b7f1323f7447c6411ad27be92307b6127e53af575faadca,"{""distance"":5,""physical_error_rate"":0.001}","{""detection_events"":13540,""detectors_checked"":3211264}"
      3072,         0,         0,   0.079,standalone_exact_mw,aea10f45e3589e84a00777b800d38e8a3149bd6cb552c409f3bffd718c1a0abf,"{""distance"":5,""physical_error_rate"":5e-05}","{""detection_events"":119,""detectors_checked"":688128}"
     90112,         0,         0,    1.53,standalone_exact_mw,aea10f45e3589e84a00777b800d38e8a3149bd6cb552c409f3bffd718c1a0abf,"{""distance"":5,""physical_error_rate"":5e-05}","{""detection_events"":4344,""detectors_checked"":20185088}"
        16,         9,         0,   0.357,standalone_exact_mw,116a60cbe496e8e5ed1b799237798a197a37b7e9de7e0dc58034c8e1135b3e40,"{""distance"":5,""physical_error_rate"":0.5}","{""detection_events"":1598,""detectors_checked"":3584,""obs_mistake_mask=E"":9}"
        32,        12,         0,   0.688,standalone_exact_mw,116a60cbe496e8e5ed1b799237798a197a37b7e9de7e0dc58034c8e1135b3e40,"{""distance"":5,""physical_error_rate"":0.5}","{""detection_events"":3296,""detectors_checked"":7168,""obs_mistake_mask=E"":12}"
        32,         5,         0,   0.423,standalone_exact_mw,c8b738028fda2b050c9255682a07cc95906733115fc52715e25155705a588b66,"{""distance"":5,""physical_error_rate"":0.05}","{""detection_events"":1109,""detectors_checked"":7168,""obs_mistake_mask=E"":5}"
      2048,         0,         0,   0.080,standalone_exact_mw,aea10f45e3589e84a00777b800d38e8a3149bd6cb552c409f3bffd718c1a0abf,"{""distance"":5,""physical_error_rate"":5e-05}","{""detection_events"":102,""detectors_checked"":458752}"
      7168,         0,         0,   0.864,standalone_exact_mw,7bb6e20e48600212890a8c0dbf00c9e78f41358e09b12be0f89e4aae4bc5d684,"{""distance"":5,""physical_error_rate"":0.002}","{""detection_events"":13324,""detectors_checked"":1605632}"
        32,        16,         0,   0.671,standalone_exact_mw,116a60cbe496e8e5ed1b799237798a197a37b7e9de7e0dc58034c8e1135b3e40,"{""distance"":5,""physical_error_rate"":0.5}","{""detection_events"":3257,""detectors_checked"":7168,""obs_mistake_mask=E"":16}"
        64,        13,         0,   0.631,standalone_exact_mw,c8b738028fda2b050c9255682a07cc95906733115fc52715e25155705a588b66,"{""distance"":5,""physical_error_rate"":0.05}","{""detection_events"":2289,""detectors_checked"":14336,""obs_mistake_mask=E"":13}"
         1,         0,         0,   0.019,standalone_exact_mw,c8b738028fda2b050c9255682a07cc95906733115fc52715e25155705a588b66,"{""distance"":5,""physical_error_rate"":0.05}","{""detection_events"":38,""detectors_checked"":224}"
       128,         1,         0,   0.478,standalone_exact_mw,3fbf3739b73dda61f0188bb1f99eaf1ad6be14fe6ea44c0ac8d6c5ad12090cf3,"{""distance"":5,""physical_error_rate"":0.02}","{""detection_events"":2241,""detectors_checked"":28672,""obs_mistake_mask=E"":1}"
       273,         1,         0,   0.294,standalone_exact_mw,d243a1b0b1308c5af35ad4523cb40bd83c282feda5b2af0b0940517b428d54bb,"{""distance"":5,""physical_error_rate"":0.01}","{""detection_events"":2334,""detectors_checked"":61152,""obs_mistake_mask=E"":1}"
      9216,         0,         0,   0.636,standalone_exact_mw,77d802c74222c3324b7f1323f7447c6411ad27be92307b6127e53af575faadca,"{""distance"":5,""physical_error_rate"":0.001}","{""detection_events"":8488,""detectors_checked"":2064384}"
       512,         0,         0,   0.407,standalone_exact_mw,d243a1b0b1308c5af35ad4523cb40bd83c282feda5b2af0b0940517b428d54bb,"{""distance"":5,""physical_error_rate"":0.01}","{""detection_events"":4651,""detectors_checked"":114688}"
       512,         4,         0,   0.440,standalone_exact_mw,d243a1b0b1308c5af35ad4523cb40bd83c282feda5b2af0b0940517b428d54bb,"{""distance"":5,""physical_error_rate"":0.01}","{""detection_events"":4663,""detectors_checked"":114688,""obs_mistake_mask=E"":4}"
       128,        23,         0,    1.57,standalone_exact_mw,c8b738028fda2b050c9255682a07cc95906733115fc52715e25155705a588b66,"{""distance"":5,""physical_error_rate"":0.05}","{""detection_events"":4429,""detectors_checked"":28672,""obs_mistake_mask=E"":23}"
      3072,         0,         0,   0.222,standalone_exact_mw,77d802c74222c3324b7f1323f7447c6411ad27be92307b6127e53af575faadca,"{""distance"":5,""physical_error_rate"":0.001}","{""detection_events"":2783,""detectors_checked"":688128}"
      2048,         3,         0,   0.781,standalone_exact_mw,1a2d9ab41a8a393fdef1a304cd6cd3b39e7654fe1ff27694ddcd7a0d28bf707b,"{""distance"":5,""physical_error_rate"":0.005}","{""detection_events"":9243,""detectors_checked"":458752,""obs_mistake_mask=E"":3}"
      8192,         0,         0,   0.334,standalone_exact_mw,29ae76c7f86edcd2f56343e8109d8463cbc736644db4e57527101e2f1c3606c8,"{""distance"":5,""physical_error_rate"":0.0002}","{""detection_events"":1586,""detectors_checked"":1835008}"
      5120,         0,         0,   0.252,standalone_exact_mw,503ee55b5ad1b1988379a241a0405811522ee4d50b473755532ad1299cb121e2,"{""distance"":5,""physical_error_rate"":0.0005}","{""detection_events"":2369,""detectors_checked"":1146880}"
       256,         7,         0,   0.751,standalone_exact_mw,3fbf3739b73dda61f0188bb1f99eaf1ad6be14fe6ea44c0ac8d6c5ad12090cf3,"{""distance"":5,""physical_error_rate"":0.02}","{""detection_events"":4419,""detectors_checked"":57344,""obs_mistake_mask=E"":7}"
      8192,         0,         0,   0.421,standalone_exact_mw,503ee55b5ad1b1988379a241a0405811522ee4d50b473755532ad1299cb121e2,"{""distance"":5,""physical_error_rate"":0.0005}","{""detection_events"":3704,""detectors_checked"":1835008}"
      3072,         0,         0,   0.110,standalone_exact_mw,aea10f45e3589e84a00777b800d38e8a3149bd6cb552c409f3bffd718c1a0abf,"{""distance"":5,""physical_error_rate"":5e-05}","{""detection_events"":192,""detectors_checked"":688128}"
      4096,         0,         0,   0.111,standalone_exact_mw,aea10f45e3589e84a00777b800d38e8a3149bd6cb552c409f3bffd718c1a0abf,"{""distance"":5,""physical_error_rate"":5e-05}","{""detection_events"":187,""detectors_checked"":917504}"
       128,         3,         0,   0.535,standalone_exact_mw,3fbf3739b73dda61f0188bb1f99eaf1ad6be14fe6ea44c0ac8d6c5ad12090cf3,"{""distance"":5,""physical_error_rate"":0.02}","{""detection_events"":2016,""detectors_checked"":28672,""obs_mistake_mask=E"":3}"
       512,         1,         0,   0.488,standalone_exact_mw,d243a1b0b1308c5af35ad4523cb40bd83c282feda5b2af0b0940517b428d54bb,"{""distance"":5,""physical_error_rate"":0.01}","{""detection_events"":4442,""detectors_checked"":114688,""obs_mistake_mask=E"":1}"
        32,        15,         0,   0.650,standalone_exact_mw,116a60cbe496e8e5ed1b799237798a197a37b7e9de7e0dc58034c8e1135b3e40,"{""distance"":5,""physical_error_rate"":0.5}","{""detection_events"":3235,""detectors_checked"":7168,""obs_mistake_mask=E"":15}"
      6144,         0,         0,   0.604,standalone_exact_mw,7bb6e20e48600212890a8c0dbf00c9e78f41358e09b12be0f89e4aae4bc5d684,"{""distance"":5,""physical_error_rate"":0.002}","{""detection_events"":11205,""detectors_checked"":1376256}"
        32,        12,         0,   0.484,standalone_exact_mw,b926cc1d59f2ffa0ec7a93e8795923b3e0543631758e3ab8213cfd69853d790b,"{""distance"":5,""physical_error_rate"":0.2}","{""detection_events"":2636,""detectors_checked"":7168,""obs_mistake_mask=E"":12}"
        32,        17,         0,   0.565,standalone_exact_mw,a2951cb9d6c05a6bf216e8b727426e1a3155bcc703ace3ee8fdcacfd84d170a7,"{""distance"":5,""physical_error_rate"":0.1}","{""detection_events"":1866,""detectors_checked"":7168,""obs_mistake_mask=E"":17}"
     78848,         0,         0,    3.07,standalone_exact_mw,503ee55b5ad1b1988379a241a0405811522ee4d50b473755532ad1299cb121e2,"{""distance"":5,""physical_error_rate"":0.0005}","{""detection_events"":36232,""detectors_checked"":17661952}"
        32,        13,         0,   0.560,standalone_exact_mw,a2951cb9d6c05a6bf216e8b727426e1a3155bcc703ace3ee8fdcacfd84d170a7,"{""distance"":5,""physical_error_rate"":0.1}","{""detection_events"":1907,""detectors_checked"":7168,""obs_mistake_mask=E"":13}"
     31744,         0,         0,    1.15,standalone_exact_mw,cc9149276d16e61a5ac322a1d2048afebd34054fe0ed4879b77eb616628c1148,"{""distance"":5,""physical_error_rate"":0.0001}","{""detection_events"":2959,""detectors_checked"":7110656}"
       273,         0,         0,   0.010,standalone_exact_mw,503ee55b5ad1b1988379a241a0405811522ee4d50b473755532ad1299cb121e2,"{""distance"":5,""physical_error_rate"":0.0005}","{""detection_events"":124,""detectors_checked"":61152}"
        32,        19,         0,   0.543,standalone_exact_mw,a2951cb9d6c05a6bf216e8b727426e1a3155bcc703ace3ee8fdcacfd84d170a7,"{""distance"":5,""physical_error_rate"":0.1}","{""detection_events"":1856,""detectors_checked"":7168,""obs_mistake_mask=E"":19}"
     18432,         0,         0,   0.821,standalone_exact_mw,cc9149276d16e61a5ac322a1d2048afebd34054fe0ed4879b77eb616628c1148,"{""distance"":5,""physical_error_rate"":0.0001}","{""detection_events"":1640,""detectors_checked"":4128768}"
      1024,         0,         0,   0.279,standalone_exact_mw,1a2d9ab41a8a393fdef1a304cd6cd3b39e7654fe1ff27694ddcd7a0d28bf707b,"{""distance"":5,""physical_error_rate"":0.005}","{""detection_events"":4556,""detectors_checked"":229376}"
      4096,         0,         0,   0.139,standalone_exact_mw,aea10f45e3589e84a00777b800d38e8a3149bd6cb552c409f3bffd718c1a0abf,"{""distance"":5,""physical_error_rate"":5e-05}","{""detection_events"":187,""detectors_checked"":917504}"
      1024,         0,         0,   0.048,standalone_exact_mw,503ee55b5ad1b1988379a241a0405811522ee4d50b473755532ad1299cb121e2,"{""distance"":5,""physical_error_rate"":0.0005}","{""detection_events"":430,""detectors_checked"":229376}"
        32,        11,         0,   0.556,standalone_exact_mw,a2951cb9d6c05a6bf216e8b727426e1a3155bcc703ace3ee8fdcacfd84d170a7,"{""distance"":5,""physical_error_rate"":0.1}","{""detection_events"":1804,""detectors_checked"":7168,""obs_mistake_mask=E"":11}"
       128,         3,         0,   0.699,standalone_exact_mw,3fbf3739b73dda61f0188bb1f99eaf1ad6be14fe6ea44c0ac8d6c5ad12090cf3,"{""distance"":5,""physical_error_rate"":0.02}","{""detection_events"":2265,""detectors_checked"":28672,""obs_mistake_mask=E"":3}"
     21504,         0,         0,   0.612,standalone_exact_mw,cc9149276d16e61a5ac322a1d2048afebd34054fe0ed4879b77eb616628c1148,"{""distance"":5,""physical_error_rate"":0.0001}","{""detection_events"":2199,""detectors_checked"":4816896}"
        32,        19,         0,   0.603,standalone_exact_mw,b926cc1d59f2ffa0ec7a93e8795923b3e0543631758e3ab8213cfd69853d790b,"{""distance"":5,""physical_error_rate"":0.2}","{""detection_events"":2656,""detectors_checked"":7168,""obs_mistake_mask=E"":19}"
        16,         5,         0,   0.301,standalone_exact_mw,116a60cbe496e8e5ed1b799237798a197a37b7e9de7e0dc58034c8e1135b3e40,"{""distance"":5,""physical_error_rate"":0.5}","{""detection_events"":1619,""detectors_checked"":3584,""obs_mistake_mask=E"":5}"
      1024,         0,         0,   0.055,standalone_exact_mw,503ee55b5ad1b1988379a241a0405811522ee4d50b473755532ad1299cb121e2,"{""distance"":5,""physical_error_rate"":0.0005}","{""detection_events"":479,""detectors_checked"":229376}"
      3072,         0,         0,   0.224,standalone_exact_mw,77d802c74222c3324b7f1323f7447c6411ad27be92307b6127e53af575faadca,"{""distance"":5,""physical_error_rate"":0.001}","{""detection_events"":2860,""detectors_checked"":688128}"
      5120,         0,         0,   0.189,standalone_exact_mw,aea10f45e3589e84a00777b800d38e8a3149bd6cb552c409f3bffd718c1a0abf,"{""distance"":5,""physical_error_rate"":5e-05}","{""detection_events"":260,""detectors_checked"":1146880}"
       256,         2,         0,    1.16,standalone_exact_mw,3fbf3739b73dda61f0188bb1f99eaf1ad6be14fe6ea44c0ac8d6c5ad12090cf3,"{""distance"":5,""physical_error_rate"":0.02}","{""detection_events"":4331,""detectors_checked"":57344,""obs_mistake_mask=E"":2}"
        32,         4,         0,   0.358,standalone_exact_mw,c8b738028fda2b050c9255682a07cc95906733115fc52715e25155705a588b66,"{""distance"":5,""physical_error_rate"":0.05}","{""detection_events"":1168,""detectors_checked"":7168,""obs_mistake_mask=E"":4}"
      1024,         0,         0,   0.030,standalone_exact_mw,503ee55b5ad1b1988379a241a0405811522ee4d50b473755532ad1299cb121e2,"{""distance"":5,""physical_error_rate"":0.0005}","{""detection_events"":459,""detectors_checked"":229376}"
         1,         0,         0,   0.012,standalone_exact_mw,b926cc1d59f2ffa0ec7a93e8795923b3e0543631758e3ab8213cfd69853d790b,"{""distance"":5,""physical_error_rate"":0.2}","{""detection_events"":72,""detectors_checked"":224}"
     45056,         0,         0,    1.50,standalone_exact_mw,cc9149276d16e61a5ac322a1d2048afebd34054fe0ed4879b77eb616628c1148,"{""distance"":5,""physical_error_rate"":0.0001}","{""detection_events"":4166,""detectors_checked"":10092544}"
        32,        17,         0,   0.570,standalone_exact_mw,a2951cb9d6c05a6bf216e8b727426e1a3155bcc703ace3ee8fdcacfd84d170a7,"{""distance"":5,""physical_error_rate"":0.1}","{""detection_events"":1819,""detectors_checked"":7168,""obs_mistake_mask=E"":17}"
        16,         2,         0,   0.336,standalone_exact_mw,c8b738028fda2b050c9255682a07cc95906733115fc52715e25155705a588b66,"{""distance"":5,""physical_error_rate"":0.05}","{""detection_events"":551,""detectors_checked"":3584,""obs_mistake_mask=E"":2}"
      5120,         0,         0,   0.156,standalone_exact_mw,aea10f45e3589e84a00777b800d38e8a3149bd6cb552c409f3bffd718c1a0abf,"{""distance"":5,""physical_error_rate"":5e-05}","{""detection_events"":220,""detectors_checked"":1146880}"
      6144,         1,         0,   0.700,standalone_exact_mw,7bb6e20e48600212890a8c0dbf00c9e78f41358e09b12be0f89e4aae4bc5d684,"{""distance"":5,""physical_error_rate"":0.002}","{""detection_events"":11459,""detectors_checked"":1376256,""obs_mistake_mask=E"":1}"
      1024,         0,         0,   0.036,standalone_exact_mw,503ee55b5ad1b1988379a241a0405811522ee4d50b473755532ad1299cb121e2,"{""distance"":5,""physical_error_rate"":0.0005}","{""detection_events"":533,""detectors_checked"":229376}"
      6144,         0,         0,   0.333,standalone_exact_mw,503ee55b5ad1b1988379a241a0405811522ee4d50b473755532ad1299cb121e2,"{""distance"":5,""physical_error_rate"":0.0005}","{""detection_events"":2805,""detectors_checked"":1376256}"
     10240,         7,         0,    3.37,standalone_exact_mw,1a2d9ab41a8a393fdef1a304cd6cd3b39e7654fe1ff27694ddcd7a0d28bf707b,"{""distance"":5,""physical_error_rate"":0.005}","{""detection_events"":46711,""detectors_checked"":2293760,""obs_mistake_mask=E"":7}"
      1024,         0,         0,   0.055,standalone_exact_mw,503ee55b5ad1b1988379a241a0405811522ee4d50b473755532ad1299cb121e2,"{""distance"":5,""physical_error_rate"":0.0005}","{""detection_events"":478,""detectors_checked"":229376}"
        32,        18,         0,   0.613,standalone_exact_mw,b926cc1d59f2ffa0ec7a93e8795923b3e0543631758e3ab8213cfd69853d790b,"{""distance"":5,""physical_error_rate"":0.2}","{""detection_events"":2572,""detectors_checked"":7168,""obs_mistake_mask=E"":18}"
      1024,         1,         0,   0.279,standalone_exact_mw,1a2d9ab41a8a393fdef1a304cd6cd3b39e7654fe1ff27694ddcd7a0d28bf707b,"{""distance"":5,""physical_error_rate"":0.005}","{""detection_events"":4629,""detectors_checked"":229376,""obs_mistake_mask=E"":1}"
      6144,         0,         0,   0.177,standalone_exact_mw,aea10f45e3589e84a00777b800d38e8a3149bd6cb552c409f3bffd718c1a0abf,"{""distance"":5,""physical_error_rate"":5e-05}","{""detection_events"":326,""detectors_checked"":1376256}"
        17,         1,         0,   0.183,standalone_exact_mw,c8b738028fda2b050c9255682a07cc95906733115fc52715e25155705a588b66,"{""distance"":5,""physical_error_rate"":0.05}","{""detection_events"":527,""detectors_checked"":3808,""obs_mistake_mask=E"":1}"
     11264,         0,         0,   0.448,standalone_exact_mw,29ae76c7f86edcd2f56343e8109d8463cbc736644db4e57527101e2f1c3606c8,"{""distance"":5,""physical_error_rate"":0.0002}","{""detection_events"":2104,""detectors_checked"":2523136}"
     11264,         0,         0,   0.843,standalone_exact_mw,77d802c74222c3324b7f1323f7447c6411ad27be92307b6127e53af575faadca,"{""distance"":5,""physical_error_rate"":0.001}","{""detection_events"":10343,""detectors_checked"":2523136}"
      6144,         0,         0,   0.640,standalone_exact_mw,7bb6e20e48600212890a8c0dbf00c9e78f41358e09b12be0f89e4aae4bc5d684,"{""distance"":5,""physical_error_rate"":0.002}","{""detection_events"":11263,""detectors_checked"":1376256}"
      2048,         0,         0,   0.109,standalone_exact_mw,503ee55b5ad1b1988379a241a0405811522ee4d50b473755532ad1299cb121e2,"{""distance"":5,""physical_error_rate"":0.0005}","{""detection_events"":923,""detectors_checked"":458752}"
       512,         1,         0,   0.530,standalone_exact_mw,d243a1b0b1308c5af35ad4523cb40bd83c282feda5b2af0b0940517b428d54bb,"{""distance"":5,""physical_error_rate"":0.01}","{""detection_events"":4364,""detectors_checked"":114688,""obs_mistake_mask=E"":1}"
     23552,         0,         0,    1.15,standalone_exact_mw,aea10f45e3589e84a00777b800d38e8a3149bd6cb552c409f3bffd718c1a0abf,"{""distance"":5,""physical_error_rate"":5e-05}","{""detection_events"":948,""detectors_checked"":5275648}"
        32,        21,         0,   0.586,standalone_exact_mw,116a60cbe496e8e5ed1b799237798a197a37b7e9de7e0dc58034c8e1135b3e40,"{""distance"":5,""physical_error_rate"":0.5}","{""detection_events"":3224,""detectors_checked"":7168,""obs_mistake_mask=E"":21}"
        32,        20,         0,   0.438,standalone_exact_mw,b926cc1d59f2ffa0ec7a93e8795923b3e0543631758e3ab8213cfd69853d790b,"{""distance"":5,""physical_error_rate"":0.2}","{""detection_events"":2549,""detectors_checked"":7168,""obs_mistake_mask=E"":20}"
       128,         3,         0,   0.572,standalone_exact_mw,3fbf3739b73dda61f0188bb1f99eaf1ad6be14fe6ea44c0ac8d6c5ad12090cf3,"{""distance"":5,""physical_error_rate"":0.02}","{""detection_events"":2132,""detectors_checked"":28672,""obs_mistake_mask=E"":3}"
        16,         9,         0,   0.328,standalone_exact_mw,116a60cbe496e8e5ed1b799237798a197a37b7e9de7e0dc58034c8e1135b3e40,"{""distance"":5,""physical_error_rate"":0.5}","{""detection_events"":1615,""detectors_checked"":3584,""obs_mistake_mask=E"":9}"
      7168,         0,         0,   0.248,standalone_exact_mw,aea10f45e3589e84a00777b800d38e8a3149bd6cb552c409f3bffd718c1a0abf,"{""distance"":5,""physical_error_rate"":5e-05}","{""detection_events"":334,""detectors_checked"":1605632}"
        32,        18,         0,   0.648,standalone_exact_mw,116a60cbe496e8e5ed1b799237798a197a37b7e9de7e0dc58034c8e1135b3e40,"{""distance"":5,""physical_error_rate"":0.5}","{""detection_events"":3200,""detectors_checked"":7168,""obs_mistake_mask=E"":18}"
        16,        10,         0,   0.304,standalone_exact_mw,b926cc1d59f2ffa0ec7a93e8795923b3e0543631758e3ab8213cfd69853d790b,"{""distance"":5,""physical_error_rate"":0.2}","{""detection_events"":1246,""detectors_checked"":3584,""obs_mistake_mask=E"":10}"
      5120,         0,         0,   0.334,standalone_exact_mw,77d802c74222c3324b7f1323f7447c6411ad27be92307b6127e53af575faadca,"{""distance"":5,""physical_error_rate"":0.001}","{""detection_events"":4683,""detectors_checked"":1146880}"
        64,        11,         0,   0.644,standalone_exact_mw,c8b738028fda2b050c9255682a07cc95906733115fc52715e25155705a588b66,"{""distance"":5,""physical_error_rate"":0.05}","{""detection_events"":2442,""detectors_checked"":14336,""obs_mistake_mask=E"":11}"
       128,         1,         0,   0.559,standalone_exact_mw,3fbf3739b73dda61f0188bb1f99eaf1ad6be14fe6ea44c0ac8d6c5ad12090cf3,"{""distance"":5,""physical_error_rate"":0.02}","{""detection_events"":2098,""detectors_checked"":28672,""obs_mistake_mask=E"":1}"
     11264,         0,         0,   0.582,standalone_exact_mw,503ee55b5ad1b1988379a241a0405811522ee4d50b473755532ad1299cb121e2,"{""distance"":5,""physical_error_rate"":0.0005}","{""detection_events"":5107,""detectors_checked"":2523136}"
      2048,         0,         0,   0.115,standalone_exact_mw,503ee55b5ad1b1988379a241a0405811522ee4d50b473755532ad1299cb121e2,"{""distance"":5,""physical_error_rate"":0.0005}","{""detection_events"":1026,""detectors_checked"":458752}"
    171008,         0,         0,    4.26,standalone_exact_mw,aea10f45e3589e84a00777b800d38e8a3149bd6cb552c409f3bffd718c1a0abf,"{""distance"":5,""physical_error_rate"":5e-05}","{""detection_events"":7950,""detectors_checked"":38305792}"
      2048,         0,         0,   0.615,standalone_exact_mw,1a2d9ab41a8a393fdef1a304cd6cd3b39e7654fe1ff27694ddcd7a0d28bf707b,"{""distance"":5,""physical_error_rate"":0.005}","{""detection_events"":9250,""detectors_checked"":458752}"
       512,         1,         0,   0.643,standalone_exact_mw,d243a1b0b1308c5af35ad4523cb40bd83c282feda5b2af0b0940517b428d54bb,"{""distance"":5,""physical_error_rate"":0.01}","{""detection_events"":4605,""detectors_checked"":114688,""obs_mistake_mask=E"":1}"
        32,        13,         0,   0.534,standalone_exact_mw,a2951cb9d6c05a6bf216e8b727426e1a3155bcc703ace3ee8fdcacfd84d170a7,"{""distance"":5,""physical_error_rate"":0.1}","{""detection_events"":1799,""detectors_checked"":7168,""obs_mistake_mask=E"":13}"
        16,         2,         0,   0.348,standalone_exact_mw,c8b738028fda2b050c9255682a07cc95906733115fc52715e25155705a588b66,"{""distance"":5,""physical_error_rate"":0.05}","{""detection_events"":574,""detectors_checked"":3584,""obs_mistake_mask=E"":2}"
        32,         6,         0,   0.381,standalone_exact_mw,c8b738028fda2b050c9255682a07cc95906733115fc52715e25155705a588b66,"{""distance"":5,""physical_error_rate"":0.05}","{""detection_events"":1173,""detectors_checked"":7168,""obs_mistake_mask=E"":6}"
       128,         3,         0,   0.497,standalone_exact_mw,3fbf3739b73dda61f0188bb1f99eaf1ad6be14fe6ea44c0ac8d6c5ad12090cf3,"{""distance"":5,""physical_error_rate"":0.02}","{""detection_events"":1960,""detectors_checked"":28672,""obs_mistake_mask=E"":3}"
        32,        16,         0,   0.554,standalone_exact_mw,a2951cb9d6c05a6bf216e8b727426e1a3155bcc703ace3ee8fdcacfd84d170a7,"{""distance"":5,""physical_error_rate"":0.1}","{""detection_events"":1863,""detectors_checked"":7168,""obs_mistake_mask=E"":16}"
       512,         1,         0,   0.610,standalone_exact_mw,d243a1b0b1308c5af35ad4523cb40bd83c282feda5b2af0b0940517b428d54bb,"{""distance"":5,""physical_error_rate"":0.01}","{""detection_events"":4245,""detectors_checked"":114688,""obs_mistake_mask=E"":1}"
        32,        18,         0,   0.570,standalone_exact_mw,a2951cb9d6c05a6bf216e8b727426e1a3155bcc703ace3ee8fdcacfd84d170a7,"{""distance"":5,""physical_error_rate"":0.1}","{""detection_events"":1909,""detectors_checked"":7168,""obs_mistake_mask=E"":18}"
        32,        13,         0,   0.548,standalone_exact_mw,a2951cb9d6c05a6bf216e8b727426e1a3155bcc703ace3ee8fdcacfd84d170a7,"{""distance"":5,""physical_error_rate"":0.1}","{""detection_events"":1785,""detectors_checked"":7168,""obs_mistake_mask=E"":13}"
        32,        18,         0,   0.652,standalone_exact_mw,116a60cbe496e8e5ed1b799237798a197a37b7e9de7e0dc58034c8e1135b3e40,"{""distance"":5,""physical_error_rate"":0.5}","{""detection_events"":3247,""detectors_checked"":7168,""obs_mistake_mask=E"":18}"
    179200,         0,         0,    5.97,standalone_exact_mw,503ee55b5ad1b1988379a241a0405811522ee4d50b473755532ad1299cb121e2,"{""distance"":5,""physical_error_rate"":0.0005}","{""detection_events"":83297,""detectors_checked"":40140800}"
      9216,         0,         0,   0.308,standalone_exact_mw,aea10f45e3589e84a00777b800d38e8a3149bd6cb552c409f3bffd718c1a0abf,"{""distance"":5,""physical_error_rate"":5e-05}","{""detection_events"":410,""detectors_checked"":2064384}"
       256,         6,         0,   0.743,standalone_exact_mw,3fbf3739b73dda61f0188bb1f99eaf1ad6be14fe6ea44c0ac8d6c5ad12090cf3,"{""distance"":5,""physical_error_rate"":0.02}","{""detection_events"":4228,""detectors_checked"":57344,""obs_mistake_mask=E"":6}"
      3072,         0,         0,   0.145,standalone_exact_mw,503ee55b5ad1b1988379a241a0405811522ee4d50b473755532ad1299cb121e2,"{""distance"":5,""physical_error_rate"":0.0005}","{""detection_events"":1413,""detectors_checked"":688128}"
     50176,         1,         0,    4.29,standalone_exact_mw,7bb6e20e48600212890a8c0dbf00c9e78f41358e09b12be0f89e4aae4bc5d684,"{""distance"":5,""physical_error_rate"":0.002}","{""detection_events"":93652,""detectors_checked"":11239424,""obs_mistake_mask=E"":1}"
      8192,         0,         0,   0.427,standalone_exact_mw,503ee55b5ad1b1988379a241a0405811522ee4d50b473755532ad1299cb121e2,"{""distance"":5,""physical_error_rate"":0.0005}","{""detection_events"":3744,""detectors_checked"":1835008}"
       512,         0,         0,   0.794,standalone_exact_mw,d243a1b0b1308c5af35ad4523cb40bd83c282feda5b2af0b0940517b428d54bb,"{""distance"":5,""physical_error_rate"":0.01}","{""detection_events"":4489,""detectors_checked"":114688}"
     11264,         0,         0,   0.800,standalone_exact_mw,77d802c74222c3324b7f1323f7447c6411ad27be92307b6127e53af575faadca,"{""distance"":5,""physical_error_rate"":0.001}","{""detection_events"":10339,""detectors_checked"":2523136}"
       192,        87,         0,    2.71,standalone_exact_mw,b926cc1d59f2ffa0ec7a93e8795923b3e0543631758e3ab8213cfd69853d790b,"{""distance"":5,""physical_error_rate"":0.2}","{""detection_events"":15370,""detectors_checked"":43008,""obs_mistake_mask=E"":87}"
        32,        20,         0,   0.610,standalone_exact_mw,b926cc1d59f2ffa0ec7a93e8795923b3e0543631758e3ab8213cfd69853d790b,"{""distance"":5,""physical_error_rate"":0.2}","{""detection_events"":2597,""detectors_checked"":7168,""obs_mistake_mask=E"":20}"
      1024,         1,         0,   0.393,standalone_exact_mw,1a2d9ab41a8a393fdef1a304cd6cd3b39e7654fe1ff27694ddcd7a0d28bf707b,"{""distance"":5,""physical_error_rate"":0.005}","{""detection_events"":4760,""detectors_checked"":229376,""obs_mistake_mask=E"":1}"
        16,         4,         0,   0.167,standalone_exact_mw,c8b738028fda2b050c9255682a07cc95906733115fc52715e25155705a588b66,"{""distance"":5,""physical_error_rate"":0.05}","{""detection_events"":633,""detectors_checked"":3584,""obs_mistake_mask=E"":4}"
        32,         4,         0,   0.395,standalone_exact_mw,c8b738028fda2b050c9255682a07cc95906733115fc52715e25155705a588b66,"{""distance"":5,""physical_error_rate"":0.05}","{""detection_events"":1190,""detectors_checked"":7168,""obs_mistake_mask=E"":4}"
        32,        15,         0,   0.561,standalone_exact_mw,a2951cb9d6c05a6bf216e8b727426e1a3155bcc703ace3ee8fdcacfd84d170a7,"{""distance"":5,""physical_error_rate"":0.1}","{""detection_events"":1881,""detectors_checked"":7168,""obs_mistake_mask=E"":15}"
      9216,         0,         0,   0.304,standalone_exact_mw,aea10f45e3589e84a00777b800d38e8a3149bd6cb552c409f3bffd718c1a0abf,"{""distance"":5,""physical_error_rate"":5e-05}","{""detection_events"":380,""detectors_checked"":2064384}"
        16,         9,         0,   0.316,standalone_exact_mw,116a60cbe496e8e5ed1b799237798a197a37b7e9de7e0dc58034c8e1135b3e40,"{""distance"":5,""physical_error_rate"":0.5}","{""detection_events"":1664,""detectors_checked"":3584,""obs_mistake_mask=E"":9}"
        16,        11,         0,   0.294,standalone_exact_mw,b926cc1d59f2ffa0ec7a93e8795923b3e0543631758e3ab8213cfd69853d790b,"{""distance"":5,""physical_error_rate"":0.2}","{""detection_events"":1337,""detectors_checked"":3584,""obs_mistake_mask=E"":11}"
      9216,         0,         0,   0.844,standalone_exact_mw,7bb6e20e48600212890a8c0dbf00c9e78f41358e09b12be0f89e4aae4bc5d684,"{""distance"":5,""physical_error_rate"":0.002}","{""detection_events"":17006,""detectors_checked"":2064384}"
       512,         1,         0,   0.445,standalone_exact_mw,d243a1b0b1308c5af35ad4523cb40bd83c282feda5b2af0b0940517b428d54bb,"{""distance"":5,""physical_error_rate"":0.01}","{""detection_events"":4508,""detectors_checked"":114688,""obs_mistake_mask=E"":1}"
      4096,         0,         0,   0.221,standalone_exact_mw,503ee55b5ad1b1988379a241a0405811522ee4d50b473755532ad1299cb121e2,"{""distance"":5,""physical_error_rate"":0.0005}","{""detection_events"":1994,""detectors_checked"":917504}"
      6144,         0,         0,   0.418,standalone_exact_mw,77d802c74222c3324b7f1323f7447c6411ad27be92307b6127e53af575faadca,"{""distance"":5,""physical_error_rate"":0.001}","{""detection_events"":5467,""detectors_checked"":1376256}"
     28672,         0,         0,   0.828,standalone_exact_mw,cc9149276d16e61a5ac322a1d2048afebd34054fe0ed4879b77eb616628c1148,"{""distance"":5,""physical_error_rate"":0.0001}","{""detection_events"":2590,""detectors_checked"":6422528}"
        32,        19,         0,   0.495,standalone_exact_mw,b926cc1d59f2ffa0ec7a93e8795923b3e0543631758e3ab8213cfd69853d790b,"{""distance"":5,""physical_error_rate"":0.2}","{""detection_events"":2591,""detectors_checked"":7168,""obs_mistake_mask=E"":19}"
     14336,         0,         0,   0.587,standalone_exact_mw,29ae76c7f86edcd2f56343e8109d8463cbc736644db4e57527101e2f1c3606c8,"{""distance"":5,""physical_error_rate"":0.0002}","{""detection_events"":2753,""detectors_checked"":3211264}"
       128,         2,         0,   0.508,standalone_exact_mw,3fbf3739b73dda61f0188bb1f99eaf1ad6be14fe6ea44c0ac8d6c5ad12090cf3,"{""distance"":5,""physical_error_rate"":0.02}","{""detection_events"":2144,""detectors_checked"":28672,""obs_mistake_mask=E"":2}"
     21504,         0,         0,    1.15,standalone_exact_mw,77d802c74222c3324b7f1323f7447c6411ad27be92307b6127e53af575faadca,"{""distance"":5,""physical_error_rate"":0.001}","{""detection_events"":20150,""detectors_checked"":4816896}"
        32,         9,         0,   0.431,standalone_exact_mw,c8b738028fda2b050c9255682a07cc95906733115fc52715e25155705a588b66,"{""distance"":5,""physical_error_rate"":0.05}","{""detection_events"":1199,""detectors_checked"":7168,""obs_mistake_mask=E"":9}"
        32,        14,         0,   0.706,standalone_exact_mw,b926cc1d59f2ffa0ec7a93e8795923b3e0543631758e3ab8213cfd69853d790b,"{""distance"":5,""physical_error_rate"":0.2}","{""detection_events"":2562,""detectors_checked"":7168,""obs_mistake_mask=E"":14}"
      1024,         0,         0,   0.280,standalone_exact_mw,1a2d9ab41a8a393fdef1a304cd6cd3b39e7654fe1ff27694ddcd7a0d28bf707b,"{""distance"":5,""physical_error_rate"":0.005}","{""detection_events"":4560,""detectors_checked"":229376}"
     10240,         0,         0,    1.20,standalone_exact_mw,7bb6e20e48600212890a8c0dbf00c9e78f41358e09b12be0f89e4aae4bc5d684,"{""distance"":5,""physical_error_rate"":0.002}","{""detection_events"":19049,""detectors_checked"":2293760}"
      7168,         0,         0,   0.814,standalone_exact_mw,7bb6e20e48600212890a8c0dbf00c9e78f41358e09b12be0f89e4aae4bc5d684,"{""distance"":5,""physical_error_rate"":0.002}","{""detection_events"":13256,""detectors_checked"":1605632}"
     13312,         0,         0,   0.438,standalone_exact_mw,aea10f45e3589e84a00777b800d38e8a3149bd6cb552c409f3bffd718c1a0abf,"{""distance"":5,""physical_error_rate"":5e-05}","{""detection_events"":523,""detectors_checked"":2981888}"
        32,        14,         0,   0.465,standalone_exact_mw,a2951cb9d6c05a6bf216e8b727426e1a3155bcc703ace3ee8fdcacfd84d170a7,"{""distance"":5,""physical_error_rate"":0.1}","{""detection_events"":1812,""detectors_checked"":7168,""obs_mistake_mask=E"":14}"
        32,        10,         0,   0.504,standalone_exact_mw,a2951cb9d6c05a6bf216e8b727426e1a3155bcc703ace3ee8fdcacfd84d170a7,"{""distance"":5,""physical_error_rate"":0.1}","{""detection_events"":1867,""detectors_checked"":7168,""obs_mistake_mask=E"":10}"
        32,         8,         0,   0.365,standalone_exact_mw,c8b738028fda2b050c9255682a07cc95906733115fc52715e25155705a588b66,"{""distance"":5,""physical_error_rate"":0.05}","{""detection_events"":1201,""detectors_checked"":7168,""obs_mistake_mask=E"":8}"
       128,         2,         0,   0.597,standalone_exact_mw,3fbf3739b73dda61f0188bb1f99eaf1ad6be14fe6ea44c0ac8d6c5ad12090cf3,"{""distance"":5,""physical_error_rate"":0.02}","{""detection_events"":2152,""detectors_checked"":28672,""obs_mistake_mask=E"":2}"
        16,         6,         0,   0.342,standalone_exact_mw,116a60cbe496e8e5ed1b799237798a197a37b7e9de7e0dc58034c8e1135b3e40,"{""distance"":5,""physical_error_rate"":0.5}","{""detection_events"":1612,""detectors_checked"":3584,""obs_mistake_mask=E"":6}"
        32,        12,         0,   0.700,standalone_exact_mw,116a60cbe496e8e5ed1b799237798a197a37b7e9de7e0dc58034c8e1135b3e40,"{""distance"":5,""physical_error_rate"":0.5}","{""detection_events"":3291,""detectors_checked"":7168,""obs_mistake_mask=E"":12}"
        32,        12,         0,   0.566,standalone_exact_mw,a2951cb9d6c05a6bf216e8b727426e1a3155bcc703ace3ee8fdcacfd84d170a7,"{""distance"":5,""physical_error_rate"":0.1}","{""detection_events"":1893,""detectors_checked"":7168,""obs_mistake_mask=E"":12}"
        32,         5,         0,   0.392,standalone_exact_mw,c8b738028fda2b050c9255682a07cc95906733115fc52715e25155705a588b66,"{""distance"":5,""physical_error_rate"":0.05}","{""detection_events"":1113,""detectors_checked"":7168,""obs_mistake_mask=E"":5}"
        32,        11,         0,   0.548,standalone_exact_mw,a2951cb9d6c05a6bf216e8b727426e1a3155bcc703ace3ee8fdcacfd84d170a7,"{""distance"":5,""physical_error_rate"":0.1}","{""detection_events"":1864,""detectors_checked"":7168,""obs_mistake_mask=E"":11}"
       128,         4,         0,   0.563,standalone_exact_mw,3fbf3739b73dda61f0188bb1f99eaf1ad6be14fe6ea44c0ac8d6c5ad12090cf3,"{""distance"":5,""physical_error_rate"":0.02}","{""detection_events"":2080,""detectors_checked"":28672,""obs_mistake_mask=E"":4}"
     72704,         0,         0,    2.17,standalone_exact_mw,29ae76c7f86edcd2f56343e8109d8463cbc736644db4e57527101e2f1c3606c8,"{""distance"":5,""physical_error_rate"":0.0002}","{""detection_events"":13393,""detectors_checked"":16285696}"
     23552,         0,         0,    1.12,standalone_exact_mw,cc9149276d16e61a5ac322a1d2048afebd34054fe0ed4879b77eb616628c1148,"{""distance"":5,""physical_error_rate"":0.0001}","{""detection_events"":2278,""detectors_checked"":5275648}"
       512,         2,         0,   0.577,standalone_exact_mw,d243a1b0b1308c5af35ad4523cb40bd83c282feda5b2af0b0940517b428d54bb,"{""distance"":5,""physical_error_rate"":0.01}","{""detection_events"":4277,""detectors_checked"":114688,""obs_mistake_mask=E"":2}"
        64,        18,         0,   0.677,standalone_exact_mw,c8b738028fda2b050c9255682a07cc95906733115fc52715e25155705a588b66,"{""distance"":5,""physical_error_rate"":0.05}","{""detection_events"":2372,""detectors_checked"":14336,""obs_mistake_mask=E"":18}"
      6144,         0,         0,   0.310,standalone_exact_mw,503ee55b5ad1b1988379a241a0405811522ee4d50b473755532ad1299cb121e2,"{""distance"":5,""physical_error_rate"":0.0005}","{""detection_events"":2725,""detectors_checked"":1376256}"
       256,         5,         0,    1.04,standalone_exact_mw,3fbf3739b73dda61f0188bb1f99eaf1ad6be14fe6ea44c0ac8d6c5ad12090cf3,"{""distance"":5,""physical_error_rate"":0.02}","{""detection_events"":4271,""detectors_checked"":57344,""obs_mistake_mask=E"":5}"
     14336,         5,         0,    4.40,standalone_exact_mw,1a2d9ab41a8a393fdef1a304cd6cd3b39e7654fe1ff27694ddcd7a0d28bf707b,"{""distance"":5,""physical_error_rate"":0.005}","{""detection_events"":64262,""detectors_checked"":3211264,""obs_mistake_mask=E"":5}"
     13312,         0,         0,   0.447,standalone_exact_mw,aea10f45e3589e84a00777b800d38e8a3149bd6cb552c409f3bffd718c1a0abf,"{""distance"":5,""physical_error_rate"":5e-05}","{""detection_events"":658,""detectors_checked"":2981888}"
     11264,         0,         0,   0.578,standalone_exact_mw,503ee55b5ad1b1988379a241a0405811522ee4d50b473755532ad1299cb121e2,"{""distance"":5,""physical_error_rate"":0.0005}","{""detection_events"":5009,""detectors_checked"":2523136}"
    401408,         0,         0,    5.95,standalone_exact_mw,cc9149276d16e61a5ac322a1d2048afebd34054fe0ed4879b77eb616628c1148,"{""distance"":5,""physical_error_rate"":0.0001}","{""detection_events"":37312,""detectors_checked"":89915392}"
        32,        18,         0,   0.520,standalone_exact_mw,a2951cb9d6c05a6bf216e8b727426e1a3155bcc703ace3ee8fdcacfd84d170a7,"{""distance"":5,""physical_error_rate"":0.1}","{""detection_events"":1859,""detectors_checked"":7168,""obs_mistake_mask=E"":18}"
        32,        13,         0,   0.649,standalone_exact_mw,116a60cbe496e8e5ed1b799237798a197a37b7e9de7e0dc58034c8e1135b3e40,"{""distance"":5,""physical_error_rate"":0.5}","{""detection_events"":3296,""detectors_checked"":7168,""obs_mistake_mask=E"":13}"
      7168,         0,         0,   0.914,standalone_exact_mw,7bb6e20e48600212890a8c0dbf00c9e78f41358e09b12be0f89e4aae4bc5d684,"{""distance"":5,""physical_error_rate"":0.002}","{""detection_events"":13422,""detectors_checked"":1605632}"
       512,         1,         0,   0.610,standalone_exact_mw,d243a1b0b1308c5af35ad4523cb40bd83c282feda5b2af0b0940517b428d54bb,"{""distance"":5,""physical_error_rate"":0.01}","{""detection_events"":4443,""detectors_checked"":114688,""obs_mistake_mask=E"":1}"
     49152,         0,         0,    1.56,standalone_exact_mw,29ae76c7f86edcd2f56343e8109d8463cbc736644db4e57527101e2f1c3606c8,"{""distance"":5,""physical_error_rate"":0.0002}","{""detection_events"":9252,""detectors_checked"":11010048}"
        32,        14,         0,   0.612,standalone_exact_mw,b926cc1d59f2ffa0ec7a93e8795923b3e0543631758e3ab8213cfd69853d790b,"{""distance"":5,""physical_error_rate"":0.2}","{""detection_events"":2660,""detectors_checked"":7168,""obs_mistake_mask=E"":14}"
      1024,         0,         0,   0.311,standalone_exact_mw,1a2d9ab41a8a393fdef1a304cd6cd3b39e7654fe1ff27694ddcd7a0d28bf707b,"{""distance"":5,""physical_error_rate"":0.005}","{""detection_events"":4752,""detectors_checked"":229376}"
     16384,         0,         0,   0.816,standalone_exact_mw,503ee55b5ad1b1988379a241a0405811522ee4d50b473755532ad1299cb121e2,"{""distance"":5,""physical_error_rate"":0.0005}","{""detection_events"":7418,""detectors_checked"":3670016}"
        32,        15,         0,   0.613,standalone_exact_mw,b926cc1d59f2ffa0ec7a93e8795923b3e0543631758e3ab8213cfd69853d790b,"{""distance"":5,""physical_error_rate"":0.2}","{""detection_events"":2590,""detectors_checked"":7168,""obs_mistake_mask=E"":15}"
      1024,         3,         0,   0.936,standalone_exact_mw,d243a1b0b1308c5af35ad4523cb40bd83c282feda5b2af0b0940517b428d54bb,"{""distance"":5,""physical_error_rate"":0.01}","{""detection_events"":9061,""detectors_checked"":229376,""obs_mistake_mask=E"":3}"
        16,         8,         0,   0.336,standalone_exact_mw,116a60cbe496e8e5ed1b799237798a197a37b7e9de7e0dc58034c8e1135b3e40,"{""distance"":5,""physical_error_rate"":0.5}","{""detection_events"":1607,""detectors_checked"":3584,""obs_mistake_mask=E"":8}"
     13312,         0,         0,    1.09,standalone_exact_mw,77d802c74222c3324b7f1323f7447c6411ad27be92307b6127e53af575faadca,"{""distance"":5,""physical_error_rate"":0.001}","{""detection_events"":13041,""detectors_checked"":2981888}"
        32,         5,         0,   0.389,standalone_exact_mw,c8b738028fda2b050c9255682a07cc95906733115fc52715e25155705a588b66,"{""distance"":5,""physical_error_rate"":0.05}","{""detection_events"":1156,""detectors_checked"":7168,""obs_mistake_mask=E"":5}"
      8192,         0,         0,   0.584,standalone_exact_mw,77d802c74222c3324b7f1323f7447c6411ad27be92307b6127e53af575faadca,"{""distance"":5,""physical_error_rate"":0.001}","{""detection_events"":7895,""detectors_checked"":1835008}"
        32,        12,         0,   0.419,standalone_exact_mw,a2951cb9d6c05a6bf216e8b727426e1a3155bcc703ace3ee8fdcacfd84d170a7,"{""distance"":5,""physical_error_rate"":0.1}","{""detection_events"":1870,""detectors_checked"":7168,""obs_mistake_mask=E"":12}"
        48,        25,         0,    1.03,standalone_exact_mw,116a60cbe496e8e5ed1b799237798a197a37b7e9de7e0dc58034c8e1135b3e40,"{""distance"":5,""physical_error_rate"":0.5}","{""detection_events"":4927,""detectors_checked"":10752,""obs_mistake_mask=E"":25}"
        32,         6,         0,   0.419,standalone_exact_mw,c8b738028fda2b050c9255682a07cc95906733115fc52715e25155705a588b66,"{""distance"":5,""physical_error_rate"":0.05}","{""detection_events"":1056,""detectors_checked"":7168,""obs_mistake_mask=E"":6}"
      3072,         1,         0,    1.04,standalone_exact_mw,1a2d9ab41a8a393fdef1a304cd6cd3b39e7654fe1ff27694ddcd7a0d28bf707b,"{""distance"":5,""physical_error_rate"":0.005}","{""detection_events"":14219,""detectors_checked"":688128,""obs_mistake_mask=E"":1}"
         1,         0,         0,   0.028,standalone_exact_mw,d243a1b0b1308c5af35ad4523cb40bd83c282feda5b2af0b0940517b428d54bb,"{""distance"":5,""physical_error_rate"":0.01}","{""detection_events"":15,""detectors_checked"":224}"
       256,         5,         0,   0.924,standalone_exact_mw,3fbf3739b73dda61f0188bb1f99eaf1ad6be14fe6ea44c0ac8d6c5ad12090cf3,"{""distance"":5,""physical_error_rate"":0.02}","{""detection_events"":4371,""detectors_checked"":57344,""obs_mistake_mask=E"":5}"
     44032,         0,         0,    1.57,standalone_exact_mw,cc9149276d16e61a5ac322a1d2048afebd34054fe0ed4879b77eb616628c1148,"{""distance"":5,""physical_error_rate"":0.0001}","{""detection_events"":4055,""detectors_checked"":9863168}"
        64,        31,         0,   0.889,standalone_exact_mw,b926cc1d59f2ffa0ec7a93e8795923b3e0543631758e3ab8213cfd69853d790b,"{""distance"":5,""physical_error_rate"":0.2}","{""detection_events"":5077,""detectors_checked"":14336,""obs_mistake_mask=E"":31}"
       512,         1,         0,   0.748,standalone_exact_mw,d243a1b0b1308c5af35ad4523cb40bd83c282feda5b2af0b0940517b428d54bb,"{""distance"":5,""physical_error_rate"":0.01}","{""detection_events"":4580,""detectors_checked"":114688,""obs_mistake_mask=E"":1}"
       128,         3,         0,   0.645,standalone_exact_mw,3fbf3739b73dda61f0188bb1f99eaf1ad6be14fe6ea44c0ac8d6c5ad12090cf3,"{""distance"":5,""physical_error_rate"":0.02}","{""detection_events"":2103,""detectors_checked"":28672,""obs_mistake_mask=E"":3}"
     10240,         0,         0,   0.424,standalone_exact_mw,503ee55b5ad1b1988379a241a0405811522ee4d50b473755532ad1299cb121e2,"{""distance"":5,""physical_error_rate"":0.0005}","{""detection_events"":4729,""detectors_checked"":2293760}"
     17408,         0,         0,   0.588,standalone_exact_mw,aea10f45e3589e84a00777b800d38e8a3149bd6cb552c409f3bffd718c1a0abf,"{""distance"":5,""physical_error_rate"":5e-05}","{""detection_events"":848,""detectors_checked"":3899392}"
        32,        14,         0,   0.583,standalone_exact_mw,a2951cb9d6c05a6bf216e8b727426e1a3155bcc703ace3ee8fdcacfd84d170a7,"{""distance"":5,""physical_error_rate"":0.1}","{""detection_events"":1904,""detectors_checked"":7168,""obs_mistake_mask=E"":14}"
       128,         1,         0,   0.533,standalone_exact_mw,3fbf3739b73dda61f0188bb1f99eaf1ad6be14fe6ea44c0ac8d6c5ad12090cf3,"{""distance"":5,""physical_error_rate"":0.02}","{""detection_events"":2059,""detectors_checked"":28672,""obs_mistake_mask=E"":1}"
        32,        18,         0,   0.569,standalone_exact_mw,a2951cb9d6c05a6bf216e8b727426e1a3155bcc703ace3ee8fdcacfd84d170a7,"{""distance"":5,""physical_error_rate"":0.1}","{""detection_events"":1845,""detectors_checked"":7168,""obs_mistake_mask=E"":18}"
      1024,         0,         0,   0.398,standalone_exact_mw,1a2d9ab41a8a393fdef1a304cd6cd3b39e7654fe1ff27694ddcd7a0d28bf707b,"{""distance"":5,""physical_error_rate"":0.005}","{""detection_events"":4844,""detectors_checked"":229376}"
        32,        13,         0,   0.478,standalone_exact_mw,a2951cb9d6c05a6bf216e8b727426e1a3155bcc703ace3ee8fdcacfd84d170a7,"{""distance"":5,""physical_error_rate"":0.1}","{""detection_events"":1842,""detectors_checked"":7168,""obs_mistake_mask=E"":13}"
       512,         1,         0,   0.565,standalone_exact_mw,d243a1b0b1308c5af35ad4523cb40bd83c282feda5b2af0b0940517b428d54bb,"{""distance"":5,""physical_error_rate"":0.01}","{""detection_events"":4624,""detectors_checked"":114688,""obs_mistake_mask=E"":1}"
     20480,         0,         0,   0.839,standalone_exact_mw,29ae76c7f86edcd2f56343e8109d8463cbc736644db4e57527101e2f1c3606c8,"{""distance"":5,""physical_error_rate"":0.0002}","{""detection_events"":3803,""detectors_checked"":4587520}"
        32,        16,         0,   0.673,standalone_exact_mw,116a60cbe496e8e5ed1b799237798a197a37b7e9de7e0dc58034c8e1135b3e40,"{""distance"":5,""physical_error_rate"":0.5}","{""detection_events"":3341,""detectors_checked"":7168,""obs_mistake_mask=E"":16}"
        16,        10,         0,   0.338,standalone_exact_mw,116a60cbe496e8e5ed1b799237798a197a37b7e9de7e0dc58034c8e1135b3e40,"{""distance"":5,""physical_error_rate"":0.5}","{""detection_events"":1650,""detectors_checked"":3584,""obs_mistake_mask=E"":10}"
     17408,         0,         0,   0.590,standalone_exact_mw,aea10f45e3589e84a00777b800d38e8a3149bd6cb552c409f3bffd718c1a0abf,"{""distance"":5,""physical_error_rate"":5e-05}","{""detection_events"":908,""detectors_checked"":3899392}"
        96,         9,         0,   0.832,standalone_exact_mw,c8b738028fda2b050c9255682a07cc95906733115fc52715e25155705a588b66,"{""distance"":5,""physical_error_rate"":0.05}","{""detection_events"":3447,""detectors_checked"":21504,""obs_mistake_mask=E"":9}"
       272,         1,         0,   0.287,standalone_exact_mw,d243a1b0b1308c5af35ad4523cb40bd83c282feda5b2af0b0940517b428d54bb,"{""distance"":5,""physical_error_rate"":0.01}","{""detection_events"":2339,""detectors_checked"":60928,""obs_mistake_mask=E"":1}"
     16384,         0,         0,    1.18,standalone_exact_mw,77d802c74222c3324b7f1323f7447c6411ad27be92307b6127e53af575faadca,"{""distance"":5,""physical_error_rate"":0.001}","{""detection_events"":15582,""detectors_checked"":3670016}"
        32,         7,         0,   0.396,standalone_exact_mw,c8b738028fda2b050c9255682a07cc95906733115fc52715e25155705a588b66,"{""distance"":5,""physical_error_rate"":0.05}","{""detection_events"":1151,""detectors_checked"":7168,""obs_mistake_mask=E"":7}"
        64,        14,         0,   0.708,standalone_exact_mw,c8b738028fda2b050c9255682a07cc95906733115fc52715e25155705a588b66,"{""distance"":5,""physical_error_rate"":0.05}","{""detection_events"":2238,""detectors_checked"":14336,""obs_mistake_mask=E"":14}"
        32,         4,         0,   0.378,standalone_exact_mw,c8b738028fda2b050c9255682a07cc95906733115fc52715e25155705a588b66,"{""distance"":5,""physical_error_rate"":0.05}","{""detection_events"":1115,""detectors_checked"":7168,""obs_mistake_mask=E"":4}"
        32,        18,         0,   0.673,standalone_exact_mw,116a60cbe496e8e5ed1b799237798a197a37b7e9de7e0dc58034c8e1135b3e40,"{""distance"":5,""physical_error_rate"":0.5}","{""detection_events"":3233,""detectors_checked"":7168,""obs_mistake_mask=E"":18}"
     10240,         1,         0,    1.11,standalone_exact_mw,7bb6e20e48600212890a8c0dbf00c9e78f41358e09b12be0f89e4aae4bc5d684,"{""distance"":5,""physical_error_rate"":0.002}","{""detection_events"":19030,""detectors_checked"":2293760,""obs_mistake_mask=E"":1}"
     56320,         0,         0,    1.56,standalone_exact_mw,aea10f45e3589e84a00777b800d38e8a3149bd6cb552c409f3bffd718c1a0abf,"{""distance"":5,""physical_error_rate"":5e-05}","{""detection_events"":2679,""detectors_checked"":12615680}"
      1024,         1,         0,   0.281,standalone_exact_mw,1a2d9ab41a8a393fdef1a304cd6cd3b39e7654fe1ff27694ddcd7a0d28bf707b,"{""distance"":5,""physical_error_rate"":0.005}","{""detection_events"":4580,""detectors_checked"":229376,""obs_mistake_mask=E"":1}"
     65536,         0,         0,    2.14,standalone_exact_mw,aea10f45e3589e84a00777b800d38e8a3149bd6cb552c409f3bffd718c1a0abf,"{""distance"":5,""physical_error_rate"":5e-05}","{""detection_events"":3015,""detectors_checked"":14680064}"
        32,        17,         0,   0.523,standalone_exact_mw,a2951cb9d6c05a6bf216e8b727426e1a3155bcc703ace3ee8fdcacfd84d170a7,"{""distance"":5,""physical_error_rate"":0.1}","{""detection_events"":1832,""detectors_checked"":7168,""obs_mistake_mask=E"":17}"
       512,         1,         0,   0.748,standalone_exact_mw,d243a1b0b1308c5af35ad4523cb40bd83c282feda5b2af0b0940517b428d54bb,"{""distance"":5,""physical_error_rate"":0.01}","{""detection_events"":4500,""detectors_checked"":114688,""obs_mistake_mask=E"":1}"
     31744,         0,         0,    1.13,standalone_exact_mw,cc9149276d16e61a5ac322a1d2048afebd34054fe0ed4879b77eb616628c1148,"{""distance"":5,""physical_error_rate"":0.0001}","{""detection_events"":2954,""detectors_checked"":7110656}"
     17408,         0,         0,   0.805,standalone_exact_mw,503ee55b5ad1b1988379a241a0405811522ee4d50b473755532ad1299cb121e2,"{""distance"":5,""physical_error_rate"":0.0005}","{""detection_events"":8132,""detectors_checked"":3899392}"
        16,         9,         0,   0.331,standalone_exact_mw,116a60cbe496e8e5ed1b799237798a197a37b7e9de7e0dc58034c8e1135b3e40,"{""distance"":5,""physical_error_rate"":0.5}","{""detection_events"":1662,""detectors_checked"":3584,""obs_mistake_mask=E"":9}"
       128,         3,         0,   0.552,standalone_exact_mw,3fbf3739b73dda61f0188bb1f99eaf1ad6be14fe6ea44c0ac8d6c5ad12090cf3,"{""distance"":5,""physical_error_rate"":0.02}","{""detection_events"":2201,""detectors_checked"":28672,""obs_mistake_mask=E"":3}"
        64,        30,         0,    1.07,standalone_exact_mw,a2951cb9d6c05a6bf216e8b727426e1a3155bcc703ace3ee8fdcacfd84d170a7,"{""distance"":5,""physical_error_rate"":0.1}","{""detection_events"":3667,""detectors_checked"":14336,""obs_mistake_mask=E"":30}"
     10240,         0,         0,    1.18,standalone_exact_mw,7bb6e20e48600212890a8c0dbf00c9e78f41358e09b12be0f89e4aae4bc5d684,"{""distance"":5,""physical_error_rate"":0.002}","{""detection_events"":19096,""detectors_checked"":2293760}"
       192,        29,         0,    2.33,standalone_exact_mw,c8b738028fda2b050c9255682a07cc95906733115fc52715e25155705a588b66,"{""distance"":5,""physical_error_rate"":0.05}","{""detection_events"":6787,""detectors_checked"":43008,""obs_mistake_mask=E"":29}"
     12288,         0,         0,   0.619,standalone_exact_mw,503ee55b5ad1b1988379a241a0405811522ee4d50b473755532ad1299cb121e2,"{""distance"":5,""physical_error_rate"":0.0005}","{""detection_events"":5406,""detectors_checked"":2752512}"
       128,         5,         0,   0.544,standalone_exact_mw,3fbf3739b73dda61f0188bb1f99eaf1ad6be14fe6ea44c0ac8d6c5ad12090cf3,"{""distance"":5,""physical_error_rate"":0.02}","{""detection_events"":2168,""detectors_checked"":28672,""obs_mistake_mask=E"":5}"
       512,         0,         0,   0.654,standalone_exact_mw,d243a1b0b1308c5af35ad4523cb40bd83c282feda5b2af0b0940517b428d54bb,"{""distance"":5,""physical_error_rate"":0.01}","{""detection_events"":4521,""detectors_checked"":114688}"
         1,         0,         0,   0.016,standalone_exact_mw,1a2d9ab41a8a393fdef1a304cd6cd3b39e7654fe1ff27694ddcd7a0d28bf707b,"{""distance"":5,""physical_error_rate"":0.005}","{""detection_events"":10,""detectors_checked"":224}"
       256,         7,         0,   0.676,standalone_exact_mw,3fbf3739b73dda61f0188bb1f99eaf1ad6be14fe6ea44c0ac8d6c5ad12090cf3,"{""distance"":5,""physical_error_rate"":0.02}","{""detection_events"":4157,""detectors_checked"":57344,""obs_mistake_mask=E"":7}"
       256,         5,         0,    1.17,standalone_exact_mw,3fbf3739b73dda61f0188bb1f99eaf1ad6be14fe6ea44c0ac8d6c5ad12090cf3,"{""distance"":5,""physical_error_rate"":0.02}","{""detection_events"":4205,""detectors_checked"":57344,""obs_mistake_mask=E"":5}"
        32,        13,         0,   0.542,standalone_exact_mw,a2951cb9d6c05a6bf216e8b727426e1a3155bcc703ace3ee8fdcacfd84d170a7,"{""distance"":5,""physical_error_rate"":0.1}","{""detection_events"":1811,""detectors_checked"":7168,""obs_mistake_mask=E"":13}"
       256,         6,         0,    1.10,standalone_exact_mw,3fbf3739b73dda61f0188bb1f99eaf1ad6be14fe6ea44c0ac8d6c5ad12090cf3,"{""distance"":5,""physical_error_rate"":0.02}","{""detection_events"":4435,""detectors_checked"":57344,""obs_mistake_mask=E"":6}"
     13312,         0,         0,   0.811,standalone_exact_mw,77d802c74222c3324b7f1323f7447c6411ad27be92307b6127e53af575faadca,"{""distance"":5,""physical_error_rate"":0.001}","{""detection_events"":12265,""detectors_checked"":2981888}"
        32,         7,         0,   0.421,standalone_exact_mw,c8b738028fda2b050c9255682a07cc95906733115fc52715e25155705a588b66,"{""distance"":5,""physical_error_rate"":0.05}","{""detection_events"":1211,""detectors_checked"":7168,""obs_mistake_mask=E"":7}"
        32,         7,         0,   0.393,standalone_exact_mw,c8b738028fda2b050c9255682a07cc95906733115fc52715e25155705a588b66,"{""distance"":5,""physical_error_rate"":0.05}","{""detection_events"":1104,""detectors_checked"":7168,""obs_mistake_mask=E"":7}"
     61440,         0,         0,    2.14,standalone_exact_mw,cc9149276d16e61a5ac322a1d2048afebd34054fe0ed4879b77eb616628c1148,"{""distance"":5,""physical_error_rate"":0.0001}","{""detection_events"":5487,""detectors_checked"":13762560}"
        64,        11,         0,   0.543,standalone_exact_mw,c8b738028fda2b050c9255682a07cc95906733115fc52715e25155705a588b66,"{""distance"":5,""physical_error_rate"":0.05}","{""detection_events"":2240,""detectors_checked"":14336,""obs_mistake_mask=E"":11}"
       272,         0,         0,   0.142,standalone_exact_mw,1a2d9ab41a8a393fdef1a304cd6cd3b39e7654fe1ff27694ddcd7a0d28bf707b,"{""distance"":5,""physical_error_rate"":0.005}","{""detection_events"":1210,""detectors_checked"":60928}"
       512,         5,         0,   0.647,standalone_exact_mw,d243a1b0b1308c5af35ad4523cb40bd83c282feda5b2af0b0940517b428d54bb,"{""distance"":5,""physical_error_rate"":0.01}","{""detection_events"":4379,""detectors_checked"":114688,""obs_mistake_mask=E"":5}"
       512,         1,         0,   0.585,standalone_exact_mw,d243a1b0b1308c5af35ad4523cb40bd83c282feda5b2af0b0940517b428d54bb,"{""distance"":5,""physical_error_rate"":0.01}","{""detection_events"":4582,""detectors_checked"":114688,""obs_mistake_mask=E"":1}"
      1024,         0,         0,   0.457,standalone_exact_mw,1a2d9ab41a8a393fdef1a304cd6cd3b39e7654fe1ff27694ddcd7a0d28bf707b,"{""distance"":5,""physical_error_rate"":0.005}","{""detection_events"":4864,""detectors_checked"":229376}"
        32,        14,         0,   0.673,standalone_exact_mw,116a60cbe496e8e5ed1b799237798a197a37b7e9de7e0dc58034c8e1135b3e40,"{""distance"":5,""physical_error_rate"":0.5}","{""detection_events"":3263,""detectors_checked"":7168,""obs_mistake_mask=E"":14}"
     20480,         0,         0,    1.13,standalone_exact_mw,503ee55b5ad1b1988379a241a0405811522ee4d50b473755532ad1299cb121e2,"{""distance"":5,""physical_error_rate"":0.0005}","{""detection_events"":9383,""detectors_checked"":4587520}"
     29696,         0,         0,   0.817,standalone_exact_mw,aea10f45e3589e84a00777b800d38e8a3149bd6cb552c409f3bffd718c1a0abf,"{""distance"":5,""physical_error_rate"":5e-05}","{""detection_events"":1388,""detectors_checked"":6651904}"
     11264,         0,         0,    1.22,standalone_exact_mw,7bb6e20e48600212890a8c0dbf00c9e78f41358e09b12be0f89e4aae4bc5d684,"{""distance"":5,""physical_error_rate"":0.002}","{""detection_events"":20584,""detectors_checked"":2523136}"
     24576,         0,         0,    1.58,standalone_exact_mw,77d802c74222c3324b7f1323f7447c6411ad27be92307b6127e53af575faadca,"{""distance"":5,""physical_error_rate"":0.001}","{""detection_events"":22653,""detectors_checked"":5505024}"
       128,         3,         0,   0.401,standalone_exact_mw,3fbf3739b73dda61f0188bb1f99eaf1ad6be14fe6ea44c0ac8d6c5ad12090cf3,"{""distance"":5,""physical_error_rate"":0.02}","{""detection_events"":2081,""detectors_checked"":28672,""obs_mistake_mask=E"":3}"
        32,        16,         0,   0.535,standalone_exact_mw,a2951cb9d6c05a6bf216e8b727426e1a3155bcc703ace3ee8fdcacfd84d170a7,"{""distance"":5,""physical_error_rate"":0.1}","{""detection_events"":1864,""detectors_checked"":7168,""obs_mistake_mask=E"":16}"
        32,        20,         0,   0.627,standalone_exact_mw,116a60cbe496e8e5ed1b799237798a197a37b7e9de7e0dc58034c8e1135b3e40,"{""distance"":5,""physical_error_rate"":0.5}","{""detection_events"":3296,""detectors_checked"":7168,""obs_mistake_mask=E"":20}"
      1024,         5,         0,    1.15,standalone_exact_mw,d243a1b0b1308c5af35ad4523cb40bd83c282feda5b2af0b0940517b428d54bb,"{""distance"":5,""physical_error_rate"":0.01}","{""detection_events"":9063,""detectors_checked"":229376,""obs_mistake_mask=E"":5}"
     14336,         0,         0,    1.60,standalone_exact_mw,7bb6e20e48600212890a8c0dbf00c9e78f41358e09b12be0f89e4aae4bc5d684,"{""distance"":5,""physical_error_rate"":0.002}","{""detection_events"":26291,""detectors_checked"":3211264}"
     24576,         0,         0,   0.802,standalone_exact_mw,aea10f45e3589e84a00777b800d38e8a3149bd6cb552c409f3bffd718c1a0abf,"{""distance"":5,""physical_error_rate"":5e-05}","{""detection_events"":1045,""detectors_checked"":5505024}"
        64,        11,         0,   0.783,standalone_exact_mw,c8b738028fda2b050c9255682a07cc95906733115fc52715e25155705a588b66,"{""distance"":5,""physical_error_rate"":0.05}","{""detection_events"":2304,""detectors_checked"":14336,""obs_mistake_mask=E"":11}"
        32,         8,         0,   0.393,standalone_exact_mw,c8b738028fda2b050c9255682a07cc95906733115fc52715e25155705a588b66,"{""distance"":5,""physical_error_rate"":0.05}","{""detection_events"":1177,""detectors_checked"":7168,""obs_mistake_mask=E"":8}"
        64,        30,         0,    1.01,standalone_exact_mw,a2951cb9d6c05a6bf216e8b727426e1a3155bcc703ace3ee8fdcacfd84d170a7,"{""distance"":5,""physical_error_rate"":0.1}","{""detection_events"":3587,""detectors_checked"":14336,""obs_mistake_mask=E"":30}"
       128,         0,         0,   0.505,standalone_exact_mw,3fbf3739b73dda61f0188bb1f99eaf1ad6be14fe6ea44c0ac8d6c5ad12090cf3,"{""distance"":5,""physical_error_rate"":0.02}","{""detection_events"":2064,""detectors_checked"":28672}"
     36864,         0,         0,    1.57,standalone_exact_mw,cc9149276d16e61a5ac322a1d2048afebd34054fe0ed4879b77eb616628c1148,"{""distance"":5,""physical_error_rate"":0.0001}","{""detection_events"":3407,""detectors_checked"":8257536}"
        32,         4,         0,   0.439,standalone_exact_mw,c8b738028fda2b050c9255682a07cc95906733115fc52715e25155705a588b66,"{""distance"":5,""physical_error_rate"":0.05}","{""detection_events"":1108,""detectors_checked"":7168,""obs_mistake_mask=E"":4}"
        64,        26,         0,    1.14,standalone_exact_mw,a2951cb9d6c05a6bf216e8b727426e1a3155bcc703ace3ee8fdcacfd84d170a7,"{""distance"":5,""physical_error_rate"":0.1}","{""detection_events"":3656,""detectors_checked"":14336,""obs_mistake_mask=E"":26}"
       128,         2,         0,   0.299,standalone_exact_mw,3fbf3739b73dda61f0188bb1f99eaf1ad6be14fe6ea44c0ac8d6c5ad12090cf3,"{""distance"":5,""physical_error_rate"":0.02}","{""detection_events"":2123,""detectors_checked"":28672,""obs_mistake_mask=E"":2}"
       512,         1,         0,   0.604,standalone_exact_mw,d243a1b0b1308c5af35ad4523cb40bd83c282feda5b2af0b0940517b428d54bb,"{""distance"":5,""physical_error_rate"":0.01}","{""detection_events"":4449,""detectors_checked"":114688,""obs_mistake_mask=E"":1}"
       512,         1,         0,   0.851,standalone_exact_mw,d243a1b0b1308c5af35ad4523cb40bd83c282feda5b2af0b0940517b428d54bb,"{""distance"":5,""physical_error_rate"":0.01}","{""detection_events"":4623,""detectors_checked"":114688,""obs_mistake_mask=E"":1}"
        64,        34,         0,    1.37,standalone_exact_mw,116a60cbe496e8e5ed1b799237798a197a37b7e9de7e0dc58034c8e1135b3e40,"{""distance"":5,""physical_error_rate"":0.5}","{""detection_events"":6454,""detectors_checked"":14336,""obs_mistake_mask=E"":34}"
        48,        26,         0,   0.752,standalone_exact_mw,116a60cbe496e8e5ed1b799237798a197a37b7e9de7e0dc58034c8e1135b3e40,"{""distance"":5,""physical_error_rate"":0.5}","{""detection_events"":4764,""detectors_checked"":10752,""obs_mistake_mask=E"":26}"
      1024,         1,         0,   0.497,standalone_exact_mw,1a2d9ab41a8a393fdef1a304cd6cd3b39e7654fe1ff27694ddcd7a0d28bf707b,"{""distance"":5,""physical_error_rate"":0.005}","{""detection_events"":4564,""detectors_checked"":229376,""obs_mistake_mask=E"":1}"
     23552,         0,         0,    1.11,standalone_exact_mw,29ae76c7f86edcd2f56343e8109d8463cbc736644db4e57527101e2f1c3606c8,"{""distance"":5,""physical_error_rate"":0.0002}","{""detection_events"":4192,""detectors_checked"":5275648}"
       512,         0,         0,   0.485,standalone_exact_mw,d243a1b0b1308c5af35ad4523cb40bd83c282feda5b2af0b0940517b428d54bb,"{""distance"":5,""physical_error_rate"":0.01}","{""detection_events"":4464,""detectors_checked"":114688}"
      4096,         0,         0,    1.38,standalone_exact_mw,1a2d9ab41a8a393fdef1a304cd6cd3b39e7654fe1ff27694ddcd7a0d28bf707b,"{""distance"":5,""physical_error_rate"":0.005}","{""detection_events"":18467,""detectors_checked"":917504}"
      1024,         0,         0,   0.495,standalone_exact_mw,1a2d9ab41a8a393fdef1a304cd6cd3b39e7654fe1ff27694ddcd7a0d28bf707b,"{""distance"":5,""physical_error_rate"":0.005}","{""detection_events"":4591,""detectors_checked"":229376}"
        64,        11,         0,   0.580,standalone_exact_mw,c8b738028fda2b050c9255682a07cc95906733115fc52715e25155705a588b66,"{""distance"":5,""physical_error_rate"":0.05}","{""detection_events"":2199,""detectors_checked"":14336,""obs_mistake_mask=E"":11}"
       256,         5,         0,   0.786,standalone_exact_mw,3fbf3739b73dda61f0188bb1f99eaf1ad6be14fe6ea44c0ac8d6c5ad12090cf3,"{""distance"":5,""physical_error_rate"":0.02}","{""detection_events"":4509,""detectors_checked"":57344,""obs_mistake_mask=E"":5}"
     15360,         0,         0,   0.818,standalone_exact_mw,503ee55b5ad1b1988379a241a0405811522ee4d50b473755532ad1299cb121e2,"{""distance"":5,""physical_error_rate"":0.0005}","{""detection_events"":6996,""detectors_checked"":3440640}"
     18432,         0,         0,    1.63,standalone_exact_mw,77d802c74222c3324b7f1323f7447c6411ad27be92307b6127e53af575faadca,"{""distance"":5,""physical_error_rate"":0.001}","{""detection_events"":17019,""detectors_checked"":4128768}"
        32,        16,         0,   0.535,standalone_exact_mw,a2951cb9d6c05a6bf216e8b727426e1a3155bcc703ace3ee8fdcacfd84d170a7,"{""distance"":5,""physical_error_rate"":0.1}","{""detection_events"":1810,""detectors_checked"":7168,""obs_mistake_mask=E"":16}"
        32,         6,         0,   0.422,standalone_exact_mw,c8b738028fda2b050c9255682a07cc95906733115fc52715e25155705a588b66,"{""distance"":5,""physical_error_rate"":0.05}","{""detection_events"":1186,""detectors_checked"":7168,""obs_mistake_mask=E"":6}"
        32,        14,         0,   0.671,standalone_exact_mw,116a60cbe496e8e5ed1b799237798a197a37b7e9de7e0dc58034c8e1135b3e40,"{""distance"":5,""physical_error_rate"":0.5}","{""detection_events"":3200,""detectors_checked"":7168,""obs_mistake_mask=E"":14}"
     21504,         0,         0,    1.12,standalone_exact_mw,503ee55b5ad1b1988379a241a0405811522ee4d50b473755532ad1299cb121e2,"{""distance"":5,""physical_error_rate"":0.0005}","{""detection_events"":10102,""detectors_checked"":4816896}"
        32,         8,         0,   0.393,standalone_exact_mw,c8b738028fda2b050c9255682a07cc95906733115fc52715e25155705a588b66,"{""distance"":5,""physical_error_rate"":0.05}","{""detection_events"":1204,""detectors_checked"":7168,""obs_mistake_mask=E"":8}"
      1024,         1,         0,   0.299,standalone_exact_mw,1a2d9ab41a8a393fdef1a304cd6cd3b39e7654fe1ff27694ddcd7a0d28bf707b,"{""distance"":5,""physical_error_rate"":0.005}","{""detection_events"":4468,""detectors_checked"":229376,""obs_mistake_mask=E"":1}"
        32,        17,         0,   0.676,standalone_exact_mw,116a60cbe496e8e5ed1b799237798a197a37b7e9de7e0dc58034c8e1135b3e40,"{""distance"":5,""physical_error_rate"":0.5}","{""detection_events"":3266,""detectors_checked"":7168,""obs_mistake_mask=E"":17}"
       128,         4,         0,   0.584,standalone_exact_mw,3fbf3739b73dda61f0188bb1f99eaf1ad6be14fe6ea44c0ac8d6c5ad12090cf3,"{""distance"":5,""physical_error_rate"":0.02}","{""detection_events"":2178,""detectors_checked"":28672,""obs_mistake_mask=E"":4}"
        64,        32,         0,    1.15,standalone_exact_mw,a2951cb9d6c05a6bf216e8b727426e1a3155bcc703ace3ee8fdcacfd84d170a7,"{""distance"":5,""physical_error_rate"":0.1}","{""detection_events"":3605,""detectors_checked"":14336,""obs_mistake_mask=E"":32}"
        64,        31,         0,    1.09,standalone_exact_mw,a2951cb9d6c05a6bf216e8b727426e1a3155bcc703ace3ee8fdcacfd84d170a7,"{""distance"":5,""physical_error_rate"":0.1}","{""detection_events"":3807,""detectors_checked"":14336,""obs_mistake_mask=E"":31}"
     21504,         1,         0,    1.15,standalone_exact_mw,77d802c74222c3324b7f1323f7447c6411ad27be92307b6127e53af575faadca,"{""distance"":5,""physical_error_rate"":0.001}","{""detection_events"":20056,""detectors_checked"":4816896,""obs_mistake_mask=E"":1}"
       256,         9,         0,    1.18,standalone_exact_mw,3fbf3739b73dda61f0188bb1f99eaf1ad6be14fe6ea44c0ac8d6c5ad12090cf3,"{""distance"":5,""physical_error_rate"":0.02}","{""detection_events"":4384,""detectors_checked"":57344,""obs_mistake_mask=E"":9}"
     22528,         0,         0,    1.60,standalone_exact_mw,77d802c74222c3324b7f1323f7447c6411ad27be92307b6127e53af575faadca,"{""distance"":5,""physical_error_rate"":0.001}","{""detection_events"":21010,""detectors_checked"":5046272}"
       512,         1,         0,   0.623,standalone_exact_mw,d243a1b0b1308c5af35ad4523cb40bd83c282feda5b2af0b0940517b428d54bb,"{""distance"":5,""physical_error_rate"":0.01}","{""detection_events"":4328,""detectors_checked"":114688,""obs_mistake_mask=E"":1}"
     72704,         0,         0,    2.18,standalone_exact_mw,29ae76c7f86edcd2f56343e8109d8463cbc736644db4e57527101e2f1c3606c8,"{""distance"":5,""physical_error_rate"":0.0002}","{""detection_events"":13650,""detectors_checked"":16285696}"
       512,         3,         0,   0.585,standalone_exact_mw,d243a1b0b1308c5af35ad4523cb40bd83c282feda5b2af0b0940517b428d54bb,"{""distance"":5,""physical_error_rate"":0.01}","{""detection_events"":4355,""detectors_checked"":114688,""obs_mistake_mask=E"":3}"
        32,         5,         0,   0.392,standalone_exact_mw,c8b738028fda2b050c9255682a07cc95906733115fc52715e25155705a588b66,"{""distance"":5,""physical_error_rate"":0.05}","{""detection_events"":1179,""detectors_checked"":7168,""obs_mistake_mask=E"":5}"
      1024,         1,         0,   0.352,standalone_exact_mw,1a2d9ab41a8a393fdef1a304cd6cd3b39e7654fe1ff27694ddcd7a0d28bf707b,"{""distance"":5,""physical_error_rate"":0.005}","{""detection_events"":4646,""detectors_checked"":229376,""obs_mistake_mask=E"":1}"
       512,         1,         0,   0.676,standalone_exact_mw,d243a1b0b1308c5af35ad4523cb40bd83c282feda5b2af0b0940517b428d54bb,"{""distance"":5,""physical_error_rate"":0.01}","{""detection_events"":4664,""detectors_checked"":114688,""obs_mistake_mask=E"":1}"
     14336,         0,         0,    1.59,standalone_exact_mw,7bb6e20e48600212890a8c0dbf00c9e78f41358e09b12be0f89e4aae4bc5d684,"{""distance"":5,""physical_error_rate"":0.002}","{""detection_events"":26644,""detectors_checked"":3211264}"
        32,         3,         0,   0.419,standalone_exact_mw,c8b738028fda2b050c9255682a07cc95906733115fc52715e25155705a588b66,"{""distance"":5,""physical_error_rate"":0.05}","{""detection_events"":1150,""detectors_checked"":7168,""obs_mistake_mask=E"":3}"
     45056,         0,         0,    1.13,standalone_exact_mw,aea10f45e3589e84a00777b800d38e8a3149bd6cb552c409f3bffd718c1a0abf,"{""distance"":5,""physical_error_rate"":5e-05}","{""detection_events"":2041,""detectors_checked"":10092544}"
     44032,         0,         0,    1.60,standalone_exact_mw,cc9149276d16e61a5ac322a1d2048afebd34054fe0ed4879b77eb616628c1148,"{""distance"":5,""physical_error_rate"":0.0001}","{""detection_events"":4000,""detectors_checked"":9863168}"
        32,        17,         0,   0.553,standalone_exact_mw,a2951cb9d6c05a6bf216e8b727426e1a3155bcc703ace3ee8fdcacfd84d170a7,"{""distance"":5,""physical_error_rate"":0.1}","{""detection_events"":1842,""detectors_checked"":7168,""obs_mistake_mask=E"":17}"
      1024,         3,         0,    1.26,standalone_exact_mw,d243a1b0b1308c5af35ad4523cb40bd83c282feda5b2af0b0940517b428d54bb,"{""distance"":5,""physical_error_rate"":0.01}","{""detection_events"":9017,""detectors_checked"":229376,""obs_mistake_mask=E"":3}"
       384,         2,         0,    1.39,standalone_exact_mw,3fbf3739b73dda61f0188bb1f99eaf1ad6be14fe6ea44c0ac8d6c5ad12090cf3,"{""distance"":5,""physical_error_rate"":0.02}","{""detection_events"":6216,""detectors_checked"":86016,""obs_mistake_mask=E"":2}"
       256,        10,         0,   0.865,standalone_exact_mw,3fbf3739b73dda61f0188bb1f99eaf1ad6be14fe6ea44c0ac8d6c5ad12090cf3,"{""distance"":5,""physical_error_rate"":0.02}","{""detection_events"":4313,""detectors_checked"":57344,""obs_mistake_mask=E"":10}"
     33792,         0,         0,    1.12,standalone_exact_mw,aea10f45e3589e84a00777b800d38e8a3149bd6cb552c409f3bffd718c1a0abf,"{""distance"":5,""physical_error_rate"":5e-05}","{""detection_events"":1510,""detectors_checked"":7569408}"
     60416,         0,         0,    2.16,standalone_exact_mw,cc9149276d16e61a5ac322a1d2048afebd34054fe0ed4879b77eb616628c1148,"{""distance"":5,""physical_error_rate"":0.0001}","{""detection_events"":5749,""detectors_checked"":13533184}"
      2048,         0,         0,   0.827,standalone_exact_mw,1a2d9ab41a8a393fdef1a304cd6cd3b39e7654fe1ff27694ddcd7a0d28bf707b,"{""distance"":5,""physical_error_rate"":0.005}","{""detection_events"":9316,""detectors_checked"":458752}"
      1024,         1,         0,    1.19,standalone_exact_mw,d243a1b0b1308c5af35ad4523cb40bd83c282feda5b2af0b0940517b428d54bb,"{""distance"":5,""physical_error_rate"":0.01}","{""detection_events"":8917,""detectors_checked"":229376,""obs_mistake_mask=E"":1}"
        64,        27,         0,    1.09,standalone_exact_mw,a2951cb9d6c05a6bf216e8b727426e1a3155bcc703ace3ee8fdcacfd84d170a7,"{""distance"":5,""physical_error_rate"":0.1}","{""detection_events"":3637,""detectors_checked"":14336,""obs_mistake_mask=E"":27}"
        32,        16,         0,   0.670,standalone_exact_mw,116a60cbe496e8e5ed1b799237798a197a37b7e9de7e0dc58034c8e1135b3e40,"{""distance"":5,""physical_error_rate"":0.5}","{""detection_events"":3240,""detectors_checked"":7168,""obs_mistake_mask=E"":16}"
       512,         1,         0,   0.317,standalone_exact_mw,d243a1b0b1308c5af35ad4523cb40bd83c282feda5b2af0b0940517b428d54bb,"{""distance"":5,""physical_error_rate"":0.01}","{""detection_events"":4346,""detectors_checked"":114688,""obs_mistake_mask=E"":1}"
       256,         7,         0,   0.841,standalone_exact_mw,3fbf3739b73dda61f0188bb1f99eaf1ad6be14fe6ea44c0ac8d6c5ad12090cf3,"{""distance"":5,""physical_error_rate"":0.02}","{""detection_events"":4429,""detectors_checked"":57344,""obs_mistake_mask=E"":7}"
        64,        36,         0,    1.00,standalone_exact_mw,116a60cbe496e8e5ed1b799237798a197a37b7e9de7e0dc58034c8e1135b3e40,"{""distance"":5,""physical_error_rate"":0.5}","{""detection_events"":6454,""detectors_checked"":14336,""obs_mistake_mask=E"":36}"
     14336,         1,         0,    1.67,standalone_exact_mw,7bb6e20e48600212890a8c0dbf00c9e78f41358e09b12be0f89e4aae4bc5d684,"{""distance"":5,""physical_error_rate"":0.002}","{""detection_events"":25909,""detectors_checked"":3211264,""obs_mistake_mask=E"":1}"
        64,        26,         0,    1.07,standalone_exact_mw,a2951cb9d6c05a6bf216e8b727426e1a3155bcc703ace3ee8fdcacfd84d170a7,"{""distance"":5,""physical_error_rate"":0.1}","{""detection_events"":3689,""detectors_checked"":14336,""obs_mistake_mask=E"":26}"
        32,         5,         0,   0.417,standalone_exact_mw,c8b738028fda2b050c9255682a07cc95906733115fc52715e25155705a588b66,"{""distance"":5,""physical_error_rate"":0.05}","{""detection_events"":1150,""detectors_checked"":7168,""obs_mistake_mask=E"":5}"
        32,        14,         0,   0.670,standalone_exact_mw,116a60cbe496e8e5ed1b799237798a197a37b7e9de7e0dc58034c8e1135b3e40,"{""distance"":5,""physical_error_rate"":0.5}","{""detection_events"":3237,""detectors_checked"":7168,""obs_mistake_mask=E"":14}"
        32,         7,         0,   0.365,standalone_exact_mw,c8b738028fda2b050c9255682a07cc95906733115fc52715e25155705a588b66,"{""distance"":5,""physical_error_rate"":0.05}","{""detection_events"":1101,""detectors_checked"":7168,""obs_mistake_mask=E"":7}"
       128,         3,         0,   0.700,standalone_exact_mw,3fbf3739b73dda61f0188bb1f99eaf1ad6be14fe6ea44c0ac8d6c5ad12090cf3,"{""distance"":5,""physical_error_rate"":0.02}","{""detection_events"":2243,""detectors_checked"":28672,""obs_mistake_mask=E"":3}"
       512,         0,         0,   0.240,standalone_exact_mw,d243a1b0b1308c5af35ad4523cb40bd83c282feda5b2af0b0940517b428d54bb,"{""distance"":5,""physical_error_rate"":0.01}","{""detection_events"":4401,""detectors_checked"":114688}"
     24576,         0,         0,    1.61,standalone_exact_mw,503ee55b5ad1b1988379a241a0405811522ee4d50b473755532ad1299cb121e2,"{""distance"":5,""physical_error_rate"":0.0005}","{""detection_events"":11600,""detectors_checked"":5505024}"
     13312,         1,         0,    1.62,standalone_exact_mw,7bb6e20e48600212890a8c0dbf00c9e78f41358e09b12be0f89e4aae4bc5d684,"{""distance"":5,""physical_error_rate"":0.002}","{""detection_events"":24418,""detectors_checked"":2981888,""obs_mistake_mask=E"":1}"
      1024,         1,         0,   0.590,standalone_exact_mw,1a2d9ab41a8a393fdef1a304cd6cd3b39e7654fe1ff27694ddcd7a0d28bf707b,"{""distance"":5,""physical_error_rate"":0.005}","{""detection_events"":4552,""detectors_checked"":229376,""obs_mistake_mask=E"":1}"
     32768,         0,         0,    1.11,standalone_exact_mw,503ee55b5ad1b1988379a241a0405811522ee4d50b473755532ad1299cb121e2,"{""distance"":5,""physical_error_rate"":0.0005}","{""detection_events"":14808,""detectors_checked"":7340032}"
       512,         1,         0,   0.688,standalone_exact_mw,d243a1b0b1308c5af35ad4523cb40bd83c282feda5b2af0b0940517b428d54bb,"{""distance"":5,""physical_error_rate"":0.01}","{""detection_events"":4560,""detectors_checked"":114688,""obs_mistake_mask=E"":1}"
     77824,         0,         0,    2.18,standalone_exact_mw,aea10f45e3589e84a00777b800d38e8a3149bd6cb552c409f3bffd718c1a0abf,"{""distance"":5,""physical_error_rate"":5e-05}","{""detection_events"":3680,""detectors_checked"":17432576}"
    102400,         0,         0,    3.07,standalone_exact_mw,29ae76c7f86edcd2f56343e8109d8463cbc736644db4e57527101e2f1c3606c8,"{""distance"":5,""physical_error_rate"":0.0002}","{""detection_events"":19146,""detectors_checked"":22937600}"
       128,        29,         0,    1.57,standalone_exact_mw,c8b738028fda2b050c9255682a07cc95906733115fc52715e25155705a588b66,"{""distance"":5,""physical_error_rate"":0.05}","{""detection_events"":4507,""detectors_checked"":28672,""obs_mistake_mask=E"":29}"
     99328,         0,         0,    4.26,standalone_exact_mw,503ee55b5ad1b1988379a241a0405811522ee4d50b473755532ad1299cb121e2,"{""distance"":5,""physical_error_rate"":0.0005}","{""detection_events"":45319,""detectors_checked"":22249472}"
        32,        16,         0,   0.635,standalone_exact_mw,a2951cb9d6c05a6bf216e8b727426e1a3155bcc703ace3ee8fdcacfd84d170a7,"{""distance"":5,""physical_error_rate"":0.1}","{""detection_events"":1831,""detectors_checked"":7168,""obs_mistake_mask=E"":16}"
    169984,         0,         0,    5.99,standalone_exact_mw,29ae76c7f86edcd2f56343e8109d8463cbc736644db4e57527101e2f1c3606c8,"{""distance"":5,""physical_error_rate"":0.0002}","{""detection_events"":31583,""detectors_checked"":38076416}"
        32,         6,         0,   0.423,standalone_exact_mw,c8b738028fda2b050c9255682a07cc95906733115fc52715e25155705a588b66,"{""distance"":5,""physical_error_rate"":0.05}","{""detection_events"":1204,""detectors_checked"":7168,""obs_mistake_mask=E"":6}"
       128,        22,         0,    1.47,standalone_exact_mw,c8b738028fda2b050c9255682a07cc95906733115fc52715e25155705a588b66,"{""distance"":5,""physical_error_rate"":0.05}","{""detection_events"":4485,""detectors_checked"":28672,""obs_mistake_mask=E"":22}"
      1024,         0,         0,   0.339,standalone_exact_mw,1a2d9ab41a8a393fdef1a304cd6cd3b39e7654fe1ff27694ddcd7a0d28bf707b,"{""distance"":5,""physical_error_rate"":0.005}","{""detection_events"":4652,""detectors_checked"":229376}"
     30720,         0,         0,    1.55,standalone_exact_mw,29ae76c7f86edcd2f56343e8109d8463cbc736644db4e57527101e2f1c3606c8,"{""distance"":5,""physical_error_rate"":0.0002}","{""detection_events"":5668,""detectors_checked"":6881280}"
        32,        15,         0,   0.691,standalone_exact_mw,116a60cbe496e8e5ed1b799237798a197a37b7e9de7e0dc58034c8e1135b3e40,"{""distance"":5,""physical_error_rate"":0.5}","{""detection_events"":3187,""detectors_checked"":7168,""obs_mistake_mask=E"":15}"
        64,        32,         0,    1.14,standalone_exact_mw,a2951cb9d6c05a6bf216e8b727426e1a3155bcc703ace3ee8fdcacfd84d170a7,"{""distance"":5,""physical_error_rate"":0.1}","{""detection_events"":3663,""detectors_checked"":14336,""obs_mistake_mask=E"":32}"
      1024,         2,         0,   0.475,standalone_exact_mw,d243a1b0b1308c5af35ad4523cb40bd83c282feda5b2af0b0940517b428d54bb,"{""distance"":5,""physical_error_rate"":0.01}","{""detection_events"":9163,""detectors_checked"":229376,""obs_mistake_mask=E"":2}"
       256,         2,         0,    1.07,standalone_exact_mw,3fbf3739b73dda61f0188bb1f99eaf1ad6be14fe6ea44c0ac8d6c5ad12090cf3,"{""distance"":5,""physical_error_rate"":0.02}","{""detection_events"":4248,""detectors_checked"":57344,""obs_mistake_mask=E"":2}"
       512,         1,         0,    1.01,standalone_exact_mw,d243a1b0b1308c5af35ad4523cb40bd83c282feda5b2af0b0940517b428d54bb,"{""distance"":5,""physical_error_rate"":0.01}","{""detection_events"":4604,""detectors_checked"":114688,""obs_mistake_mask=E"":1}"
     15360,         7,         0,    4.31,standalone_exact_mw,1a2d9ab41a8a393fdef1a304cd6cd3b39e7654fe1ff27694ddcd7a0d28bf707b,"{""distance"":5,""physical_error_rate"":0.005}","{""detection_events"":69441,""detectors_checked"":3440640,""obs_mistake_mask=E"":7}"
        32,        19,         0,   0.669,standalone_exact_mw,116a60cbe496e8e5ed1b799237798a197a37b7e9de7e0dc58034c8e1135b3e40,"{""distance"":5,""physical_error_rate"":0.5}","{""detection_events"":3267,""detectors_checked"":7168,""obs_mistake_mask=E"":19}"
       256,         5,         0,   0.891,standalone_exact_mw,3fbf3739b73dda61f0188bb1f99eaf1ad6be14fe6ea44c0ac8d6c5ad12090cf3,"{""distance"":5,""physical_error_rate"":0.02}","{""detection_events"":4325,""detectors_checked"":57344,""obs_mistake_mask=E"":5}"
       128,         3,         0,   0.600,standalone_exact_mw,3fbf3739b73dda61f0188bb1f99eaf1ad6be14fe6ea44c0ac8d6c5ad12090cf3,"{""distance"":5,""physical_error_rate"":0.02}","{""detection_events"":2174,""detectors_checked"":28672,""obs_mistake_mask=E"":3}"
        80,        45,         0,    1.74,standalone_exact_mw,116a60cbe496e8e5ed1b799237798a197a37b7e9de7e0dc58034c8e1135b3e40,"{""distance"":5,""physical_error_rate"":0.5}","{""detection_events"":8247,""detectors_checked"":17920,""obs_mistake_mask=E"":45}"
       256,         5,         0,   0.772,standalone_exact_mw,3fbf3739b73dda61f0188bb1f99eaf1ad6be14fe6ea44c0ac8d6c5ad12090cf3,"{""distance"":5,""physical_error_rate"":0.02}","{""detection_events"":4296,""detectors_checked"":57344,""obs_mistake_mask=E"":5}"
      2048,         2,         0,   0.897,standalone_exact_mw,1a2d9ab41a8a393fdef1a304cd6cd3b39e7654fe1ff27694ddcd7a0d28bf707b,"{""distance"":5,""physical_error_rate"":0.005}","{""detection_events"":9104,""detectors_checked"":458752,""obs_mistake_mask=E"":2}"
        64,        11,         0,   0.781,standalone_exact_mw,c8b738028fda2b050c9255682a07cc95906733115fc52715e25155705a588b66,"{""distance"":5,""physical_error_rate"":0.05}","{""detection_events"":2263,""detectors_checked"":14336,""obs_mistake_mask=E"":11}"
     47104,         0,         0,    2.18,standalone_exact_mw,77d802c74222c3324b7f1323f7447c6411ad27be92307b6127e53af575faadca,"{""distance"":5,""physical_error_rate"":0.001}","{""detection_events"":43856,""detectors_checked"":10551296}"
     23552,         0,         0,    1.58,standalone_exact_mw,503ee55b5ad1b1988379a241a0405811522ee4d50b473755532ad1299cb121e2,"{""distance"":5,""physical_error_rate"":0.0005}","{""detection_events"":10710,""detectors_checked"":5275648}"
        32,         9,         0,   0.443,standalone_exact_mw,c8b738028fda2b050c9255682a07cc95906733115fc52715e25155705a588b66,"{""distance"":5,""physical_error_rate"":0.05}","{""detection_events"":1201,""detectors_checked"":7168,""obs_mistake_mask=E"":9}"
      5120,         1,         0,    1.90,standalone_exact_mw,1a2d9ab41a8a393fdef1a304cd6cd3b39e7654fe1ff27694ddcd7a0d28bf707b,"{""distance"":5,""physical_error_rate"":0.005}","{""detection_events"":23027,""detectors_checked"":1146880,""obs_mistake_mask=E"":1}"
     18432,         0,         0,    2.21,standalone_exact_mw,7bb6e20e48600212890a8c0dbf00c9e78f41358e09b12be0f89e4aae4bc5d684,"{""distance"":5,""physical_error_rate"":0.002}","{""detection_events"":34582,""detectors_checked"":4128768}"
        64,        31,         0,   0.990,standalone_exact_mw,116a60cbe496e8e5ed1b799237798a197a37b7e9de7e0dc58034c8e1135b3e40,"{""distance"":5,""physical_error_rate"":0.5}","{""detection_events"":6572,""detectors_checked"":14336,""obs_mistake_mask=E"":31}"
     46080,         0,         0,    2.16,standalone_exact_mw,cc9149276d16e61a5ac322a1d2048afebd34054fe0ed4879b77eb616628c1148,"{""distance"":5,""physical_error_rate"":0.0001}","{""detection_events"":4083,""detectors_checked"":10321920}"
      1024,         0,         0,   0.496,standalone_exact_mw,1a2d9ab41a8a393fdef1a304cd6cd3b39e7654fe1ff27694ddcd7a0d28bf707b,"{""distance"":5,""physical_error_rate"":0.005}","{""detection_events"":4528,""detectors_checked"":229376}"
       512,         3,         0,   0.799,standalone_exact_mw,d243a1b0b1308c5af35ad4523cb40bd83c282feda5b2af0b0940517b428d54bb,"{""distance"":5,""physical_error_rate"":0.01}","{""detection_events"":4517,""detectors_checked"":114688,""obs_mistake_mask=E"":3}"
       512,         1,         0,   0.417,standalone_exact_mw,d243a1b0b1308c5af35ad4523cb40bd83c282feda5b2af0b0940517b428d54bb,"{""distance"":5,""physical_error_rate"":0.01}","{""detection_events"":4517,""detectors_checked"":114688,""obs_mistake_mask=E"":1}"
        96,        30,         0,    1.62,standalone_exact_mw,a2951cb9d6c05a6bf216e8b727426e1a3155bcc703ace3ee8fdcacfd84d170a7,"{""distance"":5,""physical_error_rate"":0.1}","{""detection_events"":5533,""detectors_checked"":21504,""obs_mistake_mask=E"":30}"
        64,        29,         0,    1.10,standalone_exact_mw,a2951cb9d6c05a6bf216e8b727426e1a3155bcc703ace3ee8fdcacfd84d170a7,"{""distance"":5,""physical_error_rate"":0.1}","{""detection_events"":3687,""detectors_checked"":14336,""obs_mistake_mask=E"":29}"
     71680,         0,         0,    2.96,standalone_exact_mw,aea10f45e3589e84a00777b800d38e8a3149bd6cb552c409f3bffd718c1a0abf,"{""distance"":5,""physical_error_rate"":5e-05}","{""detection_events"":3297,""detectors_checked"":16056320}"
     30720,         0,         0,    1.57,standalone_exact_mw,77d802c74222c3324b7f1323f7447c6411ad27be92307b6127e53af575faadca,"{""distance"":5,""physical_error_rate"":0.001}","{""detection_events"":29101,""detectors_checked"":6881280}"
      1024,         3,         0,    1.40,standalone_exact_mw,d243a1b0b1308c5af35ad4523cb40bd83c282feda5b2af0b0940517b428d54bb,"{""distance"":5,""physical_error_rate"":0.01}","{""detection_events"":9073,""detectors_checked"":229376,""obs_mistake_mask=E"":3}"
     62464,         0,         0,    1.56,standalone_exact_mw,aea10f45e3589e84a00777b800d38e8a3149bd6cb552c409f3bffd718c1a0abf,"{""distance"":5,""physical_error_rate"":5e-05}","{""detection_events"":2938,""detectors_checked"":13991936}"
        32,         8,         0,   0.703,standalone_exact_mw,a2951cb9d6c05a6bf216e8b727426e1a3155bcc703ace3ee8fdcacfd84d170a7,"{""distance"":5,""physical_error_rate"":0.1}","{""detection_events"":1844,""detectors_checked"":7168,""obs_mistake_mask=E"":8}"
       128,         2,         0,   0.646,standalone_exact_mw,3fbf3739b73dda61f0188bb1f99eaf1ad6be14fe6ea44c0ac8d6c5ad12090cf3,"{""distance"":5,""physical_error_rate"":0.02}","{""detection_events"":2195,""detectors_checked"":28672,""obs_mistake_mask=E"":2}"
        32,        16,         0,   0.781,standalone_exact_mw,116a60cbe496e8e5ed1b799237798a197a37b7e9de7e0dc58034c8e1135b3e40,"{""distance"":5,""physical_error_rate"":0.5}","{""detection_events"":3306,""detectors_checked"":7168,""obs_mistake_mask=E"":16}"
     24576,         0,         0,    2.17,standalone_exact_mw,77d802c74222c3324b7f1323f7447c6411ad27be92307b6127e53af575faadca,"{""distance"":5,""physical_error_rate"":0.001}","{""detection_events"":23169,""detectors_checked"":5505024}"
     48128,         0,         0,    1.56,standalone_exact_mw,aea10f45e3589e84a00777b800d38e8a3149bd6cb552c409f3bffd718c1a0abf,"{""distance"":5,""physical_error_rate"":5e-05}","{""detection_events"":2323,""detectors_checked"":10780672}"
      1024,         3,         0,   0.774,standalone_exact_mw,d243a1b0b1308c5af35ad4523cb40bd83c282feda5b2af0b0940517b428d54bb,"{""distance"":5,""physical_error_rate"":0.01}","{""detection_events"":8873,""detectors_checked"":229376,""obs_mistake_mask=E"":3}"
        96,        34,         0,    1.55,standalone_exact_mw,a2951cb9d6c05a6bf216e8b727426e1a3155bcc703ace3ee8fdcacfd84d170a7,"{""distance"":5,""physical_error_rate"":0.1}","{""detection_events"":5606,""detectors_checked"":21504,""obs_mistake_mask=E"":34}"
      1024,         0,         0,   0.416,standalone_exact_mw,1a2d9ab41a8a393fdef1a304cd6cd3b39e7654fe1ff27694ddcd7a0d28bf707b,"{""distance"":5,""physical_error_rate"":0.005}","{""detection_events"":4679,""detectors_checked"":229376}"
        64,        28,         0,    1.11,standalone_exact_mw,a2951cb9d6c05a6bf216e8b727426e1a3155bcc703ace3ee8fdcacfd84d170a7,"{""distance"":5,""physical_error_rate"":0.1}","{""detection_events"":3656,""detectors_checked"":14336,""obs_mistake_mask=E"":28}"
        32,        14,         0,   0.800,standalone_exact_mw,116a60cbe496e8e5ed1b799237798a197a37b7e9de7e0dc58034c8e1135b3e40,"{""distance"":5,""physical_error_rate"":0.5}","{""detection_events"":3274,""detectors_checked"":7168,""obs_mistake_mask=E"":14}"
       256,         5,         0,   0.759,standalone_exact_mw,3fbf3739b73dda61f0188bb1f99eaf1ad6be14fe6ea44c0ac8d6c5ad12090cf3,"{""distance"":5,""physical_error_rate"":0.02}","{""detection_events"":4258,""detectors_checked"":57344,""obs_mistake_mask=E"":5}"
     80896,         0,         0,    3.04,standalone_exact_mw,cc9149276d16e61a5ac322a1d2048afebd34054fe0ed4879b77eb616628c1148,"{""distance"":5,""physical_error_rate"":0.0001}","{""detection_events"":7680,""detectors_checked"":18120704}"
       384,         7,         0,    1.77,standalone_exact_mw,3fbf3739b73dda61f0188bb1f99eaf1ad6be14fe6ea44c0ac8d6c5ad12090cf3,"{""distance"":5,""physical_error_rate"":0.02}","{""detection_events"":6425,""detectors_checked"":86016,""obs_mistake_mask=E"":7}"
       256,        51,         0,    3.26,standalone_exact_mw,c8b738028fda2b050c9255682a07cc95906733115fc52715e25155705a588b66,"{""distance"":5,""physical_error_rate"":0.05}","{""detection_events"":9328,""detectors_checked"":57344,""obs_mistake_mask=E"":51}"
        64,        11,         0,   0.695,standalone_exact_mw,c8b738028fda2b050c9255682a07cc95906733115fc52715e25155705a588b66,"{""distance"":5,""physical_error_rate"":0.05}","{""detection_events"":2337,""detectors_checked"":14336,""obs_mistake_mask=E"":11}"
       256,         5,         0,   0.923,standalone_exact_mw,3fbf3739b73dda61f0188bb1f99eaf1ad6be14fe6ea44c0ac8d6c5ad12090cf3,"{""distance"":5,""physical_error_rate"":0.02}","{""detection_events"":4334,""detectors_checked"":57344,""obs_mistake_mask=E"":5}"
        64,        10,         0,   0.853,standalone_exact_mw,c8b738028fda2b050c9255682a07cc95906733115fc52715e25155705a588b66,"{""distance"":5,""physical_error_rate"":0.05}","{""detection_events"":2201,""detectors_checked"":14336,""obs_mistake_mask=E"":10}"
      2560,         6,         0,    1.80,standalone_exact_mw,d243a1b0b1308c5af35ad4523cb40bd83c282feda5b2af0b0940517b428d54bb,"{""distance"":5,""physical_error_rate"":0.01}","{""detection_events"":22574,""detectors_checked"":573440,""obs_mistake_mask=E"":6}"
     30720,         1,         0,    2.17,standalone_exact_mw,77d802c74222c3324b7f1323f7447c6411ad27be92307b6127e53af575faadca,"{""distance"":5,""physical_error_rate"":0.001}","{""detection_events"":28003,""detectors_checked"":6881280,""obs_mistake_mask=E"":1}"
       512,         0,         0,   0.723,standalone_exact_mw,d243a1b0b1308c5af35ad4523cb40bd83c282feda5b2af0b0940517b428d54bb,"{""distance"":5,""physical_error_rate"":0.01}","{""detection_events"":4500,""detectors_checked"":114688}"
     65536,         0,         0,    1.53,standalone_exact_mw,503ee55b5ad1b1988379a241a0405811522ee4d50b473755532ad1299cb121e2,"{""distance"":5,""physical_error_rate"":0.0005}","{""detection_events"":30546,""detectors_checked"":14680064}"
     19456,         0,         0,    2.19,standalone_exact_mw,7bb6e20e48600212890a8c0dbf00c9e78f41358e09b12be0f89e4aae4bc5d684,"{""distance"":5,""physical_error_rate"":0.002}","{""detection_events"":35489,""detectors_checked"":4358144}"
      1024,         0,         0,   0.414,standalone_exact_mw,1a2d9ab41a8a393fdef1a304cd6cd3b39e7654fe1ff27694ddcd7a0d28bf707b,"{""distance"":5,""physical_error_rate"":0.005}","{""detection_events"":4466,""detectors_checked"":229376}"
       256,         3,         0,    1.25,standalone_exact_mw,3fbf3739b73dda61f0188bb1f99eaf1ad6be14fe6ea44c0ac8d6c5ad12090cf3,"{""distance"":5,""physical_error_rate"":0.02}","{""detection_events"":4182,""detectors_checked"":57344,""obs_mistake_mask=E"":3}"
     56320,         0,         0,    2.14,standalone_exact_mw,cc9149276d16e61a5ac322a1d2048afebd34054fe0ed4879b77eb616628c1148,"{""distance"":5,""physical_error_rate"":0.0001}","{""detection_events"":5272,""detectors_checked"":12615680}"
       128,        35,         0,    1.45,standalone_exact_mw,c8b738028fda2b050c9255682a07cc95906733115fc52715e25155705a588b66,"{""distance"":5,""physical_error_rate"":0.05}","{""detection_events"":4576,""detectors_checked"":28672,""obs_mistake_mask=E"":35}"
      3072,         1,         0,    1.25,standalone_exact_mw,1a2d9ab41a8a393fdef1a304cd6cd3b39e7654fe1ff27694ddcd7a0d28bf707b,"{""distance"":5,""physical_error_rate"":0.005}","{""detection_events"":14001,""detectors_checked"":688128,""obs_mistake_mask=E"":1}"
       128,        20,         0,    1.69,standalone_exact_mw,c8b738028fda2b050c9255682a07cc95906733115fc52715e25155705a588b66,"{""distance"":5,""physical_error_rate"":0.05}","{""detection_events"":4616,""detectors_checked"":28672,""obs_mistake_mask=E"":20}"
      1024,         4,         0,    1.07,standalone_exact_mw,d243a1b0b1308c5af35ad4523cb40bd83c282feda5b2af0b0940517b428d54bb,"{""distance"":5,""physical_error_rate"":0.01}","{""detection_events"":9130,""detectors_checked"":229376,""obs_mistake_mask=E"":4}"
     18432,         0,         0,    2.19,standalone_exact_mw,7bb6e20e48600212890a8c0dbf00c9e78f41358e09b12be0f89e4aae4bc5d684,"{""distance"":5,""physical_error_rate"":0.002}","{""detection_events"":33991,""detectors_checked"":4128768}"
      1024,         2,         0,   0.771,standalone_exact_mw,d243a1b0b1308c5af35ad4523cb40bd83c282feda5b2af0b0940517b428d54bb,"{""distance"":5,""physical_error_rate"":0.01}","{""detection_events"":8674,""detectors_checked"":229376,""obs_mistake_mask=E"":2}"
        64,        26,         0,    1.29,standalone_exact_mw,116a60cbe496e8e5ed1b799237798a197a37b7e9de7e0dc58034c8e1135b3e40,"{""distance"":5,""physical_error_rate"":0.5}","{""detection_events"":6536,""detectors_checked"":14336,""obs_mistake_mask=E"":26}"
      1024,         0,         0,   0.400,standalone_exact_mw,1a2d9ab41a8a393fdef1a304cd6cd3b39e7654fe1ff27694ddcd7a0d28bf707b,"{""distance"":5,""physical_error_rate"":0.005}","{""detection_events"":4936,""detectors_checked"":229376}"
      1024,         4,         0,    1.23,standalone_exact_mw,d243a1b0b1308c5af35ad4523cb40bd83c282feda5b2af0b0940517b428d54bb,"{""distance"":5,""physical_error_rate"":0.01}","{""detection_events"":9124,""detectors_checked"":229376,""obs_mistake_mask=E"":4}"
     34816,         0,         0,    2.25,standalone_exact_mw,503ee55b5ad1b1988379a241a0405811522ee4d50b473755532ad1299cb121e2,"{""distance"":5,""physical_error_rate"":0.0005}","{""detection_events"":16185,""detectors_checked"":7798784}"
     18432,         0,         0,    2.22,standalone_exact_mw,7bb6e20e48600212890a8c0dbf00c9e78f41358e09b12be0f89e4aae4bc5d684,"{""distance"":5,""physical_error_rate"":0.002}","{""detection_events"":34011,""detectors_checked"":4128768}"
        64,        11,         0,   0.816,standalone_exact_mw,c8b738028fda2b050c9255682a07cc95906733115fc52715e25155705a588b66,"{""distance"":5,""physical_error_rate"":0.05}","{""detection_events"":2294,""detectors_checked"":14336,""obs_mistake_mask=E"":11}"
       256,         4,         0,   0.815,standalone_exact_mw,3fbf3739b73dda61f0188bb1f99eaf1ad6be14fe6ea44c0ac8d6c5ad12090cf3,"{""distance"":5,""physical_error_rate"":0.02}","{""detection_events"":4139,""detectors_checked"":57344,""obs_mistake_mask=E"":4}"
       512,         1,         0,   0.678,standalone_exact_mw,d243a1b0b1308c5af35ad4523cb40bd83c282feda5b2af0b0940517b428d54bb,"{""distance"":5,""physical_error_rate"":0.01}","{""detection_events"":4430,""detectors_checked"":114688,""obs_mistake_mask=E"":1}"
       256,         6,         0,    1.03,standalone_exact_mw,3fbf3739b73dda61f0188bb1f99eaf1ad6be14fe6ea44c0ac8d6c5ad12090cf3,"{""distance"":5,""physical_error_rate"":0.02}","{""detection_events"":4357,""detectors_checked"":57344,""obs_mistake_mask=E"":6}"
    247808,         0,         0,    5.97,standalone_exact_mw,aea10f45e3589e84a00777b800d38e8a3149bd6cb552c409f3bffd718c1a0abf,"{""distance"":5,""physical_error_rate"":5e-05}","{""detection_events"":11478,""detectors_checked"":55508992}"
    184320,         0,         0,    3.03,standalone_exact_mw,29ae76c7f86edcd2f56343e8109d8463cbc736644db4e57527101e2f1c3606c8,"{""distance"":5,""physical_error_rate"":0.0002}","{""detection_events"":34617,""detectors_checked"":41287680}"
        64,        32,         0,    1.33,standalone_exact_mw,116a60cbe496e8e5ed1b799237798a197a37b7e9de7e0dc58034c8e1135b3e40,"{""distance"":5,""physical_error_rate"":0.5}","{""detection_events"":6494,""detectors_checked"":14336,""obs_mistake_mask=E"":32}"
       256,         8,         0,    1.38,standalone_exact_mw,3fbf3739b73dda61f0188bb1f99eaf1ad6be14fe6ea44c0ac8d6c5ad12090cf3,"{""distance"":5,""physical_error_rate"":0.02}","{""detection_events"":4271,""detectors_checked"":57344,""obs_mistake_mask=E"":8}"
     43008,         0,         0,    2.16,standalone_exact_mw,29ae76c7f86edcd2f56343e8109d8463cbc736644db4e57527101e2f1c3606c8,"{""distance"":5,""physical_error_rate"":0.0002}","{""detection_events"":8053,""detectors_checked"":9633792}"
     72704,         4,         0,    5.97,standalone_exact_mw,7bb6e20e48600212890a8c0dbf00c9e78f41358e09b12be0f89e4aae4bc5d684,"{""distance"":5,""physical_error_rate"":0.002}","{""detection_events"":135336,""detectors_checked"":16285696,""obs_mistake_mask=E"":4}"
      1024,         1,         0,   0.498,standalone_exact_mw,1a2d9ab41a8a393fdef1a304cd6cd3b39e7654fe1ff27694ddcd7a0d28bf707b,"{""distance"":5,""physical_error_rate"":0.005}","{""detection_events"":4675,""detectors_checked"":229376,""obs_mistake_mask=E"":1}"
    350208,         0,         0,    8.41,standalone_exact_mw,77d802c74222c3324b7f1323f7447c6411ad27be92307b6127e53af575faadca,"{""distance"":5,""physical_error_rate"":0.001}","{""detection_events"":324302,""detectors_checked"":78446592}"
     84992,         0,         0,    3.03,standalone_exact_mw,cc9149276d16e61a5ac322a1d2048afebd34054fe0ed4879b77eb616628c1148,"{""distance"":5,""physical_error_rate"":0.0001}","{""detection_events"":7826,""detectors_checked"":19038208}"
       256,         9,         0,    1.01,standalone_exact_mw,3fbf3739b73dda61f0188bb1f99eaf1ad6be14fe6ea44c0ac8d6c5ad12090cf3,"{""distance"":5,""physical_error_rate"":0.02}","{""detection_events"":4338,""detectors_checked"":57344,""obs_mistake_mask=E"":9}"
    209920,         0,         0,    8.36,standalone_exact_mw,29ae76c7f86edcd2f56343e8109d8463cbc736644db4e57527101e2f1c3606c8,"{""distance"":5,""physical_error_rate"":0.0002}","{""detection_events"":38850,""detectors_checked"":47022080}"
        96,        47,         0,    2.23,standalone_exact_mw,116a60cbe496e8e5ed1b799237798a197a37b7e9de7e0dc58034c8e1135b3e40,"{""distance"":5,""physical_error_rate"":0.5}","{""detection_events"":9679,""detectors_checked"":21504,""obs_mistake_mask=E"":47}"
     38912,         0,         0,    2.20,standalone_exact_mw,503ee55b5ad1b1988379a241a0405811522ee4d50b473755532ad1299cb121e2,"{""distance"":5,""physical_error_rate"":0.0005}","{""detection_events"":18061,""detectors_checked"":8716288}"
       512,         1,         0,   0.634,standalone_exact_mw,d243a1b0b1308c5af35ad4523cb40bd83c282feda5b2af0b0940517b428d54bb,"{""distance"":5,""physical_error_rate"":0.01}","{""detection_events"":4559,""detectors_checked"":114688,""obs_mistake_mask=E"":1}"
        64,        36,         0,    1.59,standalone_exact_mw,116a60cbe496e8e5ed1b799237798a197a37b7e9de7e0dc58034c8e1135b3e40,"{""distance"":5,""physical_error_rate"":0.5}","{""detection_events"":6556,""detectors_checked"":14336,""obs_mistake_mask=E"":36}"
        96,        21,         0,    1.61,standalone_exact_mw,c8b738028fda2b050c9255682a07cc95906733115fc52715e25155705a588b66,"{""distance"":5,""physical_error_rate"":0.05}","{""detection_events"":3459,""detectors_checked"":21504,""obs_mistake_mask=E"":21}"
      7168,         5,         0,    2.36,standalone_exact_mw,1a2d9ab41a8a393fdef1a304cd6cd3b39e7654fe1ff27694ddcd7a0d28bf707b,"{""distance"":5,""physical_error_rate"":0.005}","{""detection_events"":32631,""detectors_checked"":1605632,""obs_mistake_mask=E"":5}"
     17408,         8,         0,    5.96,standalone_exact_mw,1a2d9ab41a8a393fdef1a304cd6cd3b39e7654fe1ff27694ddcd7a0d28bf707b,"{""distance"":5,""physical_error_rate"":0.005}","{""detection_events"":78254,""detectors_checked"":3899392,""obs_mistake_mask=E"":8}"
     98304,         0,         0,    3.05,standalone_exact_mw,aea10f45e3589e84a00777b800d38e8a3149bd6cb552c409f3bffd718c1a0abf,"{""distance"":5,""physical_error_rate"":5e-05}","{""detection_events"":4791,""detectors_checked"":22020096}"
     31744,         0,         0,    2.18,standalone_exact_mw,77d802c74222c3324b7f1323f7447c6411ad27be92307b6127e53af575faadca,"{""distance"":5,""physical_error_rate"":0.001}","{""detection_events"":29798,""detectors_checked"":7110656}"
      1024,         2,         0,    1.26,standalone_exact_mw,d243a1b0b1308c5af35ad4523cb40bd83c282feda5b2af0b0940517b428d54bb,"{""distance"":5,""physical_error_rate"":0.01}","{""detection_events"":9247,""detectors_checked"":229376,""obs_mistake_mask=E"":2}"
     81920,         0,         0,    2.17,standalone_exact_mw,aea10f45e3589e84a00777b800d38e8a3149bd6cb552c409f3bffd718c1a0abf,"{""distance"":5,""physical_error_rate"":5e-05}","{""detection_events"":3844,""detectors_checked"":18350080}"
       256,         8,         0,    1.05,standalone_exact_mw,3fbf3739b73dda61f0188bb1f99eaf1ad6be14fe6ea44c0ac8d6c5ad12090cf3,"{""distance"":5,""physical_error_rate"":0.02}","{""detection_events"":4323,""detectors_checked"":57344,""obs_mistake_mask=E"":8}"
      2048,         0,         0,   0.725,standalone_exact_mw,1a2d9ab41a8a393fdef1a304cd6cd3b39e7654fe1ff27694ddcd7a0d28bf707b,"{""distance"":5,""physical_error_rate"":0.005}","{""detection_events"":9256,""detectors_checked"":458752}"
      1024,         3,         0,    1.35,standalone_exact_mw,d243a1b0b1308c5af35ad4523cb40bd83c282feda5b2af0b0940517b428d54bb,"{""distance"":5,""physical_error_rate"":0.01}","{""detection_events"":8968,""detectors_checked"":229376,""obs_mistake_mask=E"":3}"
     52224,         0,         0,    2.20,standalone_exact_mw,aea10f45e3589e84a00777b800d38e8a3149bd6cb552c409f3bffd718c1a0abf,"{""distance"":5,""physical_error_rate"":5e-05}","{""detection_events"":2307,""detectors_checked"":11698176}"
      3072,        12,         0,    1.93,standalone_exact_mw,d243a1b0b1308c5af35ad4523cb40bd83c282feda5b2af0b0940517b428d54bb,"{""distance"":5,""physical_error_rate"":0.01}","{""detection_events"":27288,""detectors_checked"":688128,""obs_mistake_mask=E"":12}"
      4096,         0,         0,    1.61,standalone_exact_mw,1a2d9ab41a8a393fdef1a304cd6cd3b39e7654fe1ff27694ddcd7a0d28bf707b,"{""distance"":5,""physical_error_rate"":0.005}","{""detection_events"":18377,""detectors_checked"":917504}"
       384,         6,         0,    2.20,standalone_exact_mw,3fbf3739b73dda61f0188bb1f99eaf1ad6be14fe6ea44c0ac8d6c5ad12090cf3,"{""distance"":5,""physical_error_rate"":0.02}","{""detection_events"":6641,""detectors_checked"":86016,""obs_mistake_mask=E"":6}"
       256,         6,         0,    1.21,standalone_exact_mw,3fbf3739b73dda61f0188bb1f99eaf1ad6be14fe6ea44c0ac8d6c5ad12090cf3,"{""distance"":5,""physical_error_rate"":0.02}","{""detection_events"":4369,""detectors_checked"":57344,""obs_mistake_mask=E"":6}"
       512,         0,         0,   0.698,standalone_exact_mw,d243a1b0b1308c5af35ad4523cb40bd83c282feda5b2af0b0940517b428d54bb,"{""distance"":5,""physical_error_rate"":0.01}","{""detection_events"":4628,""detectors_checked"":114688}"
     84992,         0,         0,    3.04,standalone_exact_mw,77d802c74222c3324b7f1323f7447c6411ad27be92307b6127e53af575faadca,"{""distance"":5,""physical_error_rate"":0.001}","{""detection_events"":79515,""detectors_checked"":19038208}"
       128,        17,         0,    1.48,standalone_exact_mw,c8b738028fda2b050c9255682a07cc95906733115fc52715e25155705a588b66,"{""distance"":5,""physical_error_rate"":0.05}","{""detection_events"":4665,""detectors_checked"":28672,""obs_mistake_mask=E"":17}"
       128,        20,         0,    1.96,standalone_exact_mw,c8b738028fda2b050c9255682a07cc95906733115fc52715e25155705a588b66,"{""distance"":5,""physical_error_rate"":0.05}","{""detection_events"":4523,""detectors_checked"":28672,""obs_mistake_mask=E"":20}"
       192,        34,         0,    2.03,standalone_exact_mw,c8b738028fda2b050c9255682a07cc95906733115fc52715e25155705a588b66,"{""distance"":5,""physical_error_rate"":0.05}","{""detection_events"":6793,""detectors_checked"":43008,""obs_mistake_mask=E"":34}"
     25600,         0,         0,    3.08,standalone_exact_mw,7bb6e20e48600212890a8c0dbf00c9e78f41358e09b12be0f89e4aae4bc5d684,"{""distance"":5,""physical_error_rate"":0.002}","{""detection_events"":47469,""detectors_checked"":5734400}"
    151552,         0,         0,    2.19,standalone_exact_mw,503ee55b5ad1b1988379a241a0405811522ee4d50b473755532ad1299cb121e2,"{""distance"":5,""physical_error_rate"":0.0005}","{""detection_events"":70926,""detectors_checked"":33947648}"
       256,         3,         0,    1.10,standalone_exact_mw,3fbf3739b73dda61f0188bb1f99eaf1ad6be14fe6ea44c0ac8d6c5ad12090cf3,"{""distance"":5,""physical_error_rate"":0.02}","{""detection_events"":4189,""detectors_checked"":57344,""obs_mistake_mask=E"":3}"
     83968,         0,         0,    3.03,standalone_exact_mw,cc9149276d16e61a5ac322a1d2048afebd34054fe0ed4879b77eb616628c1148,"{""distance"":5,""physical_error_rate"":0.0001}","{""detection_events"":7607,""detectors_checked"":18808832}"
        64,        29,         0,    1.36,standalone_exact_mw,116a60cbe496e8e5ed1b799237798a197a37b7e9de7e0dc58034c8e1135b3e40,"{""distance"":5,""physical_error_rate"":0.5}","{""detection_events"":6474,""detectors_checked"":14336,""obs_mistake_mask=E"":29}"
       256,         3,         0,    1.40,standalone_exact_mw,3fbf3739b73dda61f0188bb1f99eaf1ad6be14fe6ea44c0ac8d6c5ad12090cf3,"{""distance"":5,""physical_error_rate"":0.02}","{""detection_events"":4217,""detectors_checked"":57344,""obs_mistake_mask=E"":3}"
       512,         0,         0,   0.589,standalone_exact_mw,d243a1b0b1308c5af35ad4523cb40bd83c282feda5b2af0b0940517b428d54bb,"{""distance"":5,""physical_error_rate"":0.01}","{""detection_events"":4540,""detectors_checked"":114688}"
        96,        49,         0,    1.99,standalone_exact_mw,116a60cbe496e8e5ed1b799237798a197a37b7e9de7e0dc58034c8e1135b3e40,"{""distance"":5,""physical_error_rate"":0.5}","{""detection_events"":9862,""detectors_checked"":21504,""obs_mistake_mask=E"":49}"
     34816,         0,         0,    3.03,standalone_exact_mw,77d802c74222c3324b7f1323f7447c6411ad27be92307b6127e53af575faadca,"{""distance"":5,""physical_error_rate"":0.001}","{""detection_events"":32552,""detectors_checked"":7798784}"
      1536,         4,         0,    2.06,standalone_exact_mw,d243a1b0b1308c5af35ad4523cb40bd83c282feda5b2af0b0940517b428d54bb,"{""distance"":5,""physical_error_rate"":0.01}","{""detection_events"":13727,""detectors_checked"":344064,""obs_mistake_mask=E"":4}"
    115712,         0,         0,    4.24,standalone_exact_mw,29ae76c7f86edcd2f56343e8109d8463cbc736644db4e57527101e2f1c3606c8,"{""distance"":5,""physical_error_rate"":0.0002}","{""detection_events"":21577,""detectors_checked"":25919488}"
      1024,         3,         0,    1.28,standalone_exact_mw,d243a1b0b1308c5af35ad4523cb40bd83c282feda5b2af0b0940517b428d54bb,"{""distance"":5,""physical_error_rate"":0.01}","{""detection_events"":9146,""detectors_checked"":229376,""obs_mistake_mask=E"":3}"
      3072,         0,         0,    1.25,standalone_exact_mw,1a2d9ab41a8a393fdef1a304cd6cd3b39e7654fe1ff27694ddcd7a0d28bf707b,"{""distance"":5,""physical_error_rate"":0.005}","{""detection_events"":14043,""detectors_checked"":688128}"
        64,        31,         0,    1.66,standalone_exact_mw,116a60cbe496e8e5ed1b799237798a197a37b7e9de7e0dc58034c8e1135b3e40,"{""distance"":5,""physical_error_rate"":0.5}","{""detection_events"":6536,""detectors_checked"":14336,""obs_mistake_mask=E"":31}"
     34816,         1,         0,    3.07,standalone_exact_mw,77d802c74222c3324b7f1323f7447c6411ad27be92307b6127e53af575faadca,"{""distance"":5,""physical_error_rate"":0.001}","{""detection_events"":32126,""detectors_checked"":7798784,""obs_mistake_mask=E"":1}"
       256,         8,         0,    1.17,standalone_exact_mw,3fbf3739b73dda61f0188bb1f99eaf1ad6be14fe6ea44c0ac8d6c5ad12090cf3,"{""distance"":5,""physical_error_rate"":0.02}","{""detection_events"":4245,""detectors_checked"":57344,""obs_mistake_mask=E"":8}"
      1024,         0,         0,    1.14,standalone_exact_mw,d243a1b0b1308c5af35ad4523cb40bd83c282feda5b2af0b0940517b428d54bb,"{""distance"":5,""physical_error_rate"":0.01}","{""detection_events"":8916,""detectors_checked"":229376}"
     69632,         0,         0,    3.05,standalone_exact_mw,cc9149276d16e61a5ac322a1d2048afebd34054fe0ed4879b77eb616628c1148,"{""distance"":5,""physical_error_rate"":0.0001}","{""detection_events"":6241,""detectors_checked"":15597568}"
     28672,         1,         0,    3.15,standalone_exact_mw,7bb6e20e48600212890a8c0dbf00c9e78f41358e09b12be0f89e4aae4bc5d684,"{""distance"":5,""physical_error_rate"":0.002}","{""detection_events"":53058,""detectors_checked"":6422528,""obs_mistake_mask=E"":1}"
       256,         5,         0,    1.06,standalone_exact_mw,3fbf3739b73dda61f0188bb1f99eaf1ad6be14fe6ea44c0ac8d6c5ad12090cf3,"{""distance"":5,""physical_error_rate"":0.02}","{""detection_events"":4003,""detectors_checked"":57344,""obs_mistake_mask=E"":5}"
    192512,         0,         0,    8.37,standalone_exact_mw,503ee55b5ad1b1988379a241a0405811522ee4d50b473755532ad1299cb121e2,"{""distance"":5,""physical_error_rate"":0.0005}","{""detection_events"":88862,""detectors_checked"":43122688}"
      1024,         2,         0,    1.01,standalone_exact_mw,d243a1b0b1308c5af35ad4523cb40bd83c282feda5b2af0b0940517b428d54bb,"{""distance"":5,""physical_error_rate"":0.01}","{""detection_events"":8711,""detectors_checked"":229376,""obs_mistake_mask=E"":2}"
       128,        28,         0,    1.96,standalone_exact_mw,c8b738028fda2b050c9255682a07cc95906733115fc52715e25155705a588b66,"{""distance"":5,""physical_error_rate"":0.05}","{""detection_events"":4584,""detectors_checked"":28672,""obs_mistake_mask=E"":28}"
     27648,         2,         0,    3.18,standalone_exact_mw,7bb6e20e48600212890a8c0dbf00c9e78f41358e09b12be0f89e4aae4bc5d684,"{""distance"":5,""physical_error_rate"":0.002}","{""detection_events"":51205,""detectors_checked"":6193152,""obs_mistake_mask=E"":2}"
    115712,         0,         0,    4.27,standalone_exact_mw,aea10f45e3589e84a00777b800d38e8a3149bd6cb552c409f3bffd718c1a0abf,"{""distance"":5,""physical_error_rate"":5e-05}","{""detection_events"":5503,""detectors_checked"":25919488}"
     58368,         0,         0,    3.08,standalone_exact_mw,503ee55b5ad1b1988379a241a0405811522ee4d50b473755532ad1299cb121e2,"{""distance"":5,""physical_error_rate"":0.0005}","{""detection_events"":27193,""detectors_checked"":13074432}"
     27648,         0,         0,    3.07,standalone_exact_mw,7bb6e20e48600212890a8c0dbf00c9e78f41358e09b12be0f89e4aae4bc5d684,"{""distance"":5,""physical_error_rate"":0.002}","{""detection_events"":51373,""detectors_checked"":6193152}"
       512,        11,         0,    2.18,standalone_exact_mw,3fbf3739b73dda61f0188bb1f99eaf1ad6be14fe6ea44c0ac8d6c5ad12090cf3,"{""distance"":5,""physical_error_rate"":0.02}","{""detection_events"":8572,""detectors_checked"":114688,""obs_mistake_mask=E"":11}"
    477184,         0,         0,    8.34,standalone_exact_mw,cc9149276d16e61a5ac322a1d2048afebd34054fe0ed4879b77eb616628c1148,"{""distance"":5,""physical_error_rate"":0.0001}","{""detection_events"":44426,""detectors_checked"":106889216}"
     75776,         0,         0,    3.05,standalone_exact_mw,29ae76c7f86edcd2f56343e8109d8463cbc736644db4e57527101e2f1c3606c8,"{""distance"":5,""physical_error_rate"":0.0002}","{""detection_events"":13852,""detectors_checked"":16973824}"
    121856,         0,         0,    4.26,standalone_exact_mw,cc9149276d16e61a5ac322a1d2048afebd34054fe0ed4879b77eb616628c1148,"{""distance"":5,""physical_error_rate"":0.0001}","{""detection_events"":11250,""detectors_checked"":27295744}"
       160,        18,         0,    1.93,standalone_exact_mw,c8b738028fda2b050c9255682a07cc95906733115fc52715e25155705a588b66,"{""distance"":5,""physical_error_rate"":0.05}","{""detection_events"":5732,""detectors_checked"":35840,""obs_mistake_mask=E"":18}"
       320,        79,         0,    4.28,standalone_exact_mw,c8b738028fda2b050c9255682a07cc95906733115fc52715e25155705a588b66,"{""distance"":5,""physical_error_rate"":0.05}","{""detection_events"":11779,""detectors_checked"":71680,""obs_mistake_mask=E"":79}"
      6144,         1,         0,    2.21,standalone_exact_mw,1a2d9ab41a8a393fdef1a304cd6cd3b39e7654fe1ff27694ddcd7a0d28bf707b,"{""distance"":5,""physical_error_rate"":0.005}","{""detection_events"":28230,""detectors_checked"":1376256,""obs_mistake_mask=E"":1}"
        96,        48,         0,    2.02,standalone_exact_mw,116a60cbe496e8e5ed1b799237798a197a37b7e9de7e0dc58034c8e1135b3e40,"{""distance"":5,""physical_error_rate"":0.5}","{""detection_events"":9911,""detectors_checked"":21504,""obs_mistake_mask=E"":48}"
     46080,         0,         0,    3.07,standalone_exact_mw,503ee55b5ad1b1988379a241a0405811522ee4d50b473755532ad1299cb121e2,"{""distance"":5,""physical_error_rate"":0.0005}","{""detection_events"":21410,""detectors_checked"":10321920}"
      1024,         3,         0,    1.24,standalone_exact_mw,d243a1b0b1308c5af35ad4523cb40bd83c282feda5b2af0b0940517b428d54bb,"{""distance"":5,""physical_error_rate"":0.01}","{""detection_events"":9019,""detectors_checked"":229376,""obs_mistake_mask=E"":3}"
       384,         5,         0,    2.09,standalone_exact_mw,3fbf3739b73dda61f0188bb1f99eaf1ad6be14fe6ea44c0ac8d6c5ad12090cf3,"{""distance"":5,""physical_error_rate"":0.02}","{""detection_events"":6253,""detectors_checked"":86016,""obs_mistake_mask=E"":5}"
      3072,         0,         0,    1.50,standalone_exact_mw,1a2d9ab41a8a393fdef1a304cd6cd3b39e7654fe1ff27694ddcd7a0d28bf707b,"{""distance"":5,""physical_error_rate"":0.005}","{""detection_events"":13954,""detectors_checked"":688128}"
       256,         8,         0,    1.18,standalone_exact_mw,3fbf3739b73dda61f0188bb1f99eaf1ad6be14fe6ea44c0ac8d6c5ad12090cf3,"{""distance"":5,""physical_error_rate"":0.02}","{""detection_events"":4549,""detectors_checked"":57344,""obs_mistake_mask=E"":8}"
        96,        47,         0,    2.04,standalone_exact_mw,116a60cbe496e8e5ed1b799237798a197a37b7e9de7e0dc58034c8e1135b3e40,"{""distance"":5,""physical_error_rate"":0.5}","{""detection_events"":9880,""detectors_checked"":21504,""obs_mistake_mask=E"":47}"
      3072,         6,         0,    2.72,standalone_exact_mw,d243a1b0b1308c5af35ad4523cb40bd83c282feda5b2af0b0940517b428d54bb,"{""distance"":5,""physical_error_rate"":0.01}","{""detection_events"":27078,""detectors_checked"":688128,""obs_mistake_mask=E"":6}"
       128,        68,         0,    3.43,standalone_exact_mw,116a60cbe496e8e5ed1b799237798a197a37b7e9de7e0dc58034c8e1135b3e40,"{""distance"":5,""physical_error_rate"":0.5}","{""detection_events"":13108,""detectors_checked"":28672,""obs_mistake_mask=E"":68}"
    134144,         0,         0,    5.98,standalone_exact_mw,503ee55b5ad1b1988379a241a0405811522ee4d50b473755532ad1299cb121e2,"{""distance"":5,""physical_error_rate"":0.0005}","{""detection_events"":62915,""detectors_checked"":30048256}"
      1024,         5,         0,    1.26,standalone_exact_mw,d243a1b0b1308c5af35ad4523cb40bd83c282feda5b2af0b0940517b428d54bb,"{""distance"":5,""physical_error_rate"":0.01}","{""detection_events"":8846,""detectors_checked"":229376,""obs_mistake_mask=E"":5}"
        64,        30,         0,    1.67,standalone_exact_mw,116a60cbe496e8e5ed1b799237798a197a37b7e9de7e0dc58034c8e1135b3e40,"{""distance"":5,""physical_error_rate"":0.5}","{""detection_events"":6586,""detectors_checked"":14336,""obs_mistake_mask=E"":30}"
     47104,         0,         0,    3.06,standalone_exact_mw,77d802c74222c3324b7f1323f7447c6411ad27be92307b6127e53af575faadca,"{""distance"":5,""physical_error_rate"":0.001}","{""detection_events"":44138,""detectors_checked"":10551296}"
      1536,         2,         0,    1.79,standalone_exact_mw,d243a1b0b1308c5af35ad4523cb40bd83c282feda5b2af0b0940517b428d54bb,"{""distance"":5,""physical_error_rate"":0.01}","{""detection_events"":13267,""detectors_checked"":344064,""obs_mistake_mask=E"":2}"
     90112,         0,         0,    3.06,standalone_exact_mw,aea10f45e3589e84a00777b800d38e8a3149bd6cb552c409f3bffd718c1a0abf,"{""distance"":5,""physical_error_rate"":5e-05}","{""detection_events"":4318,""detectors_checked"":20185088}"
       256,        44,         0,    2.51,standalone_exact_mw,c8b738028fda2b050c9255682a07cc95906733115fc52715e25155705a588b66,"{""distance"":5,""physical_error_rate"":0.05}","{""detection_events"":9163,""detectors_checked"":57344,""obs_mistake_mask=E"":44}"
     10240,         6,         0,    3.27,standalone_exact_mw,1a2d9ab41a8a393fdef1a304cd6cd3b39e7654fe1ff27694ddcd7a0d28bf707b,"{""distance"":5,""physical_error_rate"":0.005}","{""detection_events"":45409,""detectors_checked"":2293760,""obs_mistake_mask=E"":6}"
     72704,         0,         0,    3.05,standalone_exact_mw,aea10f45e3589e84a00777b800d38e8a3149bd6cb552c409f3bffd718c1a0abf,"{""distance"":5,""physical_error_rate"":5e-05}","{""detection_events"":3157,""detectors_checked"":16285696}"
        64,        13,         0,   0.835,standalone_exact_mw,c8b738028fda2b050c9255682a07cc95906733115fc52715e25155705a588b66,"{""distance"":5,""physical_error_rate"":0.05}","{""detection_events"":2343,""detectors_checked"":14336,""obs_mistake_mask=E"":13}"
        64,        18,         0,   0.844,standalone_exact_mw,c8b738028fda2b050c9255682a07cc95906733115fc52715e25155705a588b66,"{""distance"":5,""physical_error_rate"":0.05}","{""detection_events"":2308,""detectors_checked"":14336,""obs_mistake_mask=E"":18}"
        96,        14,         0,    1.49,standalone_exact_mw,c8b738028fda2b050c9255682a07cc95906733115fc52715e25155705a588b66,"{""distance"":5,""physical_error_rate"":0.05}","{""detection_events"":3341,""detectors_checked"":21504,""obs_mistake_mask=E"":14}"
      2048,         7,         0,    2.30,standalone_exact_mw,d243a1b0b1308c5af35ad4523cb40bd83c282feda5b2af0b0940517b428d54bb,"{""distance"":5,""physical_error_rate"":0.01}","{""detection_events"":18069,""detectors_checked"":458752,""obs_mistake_mask=E"":7}"
        32,        19,         0,   0.670,standalone_exact_mw,116a60cbe496e8e5ed1b799237798a197a37b7e9de7e0dc58034c8e1135b3e40,"{""distance"":5,""physical_error_rate"":0.5}","{""detection_events"":3278,""detectors_checked"":7168,""obs_mistake_mask=E"":19}"
     22528,        10,         0,    6.11,standalone_exact_mw,1a2d9ab41a8a393fdef1a304cd6cd3b39e7654fe1ff27694ddcd7a0d28bf707b,"{""distance"":5,""physical_error_rate"":0.005}","{""detection_events"":102581,""detectors_checked"":5046272,""obs_mistake_mask=E"":10}"
       192,        47,         0,    2.88,standalone_exact_mw,c8b738028fda2b050c9255682a07cc95906733115fc52715e25155705a588b66,"{""distance"":5,""physical_error_rate"":0.05}","{""detection_events"":6853,""detectors_checked"":43008,""obs_mistake_mask=E"":47}"
    334848,         0,         0,    4.26,standalone_exact_mw,29ae76c7f86edcd2f56343e8109d8463cbc736644db4e57527101e2f1c3606c8,"{""distance"":5,""physical_error_rate"":0.0002}","{""detection_events"":62200,""detectors_checked"":75005952}"
        64,         9,         0,   0.372,standalone_exact_mw,c8b738028fda2b050c9255682a07cc95906733115fc52715e25155705a588b66,"{""distance"":5,""physical_error_rate"":0.05}","{""detection_events"":2298,""detectors_checked"":14336,""obs_mistake_mask=E"":9}"
       512,         9,         0,    2.07,standalone_exact_mw,3fbf3739b73dda61f0188bb1f99eaf1ad6be14fe6ea44c0ac8d6c5ad12090cf3,"{""distance"":5,""physical_error_rate"":0.02}","{""detection_events"":8343,""detectors_checked"":114688,""obs_mistake_mask=E"":9}"
    168960,         0,         0,    3.06,standalone_exact_mw,503ee55b5ad1b1988379a241a0405811522ee4d50b473755532ad1299cb121e2,"{""distance"":5,""physical_error_rate"":0.0005}","{""detection_events"":77307,""detectors_checked"":37847040}"
       512,        16,         0,    3.35,standalone_exact_mw,3fbf3739b73dda61f0188bb1f99eaf1ad6be14fe6ea44c0ac8d6c5ad12090cf3,"{""distance"":5,""physical_error_rate"":0.02}","{""detection_events"":8831,""detectors_checked"":114688,""obs_mistake_mask=E"":16}"
    119808,         0,         0,    4.25,standalone_exact_mw,cc9149276d16e61a5ac322a1d2048afebd34054fe0ed4879b77eb616628c1148,"{""distance"":5,""physical_error_rate"":0.0001}","{""detection_events"":11115,""detectors_checked"":26836992}"
       256,        11,         0,    1.27,standalone_exact_mw,3fbf3739b73dda61f0188bb1f99eaf1ad6be14fe6ea44c0ac8d6c5ad12090cf3,"{""distance"":5,""physical_error_rate"":0.02}","{""detection_events"":4358,""detectors_checked"":57344,""obs_mistake_mask=E"":11}"
    140288,         0,         0,    4.21,standalone_exact_mw,aea10f45e3589e84a00777b800d38e8a3149bd6cb552c409f3bffd718c1a0abf,"{""distance"":5,""physical_error_rate"":5e-05}","{""detection_events"":6599,""detectors_checked"":31424512}"
      1024,         4,         0,    1.33,standalone_exact_mw,d243a1b0b1308c5af35ad4523cb40bd83c282feda5b2af0b0940517b428d54bb,"{""distance"":5,""physical_error_rate"":0.01}","{""detection_events"":9304,""detectors_checked"":229376,""obs_mistake_mask=E"":4}"
      5120,         1,         0,    1.71,standalone_exact_mw,1a2d9ab41a8a393fdef1a304cd6cd3b39e7654fe1ff27694ddcd7a0d28bf707b,"{""distance"":5,""physical_error_rate"":0.005}","{""detection_events"":23278,""detectors_checked"":1146880,""obs_mistake_mask=E"":1}"
       512,        11,         0,    2.38,standalone_exact_mw,3fbf3739b73dda61f0188bb1f99eaf1ad6be14fe6ea44c0ac8d6c5ad12090cf3,"{""distance"":5,""physical_error_rate"":0.02}","{""detection_events"":8420,""detectors_checked"":114688,""obs_mistake_mask=E"":11}"
    203776,         0,         0,    4.26,standalone_exact_mw,77d802c74222c3324b7f1323f7447c6411ad27be92307b6127e53af575faadca,"{""distance"":5,""physical_error_rate"":0.001}","{""detection_events"":187303,""detectors_checked"":45645824}"
      1536,         4,         0,    2.02,standalone_exact_mw,d243a1b0b1308c5af35ad4523cb40bd83c282feda5b2af0b0940517b428d54bb,"{""distance"":5,""physical_error_rate"":0.01}","{""detection_events"":13828,""detectors_checked"":344064,""obs_mistake_mask=E"":4}"
     37888,         0,         0,    4.31,standalone_exact_mw,7bb6e20e48600212890a8c0dbf00c9e78f41358e09b12be0f89e4aae4bc5d684,"{""distance"":5,""physical_error_rate"":0.002}","{""detection_events"":69964,""detectors_checked"":8486912}"
    120832,         0,         0,    4.24,standalone_exact_mw,cc9149276d16e61a5ac322a1d2048afebd34054fe0ed4879b77eb616628c1148,"{""distance"":5,""physical_error_rate"":0.0001}","{""detection_events"":11322,""detectors_checked"":27066368}"
       256,         6,         0,    1.15,standalone_exact_mw,3fbf3739b73dda61f0188bb1f99eaf1ad6be14fe6ea44c0ac8d6c5ad12090cf3,"{""distance"":5,""physical_error_rate"":0.02}","{""detection_events"":4330,""detectors_checked"":57344,""obs_mistake_mask=E"":6}"
     54272,         0,         0,    4.33,standalone_exact_mw,77d802c74222c3324b7f1323f7447c6411ad27be92307b6127e53af575faadca,"{""distance"":5,""physical_error_rate"":0.001}","{""detection_events"":50538,""detectors_checked"":12156928}"
    236544,         0,         0,    8.34,standalone_exact_mw,29ae76c7f86edcd2f56343e8109d8463cbc736644db4e57527101e2f1c3606c8,"{""distance"":5,""physical_error_rate"":0.0002}","{""detection_events"":44770,""detectors_checked"":52985856}"
       640,        18,         0,    2.63,standalone_exact_mw,3fbf3739b73dda61f0188bb1f99eaf1ad6be14fe6ea44c0ac8d6c5ad12090cf3,"{""distance"":5,""physical_error_rate"":0.02}","{""detection_events"":10484,""detectors_checked"":143360,""obs_mistake_mask=E"":18}"
      2048,         6,         0,    2.41,standalone_exact_mw,d243a1b0b1308c5af35ad4523cb40bd83c282feda5b2af0b0940517b428d54bb,"{""distance"":5,""physical_error_rate"":0.01}","{""detection_events"":18281,""detectors_checked"":458752,""obs_mistake_mask=E"":6}"
     54272,         0,         0,    4.25,standalone_exact_mw,77d802c74222c3324b7f1323f7447c6411ad27be92307b6127e53af575faadca,"{""distance"":5,""physical_error_rate"":0.001}","{""detection_events"":50976,""detectors_checked"":12156928}"
      9216,         3,         0,    3.27,standalone_exact_mw,1a2d9ab41a8a393fdef1a304cd6cd3b39e7654fe1ff27694ddcd7a0d28bf707b,"{""distance"":5,""physical_error_rate"":0.005}","{""detection_events"":41663,""detectors_checked"":2064384,""obs_mistake_mask=E"":3}"
    113664,         0,         0,    4.27,standalone_exact_mw,cc9149276d16e61a5ac322a1d2048afebd34054fe0ed4879b77eb616628c1148,"{""distance"":5,""physical_error_rate"":0.0001}","{""detection_events"":10730,""detectors_checked"":25460736}"
       512,        17,         0,    2.32,standalone_exact_mw,3fbf3739b73dda61f0188bb1f99eaf1ad6be14fe6ea44c0ac8d6c5ad12090cf3,"{""distance"":5,""physical_error_rate"":0.02}","{""detection_events"":8709,""detectors_checked"":114688,""obs_mistake_mask=E"":17}"
     39936,         0,         0,    4.34,standalone_exact_mw,7bb6e20e48600212890a8c0dbf00c9e78f41358e09b12be0f89e4aae4bc5d684,"{""distance"":5,""physical_error_rate"":0.002}","{""detection_events"":73268,""detectors_checked"":8945664}"
      1536,         6,         0,    1.72,standalone_exact_mw,d243a1b0b1308c5af35ad4523cb40bd83c282feda5b2af0b0940517b428d54bb,"{""distance"":5,""physical_error_rate"":0.01}","{""detection_events"":13305,""detectors_checked"":344064,""obs_mistake_mask=E"":6}"
     37888,         1,         0,    4.30,standalone_exact_mw,7bb6e20e48600212890a8c0dbf00c9e78f41358e09b12be0f89e4aae4bc5d684,"{""distance"":5,""physical_error_rate"":0.002}","{""detection_events"":70025,""detectors_checked"":8486912,""obs_mistake_mask=E"":1}"
     83968,         0,         0,    4.27,standalone_exact_mw,503ee55b5ad1b1988379a241a0405811522ee4d50b473755532ad1299cb121e2,"{""distance"":5,""physical_error_rate"":0.0005}","{""detection_events"":39350,""detectors_checked"":18808832}"
     37888,         2,         0,    4.34,standalone_exact_mw,7bb6e20e48600212890a8c0dbf00c9e78f41358e09b12be0f89e4aae4bc5d684,"{""distance"":5,""physical_error_rate"":0.002}","{""detection_events"":70305,""detectors_checked"":8486912,""obs_mistake_mask=E"":2}"
      3584,        11,         0,    3.58,standalone_exact_mw,d243a1b0b1308c5af35ad4523cb40bd83c282feda5b2af0b0940517b428d54bb,"{""distance"":5,""physical_error_rate"":0.01}","{""detection_events"":32257,""detectors_checked"":802816,""obs_mistake_mask=E"":11}"
      3584,        16,         0,    3.36,standalone_exact_mw,d243a1b0b1308c5af35ad4523cb40bd83c282feda5b2af0b0940517b428d54bb,"{""distance"":5,""physical_error_rate"":0.01}","{""detection_events"":31374,""detectors_checked"":802816,""obs_mistake_mask=E"":16}"
    110592,         0,         0,    4.29,standalone_exact_mw,29ae76c7f86edcd2f56343e8109d8463cbc736644db4e57527101e2f1c3606c8,"{""distance"":5,""physical_error_rate"":0.0002}","{""detection_events"":20015,""detectors_checked"":24772608}"
      7168,         2,         0,    2.45,standalone_exact_mw,1a2d9ab41a8a393fdef1a304cd6cd3b39e7654fe1ff27694ddcd7a0d28bf707b,"{""distance"":5,""physical_error_rate"":0.005}","{""detection_events"":32477,""detectors_checked"":1605632,""obs_mistake_mask=E"":2}"
     82944,         0,         0,    4.28,standalone_exact_mw,503ee55b5ad1b1988379a241a0405811522ee4d50b473755532ad1299cb121e2,"{""distance"":5,""physical_error_rate"":0.0005}","{""detection_events"":38411,""detectors_checked"":18579456}"
      2048,        11,         0,    2.30,standalone_exact_mw,d243a1b0b1308c5af35ad4523cb40bd83c282feda5b2af0b0940517b428d54bb,"{""distance"":5,""physical_error_rate"":0.01}","{""detection_events"":18071,""detectors_checked"":458752,""obs_mistake_mask=E"":11}"
    148480,         0,         0,    5.96,standalone_exact_mw,29ae76c7f86edcd2f56343e8109d8463cbc736644db4e57527101e2f1c3606c8,"{""distance"":5,""physical_error_rate"":0.0002}","{""detection_events"":27269,""detectors_checked"":33259520}"
       640,        17,         0,    2.59,standalone_exact_mw,3fbf3739b73dda61f0188bb1f99eaf1ad6be14fe6ea44c0ac8d6c5ad12090cf3,"{""distance"":5,""physical_error_rate"":0.02}","{""detection_events"":10853,""detectors_checked"":143360,""obs_mistake_mask=E"":17}"
     67584,         1,         0,    4.25,standalone_exact_mw,77d802c74222c3324b7f1323f7447c6411ad27be92307b6127e53af575faadca,"{""distance"":5,""physical_error_rate"":0.001}","{""detection_events"":63686,""detectors_checked"":15138816,""obs_mistake_mask=E"":1}"
    119808,         0,         0,    4.29,standalone_exact_mw,aea10f45e3589e84a00777b800d38e8a3149bd6cb552c409f3bffd718c1a0abf,"{""distance"":5,""physical_error_rate"":5e-05}","{""detection_events"":5880,""detectors_checked"":26836992}"
       512,         9,         0,    2.19,standalone_exact_mw,3fbf3739b73dda61f0188bb1f99eaf1ad6be14fe6ea44c0ac8d6c5ad12090cf3,"{""distance"":5,""physical_error_rate"":0.02}","{""detection_events"":8720,""detectors_checked"":114688,""obs_mistake_mask=E"":9}"
    125952,         0,         0,    4.29,standalone_exact_mw,aea10f45e3589e84a00777b800d38e8a3149bd6cb552c409f3bffd718c1a0abf,"{""distance"":5,""physical_error_rate"":5e-05}","{""detection_events"":5974,""detectors_checked"":28213248}"
    284672,         0,         0,    8.35,standalone_exact_mw,aea10f45e3589e84a00777b800d38e8a3149bd6cb552c409f3bffd718c1a0abf,"{""distance"":5,""physical_error_rate"":5e-05}","{""detection_events"":13286,""detectors_checked"":63766528}"
     16384,         3,         0,    4.46,standalone_exact_mw,1a2d9ab41a8a393fdef1a304cd6cd3b39e7654fe1ff27694ddcd7a0d28bf707b,"{""distance"":5,""physical_error_rate"":0.005}","{""detection_events"":74160,""detectors_checked"":3670016,""obs_mistake_mask=E"":3}"
     84992,         2,         0,    8.45,standalone_exact_mw,7bb6e20e48600212890a8c0dbf00c9e78f41358e09b12be0f89e4aae4bc5d684,"{""distance"":5,""physical_error_rate"":0.002}","{""detection_events"":157618,""detectors_checked"":19038208,""obs_mistake_mask=E"":2}"
    301056,         0,         0,    4.26,standalone_exact_mw,503ee55b5ad1b1988379a241a0405811522ee4d50b473755532ad1299cb121e2,"{""distance"":5,""physical_error_rate"":0.0005}","{""detection_events"":140951,""detectors_checked"":67436544}"
    179200,         0,         0,    5.97,standalone_exact_mw,aea10f45e3589e84a00777b800d38e8a3149bd6cb552c409f3bffd718c1a0abf,"{""distance"":5,""physical_error_rate"":5e-05}","{""detection_events"":8274,""detectors_checked"":40140800}"
      1152,        33,         0,    4.43,standalone_exact_mw,3fbf3739b73dda61f0188bb1f99eaf1ad6be14fe6ea44c0ac8d6c5ad12090cf3,"{""distance"":5,""physical_error_rate"":0.02}","{""detection_events"":19121,""detectors_checked"":258048,""obs_mistake_mask=E"":33}"
    166912,         0,         0,    5.97,standalone_exact_mw,cc9149276d16e61a5ac322a1d2048afebd34054fe0ed4879b77eb616628c1148,"{""distance"":5,""physical_error_rate"":0.0001}","{""detection_events"":15866,""detectors_checked"":37388288}"
     25600,        10,         0,    8.60,standalone_exact_mw,1a2d9ab41a8a393fdef1a304cd6cd3b39e7654fe1ff27694ddcd7a0d28bf707b,"{""distance"":5,""physical_error_rate"":0.005}","{""detection_events"":115746,""detectors_checked"":5734400,""obs_mistake_mask=E"":10}"
      2048,         7,         0,    2.50,standalone_exact_mw,d243a1b0b1308c5af35ad4523cb40bd83c282feda5b2af0b0940517b428d54bb,"{""distance"":5,""physical_error_rate"":0.01}","{""detection_events"":18648,""detectors_checked"":458752,""obs_mistake_mask=E"":7}"
       768,        19,         0,    3.33,standalone_exact_mw,3fbf3739b73dda61f0188bb1f99eaf1ad6be14fe6ea44c0ac8d6c5ad12090cf3,"{""distance"":5,""physical_error_rate"":0.02}","{""detection_events"":12963,""detectors_checked"":172032,""obs_mistake_mask=E"":19}"
       768,        12,         0,    2.88,standalone_exact_mw,3fbf3739b73dda61f0188bb1f99eaf1ad6be14fe6ea44c0ac8d6c5ad12090cf3,"{""distance"":5,""physical_error_rate"":0.02}","{""detection_events"":12849,""detectors_checked"":172032,""obs_mistake_mask=E"":12}"
      3072,         7,         0,    3.66,standalone_exact_mw,d243a1b0b1308c5af35ad4523cb40bd83c282feda5b2af0b0940517b428d54bb,"{""distance"":5,""physical_error_rate"":0.01}","{""detection_events"":26993,""detectors_checked"":688128,""obs_mistake_mask=E"":7}"
    557056,         0,         0,    5.95,standalone_exact_mw,29ae76c7f86edcd2f56343e8109d8463cbc736644db4e57527101e2f1c3606c8,"{""distance"":5,""physical_error_rate"":0.0002}","{""detection_events"":104308,""detectors_checked"":124780544}"
       512,         5,         0,    2.13,standalone_exact_mw,3fbf3739b73dda61f0188bb1f99eaf1ad6be14fe6ea44c0ac8d6c5ad12090cf3,"{""distance"":5,""physical_error_rate"":0.02}","{""detection_events"":8599,""detectors_checked"":114688,""obs_mistake_mask=E"":5}"
    165888,         0,         0,    5.97,standalone_exact_mw,cc9149276d16e61a5ac322a1d2048afebd34054fe0ed4879b77eb616628c1148,"{""distance"":5,""physical_error_rate"":0.0001}","{""detection_events"":15344,""detectors_checked"":37158912}"
     13312,         7,         0,    4.50,standalone_exact_mw,1a2d9ab41a8a393fdef1a304cd6cd3b39e7654fe1ff27694ddcd7a0d28bf707b,"{""distance"":5,""physical_error_rate"":0.005}","{""detection_events"":60876,""detectors_checked"":2981888,""obs_mistake_mask=E"":7}"
    168960,         0,         0,    6.00,standalone_exact_mw,aea10f45e3589e84a00777b800d38e8a3149bd6cb552c409f3bffd718c1a0abf,"{""distance"":5,""physical_error_rate"":5e-05}","{""detection_events"":7625,""detectors_checked"":37847040}"
     10240,         5,         0,    3.35,standalone_exact_mw,1a2d9ab41a8a393fdef1a304cd6cd3b39e7654fe1ff27694ddcd7a0d28bf707b,"{""distance"":5,""physical_error_rate"":0.005}","{""detection_events"":46322,""detectors_checked"":2293760,""obs_mistake_mask=E"":5}"
      3072,        10,         0,    3.27,standalone_exact_mw,d243a1b0b1308c5af35ad4523cb40bd83c282feda5b2af0b0940517b428d54bb,"{""distance"":5,""physical_error_rate"":0.01}","{""detection_events"":27395,""detectors_checked"":688128,""obs_mistake_mask=E"":10}"
      1297,         0,         0,   0.039,standalone_exact_mw,29ae76c7f86edcd2f56343e8109d8463cbc736644db4e57527101e2f1c3606c8,"{""distance"":5,""physical_error_rate"":0.0002}","{""detection_events"":215,""detectors_checked"":290528}"
    321536,         2,         0,    5.98,standalone_exact_mw,77d802c74222c3324b7f1323f7447c6411ad27be92307b6127e53af575faadca,"{""distance"":5,""physical_error_rate"":0.001}","{""detection_events"":298463,""detectors_checked"":72024064,""obs_mistake_mask=E"":2}"
      1024,         0,         0,   0.031,standalone_exact_mw,29ae76c7f86edcd2f56343e8109d8463cbc736644db4e57527101e2f1c3606c8,"{""distance"":5,""physical_error_rate"":0.0002}","{""detection_events"":169,""detectors_checked"":229376}"
       640,        12,         0,    3.54,standalone_exact_mw,3fbf3739b73dda61f0188bb1f99eaf1ad6be14fe6ea44c0ac8d6c5ad12090cf3,"{""distance"":5,""physical_error_rate"":0.02}","{""detection_events"":10880,""detectors_checked"":143360,""obs_mistake_mask=E"":12}"
      1024,         0,         0,   0.031,standalone_exact_mw,29ae76c7f86edcd2f56343e8109d8463cbc736644db4e57527101e2f1c3606c8,"{""distance"":5,""physical_error_rate"":0.0002}","{""detection_events"":178,""detectors_checked"":229376}"
      1024,         0,         0,   0.031,standalone_exact_mw,29ae76c7f86edcd2f56343e8109d8463cbc736644db4e57527101e2f1c3606c8,"{""distance"":5,""physical_error_rate"":0.0002}","{""detection_events"":191,""detectors_checked"":229376}"
      1024,         0,         0,   0.052,standalone_exact_mw,29ae76c7f86edcd2f56343e8109d8463cbc736644db4e57527101e2f1c3606c8,"{""distance"":5,""physical_error_rate"":0.0002}","{""detection_events"":201,""detectors_checked"":229376}"
     52224,         1,         0,    5.97,standalone_exact_mw,7bb6e20e48600212890a8c0dbf00c9e78f41358e09b12be0f89e4aae4bc5d684,"{""distance"":5,""physical_error_rate"":0.002}","{""detection_events"":96148,""detectors_checked"":11698176,""obs_mistake_mask=E"":1}"
    165888,         0,         0,    5.97,standalone_exact_mw,cc9149276d16e61a5ac322a1d2048afebd34054fe0ed4879b77eb616628c1148,"{""distance"":5,""physical_error_rate"":0.0001}","{""detection_events"":15321,""detectors_checked"":37158912}"
      2048,         0,         0,   0.084,standalone_exact_mw,29ae76c7f86edcd2f56343e8109d8463cbc736644db4e57527101e2f1c3606c8,"{""distance"":5,""physical_error_rate"":0.0002}","{""detection_events"":409,""detectors_checked"":458752}"
      2048,         0,         0,   0.088,standalone_exact_mw,29ae76c7f86edcd2f56343e8109d8463cbc736644db4e57527101e2f1c3606c8,"{""distance"":5,""physical_error_rate"":0.0002}","{""detection_events"":374,""detectors_checked"":458752}"
    288768,         1,         0,    11.7,standalone_exact_mw,77d802c74222c3324b7f1323f7447c6411ad27be92307b6127e53af575faadca,"{""distance"":5,""physical_error_rate"":0.001}","{""detection_events"":268286,""detectors_checked"":64684032,""obs_mistake_mask=E"":1}"
      3584,        12,         0,    4.42,standalone_exact_mw,d243a1b0b1308c5af35ad4523cb40bd83c282feda5b2af0b0940517b428d54bb,"{""distance"":5,""physical_error_rate"":0.01}","{""detection_events"":31262,""detectors_checked"":802816,""obs_mistake_mask=E"":12}"
      3072,         0,         0,   0.114,standalone_exact_mw,29ae76c7f86edcd2f56343e8109d8463cbc736644db4e57527101e2f1c3606c8,"{""distance"":5,""physical_error_rate"":0.0002}","{""detection_events"":572,""detectors_checked"":688128}"
    295936,         0,         0,    11.7,standalone_exact_mw,29ae76c7f86edcd2f56343e8109d8463cbc736644db4e57527101e2f1c3606c8,"{""distance"":5,""physical_error_rate"":0.0002}","{""detection_events"":54187,""detectors_checked"":66289664}"
      4096,         8,         0,    4.77,standalone_exact_mw,d243a1b0b1308c5af35ad4523cb40bd83c282feda5b2af0b0940517b428d54bb,"{""distance"":5,""physical_error_rate"":0.01}","{""detection_events"":35678,""detectors_checked"":917504,""obs_mistake_mask=E"":8}"
      4096,         0,         0,   0.146,standalone_exact_mw,29ae76c7f86edcd2f56343e8109d8463cbc736644db4e57527101e2f1c3606c8,"{""distance"":5,""physical_error_rate"":0.0002}","{""detection_events"":804,""detectors_checked"":917504}"
     83968,         0,         0,    5.98,standalone_exact_mw,77d802c74222c3324b7f1323f7447c6411ad27be92307b6127e53af575faadca,"{""distance"":5,""physical_error_rate"":0.001}","{""detection_events"":78371,""detectors_checked"":18808832}"
    158720,         0,         0,    8.38,standalone_exact_mw,503ee55b5ad1b1988379a241a0405811522ee4d50b473755532ad1299cb121e2,"{""distance"":5,""physical_error_rate"":0.0005}","{""detection_events"":73340,""detectors_checked"":35553280}"
      6144,         0,         0,   0.250,standalone_exact_mw,29ae76c7f86edcd2f56343e8109d8463cbc736644db4e57527101e2f1c3606c8,"{""distance"":5,""physical_error_rate"":0.0002}","{""detection_events"":1101,""detectors_checked"":1376256}"
     84992,         0,         0,    5.95,standalone_exact_mw,77d802c74222c3324b7f1323f7447c6411ad27be92307b6127e53af575faadca,"{""distance"":5,""physical_error_rate"":0.001}","{""detection_events"":78888,""detectors_checked"":19038208}"
      2560,         6,         0,    3.15,standalone_exact_mw,d243a1b0b1308c5af35ad4523cb40bd83c282feda5b2af0b0940517b428d54bb,"{""distance"":5,""physical_error_rate"":0.01}","{""detection_events"":23032,""detectors_checked"":573440,""obs_mistake_mask=E"":6}"
    201728,         0,         0,    5.91,standalone_exact_mw,cc9149276d16e61a5ac322a1d2048afebd34054fe0ed4879b77eb616628c1148,"{""distance"":5,""physical_error_rate"":0.0001}","{""detection_events"":18625,""detectors_checked"":45187072}"
      8192,         0,         0,   0.291,standalone_exact_mw,29ae76c7f86edcd2f56343e8109d8463cbc736644db4e57527101e2f1c3606c8,"{""distance"":5,""physical_error_rate"":0.0002}","{""detection_events"":1444,""detectors_checked"":1835008}"
     53248,         0,         0,    5.98,standalone_exact_mw,7bb6e20e48600212890a8c0dbf00c9e78f41358e09b12be0f89e4aae4bc5d684,"{""distance"":5,""physical_error_rate"":0.002}","{""detection_events"":98292,""detectors_checked"":11927552}"
       768,        16,         0,    3.27,standalone_exact_mw,3fbf3739b73dda61f0188bb1f99eaf1ad6be14fe6ea44c0ac8d6c5ad12090cf3,"{""distance"":5,""physical_error_rate"":0.02}","{""detection_events"":12549,""detectors_checked"":172032,""obs_mistake_mask=E"":16}"
     22528,         8,         0,    8.79,standalone_exact_mw,1a2d9ab41a8a393fdef1a304cd6cd3b39e7654fe1ff27694ddcd7a0d28bf707b,"{""distance"":5,""physical_error_rate"":0.005}","{""detection_events"":102040,""detectors_checked"":5046272,""obs_mistake_mask=E"":8}"
     58368,         2,         0,    5.99,standalone_exact_mw,7bb6e20e48600212890a8c0dbf00c9e78f41358e09b12be0f89e4aae4bc5d684,"{""distance"":5,""physical_error_rate"":0.002}","{""detection_events"":107562,""detectors_checked"":13074432,""obs_mistake_mask=E"":2}"
     10240,         0,         0,   0.412,standalone_exact_mw,29ae76c7f86edcd2f56343e8109d8463cbc736644db4e57527101e2f1c3606c8,"{""distance"":5,""physical_error_rate"":0.0002}","{""detection_events"":1952,""detectors_checked"":2293760}"
    123904,         0,         0,    5.93,standalone_exact_mw,503ee55b5ad1b1988379a241a0405811522ee4d50b473755532ad1299cb121e2,"{""distance"":5,""physical_error_rate"":0.0005}","{""detection_events"":57593,""detectors_checked"":27754496}"
     55296,         2,         0,    6.00,standalone_exact_mw,7bb6e20e48600212890a8c0dbf00c9e78f41358e09b12be0f89e4aae4bc5d684,"{""distance"":5,""physical_error_rate"":0.002}","{""detection_events"":102157,""detectors_checked"":12386304,""obs_mistake_mask=E"":2}"
       768,        22,         0,    3.08,standalone_exact_mw,3fbf3739b73dda61f0188bb1f99eaf1ad6be14fe6ea44c0ac8d6c5ad12090cf3,"{""distance"":5,""physical_error_rate"":0.02}","{""detection_events"":12969,""detectors_checked"":172032,""obs_mistake_mask=E"":22}"
    160768,         0,         0,    5.92,standalone_exact_mw,29ae76c7f86edcd2f56343e8109d8463cbc736644db4e57527101e2f1c3606c8,"{""distance"":5,""physical_error_rate"":0.0002}","{""detection_events"":30753,""detectors_checked"":36012032}"
     14336,         0,         0,   0.584,standalone_exact_mw,29ae76c7f86edcd2f56343e8109d8463cbc736644db4e57527101e2f1c3606c8,"{""distance"":5,""physical_error_rate"":0.0002}","{""detection_events"":2577,""detectors_checked"":3211264}"
    122880,         0,         0,    5.92,standalone_exact_mw,503ee55b5ad1b1988379a241a0405811522ee4d50b473755532ad1299cb121e2,"{""distance"":5,""physical_error_rate"":0.0005}","{""detection_events"":56883,""detectors_checked"":27525120}"
      1297,         0,         0,   0.035,standalone_exact_mw,aea10f45e3589e84a00777b800d38e8a3149bd6cb552c409f3bffd718c1a0abf,"{""distance"":5,""physical_error_rate"":5e-05}","{""detection_events"":49,""detectors_checked"":290528}"
      1024,         0,         0,   0.029,standalone_exact_mw,aea10f45e3589e84a00777b800d38e8a3149bd6cb552c409f3bffd718c1a0abf,"{""distance"":5,""physical_error_rate"":5e-05}","{""detection_events"":30,""detectors_checked"":229376}"
      1024,        25,         0,    4.42,standalone_exact_mw,3fbf3739b73dda61f0188bb1f99eaf1ad6be14fe6ea44c0ac8d6c5ad12090cf3,"{""distance"":5,""physical_error_rate"":0.02}","{""detection_events"":16922,""detectors_checked"":229376,""obs_mistake_mask=E"":25}"
      1024,         0,         0,   0.029,standalone_exact_mw,aea10f45e3589e84a00777b800d38e8a3149bd6cb552c409f3bffd718c1a0abf,"{""distance"":5,""physical_error_rate"":5e-05}","{""detection_events"":49,""detectors_checked"":229376}"
      1024,         0,         0,   0.030,standalone_exact_mw,aea10f45e3589e84a00777b800d38e8a3149bd6cb552c409f3bffd718c1a0abf,"{""distance"":5,""physical_error_rate"":5e-05}","{""detection_events"":55,""detectors_checked"":229376}"
      2048,         0,         0,   0.052,standalone_exact_mw,aea10f45e3589e84a00777b800d38e8a3149bd6cb552c409f3bffd718c1a0abf,"{""distance"":5,""physical_error_rate"":5e-05}","{""detection_events"":101,""detectors_checked"":458752}"
     84992,         0,         0,    5.98,standalone_exact_mw,77d802c74222c3324b7f1323f7447c6411ad27be92307b6127e53af575faadca,"{""distance"":5,""physical_error_rate"":0.001}","{""detection_events"":79151,""detectors_checked"":19038208}"
      2048,         0,         0,   0.053,standalone_exact_mw,aea10f45e3589e84a00777b800d38e8a3149bd6cb552c409f3bffd718c1a0abf,"{""distance"":5,""physical_error_rate"":5e-05}","{""detection_events"":105,""detectors_checked"":458752}"
    177152,         0,         0,    6.00,standalone_exact_mw,aea10f45e3589e84a00777b800d38e8a3149bd6cb552c409f3bffd718c1a0abf,"{""distance"":5,""physical_error_rate"":5e-05}","{""detection_events"":8210,""detectors_checked"":39682048}"
    231424,         1,         0,    11.7,standalone_exact_mw,503ee55b5ad1b1988379a241a0405811522ee4d50b473755532ad1299cb121e2,"{""distance"":5,""physical_error_rate"":0.0005}","{""detection_events"":108395,""detectors_checked"":51838976,""obs_mistake_mask=E"":1}"
      2048,         0,         0,   0.066,standalone_exact_mw,aea10f45e3589e84a00777b800d38e8a3149bd6cb552c409f3bffd718c1a0abf,"{""distance"":5,""physical_error_rate"":5e-05}","{""detection_events"":124,""detectors_checked"":458752}"
    179200,         0,         0,    6.00,standalone_exact_mw,aea10f45e3589e84a00777b800d38e8a3149bd6cb552c409f3bffd718c1a0abf,"{""distance"":5,""physical_error_rate"":5e-05}","{""detection_events"":8266,""detectors_checked"":40140800}"
      4096,         0,         0,   0.112,standalone_exact_mw,aea10f45e3589e84a00777b800d38e8a3149bd6cb552c409f3bffd718c1a0abf,"{""distance"":5,""physical_error_rate"":5e-05}","{""detection_events"":158,""detectors_checked"":917504}"
     20480,         0,         0,   0.783,standalone_exact_mw,29ae76c7f86edcd2f56343e8109d8463cbc736644db4e57527101e2f1c3606c8,"{""distance"":5,""physical_error_rate"":0.0002}","{""detection_events"":3648,""detectors_checked"":4587520}"
     20480,         4,         0,    6.11,standalone_exact_mw,1a2d9ab41a8a393fdef1a304cd6cd3b39e7654fe1ff27694ddcd7a0d28bf707b,"{""distance"":5,""physical_error_rate"":0.005}","{""detection_events"":93211,""detectors_checked"":4587520,""obs_mistake_mask=E"":4}"
      4096,         0,         0,   0.161,standalone_exact_mw,aea10f45e3589e84a00777b800d38e8a3149bd6cb552c409f3bffd718c1a0abf,"{""distance"":5,""physical_error_rate"":5e-05}","{""detection_events"":188,""detectors_checked"":917504}"
      4096,         6,         0,    4.62,standalone_exact_mw,d243a1b0b1308c5af35ad4523cb40bd83c282feda5b2af0b0940517b428d54bb,"{""distance"":5,""physical_error_rate"":0.01}","{""detection_events"":36206,""detectors_checked"":917504,""obs_mistake_mask=E"":6}"
    462848,         0,         0,    5.96,standalone_exact_mw,503ee55b5ad1b1988379a241a0405811522ee4d50b473755532ad1299cb121e2,"{""distance"":5,""physical_error_rate"":0.0005}","{""detection_events"":216965,""detectors_checked"":103677952}"
      7168,         0,         0,   0.229,standalone_exact_mw,aea10f45e3589e84a00777b800d38e8a3149bd6cb552c409f3bffd718c1a0abf,"{""distance"":5,""physical_error_rate"":5e-05}","{""detection_events"":307,""detectors_checked"":1605632}"
    371712,         0,         0,    11.6,standalone_exact_mw,cc9149276d16e61a5ac322a1d2048afebd34054fe0ed4879b77eb616628c1148,"{""distance"":5,""physical_error_rate"":0.0001}","{""detection_events"":34818,""detectors_checked"":83263488}"
      1536,        45,         0,    6.10,standalone_exact_mw,3fbf3739b73dda61f0188bb1f99eaf1ad6be14fe6ea44c0ac8d6c5ad12090cf3,"{""distance"":5,""physical_error_rate"":0.02}","{""detection_events"":25781,""detectors_checked"":344064,""obs_mistake_mask=E"":45}"
      9216,         0,         0,   0.336,standalone_exact_mw,aea10f45e3589e84a00777b800d38e8a3149bd6cb552c409f3bffd718c1a0abf,"{""distance"":5,""physical_error_rate"":5e-05}","{""detection_events"":404,""detectors_checked"":2064384}"
      3584,         6,         0,    4.37,standalone_exact_mw,d243a1b0b1308c5af35ad4523cb40bd83c282feda5b2af0b0940517b428d54bb,"{""distance"":5,""physical_error_rate"":0.01}","{""detection_events"":31614,""detectors_checked"":802816,""obs_mistake_mask=E"":6}"
     12288,         0,         0,   0.420,standalone_exact_mw,aea10f45e3589e84a00777b800d38e8a3149bd6cb552c409f3bffd718c1a0abf,"{""distance"":5,""physical_error_rate"":5e-05}","{""detection_events"":578,""detectors_checked"":2752512}"
     13312,         5,         0,    4.40,standalone_exact_mw,1a2d9ab41a8a393fdef1a304cd6cd3b39e7654fe1ff27694ddcd7a0d28bf707b,"{""distance"":5,""physical_error_rate"":0.005}","{""detection_events"":60082,""detectors_checked"":2981888,""obs_mistake_mask=E"":5}"
     27648,         0,         0,    1.12,standalone_exact_mw,29ae76c7f86edcd2f56343e8109d8463cbc736644db4e57527101e2f1c3606c8,"{""distance"":5,""physical_error_rate"":0.0002}","{""detection_events"":5291,""detectors_checked"":6193152}"
     17408,         0,         0,   0.584,standalone_exact_mw,aea10f45e3589e84a00777b800d38e8a3149bd6cb552c409f3bffd718c1a0abf,"{""distance"":5,""physical_error_rate"":5e-05}","{""detection_events"":822,""detectors_checked"":3899392}"
       896,        12,         0,    4.63,standalone_exact_mw,3fbf3739b73dda61f0188bb1f99eaf1ad6be14fe6ea44c0ac8d6c5ad12090cf3,"{""distance"":5,""physical_error_rate"":0.02}","{""detection_events"":14621,""detectors_checked"":200704,""obs_mistake_mask=E"":12}"
    165888,         0,         0,    8.39,standalone_exact_mw,29ae76c7f86edcd2f56343e8109d8463cbc736644db4e57527101e2f1c3606c8,"{""distance"":5,""physical_error_rate"":0.0002}","{""detection_events"":31249,""detectors_checked"":37158912}"
      3072,        11,         0,    4.32,standalone_exact_mw,d243a1b0b1308c5af35ad4523cb40bd83c282feda5b2af0b0940517b428d54bb,"{""distance"":5,""physical_error_rate"":0.01}","{""detection_events"":27374,""detectors_checked"":688128,""obs_mistake_mask=E"":11}"
       768,        13,         0,    3.44,standalone_exact_mw,3fbf3739b73dda61f0188bb1f99eaf1ad6be14fe6ea44c0ac8d6c5ad12090cf3,"{""distance"":5,""physical_error_rate"":0.02}","{""detection_events"":12830,""detectors_checked"":172032,""obs_mistake_mask=E"":13}"
     23552,         0,         0,   0.812,standalone_exact_mw,aea10f45e3589e84a00777b800d38e8a3149bd6cb552c409f3bffd718c1a0abf,"{""distance"":5,""physical_error_rate"":5e-05}","{""detection_events"":1071,""detectors_checked"":5275648}"
      1297,         0,         0,   0.020,standalone_exact_mw,29ae76c7f86edcd2f56343e8109d8463cbc736644db4e57527101e2f1c3606c8,"{""distance"":5,""physical_error_rate"":0.0002}","{""detection_events"":245,""detectors_checked"":290528}"
      1024,         0,         0,   0.030,standalone_exact_mw,29ae76c7f86edcd2f56343e8109d8463cbc736644db4e57527101e2f1c3606c8,"{""distance"":5,""physical_error_rate"":0.0002}","{""detection_events"":190,""detectors_checked"":229376}"
    262144,         0,         0,    8.31,standalone_exact_mw,aea10f45e3589e84a00777b800d38e8a3149bd6cb552c409f3bffd718c1a0abf,"{""distance"":5,""physical_error_rate"":5e-05}","{""detection_events"":12497,""detectors_checked"":58720256}"
     35840,         0,         0,    1.55,standalone_exact_mw,29ae76c7f86edcd2f56343e8109d8463cbc736644db4e57527101e2f1c3606c8,"{""distance"":5,""physical_error_rate"":0.0002}","{""detection_events"":6747,""detectors_checked"":8028160}"
      2048,         0,         0,   0.033,standalone_exact_mw,29ae76c7f86edcd2f56343e8109d8463cbc736644db4e57527101e2f1c3606c8,"{""distance"":5,""physical_error_rate"":0.0002}","{""detection_events"":360,""detectors_checked"":458752}"
      2048,         0,         0,   0.034,standalone_exact_mw,29ae76c7f86edcd2f56343e8109d8463cbc736644db4e57527101e2f1c3606c8,"{""distance"":5,""physical_error_rate"":0.0002}","{""detection_events"":390,""detectors_checked"":458752}"
      3072,         0,         0,   0.057,standalone_exact_mw,29ae76c7f86edcd2f56343e8109d8463cbc736644db4e57527101e2f1c3606c8,"{""distance"":5,""physical_error_rate"":0.0002}","{""detection_events"":573,""detectors_checked"":688128}"
     19456,         9,         0,    6.32,standalone_exact_mw,1a2d9ab41a8a393fdef1a304cd6cd3b39e7654fe1ff27694ddcd7a0d28bf707b,"{""distance"":5,""physical_error_rate"":0.005}","{""detection_events"":88001,""detectors_checked"":4358144,""obs_mistake_mask=E"":9}"
      3072,         0,         0,   0.065,standalone_exact_mw,29ae76c7f86edcd2f56343e8109d8463cbc736644db4e57527101e2f1c3606c8,"{""distance"":5,""physical_error_rate"":0.0002}","{""detection_events"":597,""detectors_checked"":688128}"
      4096,         0,         0,   0.080,standalone_exact_mw,29ae76c7f86edcd2f56343e8109d8463cbc736644db4e57527101e2f1c3606c8,"{""distance"":5,""physical_error_rate"":0.0002}","{""detection_events"":821,""detectors_checked"":917504}"
      6144,         0,         0,   0.124,standalone_exact_mw,29ae76c7f86edcd2f56343e8109d8463cbc736644db4e57527101e2f1c3606c8,"{""distance"":5,""physical_error_rate"":0.0002}","{""detection_events"":1140,""detectors_checked"":1376256}"
      1024,        15,         0,    4.70,standalone_exact_mw,3fbf3739b73dda61f0188bb1f99eaf1ad6be14fe6ea44c0ac8d6c5ad12090cf3,"{""distance"":5,""physical_error_rate"":0.02}","{""detection_events"":17023,""detectors_checked"":229376,""obs_mistake_mask=E"":15}"
    241664,         0,         0,    8.34,standalone_exact_mw,cc9149276d16e61a5ac322a1d2048afebd34054fe0ed4879b77eb616628c1148,"{""distance"":5,""physical_error_rate"":0.0001}","{""detection_events"":22149,""detectors_checked"":54132736}"
      8192,         0,         0,   0.159,standalone_exact_mw,29ae76c7f86edcd2f56343e8109d8463cbc736644db4e57527101e2f1c3606c8,"{""distance"":5,""physical_error_rate"":0.0002}","{""detection_events"":1602,""detectors_checked"":1835008}"
    289792,         0,         0,    11.7,standalone_exact_mw,29ae76c7f86edcd2f56343e8109d8463cbc736644db4e57527101e2f1c3606c8,"{""distance"":5,""physical_error_rate"":0.0002}","{""detection_events"":54071,""detectors_checked"":64913408}"
     11264,         0,         0,   0.224,standalone_exact_mw,29ae76c7f86edcd2f56343e8109d8463cbc736644db4e57527101e2f1c3606c8,"{""distance"":5,""physical_error_rate"":0.0002}","{""detection_events"":1976,""detectors_checked"":2523136}"
     31744,         0,         0,    1.11,standalone_exact_mw,aea10f45e3589e84a00777b800d38e8a3149bd6cb552c409f3bffd718c1a0abf,"{""distance"":5,""physical_error_rate"":5e-05}","{""detection_events"":1483,""detectors_checked"":7110656}"
     16384,         0,         0,   0.308,standalone_exact_mw,29ae76c7f86edcd2f56343e8109d8463cbc736644db4e57527101e2f1c3606c8,"{""distance"":5,""physical_error_rate"":0.0002}","{""detection_events"":3038,""detectors_checked"":3670016}"
      5120,        18,         0,    6.22,standalone_exact_mw,d243a1b0b1308c5af35ad4523cb40bd83c282feda5b2af0b0940517b428d54bb,"{""distance"":5,""physical_error_rate"":0.01}","{""detection_events"":45192,""detectors_checked"":1146880,""obs_mistake_mask=E"":18}"
      5120,         8,         0,    6.65,standalone_exact_mw,d243a1b0b1308c5af35ad4523cb40bd83c282feda5b2af0b0940517b428d54bb,"{""distance"":5,""physical_error_rate"":0.01}","{""detection_events"":45118,""detectors_checked"":1146880,""obs_mistake_mask=E"":8}"
    841728,         0,         0,    8.34,standalone_exact_mw,29ae76c7f86edcd2f56343e8109d8463cbc736644db4e57527101e2f1c3606c8,"{""distance"":5,""physical_error_rate"":0.0002}","{""detection_events"":156352,""detectors_checked"":188547072}"
     14336,         0,         0,   0.404,standalone_exact_mw,29ae76c7f86edcd2f56343e8109d8463cbc736644db4e57527101e2f1c3606c8,"{""distance"":5,""physical_error_rate"":0.0002}","{""detection_events"":2630,""detectors_checked"":3211264}"
    230400,         0,         0,    8.33,standalone_exact_mw,cc9149276d16e61a5ac322a1d2048afebd34054fe0ed4879b77eb616628c1148,"{""distance"":5,""physical_error_rate"":0.0001}","{""detection_events"":21355,""detectors_checked"":51609600}"
       273,         0,         0,   0.014,standalone_exact_mw,cc9149276d16e61a5ac322a1d2048afebd34054fe0ed4879b77eb616628c1148,"{""distance"":5,""physical_error_rate"":0.0001}","{""detection_events"":18,""detectors_checked"":61152}"
      1024,         0,         0,   0.025,standalone_exact_mw,cc9149276d16e61a5ac322a1d2048afebd34054fe0ed4879b77eb616628c1148,"{""distance"":5,""physical_error_rate"":0.0001}","{""detection_events"":84,""detectors_checked"":229376}"
      1024,         0,         0,   0.055,standalone_exact_mw,cc9149276d16e61a5ac322a1d2048afebd34054fe0ed4879b77eb616628c1148,"{""distance"":5,""physical_error_rate"":0.0001}","{""detection_events"":81,""detectors_checked"":229376}"
      1024,         0,         0,   0.039,standalone_exact_mw,cc9149276d16e61a5ac322a1d2048afebd34054fe0ed4879b77eb616628c1148,"{""distance"":5,""physical_error_rate"":0.0001}","{""detection_events"":119,""detectors_checked"":229376}"
     11264,         0,         0,   0.583,standalone_exact_mw,29ae76c7f86edcd2f56343e8109d8463cbc736644db4e57527101e2f1c3606c8,"{""distance"":5,""physical_error_rate"":0.0002}","{""detection_events"":2207,""detectors_checked"":2523136}"
      2048,         0,         0,   0.071,standalone_exact_mw,cc9149276d16e61a5ac322a1d2048afebd34054fe0ed4879b77eb616628c1148,"{""distance"":5,""physical_error_rate"":0.0001}","{""detection_events"":191,""detectors_checked"":458752}"
     53248,         0,         0,    2.18,standalone_exact_mw,29ae76c7f86edcd2f56343e8109d8463cbc736644db4e57527101e2f1c3606c8,"{""distance"":5,""physical_error_rate"":0.0002}","{""detection_events"":10000,""detectors_checked"":11927552}"
    241664,         0,         0,    8.29,standalone_exact_mw,aea10f45e3589e84a00777b800d38e8a3149bd6cb552c409f3bffd718c1a0abf,"{""distance"":5,""physical_error_rate"":5e-05}","{""detection_events"":11089,""detectors_checked"":54132736}"
      2048,         0,         0,   0.079,standalone_exact_mw,cc9149276d16e61a5ac322a1d2048afebd34054fe0ed4879b77eb616628c1148,"{""distance"":5,""physical_error_rate"":0.0001}","{""detection_events"":211,""detectors_checked"":458752}"
      3072,         0,         0,   0.111,standalone_exact_mw,cc9149276d16e61a5ac322a1d2048afebd34054fe0ed4879b77eb616628c1148,"{""distance"":5,""physical_error_rate"":0.0001}","{""detection_events"":263,""detectors_checked"":688128}"
     38912,         0,         0,    1.56,standalone_exact_mw,aea10f45e3589e84a00777b800d38e8a3149bd6cb552c409f3bffd718c1a0abf,"{""distance"":5,""physical_error_rate"":5e-05}","{""detection_events"":1786,""detectors_checked"":8716288}"
      4096,         0,         0,   0.144,standalone_exact_mw,cc9149276d16e61a5ac322a1d2048afebd34054fe0ed4879b77eb616628c1148,"{""distance"":5,""physical_error_rate"":0.0001}","{""detection_events"":430,""detectors_checked"":917504}"
      4096,         0,         0,   0.154,standalone_exact_mw,cc9149276d16e61a5ac322a1d2048afebd34054fe0ed4879b77eb616628c1148,"{""distance"":5,""physical_error_rate"":0.0001}","{""detection_events"":349,""detectors_checked"":917504}"
    473088,         2,         0,    8.36,standalone_exact_mw,77d802c74222c3324b7f1323f7447c6411ad27be92307b6127e53af575faadca,"{""distance"":5,""physical_error_rate"":0.001}","{""detection_events"":439235,""detectors_checked"":105971712,""obs_mistake_mask=E"":2}"
      6144,         0,         0,   0.223,standalone_exact_mw,cc9149276d16e61a5ac322a1d2048afebd34054fe0ed4879b77eb616628c1148,"{""distance"":5,""physical_error_rate"":0.0001}","{""detection_events"":535,""detectors_checked"":1376256}"
     17408,         0,         0,   0.764,standalone_exact_mw,29ae76c7f86edcd2f56343e8109d8463cbc736644db4e57527101e2f1c3606c8,"{""distance"":5,""physical_error_rate"":0.0002}","{""detection_events"":3220,""detectors_checked"":3899392}"
    283648,         0,         0,    8.31,standalone_exact_mw,cc9149276d16e61a5ac322a1d2048afebd34054fe0ed4879b77eb616628c1148,"{""distance"":5,""physical_error_rate"":0.0001}","{""detection_events"":26528,""detectors_checked"":63537152}"
    311296,         0,         0,    11.6,standalone_exact_mw,aea10f45e3589e84a00777b800d38e8a3149bd6cb552c409f3bffd718c1a0abf,"{""distance"":5,""physical_error_rate"":5e-05}","{""detection_events"":14413,""detectors_checked"":69730304}"
      1408,        27,         0,    6.11,standalone_exact_mw,3fbf3739b73dda61f0188bb1f99eaf1ad6be14fe6ea44c0ac8d6c5ad12090cf3,"{""distance"":5,""physical_error_rate"":0.02}","{""detection_events"":23423,""detectors_checked"":315392,""obs_mistake_mask=E"":27}"
     86016,         3,         0,    8.43,standalone_exact_mw,7bb6e20e48600212890a8c0dbf00c9e78f41358e09b12be0f89e4aae4bc5d684,"{""distance"":5,""physical_error_rate"":0.002}","{""detection_events"":158673,""detectors_checked"":19267584,""obs_mistake_mask=E"":3}"
      8192,         0,         0,   0.303,standalone_exact_mw,cc9149276d16e61a5ac322a1d2048afebd34054fe0ed4879b77eb616628c1148,"{""distance"":5,""physical_error_rate"":0.0001}","{""detection_events"":777,""detectors_checked"":1835008}"
     91136,         1,         0,    11.7,standalone_exact_mw,7bb6e20e48600212890a8c0dbf00c9e78f41358e09b12be0f89e4aae4bc5d684,"{""distance"":5,""physical_error_rate"":0.002}","{""detection_events"":168233,""detectors_checked"":20414464,""obs_mistake_mask=E"":1}"
    118784,         0,         0,    8.40,standalone_exact_mw,77d802c74222c3324b7f1323f7447c6411ad27be92307b6127e53af575faadca,"{""distance"":5,""physical_error_rate"":0.001}","{""detection_events"":109642,""detectors_checked"":26607616}"
      5632,        20,         0,    6.03,standalone_exact_mw,d243a1b0b1308c5af35ad4523cb40bd83c282feda5b2af0b0940517b428d54bb,"{""distance"":5,""physical_error_rate"":0.01}","{""detection_events"":49746,""detectors_checked"":1261568,""obs_mistake_mask=E"":20}"
     11264,         0,         0,   0.409,standalone_exact_mw,cc9149276d16e61a5ac322a1d2048afebd34054fe0ed4879b77eb616628c1148,"{""distance"":5,""physical_error_rate"":0.0001}","{""detection_events"":1015,""detectors_checked"":2523136}"
    118784,         0,         0,    8.40,standalone_exact_mw,77d802c74222c3324b7f1323f7447c6411ad27be92307b6127e53af575faadca,"{""distance"":5,""physical_error_rate"":0.001}","{""detection_events"":110310,""detectors_checked"":26607616}"
    236544,         0,         0,    8.34,standalone_exact_mw,cc9149276d16e61a5ac322a1d2048afebd34054fe0ed4879b77eb616628c1148,"{""distance"":5,""physical_error_rate"":0.0001}","{""detection_events"":22440,""detectors_checked"":52985856}"
     35840,        11,         0,    11.9,standalone_exact_mw,1a2d9ab41a8a393fdef1a304cd6cd3b39e7654fe1ff27694ddcd7a0d28bf707b,"{""distance"":5,""physical_error_rate"":0.005}","{""detection_events"":163145,""detectors_checked"":8028160,""obs_mistake_mask=E"":11}"
     95232,         1,         0,    8.39,standalone_exact_mw,7bb6e20e48600212890a8c0dbf00c9e78f41358e09b12be0f89e4aae4bc5d684,"{""distance"":5,""physical_error_rate"":0.002}","{""detection_events"":176917,""detectors_checked"":21331968,""obs_mistake_mask=E"":1}"
       273,         0,         0,   0.093,standalone_exact_mw,1a2d9ab41a8a393fdef1a304cd6cd3b39e7654fe1ff27694ddcd7a0d28bf707b,"{""distance"":5,""physical_error_rate"":0.005}","{""detection_events"":1168,""detectors_checked"":61152}"
     30720,         0,         0,    1.13,standalone_exact_mw,29ae76c7f86edcd2f56343e8109d8463cbc736644db4e57527101e2f1c3606c8,"{""distance"":5,""physical_error_rate"":0.0002}","{""detection_events"":5986,""detectors_checked"":6881280}"
     16384,         0,         0,   0.588,standalone_exact_mw,cc9149276d16e61a5ac322a1d2048afebd34054fe0ed4879b77eb616628c1148,"{""distance"":5,""physical_error_rate"":0.0001}","{""detection_events"":1305,""detectors_checked"":3670016}"
    161792,         0,         0,    8.36,standalone_exact_mw,503ee55b5ad1b1988379a241a0405811522ee4d50b473755532ad1299cb121e2,"{""distance"":5,""physical_error_rate"":0.0005}","{""detection_events"":75154,""detectors_checked"":36241408}"
     73728,         4,         0,    8.47,standalone_exact_mw,7bb6e20e48600212890a8c0dbf00c9e78f41358e09b12be0f89e4aae4bc5d684,"{""distance"":5,""physical_error_rate"":0.002}","{""detection_events"":135594,""detectors_checked"":16515072,""obs_mistake_mask=E"":4}"
      1024,         0,         0,   0.394,standalone_exact_mw,1a2d9ab41a8a393fdef1a304cd6cd3b39e7654fe1ff27694ddcd7a0d28bf707b,"{""distance"":5,""physical_error_rate"":0.005}","{""detection_events"":4709,""detectors_checked"":229376}"
      1024,        28,         0,    4.75,standalone_exact_mw,3fbf3739b73dda61f0188bb1f99eaf1ad6be14fe6ea44c0ac8d6c5ad12090cf3,"{""distance"":5,""physical_error_rate"":0.02}","{""detection_events"":17546,""detectors_checked"":229376,""obs_mistake_mask=E"":28}"
     75776,         1,         0,    8.37,standalone_exact_mw,7bb6e20e48600212890a8c0dbf00c9e78f41358e09b12be0f89e4aae4bc5d684,"{""distance"":5,""physical_error_rate"":0.002}","{""detection_events"":139424,""detectors_checked"":16973824,""obs_mistake_mask=E"":1}"
      5120,        18,         0,    6.18,standalone_exact_mw,d243a1b0b1308c5af35ad4523cb40bd83c282feda5b2af0b0940517b428d54bb,"{""distance"":5,""physical_error_rate"":0.01}","{""detection_events"":45001,""detectors_checked"":1146880,""obs_mistake_mask=E"":18}"
     57344,         0,         0,    2.19,standalone_exact_mw,aea10f45e3589e84a00777b800d38e8a3149bd6cb552c409f3bffd718c1a0abf,"{""distance"":5,""physical_error_rate"":5e-05}","{""detection_events"":2741,""detectors_checked"":12845056}"
     18432,         9,         0,    6.28,standalone_exact_mw,1a2d9ab41a8a393fdef1a304cd6cd3b39e7654fe1ff27694ddcd7a0d28bf707b,"{""distance"":5,""physical_error_rate"":0.005}","{""detection_events"":83124,""detectors_checked"":4128768,""obs_mistake_mask=E"":9}"
    208896,         0,         0,    8.36,standalone_exact_mw,29ae76c7f86edcd2f56343e8109d8463cbc736644db4e57527101e2f1c3606c8,"{""distance"":5,""physical_error_rate"":0.0002}","{""detection_events"":38684,""detectors_checked"":46792704}"
      1024,         1,         0,   0.391,standalone_exact_mw,1a2d9ab41a8a393fdef1a304cd6cd3b39e7654fe1ff27694ddcd7a0d28bf707b,"{""distance"":5,""physical_error_rate"":0.005}","{""detection_events"":4463,""detectors_checked"":229376,""obs_mistake_mask=E"":1}"
     22528,         0,         0,   0.790,standalone_exact_mw,cc9149276d16e61a5ac322a1d2048afebd34054fe0ed4879b77eb616628c1148,"{""distance"":5,""physical_error_rate"":0.0001}","{""detection_events"":2029,""detectors_checked"":5046272}"
    157696,         0,         0,    8.36,standalone_exact_mw,503ee55b5ad1b1988379a241a0405811522ee4d50b473755532ad1299cb121e2,"{""distance"":5,""physical_error_rate"":0.0005}","{""detection_events"":72979,""detectors_checked"":35323904}"
      1024,         0,         0,   0.243,standalone_exact_mw,1a2d9ab41a8a393fdef1a304cd6cd3b39e7654fe1ff27694ddcd7a0d28bf707b,"{""distance"":5,""physical_error_rate"":0.005}","{""detection_events"":4614,""detectors_checked"":229376}"
      1536,        31,         0,    6.10,standalone_exact_mw,3fbf3739b73dda61f0188bb1f99eaf1ad6be14fe6ea44c0ac8d6c5ad12090cf3,"{""distance"":5,""physical_error_rate"":0.02}","{""detection_events"":25012,""detectors_checked"":344064,""obs_mistake_mask=E"":31}"
     63488,         0,         0,    3.07,standalone_exact_mw,29ae76c7f86edcd2f56343e8109d8463cbc736644db4e57527101e2f1c3606c8,"{""distance"":5,""physical_error_rate"":0.0002}","{""detection_events"":11652,""detectors_checked"":14221312}"
        17,         0,         0,   0.021,standalone_exact_mw,503ee55b5ad1b1988379a241a0405811522ee4d50b473755532ad1299cb121e2,"{""distance"":5,""physical_error_rate"":0.0005}","{""detection_events"":4,""detectors_checked"":3808}"
      1280,         0,         0,   0.077,standalone_exact_mw,503ee55b5ad1b1988379a241a0405811522ee4d50b473755532ad1299cb121e2,"{""distance"":5,""physical_error_rate"":0.0005}","{""detection_events"":583,""detectors_checked"":286720}"
    121856,         0,         0,    8.39,standalone_exact_mw,77d802c74222c3324b7f1323f7447c6411ad27be92307b6127e53af575faadca,"{""distance"":5,""physical_error_rate"":0.001}","{""detection_events"":113839,""detectors_checked"":27295744}"
    241664,         0,         0,    8.32,standalone_exact_mw,aea10f45e3589e84a00777b800d38e8a3149bd6cb552c409f3bffd718c1a0abf,"{""distance"":5,""physical_error_rate"":5e-05}","{""detection_events"":11169,""detectors_checked"":54132736}"
      1024,         0,         0,   0.383,standalone_exact_mw,1a2d9ab41a8a393fdef1a304cd6cd3b39e7654fe1ff27694ddcd7a0d28bf707b,"{""distance"":5,""physical_error_rate"":0.005}","{""detection_events"":4637,""detectors_checked"":229376}"
      1024,         0,         0,   0.074,standalone_exact_mw,503ee55b5ad1b1988379a241a0405811522ee4d50b473755532ad1299cb121e2,"{""distance"":5,""physical_error_rate"":0.0005}","{""detection_events"":495,""detectors_checked"":229376}"
      1024,         0,         0,   0.074,standalone_exact_mw,503ee55b5ad1b1988379a241a0405811522ee4d50b473755532ad1299cb121e2,"{""distance"":5,""physical_error_rate"":0.0005}","{""detection_events"":525,""detectors_checked"":229376}"
      1024,         0,         0,   0.054,standalone_exact_mw,503ee55b5ad1b1988379a241a0405811522ee4d50b473755532ad1299cb121e2,"{""distance"":5,""physical_error_rate"":0.0005}","{""detection_events"":473,""detectors_checked"":229376}"
    246784,         0,         0,    8.33,standalone_exact_mw,aea10f45e3589e84a00777b800d38e8a3149bd6cb552c409f3bffd718c1a0abf,"{""distance"":5,""physical_error_rate"":5e-05}","{""detection_events"":11522,""detectors_checked"":55279616}"
     33792,         0,         0,    1.55,standalone_exact_mw,29ae76c7f86edcd2f56343e8109d8463cbc736644db4e57527101e2f1c3606c8,"{""distance"":5,""physical_error_rate"":0.0002}","{""detection_events"":6331,""detectors_checked"":7569408}"
      1024,         0,         0,   0.073,standalone_exact_mw,503ee55b5ad1b1988379a241a0405811522ee4d50b473755532ad1299cb121e2,"{""distance"":5,""physical_error_rate"":0.0005}","{""detection_events"":457,""detectors_checked"":229376}"
     28672,        17,         0,    8.35,standalone_exact_mw,1a2d9ab41a8a393fdef1a304cd6cd3b39e7654fe1ff27694ddcd7a0d28bf707b,"{""distance"":5,""physical_error_rate"":0.005}","{""detection_events"":130329,""detectors_checked"":6422528,""obs_mistake_mask=E"":17}"
      1024,         1,         0,   0.307,standalone_exact_mw,1a2d9ab41a8a393fdef1a304cd6cd3b39e7654fe1ff27694ddcd7a0d28bf707b,"{""distance"":5,""physical_error_rate"":0.005}","{""detection_events"":4699,""detectors_checked"":229376,""obs_mistake_mask=E"":1}"
      2048,         0,         0,   0.128,standalone_exact_mw,503ee55b5ad1b1988379a241a0405811522ee4d50b473755532ad1299cb121e2,"{""distance"":5,""physical_error_rate"":0.0005}","{""detection_events"":1022,""detectors_checked"":458752}"
    644096,         0,         0,    8.35,standalone_exact_mw,503ee55b5ad1b1988379a241a0405811522ee4d50b473755532ad1299cb121e2,"{""distance"":5,""physical_error_rate"":0.0005}","{""detection_events"":299309,""detectors_checked"":144277504}"
      2048,         0,         0,   0.127,standalone_exact_mw,503ee55b5ad1b1988379a241a0405811522ee4d50b473755532ad1299cb121e2,"{""distance"":5,""physical_error_rate"":0.0005}","{""detection_events"":1002,""detectors_checked"":458752}"
      4608,        12,         0,    6.26,standalone_exact_mw,d243a1b0b1308c5af35ad4523cb40bd83c282feda5b2af0b0940517b428d54bb,"{""distance"":5,""physical_error_rate"":0.01}","{""detection_events"":40544,""detectors_checked"":1032192,""obs_mistake_mask=E"":12}"
      1024,         0,         0,   0.358,standalone_exact_mw,1a2d9ab41a8a393fdef1a304cd6cd3b39e7654fe1ff27694ddcd7a0d28bf707b,"{""distance"":5,""physical_error_rate"":0.005}","{""detection_events"":4795,""detectors_checked"":229376}"
     30720,         0,         0,    1.12,standalone_exact_mw,cc9149276d16e61a5ac322a1d2048afebd34054fe0ed4879b77eb616628c1148,"{""distance"":5,""physical_error_rate"":0.0001}","{""detection_events"":2857,""detectors_checked"":6881280}"
      3072,         0,         0,   0.200,standalone_exact_mw,503ee55b5ad1b1988379a241a0405811522ee4d50b473755532ad1299cb121e2,"{""distance"":5,""physical_error_rate"":0.0005}","{""detection_events"":1375,""detectors_checked"":688128}"
      1024,         0,         0,   0.140,standalone_exact_mw,1a2d9ab41a8a393fdef1a304cd6cd3b39e7654fe1ff27694ddcd7a0d28bf707b,"{""distance"":5,""physical_error_rate"":0.005}","{""detection_events"":4679,""detectors_checked"":229376}"
      4096,         0,         0,   0.273,standalone_exact_mw,503ee55b5ad1b1988379a241a0405811522ee4d50b473755532ad1299cb121e2,"{""distance"":5,""physical_error_rate"":0.0005}","{""detection_events"":1925,""detectors_checked"":917504}"
      1024,         0,         0,   0.264,standalone_exact_mw,1a2d9ab41a8a393fdef1a304cd6cd3b39e7654fe1ff27694ddcd7a0d28bf707b,"{""distance"":5,""physical_error_rate"":0.005}","{""detection_events"":4586,""detectors_checked"":229376}"
      1152,        18,         0,    6.14,standalone_exact_mw,3fbf3739b73dda61f0188bb1f99eaf1ad6be14fe6ea44c0ac8d6c5ad12090cf3,"{""distance"":5,""physical_error_rate"":0.02}","{""detection_events"":19347,""detectors_checked"":258048,""obs_mistake_mask=E"":18}"
      2304,        44,         0,    8.75,standalone_exact_mw,3fbf3739b73dda61f0188bb1f99eaf1ad6be14fe6ea44c0ac8d6c5ad12090cf3,"{""distance"":5,""physical_error_rate"":0.02}","{""detection_events"":38123,""detectors_checked"":516096,""obs_mistake_mask=E"":44}"
      4096,         0,         0,   0.313,standalone_exact_mw,503ee55b5ad1b1988379a241a0405811522ee4d50b473755532ad1299cb121e2,"{""distance"":5,""physical_error_rate"":0.0005}","{""detection_events"":1878,""detectors_checked"":917504}"
    219136,         1,         0,    11.7,standalone_exact_mw,503ee55b5ad1b1988379a241a0405811522ee4d50b473755532ad1299cb121e2,"{""distance"":5,""physical_error_rate"":0.0005}","{""detection_events"":101620,""detectors_checked"":49086464,""obs_mistake_mask=E"":1}"
      1024,         0,         0,   0.340,standalone_exact_mw,1a2d9ab41a8a393fdef1a304cd6cd3b39e7654fe1ff27694ddcd7a0d28bf707b,"{""distance"":5,""physical_error_rate"":0.005}","{""detection_events"":4735,""detectors_checked"":229376}"
        17,         0,         0,   0.023,standalone_exact_mw,d243a1b0b1308c5af35ad4523cb40bd83c282feda5b2af0b0940517b428d54bb,"{""distance"":5,""physical_error_rate"":0.01}","{""detection_events"":116,""detectors_checked"":3808}"
      5120,         0,         0,   0.417,standalone_exact_mw,503ee55b5ad1b1988379a241a0405811522ee4d50b473755532ad1299cb121e2,"{""distance"":5,""physical_error_rate"":0.0005}","{""detection_events"":2193,""detectors_checked"":1146880}"
      1024,         0,         0,   0.394,standalone_exact_mw,1a2d9ab41a8a393fdef1a304cd6cd3b39e7654fe1ff27694ddcd7a0d28bf707b,"{""distance"":5,""physical_error_rate"":0.005}","{""detection_events"":4748,""detectors_checked"":229376}"
       256,         0,         0,   0.383,standalone_exact_mw,d243a1b0b1308c5af35ad4523cb40bd83c282feda5b2af0b0940517b428d54bb,"{""distance"":5,""physical_error_rate"":0.01}","{""detection_events"":2151,""detectors_checked"":57344}"
     30720,         8,         0,    11.8,standalone_exact_mw,1a2d9ab41a8a393fdef1a304cd6cd3b39e7654fe1ff27694ddcd7a0d28bf707b,"{""distance"":5,""physical_error_rate"":0.005}","{""detection_events"":140303,""detectors_checked"":6881280,""obs_mistake_mask=E"":8}"
      1024,         1,         0,   0.419,standalone_exact_mw,1a2d9ab41a8a393fdef1a304cd6cd3b39e7654fe1ff27694ddcd7a0d28bf707b,"{""distance"":5,""physical_error_rate"":0.005}","{""detection_events"":4658,""detectors_checked"":229376,""obs_mistake_mask=E"":1}"
     40960,         0,         0,    1.56,standalone_exact_mw,cc9149276d16e61a5ac322a1d2048afebd34054fe0ed4879b77eb616628c1148,"{""distance"":5,""physical_error_rate"":0.0001}","{""detection_events"":3864,""detectors_checked"":9175040}"
     70656,         0,         0,    3.03,standalone_exact_mw,aea10f45e3589e84a00777b800d38e8a3149bd6cb552c409f3bffd718c1a0abf,"{""distance"":5,""physical_error_rate"":5e-05}","{""detection_events"":3268,""detectors_checked"":15826944}"
      7168,         0,         0,   0.569,standalone_exact_mw,503ee55b5ad1b1988379a241a0405811522ee4d50b473755532ad1299cb121e2,"{""distance"":5,""physical_error_rate"":0.0005}","{""detection_events"":3078,""detectors_checked"":1605632}"
       256,         0,         0,   0.419,standalone_exact_mw,d243a1b0b1308c5af35ad4523cb40bd83c282feda5b2af0b0940517b428d54bb,"{""distance"":5,""physical_error_rate"":0.01}","{""detection_events"":2334,""detectors_checked"":57344}"
     45056,         0,         0,    2.18,standalone_exact_mw,29ae76c7f86edcd2f56343e8109d8463cbc736644db4e57527101e2f1c3606c8,"{""distance"":5,""physical_error_rate"":0.0002}","{""detection_events"":8370,""detectors_checked"":10092544}"
       273,         0,         0,   0.029,standalone_exact_mw,7bb6e20e48600212890a8c0dbf00c9e78f41358e09b12be0f89e4aae4bc5d684,"{""distance"":5,""physical_error_rate"":0.002}","{""detection_events"":483,""detectors_checked"":61152}"
       256,         0,         0,   0.255,standalone_exact_mw,d243a1b0b1308c5af35ad4523cb40bd83c282feda5b2af0b0940517b428d54bb,"{""distance"":5,""physical_error_rate"":0.01}","{""detection_events"":2293,""detectors_checked"":57344}"
      1024,         0,         0,   0.135,standalone_exact_mw,7bb6e20e48600212890a8c0dbf00c9e78f41358e09b12be0f89e4aae4bc5d684,"{""distance"":5,""physical_error_rate"":0.002}","{""detection_events"":1800,""detectors_checked"":229376}"
         1,         0,         0,   0.000,standalone_exact_mw,77d802c74222c3324b7f1323f7447c6411ad27be92307b6127e53af575faadca,"{""distance"":5,""physical_error_rate"":0.001}","{""detection_events"":2,""detectors_checked"":224}"
       272,         0,         0,   0.027,standalone_exact_mw,77d802c74222c3324b7f1323f7447c6411ad27be92307b6127e53af575faadca,"{""distance"":5,""physical_error_rate"":0.001}","{""detection_events"":297,""detectors_checked"":60928}"
      1024,         0,         0,   0.121,standalone_exact_mw,7bb6e20e48600212890a8c0dbf00c9e78f41358e09b12be0f89e4aae4bc5d684,"{""distance"":5,""physical_error_rate"":0.002}","{""detection_events"":1867,""detectors_checked"":229376}"
      1024,         0,         0,   0.099,standalone_exact_mw,77d802c74222c3324b7f1323f7447c6411ad27be92307b6127e53af575faadca,"{""distance"":5,""physical_error_rate"":0.001}","{""detection_events"":959,""detectors_checked"":229376}"
      1024,         0,         0,   0.078,standalone_exact_mw,77d802c74222c3324b7f1323f7447c6411ad27be92307b6127e53af575faadca,"{""distance"":5,""physical_error_rate"":0.001}","{""detection_events"":932,""detectors_checked"":229376}"
      1024,         0,         0,   0.114,standalone_exact_mw,7bb6e20e48600212890a8c0dbf00c9e78f41358e09b12be0f89e4aae4bc5d684,"{""distance"":5,""physical_error_rate"":0.002}","{""detection_events"":2019,""detectors_checked"":229376}"
      1024,         0,         0,   0.097,standalone_exact_mw,77d802c74222c3324b7f1323f7447c6411ad27be92307b6127e53af575faadca,"{""distance"":5,""physical_error_rate"":0.001}","{""detection_events"":914,""detectors_checked"":229376}"
      1024,         0,         0,   0.143,standalone_exact_mw,7bb6e20e48600212890a8c0dbf00c9e78f41358e09b12be0f89e4aae4bc5d684,"{""distance"":5,""physical_error_rate"":0.002}","{""detection_events"":1966,""detectors_checked"":229376}"
      2048,         1,         0,   0.768,standalone_exact_mw,1a2d9ab41a8a393fdef1a304cd6cd3b39e7654fe1ff27694ddcd7a0d28bf707b,"{""distance"":5,""physical_error_rate"":0.005}","{""detection_events"":9451,""detectors_checked"":458752,""obs_mistake_mask=E"":1}"
      1024,         0,         0,   0.078,standalone_exact_mw,77d802c74222c3324b7f1323f7447c6411ad27be92307b6127e53af575faadca,"{""distance"":5,""physical_error_rate"":0.001}","{""detection_events"":907,""detectors_checked"":229376}"
      1024,         0,         0,   0.098,standalone_exact_mw,77d802c74222c3324b7f1323f7447c6411ad27be92307b6127e53af575faadca,"{""distance"":5,""physical_error_rate"":0.001}","{""detection_events"":957,""detectors_checked"":229376}"
     21504,         0,         0,   0.841,standalone_exact_mw,503ee55b5ad1b1988379a241a0405811522ee4d50b473755532ad1299cb121e2,"{""distance"":5,""physical_error_rate"":0.0005}","{""detection_events"":10122,""detectors_checked"":4816896}"
      1024,         0,         0,   0.135,standalone_exact_mw,7bb6e20e48600212890a8c0dbf00c9e78f41358e09b12be0f89e4aae4bc5d684,"{""distance"":5,""physical_error_rate"":0.002}","{""detection_events"":2019,""detectors_checked"":229376}"
      1024,         0,         0,   0.090,standalone_exact_mw,7bb6e20e48600212890a8c0dbf00c9e78f41358e09b12be0f89e4aae4bc5d684,"{""distance"":5,""physical_error_rate"":0.002}","{""detection_events"":1946,""detectors_checked"":229376}"
     23552,        16,         0,    8.52,standalone_exact_mw,1a2d9ab41a8a393fdef1a304cd6cd3b39e7654fe1ff27694ddcd7a0d28bf707b,"{""distance"":5,""physical_error_rate"":0.005}","{""detection_events"":105948,""detectors_checked"":5275648,""obs_mistake_mask=E"":16}"
       512,         2,         0,   0.653,standalone_exact_mw,d243a1b0b1308c5af35ad4523cb40bd83c282feda5b2af0b0940517b428d54bb,"{""distance"":5,""physical_error_rate"":0.01}","{""detection_events"":4425,""detectors_checked"":114688,""obs_mistake_mask=E"":2}"
      2048,         0,         0,   0.197,standalone_exact_mw,77d802c74222c3324b7f1323f7447c6411ad27be92307b6127e53af575faadca,"{""distance"":5,""physical_error_rate"":0.001}","{""detection_events"":2011,""detectors_checked"":458752}"
      2048,         0,         0,   0.198,standalone_exact_mw,7bb6e20e48600212890a8c0dbf00c9e78f41358e09b12be0f89e4aae4bc5d684,"{""distance"":5,""physical_error_rate"":0.002}","{""detection_events"":3738,""detectors_checked"":458752}"
      2048,         0,         0,   0.176,standalone_exact_mw,77d802c74222c3324b7f1323f7447c6411ad27be92307b6127e53af575faadca,"{""distance"":5,""physical_error_rate"":0.001}","{""detection_events"":1927,""detectors_checked"":458752}"
      2048,         0,         0,   0.227,standalone_exact_mw,7bb6e20e48600212890a8c0dbf00c9e78f41358e09b12be0f89e4aae4bc5d684,"{""distance"":5,""physical_error_rate"":0.002}","{""detection_events"":3826,""detectors_checked"":458752}"
      3072,         0,         0,   0.298,standalone_exact_mw,77d802c74222c3324b7f1323f7447c6411ad27be92307b6127e53af575faadca,"{""distance"":5,""physical_error_rate"":0.001}","{""detection_events"":2948,""detectors_checked"":688128}"
       512,         1,         0,   0.612,standalone_exact_mw,d243a1b0b1308c5af35ad4523cb40bd83c282feda5b2af0b0940517b428d54bb,"{""distance"":5,""physical_error_rate"":0.01}","{""detection_events"":4596,""detectors_checked"":114688,""obs_mistake_mask=E"":1}"
      2048,         0,         0,   0.297,standalone_exact_mw,7bb6e20e48600212890a8c0dbf00c9e78f41358e09b12be0f89e4aae4bc5d684,"{""distance"":5,""physical_error_rate"":0.002}","{""detection_events"":3967,""detectors_checked"":458752}"
      3072,         2,         0,    1.12,standalone_exact_mw,1a2d9ab41a8a393fdef1a304cd6cd3b39e7654fe1ff27694ddcd7a0d28bf707b,"{""distance"":5,""physical_error_rate"":0.005}","{""detection_events"":14054,""detectors_checked"":688128,""obs_mistake_mask=E"":2}"
      4096,         0,         0,   0.348,standalone_exact_mw,77d802c74222c3324b7f1323f7447c6411ad27be92307b6127e53af575faadca,"{""distance"":5,""physical_error_rate"":0.001}","{""detection_events"":3696,""detectors_checked"":917504}"
     87040,         0,         0,    4.25,standalone_exact_mw,29ae76c7f86edcd2f56343e8109d8463cbc736644db4e57527101e2f1c3606c8,"{""distance"":5,""physical_error_rate"":0.0002}","{""detection_events"":16431,""detectors_checked"":19496960}"
     22528,         0,         0,    1.11,standalone_exact_mw,503ee55b5ad1b1988379a241a0405811522ee4d50b473755532ad1299cb121e2,"{""distance"":5,""physical_error_rate"":0.0005}","{""detection_events"":10749,""detectors_checked"":5046272}"
      2048,         0,         0,   0.303,standalone_exact_mw,7bb6e20e48600212890a8c0dbf00c9e78f41358e09b12be0f89e4aae4bc5d684,"{""distance"":5,""physical_error_rate"":0.002}","{""detection_events"":3721,""detectors_checked"":458752}"
      6144,        13,         0,    8.55,standalone_exact_mw,d243a1b0b1308c5af35ad4523cb40bd83c282feda5b2af0b0940517b428d54bb,"{""distance"":5,""physical_error_rate"":0.01}","{""detection_events"":53751,""detectors_checked"":1376256,""obs_mistake_mask=E"":13}"
     47104,         0,         0,    2.19,standalone_exact_mw,cc9149276d16e61a5ac322a1d2048afebd34054fe0ed4879b77eb616628c1148,"{""distance"":5,""physical_error_rate"":0.0001}","{""detection_events"":4248,""detectors_checked"":10551296}"
       512,         1,         0,   0.615,standalone_exact_mw,d243a1b0b1308c5af35ad4523cb40bd83c282feda5b2af0b0940517b428d54bb,"{""distance"":5,""physical_error_rate"":0.01}","{""detection_events"":4505,""detectors_checked"":114688,""obs_mistake_mask=E"":1}"
      5120,         0,         0,   0.451,standalone_exact_mw,77d802c74222c3324b7f1323f7447c6411ad27be92307b6127e53af575faadca,"{""distance"":5,""physical_error_rate"":0.001}","{""detection_events"":4750,""detectors_checked"":1146880}"
      4096,         0,         0,   0.448,standalone_exact_mw,7bb6e20e48600212890a8c0dbf00c9e78f41358e09b12be0f89e4aae4bc5d684,"{""distance"":5,""physical_error_rate"":0.002}","{""detection_events"":7474,""detectors_checked"":917504}"
      6144,        15,         0,    8.96,standalone_exact_mw,d243a1b0b1308c5af35ad4523cb40bd83c282feda5b2af0b0940517b428d54bb,"{""distance"":5,""physical_error_rate"":0.01}","{""detection_events"":54347,""detectors_checked"":1376256,""obs_mistake_mask=E"":15}"
       512,         1,         0,   0.617,standalone_exact_mw,d243a1b0b1308c5af35ad4523cb40bd83c282feda5b2af0b0940517b428d54bb,"{""distance"":5,""physical_error_rate"":0.01}","{""detection_events"":4439,""detectors_checked"":114688,""obs_mistake_mask=E"":1}"
      7168,         0,         0,   0.627,standalone_exact_mw,77d802c74222c3324b7f1323f7447c6411ad27be92307b6127e53af575faadca,"{""distance"":5,""physical_error_rate"":0.001}","{""detection_events"":6573,""detectors_checked"":1605632}"
      5120,         0,         0,   0.566,standalone_exact_mw,7bb6e20e48600212890a8c0dbf00c9e78f41358e09b12be0f89e4aae4bc5d684,"{""distance"":5,""physical_error_rate"":0.002}","{""detection_events"":9330,""detectors_checked"":1146880}"
      4096,         3,         0,    1.27,standalone_exact_mw,1a2d9ab41a8a393fdef1a304cd6cd3b39e7654fe1ff27694ddcd7a0d28bf707b,"{""distance"":5,""physical_error_rate"":0.005}","{""detection_events"":18586,""detectors_checked"":917504,""obs_mistake_mask=E"":3}"
     61440,         0,         0,    3.07,standalone_exact_mw,29ae76c7f86edcd2f56343e8109d8463cbc736644db4e57527101e2f1c3606c8,"{""distance"":5,""physical_error_rate"":0.0002}","{""detection_events"":11394,""detectors_checked"":13762560}"
    285696,         0,         0,    11.6,standalone_exact_mw,29ae76c7f86edcd2f56343e8109d8463cbc736644db4e57527101e2f1c3606c8,"{""distance"":5,""physical_error_rate"":0.0002}","{""detection_events"":53440,""detectors_checked"":63995904}"
       512,         4,         0,   0.550,standalone_exact_mw,d243a1b0b1308c5af35ad4523cb40bd83c282feda5b2af0b0940517b428d54bb,"{""distance"":5,""physical_error_rate"":0.01}","{""detection_events"":4649,""detectors_checked"":114688,""obs_mistake_mask=E"":4}"
      1280,        38,         0,    6.59,standalone_exact_mw,3fbf3739b73dda61f0188bb1f99eaf1ad6be14fe6ea44c0ac8d6c5ad12090cf3,"{""distance"":5,""physical_error_rate"":0.02}","{""detection_events"":21186,""detectors_checked"":286720,""obs_mistake_mask=E"":38}"
    530432,         2,         0,    16.4,standalone_exact_mw,77d802c74222c3324b7f1323f7447c6411ad27be92307b6127e53af575faadca,"{""distance"":5,""physical_error_rate"":0.001}","{""detection_events"":493433,""detectors_checked"":118816768,""obs_mistake_mask=E"":2}"
     26624,         0,         0,    1.58,standalone_exact_mw,503ee55b5ad1b1988379a241a0405811522ee4d50b473755532ad1299cb121e2,"{""distance"":5,""physical_error_rate"":0.0005}","{""detection_events"":12032,""detectors_checked"":5963776}"
    409600,         0,         0,    16.4,standalone_exact_mw,29ae76c7f86edcd2f56343e8109d8463cbc736644db4e57527101e2f1c3606c8,"{""distance"":5,""physical_error_rate"":0.0002}","{""detection_events"":76119,""detectors_checked"":91750400}"
       512,         1,         0,   0.392,standalone_exact_mw,d243a1b0b1308c5af35ad4523cb40bd83c282feda5b2af0b0940517b428d54bb,"{""distance"":5,""physical_error_rate"":0.01}","{""detection_events"":4273,""detectors_checked"":114688,""obs_mistake_mask=E"":1}"
      9216,         0,         0,   0.846,standalone_exact_mw,77d802c74222c3324b7f1323f7447c6411ad27be92307b6127e53af575faadca,"{""distance"":5,""physical_error_rate"":0.001}","{""detection_events"":8592,""detectors_checked"":2064384}"
      7168,         0,         0,   0.832,standalone_exact_mw,7bb6e20e48600212890a8c0dbf00c9e78f41358e09b12be0f89e4aae4bc5d684,"{""distance"":5,""physical_error_rate"":0.002}","{""detection_events"":13032,""detectors_checked"":1605632}"
      1920,        36,         0,    8.69,standalone_exact_mw,3fbf3739b73dda61f0188bb1f99eaf1ad6be14fe6ea44c0ac8d6c5ad12090cf3,"{""distance"":5,""physical_error_rate"":0.02}","{""detection_events"":31814,""detectors_checked"":430080,""obs_mistake_mask=E"":36}"
    351232,         0,         0,    11.7,standalone_exact_mw,aea10f45e3589e84a00777b800d38e8a3149bd6cb552c409f3bffd718c1a0abf,"{""distance"":5,""physical_error_rate"":5e-05}","{""detection_events"":16616,""detectors_checked"":78675968}"
      6144,        20,         0,    8.47,standalone_exact_mw,d243a1b0b1308c5af35ad4523cb40bd83c282feda5b2af0b0940517b428d54bb,"{""distance"":5,""physical_error_rate"":0.01}","{""detection_events"":54118,""detectors_checked"":1376256,""obs_mistake_mask=E"":20}"
    126976,         0,         0,    4.27,standalone_exact_mw,aea10f45e3589e84a00777b800d38e8a3149bd6cb552c409f3bffd718c1a0abf,"{""distance"":5,""physical_error_rate"":5e-05}","{""detection_events"":5931,""detectors_checked"":28442624}"
       512,         1,         0,   0.637,standalone_exact_mw,d243a1b0b1308c5af35ad4523cb40bd83c282feda5b2af0b0940517b428d54bb,"{""distance"":5,""physical_error_rate"":0.01}","{""detection_events"":4554,""detectors_checked"":114688,""obs_mistake_mask=E"":1}"
    286720,         0,         0,    11.6,standalone_exact_mw,cc9149276d16e61a5ac322a1d2048afebd34054fe0ed4879b77eb616628c1148,"{""distance"":5,""physical_error_rate"":0.0001}","{""detection_events"":27145,""detectors_checked"":64225280}"
         1,         0,         0,   0.001,standalone_exact_mw,3fbf3739b73dda61f0188bb1f99eaf1ad6be14fe6ea44c0ac8d6c5ad12090cf3,"{""distance"":5,""physical_error_rate"":0.02}","{""detection_events"":8,""detectors_checked"":224}"
        16,         1,         0,   0.075,standalone_exact_mw,3fbf3739b73dda61f0188bb1f99eaf1ad6be14fe6ea44c0ac8d6c5ad12090cf3,"{""distance"":5,""physical_error_rate"":0.02}","{""detection_events"":258,""detectors_checked"":3584,""obs_mistake_mask=E"":1}"
      5120,         2,         0,    1.58,standalone_exact_mw,1a2d9ab41a8a393fdef1a304cd6cd3b39e7654fe1ff27694ddcd7a0d28bf707b,"{""distance"":5,""physical_error_rate"":0.005}","{""detection_events"":22971,""detectors_checked"":1146880,""obs_mistake_mask=E"":2}"
      1297,         0,         0,   0.024,standalone_exact_mw,aea10f45e3589e84a00777b800d38e8a3149bd6cb552c409f3bffd718c1a0abf,"{""distance"":5,""physical_error_rate"":5e-05}","{""detection_events"":68,""detectors_checked"":290528}"
      1024,         0,         0,   0.028,standalone_exact_mw,aea10f45e3589e84a00777b800d38e8a3149bd6cb552c409f3bffd718c1a0abf,"{""distance"":5,""physical_error_rate"":5e-05}","{""detection_events"":64,""detectors_checked"":229376}"
      1024,         0,         0,   0.027,standalone_exact_mw,aea10f45e3589e84a00777b800d38e8a3149bd6cb552c409f3bffd718c1a0abf,"{""distance"":5,""physical_error_rate"":5e-05}","{""detection_events"":57,""detectors_checked"":229376}"
         1,         0,         0,   0.014,standalone_exact_mw,cc9149276d16e61a5ac322a1d2048afebd34054fe0ed4879b77eb616628c1148,"{""distance"":5,""physical_error_rate"":0.0001}","{""detectors_checked"":224}"
       272,         0,         0,   0.015,standalone_exact_mw,cc9149276d16e61a5ac322a1d2048afebd34054fe0ed4879b77eb616628c1148,"{""distance"":5,""physical_error_rate"":0.0001}","{""detection_events"":36,""detectors_checked"":60928}"
      2048,         0,         0,   0.052,standalone_exact_mw,aea10f45e3589e84a00777b800d38e8a3149bd6cb552c409f3bffd718c1a0abf,"{""distance"":5,""physical_error_rate"":5e-05}","{""detection_events"":88,""detectors_checked"":458752}"
      1024,         0,         0,   0.030,standalone_exact_mw,cc9149276d16e61a5ac322a1d2048afebd34054fe0ed4879b77eb616628c1148,"{""distance"":5,""physical_error_rate"":0.0001}","{""detection_events"":122,""detectors_checked"":229376}"
      2048,         0,         0,   0.053,standalone_exact_mw,aea10f45e3589e84a00777b800d38e8a3149bd6cb552c409f3bffd718c1a0abf,"{""distance"":5,""physical_error_rate"":5e-05}","{""detection_events"":121,""detectors_checked"":458752}"
      1024,         0,         0,   0.030,standalone_exact_mw,cc9149276d16e61a5ac322a1d2048afebd34054fe0ed4879b77eb616628c1148,"{""distance"":5,""physical_error_rate"":0.0001}","{""detection_events"":114,""detectors_checked"":229376}"
     12288,         0,         0,    1.14,standalone_exact_mw,77d802c74222c3324b7f1323f7447c6411ad27be92307b6127e53af575faadca,"{""distance"":5,""physical_error_rate"":0.001}","{""detection_events"":11456,""detectors_checked"":2752512}"
      2048,         0,         0,   0.054,standalone_exact_mw,aea10f45e3589e84a00777b800d38e8a3149bd6cb552c409f3bffd718c1a0abf,"{""distance"":5,""physical_error_rate"":5e-05}","{""detection_events"":116,""detectors_checked"":458752}"
      1024,         0,         0,   0.030,standalone_exact_mw,cc9149276d16e61a5ac322a1d2048afebd34054fe0ed4879b77eb616628c1148,"{""distance"":5,""physical_error_rate"":0.0001}","{""detection_events"":77,""detectors_checked"":229376}"
       512,         1,         0,   0.588,standalone_exact_mw,d243a1b0b1308c5af35ad4523cb40bd83c282feda5b2af0b0940517b428d54bb,"{""distance"":5,""physical_error_rate"":0.01}","{""detection_events"":4447,""detectors_checked"":114688,""obs_mistake_mask=E"":1}"
     10240,         0,         0,    1.17,standalone_exact_mw,7bb6e20e48600212890a8c0dbf00c9e78f41358e09b12be0f89e4aae4bc5d684,"{""distance"":5,""physical_error_rate"":0.002}","{""detection_events"":18957,""detectors_checked"":2293760}"
        64,         1,         0,   0.402,standalone_exact_mw,3fbf3739b73dda61f0188bb1f99eaf1ad6be14fe6ea44c0ac8d6c5ad12090cf3,"{""distance"":5,""physical_error_rate"":0.02}","{""detection_events"":1106,""detectors_checked"":14336,""obs_mistake_mask=E"":1}"
      2048,         0,         0,   0.060,standalone_exact_mw,cc9149276d16e61a5ac322a1d2048afebd34054fe0ed4879b77eb616628c1148,"{""distance"":5,""physical_error_rate"":0.0001}","{""detection_events"":220,""detectors_checked"":458752}"
      3072,         0,         0,   0.079,standalone_exact_mw,aea10f45e3589e84a00777b800d38e8a3149bd6cb552c409f3bffd718c1a0abf,"{""distance"":5,""physical_error_rate"":5e-05}","{""detection_events"":138,""detectors_checked"":688128}"
      2048,         0,         0,   0.082,standalone_exact_mw,cc9149276d16e61a5ac322a1d2048afebd34054fe0ed4879b77eb616628c1148,"{""distance"":5,""physical_error_rate"":0.0001}","{""detection_events"":164,""detectors_checked"":458752}"
      4096,         0,         0,   0.107,standalone_exact_mw,aea10f45e3589e84a00777b800d38e8a3149bd6cb552c409f3bffd718c1a0abf,"{""distance"":5,""physical_error_rate"":5e-05}","{""detection_events"":212,""detectors_checked"":917504}"
      3072,         0,         0,   0.111,standalone_exact_mw,cc9149276d16e61a5ac322a1d2048afebd34054fe0ed4879b77eb616628c1148,"{""distance"":5,""physical_error_rate"":0.0001}","{""detection_events"":296,""detectors_checked"":688128}"
      6656,        26,         0,    8.39,standalone_exact_mw,d243a1b0b1308c5af35ad4523cb40bd83c282feda5b2af0b0940517b428d54bb,"{""distance"":5,""physical_error_rate"":0.01}","{""detection_events"":58340,""detectors_checked"":1490944,""obs_mistake_mask=E"":26}"
     67584,         0,         0,    3.08,standalone_exact_mw,cc9149276d16e61a5ac322a1d2048afebd34054fe0ed4879b77eb616628c1148,"{""distance"":5,""physical_error_rate"":0.0001}","{""detection_events"":6216,""detectors_checked"":15138816}"
      6144,         0,         0,   0.149,standalone_exact_mw,aea10f45e3589e84a00777b800d38e8a3149bd6cb552c409f3bffd718c1a0abf,"{""distance"":5,""physical_error_rate"":5e-05}","{""detection_events"":302,""detectors_checked"":1376256}"
        64,         3,         0,   0.326,standalone_exact_mw,3fbf3739b73dda61f0188bb1f99eaf1ad6be14fe6ea44c0ac8d6c5ad12090cf3,"{""distance"":5,""physical_error_rate"":0.02}","{""detection_events"":979,""detectors_checked"":14336,""obs_mistake_mask=E"":3}"
      5120,         0,         0,   0.198,standalone_exact_mw,cc9149276d16e61a5ac322a1d2048afebd34054fe0ed4879b77eb616628c1148,"{""distance"":5,""physical_error_rate"":0.0001}","{""detection_events"":459,""detectors_checked"":1146880}"
   1112064,         1,         0,    11.7,standalone_exact_mw,29ae76c7f86edcd2f56343e8109d8463cbc736644db4e57527101e2f1c3606c8,"{""distance"":5,""physical_error_rate"":0.0002}","{""detection_events"":207851,""detectors_checked"":249102336,""obs_mistake_mask=E"":1}"
      8192,         0,         0,   0.212,standalone_exact_mw,aea10f45e3589e84a00777b800d38e8a3149bd6cb552c409f3bffd718c1a0abf,"{""distance"":5,""physical_error_rate"":5e-05}","{""detection_events"":417,""detectors_checked"":1835008}"
     25600,        13,         0,    8.59,standalone_exact_mw,1a2d9ab41a8a393fdef1a304cd6cd3b39e7654fe1ff27694ddcd7a0d28bf707b,"{""distance"":5,""physical_error_rate"":0.005}","{""detection_events"":115608,""detectors_checked"":5734400,""obs_mistake_mask=E"":13}"
      6144,         0,         0,   0.224,standalone_exact_mw,cc9149276d16e61a5ac322a1d2048afebd34054fe0ed4879b77eb616628c1148,"{""distance"":5,""physical_error_rate"":0.0001}","{""detection_events"":593,""detectors_checked"":1376256}"
       512,         1,         0,   0.673,standalone_exact_mw,d243a1b0b1308c5af35ad4523cb40bd83c282feda5b2af0b0940517b428d54bb,"{""distance"":5,""physical_error_rate"":0.01}","{""detection_events"":4613,""detectors_checked"":114688,""obs_mistake_mask=E"":1}"
        64,         0,         0,   0.355,standalone_exact_mw,3fbf3739b73dda61f0188bb1f99eaf1ad6be14fe6ea44c0ac8d6c5ad12090cf3,"{""distance"":5,""physical_error_rate"":0.02}","{""detection_events"":1089,""detectors_checked"":14336}"
     32768,         0,         0,    2.14,standalone_exact_mw,503ee55b5ad1b1988379a241a0405811522ee4d50b473755532ad1299cb121e2,"{""distance"":5,""physical_error_rate"":0.0005}","{""detection_events"":15583,""detectors_checked"":7340032}"
    354304,         1,         0,    16.3,standalone_exact_mw,503ee55b5ad1b1988379a241a0405811522ee4d50b473755532ad1299cb121e2,"{""distance"":5,""physical_error_rate"":0.0005}","{""detection_events"":166136,""detectors_checked"":79364096,""obs_mistake_mask=E"":1}"
    338944,         0,         0,    11.6,standalone_exact_mw,cc9149276d16e61a5ac322a1d2048afebd34054fe0ed4879b77eb616628c1148,"{""distance"":5,""physical_error_rate"":0.0001}","{""detection_events"":31524,""detectors_checked"":75923456}"
     12288,         0,         0,   0.301,standalone_exact_mw,aea10f45e3589e84a00777b800d38e8a3149bd6cb552c409f3bffd718c1a0abf,"{""distance"":5,""physical_error_rate"":5e-05}","{""detection_events"":630,""detectors_checked"":2752512}"
      1920,        45,         0,    8.39,standalone_exact_mw,3fbf3739b73dda61f0188bb1f99eaf1ad6be14fe6ea44c0ac8d6c5ad12090cf3,"{""distance"":5,""physical_error_rate"":0.02}","{""detection_events"":32088,""detectors_checked"":430080,""obs_mistake_mask=E"":45}"
      9216,         0,         0,   0.335,standalone_exact_mw,cc9149276d16e61a5ac322a1d2048afebd34054fe0ed4879b77eb616628c1148,"{""distance"":5,""physical_error_rate"":0.0001}","{""detection_events"":855,""detectors_checked"":2064384}"
        64,         1,         0,   0.371,standalone_exact_mw,3fbf3739b73dda61f0188bb1f99eaf1ad6be14fe6ea44c0ac8d6c5ad12090cf3,"{""distance"":5,""physical_error_rate"":0.02}","{""detection_events"":1116,""detectors_checked"":14336,""obs_mistake_mask=E"":1}"
     17408,         0,         0,   0.426,standalone_exact_mw,aea10f45e3589e84a00777b800d38e8a3149bd6cb552c409f3bffd718c1a0abf,"{""distance"":5,""physical_error_rate"":5e-05}","{""detection_events"":774,""detectors_checked"":3899392}"
    396288,         0,         0,    11.7,standalone_exact_mw,aea10f45e3589e84a00777b800d38e8a3149bd6cb552c409f3bffd718c1a0abf,"{""distance"":5,""physical_error_rate"":5e-05}","{""detection_events"":18579,""detectors_checked"":88768512}"
        64,         2,         0,   0.195,standalone_exact_mw,3fbf3739b73dda61f0188bb1f99eaf1ad6be14fe6ea44c0ac8d6c5ad12090cf3,"{""distance"":5,""physical_error_rate"":0.02}","{""detection_events"":987,""detectors_checked"":14336,""obs_mistake_mask=E"":2}"
    467968,         0,         0,    16.2,standalone_exact_mw,cc9149276d16e61a5ac322a1d2048afebd34054fe0ed4879b77eb616628c1148,"{""distance"":5,""physical_error_rate"":0.0001}","{""detection_events"":43891,""detectors_checked"":104824832}"
     12288,         0,         0,   0.442,standalone_exact_mw,cc9149276d16e61a5ac322a1d2048afebd34054fe0ed4879b77eb616628c1148,"{""distance"":5,""physical_error_rate"":0.0001}","{""detection_events"":1195,""detectors_checked"":2752512}"
     17408,         0,         0,    1.54,standalone_exact_mw,77d802c74222c3324b7f1323f7447c6411ad27be92307b6127e53af575faadca,"{""distance"":5,""physical_error_rate"":0.001}","{""detection_events"":16051,""detectors_checked"":3899392}"
      1024,         2,         0,   0.880,standalone_exact_mw,d243a1b0b1308c5af35ad4523cb40bd83c282feda5b2af0b0940517b428d54bb,"{""distance"":5,""physical_error_rate"":0.01}","{""detection_events"":8888,""detectors_checked"":229376,""obs_mistake_mask=E"":2}"
     14336,         1,         0,    1.63,standalone_exact_mw,7bb6e20e48600212890a8c0dbf00c9e78f41358e09b12be0f89e4aae4bc5d684,"{""distance"":5,""physical_error_rate"":0.002}","{""detection_events"":26597,""detectors_checked"":3211264,""obs_mistake_mask=E"":1}"
       128,         1,         0,   0.453,standalone_exact_mw,3fbf3739b73dda61f0188bb1f99eaf1ad6be14fe6ea44c0ac8d6c5ad12090cf3,"{""distance"":5,""physical_error_rate"":0.02}","{""detection_events"":2065,""detectors_checked"":28672,""obs_mistake_mask=E"":1}"
    633856,         1,         0,    11.7,standalone_exact_mw,77d802c74222c3324b7f1323f7447c6411ad27be92307b6127e53af575faadca,"{""distance"":5,""physical_error_rate"":0.001}","{""detection_events"":587593,""detectors_checked"":141983744,""obs_mistake_mask=E"":1}"
     23552,         0,         0,   0.591,standalone_exact_mw,aea10f45e3589e84a00777b800d38e8a3149bd6cb552c409f3bffd718c1a0abf,"{""distance"":5,""physical_error_rate"":5e-05}","{""detection_events"":1015,""detectors_checked"":5275648}"
    317440,         0,         0,    11.5,standalone_exact_mw,cc9149276d16e61a5ac322a1d2048afebd34054fe0ed4879b77eb616628c1148,"{""distance"":5,""physical_error_rate"":0.0001}","{""detection_events"":28935,""detectors_checked"":71106560}"
      8192,         3,         0,    2.29,standalone_exact_mw,1a2d9ab41a8a393fdef1a304cd6cd3b39e7654fe1ff27694ddcd7a0d28bf707b,"{""distance"":5,""physical_error_rate"":0.005}","{""detection_events"":37254,""detectors_checked"":1835008,""obs_mistake_mask=E"":3}"
     16384,         0,         0,   0.573,standalone_exact_mw,cc9149276d16e61a5ac322a1d2048afebd34054fe0ed4879b77eb616628c1148,"{""distance"":5,""physical_error_rate"":0.0001}","{""detection_events"":1487,""detectors_checked"":3670016}"
     99328,         2,         0,    11.7,standalone_exact_mw,7bb6e20e48600212890a8c0dbf00c9e78f41358e09b12be0f89e4aae4bc5d684,"{""distance"":5,""physical_error_rate"":0.002}","{""detection_events"":182779,""detectors_checked"":22249472,""obs_mistake_mask=E"":2}"
      8704,        33,         0,    8.78,standalone_exact_mw,d243a1b0b1308c5af35ad4523cb40bd83c282feda5b2af0b0940517b428d54bb,"{""distance"":5,""physical_error_rate"":0.01}","{""detection_events"":76480,""detectors_checked"":1949696,""obs_mistake_mask=E"":33}"
       128,         4,         0,   0.563,standalone_exact_mw,3fbf3739b73dda61f0188bb1f99eaf1ad6be14fe6ea44c0ac8d6c5ad12090cf3,"{""distance"":5,""physical_error_rate"":0.02}","{""detection_events"":2254,""detectors_checked"":28672,""obs_mistake_mask=E"":4}"
    161792,         0,         0,    11.7,standalone_exact_mw,77d802c74222c3324b7f1323f7447c6411ad27be92307b6127e53af575faadca,"{""distance"":5,""physical_error_rate"":0.001}","{""detection_events"":150019,""detectors_checked"":36241408}"
     89088,         0,         0,    4.25,standalone_exact_mw,29ae76c7f86edcd2f56343e8109d8463cbc736644db4e57527101e2f1c3606c8,"{""distance"":5,""physical_error_rate"":0.0002}","{""detection_events"":16980,""detectors_checked"":19955712}"
     31744,         0,         0,   0.769,standalone_exact_mw,aea10f45e3589e84a00777b800d38e8a3149bd6cb552c409f3bffd718c1a0abf,"{""distance"":5,""physical_error_rate"":5e-05}","{""detection_events"":1440,""detectors_checked"":7110656}"
        17,         0,         0,   0.084,standalone_exact_mw,3fbf3739b73dda61f0188bb1f99eaf1ad6be14fe6ea44c0ac8d6c5ad12090cf3,"{""distance"":5,""physical_error_rate"":0.02}","{""detection_events"":282,""detectors_checked"":3808}"
    148480,         1,         0,    11.7,standalone_exact_mw,77d802c74222c3324b7f1323f7447c6411ad27be92307b6127e53af575faadca,"{""distance"":5,""physical_error_rate"":0.001}","{""detection_events"":136641,""detectors_checked"":33259520,""obs_mistake_mask=E"":1}"
     22528,         0,         0,   0.795,standalone_exact_mw,cc9149276d16e61a5ac322a1d2048afebd34054fe0ed4879b77eb616628c1148,"{""distance"":5,""physical_error_rate"":0.0001}","{""detection_events"":2075,""detectors_checked"":5046272}"
      2432,        56,         0,    8.99,standalone_exact_mw,3fbf3739b73dda61f0188bb1f99eaf1ad6be14fe6ea44c0ac8d6c5ad12090cf3,"{""distance"":5,""physical_error_rate"":0.02}","{""detection_events"":40881,""detectors_checked"":544768,""obs_mistake_mask=E"":56}"
    128000,         0,         0,    5.91,standalone_exact_mw,29ae76c7f86edcd2f56343e8109d8463cbc736644db4e57527101e2f1c3606c8,"{""distance"":5,""physical_error_rate"":0.0002}","{""detection_events"":23382,""detectors_checked"":28672000}"
       128,         2,         0,   0.607,standalone_exact_mw,3fbf3739b73dda61f0188bb1f99eaf1ad6be14fe6ea44c0ac8d6c5ad12090cf3,"{""distance"":5,""physical_error_rate"":0.02}","{""detection_events"":2139,""detectors_checked"":28672,""obs_mistake_mask=E"":2}"
    306176,         0,         0,    11.7,standalone_exact_mw,cc9149276d16e61a5ac322a1d2048afebd34054fe0ed4879b77eb616628c1148,"{""distance"":5,""physical_error_rate"":0.0001}","{""detection_events"":27760,""detectors_checked"":68583424}"
     97280,         7,         0,    11.7,standalone_exact_mw,7bb6e20e48600212890a8c0dbf00c9e78f41358e09b12be0f89e4aae4bc5d684,"{""distance"":5,""physical_error_rate"":0.002}","{""detection_events"":178617,""detectors_checked"":21790720,""obs_mistake_mask=E"":7}"
        64,         0,         0,   0.327,standalone_exact_mw,3fbf3739b73dda61f0188bb1f99eaf1ad6be14fe6ea44c0ac8d6c5ad12090cf3,"{""distance"":5,""physical_error_rate"":0.02}","{""detection_events"":1152,""detectors_checked"":14336}"
        64,         0,         0,   0.222,standalone_exact_mw,3fbf3739b73dda61f0188bb1f99eaf1ad6be14fe6ea44c0ac8d6c5ad12090cf3,"{""distance"":5,""physical_error_rate"":0.02}","{""detection_events"":1048,""detectors_checked"":14336}"
      1536,        11,         0,    1.82,standalone_exact_mw,d243a1b0b1308c5af35ad4523cb40bd83c282feda5b2af0b0940517b428d54bb,"{""distance"":5,""physical_error_rate"":0.01}","{""detection_events"":13519,""detectors_checked"":344064,""obs_mistake_mask=E"":11}"
    126976,         3,         0,    11.7,standalone_exact_mw,7bb6e20e48600212890a8c0dbf00c9e78f41358e09b12be0f89e4aae4bc5d684,"{""distance"":5,""physical_error_rate"":0.002}","{""detection_events"":234164,""detectors_checked"":28442624,""obs_mistake_mask=E"":3}"
    240640,         0,         0,    11.7,standalone_exact_mw,503ee55b5ad1b1988379a241a0405811522ee4d50b473755532ad1299cb121e2,"{""distance"":5,""physical_error_rate"":0.0005}","{""detection_events"":111547,""detectors_checked"":53903360}"
       128,         3,         0,   0.563,standalone_exact_mw,3fbf3739b73dda61f0188bb1f99eaf1ad6be14fe6ea44c0ac8d6c5ad12090cf3,"{""distance"":5,""physical_error_rate"":0.02}","{""detection_events"":2173,""detectors_checked"":28672,""obs_mistake_mask=E"":3}"
     92160,         1,         0,    11.8,standalone_exact_mw,7bb6e20e48600212890a8c0dbf00c9e78f41358e09b12be0f89e4aae4bc5d684,"{""distance"":5,""physical_error_rate"":0.002}","{""detection_events"":169985,""detectors_checked"":20643840,""obs_mistake_mask=E"":1}"
     32768,         0,         0,    2.19,standalone_exact_mw,77d802c74222c3324b7f1323f7447c6411ad27be92307b6127e53af575faadca,"{""distance"":5,""physical_error_rate"":0.001}","{""detection_events"":30740,""detectors_checked"":7340032}"
    246784,         0,         0,    11.6,standalone_exact_mw,29ae76c7f86edcd2f56343e8109d8463cbc736644db4e57527101e2f1c3606c8,"{""distance"":5,""physical_error_rate"":0.0002}","{""detection_events"":46112,""detectors_checked"":55279616}"
     45056,         0,         0,    1.12,standalone_exact_mw,aea10f45e3589e84a00777b800d38e8a3149bd6cb552c409f3bffd718c1a0abf,"{""distance"":5,""physical_error_rate"":5e-05}","{""detection_events"":1899,""detectors_checked"":10092544}"
     65536,         0,         0,    3.07,standalone_exact_mw,503ee55b5ad1b1988379a241a0405811522ee4d50b473755532ad1299cb121e2,"{""distance"":5,""physical_error_rate"":0.0005}","{""detection_events"":30363,""detectors_checked"":14680064}"
       128,         5,         0,   0.587,standalone_exact_mw,3fbf3739b73dda61f0188bb1f99eaf1ad6be14fe6ea44c0ac8d6c5ad12090cf3,"{""distance"":5,""physical_error_rate"":0.02}","{""detection_events"":2218,""detectors_checked"":28672,""obs_mistake_mask=E"":5}"
     19456,         0,         0,    2.28,standalone_exact_mw,7bb6e20e48600212890a8c0dbf00c9e78f41358e09b12be0f89e4aae4bc5d684,"{""distance"":5,""physical_error_rate"":0.002}","{""detection_events"":35719,""detectors_checked"":4358144}"
     31744,         0,         0,    1.14,standalone_exact_mw,cc9149276d16e61a5ac322a1d2048afebd34054fe0ed4879b77eb616628c1148,"{""distance"":5,""physical_error_rate"":0.0001}","{""detection_events"":2961,""detectors_checked"":7110656}"
       128,         1,         0,   0.492,standalone_exact_mw,3fbf3739b73dda61f0188bb1f99eaf1ad6be14fe6ea44c0ac8d6c5ad12090cf3,"{""distance"":5,""physical_error_rate"":0.02}","{""detection_events"":2117,""detectors_checked"":28672,""obs_mistake_mask=E"":1}"
    278528,         0,         0,    11.7,standalone_exact_mw,503ee55b5ad1b1988379a241a0405811522ee4d50b473755532ad1299cb121e2,"{""distance"":5,""physical_error_rate"":0.0005}","{""detection_events"":129153,""detectors_checked"":62390272}"
    397312,         0,         0,    11.6,standalone_exact_mw,aea10f45e3589e84a00777b800d38e8a3149bd6cb552c409f3bffd718c1a0abf,"{""distance"":5,""physical_error_rate"":5e-05}","{""detection_events"":18635,""detectors_checked"":88997888}"
    478208,         0,         0,    16.3,standalone_exact_mw,29ae76c7f86edcd2f56343e8109d8463cbc736644db4e57527101e2f1c3606c8,"{""distance"":5,""physical_error_rate"":0.0002}","{""detection_events"":89403,""detectors_checked"":107118592}"
    195584,         0,         0,    11.7,standalone_exact_mw,77d802c74222c3324b7f1323f7447c6411ad27be92307b6127e53af575faadca,"{""distance"":5,""physical_error_rate"":0.001}","{""detection_events"":180512,""detectors_checked"":43810816}"
       128,         2,         0,   0.630,standalone_exact_mw,3fbf3739b73dda61f0188bb1f99eaf1ad6be14fe6ea44c0ac8d6c5ad12090cf3,"{""distance"":5,""physical_error_rate"":0.02}","{""detection_events"":2035,""detectors_checked"":28672,""obs_mistake_mask=E"":2}"
    119808,         0,         0,    4.22,standalone_exact_mw,cc9149276d16e61a5ac322a1d2048afebd34054fe0ed4879b77eb616628c1148,"{""distance"":5,""physical_error_rate"":0.0001}","{""detection_events"":11141,""detectors_checked"":26836992}"
    327680,         0,         0,    11.6,standalone_exact_mw,aea10f45e3589e84a00777b800d38e8a3149bd6cb552c409f3bffd718c1a0abf,"{""distance"":5,""physical_error_rate"":5e-05}","{""detection_events"":15129,""detectors_checked"":73400320}"
     37888,        16,         0,    11.8,standalone_exact_mw,1a2d9ab41a8a393fdef1a304cd6cd3b39e7654fe1ff27694ddcd7a0d28bf707b,"{""distance"":5,""physical_error_rate"":0.005}","{""detection_events"":171540,""detectors_checked"":8486912,""obs_mistake_mask=E"":16}"
      1024,         4,         0,    1.56,standalone_exact_mw,d243a1b0b1308c5af35ad4523cb40bd83c282feda5b2af0b0940517b428d54bb,"{""distance"":5,""physical_error_rate"":0.01}","{""detection_events"":8812,""detectors_checked"":229376,""obs_mistake_mask=E"":4}"
    685056,         0,         0,    11.7,standalone_exact_mw,503ee55b5ad1b1988379a241a0405811522ee4d50b473755532ad1299cb121e2,"{""distance"":5,""physical_error_rate"":0.0005}","{""detection_events"":318881,""detectors_checked"":153452544}"
       256,         5,         0,    1.02,standalone_exact_mw,3fbf3739b73dda61f0188bb1f99eaf1ad6be14fe6ea44c0ac8d6c5ad12090cf3,"{""distance"":5,""physical_error_rate"":0.02}","{""detection_events"":4339,""detectors_checked"":57344,""obs_mistake_mask=E"":5}"
       128,         2,         0,   0.506,standalone_exact_mw,3fbf3739b73dda61f0188bb1f99eaf1ad6be14fe6ea44c0ac8d6c5ad12090cf3,"{""distance"":5,""physical_error_rate"":0.02}","{""detection_events"":2181,""detectors_checked"":28672,""obs_mistake_mask=E"":2}"
     11264,         3,         0,    3.17,standalone_exact_mw,1a2d9ab41a8a393fdef1a304cd6cd3b39e7654fe1ff27694ddcd7a0d28bf707b,"{""distance"":5,""physical_error_rate"":0.005}","{""detection_events"":51010,""detectors_checked"":2523136,""obs_mistake_mask=E"":3}"
    128000,         0,         0,    5.98,standalone_exact_mw,aea10f45e3589e84a00777b800d38e8a3149bd6cb552c409f3bffd718c1a0abf,"{""distance"":5,""physical_error_rate"":5e-05}","{""detection_events"":5963,""detectors_checked"":28672000}"
     62464,         0,         0,    1.55,standalone_exact_mw,aea10f45e3589e84a00777b800d38e8a3149bd6cb552c409f3bffd718c1a0abf,"{""distance"":5,""physical_error_rate"":5e-05}","{""detection_events"":2964,""detectors_checked"":13991936}"
       128,         4,         0,   0.397,standalone_exact_mw,3fbf3739b73dda61f0188bb1f99eaf1ad6be14fe6ea44c0ac8d6c5ad12090cf3,"{""distance"":5,""physical_error_rate"":0.02}","{""detection_events"":2187,""detectors_checked"":28672,""obs_mistake_mask=E"":4}"
     44032,         0,         0,    1.58,standalone_exact_mw,cc9149276d16e61a5ac322a1d2048afebd34054fe0ed4879b77eb616628c1148,"{""distance"":5,""physical_error_rate"":0.0001}","{""detection_events"":4052,""detectors_checked"":9863168}"
       128,         3,         0,   0.293,standalone_exact_mw,3fbf3739b73dda61f0188bb1f99eaf1ad6be14fe6ea44c0ac8d6c5ad12090cf3,"{""distance"":5,""physical_error_rate"":0.02}","{""detection_events"":2119,""detectors_checked"":28672,""obs_mistake_mask=E"":3}"
       256,         8,         0,    1.06,standalone_exact_mw,3fbf3739b73dda61f0188bb1f99eaf1ad6be14fe6ea44c0ac8d6c5ad12090cf3,"{""distance"":5,""physical_error_rate"":0.02}","{""detection_events"":4232,""detectors_checked"":57344,""obs_mistake_mask=E"":8}"
      2560,        75,         0,    12.2,standalone_exact_mw,3fbf3739b73dda61f0188bb1f99eaf1ad6be14fe6ea44c0ac8d6c5ad12090cf3,"{""distance"":5,""physical_error_rate"":0.02}","{""detection_events"":43077,""detectors_checked"":573440,""obs_mistake_mask=E"":75}"
       256,         6,         0,   0.450,standalone_exact_mw,3fbf3739b73dda61f0188bb1f99eaf1ad6be14fe6ea44c0ac8d6c5ad12090cf3,"{""distance"":5,""physical_error_rate"":0.02}","{""detection_events"":4187,""detectors_checked"":57344,""obs_mistake_mask=E"":6}"
       768,        17,         0,    3.37,standalone_exact_mw,3fbf3739b73dda61f0188bb1f99eaf1ad6be14fe6ea44c0ac8d6c5ad12090cf3,"{""distance"":5,""physical_error_rate"":0.02}","{""detection_events"":12584,""detectors_checked"":172032,""obs_mistake_mask=E"":17}"
      1536,        38,         0,    7.39,standalone_exact_mw,3fbf3739b73dda61f0188bb1f99eaf1ad6be14fe6ea44c0ac8d6c5ad12090cf3,"{""distance"":5,""physical_error_rate"":0.02}","{""detection_events"":25992,""detectors_checked"":344064,""obs_mistake_mask=E"":38}"
      1280,        30,         0,    5.52,standalone_exact_mw,3fbf3739b73dda61f0188bb1f99eaf1ad6be14fe6ea44c0ac8d6c5ad12090cf3,"{""distance"":5,""physical_error_rate"":0.02}","{""detection_events"":21464,""detectors_checked"":286720,""obs_mistake_mask=E"":30}"
       128,         4,         0,   0.485,standalone_exact_mw,3fbf3739b73dda61f0188bb1f99eaf1ad6be14fe6ea44c0ac8d6c5ad12090cf3,"{""distance"":5,""physical_error_rate"":0.02}","{""detection_events"":2150,""detectors_checked"":28672,""obs_mistake_mask=E"":4}"
    653312,         0,         0,    16.4,standalone_exact_mw,aea10f45e3589e84a00777b800d38e8a3149bd6cb552c409f3bffd718c1a0abf,"{""distance"":5,""physical_error_rate"":5e-05}","{""detection_events"":30425,""detectors_checked"":146341888}"
     43008,         0,         0,    3.07,standalone_exact_mw,77d802c74222c3324b7f1323f7447c6411ad27be92307b6127e53af575faadca,"{""distance"":5,""physical_error_rate"":0.001}","{""detection_events"":40169,""detectors_checked"":9633792}"
      2176,        34,         0,    8.40,standalone_exact_mw,3fbf3739b73dda61f0188bb1f99eaf1ad6be14fe6ea44c0ac8d6c5ad12090cf3,"{""distance"":5,""physical_error_rate"":0.02}","{""detection_events"":35968,""detectors_checked"":487424,""obs_mistake_mask=E"":34}"
    166912,         6,         0,    16.4,standalone_exact_mw,7bb6e20e48600212890a8c0dbf00c9e78f41358e09b12be0f89e4aae4bc5d684,"{""distance"":5,""physical_error_rate"":0.002}","{""detection_events"":309416,""detectors_checked"":37388288,""obs_mistake_mask=E"":6}"
     32768,         0,         0,    3.08,standalone_exact_mw,7bb6e20e48600212890a8c0dbf00c9e78f41358e09b12be0f89e4aae4bc5d684,"{""distance"":5,""physical_error_rate"":0.002}","{""detection_events"":59918,""detectors_checked"":7340032}"
      2560,         6,         0,    2.35,standalone_exact_mw,d243a1b0b1308c5af35ad4523cb40bd83c282feda5b2af0b0940517b428d54bb,"{""distance"":5,""physical_error_rate"":0.01}","{""detection_events"":22481,""detectors_checked"":573440,""obs_mistake_mask=E"":6}"
     67584,         0,         0,    2.19,standalone_exact_mw,aea10f45e3589e84a00777b800d38e8a3149bd6cb552c409f3bffd718c1a0abf,"{""distance"":5,""physical_error_rate"":5e-05}","{""detection_events"":3144,""detectors_checked"":15138816}"
     41984,        16,         0,    16.4,standalone_exact_mw,1a2d9ab41a8a393fdef1a304cd6cd3b39e7654fe1ff27694ddcd7a0d28bf707b,"{""distance"":5,""physical_error_rate"":0.005}","{""detection_events"":190842,""detectors_checked"":9404416,""obs_mistake_mask=E"":16}"
     34816,        17,         0,    11.7,standalone_exact_mw,1a2d9ab41a8a393fdef1a304cd6cd3b39e7654fe1ff27694ddcd7a0d28bf707b,"{""distance"":5,""physical_error_rate"":0.005}","{""detection_events"":157324,""detectors_checked"":7798784,""obs_mistake_mask=E"":17}"
     65536,         0,         0,    2.16,standalone_exact_mw,cc9149276d16e61a5ac322a1d2048afebd34054fe0ed4879b77eb616628c1148,"{""distance"":5,""physical_error_rate"":0.0001}","{""detection_events"":6102,""detectors_checked"":14680064}"
     87040,         0,         0,    4.24,standalone_exact_mw,503ee55b5ad1b1988379a241a0405811522ee4d50b473755532ad1299cb121e2,"{""distance"":5,""physical_error_rate"":0.0005}","{""detection_events"":39773,""detectors_checked"":19496960}"
    159744,         0,         0,    5.91,standalone_exact_mw,29ae76c7f86edcd2f56343e8109d8463cbc736644db4e57527101e2f1c3606c8,"{""distance"":5,""physical_error_rate"":0.0002}","{""detection_events"":29982,""detectors_checked"":35782656}"
     10240,        43,         0,    12.2,standalone_exact_mw,d243a1b0b1308c5af35ad4523cb40bd83c282feda5b2af0b0940517b428d54bb,"{""distance"":5,""physical_error_rate"":0.01}","{""detection_events"":91457,""detectors_checked"":2293760,""obs_mistake_mask=E"":43}"
     14336,        11,         0,    4.43,standalone_exact_mw,1a2d9ab41a8a393fdef1a304cd6cd3b39e7654fe1ff27694ddcd7a0d28bf707b,"{""distance"":5,""physical_error_rate"":0.005}","{""detection_events"":65262,""detectors_checked"":3211264,""obs_mistake_mask=E"":11}"
      9216,        28,         0,    12.1,standalone_exact_mw,d243a1b0b1308c5af35ad4523cb40bd83c282feda5b2af0b0940517b428d54bb,"{""distance"":5,""physical_error_rate"":0.01}","{""detection_events"":81025,""detectors_checked"":2064384,""obs_mistake_mask=E"":28}"
    369664,         0,         0,    16.3,standalone_exact_mw,503ee55b5ad1b1988379a241a0405811522ee4d50b473755532ad1299cb121e2,"{""distance"":5,""physical_error_rate"":0.0005}","{""detection_events"":173400,""detectors_checked"":82804736}"
    192512,         0,         0,    5.87,standalone_exact_mw,cc9149276d16e61a5ac322a1d2048afebd34054fe0ed4879b77eb616628c1148,"{""distance"":5,""physical_error_rate"":0.0001}","{""detection_events"":17932,""detectors_checked"":43122688}"
     73728,         0,         0,    3.05,standalone_exact_mw,aea10f45e3589e84a00777b800d38e8a3149bd6cb552c409f3bffd718c1a0abf,"{""distance"":5,""physical_error_rate"":5e-05}","{""detection_events"":3453,""detectors_checked"":16515072}"
    117760,         0,         0,    3.05,standalone_exact_mw,cc9149276d16e61a5ac322a1d2048afebd34054fe0ed4879b77eb616628c1148,"{""distance"":5,""physical_error_rate"":0.0001}","{""detection_events"":10884,""detectors_checked"":26378240}"
     10240,        37,         0,    11.7,standalone_exact_mw,d243a1b0b1308c5af35ad4523cb40bd83c282feda5b2af0b0940517b428d54bb,"{""distance"":5,""physical_error_rate"":0.01}","{""detection_events"":89777,""detectors_checked"":2293760,""obs_mistake_mask=E"":37}"
     59392,         0,         0,    4.28,standalone_exact_mw,77d802c74222c3324b7f1323f7447c6411ad27be92307b6127e53af575faadca,"{""distance"":5,""physical_error_rate"":0.001}","{""detection_events"":54988,""detectors_checked"":13303808}"
      2560,        10,         0,    3.81,standalone_exact_mw,d243a1b0b1308c5af35ad4523cb40bd83c282feda5b2af0b0940517b428d54bb,"{""distance"":5,""physical_error_rate"":0.01}","{""detection_events"":22230,""detectors_checked"":573440,""obs_mistake_mask=E"":10}"
    221184,         0,         0,    8.31,standalone_exact_mw,29ae76c7f86edcd2f56343e8109d8463cbc736644db4e57527101e2f1c3606c8,"{""distance"":5,""physical_error_rate"":0.0002}","{""detection_events"":40736,""detectors_checked"":49545216}"
     36864,         1,         0,    4.31,standalone_exact_mw,7bb6e20e48600212890a8c0dbf00c9e78f41358e09b12be0f89e4aae4bc5d684,"{""distance"":5,""physical_error_rate"":0.002}","{""detection_events"":68074,""detectors_checked"":8257536,""obs_mistake_mask=E"":1}"
     47104,        13,         0,    16.6,standalone_exact_mw,1a2d9ab41a8a393fdef1a304cd6cd3b39e7654fe1ff27694ddcd7a0d28bf707b,"{""distance"":5,""physical_error_rate"":0.005}","{""detection_events"":215488,""detectors_checked"":10551296,""obs_mistake_mask=E"":13}"
     10752,        40,         0,    12.0,standalone_exact_mw,d243a1b0b1308c5af35ad4523cb40bd83c282feda5b2af0b0940517b428d54bb,"{""distance"":5,""physical_error_rate"":0.01}","{""detection_events"":95898,""detectors_checked"":2408448,""obs_mistake_mask=E"":40}"
     36864,        10,         0,    11.8,standalone_exact_mw,1a2d9ab41a8a393fdef1a304cd6cd3b39e7654fe1ff27694ddcd7a0d28bf707b,"{""distance"":5,""physical_error_rate"":0.005}","{""detection_events"":166713,""detectors_checked"":8257536,""obs_mistake_mask=E"":10}"
    306176,         0,         0,    8.28,standalone_exact_mw,aea10f45e3589e84a00777b800d38e8a3149bd6cb552c409f3bffd718c1a0abf,"{""distance"":5,""physical_error_rate"":5e-05}","{""detection_events"":14383,""detectors_checked"":68583424}"
     13824,        40,         0,    12.0,standalone_exact_mw,d243a1b0b1308c5af35ad4523cb40bd83c282feda5b2af0b0940517b428d54bb,"{""distance"":5,""physical_error_rate"":0.01}","{""detection_events"":121418,""detectors_checked"":3096576,""obs_mistake_mask=E"":40}"
    133120,         0,         0,    5.98,standalone_exact_mw,503ee55b5ad1b1988379a241a0405811522ee4d50b473755532ad1299cb121e2,"{""distance"":5,""physical_error_rate"":0.0005}","{""detection_events"":62382,""detectors_checked"":29818880}"
       273,         0,         0,   0.026,standalone_exact_mw,7bb6e20e48600212890a8c0dbf00c9e78f41358e09b12be0f89e4aae4bc5d684,"{""distance"":5,""physical_error_rate"":0.002}","{""detection_events"":563,""detectors_checked"":61152}"
      1024,         0,         0,   0.084,standalone_exact_mw,7bb6e20e48600212890a8c0dbf00c9e78f41358e09b12be0f89e4aae4bc5d684,"{""distance"":5,""physical_error_rate"":0.002}","{""detection_events"":1965,""detectors_checked"":229376}"
    509952,         0,         0,    16.3,standalone_exact_mw,29ae76c7f86edcd2f56343e8109d8463cbc736644db4e57527101e2f1c3606c8,"{""distance"":5,""physical_error_rate"":0.0002}","{""detection_events"":95630,""detectors_checked"":114229248}"
      1024,         0,         0,   0.082,standalone_exact_mw,7bb6e20e48600212890a8c0dbf00c9e78f41358e09b12be0f89e4aae4bc5d684,"{""distance"":5,""physical_error_rate"":0.002}","{""detection_events"":1785,""detectors_checked"":229376}"
      1024,         0,         0,   0.083,standalone_exact_mw,7bb6e20e48600212890a8c0dbf00c9e78f41358e09b12be0f89e4aae4bc5d684,"{""distance"":5,""physical_error_rate"":0.002}","{""detection_events"":1947,""detectors_checked"":229376}"
      1024,         0,         0,   0.127,standalone_exact_mw,7bb6e20e48600212890a8c0dbf00c9e78f41358e09b12be0f89e4aae4bc5d684,"{""distance"":5,""physical_error_rate"":0.002}","{""detection_events"":1784,""detectors_checked"":229376}"
    101376,         0,         0,    4.29,standalone_exact_mw,aea10f45e3589e84a00777b800d38e8a3149bd6cb552c409f3bffd718c1a0abf,"{""distance"":5,""physical_error_rate"":5e-05}","{""detection_events"":4992,""detectors_checked"":22708224}"
      1024,         0,         0,   0.083,standalone_exact_mw,7bb6e20e48600212890a8c0dbf00c9e78f41358e09b12be0f89e4aae4bc5d684,"{""distance"":5,""physical_error_rate"":0.002}","{""detection_events"":1837,""detectors_checked"":229376}"
      1024,         0,         0,   0.085,standalone_exact_mw,7bb6e20e48600212890a8c0dbf00c9e78f41358e09b12be0f89e4aae4bc5d684,"{""distance"":5,""physical_error_rate"":0.002}","{""detection_events"":1818,""detectors_checked"":229376}"
    135168,         0,         0,    4.26,standalone_exact_mw,cc9149276d16e61a5ac322a1d2048afebd34054fe0ed4879b77eb616628c1148,"{""distance"":5,""physical_error_rate"":0.0001}","{""detection_events"":12718,""detectors_checked"":30277632}"
      2048,         0,         0,   0.158,standalone_exact_mw,7bb6e20e48600212890a8c0dbf00c9e78f41358e09b12be0f89e4aae4bc5d684,"{""distance"":5,""physical_error_rate"":0.002}","{""detection_events"":3830,""detectors_checked"":458752}"
        17,         0,         0,   0.001,standalone_exact_mw,503ee55b5ad1b1988379a241a0405811522ee4d50b473755532ad1299cb121e2,"{""distance"":5,""physical_error_rate"":0.0005}","{""detection_events"":7,""detectors_checked"":3808}"
      2048,         0,         0,   0.180,standalone_exact_mw,7bb6e20e48600212890a8c0dbf00c9e78f41358e09b12be0f89e4aae4bc5d684,"{""distance"":5,""physical_error_rate"":0.002}","{""detection_events"":3732,""detectors_checked"":458752}"
      1280,         0,         0,   0.044,standalone_exact_mw,503ee55b5ad1b1988379a241a0405811522ee4d50b473755532ad1299cb121e2,"{""distance"":5,""physical_error_rate"":0.0005}","{""detection_events"":608,""detectors_checked"":286720}"
    502784,         0,         0,    16.2,standalone_exact_mw,aea10f45e3589e84a00777b800d38e8a3149bd6cb552c409f3bffd718c1a0abf,"{""distance"":5,""physical_error_rate"":5e-05}","{""detection_events"":23312,""detectors_checked"":112623616}"
      1024,         0,         0,   0.031,standalone_exact_mw,503ee55b5ad1b1988379a241a0405811522ee4d50b473755532ad1299cb121e2,"{""distance"":5,""physical_error_rate"":0.0005}","{""detection_events"":514,""detectors_checked"":229376}"
      1024,         0,         0,   0.031,standalone_exact_mw,503ee55b5ad1b1988379a241a0405811522ee4d50b473755532ad1299cb121e2,"{""distance"":5,""physical_error_rate"":0.0005}","{""detection_events"":424,""detectors_checked"":229376}"
      1024,         0,         0,   0.036,standalone_exact_mw,503ee55b5ad1b1988379a241a0405811522ee4d50b473755532ad1299cb121e2,"{""distance"":5,""physical_error_rate"":0.0005}","{""detection_events"":521,""detectors_checked"":229376}"
      2048,         0,         0,   0.080,standalone_exact_mw,503ee55b5ad1b1988379a241a0405811522ee4d50b473755532ad1299cb121e2,"{""distance"":5,""physical_error_rate"":0.0005}","{""detection_events"":902,""detectors_checked"":458752}"
     18432,        11,         0,    6.01,standalone_exact_mw,1a2d9ab41a8a393fdef1a304cd6cd3b39e7654fe1ff27694ddcd7a0d28bf707b,"{""distance"":5,""physical_error_rate"":0.005}","{""detection_events"":83000,""detectors_checked"":4128768,""obs_mistake_mask=E"":11}"
      3072,         0,         0,   0.249,standalone_exact_mw,7bb6e20e48600212890a8c0dbf00c9e78f41358e09b12be0f89e4aae4bc5d684,"{""distance"":5,""physical_error_rate"":0.002}","{""detection_events"":5638,""detectors_checked"":688128}"
      2048,         0,         0,   0.086,standalone_exact_mw,503ee55b5ad1b1988379a241a0405811522ee4d50b473755532ad1299cb121e2,"{""distance"":5,""physical_error_rate"":0.0005}","{""detection_events"":1112,""detectors_checked"":458752}"
      3072,         0,         0,   0.115,standalone_exact_mw,503ee55b5ad1b1988379a241a0405811522ee4d50b473755532ad1299cb121e2,"{""distance"":5,""physical_error_rate"":0.0005}","{""detection_events"":1388,""detectors_checked"":688128}"
    491520,         0,         0,    16.3,standalone_exact_mw,cc9149276d16e61a5ac322a1d2048afebd34054fe0ed4879b77eb616628c1148,"{""distance"":5,""physical_error_rate"":0.0001}","{""detection_events"":46269,""detectors_checked"":110100480}"
      4096,         0,         0,   0.338,standalone_exact_mw,7bb6e20e48600212890a8c0dbf00c9e78f41358e09b12be0f89e4aae4bc5d684,"{""distance"":5,""physical_error_rate"":0.002}","{""detection_events"":7736,""detectors_checked"":917504}"
       273,         0,         0,   0.108,standalone_exact_mw,1a2d9ab41a8a393fdef1a304cd6cd3b39e7654fe1ff27694ddcd7a0d28bf707b,"{""distance"":5,""physical_error_rate"":0.005}","{""detection_events"":1283,""detectors_checked"":61152}"
      4096,         0,         0,   0.166,standalone_exact_mw,503ee55b5ad1b1988379a241a0405811522ee4d50b473755532ad1299cb121e2,"{""distance"":5,""physical_error_rate"":0.0005}","{""detection_events"":1935,""detectors_checked"":917504}"
      3072,        12,         0,    4.99,standalone_exact_mw,d243a1b0b1308c5af35ad4523cb40bd83c282feda5b2af0b0940517b428d54bb,"{""distance"":5,""physical_error_rate"":0.01}","{""detection_events"":27283,""detectors_checked"":688128,""obs_mistake_mask=E"":12}"
      6144,         0,         0,   0.222,standalone_exact_mw,503ee55b5ad1b1988379a241a0405811522ee4d50b473755532ad1299cb121e2,"{""distance"":5,""physical_error_rate"":0.0005}","{""detection_events"":2758,""detectors_checked"":1376256}"
      1024,         1,         0,   0.311,standalone_exact_mw,1a2d9ab41a8a393fdef1a304cd6cd3b39e7654fe1ff27694ddcd7a0d28bf707b,"{""distance"":5,""physical_error_rate"":0.005}","{""detection_events"":4522,""detectors_checked"":229376,""obs_mistake_mask=E"":1}"
      5120,         0,         0,   0.397,standalone_exact_mw,7bb6e20e48600212890a8c0dbf00c9e78f41358e09b12be0f89e4aae4bc5d684,"{""distance"":5,""physical_error_rate"":0.002}","{""detection_events"":9536,""detectors_checked"":1146880}"
      8192,         0,         0,   0.298,standalone_exact_mw,503ee55b5ad1b1988379a241a0405811522ee4d50b473755532ad1299cb121e2,"{""distance"":5,""physical_error_rate"":0.0005}","{""detection_events"":3884,""detectors_checked"":1835008}"
       273,         1,         0,   0.189,standalone_exact_mw,d243a1b0b1308c5af35ad4523cb40bd83c282feda5b2af0b0940517b428d54bb,"{""distance"":5,""physical_error_rate"":0.01}","{""detection_events"":2578,""detectors_checked"":61152,""obs_mistake_mask=E"":1}"
      1024,         0,         0,   0.305,standalone_exact_mw,1a2d9ab41a8a393fdef1a304cd6cd3b39e7654fe1ff27694ddcd7a0d28bf707b,"{""distance"":5,""physical_error_rate"":0.005}","{""detection_events"":4482,""detectors_checked"":229376}"
    241664,         0,         0,    8.37,standalone_exact_mw,29ae76c7f86edcd2f56343e8109d8463cbc736644db4e57527101e2f1c3606c8,"{""distance"":5,""physical_error_rate"":0.0002}","{""detection_events"":45420,""detectors_checked"":54132736}"
    446464,         0,         0,    16.3,standalone_exact_mw,29ae76c7f86edcd2f56343e8109d8463cbc736644db4e57527101e2f1c3606c8,"{""distance"":5,""physical_error_rate"":0.0002}","{""detection_events"":83822,""detectors_checked"":100007936}"
      7168,         0,         0,   0.370,standalone_exact_mw,503ee55b5ad1b1988379a241a0405811522ee4d50b473755532ad1299cb121e2,"{""distance"":5,""physical_error_rate"":0.0005}","{""detection_events"":3515,""detectors_checked"":1605632}"
      1024,         0,         0,   0.333,standalone_exact_mw,1a2d9ab41a8a393fdef1a304cd6cd3b39e7654fe1ff27694ddcd7a0d28bf707b,"{""distance"":5,""physical_error_rate"":0.005}","{""detection_events"":4757,""detectors_checked"":229376}"
       512,         2,         0,   0.447,standalone_exact_mw,d243a1b0b1308c5af35ad4523cb40bd83c282feda5b2af0b0940517b428d54bb,"{""distance"":5,""physical_error_rate"":0.01}","{""detection_events"":4451,""detectors_checked"":114688,""obs_mistake_mask=E"":2}"
      7168,         1,         0,   0.653,standalone_exact_mw,7bb6e20e48600212890a8c0dbf00c9e78f41358e09b12be0f89e4aae4bc5d684,"{""distance"":5,""physical_error_rate"":0.002}","{""detection_events"":13559,""detectors_checked"":1605632,""obs_mistake_mask=E"":1}"
    106496,         0,         0,    6.08,standalone_exact_mw,77d802c74222c3324b7f1323f7447c6411ad27be92307b6127e53af575faadca,"{""distance"":5,""physical_error_rate"":0.001}","{""detection_events"":100103,""detectors_checked"":23855104}"
    477184,         0,         0,    16.2,standalone_exact_mw,cc9149276d16e61a5ac322a1d2048afebd34054fe0ed4879b77eb616628c1148,"{""distance"":5,""physical_error_rate"":0.0001}","{""detection_events"":44449,""detectors_checked"":106889216}"
      1024,         1,         0,   0.360,standalone_exact_mw,1a2d9ab41a8a393fdef1a304cd6cd3b39e7654fe1ff27694ddcd7a0d28bf707b,"{""distance"":5,""physical_error_rate"":0.005}","{""detection_events"":4628,""detectors_checked"":229376,""obs_mistake_mask=E"":1}"
     61440,         1,         0,    5.97,standalone_exact_mw,7bb6e20e48600212890a8c0dbf00c9e78f41358e09b12be0f89e4aae4bc5d684,"{""distance"":5,""physical_error_rate"":0.002}","{""detection_events"":112565,""detectors_checked"":13762560,""obs_mistake_mask=E"":1}"
       512,         2,         0,   0.453,standalone_exact_mw,d243a1b0b1308c5af35ad4523cb40bd83c282feda5b2af0b0940517b428d54bb,"{""distance"":5,""physical_error_rate"":0.01}","{""detection_events"":4638,""detectors_checked"":114688,""obs_mistake_mask=E"":2}"
     13312,         0,         0,   0.621,standalone_exact_mw,503ee55b5ad1b1988379a241a0405811522ee4d50b473755532ad1299cb121e2,"{""distance"":5,""physical_error_rate"":0.0005}","{""detection_events"":6395,""detectors_checked"":2981888}"
      1024,         0,         0,   0.313,standalone_exact_mw,1a2d9ab41a8a393fdef1a304cd6cd3b39e7654fe1ff27694ddcd7a0d28bf707b,"{""distance"":5,""physical_error_rate"":0.005}","{""detection_events"":4627,""detectors_checked"":229376}"
    572416,         0,         0,    16.3,standalone_exact_mw,aea10f45e3589e84a00777b800d38e8a3149bd6cb552c409f3bffd718c1a0abf,"{""distance"":5,""physical_error_rate"":5e-05}","{""detection_events"":26606,""detectors_checked"":128221184}"
       512,         1,         0,   0.395,standalone_exact_mw,d243a1b0b1308c5af35ad4523cb40bd83c282feda5b2af0b0940517b428d54bb,"{""distance"":5,""physical_error_rate"":0.01}","{""detection_events"":4637,""detectors_checked"":114688,""obs_mistake_mask=E"":1}"
      8192,         0,         0,   0.808,standalone_exact_mw,7bb6e20e48600212890a8c0dbf00c9e78f41358e09b12be0f89e4aae4bc5d684,"{""distance"":5,""physical_error_rate"":0.002}","{""detection_events"":14923,""detectors_checked"":1835008}"
      1024,         1,         0,   0.359,standalone_exact_mw,1a2d9ab41a8a393fdef1a304cd6cd3b39e7654fe1ff27694ddcd7a0d28bf707b,"{""distance"":5,""physical_error_rate"":0.005}","{""detection_events"":4708,""detectors_checked"":229376,""obs_mistake_mask=E"":1}"
    290816,         0,         0,    16.4,standalone_exact_mw,77d802c74222c3324b7f1323f7447c6411ad27be92307b6127e53af575faadca,"{""distance"":5,""physical_error_rate"":0.001}","{""detection_events"":270080,""detectors_checked"":65142784}"
    552960,         0,         0,    16.3,standalone_exact_mw,cc9149276d16e61a5ac322a1d2048afebd34054fe0ed4879b77eb616628c1148,"{""distance"":5,""physical_error_rate"":0.0001}","{""detection_events"":51288,""detectors_checked"":123863040}"
       512,         2,         0,   0.505,standalone_exact_mw,d243a1b0b1308c5af35ad4523cb40bd83c282feda5b2af0b0940517b428d54bb,"{""distance"":5,""physical_error_rate"":0.01}","{""detection_events"":4566,""detectors_checked"":114688,""obs_mistake_mask=E"":2}"
      1024,         1,         0,   0.409,standalone_exact_mw,1a2d9ab41a8a393fdef1a304cd6cd3b39e7654fe1ff27694ddcd7a0d28bf707b,"{""distance"":5,""physical_error_rate"":0.005}","{""detection_events"":4676,""detectors_checked"":229376,""obs_mistake_mask=E"":1}"
     16384,         0,         0,   0.841,standalone_exact_mw,503ee55b5ad1b1988379a241a0405811522ee4d50b473755532ad1299cb121e2,"{""distance"":5,""physical_error_rate"":0.0005}","{""detection_events"":7505,""detectors_checked"":3670016}"
    195584,         9,         0,    16.4,standalone_exact_mw,7bb6e20e48600212890a8c0dbf00c9e78f41358e09b12be0f89e4aae4bc5d684,"{""distance"":5,""physical_error_rate"":0.002}","{""detection_events"":361183,""detectors_checked"":43810816,""obs_mistake_mask=E"":9}"
      1024,         0,         0,   0.253,standalone_exact_mw,1a2d9ab41a8a393fdef1a304cd6cd3b39e7654fe1ff27694ddcd7a0d28bf707b,"{""distance"":5,""physical_error_rate"":0.005}","{""detection_events"":4425,""detectors_checked"":229376}"
       273,         0,         0,   0.031,standalone_exact_mw,77d802c74222c3324b7f1323f7447c6411ad27be92307b6127e53af575faadca,"{""distance"":5,""physical_error_rate"":0.001}","{""detection_events"":236,""detectors_checked"":61152}"
      1024,         0,         0,   0.119,standalone_exact_mw,77d802c74222c3324b7f1323f7447c6411ad27be92307b6127e53af575faadca,"{""distance"":5,""physical_error_rate"":0.001}","{""detection_events"":928,""detectors_checked"":229376}"
    281600,         0,         0,    16.4,standalone_exact_mw,77d802c74222c3324b7f1323f7447c6411ad27be92307b6127e53af575faadca,"{""distance"":5,""physical_error_rate"":0.001}","{""detection_events"":261466,""detectors_checked"":63078400}"
    280576,         0,         0,    8.34,standalone_exact_mw,cc9149276d16e61a5ac322a1d2048afebd34054fe0ed4879b77eb616628c1148,"{""distance"":5,""physical_error_rate"":0.0001}","{""detection_events"":26156,""detectors_checked"":62849024}"
       512,         1,         0,   0.512,standalone_exact_mw,d243a1b0b1308c5af35ad4523cb40bd83c282feda5b2af0b0940517b428d54bb,"{""distance"":5,""physical_error_rate"":0.01}","{""detection_events"":4566,""detectors_checked"":114688,""obs_mistake_mask=E"":1}"
      1024,         1,         0,   0.279,standalone_exact_mw,1a2d9ab41a8a393fdef1a304cd6cd3b39e7654fe1ff27694ddcd7a0d28bf707b,"{""distance"":5,""physical_error_rate"":0.005}","{""detection_events"":4824,""detectors_checked"":229376,""obs_mistake_mask=E"":1}"
      1024,         0,         0,   0.092,standalone_exact_mw,77d802c74222c3324b7f1323f7447c6411ad27be92307b6127e53af575faadca,"{""distance"":5,""physical_error_rate"":0.001}","{""detection_events"":894,""detectors_checked"":229376}"
      1024,         0,         0,   0.117,standalone_exact_mw,77d802c74222c3324b7f1323f7447c6411ad27be92307b6127e53af575faadca,"{""distance"":5,""physical_error_rate"":0.001}","{""detection_events"":845,""detectors_checked"":229376}"
     11264,         2,         0,    1.19,standalone_exact_mw,7bb6e20e48600212890a8c0dbf00c9e78f41358e09b12be0f89e4aae4bc5d684,"{""distance"":5,""physical_error_rate"":0.002}","{""detection_events"":20758,""detectors_checked"":2523136,""obs_mistake_mask=E"":2}"
      1024,         0,         0,   0.092,standalone_exact_mw,77d802c74222c3324b7f1323f7447c6411ad27be92307b6127e53af575faadca,"{""distance"":5,""physical_error_rate"":0.001}","{""detection_events"":866,""detectors_checked"":229376}"
    263168,         0,         0,    16.4,standalone_exact_mw,77d802c74222c3324b7f1323f7447c6411ad27be92307b6127e53af575faadca,"{""distance"":5,""physical_error_rate"":0.001}","{""detection_events"":243371,""detectors_checked"":58949632}"
      1024,         0,         0,   0.118,standalone_exact_mw,77d802c74222c3324b7f1323f7447c6411ad27be92307b6127e53af575faadca,"{""distance"":5,""physical_error_rate"":0.001}","{""detection_events"":903,""detectors_checked"":229376}"
       512,         0,         0,   0.406,standalone_exact_mw,d243a1b0b1308c5af35ad4523cb40bd83c282feda5b2af0b0940517b428d54bb,"{""distance"":5,""physical_error_rate"":0.01}","{""detection_events"":4648,""detectors_checked"":114688}"
      1024,         0,         0,   0.397,standalone_exact_mw,1a2d9ab41a8a393fdef1a304cd6cd3b39e7654fe1ff27694ddcd7a0d28bf707b,"{""distance"":5,""physical_error_rate"":0.005}","{""detection_events"":4560,""detectors_checked"":229376}"
    549888,         0,         0,    16.3,standalone_exact_mw,cc9149276d16e61a5ac322a1d2048afebd34054fe0ed4879b77eb616628c1148,"{""distance"":5,""physical_error_rate"":0.0001}","{""detection_events"":51007,""detectors_checked"":123174912}"
      1024,         0,         0,   0.094,standalone_exact_mw,77d802c74222c3324b7f1323f7447c6411ad27be92307b6127e53af575faadca,"{""distance"":5,""physical_error_rate"":0.001}","{""detection_events"":915,""detectors_checked"":229376}"
    163840,         6,         0,    16.3,standalone_exact_mw,7bb6e20e48600212890a8c0dbf00c9e78f41358e09b12be0f89e4aae4bc5d684,"{""distance"":5,""physical_error_rate"":0.002}","{""detection_events"":303553,""detectors_checked"":36700160,""obs_mistake_mask=E"":6}"
      1024,         0,         0,   0.119,standalone_exact_mw,77d802c74222c3324b7f1323f7447c6411ad27be92307b6127e53af575faadca,"{""distance"":5,""physical_error_rate"":0.001}","{""detection_events"":1050,""detectors_checked"":229376}"
     24576,         0,         0,    1.10,standalone_exact_mw,503ee55b5ad1b1988379a241a0405811522ee4d50b473755532ad1299cb121e2,"{""distance"":5,""physical_error_rate"":0.0005}","{""detection_events"":11102,""detectors_checked"":5505024}"
      2048,         0,         0,   0.210,standalone_exact_mw,77d802c74222c3324b7f1323f7447c6411ad27be92307b6127e53af575faadca,"{""distance"":5,""physical_error_rate"":0.001}","{""detection_events"":1960,""detectors_checked"":458752}"
      1024,         1,         0,   0.421,standalone_exact_mw,1a2d9ab41a8a393fdef1a304cd6cd3b39e7654fe1ff27694ddcd7a0d28bf707b,"{""distance"":5,""physical_error_rate"":0.005}","{""detection_events"":4669,""detectors_checked"":229376,""obs_mistake_mask=E"":1}"
    315392,         0,         0,    16.3,standalone_exact_mw,503ee55b5ad1b1988379a241a0405811522ee4d50b473755532ad1299cb121e2,"{""distance"":5,""physical_error_rate"":0.0005}","{""detection_events"":146162,""detectors_checked"":70647808}"
    133120,         4,         0,    16.4,standalone_exact_mw,7bb6e20e48600212890a8c0dbf00c9e78f41358e09b12be0f89e4aae4bc5d684,"{""distance"":5,""physical_error_rate"":0.002}","{""detection_events"":244269,""detectors_checked"":29818880,""obs_mistake_mask=E"":4}"
       512,         4,         0,   0.546,standalone_exact_mw,d243a1b0b1308c5af35ad4523cb40bd83c282feda5b2af0b0940517b428d54bb,"{""distance"":5,""physical_error_rate"":0.01}","{""detection_events"":4639,""detectors_checked"":114688,""obs_mistake_mask=E"":4}"
      2048,         0,         0,   0.211,standalone_exact_mw,77d802c74222c3324b7f1323f7447c6411ad27be92307b6127e53af575faadca,"{""distance"":5,""physical_error_rate"":0.001}","{""detection_events"":1966,""detectors_checked"":458752}"
    110592,         2,         0,    16.5,standalone_exact_mw,7bb6e20e48600212890a8c0dbf00c9e78f41358e09b12be0f89e4aae4bc5d684,"{""distance"":5,""physical_error_rate"":0.002}","{""detection_events"":203644,""detectors_checked"":24772608,""obs_mistake_mask=E"":2}"
    475136,         0,         0,    16.3,standalone_exact_mw,29ae76c7f86edcd2f56343e8109d8463cbc736644db4e57527101e2f1c3606c8,"{""distance"":5,""physical_error_rate"":0.0002}","{""detection_events"":88125,""detectors_checked"":106430464}"
      3072,         0,         0,   0.329,standalone_exact_mw,77d802c74222c3324b7f1323f7447c6411ad27be92307b6127e53af575faadca,"{""distance"":5,""physical_error_rate"":0.001}","{""detection_events"":2688,""detectors_checked"":688128}"
       512,         1,         0,   0.445,standalone_exact_mw,d243a1b0b1308c5af35ad4523cb40bd83c282feda5b2af0b0940517b428d54bb,"{""distance"":5,""physical_error_rate"":0.01}","{""detection_events"":4639,""detectors_checked"":114688,""obs_mistake_mask=E"":1}"
    312320,         2,         0,    16.3,standalone_exact_mw,503ee55b5ad1b1988379a241a0405811522ee4d50b473755532ad1299cb121e2,"{""distance"":5,""physical_error_rate"":0.0005}","{""detection_events"":145293,""detectors_checked"":69959680,""obs_mistake_mask=E"":2}"
      2048,         0,         0,   0.786,standalone_exact_mw,1a2d9ab41a8a393fdef1a304cd6cd3b39e7654fe1ff27694ddcd7a0d28bf707b,"{""distance"":5,""physical_error_rate"":0.005}","{""detection_events"":9064,""detectors_checked"":458752}"
      4096,         0,         0,   0.449,standalone_exact_mw,77d802c74222c3324b7f1323f7447c6411ad27be92307b6127e53af575faadca,"{""distance"":5,""physical_error_rate"":0.001}","{""detection_events"":3988,""detectors_checked"":917504}"
         1,         0,         0,   0.017,standalone_exact_mw,d243a1b0b1308c5af35ad4523cb40bd83c282feda5b2af0b0940517b428d54bb,"{""distance"":5,""physical_error_rate"":0.01}","{""detection_events"":15,""detectors_checked"":224}"
     15360,         1,         0,    1.59,standalone_exact_mw,7bb6e20e48600212890a8c0dbf00c9e78f41358e09b12be0f89e4aae4bc5d684,"{""distance"":5,""physical_error_rate"":0.002}","{""detection_events"":28175,""detectors_checked"":3440640,""obs_mistake_mask=E"":1}"
       512,         3,         0,   0.432,standalone_exact_mw,d243a1b0b1308c5af35ad4523cb40bd83c282feda5b2af0b0940517b428d54bb,"{""distance"":5,""physical_error_rate"":0.01}","{""detection_events"":4691,""detectors_checked"":114688,""obs_mistake_mask=E"":3}"
    618496,         0,         0,    16.3,standalone_exact_mw,aea10f45e3589e84a00777b800d38e8a3149bd6cb552c409f3bffd718c1a0abf,"{""distance"":5,""physical_error_rate"":5e-05}","{""detection_events"":28940,""detectors_checked"":138543104}"
    300032,         1,         0,    16.3,standalone_exact_mw,77d802c74222c3324b7f1323f7447c6411ad27be92307b6127e53af575faadca,"{""distance"":5,""physical_error_rate"":0.001}","{""detection_events"":276324,""detectors_checked"":67207168,""obs_mistake_mask=E"":1}"
    122880,         0,         0,    5.95,standalone_exact_mw,aea10f45e3589e84a00777b800d38e8a3149bd6cb552c409f3bffd718c1a0abf,"{""distance"":5,""physical_error_rate"":5e-05}","{""detection_events"":5562,""detectors_checked"":27525120}"
    517120,         0,         0,    16.2,standalone_exact_mw,aea10f45e3589e84a00777b800d38e8a3149bd6cb552c409f3bffd718c1a0abf,"{""distance"":5,""physical_error_rate"":5e-05}","{""detection_events"":24202,""detectors_checked"":115834880}"
    166912,         0,         0,    5.96,standalone_exact_mw,cc9149276d16e61a5ac322a1d2048afebd34054fe0ed4879b77eb616628c1148,"{""distance"":5,""physical_error_rate"":0.0001}","{""detection_events"":15835,""detectors_checked"":37388288}"
     40960,         0,         0,    1.57,standalone_exact_mw,503ee55b5ad1b1988379a241a0405811522ee4d50b473755532ad1299cb121e2,"{""distance"":5,""physical_error_rate"":0.0005}","{""detection_events"":19044,""detectors_checked"":9175040}"
     63488,        27,         0,    16.4,standalone_exact_mw,1a2d9ab41a8a393fdef1a304cd6cd3b39e7654fe1ff27694ddcd7a0d28bf707b,"{""distance"":5,""physical_error_rate"":0.005}","{""detection_events"":286132,""detectors_checked"":14221312,""obs_mistake_mask=E"":27}"
       272,         2,         0,   0.520,standalone_exact_mw,d243a1b0b1308c5af35ad4523cb40bd83c282feda5b2af0b0940517b428d54bb,"{""distance"":5,""physical_error_rate"":0.01}","{""detection_events"":2308,""detectors_checked"":60928,""obs_mistake_mask=E"":2}"
       512,         1,         0,   0.488,standalone_exact_mw,d243a1b0b1308c5af35ad4523cb40bd83c282feda5b2af0b0940517b428d54bb,"{""distance"":5,""physical_error_rate"":0.01}","{""detection_events"":4603,""detectors_checked"":114688,""obs_mistake_mask=E"":1}"
      5120,         1,         0,   0.569,standalone_exact_mw,77d802c74222c3324b7f1323f7447c6411ad27be92307b6127e53af575faadca,"{""distance"":5,""physical_error_rate"":0.001}","{""detection_events"":4846,""detectors_checked"":1146880,""obs_mistake_mask=E"":1}"
    296960,         0,         0,    16.3,standalone_exact_mw,503ee55b5ad1b1988379a241a0405811522ee4d50b473755532ad1299cb121e2,"{""distance"":5,""physical_error_rate"":0.0005}","{""detection_events"":138278,""detectors_checked"":66519040}"
      2048,         0,         0,   0.837,standalone_exact_mw,1a2d9ab41a8a393fdef1a304cd6cd3b39e7654fe1ff27694ddcd7a0d28bf707b,"{""distance"":5,""physical_error_rate"":0.005}","{""detection_events"":9612,""detectors_checked"":458752}"
    546816,         0,         0,    22.9,standalone_exact_mw,77d802c74222c3324b7f1323f7447c6411ad27be92307b6127e53af575faadca,"{""distance"":5,""physical_error_rate"":0.001}","{""detection_events"":508154,""detectors_checked"":122486784}"
    694272,         0,         0,    22.9,standalone_exact_mw,29ae76c7f86edcd2f56343e8109d8463cbc736644db4e57527101e2f1c3606c8,"{""distance"":5,""physical_error_rate"":0.0002}","{""detection_events"":128538,""detectors_checked"":155516928}"
       512,         3,         0,   0.446,standalone_exact_mw,d243a1b0b1308c5af35ad4523cb40bd83c282feda5b2af0b0940517b428d54bb,"{""distance"":5,""physical_error_rate"":0.01}","{""detection_events"":4520,""detectors_checked"":114688,""obs_mistake_mask=E"":3}"
       256,         0,         0,   0.457,standalone_exact_mw,d243a1b0b1308c5af35ad4523cb40bd83c282feda5b2af0b0940517b428d54bb,"{""distance"":5,""physical_error_rate"":0.01}","{""detection_events"":2232,""detectors_checked"":57344}"
       256,         0,         0,   0.361,standalone_exact_mw,d243a1b0b1308c5af35ad4523cb40bd83c282feda5b2af0b0940517b428d54bb,"{""distance"":5,""physical_error_rate"":0.01}","{""detection_events"":2122,""detectors_checked"":57344}"
      8192,         0,         0,   0.837,standalone_exact_mw,77d802c74222c3324b7f1323f7447c6411ad27be92307b6127e53af575faadca,"{""distance"":5,""physical_error_rate"":0.001}","{""detection_events"":7893,""detectors_checked"":1835008}"
    114688,         0,         0,    8.35,standalone_exact_mw,503ee55b5ad1b1988379a241a0405811522ee4d50b473755532ad1299cb121e2,"{""distance"":5,""physical_error_rate"":0.0005}","{""detection_events"":53461,""detectors_checked"":25690112}"
       256,         2,         0,   0.394,standalone_exact_mw,d243a1b0b1308c5af35ad4523cb40bd83c282feda5b2af0b0940517b428d54bb,"{""distance"":5,""physical_error_rate"":0.01}","{""detection_events"":2175,""detectors_checked"":57344,""obs_mistake_mask=E"":2}"
      1024,         0,         0,   0.779,standalone_exact_mw,d243a1b0b1308c5af35ad4523cb40bd83c282feda5b2af0b0940517b428d54bb,"{""distance"":5,""physical_error_rate"":0.01}","{""detection_events"":8972,""detectors_checked"":229376}"
      3072,         4,         0,    1.12,standalone_exact_mw,1a2d9ab41a8a393fdef1a304cd6cd3b39e7654fe1ff27694ddcd7a0d28bf707b,"{""distance"":5,""physical_error_rate"":0.005}","{""detection_events"":14059,""detectors_checked"":688128,""obs_mistake_mask=E"":4}"
      4096,        11,         0,    6.70,standalone_exact_mw,d243a1b0b1308c5af35ad4523cb40bd83c282feda5b2af0b0940517b428d54bb,"{""distance"":5,""physical_error_rate"":0.01}","{""detection_events"":35744,""detectors_checked"":917504,""obs_mistake_mask=E"":11}"
       256,         0,         0,   0.398,standalone_exact_mw,d243a1b0b1308c5af35ad4523cb40bd83c282feda5b2af0b0940517b428d54bb,"{""distance"":5,""physical_error_rate"":0.01}","{""detection_events"":2345,""detectors_checked"":57344}"
    294912,         0,         0,    11.7,standalone_exact_mw,29ae76c7f86edcd2f56343e8109d8463cbc736644db4e57527101e2f1c3606c8,"{""distance"":5,""physical_error_rate"":0.0002}","{""detection_events"":54699,""detectors_checked"":66060288}"
     22528,         0,         0,    2.21,standalone_exact_mw,7bb6e20e48600212890a8c0dbf00c9e78f41358e09b12be0f89e4aae4bc5d684,"{""distance"":5,""physical_error_rate"":0.002}","{""detection_events"":40869,""detectors_checked"":5046272}"
       256,         0,         0,   0.234,standalone_exact_mw,d243a1b0b1308c5af35ad4523cb40bd83c282feda5b2af0b0940517b428d54bb,"{""distance"":5,""physical_error_rate"":0.01}","{""detection_events"":2152,""detectors_checked"":57344}"
     13312,         0,         0,    1.13,standalone_exact_mw,77d802c74222c3324b7f1323f7447c6411ad27be92307b6127e53af575faadca,"{""distance"":5,""physical_error_rate"":0.001}","{""detection_events"":11907,""detectors_checked"":2981888}"
     50176,         0,         0,    2.15,standalone_exact_mw,503ee55b5ad1b1988379a241a0405811522ee4d50b473755532ad1299cb121e2,"{""distance"":5,""physical_error_rate"":0.0005}","{""detection_events"":23573,""detectors_checked"":11239424}"
      1024,         3,         0,   0.998,standalone_exact_mw,d243a1b0b1308c5af35ad4523cb40bd83c282feda5b2af0b0940517b428d54bb,"{""distance"":5,""physical_error_rate"":0.01}","{""detection_events"":9223,""detectors_checked"":229376,""obs_mistake_mask=E"":3}"
       512,         1,         0,   0.648,standalone_exact_mw,d243a1b0b1308c5af35ad4523cb40bd83c282feda5b2af0b0940517b428d54bb,"{""distance"":5,""physical_error_rate"":0.01}","{""detection_events"":4373,""detectors_checked"":114688,""obs_mistake_mask=E"":1}"
    481280,         0,         0,    22.9,standalone_exact_mw,503ee55b5ad1b1988379a241a0405811522ee4d50b473755532ad1299cb121e2,"{""distance"":5,""physical_error_rate"":0.0005}","{""detection_events"":224777,""detectors_checked"":107806720}"
     32768,        18,         0,    8.43,standalone_exact_mw,1a2d9ab41a8a393fdef1a304cd6cd3b39e7654fe1ff27694ddcd7a0d28bf707b,"{""distance"":5,""physical_error_rate"":0.005}","{""detection_events"":148285,""detectors_checked"":7340032,""obs_mistake_mask=E"":18}"
      5120,         2,         0,    1.65,standalone_exact_mw,1a2d9ab41a8a393fdef1a304cd6cd3b39e7654fe1ff27694ddcd7a0d28bf707b,"{""distance"":5,""physical_error_rate"":0.005}","{""detection_events"":23024,""detectors_checked"":1146880,""obs_mistake_mask=E"":2}"
     52224,        26,         0,    16.4,standalone_exact_mw,1a2d9ab41a8a393fdef1a304cd6cd3b39e7654fe1ff27694ddcd7a0d28bf707b,"{""distance"":5,""physical_error_rate"":0.005}","{""detection_events"":236352,""detectors_checked"":11698176,""obs_mistake_mask=E"":26}"
    718848,         0,         0,    22.8,standalone_exact_mw,cc9149276d16e61a5ac322a1d2048afebd34054fe0ed4879b77eb616628c1148,"{""distance"":5,""physical_error_rate"":0.0001}","{""detection_events"":66550,""detectors_checked"":161021952}"
       512,         3,         0,   0.699,standalone_exact_mw,d243a1b0b1308c5af35ad4523cb40bd83c282feda5b2af0b0940517b428d54bb,"{""distance"":5,""physical_error_rate"":0.01}","{""detection_events"":4395,""detectors_checked"":114688,""obs_mistake_mask=E"":3}"
      1024,         3,         0,    1.19,standalone_exact_mw,d243a1b0b1308c5af35ad4523cb40bd83c282feda5b2af0b0940517b428d54bb,"{""distance"":5,""physical_error_rate"":0.01}","{""detection_events"":9163,""detectors_checked"":229376,""obs_mistake_mask=E"":3}"
     19456,         0,         0,    1.63,standalone_exact_mw,77d802c74222c3324b7f1323f7447c6411ad27be92307b6127e53af575faadca,"{""distance"":5,""physical_error_rate"":0.001}","{""detection_events"":17834,""detectors_checked"":4358144}"
       512,         1,         0,   0.654,standalone_exact_mw,d243a1b0b1308c5af35ad4523cb40bd83c282feda5b2af0b0940517b428d54bb,"{""distance"":5,""physical_error_rate"":0.01}","{""detection_events"":4621,""detectors_checked"":114688,""obs_mistake_mask=E"":1}"
    424960,         0,         0,    11.6,standalone_exact_mw,aea10f45e3589e84a00777b800d38e8a3149bd6cb552c409f3bffd718c1a0abf,"{""distance"":5,""physical_error_rate"":5e-05}","{""detection_events"":20117,""detectors_checked"":95191040}"
    152576,         0,         0,    8.37,standalone_exact_mw,77d802c74222c3324b7f1323f7447c6411ad27be92307b6127e53af575faadca,"{""distance"":5,""physical_error_rate"":0.001}","{""detection_events"":140823,""detectors_checked"":34177024}"
       512,         3,         0,   0.592,standalone_exact_mw,d243a1b0b1308c5af35ad4523cb40bd83c282feda5b2af0b0940517b428d54bb,"{""distance"":5,""physical_error_rate"":0.01}","{""detection_events"":4479,""detectors_checked"":114688,""obs_mistake_mask=E"":3}"
     16896,        50,         0,    16.6,standalone_exact_mw,d243a1b0b1308c5af35ad4523cb40bd83c282feda5b2af0b0940517b428d54bb,"{""distance"":5,""physical_error_rate"":0.01}","{""detection_events"":149112,""detectors_checked"":3784704,""obs_mistake_mask=E"":50}"
     74752,         1,         0,    8.45,standalone_exact_mw,7bb6e20e48600212890a8c0dbf00c9e78f41358e09b12be0f89e4aae4bc5d684,"{""distance"":5,""physical_error_rate"":0.002}","{""detection_events"":138182,""detectors_checked"":16744448,""obs_mistake_mask=E"":1}"
     32768,         1,         0,    3.04,standalone_exact_mw,7bb6e20e48600212890a8c0dbf00c9e78f41358e09b12be0f89e4aae4bc5d684,"{""distance"":5,""physical_error_rate"":0.002}","{""detection_events"":60413,""detectors_checked"":7340032,""obs_mistake_mask=E"":1}"
       273,         1,         0,   0.121,standalone_exact_mw,1a2d9ab41a8a393fdef1a304cd6cd3b39e7654fe1ff27694ddcd7a0d28bf707b,"{""distance"":5,""physical_error_rate"":0.005}","{""detection_events"":1234,""detectors_checked"":61152,""obs_mistake_mask=E"":1}"
     61440,         0,         0,    3.09,standalone_exact_mw,503ee55b5ad1b1988379a241a0405811522ee4d50b473755532ad1299cb121e2,"{""distance"":5,""physical_error_rate"":0.0005}","{""detection_events"":28335,""detectors_checked"":13762560}"
     15360,        36,         0,    16.7,standalone_exact_mw,d243a1b0b1308c5af35ad4523cb40bd83c282feda5b2af0b0940517b428d54bb,"{""distance"":5,""physical_error_rate"":0.01}","{""detection_events"":135293,""detectors_checked"":3440640,""obs_mistake_mask=E"":36}"
       512,         0,         0,   0.725,standalone_exact_mw,d243a1b0b1308c5af35ad4523cb40bd83c282feda5b2af0b0940517b428d54bb,"{""distance"":5,""physical_error_rate"":0.01}","{""detection_events"":4660,""detectors_checked"":114688}"
      2048,         4,         0,    1.79,standalone_exact_mw,d243a1b0b1308c5af35ad4523cb40bd83c282feda5b2af0b0940517b428d54bb,"{""distance"":5,""physical_error_rate"":0.01}","{""detection_events"":17911,""detectors_checked"":458752,""obs_mistake_mask=E"":4}"
      1024,         0,         0,   0.312,standalone_exact_mw,1a2d9ab41a8a393fdef1a304cd6cd3b39e7654fe1ff27694ddcd7a0d28bf707b,"{""distance"":5,""physical_error_rate"":0.005}","{""detection_events"":4483,""detectors_checked"":229376}"
      8192,         4,         0,    2.44,standalone_exact_mw,1a2d9ab41a8a393fdef1a304cd6cd3b39e7654fe1ff27694ddcd7a0d28bf707b,"{""distance"":5,""physical_error_rate"":0.005}","{""detection_events"":37343,""detectors_checked"":1835008,""obs_mistake_mask=E"":4}"
      1024,         1,         0,   0.336,standalone_exact_mw,1a2d9ab41a8a393fdef1a304cd6cd3b39e7654fe1ff27694ddcd7a0d28bf707b,"{""distance"":5,""physical_error_rate"":0.005}","{""detection_events"":4564,""detectors_checked"":229376,""obs_mistake_mask=E"":1}"
         1,         0,         0,   0.000,standalone_exact_mw,7bb6e20e48600212890a8c0dbf00c9e78f41358e09b12be0f89e4aae4bc5d684,"{""distance"":5,""physical_error_rate"":0.002}","{""detection_events"":2,""detectors_checked"":224}"
     30720,         0,         0,    2.18,standalone_exact_mw,77d802c74222c3324b7f1323f7447c6411ad27be92307b6127e53af575faadca,"{""distance"":5,""physical_error_rate"":0.001}","{""detection_events"":28615,""detectors_checked"":6881280}"
      1296,         0,         0,   0.090,standalone_exact_mw,7bb6e20e48600212890a8c0dbf00c9e78f41358e09b12be0f89e4aae4bc5d684,"{""distance"":5,""physical_error_rate"":0.002}","{""detection_events"":2324,""detectors_checked"":290304}"
       273,         0,         0,   0.027,standalone_exact_mw,77d802c74222c3324b7f1323f7447c6411ad27be92307b6127e53af575faadca,"{""distance"":5,""physical_error_rate"":0.001}","{""detection_events"":260,""detectors_checked"":61152}"
      1024,         0,         0,   0.307,standalone_exact_mw,1a2d9ab41a8a393fdef1a304cd6cd3b39e7654fe1ff27694ddcd7a0d28bf707b,"{""distance"":5,""physical_error_rate"":0.005}","{""detection_events"":4540,""detectors_checked"":229376}"
      1024,         0,         0,   0.061,standalone_exact_mw,77d802c74222c3324b7f1323f7447c6411ad27be92307b6127e53af575faadca,"{""distance"":5,""physical_error_rate"":0.001}","{""detection_events"":1013,""detectors_checked"":229376}"
       512,         3,         0,   0.700,standalone_exact_mw,d243a1b0b1308c5af35ad4523cb40bd83c282feda5b2af0b0940517b428d54bb,"{""distance"":5,""physical_error_rate"":0.01}","{""detection_events"":4402,""detectors_checked"":114688,""obs_mistake_mask=E"":3}"
      1024,         0,         0,   0.108,standalone_exact_mw,7bb6e20e48600212890a8c0dbf00c9e78f41358e09b12be0f89e4aae4bc5d684,"{""distance"":5,""physical_error_rate"":0.002}","{""detection_events"":1851,""detectors_checked"":229376}"
      1024,         0,         0,   0.081,standalone_exact_mw,77d802c74222c3324b7f1323f7447c6411ad27be92307b6127e53af575faadca,"{""distance"":5,""physical_error_rate"":0.001}","{""detection_events"":907,""detectors_checked"":229376}"
      1024,         0,         0,   0.083,standalone_exact_mw,7bb6e20e48600212890a8c0dbf00c9e78f41358e09b12be0f89e4aae4bc5d684,"{""distance"":5,""physical_error_rate"":0.002}","{""detection_events"":1923,""detectors_checked"":229376}"
      1024,         0,         0,   0.060,standalone_exact_mw,77d802c74222c3324b7f1323f7447c6411ad27be92307b6127e53af575faadca,"{""distance"":5,""physical_error_rate"":0.001}","{""detection_events"":980,""detectors_checked"":229376}"
      1024,         0,         0,   0.062,standalone_exact_mw,7bb6e20e48600212890a8c0dbf00c9e78f41358e09b12be0f89e4aae4bc5d684,"{""distance"":5,""physical_error_rate"":0.002}","{""detection_events"":1740,""detectors_checked"":229376}"
      1024,         0,         0,   0.082,standalone_exact_mw,77d802c74222c3324b7f1323f7447c6411ad27be92307b6127e53af575faadca,"{""distance"":5,""physical_error_rate"":0.001}","{""detection_events"":1039,""detectors_checked"":229376}"
    805888,         0,         0,    22.8,standalone_exact_mw,29ae76c7f86edcd2f56343e8109d8463cbc736644db4e57527101e2f1c3606c8,"{""distance"":5,""physical_error_rate"":0.0002}","{""detection_events"":149838,""detectors_checked"":180518912}"
      1024,         0,         0,   0.107,standalone_exact_mw,7bb6e20e48600212890a8c0dbf00c9e78f41358e09b12be0f89e4aae4bc5d684,"{""distance"":5,""physical_error_rate"":0.002}","{""detection_events"":1805,""detectors_checked"":229376}"
      1024,         0,         0,   0.334,standalone_exact_mw,1a2d9ab41a8a393fdef1a304cd6cd3b39e7654fe1ff27694ddcd7a0d28bf707b,"{""distance"":5,""physical_error_rate"":0.005}","{""detection_events"":4858,""detectors_checked"":229376}"
      1024,         0,         0,   0.081,standalone_exact_mw,77d802c74222c3324b7f1323f7447c6411ad27be92307b6127e53af575faadca,"{""distance"":5,""physical_error_rate"":0.001}","{""detection_events"":1036,""detectors_checked"":229376}"
     13312,        44,         0,    16.5,standalone_exact_mw,d243a1b0b1308c5af35ad4523cb40bd83c282feda5b2af0b0940517b428d54bb,"{""distance"":5,""physical_error_rate"":0.01}","{""detection_events"":117150,""detectors_checked"":2981888,""obs_mistake_mask=E"":44}"
      1024,         0,         0,   0.104,standalone_exact_mw,7bb6e20e48600212890a8c0dbf00c9e78f41358e09b12be0f89e4aae4bc5d684,"{""distance"":5,""physical_error_rate"":0.002}","{""detection_events"":1964,""detectors_checked"":229376}"
      2048,         0,         0,   0.140,standalone_exact_mw,77d802c74222c3324b7f1323f7447c6411ad27be92307b6127e53af575faadca,"{""distance"":5,""physical_error_rate"":0.001}","{""detection_events"":1750,""detectors_checked"":458752}"
      1024,         0,         0,   0.107,standalone_exact_mw,7bb6e20e48600212890a8c0dbf00c9e78f41358e09b12be0f89e4aae4bc5d684,"{""distance"":5,""physical_error_rate"":0.002}","{""detection_events"":1804,""detectors_checked"":229376}"
      2048,         0,         0,   0.139,standalone_exact_mw,77d802c74222c3324b7f1323f7447c6411ad27be92307b6127e53af575faadca,"{""distance"":5,""physical_error_rate"":0.001}","{""detection_events"":1768,""detectors_checked"":458752}"
      2048,         0,         0,   0.164,standalone_exact_mw,7bb6e20e48600212890a8c0dbf00c9e78f41358e09b12be0f89e4aae4bc5d684,"{""distance"":5,""physical_error_rate"":0.002}","{""detection_events"":3715,""detectors_checked"":458752}"
      1024,         2,         0,   0.424,standalone_exact_mw,1a2d9ab41a8a393fdef1a304cd6cd3b39e7654fe1ff27694ddcd7a0d28bf707b,"{""distance"":5,""physical_error_rate"":0.005}","{""detection_events"":4525,""detectors_checked"":229376,""obs_mistake_mask=E"":2}"
      3072,         0,         0,   0.200,standalone_exact_mw,77d802c74222c3324b7f1323f7447c6411ad27be92307b6127e53af575faadca,"{""distance"":5,""physical_error_rate"":0.001}","{""detection_events"":2811,""detectors_checked"":688128}"
      3072,         0,         0,   0.243,standalone_exact_mw,7bb6e20e48600212890a8c0dbf00c9e78f41358e09b12be0f89e4aae4bc5d684,"{""distance"":5,""physical_error_rate"":0.002}","{""detection_events"":5600,""detectors_checked"":688128}"
      3072,         0,         0,   0.223,standalone_exact_mw,77d802c74222c3324b7f1323f7447c6411ad27be92307b6127e53af575faadca,"{""distance"":5,""physical_error_rate"":0.001}","{""detection_events"":2894,""detectors_checked"":688128}"
      1024,         1,         0,   0.360,standalone_exact_mw,1a2d9ab41a8a393fdef1a304cd6cd3b39e7654fe1ff27694ddcd7a0d28bf707b,"{""distance"":5,""physical_error_rate"":0.005}","{""detection_events"":4748,""detectors_checked"":229376,""obs_mistake_mask=E"":1}"
      5120,         0,         0,   0.283,standalone_exact_mw,7bb6e20e48600212890a8c0dbf00c9e78f41358e09b12be0f89e4aae4bc5d684,"{""distance"":5,""physical_error_rate"":0.002}","{""detection_events"":9298,""detectors_checked"":1146880}"
      1024,         3,         0,    1.26,standalone_exact_mw,d243a1b0b1308c5af35ad4523cb40bd83c282feda5b2af0b0940517b428d54bb,"{""distance"":5,""physical_error_rate"":0.01}","{""detection_events"":9079,""detectors_checked"":229376,""obs_mistake_mask=E"":3}"
      5120,         0,         0,   0.364,standalone_exact_mw,77d802c74222c3324b7f1323f7447c6411ad27be92307b6127e53af575faadca,"{""distance"":5,""physical_error_rate"":0.001}","{""detection_events"":4745,""detectors_checked"":1146880}"
    320512,         0,         0,    11.7,standalone_exact_mw,29ae76c7f86edcd2f56343e8109d8463cbc736644db4e57527101e2f1c3606c8,"{""distance"":5,""physical_error_rate"":0.0002}","{""detection_events"":58996,""detectors_checked"":71794688}"
      1024,         2,         0,   0.402,standalone_exact_mw,1a2d9ab41a8a393fdef1a304cd6cd3b39e7654fe1ff27694ddcd7a0d28bf707b,"{""distance"":5,""physical_error_rate"":0.005}","{""detection_events"":4845,""detectors_checked"":229376,""obs_mistake_mask=E"":2}"
       273,         0,         0,   0.005,standalone_exact_mw,503ee55b5ad1b1988379a241a0405811522ee4d50b473755532ad1299cb121e2,"{""distance"":5,""physical_error_rate"":0.0005}","{""detection_events"":120,""detectors_checked"":61152}"
      1024,         0,         0,   0.039,standalone_exact_mw,503ee55b5ad1b1988379a241a0405811522ee4d50b473755532ad1299cb121e2,"{""distance"":5,""physical_error_rate"":0.0005}","{""detection_events"":467,""detectors_checked"":229376}"
     10240,         1,         0,   0.411,standalone_exact_mw,7bb6e20e48600212890a8c0dbf00c9e78f41358e09b12be0f89e4aae4bc5d684,"{""distance"":5,""physical_error_rate"":0.002}","{""detection_events"":18556,""detectors_checked"":2293760,""obs_mistake_mask=E"":1}"
      1024,         0,         0,   0.035,standalone_exact_mw,503ee55b5ad1b1988379a241a0405811522ee4d50b473755532ad1299cb121e2,"{""distance"":5,""physical_error_rate"":0.0005}","{""detection_events"":553,""detectors_checked"":229376}"
      1024,         0,         0,   0.031,standalone_exact_mw,503ee55b5ad1b1988379a241a0405811522ee4d50b473755532ad1299cb121e2,"{""distance"":5,""physical_error_rate"":0.0005}","{""detection_events"":529,""detectors_checked"":229376}"
      1024,         0,         0,   0.031,standalone_exact_mw,503ee55b5ad1b1988379a241a0405811522ee4d50b473755532ad1299cb121e2,"{""distance"":5,""physical_error_rate"":0.0005}","{""detection_events"":448,""detectors_checked"":229376}"
      2048,        11,         0,    2.39,standalone_exact_mw,d243a1b0b1308c5af35ad4523cb40bd83c282feda5b2af0b0940517b428d54bb,"{""distance"":5,""physical_error_rate"":0.01}","{""detection_events"":18365,""detectors_checked"":458752,""obs_mistake_mask=E"":11}"
      2048,         0,         0,   0.079,standalone_exact_mw,503ee55b5ad1b1988379a241a0405811522ee4d50b473755532ad1299cb121e2,"{""distance"":5,""physical_error_rate"":0.0005}","{""detection_events"":916,""detectors_checked"":458752}"
     50176,        27,         0,    16.6,standalone_exact_mw,1a2d9ab41a8a393fdef1a304cd6cd3b39e7654fe1ff27694ddcd7a0d28bf707b,"{""distance"":5,""physical_error_rate"":0.005}","{""detection_events"":227500,""detectors_checked"":11239424,""obs_mistake_mask=E"":27}"
      6144,         0,         0,   0.472,standalone_exact_mw,77d802c74222c3324b7f1323f7447c6411ad27be92307b6127e53af575faadca,"{""distance"":5,""physical_error_rate"":0.001}","{""detection_events"":6005,""detectors_checked"":1376256}"
      2048,         0,         0,   0.076,standalone_exact_mw,503ee55b5ad1b1988379a241a0405811522ee4d50b473755532ad1299cb121e2,"{""distance"":5,""physical_error_rate"":0.0005}","{""detection_events"":967,""detectors_checked"":458752}"
      1024,         1,         0,   0.370,standalone_exact_mw,1a2d9ab41a8a393fdef1a304cd6cd3b39e7654fe1ff27694ddcd7a0d28bf707b,"{""distance"":5,""physical_error_rate"":0.005}","{""detection_events"":4672,""detectors_checked"":229376,""obs_mistake_mask=E"":1}"
      3072,         0,         0,   0.112,standalone_exact_mw,503ee55b5ad1b1988379a241a0405811522ee4d50b473755532ad1299cb121e2,"{""distance"":5,""physical_error_rate"":0.0005}","{""detection_events"":1475,""detectors_checked"":688128}"
        17,         0,         0,   0.001,standalone_exact_mw,29ae76c7f86edcd2f56343e8109d8463cbc736644db4e57527101e2f1c3606c8,"{""distance"":5,""physical_error_rate"":0.0002}","{""detection_events"":2,""detectors_checked"":3808}"
      1280,         0,         0,   0.034,standalone_exact_mw,29ae76c7f86edcd2f56343e8109d8463cbc736644db4e57527101e2f1c3606c8,"{""distance"":5,""physical_error_rate"":0.0002}","{""detection_events"":248,""detectors_checked"":286720}"
      1024,         0,         0,   0.028,standalone_exact_mw,29ae76c7f86edcd2f56343e8109d8463cbc736644db4e57527101e2f1c3606c8,"{""distance"":5,""physical_error_rate"":0.0002}","{""detection_events"":169,""detectors_checked"":229376}"
    250880,         0,         0,    8.33,standalone_exact_mw,aea10f45e3589e84a00777b800d38e8a3149bd6cb552c409f3bffd718c1a0abf,"{""distance"":5,""physical_error_rate"":5e-05}","{""detection_events"":12113,""detectors_checked"":56197120}"
      4096,         0,         0,   0.145,standalone_exact_mw,503ee55b5ad1b1988379a241a0405811522ee4d50b473755532ad1299cb121e2,"{""distance"":5,""physical_error_rate"":0.0005}","{""detection_events"":2010,""detectors_checked"":917504}"
      2048,         0,         0,   0.062,standalone_exact_mw,29ae76c7f86edcd2f56343e8109d8463cbc736644db4e57527101e2f1c3606c8,"{""distance"":5,""physical_error_rate"":0.0002}","{""detection_events"":361,""detectors_checked"":458752}"
      8192,         0,         0,   0.620,standalone_exact_mw,7bb6e20e48600212890a8c0dbf00c9e78f41358e09b12be0f89e4aae4bc5d684,"{""distance"":5,""physical_error_rate"":0.002}","{""detection_events"":15433,""detectors_checked"":1835008}"
      2048,         0,         0,   0.048,standalone_exact_mw,29ae76c7f86edcd2f56343e8109d8463cbc736644db4e57527101e2f1c3606c8,"{""distance"":5,""physical_error_rate"":0.0002}","{""detection_events"":378,""detectors_checked"":458752}"
      1024,         0,         0,   0.343,standalone_exact_mw,1a2d9ab41a8a393fdef1a304cd6cd3b39e7654fe1ff27694ddcd7a0d28bf707b,"{""distance"":5,""physical_error_rate"":0.005}","{""detection_events"":4639,""detectors_checked"":229376}"
    251904,         0,         0,    8.36,standalone_exact_mw,cc9149276d16e61a5ac322a1d2048afebd34054fe0ed4879b77eb616628c1148,"{""distance"":5,""physical_error_rate"":0.0001}","{""detection_events"":23663,""detectors_checked"":56426496}"
      2048,         0,         0,   0.055,standalone_exact_mw,29ae76c7f86edcd2f56343e8109d8463cbc736644db4e57527101e2f1c3606c8,"{""distance"":5,""physical_error_rate"":0.0002}","{""detection_events"":431,""detectors_checked"":458752}"
      6144,         0,         0,   0.223,standalone_exact_mw,503ee55b5ad1b1988379a241a0405811522ee4d50b473755532ad1299cb121e2,"{""distance"":5,""physical_error_rate"":0.0005}","{""detection_events"":2891,""detectors_checked"":1376256}"
      2048,         0,         0,   0.083,standalone_exact_mw,29ae76c7f86edcd2f56343e8109d8463cbc736644db4e57527101e2f1c3606c8,"{""distance"":5,""physical_error_rate"":0.0002}","{""detection_events"":333,""detectors_checked"":458752}"
      8192,         0,         0,   0.581,standalone_exact_mw,77d802c74222c3324b7f1323f7447c6411ad27be92307b6127e53af575faadca,"{""distance"":5,""physical_error_rate"":0.001}","{""detection_events"":7472,""detectors_checked"":1835008}"
   1049600,         0,         0,    22.9,standalone_exact_mw,aea10f45e3589e84a00777b800d38e8a3149bd6cb552c409f3bffd718c1a0abf,"{""distance"":5,""physical_error_rate"":5e-05}","{""detection_events"":49132,""detectors_checked"":235110400}"
      3072,         0,         0,   0.113,standalone_exact_mw,29ae76c7f86edcd2f56343e8109d8463cbc736644db4e57527101e2f1c3606c8,"{""distance"":5,""physical_error_rate"":0.0002}","{""detection_events"":628,""detectors_checked"":688128}"
      1024,         1,         0,    1.29,standalone_exact_mw,d243a1b0b1308c5af35ad4523cb40bd83c282feda5b2af0b0940517b428d54bb,"{""distance"":5,""physical_error_rate"":0.01}","{""detection_events"":9002,""detectors_checked"":229376,""obs_mistake_mask=E"":1}"
     20480,        55,         0,    17.5,standalone_exact_mw,d243a1b0b1308c5af35ad4523cb40bd83c282feda5b2af0b0940517b428d54bb,"{""distance"":5,""physical_error_rate"":0.01}","{""detection_events"":181912,""detectors_checked"":4587520,""obs_mistake_mask=E"":55}"
      1024,         0,         0,   0.347,standalone_exact_mw,1a2d9ab41a8a393fdef1a304cd6cd3b39e7654fe1ff27694ddcd7a0d28bf707b,"{""distance"":5,""physical_error_rate"":0.005}","{""detection_events"":4763,""detectors_checked"":229376}"
      5120,         0,         0,   0.157,standalone_exact_mw,29ae76c7f86edcd2f56343e8109d8463cbc736644db4e57527101e2f1c3606c8,"{""distance"":5,""physical_error_rate"":0.0002}","{""detection_events"":997,""detectors_checked"":1146880}"
      6144,         0,         0,   0.316,standalone_exact_mw,503ee55b5ad1b1988379a241a0405811522ee4d50b473755532ad1299cb121e2,"{""distance"":5,""physical_error_rate"":0.0005}","{""detection_events"":2994,""detectors_checked"":1376256}"
     11264,         7,         0,    3.26,standalone_exact_mw,1a2d9ab41a8a393fdef1a304cd6cd3b39e7654fe1ff27694ddcd7a0d28bf707b,"{""distance"":5,""physical_error_rate"":0.005}","{""detection_events"":51104,""detectors_checked"":2523136,""obs_mistake_mask=E"":7}"
    233472,         7,         0,    22.9,standalone_exact_mw,7bb6e20e48600212890a8c0dbf00c9e78f41358e09b12be0f89e4aae4bc5d684,"{""distance"":5,""physical_error_rate"":0.002}","{""detection_events"":429591,""detectors_checked"":52297728,""obs_mistake_mask=E"":7}"
      8192,         0,         0,   0.223,standalone_exact_mw,29ae76c7f86edcd2f56343e8109d8463cbc736644db4e57527101e2f1c3606c8,"{""distance"":5,""physical_error_rate"":0.0002}","{""detection_events"":1430,""detectors_checked"":1835008}"
     43008,         0,         0,    3.11,standalone_exact_mw,77d802c74222c3324b7f1323f7447c6411ad27be92307b6127e53af575faadca,"{""distance"":5,""physical_error_rate"":0.001}","{""detection_events"":39870,""detectors_checked"":9633792}"
     10240,         0,         0,   0.828,standalone_exact_mw,7bb6e20e48600212890a8c0dbf00c9e78f41358e09b12be0f89e4aae4bc5d684,"{""distance"":5,""physical_error_rate"":0.002}","{""detection_events"":18988,""detectors_checked"":2293760}"
      2048,         2,         0,   0.521,standalone_exact_mw,1a2d9ab41a8a393fdef1a304cd6cd3b39e7654fe1ff27694ddcd7a0d28bf707b,"{""distance"":5,""physical_error_rate"":0.005}","{""detection_events"":9145,""detectors_checked"":458752,""obs_mistake_mask=E"":2}"
      8192,         0,         0,   0.427,standalone_exact_mw,503ee55b5ad1b1988379a241a0405811522ee4d50b473755532ad1299cb121e2,"{""distance"":5,""physical_error_rate"":0.0005}","{""detection_events"":3826,""detectors_checked"":1835008}"
     10240,         0,         0,   0.299,standalone_exact_mw,29ae76c7f86edcd2f56343e8109d8463cbc736644db4e57527101e2f1c3606c8,"{""distance"":5,""physical_error_rate"":0.0002}","{""detection_events"":1906,""detectors_checked"":2293760}"
     39936,         0,         0,    4.36,standalone_exact_mw,7bb6e20e48600212890a8c0dbf00c9e78f41358e09b12be0f89e4aae4bc5d684,"{""distance"":5,""physical_error_rate"":0.002}","{""detection_events"":74057,""detectors_checked"":8945664}"
     11264,         0,         0,   0.791,standalone_exact_mw,77d802c74222c3324b7f1323f7447c6411ad27be92307b6127e53af575faadca,"{""distance"":5,""physical_error_rate"":0.001}","{""detection_events"":10415,""detectors_checked"":2523136}"
     14848,        42,         0,    16.6,standalone_exact_mw,d243a1b0b1308c5af35ad4523cb40bd83c282feda5b2af0b0940517b428d54bb,"{""distance"":5,""physical_error_rate"":0.01}","{""detection_events"":131655,""detectors_checked"":3325952,""obs_mistake_mask=E"":42}"
       273,         0,         0,   0.003,standalone_exact_mw,aea10f45e3589e84a00777b800d38e8a3149bd6cb552c409f3bffd718c1a0abf,"{""distance"":5,""physical_error_rate"":5e-05}","{""detection_events"":18,""detectors_checked"":61152}"
      1024,         0,         0,   0.036,standalone_exact_mw,aea10f45e3589e84a00777b800d38e8a3149bd6cb552c409f3bffd718c1a0abf,"{""distance"":5,""physical_error_rate"":5e-05}","{""detection_events"":31,""detectors_checked"":229376}"
    434176,         0,         0,    11.6,standalone_exact_mw,cc9149276d16e61a5ac322a1d2048afebd34054fe0ed4879b77eb616628c1148,"{""distance"":5,""physical_error_rate"":0.0001}","{""detection_events"":40155,""detectors_checked"":97255424}"
      1024,         0,         0,   0.030,standalone_exact_mw,aea10f45e3589e84a00777b800d38e8a3149bd6cb552c409f3bffd718c1a0abf,"{""distance"":5,""physical_error_rate"":5e-05}","{""detection_events"":61,""detectors_checked"":229376}"
      1024,         3,         0,   0.888,standalone_exact_mw,d243a1b0b1308c5af35ad4523cb40bd83c282feda5b2af0b0940517b428d54bb,"{""distance"":5,""physical_error_rate"":0.01}","{""detection_events"":9100,""detectors_checked"":229376,""obs_mistake_mask=E"":3}"
     96256,         0,         0,    4.26,standalone_exact_mw,503ee55b5ad1b1988379a241a0405811522ee4d50b473755532ad1299cb121e2,"{""distance"":5,""physical_error_rate"":0.0005}","{""detection_events"":44978,""detectors_checked"":21561344}"
      2560,         6,         0,    3.20,standalone_exact_mw,d243a1b0b1308c5af35ad4523cb40bd83c282feda5b2af0b0940517b428d54bb,"{""distance"":5,""physical_error_rate"":0.01}","{""detection_events"":22839,""detectors_checked"":573440,""obs_mistake_mask=E"":6}"
      1024,         0,         0,   0.050,standalone_exact_mw,aea10f45e3589e84a00777b800d38e8a3149bd6cb552c409f3bffd718c1a0abf,"{""distance"":5,""physical_error_rate"":5e-05}","{""detection_events"":45,""detectors_checked"":229376}"
     80896,        30,         0,    23.0,standalone_exact_mw,1a2d9ab41a8a393fdef1a304cd6cd3b39e7654fe1ff27694ddcd7a0d28bf707b,"{""distance"":5,""physical_error_rate"":0.005}","{""detection_events"":367073,""detectors_checked"":18120704,""obs_mistake_mask=E"":30}"
      2048,         0,         0,   0.043,standalone_exact_mw,aea10f45e3589e84a00777b800d38e8a3149bd6cb552c409f3bffd718c1a0abf,"{""distance"":5,""physical_error_rate"":5e-05}","{""detection_events"":70,""detectors_checked"":458752}"
      1536,         4,         0,    1.89,standalone_exact_mw,d243a1b0b1308c5af35ad4523cb40bd83c282feda5b2af0b0940517b428d54bb,"{""distance"":5,""physical_error_rate"":0.01}","{""detection_events"":13722,""detectors_checked"":344064,""obs_mistake_mask=E"":4}"
     14336,         0,         0,   0.400,standalone_exact_mw,29ae76c7f86edcd2f56343e8109d8463cbc736644db4e57527101e2f1c3606c8,"{""distance"":5,""physical_error_rate"":0.0002}","{""detection_events"":2734,""detectors_checked"":3211264}"
      6656,        20,         0,    8.01,standalone_exact_mw,d243a1b0b1308c5af35ad4523cb40bd83c282feda5b2af0b0940517b428d54bb,"{""distance"":5,""physical_error_rate"":0.01}","{""detection_events"":59153,""detectors_checked"":1490944,""obs_mistake_mask=E"":20}"
      4096,         7,         0,    5.05,standalone_exact_mw,d243a1b0b1308c5af35ad4523cb40bd83c282feda5b2af0b0940517b428d54bb,"{""distance"":5,""physical_error_rate"":0.01}","{""detection_events"":36447,""detectors_checked"":917504,""obs_mistake_mask=E"":7}"
      2048,         0,         0,   0.079,standalone_exact_mw,aea10f45e3589e84a00777b800d38e8a3149bd6cb552c409f3bffd718c1a0abf,"{""distance"":5,""physical_error_rate"":5e-05}","{""detection_events"":106,""detectors_checked"":458752}"
     11264,         0,         0,   0.571,standalone_exact_mw,503ee55b5ad1b1988379a241a0405811522ee4d50b473755532ad1299cb121e2,"{""distance"":5,""physical_error_rate"":0.0005}","{""detection_events"":5244,""detectors_checked"":2523136}"
      4608,        12,         0,    4.54,standalone_exact_mw,d243a1b0b1308c5af35ad4523cb40bd83c282feda5b2af0b0940517b428d54bb,"{""distance"":5,""physical_error_rate"":0.01}","{""detection_events"":40279,""detectors_checked"":1032192,""obs_mistake_mask=E"":12}"
      3072,         0,         0,   0.107,standalone_exact_mw,aea10f45e3589e84a00777b800d38e8a3149bd6cb552c409f3bffd718c1a0abf,"{""distance"":5,""physical_error_rate"":5e-05}","{""detection_events"":134,""detectors_checked"":688128}"
      1024,         1,         0,    1.25,standalone_exact_mw,d243a1b0b1308c5af35ad4523cb40bd83c282feda5b2af0b0940517b428d54bb,"{""distance"":5,""physical_error_rate"":0.01}","{""detection_events"":8919,""detectors_checked"":229376,""obs_mistake_mask=E"":1}"
      2048,         2,         0,   0.677,standalone_exact_mw,1a2d9ab41a8a393fdef1a304cd6cd3b39e7654fe1ff27694ddcd7a0d28bf707b,"{""distance"":5,""physical_error_rate"":0.005}","{""detection_events"":9286,""detectors_checked"":458752,""obs_mistake_mask=E"":2}"
      4096,         0,         0,   0.135,standalone_exact_mw,aea10f45e3589e84a00777b800d38e8a3149bd6cb552c409f3bffd718c1a0abf,"{""distance"":5,""physical_error_rate"":5e-05}","{""detection_events"":190,""detectors_checked"":917504}"
       512,         2,         0,   0.587,standalone_exact_mw,d243a1b0b1308c5af35ad4523cb40bd83c282feda5b2af0b0940517b428d54bb,"{""distance"":5,""physical_error_rate"":0.01}","{""detection_events"":4582,""detectors_checked"":114688,""obs_mistake_mask=E"":2}"
      5120,         0,         0,   0.161,standalone_exact_mw,aea10f45e3589e84a00777b800d38e8a3149bd6cb552c409f3bffd718c1a0abf,"{""distance"":5,""physical_error_rate"":5e-05}","{""detection_events"":270,""detectors_checked"":1146880}"
     17408,         0,         0,   0.568,standalone_exact_mw,29ae76c7f86edcd2f56343e8109d8463cbc736644db4e57527101e2f1c3606c8,"{""distance"":5,""physical_error_rate"":0.0002}","{""detection_events"":3059,""detectors_checked"":3899392}"
     13312,         0,         0,    1.11,standalone_exact_mw,7bb6e20e48600212890a8c0dbf00c9e78f41358e09b12be0f89e4aae4bc5d684,"{""distance"":5,""physical_error_rate"":0.002}","{""detection_events"":24717,""detectors_checked"":2981888}"
      6144,         0,         0,   0.206,standalone_exact_mw,aea10f45e3589e84a00777b800d38e8a3149bd6cb552c409f3bffd718c1a0abf,"{""distance"":5,""physical_error_rate"":5e-05}","{""detection_events"":330,""detectors_checked"":1376256}"
     15360,         0,         0,    1.12,standalone_exact_mw,77d802c74222c3324b7f1323f7447c6411ad27be92307b6127e53af575faadca,"{""distance"":5,""physical_error_rate"":0.001}","{""detection_events"":13729,""detectors_checked"":3440640}"
     16384,         0,         0,   0.826,standalone_exact_mw,503ee55b5ad1b1988379a241a0405811522ee4d50b473755532ad1299cb121e2,"{""distance"":5,""physical_error_rate"":0.0005}","{""detection_events"":7646,""detectors_checked"":3670016}"
      9216,         0,         0,   0.308,standalone_exact_mw,aea10f45e3589e84a00777b800d38e8a3149bd6cb552c409f3bffd718c1a0abf,"{""distance"":5,""physical_error_rate"":5e-05}","{""detection_events"":470,""detectors_checked"":2064384}"
      3072,         1,         0,    1.03,standalone_exact_mw,1a2d9ab41a8a393fdef1a304cd6cd3b39e7654fe1ff27694ddcd7a0d28bf707b,"{""distance"":5,""physical_error_rate"":0.005}","{""detection_events"":14067,""detectors_checked"":688128,""obs_mistake_mask=E"":1}"
     12288,         0,         0,   0.396,standalone_exact_mw,aea10f45e3589e84a00777b800d38e8a3149bd6cb552c409f3bffd718c1a0abf,"{""distance"":5,""physical_error_rate"":5e-05}","{""detection_events"":527,""detectors_checked"":2752512}"
     20480,         0,         0,   0.827,standalone_exact_mw,29ae76c7f86edcd2f56343e8109d8463cbc736644db4e57527101e2f1c3606c8,"{""distance"":5,""physical_error_rate"":0.0002}","{""detection_events"":3968,""detectors_checked"":4587520}"
     17408,         0,         0,   0.570,standalone_exact_mw,aea10f45e3589e84a00777b800d38e8a3149bd6cb552c409f3bffd718c1a0abf,"{""distance"":5,""physical_error_rate"":5e-05}","{""detection_events"":803,""detectors_checked"":3899392}"
     24576,         0,         0,    1.12,standalone_exact_mw,503ee55b5ad1b1988379a241a0405811522ee4d50b473755532ad1299cb121e2,"{""distance"":5,""physical_error_rate"":0.0005}","{""detection_events"":11508,""detectors_checked"":5505024}"
     14336,         0,         0,    1.61,standalone_exact_mw,7bb6e20e48600212890a8c0dbf00c9e78f41358e09b12be0f89e4aae4bc5d684,"{""distance"":5,""physical_error_rate"":0.002}","{""detection_events"":26236,""detectors_checked"":3211264}"
     21504,         0,         0,    1.56,standalone_exact_mw,77d802c74222c3324b7f1323f7447c6411ad27be92307b6127e53af575faadca,"{""distance"":5,""physical_error_rate"":0.001}","{""detection_events"":19804,""detectors_checked"":4816896}"
     28672,         0,         0,    1.14,standalone_exact_mw,29ae76c7f86edcd2f56343e8109d8463cbc736644db4e57527101e2f1c3606c8,"{""distance"":5,""physical_error_rate"":0.0002}","{""detection_events"":5067,""detectors_checked"":6422528}"
      4096,         4,         0,    1.40,standalone_exact_mw,1a2d9ab41a8a393fdef1a304cd6cd3b39e7654fe1ff27694ddcd7a0d28bf707b,"{""distance"":5,""physical_error_rate"":0.005}","{""detection_events"":18338,""detectors_checked"":917504,""obs_mistake_mask=E"":4}"
    523264,         0,         0,    22.9,standalone_exact_mw,503ee55b5ad1b1988379a241a0405811522ee4d50b473755532ad1299cb121e2,"{""distance"":5,""physical_error_rate"":0.0005}","{""detection_events"":243022,""detectors_checked"":117211136}"
     23552,         0,         0,   0.781,standalone_exact_mw,aea10f45e3589e84a00777b800d38e8a3149bd6cb552c409f3bffd718c1a0abf,"{""distance"":5,""physical_error_rate"":5e-05}","{""detection_events"":1113,""detectors_checked"":5275648}"
       273,         0,         0,   0.025,standalone_exact_mw,cc9149276d16e61a5ac322a1d2048afebd34054fe0ed4879b77eb616628c1148,"{""distance"":5,""physical_error_rate"":0.0001}","{""detection_events"":22,""detectors_checked"":61152}"
      1024,         0,         0,   0.030,standalone_exact_mw,cc9149276d16e61a5ac322a1d2048afebd34054fe0ed4879b77eb616628c1148,"{""distance"":5,""physical_error_rate"":0.0001}","{""detection_events"":97,""detectors_checked"":229376}"
      1024,         0,         0,   0.030,standalone_exact_mw,cc9149276d16e61a5ac322a1d2048afebd34054fe0ed4879b77eb616628c1148,"{""distance"":5,""physical_error_rate"":0.0001}","{""detection_events"":80,""detectors_checked"":229376}"
      1024,         0,         0,   0.051,standalone_exact_mw,cc9149276d16e61a5ac322a1d2048afebd34054fe0ed4879b77eb616628c1148,"{""distance"":5,""physical_error_rate"":0.0001}","{""detection_events"":124,""detectors_checked"":229376}"
    222208,         0,         0,    11.7,standalone_exact_mw,503ee55b5ad1b1988379a241a0405811522ee4d50b473755532ad1299cb121e2,"{""distance"":5,""physical_error_rate"":0.0005}","{""detection_events"":104581,""detectors_checked"":49774592}"
      2048,         0,         0,   0.059,standalone_exact_mw,cc9149276d16e61a5ac322a1d2048afebd34054fe0ed4879b77eb616628c1148,"{""distance"":5,""physical_error_rate"":0.0001}","{""detection_events"":152,""detectors_checked"":458752}"
      2048,         0,         0,   0.083,standalone_exact_mw,cc9149276d16e61a5ac322a1d2048afebd34054fe0ed4879b77eb616628c1148,"{""distance"":5,""physical_error_rate"":0.0001}","{""detection_events"":200,""detectors_checked"":458752}"
     14336,         5,         0,    4.43,standalone_exact_mw,1a2d9ab41a8a393fdef1a304cd6cd3b39e7654fe1ff27694ddcd7a0d28bf707b,"{""distance"":5,""physical_error_rate"":0.005}","{""detection_events"":64693,""detectors_checked"":3211264,""obs_mistake_mask=E"":5}"
      3072,         0,         0,   0.112,standalone_exact_mw,cc9149276d16e61a5ac322a1d2048afebd34054fe0ed4879b77eb616628c1148,"{""distance"":5,""physical_error_rate"":0.0001}","{""detection_events"":293,""detectors_checked"":688128}"
     29696,         0,         0,    1.56,standalone_exact_mw,503ee55b5ad1b1988379a241a0405811522ee4d50b473755532ad1299cb121e2,"{""distance"":5,""physical_error_rate"":0.0005}","{""detection_events"":13851,""detectors_checked"":6651904}"
     60416,         0,         0,    4.28,standalone_exact_mw,77d802c74222c3324b7f1323f7447c6411ad27be92307b6127e53af575faadca,"{""distance"":5,""physical_error_rate"":0.001}","{""detection_events"":55986,""detectors_checked"":13533184}"
      3072,         0,         0,   0.111,standalone_exact_mw,cc9149276d16e61a5ac322a1d2048afebd34054fe0ed4879b77eb616628c1148,"{""distance"":5,""physical_error_rate"":0.0001}","{""detection_events"":277,""detectors_checked"":688128}"
     58368,        13,         0,    22.9,standalone_exact_mw,1a2d9ab41a8a393fdef1a304cd6cd3b39e7654fe1ff27694ddcd7a0d28bf707b,"{""distance"":5,""physical_error_rate"":0.005}","{""detection_events"":264587,""detectors_checked"":13074432,""obs_mistake_mask=E"":13}"
     33792,         0,         0,    1.12,standalone_exact_mw,aea10f45e3589e84a00777b800d38e8a3149bd6cb552c409f3bffd718c1a0abf,"{""distance"":5,""physical_error_rate"":5e-05}","{""detection_events"":1581,""detectors_checked"":7569408}"
      5120,         0,         0,   0.171,standalone_exact_mw,cc9149276d16e61a5ac322a1d2048afebd34054fe0ed4879b77eb616628c1148,"{""distance"":5,""physical_error_rate"":0.0001}","{""detection_events"":491,""detectors_checked"":1146880}"
      6144,         0,         0,   0.223,standalone_exact_mw,cc9149276d16e61a5ac322a1d2048afebd34054fe0ed4879b77eb616628c1148,"{""distance"":5,""physical_error_rate"":0.0001}","{""detection_events"":610,""detectors_checked"":1376256}"
     39936,         0,         0,    1.57,standalone_exact_mw,29ae76c7f86edcd2f56343e8109d8463cbc736644db4e57527101e2f1c3606c8,"{""distance"":5,""physical_error_rate"":0.0002}","{""detection_events"":7513,""detectors_checked"":8945664}"
      5120,         3,         0,    1.65,standalone_exact_mw,1a2d9ab41a8a393fdef1a304cd6cd3b39e7654fe1ff27694ddcd7a0d28bf707b,"{""distance"":5,""physical_error_rate"":0.005}","{""detection_events"":23090,""detectors_checked"":1146880,""obs_mistake_mask=E"":3}"
     26624,         1,         0,    2.19,standalone_exact_mw,7bb6e20e48600212890a8c0dbf00c9e78f41358e09b12be0f89e4aae4bc5d684,"{""distance"":5,""physical_error_rate"":0.002}","{""detection_events"":49722,""detectors_checked"":5963776,""obs_mistake_mask=E"":1}"
      8192,         0,         0,   0.306,standalone_exact_mw,cc9149276d16e61a5ac322a1d2048afebd34054fe0ed4879b77eb616628c1148,"{""distance"":5,""physical_error_rate"":0.0001}","{""detection_events"":796,""detectors_checked"":1835008}"
     30720,         0,         0,    2.24,standalone_exact_mw,77d802c74222c3324b7f1323f7447c6411ad27be92307b6127e53af575faadca,"{""distance"":5,""physical_error_rate"":0.001}","{""detection_events"":28434,""detectors_checked"":6881280}"
     12288,         0,         0,   0.447,standalone_exact_mw,cc9149276d16e61a5ac322a1d2048afebd34054fe0ed4879b77eb616628c1148,"{""distance"":5,""physical_error_rate"":0.0001}","{""detection_events"":1196,""detectors_checked"":2752512}"
     37888,         8,         0,    11.9,standalone_exact_mw,1a2d9ab41a8a393fdef1a304cd6cd3b39e7654fe1ff27694ddcd7a0d28bf707b,"{""distance"":5,""physical_error_rate"":0.005}","{""detection_events"":171871,""detectors_checked"":8486912,""obs_mistake_mask=E"":8}"
     19456,         0,         0,   0.572,standalone_exact_mw,cc9149276d16e61a5ac322a1d2048afebd34054fe0ed4879b77eb616628c1148,"{""distance"":5,""physical_error_rate"":0.0001}","{""detection_events"":1823,""detectors_checked"":4358144}"
     46080,         0,         0,    1.54,standalone_exact_mw,aea10f45e3589e84a00777b800d38e8a3149bd6cb552c409f3bffd718c1a0abf,"{""distance"":5,""physical_error_rate"":5e-05}","{""detection_events"":2104,""detectors_checked"":10321920}"
     57344,         2,         0,    5.97,standalone_exact_mw,7bb6e20e48600212890a8c0dbf00c9e78f41358e09b12be0f89e4aae4bc5d684,"{""distance"":5,""physical_error_rate"":0.002}","{""detection_events"":104748,""detectors_checked"":12845056,""obs_mistake_mask=E"":2}"
     47104,         0,         0,    2.21,standalone_exact_mw,503ee55b5ad1b1988379a241a0405811522ee4d50b473755532ad1299cb121e2,"{""distance"":5,""physical_error_rate"":0.0005}","{""detection_events"":21649,""detectors_checked"":10551296}"
    129024,         0,         0,    5.94,standalone_exact_mw,503ee55b5ad1b1988379a241a0405811522ee4d50b473755532ad1299cb121e2,"{""distance"":5,""physical_error_rate"":0.0005}","{""detection_events"":60308,""detectors_checked"":28901376}"
     30720,         0,         0,   0.814,standalone_exact_mw,cc9149276d16e61a5ac322a1d2048afebd34054fe0ed4879b77eb616628c1148,"{""distance"":5,""physical_error_rate"":0.0001}","{""detection_events"":2919,""detectors_checked"":6881280}"
     55296,         0,         0,    2.18,standalone_exact_mw,29ae76c7f86edcd2f56343e8109d8463cbc736644db4e57527101e2f1c3606c8,"{""distance"":5,""physical_error_rate"":0.0002}","{""detection_events"":10145,""detectors_checked"":12386304}"
    203776,         1,         0,    11.6,standalone_exact_mw,77d802c74222c3324b7f1323f7447c6411ad27be92307b6127e53af575faadca,"{""distance"":5,""physical_error_rate"":0.001}","{""detection_events"":190620,""detectors_checked"":45645824,""obs_mistake_mask=E"":1}"
      7168,         3,         0,    2.41,standalone_exact_mw,1a2d9ab41a8a393fdef1a304cd6cd3b39e7654fe1ff27694ddcd7a0d28bf707b,"{""distance"":5,""physical_error_rate"":0.005}","{""detection_events"":32598,""detectors_checked"":1605632,""obs_mistake_mask=E"":3}"
   1089536,         0,         0,    22.8,standalone_exact_mw,29ae76c7f86edcd2f56343e8109d8463cbc736644db4e57527101e2f1c3606c8,"{""distance"":5,""physical_error_rate"":0.0002}","{""detection_events"":202371,""detectors_checked"":244056064}"
    100352,         3,         0,    11.8,standalone_exact_mw,7bb6e20e48600212890a8c0dbf00c9e78f41358e09b12be0f89e4aae4bc5d684,"{""distance"":5,""physical_error_rate"":0.002}","{""detection_events"":185172,""detectors_checked"":22478848,""obs_mistake_mask=E"":3}"
     41984,         0,         0,    1.11,standalone_exact_mw,cc9149276d16e61a5ac322a1d2048afebd34054fe0ed4879b77eb616628c1148,"{""distance"":5,""physical_error_rate"":0.0001}","{""detection_events"":3841,""detectors_checked"":9404416}"
     39936,         0,         0,    3.06,standalone_exact_mw,7bb6e20e48600212890a8c0dbf00c9e78f41358e09b12be0f89e4aae4bc5d684,"{""distance"":5,""physical_error_rate"":0.002}","{""detection_events"":73758,""detectors_checked"":8945664}"
     55296,         0,         0,    3.07,standalone_exact_mw,77d802c74222c3324b7f1323f7447c6411ad27be92307b6127e53af575faadca,"{""distance"":5,""physical_error_rate"":0.001}","{""detection_events"":51197,""detectors_checked"":12386304}"
    702464,         0,         0,    22.8,standalone_exact_mw,aea10f45e3589e84a00777b800d38e8a3149bd6cb552c409f3bffd718c1a0abf,"{""distance"":5,""physical_error_rate"":5e-05}","{""detection_events"":32160,""detectors_checked"":157351936}"
     64512,         0,         0,    2.18,standalone_exact_mw,aea10f45e3589e84a00777b800d38e8a3149bd6cb552c409f3bffd718c1a0abf,"{""distance"":5,""physical_error_rate"":5e-05}","{""detection_events"":3021,""detectors_checked"":14450688}"
    775168,         0,         0,    22.8,standalone_exact_mw,cc9149276d16e61a5ac322a1d2048afebd34054fe0ed4879b77eb616628c1148,"{""distance"":5,""physical_error_rate"":0.0001}","{""detection_events"":71639,""detectors_checked"":173637632}"
    411648,         0,         0,    16.3,standalone_exact_mw,29ae76c7f86edcd2f56343e8109d8463cbc736644db4e57527101e2f1c3606c8,"{""distance"":5,""physical_error_rate"":0.0002}","{""detection_events"":77238,""detectors_checked"":92209152}"
     61440,         0,         0,    3.04,standalone_exact_mw,503ee55b5ad1b1988379a241a0405811522ee4d50b473755532ad1299cb121e2,"{""distance"":5,""physical_error_rate"":0.0005}","{""detection_events"":28140,""detectors_checked"":13762560}"
     59392,         0,         0,    1.51,standalone_exact_mw,cc9149276d16e61a5ac322a1d2048afebd34054fe0ed4879b77eb616628c1148,"{""distance"":5,""physical_error_rate"":0.0001}","{""detection_events"":5476,""detectors_checked"":13303808}"
    612352,         0,         0,    22.8,standalone_exact_mw,29ae76c7f86edcd2f56343e8109d8463cbc736644db4e57527101e2f1c3606c8,"{""distance"":5,""physical_error_rate"":0.0002}","{""detection_events"":114952,""detectors_checked"":137166848}"
     76800,         0,         0,    3.06,standalone_exact_mw,29ae76c7f86edcd2f56343e8109d8463cbc736644db4e57527101e2f1c3606c8,"{""distance"":5,""physical_error_rate"":0.0002}","{""detection_events"":14506,""detectors_checked"":17203200}"
    685056,         0,         0,    22.9,standalone_exact_mw,cc9149276d16e61a5ac322a1d2048afebd34054fe0ed4879b77eb616628c1148,"{""distance"":5,""physical_error_rate"":0.0001}","{""detection_events"":64604,""detectors_checked"":153452544}"
     82944,         0,         0,    5.97,standalone_exact_mw,77d802c74222c3324b7f1323f7447c6411ad27be92307b6127e53af575faadca,"{""distance"":5,""physical_error_rate"":0.001}","{""detection_events"":76392,""detectors_checked"":18579456}"
      9216,         7,         0,    3.07,standalone_exact_mw,1a2d9ab41a8a393fdef1a304cd6cd3b39e7654fe1ff27694ddcd7a0d28bf707b,"{""distance"":5,""physical_error_rate"":0.005}","{""detection_events"":41445,""detectors_checked"":2064384,""obs_mistake_mask=E"":7}"
     22528,         7,         0,    6.23,standalone_exact_mw,1a2d9ab41a8a393fdef1a304cd6cd3b39e7654fe1ff27694ddcd7a0d28bf707b,"{""distance"":5,""physical_error_rate"":0.005}","{""detection_events"":102218,""detectors_checked"":5046272,""obs_mistake_mask=E"":7}"
    858112,         0,         0,    22.8,standalone_exact_mw,aea10f45e3589e84a00777b800d38e8a3149bd6cb552c409f3bffd718c1a0abf,"{""distance"":5,""physical_error_rate"":5e-05}","{""detection_events"":39936,""detectors_checked"":192217088}"
    453632,         0,         0,    11.6,standalone_exact_mw,aea10f45e3589e84a00777b800d38e8a3149bd6cb552c409f3bffd718c1a0abf,"{""distance"":5,""physical_error_rate"":5e-05}","{""detection_events"":20867,""detectors_checked"":101613568}"
    343040,         0,         0,    11.6,standalone_exact_mw,cc9149276d16e61a5ac322a1d2048afebd34054fe0ed4879b77eb616628c1148,"{""distance"":5,""physical_error_rate"":0.0001}","{""detection_events"":32059,""detectors_checked"":76840960}"
    315392,         1,         0,    23.0,standalone_exact_mw,77d802c74222c3324b7f1323f7447c6411ad27be92307b6127e53af575faadca,"{""distance"":5,""physical_error_rate"":0.001}","{""detection_events"":293321,""detectors_checked"":70647808,""obs_mistake_mask=E"":1}"
    714752,         0,         0,    22.8,standalone_exact_mw,cc9149276d16e61a5ac322a1d2048afebd34054fe0ed4879b77eb616628c1148,"{""distance"":5,""physical_error_rate"":0.0001}","{""detection_events"":66469,""detectors_checked"":160104448}"
     91136,         0,         0,    3.00,standalone_exact_mw,aea10f45e3589e84a00777b800d38e8a3149bd6cb552c409f3bffd718c1a0abf,"{""distance"":5,""physical_error_rate"":5e-05}","{""detection_events"":4340,""detectors_checked"":20414464}"
    263168,         8,         0,    22.9,standalone_exact_mw,7bb6e20e48600212890a8c0dbf00c9e78f41358e09b12be0f89e4aae4bc5d684,"{""distance"":5,""physical_error_rate"":0.002}","{""detection_events"":485392,""detectors_checked"":58949632,""obs_mistake_mask=E"":8}"
    592896,         0,         0,    16.3,standalone_exact_mw,aea10f45e3589e84a00777b800d38e8a3149bd6cb552c409f3bffd718c1a0abf,"{""distance"":5,""physical_error_rate"":5e-05}","{""detection_events"":27654,""detectors_checked"":132808704}"
    369664,         0,         0,    22.9,standalone_exact_mw,77d802c74222c3324b7f1323f7447c6411ad27be92307b6127e53af575faadca,"{""distance"":5,""physical_error_rate"":0.001}","{""detection_events"":342084,""detectors_checked"":82804736}"
     81920,         0,         0,    2.22,standalone_exact_mw,cc9149276d16e61a5ac322a1d2048afebd34054fe0ed4879b77eb616628c1148,"{""distance"":5,""physical_error_rate"":0.0001}","{""detection_events"":7658,""detectors_checked"":18350080}"
    356352,         0,         0,    23.0,standalone_exact_mw,77d802c74222c3324b7f1323f7447c6411ad27be92307b6127e53af575faadca,"{""distance"":5,""physical_error_rate"":0.001}","{""detection_events"":328672,""detectors_checked"":79822848}"
    769024,         0,         0,    22.9,standalone_exact_mw,cc9149276d16e61a5ac322a1d2048afebd34054fe0ed4879b77eb616628c1148,"{""distance"":5,""physical_error_rate"":0.0001}","{""detection_events"":72468,""detectors_checked"":172261376}"
    234496,         3,         0,    22.9,standalone_exact_mw,7bb6e20e48600212890a8c0dbf00c9e78f41358e09b12be0f89e4aae4bc5d684,"{""distance"":5,""physical_error_rate"":0.002}","{""detection_events"":431976,""detectors_checked"":52527104,""obs_mistake_mask=E"":3}"
     53248,         1,         0,    4.32,standalone_exact_mw,7bb6e20e48600212890a8c0dbf00c9e78f41358e09b12be0f89e4aae4bc5d684,"{""distance"":5,""physical_error_rate"":0.002}","{""detection_events"":98126,""detectors_checked"":11927552,""obs_mistake_mask=E"":1}"
     80896,         0,         0,    4.28,standalone_exact_mw,77d802c74222c3324b7f1323f7447c6411ad27be92307b6127e53af575faadca,"{""distance"":5,""physical_error_rate"":0.001}","{""detection_events"":75027,""detectors_checked"":18120704}"
    417792,         0,         0,    22.9,standalone_exact_mw,503ee55b5ad1b1988379a241a0405811522ee4d50b473755532ad1299cb121e2,"{""distance"":5,""physical_error_rate"":0.0005}","{""detection_events"":194258,""detectors_checked"":93585408}"
    198656,         4,         0,    23.0,standalone_exact_mw,7bb6e20e48600212890a8c0dbf00c9e78f41358e09b12be0f89e4aae4bc5d684,"{""distance"":5,""physical_error_rate"":0.002}","{""detection_events"":365812,""detectors_checked"":44498944,""obs_mistake_mask=E"":4}"
    201728,         7,         0,    22.9,standalone_exact_mw,7bb6e20e48600212890a8c0dbf00c9e78f41358e09b12be0f89e4aae4bc5d684,"{""distance"":5,""physical_error_rate"":0.002}","{""detection_events"":373525,""detectors_checked"":45187072,""obs_mistake_mask=E"":7}"
    700416,         0,         0,    22.9,standalone_exact_mw,29ae76c7f86edcd2f56343e8109d8463cbc736644db4e57527101e2f1c3606c8,"{""distance"":5,""physical_error_rate"":0.0002}","{""detection_events"":131041,""detectors_checked"":156893184}"
    401408,         0,         0,    23.0,standalone_exact_mw,503ee55b5ad1b1988379a241a0405811522ee4d50b473755532ad1299cb121e2,"{""distance"":5,""physical_error_rate"":0.0005}","{""detection_events"":186665,""detectors_checked"":89915392}"
    840704,         0,         0,    22.9,standalone_exact_mw,aea10f45e3589e84a00777b800d38e8a3149bd6cb552c409f3bffd718c1a0abf,"{""distance"":5,""physical_error_rate"":5e-05}","{""detection_events"":38957,""detectors_checked"":188317696}"
    388096,         0,         0,    22.9,standalone_exact_mw,77d802c74222c3324b7f1323f7447c6411ad27be92307b6127e53af575faadca,"{""distance"":5,""physical_error_rate"":0.001}","{""detection_events"":361013,""detectors_checked"":86933504}"
     90112,         0,         0,    4.25,standalone_exact_mw,503ee55b5ad1b1988379a241a0405811522ee4d50b473755532ad1299cb121e2,"{""distance"":5,""physical_error_rate"":0.0005}","{""detection_events"":41824,""detectors_checked"":20185088}"
    848896,         0,         0,    22.8,standalone_exact_mw,aea10f45e3589e84a00777b800d38e8a3149bd6cb552c409f3bffd718c1a0abf,"{""distance"":5,""physical_error_rate"":5e-05}","{""detection_events"":39076,""detectors_checked"":190152704}"
     81920,        21,         0,    23.1,standalone_exact_mw,1a2d9ab41a8a393fdef1a304cd6cd3b39e7654fe1ff27694ddcd7a0d28bf707b,"{""distance"":5,""physical_error_rate"":0.005}","{""detection_events"":371817,""detectors_checked"":18350080,""obs_mistake_mask=E"":21}"
    442368,         0,         0,    22.8,standalone_exact_mw,503ee55b5ad1b1988379a241a0405811522ee4d50b473755532ad1299cb121e2,"{""distance"":5,""physical_error_rate"":0.0005}","{""detection_events"":205145,""detectors_checked"":99090432}"
    125952,         0,         0,    4.25,standalone_exact_mw,29ae76c7f86edcd2f56343e8109d8463cbc736644db4e57527101e2f1c3606c8,"{""distance"":5,""physical_error_rate"":0.0002}","{""detection_events"":23652,""detectors_checked"":28213248}"
     92160,         2,         0,    8.43,standalone_exact_mw,7bb6e20e48600212890a8c0dbf00c9e78f41358e09b12be0f89e4aae4bc5d684,"{""distance"":5,""physical_error_rate"":0.002}","{""detection_events"":170421,""detectors_checked"":20643840,""obs_mistake_mask=E"":2}"
    433152,         0,         0,    16.3,standalone_exact_mw,29ae76c7f86edcd2f56343e8109d8463cbc736644db4e57527101e2f1c3606c8,"{""distance"":5,""physical_error_rate"":0.0002}","{""detection_events"":80250,""detectors_checked"":97026048}"
    179200,         0,         0,    8.34,standalone_exact_mw,503ee55b5ad1b1988379a241a0405811522ee4d50b473755532ad1299cb121e2,"{""distance"":5,""physical_error_rate"":0.0005}","{""detection_events"":83719,""detectors_checked"":40140800}"
    114688,         0,         0,    3.05,standalone_exact_mw,cc9149276d16e61a5ac322a1d2048afebd34054fe0ed4879b77eb616628c1148,"{""distance"":5,""physical_error_rate"":0.0001}","{""detection_events"":10707,""detectors_checked"":25690112}"
     13312,         6,         0,    4.62,standalone_exact_mw,1a2d9ab41a8a393fdef1a304cd6cd3b39e7654fe1ff27694ddcd7a0d28bf707b,"{""distance"":5,""physical_error_rate"":0.005}","{""detection_events"":60095,""detectors_checked"":2981888,""obs_mistake_mask=E"":6}"
    136192,         0,         0,    4.26,standalone_exact_mw,aea10f45e3589e84a00777b800d38e8a3149bd6cb552c409f3bffd718c1a0abf,"{""distance"":5,""physical_error_rate"":5e-05}","{""detection_events"":6686,""detectors_checked"":30507008}"
    479232,         0,         0,    16.2,standalone_exact_mw,cc9149276d16e61a5ac322a1d2048afebd34054fe0ed4879b77eb616628c1148,"{""distance"":5,""physical_error_rate"":0.0001}","{""detection_events"":44558,""detectors_checked"":107347968}"
     67584,        31,         0,    22.9,standalone_exact_mw,1a2d9ab41a8a393fdef1a304cd6cd3b39e7654fe1ff27694ddcd7a0d28bf707b,"{""distance"":5,""physical_error_rate"":0.005}","{""detection_events"":306801,""detectors_checked"":15138816,""obs_mistake_mask=E"":31}"
     77824,         5,         0,    6.02,standalone_exact_mw,7bb6e20e48600212890a8c0dbf00c9e78f41358e09b12be0f89e4aae4bc5d684,"{""distance"":5,""physical_error_rate"":0.002}","{""detection_events"":142320,""detectors_checked"":17432576,""obs_mistake_mask=E"":5}"
    112640,         0,         0,    5.97,standalone_exact_mw,77d802c74222c3324b7f1323f7447c6411ad27be92307b6127e53af575faadca,"{""distance"":5,""physical_error_rate"":0.001}","{""detection_events"":103990,""detectors_checked"":25231360}"
     72704,         0,         0,    8.51,standalone_exact_mw,77d802c74222c3324b7f1323f7447c6411ad27be92307b6127e53af575faadca,"{""distance"":5,""physical_error_rate"":0.001}","{""detection_events"":67062,""detectors_checked"":16285696}"
     33792,        12,         0,    8.52,standalone_exact_mw,1a2d9ab41a8a393fdef1a304cd6cd3b39e7654fe1ff27694ddcd7a0d28bf707b,"{""distance"":5,""physical_error_rate"":0.005}","{""detection_events"":152653,""detectors_checked"":7569408,""obs_mistake_mask=E"":12}"
    114688,         0,         0,    4.18,standalone_exact_mw,cc9149276d16e61a5ac322a1d2048afebd34054fe0ed4879b77eb616628c1148,"{""distance"":5,""physical_error_rate"":0.0001}","{""detection_events"":10849,""detectors_checked"":25690112}"
    153600,         0,         0,    5.97,standalone_exact_mw,503ee55b5ad1b1988379a241a0405811522ee4d50b473755532ad1299cb121e2,"{""distance"":5,""physical_error_rate"":0.0005}","{""detection_events"":70892,""detectors_checked"":34406400}"
    129024,         0,         0,    5.99,standalone_exact_mw,29ae76c7f86edcd2f56343e8109d8463cbc736644db4e57527101e2f1c3606c8,"{""distance"":5,""physical_error_rate"":0.0002}","{""detection_events"":23608,""detectors_checked"":28901376}"
    319488,         0,         0,    16.4,standalone_exact_mw,503ee55b5ad1b1988379a241a0405811522ee4d50b473755532ad1299cb121e2,"{""distance"":5,""physical_error_rate"":0.0005}","{""detection_events"":147013,""detectors_checked"":71565312}"
     20480,         8,         0,    6.07,standalone_exact_mw,1a2d9ab41a8a393fdef1a304cd6cd3b39e7654fe1ff27694ddcd7a0d28bf707b,"{""distance"":5,""physical_error_rate"":0.005}","{""detection_events"":92461,""detectors_checked"":4587520,""obs_mistake_mask=E"":8}"
       273,         0,         0,   0.025,standalone_exact_mw,7bb6e20e48600212890a8c0dbf00c9e78f41358e09b12be0f89e4aae4bc5d684,"{""distance"":5,""physical_error_rate"":0.002}","{""detection_events"":464,""detectors_checked"":61152}"
      1024,         0,         0,   0.111,standalone_exact_mw,7bb6e20e48600212890a8c0dbf00c9e78f41358e09b12be0f89e4aae4bc5d684,"{""distance"":5,""physical_error_rate"":0.002}","{""detection_events"":1979,""detectors_checked"":229376}"
    227328,         0,         0,    5.96,standalone_exact_mw,aea10f45e3589e84a00777b800d38e8a3149bd6cb552c409f3bffd718c1a0abf,"{""distance"":5,""physical_error_rate"":5e-05}","{""detection_events"":10914,""detectors_checked"":50921472}"
      1024,         0,         0,   0.088,standalone_exact_mw,7bb6e20e48600212890a8c0dbf00c9e78f41358e09b12be0f89e4aae4bc5d684,"{""distance"":5,""physical_error_rate"":0.002}","{""detection_events"":1796,""detectors_checked"":229376}"
      1024,         0,         0,   0.163,standalone_exact_mw,7bb6e20e48600212890a8c0dbf00c9e78f41358e09b12be0f89e4aae4bc5d684,"{""distance"":5,""physical_error_rate"":0.002}","{""detection_events"":1967,""detectors_checked"":229376}"
     64512,        25,         0,    23.1,standalone_exact_mw,1a2d9ab41a8a393fdef1a304cd6cd3b39e7654fe1ff27694ddcd7a0d28bf707b,"{""distance"":5,""physical_error_rate"":0.005}","{""detection_events"":292728,""detectors_checked"":14450688,""obs_mistake_mask=E"":25}"
      1024,         0,         0,   0.141,standalone_exact_mw,7bb6e20e48600212890a8c0dbf00c9e78f41358e09b12be0f89e4aae4bc5d684,"{""distance"":5,""physical_error_rate"":0.002}","{""detection_events"":1968,""detectors_checked"":229376}"
      1024,         0,         0,   0.088,standalone_exact_mw,7bb6e20e48600212890a8c0dbf00c9e78f41358e09b12be0f89e4aae4bc5d684,"{""distance"":5,""physical_error_rate"":0.002}","{""detection_events"":1912,""detectors_checked"":229376}"
      1024,         0,         0,   0.130,standalone_exact_mw,7bb6e20e48600212890a8c0dbf00c9e78f41358e09b12be0f89e4aae4bc5d684,"{""distance"":5,""physical_error_rate"":0.002}","{""detection_events"":1902,""detectors_checked"":229376}"
      1024,         1,         0,   0.140,standalone_exact_mw,7bb6e20e48600212890a8c0dbf00c9e78f41358e09b12be0f89e4aae4bc5d684,"{""distance"":5,""physical_error_rate"":0.002}","{""detection_events"":2096,""detectors_checked"":229376,""obs_mistake_mask=E"":1}"
     50176,        25,         0,    16.5,standalone_exact_mw,1a2d9ab41a8a393fdef1a304cd6cd3b39e7654fe1ff27694ddcd7a0d28bf707b,"{""distance"":5,""physical_error_rate"":0.005}","{""detection_events"":227391,""detectors_checked"":11239424,""obs_mistake_mask=E"":25}"
      2048,         0,         0,   0.206,standalone_exact_mw,7bb6e20e48600212890a8c0dbf00c9e78f41358e09b12be0f89e4aae4bc5d684,"{""distance"":5,""physical_error_rate"":0.002}","{""detection_events"":3872,""detectors_checked"":458752}"
      2048,         0,         0,   0.278,standalone_exact_mw,7bb6e20e48600212890a8c0dbf00c9e78f41358e09b12be0f89e4aae4bc5d684,"{""distance"":5,""physical_error_rate"":0.002}","{""detection_events"":3625,""detectors_checked"":458752}"
      3072,         0,         0,   0.311,standalone_exact_mw,7bb6e20e48600212890a8c0dbf00c9e78f41358e09b12be0f89e4aae4bc5d684,"{""distance"":5,""physical_error_rate"":0.002}","{""detection_events"":5713,""detectors_checked"":688128}"
   1013760,         2,         0,    32.1,standalone_exact_mw,77d802c74222c3324b7f1323f7447c6411ad27be92307b6127e53af575faadca,"{""distance"":5,""physical_error_rate"":0.001}","{""detection_events"":939020,""detectors_checked"":227082240,""obs_mistake_mask=E"":2}"
       273,         0,         0,   0.027,standalone_exact_mw,77d802c74222c3324b7f1323f7447c6411ad27be92307b6127e53af575faadca,"{""distance"":5,""physical_error_rate"":0.001}","{""detection_events"":248,""detectors_checked"":61152}"
      1024,         0,         0,   0.080,standalone_exact_mw,77d802c74222c3324b7f1323f7447c6411ad27be92307b6127e53af575faadca,"{""distance"":5,""physical_error_rate"":0.001}","{""detection_events"":904,""detectors_checked"":229376}"
       273,         0,         0,   0.033,standalone_exact_mw,1a2d9ab41a8a393fdef1a304cd6cd3b39e7654fe1ff27694ddcd7a0d28bf707b,"{""distance"":5,""physical_error_rate"":0.005}","{""detection_events"":1186,""detectors_checked"":61152}"
      1024,         0,         0,   0.059,standalone_exact_mw,77d802c74222c3324b7f1323f7447c6411ad27be92307b6127e53af575faadca,"{""distance"":5,""physical_error_rate"":0.001}","{""detection_events"":931,""detectors_checked"":229376}"
    999424,         0,         0,    31.9,standalone_exact_mw,29ae76c7f86edcd2f56343e8109d8463cbc736644db4e57527101e2f1c3606c8,"{""distance"":5,""physical_error_rate"":0.0002}","{""detection_events"":185909,""detectors_checked"":223870976}"
    242688,         1,         0,    16.4,standalone_exact_mw,77d802c74222c3324b7f1323f7447c6411ad27be92307b6127e53af575faadca,"{""distance"":5,""physical_error_rate"":0.001}","{""detection_events"":225226,""detectors_checked"":54362112,""obs_mistake_mask=E"":1}"
      1024,         0,         0,   0.054,standalone_exact_mw,77d802c74222c3324b7f1323f7447c6411ad27be92307b6127e53af575faadca,"{""distance"":5,""physical_error_rate"":0.001}","{""detection_events"":933,""detectors_checked"":229376}"
      4096,         0,         0,   0.499,standalone_exact_mw,7bb6e20e48600212890a8c0dbf00c9e78f41358e09b12be0f89e4aae4bc5d684,"{""distance"":5,""physical_error_rate"":0.002}","{""detection_events"":7250,""detectors_checked"":917504}"
      1024,         0,         0,   0.054,standalone_exact_mw,77d802c74222c3324b7f1323f7447c6411ad27be92307b6127e53af575faadca,"{""distance"":5,""physical_error_rate"":0.001}","{""detection_events"":905,""detectors_checked"":229376}"
      1024,         0,         0,   0.143,standalone_exact_mw,1a2d9ab41a8a393fdef1a304cd6cd3b39e7654fe1ff27694ddcd7a0d28bf707b,"{""distance"":5,""physical_error_rate"":0.005}","{""detection_events"":4840,""detectors_checked"":229376}"
      1024,         0,         0,   0.055,standalone_exact_mw,77d802c74222c3324b7f1323f7447c6411ad27be92307b6127e53af575faadca,"{""distance"":5,""physical_error_rate"":0.001}","{""detection_events"":841,""detectors_checked"":229376}"
      2048,         0,         0,   0.127,standalone_exact_mw,77d802c74222c3324b7f1323f7447c6411ad27be92307b6127e53af575faadca,"{""distance"":5,""physical_error_rate"":0.001}","{""detection_events"":1948,""detectors_checked"":458752}"
      1024,         0,         0,   0.173,standalone_exact_mw,1a2d9ab41a8a393fdef1a304cd6cd3b39e7654fe1ff27694ddcd7a0d28bf707b,"{""distance"":5,""physical_error_rate"":0.005}","{""detection_events"":4735,""detectors_checked"":229376}"
    134144,         2,         0,    16.4,standalone_exact_mw,7bb6e20e48600212890a8c0dbf00c9e78f41358e09b12be0f89e4aae4bc5d684,"{""distance"":5,""physical_error_rate"":0.002}","{""detection_events"":246886,""detectors_checked"":30048256,""obs_mistake_mask=E"":2}"
      3072,         0,         0,   0.148,standalone_exact_mw,77d802c74222c3324b7f1323f7447c6411ad27be92307b6127e53af575faadca,"{""distance"":5,""physical_error_rate"":0.001}","{""detection_events"":2889,""detectors_checked"":688128}"
      1024,         0,         0,   0.156,standalone_exact_mw,1a2d9ab41a8a393fdef1a304cd6cd3b39e7654fe1ff27694ddcd7a0d28bf707b,"{""distance"":5,""physical_error_rate"":0.005}","{""detection_events"":4726,""detectors_checked"":229376}"
      3072,         0,         0,   0.161,standalone_exact_mw,77d802c74222c3324b7f1323f7447c6411ad27be92307b6127e53af575faadca,"{""distance"":5,""physical_error_rate"":0.001}","{""detection_events"":2990,""detectors_checked"":688128}"
      1024,         0,         0,   0.176,standalone_exact_mw,1a2d9ab41a8a393fdef1a304cd6cd3b39e7654fe1ff27694ddcd7a0d28bf707b,"{""distance"":5,""physical_error_rate"":0.005}","{""detection_events"":4711,""detectors_checked"":229376}"
      6144,         0,         0,   0.646,standalone_exact_mw,7bb6e20e48600212890a8c0dbf00c9e78f41358e09b12be0f89e4aae4bc5d684,"{""distance"":5,""physical_error_rate"":0.002}","{""detection_events"":11277,""detectors_checked"":1376256}"
       273,         0,         0,   0.032,standalone_exact_mw,aea10f45e3589e84a00777b800d38e8a3149bd6cb552c409f3bffd718c1a0abf,"{""distance"":5,""physical_error_rate"":5e-05}","{""detection_events"":15,""detectors_checked"":61152}"
      1024,         0,         0,   0.152,standalone_exact_mw,1a2d9ab41a8a393fdef1a304cd6cd3b39e7654fe1ff27694ddcd7a0d28bf707b,"{""distance"":5,""physical_error_rate"":0.005}","{""detection_events"":4628,""detectors_checked"":229376}"
      1024,         0,         0,   0.030,standalone_exact_mw,aea10f45e3589e84a00777b800d38e8a3149bd6cb552c409f3bffd718c1a0abf,"{""distance"":5,""physical_error_rate"":5e-05}","{""detection_events"":45,""detectors_checked"":229376}"
      4096,         0,         0,   0.229,standalone_exact_mw,77d802c74222c3324b7f1323f7447c6411ad27be92307b6127e53af575faadca,"{""distance"":5,""physical_error_rate"":0.001}","{""detection_events"":3826,""detectors_checked"":917504}"
      1024,         0,         0,   0.030,standalone_exact_mw,aea10f45e3589e84a00777b800d38e8a3149bd6cb552c409f3bffd718c1a0abf,"{""distance"":5,""physical_error_rate"":5e-05}","{""detection_events"":31,""detectors_checked"":229376}"
      1024,         0,         0,   0.029,standalone_exact_mw,aea10f45e3589e84a00777b800d38e8a3149bd6cb552c409f3bffd718c1a0abf,"{""distance"":5,""physical_error_rate"":5e-05}","{""detection_events"":34,""detectors_checked"":229376}"
      1024,         0,         0,   0.050,standalone_exact_mw,aea10f45e3589e84a00777b800d38e8a3149bd6cb552c409f3bffd718c1a0abf,"{""distance"":5,""physical_error_rate"":5e-05}","{""detection_events"":41,""detectors_checked"":229376}"
      1024,         2,         0,   0.178,standalone_exact_mw,1a2d9ab41a8a393fdef1a304cd6cd3b39e7654fe1ff27694ddcd7a0d28bf707b,"{""distance"":5,""physical_error_rate"":0.005}","{""detection_events"":4630,""detectors_checked"":229376,""obs_mistake_mask=E"":2}"
      2048,         0,         0,   0.059,standalone_exact_mw,aea10f45e3589e84a00777b800d38e8a3149bd6cb552c409f3bffd718c1a0abf,"{""distance"":5,""physical_error_rate"":5e-05}","{""detection_events"":92,""detectors_checked"":458752}"
      3072,         0,         0,   0.116,standalone_exact_mw,aea10f45e3589e84a00777b800d38e8a3149bd6cb552c409f3bffd718c1a0abf,"{""distance"":5,""physical_error_rate"":5e-05}","{""detection_events"":166,""detectors_checked"":688128}"
      6144,         0,         0,   0.306,standalone_exact_mw,77d802c74222c3324b7f1323f7447c6411ad27be92307b6127e53af575faadca,"{""distance"":5,""physical_error_rate"":0.001}","{""detection_events"":5669,""detectors_checked"":1376256}"
      1024,         1,         0,   0.190,standalone_exact_mw,1a2d9ab41a8a393fdef1a304cd6cd3b39e7654fe1ff27694ddcd7a0d28bf707b,"{""distance"":5,""physical_error_rate"":0.005}","{""detection_events"":4543,""detectors_checked"":229376,""obs_mistake_mask=E"":1}"
      4096,         0,         0,   0.139,standalone_exact_mw,aea10f45e3589e84a00777b800d38e8a3149bd6cb552c409f3bffd718c1a0abf,"{""distance"":5,""physical_error_rate"":5e-05}","{""detection_events"":204,""detectors_checked"":917504}"
      1024,         1,         0,   0.144,standalone_exact_mw,1a2d9ab41a8a393fdef1a304cd6cd3b39e7654fe1ff27694ddcd7a0d28bf707b,"{""distance"":5,""physical_error_rate"":0.005}","{""detection_events"":4638,""detectors_checked"":229376,""obs_mistake_mask=E"":1}"
      4096,         0,         0,   0.200,standalone_exact_mw,aea10f45e3589e84a00777b800d38e8a3149bd6cb552c409f3bffd718c1a0abf,"{""distance"":5,""physical_error_rate"":5e-05}","{""detection_events"":192,""detectors_checked"":917504}"
      7168,         0,         0,   0.812,standalone_exact_mw,7bb6e20e48600212890a8c0dbf00c9e78f41358e09b12be0f89e4aae4bc5d684,"{""distance"":5,""physical_error_rate"":0.002}","{""detection_events"":13175,""detectors_checked"":1605632}"
      4096,         0,         0,   0.426,standalone_exact_mw,77d802c74222c3324b7f1323f7447c6411ad27be92307b6127e53af575faadca,"{""distance"":5,""physical_error_rate"":0.001}","{""detection_events"":4008,""detectors_checked"":917504}"
    212992,         0,         0,    5.99,standalone_exact_mw,cc9149276d16e61a5ac322a1d2048afebd34054fe0ed4879b77eb616628c1148,"{""distance"":5,""physical_error_rate"":0.0001}","{""detection_events"":20293,""detectors_checked"":47710208}"
      2048,         0,         0,   0.270,standalone_exact_mw,1a2d9ab41a8a393fdef1a304cd6cd3b39e7654fe1ff27694ddcd7a0d28bf707b,"{""distance"":5,""physical_error_rate"":0.005}","{""detection_events"":9058,""detectors_checked"":458752}"
      6144,         0,         0,   0.227,standalone_exact_mw,aea10f45e3589e84a00777b800d38e8a3149bd6cb552c409f3bffd718c1a0abf,"{""distance"":5,""physical_error_rate"":5e-05}","{""detection_events"":282,""detectors_checked"":1376256}"
      9216,         0,         0,   0.319,standalone_exact_mw,aea10f45e3589e84a00777b800d38e8a3149bd6cb552c409f3bffd718c1a0abf,"{""distance"":5,""physical_error_rate"":5e-05}","{""detection_events"":414,""detectors_checked"":2064384}"
      2048,         1,         0,   0.366,standalone_exact_mw,1a2d9ab41a8a393fdef1a304cd6cd3b39e7654fe1ff27694ddcd7a0d28bf707b,"{""distance"":5,""physical_error_rate"":0.005}","{""detection_events"":9485,""detectors_checked"":458752,""obs_mistake_mask=E"":1}"
     11264,         0,         0,   0.585,standalone_exact_mw,77d802c74222c3324b7f1323f7447c6411ad27be92307b6127e53af575faadca,"{""distance"":5,""physical_error_rate"":0.001}","{""detection_events"":10553,""detectors_checked"":2523136}"
       273,         0,         0,   0.026,standalone_exact_mw,29ae76c7f86edcd2f56343e8109d8463cbc736644db4e57527101e2f1c3606c8,"{""distance"":5,""physical_error_rate"":0.0002}","{""detection_events"":61,""detectors_checked"":61152}"
      1024,         0,         0,   0.039,standalone_exact_mw,29ae76c7f86edcd2f56343e8109d8463cbc736644db4e57527101e2f1c3606c8,"{""distance"":5,""physical_error_rate"":0.0002}","{""detection_events"":226,""detectors_checked"":229376}"
    830464,         0,         0,    32.0,standalone_exact_mw,503ee55b5ad1b1988379a241a0405811522ee4d50b473755532ad1299cb121e2,"{""distance"":5,""physical_error_rate"":0.0005}","{""detection_events"":387523,""detectors_checked"":186023936}"
      1024,         0,         0,   0.031,standalone_exact_mw,29ae76c7f86edcd2f56343e8109d8463cbc736644db4e57527101e2f1c3606c8,"{""distance"":5,""physical_error_rate"":0.0002}","{""detection_events"":208,""detectors_checked"":229376}"
      1024,         0,         0,   0.052,standalone_exact_mw,29ae76c7f86edcd2f56343e8109d8463cbc736644db4e57527101e2f1c3606c8,"{""distance"":5,""physical_error_rate"":0.0002}","{""detection_events"":199,""detectors_checked"":229376}"
       273,         0,         0,   0.025,standalone_exact_mw,cc9149276d16e61a5ac322a1d2048afebd34054fe0ed4879b77eb616628c1148,"{""distance"":5,""physical_error_rate"":0.0001}","{""detection_events"":41,""detectors_checked"":61152}"
      2048,         0,         0,   0.084,standalone_exact_mw,29ae76c7f86edcd2f56343e8109d8463cbc736644db4e57527101e2f1c3606c8,"{""distance"":5,""physical_error_rate"":0.0002}","{""detection_events"":387,""detectors_checked"":458752}"
      1024,         0,         0,   0.030,standalone_exact_mw,cc9149276d16e61a5ac322a1d2048afebd34054fe0ed4879b77eb616628c1148,"{""distance"":5,""physical_error_rate"":0.0001}","{""detection_events"":92,""detectors_checked"":229376}"
     13312,         0,         0,   0.447,standalone_exact_mw,aea10f45e3589e84a00777b800d38e8a3149bd6cb552c409f3bffd718c1a0abf,"{""distance"":5,""physical_error_rate"":5e-05}","{""detection_events"":587,""detectors_checked"":2981888}"
      1024,         0,         0,   0.030,standalone_exact_mw,cc9149276d16e61a5ac322a1d2048afebd34054fe0ed4879b77eb616628c1148,"{""distance"":5,""physical_error_rate"":0.0001}","{""detection_events"":107,""detectors_checked"":229376}"
      2048,         0,         0,   0.082,standalone_exact_mw,29ae76c7f86edcd2f56343e8109d8463cbc736644db4e57527101e2f1c3606c8,"{""distance"":5,""physical_error_rate"":0.0002}","{""detection_events"":335,""detectors_checked"":458752}"
      1024,         0,         0,   0.030,standalone_exact_mw,cc9149276d16e61a5ac322a1d2048afebd34054fe0ed4879b77eb616628c1148,"{""distance"":5,""physical_error_rate"":0.0001}","{""detection_events"":99,""detectors_checked"":229376}"
      1024,         0,         0,   0.051,standalone_exact_mw,cc9149276d16e61a5ac322a1d2048afebd34054fe0ed4879b77eb616628c1148,"{""distance"":5,""physical_error_rate"":0.0001}","{""detection_events"":83,""detectors_checked"":229376}"
      2048,         0,         0,   0.084,standalone_exact_mw,29ae76c7f86edcd2f56343e8109d8463cbc736644db4e57527101e2f1c3606c8,"{""distance"":5,""physical_error_rate"":0.0002}","{""detection_events"":440,""detectors_checked"":458752}"
      3072,         1,         0,   0.583,standalone_exact_mw,1a2d9ab41a8a393fdef1a304cd6cd3b39e7654fe1ff27694ddcd7a0d28bf707b,"{""distance"":5,""physical_error_rate"":0.005}","{""detection_events"":14283,""detectors_checked"":688128,""obs_mistake_mask=E"":1}"
      2048,         0,         0,   0.060,standalone_exact_mw,cc9149276d16e61a5ac322a1d2048afebd34054fe0ed4879b77eb616628c1148,"{""distance"":5,""physical_error_rate"":0.0001}","{""detection_events"":160,""detectors_checked"":458752}"
      2048,         0,         0,   0.078,standalone_exact_mw,cc9149276d16e61a5ac322a1d2048afebd34054fe0ed4879b77eb616628c1148,"{""distance"":5,""physical_error_rate"":0.0001}","{""detection_events"":180,""detectors_checked"":458752}"
      3072,         0,         0,   0.115,standalone_exact_mw,29ae76c7f86edcd2f56343e8109d8463cbc736644db4e57527101e2f1c3606c8,"{""distance"":5,""physical_error_rate"":0.0002}","{""detection_events"":587,""detectors_checked"":688128}"
     13312,         1,         0,    1.22,standalone_exact_mw,7bb6e20e48600212890a8c0dbf00c9e78f41358e09b12be0f89e4aae4bc5d684,"{""distance"":5,""physical_error_rate"":0.002}","{""detection_events"":24968,""detectors_checked"":2981888,""obs_mistake_mask=E"":1}"
      3072,         0,         0,   0.112,standalone_exact_mw,cc9149276d16e61a5ac322a1d2048afebd34054fe0ed4879b77eb616628c1148,"{""distance"":5,""physical_error_rate"":0.0001}","{""detection_events"":285,""detectors_checked"":688128}"
    848896,         0,         0,    31.9,standalone_exact_mw,cc9149276d16e61a5ac322a1d2048afebd34054fe0ed4879b77eb616628c1148,"{""distance"":5,""physical_error_rate"":0.0001}","{""detection_events"":78982,""detectors_checked"":190152704}"
      4096,         0,         0,   0.173,standalone_exact_mw,29ae76c7f86edcd2f56343e8109d8463cbc736644db4e57527101e2f1c3606c8,"{""distance"":5,""physical_error_rate"":0.0002}","{""detection_events"":780,""detectors_checked"":917504}"
    130048,         4,         0,    11.8,standalone_exact_mw,7bb6e20e48600212890a8c0dbf00c9e78f41358e09b12be0f89e4aae4bc5d684,"{""distance"":5,""physical_error_rate"":0.002}","{""detection_events"":239909,""detectors_checked"":29130752,""obs_mistake_mask=E"":4}"
      5120,         0,         0,   0.171,standalone_exact_mw,cc9149276d16e61a5ac322a1d2048afebd34054fe0ed4879b77eb616628c1148,"{""distance"":5,""physical_error_rate"":0.0001}","{""detection_events"":421,""detectors_checked"":1146880}"
     14336,         0,         0,   0.821,standalone_exact_mw,77d802c74222c3324b7f1323f7447c6411ad27be92307b6127e53af575faadca,"{""distance"":5,""physical_error_rate"":0.001}","{""detection_events"":13259,""detectors_checked"":3211264}"
     17408,         0,         0,   0.571,standalone_exact_mw,aea10f45e3589e84a00777b800d38e8a3149bd6cb552c409f3bffd718c1a0abf,"{""distance"":5,""physical_error_rate"":5e-05}","{""detection_events"":780,""detectors_checked"":3899392}"
    267264,         0,         0,    11.7,standalone_exact_mw,503ee55b5ad1b1988379a241a0405811522ee4d50b473755532ad1299cb121e2,"{""distance"":5,""physical_error_rate"":0.0005}","{""detection_events"":123542,""detectors_checked"":59867136}"
     11264,         0,         0,   0.201,standalone_exact_mw,29ae76c7f86edcd2f56343e8109d8463cbc736644db4e57527101e2f1c3606c8,"{""distance"":5,""physical_error_rate"":0.0002}","{""detection_events"":1970,""detectors_checked"":2523136}"
      6144,         0,         0,   0.221,standalone_exact_mw,cc9149276d16e61a5ac322a1d2048afebd34054fe0ed4879b77eb616628c1148,"{""distance"":5,""physical_error_rate"":0.0001}","{""detection_events"":554,""detectors_checked"":1376256}"
      4096,         2,         0,   0.677,standalone_exact_mw,1a2d9ab41a8a393fdef1a304cd6cd3b39e7654fe1ff27694ddcd7a0d28bf707b,"{""distance"":5,""physical_error_rate"":0.005}","{""detection_events"":18923,""detectors_checked"":917504,""obs_mistake_mask=E"":2}"
     84992,         6,         0,    8.37,standalone_exact_mw,7bb6e20e48600212890a8c0dbf00c9e78f41358e09b12be0f89e4aae4bc5d684,"{""distance"":5,""physical_error_rate"":0.002}","{""detection_events"":156460,""detectors_checked"":19038208,""obs_mistake_mask=E"":6}"
      8192,         0,         0,   0.298,standalone_exact_mw,29ae76c7f86edcd2f56343e8109d8463cbc736644db4e57527101e2f1c3606c8,"{""distance"":5,""physical_error_rate"":0.0002}","{""detection_events"":1421,""detectors_checked"":1835008}"
    157696,         1,         0,    8.37,standalone_exact_mw,77d802c74222c3324b7f1323f7447c6411ad27be92307b6127e53af575faadca,"{""distance"":5,""physical_error_rate"":0.001}","{""detection_events"":147331,""detectors_checked"":35323904,""obs_mistake_mask=E"":1}"
      8192,         0,         0,   0.285,standalone_exact_mw,cc9149276d16e61a5ac322a1d2048afebd34054fe0ed4879b77eb616628c1148,"{""distance"":5,""physical_error_rate"":0.0001}","{""detection_events"":781,""detectors_checked"":1835008}"
    661504,         0,         0,    16.3,standalone_exact_mw,aea10f45e3589e84a00777b800d38e8a3149bd6cb552c409f3bffd718c1a0abf,"{""distance"":5,""physical_error_rate"":5e-05}","{""detection_events"":30367,""detectors_checked"":148176896}"
     10240,         0,         0,   0.422,standalone_exact_mw,29ae76c7f86edcd2f56343e8109d8463cbc736644db4e57527101e2f1c3606c8,"{""distance"":5,""physical_error_rate"":0.0002}","{""detection_events"":1941,""detectors_checked"":2293760}"
     22528,         0,         0,   0.793,standalone_exact_mw,aea10f45e3589e84a00777b800d38e8a3149bd6cb552c409f3bffd718c1a0abf,"{""distance"":5,""physical_error_rate"":5e-05}","{""detection_events"":1006,""detectors_checked"":5046272}"
        17,         0,         0,   0.023,standalone_exact_mw,1a2d9ab41a8a393fdef1a304cd6cd3b39e7654fe1ff27694ddcd7a0d28bf707b,"{""distance"":5,""physical_error_rate"":0.005}","{""detection_events"":90,""detectors_checked"":3808}"
    560128,         0,         0,    16.2,standalone_exact_mw,cc9149276d16e61a5ac322a1d2048afebd34054fe0ed4879b77eb616628c1148,"{""distance"":5,""physical_error_rate"":0.0001}","{""detection_events"":52127,""detectors_checked"":125468672}"
     11264,         0,         0,   0.413,standalone_exact_mw,cc9149276d16e61a5ac322a1d2048afebd34054fe0ed4879b77eb616628c1148,"{""distance"":5,""physical_error_rate"":0.0001}","{""detection_events"":996,""detectors_checked"":2523136}"
       256,         0,         0,   0.095,standalone_exact_mw,1a2d9ab41a8a393fdef1a304cd6cd3b39e7654fe1ff27694ddcd7a0d28bf707b,"{""distance"":5,""physical_error_rate"":0.005}","{""detection_events"":1216,""detectors_checked"":57344}"
      5120,         0,         0,   0.871,standalone_exact_mw,1a2d9ab41a8a393fdef1a304cd6cd3b39e7654fe1ff27694ddcd7a0d28bf707b,"{""distance"":5,""physical_error_rate"":0.005}","{""detection_events"":23240,""detectors_checked"":1146880}"
     16384,         0,         0,    1.13,standalone_exact_mw,77d802c74222c3324b7f1323f7447c6411ad27be92307b6127e53af575faadca,"{""distance"":5,""physical_error_rate"":0.001}","{""detection_events"":15175,""detectors_checked"":3670016}"
      1024,         0,         0,   0.345,standalone_exact_mw,1a2d9ab41a8a393fdef1a304cd6cd3b39e7654fe1ff27694ddcd7a0d28bf707b,"{""distance"":5,""physical_error_rate"":0.005}","{""detection_events"":4661,""detectors_checked"":229376}"
     15360,         1,         0,    1.56,standalone_exact_mw,7bb6e20e48600212890a8c0dbf00c9e78f41358e09b12be0f89e4aae4bc5d684,"{""distance"":5,""physical_error_rate"":0.002}","{""detection_events"":28203,""detectors_checked"":3440640,""obs_mistake_mask=E"":1}"
     14336,         0,         0,   0.584,standalone_exact_mw,29ae76c7f86edcd2f56343e8109d8463cbc736644db4e57527101e2f1c3606c8,"{""distance"":5,""physical_error_rate"":0.0002}","{""detection_events"":2879,""detectors_checked"":3211264}"
     16384,         0,         0,   0.579,standalone_exact_mw,cc9149276d16e61a5ac322a1d2048afebd34054fe0ed4879b77eb616628c1148,"{""distance"":5,""physical_error_rate"":0.0001}","{""detection_events"":1587,""detectors_checked"":3670016}"
    180224,         0,         0,    8.35,standalone_exact_mw,503ee55b5ad1b1988379a241a0405811522ee4d50b473755532ad1299cb121e2,"{""distance"":5,""physical_error_rate"":0.0005}","{""detection_events"":83118,""detectors_checked"":40370176}"
      1024,         1,         0,   0.337,standalone_exact_mw,1a2d9ab41a8a393fdef1a304cd6cd3b39e7654fe1ff27694ddcd7a0d28bf707b,"{""distance"":5,""physical_error_rate"":0.005}","{""detection_events"":4699,""detectors_checked"":229376,""obs_mistake_mask=E"":1}"
     32768,         0,         0,    1.14,standalone_exact_mw,aea10f45e3589e84a00777b800d38e8a3149bd6cb552c409f3bffd718c1a0abf,"{""distance"":5,""physical_error_rate"":5e-05}","{""detection_events"":1506,""detectors_checked"":7340032}"
      1024,         0,         0,   0.364,standalone_exact_mw,1a2d9ab41a8a393fdef1a304cd6cd3b39e7654fe1ff27694ddcd7a0d28bf707b,"{""distance"":5,""physical_error_rate"":0.005}","{""detection_events"":4717,""detectors_checked"":229376}"
    165888,         0,         0,    8.36,standalone_exact_mw,29ae76c7f86edcd2f56343e8109d8463cbc736644db4e57527101e2f1c3606c8,"{""distance"":5,""physical_error_rate"":0.0002}","{""detection_events"":30831,""detectors_checked"":37158912}"
     20480,         0,         0,   0.809,standalone_exact_mw,29ae76c7f86edcd2f56343e8109d8463cbc736644db4e57527101e2f1c3606c8,"{""distance"":5,""physical_error_rate"":0.0002}","{""detection_events"":3615,""detectors_checked"":4587520}"
     23552,         0,         0,   0.836,standalone_exact_mw,cc9149276d16e61a5ac322a1d2048afebd34054fe0ed4879b77eb616628c1148,"{""distance"":5,""physical_error_rate"":0.0001}","{""detection_events"":2170,""detectors_checked"":5275648}"
      1024,         0,         0,   0.304,standalone_exact_mw,1a2d9ab41a8a393fdef1a304cd6cd3b39e7654fe1ff27694ddcd7a0d28bf707b,"{""distance"":5,""physical_error_rate"":0.005}","{""detection_events"":4738,""detectors_checked"":229376}"
      5120,         2,         0,    1.27,standalone_exact_mw,1a2d9ab41a8a393fdef1a304cd6cd3b39e7654fe1ff27694ddcd7a0d28bf707b,"{""distance"":5,""physical_error_rate"":0.005}","{""detection_events"":23503,""detectors_checked"":1146880,""obs_mistake_mask=E"":2}"
      1024,         0,         0,   0.368,standalone_exact_mw,1a2d9ab41a8a393fdef1a304cd6cd3b39e7654fe1ff27694ddcd7a0d28bf707b,"{""distance"":5,""physical_error_rate"":0.005}","{""detection_events"":4650,""detectors_checked"":229376}"
     29696,         0,         0,    1.56,standalone_exact_mw,77d802c74222c3324b7f1323f7447c6411ad27be92307b6127e53af575faadca,"{""distance"":5,""physical_error_rate"":0.001}","{""detection_events"":27459,""detectors_checked"":6651904}"
    814080,         0,         0,    31.9,standalone_exact_mw,29ae76c7f86edcd2f56343e8109d8463cbc736644db4e57527101e2f1c3606c8,"{""distance"":5,""physical_error_rate"":0.0002}","{""detection_events"":152229,""detectors_checked"":182353920}"
         1,         0,         0,   0.016,standalone_exact_mw,503ee55b5ad1b1988379a241a0405811522ee4d50b473755532ad1299cb121e2,"{""distance"":5,""physical_error_rate"":0.0005}","{""detectors_checked"":224}"
      1296,         0,         0,   0.077,standalone_exact_mw,503ee55b5ad1b1988379a241a0405811522ee4d50b473755532ad1299cb121e2,"{""distance"":5,""physical_error_rate"":0.0005}","{""detection_events"":565,""detectors_checked"":290304}"
      1024,         1,         0,   0.308,standalone_exact_mw,1a2d9ab41a8a393fdef1a304cd6cd3b39e7654fe1ff27694ddcd7a0d28bf707b,"{""distance"":5,""physical_error_rate"":0.005}","{""detection_events"":4399,""detectors_checked"":229376,""obs_mistake_mask=E"":1}"
      1024,         0,         0,   0.074,standalone_exact_mw,503ee55b5ad1b1988379a241a0405811522ee4d50b473755532ad1299cb121e2,"{""distance"":5,""physical_error_rate"":0.0005}","{""detection_events"":535,""detectors_checked"":229376}"
      1024,         0,         0,   0.053,standalone_exact_mw,503ee55b5ad1b1988379a241a0405811522ee4d50b473755532ad1299cb121e2,"{""distance"":5,""physical_error_rate"":0.0005}","{""detection_events"":439,""detectors_checked"":229376}"
      1024,         0,         0,   0.073,standalone_exact_mw,503ee55b5ad1b1988379a241a0405811522ee4d50b473755532ad1299cb121e2,"{""distance"":5,""physical_error_rate"":0.0005}","{""detection_events"":529,""detectors_checked"":229376}"
     27648,        14,         0,    8.62,standalone_exact_mw,1a2d9ab41a8a393fdef1a304cd6cd3b39e7654fe1ff27694ddcd7a0d28bf707b,"{""distance"":5,""physical_error_rate"":0.005}","{""detection_events"":124610,""detectors_checked"":6193152,""obs_mistake_mask=E"":14}"
      1024,         0,         0,   0.073,standalone_exact_mw,503ee55b5ad1b1988379a241a0405811522ee4d50b473755532ad1299cb121e2,"{""distance"":5,""physical_error_rate"":0.0005}","{""detection_events"":443,""detectors_checked"":229376}"
      1024,         0,         0,   0.282,standalone_exact_mw,1a2d9ab41a8a393fdef1a304cd6cd3b39e7654fe1ff27694ddcd7a0d28bf707b,"{""distance"":5,""physical_error_rate"":0.005}","{""detection_events"":4735,""detectors_checked"":229376}"
     28672,         0,         0,    1.12,standalone_exact_mw,29ae76c7f86edcd2f56343e8109d8463cbc736644db4e57527101e2f1c3606c8,"{""distance"":5,""physical_error_rate"":0.0002}","{""detection_events"":5223,""detectors_checked"":6422528}"
      2048,         0,         0,   0.126,standalone_exact_mw,503ee55b5ad1b1988379a241a0405811522ee4d50b473755532ad1299cb121e2,"{""distance"":5,""physical_error_rate"":0.0005}","{""detection_events"":1008,""detectors_checked"":458752}"
    262144,         0,         0,    8.32,standalone_exact_mw,aea10f45e3589e84a00777b800d38e8a3149bd6cb552c409f3bffd718c1a0abf,"{""distance"":5,""physical_error_rate"":5e-05}","{""detection_events"":12292,""detectors_checked"":58720256}"
     31744,         0,         0,    1.10,standalone_exact_mw,cc9149276d16e61a5ac322a1d2048afebd34054fe0ed4879b77eb616628c1148,"{""distance"":5,""physical_error_rate"":0.0001}","{""detection_events"":3021,""detectors_checked"":7110656}"
      2048,         0,         0,   0.126,standalone_exact_mw,503ee55b5ad1b1988379a241a0405811522ee4d50b473755532ad1299cb121e2,"{""distance"":5,""physical_error_rate"":0.0005}","{""detection_events"":965,""detectors_checked"":458752}"
     24576,         1,         0,    2.18,standalone_exact_mw,7bb6e20e48600212890a8c0dbf00c9e78f41358e09b12be0f89e4aae4bc5d684,"{""distance"":5,""physical_error_rate"":0.002}","{""detection_events"":45418,""detectors_checked"":5505024,""obs_mistake_mask=E"":1}"
     51200,         0,         0,    1.54,standalone_exact_mw,aea10f45e3589e84a00777b800d38e8a3149bd6cb552c409f3bffd718c1a0abf,"{""distance"":5,""physical_error_rate"":5e-05}","{""detection_events"":2342,""detectors_checked"":11468800}"
      2048,         0,         0,   0.148,standalone_exact_mw,503ee55b5ad1b1988379a241a0405811522ee4d50b473755532ad1299cb121e2,"{""distance"":5,""physical_error_rate"":0.0005}","{""detection_events"":910,""detectors_checked"":458752}"
      1024,         1,         0,   0.388,standalone_exact_mw,1a2d9ab41a8a393fdef1a304cd6cd3b39e7654fe1ff27694ddcd7a0d28bf707b,"{""distance"":5,""physical_error_rate"":0.005}","{""detection_events"":4758,""detectors_checked"":229376,""obs_mistake_mask=E"":1}"
      4096,         0,         0,   0.257,standalone_exact_mw,503ee55b5ad1b1988379a241a0405811522ee4d50b473755532ad1299cb121e2,"{""distance"":5,""physical_error_rate"":0.0005}","{""detection_events"":1814,""detectors_checked"":917504}"
      1024,         0,         0,   0.345,standalone_exact_mw,1a2d9ab41a8a393fdef1a304cd6cd3b39e7654fe1ff27694ddcd7a0d28bf707b,"{""distance"":5,""physical_error_rate"":0.005}","{""detection_events"":4714,""detectors_checked"":229376}"
    123904,         0,         0,    11.7,standalone_exact_mw,77d802c74222c3324b7f1323f7447c6411ad27be92307b6127e53af575faadca,"{""distance"":5,""physical_error_rate"":0.001}","{""detection_events"":115102,""detectors_checked"":27754496}"
      3072,         0,         0,   0.305,standalone_exact_mw,503ee55b5ad1b1988379a241a0405811522ee4d50b473755532ad1299cb121e2,"{""distance"":5,""physical_error_rate"":0.0005}","{""detection_events"":1550,""detectors_checked"":688128}"
      7168,         1,         0,    1.78,standalone_exact_mw,1a2d9ab41a8a393fdef1a304cd6cd3b39e7654fe1ff27694ddcd7a0d28bf707b,"{""distance"":5,""physical_error_rate"":0.005}","{""detection_events"":32183,""detectors_checked"":1605632,""obs_mistake_mask=E"":1}"
     37888,         9,         0,    11.9,standalone_exact_mw,1a2d9ab41a8a393fdef1a304cd6cd3b39e7654fe1ff27694ddcd7a0d28bf707b,"{""distance"":5,""physical_error_rate"":0.005}","{""detection_events"":171517,""detectors_checked"":8486912,""obs_mistake_mask=E"":9}"
      5120,         0,         0,   0.446,standalone_exact_mw,503ee55b5ad1b1988379a241a0405811522ee4d50b473755532ad1299cb121e2,"{""distance"":5,""physical_error_rate"":0.0005}","{""detection_events"":2156,""detectors_checked"":1146880}"
      2048,         0,         0,   0.641,standalone_exact_mw,1a2d9ab41a8a393fdef1a304cd6cd3b39e7654fe1ff27694ddcd7a0d28bf707b,"{""distance"":5,""physical_error_rate"":0.005}","{""detection_events"":9004,""detectors_checked"":458752}"
     38912,         0,         0,    1.56,standalone_exact_mw,29ae76c7f86edcd2f56343e8109d8463cbc736644db4e57527101e2f1c3606c8,"{""distance"":5,""physical_error_rate"":0.0002}","{""detection_events"":7044,""detectors_checked"":8716288}"
     40960,         0,         0,    2.18,standalone_exact_mw,77d802c74222c3324b7f1323f7447c6411ad27be92307b6127e53af575faadca,"{""distance"":5,""physical_error_rate"":0.001}","{""detection_events"":38336,""detectors_checked"":9175040}"
     43008,         0,         0,    1.55,standalone_exact_mw,cc9149276d16e61a5ac322a1d2048afebd34054fe0ed4879b77eb616628c1148,"{""distance"":5,""physical_error_rate"":0.0001}","{""detection_events"":3930,""detectors_checked"":9633792}"
   1326080,         0,         0,    32.0,standalone_exact_mw,aea10f45e3589e84a00777b800d38e8a3149bd6cb552c409f3bffd718c1a0abf,"{""distance"":5,""physical_error_rate"":5e-05}","{""detection_events"":61874,""detectors_checked"":297041920}"
      6144,         0,         0,   0.583,standalone_exact_mw,503ee55b5ad1b1988379a241a0405811522ee4d50b473755532ad1299cb121e2,"{""distance"":5,""physical_error_rate"":0.0005}","{""detection_events"":3047,""detectors_checked"":1376256}"
      2048,         0,         0,   0.596,standalone_exact_mw,1a2d9ab41a8a393fdef1a304cd6cd3b39e7654fe1ff27694ddcd7a0d28bf707b,"{""distance"":5,""physical_error_rate"":0.005}","{""detection_events"":9260,""detectors_checked"":458752}"
    332800,         7,         0,    32.0,standalone_exact_mw,7bb6e20e48600212890a8c0dbf00c9e78f41358e09b12be0f89e4aae4bc5d684,"{""distance"":5,""physical_error_rate"":0.002}","{""detection_events"":613244,""detectors_checked"":74547200,""obs_mistake_mask=E"":7}"
    591872,         0,         0,    22.8,standalone_exact_mw,29ae76c7f86edcd2f56343e8109d8463cbc736644db4e57527101e2f1c3606c8,"{""distance"":5,""physical_error_rate"":0.0002}","{""detection_events"":110488,""detectors_checked"":132579328}"
     84992,         0,         0,    2.16,standalone_exact_mw,aea10f45e3589e84a00777b800d38e8a3149bd6cb552c409f3bffd718c1a0abf,"{""distance"":5,""physical_error_rate"":5e-05}","{""detection_events"":3964,""detectors_checked"":19038208}"
      9216,         0,         0,   0.867,standalone_exact_mw,503ee55b5ad1b1988379a241a0405811522ee4d50b473755532ad1299cb121e2,"{""distance"":5,""physical_error_rate"":0.0005}","{""detection_events"":4291,""detectors_checked"":2064384}"
      3072,         0,         0,   0.983,standalone_exact_mw,1a2d9ab41a8a393fdef1a304cd6cd3b39e7654fe1ff27694ddcd7a0d28bf707b,"{""distance"":5,""physical_error_rate"":0.005}","{""detection_events"":13971,""detectors_checked"":688128}"
     97280,        43,         0,    32.3,standalone_exact_mw,1a2d9ab41a8a393fdef1a304cd6cd3b39e7654fe1ff27694ddcd7a0d28bf707b,"{""distance"":5,""physical_error_rate"":0.005}","{""detection_events"":441446,""detectors_checked"":21790720,""obs_mistake_mask=E"":43}"
      8192,         4,         0,    2.24,standalone_exact_mw,1a2d9ab41a8a393fdef1a304cd6cd3b39e7654fe1ff27694ddcd7a0d28bf707b,"{""distance"":5,""physical_error_rate"":0.005}","{""detection_events"":36899,""detectors_checked"":1835008,""obs_mistake_mask=E"":4}"
     30720,         0,         0,    3.07,standalone_exact_mw,7bb6e20e48600212890a8c0dbf00c9e78f41358e09b12be0f89e4aae4bc5d684,"{""distance"":5,""physical_error_rate"":0.002}","{""detection_events"":56399,""detectors_checked"":6881280}"
    231424,         0,         0,    8.36,standalone_exact_mw,cc9149276d16e61a5ac322a1d2048afebd34054fe0ed4879b77eb616628c1148,"{""distance"":5,""physical_error_rate"":0.0001}","{""detection_events"":21658,""detectors_checked"":51838976}"
     55296,         0,         0,    2.22,standalone_exact_mw,29ae76c7f86edcd2f56343e8109d8463cbc736644db4e57527101e2f1c3606c8,"{""distance"":5,""physical_error_rate"":0.0002}","{""detection_events"":10523,""detectors_checked"":12386304}"
     49152,         0,         0,    2.18,standalone_exact_mw,cc9149276d16e61a5ac322a1d2048afebd34054fe0ed4879b77eb616628c1148,"{""distance"":5,""physical_error_rate"":0.0001}","{""detection_events"":4527,""detectors_checked"":11010048}"
     15360,         0,         0,    1.13,standalone_exact_mw,503ee55b5ad1b1988379a241a0405811522ee4d50b473755532ad1299cb121e2,"{""distance"":5,""physical_error_rate"":0.0005}","{""detection_events"":7221,""detectors_checked"":3440640}"
      4096,         0,         0,    1.28,standalone_exact_mw,1a2d9ab41a8a393fdef1a304cd6cd3b39e7654fe1ff27694ddcd7a0d28bf707b,"{""distance"":5,""physical_error_rate"":0.005}","{""detection_events"":18533,""detectors_checked"":917504}"
     58368,         0,         0,    3.07,standalone_exact_mw,77d802c74222c3324b7f1323f7447c6411ad27be92307b6127e53af575faadca,"{""distance"":5,""physical_error_rate"":0.001}","{""detection_events"":54765,""detectors_checked"":13074432}"
    676864,         0,         0,    22.8,standalone_exact_mw,aea10f45e3589e84a00777b800d38e8a3149bd6cb552c409f3bffd718c1a0abf,"{""distance"":5,""physical_error_rate"":5e-05}","{""detection_events"":31362,""detectors_checked"":151617536}"
    113664,         0,         0,    3.05,standalone_exact_mw,aea10f45e3589e84a00777b800d38e8a3149bd6cb552c409f3bffd718c1a0abf,"{""distance"":5,""physical_error_rate"":5e-05}","{""detection_events"":5368,""detectors_checked"":25460736}"
     40960,         0,         0,    1.56,standalone_exact_mw,503ee55b5ad1b1988379a241a0405811522ee4d50b473755532ad1299cb121e2,"{""distance"":5,""physical_error_rate"":0.0005}","{""detection_events"":18906,""detectors_checked"":9175040}"
    636928,         0,         0,    32.0,standalone_exact_mw,503ee55b5ad1b1988379a241a0405811522ee4d50b473755532ad1299cb121e2,"{""distance"":5,""physical_error_rate"":0.0005}","{""detection_events"":296974,""detectors_checked"":142671872}"
      5120,         0,         0,    1.60,standalone_exact_mw,1a2d9ab41a8a393fdef1a304cd6cd3b39e7654fe1ff27694ddcd7a0d28bf707b,"{""distance"":5,""physical_error_rate"":0.005}","{""detection_events"":22983,""detectors_checked"":1146880}"
     12288,         5,         0,    3.29,standalone_exact_mw,1a2d9ab41a8a393fdef1a304cd6cd3b39e7654fe1ff27694ddcd7a0d28bf707b,"{""distance"":5,""physical_error_rate"":0.005}","{""detection_events"":55773,""detectors_checked"":2752512,""obs_mistake_mask=E"":5}"
     90112,         0,         0,    3.05,standalone_exact_mw,29ae76c7f86edcd2f56343e8109d8463cbc736644db4e57527101e2f1c3606c8,"{""distance"":5,""physical_error_rate"":0.0002}","{""detection_events"":17034,""detectors_checked"":20185088}"
    131072,        47,         0,    32.3,standalone_exact_mw,1a2d9ab41a8a393fdef1a304cd6cd3b39e7654fe1ff27694ddcd7a0d28bf707b,"{""distance"":5,""physical_error_rate"":0.005}","{""detection_events"":592517,""detectors_checked"":29360128,""obs_mistake_mask=E"":47}"
     75776,         0,         0,    3.05,standalone_exact_mw,cc9149276d16e61a5ac322a1d2048afebd34054fe0ed4879b77eb616628c1148,"{""distance"":5,""physical_error_rate"":0.0001}","{""detection_events"":7163,""detectors_checked"":16973824}"
     44032,         1,         0,    4.31,standalone_exact_mw,7bb6e20e48600212890a8c0dbf00c9e78f41358e09b12be0f89e4aae4bc5d684,"{""distance"":5,""physical_error_rate"":0.002}","{""detection_events"":81895,""detectors_checked"":9863168,""obs_mistake_mask=E"":1}"
     57344,         0,         0,    2.18,standalone_exact_mw,503ee55b5ad1b1988379a241a0405811522ee4d50b473755532ad1299cb121e2,"{""distance"":5,""physical_error_rate"":0.0005}","{""detection_events"":26307,""detectors_checked"":12845056}"
    673792,         0,         0,    22.8,standalone_exact_mw,29ae76c7f86edcd2f56343e8109d8463cbc736644db4e57527101e2f1c3606c8,"{""distance"":5,""physical_error_rate"":0.0002}","{""detection_events"":125484,""detectors_checked"":150929408}"
      7168,         4,         0,    2.36,standalone_exact_mw,1a2d9ab41a8a393fdef1a304cd6cd3b39e7654fe1ff27694ddcd7a0d28bf707b,"{""distance"":5,""physical_error_rate"":0.005}","{""detection_events"":32518,""detectors_checked"":1605632,""obs_mistake_mask=E"":4}"
    121856,         8,         0,    11.7,standalone_exact_mw,7bb6e20e48600212890a8c0dbf00c9e78f41358e09b12be0f89e4aae4bc5d684,"{""distance"":5,""physical_error_rate"":0.002}","{""detection_events"":225365,""detectors_checked"":27295744,""obs_mistake_mask=E"":8}"
    195584,         0,         0,    11.7,standalone_exact_mw,77d802c74222c3324b7f1323f7447c6411ad27be92307b6127e53af575faadca,"{""distance"":5,""physical_error_rate"":0.001}","{""detection_events"":181761,""detectors_checked"":43810816}"
     60416,         0,         0,    4.30,standalone_exact_mw,77d802c74222c3324b7f1323f7447c6411ad27be92307b6127e53af575faadca,"{""distance"":5,""physical_error_rate"":0.001}","{""detection_events"":56227,""detectors_checked"":13533184}"
    157696,         0,         0,    4.27,standalone_exact_mw,aea10f45e3589e84a00777b800d38e8a3149bd6cb552c409f3bffd718c1a0abf,"{""distance"":5,""physical_error_rate"":5e-05}","{""detection_events"":7651,""detectors_checked"":35323904}"
   1031168,         0,         0,    32.0,standalone_exact_mw,29ae76c7f86edcd2f56343e8109d8463cbc736644db4e57527101e2f1c3606c8,"{""distance"":5,""physical_error_rate"":0.0002}","{""detection_events"":193017,""detectors_checked"":230981632}"
    653312,         0,         0,    22.8,standalone_exact_mw,cc9149276d16e61a5ac322a1d2048afebd34054fe0ed4879b77eb616628c1148,"{""distance"":5,""physical_error_rate"":0.0001}","{""detection_events"":60595,""detectors_checked"":146341888}"
    227328,         1,         0,    11.7,standalone_exact_mw,503ee55b5ad1b1988379a241a0405811522ee4d50b473755532ad1299cb121e2,"{""distance"":5,""physical_error_rate"":0.0005}","{""detection_events"":105996,""detectors_checked"":50921472,""obs_mistake_mask=E"":1}"
    886784,         0,         0,    31.7,standalone_exact_mw,aea10f45e3589e84a00777b800d38e8a3149bd6cb552c409f3bffd718c1a0abf,"{""distance"":5,""physical_error_rate"":5e-05}","{""detection_events"":40871,""detectors_checked"":198639616}"
    214016,         0,         0,    11.7,standalone_exact_mw,29ae76c7f86edcd2f56343e8109d8463cbc736644db4e57527101e2f1c3606c8,"{""distance"":5,""physical_error_rate"":0.0002}","{""detection_events"":39736,""detectors_checked"":47939584}"
     78848,         0,         0,    3.02,standalone_exact_mw,503ee55b5ad1b1988379a241a0405811522ee4d50b473755532ad1299cb121e2,"{""distance"":5,""physical_error_rate"":0.0005}","{""detection_events"":36734,""detectors_checked"":17661952}"
     17408,         2,         0,    4.47,standalone_exact_mw,1a2d9ab41a8a393fdef1a304cd6cd3b39e7654fe1ff27694ddcd7a0d28bf707b,"{""distance"":5,""physical_error_rate"":0.005}","{""detection_events"":79025,""detectors_checked"":3899392,""obs_mistake_mask=E"":2}"
    920576,         0,         0,    32.0,standalone_exact_mw,cc9149276d16e61a5ac322a1d2048afebd34054fe0ed4879b77eb616628c1148,"{""distance"":5,""physical_error_rate"":0.0001}","{""detection_events"":85741,""detectors_checked"":206209024}"
    116736,         0,         0,    4.27,standalone_exact_mw,29ae76c7f86edcd2f56343e8109d8463cbc736644db4e57527101e2f1c3606c8,"{""distance"":5,""physical_error_rate"":0.0002}","{""detection_events"":22051,""detectors_checked"":26148864}"
    111616,         0,         0,    4.23,standalone_exact_mw,cc9149276d16e61a5ac322a1d2048afebd34054fe0ed4879b77eb616628c1148,"{""distance"":5,""physical_error_rate"":0.0001}","{""detection_events"":10418,""detectors_checked"":25001984}"
      9216,         5,         0,    3.06,standalone_exact_mw,1a2d9ab41a8a393fdef1a304cd6cd3b39e7654fe1ff27694ddcd7a0d28bf707b,"{""distance"":5,""physical_error_rate"":0.005}","{""detection_events"":41647,""detectors_checked"":2064384,""obs_mistake_mask=E"":5}"
     34816,         7,         0,    11.7,standalone_exact_mw,1a2d9ab41a8a393fdef1a304cd6cd3b39e7654fe1ff27694ddcd7a0d28bf707b,"{""distance"":5,""physical_error_rate"":0.005}","{""detection_events"":157315,""detectors_checked"":7798784,""obs_mistake_mask=E"":7}"
    382976,         0,         0,    11.7,standalone_exact_mw,aea10f45e3589e84a00777b800d38e8a3149bd6cb552c409f3bffd718c1a0abf,"{""distance"":5,""physical_error_rate"":5e-05}","{""detection_events"":17817,""detectors_checked"":85786624}"
    857088,         0,         0,    32.0,standalone_exact_mw,29ae76c7f86edcd2f56343e8109d8463cbc736644db4e57527101e2f1c3606c8,"{""distance"":5,""physical_error_rate"":0.0002}","{""detection_events"":159018,""detectors_checked"":191987712}"
    970752,         0,         0,    31.9,standalone_exact_mw,cc9149276d16e61a5ac322a1d2048afebd34054fe0ed4879b77eb616628c1148,"{""distance"":5,""physical_error_rate"":0.0001}","{""detection_events"":90201,""detectors_checked"":217448448}"
   1177600,         0,         0,    32.0,standalone_exact_mw,aea10f45e3589e84a00777b800d38e8a3149bd6cb552c409f3bffd718c1a0abf,"{""distance"":5,""physical_error_rate"":5e-05}","{""detection_events"":54482,""detectors_checked"":263782400}"
    153600,         4,         0,    16.4,standalone_exact_mw,7bb6e20e48600212890a8c0dbf00c9e78f41358e09b12be0f89e4aae4bc5d684,"{""distance"":5,""physical_error_rate"":0.002}","{""detection_events"":283712,""detectors_checked"":34406400,""obs_mistake_mask=E"":4}"
    346112,         0,         0,    16.3,standalone_exact_mw,503ee55b5ad1b1988379a241a0405811522ee4d50b473755532ad1299cb121e2,"{""distance"":5,""physical_error_rate"":0.0005}","{""detection_events"":161154,""detectors_checked"":77529088}"
    611328,         3,         0,    32.1,standalone_exact_mw,77d802c74222c3324b7f1323f7447c6411ad27be92307b6127e53af575faadca,"{""distance"":5,""physical_error_rate"":0.001}","{""detection_events"":565097,""detectors_checked"":136937472,""obs_mistake_mask=E"":3}"
    899072,         0,         0,    31.9,standalone_exact_mw,cc9149276d16e61a5ac322a1d2048afebd34054fe0ed4879b77eb616628c1148,"{""distance"":5,""physical_error_rate"":0.0001}","{""detection_events"":84356,""detectors_checked"":201392128}"
    439296,         0,         0,    22.9,standalone_exact_mw,503ee55b5ad1b1988379a241a0405811522ee4d50b473755532ad1299cb121e2,"{""distance"":5,""physical_error_rate"":0.0005}","{""detection_events"":205703,""detectors_checked"":98402304}"
     66560,         2,         0,    5.99,standalone_exact_mw,7bb6e20e48600212890a8c0dbf00c9e78f41358e09b12be0f89e4aae4bc5d684,"{""distance"":5,""physical_error_rate"":0.002}","{""detection_events"":123312,""detectors_checked"":14909440,""obs_mistake_mask=E"":2}"
    363520,        10,         0,    32.1,standalone_exact_mw,7bb6e20e48600212890a8c0dbf00c9e78f41358e09b12be0f89e4aae4bc5d684,"{""distance"":5,""physical_error_rate"":0.002}","{""detection_events"":674102,""detectors_checked"":81428480,""obs_mistake_mask=E"":10}"
    495616,         1,         0,    32.1,standalone_exact_mw,77d802c74222c3324b7f1323f7447c6411ad27be92307b6127e53af575faadca,"{""distance"":5,""physical_error_rate"":0.001}","{""detection_events"":460107,""detectors_checked"":111017984,""obs_mistake_mask=E"":1}"
    536576,         1,         0,    32.0,standalone_exact_mw,77d802c74222c3324b7f1323f7447c6411ad27be92307b6127e53af575faadca,"{""distance"":5,""physical_error_rate"":0.001}","{""detection_events"":496049,""detectors_checked"":120193024,""obs_mistake_mask=E"":1}"
   1005568,         0,         0,    32.0,standalone_exact_mw,cc9149276d16e61a5ac322a1d2048afebd34054fe0ed4879b77eb616628c1148,"{""distance"":5,""physical_error_rate"":0.0001}","{""detection_events"":93550,""detectors_checked"":225247232}"
    269312,         8,         0,    32.1,standalone_exact_mw,7bb6e20e48600212890a8c0dbf00c9e78f41358e09b12be0f89e4aae4bc5d684,"{""distance"":5,""physical_error_rate"":0.002}","{""detection_events"":497173,""detectors_checked"":60325888,""obs_mistake_mask=E"":8}"
    634880,         0,         0,    32.0,standalone_exact_mw,503ee55b5ad1b1988379a241a0405811522ee4d50b473755532ad1299cb121e2,"{""distance"":5,""physical_error_rate"":0.0005}","{""detection_events"":295060,""detectors_checked"":142213120}"
    111616,         0,         0,    4.28,standalone_exact_mw,503ee55b5ad1b1988379a241a0405811522ee4d50b473755532ad1299cb121e2,"{""distance"":5,""physical_error_rate"":0.0005}","{""detection_events"":51980,""detectors_checked"":25001984}"
     73728,         0,         0,    5.90,standalone_exact_mw,77d802c74222c3324b7f1323f7447c6411ad27be92307b6127e53af575faadca,"{""distance"":5,""physical_error_rate"":0.001}","{""detection_events"":67720,""detectors_checked"":16515072}"
    286720,         5,         0,    32.1,standalone_exact_mw,7bb6e20e48600212890a8c0dbf00c9e78f41358e09b12be0f89e4aae4bc5d684,"{""distance"":5,""physical_error_rate"":0.002}","{""detection_events"":530124,""detectors_checked"":64225280,""obs_mistake_mask=E"":5}"
    297984,         9,         0,    32.1,standalone_exact_mw,7bb6e20e48600212890a8c0dbf00c9e78f41358e09b12be0f89e4aae4bc5d684,"{""distance"":5,""physical_error_rate"":0.002}","{""detection_events"":551315,""detectors_checked"":66748416,""obs_mistake_mask=E"":9}"
    860160,         0,         0,    31.8,standalone_exact_mw,29ae76c7f86edcd2f56343e8109d8463cbc736644db4e57527101e2f1c3606c8,"{""distance"":5,""physical_error_rate"":0.0002}","{""detection_events"":161338,""detectors_checked"":192675840}"
    369664,         0,         0,    11.6,standalone_exact_mw,cc9149276d16e61a5ac322a1d2048afebd34054fe0ed4879b77eb616628c1148,"{""distance"":5,""physical_error_rate"":0.0001}","{""detection_events"":34398,""detectors_checked"":82804736}"
    569344,         0,         0,    32.0,standalone_exact_mw,503ee55b5ad1b1988379a241a0405811522ee4d50b473755532ad1299cb121e2,"{""distance"":5,""physical_error_rate"":0.0005}","{""detection_events"":266048,""detectors_checked"":127533056}"
     71680,        25,         0,    23.2,standalone_exact_mw,1a2d9ab41a8a393fdef1a304cd6cd3b39e7654fe1ff27694ddcd7a0d28bf707b,"{""distance"":5,""physical_error_rate"":0.005}","{""detection_events"":324534,""detectors_checked"":16056320,""obs_mistake_mask=E"":25}"
    180224,         0,         0,    5.97,standalone_exact_mw,aea10f45e3589e84a00777b800d38e8a3149bd6cb552c409f3bffd718c1a0abf,"{""distance"":5,""physical_error_rate"":5e-05}","{""detection_events"":8576,""detectors_checked"":40370176}"
     13312,         4,         0,    4.48,standalone_exact_mw,1a2d9ab41a8a393fdef1a304cd6cd3b39e7654fe1ff27694ddcd7a0d28bf707b,"{""distance"":5,""physical_error_rate"":0.005}","{""detection_events"":60923,""detectors_checked"":2981888,""obs_mistake_mask=E"":4}"
   1299456,         0,         0,    32.0,standalone_exact_mw,aea10f45e3589e84a00777b800d38e8a3149bd6cb552c409f3bffd718c1a0abf,"{""distance"":5,""physical_error_rate"":5e-05}","{""detection_events"":61156,""detectors_checked"":291078144}"
    550912,         4,         0,    32.0,standalone_exact_mw,77d802c74222c3324b7f1323f7447c6411ad27be92307b6127e53af575faadca,"{""distance"":5,""physical_error_rate"":0.001}","{""detection_events"":510885,""detectors_checked"":123404288,""obs_mistake_mask=E"":4}"
   1203200,         0,         0,    32.0,standalone_exact_mw,aea10f45e3589e84a00777b800d38e8a3149bd6cb552c409f3bffd718c1a0abf,"{""distance"":5,""physical_error_rate"":5e-05}","{""detection_events"":56291,""detectors_checked"":269516800}"
    931840,         0,         0,    32.0,standalone_exact_mw,503ee55b5ad1b1988379a241a0405811522ee4d50b473755532ad1299cb121e2,"{""distance"":5,""physical_error_rate"":0.0005}","{""detection_events"":435097,""detectors_checked"":208732160}"
    109568,        49,         0,    32.2,standalone_exact_mw,1a2d9ab41a8a393fdef1a304cd6cd3b39e7654fe1ff27694ddcd7a0d28bf707b,"{""distance"":5,""physical_error_rate"":0.005}","{""detection_events"":494857,""detectors_checked"":24543232,""obs_mistake_mask=E"":49}"
    325632,         1,         0,    22.9,standalone_exact_mw,77d802c74222c3324b7f1323f7447c6411ad27be92307b6127e53af575faadca,"{""distance"":5,""physical_error_rate"":0.001}","{""detection_events"":301048,""detectors_checked"":72941568,""obs_mistake_mask=E"":1}"
    201728,         6,         0,    23.0,standalone_exact_mw,7bb6e20e48600212890a8c0dbf00c9e78f41358e09b12be0f89e4aae4bc5d684,"{""distance"":5,""physical_error_rate"":0.002}","{""detection_events"":372667,""detectors_checked"":45187072,""obs_mistake_mask=E"":6}"
     25600,        10,         0,    6.17,standalone_exact_mw,1a2d9ab41a8a393fdef1a304cd6cd3b39e7654fe1ff27694ddcd7a0d28bf707b,"{""distance"":5,""physical_error_rate"":0.005}","{""detection_events"":116537,""detectors_checked"":5734400,""obs_mistake_mask=E"":10}"
    168960,         1,         0,    16.4,standalone_exact_mw,77d802c74222c3324b7f1323f7447c6411ad27be92307b6127e53af575faadca,"{""distance"":5,""physical_error_rate"":0.001}","{""detection_events"":156222,""detectors_checked"":37847040,""obs_mistake_mask=E"":1}"
    151552,         0,         0,    5.99,standalone_exact_mw,29ae76c7f86edcd2f56343e8109d8463cbc736644db4e57527101e2f1c3606c8,"{""distance"":5,""physical_error_rate"":0.0002}","{""detection_events"":28115,""detectors_checked"":33947648}"
    162816,         0,         0,    5.93,standalone_exact_mw,cc9149276d16e61a5ac322a1d2048afebd34054fe0ed4879b77eb616628c1148,"{""distance"":5,""physical_error_rate"":0.0001}","{""detection_events"":15306,""detectors_checked"":36470784}"
     53248,        24,         0,    16.5,standalone_exact_mw,1a2d9ab41a8a393fdef1a304cd6cd3b39e7654fe1ff27694ddcd7a0d28bf707b,"{""distance"":5,""physical_error_rate"":0.005}","{""detection_events"":242603,""detectors_checked"":11927552,""obs_mistake_mask=E"":24}"
    106496,        54,         0,    32.2,standalone_exact_mw,1a2d9ab41a8a393fdef1a304cd6cd3b39e7654fe1ff27694ddcd7a0d28bf707b,"{""distance"":5,""physical_error_rate"":0.005}","{""detection_events"":484230,""detectors_checked"":23855104,""obs_mistake_mask=E"":54}"
     50176,        17,         0,    16.4,standalone_exact_mw,1a2d9ab41a8a393fdef1a304cd6cd3b39e7654fe1ff27694ddcd7a0d28bf707b,"{""distance"":5,""physical_error_rate"":0.005}","{""detection_events"":228296,""detectors_checked"":11239424,""obs_mistake_mask=E"":17}"
      8192,         6,         0,    1.97,standalone_exact_mw,1a2d9ab41a8a393fdef1a304cd6cd3b39e7654fe1ff27694ddcd7a0d28bf707b,"{""distance"":5,""physical_error_rate"":0.005}","{""detection_events"":36494,""detectors_checked"":1835008,""obs_mistake_mask=E"":6}"
     10240,         4,         0,    3.72,standalone_exact_mw,1a2d9ab41a8a393fdef1a304cd6cd3b39e7654fe1ff27694ddcd7a0d28bf707b,"{""distance"":5,""physical_error_rate"":0.005}","{""detection_events"":45571,""detectors_checked"":2293760,""obs_mistake_mask=E"":4}"
     37888,        12,         0,    12.6,standalone_exact_mw,1a2d9ab41a8a393fdef1a304cd6cd3b39e7654fe1ff27694ddcd7a0d28bf707b,"{""distance"":5,""physical_error_rate"":0.005}","{""detection_events"":171683,""detectors_checked"":8486912,""obs_mistake_mask=E"":12}"
     23552,        10,         0,    7.89,standalone_exact_mw,1a2d9ab41a8a393fdef1a304cd6cd3b39e7654fe1ff27694ddcd7a0d28bf707b,"{""distance"":5,""physical_error_rate"":0.005}","{""detection_events"":107122,""detectors_checked"":5275648,""obs_mistake_mask=E"":10}"
     13312,         3,         0,    3.82,standalone_exact_mw,1a2d9ab41a8a393fdef1a304cd6cd3b39e7654fe1ff27694ddcd7a0d28bf707b,"{""distance"":5,""physical_error_rate"":0.005}","{""detection_events"":59758,""detectors_checked"":2981888,""obs_mistake_mask=E"":3}"
      6144,         2,         0,    2.42,standalone_exact_mw,1a2d9ab41a8a393fdef1a304cd6cd3b39e7654fe1ff27694ddcd7a0d28bf707b,"{""distance"":5,""physical_error_rate"":0.005}","{""detection_events"":28812,""detectors_checked"":1376256,""obs_mistake_mask=E"":2}"
      1024,         0,         0,   0.224,standalone_exact_mw,1a2d9ab41a8a393fdef1a304cd6cd3b39e7654fe1ff27694ddcd7a0d28bf707b,"{""distance"":5,""physical_error_rate"":0.005}","{""detection_events"":4539,""detectors_checked"":229376}"
     76800,        27,         0,    27.6,standalone_exact_mw,1a2d9ab41a8a393fdef1a304cd6cd3b39e7654fe1ff27694ddcd7a0d28bf707b,"{""distance"":5,""physical_error_rate"":0.005}","{""detection_events"":349370,""detectors_checked"":17203200,""obs_mistake_mask=E"":27}"
      9216,         3,         0,    3.08,standalone_exact_mw,1a2d9ab41a8a393fdef1a304cd6cd3b39e7654fe1ff27694ddcd7a0d28bf707b,"{""distance"":5,""physical_error_rate"":0.005}","{""detection_events"":41290,""detectors_checked"":2064384,""obs_mistake_mask=E"":3}"
    754688,         0,         0,    22.7,standalone_exact_mw,aea10f45e3589e84a00777b800d38e8a3149bd6cb552c409f3bffd718c1a0abf,"{""distance"":5,""physical_error_rate"":5e-05}","{""detection_events"":34781,""detectors_checked"":169050112}"
    824320,         0,         0,    22.8,standalone_exact_mw,cc9149276d16e61a5ac322a1d2048afebd34054fe0ed4879b77eb616628c1148,"{""distance"":5,""physical_error_rate"":0.0001}","{""detection_events"":77219,""detectors_checked"":184647680}"
    125952,         0,         0,    5.93,standalone_exact_mw,503ee55b5ad1b1988379a241a0405811522ee4d50b473755532ad1299cb121e2,"{""distance"":5,""physical_error_rate"":0.0005}","{""detection_events"":58886,""detectors_checked"":28213248}"
     75776,         1,         0,    8.41,standalone_exact_mw,7bb6e20e48600212890a8c0dbf00c9e78f41358e09b12be0f89e4aae4bc5d684,"{""distance"":5,""physical_error_rate"":0.002}","{""detection_events"":141077,""detectors_checked"":16973824,""obs_mistake_mask=E"":1}"
    118784,         1,         0,    8.45,standalone_exact_mw,77d802c74222c3324b7f1323f7447c6411ad27be92307b6127e53af575faadca,"{""distance"":5,""physical_error_rate"":0.001}","{""detection_events"":110273,""detectors_checked"":26607616,""obs_mistake_mask=E"":1}"
    250880,         0,         0,    8.28,standalone_exact_mw,aea10f45e3589e84a00777b800d38e8a3149bd6cb552c409f3bffd718c1a0abf,"{""distance"":5,""physical_error_rate"":5e-05}","{""detection_events"":11772,""detectors_checked"":56197120}"
    159744,         3,         0,    16.4,standalone_exact_mw,7bb6e20e48600212890a8c0dbf00c9e78f41358e09b12be0f89e4aae4bc5d684,"{""distance"":5,""physical_error_rate"":0.002}","{""detection_events"":295288,""detectors_checked"":35782656,""obs_mistake_mask=E"":3}"
    268288,         0,         0,    16.3,standalone_exact_mw,77d802c74222c3324b7f1323f7447c6411ad27be92307b6127e53af575faadca,"{""distance"":5,""physical_error_rate"":0.001}","{""detection_events"":248872,""detectors_checked"":60096512}"
    215040,         0,         0,    8.34,standalone_exact_mw,29ae76c7f86edcd2f56343e8109d8463cbc736644db4e57527101e2f1c3606c8,"{""distance"":5,""physical_error_rate"":0.0002}","{""detection_events"":39731,""detectors_checked"":48168960}"
    182272,         0,         0,    8.40,standalone_exact_mw,cc9149276d16e61a5ac322a1d2048afebd34054fe0ed4879b77eb616628c1148,"{""distance"":5,""physical_error_rate"":0.0001}","{""detection_events"":16934,""detectors_checked"":40828928}"
    362496,         0,         0,    16.3,standalone_exact_mw,503ee55b5ad1b1988379a241a0405811522ee4d50b473755532ad1299cb121e2,"{""distance"":5,""physical_error_rate"":0.0005}","{""detection_events"":169217,""detectors_checked"":81199104}"
    428032,         0,         0,    16.3,standalone_exact_mw,29ae76c7f86edcd2f56343e8109d8463cbc736644db4e57527101e2f1c3606c8,"{""distance"":5,""physical_error_rate"":0.0002}","{""detection_events"":79879,""detectors_checked"":95879168}"
    445440,         0,         0,    16.2,standalone_exact_mw,aea10f45e3589e84a00777b800d38e8a3149bd6cb552c409f3bffd718c1a0abf,"{""distance"":5,""physical_error_rate"":5e-05}","{""detection_events"":20873,""detectors_checked"":99778560}"
    159744,         0,         0,    8.35,standalone_exact_mw,503ee55b5ad1b1988379a241a0405811522ee4d50b473755532ad1299cb121e2,"{""distance"":5,""physical_error_rate"":0.0005}","{""detection_events"":73693,""detectors_checked"":35782656}"
    522240,         0,         0,    16.3,standalone_exact_mw,cc9149276d16e61a5ac322a1d2048afebd34054fe0ed4879b77eb616628c1148,"{""distance"":5,""physical_error_rate"":0.0001}","{""detection_events"":49127,""detectors_checked"":116981760}"
    118784,         3,         0,    11.7,standalone_exact_mw,7bb6e20e48600212890a8c0dbf00c9e78f41358e09b12be0f89e4aae4bc5d684,"{""distance"":5,""physical_error_rate"":0.002}","{""detection_events"":220927,""detectors_checked"":26607616,""obs_mistake_mask=E"":3}"
    887808,         0,         0,    32.0,standalone_exact_mw,29ae76c7f86edcd2f56343e8109d8463cbc736644db4e57527101e2f1c3606c8,"{""distance"":5,""physical_error_rate"":0.0002}","{""detection_events"":166889,""detectors_checked"":198868992}"
    129024,         0,         0,    11.7,standalone_exact_mw,77d802c74222c3324b7f1323f7447c6411ad27be92307b6127e53af575faadca,"{""distance"":5,""physical_error_rate"":0.001}","{""detection_events"":119163,""detectors_checked"":28901376}"
    339968,         0,         0,    11.6,standalone_exact_mw,aea10f45e3589e84a00777b800d38e8a3149bd6cb552c409f3bffd718c1a0abf,"{""distance"":5,""physical_error_rate"":5e-05}","{""detection_events"":15900,""detectors_checked"":76152832}"
    238592,         6,         0,    22.9,standalone_exact_mw,7bb6e20e48600212890a8c0dbf00c9e78f41358e09b12be0f89e4aae4bc5d684,"{""distance"":5,""physical_error_rate"":0.002}","{""detection_events"":441437,""detectors_checked"":53444608,""obs_mistake_mask=E"":6}"
    385024,         0,         0,    22.9,standalone_exact_mw,503ee55b5ad1b1988379a241a0405811522ee4d50b473755532ad1299cb121e2,"{""distance"":5,""physical_error_rate"":0.0005}","{""detection_events"":179699,""detectors_checked"":86245376}"
   1065984,         0,         0,    31.9,standalone_exact_mw,aea10f45e3589e84a00777b800d38e8a3149bd6cb552c409f3bffd718c1a0abf,"{""distance"":5,""physical_error_rate"":5e-05}","{""detection_events"":49770,""detectors_checked"":238780416}"
    386048,         0,         0,    11.7,standalone_exact_mw,29ae76c7f86edcd2f56343e8109d8463cbc736644db4e57527101e2f1c3606c8,"{""distance"":5,""physical_error_rate"":0.0002}","{""detection_events"":72208,""detectors_checked"":86474752}"
    277504,         0,         0,    11.7,standalone_exact_mw,cc9149276d16e61a5ac322a1d2048afebd34054fe0ed4879b77eb616628c1148,"{""distance"":5,""physical_error_rate"":0.0001}","{""detection_events"":25969,""detectors_checked"":62160896}"
   1712128,         5,         0,    44.9,standalone_exact_mw,77d802c74222c3324b7f1323f7447c6411ad27be92307b6127e53af575faadca,"{""distance"":5,""physical_error_rate"":0.001}","{""detection_events"":1586129,""detectors_checked"":383516672,""obs_mistake_mask=E"":5}"
   1303552,         0,         0,    44.7,standalone_exact_mw,29ae76c7f86edcd2f56343e8109d8463cbc736644db4e57527101e2f1c3606c8,"{""distance"":5,""physical_error_rate"":0.0002}","{""detection_events"":242553,""detectors_checked"":291995648}"
    857088,         0,         0,    31.9,standalone_exact_mw,29ae76c7f86edcd2f56343e8109d8463cbc736644db4e57527101e2f1c3606c8,"{""distance"":5,""physical_error_rate"":0.0002}","{""detection_events"":158779,""detectors_checked"":191987712}"
    363520,         1,         0,    22.9,standalone_exact_mw,77d802c74222c3324b7f1323f7447c6411ad27be92307b6127e53af575faadca,"{""distance"":5,""physical_error_rate"":0.001}","{""detection_events"":336917,""detectors_checked"":81428480,""obs_mistake_mask=E"":1}"
       273,         0,         0,   0.023,standalone_exact_mw,7bb6e20e48600212890a8c0dbf00c9e78f41358e09b12be0f89e4aae4bc5d684,"{""distance"":5,""physical_error_rate"":0.002}","{""detection_events"":515,""detectors_checked"":61152}"
      1024,         0,         0,   0.096,standalone_exact_mw,7bb6e20e48600212890a8c0dbf00c9e78f41358e09b12be0f89e4aae4bc5d684,"{""distance"":5,""physical_error_rate"":0.002}","{""detection_events"":1863,""detectors_checked"":229376}"
      1024,         1,         0,   0.116,standalone_exact_mw,7bb6e20e48600212890a8c0dbf00c9e78f41358e09b12be0f89e4aae4bc5d684,"{""distance"":5,""physical_error_rate"":0.002}","{""detection_events"":1809,""detectors_checked"":229376,""obs_mistake_mask=E"":1}"
   1316864,         1,         0,    44.9,standalone_exact_mw,503ee55b5ad1b1988379a241a0405811522ee4d50b473755532ad1299cb121e2,"{""distance"":5,""physical_error_rate"":0.0005}","{""detection_events"":611191,""detectors_checked"":294977536,""obs_mistake_mask=E"":1}"
      1024,         0,         0,   0.138,standalone_exact_mw,7bb6e20e48600212890a8c0dbf00c9e78f41358e09b12be0f89e4aae4bc5d684,"{""distance"":5,""physical_error_rate"":0.002}","{""detection_events"":1979,""detectors_checked"":229376}"
      1024,         0,         0,   0.109,standalone_exact_mw,7bb6e20e48600212890a8c0dbf00c9e78f41358e09b12be0f89e4aae4bc5d684,"{""distance"":5,""physical_error_rate"":0.002}","{""detection_events"":1829,""detectors_checked"":229376}"
    228352,         0,         0,    11.7,standalone_exact_mw,503ee55b5ad1b1988379a241a0405811522ee4d50b473755532ad1299cb121e2,"{""distance"":5,""physical_error_rate"":0.0005}","{""detection_events"":106593,""detectors_checked"":51150848}"
      1024,         0,         0,   0.118,standalone_exact_mw,7bb6e20e48600212890a8c0dbf00c9e78f41358e09b12be0f89e4aae4bc5d684,"{""distance"":5,""physical_error_rate"":0.002}","{""detection_events"":1993,""detectors_checked"":229376}"
      1024,         0,         0,   0.117,standalone_exact_mw,7bb6e20e48600212890a8c0dbf00c9e78f41358e09b12be0f89e4aae4bc5d684,"{""distance"":5,""physical_error_rate"":0.002}","{""detection_events"":1838,""detectors_checked"":229376}"
   1177600,         0,         0,    44.6,standalone_exact_mw,cc9149276d16e61a5ac322a1d2048afebd34054fe0ed4879b77eb616628c1148,"{""distance"":5,""physical_error_rate"":0.0001}","{""detection_events"":109603,""detectors_checked"":263782400}"
      1024,         0,         0,   0.152,standalone_exact_mw,7bb6e20e48600212890a8c0dbf00c9e78f41358e09b12be0f89e4aae4bc5d684,"{""distance"":5,""physical_error_rate"":0.002}","{""detection_events"":2030,""detectors_checked"":229376}"
      2048,         0,         0,   0.248,standalone_exact_mw,7bb6e20e48600212890a8c0dbf00c9e78f41358e09b12be0f89e4aae4bc5d684,"{""distance"":5,""physical_error_rate"":0.002}","{""detection_events"":3896,""detectors_checked"":458752}"
       273,         0,         0,   0.018,standalone_exact_mw,77d802c74222c3324b7f1323f7447c6411ad27be92307b6127e53af575faadca,"{""distance"":5,""physical_error_rate"":0.001}","{""detection_events"":246,""detectors_checked"":61152}"
      1024,         0,         0,   0.063,standalone_exact_mw,77d802c74222c3324b7f1323f7447c6411ad27be92307b6127e53af575faadca,"{""distance"":5,""physical_error_rate"":0.001}","{""detection_events"":927,""detectors_checked"":229376}"
       273,         0,         0,   0.016,standalone_exact_mw,29ae76c7f86edcd2f56343e8109d8463cbc736644db4e57527101e2f1c3606c8,"{""distance"":5,""physical_error_rate"":0.0002}","{""detection_events"":82,""detectors_checked"":61152}"
      1024,         0,         0,   0.056,standalone_exact_mw,77d802c74222c3324b7f1323f7447c6411ad27be92307b6127e53af575faadca,"{""distance"":5,""physical_error_rate"":0.001}","{""detection_events"":828,""detectors_checked"":229376}"
      1024,         0,         0,   0.028,standalone_exact_mw,29ae76c7f86edcd2f56343e8109d8463cbc736644db4e57527101e2f1c3606c8,"{""distance"":5,""physical_error_rate"":0.0002}","{""detection_events"":160,""detectors_checked"":229376}"
      1024,         0,         0,   0.029,standalone_exact_mw,29ae76c7f86edcd2f56343e8109d8463cbc736644db4e57527101e2f1c3606c8,"{""distance"":5,""physical_error_rate"":0.0002}","{""detection_events"":215,""detectors_checked"":229376}"
      1024,         0,         0,   0.054,standalone_exact_mw,77d802c74222c3324b7f1323f7447c6411ad27be92307b6127e53af575faadca,"{""distance"":5,""physical_error_rate"":0.001}","{""detection_events"":962,""detectors_checked"":229376}"
      1024,         0,         0,   0.028,standalone_exact_mw,29ae76c7f86edcd2f56343e8109d8463cbc736644db4e57527101e2f1c3606c8,"{""distance"":5,""physical_error_rate"":0.0002}","{""detection_events"":187,""detectors_checked"":229376}"
      1024,         0,         0,   0.053,standalone_exact_mw,77d802c74222c3324b7f1323f7447c6411ad27be92307b6127e53af575faadca,"{""distance"":5,""physical_error_rate"":0.001}","{""detection_events"":919,""detectors_checked"":229376}"
      2048,         0,         0,   0.056,standalone_exact_mw,29ae76c7f86edcd2f56343e8109d8463cbc736644db4e57527101e2f1c3606c8,"{""distance"":5,""physical_error_rate"":0.0002}","{""detection_events"":376,""detectors_checked"":458752}"
      3072,         0,         0,   0.312,standalone_exact_mw,7bb6e20e48600212890a8c0dbf00c9e78f41358e09b12be0f89e4aae4bc5d684,"{""distance"":5,""physical_error_rate"":0.002}","{""detection_events"":5797,""detectors_checked"":688128}"
      2048,         0,         0,   0.075,standalone_exact_mw,29ae76c7f86edcd2f56343e8109d8463cbc736644db4e57527101e2f1c3606c8,"{""distance"":5,""physical_error_rate"":0.0002}","{""detection_events"":343,""detectors_checked"":458752}"
   1041408,         0,         0,    31.9,standalone_exact_mw,cc9149276d16e61a5ac322a1d2048afebd34054fe0ed4879b77eb616628c1148,"{""distance"":5,""physical_error_rate"":0.0001}","{""detection_events"":96900,""detectors_checked"":233275392}"
      2048,         0,         0,   0.107,standalone_exact_mw,77d802c74222c3324b7f1323f7447c6411ad27be92307b6127e53af575faadca,"{""distance"":5,""physical_error_rate"":0.001}","{""detection_events"":1767,""detectors_checked"":458752}"
       273,         0,         0,   0.025,standalone_exact_mw,cc9149276d16e61a5ac322a1d2048afebd34054fe0ed4879b77eb616628c1148,"{""distance"":5,""physical_error_rate"":0.0001}","{""detection_events"":22,""detectors_checked"":61152}"
      1024,         0,         0,   0.037,standalone_exact_mw,cc9149276d16e61a5ac322a1d2048afebd34054fe0ed4879b77eb616628c1148,"{""distance"":5,""physical_error_rate"":0.0001}","{""detection_events"":86,""detectors_checked"":229376}"
      3072,         0,         0,   0.085,standalone_exact_mw,29ae76c7f86edcd2f56343e8109d8463cbc736644db4e57527101e2f1c3606c8,"{""distance"":5,""physical_error_rate"":0.0002}","{""detection_events"":562,""detectors_checked"":688128}"
      1024,         0,         0,   0.030,standalone_exact_mw,cc9149276d16e61a5ac322a1d2048afebd34054fe0ed4879b77eb616628c1148,"{""distance"":5,""physical_error_rate"":0.0001}","{""detection_events"":84,""detectors_checked"":229376}"
      2048,         0,         0,   0.105,standalone_exact_mw,77d802c74222c3324b7f1323f7447c6411ad27be92307b6127e53af575faadca,"{""distance"":5,""physical_error_rate"":0.001}","{""detection_events"":1939,""detectors_checked"":458752}"
      1024,         0,         0,   0.044,standalone_exact_mw,cc9149276d16e61a5ac322a1d2048afebd34054fe0ed4879b77eb616628c1148,"{""distance"":5,""physical_error_rate"":0.0001}","{""detection_events"":104,""detectors_checked"":229376}"
      2048,         0,         0,   0.060,standalone_exact_mw,cc9149276d16e61a5ac322a1d2048afebd34054fe0ed4879b77eb616628c1148,"{""distance"":5,""physical_error_rate"":0.0001}","{""detection_events"":186,""detectors_checked"":458752}"
      3072,         0,         0,   0.119,standalone_exact_mw,29ae76c7f86edcd2f56343e8109d8463cbc736644db4e57527101e2f1c3606c8,"{""distance"":5,""physical_error_rate"":0.0002}","{""detection_events"":480,""detectors_checked"":688128}"
      2048,         0,         0,   0.142,standalone_exact_mw,77d802c74222c3324b7f1323f7447c6411ad27be92307b6127e53af575faadca,"{""distance"":5,""physical_error_rate"":0.001}","{""detection_events"":1899,""detectors_checked"":458752}"
      2048,         0,         0,   0.084,standalone_exact_mw,cc9149276d16e61a5ac322a1d2048afebd34054fe0ed4879b77eb616628c1148,"{""distance"":5,""physical_error_rate"":0.0001}","{""detection_events"":152,""detectors_checked"":458752}"
      3072,         0,         0,   0.337,standalone_exact_mw,7bb6e20e48600212890a8c0dbf00c9e78f41358e09b12be0f89e4aae4bc5d684,"{""distance"":5,""physical_error_rate"":0.002}","{""detection_events"":5667,""detectors_checked"":688128}"
      6144,         0,         0,   0.175,standalone_exact_mw,29ae76c7f86edcd2f56343e8109d8463cbc736644db4e57527101e2f1c3606c8,"{""distance"":5,""physical_error_rate"":0.0002}","{""detection_events"":1105,""detectors_checked"":1376256}"
      2048,         0,         0,   0.098,standalone_exact_mw,cc9149276d16e61a5ac322a1d2048afebd34054fe0ed4879b77eb616628c1148,"{""distance"":5,""physical_error_rate"":0.0001}","{""detection_events"":226,""detectors_checked"":458752}"
      4096,         0,         0,   0.217,standalone_exact_mw,77d802c74222c3324b7f1323f7447c6411ad27be92307b6127e53af575faadca,"{""distance"":5,""physical_error_rate"":0.001}","{""detection_events"":3699,""detectors_checked"":917504}"
      4096,         0,         0,   0.109,standalone_exact_mw,cc9149276d16e61a5ac322a1d2048afebd34054fe0ed4879b77eb616628c1148,"{""distance"":5,""physical_error_rate"":0.0001}","{""detection_events"":414,""detectors_checked"":917504}"
       273,         0,         0,   0.043,standalone_exact_mw,7bb6e20e48600212890a8c0dbf00c9e78f41358e09b12be0f89e4aae4bc5d684,"{""distance"":5,""physical_error_rate"":0.002}","{""detection_events"":542,""detectors_checked"":61152}"
      1024,         0,         0,   0.087,standalone_exact_mw,7bb6e20e48600212890a8c0dbf00c9e78f41358e09b12be0f89e4aae4bc5d684,"{""distance"":5,""physical_error_rate"":0.002}","{""detection_events"":1839,""detectors_checked"":229376}"
      7168,         0,         0,   0.246,standalone_exact_mw,29ae76c7f86edcd2f56343e8109d8463cbc736644db4e57527101e2f1c3606c8,"{""distance"":5,""physical_error_rate"":0.0002}","{""detection_events"":1320,""detectors_checked"":1605632}"
       273,         0,         0,   0.026,standalone_exact_mw,503ee55b5ad1b1988379a241a0405811522ee4d50b473755532ad1299cb121e2,"{""distance"":5,""physical_error_rate"":0.0005}","{""detection_events"":132,""detectors_checked"":61152}"
      1024,         0,         0,   0.034,standalone_exact_mw,503ee55b5ad1b1988379a241a0405811522ee4d50b473755532ad1299cb121e2,"{""distance"":5,""physical_error_rate"":0.0005}","{""detection_events"":455,""detectors_checked"":229376}"
      6144,         0,         0,   0.170,standalone_exact_mw,cc9149276d16e61a5ac322a1d2048afebd34054fe0ed4879b77eb616628c1148,"{""distance"":5,""physical_error_rate"":0.0001}","{""detection_events"":565,""detectors_checked"":1376256}"
      1024,         0,         0,   0.055,standalone_exact_mw,503ee55b5ad1b1988379a241a0405811522ee4d50b473755532ad1299cb121e2,"{""distance"":5,""physical_error_rate"":0.0005}","{""detection_events"":534,""detectors_checked"":229376}"
      5120,         0,         0,   0.258,standalone_exact_mw,77d802c74222c3324b7f1323f7447c6411ad27be92307b6127e53af575faadca,"{""distance"":5,""physical_error_rate"":0.001}","{""detection_events"":4852,""detectors_checked"":1146880}"
      1024,         0,         0,   0.137,standalone_exact_mw,7bb6e20e48600212890a8c0dbf00c9e78f41358e09b12be0f89e4aae4bc5d684,"{""distance"":5,""physical_error_rate"":0.002}","{""detection_events"":1848,""detectors_checked"":229376}"
      4096,         0,         0,   0.478,standalone_exact_mw,7bb6e20e48600212890a8c0dbf00c9e78f41358e09b12be0f89e4aae4bc5d684,"{""distance"":5,""physical_error_rate"":0.002}","{""detection_events"":7528,""detectors_checked"":917504}"
      1024,         0,         0,   0.056,standalone_exact_mw,503ee55b5ad1b1988379a241a0405811522ee4d50b473755532ad1299cb121e2,"{""distance"":5,""physical_error_rate"":0.0005}","{""detection_events"":482,""detectors_checked"":229376}"
      1024,         0,         0,   0.035,standalone_exact_mw,503ee55b5ad1b1988379a241a0405811522ee4d50b473755532ad1299cb121e2,"{""distance"":5,""physical_error_rate"":0.0005}","{""detection_events"":539,""detectors_checked"":229376}"
      1024,         0,         0,   0.091,standalone_exact_mw,7bb6e20e48600212890a8c0dbf00c9e78f41358e09b12be0f89e4aae4bc5d684,"{""distance"":5,""physical_error_rate"":0.002}","{""detection_events"":1752,""detectors_checked"":229376}"
      7168,         0,         0,   0.207,standalone_exact_mw,cc9149276d16e61a5ac322a1d2048afebd34054fe0ed4879b77eb616628c1148,"{""distance"":5,""physical_error_rate"":0.0001}","{""detection_events"":702,""detectors_checked"":1605632}"
      1024,         0,         0,   0.034,standalone_exact_mw,503ee55b5ad1b1988379a241a0405811522ee4d50b473755532ad1299cb121e2,"{""distance"":5,""physical_error_rate"":0.0005}","{""detection_events"":419,""detectors_checked"":229376}"
      8192,         0,         0,   0.314,standalone_exact_mw,29ae76c7f86edcd2f56343e8109d8463cbc736644db4e57527101e2f1c3606c8,"{""distance"":5,""physical_error_rate"":0.0002}","{""detection_events"":1476,""detectors_checked"":1835008}"
      1024,         0,         0,   0.087,standalone_exact_mw,7bb6e20e48600212890a8c0dbf00c9e78f41358e09b12be0f89e4aae4bc5d684,"{""distance"":5,""physical_error_rate"":0.002}","{""detection_events"":1788,""detectors_checked"":229376}"
      2048,         0,         0,   0.110,standalone_exact_mw,503ee55b5ad1b1988379a241a0405811522ee4d50b473755532ad1299cb121e2,"{""distance"":5,""physical_error_rate"":0.0005}","{""detection_events"":997,""detectors_checked"":458752}"
      5120,         0,         0,   0.283,standalone_exact_mw,77d802c74222c3324b7f1323f7447c6411ad27be92307b6127e53af575faadca,"{""distance"":5,""physical_error_rate"":0.001}","{""detection_events"":4899,""detectors_checked"":1146880}"
      1024,         0,         0,   0.109,standalone_exact_mw,7bb6e20e48600212890a8c0dbf00c9e78f41358e09b12be0f89e4aae4bc5d684,"{""distance"":5,""physical_error_rate"":0.002}","{""detection_events"":1887,""detectors_checked"":229376}"
      2048,         0,         0,   0.110,standalone_exact_mw,503ee55b5ad1b1988379a241a0405811522ee4d50b473755532ad1299cb121e2,"{""distance"":5,""physical_error_rate"":0.0005}","{""detection_events"":864,""detectors_checked"":458752}"
      1024,         0,         0,   0.095,standalone_exact_mw,7bb6e20e48600212890a8c0dbf00c9e78f41358e09b12be0f89e4aae4bc5d684,"{""distance"":5,""physical_error_rate"":0.002}","{""detection_events"":1743,""detectors_checked"":229376}"
     11264,         0,         0,   0.289,standalone_exact_mw,cc9149276d16e61a5ac322a1d2048afebd34054fe0ed4879b77eb616628c1148,"{""distance"":5,""physical_error_rate"":0.0001}","{""detection_events"":1041,""detectors_checked"":2523136}"
      1024,         0,         0,   0.111,standalone_exact_mw,7bb6e20e48600212890a8c0dbf00c9e78f41358e09b12be0f89e4aae4bc5d684,"{""distance"":5,""physical_error_rate"":0.002}","{""detection_events"":1943,""detectors_checked"":229376}"
      4096,         0,         0,   0.200,standalone_exact_mw,503ee55b5ad1b1988379a241a0405811522ee4d50b473755532ad1299cb121e2,"{""distance"":5,""physical_error_rate"":0.0005}","{""detection_events"":1852,""detectors_checked"":917504}"
     13312,         0,         0,   0.416,standalone_exact_mw,29ae76c7f86edcd2f56343e8109d8463cbc736644db4e57527101e2f1c3606c8,"{""distance"":5,""physical_error_rate"":0.0002}","{""detection_events"":2484,""detectors_checked"":2981888}"
      6144,         0,         0,   0.669,standalone_exact_mw,7bb6e20e48600212890a8c0dbf00c9e78f41358e09b12be0f89e4aae4bc5d684,"{""distance"":5,""physical_error_rate"":0.002}","{""detection_events"":11033,""detectors_checked"":1376256}"
      8192,         0,         0,   0.430,standalone_exact_mw,77d802c74222c3324b7f1323f7447c6411ad27be92307b6127e53af575faadca,"{""distance"":5,""physical_error_rate"":0.001}","{""detection_events"":7673,""detectors_checked"":1835008}"
      2048,         0,         0,   0.221,standalone_exact_mw,7bb6e20e48600212890a8c0dbf00c9e78f41358e09b12be0f89e4aae4bc5d684,"{""distance"":5,""physical_error_rate"":0.002}","{""detection_events"":3556,""detectors_checked"":458752}"
      4096,         0,         0,   0.224,standalone_exact_mw,503ee55b5ad1b1988379a241a0405811522ee4d50b473755532ad1299cb121e2,"{""distance"":5,""physical_error_rate"":0.0005}","{""detection_events"":2008,""detectors_checked"":917504}"
     16384,         0,         0,   0.428,standalone_exact_mw,cc9149276d16e61a5ac322a1d2048afebd34054fe0ed4879b77eb616628c1148,"{""distance"":5,""physical_error_rate"":0.0001}","{""detection_events"":1392,""detectors_checked"":3670016}"
      2048,         0,         0,   0.219,standalone_exact_mw,7bb6e20e48600212890a8c0dbf00c9e78f41358e09b12be0f89e4aae4bc5d684,"{""distance"":5,""physical_error_rate"":0.002}","{""detection_events"":3723,""detectors_checked"":458752}"
      6144,         0,         0,   0.307,standalone_exact_mw,503ee55b5ad1b1988379a241a0405811522ee4d50b473755532ad1299cb121e2,"{""distance"":5,""physical_error_rate"":0.0005}","{""detection_events"":2705,""detectors_checked"":1376256}"
     18432,         0,         0,   0.600,standalone_exact_mw,29ae76c7f86edcd2f56343e8109d8463cbc736644db4e57527101e2f1c3606c8,"{""distance"":5,""physical_error_rate"":0.0002}","{""detection_events"":3480,""detectors_checked"":4128768}"
      4096,         0,         0,   0.332,standalone_exact_mw,7bb6e20e48600212890a8c0dbf00c9e78f41358e09b12be0f89e4aae4bc5d684,"{""distance"":5,""physical_error_rate"":0.002}","{""detection_events"":7695,""detectors_checked"":917504}"
     10240,         0,         0,   0.592,standalone_exact_mw,77d802c74222c3324b7f1323f7447c6411ad27be92307b6127e53af575faadca,"{""distance"":5,""physical_error_rate"":0.001}","{""detection_events"":9476,""detectors_checked"":2293760}"
     18432,         0,         0,   0.547,standalone_exact_mw,cc9149276d16e61a5ac322a1d2048afebd34054fe0ed4879b77eb616628c1148,"{""distance"":5,""physical_error_rate"":0.0001}","{""detection_events"":1695,""detectors_checked"":4128768}"
      7168,         0,         0,   0.812,standalone_exact_mw,7bb6e20e48600212890a8c0dbf00c9e78f41358e09b12be0f89e4aae4bc5d684,"{""distance"":5,""physical_error_rate"":0.002}","{""detection_events"":13232,""detectors_checked"":1605632}"
     12288,         0,         0,   0.428,standalone_exact_mw,503ee55b5ad1b1988379a241a0405811522ee4d50b473755532ad1299cb121e2,"{""distance"":5,""physical_error_rate"":0.0005}","{""detection_events"":6016,""detectors_checked"":2752512}"
   1453056,         0,         0,    44.7,standalone_exact_mw,29ae76c7f86edcd2f56343e8109d8463cbc736644db4e57527101e2f1c3606c8,"{""distance"":5,""physical_error_rate"":0.0002}","{""detection_events"":271718,""detectors_checked"":325484544}"
      4096,         0,         0,   0.486,standalone_exact_mw,7bb6e20e48600212890a8c0dbf00c9e78f41358e09b12be0f89e4aae4bc5d684,"{""distance"":5,""physical_error_rate"":0.002}","{""detection_events"":7366,""detectors_checked"":917504}"
       273,         0,         0,   0.025,standalone_exact_mw,503ee55b5ad1b1988379a241a0405811522ee4d50b473755532ad1299cb121e2,"{""distance"":5,""physical_error_rate"":0.0005}","{""detection_events"":106,""detectors_checked"":61152}"
     20480,         0,         0,   0.816,standalone_exact_mw,29ae76c7f86edcd2f56343e8109d8463cbc736644db4e57527101e2f1c3606c8,"{""distance"":5,""physical_error_rate"":0.0002}","{""detection_events"":3732,""detectors_checked"":4587520}"
      1024,         0,         0,   0.041,standalone_exact_mw,503ee55b5ad1b1988379a241a0405811522ee4d50b473755532ad1299cb121e2,"{""distance"":5,""physical_error_rate"":0.0005}","{""detection_events"":480,""detectors_checked"":229376}"
     14336,         0,         0,   0.589,standalone_exact_mw,503ee55b5ad1b1988379a241a0405811522ee4d50b473755532ad1299cb121e2,"{""distance"":5,""physical_error_rate"":0.0005}","{""detection_events"":6576,""detectors_checked"":3211264}"
      1024,         0,         0,   0.055,standalone_exact_mw,503ee55b5ad1b1988379a241a0405811522ee4d50b473755532ad1299cb121e2,"{""distance"":5,""physical_error_rate"":0.0005}","{""detection_events"":443,""detectors_checked"":229376}"
     11264,         0,         0,   0.814,standalone_exact_mw,77d802c74222c3324b7f1323f7447c6411ad27be92307b6127e53af575faadca,"{""distance"":5,""physical_error_rate"":0.001}","{""detection_events"":10700,""detectors_checked"":2523136}"
      1024,         0,         0,   0.055,standalone_exact_mw,503ee55b5ad1b1988379a241a0405811522ee4d50b473755532ad1299cb121e2,"{""distance"":5,""physical_error_rate"":0.0005}","{""detection_events"":487,""detectors_checked"":229376}"
      1024,         0,         0,   0.056,standalone_exact_mw,503ee55b5ad1b1988379a241a0405811522ee4d50b473755532ad1299cb121e2,"{""distance"":5,""physical_error_rate"":0.0005}","{""detection_events"":487,""detectors_checked"":229376}"
     22528,         0,         0,   0.796,standalone_exact_mw,cc9149276d16e61a5ac322a1d2048afebd34054fe0ed4879b77eb616628c1148,"{""distance"":5,""physical_error_rate"":0.0001}","{""detection_events"":2205,""detectors_checked"":5046272}"
      1024,         0,         0,   0.055,standalone_exact_mw,503ee55b5ad1b1988379a241a0405811522ee4d50b473755532ad1299cb121e2,"{""distance"":5,""physical_error_rate"":0.0005}","{""detection_events"":419,""detectors_checked"":229376}"
      2048,         0,         0,   0.110,standalone_exact_mw,503ee55b5ad1b1988379a241a0405811522ee4d50b473755532ad1299cb121e2,"{""distance"":5,""physical_error_rate"":0.0005}","{""detection_events"":842,""detectors_checked"":458752}"
      5120,         0,         0,   0.642,standalone_exact_mw,7bb6e20e48600212890a8c0dbf00c9e78f41358e09b12be0f89e4aae4bc5d684,"{""distance"":5,""physical_error_rate"":0.002}","{""detection_events"":9524,""detectors_checked"":1146880}"
      3072,         0,         0,   0.145,standalone_exact_mw,503ee55b5ad1b1988379a241a0405811522ee4d50b473755532ad1299cb121e2,"{""distance"":5,""physical_error_rate"":0.0005}","{""detection_events"":1544,""detectors_checked"":688128}"
     10240,         0,         0,    1.20,standalone_exact_mw,7bb6e20e48600212890a8c0dbf00c9e78f41358e09b12be0f89e4aae4bc5d684,"{""distance"":5,""physical_error_rate"":0.002}","{""detection_events"":18390,""detectors_checked"":2293760}"
      3072,         0,         0,   0.166,standalone_exact_mw,503ee55b5ad1b1988379a241a0405811522ee4d50b473755532ad1299cb121e2,"{""distance"":5,""physical_error_rate"":0.0005}","{""detection_events"":1465,""detectors_checked"":688128}"
    596992,         0,         0,    31.9,standalone_exact_mw,503ee55b5ad1b1988379a241a0405811522ee4d50b473755532ad1299cb121e2,"{""distance"":5,""physical_error_rate"":0.0005}","{""detection_events"":278419,""detectors_checked"":133726208}"
     15360,         0,         0,   0.799,standalone_exact_mw,503ee55b5ad1b1988379a241a0405811522ee4d50b473755532ad1299cb121e2,"{""distance"":5,""physical_error_rate"":0.0005}","{""detection_events"":7116,""detectors_checked"":3440640}"
      4096,         0,         0,   0.226,standalone_exact_mw,503ee55b5ad1b1988379a241a0405811522ee4d50b473755532ad1299cb121e2,"{""distance"":5,""physical_error_rate"":0.0005}","{""detection_events"":2006,""detectors_checked"":917504}"
       273,         0,         0,   0.019,standalone_exact_mw,29ae76c7f86edcd2f56343e8109d8463cbc736644db4e57527101e2f1c3606c8,"{""distance"":5,""physical_error_rate"":0.0002}","{""detection_events"":58,""detectors_checked"":61152}"
      1024,         0,         0,   0.033,standalone_exact_mw,29ae76c7f86edcd2f56343e8109d8463cbc736644db4e57527101e2f1c3606c8,"{""distance"":5,""physical_error_rate"":0.0002}","{""detection_events"":216,""detectors_checked"":229376}"
      1024,         0,         0,   0.052,standalone_exact_mw,29ae76c7f86edcd2f56343e8109d8463cbc736644db4e57527101e2f1c3606c8,"{""distance"":5,""physical_error_rate"":0.0002}","{""detection_events"":212,""detectors_checked"":229376}"
     28672,         0,         0,    1.16,standalone_exact_mw,29ae76c7f86edcd2f56343e8109d8463cbc736644db4e57527101e2f1c3606c8,"{""distance"":5,""physical_error_rate"":0.0002}","{""detection_events"":5226,""detectors_checked"":6422528}"
      1024,         0,         0,   0.031,standalone_exact_mw,29ae76c7f86edcd2f56343e8109d8463cbc736644db4e57527101e2f1c3606c8,"{""distance"":5,""physical_error_rate"":0.0002}","{""detection_events"":151,""detectors_checked"":229376}"
      1024,         0,         0,   0.052,standalone_exact_mw,29ae76c7f86edcd2f56343e8109d8463cbc736644db4e57527101e2f1c3606c8,"{""distance"":5,""physical_error_rate"":0.0002}","{""detection_events"":160,""detectors_checked"":229376}"
      6144,         0,         0,   0.331,standalone_exact_mw,503ee55b5ad1b1988379a241a0405811522ee4d50b473755532ad1299cb121e2,"{""distance"":5,""physical_error_rate"":0.0005}","{""detection_events"":2958,""detectors_checked"":1376256}"
     16384,         0,         0,    1.15,standalone_exact_mw,77d802c74222c3324b7f1323f7447c6411ad27be92307b6127e53af575faadca,"{""distance"":5,""physical_error_rate"":0.001}","{""detection_events"":15266,""detectors_checked"":3670016}"
      8192,         0,         0,   0.851,standalone_exact_mw,7bb6e20e48600212890a8c0dbf00c9e78f41358e09b12be0f89e4aae4bc5d684,"{""distance"":5,""physical_error_rate"":0.002}","{""detection_events"":15410,""detectors_checked"":1835008}"
      2048,         0,         0,   0.084,standalone_exact_mw,29ae76c7f86edcd2f56343e8109d8463cbc736644db4e57527101e2f1c3606c8,"{""distance"":5,""physical_error_rate"":0.0002}","{""detection_events"":401,""detectors_checked"":458752}"
     31744,         0,         0,    1.13,standalone_exact_mw,cc9149276d16e61a5ac322a1d2048afebd34054fe0ed4879b77eb616628c1148,"{""distance"":5,""physical_error_rate"":0.0001}","{""detection_events"":2979,""detectors_checked"":7110656}"
      2048,         0,         0,   0.088,standalone_exact_mw,29ae76c7f86edcd2f56343e8109d8463cbc736644db4e57527101e2f1c3606c8,"{""distance"":5,""physical_error_rate"":0.0002}","{""detection_events"":418,""detectors_checked"":458752}"
      3072,         0,         0,   0.115,standalone_exact_mw,29ae76c7f86edcd2f56343e8109d8463cbc736644db4e57527101e2f1c3606c8,"{""distance"":5,""physical_error_rate"":0.0002}","{""detection_events"":630,""detectors_checked"":688128}"
      1297,         0,         0,   0.084,standalone_exact_mw,77d802c74222c3324b7f1323f7447c6411ad27be92307b6127e53af575faadca,"{""distance"":5,""physical_error_rate"":0.001}","{""detection_events"":1171,""detectors_checked"":290528}"
      8192,         0,         0,   0.423,standalone_exact_mw,503ee55b5ad1b1988379a241a0405811522ee4d50b473755532ad1299cb121e2,"{""distance"":5,""physical_error_rate"":0.0005}","{""detection_events"":3527,""detectors_checked"":1835008}"
      4096,         0,         0,   0.168,standalone_exact_mw,29ae76c7f86edcd2f56343e8109d8463cbc736644db4e57527101e2f1c3606c8,"{""distance"":5,""physical_error_rate"":0.0002}","{""detection_events"":793,""detectors_checked"":917504}"
      1024,         0,         0,   0.085,standalone_exact_mw,77d802c74222c3324b7f1323f7447c6411ad27be92307b6127e53af575faadca,"{""distance"":5,""physical_error_rate"":0.001}","{""detection_events"":1016,""detectors_checked"":229376}"
      1024,         0,         0,   0.081,standalone_exact_mw,77d802c74222c3324b7f1323f7447c6411ad27be92307b6127e53af575faadca,"{""distance"":5,""physical_error_rate"":0.001}","{""detection_events"":1000,""detectors_checked"":229376}"
      1024,         0,         0,   0.062,standalone_exact_mw,77d802c74222c3324b7f1323f7447c6411ad27be92307b6127e53af575faadca,"{""distance"":5,""physical_error_rate"":0.001}","{""detection_events"":909,""detectors_checked"":229376}"
      5120,         0,         0,   0.198,standalone_exact_mw,29ae76c7f86edcd2f56343e8109d8463cbc736644db4e57527101e2f1c3606c8,"{""distance"":5,""physical_error_rate"":0.0002}","{""detection_events"":929,""detectors_checked"":1146880}"
   1631232,         0,         0,    44.6,standalone_exact_mw,aea10f45e3589e84a00777b800d38e8a3149bd6cb552c409f3bffd718c1a0abf,"{""distance"":5,""physical_error_rate"":5e-05}","{""detection_events"":76027,""detectors_checked"":365395968}"
      1024,         0,         0,   0.082,standalone_exact_mw,77d802c74222c3324b7f1323f7447c6411ad27be92307b6127e53af575faadca,"{""distance"":5,""physical_error_rate"":0.001}","{""detection_events"":1006,""detectors_checked"":229376}"
      1024,         0,         0,   0.084,standalone_exact_mw,77d802c74222c3324b7f1323f7447c6411ad27be92307b6127e53af575faadca,"{""distance"":5,""physical_error_rate"":0.001}","{""detection_events"":914,""detectors_checked"":229376}"
     22528,         0,         0,    1.16,standalone_exact_mw,503ee55b5ad1b1988379a241a0405811522ee4d50b473755532ad1299cb121e2,"{""distance"":5,""physical_error_rate"":0.0005}","{""detection_events"":10394,""detectors_checked"":5046272}"
      1024,         0,         0,   0.081,standalone_exact_mw,77d802c74222c3324b7f1323f7447c6411ad27be92307b6127e53af575faadca,"{""distance"":5,""physical_error_rate"":0.001}","{""detection_events"":923,""detectors_checked"":229376}"
       273,         0,         0,   0.011,standalone_exact_mw,aea10f45e3589e84a00777b800d38e8a3149bd6cb552c409f3bffd718c1a0abf,"{""distance"":5,""physical_error_rate"":5e-05}","{""detection_events"":19,""detectors_checked"":61152}"
      1024,         0,         0,   0.015,standalone_exact_mw,aea10f45e3589e84a00777b800d38e8a3149bd6cb552c409f3bffd718c1a0abf,"{""distance"":5,""physical_error_rate"":5e-05}","{""detection_events"":54,""detectors_checked"":229376}"
      1024,         0,         0,   0.051,standalone_exact_mw,aea10f45e3589e84a00777b800d38e8a3149bd6cb552c409f3bffd718c1a0abf,"{""distance"":5,""physical_error_rate"":5e-05}","{""detection_events"":33,""detectors_checked"":229376}"
    464896,        14,         0,    44.9,standalone_exact_mw,7bb6e20e48600212890a8c0dbf00c9e78f41358e09b12be0f89e4aae4bc5d684,"{""distance"":5,""physical_error_rate"":0.002}","{""detection_events"":860360,""detectors_checked"":104136704,""obs_mistake_mask=E"":14}"
      1024,         0,         0,   0.030,standalone_exact_mw,aea10f45e3589e84a00777b800d38e8a3149bd6cb552c409f3bffd718c1a0abf,"{""distance"":5,""physical_error_rate"":5e-05}","{""detection_events"":36,""detectors_checked"":229376}"
      8192,         0,         0,   0.312,standalone_exact_mw,29ae76c7f86edcd2f56343e8109d8463cbc736644db4e57527101e2f1c3606c8,"{""distance"":5,""physical_error_rate"":0.0002}","{""detection_events"":1408,""detectors_checked"":1835008}"
      2048,         0,         0,   0.136,standalone_exact_mw,77d802c74222c3324b7f1323f7447c6411ad27be92307b6127e53af575faadca,"{""distance"":5,""physical_error_rate"":0.001}","{""detection_events"":1845,""detectors_checked"":458752}"
     11264,         0,         0,   0.586,standalone_exact_mw,503ee55b5ad1b1988379a241a0405811522ee4d50b473755532ad1299cb121e2,"{""distance"":5,""physical_error_rate"":0.0005}","{""detection_events"":5163,""detectors_checked"":2523136}"
      2048,         0,         0,   0.059,standalone_exact_mw,aea10f45e3589e84a00777b800d38e8a3149bd6cb552c409f3bffd718c1a0abf,"{""distance"":5,""physical_error_rate"":5e-05}","{""detection_events"":74,""detectors_checked"":458752}"
     14336,         0,         0,    1.59,standalone_exact_mw,7bb6e20e48600212890a8c0dbf00c9e78f41358e09b12be0f89e4aae4bc5d684,"{""distance"":5,""physical_error_rate"":0.002}","{""detection_events"":26101,""detectors_checked"":3211264}"
      2048,         0,         0,   0.077,standalone_exact_mw,aea10f45e3589e84a00777b800d38e8a3149bd6cb552c409f3bffd718c1a0abf,"{""distance"":5,""physical_error_rate"":5e-05}","{""detection_events"":82,""detectors_checked"":458752}"
      3072,         0,         0,   0.173,standalone_exact_mw,77d802c74222c3324b7f1323f7447c6411ad27be92307b6127e53af575faadca,"{""distance"":5,""physical_error_rate"":0.001}","{""detection_events"":2869,""detectors_checked"":688128}"
     10240,         1,         0,    1.16,standalone_exact_mw,7bb6e20e48600212890a8c0dbf00c9e78f41358e09b12be0f89e4aae4bc5d684,"{""distance"":5,""physical_error_rate"":0.002}","{""detection_events"":19109,""detectors_checked"":2293760,""obs_mistake_mask=E"":1}"
      3072,         0,         0,   0.110,standalone_exact_mw,aea10f45e3589e84a00777b800d38e8a3149bd6cb552c409f3bffd718c1a0abf,"{""distance"":5,""physical_error_rate"":5e-05}","{""detection_events"":167,""detectors_checked"":688128}"
      4096,         0,         0,   0.118,standalone_exact_mw,aea10f45e3589e84a00777b800d38e8a3149bd6cb552c409f3bffd718c1a0abf,"{""distance"":5,""physical_error_rate"":5e-05}","{""detection_events"":178,""detectors_checked"":917504}"
     11264,         0,         0,   0.420,standalone_exact_mw,29ae76c7f86edcd2f56343e8109d8463cbc736644db4e57527101e2f1c3606c8,"{""distance"":5,""physical_error_rate"":0.0002}","{""detection_events"":2032,""detectors_checked"":2523136}"
      3072,         0,         0,   0.248,standalone_exact_mw,77d802c74222c3324b7f1323f7447c6411ad27be92307b6127e53af575faadca,"{""distance"":5,""physical_error_rate"":0.001}","{""detection_events"":2770,""detectors_checked"":688128}"
     38912,         0,         0,    1.59,standalone_exact_mw,29ae76c7f86edcd2f56343e8109d8463cbc736644db4e57527101e2f1c3606c8,"{""distance"":5,""physical_error_rate"":0.0002}","{""detection_events"":7359,""detectors_checked"":8716288}"
      5120,         0,         0,   0.192,standalone_exact_mw,aea10f45e3589e84a00777b800d38e8a3149bd6cb552c409f3bffd718c1a0abf,"{""distance"":5,""physical_error_rate"":5e-05}","{""detection_events"":262,""detectors_checked"":1146880}"
     23552,         0,         0,    1.60,standalone_exact_mw,77d802c74222c3324b7f1323f7447c6411ad27be92307b6127e53af575faadca,"{""distance"":5,""physical_error_rate"":0.001}","{""detection_events"":21234,""detectors_checked"":5275648}"
     45056,         0,         0,    1.60,standalone_exact_mw,cc9149276d16e61a5ac322a1d2048afebd34054fe0ed4879b77eb616628c1148,"{""distance"":5,""physical_error_rate"":0.0001}","{""detection_events"":4160,""detectors_checked"":10092544}"
      7168,         0,         0,   0.228,standalone_exact_mw,aea10f45e3589e84a00777b800d38e8a3149bd6cb552c409f3bffd718c1a0abf,"{""distance"":5,""physical_error_rate"":5e-05}","{""detection_events"":306,""detectors_checked"":1605632}"
      4096,         0,         0,   0.310,standalone_exact_mw,77d802c74222c3324b7f1323f7447c6411ad27be92307b6127e53af575faadca,"{""distance"":5,""physical_error_rate"":0.001}","{""detection_events"":3735,""detectors_checked"":917504}"
     20480,         0,         0,   0.817,standalone_exact_mw,503ee55b5ad1b1988379a241a0405811522ee4d50b473755532ad1299cb121e2,"{""distance"":5,""physical_error_rate"":0.0005}","{""detection_events"":9376,""detectors_checked"":4587520}"
     15360,         0,         0,   0.615,standalone_exact_mw,29ae76c7f86edcd2f56343e8109d8463cbc736644db4e57527101e2f1c3606c8,"{""distance"":5,""physical_error_rate"":0.0002}","{""detection_events"":2812,""detectors_checked"":3440640}"
      9216,         0,         0,   0.307,standalone_exact_mw,aea10f45e3589e84a00777b800d38e8a3149bd6cb552c409f3bffd718c1a0abf,"{""distance"":5,""physical_error_rate"":5e-05}","{""detection_events"":375,""detectors_checked"":2064384}"
    214016,         7,         0,    23.0,standalone_exact_mw,7bb6e20e48600212890a8c0dbf00c9e78f41358e09b12be0f89e4aae4bc5d684,"{""distance"":5,""physical_error_rate"":0.002}","{""detection_events"":395526,""detectors_checked"":47939584,""obs_mistake_mask=E"":7}"
    322560,         0,         0,    22.9,standalone_exact_mw,77d802c74222c3324b7f1323f7447c6411ad27be92307b6127e53af575faadca,"{""distance"":5,""physical_error_rate"":0.001}","{""detection_events"":300107,""detectors_checked"":72253440}"
      6144,         0,         0,   0.446,standalone_exact_mw,77d802c74222c3324b7f1323f7447c6411ad27be92307b6127e53af575faadca,"{""distance"":5,""physical_error_rate"":0.001}","{""detection_events"":5416,""detectors_checked"":1376256}"
     32768,         0,         0,    1.58,standalone_exact_mw,503ee55b5ad1b1988379a241a0405811522ee4d50b473755532ad1299cb121e2,"{""distance"":5,""physical_error_rate"":0.0005}","{""detection_events"":14966,""detectors_checked"":7340032}"
     12288,         0,         0,   0.383,standalone_exact_mw,aea10f45e3589e84a00777b800d38e8a3149bd6cb552c409f3bffd718c1a0abf,"{""distance"":5,""physical_error_rate"":5e-05}","{""detection_events"":620,""detectors_checked"":2752512}"
    518144,         1,         0,    32.0,standalone_exact_mw,77d802c74222c3324b7f1323f7447c6411ad27be92307b6127e53af575faadca,"{""distance"":5,""physical_error_rate"":0.001}","{""detection_events"":481242,""detectors_checked"":116064256,""obs_mistake_mask=E"":1}"
     17408,         1,         0,    1.57,standalone_exact_mw,7bb6e20e48600212890a8c0dbf00c9e78f41358e09b12be0f89e4aae4bc5d684,"{""distance"":5,""physical_error_rate"":0.002}","{""detection_events"":32179,""detectors_checked"":3899392,""obs_mistake_mask=E"":1}"
      9216,         0,         0,   0.619,standalone_exact_mw,77d802c74222c3324b7f1323f7447c6411ad27be92307b6127e53af575faadca,"{""distance"":5,""physical_error_rate"":0.001}","{""detection_events"":8682,""detectors_checked"":2064384}"
     20480,         0,         0,   0.812,standalone_exact_mw,29ae76c7f86edcd2f56343e8109d8463cbc736644db4e57527101e2f1c3606c8,"{""distance"":5,""physical_error_rate"":0.0002}","{""detection_events"":3871,""detectors_checked"":4587520}"
     33792,         0,         0,    1.11,standalone_exact_mw,503ee55b5ad1b1988379a241a0405811522ee4d50b473755532ad1299cb121e2,"{""distance"":5,""physical_error_rate"":0.0005}","{""detection_events"":15669,""detectors_checked"":7569408}"
     17408,         0,         0,   0.586,standalone_exact_mw,aea10f45e3589e84a00777b800d38e8a3149bd6cb552c409f3bffd718c1a0abf,"{""distance"":5,""physical_error_rate"":5e-05}","{""detection_events"":797,""detectors_checked"":3899392}"
    296960,         8,         0,    32.1,standalone_exact_mw,7bb6e20e48600212890a8c0dbf00c9e78f41358e09b12be0f89e4aae4bc5d684,"{""distance"":5,""physical_error_rate"":0.002}","{""detection_events"":547973,""detectors_checked"":66519040,""obs_mistake_mask=E"":8}"
     19456,         0,         0,    2.19,standalone_exact_mw,7bb6e20e48600212890a8c0dbf00c9e78f41358e09b12be0f89e4aae4bc5d684,"{""distance"":5,""physical_error_rate"":0.002}","{""detection_events"":36571,""detectors_checked"":4358144}"
    351232,         0,         0,    22.9,standalone_exact_mw,503ee55b5ad1b1988379a241a0405811522ee4d50b473755532ad1299cb121e2,"{""distance"":5,""physical_error_rate"":0.0005}","{""detection_events"":164378,""detectors_checked"":78675968}"
     11264,         0,         0,   0.808,standalone_exact_mw,77d802c74222c3324b7f1323f7447c6411ad27be92307b6127e53af575faadca,"{""distance"":5,""physical_error_rate"":0.001}","{""detection_events"":10372,""detectors_checked"":2523136}"
     54272,         0,         0,    2.16,standalone_exact_mw,29ae76c7f86edcd2f56343e8109d8463cbc736644db4e57527101e2f1c3606c8,"{""distance"":5,""physical_error_rate"":0.0002}","{""detection_events"":10394,""detectors_checked"":12156928}"
     30720,         0,         0,    2.19,standalone_exact_mw,77d802c74222c3324b7f1323f7447c6411ad27be92307b6127e53af575faadca,"{""distance"":5,""physical_error_rate"":0.001}","{""detection_events"":29441,""detectors_checked"":6881280}"
    581632,         0,         0,    22.9,standalone_exact_mw,29ae76c7f86edcd2f56343e8109d8463cbc736644db4e57527101e2f1c3606c8,"{""distance"":5,""physical_error_rate"":0.0002}","{""detection_events"":108460,""detectors_checked"":130285568}"
     24576,         0,         0,   0.813,standalone_exact_mw,aea10f45e3589e84a00777b800d38e8a3149bd6cb552c409f3bffd718c1a0abf,"{""distance"":5,""physical_error_rate"":5e-05}","{""detection_events"":1229,""detectors_checked"":5505024}"
     62464,         0,         0,    2.16,standalone_exact_mw,cc9149276d16e61a5ac322a1d2048afebd34054fe0ed4879b77eb616628c1148,"{""distance"":5,""physical_error_rate"":0.0001}","{""detection_events"":5946,""detectors_checked"":13991936}"
     28672,         0,         0,    1.13,standalone_exact_mw,29ae76c7f86edcd2f56343e8109d8463cbc736644db4e57527101e2f1c3606c8,"{""distance"":5,""physical_error_rate"":0.0002}","{""detection_events"":5106,""detectors_checked"":6422528}"
    151552,         4,         0,    16.4,standalone_exact_mw,7bb6e20e48600212890a8c0dbf00c9e78f41358e09b12be0f89e4aae4bc5d684,"{""distance"":5,""physical_error_rate"":0.002}","{""detection_events"":279986,""detectors_checked"":33947648,""obs_mistake_mask=E"":4}"
    962560,         0,         0,    44.9,standalone_exact_mw,503ee55b5ad1b1988379a241a0405811522ee4d50b473755532ad1299cb121e2,"{""distance"":5,""physical_error_rate"":0.0005}","{""detection_events"":449433,""detectors_checked"":215613440}"
     38912,         0,         0,    1.56,standalone_exact_mw,503ee55b5ad1b1988379a241a0405811522ee4d50b473755532ad1299cb121e2,"{""distance"":5,""physical_error_rate"":0.0005}","{""detection_events"":18032,""detectors_checked"":8716288}"
     55296,         0,         0,    2.19,standalone_exact_mw,503ee55b5ad1b1988379a241a0405811522ee4d50b473755532ad1299cb121e2,"{""distance"":5,""physical_error_rate"":0.0005}","{""detection_events"":25300,""detectors_checked"":12386304}"
     16384,         0,         0,    1.14,standalone_exact_mw,77d802c74222c3324b7f1323f7447c6411ad27be92307b6127e53af575faadca,"{""distance"":5,""physical_error_rate"":0.001}","{""detection_events"":15147,""detectors_checked"":3670016}"
     32768,         0,         0,    1.11,standalone_exact_mw,aea10f45e3589e84a00777b800d38e8a3149bd6cb552c409f3bffd718c1a0abf,"{""distance"":5,""physical_error_rate"":5e-05}","{""detection_events"":1496,""detectors_checked"":7340032}"
     26624,         1,         0,    2.25,standalone_exact_mw,7bb6e20e48600212890a8c0dbf00c9e78f41358e09b12be0f89e4aae4bc5d684,"{""distance"":5,""physical_error_rate"":0.002}","{""detection_events"":49417,""detectors_checked"":5963776,""obs_mistake_mask=E"":1}"
    724992,         0,         0,    22.8,standalone_exact_mw,aea10f45e3589e84a00777b800d38e8a3149bd6cb552c409f3bffd718c1a0abf,"{""distance"":5,""physical_error_rate"":5e-05}","{""detection_events"":34233,""detectors_checked"":162398208}"
     38912,         0,         0,    1.57,standalone_exact_mw,29ae76c7f86edcd2f56343e8109d8463cbc736644db4e57527101e2f1c3606c8,"{""distance"":5,""physical_error_rate"":0.0002}","{""detection_events"":7287,""detectors_checked"":8716288}"
    276480,         1,         0,    16.5,standalone_exact_mw,77d802c74222c3324b7f1323f7447c6411ad27be92307b6127e53af575faadca,"{""distance"":5,""physical_error_rate"":0.001}","{""detection_events"":257491,""detectors_checked"":61931520,""obs_mistake_mask=E"":1}"
    582656,         0,         0,    16.3,standalone_exact_mw,aea10f45e3589e84a00777b800d38e8a3149bd6cb552c409f3bffd718c1a0abf,"{""distance"":5,""physical_error_rate"":5e-05}","{""detection_events"":27334,""detectors_checked"":130514944}"
   1096704,         0,         0,    31.9,standalone_exact_mw,aea10f45e3589e84a00777b800d38e8a3149bd6cb552c409f3bffd718c1a0abf,"{""distance"":5,""physical_error_rate"":5e-05}","{""detection_events"":51598,""detectors_checked"":245661696}"
     22528,         0,         0,    1.59,standalone_exact_mw,77d802c74222c3324b7f1323f7447c6411ad27be92307b6127e53af575faadca,"{""distance"":5,""physical_error_rate"":0.001}","{""detection_events"":20638,""detectors_checked"":5046272}"
     27648,         0,         0,    3.08,standalone_exact_mw,7bb6e20e48600212890a8c0dbf00c9e78f41358e09b12be0f89e4aae4bc5d684,"{""distance"":5,""physical_error_rate"":0.002}","{""detection_events"":51224,""detectors_checked"":6193152}"
     46080,         0,         0,    1.54,standalone_exact_mw,aea10f45e3589e84a00777b800d38e8a3149bd6cb552c409f3bffd718c1a0abf,"{""distance"":5,""physical_error_rate"":5e-05}","{""detection_events"":2282,""detectors_checked"":10321920}"
    983040,         0,         0,    31.9,standalone_exact_mw,cc9149276d16e61a5ac322a1d2048afebd34054fe0ed4879b77eb616628c1148,"{""distance"":5,""physical_error_rate"":0.0001}","{""detection_events"":91029,""detectors_checked"":220200960}"
     46080,         0,         0,    2.20,standalone_exact_mw,503ee55b5ad1b1988379a241a0405811522ee4d50b473755532ad1299cb121e2,"{""distance"":5,""physical_error_rate"":0.0005}","{""detection_events"":21691,""detectors_checked"":10321920}"
     75776,         0,         0,    3.08,standalone_exact_mw,29ae76c7f86edcd2f56343e8109d8463cbc736644db4e57527101e2f1c3606c8,"{""distance"":5,""physical_error_rate"":0.0002}","{""detection_events"":14121,""detectors_checked"":16973824}"
     44032,         1,         0,    3.06,standalone_exact_mw,77d802c74222c3324b7f1323f7447c6411ad27be92307b6127e53af575faadca,"{""distance"":5,""physical_error_rate"":0.001}","{""detection_events"":40869,""detectors_checked"":9863168,""obs_mistake_mask=E"":1}"
     86016,         0,         0,    3.05,standalone_exact_mw,cc9149276d16e61a5ac322a1d2048afebd34054fe0ed4879b77eb616628c1148,"{""distance"":5,""physical_error_rate"":0.0001}","{""detection_events"":8006,""detectors_checked"":19267584}"
    551936,         0,         0,    16.3,standalone_exact_mw,29ae76c7f86edcd2f56343e8109d8463cbc736644db4e57527101e2f1c3606c8,"{""distance"":5,""physical_error_rate"":0.0002}","{""detection_events"":101648,""detectors_checked"":123633664}"
    444416,         0,         0,    16.3,standalone_exact_mw,cc9149276d16e61a5ac322a1d2048afebd34054fe0ed4879b77eb616628c1148,"{""distance"":5,""physical_error_rate"":0.0001}","{""detection_events"":41143,""detectors_checked"":99549184}"
     60416,         0,         0,    3.07,standalone_exact_mw,503ee55b5ad1b1988379a241a0405811522ee4d50b473755532ad1299cb121e2,"{""distance"":5,""physical_error_rate"":0.0005}","{""detection_events"":27979,""detectors_checked"":13533184}"
     55296,         0,         0,    2.15,standalone_exact_mw,29ae76c7f86edcd2f56343e8109d8463cbc736644db4e57527101e2f1c3606c8,"{""distance"":5,""physical_error_rate"":0.0002}","{""detection_events"":10366,""detectors_checked"":12386304}"
     34816,         2,         0,    3.08,standalone_exact_mw,7bb6e20e48600212890a8c0dbf00c9e78f41358e09b12be0f89e4aae4bc5d684,"{""distance"":5,""physical_error_rate"":0.002}","{""detection_events"":64141,""detectors_checked"":7798784,""obs_mistake_mask=E"":2}"
     31744,         0,         0,    2.23,standalone_exact_mw,77d802c74222c3324b7f1323f7447c6411ad27be92307b6127e53af575faadca,"{""distance"":5,""physical_error_rate"":0.001}","{""detection_events"":28942,""detectors_checked"":7110656}"
   1048576,         0,         0,    44.6,standalone_exact_mw,29ae76c7f86edcd2f56343e8109d8463cbc736644db4e57527101e2f1c3606c8,"{""distance"":5,""physical_error_rate"":0.0002}","{""detection_events"":196017,""detectors_checked"":234881024}"
    613376,         0,         0,    22.8,standalone_exact_mw,cc9149276d16e61a5ac322a1d2048afebd34054fe0ed4879b77eb616628c1148,"{""distance"":5,""physical_error_rate"":0.0001}","{""detection_events"":57129,""detectors_checked"":137396224}"
     64512,         0,         0,    2.18,standalone_exact_mw,aea10f45e3589e84a00777b800d38e8a3149bd6cb552c409f3bffd718c1a0abf,"{""distance"":5,""physical_error_rate"":5e-05}","{""detection_events"":3171,""detectors_checked"":14450688}"
   1372160,         0,         0,    44.7,standalone_exact_mw,aea10f45e3589e84a00777b800d38e8a3149bd6cb552c409f3bffd718c1a0abf,"{""distance"":5,""physical_error_rate"":5e-05}","{""detection_events"":64138,""detectors_checked"":307363840}"
     70656,         0,         0,    3.05,standalone_exact_mw,503ee55b5ad1b1988379a241a0405811522ee4d50b473755532ad1299cb121e2,"{""distance"":5,""physical_error_rate"":0.0005}","{""detection_events"":32098,""detectors_checked"":15826944}"
   1308672,         0,         0,    44.6,standalone_exact_mw,cc9149276d16e61a5ac322a1d2048afebd34054fe0ed4879b77eb616628c1148,"{""distance"":5,""physical_error_rate"":0.0001}","{""detection_events"":121554,""detectors_checked"":293142528}"
     37888,         1,         0,    4.30,standalone_exact_mw,7bb6e20e48600212890a8c0dbf00c9e78f41358e09b12be0f89e4aae4bc5d684,"{""distance"":5,""physical_error_rate"":0.002}","{""detection_events"":69612,""detectors_checked"":8486912,""obs_mistake_mask=E"":1}"
     76800,         0,         0,    3.07,standalone_exact_mw,29ae76c7f86edcd2f56343e8109d8463cbc736644db4e57527101e2f1c3606c8,"{""distance"":5,""physical_error_rate"":0.0002}","{""detection_events"":13981,""detectors_checked"":17203200}"
   1785856,         0,         0,    44.8,standalone_exact_mw,29ae76c7f86edcd2f56343e8109d8463cbc736644db4e57527101e2f1c3606c8,"{""distance"":5,""physical_error_rate"":0.0002}","{""detection_events"":333523,""detectors_checked"":400031744}"
    109568,         0,         0,    4.25,standalone_exact_mw,29ae76c7f86edcd2f56343e8109d8463cbc736644db4e57527101e2f1c3606c8,"{""distance"":5,""physical_error_rate"":0.0002}","{""detection_events"":20520,""detectors_checked"":24543232}"
   1208320,         0,         0,    44.8,standalone_exact_mw,cc9149276d16e61a5ac322a1d2048afebd34054fe0ed4879b77eb616628c1148,"{""distance"":5,""physical_error_rate"":0.0001}","{""detection_events"":112878,""detectors_checked"":270663680}"
    126976,         0,         0,    4.27,standalone_exact_mw,cc9149276d16e61a5ac322a1d2048afebd34054fe0ed4879b77eb616628c1148,"{""distance"":5,""physical_error_rate"":0.0001}","{""detection_events"":11888,""detectors_checked"":28442624}"
     63488,         1,         0,    4.33,standalone_exact_mw,77d802c74222c3324b7f1323f7447c6411ad27be92307b6127e53af575faadca,"{""distance"":5,""physical_error_rate"":0.001}","{""detection_events"":58072,""detectors_checked"":14221312,""obs_mistake_mask=E"":1}"
    324608,         0,         0,    16.3,standalone_exact_mw,503ee55b5ad1b1988379a241a0405811522ee4d50b473755532ad1299cb121e2,"{""distance"":5,""physical_error_rate"":0.0005}","{""detection_events"":151321,""detectors_checked"":72712192}"
   1429504,         0,         0,    44.8,standalone_exact_mw,aea10f45e3589e84a00777b800d38e8a3149bd6cb552c409f3bffd718c1a0abf,"{""distance"":5,""physical_error_rate"":5e-05}","{""detection_events"":66458,""detectors_checked"":320208896}"
     43008,         1,         0,    3.10,standalone_exact_mw,77d802c74222c3324b7f1323f7447c6411ad27be92307b6127e53af575faadca,"{""distance"":5,""physical_error_rate"":0.001}","{""detection_events"":39333,""detectors_checked"":9633792,""obs_mistake_mask=E"":1}"
     90112,         0,         0,    3.03,standalone_exact_mw,aea10f45e3589e84a00777b800d38e8a3149bd6cb552c409f3bffd718c1a0abf,"{""distance"":5,""physical_error_rate"":5e-05}","{""detection_events"":4208,""detectors_checked"":20185088}"
     90112,         0,         0,    4.29,standalone_exact_mw,503ee55b5ad1b1988379a241a0405811522ee4d50b473755532ad1299cb121e2,"{""distance"":5,""physical_error_rate"":0.0005}","{""detection_events"":41510,""detectors_checked"":20185088}"
    803840,         3,         0,    44.7,standalone_exact_mw,77d802c74222c3324b7f1323f7447c6411ad27be92307b6127e53af575faadca,"{""distance"":5,""physical_error_rate"":0.001}","{""detection_events"":744351,""detectors_checked"":180060160,""obs_mistake_mask=E"":3}"
   1394688,         0,         0,    44.7,standalone_exact_mw,cc9149276d16e61a5ac322a1d2048afebd34054fe0ed4879b77eb616628c1148,"{""distance"":5,""physical_error_rate"":0.0001}","{""detection_events"":129048,""detectors_checked"":312410112}"
     49152,         1,         0,    4.29,standalone_exact_mw,7bb6e20e48600212890a8c0dbf00c9e78f41358e09b12be0f89e4aae4bc5d684,"{""distance"":5,""physical_error_rate"":0.002}","{""detection_events"":89714,""detectors_checked"":11010048,""obs_mistake_mask=E"":1}"
    551936,        31,         0,    45.0,standalone_exact_mw,7bb6e20e48600212890a8c0dbf00c9e78f41358e09b12be0f89e4aae4bc5d684,"{""distance"":5,""physical_error_rate"":0.002}","{""detection_events"":1018496,""detectors_checked"":123633664,""obs_mistake_mask=E"":31}"
    586752,         2,         0,    44.9,standalone_exact_mw,77d802c74222c3324b7f1323f7447c6411ad27be92307b6127e53af575faadca,"{""distance"":5,""physical_error_rate"":0.001}","{""detection_events"":543635,""detectors_checked"":131432448,""obs_mistake_mask=E"":2}"
    781312,         2,         0,    44.8,standalone_exact_mw,77d802c74222c3324b7f1323f7447c6411ad27be92307b6127e53af575faadca,"{""distance"":5,""physical_error_rate"":0.001}","{""detection_events"":720928,""detectors_checked"":175013888,""obs_mistake_mask=E"":2}"
   1320960,         0,         0,    44.7,standalone_exact_mw,cc9149276d16e61a5ac322a1d2048afebd34054fe0ed4879b77eb616628c1148,"{""distance"":5,""physical_error_rate"":0.0001}","{""detection_events"":122623,""detectors_checked"":295895040}"
    455680,         8,         0,    44.9,standalone_exact_mw,7bb6e20e48600212890a8c0dbf00c9e78f41358e09b12be0f89e4aae4bc5d684,"{""distance"":5,""physical_error_rate"":0.002}","{""detection_events"":840692,""detectors_checked"":102072320,""obs_mistake_mask=E"":8}"
    997376,         0,         0,    44.8,standalone_exact_mw,503ee55b5ad1b1988379a241a0405811522ee4d50b473755532ad1299cb121e2,"{""distance"":5,""physical_error_rate"":0.0005}","{""detection_events"":464208,""detectors_checked"":223412224}"
    472064,        14,         0,    44.9,standalone_exact_mw,7bb6e20e48600212890a8c0dbf00c9e78f41358e09b12be0f89e4aae4bc5d684,"{""distance"":5,""physical_error_rate"":0.002}","{""detection_events"":869998,""detectors_checked"":105742336,""obs_mistake_mask=E"":14}"
     83968,         0,         0,    4.31,standalone_exact_mw,503ee55b5ad1b1988379a241a0405811522ee4d50b473755532ad1299cb121e2,"{""distance"":5,""physical_error_rate"":0.0005}","{""detection_events"":39095,""detectors_checked"":18808832}"
    455680,        10,         0,    45.0,standalone_exact_mw,7bb6e20e48600212890a8c0dbf00c9e78f41358e09b12be0f89e4aae4bc5d684,"{""distance"":5,""physical_error_rate"":0.002}","{""detection_events"":839205,""detectors_checked"":102072320,""obs_mistake_mask=E"":10}"
   1182720,         0,         0,    44.8,standalone_exact_mw,29ae76c7f86edcd2f56343e8109d8463cbc736644db4e57527101e2f1c3606c8,"{""distance"":5,""physical_error_rate"":0.0002}","{""detection_events"":219276,""detectors_checked"":264929280}"
    837632,         0,         0,    44.8,standalone_exact_mw,503ee55b5ad1b1988379a241a0405811522ee4d50b473755532ad1299cb121e2,"{""distance"":5,""physical_error_rate"":0.0005}","{""detection_events"":390362,""detectors_checked"":187629568}"
   1412096,         0,         0,    44.6,standalone_exact_mw,aea10f45e3589e84a00777b800d38e8a3149bd6cb552c409f3bffd718c1a0abf,"{""distance"":5,""physical_error_rate"":5e-05}","{""detection_events"":65739,""detectors_checked"":316309504}"
    733184,         1,         0,    44.8,standalone_exact_mw,77d802c74222c3324b7f1323f7447c6411ad27be92307b6127e53af575faadca,"{""distance"":5,""physical_error_rate"":0.001}","{""detection_events"":678875,""detectors_checked"":164233216,""obs_mistake_mask=E"":1}"
   1506304,         0,         0,    44.7,standalone_exact_mw,aea10f45e3589e84a00777b800d38e8a3149bd6cb552c409f3bffd718c1a0abf,"{""distance"":5,""physical_error_rate"":5e-05}","{""detection_events"":70482,""detectors_checked"":337412096}"
    106496,         0,         0,    4.24,standalone_exact_mw,29ae76c7f86edcd2f56343e8109d8463cbc736644db4e57527101e2f1c3606c8,"{""distance"":5,""physical_error_rate"":0.0002}","{""detection_events"":20110,""detectors_checked"":23855104}"
   1036288,         0,         0,    44.8,standalone_exact_mw,503ee55b5ad1b1988379a241a0405811522ee4d50b473755532ad1299cb121e2,"{""distance"":5,""physical_error_rate"":0.0005}","{""detection_events"":481919,""detectors_checked"":232128512}"
     60416,         0,         0,    4.27,standalone_exact_mw,77d802c74222c3324b7f1323f7447c6411ad27be92307b6127e53af575faadca,"{""distance"":5,""physical_error_rate"":0.001}","{""detection_events"":56450,""detectors_checked"":13533184}"
    125952,         0,         0,    4.25,standalone_exact_mw,aea10f45e3589e84a00777b800d38e8a3149bd6cb552c409f3bffd718c1a0abf,"{""distance"":5,""physical_error_rate"":5e-05}","{""detection_events"":5921,""detectors_checked"":28213248}"
     52224,         1,         0,    5.98,standalone_exact_mw,7bb6e20e48600212890a8c0dbf00c9e78f41358e09b12be0f89e4aae4bc5d684,"{""distance"":5,""physical_error_rate"":0.002}","{""detection_events"":96113,""detectors_checked"":11698176,""obs_mistake_mask=E"":1}"
    199680,         0,         0,    5.98,standalone_exact_mw,29ae76c7f86edcd2f56343e8109d8463cbc736644db4e57527101e2f1c3606c8,"{""distance"":5,""physical_error_rate"":0.0002}","{""detection_events"":37124,""detectors_checked"":44728320}"
    103424,         0,         0,    5.96,standalone_exact_mw,77d802c74222c3324b7f1323f7447c6411ad27be92307b6127e53af575faadca,"{""distance"":5,""physical_error_rate"":0.001}","{""detection_events"":95921,""detectors_checked"":23166976}"
    153600,         0,         0,    5.95,standalone_exact_mw,cc9149276d16e61a5ac322a1d2048afebd34054fe0ed4879b77eb616628c1148,"{""distance"":5,""physical_error_rate"":0.0001}","{""detection_events"":14278,""detectors_checked"":34406400}"
    146432,         0,         0,    5.94,standalone_exact_mw,503ee55b5ad1b1988379a241a0405811522ee4d50b473755532ad1299cb121e2,"{""distance"":5,""physical_error_rate"":0.0005}","{""detection_events"":68010,""detectors_checked"":32800768}"
     68608,         2,         0,    6.02,standalone_exact_mw,7bb6e20e48600212890a8c0dbf00c9e78f41358e09b12be0f89e4aae4bc5d684,"{""distance"":5,""physical_error_rate"":0.002}","{""detection_events"":125641,""detectors_checked"":15368192,""obs_mistake_mask=E"":2}"
    119808,         0,         0,    5.94,standalone_exact_mw,503ee55b5ad1b1988379a241a0405811522ee4d50b473755532ad1299cb121e2,"{""distance"":5,""physical_error_rate"":0.0005}","{""detection_events"":55169,""detectors_checked"":26836992}"
    149504,         0,         0,    5.95,standalone_exact_mw,29ae76c7f86edcd2f56343e8109d8463cbc736644db4e57527101e2f1c3606c8,"{""distance"":5,""physical_error_rate"":0.0002}","{""detection_events"":28544,""detectors_checked"":33488896}"
     84992,         2,         0,    6.00,standalone_exact_mw,77d802c74222c3324b7f1323f7447c6411ad27be92307b6127e53af575faadca,"{""distance"":5,""physical_error_rate"":0.001}","{""detection_events"":79415,""detectors_checked"":19038208,""obs_mistake_mask=E"":2}"
    240640,        10,         0,    32.1,standalone_exact_mw,7bb6e20e48600212890a8c0dbf00c9e78f41358e09b12be0f89e4aae4bc5d684,"{""distance"":5,""physical_error_rate"":0.002}","{""detection_events"":444423,""detectors_checked"":53903360,""obs_mistake_mask=E"":10}"
    178176,         0,         0,    5.94,standalone_exact_mw,aea10f45e3589e84a00777b800d38e8a3149bd6cb552c409f3bffd718c1a0abf,"{""distance"":5,""physical_error_rate"":5e-05}","{""detection_events"":8170,""detectors_checked"":39911424}"
    506880,         0,         0,    32.0,standalone_exact_mw,503ee55b5ad1b1988379a241a0405811522ee4d50b473755532ad1299cb121e2,"{""distance"":5,""physical_error_rate"":0.0005}","{""detection_events"":236028,""detectors_checked"":113541120}"
     72704,         3,         0,    8.40,standalone_exact_mw,7bb6e20e48600212890a8c0dbf00c9e78f41358e09b12be0f89e4aae4bc5d684,"{""distance"":5,""physical_error_rate"":0.002}","{""detection_events"":135074,""detectors_checked"":16285696,""obs_mistake_mask=E"":3}"
    247808,         0,         0,    8.37,standalone_exact_mw,29ae76c7f86edcd2f56343e8109d8463cbc736644db4e57527101e2f1c3606c8,"{""distance"":5,""physical_error_rate"":0.0002}","{""detection_events"":45893,""detectors_checked"":55508992}"
    161792,         1,         0,    8.33,standalone_exact_mw,77d802c74222c3324b7f1323f7447c6411ad27be92307b6127e53af575faadca,"{""distance"":5,""physical_error_rate"":0.001}","{""detection_events"":150808,""detectors_checked"":36241408,""obs_mistake_mask=E"":1}"
    223232,         0,         0,    8.38,standalone_exact_mw,cc9149276d16e61a5ac322a1d2048afebd34054fe0ed4879b77eb616628c1148,"{""distance"":5,""physical_error_rate"":0.0001}","{""detection_events"":21200,""detectors_checked"":50003968}"
    453632,         3,         0,    32.0,standalone_exact_mw,77d802c74222c3324b7f1323f7447c6411ad27be92307b6127e53af575faadca,"{""distance"":5,""physical_error_rate"":0.001}","{""detection_events"":421312,""detectors_checked"":101613568,""obs_mistake_mask=E"":3}"
    181248,         0,         0,    8.34,standalone_exact_mw,503ee55b5ad1b1988379a241a0405811522ee4d50b473755532ad1299cb121e2,"{""distance"":5,""physical_error_rate"":0.0005}","{""detection_events"":84903,""detectors_checked"":40599552}"
     82944,         4,         0,    8.38,standalone_exact_mw,7bb6e20e48600212890a8c0dbf00c9e78f41358e09b12be0f89e4aae4bc5d684,"{""distance"":5,""physical_error_rate"":0.002}","{""detection_events"":152345,""detectors_checked"":18579456,""obs_mistake_mask=E"":4}"
    271360,         7,         0,    23.0,standalone_exact_mw,7bb6e20e48600212890a8c0dbf00c9e78f41358e09b12be0f89e4aae4bc5d684,"{""distance"":5,""physical_error_rate"":0.002}","{""detection_events"":499475,""detectors_checked"":60784640,""obs_mistake_mask=E"":7}"
    180224,         0,         0,    8.39,standalone_exact_mw,503ee55b5ad1b1988379a241a0405811522ee4d50b473755532ad1299cb121e2,"{""distance"":5,""physical_error_rate"":0.0005}","{""detection_events"":83459,""detectors_checked"":40370176}"
    301056,         1,         0,    22.9,standalone_exact_mw,77d802c74222c3324b7f1323f7447c6411ad27be92307b6127e53af575faadca,"{""distance"":5,""physical_error_rate"":0.001}","{""detection_events"":280216,""detectors_checked"":67436544,""obs_mistake_mask=E"":1}"
    712704,         0,         0,    22.9,standalone_exact_mw,aea10f45e3589e84a00777b800d38e8a3149bd6cb552c409f3bffd718c1a0abf,"{""distance"":5,""physical_error_rate"":5e-05}","{""detection_events"":33076,""detectors_checked"":159645696}"
    205824,         0,         0,    8.32,standalone_exact_mw,29ae76c7f86edcd2f56343e8109d8463cbc736644db4e57527101e2f1c3606c8,"{""distance"":5,""physical_error_rate"":0.0002}","{""detection_events"":38519,""detectors_checked"":46104576}"
    112640,         1,         0,    8.31,standalone_exact_mw,77d802c74222c3324b7f1323f7447c6411ad27be92307b6127e53af575faadca,"{""distance"":5,""physical_error_rate"":0.001}","{""detection_events"":105461,""detectors_checked"":25231360,""obs_mistake_mask=E"":1}"
    248832,         0,         0,    8.33,standalone_exact_mw,aea10f45e3589e84a00777b800d38e8a3149bd6cb552c409f3bffd718c1a0abf,"{""distance"":5,""physical_error_rate"":5e-05}","{""detection_events"":11790,""detectors_checked"":55738368}"
    701440,         0,         0,    22.9,standalone_exact_mw,29ae76c7f86edcd2f56343e8109d8463cbc736644db4e57527101e2f1c3606c8,"{""distance"":5,""physical_error_rate"":0.0002}","{""detection_events"":131214,""detectors_checked"":157122560}"
    649216,         0,         0,    22.9,standalone_exact_mw,cc9149276d16e61a5ac322a1d2048afebd34054fe0ed4879b77eb616628c1148,"{""distance"":5,""physical_error_rate"":0.0001}","{""detection_events"":60438,""detectors_checked"":145424384}"
   1100800,         0,         0,    44.6,standalone_exact_mw,29ae76c7f86edcd2f56343e8109d8463cbc736644db4e57527101e2f1c3606c8,"{""distance"":5,""physical_error_rate"":0.0002}","{""detection_events"":204608,""detectors_checked"":246579200}"
    529408,         2,         0,    32.0,standalone_exact_mw,77d802c74222c3324b7f1323f7447c6411ad27be92307b6127e53af575faadca,"{""distance"":5,""physical_error_rate"":0.001}","{""detection_events"":492058,""detectors_checked"":118587392,""obs_mistake_mask=E"":2}"
    299008,         8,         0,    32.2,standalone_exact_mw,7bb6e20e48600212890a8c0dbf00c9e78f41358e09b12be0f89e4aae4bc5d684,"{""distance"":5,""physical_error_rate"":0.002}","{""detection_events"":551530,""detectors_checked"":66977792,""obs_mistake_mask=E"":8}"
    468992,         1,         0,    22.9,standalone_exact_mw,503ee55b5ad1b1988379a241a0405811522ee4d50b473755532ad1299cb121e2,"{""distance"":5,""physical_error_rate"":0.0005}","{""detection_events"":217884,""detectors_checked"":105054208,""obs_mistake_mask=E"":1}"
    637952,         0,         0,    31.9,standalone_exact_mw,503ee55b5ad1b1988379a241a0405811522ee4d50b473755532ad1299cb121e2,"{""distance"":5,""physical_error_rate"":0.0005}","{""detection_events"":297046,""detectors_checked"":142901248}"
   1305600,         0,         0,    44.7,standalone_exact_mw,aea10f45e3589e84a00777b800d38e8a3149bd6cb552c409f3bffd718c1a0abf,"{""distance"":5,""physical_error_rate"":5e-05}","{""detection_events"":60012,""detectors_checked"":292454400}"
    937984,         0,         0,    32.1,standalone_exact_mw,29ae76c7f86edcd2f56343e8109d8463cbc736644db4e57527101e2f1c3606c8,"{""distance"":5,""physical_error_rate"":0.0002}","{""detection_events"":176024,""detectors_checked"":210108416}"
    104448,         2,         0,    11.7,standalone_exact_mw,7bb6e20e48600212890a8c0dbf00c9e78f41358e09b12be0f89e4aae4bc5d684,"{""distance"":5,""physical_error_rate"":0.002}","{""detection_events"":192823,""detectors_checked"":23396352,""obs_mistake_mask=E"":2}"
    189440,         0,         0,    11.6,standalone_exact_mw,29ae76c7f86edcd2f56343e8109d8463cbc736644db4e57527101e2f1c3606c8,"{""distance"":5,""physical_error_rate"":0.0002}","{""detection_events"":34909,""detectors_checked"":42434560}"
   1017856,         0,         0,    31.9,standalone_exact_mw,aea10f45e3589e84a00777b800d38e8a3149bd6cb552c409f3bffd718c1a0abf,"{""distance"":5,""physical_error_rate"":5e-05}","{""detection_events"":47360,""detectors_checked"":227999744}"
    222208,         1,         0,    11.7,standalone_exact_mw,77d802c74222c3324b7f1323f7447c6411ad27be92307b6127e53af575faadca,"{""distance"":5,""physical_error_rate"":0.001}","{""detection_events"":206031,""detectors_checked"":49774592,""obs_mistake_mask=E"":1}"
    357376,         0,         0,    11.7,standalone_exact_mw,cc9149276d16e61a5ac322a1d2048afebd34054fe0ed4879b77eb616628c1148,"{""distance"":5,""physical_error_rate"":0.0001}","{""detection_events"":33236,""detectors_checked"":80052224}"
    306176,         0,         0,    11.7,standalone_exact_mw,503ee55b5ad1b1988379a241a0405811522ee4d50b473755532ad1299cb121e2,"{""distance"":5,""physical_error_rate"":0.0005}","{""detection_events"":143207,""detectors_checked"":68583424}"
    138240,         3,         0,    11.7,standalone_exact_mw,7bb6e20e48600212890a8c0dbf00c9e78f41358e09b12be0f89e4aae4bc5d684,"{""distance"":5,""physical_error_rate"":0.002}","{""detection_events"":254920,""detectors_checked"":30965760,""obs_mistake_mask=E"":3}"
   1157120,         0,         0,    44.8,standalone_exact_mw,29ae76c7f86edcd2f56343e8109d8463cbc736644db4e57527101e2f1c3606c8,"{""distance"":5,""physical_error_rate"":0.0002}","{""detection_events"":215692,""detectors_checked"":259194880}"
    296960,         0,         0,    11.7,standalone_exact_mw,503ee55b5ad1b1988379a241a0405811522ee4d50b473755532ad1299cb121e2,"{""distance"":5,""physical_error_rate"":0.0005}","{""detection_events"":137402,""detectors_checked"":66519040}"
    820224,         0,         0,    31.9,standalone_exact_mw,cc9149276d16e61a5ac322a1d2048afebd34054fe0ed4879b77eb616628c1148,"{""distance"":5,""physical_error_rate"":0.0001}","{""detection_events"":76412,""detectors_checked"":183730176}"
   1474560,         0,         0,    44.8,standalone_exact_mw,cc9149276d16e61a5ac322a1d2048afebd34054fe0ed4879b77eb616628c1148,"{""distance"":5,""physical_error_rate"":0.0001}","{""detection_events"":137618,""detectors_checked"":330301440}"
    233472,         0,         0,    11.6,standalone_exact_mw,29ae76c7f86edcd2f56343e8109d8463cbc736644db4e57527101e2f1c3606c8,"{""distance"":5,""physical_error_rate"":0.0002}","{""detection_events"":43043,""detectors_checked"":52297728}"
    160768,         0,         0,    11.7,standalone_exact_mw,77d802c74222c3324b7f1323f7447c6411ad27be92307b6127e53af575faadca,"{""distance"":5,""physical_error_rate"":0.001}","{""detection_events"":147465,""detectors_checked"":36012032}"
    347136,         0,         0,    11.7,standalone_exact_mw,aea10f45e3589e84a00777b800d38e8a3149bd6cb552c409f3bffd718c1a0abf,"{""distance"":5,""physical_error_rate"":5e-05}","{""detection_events"":15989,""detectors_checked"":77758464}"
   1072128,         2,         0,    44.8,standalone_exact_mw,503ee55b5ad1b1988379a241a0405811522ee4d50b473755532ad1299cb121e2,"{""distance"":5,""physical_error_rate"":0.0005}","{""detection_events"":499937,""detectors_checked"":240156672,""obs_mistake_mask=E"":2}"
    749568,         2,         0,    44.8,standalone_exact_mw,77d802c74222c3324b7f1323f7447c6411ad27be92307b6127e53af575faadca,"{""distance"":5,""physical_error_rate"":0.001}","{""detection_events"":694971,""detectors_checked"":167903232,""obs_mistake_mask=E"":2}"
    463872,        18,         0,    45.0,standalone_exact_mw,7bb6e20e48600212890a8c0dbf00c9e78f41358e09b12be0f89e4aae4bc5d684,"{""distance"":5,""physical_error_rate"":0.002}","{""detection_events"":855891,""detectors_checked"":103907328,""obs_mistake_mask=E"":18}"
   1304576,         0,         0,    44.7,standalone_exact_mw,aea10f45e3589e84a00777b800d38e8a3149bd6cb552c409f3bffd718c1a0abf,"{""distance"":5,""physical_error_rate"":5e-05}","{""detection_events"":60677,""detectors_checked"":292225024}"
   1483776,         0,         0,    44.8,standalone_exact_mw,cc9149276d16e61a5ac322a1d2048afebd34054fe0ed4879b77eb616628c1148,"{""distance"":5,""physical_error_rate"":0.0001}","{""detection_events"":138037,""detectors_checked"":332365824}"
    147456,         6,         0,    16.4,standalone_exact_mw,7bb6e20e48600212890a8c0dbf00c9e78f41358e09b12be0f89e4aae4bc5d684,"{""distance"":5,""physical_error_rate"":0.002}","{""detection_events"":271230,""detectors_checked"":33030144,""obs_mistake_mask=E"":6}"
    502784,         0,         0,    16.3,standalone_exact_mw,29ae76c7f86edcd2f56343e8109d8463cbc736644db4e57527101e2f1c3606c8,"{""distance"":5,""physical_error_rate"":0.0002}","{""detection_events"":93310,""detectors_checked"":112623616}"
    270336,         3,         0,    16.4,standalone_exact_mw,77d802c74222c3324b7f1323f7447c6411ad27be92307b6127e53af575faadca,"{""distance"":5,""physical_error_rate"":0.001}","{""detection_events"":252075,""detectors_checked"":60555264,""obs_mistake_mask=E"":3}"
    382976,         0,         0,    16.3,standalone_exact_mw,cc9149276d16e61a5ac322a1d2048afebd34054fe0ed4879b77eb616628c1148,"{""distance"":5,""physical_error_rate"":0.0001}","{""detection_events"":35746,""detectors_checked"":85786624}"
    336896,         1,         0,    16.4,standalone_exact_mw,503ee55b5ad1b1988379a241a0405811522ee4d50b473755532ad1299cb121e2,"{""distance"":5,""physical_error_rate"":0.0005}","{""detection_events"":157300,""detectors_checked"":75464704,""obs_mistake_mask=E"":1}"
    150528,         4,         0,    16.3,standalone_exact_mw,7bb6e20e48600212890a8c0dbf00c9e78f41358e09b12be0f89e4aae4bc5d684,"{""distance"":5,""physical_error_rate"":0.002}","{""detection_events"":278793,""detectors_checked"":33718272,""obs_mistake_mask=E"":4}"
   2453504,         9,         0,    62.8,standalone_exact_mw,77d802c74222c3324b7f1323f7447c6411ad27be92307b6127e53af575faadca,"{""distance"":5,""physical_error_rate"":0.001}","{""detection_events"":2276560,""detectors_checked"":549584896,""obs_mistake_mask=E"":9}"
   1425408,         0,         0,    62.6,standalone_exact_mw,29ae76c7f86edcd2f56343e8109d8463cbc736644db4e57527101e2f1c3606c8,"{""distance"":5,""physical_error_rate"":0.0002}","{""detection_events"":265844,""detectors_checked"":319291392}"
    347136,         0,         0,    16.3,standalone_exact_mw,503ee55b5ad1b1988379a241a0405811522ee4d50b473755532ad1299cb121e2,"{""distance"":5,""physical_error_rate"":0.0005}","{""detection_events"":161229,""detectors_checked"":77758464}"
    326656,         0,         0,    16.3,standalone_exact_mw,29ae76c7f86edcd2f56343e8109d8463cbc736644db4e57527101e2f1c3606c8,"{""distance"":5,""physical_error_rate"":0.0002}","{""detection_events"":60308,""detectors_checked"":73170944}"
   1190912,         1,         0,    62.7,standalone_exact_mw,503ee55b5ad1b1988379a241a0405811522ee4d50b473755532ad1299cb121e2,"{""distance"":5,""physical_error_rate"":0.0005}","{""detection_events"":555351,""detectors_checked"":266764288,""obs_mistake_mask=E"":1}"
   1576960,         0,         0,    62.8,standalone_exact_mw,cc9149276d16e61a5ac322a1d2048afebd34054fe0ed4879b77eb616628c1148,"{""distance"":5,""physical_error_rate"":0.0001}","{""detection_events"":146421,""detectors_checked"":353239040}"
    234496,         0,         0,    16.4,standalone_exact_mw,77d802c74222c3324b7f1323f7447c6411ad27be92307b6127e53af575faadca,"{""distance"":5,""physical_error_rate"":0.001}","{""detection_events"":217051,""detectors_checked"":52527104}"
    472064,         0,         0,    16.3,standalone_exact_mw,aea10f45e3589e84a00777b800d38e8a3149bd6cb552c409f3bffd718c1a0abf,"{""distance"":5,""physical_error_rate"":5e-05}","{""detection_events"":22109,""detectors_checked"":105742336}"
    349184,         7,         0,    32.2,standalone_exact_mw,7bb6e20e48600212890a8c0dbf00c9e78f41358e09b12be0f89e4aae4bc5d684,"{""distance"":5,""physical_error_rate"":0.002}","{""detection_events"":644611,""detectors_checked"":78217216,""obs_mistake_mask=E"":7}"
    433152,         3,         0,    32.0,standalone_exact_mw,77d802c74222c3324b7f1323f7447c6411ad27be92307b6127e53af575faadca,"{""distance"":5,""physical_error_rate"":0.001}","{""detection_events"":401277,""detectors_checked"":97026048,""obs_mistake_mask=E"":3}"
    932864,         0,         0,    32.0,standalone_exact_mw,aea10f45e3589e84a00777b800d38e8a3149bd6cb552c409f3bffd718c1a0abf,"{""distance"":5,""physical_error_rate"":5e-05}","{""detection_events"":43260,""detectors_checked"":208961536}"
   2252800,         0,         0,    62.7,standalone_exact_mw,29ae76c7f86edcd2f56343e8109d8463cbc736644db4e57527101e2f1c3606c8,"{""distance"":5,""physical_error_rate"":0.0002}","{""detection_events"":420889,""detectors_checked"":504627200}"
    795648,         0,         0,    32.0,standalone_exact_mw,29ae76c7f86edcd2f56343e8109d8463cbc736644db4e57527101e2f1c3606c8,"{""distance"":5,""physical_error_rate"":0.0002}","{""detection_events"":149456,""detectors_checked"":178225152}"
    803840,         0,         0,    31.8,standalone_exact_mw,cc9149276d16e61a5ac322a1d2048afebd34054fe0ed4879b77eb616628c1148,"{""distance"":5,""physical_error_rate"":0.0001}","{""detection_events"":74650,""detectors_checked"":180060160}"
   1815552,         0,         0,    62.7,standalone_exact_mw,aea10f45e3589e84a00777b800d38e8a3149bd6cb552c409f3bffd718c1a0abf,"{""distance"":5,""physical_error_rate"":5e-05}","{""detection_events"":83872,""detectors_checked"":406683648}"
    553984,        12,         0,    62.9,standalone_exact_mw,7bb6e20e48600212890a8c0dbf00c9e78f41358e09b12be0f89e4aae4bc5d684,"{""distance"":5,""physical_error_rate"":0.002}","{""detection_events"":1022769,""detectors_checked"":124092416,""obs_mistake_mask=E"":12}"
    608256,         0,         0,    31.9,standalone_exact_mw,503ee55b5ad1b1988379a241a0405811522ee4d50b473755532ad1299cb121e2,"{""distance"":5,""physical_error_rate"":0.0005}","{""detection_events"":283169,""detectors_checked"":136249344}"
    396288,         9,         0,    45.0,standalone_exact_mw,7bb6e20e48600212890a8c0dbf00c9e78f41358e09b12be0f89e4aae4bc5d684,"{""distance"":5,""physical_error_rate"":0.002}","{""detection_events"":731904,""detectors_checked"":88768512,""obs_mistake_mask=E"":9}"
    866304,         0,         0,    44.8,standalone_exact_mw,503ee55b5ad1b1988379a241a0405811522ee4d50b473755532ad1299cb121e2,"{""distance"":5,""physical_error_rate"":0.0005}","{""detection_events"":402875,""detectors_checked"":194052096}"
   1280000,         0,         0,    62.7,standalone_exact_mw,503ee55b5ad1b1988379a241a0405811522ee4d50b473755532ad1299cb121e2,"{""distance"":5,""physical_error_rate"":0.0005}","{""detection_events"":595682,""detectors_checked"":286720000}"
    705536,         1,         0,    44.9,standalone_exact_mw,77d802c74222c3324b7f1323f7447c6411ad27be92307b6127e53af575faadca,"{""distance"":5,""physical_error_rate"":0.001}","{""detection_events"":655274,""detectors_checked"":158040064,""obs_mistake_mask=E"":1}"
   1544192,         0,         0,    62.8,standalone_exact_mw,29ae76c7f86edcd2f56343e8109d8463cbc736644db4e57527101e2f1c3606c8,"{""distance"":5,""physical_error_rate"":0.0002}","{""detection_events"":286813,""detectors_checked"":345899008}"
   2126848,         0,         0,    62.6,standalone_exact_mw,aea10f45e3589e84a00777b800d38e8a3149bd6cb552c409f3bffd718c1a0abf,"{""distance"":5,""physical_error_rate"":5e-05}","{""detection_events"":100328,""detectors_checked"":476413952}"
   2067456,         0,         0,    62.6,standalone_exact_mw,cc9149276d16e61a5ac322a1d2048afebd34054fe0ed4879b77eb616628c1148,"{""distance"":5,""physical_error_rate"":0.0001}","{""detection_events"":191752,""detectors_checked"":463110144}"
   3994624,         0,         0,    62.7,standalone_exact_mw,29ae76c7f86edcd2f56343e8109d8463cbc736644db4e57527101e2f1c3606c8,"{""distance"":5,""physical_error_rate"":0.0002}","{""detection_events"":743144,""detectors_checked"":894795776}"
   1700864,         0,         0,    62.6,standalone_exact_mw,cc9149276d16e61a5ac322a1d2048afebd34054fe0ed4879b77eb616628c1148,"{""distance"":5,""physical_error_rate"":0.0001}","{""detection_events"":159336,""detectors_checked"":380993536}"
   2264064,         0,         0,    62.6,standalone_exact_mw,aea10f45e3589e84a00777b800d38e8a3149bd6cb552c409f3bffd718c1a0abf,"{""distance"":5,""physical_error_rate"":5e-05}","{""detection_events"":104968,""detectors_checked"":507150336}"
   2423808,         2,         0,    62.8,standalone_exact_mw,77d802c74222c3324b7f1323f7447c6411ad27be92307b6127e53af575faadca,"{""distance"":5,""physical_error_rate"":0.001}","{""detection_events"":2246392,""detectors_checked"":542932992,""obs_mistake_mask=E"":2}"
   2000896,         0,         0,    62.7,standalone_exact_mw,cc9149276d16e61a5ac322a1d2048afebd34054fe0ed4879b77eb616628c1148,"{""distance"":5,""physical_error_rate"":0.0001}","{""detection_events"":187547,""detectors_checked"":448200704}"
    648192,        18,         0,    62.8,standalone_exact_mw,7bb6e20e48600212890a8c0dbf00c9e78f41358e09b12be0f89e4aae4bc5d684,"{""distance"":5,""physical_error_rate"":0.002}","{""detection_events"":1198213,""detectors_checked"":145195008,""obs_mistake_mask=E"":18}"
    882688,         1,         0,    62.6,standalone_exact_mw,77d802c74222c3324b7f1323f7447c6411ad27be92307b6127e53af575faadca,"{""distance"":5,""physical_error_rate"":0.001}","{""detection_events"":817403,""detectors_checked"":197722112,""obs_mistake_mask=E"":1}"
    155648,         4,         0,    23.0,standalone_exact_mw,7bb6e20e48600212890a8c0dbf00c9e78f41358e09b12be0f89e4aae4bc5d684,"{""distance"":5,""physical_error_rate"":0.002}","{""detection_events"":286902,""detectors_checked"":34865152,""obs_mistake_mask=E"":4}"
    954368,         4,         0,    62.7,standalone_exact_mw,77d802c74222c3324b7f1323f7447c6411ad27be92307b6127e53af575faadca,"{""distance"":5,""physical_error_rate"":0.001}","{""detection_events"":884447,""detectors_checked"":213778432,""obs_mistake_mask=E"":4}"
    578560,        18,         0,    62.8,standalone_exact_mw,7bb6e20e48600212890a8c0dbf00c9e78f41358e09b12be0f89e4aae4bc5d684,"{""distance"":5,""physical_error_rate"":0.002}","{""detection_events"":1066138,""detectors_checked"":129597440,""obs_mistake_mask=E"":18}"
   1727488,         0,         0,    62.5,standalone_exact_mw,cc9149276d16e61a5ac322a1d2048afebd34054fe0ed4879b77eb616628c1148,"{""distance"":5,""physical_error_rate"":0.0001}","{""detection_events"":162269,""detectors_checked"":386957312}"
    594944,         0,         0,    22.9,standalone_exact_mw,29ae76c7f86edcd2f56343e8109d8463cbc736644db4e57527101e2f1c3606c8,"{""distance"":5,""physical_error_rate"":0.0002}","{""detection_events"":110410,""detectors_checked"":133267456}"
    342016,         1,         0,    22.9,standalone_exact_mw,77d802c74222c3324b7f1323f7447c6411ad27be92307b6127e53af575faadca,"{""distance"":5,""physical_error_rate"":0.001}","{""detection_events"":316879,""detectors_checked"":76611584,""obs_mistake_mask=E"":1}"
    648192,         0,         0,    22.8,standalone_exact_mw,cc9149276d16e61a5ac322a1d2048afebd34054fe0ed4879b77eb616628c1148,"{""distance"":5,""physical_error_rate"":0.0001}","{""detection_events"":59990,""detectors_checked"":145195008}"
   1415168,         1,         0,    62.5,standalone_exact_mw,503ee55b5ad1b1988379a241a0405811522ee4d50b473755532ad1299cb121e2,"{""distance"":5,""physical_error_rate"":0.0005}","{""detection_events"":660363,""detectors_checked"":316997632,""obs_mistake_mask=E"":1}"
    620544,        14,         0,    62.8,standalone_exact_mw,7bb6e20e48600212890a8c0dbf00c9e78f41358e09b12be0f89e4aae4bc5d684,"{""distance"":5,""physical_error_rate"":0.002}","{""detection_events"":1143527,""detectors_checked"":139001856,""obs_mistake_mask=E"":14}"
    516096,        22,         0,    62.9,standalone_exact_mw,7bb6e20e48600212890a8c0dbf00c9e78f41358e09b12be0f89e4aae4bc5d684,"{""distance"":5,""physical_error_rate"":0.002}","{""detection_events"":949602,""detectors_checked"":115605504,""obs_mistake_mask=E"":22}"
   1426432,         1,         0,    62.6,standalone_exact_mw,29ae76c7f86edcd2f56343e8109d8463cbc736644db4e57527101e2f1c3606c8,"{""distance"":5,""physical_error_rate"":0.0002}","{""detection_events"":266722,""detectors_checked"":319520768,""obs_mistake_mask=E"":1}"
    416768,         0,         0,    22.9,standalone_exact_mw,503ee55b5ad1b1988379a241a0405811522ee4d50b473755532ad1299cb121e2,"{""distance"":5,""physical_error_rate"":0.0005}","{""detection_events"":194098,""detectors_checked"":93356032}"
   1103872,         1,         0,    62.7,standalone_exact_mw,503ee55b5ad1b1988379a241a0405811522ee4d50b473755532ad1299cb121e2,"{""distance"":5,""physical_error_rate"":0.0005}","{""detection_events"":513374,""detectors_checked"":247267328,""obs_mistake_mask=E"":1}"
   1994752,         0,         0,    62.5,standalone_exact_mw,aea10f45e3589e84a00777b800d38e8a3149bd6cb552c409f3bffd718c1a0abf,"{""distance"":5,""physical_error_rate"":5e-05}","{""detection_events"":93054,""detectors_checked"":446824448}"
    837632,         3,         0,    62.8,standalone_exact_mw,77d802c74222c3324b7f1323f7447c6411ad27be92307b6127e53af575faadca,"{""distance"":5,""physical_error_rate"":0.001}","{""detection_events"":776449,""detectors_checked"":187629568,""obs_mistake_mask=E"":3}"
    190464,         6,         0,    22.9,standalone_exact_mw,7bb6e20e48600212890a8c0dbf00c9e78f41358e09b12be0f89e4aae4bc5d684,"{""distance"":5,""physical_error_rate"":0.002}","{""detection_events"":351008,""detectors_checked"":42663936,""obs_mistake_mask=E"":6}"
   1781760,         0,         0,    62.6,standalone_exact_mw,aea10f45e3589e84a00777b800d38e8a3149bd6cb552c409f3bffd718c1a0abf,"{""distance"":5,""physical_error_rate"":5e-05}","{""detection_events"":83471,""detectors_checked"":399114240}"
   3456000,         1,         0,    62.7,standalone_exact_mw,503ee55b5ad1b1988379a241a0405811522ee4d50b473755532ad1299cb121e2,"{""distance"":5,""physical_error_rate"":0.0005}","{""detection_events"":1608830,""detectors_checked"":774144000,""obs_mistake_mask=E"":1}"
    614400,         4,         0,    44.9,standalone_exact_mw,77d802c74222c3324b7f1323f7447c6411ad27be92307b6127e53af575faadca,"{""distance"":5,""physical_error_rate"":0.001}","{""detection_events"":568407,""detectors_checked"":137625600,""obs_mistake_mask=E"":4}"
    405504,        10,         0,    44.9,standalone_exact_mw,7bb6e20e48600212890a8c0dbf00c9e78f41358e09b12be0f89e4aae4bc5d684,"{""distance"":5,""physical_error_rate"":0.002}","{""detection_events"":748221,""detectors_checked"":90832896,""obs_mistake_mask=E"":10}"
    442368,         0,         0,    22.9,standalone_exact_mw,503ee55b5ad1b1988379a241a0405811522ee4d50b473755532ad1299cb121e2,"{""distance"":5,""physical_error_rate"":0.0005}","{""detection_events"":206340,""detectors_checked"":99090432}"
    896000,         0,         0,    44.8,standalone_exact_mw,503ee55b5ad1b1988379a241a0405811522ee4d50b473755532ad1299cb121e2,"{""distance"":5,""physical_error_rate"":0.0005}","{""detection_events"":415881,""detectors_checked"":200704000}"
    411648,         0,         0,    22.8,standalone_exact_mw,29ae76c7f86edcd2f56343e8109d8463cbc736644db4e57527101e2f1c3606c8,"{""distance"":5,""physical_error_rate"":0.0002}","{""detection_events"":76321,""detectors_checked"":92209152}"
   1041408,         0,         0,    44.8,standalone_exact_mw,29ae76c7f86edcd2f56343e8109d8463cbc736644db4e57527101e2f1c3606c8,"{""distance"":5,""physical_error_rate"":0.0002}","{""detection_events"":193463,""detectors_checked"":233275392}"
    670720,         0,         0,    22.9,standalone_exact_mw,aea10f45e3589e84a00777b800d38e8a3149bd6cb552c409f3bffd718c1a0abf,"{""distance"":5,""physical_error_rate"":5e-05}","{""detection_events"":31582,""detectors_checked"":150241280}"
    325632,         2,         0,    22.9,standalone_exact_mw,77d802c74222c3324b7f1323f7447c6411ad27be92307b6127e53af575faadca,"{""distance"":5,""physical_error_rate"":0.001}","{""detection_events"":303371,""detectors_checked"":72941568,""obs_mistake_mask=E"":2}"
   1333248,         0,         0,    44.8,standalone_exact_mw,aea10f45e3589e84a00777b800d38e8a3149bd6cb552c409f3bffd718c1a0abf,"{""distance"":5,""physical_error_rate"":5e-05}","{""detection_events"":61987,""detectors_checked"":298647552}"
    964608,         0,         0,    44.6,standalone_exact_mw,cc9149276d16e61a5ac322a1d2048afebd34054fe0ed4879b77eb616628c1148,"{""distance"":5,""physical_error_rate"":0.0001}","{""detection_events"":89404,""detectors_checked"":216072192}"
   1433600,         0,         0,    62.7,standalone_exact_mw,29ae76c7f86edcd2f56343e8109d8463cbc736644db4e57527101e2f1c3606c8,"{""distance"":5,""physical_error_rate"":0.0002}","{""detection_events"":265078,""detectors_checked"":321126400}"
   1710080,         0,         0,    62.6,standalone_exact_mw,aea10f45e3589e84a00777b800d38e8a3149bd6cb552c409f3bffd718c1a0abf,"{""distance"":5,""physical_error_rate"":5e-05}","{""detection_events"":78429,""detectors_checked"":383057920}"
   1372160,         0,         0,    62.7,standalone_exact_mw,29ae76c7f86edcd2f56343e8109d8463cbc736644db4e57527101e2f1c3606c8,"{""distance"":5,""physical_error_rate"":0.0002}","{""detection_events"":257053,""detectors_checked"":307363840}"
   1720320,         0,         0,    62.7,standalone_exact_mw,cc9149276d16e61a5ac322a1d2048afebd34054fe0ed4879b77eb616628c1148,"{""distance"":5,""physical_error_rate"":0.0001}","{""detection_events"":160985,""detectors_checked"":385351680}"
    392192,        13,         0,    45.0,standalone_exact_mw,7bb6e20e48600212890a8c0dbf00c9e78f41358e09b12be0f89e4aae4bc5d684,"{""distance"":5,""physical_error_rate"":0.002}","{""detection_events"":724381,""detectors_checked"":87851008,""obs_mistake_mask=E"":13}"
    627712,         5,         0,    44.9,standalone_exact_mw,77d802c74222c3324b7f1323f7447c6411ad27be92307b6127e53af575faadca,"{""distance"":5,""physical_error_rate"":0.001}","{""detection_events"":582253,""detectors_checked"":140607488,""obs_mistake_mask=E"":5}"
   1343488,         0,         0,    44.8,standalone_exact_mw,aea10f45e3589e84a00777b800d38e8a3149bd6cb552c409f3bffd718c1a0abf,"{""distance"":5,""physical_error_rate"":5e-05}","{""detection_events"":62856,""detectors_checked"":300941312}"
   1134592,         1,         0,    62.6,standalone_exact_mw,503ee55b5ad1b1988379a241a0405811522ee4d50b473755532ad1299cb121e2,"{""distance"":5,""physical_error_rate"":0.0005}","{""detection_events"":526188,""detectors_checked"":254148608,""obs_mistake_mask=E"":1}"
   1122304,         0,         0,    44.9,standalone_exact_mw,29ae76c7f86edcd2f56343e8109d8463cbc736644db4e57527101e2f1c3606c8,"{""distance"":5,""physical_error_rate"":0.0002}","{""detection_events"":208888,""detectors_checked"":251396096}"
   1688576,         0,         0,    44.8,standalone_exact_mw,cc9149276d16e61a5ac322a1d2048afebd34054fe0ed4879b77eb616628c1148,"{""distance"":5,""physical_error_rate"":0.0001}","{""detection_events"":157940,""detectors_checked"":378241024}"
    285696,         6,         0,    32.2,standalone_exact_mw,7bb6e20e48600212890a8c0dbf00c9e78f41358e09b12be0f89e4aae4bc5d684,"{""distance"":5,""physical_error_rate"":0.002}","{""detection_events"":527091,""detectors_checked"":63995904,""obs_mistake_mask=E"":6}"
    794624,         0,         0,    32.0,standalone_exact_mw,29ae76c7f86edcd2f56343e8109d8463cbc736644db4e57527101e2f1c3606c8,"{""distance"":5,""physical_error_rate"":0.0002}","{""detection_events"":147571,""detectors_checked"":177995776}"
    483328,         2,         0,    32.0,standalone_exact_mw,77d802c74222c3324b7f1323f7447c6411ad27be92307b6127e53af575faadca,"{""distance"":5,""physical_error_rate"":0.001}","{""detection_events"":449740,""detectors_checked"":108265472,""obs_mistake_mask=E"":2}"
    904192,         0,         0,    32.0,standalone_exact_mw,cc9149276d16e61a5ac322a1d2048afebd34054fe0ed4879b77eb616628c1148,"{""distance"":5,""physical_error_rate"":0.0001}","{""detection_events"":84373,""detectors_checked"":202539008}"
    518144,         0,         0,    32.1,standalone_exact_mw,503ee55b5ad1b1988379a241a0405811522ee4d50b473755532ad1299cb121e2,"{""distance"":5,""physical_error_rate"":0.0005}","{""detection_events"":239781,""detectors_checked"":116064256}"
    273408,        13,         0,    32.2,standalone_exact_mw,7bb6e20e48600212890a8c0dbf00c9e78f41358e09b12be0f89e4aae4bc5d684,"{""distance"":5,""physical_error_rate"":0.002}","{""detection_events"":502579,""detectors_checked"":61243392,""obs_mistake_mask=E"":13}"
    832512,         1,         0,    62.8,standalone_exact_mw,77d802c74222c3324b7f1323f7447c6411ad27be92307b6127e53af575faadca,"{""distance"":5,""physical_error_rate"":0.001}","{""detection_events"":769807,""detectors_checked"":186482688,""obs_mistake_mask=E"":1}"
    470016,        14,         0,    62.8,standalone_exact_mw,7bb6e20e48600212890a8c0dbf00c9e78f41358e09b12be0f89e4aae4bc5d684,"{""distance"":5,""physical_error_rate"":0.002}","{""detection_events"":866584,""detectors_checked"":105283584,""obs_mistake_mask=E"":14}"
    773120,         0,         0,    44.6,standalone_exact_mw,503ee55b5ad1b1988379a241a0405811522ee4d50b473755532ad1299cb121e2,"{""distance"":5,""physical_error_rate"":0.0005}","{""detection_events"":359396,""detectors_checked"":173178880}"
    628736,         0,         0,    32.0,standalone_exact_mw,503ee55b5ad1b1988379a241a0405811522ee4d50b473755532ad1299cb121e2,"{""distance"":5,""physical_error_rate"":0.0005}","{""detection_events"":293808,""detectors_checked"":140836864}"
    694272,         0,         0,    31.9,standalone_exact_mw,29ae76c7f86edcd2f56343e8109d8463cbc736644db4e57527101e2f1c3606c8,"{""distance"":5,""physical_error_rate"":0.0002}","{""detection_events"":129261,""detectors_checked"":155516928}"
    951296,         0,         0,    32.0,standalone_exact_mw,aea10f45e3589e84a00777b800d38e8a3149bd6cb552c409f3bffd718c1a0abf,"{""distance"":5,""physical_error_rate"":5e-05}","{""detection_events"":44236,""detectors_checked"":213090304}"
    427008,         1,         0,    32.0,standalone_exact_mw,77d802c74222c3324b7f1323f7447c6411ad27be92307b6127e53af575faadca,"{""distance"":5,""physical_error_rate"":0.001}","{""detection_events"":396434,""detectors_checked"":95649792,""obs_mistake_mask=E"":1}"
   1784832,         0,         0,    62.6,standalone_exact_mw,aea10f45e3589e84a00777b800d38e8a3149bd6cb552c409f3bffd718c1a0abf,"{""distance"":5,""physical_error_rate"":5e-05}","{""detection_events"":82841,""detectors_checked"":399802368}"
   1669120,         0,         0,    62.7,standalone_exact_mw,cc9149276d16e61a5ac322a1d2048afebd34054fe0ed4879b77eb616628c1148,"{""distance"":5,""physical_error_rate"":0.0001}","{""detection_events"":153900,""detectors_checked"":373882880}"
   1233920,         2,         0,    62.6,standalone_exact_mw,503ee55b5ad1b1988379a241a0405811522ee4d50b473755532ad1299cb121e2,"{""distance"":5,""physical_error_rate"":0.0005}","{""detection_events"":574266,""detectors_checked"":276398080,""obs_mistake_mask=E"":2}"
    580608,        16,         0,    62.9,standalone_exact_mw,7bb6e20e48600212890a8c0dbf00c9e78f41358e09b12be0f89e4aae4bc5d684,"{""distance"":5,""physical_error_rate"":0.002}","{""detection_events"":1072130,""detectors_checked"":130056192,""obs_mistake_mask=E"":16}"
    903168,         4,         0,    62.8,standalone_exact_mw,77d802c74222c3324b7f1323f7447c6411ad27be92307b6127e53af575faadca,"{""distance"":5,""physical_error_rate"":0.001}","{""detection_events"":836453,""detectors_checked"":202309632,""obs_mistake_mask=E"":4}"
    964608,         4,         0,    62.8,standalone_exact_mw,77d802c74222c3324b7f1323f7447c6411ad27be92307b6127e53af575faadca,"{""distance"":5,""physical_error_rate"":0.001}","{""detection_events"":893332,""detectors_checked"":216072192,""obs_mistake_mask=E"":4}"
    514048,        11,         0,    62.9,standalone_exact_mw,7bb6e20e48600212890a8c0dbf00c9e78f41358e09b12be0f89e4aae4bc5d684,"{""distance"":5,""physical_error_rate"":0.002}","{""detection_events"":950103,""detectors_checked"":115146752,""obs_mistake_mask=E"":11}"
   1351680,         2,         0,    62.7,standalone_exact_mw,503ee55b5ad1b1988379a241a0405811522ee4d50b473755532ad1299cb121e2,"{""distance"":5,""physical_error_rate"":0.0005}","{""detection_events"":629158,""detectors_checked"":302776320,""obs_mistake_mask=E"":2}"
   2813952,        11,         0,    88.0,standalone_exact_mw,77d802c74222c3324b7f1323f7447c6411ad27be92307b6127e53af575faadca,"{""distance"":5,""physical_error_rate"":0.001}","{""detection_events"":2611279,""detectors_checked"":630325248,""obs_mistake_mask=E"":11}"
   2372608,         0,         0,    87.7,standalone_exact_mw,29ae76c7f86edcd2f56343e8109d8463cbc736644db4e57527101e2f1c3606c8,"{""distance"":5,""physical_error_rate"":0.0002}","{""detection_events"":442296,""detectors_checked"":531464192}"
   1771520,         0,         0,    62.7,standalone_exact_mw,29ae76c7f86edcd2f56343e8109d8463cbc736644db4e57527101e2f1c3606c8,"{""distance"":5,""physical_error_rate"":0.0002}","{""detection_events"":330369,""detectors_checked"":396820480}"
   1716224,         0,         0,    62.6,standalone_exact_mw,aea10f45e3589e84a00777b800d38e8a3149bd6cb552c409f3bffd718c1a0abf,"{""distance"":5,""physical_error_rate"":5e-05}","{""detection_events"":79914,""detectors_checked"":384434176}"
   1826816,         1,         0,    87.8,standalone_exact_mw,503ee55b5ad1b1988379a241a0405811522ee4d50b473755532ad1299cb121e2,"{""distance"":5,""physical_error_rate"":0.0005}","{""detection_events"":848789,""detectors_checked"":409206784,""obs_mistake_mask=E"":1}"
   2508800,         0,         0,    87.6,standalone_exact_mw,cc9149276d16e61a5ac322a1d2048afebd34054fe0ed4879b77eb616628c1148,"{""distance"":5,""physical_error_rate"":0.0001}","{""detection_events"":233335,""detectors_checked"":561971200}"
   1788928,         0,         0,    62.6,standalone_exact_mw,cc9149276d16e61a5ac322a1d2048afebd34054fe0ed4879b77eb616628c1148,"{""distance"":5,""physical_error_rate"":0.0001}","{""detection_events"":168147,""detectors_checked"":400719872}"
   2311168,         0,         0,    87.8,standalone_exact_mw,29ae76c7f86edcd2f56343e8109d8463cbc736644db4e57527101e2f1c3606c8,"{""distance"":5,""physical_error_rate"":0.0002}","{""detection_events"":433978,""detectors_checked"":517701632}"
   2724864,         0,         0,    87.5,standalone_exact_mw,aea10f45e3589e84a00777b800d38e8a3149bd6cb552c409f3bffd718c1a0abf,"{""distance"":5,""physical_error_rate"":5e-05}","{""detection_events"":127965,""detectors_checked"":610369536}"
    829440,        19,         0,    88.1,standalone_exact_mw,7bb6e20e48600212890a8c0dbf00c9e78f41358e09b12be0f89e4aae4bc5d684,"{""distance"":5,""physical_error_rate"":0.002}","{""detection_events"":1530133,""detectors_checked"":185794560,""obs_mistake_mask=E"":19}"
    444416,         5,         0,    44.8,standalone_exact_mw,7bb6e20e48600212890a8c0dbf00c9e78f41358e09b12be0f89e4aae4bc5d684,"{""distance"":5,""physical_error_rate"":0.002}","{""detection_events"":818978,""detectors_checked"":99549184,""obs_mistake_mask=E"":5}"
   1230848,         0,         0,    44.9,standalone_exact_mw,29ae76c7f86edcd2f56343e8109d8463cbc736644db4e57527101e2f1c3606c8,"{""distance"":5,""physical_error_rate"":0.0002}","{""detection_events"":228623,""detectors_checked"":275709952}"
    882688,         3,         0,    44.9,standalone_exact_mw,77d802c74222c3324b7f1323f7447c6411ad27be92307b6127e53af575faadca,"{""distance"":5,""physical_error_rate"":0.001}","{""detection_events"":815925,""detectors_checked"":197722112,""obs_mistake_mask=E"":3}"
   1595392,         0,         0,    44.8,standalone_exact_mw,cc9149276d16e61a5ac322a1d2048afebd34054fe0ed4879b77eb616628c1148,"{""distance"":5,""physical_error_rate"":0.0001}","{""detection_events"":148961,""detectors_checked"":357367808}"
    995328,         0,         0,    44.8,standalone_exact_mw,503ee55b5ad1b1988379a241a0405811522ee4d50b473755532ad1299cb121e2,"{""distance"":5,""physical_error_rate"":0.0005}","{""detection_events"":463288,""detectors_checked"":222953472}"
    506880,        15,         0,    44.9,standalone_exact_mw,7bb6e20e48600212890a8c0dbf00c9e78f41358e09b12be0f89e4aae4bc5d684,"{""distance"":5,""physical_error_rate"":0.002}","{""detection_events"":935081,""detectors_checked"":113541120,""obs_mistake_mask=E"":15}"
   1892352,         0,         0,    87.7,standalone_exact_mw,503ee55b5ad1b1988379a241a0405811522ee4d50b473755532ad1299cb121e2,"{""distance"":5,""physical_error_rate"":0.0005}","{""detection_events"":880381,""detectors_checked"":423886848}"
   1116160,         0,         0,    44.8,standalone_exact_mw,503ee55b5ad1b1988379a241a0405811522ee4d50b473755532ad1299cb121e2,"{""distance"":5,""physical_error_rate"":0.0005}","{""detection_events"":519261,""detectors_checked"":250019840}"
   1317888,         0,         0,    44.8,standalone_exact_mw,29ae76c7f86edcd2f56343e8109d8463cbc736644db4e57527101e2f1c3606c8,"{""distance"":5,""physical_error_rate"":0.0002}","{""detection_events"":245404,""detectors_checked"":295206912}"
   1368064,         0,         0,    44.7,standalone_exact_mw,aea10f45e3589e84a00777b800d38e8a3149bd6cb552c409f3bffd718c1a0abf,"{""distance"":5,""physical_error_rate"":5e-05}","{""detection_events"":64138,""detectors_checked"":306446336}"
    705536,         2,         0,    45.0,standalone_exact_mw,77d802c74222c3324b7f1323f7447c6411ad27be92307b6127e53af575faadca,"{""distance"":5,""physical_error_rate"":0.001}","{""detection_events"":652410,""detectors_checked"":158040064,""obs_mistake_mask=E"":2}"
   2216960,         0,         0,    87.7,standalone_exact_mw,29ae76c7f86edcd2f56343e8109d8463cbc736644db4e57527101e2f1c3606c8,"{""distance"":5,""physical_error_rate"":0.0002}","{""detection_events"":412857,""detectors_checked"":496599040}"
   2660352,         0,         0,    87.7,standalone_exact_mw,aea10f45e3589e84a00777b800d38e8a3149bd6cb552c409f3bffd718c1a0abf,"{""distance"":5,""physical_error_rate"":5e-05}","{""detection_events"":123648,""detectors_checked"":595918848}"
   2276352,         0,         0,    87.5,standalone_exact_mw,cc9149276d16e61a5ac322a1d2048afebd34054fe0ed4879b77eb616628c1148,"{""distance"":5,""physical_error_rate"":0.0001}","{""detection_events"":212948,""detectors_checked"":509902848}"
   5010432,         0,         0,    87.8,standalone_exact_mw,29ae76c7f86edcd2f56343e8109d8463cbc736644db4e57527101e2f1c3606c8,"{""distance"":5,""physical_error_rate"":0.0002}","{""detection_events"":934251,""detectors_checked"":1122336768}"
   2802688,         0,         0,    87.6,standalone_exact_mw,cc9149276d16e61a5ac322a1d2048afebd34054fe0ed4879b77eb616628c1148,"{""distance"":5,""physical_error_rate"":0.0001}","{""detection_events"":260079,""detectors_checked"":627802112}"
   3017728,         0,         0,    87.8,standalone_exact_mw,aea10f45e3589e84a00777b800d38e8a3149bd6cb552c409f3bffd718c1a0abf,"{""distance"":5,""physical_error_rate"":5e-05}","{""detection_events"":140224,""detectors_checked"":675971072}"
   2809856,         0,         0,    87.6,standalone_exact_mw,cc9149276d16e61a5ac322a1d2048afebd34054fe0ed4879b77eb616628c1148,"{""distance"":5,""physical_error_rate"":0.0001}","{""detection_events"":261753,""detectors_checked"":629407744}"
   2940928,        10,         0,    87.9,standalone_exact_mw,77d802c74222c3324b7f1323f7447c6411ad27be92307b6127e53af575faadca,"{""distance"":5,""physical_error_rate"":0.001}","{""detection_events"":2730192,""detectors_checked"":658767872,""obs_mistake_mask=E"":10}"
    965632,        30,         0,    88.0,standalone_exact_mw,7bb6e20e48600212890a8c0dbf00c9e78f41358e09b12be0f89e4aae4bc5d684,"{""distance"":5,""physical_error_rate"":0.002}","{""detection_events"":1788663,""detectors_checked"":216301568,""obs_mistake_mask=E"":30}"
   1293312,         3,         0,    87.9,standalone_exact_mw,77d802c74222c3324b7f1323f7447c6411ad27be92307b6127e53af575faadca,"{""distance"":5,""physical_error_rate"":0.001}","{""detection_events"":1197790,""detectors_checked"":289701888,""obs_mistake_mask=E"":3}"
   1449984,         4,         0,    87.9,standalone_exact_mw,77d802c74222c3324b7f1323f7447c6411ad27be92307b6127e53af575faadca,"{""distance"":5,""physical_error_rate"":0.001}","{""detection_events"":1346562,""detectors_checked"":324796416,""obs_mistake_mask=E"":4}"
   2403328,         0,         0,    87.6,standalone_exact_mw,cc9149276d16e61a5ac322a1d2048afebd34054fe0ed4879b77eb616628c1148,"{""distance"":5,""physical_error_rate"":0.0001}","{""detection_events"":223795,""detectors_checked"":538345472}"
    820224,        12,         0,    88.0,standalone_exact_mw,7bb6e20e48600212890a8c0dbf00c9e78f41358e09b12be0f89e4aae4bc5d684,"{""distance"":5,""physical_error_rate"":0.002}","{""detection_events"":1513096,""detectors_checked"":183730176,""obs_mistake_mask=E"":12}"
   1936384,         0,         0,    87.7,standalone_exact_mw,503ee55b5ad1b1988379a241a0405811522ee4d50b473755532ad1299cb121e2,"{""distance"":5,""physical_error_rate"":0.0005}","{""detection_events"":899457,""detectors_checked"":433750016}"
    894976,        25,         0,    88.0,standalone_exact_mw,7bb6e20e48600212890a8c0dbf00c9e78f41358e09b12be0f89e4aae4bc5d684,"{""distance"":5,""physical_error_rate"":0.002}","{""detection_events"":1654092,""detectors_checked"":200474624,""obs_mistake_mask=E"":25}"
    854016,        18,         0,    88.1,standalone_exact_mw,7bb6e20e48600212890a8c0dbf00c9e78f41358e09b12be0f89e4aae4bc5d684,"{""distance"":5,""physical_error_rate"":0.002}","{""detection_events"":1574051,""detectors_checked"":191299584,""obs_mistake_mask=E"":18}"
   2406400,         0,         0,    87.7,standalone_exact_mw,29ae76c7f86edcd2f56343e8109d8463cbc736644db4e57527101e2f1c3606c8,"{""distance"":5,""physical_error_rate"":0.0002}","{""detection_events"":448814,""detectors_checked"":539033600}"
   1873920,         1,         0,    87.9,standalone_exact_mw,503ee55b5ad1b1988379a241a0405811522ee4d50b473755532ad1299cb121e2,"{""distance"":5,""physical_error_rate"":0.0005}","{""detection_events"":871189,""detectors_checked"":419758080,""obs_mistake_mask=E"":1}"
   2549760,         0,         0,    87.6,standalone_exact_mw,aea10f45e3589e84a00777b800d38e8a3149bd6cb552c409f3bffd718c1a0abf,"{""distance"":5,""physical_error_rate"":5e-05}","{""detection_events"":117746,""detectors_checked"":571146240}"
   1558528,         3,         0,    87.9,standalone_exact_mw,77d802c74222c3324b7f1323f7447c6411ad27be92307b6127e53af575faadca,"{""distance"":5,""physical_error_rate"":0.001}","{""detection_events"":1446612,""detectors_checked"":349110272,""obs_mistake_mask=E"":3}"
   2667520,         0,         0,    87.6,standalone_exact_mw,aea10f45e3589e84a00777b800d38e8a3149bd6cb552c409f3bffd718c1a0abf,"{""distance"":5,""physical_error_rate"":5e-05}","{""detection_events"":125334,""detectors_checked"":597524480}"
   3834880,         0,         0,    87.8,standalone_exact_mw,503ee55b5ad1b1988379a241a0405811522ee4d50b473755532ad1299cb121e2,"{""distance"":5,""physical_error_rate"":0.0005}","{""detection_events"":1783597,""detectors_checked"":859013120}"
    670720,        19,         0,    62.9,standalone_exact_mw,7bb6e20e48600212890a8c0dbf00c9e78f41358e09b12be0f89e4aae4bc5d684,"{""distance"":5,""physical_error_rate"":0.002}","{""detection_events"":1236373,""detectors_checked"":150241280,""obs_mistake_mask=E"":19}"
    856064,         1,         0,    62.8,standalone_exact_mw,77d802c74222c3324b7f1323f7447c6411ad27be92307b6127e53af575faadca,"{""distance"":5,""physical_error_rate"":0.001}","{""detection_events"":794109,""detectors_checked"":191758336,""obs_mistake_mask=E"":1}"
   2126848,         0,         0,    62.5,standalone_exact_mw,aea10f45e3589e84a00777b800d38e8a3149bd6cb552c409f3bffd718c1a0abf,"{""distance"":5,""physical_error_rate"":5e-05}","{""detection_events"":98401,""detectors_checked"":476413952}"
   1806336,         0,         0,    62.5,standalone_exact_mw,29ae76c7f86edcd2f56343e8109d8463cbc736644db4e57527101e2f1c3606c8,"{""distance"":5,""physical_error_rate"":0.0002}","{""detection_events"":336613,""detectors_checked"":404619264}"
   1480704,         0,         0,    62.5,standalone_exact_mw,cc9149276d16e61a5ac322a1d2048afebd34054fe0ed4879b77eb616628c1148,"{""distance"":5,""physical_error_rate"":0.0001}","{""detection_events"":140068,""detectors_checked"":331677696}"
   1424384,         0,         0,    62.7,standalone_exact_mw,503ee55b5ad1b1988379a241a0405811522ee4d50b473755532ad1299cb121e2,"{""distance"":5,""physical_error_rate"":0.0005}","{""detection_events"":664007,""detectors_checked"":319062016}"
   2476032,         0,         0,    87.6,standalone_exact_mw,29ae76c7f86edcd2f56343e8109d8463cbc736644db4e57527101e2f1c3606c8,"{""distance"":5,""physical_error_rate"":0.0002}","{""detection_events"":461198,""detectors_checked"":554631168}"
   2772992,         0,         0,    87.6,standalone_exact_mw,aea10f45e3589e84a00777b800d38e8a3149bd6cb552c409f3bffd718c1a0abf,"{""distance"":5,""physical_error_rate"":5e-05}","{""detection_events"":129110,""detectors_checked"":621150208}"
   2300928,         0,         0,    87.6,standalone_exact_mw,29ae76c7f86edcd2f56343e8109d8463cbc736644db4e57527101e2f1c3606c8,"{""distance"":5,""physical_error_rate"":0.0002}","{""detection_events"":429472,""detectors_checked"":515407872}"
   2888704,         0,         0,    87.8,standalone_exact_mw,cc9149276d16e61a5ac322a1d2048afebd34054fe0ed4879b77eb616628c1148,"{""distance"":5,""physical_error_rate"":0.0001}","{""detection_events"":268852,""detectors_checked"":647069696}"
   1949696,         0,         0,    87.9,standalone_exact_mw,503ee55b5ad1b1988379a241a0405811522ee4d50b473755532ad1299cb121e2,"{""distance"":5,""physical_error_rate"":0.0005}","{""detection_events"":905289,""detectors_checked"":436731904}"
   1456128,         5,         0,    88.0,standalone_exact_mw,77d802c74222c3324b7f1323f7447c6411ad27be92307b6127e53af575faadca,"{""distance"":5,""physical_error_rate"":0.001}","{""detection_events"":1348632,""detectors_checked"":326172672,""obs_mistake_mask=E"":5}"
    799744,        28,         0,    87.9,standalone_exact_mw,7bb6e20e48600212890a8c0dbf00c9e78f41358e09b12be0f89e4aae4bc5d684,"{""distance"":5,""physical_error_rate"":0.002}","{""detection_events"":1471988,""detectors_checked"":179142656,""obs_mistake_mask=E"":28}"
   2409472,         0,         0,    87.5,standalone_exact_mw,aea10f45e3589e84a00777b800d38e8a3149bd6cb552c409f3bffd718c1a0abf,"{""distance"":5,""physical_error_rate"":5e-05}","{""detection_events"":112384,""detectors_checked"":539721728}"
   3268608,         0,         0,    87.8,standalone_exact_mw,cc9149276d16e61a5ac322a1d2048afebd34054fe0ed4879b77eb616628c1148,"{""distance"":5,""physical_error_rate"":0.0001}","{""detection_events"":305029,""detectors_checked"":732168192}"
    504832,        19,         0,    63.0,standalone_exact_mw,7bb6e20e48600212890a8c0dbf00c9e78f41358e09b12be0f89e4aae4bc5d684,"{""distance"":5,""physical_error_rate"":0.002}","{""detection_events"":932443,""detectors_checked"":113082368,""obs_mistake_mask=E"":19}"
   1524736,         0,         0,    62.7,standalone_exact_mw,29ae76c7f86edcd2f56343e8109d8463cbc736644db4e57527101e2f1c3606c8,"{""distance"":5,""physical_error_rate"":0.0002}","{""detection_events"":282433,""detectors_checked"":341540864}"
   1167360,         5,         0,    62.8,standalone_exact_mw,77d802c74222c3324b7f1323f7447c6411ad27be92307b6127e53af575faadca,"{""distance"":5,""physical_error_rate"":0.001}","{""detection_events"":1080158,""detectors_checked"":261488640,""obs_mistake_mask=E"":5}"
   2294784,         0,         0,    62.7,standalone_exact_mw,cc9149276d16e61a5ac322a1d2048afebd34054fe0ed4879b77eb616628c1148,"{""distance"":5,""physical_error_rate"":0.0001}","{""detection_events"":213128,""detectors_checked"":514031616}"
   1588224,         0,         0,    62.7,standalone_exact_mw,503ee55b5ad1b1988379a241a0405811522ee4d50b473755532ad1299cb121e2,"{""distance"":5,""physical_error_rate"":0.0005}","{""detection_events"":739945,""detectors_checked"":355762176}"
    747520,        27,         0,    62.9,standalone_exact_mw,7bb6e20e48600212890a8c0dbf00c9e78f41358e09b12be0f89e4aae4bc5d684,"{""distance"":5,""physical_error_rate"":0.002}","{""detection_events"":1380387,""detectors_checked"":167444480,""obs_mistake_mask=E"":27}"
   1959936,         1,         0,    87.8,standalone_exact_mw,503ee55b5ad1b1988379a241a0405811522ee4d50b473755532ad1299cb121e2,"{""distance"":5,""physical_error_rate"":0.0005}","{""detection_events"":914531,""detectors_checked"":439025664,""obs_mistake_mask=E"":1}"
    852992,        26,         0,    88.1,standalone_exact_mw,7bb6e20e48600212890a8c0dbf00c9e78f41358e09b12be0f89e4aae4bc5d684,"{""distance"":5,""physical_error_rate"":0.002}","{""detection_events"":1570545,""detectors_checked"":191070208,""obs_mistake_mask=E"":26}"
   1440768,         0,         0,    62.8,standalone_exact_mw,503ee55b5ad1b1988379a241a0405811522ee4d50b473755532ad1299cb121e2,"{""distance"":5,""physical_error_rate"":0.0005}","{""detection_events"":671150,""detectors_checked"":322732032}"
   1850368,         0,         0,    62.7,standalone_exact_mw,29ae76c7f86edcd2f56343e8109d8463cbc736644db4e57527101e2f1c3606c8,"{""distance"":5,""physical_error_rate"":0.0002}","{""detection_events"":345093,""detectors_checked"":414482432}"
   2503680,         0,         0,    62.6,standalone_exact_mw,aea10f45e3589e84a00777b800d38e8a3149bd6cb552c409f3bffd718c1a0abf,"{""distance"":5,""physical_error_rate"":5e-05}","{""detection_events"":116541,""detectors_checked"":560824320}"
    840704,         5,         0,    62.8,standalone_exact_mw,77d802c74222c3324b7f1323f7447c6411ad27be92307b6127e53af575faadca,"{""distance"":5,""physical_error_rate"":0.001}","{""detection_events"":780284,""detectors_checked"":188317696,""obs_mistake_mask=E"":5}"
   1332224,         1,         0,    87.9,standalone_exact_mw,77d802c74222c3324b7f1323f7447c6411ad27be92307b6127e53af575faadca,"{""distance"":5,""physical_error_rate"":0.001}","{""detection_events"":1237723,""detectors_checked"":298418176,""obs_mistake_mask=E"":1}"
   1566720,         5,         0,    87.9,standalone_exact_mw,77d802c74222c3324b7f1323f7447c6411ad27be92307b6127e53af575faadca,"{""distance"":5,""physical_error_rate"":0.001}","{""detection_events"":1451399,""detectors_checked"":350945280,""obs_mistake_mask=E"":5}"
   1039360,        41,         0,    88.0,standalone_exact_mw,7bb6e20e48600212890a8c0dbf00c9e78f41358e09b12be0f89e4aae4bc5d684,"{""distance"":5,""physical_error_rate"":0.002}","{""detection_events"":1920974,""detectors_checked"":232816640,""obs_mistake_mask=E"":41}"
   1949696,         1,         0,    87.6,standalone_exact_mw,503ee55b5ad1b1988379a241a0405811522ee4d50b473755532ad1299cb121e2,"{""distance"":5,""physical_error_rate"":0.0005}","{""detection_events"":905336,""detectors_checked"":436731904,""obs_mistake_mask=E"":1}"
   2472960,         0,         0,    87.6,standalone_exact_mw,29ae76c7f86edcd2f56343e8109d8463cbc736644db4e57527101e2f1c3606c8,"{""distance"":5,""physical_error_rate"":0.0002}","{""detection_events"":459309,""detectors_checked"":553943040}"
   3217408,         0,         0,    87.7,standalone_exact_mw,aea10f45e3589e84a00777b800d38e8a3149bd6cb552c409f3bffd718c1a0abf,"{""distance"":5,""physical_error_rate"":5e-05}","{""detection_events"":150556,""detectors_checked"":720699392}"
   2408448,         0,         0,    87.5,standalone_exact_mw,cc9149276d16e61a5ac322a1d2048afebd34054fe0ed4879b77eb616628c1148,"{""distance"":5,""physical_error_rate"":0.0001}","{""detection_events"":225202,""detectors_checked"":539492352}"
   1005568,        27,         0,    88.1,standalone_exact_mw,7bb6e20e48600212890a8c0dbf00c9e78f41358e09b12be0f89e4aae4bc5d684,"{""distance"":5,""physical_error_rate"":0.002}","{""detection_events"":1855983,""detectors_checked"":225247232,""obs_mistake_mask=E"":27}"
   1327104,         7,         0,    87.7,standalone_exact_mw,77d802c74222c3324b7f1323f7447c6411ad27be92307b6127e53af575faadca,"{""distance"":5,""physical_error_rate"":0.001}","{""detection_events"":1232681,""detectors_checked"":297271296,""obs_mistake_mask=E"":7}"
   3002368,         0,         0,    87.6,standalone_exact_mw,aea10f45e3589e84a00777b800d38e8a3149bd6cb552c409f3bffd718c1a0abf,"{""distance"":5,""physical_error_rate"":5e-05}","{""detection_events"":139013,""detectors_checked"":672530432}"
   2769920,         0,         0,    87.7,standalone_exact_mw,29ae76c7f86edcd2f56343e8109d8463cbc736644db4e57527101e2f1c3606c8,"{""distance"":5,""physical_error_rate"":0.0002}","{""detection_events"":517359,""detectors_checked"":620462080}"
   2915328,         0,         0,    87.8,standalone_exact_mw,cc9149276d16e61a5ac322a1d2048afebd34054fe0ed4879b77eb616628c1148,"{""distance"":5,""physical_error_rate"":0.0001}","{""detection_events"":272562,""detectors_checked"":653033472}"
   1959936,         0,         0,    87.8,standalone_exact_mw,503ee55b5ad1b1988379a241a0405811522ee4d50b473755532ad1299cb121e2,"{""distance"":5,""physical_error_rate"":0.0005}","{""detection_events"":911676,""detectors_checked"":439025664}"
   2321408,         9,         0,   119.7,standalone_exact_mw,77d802c74222c3324b7f1323f7447c6411ad27be92307b6127e53af575faadca,"{""distance"":5,""physical_error_rate"":0.001}","{""detection_events"":2152183,""detectors_checked"":519995392,""obs_mistake_mask=E"":9}"
   3941376,         0,         0,   119.2,standalone_exact_mw,29ae76c7f86edcd2f56343e8109d8463cbc736644db4e57527101e2f1c3606c8,"{""distance"":5,""physical_error_rate"":0.0002}","{""detection_events"":737263,""detectors_checked"":882868224}"
   2866176,         0,         0,   119.5,standalone_exact_mw,503ee55b5ad1b1988379a241a0405811522ee4d50b473755532ad1299cb121e2,"{""distance"":5,""physical_error_rate"":0.0005}","{""detection_events"":1334165,""detectors_checked"":642023424}"
   4030464,         0,         0,   119.2,standalone_exact_mw,cc9149276d16e61a5ac322a1d2048afebd34054fe0ed4879b77eb616628c1148,"{""distance"":5,""physical_error_rate"":0.0001}","{""detection_events"":374717,""detectors_checked"":902823936}"
   3902464,         0,         0,   119.4,standalone_exact_mw,29ae76c7f86edcd2f56343e8109d8463cbc736644db4e57527101e2f1c3606c8,"{""distance"":5,""physical_error_rate"":0.0002}","{""detection_events"":727649,""detectors_checked"":874151936}"
   4264960,         0,         0,   119.3,standalone_exact_mw,aea10f45e3589e84a00777b800d38e8a3149bd6cb552c409f3bffd718c1a0abf,"{""distance"":5,""physical_error_rate"":5e-05}","{""detection_events"":199438,""detectors_checked"":955351040}"
   1287168,        40,         0,   119.8,standalone_exact_mw,7bb6e20e48600212890a8c0dbf00c9e78f41358e09b12be0f89e4aae4bc5d684,"{""distance"":5,""physical_error_rate"":0.002}","{""detection_events"":2380826,""detectors_checked"":288325632,""obs_mistake_mask=E"":40}"
   2821120,         0,         0,   119.5,standalone_exact_mw,503ee55b5ad1b1988379a241a0405811522ee4d50b473755532ad1299cb121e2,"{""distance"":5,""physical_error_rate"":0.0005}","{""detection_events"":1313342,""detectors_checked"":631930880}"
   2876416,         0,         0,   119.3,standalone_exact_mw,29ae76c7f86edcd2f56343e8109d8463cbc736644db4e57527101e2f1c3606c8,"{""distance"":5,""physical_error_rate"":0.0002}","{""detection_events"":535788,""detectors_checked"":644317184}"
   3940352,         0,         0,   119.3,standalone_exact_mw,aea10f45e3589e84a00777b800d38e8a3149bd6cb552c409f3bffd718c1a0abf,"{""distance"":5,""physical_error_rate"":5e-05}","{""detection_events"":182857,""detectors_checked"":882638848}"
   4403200,         0,         0,   119.3,standalone_exact_mw,cc9149276d16e61a5ac322a1d2048afebd34054fe0ed4879b77eb616628c1148,"{""distance"":5,""physical_error_rate"":0.0001}","{""detection_events"":409830,""detectors_checked"":986316800}"
   2945024,         0,         0,   119.3,standalone_exact_mw,29ae76c7f86edcd2f56343e8109d8463cbc736644db4e57527101e2f1c3606c8,"{""distance"":5,""physical_error_rate"":0.0002}","{""detection_events"":548674,""detectors_checked"":659685376}"
   3529728,         0,         0,   119.3,standalone_exact_mw,cc9149276d16e61a5ac322a1d2048afebd34054fe0ed4879b77eb616628c1148,"{""distance"":5,""physical_error_rate"":0.0001}","{""detection_events"":329265,""detectors_checked"":790659072}"
   4098048,         0,         0,   119.4,standalone_exact_mw,aea10f45e3589e84a00777b800d38e8a3149bd6cb552c409f3bffd718c1a0abf,"{""distance"":5,""physical_error_rate"":5e-05}","{""detection_events"":191410,""detectors_checked"":917962752}"
   3756032,         0,         0,   119.3,standalone_exact_mw,cc9149276d16e61a5ac322a1d2048afebd34054fe0ed4879b77eb616628c1148,"{""distance"":5,""physical_error_rate"":0.0001}","{""detection_events"":350024,""detectors_checked"":841351168}"
   1852416,         8,         0,   119.6,standalone_exact_mw,77d802c74222c3324b7f1323f7447c6411ad27be92307b6127e53af575faadca,"{""distance"":5,""physical_error_rate"":0.001}","{""detection_events"":1720037,""detectors_checked"":414941184,""obs_mistake_mask=E"":8}"
   1423360,        38,         0,   119.6,standalone_exact_mw,7bb6e20e48600212890a8c0dbf00c9e78f41358e09b12be0f89e4aae4bc5d684,"{""distance"":5,""physical_error_rate"":0.002}","{""detection_events"":2628952,""detectors_checked"":318832640,""obs_mistake_mask=E"":38}"
   2009088,         9,         0,   119.6,standalone_exact_mw,77d802c74222c3324b7f1323f7447c6411ad27be92307b6127e53af575faadca,"{""distance"":5,""physical_error_rate"":0.001}","{""detection_events"":1865124,""detectors_checked"":450035712,""obs_mistake_mask=E"":9}"
   2330624,         6,         0,   119.6,standalone_exact_mw,77d802c74222c3324b7f1323f7447c6411ad27be92307b6127e53af575faadca,"{""distance"":5,""physical_error_rate"":0.001}","{""detection_events"":2162519,""detectors_checked"":522059776,""obs_mistake_mask=E"":6}"
   3689472,         0,         0,   119.3,standalone_exact_mw,cc9149276d16e61a5ac322a1d2048afebd34054fe0ed4879b77eb616628c1148,"{""distance"":5,""physical_error_rate"":0.0001}","{""detection_events"":345136,""detectors_checked"":826441728}"
   1354752,        42,         0,   119.8,standalone_exact_mw,7bb6e20e48600212890a8c0dbf00c9e78f41358e09b12be0f89e4aae4bc5d684,"{""distance"":5,""physical_error_rate"":0.002}","{""detection_events"":2499566,""detectors_checked"":303464448,""obs_mistake_mask=E"":42}"
   1290240,        36,         0,   119.1,standalone_exact_mw,7bb6e20e48600212890a8c0dbf00c9e78f41358e09b12be0f89e4aae4bc5d684,"{""distance"":5,""physical_error_rate"":0.002}","{""detection_events"":2384039,""detectors_checked"":289013760,""obs_mistake_mask=E"":36}"
    726016,        27,         0,    66.3,standalone_exact_mw,7bb6e20e48600212890a8c0dbf00c9e78f41358e09b12be0f89e4aae4bc5d684,"{""distance"":5,""physical_error_rate"":0.002}","{""detection_events"":1341087,""detectors_checked"":162627584,""obs_mistake_mask=E"":27}"
   1311744,        37,         0,   118.9,standalone_exact_mw,7bb6e20e48600212890a8c0dbf00c9e78f41358e09b12be0f89e4aae4bc5d684,"{""distance"":5,""physical_error_rate"":0.002}","{""detection_events"":2418876,""detectors_checked"":293830656,""obs_mistake_mask=E"":37}"
    648192,        17,         0,    54.0,standalone_exact_mw,7bb6e20e48600212890a8c0dbf00c9e78f41358e09b12be0f89e4aae4bc5d684,"{""distance"":5,""physical_error_rate"":0.002}","{""detection_events"":1195679,""detectors_checked"":145195008,""obs_mistake_mask=E"":17}"
    145408,         3,         0,    12.3,standalone_exact_mw,7bb6e20e48600212890a8c0dbf00c9e78f41358e09b12be0f89e4aae4bc5d684,"{""distance"":5,""physical_error_rate"":0.002}","{""detection_events"":268541,""detectors_checked"":32571392,""obs_mistake_mask=E"":3}"
    833536,        29,         0,    85.0,standalone_exact_mw,7bb6e20e48600212890a8c0dbf00c9e78f41358e09b12be0f89e4aae4bc5d684,"{""distance"":5,""physical_error_rate"":0.002}","{""detection_events"":1536779,""detectors_checked"":186712064,""obs_mistake_mask=E"":29}"
    605184,        16,         0,    66.1,standalone_exact_mw,7bb6e20e48600212890a8c0dbf00c9e78f41358e09b12be0f89e4aae4bc5d684,"{""distance"":5,""physical_error_rate"":0.002}","{""detection_events"":1115746,""detectors_checked"":135561216,""obs_mistake_mask=E"":16}"
    799744,        25,         0,    68.0,standalone_exact_mw,7bb6e20e48600212890a8c0dbf00c9e78f41358e09b12be0f89e4aae4bc5d684,"{""distance"":5,""physical_error_rate"":0.002}","{""detection_events"":1475367,""detectors_checked"":179142656,""obs_mistake_mask=E"":25}"
    370688,         6,         0,    28.9,standalone_exact_mw,7bb6e20e48600212890a8c0dbf00c9e78f41358e09b12be0f89e4aae4bc5d684,"{""distance"":5,""physical_error_rate"":0.002}","{""detection_events"":685124,""detectors_checked"":83034112,""obs_mistake_mask=E"":6}"
     10240,         0,         0,   0.919,standalone_exact_mw,7bb6e20e48600212890a8c0dbf00c9e78f41358e09b12be0f89e4aae4bc5d684,"{""distance"":5,""physical_error_rate"":0.002}","{""detection_events"":19138,""detectors_checked"":2293760}"
      1024,         0,         0,   0.136,standalone_exact_mw,7bb6e20e48600212890a8c0dbf00c9e78f41358e09b12be0f89e4aae4bc5d684,"{""distance"":5,""physical_error_rate"":0.002}","{""detection_events"":1907,""detectors_checked"":229376}"
   2655232,         1,         0,   119.3,standalone_exact_mw,503ee55b5ad1b1988379a241a0405811522ee4d50b473755532ad1299cb121e2,"{""distance"":5,""physical_error_rate"":0.0005}","{""detection_events"":1236981,""detectors_checked"":594771968,""obs_mistake_mask=E"":1}"
   3153920,         0,         0,   119.1,standalone_exact_mw,29ae76c7f86edcd2f56343e8109d8463cbc736644db4e57527101e2f1c3606c8,"{""distance"":5,""physical_error_rate"":0.0002}","{""detection_events"":586533,""detectors_checked"":706478080}"
   2385920,         1,         0,   119.4,standalone_exact_mw,503ee55b5ad1b1988379a241a0405811522ee4d50b473755532ad1299cb121e2,"{""distance"":5,""physical_error_rate"":0.0005}","{""detection_events"":1109117,""detectors_checked"":534446080,""obs_mistake_mask=E"":1}"
   3763200,         0,         0,   119.2,standalone_exact_mw,aea10f45e3589e84a00777b800d38e8a3149bd6cb552c409f3bffd718c1a0abf,"{""distance"":5,""physical_error_rate"":5e-05}","{""detection_events"":176323,""detectors_checked"":842956800}"
   2157568,         6,         0,   119.6,standalone_exact_mw,77d802c74222c3324b7f1323f7447c6411ad27be92307b6127e53af575faadca,"{""distance"":5,""physical_error_rate"":0.001}","{""detection_events"":1996980,""detectors_checked"":483295232,""obs_mistake_mask=E"":6}"
   4325376,         0,         0,   119.2,standalone_exact_mw,aea10f45e3589e84a00777b800d38e8a3149bd6cb552c409f3bffd718c1a0abf,"{""distance"":5,""physical_error_rate"":5e-05}","{""detection_events"":202078,""detectors_checked"":968884224}"
   2437120,         2,         0,   119.3,standalone_exact_mw,503ee55b5ad1b1988379a241a0405811522ee4d50b473755532ad1299cb121e2,"{""distance"":5,""physical_error_rate"":0.0005}","{""detection_events"":1136437,""detectors_checked"":545914880,""obs_mistake_mask=E"":2}"
       273,         0,         0,   0.023,standalone_exact_mw,77d802c74222c3324b7f1323f7447c6411ad27be92307b6127e53af575faadca,"{""distance"":5,""physical_error_rate"":0.001}","{""detection_events"":222,""detectors_checked"":61152}"
      1024,         0,         0,   0.056,standalone_exact_mw,77d802c74222c3324b7f1323f7447c6411ad27be92307b6127e53af575faadca,"{""distance"":5,""physical_error_rate"":0.001}","{""detection_events"":944,""detectors_checked"":229376}"
      1024,         0,         0,   0.059,standalone_exact_mw,77d802c74222c3324b7f1323f7447c6411ad27be92307b6127e53af575faadca,"{""distance"":5,""physical_error_rate"":0.001}","{""detection_events"":963,""detectors_checked"":229376}"
      1024,         0,         0,   0.056,standalone_exact_mw,77d802c74222c3324b7f1323f7447c6411ad27be92307b6127e53af575faadca,"{""distance"":5,""physical_error_rate"":0.001}","{""detection_events"":892,""detectors_checked"":229376}"
      1024,         0,         0,   0.035,standalone_exact_mw,77d802c74222c3324b7f1323f7447c6411ad27be92307b6127e53af575faadca,"{""distance"":5,""physical_error_rate"":0.001}","{""detection_events"":935,""detectors_checked"":229376}"
      2048,         0,         0,   0.095,standalone_exact_mw,77d802c74222c3324b7f1323f7447c6411ad27be92307b6127e53af575faadca,"{""distance"":5,""physical_error_rate"":0.001}","{""detection_events"":2028,""detectors_checked"":458752}"
      2048,         0,         0,   0.101,standalone_exact_mw,77d802c74222c3324b7f1323f7447c6411ad27be92307b6127e53af575faadca,"{""distance"":5,""physical_error_rate"":0.001}","{""detection_events"":1916,""detectors_checked"":458752}"
      3072,         0,         0,   0.138,standalone_exact_mw,77d802c74222c3324b7f1323f7447c6411ad27be92307b6127e53af575faadca,"{""distance"":5,""physical_error_rate"":0.001}","{""detection_events"":2864,""detectors_checked"":688128}"
      3072,         0,         0,   0.177,standalone_exact_mw,77d802c74222c3324b7f1323f7447c6411ad27be92307b6127e53af575faadca,"{""distance"":5,""physical_error_rate"":0.001}","{""detection_events"":2827,""detectors_checked"":688128}"
      5120,         0,         0,   0.252,standalone_exact_mw,77d802c74222c3324b7f1323f7447c6411ad27be92307b6127e53af575faadca,"{""distance"":5,""physical_error_rate"":0.001}","{""detection_events"":4792,""detectors_checked"":1146880}"
      6144,         0,         0,   0.334,standalone_exact_mw,77d802c74222c3324b7f1323f7447c6411ad27be92307b6127e53af575faadca,"{""distance"":5,""physical_error_rate"":0.001}","{""detection_events"":5651,""detectors_checked"":1376256}"
   3691520,         0,         0,   119.3,standalone_exact_mw,29ae76c7f86edcd2f56343e8109d8463cbc736644db4e57527101e2f1c3606c8,"{""distance"":5,""physical_error_rate"":0.0002}","{""detection_events"":686748,""detectors_checked"":826900480}"
      1297,         0,         0,   0.054,standalone_exact_mw,503ee55b5ad1b1988379a241a0405811522ee4d50b473755532ad1299cb121e2,"{""distance"":5,""physical_error_rate"":0.0005}","{""detection_events"":731,""detectors_checked"":290528}"
      1024,         0,         0,   0.037,standalone_exact_mw,503ee55b5ad1b1988379a241a0405811522ee4d50b473755532ad1299cb121e2,"{""distance"":5,""physical_error_rate"":0.0005}","{""detection_events"":491,""detectors_checked"":229376}"
      1024,         0,         0,   0.031,standalone_exact_mw,503ee55b5ad1b1988379a241a0405811522ee4d50b473755532ad1299cb121e2,"{""distance"":5,""physical_error_rate"":0.0005}","{""detection_events"":519,""detectors_checked"":229376}"
      1024,         0,         0,   0.034,standalone_exact_mw,503ee55b5ad1b1988379a241a0405811522ee4d50b473755532ad1299cb121e2,"{""distance"":5,""physical_error_rate"":0.0005}","{""detection_events"":468,""detectors_checked"":229376}"
         1,         0,         0,   0.000,standalone_exact_mw,77d802c74222c3324b7f1323f7447c6411ad27be92307b6127e53af575faadca,"{""distance"":5,""physical_error_rate"":0.001}","{""detectors_checked"":224}"
      2048,         0,         0,   0.062,standalone_exact_mw,503ee55b5ad1b1988379a241a0405811522ee4d50b473755532ad1299cb121e2,"{""distance"":5,""physical_error_rate"":0.0005}","{""detection_events"":924,""detectors_checked"":458752}"
      1296,         0,         0,   0.059,standalone_exact_mw,77d802c74222c3324b7f1323f7447c6411ad27be92307b6127e53af575faadca,"{""distance"":5,""physical_error_rate"":0.001}","{""detection_events"":1147,""detectors_checked"":290304}"
      1024,         0,         0,   0.048,standalone_exact_mw,77d802c74222c3324b7f1323f7447c6411ad27be92307b6127e53af575faadca,"{""distance"":5,""physical_error_rate"":0.001}","{""detection_events"":894,""detectors_checked"":229376}"
   2393088,         0,         0,    87.7,standalone_exact_mw,29ae76c7f86edcd2f56343e8109d8463cbc736644db4e57527101e2f1c3606c8,"{""distance"":5,""physical_error_rate"":0.0002}","{""detection_events"":443456,""detectors_checked"":536051712}"
      2048,         0,         0,   0.082,standalone_exact_mw,503ee55b5ad1b1988379a241a0405811522ee4d50b473755532ad1299cb121e2,"{""distance"":5,""physical_error_rate"":0.0005}","{""detection_events"":925,""detectors_checked"":458752}"
      8192,         0,         0,   0.428,standalone_exact_mw,77d802c74222c3324b7f1323f7447c6411ad27be92307b6127e53af575faadca,"{""distance"":5,""physical_error_rate"":0.001}","{""detection_events"":7544,""detectors_checked"":1835008}"
      1024,         0,         0,   0.057,standalone_exact_mw,77d802c74222c3324b7f1323f7447c6411ad27be92307b6127e53af575faadca,"{""distance"":5,""physical_error_rate"":0.001}","{""detection_events"":1034,""detectors_checked"":229376}"
      1024,         0,         0,   0.053,standalone_exact_mw,77d802c74222c3324b7f1323f7447c6411ad27be92307b6127e53af575faadca,"{""distance"":5,""physical_error_rate"":0.001}","{""detection_events"":882,""detectors_checked"":229376}"
      3072,         0,         0,   0.094,standalone_exact_mw,503ee55b5ad1b1988379a241a0405811522ee4d50b473755532ad1299cb121e2,"{""distance"":5,""physical_error_rate"":0.0005}","{""detection_events"":1233,""detectors_checked"":688128}"
   1700864,         3,         0,    87.8,standalone_exact_mw,77d802c74222c3324b7f1323f7447c6411ad27be92307b6127e53af575faadca,"{""distance"":5,""physical_error_rate"":0.001}","{""detection_events"":1577148,""detectors_checked"":380993536,""obs_mistake_mask=E"":3}"
   3062784,         0,         0,    87.6,standalone_exact_mw,cc9149276d16e61a5ac322a1d2048afebd34054fe0ed4879b77eb616628c1148,"{""distance"":5,""physical_error_rate"":0.0001}","{""detection_events"":284741,""detectors_checked"":686063616}"
      2048,         0,         0,   0.092,standalone_exact_mw,77d802c74222c3324b7f1323f7447c6411ad27be92307b6127e53af575faadca,"{""distance"":5,""physical_error_rate"":0.001}","{""detection_events"":1890,""detectors_checked"":458752}"
      3072,         0,         0,   0.111,standalone_exact_mw,503ee55b5ad1b1988379a241a0405811522ee4d50b473755532ad1299cb121e2,"{""distance"":5,""physical_error_rate"":0.0005}","{""detection_events"":1650,""detectors_checked"":688128}"
        17,         0,         0,   0.001,standalone_exact_mw,cc9149276d16e61a5ac322a1d2048afebd34054fe0ed4879b77eb616628c1148,"{""distance"":5,""physical_error_rate"":0.0001}","{""detection_events"":4,""detectors_checked"":3808}"
      1280,         0,         0,   0.024,standalone_exact_mw,cc9149276d16e61a5ac322a1d2048afebd34054fe0ed4879b77eb616628c1148,"{""distance"":5,""physical_error_rate"":0.0001}","{""detection_events"":132,""detectors_checked"":286720}"
      2048,         0,         0,   0.094,standalone_exact_mw,77d802c74222c3324b7f1323f7447c6411ad27be92307b6127e53af575faadca,"{""distance"":5,""physical_error_rate"":0.001}","{""detection_events"":1767,""detectors_checked"":458752}"
      1024,         0,         0,   0.028,standalone_exact_mw,cc9149276d16e61a5ac322a1d2048afebd34054fe0ed4879b77eb616628c1148,"{""distance"":5,""physical_error_rate"":0.0001}","{""detection_events"":108,""detectors_checked"":229376}"
      1024,         0,         0,   0.027,standalone_exact_mw,cc9149276d16e61a5ac322a1d2048afebd34054fe0ed4879b77eb616628c1148,"{""distance"":5,""physical_error_rate"":0.0001}","{""detection_events"":90,""detectors_checked"":229376}"
      4096,         0,         0,   0.152,standalone_exact_mw,503ee55b5ad1b1988379a241a0405811522ee4d50b473755532ad1299cb121e2,"{""distance"":5,""physical_error_rate"":0.0005}","{""detection_events"":1851,""detectors_checked"":917504}"
      2048,         0,         0,   0.055,standalone_exact_mw,cc9149276d16e61a5ac322a1d2048afebd34054fe0ed4879b77eb616628c1148,"{""distance"":5,""physical_error_rate"":0.0001}","{""detection_events"":204,""detectors_checked"":458752}"
      2048,         0,         0,   0.104,standalone_exact_mw,77d802c74222c3324b7f1323f7447c6411ad27be92307b6127e53af575faadca,"{""distance"":5,""physical_error_rate"":0.001}","{""detection_events"":1867,""detectors_checked"":458752}"
      2048,         0,         0,   0.062,standalone_exact_mw,cc9149276d16e61a5ac322a1d2048afebd34054fe0ed4879b77eb616628c1148,"{""distance"":5,""physical_error_rate"":0.0001}","{""detection_events"":191,""detectors_checked"":458752}"
       273,         0,         0,   0.017,standalone_exact_mw,503ee55b5ad1b1988379a241a0405811522ee4d50b473755532ad1299cb121e2,"{""distance"":5,""physical_error_rate"":0.0005}","{""detection_events"":120,""detectors_checked"":61152}"
      4096,         0,         0,   0.090,standalone_exact_mw,cc9149276d16e61a5ac322a1d2048afebd34054fe0ed4879b77eb616628c1148,"{""distance"":5,""physical_error_rate"":0.0001}","{""detection_events"":427,""detectors_checked"":917504}"
      3072,         0,         0,   0.155,standalone_exact_mw,77d802c74222c3324b7f1323f7447c6411ad27be92307b6127e53af575faadca,"{""distance"":5,""physical_error_rate"":0.001}","{""detection_events"":2895,""detectors_checked"":688128}"
      1024,         0,         0,   0.032,standalone_exact_mw,503ee55b5ad1b1988379a241a0405811522ee4d50b473755532ad1299cb121e2,"{""distance"":5,""physical_error_rate"":0.0005}","{""detection_events"":475,""detectors_checked"":229376}"
      6144,         0,         0,   0.233,standalone_exact_mw,503ee55b5ad1b1988379a241a0405811522ee4d50b473755532ad1299cb121e2,"{""distance"":5,""physical_error_rate"":0.0005}","{""detection_events"":2981,""detectors_checked"":1376256}"
     11264,         0,         0,   0.608,standalone_exact_mw,77d802c74222c3324b7f1323f7447c6411ad27be92307b6127e53af575faadca,"{""distance"":5,""physical_error_rate"":0.001}","{""detection_events"":10941,""detectors_checked"":2523136}"
      1297,         0,         0,   0.024,standalone_exact_mw,aea10f45e3589e84a00777b800d38e8a3149bd6cb552c409f3bffd718c1a0abf,"{""distance"":5,""physical_error_rate"":5e-05}","{""detection_events"":79,""detectors_checked"":290528}"
      1024,         0,         0,   0.050,standalone_exact_mw,503ee55b5ad1b1988379a241a0405811522ee4d50b473755532ad1299cb121e2,"{""distance"":5,""physical_error_rate"":0.0005}","{""detection_events"":580,""detectors_checked"":229376}"
      1024,         0,         0,   0.030,standalone_exact_mw,aea10f45e3589e84a00777b800d38e8a3149bd6cb552c409f3bffd718c1a0abf,"{""distance"":5,""physical_error_rate"":5e-05}","{""detection_events"":38,""detectors_checked"":229376}"
      1024,         0,         0,   0.030,standalone_exact_mw,503ee55b5ad1b1988379a241a0405811522ee4d50b473755532ad1299cb121e2,"{""distance"":5,""physical_error_rate"":0.0005}","{""detection_events"":454,""detectors_checked"":229376}"
      5120,         0,         0,   0.116,standalone_exact_mw,cc9149276d16e61a5ac322a1d2048afebd34054fe0ed4879b77eb616628c1148,"{""distance"":5,""physical_error_rate"":0.0001}","{""detection_events"":427,""detectors_checked"":1146880}"
      1024,         0,         0,   0.013,standalone_exact_mw,aea10f45e3589e84a00777b800d38e8a3149bd6cb552c409f3bffd718c1a0abf,"{""distance"":5,""physical_error_rate"":5e-05}","{""detection_events"":53,""detectors_checked"":229376}"
      1024,         0,         0,   0.009,standalone_exact_mw,aea10f45e3589e84a00777b800d38e8a3149bd6cb552c409f3bffd718c1a0abf,"{""distance"":5,""physical_error_rate"":5e-05}","{""detection_events"":68,""detectors_checked"":229376}"
      2048,         0,         0,   0.079,standalone_exact_mw,503ee55b5ad1b1988379a241a0405811522ee4d50b473755532ad1299cb121e2,"{""distance"":5,""physical_error_rate"":0.0005}","{""detection_events"":927,""detectors_checked"":458752}"
      2048,         0,         0,   0.037,standalone_exact_mw,aea10f45e3589e84a00777b800d38e8a3149bd6cb552c409f3bffd718c1a0abf,"{""distance"":5,""physical_error_rate"":5e-05}","{""detection_events"":136,""detectors_checked"":458752}"
   2082816,         0,         0,    87.8,standalone_exact_mw,503ee55b5ad1b1988379a241a0405811522ee4d50b473755532ad1299cb121e2,"{""distance"":5,""physical_error_rate"":0.0005}","{""detection_events"":967355,""detectors_checked"":466550784}"
      4096,         0,         0,   0.245,standalone_exact_mw,77d802c74222c3324b7f1323f7447c6411ad27be92307b6127e53af575faadca,"{""distance"":5,""physical_error_rate"":0.001}","{""detection_events"":3710,""detectors_checked"":917504}"
      2048,         0,         0,   0.062,standalone_exact_mw,503ee55b5ad1b1988379a241a0405811522ee4d50b473755532ad1299cb121e2,"{""distance"":5,""physical_error_rate"":0.0005}","{""detection_events"":1011,""detectors_checked"":458752}"
      3072,         0,         0,   0.061,standalone_exact_mw,aea10f45e3589e84a00777b800d38e8a3149bd6cb552c409f3bffd718c1a0abf,"{""distance"":5,""physical_error_rate"":5e-05}","{""detection_events"":135,""detectors_checked"":688128}"
      6144,         0,         0,   0.149,standalone_exact_mw,cc9149276d16e61a5ac322a1d2048afebd34054fe0ed4879b77eb616628c1148,"{""distance"":5,""physical_error_rate"":0.0001}","{""detection_events"":574,""detectors_checked"":1376256}"
      2048,         0,         0,   0.079,standalone_exact_mw,503ee55b5ad1b1988379a241a0405811522ee4d50b473755532ad1299cb121e2,"{""distance"":5,""physical_error_rate"":0.0005}","{""detection_events"":964,""detectors_checked"":458752}"
      3072,         0,         0,   0.076,standalone_exact_mw,aea10f45e3589e84a00777b800d38e8a3149bd6cb552c409f3bffd718c1a0abf,"{""distance"":5,""physical_error_rate"":5e-05}","{""detection_events"":140,""detectors_checked"":688128}"
      8192,         0,         0,   0.304,standalone_exact_mw,503ee55b5ad1b1988379a241a0405811522ee4d50b473755532ad1299cb121e2,"{""distance"":5,""physical_error_rate"":0.0005}","{""detection_events"":3882,""detectors_checked"":1835008}"
      1297,         0,         0,   0.045,standalone_exact_mw,cc9149276d16e61a5ac322a1d2048afebd34054fe0ed4879b77eb616628c1148,"{""distance"":5,""physical_error_rate"":0.0001}","{""detection_events"":106,""detectors_checked"":290528}"
      4096,         0,         0,   0.091,standalone_exact_mw,aea10f45e3589e84a00777b800d38e8a3149bd6cb552c409f3bffd718c1a0abf,"{""distance"":5,""physical_error_rate"":5e-05}","{""detection_events"":200,""detectors_checked"":917504}"
      1024,         0,         0,   0.027,standalone_exact_mw,cc9149276d16e61a5ac322a1d2048afebd34054fe0ed4879b77eb616628c1148,"{""distance"":5,""physical_error_rate"":0.0001}","{""detection_events"":84,""detectors_checked"":229376}"
      3072,         0,         0,   0.110,standalone_exact_mw,503ee55b5ad1b1988379a241a0405811522ee4d50b473755532ad1299cb121e2,"{""distance"":5,""physical_error_rate"":0.0005}","{""detection_events"":1475,""detectors_checked"":688128}"
      1024,         0,         0,   0.018,standalone_exact_mw,cc9149276d16e61a5ac322a1d2048afebd34054fe0ed4879b77eb616628c1148,"{""distance"":5,""physical_error_rate"":0.0001}","{""detection_events"":98,""detectors_checked"":229376}"
      8192,         0,         0,   0.192,standalone_exact_mw,cc9149276d16e61a5ac322a1d2048afebd34054fe0ed4879b77eb616628c1148,"{""distance"":5,""physical_error_rate"":0.0001}","{""detection_events"":788,""detectors_checked"":1835008}"
      3072,         0,         0,   0.055,standalone_exact_mw,cc9149276d16e61a5ac322a1d2048afebd34054fe0ed4879b77eb616628c1148,"{""distance"":5,""physical_error_rate"":0.0001}","{""detection_events"":251,""detectors_checked"":688128}"
      5120,         0,         0,   0.341,standalone_exact_mw,77d802c74222c3324b7f1323f7447c6411ad27be92307b6127e53af575faadca,"{""distance"":5,""physical_error_rate"":0.001}","{""detection_events"":4697,""detectors_checked"":1146880}"
      6144,         0,         0,   0.141,standalone_exact_mw,aea10f45e3589e84a00777b800d38e8a3149bd6cb552c409f3bffd718c1a0abf,"{""distance"":5,""physical_error_rate"":5e-05}","{""detection_events"":332,""detectors_checked"":1376256}"
      2048,         0,         0,   0.054,standalone_exact_mw,cc9149276d16e61a5ac322a1d2048afebd34054fe0ed4879b77eb616628c1148,"{""distance"":5,""physical_error_rate"":0.0001}","{""detection_events"":211,""detectors_checked"":458752}"
      5120,         0,         0,   0.171,standalone_exact_mw,503ee55b5ad1b1988379a241a0405811522ee4d50b473755532ad1299cb121e2,"{""distance"":5,""physical_error_rate"":0.0005}","{""detection_events"":2371,""detectors_checked"":1146880}"
      3072,         0,         0,   0.071,standalone_exact_mw,cc9149276d16e61a5ac322a1d2048afebd34054fe0ed4879b77eb616628c1148,"{""distance"":5,""physical_error_rate"":0.0001}","{""detection_events"":294,""detectors_checked"":688128}"
      3072,         0,         0,   0.056,standalone_exact_mw,cc9149276d16e61a5ac322a1d2048afebd34054fe0ed4879b77eb616628c1148,"{""distance"":5,""physical_error_rate"":0.0001}","{""detection_events"":301,""detectors_checked"":688128}"
     11264,         0,         0,   0.412,standalone_exact_mw,503ee55b5ad1b1988379a241a0405811522ee4d50b473755532ad1299cb121e2,"{""distance"":5,""physical_error_rate"":0.0005}","{""detection_events"":5389,""detectors_checked"":2523136}"
     11264,         0,         0,   0.295,standalone_exact_mw,cc9149276d16e61a5ac322a1d2048afebd34054fe0ed4879b77eb616628c1148,"{""distance"":5,""physical_error_rate"":0.0001}","{""detection_events"":995,""detectors_checked"":2523136}"
      9216,         0,         0,   0.219,standalone_exact_mw,aea10f45e3589e84a00777b800d38e8a3149bd6cb552c409f3bffd718c1a0abf,"{""distance"":5,""physical_error_rate"":5e-05}","{""detection_events"":439,""detectors_checked"":2064384}"
      5120,         0,         0,   0.189,standalone_exact_mw,503ee55b5ad1b1988379a241a0405811522ee4d50b473755532ad1299cb121e2,"{""distance"":5,""physical_error_rate"":0.0005}","{""detection_events"":2423,""detectors_checked"":1146880}"
     16384,         0,         0,   0.816,standalone_exact_mw,77d802c74222c3324b7f1323f7447c6411ad27be92307b6127e53af575faadca,"{""distance"":5,""physical_error_rate"":0.001}","{""detection_events"":15143,""detectors_checked"":3670016}"
      4096,         0,         0,   0.108,standalone_exact_mw,cc9149276d16e61a5ac322a1d2048afebd34054fe0ed4879b77eb616628c1148,"{""distance"":5,""physical_error_rate"":0.0001}","{""detection_events"":322,""detectors_checked"":917504}"
      7168,         0,         0,   0.169,standalone_exact_mw,cc9149276d16e61a5ac322a1d2048afebd34054fe0ed4879b77eb616628c1148,"{""distance"":5,""physical_error_rate"":0.0001}","{""detection_events"":699,""detectors_checked"":1605632}"
      6144,         0,         0,   0.472,standalone_exact_mw,77d802c74222c3324b7f1323f7447c6411ad27be92307b6127e53af575faadca,"{""distance"":5,""physical_error_rate"":0.001}","{""detection_events"":5694,""detectors_checked"":1376256}"
     12288,         0,         0,   0.297,standalone_exact_mw,aea10f45e3589e84a00777b800d38e8a3149bd6cb552c409f3bffd718c1a0abf,"{""distance"":5,""physical_error_rate"":5e-05}","{""detection_events"":512,""detectors_checked"":2752512}"
      8192,         0,         0,   0.298,standalone_exact_mw,503ee55b5ad1b1988379a241a0405811522ee4d50b473755532ad1299cb121e2,"{""distance"":5,""physical_error_rate"":0.0005}","{""detection_events"":3715,""detectors_checked"":1835008}"
     16384,         0,         0,   0.430,standalone_exact_mw,cc9149276d16e61a5ac322a1d2048afebd34054fe0ed4879b77eb616628c1148,"{""distance"":5,""physical_error_rate"":0.0001}","{""detection_events"":1568,""detectors_checked"":3670016}"
      8192,         0,         0,   0.196,standalone_exact_mw,cc9149276d16e61a5ac322a1d2048afebd34054fe0ed4879b77eb616628c1148,"{""distance"":5,""physical_error_rate"":0.0001}","{""detection_events"":768,""detectors_checked"":1835008}"
     15360,         0,         0,   0.571,standalone_exact_mw,503ee55b5ad1b1988379a241a0405811522ee4d50b473755532ad1299cb121e2,"{""distance"":5,""physical_error_rate"":0.0005}","{""detection_events"":6896,""detectors_checked"":3440640}"
   3841024,         0,         0,   119.2,standalone_exact_mw,aea10f45e3589e84a00777b800d38e8a3149bd6cb552c409f3bffd718c1a0abf,"{""distance"":5,""physical_error_rate"":5e-05}","{""detection_events"":179216,""detectors_checked"":860389376}"
     10240,         0,         0,   0.291,standalone_exact_mw,cc9149276d16e61a5ac322a1d2048afebd34054fe0ed4879b77eb616628c1148,"{""distance"":5,""physical_error_rate"":0.0001}","{""detection_events"":973,""detectors_checked"":2293760}"
     17408,         0,         0,   0.428,standalone_exact_mw,aea10f45e3589e84a00777b800d38e8a3149bd6cb552c409f3bffd718c1a0abf,"{""distance"":5,""physical_error_rate"":5e-05}","{""detection_events"":971,""detectors_checked"":3899392}"
     12288,         0,         0,   0.428,standalone_exact_mw,503ee55b5ad1b1988379a241a0405811522ee4d50b473755532ad1299cb121e2,"{""distance"":5,""physical_error_rate"":0.0005}","{""detection_events"":5580,""detectors_checked"":2752512}"
      8192,         0,         0,   0.565,standalone_exact_mw,77d802c74222c3324b7f1323f7447c6411ad27be92307b6127e53af575faadca,"{""distance"":5,""physical_error_rate"":0.001}","{""detection_events"":7526,""detectors_checked"":1835008}"
     22528,         0,         0,   0.563,standalone_exact_mw,cc9149276d16e61a5ac322a1d2048afebd34054fe0ed4879b77eb616628c1148,"{""distance"":5,""physical_error_rate"":0.0001}","{""detection_events"":2019,""detectors_checked"":5046272}"
       273,         0,         0,   0.003,standalone_exact_mw,aea10f45e3589e84a00777b800d38e8a3149bd6cb552c409f3bffd718c1a0abf,"{""distance"":5,""physical_error_rate"":5e-05}","{""detection_events"":5,""detectors_checked"":61152}"
     23552,         0,         0,   0.416,standalone_exact_mw,cc9149276d16e61a5ac322a1d2048afebd34054fe0ed4879b77eb616628c1148,"{""distance"":5,""physical_error_rate"":0.0001}","{""detection_events"":2207,""detectors_checked"":5275648}"
      2048,         0,         0,   0.037,standalone_exact_mw,aea10f45e3589e84a00777b800d38e8a3149bd6cb552c409f3bffd718c1a0abf,"{""distance"":5,""physical_error_rate"":5e-05}","{""detection_events"":83,""detectors_checked"":458752}"
     22528,         0,         0,    1.15,standalone_exact_mw,77d802c74222c3324b7f1323f7447c6411ad27be92307b6127e53af575faadca,"{""distance"":5,""physical_error_rate"":0.001}","{""detection_events"":21531,""detectors_checked"":5046272}"
      1024,         0,         0,   0.026,standalone_exact_mw,aea10f45e3589e84a00777b800d38e8a3149bd6cb552c409f3bffd718c1a0abf,"{""distance"":5,""physical_error_rate"":5e-05}","{""detection_events"":68,""detectors_checked"":229376}"
      2048,         0,         0,   0.052,standalone_exact_mw,aea10f45e3589e84a00777b800d38e8a3149bd6cb552c409f3bffd718c1a0abf,"{""distance"":5,""physical_error_rate"":5e-05}","{""detection_events"":95,""detectors_checked"":458752}"
      2048,         0,         0,   0.052,standalone_exact_mw,aea10f45e3589e84a00777b800d38e8a3149bd6cb552c409f3bffd718c1a0abf,"{""distance"":5,""physical_error_rate"":5e-05}","{""detection_events"":112,""detectors_checked"":458752}"
     14336,         0,         0,   0.576,standalone_exact_mw,503ee55b5ad1b1988379a241a0405811522ee4d50b473755532ad1299cb121e2,"{""distance"":5,""physical_error_rate"":0.0005}","{""detection_events"":6596,""detectors_checked"":3211264}"
     24576,         0,         0,   0.590,standalone_exact_mw,aea10f45e3589e84a00777b800d38e8a3149bd6cb552c409f3bffd718c1a0abf,"{""distance"":5,""physical_error_rate"":5e-05}","{""detection_events"":1105,""detectors_checked"":5505024}"
     22528,         0,         0,   0.834,standalone_exact_mw,503ee55b5ad1b1988379a241a0405811522ee4d50b473755532ad1299cb121e2,"{""distance"":5,""physical_error_rate"":0.0005}","{""detection_events"":10480,""detectors_checked"":5046272}"
      3072,         0,         0,   0.078,standalone_exact_mw,aea10f45e3589e84a00777b800d38e8a3149bd6cb552c409f3bffd718c1a0abf,"{""distance"":5,""physical_error_rate"":5e-05}","{""detection_events"":127,""detectors_checked"":688128}"
      4096,         0,         0,   0.086,standalone_exact_mw,aea10f45e3589e84a00777b800d38e8a3149bd6cb552c409f3bffd718c1a0abf,"{""distance"":5,""physical_error_rate"":5e-05}","{""detection_events"":204,""detectors_checked"":917504}"
      3072,         0,         0,   0.097,standalone_exact_mw,aea10f45e3589e84a00777b800d38e8a3149bd6cb552c409f3bffd718c1a0abf,"{""distance"":5,""physical_error_rate"":5e-05}","{""detection_events"":173,""detectors_checked"":688128}"
   1831936,         2,         0,    87.7,standalone_exact_mw,503ee55b5ad1b1988379a241a0405811522ee4d50b473755532ad1299cb121e2,"{""distance"":5,""physical_error_rate"":0.0005}","{""detection_events"":851207,""detectors_checked"":410353664,""obs_mistake_mask=E"":2}"
     12288,         0,         0,   0.871,standalone_exact_mw,77d802c74222c3324b7f1323f7447c6411ad27be92307b6127e53af575faadca,"{""distance"":5,""physical_error_rate"":0.001}","{""detection_events"":11565,""detectors_checked"":2752512}"
     33792,         0,         0,   0.577,standalone_exact_mw,cc9149276d16e61a5ac322a1d2048afebd34054fe0ed4879b77eb616628c1148,"{""distance"":5,""physical_error_rate"":0.0001}","{""detection_events"":3103,""detectors_checked"":7569408}"
      5120,         0,         0,   0.168,standalone_exact_mw,aea10f45e3589e84a00777b800d38e8a3149bd6cb552c409f3bffd718c1a0abf,"{""distance"":5,""physical_error_rate"":5e-05}","{""detection_events"":241,""detectors_checked"":1146880}"
     30720,         0,         0,   0.780,standalone_exact_mw,cc9149276d16e61a5ac322a1d2048afebd34054fe0ed4879b77eb616628c1148,"{""distance"":5,""physical_error_rate"":0.0001}","{""detection_events"":3019,""detectors_checked"":6881280}"
      9216,         0,         0,   0.215,standalone_exact_mw,aea10f45e3589e84a00777b800d38e8a3149bd6cb552c409f3bffd718c1a0abf,"{""distance"":5,""physical_error_rate"":5e-05}","{""detection_events"":416,""detectors_checked"":2064384}"
     32768,         0,         0,   0.789,standalone_exact_mw,aea10f45e3589e84a00777b800d38e8a3149bd6cb552c409f3bffd718c1a0abf,"{""distance"":5,""physical_error_rate"":5e-05}","{""detection_events"":1552,""detectors_checked"":7340032}"
     18432,         0,         0,   0.830,standalone_exact_mw,503ee55b5ad1b1988379a241a0405811522ee4d50b473755532ad1299cb121e2,"{""distance"":5,""physical_error_rate"":0.0005}","{""detection_events"":8424,""detectors_checked"":4128768}"
     12288,         0,         0,   0.297,standalone_exact_mw,aea10f45e3589e84a00777b800d38e8a3149bd6cb552c409f3bffd718c1a0abf,"{""distance"":5,""physical_error_rate"":5e-05}","{""detection_events"":578,""detectors_checked"":2752512}"
       273,         0,         0,   0.025,standalone_exact_mw,29ae76c7f86edcd2f56343e8109d8463cbc736644db4e57527101e2f1c3606c8,"{""distance"":5,""physical_error_rate"":0.0002}","{""detection_events"":59,""detectors_checked"":61152}"
      1024,         0,         0,   0.032,standalone_exact_mw,29ae76c7f86edcd2f56343e8109d8463cbc736644db4e57527101e2f1c3606c8,"{""distance"":5,""physical_error_rate"":0.0002}","{""detection_events"":173,""detectors_checked"":229376}"
      1024,         0,         0,   0.028,standalone_exact_mw,29ae76c7f86edcd2f56343e8109d8463cbc736644db4e57527101e2f1c3606c8,"{""distance"":5,""physical_error_rate"":0.0002}","{""detection_events"":236,""detectors_checked"":229376}"
     30720,         0,         0,    1.12,standalone_exact_mw,503ee55b5ad1b1988379a241a0405811522ee4d50b473755532ad1299cb121e2,"{""distance"":5,""physical_error_rate"":0.0005}","{""detection_events"":14470,""detectors_checked"":6881280}"
      1024,         0,         0,   0.028,standalone_exact_mw,29ae76c7f86edcd2f56343e8109d8463cbc736644db4e57527101e2f1c3606c8,"{""distance"":5,""physical_error_rate"":0.0002}","{""detection_events"":183,""detectors_checked"":229376}"
     25600,         0,         0,   0.815,standalone_exact_mw,cc9149276d16e61a5ac322a1d2048afebd34054fe0ed4879b77eb616628c1148,"{""distance"":5,""physical_error_rate"":0.0001}","{""detection_events"":2288,""detectors_checked"":5734400}"
      2048,         0,         0,   0.056,standalone_exact_mw,29ae76c7f86edcd2f56343e8109d8463cbc736644db4e57527101e2f1c3606c8,"{""distance"":5,""physical_error_rate"":0.0002}","{""detection_events"":358,""detectors_checked"":458752}"
   2700288,         0,         0,    87.7,standalone_exact_mw,29ae76c7f86edcd2f56343e8109d8463cbc736644db4e57527101e2f1c3606c8,"{""distance"":5,""physical_error_rate"":0.0002}","{""detection_events"":503557,""detectors_checked"":604864512}"
      2048,         0,         0,   0.056,standalone_exact_mw,29ae76c7f86edcd2f56343e8109d8463cbc736644db4e57527101e2f1c3606c8,"{""distance"":5,""physical_error_rate"":0.0002}","{""detection_events"":379,""detectors_checked"":458752}"
      8192,         0,         0,   0.431,standalone_exact_mw,aea10f45e3589e84a00777b800d38e8a3149bd6cb552c409f3bffd718c1a0abf,"{""distance"":5,""physical_error_rate"":5e-05}","{""detection_events"":412,""detectors_checked"":1835008}"
      3072,         0,         0,   0.080,standalone_exact_mw,29ae76c7f86edcd2f56343e8109d8463cbc736644db4e57527101e2f1c3606c8,"{""distance"":5,""physical_error_rate"":0.0002}","{""detection_events"":492,""detectors_checked"":688128}"
     29696,         0,         0,    1.61,standalone_exact_mw,77d802c74222c3324b7f1323f7447c6411ad27be92307b6127e53af575faadca,"{""distance"":5,""physical_error_rate"":0.001}","{""detection_events"":27760,""detectors_checked"":6651904}"
      4096,         0,         0,   0.111,standalone_exact_mw,29ae76c7f86edcd2f56343e8109d8463cbc736644db4e57527101e2f1c3606c8,"{""distance"":5,""physical_error_rate"":0.0002}","{""detection_events"":760,""detectors_checked"":917504}"
     16384,         0,         0,    1.15,standalone_exact_mw,77d802c74222c3324b7f1323f7447c6411ad27be92307b6127e53af575faadca,"{""distance"":5,""physical_error_rate"":0.001}","{""detection_events"":15088,""detectors_checked"":3670016}"
     41984,         0,         0,    1.13,standalone_exact_mw,cc9149276d16e61a5ac322a1d2048afebd34054fe0ed4879b77eb616628c1148,"{""distance"":5,""physical_error_rate"":0.0001}","{""detection_events"":3951,""detectors_checked"":9404416}"
      5120,         0,         0,   0.157,standalone_exact_mw,29ae76c7f86edcd2f56343e8109d8463cbc736644db4e57527101e2f1c3606c8,"{""distance"":5,""physical_error_rate"":0.0002}","{""detection_events"":956,""detectors_checked"":1146880}"
      7168,         0,         0,   0.215,standalone_exact_mw,29ae76c7f86edcd2f56343e8109d8463cbc736644db4e57527101e2f1c3606c8,"{""distance"":5,""physical_error_rate"":0.0002}","{""detection_events"":1390,""detectors_checked"":1605632}"
     45056,         0,         0,    1.09,standalone_exact_mw,aea10f45e3589e84a00777b800d38e8a3149bd6cb552c409f3bffd718c1a0abf,"{""distance"":5,""physical_error_rate"":5e-05}","{""detection_events"":1893,""detectors_checked"":10092544}"
     29696,         0,         0,    1.11,standalone_exact_mw,503ee55b5ad1b1988379a241a0405811522ee4d50b473755532ad1299cb121e2,"{""distance"":5,""physical_error_rate"":0.0005}","{""detection_events"":13856,""detectors_checked"":6651904}"
     10240,         0,         0,   0.588,standalone_exact_mw,aea10f45e3589e84a00777b800d38e8a3149bd6cb552c409f3bffd718c1a0abf,"{""distance"":5,""physical_error_rate"":5e-05}","{""detection_events"":433,""detectors_checked"":2293760}"
     10240,         0,         0,   0.278,standalone_exact_mw,29ae76c7f86edcd2f56343e8109d8463cbc736644db4e57527101e2f1c3606c8,"{""distance"":5,""physical_error_rate"":0.0002}","{""detection_events"":1933,""detectors_checked"":2293760}"
   2727936,         0,         0,    87.6,standalone_exact_mw,aea10f45e3589e84a00777b800d38e8a3149bd6cb552c409f3bffd718c1a0abf,"{""distance"":5,""physical_error_rate"":5e-05}","{""detection_events"":127063,""detectors_checked"":611057664}"
     25600,         0,         0,    1.08,standalone_exact_mw,cc9149276d16e61a5ac322a1d2048afebd34054fe0ed4879b77eb616628c1148,"{""distance"":5,""physical_error_rate"":0.0001}","{""detection_events"":2494,""detectors_checked"":5734400}"
   3181568,         0,         0,   119.3,standalone_exact_mw,29ae76c7f86edcd2f56343e8109d8463cbc736644db4e57527101e2f1c3606c8,"{""distance"":5,""physical_error_rate"":0.0002}","{""detection_events"":592186,""detectors_checked"":712671232}"
   1381376,        10,         0,    87.8,standalone_exact_mw,77d802c74222c3324b7f1323f7447c6411ad27be92307b6127e53af575faadca,"{""distance"":5,""physical_error_rate"":0.001}","{""detection_events"":1281384,""detectors_checked"":309428224,""obs_mistake_mask=E"":10}"
       273,         0,         0,   0.029,standalone_exact_mw,aea10f45e3589e84a00777b800d38e8a3149bd6cb552c409f3bffd718c1a0abf,"{""distance"":5,""physical_error_rate"":5e-05}","{""detection_events"":15,""detectors_checked"":61152}"
     14336,         0,         0,   0.405,standalone_exact_mw,29ae76c7f86edcd2f56343e8109d8463cbc736644db4e57527101e2f1c3606c8,"{""distance"":5,""physical_error_rate"":0.0002}","{""detection_events"":2466,""detectors_checked"":3211264}"
      1024,         0,         0,   0.056,standalone_exact_mw,aea10f45e3589e84a00777b800d38e8a3149bd6cb552c409f3bffd718c1a0abf,"{""distance"":5,""physical_error_rate"":5e-05}","{""detection_events"":50,""detectors_checked"":229376}"
      1024,         0,         0,   0.056,standalone_exact_mw,aea10f45e3589e84a00777b800d38e8a3149bd6cb552c409f3bffd718c1a0abf,"{""distance"":5,""physical_error_rate"":5e-05}","{""detection_events"":59,""detectors_checked"":229376}"
       273,         0,         0,   0.034,standalone_exact_mw,29ae76c7f86edcd2f56343e8109d8463cbc736644db4e57527101e2f1c3606c8,"{""distance"":5,""physical_error_rate"":0.0002}","{""detection_events"":59,""detectors_checked"":61152}"
      1024,         0,         0,   0.056,standalone_exact_mw,aea10f45e3589e84a00777b800d38e8a3149bd6cb552c409f3bffd718c1a0abf,"{""distance"":5,""physical_error_rate"":5e-05}","{""detection_events"":41,""detectors_checked"":229376}"
      1024,         0,         0,   0.060,standalone_exact_mw,29ae76c7f86edcd2f56343e8109d8463cbc736644db4e57527101e2f1c3606c8,"{""distance"":5,""physical_error_rate"":0.0002}","{""detection_events"":191,""detectors_checked"":229376}"
     43008,         0,         0,    1.56,standalone_exact_mw,503ee55b5ad1b1988379a241a0405811522ee4d50b473755532ad1299cb121e2,"{""distance"":5,""physical_error_rate"":0.0005}","{""detection_events"":20103,""detectors_checked"":9633792}"
      1024,         0,         0,   0.056,standalone_exact_mw,aea10f45e3589e84a00777b800d38e8a3149bd6cb552c409f3bffd718c1a0abf,"{""distance"":5,""physical_error_rate"":5e-05}","{""detection_events"":46,""detectors_checked"":229376}"
      1024,         0,         0,   0.060,standalone_exact_mw,29ae76c7f86edcd2f56343e8109d8463cbc736644db4e57527101e2f1c3606c8,"{""distance"":5,""physical_error_rate"":0.0002}","{""detection_events"":207,""detectors_checked"":229376}"
     14336,         0,         0,   0.811,standalone_exact_mw,aea10f45e3589e84a00777b800d38e8a3149bd6cb552c409f3bffd718c1a0abf,"{""distance"":5,""physical_error_rate"":5e-05}","{""detection_events"":639,""detectors_checked"":3211264}"
      1024,         0,         0,   0.056,standalone_exact_mw,aea10f45e3589e84a00777b800d38e8a3149bd6cb552c409f3bffd718c1a0abf,"{""distance"":5,""physical_error_rate"":5e-05}","{""detection_events"":46,""detectors_checked"":229376}"
      1024,         0,         0,   0.058,standalone_exact_mw,29ae76c7f86edcd2f56343e8109d8463cbc736644db4e57527101e2f1c3606c8,"{""distance"":5,""physical_error_rate"":0.0002}","{""detection_events"":168,""detectors_checked"":229376}"
      1024,         0,         0,   0.060,standalone_exact_mw,29ae76c7f86edcd2f56343e8109d8463cbc736644db4e57527101e2f1c3606c8,"{""distance"":5,""physical_error_rate"":0.0002}","{""detection_events"":224,""detectors_checked"":229376}"
      2048,         0,         0,   0.112,standalone_exact_mw,aea10f45e3589e84a00777b800d38e8a3149bd6cb552c409f3bffd718c1a0abf,"{""distance"":5,""physical_error_rate"":5e-05}","{""detection_events"":84,""detectors_checked"":458752}"
      1024,         0,         0,   0.060,standalone_exact_mw,29ae76c7f86edcd2f56343e8109d8463cbc736644db4e57527101e2f1c3606c8,"{""distance"":5,""physical_error_rate"":0.0002}","{""detection_events"":161,""detectors_checked"":229376}"
      2048,         0,         0,   0.146,standalone_exact_mw,aea10f45e3589e84a00777b800d38e8a3149bd6cb552c409f3bffd718c1a0abf,"{""distance"":5,""physical_error_rate"":5e-05}","{""detection_events"":95,""detectors_checked"":458752}"
      2048,         0,         0,   0.163,standalone_exact_mw,29ae76c7f86edcd2f56343e8109d8463cbc736644db4e57527101e2f1c3606c8,"{""distance"":5,""physical_error_rate"":0.0002}","{""detection_events"":369,""detectors_checked"":458752}"
     22528,         0,         0,    1.59,standalone_exact_mw,77d802c74222c3324b7f1323f7447c6411ad27be92307b6127e53af575faadca,"{""distance"":5,""physical_error_rate"":0.001}","{""detection_events"":20983,""detectors_checked"":5046272}"
     59392,         0,         0,    1.56,standalone_exact_mw,cc9149276d16e61a5ac322a1d2048afebd34054fe0ed4879b77eb616628c1148,"{""distance"":5,""physical_error_rate"":0.0001}","{""detection_events"":5469,""detectors_checked"":13303808}"
     20480,         0,         0,   0.575,standalone_exact_mw,29ae76c7f86edcd2f56343e8109d8463cbc736644db4e57527101e2f1c3606c8,"{""distance"":5,""physical_error_rate"":0.0002}","{""detection_events"":3744,""detectors_checked"":4587520}"
      1024,         0,         0,   0.142,standalone_exact_mw,29ae76c7f86edcd2f56343e8109d8463cbc736644db4e57527101e2f1c3606c8,"{""distance"":5,""physical_error_rate"":0.0002}","{""detection_events"":159,""detectors_checked"":229376}"
      2048,         0,         0,   0.193,standalone_exact_mw,aea10f45e3589e84a00777b800d38e8a3149bd6cb552c409f3bffd718c1a0abf,"{""distance"":5,""physical_error_rate"":5e-05}","{""detection_events"":82,""detectors_checked"":458752}"
      2048,         0,         0,   0.240,standalone_exact_mw,29ae76c7f86edcd2f56343e8109d8463cbc736644db4e57527101e2f1c3606c8,"{""distance"":5,""physical_error_rate"":0.0002}","{""detection_events"":355,""detectors_checked"":458752}"
     63488,         0,         0,    1.57,standalone_exact_mw,aea10f45e3589e84a00777b800d38e8a3149bd6cb552c409f3bffd718c1a0abf,"{""distance"":5,""physical_error_rate"":5e-05}","{""detection_events"":3019,""detectors_checked"":14221312}"
     45056,         0,         0,    1.58,standalone_exact_mw,503ee55b5ad1b1988379a241a0405811522ee4d50b473755532ad1299cb121e2,"{""distance"":5,""physical_error_rate"":0.0005}","{""detection_events"":21007,""detectors_checked"":10092544}"
      3072,         0,         0,   0.289,standalone_exact_mw,aea10f45e3589e84a00777b800d38e8a3149bd6cb552c409f3bffd718c1a0abf,"{""distance"":5,""physical_error_rate"":5e-05}","{""detection_events"":116,""detectors_checked"":688128}"
     41984,         1,         0,    2.22,standalone_exact_mw,77d802c74222c3324b7f1323f7447c6411ad27be92307b6127e53af575faadca,"{""distance"":5,""physical_error_rate"":0.001}","{""detection_events"":39145,""detectors_checked"":9404416,""obs_mistake_mask=E"":1}"
      2048,         0,         0,   0.241,standalone_exact_mw,29ae76c7f86edcd2f56343e8109d8463cbc736644db4e57527101e2f1c3606c8,"{""distance"":5,""physical_error_rate"":0.0002}","{""detection_events"":430,""detectors_checked"":458752}"
     36864,         0,         0,    1.57,standalone_exact_mw,cc9149276d16e61a5ac322a1d2048afebd34054fe0ed4879b77eb616628c1148,"{""distance"":5,""physical_error_rate"":0.0001}","{""detection_events"":3498,""detectors_checked"":8257536}"
     13312,         0,         0,    1.15,standalone_exact_mw,aea10f45e3589e84a00777b800d38e8a3149bd6cb552c409f3bffd718c1a0abf,"{""distance"":5,""physical_error_rate"":5e-05}","{""detection_events"":657,""detectors_checked"":2981888}"
     27648,         0,         0,   0.809,standalone_exact_mw,29ae76c7f86edcd2f56343e8109d8463cbc736644db4e57527101e2f1c3606c8,"{""distance"":5,""physical_error_rate"":0.0002}","{""detection_events"":5251,""detectors_checked"":6193152}"
      4096,         0,         0,   0.385,standalone_exact_mw,aea10f45e3589e84a00777b800d38e8a3149bd6cb552c409f3bffd718c1a0abf,"{""distance"":5,""physical_error_rate"":5e-05}","{""detection_events"":170,""detectors_checked"":917504}"
      3072,         0,         0,   0.378,standalone_exact_mw,29ae76c7f86edcd2f56343e8109d8463cbc736644db4e57527101e2f1c3606c8,"{""distance"":5,""physical_error_rate"":0.0002}","{""detection_events"":592,""detectors_checked"":688128}"
      6144,         0,         0,   0.418,standalone_exact_mw,aea10f45e3589e84a00777b800d38e8a3149bd6cb552c409f3bffd718c1a0abf,"{""distance"":5,""physical_error_rate"":5e-05}","{""detection_events"":268,""detectors_checked"":1376256}"
   3980288,         0,         0,   119.3,standalone_exact_mw,cc9149276d16e61a5ac322a1d2048afebd34054fe0ed4879b77eb616628c1148,"{""distance"":5,""physical_error_rate"":0.0001}","{""detection_events"":372160,""detectors_checked"":891584512}"
      6144,         0,         0,   0.472,standalone_exact_mw,29ae76c7f86edcd2f56343e8109d8463cbc736644db4e57527101e2f1c3606c8,"{""distance"":5,""physical_error_rate"":0.0002}","{""detection_events"":1188,""detectors_checked"":1376256}"
     59392,         0,         0,    2.20,standalone_exact_mw,503ee55b5ad1b1988379a241a0405811522ee4d50b473755532ad1299cb121e2,"{""distance"":5,""physical_error_rate"":0.0005}","{""detection_events"":27720,""detectors_checked"":13303808}"
     11264,         0,         0,   0.555,standalone_exact_mw,aea10f45e3589e84a00777b800d38e8a3149bd6cb552c409f3bffd718c1a0abf,"{""distance"":5,""physical_error_rate"":5e-05}","{""detection_events"":500,""detectors_checked"":2523136}"
     38912,         0,         0,    1.13,standalone_exact_mw,29ae76c7f86edcd2f56343e8109d8463cbc736644db4e57527101e2f1c3606c8,"{""distance"":5,""physical_error_rate"":0.0002}","{""detection_events"":7198,""detectors_checked"":8716288}"
      8192,         0,         0,   0.680,standalone_exact_mw,29ae76c7f86edcd2f56343e8109d8463cbc736644db4e57527101e2f1c3606c8,"{""distance"":5,""physical_error_rate"":0.0002}","{""detection_events"":1593,""detectors_checked"":1835008}"
     31744,         0,         0,    2.21,standalone_exact_mw,77d802c74222c3324b7f1323f7447c6411ad27be92307b6127e53af575faadca,"{""distance"":5,""physical_error_rate"":0.001}","{""detection_events"":28971,""detectors_checked"":7110656}"
     83968,         0,         0,    2.18,standalone_exact_mw,cc9149276d16e61a5ac322a1d2048afebd34054fe0ed4879b77eb616628c1148,"{""distance"":5,""physical_error_rate"":0.0001}","{""detection_events"":7707,""detectors_checked"":18808832}"
     23552,         0,         0,    1.56,standalone_exact_mw,aea10f45e3589e84a00777b800d38e8a3149bd6cb552c409f3bffd718c1a0abf,"{""distance"":5,""physical_error_rate"":5e-05}","{""detection_events"":1032,""detectors_checked"":5275648}"
     89088,         0,         0,    2.17,standalone_exact_mw,aea10f45e3589e84a00777b800d38e8a3149bd6cb552c409f3bffd718c1a0abf,"{""distance"":5,""physical_error_rate"":5e-05}","{""detection_events"":4088,""detectors_checked"":19955712}"
     59392,         0,         0,    2.19,standalone_exact_mw,503ee55b5ad1b1988379a241a0405811522ee4d50b473755532ad1299cb121e2,"{""distance"":5,""physical_error_rate"":0.0005}","{""detection_events"":27759,""detectors_checked"":13303808}"
      9216,         0,         0,   0.834,standalone_exact_mw,aea10f45e3589e84a00777b800d38e8a3149bd6cb552c409f3bffd718c1a0abf,"{""distance"":5,""physical_error_rate"":5e-05}","{""detection_events"":413,""detectors_checked"":2064384}"
      8192,         0,         0,   0.794,standalone_exact_mw,29ae76c7f86edcd2f56343e8109d8463cbc736644db4e57527101e2f1c3606c8,"{""distance"":5,""physical_error_rate"":0.0002}","{""detection_events"":1495,""detectors_checked"":1835008}"
     57344,         0,         0,    2.16,standalone_exact_mw,cc9149276d16e61a5ac322a1d2048afebd34054fe0ed4879b77eb616628c1148,"{""distance"":5,""physical_error_rate"":0.0001}","{""detection_events"":5365,""detectors_checked"":12845056}"
     55296,         0,         0,    1.57,standalone_exact_mw,29ae76c7f86edcd2f56343e8109d8463cbc736644db4e57527101e2f1c3606c8,"{""distance"":5,""physical_error_rate"":0.0002}","{""detection_events"":10342,""detectors_checked"":12386304}"
     59392,         0,         0,    3.05,standalone_exact_mw,77d802c74222c3324b7f1323f7447c6411ad27be92307b6127e53af575faadca,"{""distance"":5,""physical_error_rate"":0.001}","{""detection_events"":54795,""detectors_checked"":13303808}"
     14336,         0,         0,    1.14,standalone_exact_mw,aea10f45e3589e84a00777b800d38e8a3149bd6cb552c409f3bffd718c1a0abf,"{""distance"":5,""physical_error_rate"":5e-05}","{""detection_events"":758,""detectors_checked"":3211264}"
     18432,         0,         0,    1.11,standalone_exact_mw,29ae76c7f86edcd2f56343e8109d8463cbc736644db4e57527101e2f1c3606c8,"{""distance"":5,""physical_error_rate"":0.0002}","{""detection_events"":3375,""detectors_checked"":4128768}"
     32768,         0,         0,    2.18,standalone_exact_mw,aea10f45e3589e84a00777b800d38e8a3149bd6cb552c409f3bffd718c1a0abf,"{""distance"":5,""physical_error_rate"":5e-05}","{""detection_events"":1528,""detectors_checked"":7340032}"
     90112,         0,         0,    3.02,standalone_exact_mw,503ee55b5ad1b1988379a241a0405811522ee4d50b473755532ad1299cb121e2,"{""distance"":5,""physical_error_rate"":0.0005}","{""detection_events"":42032,""detectors_checked"":20185088}"
   2443264,         2,         0,   119.3,standalone_exact_mw,503ee55b5ad1b1988379a241a0405811522ee4d50b473755532ad1299cb121e2,"{""distance"":5,""physical_error_rate"":0.0005}","{""detection_events"":1133602,""detectors_checked"":547291136,""obs_mistake_mask=E"":2}"
     43008,         0,         0,    3.07,standalone_exact_mw,77d802c74222c3324b7f1323f7447c6411ad27be92307b6127e53af575faadca,"{""distance"":5,""physical_error_rate"":0.001}","{""detection_events"":39534,""detectors_checked"":9633792}"
    120832,         0,         0,    3.06,standalone_exact_mw,cc9149276d16e61a5ac322a1d2048afebd34054fe0ed4879b77eb616628c1148,"{""distance"":5,""physical_error_rate"":0.0001}","{""detection_events"":11359,""detectors_checked"":27066368}"
     94208,         0,         0,    1.55,standalone_exact_mw,aea10f45e3589e84a00777b800d38e8a3149bd6cb552c409f3bffd718c1a0abf,"{""distance"":5,""physical_error_rate"":5e-05}","{""detection_events"":4311,""detectors_checked"":21102592}"
    120832,         0,         0,    3.02,standalone_exact_mw,aea10f45e3589e84a00777b800d38e8a3149bd6cb552c409f3bffd718c1a0abf,"{""distance"":5,""physical_error_rate"":5e-05}","{""detection_events"":5593,""detectors_checked"":27066368}"
     33792,         0,         0,    1.57,standalone_exact_mw,29ae76c7f86edcd2f56343e8109d8463cbc736644db4e57527101e2f1c3606c8,"{""distance"":5,""physical_error_rate"":0.0002}","{""detection_events"":6272,""detectors_checked"":7569408}"
     81920,         0,         0,    3.07,standalone_exact_mw,503ee55b5ad1b1988379a241a0405811522ee4d50b473755532ad1299cb121e2,"{""distance"":5,""physical_error_rate"":0.0005}","{""detection_events"":39109,""detectors_checked"":18350080}"
     66560,         0,         0,    2.22,standalone_exact_mw,29ae76c7f86edcd2f56343e8109d8463cbc736644db4e57527101e2f1c3606c8,"{""distance"":5,""physical_error_rate"":0.0002}","{""detection_events"":12128,""detectors_checked"":14909440}"
     90112,         0,         0,    3.02,standalone_exact_mw,cc9149276d16e61a5ac322a1d2048afebd34054fe0ed4879b77eb616628c1148,"{""distance"":5,""physical_error_rate"":0.0001}","{""detection_events"":8368,""detectors_checked"":20185088}"
     77824,         0,         0,    2.15,standalone_exact_mw,aea10f45e3589e84a00777b800d38e8a3149bd6cb552c409f3bffd718c1a0abf,"{""distance"":5,""physical_error_rate"":5e-05}","{""detection_events"":3674,""detectors_checked"":17432576}"
     95232,         0,         0,    3.03,standalone_exact_mw,aea10f45e3589e84a00777b800d38e8a3149bd6cb552c409f3bffd718c1a0abf,"{""distance"":5,""physical_error_rate"":5e-05}","{""detection_events"":4407,""detectors_checked"":21331968}"
     56320,         0,         0,    2.17,standalone_exact_mw,29ae76c7f86edcd2f56343e8109d8463cbc736644db4e57527101e2f1c3606c8,"{""distance"":5,""physical_error_rate"":0.0002}","{""detection_events"":10793,""detectors_checked"":12615680}"
     82944,         1,         0,    4.27,standalone_exact_mw,77d802c74222c3324b7f1323f7447c6411ad27be92307b6127e53af575faadca,"{""distance"":5,""physical_error_rate"":0.001}","{""detection_events"":76485,""detectors_checked"":18579456,""obs_mistake_mask=E"":1}"
   1945600,         6,         0,   119.5,standalone_exact_mw,77d802c74222c3324b7f1323f7447c6411ad27be92307b6127e53af575faadca,"{""distance"":5,""physical_error_rate"":0.001}","{""detection_events"":1804385,""detectors_checked"":435814400,""obs_mistake_mask=E"":6}"
     76800,         0,         0,    3.06,standalone_exact_mw,29ae76c7f86edcd2f56343e8109d8463cbc736644db4e57527101e2f1c3606c8,"{""distance"":5,""physical_error_rate"":0.0002}","{""detection_events"":14284,""detectors_checked"":17203200}"
    102400,         0,         0,    4.24,standalone_exact_mw,503ee55b5ad1b1988379a241a0405811522ee4d50b473755532ad1299cb121e2,"{""distance"":5,""physical_error_rate"":0.0005}","{""detection_events"":47846,""detectors_checked"":22937600}"
     79872,         1,         0,    4.26,standalone_exact_mw,77d802c74222c3324b7f1323f7447c6411ad27be92307b6127e53af575faadca,"{""distance"":5,""physical_error_rate"":0.001}","{""detection_events"":74354,""detectors_checked"":17891328,""obs_mistake_mask=E"":1}"
    162816,         0,         0,    4.26,standalone_exact_mw,cc9149276d16e61a5ac322a1d2048afebd34054fe0ed4879b77eb616628c1148,"{""distance"":5,""physical_error_rate"":0.0001}","{""detection_events"":15490,""detectors_checked"":36470784}"
    172032,         0,         0,    4.30,standalone_exact_mw,aea10f45e3589e84a00777b800d38e8a3149bd6cb552c409f3bffd718c1a0abf,"{""distance"":5,""physical_error_rate"":5e-05}","{""detection_events"":7784,""detectors_checked"":38535168}"
    114688,         0,         0,    4.27,standalone_exact_mw,503ee55b5ad1b1988379a241a0405811522ee4d50b473755532ad1299cb121e2,"{""distance"":5,""physical_error_rate"":0.0005}","{""detection_events"":53276,""detectors_checked"":25690112}"
    124928,         0,         0,    4.21,standalone_exact_mw,cc9149276d16e61a5ac322a1d2048afebd34054fe0ed4879b77eb616628c1148,"{""distance"":5,""physical_error_rate"":0.0001}","{""detection_events"":11811,""detectors_checked"":27983872}"
     94208,         0,         0,    3.06,standalone_exact_mw,aea10f45e3589e84a00777b800d38e8a3149bd6cb552c409f3bffd718c1a0abf,"{""distance"":5,""physical_error_rate"":5e-05}","{""detection_events"":4356,""detectors_checked"":21102592}"
     90112,         0,         0,    3.04,standalone_exact_mw,29ae76c7f86edcd2f56343e8109d8463cbc736644db4e57527101e2f1c3606c8,"{""distance"":5,""physical_error_rate"":0.0002}","{""detection_events"":17024,""detectors_checked"":20185088}"
   4163584,         0,         0,   119.4,standalone_exact_mw,aea10f45e3589e84a00777b800d38e8a3149bd6cb552c409f3bffd718c1a0abf,"{""distance"":5,""physical_error_rate"":5e-05}","{""detection_events"":194494,""detectors_checked"":932642816}"
   4413440,         0,         0,   119.5,standalone_exact_mw,cc9149276d16e61a5ac322a1d2048afebd34054fe0ed4879b77eb616628c1148,"{""distance"":5,""physical_error_rate"":0.0001}","{""detection_events"":411059,""detectors_checked"":988610560}"
    148480,         0,         0,    4.27,standalone_exact_mw,aea10f45e3589e84a00777b800d38e8a3149bd6cb552c409f3bffd718c1a0abf,"{""distance"":5,""physical_error_rate"":5e-05}","{""detection_events"":6883,""detectors_checked"":33259520}"
    126976,         0,         0,    4.25,standalone_exact_mw,29ae76c7f86edcd2f56343e8109d8463cbc736644db4e57527101e2f1c3606c8,"{""distance"":5,""physical_error_rate"":0.0002}","{""detection_events"":23783,""detectors_checked"":28442624}"
    118784,         0,         0,    5.98,standalone_exact_mw,77d802c74222c3324b7f1323f7447c6411ad27be92307b6127e53af575faadca,"{""distance"":5,""physical_error_rate"":0.001}","{""detection_events"":110491,""detectors_checked"":26607616}"
    133120,         0,         0,    4.26,standalone_exact_mw,aea10f45e3589e84a00777b800d38e8a3149bd6cb552c409f3bffd718c1a0abf,"{""distance"":5,""physical_error_rate"":5e-05}","{""detection_events"":6393,""detectors_checked"":29818880}"
    162816,         0,         0,    5.98,standalone_exact_mw,503ee55b5ad1b1988379a241a0405811522ee4d50b473755532ad1299cb121e2,"{""distance"":5,""physical_error_rate"":0.0005}","{""detection_events"":75182,""detectors_checked"":36470784}"
     67584,         0,         0,    4.28,standalone_exact_mw,29ae76c7f86edcd2f56343e8109d8463cbc736644db4e57527101e2f1c3606c8,"{""distance"":5,""physical_error_rate"":0.0002}","{""detection_events"":12391,""detectors_checked"":15138816}"
    230400,         0,         0,    5.97,standalone_exact_mw,cc9149276d16e61a5ac322a1d2048afebd34054fe0ed4879b77eb616628c1148,"{""distance"":5,""physical_error_rate"":0.0001}","{""detection_events"":21057,""detectors_checked"":51609600}"
    114688,         0,         0,    6.00,standalone_exact_mw,77d802c74222c3324b7f1323f7447c6411ad27be92307b6127e53af575faadca,"{""distance"":5,""physical_error_rate"":0.001}","{""detection_events"":105833,""detectors_checked"":25690112}"
    180224,         0,         0,    5.96,standalone_exact_mw,aea10f45e3589e84a00777b800d38e8a3149bd6cb552c409f3bffd718c1a0abf,"{""distance"":5,""physical_error_rate"":5e-05}","{""detection_events"":8589,""detectors_checked"":40370176}"
    161792,         0,         0,    5.98,standalone_exact_mw,503ee55b5ad1b1988379a241a0405811522ee4d50b473755532ad1299cb121e2,"{""distance"":5,""physical_error_rate"":0.0005}","{""detection_events"":74909,""detectors_checked"":36241408}"
    177152,         0,         0,    5.95,standalone_exact_mw,cc9149276d16e61a5ac322a1d2048afebd34054fe0ed4879b77eb616628c1148,"{""distance"":5,""physical_error_rate"":0.0001}","{""detection_events"":16511,""detectors_checked"":39682048}"
    238592,         0,         0,    5.98,standalone_exact_mw,aea10f45e3589e84a00777b800d38e8a3149bd6cb552c409f3bffd718c1a0abf,"{""distance"":5,""physical_error_rate"":5e-05}","{""detection_events"":10971,""detectors_checked"":53444608}"
    183296,         0,         0,    5.99,standalone_exact_mw,29ae76c7f86edcd2f56343e8109d8463cbc736644db4e57527101e2f1c3606c8,"{""distance"":5,""physical_error_rate"":0.0002}","{""detection_events"":34050,""detectors_checked"":41058304}"
    186368,         0,         0,    5.92,standalone_exact_mw,aea10f45e3589e84a00777b800d38e8a3149bd6cb552c409f3bffd718c1a0abf,"{""distance"":5,""physical_error_rate"":5e-05}","{""detection_events"":8578,""detectors_checked"":41746432}"
    201728,         0,         0,    5.95,standalone_exact_mw,29ae76c7f86edcd2f56343e8109d8463cbc736644db4e57527101e2f1c3606c8,"{""distance"":5,""physical_error_rate"":0.0002}","{""detection_events"":37738,""detectors_checked"":45187072}"
    151552,         0,         0,    8.38,standalone_exact_mw,77d802c74222c3324b7f1323f7447c6411ad27be92307b6127e53af575faadca,"{""distance"":5,""physical_error_rate"":0.001}","{""detection_events"":140113,""detectors_checked"":33947648}"
    211968,         0,         0,    8.30,standalone_exact_mw,503ee55b5ad1b1988379a241a0405811522ee4d50b473755532ad1299cb121e2,"{""distance"":5,""physical_error_rate"":0.0005}","{""detection_events"":97982,""detectors_checked"":47480832}"
    299008,         0,         0,    8.29,standalone_exact_mw,cc9149276d16e61a5ac322a1d2048afebd34054fe0ed4879b77eb616628c1148,"{""distance"":5,""physical_error_rate"":0.0001}","{""detection_events"":27731,""detectors_checked"":66977792}"
    141312,         1,         0,    8.35,standalone_exact_mw,77d802c74222c3324b7f1323f7447c6411ad27be92307b6127e53af575faadca,"{""distance"":5,""physical_error_rate"":0.001}","{""detection_events"":130937,""detectors_checked"":31653888,""obs_mistake_mask=E"":1}"
    183296,         0,         0,    8.26,standalone_exact_mw,aea10f45e3589e84a00777b800d38e8a3149bd6cb552c409f3bffd718c1a0abf,"{""distance"":5,""physical_error_rate"":5e-05}","{""detection_events"":8457,""detectors_checked"":41058304}"
    214016,         0,         0,    8.31,standalone_exact_mw,503ee55b5ad1b1988379a241a0405811522ee4d50b473755532ad1299cb121e2,"{""distance"":5,""physical_error_rate"":0.0005}","{""detection_events"":100576,""detectors_checked"":47939584}"
    245760,         0,         0,    8.34,standalone_exact_mw,cc9149276d16e61a5ac322a1d2048afebd34054fe0ed4879b77eb616628c1148,"{""distance"":5,""physical_error_rate"":0.0001}","{""detection_events"":22977,""detectors_checked"":55050240}"
    347136,         0,         0,    8.34,standalone_exact_mw,aea10f45e3589e84a00777b800d38e8a3149bd6cb552c409f3bffd718c1a0abf,"{""distance"":5,""physical_error_rate"":5e-05}","{""detection_events"":16455,""detectors_checked"":77758464}"
    390144,         0,         0,    8.35,standalone_exact_mw,29ae76c7f86edcd2f56343e8109d8463cbc736644db4e57527101e2f1c3606c8,"{""distance"":5,""physical_error_rate"":0.0002}","{""detection_events"":72771,""detectors_checked"":87392256}"
   2809856,         5,         0,   119.4,standalone_exact_mw,503ee55b5ad1b1988379a241a0405811522ee4d50b473755532ad1299cb121e2,"{""distance"":5,""physical_error_rate"":0.0005}","{""detection_events"":1303893,""detectors_checked"":629407744,""obs_mistake_mask=E"":5}"
    201728,         0,         0,    8.42,standalone_exact_mw,aea10f45e3589e84a00777b800d38e8a3149bd6cb552c409f3bffd718c1a0abf,"{""distance"":5,""physical_error_rate"":5e-05}","{""detection_events"":9133,""detectors_checked"":45187072}"
    424960,         0,         0,    8.36,standalone_exact_mw,29ae76c7f86edcd2f56343e8109d8463cbc736644db4e57527101e2f1c3606c8,"{""distance"":5,""physical_error_rate"":0.0002}","{""detection_events"":79389,""detectors_checked"":95191040}"
   1771520,         4,         0,   119.6,standalone_exact_mw,77d802c74222c3324b7f1323f7447c6411ad27be92307b6127e53af575faadca,"{""distance"":5,""physical_error_rate"":0.001}","{""detection_events"":1646352,""detectors_checked"":396820480,""obs_mistake_mask=E"":4}"
    205824,         1,         0,    11.7,standalone_exact_mw,77d802c74222c3324b7f1323f7447c6411ad27be92307b6127e53af575faadca,"{""distance"":5,""physical_error_rate"":0.001}","{""detection_events"":190373,""detectors_checked"":46104576,""obs_mistake_mask=E"":1}"
    280576,         0,         0,    11.7,standalone_exact_mw,503ee55b5ad1b1988379a241a0405811522ee4d50b473755532ad1299cb121e2,"{""distance"":5,""physical_error_rate"":0.0005}","{""detection_events"":130492,""detectors_checked"":62849024}"
    331776,         0,         0,    11.7,standalone_exact_mw,cc9149276d16e61a5ac322a1d2048afebd34054fe0ed4879b77eb616628c1148,"{""distance"":5,""physical_error_rate"":0.0001}","{""detection_events"":30612,""detectors_checked"":74317824}"
    198656,         0,         0,    11.7,standalone_exact_mw,77d802c74222c3324b7f1323f7447c6411ad27be92307b6127e53af575faadca,"{""distance"":5,""physical_error_rate"":0.001}","{""detection_events"":184372,""detectors_checked"":44498944}"
    442368,         0,         0,    11.7,standalone_exact_mw,aea10f45e3589e84a00777b800d38e8a3149bd6cb552c409f3bffd718c1a0abf,"{""distance"":5,""physical_error_rate"":5e-05}","{""detection_events"":20719,""detectors_checked"":99090432}"
    296960,         0,         0,    11.7,standalone_exact_mw,503ee55b5ad1b1988379a241a0405811522ee4d50b473755532ad1299cb121e2,"{""distance"":5,""physical_error_rate"":0.0005}","{""detection_events"":140053,""detectors_checked"":66519040}"
    338944,         0,         0,    11.6,standalone_exact_mw,cc9149276d16e61a5ac322a1d2048afebd34054fe0ed4879b77eb616628c1148,"{""distance"":5,""physical_error_rate"":0.0001}","{""detection_events"":32025,""detectors_checked"":75923456}"
    561152,         0,         0,    11.7,standalone_exact_mw,aea10f45e3589e84a00777b800d38e8a3149bd6cb552c409f3bffd718c1a0abf,"{""distance"":5,""physical_error_rate"":5e-05}","{""detection_events"":26054,""detectors_checked"":125698048}"
    291840,         0,         0,    11.7,standalone_exact_mw,29ae76c7f86edcd2f56343e8109d8463cbc736644db4e57527101e2f1c3606c8,"{""distance"":5,""physical_error_rate"":0.0002}","{""detection_events"":54769,""detectors_checked"":65372160}"
   1840128,         4,         0,   119.4,standalone_exact_mw,77d802c74222c3324b7f1323f7447c6411ad27be92307b6127e53af575faadca,"{""distance"":5,""physical_error_rate"":0.001}","{""detection_events"":1706771,""detectors_checked"":412188672,""obs_mistake_mask=E"":4}"
   2546688,         1,         0,   119.4,standalone_exact_mw,503ee55b5ad1b1988379a241a0405811522ee4d50b473755532ad1299cb121e2,"{""distance"":5,""physical_error_rate"":0.0005}","{""detection_events"":1184118,""detectors_checked"":570458112,""obs_mistake_mask=E"":1}"
    386048,         0,         0,    11.7,standalone_exact_mw,aea10f45e3589e84a00777b800d38e8a3149bd6cb552c409f3bffd718c1a0abf,"{""distance"":5,""physical_error_rate"":5e-05}","{""detection_events"":18024,""detectors_checked"":86474752}"
   3352576,         1,         0,   119.3,standalone_exact_mw,29ae76c7f86edcd2f56343e8109d8463cbc736644db4e57527101e2f1c3606c8,"{""distance"":5,""physical_error_rate"":0.0002}","{""detection_events"":624803,""detectors_checked"":750977024,""obs_mistake_mask=E"":1}"
    474112,         0,         0,    11.7,standalone_exact_mw,29ae76c7f86edcd2f56343e8109d8463cbc736644db4e57527101e2f1c3606c8,"{""distance"":5,""physical_error_rate"":0.0002}","{""detection_events"":88995,""detectors_checked"":106201088}"
   3909632,         0,         0,   119.3,standalone_exact_mw,aea10f45e3589e84a00777b800d38e8a3149bd6cb552c409f3bffd718c1a0abf,"{""distance"":5,""physical_error_rate"":5e-05}","{""detection_events"":181988,""detectors_checked"":875757568}"
   3173376,         0,         0,   119.1,standalone_exact_mw,cc9149276d16e61a5ac322a1d2048afebd34054fe0ed4879b77eb616628c1148,"{""distance"":5,""physical_error_rate"":0.0001}","{""detection_events"":295529,""detectors_checked"":710836224}"
    303104,         1,         0,    16.4,standalone_exact_mw,77d802c74222c3324b7f1323f7447c6411ad27be92307b6127e53af575faadca,"{""distance"":5,""physical_error_rate"":0.001}","{""detection_events"":281078,""detectors_checked"":67895296,""obs_mistake_mask=E"":1}"
    407552,         0,         0,    16.4,standalone_exact_mw,503ee55b5ad1b1988379a241a0405811522ee4d50b473755532ad1299cb121e2,"{""distance"":5,""physical_error_rate"":0.0005}","{""detection_events"":188988,""detectors_checked"":91291648}"
    565248,         0,         0,    16.3,standalone_exact_mw,cc9149276d16e61a5ac322a1d2048afebd34054fe0ed4879b77eb616628c1148,"{""distance"":5,""physical_error_rate"":0.0001}","{""detection_events"":52347,""detectors_checked"":126615552}"
    304128,         1,         0,    16.4,standalone_exact_mw,77d802c74222c3324b7f1323f7447c6411ad27be92307b6127e53af575faadca,"{""distance"":5,""physical_error_rate"":0.001}","{""detection_events"":282726,""detectors_checked"":68124672,""obs_mistake_mask=E"":1}"
    514048,         0,         0,    16.3,standalone_exact_mw,aea10f45e3589e84a00777b800d38e8a3149bd6cb552c409f3bffd718c1a0abf,"{""distance"":5,""physical_error_rate"":5e-05}","{""detection_events"":23922,""detectors_checked"":115146752}"
    432128,         0,         0,    16.3,standalone_exact_mw,503ee55b5ad1b1988379a241a0405811522ee4d50b473755532ad1299cb121e2,"{""distance"":5,""physical_error_rate"":0.0005}","{""detection_events"":202112,""detectors_checked"":96796672}"
    488448,         0,         0,    16.3,standalone_exact_mw,cc9149276d16e61a5ac322a1d2048afebd34054fe0ed4879b77eb616628c1148,"{""distance"":5,""physical_error_rate"":0.0001}","{""detection_events"":44855,""detectors_checked"":109412352}"
    677888,         0,         0,    16.4,standalone_exact_mw,aea10f45e3589e84a00777b800d38e8a3149bd6cb552c409f3bffd718c1a0abf,"{""distance"":5,""physical_error_rate"":5e-05}","{""detection_events"":31444,""detectors_checked"":151846912}"
    503808,         0,         0,    16.3,standalone_exact_mw,29ae76c7f86edcd2f56343e8109d8463cbc736644db4e57527101e2f1c3606c8,"{""distance"":5,""physical_error_rate"":0.0002}","{""detection_events"":93349,""detectors_checked"":112852992}"
    679936,         0,         0,    16.3,standalone_exact_mw,aea10f45e3589e84a00777b800d38e8a3149bd6cb552c409f3bffd718c1a0abf,"{""distance"":5,""physical_error_rate"":5e-05}","{""detection_events"":31624,""detectors_checked"":152305664}"
    563200,         0,         0,    16.3,standalone_exact_mw,29ae76c7f86edcd2f56343e8109d8463cbc736644db4e57527101e2f1c3606c8,"{""distance"":5,""physical_error_rate"":0.0002}","{""detection_events"":104881,""detectors_checked"":126156800}"
   1899520,         7,         0,   119.5,standalone_exact_mw,77d802c74222c3324b7f1323f7447c6411ad27be92307b6127e53af575faadca,"{""distance"":5,""physical_error_rate"":0.001}","{""detection_events"":1763113,""detectors_checked"":425492480,""obs_mistake_mask=E"":7}"
   4719616,         0,         0,   119.4,standalone_exact_mw,aea10f45e3589e84a00777b800d38e8a3149bd6cb552c409f3bffd718c1a0abf,"{""distance"":5,""physical_error_rate"":5e-05}","{""detection_events"":220866,""detectors_checked"":1057193984}"
   3465216,         0,         0,   119.5,standalone_exact_mw,29ae76c7f86edcd2f56343e8109d8463cbc736644db4e57527101e2f1c3606c8,"{""distance"":5,""physical_error_rate"":0.0002}","{""detection_events"":646619,""detectors_checked"":776208384}"
   3500032,         0,         0,   119.3,standalone_exact_mw,cc9149276d16e61a5ac322a1d2048afebd34054fe0ed4879b77eb616628c1148,"{""distance"":5,""physical_error_rate"":0.0001}","{""detection_events"":325558,""detectors_checked"":784007168}"
   2765824,         0,         0,   119.3,standalone_exact_mw,503ee55b5ad1b1988379a241a0405811522ee4d50b473755532ad1299cb121e2,"{""distance"":5,""physical_error_rate"":0.0005}","{""detection_events"":1286610,""detectors_checked"":619544576}"
   4058112,         0,         0,   119.3,standalone_exact_mw,29ae76c7f86edcd2f56343e8109d8463cbc736644db4e57527101e2f1c3606c8,"{""distance"":5,""physical_error_rate"":0.0002}","{""detection_events"":755597,""detectors_checked"":909017088}"
   1784832,         8,         0,   119.6,standalone_exact_mw,77d802c74222c3324b7f1323f7447c6411ad27be92307b6127e53af575faadca,"{""distance"":5,""physical_error_rate"":0.001}","{""detection_events"":1653617,""detectors_checked"":399802368,""obs_mistake_mask=E"":8}"
    416768,         0,         0,    22.9,standalone_exact_mw,77d802c74222c3324b7f1323f7447c6411ad27be92307b6127e53af575faadca,"{""distance"":5,""physical_error_rate"":0.001}","{""detection_events"":385604,""detectors_checked"":93356032}"
    527360,         0,         0,    22.8,standalone_exact_mw,503ee55b5ad1b1988379a241a0405811522ee4d50b473755532ad1299cb121e2,"{""distance"":5,""physical_error_rate"":0.0005}","{""detection_events"":244944,""detectors_checked"":118128640}"
    745472,         0,         0,    22.8,standalone_exact_mw,cc9149276d16e61a5ac322a1d2048afebd34054fe0ed4879b77eb616628c1148,"{""distance"":5,""physical_error_rate"":0.0001}","{""detection_events"":69411,""detectors_checked"":166985728}"
   3407872,         1,         0,   119.4,standalone_exact_mw,503ee55b5ad1b1988379a241a0405811522ee4d50b473755532ad1299cb121e2,"{""distance"":5,""physical_error_rate"":0.0005}","{""detection_events"":1585092,""detectors_checked"":763363328,""obs_mistake_mask=E"":1}"
    353280,         0,         0,    22.9,standalone_exact_mw,77d802c74222c3324b7f1323f7447c6411ad27be92307b6127e53af575faadca,"{""distance"":5,""physical_error_rate"":0.001}","{""detection_events"":327753,""detectors_checked"":79134720}"
    474112,         0,         0,    22.8,standalone_exact_mw,aea10f45e3589e84a00777b800d38e8a3149bd6cb552c409f3bffd718c1a0abf,"{""distance"":5,""physical_error_rate"":5e-05}","{""detection_events"":22208,""detectors_checked"":106201088}"
    550912,         0,         0,    22.8,standalone_exact_mw,503ee55b5ad1b1988379a241a0405811522ee4d50b473755532ad1299cb121e2,"{""distance"":5,""physical_error_rate"":0.0005}","{""detection_events"":255576,""detectors_checked"":123404288}"
   5026816,         0,         0,   119.5,standalone_exact_mw,cc9149276d16e61a5ac322a1d2048afebd34054fe0ed4879b77eb616628c1148,"{""distance"":5,""physical_error_rate"":0.0001}","{""detection_events"":470156,""detectors_checked"":1126006784}"
    672768,         0,         0,    22.9,standalone_exact_mw,cc9149276d16e61a5ac322a1d2048afebd34054fe0ed4879b77eb616628c1148,"{""distance"":5,""physical_error_rate"":0.0001}","{""detection_events"":63137,""detectors_checked"":150700032}"
    933888,         0,         0,    22.8,standalone_exact_mw,aea10f45e3589e84a00777b800d38e8a3149bd6cb552c409f3bffd718c1a0abf,"{""distance"":5,""physical_error_rate"":5e-05}","{""detection_events"":43308,""detectors_checked"":209190912}"
    456704,         0,         0,    22.8,standalone_exact_mw,29ae76c7f86edcd2f56343e8109d8463cbc736644db4e57527101e2f1c3606c8,"{""distance"":5,""physical_error_rate"":0.0002}","{""detection_events"":85000,""detectors_checked"":102301696}"
   4406272,         0,         0,   119.3,standalone_exact_mw,29ae76c7f86edcd2f56343e8109d8463cbc736644db4e57527101e2f1c3606c8,"{""distance"":5,""physical_error_rate"":0.0002}","{""detection_events"":820342,""detectors_checked"":987004928}"
    932864,         0,         0,    22.8,standalone_exact_mw,aea10f45e3589e84a00777b800d38e8a3149bd6cb552c409f3bffd718c1a0abf,"{""distance"":5,""physical_error_rate"":5e-05}","{""detection_events"":43554,""detectors_checked"":208961536}"
    736256,         0,         0,    22.9,standalone_exact_mw,29ae76c7f86edcd2f56343e8109d8463cbc736644db4e57527101e2f1c3606c8,"{""distance"":5,""physical_error_rate"":0.0002}","{""detection_events"":137328,""detectors_checked"":164921344}"
   4550656,         0,         0,   119.1,standalone_exact_mw,aea10f45e3589e84a00777b800d38e8a3149bd6cb552c409f3bffd718c1a0abf,"{""distance"":5,""physical_error_rate"":5e-05}","{""detection_events"":213521,""detectors_checked"":1019346944}"
   3600384,         2,         0,   119.4,standalone_exact_mw,503ee55b5ad1b1988379a241a0405811522ee4d50b473755532ad1299cb121e2,"{""distance"":5,""physical_error_rate"":0.0005}","{""detection_events"":1675945,""detectors_checked"":806486016,""obs_mistake_mask=E"":2}"
   3799040,         0,         0,   119.3,standalone_exact_mw,29ae76c7f86edcd2f56343e8109d8463cbc736644db4e57527101e2f1c3606c8,"{""distance"":5,""physical_error_rate"":0.0002}","{""detection_events"":707932,""detectors_checked"":850984960}"
   3758080,         0,         0,   119.2,standalone_exact_mw,aea10f45e3589e84a00777b800d38e8a3149bd6cb552c409f3bffd718c1a0abf,"{""distance"":5,""physical_error_rate"":5e-05}","{""detection_events"":175485,""detectors_checked"":841809920}"
   3708928,         0,         0,   119.2,standalone_exact_mw,cc9149276d16e61a5ac322a1d2048afebd34054fe0ed4879b77eb616628c1148,"{""distance"":5,""physical_error_rate"":0.0001}","{""detection_events"":347769,""detectors_checked"":830799872}"
   2854912,         0,         0,   119.2,standalone_exact_mw,29ae76c7f86edcd2f56343e8109d8463cbc736644db4e57527101e2f1c3606c8,"{""distance"":5,""physical_error_rate"":0.0002}","{""detection_events"":531506,""detectors_checked"":639500288}"
   3558400,         0,         0,   119.2,standalone_exact_mw,cc9149276d16e61a5ac322a1d2048afebd34054fe0ed4879b77eb616628c1148,"{""distance"":5,""physical_error_rate"":0.0001}","{""detection_events"":333718,""detectors_checked"":797081600}"
   3828736,         0,         0,   119.3,standalone_exact_mw,aea10f45e3589e84a00777b800d38e8a3149bd6cb552c409f3bffd718c1a0abf,"{""distance"":5,""physical_error_rate"":5e-05}","{""detection_events"":179459,""detectors_checked"":857636864}"
   3709952,         0,         0,   119.2,standalone_exact_mw,cc9149276d16e61a5ac322a1d2048afebd34054fe0ed4879b77eb616628c1148,"{""distance"":5,""physical_error_rate"":0.0001}","{""detection_events"":343524,""detectors_checked"":831029248}"
   1824768,         8,         0,   119.5,standalone_exact_mw,77d802c74222c3324b7f1323f7447c6411ad27be92307b6127e53af575faadca,"{""distance"":5,""physical_error_rate"":0.001}","{""detection_events"":1691169,""detectors_checked"":408748032,""obs_mistake_mask=E"":8}"
   1452032,         9,         0,   119.5,standalone_exact_mw,77d802c74222c3324b7f1323f7447c6411ad27be92307b6127e53af575faadca,"{""distance"":5,""physical_error_rate"":0.001}","{""detection_events"":1349522,""detectors_checked"":325255168,""obs_mistake_mask=E"":9}"
   2188288,         6,         0,   119.6,standalone_exact_mw,77d802c74222c3324b7f1323f7447c6411ad27be92307b6127e53af575faadca,"{""distance"":5,""physical_error_rate"":0.001}","{""detection_events"":2036211,""detectors_checked"":490176512,""obs_mistake_mask=E"":6}"
   4749312,         0,         0,   119.4,standalone_exact_mw,cc9149276d16e61a5ac322a1d2048afebd34054fe0ed4879b77eb616628c1148,"{""distance"":5,""physical_error_rate"":0.0001}","{""detection_events"":442382,""detectors_checked"":1063845888}"
   2579456,         2,         0,   119.6,standalone_exact_mw,503ee55b5ad1b1988379a241a0405811522ee4d50b473755532ad1299cb121e2,"{""distance"":5,""physical_error_rate"":0.0005}","{""detection_events"":1198354,""detectors_checked"":577798144,""obs_mistake_mask=E"":2}"
   3440640,         0,         0,   119.3,standalone_exact_mw,29ae76c7f86edcd2f56343e8109d8463cbc736644db4e57527101e2f1c3606c8,"{""distance"":5,""physical_error_rate"":0.0002}","{""detection_events"":637583,""detectors_checked"":770703360}"
   2661376,         0,         0,   119.5,standalone_exact_mw,503ee55b5ad1b1988379a241a0405811522ee4d50b473755532ad1299cb121e2,"{""distance"":5,""physical_error_rate"":0.0005}","{""detection_events"":1237227,""detectors_checked"":596148224}"
   4503552,         0,         0,   119.4,standalone_exact_mw,aea10f45e3589e84a00777b800d38e8a3149bd6cb552c409f3bffd718c1a0abf,"{""distance"":5,""physical_error_rate"":5e-05}","{""detection_events"":209777,""detectors_checked"":1008795648}"
   2200576,         7,         0,   119.4,standalone_exact_mw,77d802c74222c3324b7f1323f7447c6411ad27be92307b6127e53af575faadca,"{""distance"":5,""physical_error_rate"":0.001}","{""detection_events"":2043238,""detectors_checked"":492929024,""obs_mistake_mask=E"":7}"
   4517888,         0,         0,   119.3,standalone_exact_mw,aea10f45e3589e84a00777b800d38e8a3149bd6cb552c409f3bffd718c1a0abf,"{""distance"":5,""physical_error_rate"":5e-05}","{""detection_events"":211051,""detectors_checked"":1012006912}"
   2511872,         2,         0,   119.4,standalone_exact_mw,503ee55b5ad1b1988379a241a0405811522ee4d50b473755532ad1299cb121e2,"{""distance"":5,""physical_error_rate"":0.0005}","{""detection_events"":1168532,""detectors_checked"":562659328,""obs_mistake_mask=E"":2}"
    629760,         1,         0,    32.1,standalone_exact_mw,77d802c74222c3324b7f1323f7447c6411ad27be92307b6127e53af575faadca,"{""distance"":5,""physical_error_rate"":0.001}","{""detection_events"":583564,""detectors_checked"":141066240,""obs_mistake_mask=E"":1}"
    865280,         0,         0,    32.0,standalone_exact_mw,503ee55b5ad1b1988379a241a0405811522ee4d50b473755532ad1299cb121e2,"{""distance"":5,""physical_error_rate"":0.0005}","{""detection_events"":403326,""detectors_checked"":193822720}"
   1154048,         0,         0,    32.0,standalone_exact_mw,cc9149276d16e61a5ac322a1d2048afebd34054fe0ed4879b77eb616628c1148,"{""distance"":5,""physical_error_rate"":0.0001}","{""detection_events"":107982,""detectors_checked"":258506752}"
    583680,         2,         0,    31.9,standalone_exact_mw,77d802c74222c3324b7f1323f7447c6411ad27be92307b6127e53af575faadca,"{""distance"":5,""physical_error_rate"":0.001}","{""detection_events"":541630,""detectors_checked"":130744320,""obs_mistake_mask=E"":2}"
    809984,         0,         0,    31.8,standalone_exact_mw,aea10f45e3589e84a00777b800d38e8a3149bd6cb552c409f3bffd718c1a0abf,"{""distance"":5,""physical_error_rate"":5e-05}","{""detection_events"":38008,""detectors_checked"":181436416}"
    811008,         0,         0,    32.0,standalone_exact_mw,503ee55b5ad1b1988379a241a0405811522ee4d50b473755532ad1299cb121e2,"{""distance"":5,""physical_error_rate"":0.0005}","{""detection_events"":376586,""detectors_checked"":181665792}"
    976896,         0,         0,    31.8,standalone_exact_mw,cc9149276d16e61a5ac322a1d2048afebd34054fe0ed4879b77eb616628c1148,"{""distance"":5,""physical_error_rate"":0.0001}","{""detection_events"":91433,""detectors_checked"":218824704}"
   1226752,         0,         0,    31.9,standalone_exact_mw,aea10f45e3589e84a00777b800d38e8a3149bd6cb552c409f3bffd718c1a0abf,"{""distance"":5,""physical_error_rate"":5e-05}","{""detection_events"":57393,""detectors_checked"":274792448}"
    920576,         0,         0,    32.0,standalone_exact_mw,29ae76c7f86edcd2f56343e8109d8463cbc736644db4e57527101e2f1c3606c8,"{""distance"":5,""physical_error_rate"":0.0002}","{""detection_events"":172475,""detectors_checked"":206209024}"
   1248256,         0,         0,    32.0,standalone_exact_mw,aea10f45e3589e84a00777b800d38e8a3149bd6cb552c409f3bffd718c1a0abf,"{""distance"":5,""physical_error_rate"":5e-05}","{""detection_events"":57923,""detectors_checked"":279609344}"
    739328,         0,         0,    31.9,standalone_exact_mw,29ae76c7f86edcd2f56343e8109d8463cbc736644db4e57527101e2f1c3606c8,"{""distance"":5,""physical_error_rate"":0.0002}","{""detection_events"":136894,""detectors_checked"":165609472}"
   3178496,         0,         0,   119.2,standalone_exact_mw,29ae76c7f86edcd2f56343e8109d8463cbc736644db4e57527101e2f1c3606c8,"{""distance"":5,""physical_error_rate"":0.0002}","{""detection_events"":593715,""detectors_checked"":711983104}"
   3834880,         0,         0,   119.3,standalone_exact_mw,29ae76c7f86edcd2f56343e8109d8463cbc736644db4e57527101e2f1c3606c8,"{""distance"":5,""physical_error_rate"":0.0002}","{""detection_events"":713380,""detectors_checked"":859013120}"
   2292736,         9,         0,   119.6,standalone_exact_mw,77d802c74222c3324b7f1323f7447c6411ad27be92307b6127e53af575faadca,"{""distance"":5,""physical_error_rate"":0.001}","{""detection_events"":2126570,""detectors_checked"":513572864,""obs_mistake_mask=E"":9}"
   2922496,         0,         0,   119.2,standalone_exact_mw,cc9149276d16e61a5ac322a1d2048afebd34054fe0ed4879b77eb616628c1148,"{""distance"":5,""physical_error_rate"":0.0001}","{""detection_events"":272042,""detectors_checked"":654639104}"
   2394112,         1,         0,   119.4,standalone_exact_mw,503ee55b5ad1b1988379a241a0405811522ee4d50b473755532ad1299cb121e2,"{""distance"":5,""physical_error_rate"":0.0005}","{""detection_events"":1111641,""detectors_checked"":536281088,""obs_mistake_mask=E"":1}"
   3757056,         0,         0,   119.4,standalone_exact_mw,aea10f45e3589e84a00777b800d38e8a3149bd6cb552c409f3bffd718c1a0abf,"{""distance"":5,""physical_error_rate"":5e-05}","{""detection_events"":176013,""detectors_checked"":841580544}"
   2561024,         2,         0,   119.5,standalone_exact_mw,503ee55b5ad1b1988379a241a0405811522ee4d50b473755532ad1299cb121e2,"{""distance"":5,""physical_error_rate"":0.0005}","{""detection_events"":1190222,""detectors_checked"":573669376,""obs_mistake_mask=E"":2}"
   4288512,         0,         0,   119.5,standalone_exact_mw,29ae76c7f86edcd2f56343e8109d8463cbc736644db4e57527101e2f1c3606c8,"{""distance"":5,""physical_error_rate"":0.0002}","{""detection_events"":802343,""detectors_checked"":960626688}"
   3765248,         0,         0,   119.4,standalone_exact_mw,aea10f45e3589e84a00777b800d38e8a3149bd6cb552c409f3bffd718c1a0abf,"{""distance"":5,""physical_error_rate"":5e-05}","{""detection_events"":175640,""detectors_checked"":843415552}"
   2488320,         0,         0,   119.4,standalone_exact_mw,29ae76c7f86edcd2f56343e8109d8463cbc736644db4e57527101e2f1c3606c8,"{""distance"":5,""physical_error_rate"":0.0002}","{""detection_events"":465325,""detectors_checked"":557383680}"
   1770496,         6,         0,   119.6,standalone_exact_mw,77d802c74222c3324b7f1323f7447c6411ad27be92307b6127e53af575faadca,"{""distance"":5,""physical_error_rate"":0.001}","{""detection_events"":1643666,""detectors_checked"":396591104,""obs_mistake_mask=E"":6}"
   4224000,         0,         0,   119.3,standalone_exact_mw,cc9149276d16e61a5ac322a1d2048afebd34054fe0ed4879b77eb616628c1148,"{""distance"":5,""physical_error_rate"":0.0001}","{""detection_events"":394198,""detectors_checked"":946176000}"
   2449408,         0,         0,   119.3,standalone_exact_mw,503ee55b5ad1b1988379a241a0405811522ee4d50b473755532ad1299cb121e2,"{""distance"":5,""physical_error_rate"":0.0005}","{""detection_events"":1136403,""detectors_checked"":548667392}"
   1449984,         4,         0,   119.7,standalone_exact_mw,77d802c74222c3324b7f1323f7447c6411ad27be92307b6127e53af575faadca,"{""distance"":5,""physical_error_rate"":0.001}","{""detection_events"":1346592,""detectors_checked"":324796416,""obs_mistake_mask=E"":4}"
   4331520,         0,         0,   119.4,standalone_exact_mw,aea10f45e3589e84a00777b800d38e8a3149bd6cb552c409f3bffd718c1a0abf,"{""distance"":5,""physical_error_rate"":5e-05}","{""detection_events"":203074,""detectors_checked"":970260480}"
   4404224,         0,         0,   119.1,standalone_exact_mw,cc9149276d16e61a5ac322a1d2048afebd34054fe0ed4879b77eb616628c1148,"{""distance"":5,""physical_error_rate"":0.0001}","{""detection_events"":410744,""detectors_checked"":986546176}"
   2139136,         0,         0,   119.3,standalone_exact_mw,503ee55b5ad1b1988379a241a0405811522ee4d50b473755532ad1299cb121e2,"{""distance"":5,""physical_error_rate"":0.0005}","{""detection_events"":995043,""detectors_checked"":479166464}"
    838656,         1,         0,    44.9,standalone_exact_mw,77d802c74222c3324b7f1323f7447c6411ad27be92307b6127e53af575faadca,"{""distance"":5,""physical_error_rate"":0.001}","{""detection_events"":775635,""detectors_checked"":187858944,""obs_mistake_mask=E"":1}"
   1975296,        10,         0,   119.7,standalone_exact_mw,77d802c74222c3324b7f1323f7447c6411ad27be92307b6127e53af575faadca,"{""distance"":5,""physical_error_rate"":0.001}","{""detection_events"":1832477,""detectors_checked"":442466304,""obs_mistake_mask=E"":10}"
   1167360,         0,         0,    44.8,standalone_exact_mw,503ee55b5ad1b1988379a241a0405811522ee4d50b473755532ad1299cb121e2,"{""distance"":5,""physical_error_rate"":0.0005}","{""detection_events"":540099,""detectors_checked"":261488640}"
   1217536,         0,         0,    44.7,standalone_exact_mw,cc9149276d16e61a5ac322a1d2048afebd34054fe0ed4879b77eb616628c1148,"{""distance"":5,""physical_error_rate"":0.0001}","{""detection_events"":113470,""detectors_checked"":272728064}"
    755712,         5,         0,    44.9,standalone_exact_mw,77d802c74222c3324b7f1323f7447c6411ad27be92307b6127e53af575faadca,"{""distance"":5,""physical_error_rate"":0.001}","{""detection_events"":700641,""detectors_checked"":169279488,""obs_mistake_mask=E"":5}"
   1788928,         0,         0,    44.7,standalone_exact_mw,aea10f45e3589e84a00777b800d38e8a3149bd6cb552c409f3bffd718c1a0abf,"{""distance"":5,""physical_error_rate"":5e-05}","{""detection_events"":82996,""detectors_checked"":400719872}"
   1099776,         0,         0,    44.8,standalone_exact_mw,503ee55b5ad1b1988379a241a0405811522ee4d50b473755532ad1299cb121e2,"{""distance"":5,""physical_error_rate"":0.0005}","{""detection_events"":511043,""detectors_checked"":246349824}"
   1455104,         0,         0,    44.7,standalone_exact_mw,cc9149276d16e61a5ac322a1d2048afebd34054fe0ed4879b77eb616628c1148,"{""distance"":5,""physical_error_rate"":0.0001}","{""detection_events"":136786,""detectors_checked"":325943296}"
   1711104,         0,         0,    44.8,standalone_exact_mw,aea10f45e3589e84a00777b800d38e8a3149bd6cb552c409f3bffd718c1a0abf,"{""distance"":5,""physical_error_rate"":5e-05}","{""detection_events"":80427,""detectors_checked"":383287296}"
   1217536,         0,         0,    44.8,standalone_exact_mw,29ae76c7f86edcd2f56343e8109d8463cbc736644db4e57527101e2f1c3606c8,"{""distance"":5,""physical_error_rate"":0.0002}","{""detection_events"":226771,""detectors_checked"":272728064}"
   1596416,         0,         0,    44.7,standalone_exact_mw,aea10f45e3589e84a00777b800d38e8a3149bd6cb552c409f3bffd718c1a0abf,"{""distance"":5,""physical_error_rate"":5e-05}","{""detection_events"":74655,""detectors_checked"":357597184}"
   1266688,         0,         0,    44.9,standalone_exact_mw,29ae76c7f86edcd2f56343e8109d8463cbc736644db4e57527101e2f1c3606c8,"{""distance"":5,""physical_error_rate"":0.0002}","{""detection_events"":236260,""detectors_checked"":283738112}"
   1865728,         4,         0,   119.6,standalone_exact_mw,77d802c74222c3324b7f1323f7447c6411ad27be92307b6127e53af575faadca,"{""distance"":5,""physical_error_rate"":0.001}","{""detection_events"":1730150,""detectors_checked"":417923072,""obs_mistake_mask=E"":4}"
   2897920,         1,         0,   119.4,standalone_exact_mw,503ee55b5ad1b1988379a241a0405811522ee4d50b473755532ad1299cb121e2,"{""distance"":5,""physical_error_rate"":0.0005}","{""detection_events"":1349088,""detectors_checked"":649134080,""obs_mistake_mask=E"":1}"
   2928640,         0,         0,   119.4,standalone_exact_mw,29ae76c7f86edcd2f56343e8109d8463cbc736644db4e57527101e2f1c3606c8,"{""distance"":5,""physical_error_rate"":0.0002}","{""detection_events"":547415,""detectors_checked"":656015360}"
   3650560,         0,         0,   119.2,standalone_exact_mw,aea10f45e3589e84a00777b800d38e8a3149bd6cb552c409f3bffd718c1a0abf,"{""distance"":5,""physical_error_rate"":5e-05}","{""detection_events"":171695,""detectors_checked"":817725440}"
   3347456,         0,         0,   119.3,standalone_exact_mw,cc9149276d16e61a5ac322a1d2048afebd34054fe0ed4879b77eb616628c1148,"{""distance"":5,""physical_error_rate"":0.0001}","{""detection_events"":312961,""detectors_checked"":749830144}"
   2045952,         9,         0,   119.6,standalone_exact_mw,77d802c74222c3324b7f1323f7447c6411ad27be92307b6127e53af575faadca,"{""distance"":5,""physical_error_rate"":0.001}","{""detection_events"":1899410,""detectors_checked"":458293248,""obs_mistake_mask=E"":9}"
   4688896,         0,         0,   119.3,standalone_exact_mw,aea10f45e3589e84a00777b800d38e8a3149bd6cb552c409f3bffd718c1a0abf,"{""distance"":5,""physical_error_rate"":5e-05}","{""detection_events"":218660,""detectors_checked"":1050312704}"
   3532800,         0,         0,   119.4,standalone_exact_mw,29ae76c7f86edcd2f56343e8109d8463cbc736644db4e57527101e2f1c3606c8,"{""distance"":5,""physical_error_rate"":0.0002}","{""detection_events"":657733,""detectors_checked"":791347200}"
   4179968,         0,         0,   119.4,standalone_exact_mw,cc9149276d16e61a5ac322a1d2048afebd34054fe0ed4879b77eb616628c1148,"{""distance"":5,""physical_error_rate"":0.0001}","{""detection_events"":388543,""detectors_checked"":936312832}"
   3003392,         1,         0,   119.4,standalone_exact_mw,503ee55b5ad1b1988379a241a0405811522ee4d50b473755532ad1299cb121e2,"{""distance"":5,""physical_error_rate"":0.0005}","{""detection_events"":1398493,""detectors_checked"":672759808,""obs_mistake_mask=E"":1}"
   4120576,         1,         0,   119.2,standalone_exact_mw,29ae76c7f86edcd2f56343e8109d8463cbc736644db4e57527101e2f1c3606c8,"{""distance"":5,""physical_error_rate"":0.0002}","{""detection_events"":770653,""detectors_checked"":923009024,""obs_mistake_mask=E"":1}"
   2337792,        11,         0,   119.6,standalone_exact_mw,77d802c74222c3324b7f1323f7447c6411ad27be92307b6127e53af575faadca,"{""distance"":5,""physical_error_rate"":0.001}","{""detection_events"":2168417,""detectors_checked"":523665408,""obs_mistake_mask=E"":11}"
   3007488,         1,         0,   119.3,standalone_exact_mw,503ee55b5ad1b1988379a241a0405811522ee4d50b473755532ad1299cb121e2,"{""distance"":5,""physical_error_rate"":0.0005}","{""detection_events"":1398940,""detectors_checked"":673677312,""obs_mistake_mask=E"":1}"
   4198400,         0,         0,   119.5,standalone_exact_mw,cc9149276d16e61a5ac322a1d2048afebd34054fe0ed4879b77eb616628c1148,"{""distance"":5,""physical_error_rate"":0.0001}","{""detection_events"":392526,""detectors_checked"":940441600}"
   4092928,         0,         0,   119.3,standalone_exact_mw,29ae76c7f86edcd2f56343e8109d8463cbc736644db4e57527101e2f1c3606c8,"{""distance"":5,""physical_error_rate"":0.0002}","{""detection_events"":762886,""detectors_checked"":916815872}"
   4448256,         0,         0,   119.4,standalone_exact_mw,aea10f45e3589e84a00777b800d38e8a3149bd6cb552c409f3bffd718c1a0abf,"{""distance"":5,""physical_error_rate"":5e-05}","{""detection_events"":206363,""detectors_checked"":996409344}"
   3292160,         1,         0,   119.4,standalone_exact_mw,503ee55b5ad1b1988379a241a0405811522ee4d50b473755532ad1299cb121e2,"{""distance"":5,""physical_error_rate"":0.0005}","{""detection_events"":1530891,""detectors_checked"":737443840,""obs_mistake_mask=E"":1}"
   3323904,         0,         0,   119.3,standalone_exact_mw,29ae76c7f86edcd2f56343e8109d8463cbc736644db4e57527101e2f1c3606c8,"{""distance"":5,""physical_error_rate"":0.0002}","{""detection_events"":619829,""detectors_checked"":744554496}"
   3467264,         0,         0,   119.2,standalone_exact_mw,aea10f45e3589e84a00777b800d38e8a3149bd6cb552c409f3bffd718c1a0abf,"{""distance"":5,""physical_error_rate"":5e-05}","{""detection_events"":162140,""detectors_checked"":776667136}"
   3665920,         0,         0,   119.5,standalone_exact_mw,cc9149276d16e61a5ac322a1d2048afebd34054fe0ed4879b77eb616628c1148,"{""distance"":5,""physical_error_rate"":0.0001}","{""detection_events"":341806,""detectors_checked"":821166080}"
   3078144,         0,         0,   119.3,standalone_exact_mw,29ae76c7f86edcd2f56343e8109d8463cbc736644db4e57527101e2f1c3606c8,"{""distance"":5,""physical_error_rate"":0.0002}","{""detection_events"":574002,""detectors_checked"":689504256}"
   3700736,         0,         0,   119.3,standalone_exact_mw,cc9149276d16e61a5ac322a1d2048afebd34054fe0ed4879b77eb616628c1148,"{""distance"":5,""physical_error_rate"":0.0001}","{""detection_events"":344233,""detectors_checked"":828964864}"
   4219904,         0,         0,   119.4,standalone_exact_mw,aea10f45e3589e84a00777b800d38e8a3149bd6cb552c409f3bffd718c1a0abf,"{""distance"":5,""physical_error_rate"":5e-05}","{""detection_events"":196489,""detectors_checked"":945258496}"
   4070400,         0,         0,   119.3,standalone_exact_mw,cc9149276d16e61a5ac322a1d2048afebd34054fe0ed4879b77eb616628c1148,"{""distance"":5,""physical_error_rate"":0.0001}","{""detection_events"":381067,""detectors_checked"":911769600}"
   1897472,         4,         0,   119.6,standalone_exact_mw,77d802c74222c3324b7f1323f7447c6411ad27be92307b6127e53af575faadca,"{""distance"":5,""physical_error_rate"":0.001}","{""detection_events"":1759473,""detectors_checked"":425033728,""obs_mistake_mask=E"":4}"
   1750016,         5,         0,   119.5,standalone_exact_mw,77d802c74222c3324b7f1323f7447c6411ad27be92307b6127e53af575faadca,"{""distance"":5,""physical_error_rate"":0.001}","{""detection_events"":1621219,""detectors_checked"":392003584,""obs_mistake_mask=E"":5}"
   2267136,        10,         0,   119.5,standalone_exact_mw,77d802c74222c3324b7f1323f7447c6411ad27be92307b6127e53af575faadca,"{""distance"":5,""physical_error_rate"":0.001}","{""detection_events"":2100212,""detectors_checked"":507838464,""obs_mistake_mask=E"":10}"
   1168384,         5,         0,    62.8,standalone_exact_mw,77d802c74222c3324b7f1323f7447c6411ad27be92307b6127e53af575faadca,"{""distance"":5,""physical_error_rate"":0.001}","{""detection_events"":1080347,""detectors_checked"":261718016,""obs_mistake_mask=E"":5}"
   3316736,         0,         0,   119.2,standalone_exact_mw,cc9149276d16e61a5ac322a1d2048afebd34054fe0ed4879b77eb616628c1148,"{""distance"":5,""physical_error_rate"":0.0001}","{""detection_events"":308756,""detectors_checked"":742948864}"
   2528256,         0,         0,   119.5,standalone_exact_mw,503ee55b5ad1b1988379a241a0405811522ee4d50b473755532ad1299cb121e2,"{""distance"":5,""physical_error_rate"":0.0005}","{""detection_events"":1174778,""detectors_checked"":566329344}"
   3479552,         0,         0,   119.3,standalone_exact_mw,29ae76c7f86edcd2f56343e8109d8463cbc736644db4e57527101e2f1c3606c8,"{""distance"":5,""physical_error_rate"":0.0002}","{""detection_events"":648344,""detectors_checked"":779419648}"
   1560576,         0,         0,    62.8,standalone_exact_mw,503ee55b5ad1b1988379a241a0405811522ee4d50b473755532ad1299cb121e2,"{""distance"":5,""physical_error_rate"":0.0005}","{""detection_events"":727097,""detectors_checked"":349569024}"
   2470912,         1,         0,   119.5,standalone_exact_mw,503ee55b5ad1b1988379a241a0405811522ee4d50b473755532ad1299cb121e2,"{""distance"":5,""physical_error_rate"":0.0005}","{""detection_events"":1151578,""detectors_checked"":553484288,""obs_mistake_mask=E"":1}"
   3693568,         0,         0,   119.1,standalone_exact_mw,aea10f45e3589e84a00777b800d38e8a3149bd6cb552c409f3bffd718c1a0abf,"{""distance"":5,""physical_error_rate"":5e-05}","{""detection_events"":172184,""detectors_checked"":827359232}"
   2166784,         0,         0,    62.7,standalone_exact_mw,cc9149276d16e61a5ac322a1d2048afebd34054fe0ed4879b77eb616628c1148,"{""distance"":5,""physical_error_rate"":0.0001}","{""detection_events"":202431,""detectors_checked"":485359616}"
   2111488,         9,         0,   119.6,standalone_exact_mw,77d802c74222c3324b7f1323f7447c6411ad27be92307b6127e53af575faadca,"{""distance"":5,""physical_error_rate"":0.001}","{""detection_events"":1959925,""detectors_checked"":472973312,""obs_mistake_mask=E"":9}"
   4327424,         0,         0,   119.3,standalone_exact_mw,aea10f45e3589e84a00777b800d38e8a3149bd6cb552c409f3bffd718c1a0abf,"{""distance"":5,""physical_error_rate"":5e-05}","{""detection_events"":201389,""detectors_checked"":969342976}"
   1104896,         8,         0,    62.7,standalone_exact_mw,77d802c74222c3324b7f1323f7447c6411ad27be92307b6127e53af575faadca,"{""distance"":5,""physical_error_rate"":0.001}","{""detection_events"":1022083,""detectors_checked"":247496704,""obs_mistake_mask=E"":8}"
   1783808,         0,         0,    62.5,standalone_exact_mw,aea10f45e3589e84a00777b800d38e8a3149bd6cb552c409f3bffd718c1a0abf,"{""distance"":5,""physical_error_rate"":5e-05}","{""detection_events"":82803,""detectors_checked"":399572992}"
   1568768,         3,         0,    62.7,standalone_exact_mw,503ee55b5ad1b1988379a241a0405811522ee4d50b473755532ad1299cb121e2,"{""distance"":5,""physical_error_rate"":0.0005}","{""detection_events"":731929,""detectors_checked"":351404032,""obs_mistake_mask=E"":3}"
   2472960,         3,         0,   119.5,standalone_exact_mw,503ee55b5ad1b1988379a241a0405811522ee4d50b473755532ad1299cb121e2,"{""distance"":5,""physical_error_rate"":0.0005}","{""detection_events"":1149862,""detectors_checked"":553943040,""obs_mistake_mask=E"":3}"
   1659904,         0,         0,    62.6,standalone_exact_mw,cc9149276d16e61a5ac322a1d2048afebd34054fe0ed4879b77eb616628c1148,"{""distance"":5,""physical_error_rate"":0.0001}","{""detection_events"":154292,""detectors_checked"":371818496}"
   2333696,         0,         0,    62.7,standalone_exact_mw,aea10f45e3589e84a00777b800d38e8a3149bd6cb552c409f3bffd718c1a0abf,"{""distance"":5,""physical_error_rate"":5e-05}","{""detection_events"":109432,""detectors_checked"":522747904}"
   1585152,         0,         0,    62.6,standalone_exact_mw,29ae76c7f86edcd2f56343e8109d8463cbc736644db4e57527101e2f1c3606c8,"{""distance"":5,""physical_error_rate"":0.0002}","{""detection_events"":294217,""detectors_checked"":355074048}"
   2192384,         0,         0,    62.5,standalone_exact_mw,aea10f45e3589e84a00777b800d38e8a3149bd6cb552c409f3bffd718c1a0abf,"{""distance"":5,""physical_error_rate"":5e-05}","{""detection_events"":101683,""detectors_checked"":491094016}"
   1856512,         0,         0,    62.7,standalone_exact_mw,29ae76c7f86edcd2f56343e8109d8463cbc736644db4e57527101e2f1c3606c8,"{""distance"":5,""physical_error_rate"":0.0002}","{""detection_events"":347018,""detectors_checked"":415858688}"
   2934784,         1,         0,   119.0,standalone_exact_mw,29ae76c7f86edcd2f56343e8109d8463cbc736644db4e57527101e2f1c3606c8,"{""distance"":5,""physical_error_rate"":0.0002}","{""detection_events"":547028,""detectors_checked"":657391616,""obs_mistake_mask=E"":1}"
   3416064,         0,         0,   119.2,standalone_exact_mw,29ae76c7f86edcd2f56343e8109d8463cbc736644db4e57527101e2f1c3606c8,"{""distance"":5,""physical_error_rate"":0.0002}","{""detection_events"":636571,""detectors_checked"":765198336}"
   4017152,         0,         0,   119.3,standalone_exact_mw,cc9149276d16e61a5ac322a1d2048afebd34054fe0ed4879b77eb616628c1148,"{""distance"":5,""physical_error_rate"":0.0001}","{""detection_events"":375913,""detectors_checked"":899842048}"
   2012160,         9,         0,   119.6,standalone_exact_mw,77d802c74222c3324b7f1323f7447c6411ad27be92307b6127e53af575faadca,"{""distance"":5,""physical_error_rate"":0.001}","{""detection_events"":1867590,""detectors_checked"":450723840,""obs_mistake_mask=E"":9}"
   2907136,         0,         0,   119.5,standalone_exact_mw,503ee55b5ad1b1988379a241a0405811522ee4d50b473755532ad1299cb121e2,"{""distance"":5,""physical_error_rate"":0.0005}","{""detection_events"":1356583,""detectors_checked"":651198464}"
   4331520,         0,         0,   119.4,standalone_exact_mw,aea10f45e3589e84a00777b800d38e8a3149bd6cb552c409f3bffd718c1a0abf,"{""distance"":5,""physical_error_rate"":5e-05}","{""detection_events"":202987,""detectors_checked"":970260480}"
   2450432,         1,         0,   119.4,standalone_exact_mw,503ee55b5ad1b1988379a241a0405811522ee4d50b473755532ad1299cb121e2,"{""distance"":5,""physical_error_rate"":0.0005}","{""detection_events"":1140630,""detectors_checked"":548896768,""obs_mistake_mask=E"":1}"
   3109888,         1,         0,   119.2,standalone_exact_mw,29ae76c7f86edcd2f56343e8109d8463cbc736644db4e57527101e2f1c3606c8,"{""distance"":5,""physical_error_rate"":0.0002}","{""detection_events"":579569,""detectors_checked"":696614912,""obs_mistake_mask=E"":1}"
   3998720,         0,         0,   119.2,standalone_exact_mw,aea10f45e3589e84a00777b800d38e8a3149bd6cb552c409f3bffd718c1a0abf,"{""distance"":5,""physical_error_rate"":5e-05}","{""detection_events"":187711,""detectors_checked"":895713280}"
   3523584,         0,         0,   119.2,standalone_exact_mw,29ae76c7f86edcd2f56343e8109d8463cbc736644db4e57527101e2f1c3606c8,"{""distance"":5,""physical_error_rate"":0.0002}","{""detection_events"":656442,""detectors_checked"":789282816}"
   1964032,         8,         0,   119.5,standalone_exact_mw,77d802c74222c3324b7f1323f7447c6411ad27be92307b6127e53af575faadca,"{""distance"":5,""physical_error_rate"":0.001}","{""detection_events"":1825113,""detectors_checked"":439943168,""obs_mistake_mask=E"":8}"
   3852288,         0,         0,   119.3,standalone_exact_mw,cc9149276d16e61a5ac322a1d2048afebd34054fe0ed4879b77eb616628c1148,"{""distance"":5,""physical_error_rate"":0.0001}","{""detection_events"":361726,""detectors_checked"":862912512}"
   2609152,         0,         0,   119.5,standalone_exact_mw,503ee55b5ad1b1988379a241a0405811522ee4d50b473755532ad1299cb121e2,"{""distance"":5,""physical_error_rate"":0.0005}","{""detection_events"":1213162,""detectors_checked"":584450048}"
   1778688,         4,         0,   119.8,standalone_exact_mw,77d802c74222c3324b7f1323f7447c6411ad27be92307b6127e53af575faadca,"{""distance"":5,""physical_error_rate"":0.001}","{""detection_events"":1649842,""detectors_checked"":398426112,""obs_mistake_mask=E"":4}"
   4320256,         0,         0,   119.1,standalone_exact_mw,aea10f45e3589e84a00777b800d38e8a3149bd6cb552c409f3bffd718c1a0abf,"{""distance"":5,""physical_error_rate"":5e-05}","{""detection_events"":202464,""detectors_checked"":967737344}"
   3984384,         0,         0,   119.1,standalone_exact_mw,cc9149276d16e61a5ac322a1d2048afebd34054fe0ed4879b77eb616628c1148,"{""distance"":5,""physical_error_rate"":0.0001}","{""detection_events"":373113,""detectors_checked"":892502016}"
   2527232,         1,         0,   119.4,standalone_exact_mw,503ee55b5ad1b1988379a241a0405811522ee4d50b473755532ad1299cb121e2,"{""distance"":5,""physical_error_rate"":0.0005}","{""detection_events"":1177642,""detectors_checked"":566099968,""obs_mistake_mask=E"":1}"
   1860608,         2,         0,   119.6,standalone_exact_mw,77d802c74222c3324b7f1323f7447c6411ad27be92307b6127e53af575faadca,"{""distance"":5,""physical_error_rate"":0.001}","{""detection_events"":1725981,""detectors_checked"":416776192,""obs_mistake_mask=E"":2}"
   2197504,         5,         0,   119.6,standalone_exact_mw,77d802c74222c3324b7f1323f7447c6411ad27be92307b6127e53af575faadca,"{""distance"":5,""physical_error_rate"":0.001}","{""detection_events"":2034209,""detectors_checked"":492240896,""obs_mistake_mask=E"":5}"
   2990080,         0,         0,   119.4,standalone_exact_mw,503ee55b5ad1b1988379a241a0405811522ee4d50b473755532ad1299cb121e2,"{""distance"":5,""physical_error_rate"":0.0005}","{""detection_events"":1392371,""detectors_checked"":669777920}"
   2922496,         0,         0,   119.4,standalone_exact_mw,29ae76c7f86edcd2f56343e8109d8463cbc736644db4e57527101e2f1c3606c8,"{""distance"":5,""physical_error_rate"":0.0002}","{""detection_events"":541969,""detectors_checked"":654639104}"
   4233216,         0,         0,   119.2,standalone_exact_mw,aea10f45e3589e84a00777b800d38e8a3149bd6cb552c409f3bffd718c1a0abf,"{""distance"":5,""physical_error_rate"":5e-05}","{""detection_events"":198019,""detectors_checked"":948240384}"
   4006912,         0,         0,   119.4,standalone_exact_mw,cc9149276d16e61a5ac322a1d2048afebd34054fe0ed4879b77eb616628c1148,"{""distance"":5,""physical_error_rate"":0.0001}","{""detection_events"":374406,""detectors_checked"":897548288}"
   1595392,         4,         0,    87.9,standalone_exact_mw,77d802c74222c3324b7f1323f7447c6411ad27be92307b6127e53af575faadca,"{""distance"":5,""physical_error_rate"":0.001}","{""detection_events"":1484745,""detectors_checked"":357367808,""obs_mistake_mask=E"":4}"
   2198528,         1,         0,    87.9,standalone_exact_mw,503ee55b5ad1b1988379a241a0405811522ee4d50b473755532ad1299cb121e2,"{""distance"":5,""physical_error_rate"":0.0005}","{""detection_events"":1019131,""detectors_checked"":492470272,""obs_mistake_mask=E"":1}"
   2439168,         0,         0,    87.7,standalone_exact_mw,cc9149276d16e61a5ac322a1d2048afebd34054fe0ed4879b77eb616628c1148,"{""distance"":5,""physical_error_rate"":0.0001}","{""detection_events"":227471,""detectors_checked"":546373632}"
   1515520,         6,         0,    87.8,standalone_exact_mw,77d802c74222c3324b7f1323f7447c6411ad27be92307b6127e53af575faadca,"{""distance"":5,""physical_error_rate"":0.001}","{""detection_events"":1402258,""detectors_checked"":339476480,""obs_mistake_mask=E"":6}"
   2492416,         0,         0,    87.6,standalone_exact_mw,aea10f45e3589e84a00777b800d38e8a3149bd6cb552c409f3bffd718c1a0abf,"{""distance"":5,""physical_error_rate"":5e-05}","{""detection_events"":116035,""detectors_checked"":558301184}"
   2207744,         0,         0,    87.8,standalone_exact_mw,503ee55b5ad1b1988379a241a0405811522ee4d50b473755532ad1299cb121e2,"{""distance"":5,""physical_error_rate"":0.0005}","{""detection_events"":1028153,""detectors_checked"":494534656}"
   2899968,         0,         0,    87.7,standalone_exact_mw,cc9149276d16e61a5ac322a1d2048afebd34054fe0ed4879b77eb616628c1148,"{""distance"":5,""physical_error_rate"":0.0001}","{""detection_events"":269591,""detectors_checked"":649592832}"
   2789376,         0,         0,    87.7,standalone_exact_mw,aea10f45e3589e84a00777b800d38e8a3149bd6cb552c409f3bffd718c1a0abf,"{""distance"":5,""physical_error_rate"":5e-05}","{""detection_events"":129873,""detectors_checked"":624820224}"
   2000896,         9,         0,   119.5,standalone_exact_mw,77d802c74222c3324b7f1323f7447c6411ad27be92307b6127e53af575faadca,"{""distance"":5,""physical_error_rate"":0.001}","{""detection_events"":1855534,""detectors_checked"":448200704,""obs_mistake_mask=E"":9}"
   4562944,         0,         0,   119.5,standalone_exact_mw,aea10f45e3589e84a00777b800d38e8a3149bd6cb552c409f3bffd718c1a0abf,"{""distance"":5,""physical_error_rate"":5e-05}","{""detection_events"":211360,""detectors_checked"":1022099456}"
   2530304,         0,         0,    87.7,standalone_exact_mw,29ae76c7f86edcd2f56343e8109d8463cbc736644db4e57527101e2f1c3606c8,"{""distance"":5,""physical_error_rate"":0.0002}","{""detection_events"":471939,""detectors_checked"":566788096}"
   3863552,         0,         0,   119.3,standalone_exact_mw,29ae76c7f86edcd2f56343e8109d8463cbc736644db4e57527101e2f1c3606c8,"{""distance"":5,""physical_error_rate"":0.0002}","{""detection_events"":716168,""detectors_checked"":865435648}"
   3453952,         0,         0,   119.1,standalone_exact_mw,cc9149276d16e61a5ac322a1d2048afebd34054fe0ed4879b77eb616628c1148,"{""distance"":5,""physical_error_rate"":0.0001}","{""detection_events"":322304,""detectors_checked"":773685248}"
   2646016,         0,         0,    87.7,standalone_exact_mw,aea10f45e3589e84a00777b800d38e8a3149bd6cb552c409f3bffd718c1a0abf,"{""distance"":5,""physical_error_rate"":5e-05}","{""detection_events"":122711,""detectors_checked"":592707584}"
   2504704,         0,         0,    87.6,standalone_exact_mw,29ae76c7f86edcd2f56343e8109d8463cbc736644db4e57527101e2f1c3606c8,"{""distance"":5,""physical_error_rate"":0.0002}","{""detection_events"":466020,""detectors_checked"":561053696}"
   2863104,         3,         0,   119.5,standalone_exact_mw,503ee55b5ad1b1988379a241a0405811522ee4d50b473755532ad1299cb121e2,"{""distance"":5,""physical_error_rate"":0.0005}","{""detection_events"":1332842,""detectors_checked"":641335296,""obs_mistake_mask=E"":3}"
   4123648,         0,         0,   119.4,standalone_exact_mw,29ae76c7f86edcd2f56343e8109d8463cbc736644db4e57527101e2f1c3606c8,"{""distance"":5,""physical_error_rate"":0.0002}","{""detection_events"":768082,""detectors_checked"":923697152}"
   2298880,         8,         0,   119.7,standalone_exact_mw,77d802c74222c3324b7f1323f7447c6411ad27be92307b6127e53af575faadca,"{""distance"":5,""physical_error_rate"":0.001}","{""detection_events"":2131821,""detectors_checked"":514949120,""obs_mistake_mask=E"":8}"
   3034112,         2,         0,   119.4,standalone_exact_mw,503ee55b5ad1b1988379a241a0405811522ee4d50b473755532ad1299cb121e2,"{""distance"":5,""physical_error_rate"":0.0005}","{""detection_events"":1409920,""detectors_checked"":679641088,""obs_mistake_mask=E"":2}"
   4281344,         0,         0,   119.3,standalone_exact_mw,cc9149276d16e61a5ac322a1d2048afebd34054fe0ed4879b77eb616628c1148,"{""distance"":5,""physical_error_rate"":0.0001}","{""detection_events"":401860,""detectors_checked"":959021056}"
   4002816,         0,         0,   119.4,standalone_exact_mw,29ae76c7f86edcd2f56343e8109d8463cbc736644db4e57527101e2f1c3606c8,"{""distance"":5,""physical_error_rate"":0.0002}","{""detection_events"":744758,""detectors_checked"":896630784}"
   4279296,         0,         0,   119.2,standalone_exact_mw,aea10f45e3589e84a00777b800d38e8a3149bd6cb552c409f3bffd718c1a0abf,"{""distance"":5,""physical_error_rate"":5e-05}","{""detection_events"":199753,""detectors_checked"":958562304}"
   2932736,         1,         0,   119.5,standalone_exact_mw,503ee55b5ad1b1988379a241a0405811522ee4d50b473755532ad1299cb121e2,"{""distance"":5,""physical_error_rate"":0.0005}","{""detection_events"":1364657,""detectors_checked"":656932864,""obs_mistake_mask=E"":1}"
   3611648,         0,         0,   119.4,standalone_exact_mw,29ae76c7f86edcd2f56343e8109d8463cbc736644db4e57527101e2f1c3606c8,"{""distance"":5,""physical_error_rate"":0.0002}","{""detection_events"":673394,""detectors_checked"":809009152}"
   3793920,         0,         0,   119.3,standalone_exact_mw,aea10f45e3589e84a00777b800d38e8a3149bd6cb552c409f3bffd718c1a0abf,"{""distance"":5,""physical_error_rate"":5e-05}","{""detection_events"":177456,""detectors_checked"":849838080}"
   3538944,         0,         0,   119.3,standalone_exact_mw,cc9149276d16e61a5ac322a1d2048afebd34054fe0ed4879b77eb616628c1148,"{""distance"":5,""physical_error_rate"":0.0001}","{""detection_events"":330898,""detectors_checked"":792723456}"
   3457024,         0,         0,   119.3,standalone_exact_mw,29ae76c7f86edcd2f56343e8109d8463cbc736644db4e57527101e2f1c3606c8,"{""distance"":5,""physical_error_rate"":0.0002}","{""detection_events"":644990,""detectors_checked"":774373376}"
   3650560,         0,         0,   119.5,standalone_exact_mw,cc9149276d16e61a5ac322a1d2048afebd34054fe0ed4879b77eb616628c1148,"{""distance"":5,""physical_error_rate"":0.0001}","{""detection_events"":340586,""detectors_checked"":817725440}"
   4030464,         0,         0,   119.3,standalone_exact_mw,aea10f45e3589e84a00777b800d38e8a3149bd6cb552c409f3bffd718c1a0abf,"{""distance"":5,""physical_error_rate"":5e-05}","{""detection_events"":188921,""detectors_checked"":902823936}"
   4253696,         0,         0,   119.4,standalone_exact_mw,cc9149276d16e61a5ac322a1d2048afebd34054fe0ed4879b77eb616628c1148,"{""distance"":5,""physical_error_rate"":0.0001}","{""detection_events"":395423,""detectors_checked"":952827904}"
   1773568,         4,         0,   119.6,standalone_exact_mw,77d802c74222c3324b7f1323f7447c6411ad27be92307b6127e53af575faadca,"{""distance"":5,""physical_error_rate"":0.001}","{""detection_events"":1644220,""detectors_checked"":397279232,""obs_mistake_mask=E"":4}"
   1908736,         3,         0,   119.8,standalone_exact_mw,77d802c74222c3324b7f1323f7447c6411ad27be92307b6127e53af575faadca,"{""distance"":5,""physical_error_rate"":0.001}","{""detection_events"":1766783,""detectors_checked"":427556864,""obs_mistake_mask=E"":3}"
   2089984,        11,         0,   119.5,standalone_exact_mw,77d802c74222c3324b7f1323f7447c6411ad27be92307b6127e53af575faadca,"{""distance"":5,""physical_error_rate"":0.001}","{""detection_events"":1936418,""detectors_checked"":468156416,""obs_mistake_mask=E"":11}"
   3483648,         0,         0,   119.5,standalone_exact_mw,cc9149276d16e61a5ac322a1d2048afebd34054fe0ed4879b77eb616628c1148,"{""distance"":5,""physical_error_rate"":0.0001}","{""detection_events"":326611,""detectors_checked"":780337152}"
   2373632,         0,         0,   119.5,standalone_exact_mw,503ee55b5ad1b1988379a241a0405811522ee4d50b473755532ad1299cb121e2,"{""distance"":5,""physical_error_rate"":0.0005}","{""detection_events"":1106168,""detectors_checked"":531693568}"
   3221504,         0,         0,   119.6,standalone_exact_mw,29ae76c7f86edcd2f56343e8109d8463cbc736644db4e57527101e2f1c3606c8,"{""distance"":5,""physical_error_rate"":0.0002}","{""detection_events"":602844,""detectors_checked"":721616896}"
   2358272,         1,         0,   119.4,standalone_exact_mw,503ee55b5ad1b1988379a241a0405811522ee4d50b473755532ad1299cb121e2,"{""distance"":5,""physical_error_rate"":0.0005}","{""detection_events"":1095627,""detectors_checked"":528252928,""obs_mistake_mask=E"":1}"
   3806208,         0,         0,   119.2,standalone_exact_mw,aea10f45e3589e84a00777b800d38e8a3149bd6cb552c409f3bffd718c1a0abf,"{""distance"":5,""physical_error_rate"":5e-05}","{""detection_events"":177574,""detectors_checked"":852590592}"
   3806208,         0,         0,   119.0,standalone_exact_mw,aea10f45e3589e84a00777b800d38e8a3149bd6cb552c409f3bffd718c1a0abf,"{""distance"":5,""physical_error_rate"":5e-05}","{""detection_events"":177195,""detectors_checked"":852590592}"
   2132992,         7,         0,   119.6,standalone_exact_mw,77d802c74222c3324b7f1323f7447c6411ad27be92307b6127e53af575faadca,"{""distance"":5,""physical_error_rate"":0.001}","{""detection_events"":1978684,""detectors_checked"":477790208,""obs_mistake_mask=E"":7}"
   2472960,         0,         0,   119.4,standalone_exact_mw,503ee55b5ad1b1988379a241a0405811522ee4d50b473755532ad1299cb121e2,"{""distance"":5,""physical_error_rate"":0.0005}","{""detection_events"":1148712,""detectors_checked"":553943040}"
   3488768,         0,         0,   119.4,standalone_exact_mw,29ae76c7f86edcd2f56343e8109d8463cbc736644db4e57527101e2f1c3606c8,"{""distance"":5,""physical_error_rate"":0.0002}","{""detection_events"":649629,""detectors_checked"":781484032}"
   3608576,         1,         0,   119.2,standalone_exact_mw,29ae76c7f86edcd2f56343e8109d8463cbc736644db4e57527101e2f1c3606c8,"{""distance"":5,""physical_error_rate"":0.0002}","{""detection_events"":673860,""detectors_checked"":808321024,""obs_mistake_mask=E"":1}"
   4251648,         0,         0,   119.1,standalone_exact_mw,cc9149276d16e61a5ac322a1d2048afebd34054fe0ed4879b77eb616628c1148,"{""distance"":5,""physical_error_rate"":0.0001}","{""detection_events"":394556,""detectors_checked"":952369152}"
   2311168,         6,         0,   119.6,standalone_exact_mw,77d802c74222c3324b7f1323f7447c6411ad27be92307b6127e53af575faadca,"{""distance"":5,""physical_error_rate"":0.001}","{""detection_events"":2142041,""detectors_checked"":517701632,""obs_mistake_mask=E"":6}"
   2579456,         0,         0,   119.5,standalone_exact_mw,503ee55b5ad1b1988379a241a0405811522ee4d50b473755532ad1299cb121e2,"{""distance"":5,""physical_error_rate"":0.0005}","{""detection_events"":1200962,""detectors_checked"":577798144}"
   4120576,         0,         0,   119.1,standalone_exact_mw,aea10f45e3589e84a00777b800d38e8a3149bd6cb552c409f3bffd718c1a0abf,"{""distance"":5,""physical_error_rate"":5e-05}","{""detection_events"":192215,""detectors_checked"":923009024}"
   2487296,         1,         0,   119.6,standalone_exact_mw,503ee55b5ad1b1988379a241a0405811522ee4d50b473755532ad1299cb121e2,"{""distance"":5,""physical_error_rate"":0.0005}","{""detection_events"":1156250,""detectors_checked"":557154304,""obs_mistake_mask=E"":1}"
   3718144,         0,         0,   119.2,standalone_exact_mw,29ae76c7f86edcd2f56343e8109d8463cbc736644db4e57527101e2f1c3606c8,"{""distance"":5,""physical_error_rate"":0.0002}","{""detection_events"":690687,""detectors_checked"":832864256}"
   4070400,         0,         0,   119.4,standalone_exact_mw,aea10f45e3589e84a00777b800d38e8a3149bd6cb552c409f3bffd718c1a0abf,"{""distance"":5,""physical_error_rate"":5e-05}","{""detection_events"":189412,""detectors_checked"":911769600}"
   3450880,         0,         0,   119.3,standalone_exact_mw,29ae76c7f86edcd2f56343e8109d8463cbc736644db4e57527101e2f1c3606c8,"{""distance"":5,""physical_error_rate"":0.0002}","{""detection_events"":645591,""detectors_checked"":772997120}"
   1954816,         4,         0,   119.6,standalone_exact_mw,77d802c74222c3324b7f1323f7447c6411ad27be92307b6127e53af575faadca,"{""distance"":5,""physical_error_rate"":0.001}","{""detection_events"":1810856,""detectors_checked"":437878784,""obs_mistake_mask=E"":4}"
   4118528,         0,         0,   119.3,standalone_exact_mw,cc9149276d16e61a5ac322a1d2048afebd34054fe0ed4879b77eb616628c1148,"{""distance"":5,""physical_error_rate"":0.0001}","{""detection_events"":382386,""detectors_checked"":922550272}"
   2884608,         1,         0,   119.6,standalone_exact_mw,503ee55b5ad1b1988379a241a0405811522ee4d50b473755532ad1299cb121e2,"{""distance"":5,""physical_error_rate"":0.0005}","{""detection_events"":1340230,""detectors_checked"":646152192,""obs_mistake_mask=E"":1}"
   1922048,         6,         0,   119.4,standalone_exact_mw,77d802c74222c3324b7f1323f7447c6411ad27be92307b6127e53af575faadca,"{""distance"":5,""physical_error_rate"":0.001}","{""detection_events"":1784434,""detectors_checked"":430538752,""obs_mistake_mask=E"":6}"
   3852288,         0,         0,   119.1,standalone_exact_mw,aea10f45e3589e84a00777b800d38e8a3149bd6cb552c409f3bffd718c1a0abf,"{""distance"":5,""physical_error_rate"":5e-05}","{""detection_events"":180516,""detectors_checked"":862912512}"
   4429824,         0,         0,   119.4,standalone_exact_mw,cc9149276d16e61a5ac322a1d2048afebd34054fe0ed4879b77eb616628c1148,"{""distance"":5,""physical_error_rate"":0.0001}","{""detection_events"":412816,""detectors_checked"":992280576}"
   2670592,         0,         0,   119.4,standalone_exact_mw,503ee55b5ad1b1988379a241a0405811522ee4d50b473755532ad1299cb121e2,"{""distance"":5,""physical_error_rate"":0.0005}","{""detection_events"":1244719,""detectors_checked"":598212608}"
   1734656,         5,         0,   119.6,standalone_exact_mw,77d802c74222c3324b7f1323f7447c6411ad27be92307b6127e53af575faadca,"{""distance"":5,""physical_error_rate"":0.001}","{""detection_events"":1607940,""detectors_checked"":388562944,""obs_mistake_mask=E"":5}"
   2081792,        12,         0,   119.6,standalone_exact_mw,77d802c74222c3324b7f1323f7447c6411ad27be92307b6127e53af575faadca,"{""distance"":5,""physical_error_rate"":0.001}","{""detection_events"":1928545,""detectors_checked"":466321408,""obs_mistake_mask=E"":12}"
   2754560,         0,         0,   119.5,standalone_exact_mw,503ee55b5ad1b1988379a241a0405811522ee4d50b473755532ad1299cb121e2,"{""distance"":5,""physical_error_rate"":0.0005}","{""detection_events"":1280382,""detectors_checked"":617021440}"
   2660352,         0,         0,   119.2,standalone_exact_mw,29ae76c7f86edcd2f56343e8109d8463cbc736644db4e57527101e2f1c3606c8,"{""distance"":5,""physical_error_rate"":0.0002}","{""detection_events"":495381,""detectors_checked"":595918848}"
   4270080,         0,         0,   119.3,standalone_exact_mw,aea10f45e3589e84a00777b800d38e8a3149bd6cb552c409f3bffd718c1a0abf,"{""distance"":5,""physical_error_rate"":5e-05}","{""detection_events"":198877,""detectors_checked"":956497920}"
   4410368,         0,         0,   119.5,standalone_exact_mw,cc9149276d16e61a5ac322a1d2048afebd34054fe0ed4879b77eb616628c1148,"{""distance"":5,""physical_error_rate"":0.0001}","{""detection_events"":413295,""detectors_checked"":987922432}"
   2252800,         9,         0,   119.6,standalone_exact_mw,77d802c74222c3324b7f1323f7447c6411ad27be92307b6127e53af575faadca,"{""distance"":5,""physical_error_rate"":0.001}","{""detection_events"":2090291,""detectors_checked"":504627200,""obs_mistake_mask=E"":9}"
   3081216,         1,         0,   119.5,standalone_exact_mw,503ee55b5ad1b1988379a241a0405811522ee4d50b473755532ad1299cb121e2,"{""distance"":5,""physical_error_rate"":0.0005}","{""detection_events"":1433946,""detectors_checked"":690192384,""obs_mistake_mask=E"":1}"
   3546112,         0,         0,   119.4,standalone_exact_mw,cc9149276d16e61a5ac322a1d2048afebd34054fe0ed4879b77eb616628c1148,"{""distance"":5,""physical_error_rate"":0.0001}","{""detection_events"":330063,""detectors_checked"":794329088}"
   2212864,        10,         0,   119.5,standalone_exact_mw,77d802c74222c3324b7f1323f7447c6411ad27be92307b6127e53af575faadca,"{""distance"":5,""physical_error_rate"":0.001}","{""detection_events"":2052319,""detectors_checked"":495681536,""obs_mistake_mask=E"":10}"
   4626432,         0,         0,   119.4,standalone_exact_mw,aea10f45e3589e84a00777b800d38e8a3149bd6cb552c409f3bffd718c1a0abf,"{""distance"":5,""physical_error_rate"":5e-05}","{""detection_events"":217945,""detectors_checked"":1036320768}"
   3072000,         0,         0,   119.5,standalone_exact_mw,503ee55b5ad1b1988379a241a0405811522ee4d50b473755532ad1299cb121e2,"{""distance"":5,""physical_error_rate"":0.0005}","{""detection_events"":1430020,""detectors_checked"":688128000}"
   3883008,         0,         0,   119.5,standalone_exact_mw,cc9149276d16e61a5ac322a1d2048afebd34054fe0ed4879b77eb616628c1148,"{""distance"":5,""physical_error_rate"":0.0001}","{""detection_events"":364383,""detectors_checked"":869793792}"
   4404224,         0,         0,   119.3,standalone_exact_mw,aea10f45e3589e84a00777b800d38e8a3149bd6cb552c409f3bffd718c1a0abf,"{""distance"":5,""physical_error_rate"":5e-05}","{""detection_events"":205333,""detectors_checked"":986546176}"
   2105344,         6,         0,   119.6,standalone_exact_mw,77d802c74222c3324b7f1323f7447c6411ad27be92307b6127e53af575faadca,"{""distance"":5,""physical_error_rate"":0.001}","{""detection_events"":1954079,""detectors_checked"":471597056,""obs_mistake_mask=E"":6}"
   3855360,         0,         0,   119.4,standalone_exact_mw,aea10f45e3589e84a00777b800d38e8a3149bd6cb552c409f3bffd718c1a0abf,"{""distance"":5,""physical_error_rate"":5e-05}","{""detection_events"":179489,""detectors_checked"":863600640}"
   3277824,         1,         0,   119.4,standalone_exact_mw,29ae76c7f86edcd2f56343e8109d8463cbc736644db4e57527101e2f1c3606c8,"{""distance"":5,""physical_error_rate"":0.0002}","{""detection_events"":610004,""detectors_checked"":734232576,""obs_mistake_mask=E"":1}"
   3185664,         2,         0,   119.4,standalone_exact_mw,29ae76c7f86edcd2f56343e8109d8463cbc736644db4e57527101e2f1c3606c8,"{""distance"":5,""physical_error_rate"":0.0002}","{""detection_events"":594784,""detectors_checked"":713588736,""obs_mistake_mask=E"":2}"
   3778560,         0,         0,   119.5,standalone_exact_mw,cc9149276d16e61a5ac322a1d2048afebd34054fe0ed4879b77eb616628c1148,"{""distance"":5,""physical_error_rate"":0.0001}","{""detection_events"":350884,""detectors_checked"":846397440}"
   4087808,         0,         0,   119.2,standalone_exact_mw,aea10f45e3589e84a00777b800d38e8a3149bd6cb552c409f3bffd718c1a0abf,"{""distance"":5,""physical_error_rate"":5e-05}","{""detection_events"":190504,""detectors_checked"":915668992}"
   3870720,         0,         0,   119.3,standalone_exact_mw,29ae76c7f86edcd2f56343e8109d8463cbc736644db4e57527101e2f1c3606c8,"{""distance"":5,""physical_error_rate"":0.0002}","{""detection_events"":723571,""detectors_checked"":867041280}"
   2725888,         1,         0,   119.5,standalone_exact_mw,503ee55b5ad1b1988379a241a0405811522ee4d50b473755532ad1299cb121e2,"{""distance"":5,""physical_error_rate"":0.0005}","{""detection_events"":1266969,""detectors_checked"":610598912,""obs_mistake_mask=E"":1}"
   4014080,         0,         0,   119.3,standalone_exact_mw,29ae76c7f86edcd2f56343e8109d8463cbc736644db4e57527101e2f1c3606c8,"{""distance"":5,""physical_error_rate"":0.0002}","{""detection_events"":749849,""detectors_checked"":899153920}"
   1805312,        11,         0,   119.7,standalone_exact_mw,77d802c74222c3324b7f1323f7447c6411ad27be92307b6127e53af575faadca,"{""distance"":5,""physical_error_rate"":0.001}","{""detection_events"":1677178,""detectors_checked"":404389888,""obs_mistake_mask=E"":11}"
   2882560,         2,         0,   119.4,standalone_exact_mw,503ee55b5ad1b1988379a241a0405811522ee4d50b473755532ad1299cb121e2,"{""distance"":5,""physical_error_rate"":0.0005}","{""detection_events"":1340059,""detectors_checked"":645693440,""obs_mistake_mask=E"":2}"
   4052992,         0,         0,   119.4,standalone_exact_mw,cc9149276d16e61a5ac322a1d2048afebd34054fe0ed4879b77eb616628c1148,"{""distance"":5,""physical_error_rate"":0.0001}","{""detection_events"":376785,""detectors_checked"":907870208}"
   4084736,         0,         0,   119.4,standalone_exact_mw,29ae76c7f86edcd2f56343e8109d8463cbc736644db4e57527101e2f1c3606c8,"{""distance"":5,""physical_error_rate"":0.0002}","{""detection_events"":760554,""detectors_checked"":914980864}"
   4306944,         0,         0,   119.3,standalone_exact_mw,aea10f45e3589e84a00777b800d38e8a3149bd6cb552c409f3bffd718c1a0abf,"{""distance"":5,""physical_error_rate"":5e-05}","{""detection_events"":199177,""detectors_checked"":964755456}"
   2962432,         1,         0,   119.5,standalone_exact_mw,503ee55b5ad1b1988379a241a0405811522ee4d50b473755532ad1299cb121e2,"{""distance"":5,""physical_error_rate"":0.0005}","{""detection_events"":1376892,""detectors_checked"":663584768,""obs_mistake_mask=E"":1}"
   3472384,         0,         0,   119.4,standalone_exact_mw,29ae76c7f86edcd2f56343e8109d8463cbc736644db4e57527101e2f1c3606c8,"{""distance"":5,""physical_error_rate"":0.0002}","{""detection_events"":649918,""detectors_checked"":777814016}"
   3919872,         0,         0,   119.2,standalone_exact_mw,aea10f45e3589e84a00777b800d38e8a3149bd6cb552c409f3bffd718c1a0abf,"{""distance"":5,""physical_error_rate"":5e-05}","{""detection_events"":183747,""detectors_checked"":878051328}"
   3667968,         0,         0,   119.4,standalone_exact_mw,cc9149276d16e61a5ac322a1d2048afebd34054fe0ed4879b77eb616628c1148,"{""distance"":5,""physical_error_rate"":0.0001}","{""detection_events"":341849,""detectors_checked"":821624832}"
   3093504,         1,         0,   119.3,standalone_exact_mw,29ae76c7f86edcd2f56343e8109d8463cbc736644db4e57527101e2f1c3606c8,"{""distance"":5,""physical_error_rate"":0.0002}","{""detection_events"":579004,""detectors_checked"":692944896,""obs_mistake_mask=E"":1}"
   3968000,         0,         0,   119.4,standalone_exact_mw,cc9149276d16e61a5ac322a1d2048afebd34054fe0ed4879b77eb616628c1148,"{""distance"":5,""physical_error_rate"":0.0001}","{""detection_events"":368266,""detectors_checked"":888832000}"
   3806208,         0,         0,   119.3,standalone_exact_mw,aea10f45e3589e84a00777b800d38e8a3149bd6cb552c409f3bffd718c1a0abf,"{""distance"":5,""physical_error_rate"":5e-05}","{""detection_events"":177929,""detectors_checked"":852590592}"
   3846144,         0,         0,   119.2,standalone_exact_mw,cc9149276d16e61a5ac322a1d2048afebd34054fe0ed4879b77eb616628c1148,"{""distance"":5,""physical_error_rate"":0.0001}","{""detection_events"":358208,""detectors_checked"":861536256}"
   2052096,         6,         0,   119.6,standalone_exact_mw,77d802c74222c3324b7f1323f7447c6411ad27be92307b6127e53af575faadca,"{""distance"":5,""physical_error_rate"":0.001}","{""detection_events"":1903587,""detectors_checked"":459669504,""obs_mistake_mask=E"":6}"
   1913856,         7,         0,   119.5,standalone_exact_mw,77d802c74222c3324b7f1323f7447c6411ad27be92307b6127e53af575faadca,"{""distance"":5,""physical_error_rate"":0.001}","{""detection_events"":1776709,""detectors_checked"":428703744,""obs_mistake_mask=E"":7}"
   2086912,         7,         0,   119.4,standalone_exact_mw,77d802c74222c3324b7f1323f7447c6411ad27be92307b6127e53af575faadca,"{""distance"":5,""physical_error_rate"":0.001}","{""detection_events"":1935309,""detectors_checked"":467468288,""obs_mistake_mask=E"":7}"
   4146176,         0,         0,   119.3,standalone_exact_mw,cc9149276d16e61a5ac322a1d2048afebd34054fe0ed4879b77eb616628c1148,"{""distance"":5,""physical_error_rate"":0.0001}","{""detection_events"":384868,""detectors_checked"":928743424}"
   2570240,         2,         0,   119.5,standalone_exact_mw,503ee55b5ad1b1988379a241a0405811522ee4d50b473755532ad1299cb121e2,"{""distance"":5,""physical_error_rate"":0.0005}","{""detection_events"":1196882,""detectors_checked"":575733760,""obs_mistake_mask=E"":2}"
   3526656,         0,         0,   119.3,standalone_exact_mw,29ae76c7f86edcd2f56343e8109d8463cbc736644db4e57527101e2f1c3606c8,"{""distance"":5,""physical_error_rate"":0.0002}","{""detection_events"":657597,""detectors_checked"":789970944}"
   2972672,         1,         0,   119.4,standalone_exact_mw,503ee55b5ad1b1988379a241a0405811522ee4d50b473755532ad1299cb121e2,"{""distance"":5,""physical_error_rate"":0.0005}","{""detection_events"":1384983,""detectors_checked"":665878528,""obs_mistake_mask=E"":1}"
   3387392,         0,         0,   119.2,standalone_exact_mw,aea10f45e3589e84a00777b800d38e8a3149bd6cb552c409f3bffd718c1a0abf,"{""distance"":5,""physical_error_rate"":5e-05}","{""detection_events"":157705,""detectors_checked"":758775808}"
   3485696,         0,         0,   119.4,standalone_exact_mw,aea10f45e3589e84a00777b800d38e8a3149bd6cb552c409f3bffd718c1a0abf,"{""distance"":5,""physical_error_rate"":5e-05}","{""detection_events"":162506,""detectors_checked"":780795904}"
   1859584,         6,         0,   119.6,standalone_exact_mw,77d802c74222c3324b7f1323f7447c6411ad27be92307b6127e53af575faadca,"{""distance"":5,""physical_error_rate"":0.001}","{""detection_events"":1722335,""detectors_checked"":416546816,""obs_mistake_mask=E"":6}"
   2606080,         0,         0,   119.5,standalone_exact_mw,503ee55b5ad1b1988379a241a0405811522ee4d50b473755532ad1299cb121e2,"{""distance"":5,""physical_error_rate"":0.0005}","{""detection_events"":1208709,""detectors_checked"":583761920}"
   2980864,         0,         0,   119.5,standalone_exact_mw,29ae76c7f86edcd2f56343e8109d8463cbc736644db4e57527101e2f1c3606c8,"{""distance"":5,""physical_error_rate"":0.0002}","{""detection_events"":555789,""detectors_checked"":667713536}"
   3521536,         1,         0,   119.2,standalone_exact_mw,29ae76c7f86edcd2f56343e8109d8463cbc736644db4e57527101e2f1c3606c8,"{""distance"":5,""physical_error_rate"":0.0002}","{""detection_events"":655860,""detectors_checked"":788824064,""obs_mistake_mask=E"":1}"
   4014080,         0,         0,   119.3,standalone_exact_mw,cc9149276d16e61a5ac322a1d2048afebd34054fe0ed4879b77eb616628c1148,"{""distance"":5,""physical_error_rate"":0.0001}","{""detection_events"":375504,""detectors_checked"":899153920}"
   2279424,         8,         0,   119.6,standalone_exact_mw,77d802c74222c3324b7f1323f7447c6411ad27be92307b6127e53af575faadca,"{""distance"":5,""physical_error_rate"":0.001}","{""detection_events"":2112165,""detectors_checked"":510590976,""obs_mistake_mask=E"":8}"
   2097152,         1,         0,   119.4,standalone_exact_mw,503ee55b5ad1b1988379a241a0405811522ee4d50b473755532ad1299cb121e2,"{""distance"":5,""physical_error_rate"":0.0005}","{""detection_events"":974792,""detectors_checked"":469762048,""obs_mistake_mask=E"":1}"
   4321280,         0,         0,   119.4,standalone_exact_mw,aea10f45e3589e84a00777b800d38e8a3149bd6cb552c409f3bffd718c1a0abf,"{""distance"":5,""physical_error_rate"":5e-05}","{""detection_events"":201053,""detectors_checked"":967966720}"
   2302976,         1,         0,   119.4,standalone_exact_mw,503ee55b5ad1b1988379a241a0405811522ee4d50b473755532ad1299cb121e2,"{""distance"":5,""physical_error_rate"":0.0005}","{""detection_events"":1073294,""detectors_checked"":515866624,""obs_mistake_mask=E"":1}"
   3796992,         0,         0,   119.5,standalone_exact_mw,29ae76c7f86edcd2f56343e8109d8463cbc736644db4e57527101e2f1c3606c8,"{""distance"":5,""physical_error_rate"":0.0002}","{""detection_events"":708719,""detectors_checked"":850526208}"
   4596736,         0,         0,   119.2,standalone_exact_mw,aea10f45e3589e84a00777b800d38e8a3149bd6cb552c409f3bffd718c1a0abf,"{""distance"":5,""physical_error_rate"":5e-05}","{""detection_events"":214172,""detectors_checked"":1029668864}"
   3741696,         0,         0,   119.3,standalone_exact_mw,29ae76c7f86edcd2f56343e8109d8463cbc736644db4e57527101e2f1c3606c8,"{""distance"":5,""physical_error_rate"":0.0002}","{""detection_events"":696322,""detectors_checked"":838139904}"
   1752064,         5,         0,   119.5,standalone_exact_mw,77d802c74222c3324b7f1323f7447c6411ad27be92307b6127e53af575faadca,"{""distance"":5,""physical_error_rate"":0.001}","{""detection_events"":1626569,""detectors_checked"":392462336,""obs_mistake_mask=E"":5}"
   4350976,         0,         0,   119.4,standalone_exact_mw,cc9149276d16e61a5ac322a1d2048afebd34054fe0ed4879b77eb616628c1148,"{""distance"":5,""physical_error_rate"":0.0001}","{""detection_events"":404406,""detectors_checked"":974618624}"
   2601984,         0,         0,   119.4,standalone_exact_mw,503ee55b5ad1b1988379a241a0405811522ee4d50b473755532ad1299cb121e2,"{""distance"":5,""physical_error_rate"":0.0005}","{""detection_events"":1208046,""detectors_checked"":582844416}"
   1670144,         3,         0,   119.6,standalone_exact_mw,77d802c74222c3324b7f1323f7447c6411ad27be92307b6127e53af575faadca,"{""distance"":5,""physical_error_rate"":0.001}","{""detection_events"":1552691,""detectors_checked"":374112256,""obs_mistake_mask=E"":3}"
   3297280,         0,         0,   119.2,standalone_exact_mw,aea10f45e3589e84a00777b800d38e8a3149bd6cb552c409f3bffd718c1a0abf,"{""distance"":5,""physical_error_rate"":5e-05}","{""detection_events"":154624,""detectors_checked"":738590720}"
   4169728,         0,         0,   119.3,standalone_exact_mw,cc9149276d16e61a5ac322a1d2048afebd34054fe0ed4879b77eb616628c1148,"{""distance"":5,""physical_error_rate"":0.0001}","{""detection_events"":390371,""detectors_checked"":934019072}"
   2378752,         1,         0,   119.5,standalone_exact_mw,503ee55b5ad1b1988379a241a0405811522ee4d50b473755532ad1299cb121e2,"{""distance"":5,""physical_error_rate"":0.0005}","{""detection_events"":1108423,""detectors_checked"":532840448,""obs_mistake_mask=E"":1}"
   2091008,         3,         0,   119.7,standalone_exact_mw,77d802c74222c3324b7f1323f7447c6411ad27be92307b6127e53af575faadca,"{""distance"":5,""physical_error_rate"":0.001}","{""detection_events"":1942096,""detectors_checked"":468385792,""obs_mistake_mask=E"":3}"
   2172928,         7,         0,   119.5,standalone_exact_mw,77d802c74222c3324b7f1323f7447c6411ad27be92307b6127e53af575faadca,"{""distance"":5,""physical_error_rate"":0.001}","{""detection_events"":2015377,""detectors_checked"":486735872,""obs_mistake_mask=E"":7}"
   2848768,         2,         0,   119.4,standalone_exact_mw,503ee55b5ad1b1988379a241a0405811522ee4d50b473755532ad1299cb121e2,"{""distance"":5,""physical_error_rate"":0.0005}","{""detection_events"":1323654,""detectors_checked"":638124032,""obs_mistake_mask=E"":2}"
   3075072,         0,         0,   119.1,standalone_exact_mw,29ae76c7f86edcd2f56343e8109d8463cbc736644db4e57527101e2f1c3606c8,"{""distance"":5,""physical_error_rate"":0.0002}","{""detection_events"":573979,""detectors_checked"":688816128}"
   4509696,         0,         0,   119.2,standalone_exact_mw,aea10f45e3589e84a00777b800d38e8a3149bd6cb552c409f3bffd718c1a0abf,"{""distance"":5,""physical_error_rate"":5e-05}","{""detection_events"":210544,""detectors_checked"":1010171904}"
   3377152,         0,         0,   119.2,standalone_exact_mw,cc9149276d16e61a5ac322a1d2048afebd34054fe0ed4879b77eb616628c1148,"{""distance"":5,""physical_error_rate"":0.0001}","{""detection_events"":315439,""detectors_checked"":756482048}"
   2180096,         8,         0,   119.7,standalone_exact_mw,77d802c74222c3324b7f1323f7447c6411ad27be92307b6127e53af575faadca,"{""distance"":5,""physical_error_rate"":0.001}","{""detection_events"":2024143,""detectors_checked"":488341504,""obs_mistake_mask=E"":8}"
   3055616,         1,         0,   119.5,standalone_exact_mw,503ee55b5ad1b1988379a241a0405811522ee4d50b473755532ad1299cb121e2,"{""distance"":5,""physical_error_rate"":0.0005}","{""detection_events"":1423336,""detectors_checked"":684457984,""obs_mistake_mask=E"":1}"
   3516416,         0,         0,   119.1,standalone_exact_mw,cc9149276d16e61a5ac322a1d2048afebd34054fe0ed4879b77eb616628c1148,"{""distance"":5,""physical_error_rate"":0.0001}","{""detection_events"":328748,""detectors_checked"":787677184}"
   2223104,         6,         0,   119.5,standalone_exact_mw,77d802c74222c3324b7f1323f7447c6411ad27be92307b6127e53af575faadca,"{""distance"":5,""physical_error_rate"":0.001}","{""detection_events"":2056802,""detectors_checked"":497975296,""obs_mistake_mask=E"":6}"
   3435520,         0,         0,   119.4,standalone_exact_mw,aea10f45e3589e84a00777b800d38e8a3149bd6cb552c409f3bffd718c1a0abf,"{""distance"":5,""physical_error_rate"":5e-05}","{""detection_events"":160106,""detectors_checked"":769556480}"
   2969600,         1,         0,   119.5,standalone_exact_mw,503ee55b5ad1b1988379a241a0405811522ee4d50b473755532ad1299cb121e2,"{""distance"":5,""physical_error_rate"":0.0005}","{""detection_events"":1382232,""detectors_checked"":665190400,""obs_mistake_mask=E"":1}"
   4130816,         0,         0,   119.1,standalone_exact_mw,cc9149276d16e61a5ac322a1d2048afebd34054fe0ed4879b77eb616628c1148,"{""distance"":5,""physical_error_rate"":0.0001}","{""detection_events"":384167,""detectors_checked"":925302784}"
   4139008,         0,         0,   119.4,standalone_exact_mw,aea10f45e3589e84a00777b800d38e8a3149bd6cb552c409f3bffd718c1a0abf,"{""distance"":5,""physical_error_rate"":5e-05}","{""detection_events"":192543,""detectors_checked"":927137792}"
   2076672,         9,         0,   119.7,standalone_exact_mw,77d802c74222c3324b7f1323f7447c6411ad27be92307b6127e53af575faadca,"{""distance"":5,""physical_error_rate"":0.001}","{""detection_events"":1925683,""detectors_checked"":465174528,""obs_mistake_mask=E"":9}"
   4371456,         0,         0,   119.1,standalone_exact_mw,aea10f45e3589e84a00777b800d38e8a3149bd6cb552c409f3bffd718c1a0abf,"{""distance"":5,""physical_error_rate"":5e-05}","{""detection_events"":203558,""detectors_checked"":979206144}"
   3010560,         0,         0,   119.2,standalone_exact_mw,29ae76c7f86edcd2f56343e8109d8463cbc736644db4e57527101e2f1c3606c8,"{""distance"":5,""physical_error_rate"":0.0002}","{""detection_events"":559723,""detectors_checked"":674365440}"
   3334144,         0,         0,   119.2,standalone_exact_mw,29ae76c7f86edcd2f56343e8109d8463cbc736644db4e57527101e2f1c3606c8,"{""distance"":5,""physical_error_rate"":0.0002}","{""detection_events"":620368,""detectors_checked"":746848256}"
   3689472,         0,         0,   119.2,standalone_exact_mw,cc9149276d16e61a5ac322a1d2048afebd34054fe0ed4879b77eb616628c1148,"{""distance"":5,""physical_error_rate"":0.0001}","{""detection_events"":344139,""detectors_checked"":826441728}"
   4504576,         0,         0,   119.4,standalone_exact_mw,aea10f45e3589e84a00777b800d38e8a3149bd6cb552c409f3bffd718c1a0abf,"{""distance"":5,""physical_error_rate"":5e-05}","{""detection_events"":208823,""detectors_checked"":1009025024}"
   3007488,         1,         0,   119.2,standalone_exact_mw,29ae76c7f86edcd2f56343e8109d8463cbc736644db4e57527101e2f1c3606c8,"{""distance"":5,""physical_error_rate"":0.0002}","{""detection_events"":560516,""detectors_checked"":673677312,""obs_mistake_mask=E"":1}"
   2810880,         3,         0,   119.4,standalone_exact_mw,503ee55b5ad1b1988379a241a0405811522ee4d50b473755532ad1299cb121e2,"{""distance"":5,""physical_error_rate"":0.0005}","{""detection_events"":1307352,""detectors_checked"":629637120,""obs_mistake_mask=E"":3}"
   4100096,         0,         0,   119.3,standalone_exact_mw,29ae76c7f86edcd2f56343e8109d8463cbc736644db4e57527101e2f1c3606c8,"{""distance"":5,""physical_error_rate"":0.0002}","{""detection_events"":764832,""detectors_checked"":918421504}"
   1904640,         4,         0,   119.7,standalone_exact_mw,77d802c74222c3324b7f1323f7447c6411ad27be92307b6127e53af575faadca,"{""distance"":5,""physical_error_rate"":0.001}","{""detection_events"":1763412,""detectors_checked"":426639360,""obs_mistake_mask=E"":4}"
   3267584,         1,         0,   119.5,standalone_exact_mw,503ee55b5ad1b1988379a241a0405811522ee4d50b473755532ad1299cb121e2,"{""distance"":5,""physical_error_rate"":0.0005}","{""detection_events"":1520761,""detectors_checked"":731938816,""obs_mistake_mask=E"":1}"
   4355072,         0,         0,   119.4,standalone_exact_mw,cc9149276d16e61a5ac322a1d2048afebd34054fe0ed4879b77eb616628c1148,"{""distance"":5,""physical_error_rate"":0.0001}","{""detection_events"":405319,""detectors_checked"":975536128}"
   4333568,         0,         0,   119.2,standalone_exact_mw,29ae76c7f86edcd2f56343e8109d8463cbc736644db4e57527101e2f1c3606c8,"{""distance"":5,""physical_error_rate"":0.0002}","{""detection_events"":807878,""detectors_checked"":970719232}"
   4357120,         0,         0,   119.3,standalone_exact_mw,aea10f45e3589e84a00777b800d38e8a3149bd6cb552c409f3bffd718c1a0abf,"{""distance"":5,""physical_error_rate"":5e-05}","{""detection_events"":202259,""detectors_checked"":975994880}"
   3272704,         2,         0,   119.5,standalone_exact_mw,503ee55b5ad1b1988379a241a0405811522ee4d50b473755532ad1299cb121e2,"{""distance"":5,""physical_error_rate"":0.0005}","{""detection_events"":1522590,""detectors_checked"":733085696,""obs_mistake_mask=E"":2}"
   3851264,         0,         0,   119.2,standalone_exact_mw,29ae76c7f86edcd2f56343e8109d8463cbc736644db4e57527101e2f1c3606c8,"{""distance"":5,""physical_error_rate"":0.0002}","{""detection_events"":718401,""detectors_checked"":862683136}"
   4630528,         0,         0,   119.5,standalone_exact_mw,aea10f45e3589e84a00777b800d38e8a3149bd6cb552c409f3bffd718c1a0abf,"{""distance"":5,""physical_error_rate"":5e-05}","{""detection_events"":214086,""detectors_checked"":1037238272}"
   3173376,         0,         0,   119.2,standalone_exact_mw,cc9149276d16e61a5ac322a1d2048afebd34054fe0ed4879b77eb616628c1148,"{""distance"":5,""physical_error_rate"":0.0001}","{""detection_events"":296114,""detectors_checked"":710836224}"
   2810880,         1,         0,   119.3,standalone_exact_mw,29ae76c7f86edcd2f56343e8109d8463cbc736644db4e57527101e2f1c3606c8,"{""distance"":5,""physical_error_rate"":0.0002}","{""detection_events"":523278,""detectors_checked"":629637120,""obs_mistake_mask=E"":1}"
   3601408,         0,         0,   119.2,standalone_exact_mw,cc9149276d16e61a5ac322a1d2048afebd34054fe0ed4879b77eb616628c1148,"{""distance"":5,""physical_error_rate"":0.0001}","{""detection_events"":334963,""detectors_checked"":806715392}"
   3863552,         0,         0,   119.4,standalone_exact_mw,aea10f45e3589e84a00777b800d38e8a3149bd6cb552c409f3bffd718c1a0abf,"{""distance"":5,""physical_error_rate"":5e-05}","{""detection_events"":180477,""detectors_checked"":865435648}"
   2959360,         0,         0,   119.2,standalone_exact_mw,cc9149276d16e61a5ac322a1d2048afebd34054fe0ed4879b77eb616628c1148,"{""distance"":5,""physical_error_rate"":0.0001}","{""detection_events"":274697,""detectors_checked"":662896640}"
   1661952,         6,         0,   119.6,standalone_exact_mw,77d802c74222c3324b7f1323f7447c6411ad27be92307b6127e53af575faadca,"{""distance"":5,""physical_error_rate"":0.001}","{""detection_events"":1539097,""detectors_checked"":372277248,""obs_mistake_mask=E"":6}"
   2151424,         7,         0,   119.7,standalone_exact_mw,77d802c74222c3324b7f1323f7447c6411ad27be92307b6127e53af575faadca,"{""distance"":5,""physical_error_rate"":0.001}","{""detection_events"":1993559,""detectors_checked"":481918976,""obs_mistake_mask=E"":7}"
   2353152,         6,         0,   119.6,standalone_exact_mw,77d802c74222c3324b7f1323f7447c6411ad27be92307b6127e53af575faadca,"{""distance"":5,""physical_error_rate"":0.001}","{""detection_events"":2185952,""detectors_checked"":527106048,""obs_mistake_mask=E"":6}"
   4217856,         0,         0,   119.3,standalone_exact_mw,cc9149276d16e61a5ac322a1d2048afebd34054fe0ed4879b77eb616628c1148,"{""distance"":5,""physical_error_rate"":0.0001}","{""detection_events"":393414,""detectors_checked"":944799744}"
   2862080,         0,         0,   119.6,standalone_exact_mw,503ee55b5ad1b1988379a241a0405811522ee4d50b473755532ad1299cb121e2,"{""distance"":5,""physical_error_rate"":0.0005}","{""detection_events"":1332356,""detectors_checked"":641105920}"
   3468288,         0,         0,   119.5,standalone_exact_mw,29ae76c7f86edcd2f56343e8109d8463cbc736644db4e57527101e2f1c3606c8,"{""distance"":5,""physical_error_rate"":0.0002}","{""detection_events"":647902,""detectors_checked"":776896512}"
   2260992,         1,         0,   119.4,standalone_exact_mw,503ee55b5ad1b1988379a241a0405811522ee4d50b473755532ad1299cb121e2,"{""distance"":5,""physical_error_rate"":0.0005}","{""detection_events"":1050839,""detectors_checked"":506462208,""obs_mistake_mask=E"":1}"
   3039232,         0,         0,   118.9,standalone_exact_mw,aea10f45e3589e84a00777b800d38e8a3149bd6cb552c409f3bffd718c1a0abf,"{""distance"":5,""physical_error_rate"":5e-05}","{""detection_events"":140780,""detectors_checked"":680787968}"
   3499008,         0,         0,   119.2,standalone_exact_mw,aea10f45e3589e84a00777b800d38e8a3149bd6cb552c409f3bffd718c1a0abf,"{""distance"":5,""physical_error_rate"":5e-05}","{""detection_events"":164012,""detectors_checked"":783777792}"
   2043904,         9,         0,   119.6,standalone_exact_mw,77d802c74222c3324b7f1323f7447c6411ad27be92307b6127e53af575faadca,"{""distance"":5,""physical_error_rate"":0.001}","{""detection_events"":1898071,""detectors_checked"":457834496,""obs_mistake_mask=E"":9}"
   2393088,         3,         0,   119.4,standalone_exact_mw,503ee55b5ad1b1988379a241a0405811522ee4d50b473755532ad1299cb121e2,"{""distance"":5,""physical_error_rate"":0.0005}","{""detection_events"":1109812,""detectors_checked"":536051712,""obs_mistake_mask=E"":3}"
   2897920,         0,         0,   119.3,standalone_exact_mw,29ae76c7f86edcd2f56343e8109d8463cbc736644db4e57527101e2f1c3606c8,"{""distance"":5,""physical_error_rate"":0.0002}","{""detection_events"":539990,""detectors_checked"":649134080}"
   3902464,         0,         0,   119.5,standalone_exact_mw,29ae76c7f86edcd2f56343e8109d8463cbc736644db4e57527101e2f1c3606c8,"{""distance"":5,""physical_error_rate"":0.0002}","{""detection_events"":728406,""detectors_checked"":874151936}"
   4066304,         0,         0,   119.3,standalone_exact_mw,cc9149276d16e61a5ac322a1d2048afebd34054fe0ed4879b77eb616628c1148,"{""distance"":5,""physical_error_rate"":0.0001}","{""detection_events"":378663,""detectors_checked"":910852096}"
   2437120,         9,         0,   119.6,standalone_exact_mw,77d802c74222c3324b7f1323f7447c6411ad27be92307b6127e53af575faadca,"{""distance"":5,""physical_error_rate"":0.001}","{""detection_events"":2258915,""detectors_checked"":545914880,""obs_mistake_mask=E"":9}"
   1949696,         0,         0,   119.6,standalone_exact_mw,503ee55b5ad1b1988379a241a0405811522ee4d50b473755532ad1299cb121e2,"{""distance"":5,""physical_error_rate"":0.0005}","{""detection_events"":907986,""detectors_checked"":436731904}"
   3750912,         0,         0,   119.0,standalone_exact_mw,aea10f45e3589e84a00777b800d38e8a3149bd6cb552c409f3bffd718c1a0abf,"{""distance"":5,""physical_error_rate"":5e-05}","{""detection_events"":174250,""detectors_checked"":840204288}"
   3202048,         1,         0,   119.5,standalone_exact_mw,503ee55b5ad1b1988379a241a0405811522ee4d50b473755532ad1299cb121e2,"{""distance"":5,""physical_error_rate"":0.0005}","{""detection_events"":1489792,""detectors_checked"":717258752,""obs_mistake_mask=E"":1}"
   3016704,         1,         0,   119.2,standalone_exact_mw,29ae76c7f86edcd2f56343e8109d8463cbc736644db4e57527101e2f1c3606c8,"{""distance"":5,""physical_error_rate"":0.0002}","{""detection_events"":562131,""detectors_checked"":675741696,""obs_mistake_mask=E"":1}"
   3609600,         0,         0,   119.2,standalone_exact_mw,aea10f45e3589e84a00777b800d38e8a3149bd6cb552c409f3bffd718c1a0abf,"{""distance"":5,""physical_error_rate"":5e-05}","{""detection_events"":168304,""detectors_checked"":808550400}"
   3356672,         1,         0,   119.4,standalone_exact_mw,29ae76c7f86edcd2f56343e8109d8463cbc736644db4e57527101e2f1c3606c8,"{""distance"":5,""physical_error_rate"":0.0002}","{""detection_events"":626305,""detectors_checked"":751894528,""obs_mistake_mask=E"":1}"
   2023424,        10,         0,   119.7,standalone_exact_mw,77d802c74222c3324b7f1323f7447c6411ad27be92307b6127e53af575faadca,"{""distance"":5,""physical_error_rate"":0.001}","{""detection_events"":1880470,""detectors_checked"":453246976,""obs_mistake_mask=E"":10}"
   4094976,         0,         0,   119.2,standalone_exact_mw,cc9149276d16e61a5ac322a1d2048afebd34054fe0ed4879b77eb616628c1148,"{""distance"":5,""physical_error_rate"":0.0001}","{""detection_events"":381209,""detectors_checked"":917274624}"
   2329600,         3,         0,   119.4,standalone_exact_mw,503ee55b5ad1b1988379a241a0405811522ee4d50b473755532ad1299cb121e2,"{""distance"":5,""physical_error_rate"":0.0005}","{""detection_events"":1083809,""detectors_checked"":521830400,""obs_mistake_mask=E"":3}"
   2053120,         6,         0,   119.6,standalone_exact_mw,77d802c74222c3324b7f1323f7447c6411ad27be92307b6127e53af575faadca,"{""distance"":5,""physical_error_rate"":0.001}","{""detection_events"":1903375,""detectors_checked"":459898880,""obs_mistake_mask=E"":6}"
   4506624,         0,         0,   119.5,standalone_exact_mw,aea10f45e3589e84a00777b800d38e8a3149bd6cb552c409f3bffd718c1a0abf,"{""distance"":5,""physical_error_rate"":5e-05}","{""detection_events"":210476,""detectors_checked"":1009483776}"
   4477952,         0,         0,   119.5,standalone_exact_mw,cc9149276d16e61a5ac322a1d2048afebd34054fe0ed4879b77eb616628c1148,"{""distance"":5,""physical_error_rate"":0.0001}","{""detection_events"":416375,""detectors_checked"":1003061248}"
   2711552,         1,         0,   119.5,standalone_exact_mw,503ee55b5ad1b1988379a241a0405811522ee4d50b473755532ad1299cb121e2,"{""distance"":5,""physical_error_rate"":0.0005}","{""detection_events"":1258616,""detectors_checked"":607387648,""obs_mistake_mask=E"":1}"
   1576960,         1,         0,   119.7,standalone_exact_mw,77d802c74222c3324b7f1323f7447c6411ad27be92307b6127e53af575faadca,"{""distance"":5,""physical_error_rate"":0.001}","{""detection_events"":1460218,""detectors_checked"":353239040,""obs_mistake_mask=E"":1}"
   2231296,         9,         0,   119.6,standalone_exact_mw,77d802c74222c3324b7f1323f7447c6411ad27be92307b6127e53af575faadca,"{""distance"":5,""physical_error_rate"":0.001}","{""detection_events"":2066543,""detectors_checked"":499810304,""obs_mistake_mask=E"":9}"
   2975744,         2,         0,   119.3,standalone_exact_mw,503ee55b5ad1b1988379a241a0405811522ee4d50b473755532ad1299cb121e2,"{""distance"":5,""physical_error_rate"":0.0005}","{""detection_events"":1384515,""detectors_checked"":666566656,""obs_mistake_mask=E"":2}"
   3788800,         0,         0,   119.4,standalone_exact_mw,29ae76c7f86edcd2f56343e8109d8463cbc736644db4e57527101e2f1c3606c8,"{""distance"":5,""physical_error_rate"":0.0002}","{""detection_events"":706082,""detectors_checked"":848691200}"
   4509696,         0,         0,   119.4,standalone_exact_mw,aea10f45e3589e84a00777b800d38e8a3149bd6cb552c409f3bffd718c1a0abf,"{""distance"":5,""physical_error_rate"":5e-05}","{""detection_events"":210382,""detectors_checked"":1010171904}"
   3205120,         0,         0,   119.2,standalone_exact_mw,cc9149276d16e61a5ac322a1d2048afebd34054fe0ed4879b77eb616628c1148,"{""distance"":5,""physical_error_rate"":0.0001}","{""detection_events"":297662,""detectors_checked"":717946880}"
   2407424,         7,         0,   119.6,standalone_exact_mw,77d802c74222c3324b7f1323f7447c6411ad27be92307b6127e53af575faadca,"{""distance"":5,""physical_error_rate"":0.001}","{""detection_events"":2231749,""detectors_checked"":539262976,""obs_mistake_mask=E"":7}"
   3127296,         2,         0,   119.5,standalone_exact_mw,503ee55b5ad1b1988379a241a0405811522ee4d50b473755532ad1299cb121e2,"{""distance"":5,""physical_error_rate"":0.0005}","{""detection_events"":1449757,""detectors_checked"":700514304,""obs_mistake_mask=E"":2}"
   3627008,         0,         0,   119.3,standalone_exact_mw,cc9149276d16e61a5ac322a1d2048afebd34054fe0ed4879b77eb616628c1148,"{""distance"":5,""physical_error_rate"":0.0001}","{""detection_events"":338820,""detectors_checked"":812449792}"
   2229248,         4,         0,   119.6,standalone_exact_mw,77d802c74222c3324b7f1323f7447c6411ad27be92307b6127e53af575faadca,"{""distance"":5,""physical_error_rate"":0.001}","{""detection_events"":2070058,""detectors_checked"":499351552,""obs_mistake_mask=E"":4}"
   3796992,         0,         0,   119.1,standalone_exact_mw,aea10f45e3589e84a00777b800d38e8a3149bd6cb552c409f3bffd718c1a0abf,"{""distance"":5,""physical_error_rate"":5e-05}","{""detection_events"":176363,""detectors_checked"":850526208}"
   2948096,         2,         0,   119.4,standalone_exact_mw,503ee55b5ad1b1988379a241a0405811522ee4d50b473755532ad1299cb121e2,"{""distance"":5,""physical_error_rate"":0.0005}","{""detection_events"":1370937,""detectors_checked"":660373504,""obs_mistake_mask=E"":2}"
   4424704,         0,         0,   119.5,standalone_exact_mw,cc9149276d16e61a5ac322a1d2048afebd34054fe0ed4879b77eb616628c1148,"{""distance"":5,""physical_error_rate"":0.0001}","{""detection_events"":413412,""detectors_checked"":991133696}"
   4195328,         0,         0,   119.3,standalone_exact_mw,aea10f45e3589e84a00777b800d38e8a3149bd6cb552c409f3bffd718c1a0abf,"{""distance"":5,""physical_error_rate"":5e-05}","{""detection_events"":194869,""detectors_checked"":939753472}"
   1783808,         5,         0,   119.6,standalone_exact_mw,77d802c74222c3324b7f1323f7447c6411ad27be92307b6127e53af575faadca,"{""distance"":5,""physical_error_rate"":0.001}","{""detection_events"":1653055,""detectors_checked"":399572992,""obs_mistake_mask=E"":5}"
   4593664,         0,         0,   119.4,standalone_exact_mw,aea10f45e3589e84a00777b800d38e8a3149bd6cb552c409f3bffd718c1a0abf,"{""distance"":5,""physical_error_rate"":5e-05}","{""detection_events"":213735,""detectors_checked"":1028980736}"
   3624960,         0,         0,   119.4,standalone_exact_mw,29ae76c7f86edcd2f56343e8109d8463cbc736644db4e57527101e2f1c3606c8,"{""distance"":5,""physical_error_rate"":0.0002}","{""detection_events"":673659,""detectors_checked"":811991040}"
   3229696,         0,         0,   119.4,standalone_exact_mw,29ae76c7f86edcd2f56343e8109d8463cbc736644db4e57527101e2f1c3606c8,"{""distance"":5,""physical_error_rate"":0.0002}","{""detection_events"":602326,""detectors_checked"":723451904}"
   3689472,         0,         0,   119.2,standalone_exact_mw,cc9149276d16e61a5ac322a1d2048afebd34054fe0ed4879b77eb616628c1148,"{""distance"":5,""physical_error_rate"":0.0001}","{""detection_events"":343285,""detectors_checked"":826441728}"
   3240960,         0,         0,   119.3,standalone_exact_mw,aea10f45e3589e84a00777b800d38e8a3149bd6cb552c409f3bffd718c1a0abf,"{""distance"":5,""physical_error_rate"":5e-05}","{""detection_events"":150671,""detectors_checked"":725975040}"
   3851264,         0,         0,   119.4,standalone_exact_mw,29ae76c7f86edcd2f56343e8109d8463cbc736644db4e57527101e2f1c3606c8,"{""distance"":5,""physical_error_rate"":0.0002}","{""detection_events"":719584,""detectors_checked"":862683136}"
   2980864,         1,         0,   119.5,standalone_exact_mw,503ee55b5ad1b1988379a241a0405811522ee4d50b473755532ad1299cb121e2,"{""distance"":5,""physical_error_rate"":0.0005}","{""detection_events"":1389147,""detectors_checked"":667713536,""obs_mistake_mask=E"":1}"
   4059136,         0,         0,   119.4,standalone_exact_mw,29ae76c7f86edcd2f56343e8109d8463cbc736644db4e57527101e2f1c3606c8,"{""distance"":5,""physical_error_rate"":0.0002}","{""detection_events"":756768,""detectors_checked"":909246464}"
   2583552,        11,         0,   119.6,standalone_exact_mw,77d802c74222c3324b7f1323f7447c6411ad27be92307b6127e53af575faadca,"{""distance"":5,""physical_error_rate"":0.001}","{""detection_events"":2394127,""detectors_checked"":578715648,""obs_mistake_mask=E"":11}"
   3277824,         0,         0,   119.4,standalone_exact_mw,503ee55b5ad1b1988379a241a0405811522ee4d50b473755532ad1299cb121e2,"{""distance"":5,""physical_error_rate"":0.0005}","{""detection_events"":1524171,""detectors_checked"":734232576}"
   4104192,         0,         0,   119.4,standalone_exact_mw,cc9149276d16e61a5ac322a1d2048afebd34054fe0ed4879b77eb616628c1148,"{""distance"":5,""physical_error_rate"":0.0001}","{""detection_events"":382382,""detectors_checked"":919339008}"
   5009408,         0,         0,   119.3,standalone_exact_mw,29ae76c7f86edcd2f56343e8109d8463cbc736644db4e57527101e2f1c3606c8,"{""distance"":5,""physical_error_rate"":0.0002}","{""detection_events"":935010,""detectors_checked"":1122107392}"
   4338688,         0,         0,   119.0,standalone_exact_mw,aea10f45e3589e84a00777b800d38e8a3149bd6cb552c409f3bffd718c1a0abf,"{""distance"":5,""physical_error_rate"":5e-05}","{""detection_events"":202720,""detectors_checked"":971866112}"
   2864128,         0,         0,   119.5,standalone_exact_mw,503ee55b5ad1b1988379a241a0405811522ee4d50b473755532ad1299cb121e2,"{""distance"":5,""physical_error_rate"":0.0005}","{""detection_events"":1331205,""detectors_checked"":641564672}"
   3244032,         0,         0,   119.4,standalone_exact_mw,29ae76c7f86edcd2f56343e8109d8463cbc736644db4e57527101e2f1c3606c8,"{""distance"":5,""physical_error_rate"":0.0002}","{""detection_events"":604374,""detectors_checked"":726663168}"
   3412992,         0,         0,   119.3,standalone_exact_mw,aea10f45e3589e84a00777b800d38e8a3149bd6cb552c409f3bffd718c1a0abf,"{""distance"":5,""physical_error_rate"":5e-05}","{""detection_events"":159149,""detectors_checked"":764510208}"
   3922944,         0,         0,   119.2,standalone_exact_mw,cc9149276d16e61a5ac322a1d2048afebd34054fe0ed4879b77eb616628c1148,"{""distance"":5,""physical_error_rate"":0.0001}","{""detection_events"":366040,""detectors_checked"":878739456}"
   2866176,         0,         0,   119.4,standalone_exact_mw,29ae76c7f86edcd2f56343e8109d8463cbc736644db4e57527101e2f1c3606c8,"{""distance"":5,""physical_error_rate"":0.0002}","{""detection_events"":534738,""detectors_checked"":642023424}"
   3799040,         0,         0,   119.2,standalone_exact_mw,cc9149276d16e61a5ac322a1d2048afebd34054fe0ed4879b77eb616628c1148,"{""distance"":5,""physical_error_rate"":0.0001}","{""detection_events"":354219,""detectors_checked"":850984960}"
   4235264,         0,         0,   119.2,standalone_exact_mw,aea10f45e3589e84a00777b800d38e8a3149bd6cb552c409f3bffd718c1a0abf,"{""distance"":5,""physical_error_rate"":5e-05}","{""detection_events"":198717,""detectors_checked"":948699136}"
   3126272,         0,         0,   119.1,standalone_exact_mw,cc9149276d16e61a5ac322a1d2048afebd34054fe0ed4879b77eb616628c1148,"{""distance"":5,""physical_error_rate"":0.0001}","{""detection_events"":292843,""detectors_checked"":700284928}"
   1883136,         9,         0,   119.7,standalone_exact_mw,77d802c74222c3324b7f1323f7447c6411ad27be92307b6127e53af575faadca,"{""distance"":5,""physical_error_rate"":0.001}","{""detection_events"":1746638,""detectors_checked"":421822464,""obs_mistake_mask=E"":9}"
   1622016,         8,         0,   119.6,standalone_exact_mw,77d802c74222c3324b7f1323f7447c6411ad27be92307b6127e53af575faadca,"{""distance"":5,""physical_error_rate"":0.001}","{""detection_events"":1504161,""detectors_checked"":363331584,""obs_mistake_mask=E"":8}"
   2298880,         9,         0,   119.6,standalone_exact_mw,77d802c74222c3324b7f1323f7447c6411ad27be92307b6127e53af575faadca,"{""distance"":5,""physical_error_rate"":0.001}","{""detection_events"":2137446,""detectors_checked"":514949120,""obs_mistake_mask=E"":9}"
   4263936,         0,         0,   119.5,standalone_exact_mw,cc9149276d16e61a5ac322a1d2048afebd34054fe0ed4879b77eb616628c1148,"{""distance"":5,""physical_error_rate"":0.0001}","{""detection_events"":397168,""detectors_checked"":955121664}"
   2534400,         1,         0,   119.3,standalone_exact_mw,503ee55b5ad1b1988379a241a0405811522ee4d50b473755532ad1299cb121e2,"{""distance"":5,""physical_error_rate"":0.0005}","{""detection_events"":1179507,""detectors_checked"":567705600,""obs_mistake_mask=E"":1}"
   3368960,         0,         0,   119.3,standalone_exact_mw,29ae76c7f86edcd2f56343e8109d8463cbc736644db4e57527101e2f1c3606c8,"{""distance"":5,""physical_error_rate"":0.0002}","{""detection_events"":629687,""detectors_checked"":754647040}"
   2556928,         1,         0,   119.6,standalone_exact_mw,503ee55b5ad1b1988379a241a0405811522ee4d50b473755532ad1299cb121e2,"{""distance"":5,""physical_error_rate"":0.0005}","{""detection_events"":1191338,""detectors_checked"":572751872,""obs_mistake_mask=E"":1}"
   4281344,         0,         0,   119.1,standalone_exact_mw,aea10f45e3589e84a00777b800d38e8a3149bd6cb552c409f3bffd718c1a0abf,"{""distance"":5,""physical_error_rate"":5e-05}","{""detection_events"":198512,""detectors_checked"":959021056}"
   1995776,         7,         0,   119.4,standalone_exact_mw,77d802c74222c3324b7f1323f7447c6411ad27be92307b6127e53af575faadca,"{""distance"":5,""physical_error_rate"":0.001}","{""detection_events"":1849378,""detectors_checked"":447053824,""obs_mistake_mask=E"":7}"
   3998720,         0,         0,   119.2,standalone_exact_mw,aea10f45e3589e84a00777b800d38e8a3149bd6cb552c409f3bffd718c1a0abf,"{""distance"":5,""physical_error_rate"":5e-05}","{""detection_events"":186878,""detectors_checked"":895713280}"
   2492416,         0,         0,   119.6,standalone_exact_mw,503ee55b5ad1b1988379a241a0405811522ee4d50b473755532ad1299cb121e2,"{""distance"":5,""physical_error_rate"":0.0005}","{""detection_events"":1155581,""detectors_checked"":558301184}"
   3131392,         0,         0,   119.4,standalone_exact_mw,29ae76c7f86edcd2f56343e8109d8463cbc736644db4e57527101e2f1c3606c8,"{""distance"":5,""physical_error_rate"":0.0002}","{""detection_events"":582156,""detectors_checked"":701431808}"
   3716096,         0,         0,   119.4,standalone_exact_mw,29ae76c7f86edcd2f56343e8109d8463cbc736644db4e57527101e2f1c3606c8,"{""distance"":5,""physical_error_rate"":0.0002}","{""detection_events"":691430,""detectors_checked"":832405504}"
   4243456,         0,         0,   119.3,standalone_exact_mw,cc9149276d16e61a5ac322a1d2048afebd34054fe0ed4879b77eb616628c1148,"{""distance"":5,""physical_error_rate"":0.0001}","{""detection_events"":392848,""detectors_checked"":950534144}"
   2289664,         8,         0,   119.6,standalone_exact_mw,77d802c74222c3324b7f1323f7447c6411ad27be92307b6127e53af575faadca,"{""distance"":5,""physical_error_rate"":0.001}","{""detection_events"":2123759,""detectors_checked"":512884736,""obs_mistake_mask=E"":8}"
   2344960,         0,         0,   119.5,standalone_exact_mw,503ee55b5ad1b1988379a241a0405811522ee4d50b473755532ad1299cb121e2,"{""distance"":5,""physical_error_rate"":0.0005}","{""detection_events"":1091890,""detectors_checked"":525271040}"
   3314688,         0,         0,   119.1,standalone_exact_mw,aea10f45e3589e84a00777b800d38e8a3149bd6cb552c409f3bffd718c1a0abf,"{""distance"":5,""physical_error_rate"":5e-05}","{""detection_events"":155026,""detectors_checked"":742490112}"
   2396160,         3,         0,   119.4,standalone_exact_mw,503ee55b5ad1b1988379a241a0405811522ee4d50b473755532ad1299cb121e2,"{""distance"":5,""physical_error_rate"":0.0005}","{""detection_events"":1114239,""detectors_checked"":536739840,""obs_mistake_mask=E"":3}"
   3551232,         0,         0,   119.2,standalone_exact_mw,29ae76c7f86edcd2f56343e8109d8463cbc736644db4e57527101e2f1c3606c8,"{""distance"":5,""physical_error_rate"":0.0002}","{""detection_events"":661458,""detectors_checked"":795475968}"
   4232192,         0,         0,   119.3,standalone_exact_mw,aea10f45e3589e84a00777b800d38e8a3149bd6cb552c409f3bffd718c1a0abf,"{""distance"":5,""physical_error_rate"":5e-05}","{""detection_events"":197365,""detectors_checked"":948011008}"
   3396608,         0,         0,   119.3,standalone_exact_mw,29ae76c7f86edcd2f56343e8109d8463cbc736644db4e57527101e2f1c3606c8,"{""distance"":5,""physical_error_rate"":0.0002}","{""detection_events"":632285,""detectors_checked"":760840192}"
   2049024,         4,         0,   119.5,standalone_exact_mw,77d802c74222c3324b7f1323f7447c6411ad27be92307b6127e53af575faadca,"{""distance"":5,""physical_error_rate"":0.001}","{""detection_events"":1902572,""detectors_checked"":458981376,""obs_mistake_mask=E"":4}"
   3993600,         0,         0,   119.2,standalone_exact_mw,cc9149276d16e61a5ac322a1d2048afebd34054fe0ed4879b77eb616628c1148,"{""distance"":5,""physical_error_rate"":0.0001}","{""detection_events"":372346,""detectors_checked"":894566400}"
   2695168,         1,         0,   119.5,standalone_exact_mw,503ee55b5ad1b1988379a241a0405811522ee4d50b473755532ad1299cb121e2,"{""distance"":5,""physical_error_rate"":0.0005}","{""detection_events"":1253049,""detectors_checked"":603717632,""obs_mistake_mask=E"":1}"
   2086912,        10,         0,   119.6,standalone_exact_mw,77d802c74222c3324b7f1323f7447c6411ad27be92307b6127e53af575faadca,"{""distance"":5,""physical_error_rate"":0.001}","{""detection_events"":1938018,""detectors_checked"":467468288,""obs_mistake_mask=E"":10}"
   4098048,         0,         0,   119.3,standalone_exact_mw,aea10f45e3589e84a00777b800d38e8a3149bd6cb552c409f3bffd718c1a0abf,"{""distance"":5,""physical_error_rate"":5e-05}","{""detection_events"":190713,""detectors_checked"":917962752}"
   4433920,         0,         0,   119.3,standalone_exact_mw,cc9149276d16e61a5ac322a1d2048afebd34054fe0ed4879b77eb616628c1148,"{""distance"":5,""physical_error_rate"":0.0001}","{""detection_events"":413793,""detectors_checked"":993198080}"
   2497536,         0,         0,   119.5,standalone_exact_mw,503ee55b5ad1b1988379a241a0405811522ee4d50b473755532ad1299cb121e2,"{""distance"":5,""physical_error_rate"":0.0005}","{""detection_events"":1161201,""detectors_checked"":559448064}"
   1729536,         5,         0,   119.4,standalone_exact_mw,77d802c74222c3324b7f1323f7447c6411ad27be92307b6127e53af575faadca,"{""distance"":5,""physical_error_rate"":0.001}","{""detection_events"":1604426,""detectors_checked"":387416064,""obs_mistake_mask=E"":5}"
   1887232,        10,         0,   119.5,standalone_exact_mw,77d802c74222c3324b7f1323f7447c6411ad27be92307b6127e53af575faadca,"{""distance"":5,""physical_error_rate"":0.001}","{""detection_events"":1752641,""detectors_checked"":422739968,""obs_mistake_mask=E"":10}"
   2308096,         0,         0,   119.4,standalone_exact_mw,503ee55b5ad1b1988379a241a0405811522ee4d50b473755532ad1299cb121e2,"{""distance"":5,""physical_error_rate"":0.0005}","{""detection_events"":1073770,""detectors_checked"":517013504}"
   3460096,         0,         0,   119.3,standalone_exact_mw,29ae76c7f86edcd2f56343e8109d8463cbc736644db4e57527101e2f1c3606c8,"{""distance"":5,""physical_error_rate"":0.0002}","{""detection_events"":644554,""detectors_checked"":775061504}"
   4104192,         0,         0,   119.2,standalone_exact_mw,aea10f45e3589e84a00777b800d38e8a3149bd6cb552c409f3bffd718c1a0abf,"{""distance"":5,""physical_error_rate"":5e-05}","{""detection_events"":192706,""detectors_checked"":919339008}"
   3456000,         0,         0,   119.2,standalone_exact_mw,cc9149276d16e61a5ac322a1d2048afebd34054fe0ed4879b77eb616628c1148,"{""distance"":5,""physical_error_rate"":0.0001}","{""detection_events"":321021,""detectors_checked"":774144000}"
   2241536,         7,         0,   119.6,standalone_exact_mw,77d802c74222c3324b7f1323f7447c6411ad27be92307b6127e53af575faadca,"{""distance"":5,""physical_error_rate"":0.001}","{""detection_events"":2075240,""detectors_checked"":502104064,""obs_mistake_mask=E"":7}"
   3142656,         0,         0,   119.4,standalone_exact_mw,503ee55b5ad1b1988379a241a0405811522ee4d50b473755532ad1299cb121e2,"{""distance"":5,""physical_error_rate"":0.0005}","{""detection_events"":1461119,""detectors_checked"":703954944}"
   2900992,         0,         0,   119.3,standalone_exact_mw,cc9149276d16e61a5ac322a1d2048afebd34054fe0ed4879b77eb616628c1148,"{""distance"":5,""physical_error_rate"":0.0001}","{""detection_events"":270960,""detectors_checked"":649822208}"
   2084864,        11,         0,   119.6,standalone_exact_mw,77d802c74222c3324b7f1323f7447c6411ad27be92307b6127e53af575faadca,"{""distance"":5,""physical_error_rate"":0.001}","{""detection_events"":1935107,""detectors_checked"":467009536,""obs_mistake_mask=E"":11}"
   4447232,         0,         0,   119.3,standalone_exact_mw,aea10f45e3589e84a00777b800d38e8a3149bd6cb552c409f3bffd718c1a0abf,"{""distance"":5,""physical_error_rate"":5e-05}","{""detection_events"":206857,""detectors_checked"":996179968}"
   3077120,         2,         0,   119.6,standalone_exact_mw,503ee55b5ad1b1988379a241a0405811522ee4d50b473755532ad1299cb121e2,"{""distance"":5,""physical_error_rate"":0.0005}","{""detection_events"":1431582,""detectors_checked"":689274880,""obs_mistake_mask=E"":2}"
   4146176,         0,         0,   119.4,standalone_exact_mw,cc9149276d16e61a5ac322a1d2048afebd34054fe0ed4879b77eb616628c1148,"{""distance"":5,""physical_error_rate"":0.0001}","{""detection_events"":386674,""detectors_checked"":928743424}"
   4029440,         0,         0,   119.0,standalone_exact_mw,aea10f45e3589e84a00777b800d38e8a3149bd6cb552c409f3bffd718c1a0abf,"{""distance"":5,""physical_error_rate"":5e-05}","{""detection_events"":188811,""detectors_checked"":902594560}"
   1527808,         9,         0,   119.7,standalone_exact_mw,77d802c74222c3324b7f1323f7447c6411ad27be92307b6127e53af575faadca,"{""distance"":5,""physical_error_rate"":0.001}","{""detection_events"":1414004,""detectors_checked"":342228992,""obs_mistake_mask=E"":9}"
   3513344,         0,         0,   119.3,standalone_exact_mw,aea10f45e3589e84a00777b800d38e8a3149bd6cb552c409f3bffd718c1a0abf,"{""distance"":5,""physical_error_rate"":5e-05}","{""detection_events"":162074,""detectors_checked"":786989056}"
   3588096,         0,         0,   119.2,standalone_exact_mw,29ae76c7f86edcd2f56343e8109d8463cbc736644db4e57527101e2f1c3606c8,"{""distance"":5,""physical_error_rate"":0.0002}","{""detection_events"":667225,""detectors_checked"":803733504}"
   2934784,         0,         0,   119.4,standalone_exact_mw,29ae76c7f86edcd2f56343e8109d8463cbc736644db4e57527101e2f1c3606c8,"{""distance"":5,""physical_error_rate"":0.0002}","{""detection_events"":544208,""detectors_checked"":657391616}"
   3683328,         0,         0,   119.4,standalone_exact_mw,cc9149276d16e61a5ac322a1d2048afebd34054fe0ed4879b77eb616628c1148,"{""distance"":5,""physical_error_rate"":0.0001}","{""detection_events"":342591,""detectors_checked"":825065472}"
   3789824,         0,         0,   119.2,standalone_exact_mw,aea10f45e3589e84a00777b800d38e8a3149bd6cb552c409f3bffd718c1a0abf,"{""distance"":5,""physical_error_rate"":5e-05}","{""detection_events"":175613,""detectors_checked"":848920576}"
   3208192,         0,         0,   119.3,standalone_exact_mw,29ae76c7f86edcd2f56343e8109d8463cbc736644db4e57527101e2f1c3606c8,"{""distance"":5,""physical_error_rate"":0.0002}","{""detection_events"":598198,""detectors_checked"":718635008}"
   2987008,         1,         0,   119.4,standalone_exact_mw,503ee55b5ad1b1988379a241a0405811522ee4d50b473755532ad1299cb121e2,"{""distance"":5,""physical_error_rate"":0.0005}","{""detection_events"":1390109,""detectors_checked"":669089792,""obs_mistake_mask=E"":1}"
   4587520,         0,         0,   119.5,standalone_exact_mw,29ae76c7f86edcd2f56343e8109d8463cbc736644db4e57527101e2f1c3606c8,"{""distance"":5,""physical_error_rate"":0.0002}","{""detection_events"":855866,""detectors_checked"":1027604480}"
   2124800,         8,         0,   119.7,standalone_exact_mw,77d802c74222c3324b7f1323f7447c6411ad27be92307b6127e53af575faadca,"{""distance"":5,""physical_error_rate"":0.001}","{""detection_events"":1968839,""detectors_checked"":475955200,""obs_mistake_mask=E"":8}"
   3136512,         0,         0,   119.4,standalone_exact_mw,503ee55b5ad1b1988379a241a0405811522ee4d50b473755532ad1299cb121e2,"{""distance"":5,""physical_error_rate"":0.0005}","{""detection_events"":1459002,""detectors_checked"":702578688}"
   3881984,         0,         0,   119.4,standalone_exact_mw,cc9149276d16e61a5ac322a1d2048afebd34054fe0ed4879b77eb616628c1148,"{""distance"":5,""physical_error_rate"":0.0001}","{""detection_events"":361893,""detectors_checked"":869564416}"
   4152320,         0,         0,   119.3,standalone_exact_mw,29ae76c7f86edcd2f56343e8109d8463cbc736644db4e57527101e2f1c3606c8,"{""distance"":5,""physical_error_rate"":0.0002}","{""detection_events"":775906,""detectors_checked"":930119680}"
   4401152,         0,         0,   119.3,standalone_exact_mw,aea10f45e3589e84a00777b800d38e8a3149bd6cb552c409f3bffd718c1a0abf,"{""distance"":5,""physical_error_rate"":5e-05}","{""detection_events"":205980,""detectors_checked"":985858048}"
   2998272,         2,         0,   119.5,standalone_exact_mw,503ee55b5ad1b1988379a241a0405811522ee4d50b473755532ad1299cb121e2,"{""distance"":5,""physical_error_rate"":0.0005}","{""detection_events"":1393678,""detectors_checked"":671612928,""obs_mistake_mask=E"":2}"
   3748864,         0,         0,   119.3,standalone_exact_mw,29ae76c7f86edcd2f56343e8109d8463cbc736644db4e57527101e2f1c3606c8,"{""distance"":5,""physical_error_rate"":0.0002}","{""detection_events"":700300,""detectors_checked"":839745536}"
   4242432,         0,         0,   119.4,standalone_exact_mw,aea10f45e3589e84a00777b800d38e8a3149bd6cb552c409f3bffd718c1a0abf,"{""distance"":5,""physical_error_rate"":5e-05}","{""detection_events"":198257,""detectors_checked"":950304768}"
   4110336,         0,         0,   119.5,standalone_exact_mw,cc9149276d16e61a5ac322a1d2048afebd34054fe0ed4879b77eb616628c1148,"{""distance"":5,""physical_error_rate"":0.0001}","{""detection_events"":381117,""detectors_checked"":920715264}"
   3269632,         0,         0,   119.3,standalone_exact_mw,29ae76c7f86edcd2f56343e8109d8463cbc736644db4e57527101e2f1c3606c8,"{""distance"":5,""physical_error_rate"":0.0002}","{""detection_events"":611294,""detectors_checked"":732397568}"
   3634176,         0,         0,   119.5,standalone_exact_mw,cc9149276d16e61a5ac322a1d2048afebd34054fe0ed4879b77eb616628c1148,"{""distance"":5,""physical_error_rate"":0.0001}","{""detection_events"":339732,""detectors_checked"":814055424}"
   3360768,         0,         0,   119.2,standalone_exact_mw,aea10f45e3589e84a00777b800d38e8a3149bd6cb552c409f3bffd718c1a0abf,"{""distance"":5,""physical_error_rate"":5e-05}","{""detection_events"":156462,""detectors_checked"":752812032}"
   3434496,         0,         0,   119.3,standalone_exact_mw,cc9149276d16e61a5ac322a1d2048afebd34054fe0ed4879b77eb616628c1148,"{""distance"":5,""physical_error_rate"":0.0001}","{""detection_events"":320064,""detectors_checked"":769327104}"
   1847296,         4,         0,   119.4,standalone_exact_mw,77d802c74222c3324b7f1323f7447c6411ad27be92307b6127e53af575faadca,"{""distance"":5,""physical_error_rate"":0.001}","{""detection_events"":1717967,""detectors_checked"":413794304,""obs_mistake_mask=E"":4}"
   1903616,         6,         0,   119.5,standalone_exact_mw,77d802c74222c3324b7f1323f7447c6411ad27be92307b6127e53af575faadca,"{""distance"":5,""physical_error_rate"":0.001}","{""detection_events"":1769077,""detectors_checked"":426409984,""obs_mistake_mask=E"":6}"
   2322432,         5,         0,   119.6,standalone_exact_mw,77d802c74222c3324b7f1323f7447c6411ad27be92307b6127e53af575faadca,"{""distance"":5,""physical_error_rate"":0.001}","{""detection_events"":2153719,""detectors_checked"":520224768,""obs_mistake_mask=E"":5}"
   4705280,         0,         0,   119.4,standalone_exact_mw,cc9149276d16e61a5ac322a1d2048afebd34054fe0ed4879b77eb616628c1148,"{""distance"":5,""physical_error_rate"":0.0001}","{""detection_events"":440120,""detectors_checked"":1053982720}"
   2979840,         0,         0,   119.5,standalone_exact_mw,503ee55b5ad1b1988379a241a0405811522ee4d50b473755532ad1299cb121e2,"{""distance"":5,""physical_error_rate"":0.0005}","{""detection_events"":1390573,""detectors_checked"":667484160}"
   3657728,         0,         0,   119.5,standalone_exact_mw,29ae76c7f86edcd2f56343e8109d8463cbc736644db4e57527101e2f1c3606c8,"{""distance"":5,""physical_error_rate"":0.0002}","{""detection_events"":681967,""detectors_checked"":819331072}"
   2404352,         1,         0,   119.3,standalone_exact_mw,503ee55b5ad1b1988379a241a0405811522ee4d50b473755532ad1299cb121e2,"{""distance"":5,""physical_error_rate"":0.0005}","{""detection_events"":1119316,""detectors_checked"":538574848,""obs_mistake_mask=E"":1}"
   4653056,         0,         0,   119.3,standalone_exact_mw,aea10f45e3589e84a00777b800d38e8a3149bd6cb552c409f3bffd718c1a0abf,"{""distance"":5,""physical_error_rate"":5e-05}","{""detection_events"":216495,""detectors_checked"":1042284544}"
   4269056,         0,         0,   119.2,standalone_exact_mw,aea10f45e3589e84a00777b800d38e8a3149bd6cb552c409f3bffd718c1a0abf,"{""distance"":5,""physical_error_rate"":5e-05}","{""detection_events"":199638,""detectors_checked"":956268544}"
   1891328,         5,         0,   119.5,standalone_exact_mw,77d802c74222c3324b7f1323f7447c6411ad27be92307b6127e53af575faadca,"{""distance"":5,""physical_error_rate"":0.001}","{""detection_events"":1755496,""detectors_checked"":423657472,""obs_mistake_mask=E"":5}"
   2343936,         1,         0,   119.3,standalone_exact_mw,503ee55b5ad1b1988379a241a0405811522ee4d50b473755532ad1299cb121e2,"{""distance"":5,""physical_error_rate"":0.0005}","{""detection_events"":1089056,""detectors_checked"":525041664,""obs_mistake_mask=E"":1}"
   2919424,         0,         0,   119.2,standalone_exact_mw,29ae76c7f86edcd2f56343e8109d8463cbc736644db4e57527101e2f1c3606c8,"{""distance"":5,""physical_error_rate"":0.0002}","{""detection_events"":544060,""detectors_checked"":653950976}"
   3717120,         0,         0,   119.3,standalone_exact_mw,29ae76c7f86edcd2f56343e8109d8463cbc736644db4e57527101e2f1c3606c8,"{""distance"":5,""physical_error_rate"":0.0002}","{""detection_events"":691403,""detectors_checked"":832634880}"
   3532800,         0,         0,   119.3,standalone_exact_mw,cc9149276d16e61a5ac322a1d2048afebd34054fe0ed4879b77eb616628c1148,"{""distance"":5,""physical_error_rate"":0.0001}","{""detection_events"":329828,""detectors_checked"":791347200}"
   2375680,         6,         0,   119.6,standalone_exact_mw,77d802c74222c3324b7f1323f7447c6411ad27be92307b6127e53af575faadca,"{""distance"":5,""physical_error_rate"":0.001}","{""detection_events"":2202461,""detectors_checked"":532152320,""obs_mistake_mask=E"":6}"
   2455552,         0,         0,   119.4,standalone_exact_mw,503ee55b5ad1b1988379a241a0405811522ee4d50b473755532ad1299cb121e2,"{""distance"":5,""physical_error_rate"":0.0005}","{""detection_events"":1143377,""detectors_checked"":550043648}"
   3272704,         0,         0,   119.2,standalone_exact_mw,aea10f45e3589e84a00777b800d38e8a3149bd6cb552c409f3bffd718c1a0abf,"{""distance"":5,""physical_error_rate"":5e-05}","{""detection_events"":152023,""detectors_checked"":733085696}"
   2866176,         2,         0,   119.5,standalone_exact_mw,503ee55b5ad1b1988379a241a0405811522ee4d50b473755532ad1299cb121e2,"{""distance"":5,""physical_error_rate"":0.0005}","{""detection_events"":1331838,""detectors_checked"":642023424,""obs_mistake_mask=E"":2}"
   3681280,         0,         0,   119.3,standalone_exact_mw,29ae76c7f86edcd2f56343e8109d8463cbc736644db4e57527101e2f1c3606c8,"{""distance"":5,""physical_error_rate"":0.0002}","{""detection_events"":685077,""detectors_checked"":824606720}"
   3497984,         0,         0,   119.2,standalone_exact_mw,aea10f45e3589e84a00777b800d38e8a3149bd6cb552c409f3bffd718c1a0abf,"{""distance"":5,""physical_error_rate"":5e-05}","{""detection_events"":162403,""detectors_checked"":783548416}"
   2995200,         0,         0,   119.4,standalone_exact_mw,29ae76c7f86edcd2f56343e8109d8463cbc736644db4e57527101e2f1c3606c8,"{""distance"":5,""physical_error_rate"":0.0002}","{""detection_events"":557116,""detectors_checked"":670924800}"
   2145280,         8,         0,   119.5,standalone_exact_mw,77d802c74222c3324b7f1323f7447c6411ad27be92307b6127e53af575faadca,"{""distance"":5,""physical_error_rate"":0.001}","{""detection_events"":1991216,""detectors_checked"":480542720,""obs_mistake_mask=E"":8}"
   4225024,         0,         0,   119.4,standalone_exact_mw,cc9149276d16e61a5ac322a1d2048afebd34054fe0ed4879b77eb616628c1148,"{""distance"":5,""physical_error_rate"":0.0001}","{""detection_events"":395154,""detectors_checked"":946405376}"
   2780160,         0,         0,   119.4,standalone_exact_mw,503ee55b5ad1b1988379a241a0405811522ee4d50b473755532ad1299cb121e2,"{""distance"":5,""physical_error_rate"":0.0005}","{""detection_events"":1293972,""detectors_checked"":622755840}"
   2227200,         9,         0,   119.5,standalone_exact_mw,77d802c74222c3324b7f1323f7447c6411ad27be92307b6127e53af575faadca,"{""distance"":5,""physical_error_rate"":0.001}","{""detection_events"":2068499,""detectors_checked"":498892800,""obs_mistake_mask=E"":9}"
   4203520,         0,         0,   119.3,standalone_exact_mw,aea10f45e3589e84a00777b800d38e8a3149bd6cb552c409f3bffd718c1a0abf,"{""distance"":5,""physical_error_rate"":5e-05}","{""detection_events"":197390,""detectors_checked"":941588480}"
   4539392,         0,         0,   119.5,standalone_exact_mw,cc9149276d16e61a5ac322a1d2048afebd34054fe0ed4879b77eb616628c1148,"{""distance"":5,""physical_error_rate"":0.0001}","{""detection_events"":422632,""detectors_checked"":1016823808}"
   2386944,         1,         0,   119.5,standalone_exact_mw,503ee55b5ad1b1988379a241a0405811522ee4d50b473755532ad1299cb121e2,"{""distance"":5,""physical_error_rate"":0.0005}","{""detection_events"":1111971,""detectors_checked"":534675456,""obs_mistake_mask=E"":1}"
   1805312,         5,         0,   119.6,standalone_exact_mw,77d802c74222c3324b7f1323f7447c6411ad27be92307b6127e53af575faadca,"{""distance"":5,""physical_error_rate"":0.001}","{""detection_events"":1672025,""detectors_checked"":404389888,""obs_mistake_mask=E"":5}"
   1867776,         7,         0,   119.6,standalone_exact_mw,77d802c74222c3324b7f1323f7447c6411ad27be92307b6127e53af575faadca,"{""distance"":5,""physical_error_rate"":0.001}","{""detection_events"":1732316,""detectors_checked"":418381824,""obs_mistake_mask=E"":7}"
   2697216,         1,         0,   119.4,standalone_exact_mw,503ee55b5ad1b1988379a241a0405811522ee4d50b473755532ad1299cb121e2,"{""distance"":5,""physical_error_rate"":0.0005}","{""detection_events"":1257360,""detectors_checked"":604176384,""obs_mistake_mask=E"":1}"
   3581952,         0,         0,   119.2,standalone_exact_mw,29ae76c7f86edcd2f56343e8109d8463cbc736644db4e57527101e2f1c3606c8,"{""distance"":5,""physical_error_rate"":0.0002}","{""detection_events"":670849,""detectors_checked"":802357248}"
   3992576,         0,         0,   119.1,standalone_exact_mw,aea10f45e3589e84a00777b800d38e8a3149bd6cb552c409f3bffd718c1a0abf,"{""distance"":5,""physical_error_rate"":5e-05}","{""detection_events"":187730,""detectors_checked"":894337024}"
   3835904,         0,         0,   119.5,standalone_exact_mw,cc9149276d16e61a5ac322a1d2048afebd34054fe0ed4879b77eb616628c1148,"{""distance"":5,""physical_error_rate"":0.0001}","{""detection_events"":357196,""detectors_checked"":859242496}"
   2266112,        15,         0,   119.6,standalone_exact_mw,77d802c74222c3324b7f1323f7447c6411ad27be92307b6127e53af575faadca,"{""distance"":5,""physical_error_rate"":0.001}","{""detection_events"":2099383,""detectors_checked"":507609088,""obs_mistake_mask=E"":15}"
   3178496,         1,         0,   119.4,standalone_exact_mw,503ee55b5ad1b1988379a241a0405811522ee4d50b473755532ad1299cb121e2,"{""distance"":5,""physical_error_rate"":0.0005}","{""detection_events"":1475003,""detectors_checked"":711983104,""obs_mistake_mask=E"":1}"
   3346432,         0,         0,   119.2,standalone_exact_mw,cc9149276d16e61a5ac322a1d2048afebd34054fe0ed4879b77eb616628c1148,"{""distance"":5,""physical_error_rate"":0.0001}","{""detection_events"":312125,""detectors_checked"":749600768}"
   2148352,         9,         0,   119.6,standalone_exact_mw,77d802c74222c3324b7f1323f7447c6411ad27be92307b6127e53af575faadca,"{""distance"":5,""physical_error_rate"":0.001}","{""detection_events"":1990606,""detectors_checked"":481230848,""obs_mistake_mask=E"":9}"
   3474432,         0,         0,   119.2,standalone_exact_mw,aea10f45e3589e84a00777b800d38e8a3149bd6cb552c409f3bffd718c1a0abf,"{""distance"":5,""physical_error_rate"":5e-05}","{""detection_events"":162934,""detectors_checked"":778272768}"
   3115008,         1,         0,   119.5,standalone_exact_mw,503ee55b5ad1b1988379a241a0405811522ee4d50b473755532ad1299cb121e2,"{""distance"":5,""physical_error_rate"":0.0005}","{""detection_events"":1453072,""detectors_checked"":697761792,""obs_mistake_mask=E"":1}"
   3440640,         0,         0,   119.1,standalone_exact_mw,cc9149276d16e61a5ac322a1d2048afebd34054fe0ed4879b77eb616628c1148,"{""distance"":5,""physical_error_rate"":0.0001}","{""detection_events"":320696,""detectors_checked"":770703360}"
   3438592,         0,         0,   119.2,standalone_exact_mw,aea10f45e3589e84a00777b800d38e8a3149bd6cb552c409f3bffd718c1a0abf,"{""distance"":5,""physical_error_rate"":5e-05}","{""detection_events"":160344,""detectors_checked"":770244608}"
   1825792,         7,         0,   119.5,standalone_exact_mw,77d802c74222c3324b7f1323f7447c6411ad27be92307b6127e53af575faadca,"{""distance"":5,""physical_error_rate"":0.001}","{""detection_events"":1692738,""detectors_checked"":408977408,""obs_mistake_mask=E"":7}"
   4538368,         0,         0,   119.4,standalone_exact_mw,aea10f45e3589e84a00777b800d38e8a3149bd6cb552c409f3bffd718c1a0abf,"{""distance"":5,""physical_error_rate"":5e-05}","{""detection_events"":212444,""detectors_checked"":1016594432}"
   3274752,         0,         0,   119.3,standalone_exact_mw,29ae76c7f86edcd2f56343e8109d8463cbc736644db4e57527101e2f1c3606c8,"{""distance"":5,""physical_error_rate"":0.0002}","{""detection_events"":609817,""detectors_checked"":733544448}"
   3574784,         0,         0,   119.3,standalone_exact_mw,29ae76c7f86edcd2f56343e8109d8463cbc736644db4e57527101e2f1c3606c8,"{""distance"":5,""physical_error_rate"":0.0002}","{""detection_events"":666332,""detectors_checked"":800751616}"
   4067328,         0,         0,   119.5,standalone_exact_mw,cc9149276d16e61a5ac322a1d2048afebd34054fe0ed4879b77eb616628c1148,"{""distance"":5,""physical_error_rate"":0.0001}","{""detection_events"":377664,""detectors_checked"":911081472}"
   4081664,         0,         0,   119.3,standalone_exact_mw,aea10f45e3589e84a00777b800d38e8a3149bd6cb552c409f3bffd718c1a0abf,"{""distance"":5,""physical_error_rate"":5e-05}","{""detection_events"":191073,""detectors_checked"":914292736}"
   2734080,         0,         0,   119.3,standalone_exact_mw,29ae76c7f86edcd2f56343e8109d8463cbc736644db4e57527101e2f1c3606c8,"{""distance"":5,""physical_error_rate"":0.0002}","{""detection_events"":510452,""detectors_checked"":612433920}"
   2634752,         3,         0,   119.3,standalone_exact_mw,503ee55b5ad1b1988379a241a0405811522ee4d50b473755532ad1299cb121e2,"{""distance"":5,""physical_error_rate"":0.0005}","{""detection_events"":1224909,""detectors_checked"":590184448,""obs_mistake_mask=E"":3}"
   3915776,         0,         0,   119.2,standalone_exact_mw,29ae76c7f86edcd2f56343e8109d8463cbc736644db4e57527101e2f1c3606c8,"{""distance"":5,""physical_error_rate"":0.0002}","{""detection_events"":730791,""detectors_checked"":877133824}"
   2751488,         9,         0,   119.7,standalone_exact_mw,77d802c74222c3324b7f1323f7447c6411ad27be92307b6127e53af575faadca,"{""distance"":5,""physical_error_rate"":0.001}","{""detection_events"":2553713,""detectors_checked"":616333312,""obs_mistake_mask=E"":9}"
   2947072,         2,         0,   119.5,standalone_exact_mw,503ee55b5ad1b1988379a241a0405811522ee4d50b473755532ad1299cb121e2,"{""distance"":5,""physical_error_rate"":0.0005}","{""detection_events"":1373773,""detectors_checked"":660144128,""obs_mistake_mask=E"":2}"
   3692544,         0,         0,   119.4,standalone_exact_mw,cc9149276d16e61a5ac322a1d2048afebd34054fe0ed4879b77eb616628c1148,"{""distance"":5,""physical_error_rate"":0.0001}","{""detection_events"":342492,""detectors_checked"":827129856}"
   3651584,         0,         0,   119.3,standalone_exact_mw,29ae76c7f86edcd2f56343e8109d8463cbc736644db4e57527101e2f1c3606c8,"{""distance"":5,""physical_error_rate"":0.0002}","{""detection_events"":679975,""detectors_checked"":817954816}"
   3973120,         0,         0,   119.1,standalone_exact_mw,aea10f45e3589e84a00777b800d38e8a3149bd6cb552c409f3bffd718c1a0abf,"{""distance"":5,""physical_error_rate"":5e-05}","{""detection_events"":186784,""detectors_checked"":889978880}"
   2966528,         2,         0,   119.4,standalone_exact_mw,503ee55b5ad1b1988379a241a0405811522ee4d50b473755532ad1299cb121e2,"{""distance"":5,""physical_error_rate"":0.0005}","{""detection_events"":1380168,""detectors_checked"":664502272,""obs_mistake_mask=E"":2}"
   3697664,         1,         0,   119.3,standalone_exact_mw,29ae76c7f86edcd2f56343e8109d8463cbc736644db4e57527101e2f1c3606c8,"{""distance"":5,""physical_error_rate"":0.0002}","{""detection_events"":689882,""detectors_checked"":828276736,""obs_mistake_mask=E"":1}"
   4005888,         0,         0,   119.3,standalone_exact_mw,aea10f45e3589e84a00777b800d38e8a3149bd6cb552c409f3bffd718c1a0abf,"{""distance"":5,""physical_error_rate"":5e-05}","{""detection_events"":187799,""detectors_checked"":897318912}"
   3733504,         0,         0,   119.3,standalone_exact_mw,cc9149276d16e61a5ac322a1d2048afebd34054fe0ed4879b77eb616628c1148,"{""distance"":5,""physical_error_rate"":0.0001}","{""detection_events"":349353,""detectors_checked"":836304896}"
   3058688,         0,         0,   119.3,standalone_exact_mw,29ae76c7f86edcd2f56343e8109d8463cbc736644db4e57527101e2f1c3606c8,"{""distance"":5,""physical_error_rate"":0.0002}","{""detection_events"":568815,""detectors_checked"":685146112}"
   3724288,         0,         0,   119.3,standalone_exact_mw,cc9149276d16e61a5ac322a1d2048afebd34054fe0ed4879b77eb616628c1148,"{""distance"":5,""physical_error_rate"":0.0001}","{""detection_events"":346524,""detectors_checked"":834240512}"
   3834880,         0,         0,   119.2,standalone_exact_mw,aea10f45e3589e84a00777b800d38e8a3149bd6cb552c409f3bffd718c1a0abf,"{""distance"":5,""physical_error_rate"":5e-05}","{""detection_events"":178995,""detectors_checked"":859013120}"
   4005888,         0,         0,   119.4,standalone_exact_mw,cc9149276d16e61a5ac322a1d2048afebd34054fe0ed4879b77eb616628c1148,"{""distance"":5,""physical_error_rate"":0.0001}","{""detection_events"":373165,""detectors_checked"":897318912}"
   1913856,         6,         0,   119.5,standalone_exact_mw,77d802c74222c3324b7f1323f7447c6411ad27be92307b6127e53af575faadca,"{""distance"":5,""physical_error_rate"":0.001}","{""detection_events"":1777002,""detectors_checked"":428703744,""obs_mistake_mask=E"":6}"
   2390016,        10,         0,   119.6,standalone_exact_mw,77d802c74222c3324b7f1323f7447c6411ad27be92307b6127e53af575faadca,"{""distance"":5,""physical_error_rate"":0.001}","{""detection_events"":2220774,""detectors_checked"":535363584,""obs_mistake_mask=E"":10}"
   3460096,         0,         0,   119.4,standalone_exact_mw,cc9149276d16e61a5ac322a1d2048afebd34054fe0ed4879b77eb616628c1148,"{""distance"":5,""physical_error_rate"":0.0001}","{""detection_events"":323378,""detectors_checked"":775061504}"
   1705984,        12,         0,   119.5,standalone_exact_mw,77d802c74222c3324b7f1323f7447c6411ad27be92307b6127e53af575faadca,"{""distance"":5,""physical_error_rate"":0.001}","{""detection_events"":1583494,""detectors_checked"":382140416,""obs_mistake_mask=E"":12}"
   2654208,         0,         0,   119.6,standalone_exact_mw,503ee55b5ad1b1988379a241a0405811522ee4d50b473755532ad1299cb121e2,"{""distance"":5,""physical_error_rate"":0.0005}","{""detection_events"":1234868,""detectors_checked"":594542592}"
   3783680,         0,         0,   119.4,standalone_exact_mw,29ae76c7f86edcd2f56343e8109d8463cbc736644db4e57527101e2f1c3606c8,"{""distance"":5,""physical_error_rate"":0.0002}","{""detection_events"":703996,""detectors_checked"":847544320}"
   2610176,         1,         0,   119.4,standalone_exact_mw,503ee55b5ad1b1988379a241a0405811522ee4d50b473755532ad1299cb121e2,"{""distance"":5,""physical_error_rate"":0.0005}","{""detection_events"":1215041,""detectors_checked"":584679424,""obs_mistake_mask=E"":1}"
   3222528,         0,         0,   119.1,standalone_exact_mw,aea10f45e3589e84a00777b800d38e8a3149bd6cb552c409f3bffd718c1a0abf,"{""distance"":5,""physical_error_rate"":5e-05}","{""detection_events"":150257,""detectors_checked"":721846272}"
   4744192,         0,         0,   119.4,standalone_exact_mw,aea10f45e3589e84a00777b800d38e8a3149bd6cb552c409f3bffd718c1a0abf,"{""distance"":5,""physical_error_rate"":5e-05}","{""detection_events"":221617,""detectors_checked"":1062699008}"
   1818624,         8,         0,   119.5,standalone_exact_mw,77d802c74222c3324b7f1323f7447c6411ad27be92307b6127e53af575faadca,"{""distance"":5,""physical_error_rate"":0.001}","{""detection_events"":1689318,""detectors_checked"":407371776,""obs_mistake_mask=E"":8}"
   2603008,         3,         0,   119.5,standalone_exact_mw,503ee55b5ad1b1988379a241a0405811522ee4d50b473755532ad1299cb121e2,"{""distance"":5,""physical_error_rate"":0.0005}","{""detection_events"":1209687,""detectors_checked"":583073792,""obs_mistake_mask=E"":3}"
   3598336,         0,         0,   119.3,standalone_exact_mw,29ae76c7f86edcd2f56343e8109d8463cbc736644db4e57527101e2f1c3606c8,"{""distance"":5,""physical_error_rate"":0.0002}","{""detection_events"":669196,""detectors_checked"":806027264}"
   3502080,         1,         0,   119.4,standalone_exact_mw,29ae76c7f86edcd2f56343e8109d8463cbc736644db4e57527101e2f1c3606c8,"{""distance"":5,""physical_error_rate"":0.0002}","{""detection_events"":651498,""detectors_checked"":784465920,""obs_mistake_mask=E"":1}"
   3876864,         0,         0,   119.3,standalone_exact_mw,cc9149276d16e61a5ac322a1d2048afebd34054fe0ed4879b77eb616628c1148,"{""distance"":5,""physical_error_rate"":0.0001}","{""detection_events"":362099,""detectors_checked"":868417536}"
   2299904,        13,         0,   119.5,standalone_exact_mw,77d802c74222c3324b7f1323f7447c6411ad27be92307b6127e53af575faadca,"{""distance"":5,""physical_error_rate"":0.001}","{""detection_events"":2134416,""detectors_checked"":515178496,""obs_mistake_mask=E"":13}"
   2737152,         1,         0,   119.6,standalone_exact_mw,503ee55b5ad1b1988379a241a0405811522ee4d50b473755532ad1299cb121e2,"{""distance"":5,""physical_error_rate"":0.0005}","{""detection_events"":1272669,""detectors_checked"":613122048,""obs_mistake_mask=E"":1}"
   4417536,         0,         0,   119.2,standalone_exact_mw,aea10f45e3589e84a00777b800d38e8a3149bd6cb552c409f3bffd718c1a0abf,"{""distance"":5,""physical_error_rate"":5e-05}","{""detection_events"":206510,""detectors_checked"":989528064}"
   2720768,         0,         0,   119.4,standalone_exact_mw,503ee55b5ad1b1988379a241a0405811522ee4d50b473755532ad1299cb121e2,"{""distance"":5,""physical_error_rate"":0.0005}","{""detection_events"":1265262,""detectors_checked"":609452032}"
   3639296,         0,         0,   119.2,standalone_exact_mw,29ae76c7f86edcd2f56343e8109d8463cbc736644db4e57527101e2f1c3606c8,"{""distance"":5,""physical_error_rate"":0.0002}","{""detection_events"":677312,""detectors_checked"":815202304}"
   3487744,         0,         0,   119.1,standalone_exact_mw,aea10f45e3589e84a00777b800d38e8a3149bd6cb552c409f3bffd718c1a0abf,"{""distance"":5,""physical_error_rate"":5e-05}","{""detection_events"":162282,""detectors_checked"":781254656}"
   3588096,         0,         0,   119.4,standalone_exact_mw,29ae76c7f86edcd2f56343e8109d8463cbc736644db4e57527101e2f1c3606c8,"{""distance"":5,""physical_error_rate"":0.0002}","{""detection_events"":669339,""detectors_checked"":803733504}"
   2112512,         8,         0,   119.6,standalone_exact_mw,77d802c74222c3324b7f1323f7447c6411ad27be92307b6127e53af575faadca,"{""distance"":5,""physical_error_rate"":0.001}","{""detection_events"":1958975,""detectors_checked"":473202688,""obs_mistake_mask=E"":8}"
   4119552,         0,         0,   119.4,standalone_exact_mw,cc9149276d16e61a5ac322a1d2048afebd34054fe0ed4879b77eb616628c1148,"{""distance"":5,""physical_error_rate"":0.0001}","{""detection_events"":382860,""detectors_checked"":922779648}"
   2884608,         3,         0,   119.2,standalone_exact_mw,503ee55b5ad1b1988379a241a0405811522ee4d50b473755532ad1299cb121e2,"{""distance"":5,""physical_error_rate"":0.0005}","{""detection_events"":1343126,""detectors_checked"":646152192,""obs_mistake_mask=E"":3}"
   1927168,         4,         0,   119.5,standalone_exact_mw,77d802c74222c3324b7f1323f7447c6411ad27be92307b6127e53af575faadca,"{""distance"":5,""physical_error_rate"":0.001}","{""detection_events"":1790440,""detectors_checked"":431685632,""obs_mistake_mask=E"":4}"
   4270080,         0,         0,   119.3,standalone_exact_mw,aea10f45e3589e84a00777b800d38e8a3149bd6cb552c409f3bffd718c1a0abf,"{""distance"":5,""physical_error_rate"":5e-05}","{""detection_events"":199091,""detectors_checked"":956497920}"
   4568064,         0,         0,   119.5,standalone_exact_mw,cc9149276d16e61a5ac322a1d2048afebd34054fe0ed4879b77eb616628c1148,"{""distance"":5,""physical_error_rate"":0.0001}","{""detection_events"":424250,""detectors_checked"":1023246336}"
   2615296,         1,         0,   119.5,standalone_exact_mw,503ee55b5ad1b1988379a241a0405811522ee4d50b473755532ad1299cb121e2,"{""distance"":5,""physical_error_rate"":0.0005}","{""detection_events"":1216529,""detectors_checked"":585826304,""obs_mistake_mask=E"":1}"
   1652736,         4,         0,   119.6,standalone_exact_mw,77d802c74222c3324b7f1323f7447c6411ad27be92307b6127e53af575faadca,"{""distance"":5,""physical_error_rate"":0.001}","{""detection_events"":1533268,""detectors_checked"":370212864,""obs_mistake_mask=E"":4}"
   2114560,         4,         0,   119.6,standalone_exact_mw,77d802c74222c3324b7f1323f7447c6411ad27be92307b6127e53af575faadca,"{""distance"":5,""physical_error_rate"":0.001}","{""detection_events"":1965519,""detectors_checked"":473661440,""obs_mistake_mask=E"":4}"
   2676736,         2,         0,   119.5,standalone_exact_mw,503ee55b5ad1b1988379a241a0405811522ee4d50b473755532ad1299cb121e2,"{""distance"":5,""physical_error_rate"":0.0005}","{""detection_events"":1241082,""detectors_checked"":599588864,""obs_mistake_mask=E"":2}"
   3441664,         0,         0,   119.2,standalone_exact_mw,29ae76c7f86edcd2f56343e8109d8463cbc736644db4e57527101e2f1c3606c8,"{""distance"":5,""physical_error_rate"":0.0002}","{""detection_events"":637812,""detectors_checked"":770932736}"
   3497984,         0,         0,   119.4,standalone_exact_mw,aea10f45e3589e84a00777b800d38e8a3149bd6cb552c409f3bffd718c1a0abf,"{""distance"":5,""physical_error_rate"":5e-05}","{""detection_events"":163464,""detectors_checked"":783548416}"
   3896320,         0,         0,   119.4,standalone_exact_mw,cc9149276d16e61a5ac322a1d2048afebd34054fe0ed4879b77eb616628c1148,"{""distance"":5,""physical_error_rate"":0.0001}","{""detection_events"":362697,""detectors_checked"":872775680}"
   2148352,         5,         0,   119.5,standalone_exact_mw,77d802c74222c3324b7f1323f7447c6411ad27be92307b6127e53af575faadca,"{""distance"":5,""physical_error_rate"":0.001}","{""detection_events"":1991755,""detectors_checked"":481230848,""obs_mistake_mask=E"":5}"
   3032064,         0,         0,   119.4,standalone_exact_mw,503ee55b5ad1b1988379a241a0405811522ee4d50b473755532ad1299cb121e2,"{""distance"":5,""physical_error_rate"":0.0005}","{""detection_events"":1406883,""detectors_checked"":679182336}"
   3570688,         0,         0,   119.2,standalone_exact_mw,cc9149276d16e61a5ac322a1d2048afebd34054fe0ed4879b77eb616628c1148,"{""distance"":5,""physical_error_rate"":0.0001}","{""detection_events"":330629,""detectors_checked"":799834112}"
   2112512,         3,         0,   119.5,standalone_exact_mw,77d802c74222c3324b7f1323f7447c6411ad27be92307b6127e53af575faadca,"{""distance"":5,""physical_error_rate"":0.001}","{""detection_events"":1961878,""detectors_checked"":473202688,""obs_mistake_mask=E"":3}"
   3292160,         0,         0,   119.1,standalone_exact_mw,aea10f45e3589e84a00777b800d38e8a3149bd6cb552c409f3bffd718c1a0abf,"{""distance"":5,""physical_error_rate"":5e-05}","{""detection_events"":152265,""detectors_checked"":737443840}"
   2817024,         2,         0,   119.3,standalone_exact_mw,503ee55b5ad1b1988379a241a0405811522ee4d50b473755532ad1299cb121e2,"{""distance"":5,""physical_error_rate"":0.0005}","{""detection_events"":1309254,""detectors_checked"":631013376,""obs_mistake_mask=E"":2}"
   4028416,         0,         0,   119.3,standalone_exact_mw,cc9149276d16e61a5ac322a1d2048afebd34054fe0ed4879b77eb616628c1148,"{""distance"":5,""physical_error_rate"":0.0001}","{""detection_events"":374781,""detectors_checked"":902365184}"
   4685824,         0,         0,   119.1,standalone_exact_mw,aea10f45e3589e84a00777b800d38e8a3149bd6cb552c409f3bffd718c1a0abf,"{""distance"":5,""physical_error_rate"":5e-05}","{""detection_events"":216868,""detectors_checked"":1049624576}"
   2131968,         4,         0,   119.6,standalone_exact_mw,77d802c74222c3324b7f1323f7447c6411ad27be92307b6127e53af575faadca,"{""distance"":5,""physical_error_rate"":0.001}","{""detection_events"":1976233,""detectors_checked"":477560832,""obs_mistake_mask=E"":4}"
   1262592,         5,         0,    66.5,standalone_exact_mw,77d802c74222c3324b7f1323f7447c6411ad27be92307b6127e53af575faadca,"{""distance"":5,""physical_error_rate"":0.001}","{""detection_events"":1173596,""detectors_checked"":282820608,""obs_mistake_mask=E"":5}"
    877568,         5,         0,    57.9,standalone_exact_mw,77d802c74222c3324b7f1323f7447c6411ad27be92307b6127e53af575faadca,"{""distance"":5,""physical_error_rate"":0.001}","{""detection_events"":813133,""detectors_checked"":196575232,""obs_mistake_mask=E"":5}"
    491520,         0,         0,    26.5,standalone_exact_mw,77d802c74222c3324b7f1323f7447c6411ad27be92307b6127e53af575faadca,"{""distance"":5,""physical_error_rate"":0.001}","{""detection_events"":456960,""detectors_checked"":110100480}"
     44032,         0,         0,    2.62,standalone_exact_mw,77d802c74222c3324b7f1323f7447c6411ad27be92307b6127e53af575faadca,"{""distance"":5,""physical_error_rate"":0.001}","{""detection_events"":41318,""detectors_checked"":9863168}"
   1627136,         8,         0,    92.4,standalone_exact_mw,77d802c74222c3324b7f1323f7447c6411ad27be92307b6127e53af575faadca,"{""distance"":5,""physical_error_rate"":0.001}","{""detection_events"":1510066,""detectors_checked"":364478464,""obs_mistake_mask=E"":8}"
     77824,         0,         0,    4.35,standalone_exact_mw,77d802c74222c3324b7f1323f7447c6411ad27be92307b6127e53af575faadca,"{""distance"":5,""physical_error_rate"":0.001}","{""detection_events"":72028,""detectors_checked"":17432576}"
   1515520,         2,         0,    92.4,standalone_exact_mw,77d802c74222c3324b7f1323f7447c6411ad27be92307b6127e53af575faadca,"{""distance"":5,""physical_error_rate"":0.001}","{""detection_events"":1401891,""detectors_checked"":339476480,""obs_mistake_mask=E"":2}"
   1499136,         5,         0,    93.3,standalone_exact_mw,77d802c74222c3324b7f1323f7447c6411ad27be92307b6127e53af575faadca,"{""distance"":5,""physical_error_rate"":0.001}","{""detection_events"":1388550,""detectors_checked"":335806464,""obs_mistake_mask=E"":5}"
   1390592,        11,         0,    71.8,standalone_exact_mw,77d802c74222c3324b7f1323f7447c6411ad27be92307b6127e53af575faadca,"{""distance"":5,""physical_error_rate"":0.001}","{""detection_events"":1291382,""detectors_checked"":311492608,""obs_mistake_mask=E"":11}"
   1291264,         5,         0,    90.7,standalone_exact_mw,77d802c74222c3324b7f1323f7447c6411ad27be92307b6127e53af575faadca,"{""distance"":5,""physical_error_rate"":0.001}","{""detection_events"":1198660,""detectors_checked"":289243136,""obs_mistake_mask=E"":5}"
   1552384,         2,         0,   112.9,standalone_exact_mw,77d802c74222c3324b7f1323f7447c6411ad27be92307b6127e53af575faadca,"{""distance"":5,""physical_error_rate"":0.001}","{""detection_events"":1441014,""detectors_checked"":347734016,""obs_mistake_mask=E"":2}"
    504832,         1,         0,    34.7,standalone_exact_mw,77d802c74222c3324b7f1323f7447c6411ad27be92307b6127e53af575faadca,"{""distance"":5,""physical_error_rate"":0.001}","{""detection_events"":469088,""detectors_checked"":113082368,""obs_mistake_mask=E"":1}"
   4482048,         0,         0,   119.3,standalone_exact_mw,aea10f45e3589e84a00777b800d38e8a3149bd6cb552c409f3bffd718c1a0abf,"{""distance"":5,""physical_error_rate"":5e-05}","{""detection_events"":208556,""detectors_checked"":1003978752}"
   3347456,         0,         0,   119.3,standalone_exact_mw,29ae76c7f86edcd2f56343e8109d8463cbc736644db4e57527101e2f1c3606c8,"{""distance"":5,""physical_error_rate"":0.0002}","{""detection_events"":621793,""detectors_checked"":749830144}"
   3676160,         0,         0,   119.5,standalone_exact_mw,29ae76c7f86edcd2f56343e8109d8463cbc736644db4e57527101e2f1c3606c8,"{""distance"":5,""physical_error_rate"":0.0002}","{""detection_events"":684628,""detectors_checked"":823459840}"
   3922944,         0,         0,   119.4,standalone_exact_mw,cc9149276d16e61a5ac322a1d2048afebd34054fe0ed4879b77eb616628c1148,"{""distance"":5,""physical_error_rate"":0.0001}","{""detection_events"":366104,""detectors_checked"":878739456}"
   4142080,         0,         0,   119.2,standalone_exact_mw,aea10f45e3589e84a00777b800d38e8a3149bd6cb552c409f3bffd718c1a0abf,"{""distance"":5,""physical_error_rate"":5e-05}","{""detection_events"":192711,""detectors_checked"":927825920}"
   3707904,         0,         0,   119.3,standalone_exact_mw,29ae76c7f86edcd2f56343e8109d8463cbc736644db4e57527101e2f1c3606c8,"{""distance"":5,""physical_error_rate"":0.0002}","{""detection_events"":691189,""detectors_checked"":830570496}"
   2391040,         3,         0,   119.6,standalone_exact_mw,503ee55b5ad1b1988379a241a0405811522ee4d50b473755532ad1299cb121e2,"{""distance"":5,""physical_error_rate"":0.0005}","{""detection_events"":1112902,""detectors_checked"":535592960,""obs_mistake_mask=E"":3}"
   4029440,         0,         0,   119.4,standalone_exact_mw,29ae76c7f86edcd2f56343e8109d8463cbc736644db4e57527101e2f1c3606c8,"{""distance"":5,""physical_error_rate"":0.0002}","{""detection_events"":752339,""detectors_checked"":902594560}"
   3213312,         1,         0,   119.5,standalone_exact_mw,503ee55b5ad1b1988379a241a0405811522ee4d50b473755532ad1299cb121e2,"{""distance"":5,""physical_error_rate"":0.0005}","{""detection_events"":1497531,""detectors_checked"":719781888,""obs_mistake_mask=E"":1}"
   4257792,         0,         0,   119.3,standalone_exact_mw,cc9149276d16e61a5ac322a1d2048afebd34054fe0ed4879b77eb616628c1148,"{""distance"":5,""physical_error_rate"":0.0001}","{""detection_events"":397431,""detectors_checked"":953745408}"
   3931136,         0,         0,   119.1,standalone_exact_mw,29ae76c7f86edcd2f56343e8109d8463cbc736644db4e57527101e2f1c3606c8,"{""distance"":5,""physical_error_rate"":0.0002}","{""detection_events"":735167,""detectors_checked"":880574464}"
   4418560,         0,         0,   119.3,standalone_exact_mw,aea10f45e3589e84a00777b800d38e8a3149bd6cb552c409f3bffd718c1a0abf,"{""distance"":5,""physical_error_rate"":5e-05}","{""detection_events"":206734,""detectors_checked"":989757440}"
   3228672,         2,         0,   119.5,standalone_exact_mw,503ee55b5ad1b1988379a241a0405811522ee4d50b473755532ad1299cb121e2,"{""distance"":5,""physical_error_rate"":0.0005}","{""detection_events"":1499577,""detectors_checked"":723222528,""obs_mistake_mask=E"":2}"
         1,         0,         0,   0.000,standalone_exact_mw,29ae76c7f86edcd2f56343e8109d8463cbc736644db4e57527101e2f1c3606c8,"{""distance"":5,""physical_error_rate"":0.0002}","{""detection_events"":7,""detectors_checked"":224}"
      1296,         0,         0,   0.034,standalone_exact_mw,29ae76c7f86edcd2f56343e8109d8463cbc736644db4e57527101e2f1c3606c8,"{""distance"":5,""physical_error_rate"":0.0002}","{""detection_events"":260,""detectors_checked"":290304}"
      1024,         0,         0,   0.031,standalone_exact_mw,29ae76c7f86edcd2f56343e8109d8463cbc736644db4e57527101e2f1c3606c8,"{""distance"":5,""physical_error_rate"":0.0002}","{""detection_events"":195,""detectors_checked"":229376}"
      1297,         0,         0,   0.036,standalone_exact_mw,cc9149276d16e61a5ac322a1d2048afebd34054fe0ed4879b77eb616628c1148,"{""distance"":5,""physical_error_rate"":0.0001}","{""detection_events"":113,""detectors_checked"":290528}"
      1024,         0,         0,   0.031,standalone_exact_mw,29ae76c7f86edcd2f56343e8109d8463cbc736644db4e57527101e2f1c3606c8,"{""distance"":5,""physical_error_rate"":0.0002}","{""detection_events"":196,""detectors_checked"":229376}"
      2048,         0,         0,   0.044,standalone_exact_mw,cc9149276d16e61a5ac322a1d2048afebd34054fe0ed4879b77eb616628c1148,"{""distance"":5,""physical_error_rate"":0.0001}","{""detection_events"":197,""detectors_checked"":458752}"
      1024,         0,         0,   0.052,standalone_exact_mw,29ae76c7f86edcd2f56343e8109d8463cbc736644db4e57527101e2f1c3606c8,"{""distance"":5,""physical_error_rate"":0.0002}","{""detection_events"":195,""detectors_checked"":229376}"
      1024,         0,         0,   0.027,standalone_exact_mw,cc9149276d16e61a5ac322a1d2048afebd34054fe0ed4879b77eb616628c1148,"{""distance"":5,""physical_error_rate"":0.0001}","{""detection_events"":88,""detectors_checked"":229376}"
      2048,         0,         0,   0.054,standalone_exact_mw,cc9149276d16e61a5ac322a1d2048afebd34054fe0ed4879b77eb616628c1148,"{""distance"":5,""physical_error_rate"":0.0001}","{""detection_events"":212,""detectors_checked"":458752}"
      2048,         0,         0,   0.083,standalone_exact_mw,29ae76c7f86edcd2f56343e8109d8463cbc736644db4e57527101e2f1c3606c8,"{""distance"":5,""physical_error_rate"":0.0002}","{""detection_events"":361,""detectors_checked"":458752}"
      2048,         0,         0,   0.053,standalone_exact_mw,cc9149276d16e61a5ac322a1d2048afebd34054fe0ed4879b77eb616628c1148,"{""distance"":5,""physical_error_rate"":0.0001}","{""detection_events"":185,""detectors_checked"":458752}"
      3072,         0,         0,   0.066,standalone_exact_mw,cc9149276d16e61a5ac322a1d2048afebd34054fe0ed4879b77eb616628c1148,"{""distance"":5,""physical_error_rate"":0.0001}","{""detection_events"":331,""detectors_checked"":688128}"
      3072,         0,         0,   0.113,standalone_exact_mw,29ae76c7f86edcd2f56343e8109d8463cbc736644db4e57527101e2f1c3606c8,"{""distance"":5,""physical_error_rate"":0.0002}","{""detection_events"":515,""detectors_checked"":688128}"
      3072,         0,         0,   0.081,standalone_exact_mw,cc9149276d16e61a5ac322a1d2048afebd34054fe0ed4879b77eb616628c1148,"{""distance"":5,""physical_error_rate"":0.0001}","{""detection_events"":325,""detectors_checked"":688128}"
      3072,         0,         0,   0.107,standalone_exact_mw,29ae76c7f86edcd2f56343e8109d8463cbc736644db4e57527101e2f1c3606c8,"{""distance"":5,""physical_error_rate"":0.0002}","{""detection_events"":632,""detectors_checked"":688128}"
      4096,         0,         0,   0.109,standalone_exact_mw,cc9149276d16e61a5ac322a1d2048afebd34054fe0ed4879b77eb616628c1148,"{""distance"":5,""physical_error_rate"":0.0001}","{""detection_events"":374,""detectors_checked"":917504}"
      4096,         0,         0,   0.170,standalone_exact_mw,29ae76c7f86edcd2f56343e8109d8463cbc736644db4e57527101e2f1c3606c8,"{""distance"":5,""physical_error_rate"":0.0002}","{""detection_events"":849,""detectors_checked"":917504}"
      7168,         0,         0,   0.169,standalone_exact_mw,cc9149276d16e61a5ac322a1d2048afebd34054fe0ed4879b77eb616628c1148,"{""distance"":5,""physical_error_rate"":0.0001}","{""detection_events"":609,""detectors_checked"":1605632}"
      6144,         0,         0,   0.227,standalone_exact_mw,29ae76c7f86edcd2f56343e8109d8463cbc736644db4e57527101e2f1c3606c8,"{""distance"":5,""physical_error_rate"":0.0002}","{""detection_events"":1157,""detectors_checked"":1376256}"
      1297,         0,         0,   0.033,standalone_exact_mw,cc9149276d16e61a5ac322a1d2048afebd34054fe0ed4879b77eb616628c1148,"{""distance"":5,""physical_error_rate"":0.0001}","{""detection_events"":117,""detectors_checked"":290528}"
      1024,         0,         0,   0.027,standalone_exact_mw,cc9149276d16e61a5ac322a1d2048afebd34054fe0ed4879b77eb616628c1148,"{""distance"":5,""physical_error_rate"":0.0001}","{""detection_events"":102,""detectors_checked"":229376}"
      1024,         0,         0,   0.027,standalone_exact_mw,cc9149276d16e61a5ac322a1d2048afebd34054fe0ed4879b77eb616628c1148,"{""distance"":5,""physical_error_rate"":0.0001}","{""detection_events"":92,""detectors_checked"":229376}"
      8192,         0,         0,   0.214,standalone_exact_mw,cc9149276d16e61a5ac322a1d2048afebd34054fe0ed4879b77eb616628c1148,"{""distance"":5,""physical_error_rate"":0.0001}","{""detection_events"":707,""detectors_checked"":1835008}"
      1024,         0,         0,   0.027,standalone_exact_mw,cc9149276d16e61a5ac322a1d2048afebd34054fe0ed4879b77eb616628c1148,"{""distance"":5,""physical_error_rate"":0.0001}","{""detection_events"":103,""detectors_checked"":229376}"
      2048,         0,         0,   0.054,standalone_exact_mw,cc9149276d16e61a5ac322a1d2048afebd34054fe0ed4879b77eb616628c1148,"{""distance"":5,""physical_error_rate"":0.0001}","{""detection_events"":198,""detectors_checked"":458752}"
      3072,         0,         0,   0.080,standalone_exact_mw,cc9149276d16e61a5ac322a1d2048afebd34054fe0ed4879b77eb616628c1148,"{""distance"":5,""physical_error_rate"":0.0001}","{""detection_events"":292,""detectors_checked"":688128}"
      7168,         0,         0,   0.290,standalone_exact_mw,29ae76c7f86edcd2f56343e8109d8463cbc736644db4e57527101e2f1c3606c8,"{""distance"":5,""physical_error_rate"":0.0002}","{""detection_events"":1339,""detectors_checked"":1605632}"
      3072,         0,         0,   0.075,standalone_exact_mw,cc9149276d16e61a5ac322a1d2048afebd34054fe0ed4879b77eb616628c1148,"{""distance"":5,""physical_error_rate"":0.0001}","{""detection_events"":290,""detectors_checked"":688128}"
     11264,         0,         0,   0.283,standalone_exact_mw,cc9149276d16e61a5ac322a1d2048afebd34054fe0ed4879b77eb616628c1148,"{""distance"":5,""physical_error_rate"":0.0001}","{""detection_events"":1108,""detectors_checked"":2523136}"
      4096,         0,         0,   0.117,standalone_exact_mw,cc9149276d16e61a5ac322a1d2048afebd34054fe0ed4879b77eb616628c1148,"{""distance"":5,""physical_error_rate"":0.0001}","{""detection_events"":399,""detectors_checked"":917504}"
       273,         0,         0,   0.024,standalone_exact_mw,503ee55b5ad1b1988379a241a0405811522ee4d50b473755532ad1299cb121e2,"{""distance"":5,""physical_error_rate"":0.0005}","{""detection_events"":143,""detectors_checked"":61152}"
      1024,         0,         0,   0.034,standalone_exact_mw,503ee55b5ad1b1988379a241a0405811522ee4d50b473755532ad1299cb121e2,"{""distance"":5,""physical_error_rate"":0.0005}","{""detection_events"":461,""detectors_checked"":229376}"
      1024,         0,         0,   0.034,standalone_exact_mw,503ee55b5ad1b1988379a241a0405811522ee4d50b473755532ad1299cb121e2,"{""distance"":5,""physical_error_rate"":0.0005}","{""detection_events"":503,""detectors_checked"":229376}"
      6144,         0,         0,   0.147,standalone_exact_mw,cc9149276d16e61a5ac322a1d2048afebd34054fe0ed4879b77eb616628c1148,"{""distance"":5,""physical_error_rate"":0.0001}","{""detection_events"":517,""detectors_checked"":1376256}"
      1024,         0,         0,   0.034,standalone_exact_mw,503ee55b5ad1b1988379a241a0405811522ee4d50b473755532ad1299cb121e2,"{""distance"":5,""physical_error_rate"":0.0005}","{""detection_events"":491,""detectors_checked"":229376}"
      1024,         0,         0,   0.048,standalone_exact_mw,503ee55b5ad1b1988379a241a0405811522ee4d50b473755532ad1299cb121e2,"{""distance"":5,""physical_error_rate"":0.0005}","{""detection_events"":420,""detectors_checked"":229376}"
     13312,         0,         0,   0.409,standalone_exact_mw,29ae76c7f86edcd2f56343e8109d8463cbc736644db4e57527101e2f1c3606c8,"{""distance"":5,""physical_error_rate"":0.0002}","{""detection_events"":2348,""detectors_checked"":2981888}"
      1024,         0,         0,   0.056,standalone_exact_mw,503ee55b5ad1b1988379a241a0405811522ee4d50b473755532ad1299cb121e2,"{""distance"":5,""physical_error_rate"":0.0005}","{""detection_events"":463,""detectors_checked"":229376}"
     15360,         0,         0,   0.387,standalone_exact_mw,cc9149276d16e61a5ac322a1d2048afebd34054fe0ed4879b77eb616628c1148,"{""distance"":5,""physical_error_rate"":0.0001}","{""detection_events"":1458,""detectors_checked"":3440640}"
      8192,         0,         0,   0.200,standalone_exact_mw,cc9149276d16e61a5ac322a1d2048afebd34054fe0ed4879b77eb616628c1148,"{""distance"":5,""physical_error_rate"":0.0001}","{""detection_events"":697,""detectors_checked"":1835008}"
      2048,         0,         0,   0.109,standalone_exact_mw,503ee55b5ad1b1988379a241a0405811522ee4d50b473755532ad1299cb121e2,"{""distance"":5,""physical_error_rate"":0.0005}","{""detection_events"":879,""detectors_checked"":458752}"
      3072,         0,         0,   0.118,standalone_exact_mw,503ee55b5ad1b1988379a241a0405811522ee4d50b473755532ad1299cb121e2,"{""distance"":5,""physical_error_rate"":0.0005}","{""detection_events"":1415,""detectors_checked"":688128}"
     10240,         0,         0,   0.271,standalone_exact_mw,cc9149276d16e61a5ac322a1d2048afebd34054fe0ed4879b77eb616628c1148,"{""distance"":5,""physical_error_rate"":0.0001}","{""detection_events"":893,""detectors_checked"":2293760}"
      4096,         0,         0,   0.144,standalone_exact_mw,503ee55b5ad1b1988379a241a0405811522ee4d50b473755532ad1299cb121e2,"{""distance"":5,""physical_error_rate"":0.0005}","{""detection_events"":1862,""detectors_checked"":917504}"
     15360,         0,         0,   0.597,standalone_exact_mw,29ae76c7f86edcd2f56343e8109d8463cbc736644db4e57527101e2f1c3606c8,"{""distance"":5,""physical_error_rate"":0.0002}","{""detection_events"":2870,""detectors_checked"":3440640}"
     21504,         0,         0,   0.552,standalone_exact_mw,cc9149276d16e61a5ac322a1d2048afebd34054fe0ed4879b77eb616628c1148,"{""distance"":5,""physical_error_rate"":0.0001}","{""detection_events"":1923,""detectors_checked"":4816896}"
      6144,         0,         0,   0.216,standalone_exact_mw,503ee55b5ad1b1988379a241a0405811522ee4d50b473755532ad1299cb121e2,"{""distance"":5,""physical_error_rate"":0.0005}","{""detection_events"":2774,""detectors_checked"":1376256}"
         1,         0,         0,   0.016,standalone_exact_mw,29ae76c7f86edcd2f56343e8109d8463cbc736644db4e57527101e2f1c3606c8,"{""distance"":5,""physical_error_rate"":0.0002}","{""detectors_checked"":224}"
      1296,         0,         0,   0.052,standalone_exact_mw,29ae76c7f86edcd2f56343e8109d8463cbc736644db4e57527101e2f1c3606c8,"{""distance"":5,""physical_error_rate"":0.0002}","{""detection_events"":299,""detectors_checked"":290304}"
       273,         0,         0,   0.024,standalone_exact_mw,aea10f45e3589e84a00777b800d38e8a3149bd6cb552c409f3bffd718c1a0abf,"{""distance"":5,""physical_error_rate"":5e-05}","{""detection_events"":10,""detectors_checked"":61152}"
      1024,         0,         0,   0.026,standalone_exact_mw,aea10f45e3589e84a00777b800d38e8a3149bd6cb552c409f3bffd718c1a0abf,"{""distance"":5,""physical_error_rate"":5e-05}","{""detection_events"":57,""detectors_checked"":229376}"
      1024,         0,         0,   0.050,standalone_exact_mw,29ae76c7f86edcd2f56343e8109d8463cbc736644db4e57527101e2f1c3606c8,"{""distance"":5,""physical_error_rate"":0.0002}","{""detection_events"":180,""detectors_checked"":229376}"
      2048,         0,         0,   0.042,standalone_exact_mw,aea10f45e3589e84a00777b800d38e8a3149bd6cb552c409f3bffd718c1a0abf,"{""distance"":5,""physical_error_rate"":5e-05}","{""detection_events"":104,""detectors_checked"":458752}"
       273,         0,         0,   0.026,standalone_exact_mw,503ee55b5ad1b1988379a241a0405811522ee4d50b473755532ad1299cb121e2,"{""distance"":5,""physical_error_rate"":0.0005}","{""detection_events"":137,""detectors_checked"":61152}"
      1024,         0,         0,   0.052,standalone_exact_mw,29ae76c7f86edcd2f56343e8109d8463cbc736644db4e57527101e2f1c3606c8,"{""distance"":5,""physical_error_rate"":0.0002}","{""detection_events"":175,""detectors_checked"":229376}"
      2048,         0,         0,   0.034,standalone_exact_mw,aea10f45e3589e84a00777b800d38e8a3149bd6cb552c409f3bffd718c1a0abf,"{""distance"":5,""physical_error_rate"":5e-05}","{""detection_events"":61,""detectors_checked"":458752}"
     16384,         0,         0,   0.430,standalone_exact_mw,cc9149276d16e61a5ac322a1d2048afebd34054fe0ed4879b77eb616628c1148,"{""distance"":5,""physical_error_rate"":0.0001}","{""detection_events"":1618,""detectors_checked"":3670016}"
      1024,         0,         0,   0.052,standalone_exact_mw,503ee55b5ad1b1988379a241a0405811522ee4d50b473755532ad1299cb121e2,"{""distance"":5,""physical_error_rate"":0.0005}","{""detection_events"":428,""detectors_checked"":229376}"
      1024,         0,         0,   0.053,standalone_exact_mw,29ae76c7f86edcd2f56343e8109d8463cbc736644db4e57527101e2f1c3606c8,"{""distance"":5,""physical_error_rate"":0.0002}","{""detection_events"":179,""detectors_checked"":229376}"
      2048,         0,         0,   0.034,standalone_exact_mw,aea10f45e3589e84a00777b800d38e8a3149bd6cb552c409f3bffd718c1a0abf,"{""distance"":5,""physical_error_rate"":5e-05}","{""detection_events"":89,""detectors_checked"":458752}"
      1024,         0,         0,   0.033,standalone_exact_mw,503ee55b5ad1b1988379a241a0405811522ee4d50b473755532ad1299cb121e2,"{""distance"":5,""physical_error_rate"":0.0005}","{""detection_events"":414,""detectors_checked"":229376}"
      3072,         0,         0,   0.055,standalone_exact_mw,29ae76c7f86edcd2f56343e8109d8463cbc736644db4e57527101e2f1c3606c8,"{""distance"":5,""physical_error_rate"":0.0002}","{""detection_events"":562,""detectors_checked"":688128}"
      1024,         0,         0,   0.030,standalone_exact_mw,503ee55b5ad1b1988379a241a0405811522ee4d50b473755532ad1299cb121e2,"{""distance"":5,""physical_error_rate"":0.0005}","{""detection_events"":369,""detectors_checked"":229376}"
      3072,         0,         0,   0.061,standalone_exact_mw,aea10f45e3589e84a00777b800d38e8a3149bd6cb552c409f3bffd718c1a0abf,"{""distance"":5,""physical_error_rate"":5e-05}","{""detection_events"":164,""detectors_checked"":688128}"
      7168,         0,         0,   0.326,standalone_exact_mw,503ee55b5ad1b1988379a241a0405811522ee4d50b473755532ad1299cb121e2,"{""distance"":5,""physical_error_rate"":0.0005}","{""detection_events"":3475,""detectors_checked"":1605632}"
      5120,         0,         0,   0.091,standalone_exact_mw,29ae76c7f86edcd2f56343e8109d8463cbc736644db4e57527101e2f1c3606c8,"{""distance"":5,""physical_error_rate"":0.0002}","{""detection_events"":1004,""detectors_checked"":1146880}"
      2048,         0,         0,   0.079,standalone_exact_mw,503ee55b5ad1b1988379a241a0405811522ee4d50b473755532ad1299cb121e2,"{""distance"":5,""physical_error_rate"":0.0005}","{""detection_events"":895,""detectors_checked"":458752}"
      4096,         0,         0,   0.079,standalone_exact_mw,aea10f45e3589e84a00777b800d38e8a3149bd6cb552c409f3bffd718c1a0abf,"{""distance"":5,""physical_error_rate"":5e-05}","{""detection_events"":145,""detectors_checked"":917504}"
      2048,         0,         0,   0.043,standalone_exact_mw,503ee55b5ad1b1988379a241a0405811522ee4d50b473755532ad1299cb121e2,"{""distance"":5,""physical_error_rate"":0.0005}","{""detection_events"":964,""detectors_checked"":458752}"
      4096,         0,         0,   0.101,standalone_exact_mw,29ae76c7f86edcd2f56343e8109d8463cbc736644db4e57527101e2f1c3606c8,"{""distance"":5,""physical_error_rate"":0.0002}","{""detection_events"":811,""detectors_checked"":917504}"
      5120,         0,         0,   0.113,standalone_exact_mw,aea10f45e3589e84a00777b800d38e8a3149bd6cb552c409f3bffd718c1a0abf,"{""distance"":5,""physical_error_rate"":5e-05}","{""detection_events"":251,""detectors_checked"":1146880}"
      3072,         0,         0,   0.105,standalone_exact_mw,503ee55b5ad1b1988379a241a0405811522ee4d50b473755532ad1299cb121e2,"{""distance"":5,""physical_error_rate"":0.0005}","{""detection_events"":1495,""detectors_checked"":688128}"
      5120,         0,         0,   0.141,standalone_exact_mw,29ae76c7f86edcd2f56343e8109d8463cbc736644db4e57527101e2f1c3606c8,"{""distance"":5,""physical_error_rate"":0.0002}","{""detection_events"":954,""detectors_checked"":1146880}"
      3072,         0,         0,   0.109,standalone_exact_mw,503ee55b5ad1b1988379a241a0405811522ee4d50b473755532ad1299cb121e2,"{""distance"":5,""physical_error_rate"":0.0005}","{""detection_events"":1512,""detectors_checked"":688128}"
      7168,         0,         0,   0.156,standalone_exact_mw,aea10f45e3589e84a00777b800d38e8a3149bd6cb552c409f3bffd718c1a0abf,"{""distance"":5,""physical_error_rate"":5e-05}","{""detection_events"":326,""detectors_checked"":1605632}"
      8192,         0,         0,   0.426,standalone_exact_mw,503ee55b5ad1b1988379a241a0405811522ee4d50b473755532ad1299cb121e2,"{""distance"":5,""physical_error_rate"":0.0005}","{""detection_events"":3861,""detectors_checked"":1835008}"
     20480,         0,         0,   0.569,standalone_exact_mw,cc9149276d16e61a5ac322a1d2048afebd34054fe0ed4879b77eb616628c1148,"{""distance"":5,""physical_error_rate"":0.0001}","{""detection_events"":2056,""detectors_checked"":4587520}"
     16384,         0,         0,   0.816,standalone_exact_mw,29ae76c7f86edcd2f56343e8109d8463cbc736644db4e57527101e2f1c3606c8,"{""distance"":5,""physical_error_rate"":0.0002}","{""detection_events"":3091,""detectors_checked"":3670016}"
     30720,         0,         0,   0.791,standalone_exact_mw,cc9149276d16e61a5ac322a1d2048afebd34054fe0ed4879b77eb616628c1148,"{""distance"":5,""physical_error_rate"":0.0001}","{""detection_events"":2760,""detectors_checked"":6881280}"
      4096,         0,         0,   0.160,standalone_exact_mw,503ee55b5ad1b1988379a241a0405811522ee4d50b473755532ad1299cb121e2,"{""distance"":5,""physical_error_rate"":0.0005}","{""detection_events"":2034,""detectors_checked"":917504}"
      8192,         0,         0,   0.220,standalone_exact_mw,29ae76c7f86edcd2f56343e8109d8463cbc736644db4e57527101e2f1c3606c8,"{""distance"":5,""physical_error_rate"":0.0002}","{""detection_events"":1503,""detectors_checked"":1835008}"
      8192,         0,         0,   0.189,standalone_exact_mw,aea10f45e3589e84a00777b800d38e8a3149bd6cb552c409f3bffd718c1a0abf,"{""distance"":5,""physical_error_rate"":5e-05}","{""detection_events"":409,""detectors_checked"":1835008}"
      6144,         0,         0,   0.223,standalone_exact_mw,503ee55b5ad1b1988379a241a0405811522ee4d50b473755532ad1299cb121e2,"{""distance"":5,""physical_error_rate"":0.0005}","{""detection_events"":2858,""detectors_checked"":1376256}"
       273,         0,         0,   0.022,standalone_exact_mw,aea10f45e3589e84a00777b800d38e8a3149bd6cb552c409f3bffd718c1a0abf,"{""distance"":5,""physical_error_rate"":5e-05}","{""detection_events"":10,""detectors_checked"":61152}"
      1024,         0,         0,   0.029,standalone_exact_mw,aea10f45e3589e84a00777b800d38e8a3149bd6cb552c409f3bffd718c1a0abf,"{""distance"":5,""physical_error_rate"":5e-05}","{""detection_events"":42,""detectors_checked"":229376}"
     12288,         0,         0,   0.274,standalone_exact_mw,aea10f45e3589e84a00777b800d38e8a3149bd6cb552c409f3bffd718c1a0abf,"{""distance"":5,""physical_error_rate"":5e-05}","{""detection_events"":539,""detectors_checked"":2752512}"
     11264,         0,         0,   0.296,standalone_exact_mw,29ae76c7f86edcd2f56343e8109d8463cbc736644db4e57527101e2f1c3606c8,"{""distance"":5,""physical_error_rate"":0.0002}","{""detection_events"":2084,""detectors_checked"":2523136}"
      1024,         0,         0,   0.029,standalone_exact_mw,aea10f45e3589e84a00777b800d38e8a3149bd6cb552c409f3bffd718c1a0abf,"{""distance"":5,""physical_error_rate"":5e-05}","{""detection_events"":55,""detectors_checked"":229376}"
      1024,         0,         0,   0.029,standalone_exact_mw,aea10f45e3589e84a00777b800d38e8a3149bd6cb552c409f3bffd718c1a0abf,"{""distance"":5,""physical_error_rate"":5e-05}","{""detection_events"":44,""detectors_checked"":229376}"
   2898944,         0,         0,   119.3,standalone_exact_mw,29ae76c7f86edcd2f56343e8109d8463cbc736644db4e57527101e2f1c3606c8,"{""distance"":5,""physical_error_rate"":0.0002}","{""detection_events"":539537,""detectors_checked"":649363456}"
      2048,         0,         0,   0.079,standalone_exact_mw,aea10f45e3589e84a00777b800d38e8a3149bd6cb552c409f3bffd718c1a0abf,"{""distance"":5,""physical_error_rate"":5e-05}","{""detection_events"":89,""detectors_checked"":458752}"
      8192,         0,         0,   0.293,standalone_exact_mw,503ee55b5ad1b1988379a241a0405811522ee4d50b473755532ad1299cb121e2,"{""distance"":5,""physical_error_rate"":0.0005}","{""detection_events"":3881,""detectors_checked"":1835008}"
      2048,         0,         0,   0.059,standalone_exact_mw,aea10f45e3589e84a00777b800d38e8a3149bd6cb552c409f3bffd718c1a0abf,"{""distance"":5,""physical_error_rate"":5e-05}","{""detection_events"":108,""detectors_checked"":458752}"
     12288,         0,         0,   0.610,standalone_exact_mw,503ee55b5ad1b1988379a241a0405811522ee4d50b473755532ad1299cb121e2,"{""distance"":5,""physical_error_rate"":0.0005}","{""detection_events"":5632,""detectors_checked"":2752512}"
      3072,         0,         0,   0.103,standalone_exact_mw,aea10f45e3589e84a00777b800d38e8a3149bd6cb552c409f3bffd718c1a0abf,"{""distance"":5,""physical_error_rate"":5e-05}","{""detection_events"":125,""detectors_checked"":688128}"
      3072,         0,         0,   0.109,standalone_exact_mw,aea10f45e3589e84a00777b800d38e8a3149bd6cb552c409f3bffd718c1a0abf,"{""distance"":5,""physical_error_rate"":5e-05}","{""detection_events"":86,""detectors_checked"":688128}"
     27648,         0,         0,   0.814,standalone_exact_mw,cc9149276d16e61a5ac322a1d2048afebd34054fe0ed4879b77eb616628c1148,"{""distance"":5,""physical_error_rate"":0.0001}","{""detection_events"":2781,""detectors_checked"":6193152}"
     16384,         0,         0,   0.429,standalone_exact_mw,aea10f45e3589e84a00777b800d38e8a3149bd6cb552c409f3bffd718c1a0abf,"{""distance"":5,""physical_error_rate"":5e-05}","{""detection_events"":802,""detectors_checked"":3670016}"
     14336,         0,         0,   0.436,standalone_exact_mw,29ae76c7f86edcd2f56343e8109d8463cbc736644db4e57527101e2f1c3606c8,"{""distance"":5,""physical_error_rate"":0.0002}","{""detection_events"":2828,""detectors_checked"":3211264}"
         1,         0,         0,   0.000,standalone_exact_mw,cc9149276d16e61a5ac322a1d2048afebd34054fe0ed4879b77eb616628c1148,"{""distance"":5,""physical_error_rate"":0.0001}","{""detectors_checked"":224}"
      1296,         0,         0,   0.033,standalone_exact_mw,cc9149276d16e61a5ac322a1d2048afebd34054fe0ed4879b77eb616628c1148,"{""distance"":5,""physical_error_rate"":0.0001}","{""detection_events"":101,""detectors_checked"":290304}"
         1,         0,         0,   0.001,standalone_exact_mw,29ae76c7f86edcd2f56343e8109d8463cbc736644db4e57527101e2f1c3606c8,"{""distance"":5,""physical_error_rate"":0.0002}","{""detection_events"":1,""detectors_checked"":224}"
      1024,         0,         0,   0.027,standalone_exact_mw,cc9149276d16e61a5ac322a1d2048afebd34054fe0ed4879b77eb616628c1148,"{""distance"":5,""physical_error_rate"":0.0001}","{""detection_events"":90,""detectors_checked"":229376}"
      5120,         0,         0,   0.167,standalone_exact_mw,aea10f45e3589e84a00777b800d38e8a3149bd6cb552c409f3bffd718c1a0abf,"{""distance"":5,""physical_error_rate"":5e-05}","{""detection_events"":242,""detectors_checked"":1146880}"
      1296,         0,         0,   0.036,standalone_exact_mw,29ae76c7f86edcd2f56343e8109d8463cbc736644db4e57527101e2f1c3606c8,"{""distance"":5,""physical_error_rate"":0.0002}","{""detection_events"":271,""detectors_checked"":290304}"
      1024,         0,         0,   0.037,standalone_exact_mw,cc9149276d16e61a5ac322a1d2048afebd34054fe0ed4879b77eb616628c1148,"{""distance"":5,""physical_error_rate"":0.0001}","{""detection_events"":107,""detectors_checked"":229376}"
     11264,         0,         0,   0.416,standalone_exact_mw,503ee55b5ad1b1988379a241a0405811522ee4d50b473755532ad1299cb121e2,"{""distance"":5,""physical_error_rate"":0.0005}","{""detection_events"":5115,""detectors_checked"":2523136}"
      2048,         0,         0,   0.051,standalone_exact_mw,cc9149276d16e61a5ac322a1d2048afebd34054fe0ed4879b77eb616628c1148,"{""distance"":5,""physical_error_rate"":0.0001}","{""detection_events"":201,""detectors_checked"":458752}"
         1,         0,         0,   0.000,standalone_exact_mw,503ee55b5ad1b1988379a241a0405811522ee4d50b473755532ad1299cb121e2,"{""distance"":5,""physical_error_rate"":0.0005}","{""detectors_checked"":224}"
      1024,         0,         0,   0.031,standalone_exact_mw,29ae76c7f86edcd2f56343e8109d8463cbc736644db4e57527101e2f1c3606c8,"{""distance"":5,""physical_error_rate"":0.0002}","{""detection_events"":219,""detectors_checked"":229376}"
       272,         0,         0,   0.004,standalone_exact_mw,503ee55b5ad1b1988379a241a0405811522ee4d50b473755532ad1299cb121e2,"{""distance"":5,""physical_error_rate"":0.0005}","{""detection_events"":92,""detectors_checked"":60928}"
      1024,         0,         0,   0.017,standalone_exact_mw,29ae76c7f86edcd2f56343e8109d8463cbc736644db4e57527101e2f1c3606c8,"{""distance"":5,""physical_error_rate"":0.0002}","{""detection_events"":166,""detectors_checked"":229376}"
      1024,         0,         0,   0.033,standalone_exact_mw,503ee55b5ad1b1988379a241a0405811522ee4d50b473755532ad1299cb121e2,"{""distance"":5,""physical_error_rate"":0.0005}","{""detection_events"":379,""detectors_checked"":229376}"
      2048,         0,         0,   0.049,standalone_exact_mw,cc9149276d16e61a5ac322a1d2048afebd34054fe0ed4879b77eb616628c1148,"{""distance"":5,""physical_error_rate"":0.0001}","{""detection_events"":174,""detectors_checked"":458752}"
     28672,         0,         0,    1.12,standalone_exact_mw,29ae76c7f86edcd2f56343e8109d8463cbc736644db4e57527101e2f1c3606c8,"{""distance"":5,""physical_error_rate"":0.0002}","{""detection_events"":5236,""detectors_checked"":6422528}"
      1024,         0,         0,   0.033,standalone_exact_mw,503ee55b5ad1b1988379a241a0405811522ee4d50b473755532ad1299cb121e2,"{""distance"":5,""physical_error_rate"":0.0005}","{""detection_events"":434,""detectors_checked"":229376}"
     41984,         0,         0,    1.11,standalone_exact_mw,cc9149276d16e61a5ac322a1d2048afebd34054fe0ed4879b77eb616628c1148,"{""distance"":5,""physical_error_rate"":0.0001}","{""detection_events"":3736,""detectors_checked"":9404416}"
      2048,         0,         0,   0.061,standalone_exact_mw,29ae76c7f86edcd2f56343e8109d8463cbc736644db4e57527101e2f1c3606c8,"{""distance"":5,""physical_error_rate"":0.0002}","{""detection_events"":349,""detectors_checked"":458752}"
      1024,         0,         0,   0.033,standalone_exact_mw,503ee55b5ad1b1988379a241a0405811522ee4d50b473755532ad1299cb121e2,"{""distance"":5,""physical_error_rate"":0.0005}","{""detection_events"":433,""detectors_checked"":229376}"
      2048,         0,         0,   0.074,standalone_exact_mw,cc9149276d16e61a5ac322a1d2048afebd34054fe0ed4879b77eb616628c1148,"{""distance"":5,""physical_error_rate"":0.0001}","{""detection_events"":197,""detectors_checked"":458752}"
      7168,         0,         0,   0.226,standalone_exact_mw,aea10f45e3589e84a00777b800d38e8a3149bd6cb552c409f3bffd718c1a0abf,"{""distance"":5,""physical_error_rate"":5e-05}","{""detection_events"":340,""detectors_checked"":1605632}"
      2048,         0,         0,   0.055,standalone_exact_mw,29ae76c7f86edcd2f56343e8109d8463cbc736644db4e57527101e2f1c3606c8,"{""distance"":5,""physical_error_rate"":0.0002}","{""detection_events"":375,""detectors_checked"":458752}"
      2048,         0,         0,   0.088,standalone_exact_mw,503ee55b5ad1b1988379a241a0405811522ee4d50b473755532ad1299cb121e2,"{""distance"":5,""physical_error_rate"":0.0005}","{""detection_events"":959,""detectors_checked"":458752}"
      2048,         0,         0,   0.062,standalone_exact_mw,29ae76c7f86edcd2f56343e8109d8463cbc736644db4e57527101e2f1c3606c8,"{""distance"":5,""physical_error_rate"":0.0002}","{""detection_events"":388,""detectors_checked"":458752}"
   4365312,         0,         0,   119.2,standalone_exact_mw,aea10f45e3589e84a00777b800d38e8a3149bd6cb552c409f3bffd718c1a0abf,"{""distance"":5,""physical_error_rate"":5e-05}","{""detection_events"":205079,""detectors_checked"":977829888}"
      4096,         0,         0,   0.104,standalone_exact_mw,cc9149276d16e61a5ac322a1d2048afebd34054fe0ed4879b77eb616628c1148,"{""distance"":5,""physical_error_rate"":0.0001}","{""detection_events"":319,""detectors_checked"":917504}"
      2048,         0,         0,   0.089,standalone_exact_mw,503ee55b5ad1b1988379a241a0405811522ee4d50b473755532ad1299cb121e2,"{""distance"":5,""physical_error_rate"":0.0005}","{""detection_events"":965,""detectors_checked"":458752}"
     20480,         0,         0,   0.580,standalone_exact_mw,29ae76c7f86edcd2f56343e8109d8463cbc736644db4e57527101e2f1c3606c8,"{""distance"":5,""physical_error_rate"":0.0002}","{""detection_events"":3931,""detectors_checked"":4587520}"
     21504,         0,         0,   0.556,standalone_exact_mw,aea10f45e3589e84a00777b800d38e8a3149bd6cb552c409f3bffd718c1a0abf,"{""distance"":5,""physical_error_rate"":5e-05}","{""detection_events"":1017,""detectors_checked"":4816896}"
     16384,         0,         0,   0.794,standalone_exact_mw,503ee55b5ad1b1988379a241a0405811522ee4d50b473755532ad1299cb121e2,"{""distance"":5,""physical_error_rate"":0.0005}","{""detection_events"":7524,""detectors_checked"":3670016}"
      3072,         0,         0,   0.110,standalone_exact_mw,29ae76c7f86edcd2f56343e8109d8463cbc736644db4e57527101e2f1c3606c8,"{""distance"":5,""physical_error_rate"":0.0002}","{""detection_events"":669,""detectors_checked"":688128}"
      4096,         0,         0,   0.132,standalone_exact_mw,cc9149276d16e61a5ac322a1d2048afebd34054fe0ed4879b77eb616628c1148,"{""distance"":5,""physical_error_rate"":0.0001}","{""detection_events"":355,""detectors_checked"":917504}"
     10240,         0,         0,   0.299,standalone_exact_mw,aea10f45e3589e84a00777b800d38e8a3149bd6cb552c409f3bffd718c1a0abf,"{""distance"":5,""physical_error_rate"":5e-05}","{""detection_events"":473,""detectors_checked"":2293760}"
      2048,         0,         0,   0.113,standalone_exact_mw,503ee55b5ad1b1988379a241a0405811522ee4d50b473755532ad1299cb121e2,"{""distance"":5,""physical_error_rate"":0.0005}","{""detection_events"":944,""detectors_checked"":458752}"
      4096,         0,         0,   0.144,standalone_exact_mw,29ae76c7f86edcd2f56343e8109d8463cbc736644db4e57527101e2f1c3606c8,"{""distance"":5,""physical_error_rate"":0.0002}","{""detection_events"":695,""detectors_checked"":917504}"
     15360,         0,         0,   0.592,standalone_exact_mw,503ee55b5ad1b1988379a241a0405811522ee4d50b473755532ad1299cb121e2,"{""distance"":5,""physical_error_rate"":0.0005}","{""detection_events"":7189,""detectors_checked"":3440640}"
      7168,         0,         0,   0.248,standalone_exact_mw,cc9149276d16e61a5ac322a1d2048afebd34054fe0ed4879b77eb616628c1148,"{""distance"":5,""physical_error_rate"":0.0001}","{""detection_events"":690,""detectors_checked"":1605632}"
      4096,         0,         0,   0.190,standalone_exact_mw,503ee55b5ad1b1988379a241a0405811522ee4d50b473755532ad1299cb121e2,"{""distance"":5,""physical_error_rate"":0.0005}","{""detection_events"":1919,""detectors_checked"":917504}"
   3773440,         0,         0,   119.3,standalone_exact_mw,cc9149276d16e61a5ac322a1d2048afebd34054fe0ed4879b77eb616628c1148,"{""distance"":5,""physical_error_rate"":0.0001}","{""detection_events"":353900,""detectors_checked"":845250560}"
      5120,         0,         0,   0.196,standalone_exact_mw,29ae76c7f86edcd2f56343e8109d8463cbc736644db4e57527101e2f1c3606c8,"{""distance"":5,""physical_error_rate"":0.0002}","{""detection_events"":981,""detectors_checked"":1146880}"
     41984,         0,         0,    1.12,standalone_exact_mw,cc9149276d16e61a5ac322a1d2048afebd34054fe0ed4879b77eb616628c1148,"{""distance"":5,""physical_error_rate"":0.0001}","{""detection_events"":3787,""detectors_checked"":9404416}"
     12288,         0,         0,   0.399,standalone_exact_mw,aea10f45e3589e84a00777b800d38e8a3149bd6cb552c409f3bffd718c1a0abf,"{""distance"":5,""physical_error_rate"":5e-05}","{""detection_events"":654,""detectors_checked"":2752512}"
      5120,         0,         0,   0.252,standalone_exact_mw,503ee55b5ad1b1988379a241a0405811522ee4d50b473755532ad1299cb121e2,"{""distance"":5,""physical_error_rate"":0.0005}","{""detection_events"":2358,""detectors_checked"":1146880}"
      9216,         0,         0,   0.310,standalone_exact_mw,cc9149276d16e61a5ac322a1d2048afebd34054fe0ed4879b77eb616628c1148,"{""distance"":5,""physical_error_rate"":0.0001}","{""detection_events"":849,""detectors_checked"":2064384}"
      8192,         0,         0,   0.289,standalone_exact_mw,29ae76c7f86edcd2f56343e8109d8463cbc736644db4e57527101e2f1c3606c8,"{""distance"":5,""physical_error_rate"":0.0002}","{""detection_events"":1570,""detectors_checked"":1835008}"
     33792,         0,         0,   0.794,standalone_exact_mw,aea10f45e3589e84a00777b800d38e8a3149bd6cb552c409f3bffd718c1a0abf,"{""distance"":5,""physical_error_rate"":5e-05}","{""detection_events"":1628,""detectors_checked"":7569408}"
     28672,         0,         0,   0.808,standalone_exact_mw,29ae76c7f86edcd2f56343e8109d8463cbc736644db4e57527101e2f1c3606c8,"{""distance"":5,""physical_error_rate"":0.0002}","{""detection_events"":5203,""detectors_checked"":6422528}"
      6144,         0,         0,   0.307,standalone_exact_mw,503ee55b5ad1b1988379a241a0405811522ee4d50b473755532ad1299cb121e2,"{""distance"":5,""physical_error_rate"":0.0005}","{""detection_events"":2873,""detectors_checked"":1376256}"
     21504,         0,         0,   0.784,standalone_exact_mw,503ee55b5ad1b1988379a241a0405811522ee4d50b473755532ad1299cb121e2,"{""distance"":5,""physical_error_rate"":0.0005}","{""detection_events"":9865,""detectors_checked"":4816896}"
     12288,         0,         0,   0.422,standalone_exact_mw,cc9149276d16e61a5ac322a1d2048afebd34054fe0ed4879b77eb616628c1148,"{""distance"":5,""physical_error_rate"":0.0001}","{""detection_events"":1192,""detectors_checked"":2752512}"
     18432,         0,         0,   0.582,standalone_exact_mw,aea10f45e3589e84a00777b800d38e8a3149bd6cb552c409f3bffd718c1a0abf,"{""distance"":5,""physical_error_rate"":5e-05}","{""detection_events"":828,""detectors_checked"":4128768}"
     11264,         0,         0,   0.402,standalone_exact_mw,29ae76c7f86edcd2f56343e8109d8463cbc736644db4e57527101e2f1c3606c8,"{""distance"":5,""physical_error_rate"":0.0002}","{""detection_events"":1988,""detectors_checked"":2523136}"
     22528,         0,         0,    1.12,standalone_exact_mw,503ee55b5ad1b1988379a241a0405811522ee4d50b473755532ad1299cb121e2,"{""distance"":5,""physical_error_rate"":0.0005}","{""detection_events"":10567,""detectors_checked"":5046272}"
     40960,         0,         0,    1.57,standalone_exact_mw,29ae76c7f86edcd2f56343e8109d8463cbc736644db4e57527101e2f1c3606c8,"{""distance"":5,""physical_error_rate"":0.0002}","{""detection_events"":7676,""detectors_checked"":9175040}"
     48128,         0,         0,    1.55,standalone_exact_mw,cc9149276d16e61a5ac322a1d2048afebd34054fe0ed4879b77eb616628c1148,"{""distance"":5,""physical_error_rate"":0.0001}","{""detection_events"":4436,""detectors_checked"":10780672}"
      9216,         0,         0,   0.449,standalone_exact_mw,503ee55b5ad1b1988379a241a0405811522ee4d50b473755532ad1299cb121e2,"{""distance"":5,""physical_error_rate"":0.0005}","{""detection_events"":4273,""detectors_checked"":2064384}"
   3265536,         2,         0,   119.4,standalone_exact_mw,29ae76c7f86edcd2f56343e8109d8463cbc736644db4e57527101e2f1c3606c8,"{""distance"":5,""physical_error_rate"":0.0002}","{""detection_events"":608125,""detectors_checked"":731480064,""obs_mistake_mask=E"":2}"
     17408,         0,         0,   0.589,standalone_exact_mw,cc9149276d16e61a5ac322a1d2048afebd34054fe0ed4879b77eb616628c1148,"{""distance"":5,""physical_error_rate"":0.0001}","{""detection_events"":1585,""detectors_checked"":3899392}"
   3932160,         0,         0,   119.3,standalone_exact_mw,cc9149276d16e61a5ac322a1d2048afebd34054fe0ed4879b77eb616628c1148,"{""distance"":5,""physical_error_rate"":0.0001}","{""detection_events"":365976,""detectors_checked"":880803840}"
     15360,         0,         0,   0.591,standalone_exact_mw,29ae76c7f86edcd2f56343e8109d8463cbc736644db4e57527101e2f1c3606c8,"{""distance"":5,""physical_error_rate"":0.0002}","{""detection_events"":2748,""detectors_checked"":3440640}"
     12288,         0,         0,   0.590,standalone_exact_mw,503ee55b5ad1b1988379a241a0405811522ee4d50b473755532ad1299cb121e2,"{""distance"":5,""physical_error_rate"":0.0005}","{""detection_events"":5403,""detectors_checked"":2752512}"
     46080,         0,         0,    1.10,standalone_exact_mw,aea10f45e3589e84a00777b800d38e8a3149bd6cb552c409f3bffd718c1a0abf,"{""distance"":5,""physical_error_rate"":5e-05}","{""detection_events"":2197,""detectors_checked"":10321920}"
     39936,         0,         0,    1.12,standalone_exact_mw,29ae76c7f86edcd2f56343e8109d8463cbc736644db4e57527101e2f1c3606c8,"{""distance"":5,""physical_error_rate"":0.0002}","{""detection_events"":7487,""detectors_checked"":8945664}"
     25600,         0,         0,   0.839,standalone_exact_mw,aea10f45e3589e84a00777b800d38e8a3149bd6cb552c409f3bffd718c1a0abf,"{""distance"":5,""physical_error_rate"":5e-05}","{""detection_events"":1221,""detectors_checked"":5734400}"
     29696,         0,         0,    1.11,standalone_exact_mw,503ee55b5ad1b1988379a241a0405811522ee4d50b473755532ad1299cb121e2,"{""distance"":5,""physical_error_rate"":0.0005}","{""detection_events"":13896,""detectors_checked"":6651904}"
     60416,         0,         0,    1.53,standalone_exact_mw,cc9149276d16e61a5ac322a1d2048afebd34054fe0ed4879b77eb616628c1148,"{""distance"":5,""physical_error_rate"":0.0001}","{""detection_events"":5740,""detectors_checked"":13533184}"
   3511296,         0,         0,   119.3,standalone_exact_mw,aea10f45e3589e84a00777b800d38e8a3149bd6cb552c409f3bffd718c1a0abf,"{""distance"":5,""physical_error_rate"":5e-05}","{""detection_events"":163228,""detectors_checked"":786530304}"
     23552,         0,         0,   0.812,standalone_exact_mw,cc9149276d16e61a5ac322a1d2048afebd34054fe0ed4879b77eb616628c1148,"{""distance"":5,""physical_error_rate"":0.0001}","{""detection_events"":2174,""detectors_checked"":5275648}"
     20480,         0,         0,   0.782,standalone_exact_mw,29ae76c7f86edcd2f56343e8109d8463cbc736644db4e57527101e2f1c3606c8,"{""distance"":5,""physical_error_rate"":0.0002}","{""detection_events"":3981,""detectors_checked"":4587520}"
       273,         0,         0,   0.024,standalone_exact_mw,aea10f45e3589e84a00777b800d38e8a3149bd6cb552c409f3bffd718c1a0abf,"{""distance"":5,""physical_error_rate"":5e-05}","{""detection_events"":6,""detectors_checked"":61152}"
      1024,         0,         0,   0.029,standalone_exact_mw,aea10f45e3589e84a00777b800d38e8a3149bd6cb552c409f3bffd718c1a0abf,"{""distance"":5,""physical_error_rate"":5e-05}","{""detection_events"":54,""detectors_checked"":229376}"
      1024,         0,         0,   0.029,standalone_exact_mw,aea10f45e3589e84a00777b800d38e8a3149bd6cb552c409f3bffd718c1a0abf,"{""distance"":5,""physical_error_rate"":5e-05}","{""detection_events"":37,""detectors_checked"":229376}"
      1024,         0,         0,   0.029,standalone_exact_mw,aea10f45e3589e84a00777b800d38e8a3149bd6cb552c409f3bffd718c1a0abf,"{""distance"":5,""physical_error_rate"":5e-05}","{""detection_events"":55,""detectors_checked"":229376}"
      2048,         0,         0,   0.059,standalone_exact_mw,aea10f45e3589e84a00777b800d38e8a3149bd6cb552c409f3bffd718c1a0abf,"{""distance"":5,""physical_error_rate"":5e-05}","{""detection_events"":125,""detectors_checked"":458752}"
     30720,         0,         0,    1.57,standalone_exact_mw,503ee55b5ad1b1988379a241a0405811522ee4d50b473755532ad1299cb121e2,"{""distance"":5,""physical_error_rate"":0.0005}","{""detection_events"":14280,""detectors_checked"":6881280}"
   3491840,         0,         0,   119.2,standalone_exact_mw,cc9149276d16e61a5ac322a1d2048afebd34054fe0ed4879b77eb616628c1148,"{""distance"":5,""physical_error_rate"":0.0001}","{""detection_events"":326600,""detectors_checked"":782172160}"
      2048,         0,         0,   0.059,standalone_exact_mw,aea10f45e3589e84a00777b800d38e8a3149bd6cb552c409f3bffd718c1a0abf,"{""distance"":5,""physical_error_rate"":5e-05}","{""detection_events"":102,""detectors_checked"":458752}"
     16384,         0,         0,   0.836,standalone_exact_mw,503ee55b5ad1b1988379a241a0405811522ee4d50b473755532ad1299cb121e2,"{""distance"":5,""physical_error_rate"":0.0005}","{""detection_events"":7810,""detectors_checked"":3670016}"
      3072,         0,         0,   0.088,standalone_exact_mw,aea10f45e3589e84a00777b800d38e8a3149bd6cb552c409f3bffd718c1a0abf,"{""distance"":5,""physical_error_rate"":5e-05}","{""detection_events"":123,""detectors_checked"":688128}"
      4096,         0,         0,   0.117,standalone_exact_mw,aea10f45e3589e84a00777b800d38e8a3149bd6cb552c409f3bffd718c1a0abf,"{""distance"":5,""physical_error_rate"":5e-05}","{""detection_events"":180,""detectors_checked"":917504}"
     34816,         0,         0,    1.12,standalone_exact_mw,aea10f45e3589e84a00777b800d38e8a3149bd6cb552c409f3bffd718c1a0abf,"{""distance"":5,""physical_error_rate"":5e-05}","{""detection_events"":1496,""detectors_checked"":7798784}"
      5120,         0,         0,   0.163,standalone_exact_mw,aea10f45e3589e84a00777b800d38e8a3149bd6cb552c409f3bffd718c1a0abf,"{""distance"":5,""physical_error_rate"":5e-05}","{""detection_events"":249,""detectors_checked"":1146880}"
      6144,         0,         0,   0.197,standalone_exact_mw,aea10f45e3589e84a00777b800d38e8a3149bd6cb552c409f3bffd718c1a0abf,"{""distance"":5,""physical_error_rate"":5e-05}","{""detection_events"":332,""detectors_checked"":1376256}"
     56320,         0,         0,    2.18,standalone_exact_mw,29ae76c7f86edcd2f56343e8109d8463cbc736644db4e57527101e2f1c3606c8,"{""distance"":5,""physical_error_rate"":0.0002}","{""detection_events"":10755,""detectors_checked"":12615680}"
     64512,         0,         0,    1.55,standalone_exact_mw,aea10f45e3589e84a00777b800d38e8a3149bd6cb552c409f3bffd718c1a0abf,"{""distance"":5,""physical_error_rate"":5e-05}","{""detection_events"":3030,""detectors_checked"":14450688}"
     61440,         0,         0,    1.55,standalone_exact_mw,29ae76c7f86edcd2f56343e8109d8463cbc736644db4e57527101e2f1c3606c8,"{""distance"":5,""physical_error_rate"":0.0002}","{""detection_events"":11347,""detectors_checked"":13762560}"
     63488,         0,         0,    2.16,standalone_exact_mw,cc9149276d16e61a5ac322a1d2048afebd34054fe0ed4879b77eb616628c1148,"{""distance"":5,""physical_error_rate"":0.0001}","{""detection_events"":5958,""detectors_checked"":14221312}"
     32768,         0,         0,    1.12,standalone_exact_mw,cc9149276d16e61a5ac322a1d2048afebd34054fe0ed4879b77eb616628c1148,"{""distance"":5,""physical_error_rate"":0.0001}","{""detection_events"":3039,""detectors_checked"":7340032}"
     28672,         0,         0,    1.10,standalone_exact_mw,29ae76c7f86edcd2f56343e8109d8463cbc736644db4e57527101e2f1c3606c8,"{""distance"":5,""physical_error_rate"":0.0002}","{""detection_events"":5463,""detectors_checked"":6422528}"
     48128,         0,         0,    1.56,standalone_exact_mw,503ee55b5ad1b1988379a241a0405811522ee4d50b473755532ad1299cb121e2,"{""distance"":5,""physical_error_rate"":0.0005}","{""detection_events"":22317,""detectors_checked"":10780672}"
     10240,         0,         0,   0.313,standalone_exact_mw,aea10f45e3589e84a00777b800d38e8a3149bd6cb552c409f3bffd718c1a0abf,"{""distance"":5,""physical_error_rate"":5e-05}","{""detection_events"":497,""detectors_checked"":2293760}"
   3662848,         0,         0,   119.2,standalone_exact_mw,cc9149276d16e61a5ac322a1d2048afebd34054fe0ed4879b77eb616628c1148,"{""distance"":5,""physical_error_rate"":0.0001}","{""detection_events"":341001,""detectors_checked"":820477952}"
     22528,         0,         0,    1.11,standalone_exact_mw,503ee55b5ad1b1988379a241a0405811522ee4d50b473755532ad1299cb121e2,"{""distance"":5,""physical_error_rate"":0.0005}","{""detection_events"":10582,""detectors_checked"":5046272}"
     12288,         0,         0,   0.414,standalone_exact_mw,aea10f45e3589e84a00777b800d38e8a3149bd6cb552c409f3bffd718c1a0abf,"{""distance"":5,""physical_error_rate"":5e-05}","{""detection_events"":618,""detectors_checked"":2752512}"
     83968,         0,         0,    2.18,standalone_exact_mw,cc9149276d16e61a5ac322a1d2048afebd34054fe0ed4879b77eb616628c1148,"{""distance"":5,""physical_error_rate"":0.0001}","{""detection_events"":7996,""detectors_checked"":18808832}"
   2475008,         3,         0,   119.5,standalone_exact_mw,503ee55b5ad1b1988379a241a0405811522ee4d50b473755532ad1299cb121e2,"{""distance"":5,""physical_error_rate"":0.0005}","{""detection_events"":1151894,""detectors_checked"":554401792,""obs_mistake_mask=E"":3}"
   3168256,         0,         0,   119.1,standalone_exact_mw,29ae76c7f86edcd2f56343e8109d8463cbc736644db4e57527101e2f1c3606c8,"{""distance"":5,""physical_error_rate"":0.0002}","{""detection_events"":590037,""detectors_checked"":709689344}"
     48128,         0,         0,    1.57,standalone_exact_mw,aea10f45e3589e84a00777b800d38e8a3149bd6cb552c409f3bffd718c1a0abf,"{""distance"":5,""physical_error_rate"":5e-05}","{""detection_events"":2394,""detectors_checked"":10780672}"
     18432,         0,         0,   0.594,standalone_exact_mw,aea10f45e3589e84a00777b800d38e8a3149bd6cb552c409f3bffd718c1a0abf,"{""distance"":5,""physical_error_rate"":5e-05}","{""detection_events"":880,""detectors_checked"":4128768}"
         1,         0,         0,   0.000,standalone_exact_mw,cc9149276d16e61a5ac322a1d2048afebd34054fe0ed4879b77eb616628c1148,"{""distance"":5,""physical_error_rate"":0.0001}","{""detectors_checked"":224}"
      1296,         0,         0,   0.050,standalone_exact_mw,cc9149276d16e61a5ac322a1d2048afebd34054fe0ed4879b77eb616628c1148,"{""distance"":5,""physical_error_rate"":0.0001}","{""detection_events"":118,""detectors_checked"":290304}"
     48128,         0,         0,    2.21,standalone_exact_mw,503ee55b5ad1b1988379a241a0405811522ee4d50b473755532ad1299cb121e2,"{""distance"":5,""physical_error_rate"":0.0005}","{""detection_events"":22671,""detectors_checked"":10780672}"
      1024,         0,         0,   0.029,standalone_exact_mw,cc9149276d16e61a5ac322a1d2048afebd34054fe0ed4879b77eb616628c1148,"{""distance"":5,""physical_error_rate"":0.0001}","{""detection_events"":78,""detectors_checked"":229376}"
      1024,         0,         0,   0.049,standalone_exact_mw,cc9149276d16e61a5ac322a1d2048afebd34054fe0ed4879b77eb616628c1148,"{""distance"":5,""physical_error_rate"":0.0001}","{""detection_events"":81,""detectors_checked"":229376}"
      1024,         0,         0,   0.029,standalone_exact_mw,cc9149276d16e61a5ac322a1d2048afebd34054fe0ed4879b77eb616628c1148,"{""distance"":5,""physical_error_rate"":0.0001}","{""detection_events"":107,""detectors_checked"":229376}"
      2048,         0,         0,   0.098,standalone_exact_mw,cc9149276d16e61a5ac322a1d2048afebd34054fe0ed4879b77eb616628c1148,"{""distance"":5,""physical_error_rate"":0.0001}","{""detection_events"":264,""detectors_checked"":458752}"
     47104,         0,         0,    1.55,standalone_exact_mw,cc9149276d16e61a5ac322a1d2048afebd34054fe0ed4879b77eb616628c1148,"{""distance"":5,""physical_error_rate"":0.0001}","{""detection_events"":4468,""detectors_checked"":10551296}"
      2048,         0,         0,   0.088,standalone_exact_mw,cc9149276d16e61a5ac322a1d2048afebd34054fe0ed4879b77eb616628c1148,"{""distance"":5,""physical_error_rate"":0.0001}","{""detection_events"":210,""detectors_checked"":458752}"
   2599936,         0,         0,   119.5,standalone_exact_mw,503ee55b5ad1b1988379a241a0405811522ee4d50b473755532ad1299cb121e2,"{""distance"":5,""physical_error_rate"":0.0005}","{""detection_events"":1209399,""detectors_checked"":582385664}"
     41984,         0,         0,    1.60,standalone_exact_mw,29ae76c7f86edcd2f56343e8109d8463cbc736644db4e57527101e2f1c3606c8,"{""distance"":5,""physical_error_rate"":0.0002}","{""detection_events"":7838,""detectors_checked"":9404416}"
   3855360,         0,         0,   119.2,standalone_exact_mw,aea10f45e3589e84a00777b800d38e8a3149bd6cb552c409f3bffd718c1a0abf,"{""distance"":5,""physical_error_rate"":5e-05}","{""detection_events"":179157,""detectors_checked"":863600640}"
      3072,         0,         0,   0.122,standalone_exact_mw,cc9149276d16e61a5ac322a1d2048afebd34054fe0ed4879b77eb616628c1148,"{""distance"":5,""physical_error_rate"":0.0001}","{""detection_events"":320,""detectors_checked"":688128}"
     30720,         0,         0,    1.54,standalone_exact_mw,503ee55b5ad1b1988379a241a0405811522ee4d50b473755532ad1299cb121e2,"{""distance"":5,""physical_error_rate"":0.0005}","{""detection_events"":14387,""detectors_checked"":6881280}"
     24576,         0,         0,   0.780,standalone_exact_mw,aea10f45e3589e84a00777b800d38e8a3149bd6cb552c409f3bffd718c1a0abf,"{""distance"":5,""physical_error_rate"":5e-05}","{""detection_events"":959,""detectors_checked"":5505024}"
      4096,         0,         0,   0.175,standalone_exact_mw,cc9149276d16e61a5ac322a1d2048afebd34054fe0ed4879b77eb616628c1148,"{""distance"":5,""physical_error_rate"":0.0001}","{""detection_events"":320,""detectors_checked"":917504}"
   4134912,         0,         0,   119.2,standalone_exact_mw,aea10f45e3589e84a00777b800d38e8a3149bd6cb552c409f3bffd718c1a0abf,"{""distance"":5,""physical_error_rate"":5e-05}","{""detection_events"":193793,""detectors_checked"":926220288}"
     90112,         0,         0,    2.15,standalone_exact_mw,aea10f45e3589e84a00777b800d38e8a3149bd6cb552c409f3bffd718c1a0abf,"{""distance"":5,""physical_error_rate"":5e-05}","{""detection_events"":4025,""detectors_checked"":20185088}"
      5120,         0,         0,   0.224,standalone_exact_mw,cc9149276d16e61a5ac322a1d2048afebd34054fe0ed4879b77eb616628c1148,"{""distance"":5,""physical_error_rate"":0.0001}","{""detection_events"":445,""detectors_checked"":1146880}"
     52224,         0,         0,    2.22,standalone_exact_mw,29ae76c7f86edcd2f56343e8109d8463cbc736644db4e57527101e2f1c3606c8,"{""distance"":5,""physical_error_rate"":0.0002}","{""detection_events"":9682,""detectors_checked"":11698176}"
     34816,         0,         0,    2.18,standalone_exact_mw,503ee55b5ad1b1988379a241a0405811522ee4d50b473755532ad1299cb121e2,"{""distance"":5,""physical_error_rate"":0.0005}","{""detection_events"":16291,""detectors_checked"":7798784}"
   2453504,         3,         0,   119.6,standalone_exact_mw,503ee55b5ad1b1988379a241a0405811522ee4d50b473755532ad1299cb121e2,"{""distance"":5,""physical_error_rate"":0.0005}","{""detection_events"":1143541,""detectors_checked"":549584896,""obs_mistake_mask=E"":3}"
      7168,         0,         0,   0.301,standalone_exact_mw,cc9149276d16e61a5ac322a1d2048afebd34054fe0ed4879b77eb616628c1148,"{""distance"":5,""physical_error_rate"":0.0001}","{""detection_events"":635,""detectors_checked"":1605632}"
     10240,         0,         0,   0.449,standalone_exact_mw,cc9149276d16e61a5ac322a1d2048afebd34054fe0ed4879b77eb616628c1148,"{""distance"":5,""physical_error_rate"":0.0001}","{""detection_events"":1014,""detectors_checked"":2293760}"
     65536,         0,         0,    3.05,standalone_exact_mw,29ae76c7f86edcd2f56343e8109d8463cbc736644db4e57527101e2f1c3606c8,"{""distance"":5,""physical_error_rate"":0.0002}","{""detection_events"":11849,""detectors_checked"":14680064}"
     88064,         0,         0,    3.03,standalone_exact_mw,cc9149276d16e61a5ac322a1d2048afebd34054fe0ed4879b77eb616628c1148,"{""distance"":5,""physical_error_rate"":0.0001}","{""detection_events"":8230,""detectors_checked"":19726336}"
     33792,         0,         0,    1.11,standalone_exact_mw,aea10f45e3589e84a00777b800d38e8a3149bd6cb552c409f3bffd718c1a0abf,"{""distance"":5,""physical_error_rate"":5e-05}","{""detection_events"":1528,""detectors_checked"":7569408}"
     67584,         0,         0,    2.17,standalone_exact_mw,aea10f45e3589e84a00777b800d38e8a3149bd6cb552c409f3bffd718c1a0abf,"{""distance"":5,""physical_error_rate"":5e-05}","{""detection_events"":3079,""detectors_checked"":15138816}"
     13312,         0,         0,   0.578,standalone_exact_mw,cc9149276d16e61a5ac322a1d2048afebd34054fe0ed4879b77eb616628c1148,"{""distance"":5,""physical_error_rate"":0.0001}","{""detection_events"":1235,""detectors_checked"":2981888}"
    116736,         0,         0,    3.03,standalone_exact_mw,cc9149276d16e61a5ac322a1d2048afebd34054fe0ed4879b77eb616628c1148,"{""distance"":5,""physical_error_rate"":0.0001}","{""detection_events"":10551,""detectors_checked"":26148864}"
     66560,         0,         0,    2.19,standalone_exact_mw,cc9149276d16e61a5ac322a1d2048afebd34054fe0ed4879b77eb616628c1148,"{""distance"":5,""physical_error_rate"":0.0001}","{""detection_events"":6257,""detectors_checked"":14909440}"
     62464,         0,         0,    2.16,standalone_exact_mw,29ae76c7f86edcd2f56343e8109d8463cbc736644db4e57527101e2f1c3606c8,"{""distance"":5,""physical_error_rate"":0.0002}","{""detection_events"":11327,""detectors_checked"":13991936}"
     44032,         0,         0,    2.17,standalone_exact_mw,503ee55b5ad1b1988379a241a0405811522ee4d50b473755532ad1299cb121e2,"{""distance"":5,""physical_error_rate"":0.0005}","{""detection_events"":20491,""detectors_checked"":9863168}"
     16384,         0,         0,   0.820,standalone_exact_mw,cc9149276d16e61a5ac322a1d2048afebd34054fe0ed4879b77eb616628c1148,"{""distance"":5,""physical_error_rate"":0.0001}","{""detection_events"":1520,""detectors_checked"":3670016}"
     75776,         0,         0,    3.06,standalone_exact_mw,503ee55b5ad1b1988379a241a0405811522ee4d50b473755532ad1299cb121e2,"{""distance"":5,""physical_error_rate"":0.0005}","{""detection_events"":35030,""detectors_checked"":16973824}"
     49152,         0,         0,    1.57,standalone_exact_mw,aea10f45e3589e84a00777b800d38e8a3149bd6cb552c409f3bffd718c1a0abf,"{""distance"":5,""physical_error_rate"":5e-05}","{""detection_events"":2378,""detectors_checked"":11010048}"
    125952,         0,         0,    3.04,standalone_exact_mw,aea10f45e3589e84a00777b800d38e8a3149bd6cb552c409f3bffd718c1a0abf,"{""distance"":5,""physical_error_rate"":5e-05}","{""detection_events"":5800,""detectors_checked"":28213248}"
     59392,         0,         0,    3.03,standalone_exact_mw,29ae76c7f86edcd2f56343e8109d8463cbc736644db4e57527101e2f1c3606c8,"{""distance"":5,""physical_error_rate"":0.0002}","{""detection_events"":11203,""detectors_checked"":13303808}"
     45056,         0,         0,    3.10,standalone_exact_mw,503ee55b5ad1b1988379a241a0405811522ee4d50b473755532ad1299cb121e2,"{""distance"":5,""physical_error_rate"":0.0005}","{""detection_events"":20847,""detectors_checked"":10092544}"
     21504,         0,         0,    1.12,standalone_exact_mw,cc9149276d16e61a5ac322a1d2048afebd34054fe0ed4879b77eb616628c1148,"{""distance"":5,""physical_error_rate"":0.0001}","{""detection_events"":2010,""detectors_checked"":4816896}"
     94208,         0,         0,    3.05,standalone_exact_mw,aea10f45e3589e84a00777b800d38e8a3149bd6cb552c409f3bffd718c1a0abf,"{""distance"":5,""physical_error_rate"":5e-05}","{""detection_events"":4496,""detectors_checked"":21102592}"
     67584,         0,         0,    2.18,standalone_exact_mw,aea10f45e3589e84a00777b800d38e8a3149bd6cb552c409f3bffd718c1a0abf,"{""distance"":5,""physical_error_rate"":5e-05}","{""detection_events"":3115,""detectors_checked"":15138816}"
    118784,         0,         0,    3.02,standalone_exact_mw,cc9149276d16e61a5ac322a1d2048afebd34054fe0ed4879b77eb616628c1148,"{""distance"":5,""physical_error_rate"":0.0001}","{""detection_events"":11147,""detectors_checked"":26607616}"
     78848,         0,         0,    3.03,standalone_exact_mw,29ae76c7f86edcd2f56343e8109d8463cbc736644db4e57527101e2f1c3606c8,"{""distance"":5,""physical_error_rate"":0.0002}","{""detection_events"":15009,""detectors_checked"":17661952}"
     30720,         0,         0,    1.59,standalone_exact_mw,cc9149276d16e61a5ac322a1d2048afebd34054fe0ed4879b77eb616628c1148,"{""distance"":5,""physical_error_rate"":0.0001}","{""detection_events"":2779,""detectors_checked"":6881280}"
     62464,         0,         0,    3.11,standalone_exact_mw,503ee55b5ad1b1988379a241a0405811522ee4d50b473755532ad1299cb121e2,"{""distance"":5,""physical_error_rate"":0.0005}","{""detection_events"":29427,""detectors_checked"":13991936}"
     76800,         0,         0,    4.28,standalone_exact_mw,29ae76c7f86edcd2f56343e8109d8463cbc736644db4e57527101e2f1c3606c8,"{""distance"":5,""physical_error_rate"":0.0002}","{""detection_events"":14747,""detectors_checked"":17203200}"
    123904,         0,         0,    4.29,standalone_exact_mw,cc9149276d16e61a5ac322a1d2048afebd34054fe0ed4879b77eb616628c1148,"{""distance"":5,""physical_error_rate"":0.0001}","{""detection_events"":11727,""detectors_checked"":27754496}"
    165888,         0,         0,    4.26,standalone_exact_mw,cc9149276d16e61a5ac322a1d2048afebd34054fe0ed4879b77eb616628c1148,"{""distance"":5,""physical_error_rate"":0.0001}","{""detection_events"":15082,""detectors_checked"":37158912}"
    106496,         0,         0,    4.27,standalone_exact_mw,503ee55b5ad1b1988379a241a0405811522ee4d50b473755532ad1299cb121e2,"{""distance"":5,""physical_error_rate"":0.0005}","{""detection_events"":49244,""detectors_checked"":23855104}"
     43008,         0,         0,    2.19,standalone_exact_mw,cc9149276d16e61a5ac322a1d2048afebd34054fe0ed4879b77eb616628c1148,"{""distance"":5,""physical_error_rate"":0.0001}","{""detection_events"":3805,""detectors_checked"":9633792}"
    177152,         0,         0,    4.26,standalone_exact_mw,aea10f45e3589e84a00777b800d38e8a3149bd6cb552c409f3bffd718c1a0abf,"{""distance"":5,""physical_error_rate"":5e-05}","{""detection_events"":8110,""detectors_checked"":39682048}"
     74752,         0,         0,    4.29,standalone_exact_mw,29ae76c7f86edcd2f56343e8109d8463cbc736644db4e57527101e2f1c3606c8,"{""distance"":5,""physical_error_rate"":0.0002}","{""detection_events"":14239,""detectors_checked"":16744448}"
     57344,         0,         0,    4.32,standalone_exact_mw,503ee55b5ad1b1988379a241a0405811522ee4d50b473755532ad1299cb121e2,"{""distance"":5,""physical_error_rate"":0.0005}","{""detection_events"":26417,""detectors_checked"":12845056}"
     94208,         0,         0,    3.05,standalone_exact_mw,aea10f45e3589e84a00777b800d38e8a3149bd6cb552c409f3bffd718c1a0abf,"{""distance"":5,""physical_error_rate"":5e-05}","{""detection_events"":4501,""detectors_checked"":21102592}"
    132096,         0,         0,    4.24,standalone_exact_mw,aea10f45e3589e84a00777b800d38e8a3149bd6cb552c409f3bffd718c1a0abf,"{""distance"":5,""physical_error_rate"":5e-05}","{""detection_events"":6037,""detectors_checked"":29589504}"
    132096,         0,         0,    4.31,standalone_exact_mw,cc9149276d16e61a5ac322a1d2048afebd34054fe0ed4879b77eb616628c1148,"{""distance"":5,""physical_error_rate"":0.0001}","{""detection_events"":12192,""detectors_checked"":29589504}"
    136192,         0,         0,    4.30,standalone_exact_mw,29ae76c7f86edcd2f56343e8109d8463cbc736644db4e57527101e2f1c3606c8,"{""distance"":5,""physical_error_rate"":0.0002}","{""detection_events"":25641,""detectors_checked"":30507008}"
     86016,         2,         0,    4.21,standalone_exact_mw,503ee55b5ad1b1988379a241a0405811522ee4d50b473755532ad1299cb121e2,"{""distance"":5,""physical_error_rate"":0.0005}","{""detection_events"":39436,""detectors_checked"":19267584,""obs_mistake_mask=E"":2}"
     78848,         0,         0,    3.01,standalone_exact_mw,cc9149276d16e61a5ac322a1d2048afebd34054fe0ed4879b77eb616628c1148,"{""distance"":5,""physical_error_rate"":0.0001}","{""detection_events"":7265,""detectors_checked"":17661952}"
    131072,         0,         0,    5.98,standalone_exact_mw,29ae76c7f86edcd2f56343e8109d8463cbc736644db4e57527101e2f1c3606c8,"{""distance"":5,""physical_error_rate"":0.0002}","{""detection_events"":24566,""detectors_checked"":29360128}"
    203776,         0,         0,    5.95,standalone_exact_mw,cc9149276d16e61a5ac322a1d2048afebd34054fe0ed4879b77eb616628c1148,"{""distance"":5,""physical_error_rate"":0.0001}","{""detection_events"":19138,""detectors_checked"":45645824}"
    230400,         0,         0,    5.94,standalone_exact_mw,cc9149276d16e61a5ac322a1d2048afebd34054fe0ed4879b77eb616628c1148,"{""distance"":5,""physical_error_rate"":0.0001}","{""detection_events"":21689,""detectors_checked"":51609600}"
    132096,         0,         0,    4.22,standalone_exact_mw,aea10f45e3589e84a00777b800d38e8a3149bd6cb552c409f3bffd718c1a0abf,"{""distance"":5,""physical_error_rate"":5e-05}","{""detection_events"":6228,""detectors_checked"":29589504}"
    118784,         1,         0,    5.97,standalone_exact_mw,503ee55b5ad1b1988379a241a0405811522ee4d50b473755532ad1299cb121e2,"{""distance"":5,""physical_error_rate"":0.0005}","{""detection_events"":54996,""detectors_checked"":26607616,""obs_mistake_mask=E"":1}"
    247808,         0,         0,    5.96,standalone_exact_mw,aea10f45e3589e84a00777b800d38e8a3149bd6cb552c409f3bffd718c1a0abf,"{""distance"":5,""physical_error_rate"":5e-05}","{""detection_events"":11798,""detectors_checked"":55508992}"
    281600,         0,         0,    5.96,standalone_exact_mw,29ae76c7f86edcd2f56343e8109d8463cbc736644db4e57527101e2f1c3606c8,"{""distance"":5,""physical_error_rate"":0.0002}","{""detection_events"":52446,""detectors_checked"":63078400}"
    215040,         0,         0,    6.06,standalone_exact_mw,503ee55b5ad1b1988379a241a0405811522ee4d50b473755532ad1299cb121e2,"{""distance"":5,""physical_error_rate"":0.0005}","{""detection_events"":99746,""detectors_checked"":48168960}"
    143360,         0,         0,    4.28,standalone_exact_mw,cc9149276d16e61a5ac322a1d2048afebd34054fe0ed4879b77eb616628c1148,"{""distance"":5,""physical_error_rate"":0.0001}","{""detection_events"":13703,""detectors_checked"":32112640}"
    184320,         0,         0,    5.97,standalone_exact_mw,aea10f45e3589e84a00777b800d38e8a3149bd6cb552c409f3bffd718c1a0abf,"{""distance"":5,""physical_error_rate"":5e-05}","{""detection_events"":8502,""detectors_checked"":41287680}"
    191488,         0,         0,    5.97,standalone_exact_mw,cc9149276d16e61a5ac322a1d2048afebd34054fe0ed4879b77eb616628c1148,"{""distance"":5,""physical_error_rate"":0.0001}","{""detection_events"":17705,""detectors_checked"":42893312}"
    176128,         0,         0,    5.93,standalone_exact_mw,29ae76c7f86edcd2f56343e8109d8463cbc736644db4e57527101e2f1c3606c8,"{""distance"":5,""physical_error_rate"":0.0002}","{""detection_events"":32938,""detectors_checked"":39452672}"
    120832,         0,         0,    5.97,standalone_exact_mw,503ee55b5ad1b1988379a241a0405811522ee4d50b473755532ad1299cb121e2,"{""distance"":5,""physical_error_rate"":0.0005}","{""detection_events"":56557,""detectors_checked"":27066368}"
    194560,         0,         0,    5.94,standalone_exact_mw,aea10f45e3589e84a00777b800d38e8a3149bd6cb552c409f3bffd718c1a0abf,"{""distance"":5,""physical_error_rate"":5e-05}","{""detection_events"":8869,""detectors_checked"":43581440}"
   3310592,         0,         0,   119.2,standalone_exact_mw,29ae76c7f86edcd2f56343e8109d8463cbc736644db4e57527101e2f1c3606c8,"{""distance"":5,""physical_error_rate"":0.0002}","{""detection_events"":616193,""detectors_checked"":741572608}"
   3931136,         0,         0,   119.3,standalone_exact_mw,29ae76c7f86edcd2f56343e8109d8463cbc736644db4e57527101e2f1c3606c8,"{""distance"":5,""physical_error_rate"":0.0002}","{""detection_events"":733115,""detectors_checked"":880574464}"
   4346880,         0,         0,   119.4,standalone_exact_mw,cc9149276d16e61a5ac322a1d2048afebd34054fe0ed4879b77eb616628c1148,"{""distance"":5,""physical_error_rate"":0.0001}","{""detection_events"":406327,""detectors_checked"":973701120}"
   2665472,         2,         0,   119.5,standalone_exact_mw,503ee55b5ad1b1988379a241a0405811522ee4d50b473755532ad1299cb121e2,"{""distance"":5,""physical_error_rate"":0.0005}","{""detection_events"":1240233,""detectors_checked"":597065728,""obs_mistake_mask=E"":2}"
    268288,         0,         0,    8.36,standalone_exact_mw,29ae76c7f86edcd2f56343e8109d8463cbc736644db4e57527101e2f1c3606c8,"{""distance"":5,""physical_error_rate"":0.0002}","{""detection_events"":50519,""detectors_checked"":60096512}"
    324608,         0,         0,    8.33,standalone_exact_mw,cc9149276d16e61a5ac322a1d2048afebd34054fe0ed4879b77eb616628c1148,"{""distance"":5,""physical_error_rate"":0.0001}","{""detection_events"":30748,""detectors_checked"":72712192}"
    320512,         0,         0,    8.35,standalone_exact_mw,cc9149276d16e61a5ac322a1d2048afebd34054fe0ed4879b77eb616628c1148,"{""distance"":5,""physical_error_rate"":0.0001}","{""detection_events"":29832,""detectors_checked"":71794688}"
    227328,         0,         0,    5.96,standalone_exact_mw,cc9149276d16e61a5ac322a1d2048afebd34054fe0ed4879b77eb616628c1148,"{""distance"":5,""physical_error_rate"":0.0001}","{""detection_events"":20806,""detectors_checked"":50921472}"
   3981312,         0,         0,   119.3,standalone_exact_mw,aea10f45e3589e84a00777b800d38e8a3149bd6cb552c409f3bffd718c1a0abf,"{""distance"":5,""physical_error_rate"":5e-05}","{""detection_events"":184840,""detectors_checked"":891813888}"
    216064,         0,         0,    8.30,standalone_exact_mw,503ee55b5ad1b1988379a241a0405811522ee4d50b473755532ad1299cb121e2,"{""distance"":5,""physical_error_rate"":0.0005}","{""detection_events"":100857,""detectors_checked"":48398336}"
   2854912,         1,         0,   119.5,standalone_exact_mw,503ee55b5ad1b1988379a241a0405811522ee4d50b473755532ad1299cb121e2,"{""distance"":5,""physical_error_rate"":0.0005}","{""detection_events"":1329160,""detectors_checked"":639500288,""obs_mistake_mask=E"":1}"
    273408,         0,         0,    8.32,standalone_exact_mw,aea10f45e3589e84a00777b800d38e8a3149bd6cb552c409f3bffd718c1a0abf,"{""distance"":5,""physical_error_rate"":5e-05}","{""detection_events"":12539,""detectors_checked"":61243392}"
    175104,         0,         0,    8.36,standalone_exact_mw,29ae76c7f86edcd2f56343e8109d8463cbc736644db4e57527101e2f1c3606c8,"{""distance"":5,""physical_error_rate"":0.0002}","{""detection_events"":32571,""detectors_checked"":39223296}"
    115712,         0,         0,    8.34,standalone_exact_mw,503ee55b5ad1b1988379a241a0405811522ee4d50b473755532ad1299cb121e2,"{""distance"":5,""physical_error_rate"":0.0005}","{""detection_events"":53546,""detectors_checked"":25919488}"
   3442688,         0,         0,   119.4,standalone_exact_mw,29ae76c7f86edcd2f56343e8109d8463cbc736644db4e57527101e2f1c3606c8,"{""distance"":5,""physical_error_rate"":0.0002}","{""detection_events"":641118,""detectors_checked"":771162112}"
    335872,         0,         0,    8.35,standalone_exact_mw,aea10f45e3589e84a00777b800d38e8a3149bd6cb552c409f3bffd718c1a0abf,"{""distance"":5,""physical_error_rate"":5e-05}","{""detection_events"":15590,""detectors_checked"":75235328}"
    178176,         0,         0,    8.32,standalone_exact_mw,29ae76c7f86edcd2f56343e8109d8463cbc736644db4e57527101e2f1c3606c8,"{""distance"":5,""physical_error_rate"":0.0002}","{""detection_events"":33299,""detectors_checked"":39911424}"
    283648,         0,         0,    8.40,standalone_exact_mw,cc9149276d16e61a5ac322a1d2048afebd34054fe0ed4879b77eb616628c1148,"{""distance"":5,""physical_error_rate"":0.0001}","{""detection_events"":26022,""detectors_checked"":63537152}"
   3668992,         0,         0,   119.1,standalone_exact_mw,aea10f45e3589e84a00777b800d38e8a3149bd6cb552c409f3bffd718c1a0abf,"{""distance"":5,""physical_error_rate"":5e-05}","{""detection_events"":169326,""detectors_checked"":821854208}"
    168960,         0,         0,    8.32,standalone_exact_mw,503ee55b5ad1b1988379a241a0405811522ee4d50b473755532ad1299cb121e2,"{""distance"":5,""physical_error_rate"":0.0005}","{""detection_events"":78011,""detectors_checked"":37847040}"
   3886080,         0,         0,   119.4,standalone_exact_mw,29ae76c7f86edcd2f56343e8109d8463cbc736644db4e57527101e2f1c3606c8,"{""distance"":5,""physical_error_rate"":0.0002}","{""detection_events"":723867,""detectors_checked"":870481920}"
   4432896,         0,         0,   119.5,standalone_exact_mw,cc9149276d16e61a5ac322a1d2048afebd34054fe0ed4879b77eb616628c1148,"{""distance"":5,""physical_error_rate"":0.0001}","{""detection_events"":411043,""detectors_checked"":992968704}"
    432128,         0,         0,    8.35,standalone_exact_mw,aea10f45e3589e84a00777b800d38e8a3149bd6cb552c409f3bffd718c1a0abf,"{""distance"":5,""physical_error_rate"":5e-05}","{""detection_events"":20571,""detectors_checked"":96796672}"
    322560,         0,         0,    8.34,standalone_exact_mw,cc9149276d16e61a5ac322a1d2048afebd34054fe0ed4879b77eb616628c1148,"{""distance"":5,""physical_error_rate"":0.0001}","{""detection_events"":30206,""detectors_checked"":72253440}"
   2706432,         2,         0,   119.3,standalone_exact_mw,503ee55b5ad1b1988379a241a0405811522ee4d50b473755532ad1299cb121e2,"{""distance"":5,""physical_error_rate"":0.0005}","{""detection_events"":1257901,""detectors_checked"":606240768,""obs_mistake_mask=E"":2}"
    342016,         0,         0,    11.7,standalone_exact_mw,29ae76c7f86edcd2f56343e8109d8463cbc736644db4e57527101e2f1c3606c8,"{""distance"":5,""physical_error_rate"":0.0002}","{""detection_events"":64460,""detectors_checked"":76611584}"
    438272,         0,         0,    11.6,standalone_exact_mw,cc9149276d16e61a5ac322a1d2048afebd34054fe0ed4879b77eb616628c1148,"{""distance"":5,""physical_error_rate"":0.0001}","{""detection_events"":40808,""detectors_checked"":98172928}"
    443392,         0,         0,    11.7,standalone_exact_mw,cc9149276d16e61a5ac322a1d2048afebd34054fe0ed4879b77eb616628c1148,"{""distance"":5,""physical_error_rate"":0.0001}","{""detection_events"":41260,""detectors_checked"":99319808}"
    294912,         0,         0,    11.7,standalone_exact_mw,503ee55b5ad1b1988379a241a0405811522ee4d50b473755532ad1299cb121e2,"{""distance"":5,""physical_error_rate"":0.0005}","{""detection_events"":136454,""detectors_checked"":66060288}"
    370688,         0,         0,    11.6,standalone_exact_mw,aea10f45e3589e84a00777b800d38e8a3149bd6cb552c409f3bffd718c1a0abf,"{""distance"":5,""physical_error_rate"":5e-05}","{""detection_events"":16951,""detectors_checked"":83034112}"
    328704,         0,         0,    11.7,standalone_exact_mw,29ae76c7f86edcd2f56343e8109d8463cbc736644db4e57527101e2f1c3606c8,"{""distance"":5,""physical_error_rate"":0.0002}","{""detection_events"":61825,""detectors_checked"":73629696}"
    201728,         0,         0,    11.7,standalone_exact_mw,503ee55b5ad1b1988379a241a0405811522ee4d50b473755532ad1299cb121e2,"{""distance"":5,""physical_error_rate"":0.0005}","{""detection_events"":95245,""detectors_checked"":45187072}"
    473088,         0,         0,    11.7,standalone_exact_mw,aea10f45e3589e84a00777b800d38e8a3149bd6cb552c409f3bffd718c1a0abf,"{""distance"":5,""physical_error_rate"":5e-05}","{""detection_events"":22296,""detectors_checked"":105971712}"
    136192,         0,         0,    11.6,standalone_exact_mw,29ae76c7f86edcd2f56343e8109d8463cbc736644db4e57527101e2f1c3606c8,"{""distance"":5,""physical_error_rate"":0.0002}","{""detection_events"":25249,""detectors_checked"":30507008}"
    210944,         0,         0,    11.7,standalone_exact_mw,cc9149276d16e61a5ac322a1d2048afebd34054fe0ed4879b77eb616628c1148,"{""distance"":5,""physical_error_rate"":0.0001}","{""detection_events"":19961,""detectors_checked"":47251456}"
    225280,         0,         0,    11.7,standalone_exact_mw,503ee55b5ad1b1988379a241a0405811522ee4d50b473755532ad1299cb121e2,"{""distance"":5,""physical_error_rate"":0.0005}","{""detection_events"":105107,""detectors_checked"":50462720}"
   3421184,         0,         0,   119.2,standalone_exact_mw,aea10f45e3589e84a00777b800d38e8a3149bd6cb552c409f3bffd718c1a0abf,"{""distance"":5,""physical_error_rate"":5e-05}","{""detection_events"":160800,""detectors_checked"":766345216}"
   4561920,         0,         0,   119.3,standalone_exact_mw,cc9149276d16e61a5ac322a1d2048afebd34054fe0ed4879b77eb616628c1148,"{""distance"":5,""physical_error_rate"":0.0001}","{""detection_events"":426179,""detectors_checked"":1021870080}"
    547840,         0,         0,    11.7,standalone_exact_mw,aea10f45e3589e84a00777b800d38e8a3149bd6cb552c409f3bffd718c1a0abf,"{""distance"":5,""physical_error_rate"":5e-05}","{""detection_events"":25515,""detectors_checked"":122716160}"
    419840,         0,         0,    11.7,standalone_exact_mw,cc9149276d16e61a5ac322a1d2048afebd34054fe0ed4879b77eb616628c1148,"{""distance"":5,""physical_error_rate"":0.0001}","{""detection_events"":39104,""detectors_checked"":94044160}"
    633856,         0,         0,    16.4,standalone_exact_mw,cc9149276d16e61a5ac322a1d2048afebd34054fe0ed4879b77eb616628c1148,"{""distance"":5,""physical_error_rate"":0.0001}","{""detection_events"":58783,""detectors_checked"":141983744}"
    487424,         0,         0,    16.3,standalone_exact_mw,29ae76c7f86edcd2f56343e8109d8463cbc736644db4e57527101e2f1c3606c8,"{""distance"":5,""physical_error_rate"":0.0002}","{""detection_events"":90699,""detectors_checked"":109182976}"
    609280,         0,         0,    16.3,standalone_exact_mw,cc9149276d16e61a5ac322a1d2048afebd34054fe0ed4879b77eb616628c1148,"{""distance"":5,""physical_error_rate"":0.0001}","{""detection_events"":57272,""detectors_checked"":136478720}"
    389120,         0,         0,    16.4,standalone_exact_mw,503ee55b5ad1b1988379a241a0405811522ee4d50b473755532ad1299cb121e2,"{""distance"":5,""physical_error_rate"":0.0005}","{""detection_events"":181304,""detectors_checked"":87162880}"
    674816,         0,         0,    16.4,standalone_exact_mw,aea10f45e3589e84a00777b800d38e8a3149bd6cb552c409f3bffd718c1a0abf,"{""distance"":5,""physical_error_rate"":5e-05}","{""detection_events"":31661,""detectors_checked"":151158784}"
    602112,         0,         0,    16.3,standalone_exact_mw,29ae76c7f86edcd2f56343e8109d8463cbc736644db4e57527101e2f1c3606c8,"{""distance"":5,""physical_error_rate"":0.0002}","{""detection_events"":113247,""detectors_checked"":134873088}"
    259072,         0,         0,    16.3,standalone_exact_mw,503ee55b5ad1b1988379a241a0405811522ee4d50b473755532ad1299cb121e2,"{""distance"":5,""physical_error_rate"":0.0005}","{""detection_events"":119869,""detectors_checked"":58032128}"
    670720,         0,         0,    16.3,standalone_exact_mw,aea10f45e3589e84a00777b800d38e8a3149bd6cb552c409f3bffd718c1a0abf,"{""distance"":5,""physical_error_rate"":5e-05}","{""detection_events"":30622,""detectors_checked"":150241280}"
    344064,         0,         0,    16.3,standalone_exact_mw,29ae76c7f86edcd2f56343e8109d8463cbc736644db4e57527101e2f1c3606c8,"{""distance"":5,""physical_error_rate"":0.0002}","{""detection_events"":63457,""detectors_checked"":77070336}"
    379904,         0,         0,    16.3,standalone_exact_mw,cc9149276d16e61a5ac322a1d2048afebd34054fe0ed4879b77eb616628c1148,"{""distance"":5,""physical_error_rate"":0.0001}","{""detection_events"":35714,""detectors_checked"":85098496}"
    261120,         0,         0,    16.4,standalone_exact_mw,503ee55b5ad1b1988379a241a0405811522ee4d50b473755532ad1299cb121e2,"{""distance"":5,""physical_error_rate"":0.0005}","{""detection_events"":121607,""detectors_checked"":58490880}"
   2923520,         2,         0,   119.6,standalone_exact_mw,503ee55b5ad1b1988379a241a0405811522ee4d50b473755532ad1299cb121e2,"{""distance"":5,""physical_error_rate"":0.0005}","{""detection_events"":1361732,""detectors_checked"":654868480,""obs_mistake_mask=E"":2}"
    472064,         0,         0,    16.3,standalone_exact_mw,aea10f45e3589e84a00777b800d38e8a3149bd6cb552c409f3bffd718c1a0abf,"{""distance"":5,""physical_error_rate"":5e-05}","{""detection_events"":21988,""detectors_checked"":105742336}"
    631808,         0,         0,    16.4,standalone_exact_mw,cc9149276d16e61a5ac322a1d2048afebd34054fe0ed4879b77eb616628c1148,"{""distance"":5,""physical_error_rate"":0.0001}","{""detection_events"":59250,""detectors_checked"":141524992}"
   2913280,         1,         0,   119.5,standalone_exact_mw,503ee55b5ad1b1988379a241a0405811522ee4d50b473755532ad1299cb121e2,"{""distance"":5,""physical_error_rate"":0.0005}","{""detection_events"":1355999,""detectors_checked"":652574720,""obs_mistake_mask=E"":1}"
   3739648,         0,         0,   119.4,standalone_exact_mw,29ae76c7f86edcd2f56343e8109d8463cbc736644db4e57527101e2f1c3606c8,"{""distance"":5,""physical_error_rate"":0.0002}","{""detection_events"":695612,""detectors_checked"":837681152}"
   4325376,         0,         0,   119.3,standalone_exact_mw,aea10f45e3589e84a00777b800d38e8a3149bd6cb552c409f3bffd718c1a0abf,"{""distance"":5,""physical_error_rate"":5e-05}","{""detection_events"":201803,""detectors_checked"":968884224}"
   2910208,         0,         0,   119.5,standalone_exact_mw,cc9149276d16e61a5ac322a1d2048afebd34054fe0ed4879b77eb616628c1148,"{""distance"":5,""physical_error_rate"":0.0001}","{""detection_events"":272422,""detectors_checked"":651886592}"
    836608,         0,         0,    22.9,standalone_exact_mw,cc9149276d16e61a5ac322a1d2048afebd34054fe0ed4879b77eb616628c1148,"{""distance"":5,""physical_error_rate"":0.0001}","{""detection_events"":78154,""detectors_checked"":187400192}"
    716800,         0,         0,    22.8,standalone_exact_mw,29ae76c7f86edcd2f56343e8109d8463cbc736644db4e57527101e2f1c3606c8,"{""distance"":5,""physical_error_rate"":0.0002}","{""detection_events"":133589,""detectors_checked"":160563200}"
    792576,         0,         0,    22.8,standalone_exact_mw,cc9149276d16e61a5ac322a1d2048afebd34054fe0ed4879b77eb616628c1148,"{""distance"":5,""physical_error_rate"":0.0001}","{""detection_events"":73285,""detectors_checked"":177537024}"
    587776,         0,         0,    22.9,standalone_exact_mw,503ee55b5ad1b1988379a241a0405811522ee4d50b473755532ad1299cb121e2,"{""distance"":5,""physical_error_rate"":0.0005}","{""detection_events"":273905,""detectors_checked"":131661824}"
    911360,         0,         0,    22.9,standalone_exact_mw,aea10f45e3589e84a00777b800d38e8a3149bd6cb552c409f3bffd718c1a0abf,"{""distance"":5,""physical_error_rate"":5e-05}","{""detection_events"":42314,""detectors_checked"":204144640}"
    665600,         0,         0,    22.9,standalone_exact_mw,29ae76c7f86edcd2f56343e8109d8463cbc736644db4e57527101e2f1c3606c8,"{""distance"":5,""physical_error_rate"":0.0002}","{""detection_events"":122749,""detectors_checked"":149094400}"
    456704,         0,         0,    22.9,standalone_exact_mw,503ee55b5ad1b1988379a241a0405811522ee4d50b473755532ad1299cb121e2,"{""distance"":5,""physical_error_rate"":0.0005}","{""detection_events"":212723,""detectors_checked"":102301696}"
    932864,         0,         0,    22.8,standalone_exact_mw,aea10f45e3589e84a00777b800d38e8a3149bd6cb552c409f3bffd718c1a0abf,"{""distance"":5,""physical_error_rate"":5e-05}","{""detection_events"":43461,""detectors_checked"":208961536}"
    339968,         0,         0,    22.7,standalone_exact_mw,29ae76c7f86edcd2f56343e8109d8463cbc736644db4e57527101e2f1c3606c8,"{""distance"":5,""physical_error_rate"":0.0002}","{""detection_events"":63061,""detectors_checked"":76152832}"
    735232,         0,         0,    22.9,standalone_exact_mw,cc9149276d16e61a5ac322a1d2048afebd34054fe0ed4879b77eb616628c1148,"{""distance"":5,""physical_error_rate"":0.0001}","{""detection_events"":67781,""detectors_checked"":164691968}"
    400384,         0,         0,    22.9,standalone_exact_mw,503ee55b5ad1b1988379a241a0405811522ee4d50b473755532ad1299cb121e2,"{""distance"":5,""physical_error_rate"":0.0005}","{""detection_events"":186507,""detectors_checked"":89686016}"
    431104,         0,         0,    22.8,standalone_exact_mw,aea10f45e3589e84a00777b800d38e8a3149bd6cb552c409f3bffd718c1a0abf,"{""distance"":5,""physical_error_rate"":5e-05}","{""detection_events"":20485,""detectors_checked"":96567296}"
    881664,         0,         0,    22.9,standalone_exact_mw,cc9149276d16e61a5ac322a1d2048afebd34054fe0ed4879b77eb616628c1148,"{""distance"":5,""physical_error_rate"":0.0001}","{""detection_events"":82301,""detectors_checked"":197492736}"
   2990080,         0,         0,   119.4,standalone_exact_mw,503ee55b5ad1b1988379a241a0405811522ee4d50b473755532ad1299cb121e2,"{""distance"":5,""physical_error_rate"":0.0005}","{""detection_events"":1391316,""detectors_checked"":669777920}"
   3499008,         0,         0,   119.3,standalone_exact_mw,cc9149276d16e61a5ac322a1d2048afebd34054fe0ed4879b77eb616628c1148,"{""distance"":5,""physical_error_rate"":0.0001}","{""detection_events"":326700,""detectors_checked"":783777792}"
   4282368,         0,         0,   119.3,standalone_exact_mw,aea10f45e3589e84a00777b800d38e8a3149bd6cb552c409f3bffd718c1a0abf,"{""distance"":5,""physical_error_rate"":5e-05}","{""detection_events"":201080,""detectors_checked"":959250432}"
   3141632,         1,         0,   119.6,standalone_exact_mw,503ee55b5ad1b1988379a241a0405811522ee4d50b473755532ad1299cb121e2,"{""distance"":5,""physical_error_rate"":0.0005}","{""detection_events"":1457803,""detectors_checked"":703725568,""obs_mistake_mask=E"":1}"
   4134912,         0,         0,   119.3,standalone_exact_mw,cc9149276d16e61a5ac322a1d2048afebd34054fe0ed4879b77eb616628c1148,"{""distance"":5,""physical_error_rate"":0.0001}","{""detection_events"":386039,""detectors_checked"":926220288}"
   4135936,         0,         0,   119.1,standalone_exact_mw,aea10f45e3589e84a00777b800d38e8a3149bd6cb552c409f3bffd718c1a0abf,"{""distance"":5,""physical_error_rate"":5e-05}","{""detection_events"":192465,""detectors_checked"":926449664}"
   3743744,         0,         0,   119.3,standalone_exact_mw,aea10f45e3589e84a00777b800d38e8a3149bd6cb552c409f3bffd718c1a0abf,"{""distance"":5,""physical_error_rate"":5e-05}","{""detection_events"":175324,""detectors_checked"":838598656}"
   3570688,         0,         0,   119.4,standalone_exact_mw,29ae76c7f86edcd2f56343e8109d8463cbc736644db4e57527101e2f1c3606c8,"{""distance"":5,""physical_error_rate"":0.0002}","{""detection_events"":666355,""detectors_checked"":799834112}"
   3510272,         0,         0,   119.2,standalone_exact_mw,29ae76c7f86edcd2f56343e8109d8463cbc736644db4e57527101e2f1c3606c8,"{""distance"":5,""physical_error_rate"":0.0002}","{""detection_events"":656293,""detectors_checked"":786300928}"
   4317184,         0,         0,   119.4,standalone_exact_mw,cc9149276d16e61a5ac322a1d2048afebd34054fe0ed4879b77eb616628c1148,"{""distance"":5,""physical_error_rate"":0.0001}","{""detection_events"":400038,""detectors_checked"":967049216}"
   3582976,         0,         0,   119.3,standalone_exact_mw,aea10f45e3589e84a00777b800d38e8a3149bd6cb552c409f3bffd718c1a0abf,"{""distance"":5,""physical_error_rate"":5e-05}","{""detection_events"":167435,""detectors_checked"":802586624}"
   2754560,         0,         0,   119.6,standalone_exact_mw,29ae76c7f86edcd2f56343e8109d8463cbc736644db4e57527101e2f1c3606c8,"{""distance"":5,""physical_error_rate"":0.0002}","{""detection_events"":513805,""detectors_checked"":617021440}"
   2348032,         0,         0,   119.5,standalone_exact_mw,503ee55b5ad1b1988379a241a0405811522ee4d50b473755532ad1299cb121e2,"{""distance"":5,""physical_error_rate"":0.0005}","{""detection_events"":1092888,""detectors_checked"":525959168}"
   4872192,         0,         0,   119.4,standalone_exact_mw,29ae76c7f86edcd2f56343e8109d8463cbc736644db4e57527101e2f1c3606c8,"{""distance"":5,""physical_error_rate"":0.0002}","{""detection_events"":909491,""detectors_checked"":1091371008}"
   3089408,         1,         0,   119.5,standalone_exact_mw,503ee55b5ad1b1988379a241a0405811522ee4d50b473755532ad1299cb121e2,"{""distance"":5,""physical_error_rate"":0.0005}","{""detection_events"":1434948,""detectors_checked"":692027392,""obs_mistake_mask=E"":1}"
   4307968,         0,         0,   119.4,standalone_exact_mw,cc9149276d16e61a5ac322a1d2048afebd34054fe0ed4879b77eb616628c1148,"{""distance"":5,""physical_error_rate"":0.0001}","{""detection_events"":402044,""detectors_checked"":964984832}"
   1127424,         0,         0,    32.0,standalone_exact_mw,cc9149276d16e61a5ac322a1d2048afebd34054fe0ed4879b77eb616628c1148,"{""distance"":5,""physical_error_rate"":0.0001}","{""detection_events"":104952,""detectors_checked"":252542976}"
    956416,         0,         0,    32.0,standalone_exact_mw,29ae76c7f86edcd2f56343e8109d8463cbc736644db4e57527101e2f1c3606c8,"{""distance"":5,""physical_error_rate"":0.0002}","{""detection_events"":177737,""detectors_checked"":214237184}"
   4641792,         0,         0,   119.3,standalone_exact_mw,29ae76c7f86edcd2f56343e8109d8463cbc736644db4e57527101e2f1c3606c8,"{""distance"":5,""physical_error_rate"":0.0002}","{""detection_events"":865614,""detectors_checked"":1039761408}"
   1152000,         0,         0,    32.0,standalone_exact_mw,cc9149276d16e61a5ac322a1d2048afebd34054fe0ed4879b77eb616628c1148,"{""distance"":5,""physical_error_rate"":0.0001}","{""detection_events"":107497,""detectors_checked"":258048000}"
    770048,         2,         0,    32.0,standalone_exact_mw,503ee55b5ad1b1988379a241a0405811522ee4d50b473755532ad1299cb121e2,"{""distance"":5,""physical_error_rate"":0.0005}","{""detection_events"":357585,""detectors_checked"":172490752,""obs_mistake_mask=E"":2}"
   1162240,         0,         0,    32.0,standalone_exact_mw,aea10f45e3589e84a00777b800d38e8a3149bd6cb552c409f3bffd718c1a0abf,"{""distance"":5,""physical_error_rate"":5e-05}","{""detection_events"":54982,""detectors_checked"":260341760}"
    736256,         0,         0,    32.0,standalone_exact_mw,29ae76c7f86edcd2f56343e8109d8463cbc736644db4e57527101e2f1c3606c8,"{""distance"":5,""physical_error_rate"":0.0002}","{""detection_events"":137532,""detectors_checked"":164921344}"
    658432,         0,         0,    32.0,standalone_exact_mw,503ee55b5ad1b1988379a241a0405811522ee4d50b473755532ad1299cb121e2,"{""distance"":5,""physical_error_rate"":0.0005}","{""detection_events"":305929,""detectors_checked"":147488768}"
   4709376,         0,         0,   119.2,standalone_exact_mw,aea10f45e3589e84a00777b800d38e8a3149bd6cb552c409f3bffd718c1a0abf,"{""distance"":5,""physical_error_rate"":5e-05}","{""detection_events"":220247,""detectors_checked"":1054900224}"
   1155072,         0,         0,    32.0,standalone_exact_mw,aea10f45e3589e84a00777b800d38e8a3149bd6cb552c409f3bffd718c1a0abf,"{""distance"":5,""physical_error_rate"":5e-05}","{""detection_events"":53359,""detectors_checked"":258736128}"
    747520,         0,         0,    32.0,standalone_exact_mw,29ae76c7f86edcd2f56343e8109d8463cbc736644db4e57527101e2f1c3606c8,"{""distance"":5,""physical_error_rate"":0.0002}","{""detection_events"":141048,""detectors_checked"":167444480}"
    980992,         0,         0,    32.0,standalone_exact_mw,cc9149276d16e61a5ac322a1d2048afebd34054fe0ed4879b77eb616628c1148,"{""distance"":5,""physical_error_rate"":0.0001}","{""detection_events"":91583,""detectors_checked"":219742208}"
    707584,         0,         0,    32.0,standalone_exact_mw,503ee55b5ad1b1988379a241a0405811522ee4d50b473755532ad1299cb121e2,"{""distance"":5,""physical_error_rate"":0.0005}","{""detection_events"":328768,""detectors_checked"":158498816}"
   3155968,         3,         0,   119.5,standalone_exact_mw,503ee55b5ad1b1988379a241a0405811522ee4d50b473755532ad1299cb121e2,"{""distance"":5,""physical_error_rate"":0.0005}","{""detection_events"":1468537,""detectors_checked"":706936832,""obs_mistake_mask=E"":3}"
    808960,         0,         0,    31.9,standalone_exact_mw,aea10f45e3589e84a00777b800d38e8a3149bd6cb552c409f3bffd718c1a0abf,"{""distance"":5,""physical_error_rate"":5e-05}","{""detection_events"":37247,""detectors_checked"":181207040}"
   1150976,         0,         0,    32.0,standalone_exact_mw,cc9149276d16e61a5ac322a1d2048afebd34054fe0ed4879b77eb616628c1148,"{""distance"":5,""physical_error_rate"":0.0001}","{""detection_events"":107691,""detectors_checked"":257818624}"
   3196928,         0,         0,   119.4,standalone_exact_mw,29ae76c7f86edcd2f56343e8109d8463cbc736644db4e57527101e2f1c3606c8,"{""distance"":5,""physical_error_rate"":0.0002}","{""detection_events"":592303,""detectors_checked"":716111872}"
   3733504,         0,         0,   119.3,standalone_exact_mw,aea10f45e3589e84a00777b800d38e8a3149bd6cb552c409f3bffd718c1a0abf,"{""distance"":5,""physical_error_rate"":5e-05}","{""detection_events"":174033,""detectors_checked"":836304896}"
   3095552,         0,         0,   119.2,standalone_exact_mw,cc9149276d16e61a5ac322a1d2048afebd34054fe0ed4879b77eb616628c1148,"{""distance"":5,""physical_error_rate"":0.0001}","{""detection_events"":289913,""detectors_checked"":693403648}"
   2776064,         0,         0,   119.4,standalone_exact_mw,29ae76c7f86edcd2f56343e8109d8463cbc736644db4e57527101e2f1c3606c8,"{""distance"":5,""physical_error_rate"":0.0002}","{""detection_events"":516865,""detectors_checked"":621838336}"
   3002368,         0,         0,   119.2,standalone_exact_mw,cc9149276d16e61a5ac322a1d2048afebd34054fe0ed4879b77eb616628c1148,"{""distance"":5,""physical_error_rate"":0.0001}","{""detection_events"":279840,""detectors_checked"":672530432}"
   4244480,         0,         0,   119.4,standalone_exact_mw,aea10f45e3589e84a00777b800d38e8a3149bd6cb552c409f3bffd718c1a0abf,"{""distance"":5,""physical_error_rate"":5e-05}","{""detection_events"":198289,""detectors_checked"":950763520}"
   3307520,         0,         0,   119.3,standalone_exact_mw,cc9149276d16e61a5ac322a1d2048afebd34054fe0ed4879b77eb616628c1148,"{""distance"":5,""physical_error_rate"":0.0001}","{""detection_events"":307963,""detectors_checked"":740884480}"
   4242432,         0,         0,   119.2,standalone_exact_mw,cc9149276d16e61a5ac322a1d2048afebd34054fe0ed4879b77eb616628c1148,"{""distance"":5,""physical_error_rate"":0.0001}","{""detection_events"":395917,""detectors_checked"":950304768}"
   2870272,         0,         0,   119.5,standalone_exact_mw,503ee55b5ad1b1988379a241a0405811522ee4d50b473755532ad1299cb121e2,"{""distance"":5,""physical_error_rate"":0.0005}","{""detection_events"":1334713,""detectors_checked"":642940928}"
   2950144,         0,         0,   119.3,standalone_exact_mw,29ae76c7f86edcd2f56343e8109d8463cbc736644db4e57527101e2f1c3606c8,"{""distance"":5,""physical_error_rate"":0.0002}","{""detection_events"":548338,""detectors_checked"":660832256}"
   3070976,         1,         0,   119.5,standalone_exact_mw,503ee55b5ad1b1988379a241a0405811522ee4d50b473755532ad1299cb121e2,"{""distance"":5,""physical_error_rate"":0.0005}","{""detection_events"":1426287,""detectors_checked"":687898624,""obs_mistake_mask=E"":1}"
   4640768,         0,         0,   119.4,standalone_exact_mw,aea10f45e3589e84a00777b800d38e8a3149bd6cb552c409f3bffd718c1a0abf,"{""distance"":5,""physical_error_rate"":5e-05}","{""detection_events"":216328,""detectors_checked"":1039532032}"
   5409792,         0,         0,   119.2,standalone_exact_mw,aea10f45e3589e84a00777b800d38e8a3149bd6cb552c409f3bffd718c1a0abf,"{""distance"":5,""physical_error_rate"":5e-05}","{""detection_events"":252358,""detectors_checked"":1211793408}"
   2279424,         1,         0,   119.5,standalone_exact_mw,503ee55b5ad1b1988379a241a0405811522ee4d50b473755532ad1299cb121e2,"{""distance"":5,""physical_error_rate"":0.0005}","{""detection_events"":1061316,""detectors_checked"":510590976,""obs_mistake_mask=E"":1}"
   2859008,         0,         0,   119.5,standalone_exact_mw,29ae76c7f86edcd2f56343e8109d8463cbc736644db4e57527101e2f1c3606c8,"{""distance"":5,""physical_error_rate"":0.0002}","{""detection_events"":531978,""detectors_checked"":640417792}"
   3542016,         0,         0,   119.3,standalone_exact_mw,29ae76c7f86edcd2f56343e8109d8463cbc736644db4e57527101e2f1c3606c8,"{""distance"":5,""physical_error_rate"":0.0002}","{""detection_events"":658078,""detectors_checked"":793411584}"
   4454400,         0,         0,   119.4,standalone_exact_mw,cc9149276d16e61a5ac322a1d2048afebd34054fe0ed4879b77eb616628c1148,"{""distance"":5,""physical_error_rate"":0.0001}","{""detection_events"":416030,""detectors_checked"":997785600}"
   3006464,         0,         0,   119.4,standalone_exact_mw,503ee55b5ad1b1988379a241a0405811522ee4d50b473755532ad1299cb121e2,"{""distance"":5,""physical_error_rate"":0.0005}","{""detection_events"":1402641,""detectors_checked"":673447936}"
   3140608,         0,         0,   119.4,standalone_exact_mw,aea10f45e3589e84a00777b800d38e8a3149bd6cb552c409f3bffd718c1a0abf,"{""distance"":5,""physical_error_rate"":5e-05}","{""detection_events"":146205,""detectors_checked"":703496192}"
   2753536,         2,         0,   119.5,standalone_exact_mw,503ee55b5ad1b1988379a241a0405811522ee4d50b473755532ad1299cb121e2,"{""distance"":5,""physical_error_rate"":0.0005}","{""detection_events"":1282848,""detectors_checked"":616792064,""obs_mistake_mask=E"":2}"
   3349504,         0,         0,   119.5,standalone_exact_mw,29ae76c7f86edcd2f56343e8109d8463cbc736644db4e57527101e2f1c3606c8,"{""distance"":5,""physical_error_rate"":0.0002}","{""detection_events"":624082,""detectors_checked"":750288896}"
   4390912,         0,         0,   119.2,standalone_exact_mw,aea10f45e3589e84a00777b800d38e8a3149bd6cb552c409f3bffd718c1a0abf,"{""distance"":5,""physical_error_rate"":5e-05}","{""detection_events"":205236,""detectors_checked"":983564288}"
   3024896,         0,         0,   119.0,standalone_exact_mw,29ae76c7f86edcd2f56343e8109d8463cbc736644db4e57527101e2f1c3606c8,"{""distance"":5,""physical_error_rate"":0.0002}","{""detection_events"":565132,""detectors_checked"":677576704}"
   4121600,         0,         0,   119.1,standalone_exact_mw,cc9149276d16e61a5ac322a1d2048afebd34054fe0ed4879b77eb616628c1148,"{""distance"":5,""physical_error_rate"":0.0001}","{""detection_events"":385462,""detectors_checked"":923238400}"
   1739776,         0,         0,    44.8,standalone_exact_mw,cc9149276d16e61a5ac322a1d2048afebd34054fe0ed4879b77eb616628c1148,"{""distance"":5,""physical_error_rate"":0.0001}","{""detection_events"":161475,""detectors_checked"":389709824}"
   1515520,         0,         0,    44.8,standalone_exact_mw,29ae76c7f86edcd2f56343e8109d8463cbc736644db4e57527101e2f1c3606c8,"{""distance"":5,""physical_error_rate"":0.0002}","{""detection_events"":280564,""detectors_checked"":339476480}"
   1650688,         0,         0,    44.7,standalone_exact_mw,cc9149276d16e61a5ac322a1d2048afebd34054fe0ed4879b77eb616628c1148,"{""distance"":5,""physical_error_rate"":0.0001}","{""detection_events"":154865,""detectors_checked"":369754112}"
    939008,         0,         0,    44.9,standalone_exact_mw,503ee55b5ad1b1988379a241a0405811522ee4d50b473755532ad1299cb121e2,"{""distance"":5,""physical_error_rate"":0.0005}","{""detection_events"":437066,""detectors_checked"":210337792}"
   2555904,         1,         0,   119.4,standalone_exact_mw,503ee55b5ad1b1988379a241a0405811522ee4d50b473755532ad1299cb121e2,"{""distance"":5,""physical_error_rate"":0.0005}","{""detection_events"":1187964,""detectors_checked"":572522496,""obs_mistake_mask=E"":1}"
   1859584,         0,         0,    44.8,standalone_exact_mw,aea10f45e3589e84a00777b800d38e8a3149bd6cb552c409f3bffd718c1a0abf,"{""distance"":5,""physical_error_rate"":5e-05}","{""detection_events"":86757,""detectors_checked"":416546816}"
   1763328,         0,         0,    44.8,standalone_exact_mw,29ae76c7f86edcd2f56343e8109d8463cbc736644db4e57527101e2f1c3606c8,"{""distance"":5,""physical_error_rate"":0.0002}","{""detection_events"":329730,""detectors_checked"":394985472}"
   1113088,         1,         0,    44.9,standalone_exact_mw,503ee55b5ad1b1988379a241a0405811522ee4d50b473755532ad1299cb121e2,"{""distance"":5,""physical_error_rate"":0.0005}","{""detection_events"":516228,""detectors_checked"":249331712,""obs_mistake_mask=E"":1}"
   1965056,         0,         0,    44.7,standalone_exact_mw,aea10f45e3589e84a00777b800d38e8a3149bd6cb552c409f3bffd718c1a0abf,"{""distance"":5,""physical_error_rate"":5e-05}","{""detection_events"":92271,""detectors_checked"":440172544}"
   1469440,         0,         0,    44.6,standalone_exact_mw,cc9149276d16e61a5ac322a1d2048afebd34054fe0ed4879b77eb616628c1148,"{""distance"":5,""physical_error_rate"":0.0001}","{""detection_events"":137174,""detectors_checked"":329154560}"
   1351680,         0,         0,    44.7,standalone_exact_mw,29ae76c7f86edcd2f56343e8109d8463cbc736644db4e57527101e2f1c3606c8,"{""distance"":5,""physical_error_rate"":0.0002}","{""detection_events"":251232,""detectors_checked"":302776320}"
    921600,         0,         0,    44.7,standalone_exact_mw,503ee55b5ad1b1988379a241a0405811522ee4d50b473755532ad1299cb121e2,"{""distance"":5,""physical_error_rate"":0.0005}","{""detection_events"":428312,""detectors_checked"":206438400}"
   1568768,         0,         0,    44.7,standalone_exact_mw,aea10f45e3589e84a00777b800d38e8a3149bd6cb552c409f3bffd718c1a0abf,"{""distance"":5,""physical_error_rate"":5e-05}","{""detection_events"":72954,""detectors_checked"":351404032}"
   3289088,         0,         0,   119.4,standalone_exact_mw,aea10f45e3589e84a00777b800d38e8a3149bd6cb552c409f3bffd718c1a0abf,"{""distance"":5,""physical_error_rate"":5e-05}","{""detection_events"":154024,""detectors_checked"":736755712}"
   4410368,         0,         0,   119.5,standalone_exact_mw,cc9149276d16e61a5ac322a1d2048afebd34054fe0ed4879b77eb616628c1148,"{""distance"":5,""physical_error_rate"":0.0001}","{""detection_events"":410715,""detectors_checked"":987922432}"
   1251328,         0,         0,    44.8,standalone_exact_mw,cc9149276d16e61a5ac322a1d2048afebd34054fe0ed4879b77eb616628c1148,"{""distance"":5,""physical_error_rate"":0.0001}","{""detection_events"":117321,""detectors_checked"":280297472}"
   2269184,         0,         0,   119.6,standalone_exact_mw,503ee55b5ad1b1988379a241a0405811522ee4d50b473755532ad1299cb121e2,"{""distance"":5,""physical_error_rate"":0.0005}","{""detection_events"":1058715,""detectors_checked"":508297216}"
   2778112,         2,         0,   119.4,standalone_exact_mw,503ee55b5ad1b1988379a241a0405811522ee4d50b473755532ad1299cb121e2,"{""distance"":5,""physical_error_rate"":0.0005}","{""detection_events"":1292629,""detectors_checked"":622297088,""obs_mistake_mask=E"":2}"
   3097600,         1,         0,   119.3,standalone_exact_mw,29ae76c7f86edcd2f56343e8109d8463cbc736644db4e57527101e2f1c3606c8,"{""distance"":5,""physical_error_rate"":0.0002}","{""detection_events"":577538,""detectors_checked"":693862400,""obs_mistake_mask=E"":1}"
   4071424,         0,         0,   119.3,standalone_exact_mw,aea10f45e3589e84a00777b800d38e8a3149bd6cb552c409f3bffd718c1a0abf,"{""distance"":5,""physical_error_rate"":5e-05}","{""detection_events"":188949,""detectors_checked"":911998976}"
   3638272,         0,         0,   119.5,standalone_exact_mw,cc9149276d16e61a5ac322a1d2048afebd34054fe0ed4879b77eb616628c1148,"{""distance"":5,""physical_error_rate"":0.0001}","{""detection_events"":338776,""detectors_checked"":814972928}"
   3138560,         2,         0,   119.3,standalone_exact_mw,503ee55b5ad1b1988379a241a0405811522ee4d50b473755532ad1299cb121e2,"{""distance"":5,""physical_error_rate"":0.0005}","{""detection_events"":1461938,""detectors_checked"":703037440,""obs_mistake_mask=E"":2}"
   3926016,         0,         0,   119.3,standalone_exact_mw,cc9149276d16e61a5ac322a1d2048afebd34054fe0ed4879b77eb616628c1148,"{""distance"":5,""physical_error_rate"":0.0001}","{""detection_events"":365532,""detectors_checked"":879427584}"
   4209664,         0,         0,   119.2,standalone_exact_mw,aea10f45e3589e84a00777b800d38e8a3149bd6cb552c409f3bffd718c1a0abf,"{""distance"":5,""physical_error_rate"":5e-05}","{""detection_events"":194634,""detectors_checked"":942964736}"
   3048448,         3,         0,   119.5,standalone_exact_mw,503ee55b5ad1b1988379a241a0405811522ee4d50b473755532ad1299cb121e2,"{""distance"":5,""physical_error_rate"":0.0005}","{""detection_events"":1417527,""detectors_checked"":682852352,""obs_mistake_mask=E"":3}"
   3192832,         0,         0,   119.3,standalone_exact_mw,cc9149276d16e61a5ac322a1d2048afebd34054fe0ed4879b77eb616628c1148,"{""distance"":5,""physical_error_rate"":0.0001}","{""detection_events"":297219,""detectors_checked"":715194368}"
   4701184,         0,         0,   119.3,standalone_exact_mw,aea10f45e3589e84a00777b800d38e8a3149bd6cb552c409f3bffd718c1a0abf,"{""distance"":5,""physical_error_rate"":5e-05}","{""detection_events"":218281,""detectors_checked"":1053065216}"
   2416640,         0,         0,    62.6,standalone_exact_mw,cc9149276d16e61a5ac322a1d2048afebd34054fe0ed4879b77eb616628c1148,"{""distance"":5,""physical_error_rate"":0.0001}","{""detection_events"":224443,""detectors_checked"":541327360}"
   1870848,         0,         0,    62.7,standalone_exact_mw,29ae76c7f86edcd2f56343e8109d8463cbc736644db4e57527101e2f1c3606c8,"{""distance"":5,""physical_error_rate"":0.0002}","{""detection_events"":348095,""detectors_checked"":419069952}"
   4285440,         0,         0,   119.2,standalone_exact_mw,aea10f45e3589e84a00777b800d38e8a3149bd6cb552c409f3bffd718c1a0abf,"{""distance"":5,""physical_error_rate"":5e-05}","{""detection_events"":200836,""detectors_checked"":959938560}"
   3043328,         1,         0,   119.5,standalone_exact_mw,29ae76c7f86edcd2f56343e8109d8463cbc736644db4e57527101e2f1c3606c8,"{""distance"":5,""physical_error_rate"":0.0002}","{""detection_events"":566405,""detectors_checked"":681705472,""obs_mistake_mask=E"":1}"
   2129920,         0,         0,    62.7,standalone_exact_mw,cc9149276d16e61a5ac322a1d2048afebd34054fe0ed4879b77eb616628c1148,"{""distance"":5,""physical_error_rate"":0.0001}","{""detection_events"":199448,""detectors_checked"":477102080}"
   1248256,         1,         0,    62.7,standalone_exact_mw,503ee55b5ad1b1988379a241a0405811522ee4d50b473755532ad1299cb121e2,"{""distance"":5,""physical_error_rate"":0.0005}","{""detection_events"":579666,""detectors_checked"":279609344,""obs_mistake_mask=E"":1}"
   3400704,         0,         0,   119.4,standalone_exact_mw,29ae76c7f86edcd2f56343e8109d8463cbc736644db4e57527101e2f1c3606c8,"{""distance"":5,""physical_error_rate"":0.0002}","{""detection_events"":633543,""detectors_checked"":761757696}"
   4324352,         0,         0,   119.5,standalone_exact_mw,cc9149276d16e61a5ac322a1d2048afebd34054fe0ed4879b77eb616628c1148,"{""distance"":5,""physical_error_rate"":0.0001}","{""detection_events"":402790,""detectors_checked"":968654848}"
   2541568,         0,         0,    62.7,standalone_exact_mw,aea10f45e3589e84a00777b800d38e8a3149bd6cb552c409f3bffd718c1a0abf,"{""distance"":5,""physical_error_rate"":5e-05}","{""detection_events"":119369,""detectors_checked"":569311232}"
   1972224,         1,         0,    62.8,standalone_exact_mw,29ae76c7f86edcd2f56343e8109d8463cbc736644db4e57527101e2f1c3606c8,"{""distance"":5,""physical_error_rate"":0.0002}","{""detection_events"":366600,""detectors_checked"":441778176,""obs_mistake_mask=E"":1}"
   4490240,         0,         0,   119.0,standalone_exact_mw,aea10f45e3589e84a00777b800d38e8a3149bd6cb552c409f3bffd718c1a0abf,"{""distance"":5,""physical_error_rate"":5e-05}","{""detection_events"":210030,""detectors_checked"":1005813760}"
   1379328,         0,         0,    62.7,standalone_exact_mw,503ee55b5ad1b1988379a241a0405811522ee4d50b473755532ad1299cb121e2,"{""distance"":5,""physical_error_rate"":0.0005}","{""detection_events"":641830,""detectors_checked"":308969472}"
   3248128,         0,         0,   119.2,standalone_exact_mw,29ae76c7f86edcd2f56343e8109d8463cbc736644db4e57527101e2f1c3606c8,"{""distance"":5,""physical_error_rate"":0.0002}","{""detection_events"":606053,""detectors_checked"":727580672}"
   2382848,         0,         0,    62.6,standalone_exact_mw,aea10f45e3589e84a00777b800d38e8a3149bd6cb552c409f3bffd718c1a0abf,"{""distance"":5,""physical_error_rate"":5e-05}","{""detection_events"":110106,""detectors_checked"":533757952}"
   1750016,         0,         0,    62.6,standalone_exact_mw,cc9149276d16e61a5ac322a1d2048afebd34054fe0ed4879b77eb616628c1148,"{""distance"":5,""physical_error_rate"":0.0001}","{""detection_events"":163258,""detectors_checked"":392003584}"
   1505280,         0,         0,    62.6,standalone_exact_mw,29ae76c7f86edcd2f56343e8109d8463cbc736644db4e57527101e2f1c3606c8,"{""distance"":5,""physical_error_rate"":0.0002}","{""detection_events"":281598,""detectors_checked"":337182720}"
   1403904,         1,         0,    62.7,standalone_exact_mw,503ee55b5ad1b1988379a241a0405811522ee4d50b473755532ad1299cb121e2,"{""distance"":5,""physical_error_rate"":0.0005}","{""detection_events"":649751,""detectors_checked"":314474496,""obs_mistake_mask=E"":1}"
   2851840,         2,         0,   119.5,standalone_exact_mw,503ee55b5ad1b1988379a241a0405811522ee4d50b473755532ad1299cb121e2,"{""distance"":5,""physical_error_rate"":0.0005}","{""detection_events"":1325752,""detectors_checked"":638812160,""obs_mistake_mask=E"":2}"
   3965952,         0,         0,   119.4,standalone_exact_mw,29ae76c7f86edcd2f56343e8109d8463cbc736644db4e57527101e2f1c3606c8,"{""distance"":5,""physical_error_rate"":0.0002}","{""detection_events"":742113,""detectors_checked"":888373248}"
   2393088,         0,         0,    62.6,standalone_exact_mw,aea10f45e3589e84a00777b800d38e8a3149bd6cb552c409f3bffd718c1a0abf,"{""distance"":5,""physical_error_rate"":5e-05}","{""detection_events"":112089,""detectors_checked"":536051712}"
   2922496,         2,         0,   119.6,standalone_exact_mw,503ee55b5ad1b1988379a241a0405811522ee4d50b473755532ad1299cb121e2,"{""distance"":5,""physical_error_rate"":0.0005}","{""detection_events"":1355171,""detectors_checked"":654639104,""obs_mistake_mask=E"":2}"
   2193408,         0,         0,    62.7,standalone_exact_mw,cc9149276d16e61a5ac322a1d2048afebd34054fe0ed4879b77eb616628c1148,"{""distance"":5,""physical_error_rate"":0.0001}","{""detection_events"":205457,""detectors_checked"":491323392}"
   3876864,         0,         0,   119.2,standalone_exact_mw,cc9149276d16e61a5ac322a1d2048afebd34054fe0ed4879b77eb616628c1148,"{""distance"":5,""physical_error_rate"":0.0001}","{""detection_events"":361249,""detectors_checked"":868417536}"
   3974144,         0,         0,   119.4,standalone_exact_mw,29ae76c7f86edcd2f56343e8109d8463cbc736644db4e57527101e2f1c3606c8,"{""distance"":5,""physical_error_rate"":0.0002}","{""detection_events"":743716,""detectors_checked"":890208256}"
   5101568,         0,         0,   119.3,standalone_exact_mw,aea10f45e3589e84a00777b800d38e8a3149bd6cb552c409f3bffd718c1a0abf,"{""distance"":5,""physical_error_rate"":5e-05}","{""detection_events"":236990,""detectors_checked"":1142751232}"
   3131392,         1,         0,   119.5,standalone_exact_mw,503ee55b5ad1b1988379a241a0405811522ee4d50b473755532ad1299cb121e2,"{""distance"":5,""physical_error_rate"":0.0005}","{""detection_events"":1458418,""detectors_checked"":701431808,""obs_mistake_mask=E"":1}"
   3324928,         0,         0,   119.4,standalone_exact_mw,29ae76c7f86edcd2f56343e8109d8463cbc736644db4e57527101e2f1c3606c8,"{""distance"":5,""physical_error_rate"":0.0002}","{""detection_events"":619613,""detectors_checked"":744783872}"
   4414464,         0,         0,   119.3,standalone_exact_mw,aea10f45e3589e84a00777b800d38e8a3149bd6cb552c409f3bffd718c1a0abf,"{""distance"":5,""physical_error_rate"":5e-05}","{""detection_events"":205505,""detectors_checked"":988839936}"
   3624960,         0,         0,   119.4,standalone_exact_mw,cc9149276d16e61a5ac322a1d2048afebd34054fe0ed4879b77eb616628c1148,"{""distance"":5,""physical_error_rate"":0.0001}","{""detection_events"":336641,""detectors_checked"":811991040}"
   2913280,         0,         0,   119.4,standalone_exact_mw,29ae76c7f86edcd2f56343e8109d8463cbc736644db4e57527101e2f1c3606c8,"{""distance"":5,""physical_error_rate"":0.0002}","{""detection_events"":542476,""detectors_checked"":652574720}"
   4462592,         0,         0,   119.4,standalone_exact_mw,cc9149276d16e61a5ac322a1d2048afebd34054fe0ed4879b77eb616628c1148,"{""distance"":5,""physical_error_rate"":0.0001}","{""detection_events"":416916,""detectors_checked"":999620608}"
   4180992,         0,         0,   119.3,standalone_exact_mw,aea10f45e3589e84a00777b800d38e8a3149bd6cb552c409f3bffd718c1a0abf,"{""distance"":5,""physical_error_rate"":5e-05}","{""detection_events"":195946,""detectors_checked"":936542208}"
   3748864,         0,         0,   119.3,standalone_exact_mw,cc9149276d16e61a5ac322a1d2048afebd34054fe0ed4879b77eb616628c1148,"{""distance"":5,""physical_error_rate"":0.0001}","{""detection_events"":347542,""detectors_checked"":839745536}"
   3406848,         0,         0,   118.9,standalone_exact_mw,cc9149276d16e61a5ac322a1d2048afebd34054fe0ed4879b77eb616628c1148,"{""distance"":5,""physical_error_rate"":0.0001}","{""detection_events"":316685,""detectors_checked"":763133952}"
   2619392,         1,         0,   119.4,standalone_exact_mw,503ee55b5ad1b1988379a241a0405811522ee4d50b473755532ad1299cb121e2,"{""distance"":5,""physical_error_rate"":0.0005}","{""detection_events"":1219706,""detectors_checked"":586743808,""obs_mistake_mask=E"":1}"
   3739648,         0,         0,   119.4,standalone_exact_mw,29ae76c7f86edcd2f56343e8109d8463cbc736644db4e57527101e2f1c3606c8,"{""distance"":5,""physical_error_rate"":0.0002}","{""detection_events"":697994,""detectors_checked"":837681152}"
   2541568,         1,         0,   119.4,standalone_exact_mw,503ee55b5ad1b1988379a241a0405811522ee4d50b473755532ad1299cb121e2,"{""distance"":5,""physical_error_rate"":0.0005}","{""detection_events"":1183997,""detectors_checked"":569311232,""obs_mistake_mask=E"":1}"
   4302848,         0,         0,   119.0,standalone_exact_mw,aea10f45e3589e84a00777b800d38e8a3149bd6cb552c409f3bffd718c1a0abf,"{""distance"":5,""physical_error_rate"":5e-05}","{""detection_events"":201572,""detectors_checked"":963837952}"
   4020224,         0,         0,   119.0,standalone_exact_mw,aea10f45e3589e84a00777b800d38e8a3149bd6cb552c409f3bffd718c1a0abf,"{""distance"":5,""physical_error_rate"":5e-05}","{""detection_events"":186190,""detectors_checked"":900530176}"
   2465792,         1,         0,   119.5,standalone_exact_mw,503ee55b5ad1b1988379a241a0405811522ee4d50b473755532ad1299cb121e2,"{""distance"":5,""physical_error_rate"":0.0005}","{""detection_events"":1145803,""detectors_checked"":552337408,""obs_mistake_mask=E"":1}"
   3508224,         0,         0,   119.3,standalone_exact_mw,29ae76c7f86edcd2f56343e8109d8463cbc736644db4e57527101e2f1c3606c8,"{""distance"":5,""physical_error_rate"":0.0002}","{""detection_events"":653445,""detectors_checked"":785842176}"
   3116032,         0,         0,   119.3,standalone_exact_mw,29ae76c7f86edcd2f56343e8109d8463cbc736644db4e57527101e2f1c3606c8,"{""distance"":5,""physical_error_rate"":0.0002}","{""detection_events"":582513,""detectors_checked"":697991168}"
   4490240,         0,         0,   119.5,standalone_exact_mw,cc9149276d16e61a5ac322a1d2048afebd34054fe0ed4879b77eb616628c1148,"{""distance"":5,""physical_error_rate"":0.0001}","{""detection_events"":420843,""detectors_checked"":1005813760}"
   2816000,         2,         0,   119.3,standalone_exact_mw,503ee55b5ad1b1988379a241a0405811522ee4d50b473755532ad1299cb121e2,"{""distance"":5,""physical_error_rate"":0.0005}","{""detection_events"":1309551,""detectors_checked"":630784000,""obs_mistake_mask=E"":2}"
   3984384,         0,         0,   119.3,standalone_exact_mw,aea10f45e3589e84a00777b800d38e8a3149bd6cb552c409f3bffd718c1a0abf,"{""distance"":5,""physical_error_rate"":5e-05}","{""detection_events"":183006,""detectors_checked"":892502016}"
   2860032,         2,         0,   119.4,standalone_exact_mw,503ee55b5ad1b1988379a241a0405811522ee4d50b473755532ad1299cb121e2,"{""distance"":5,""physical_error_rate"":0.0005}","{""detection_events"":1329858,""detectors_checked"":640647168,""obs_mistake_mask=E"":2}"
   2652160,         0,         0,   119.4,standalone_exact_mw,29ae76c7f86edcd2f56343e8109d8463cbc736644db4e57527101e2f1c3606c8,"{""distance"":5,""physical_error_rate"":0.0002}","{""detection_events"":493802,""detectors_checked"":594083840}"
   3863552,         0,         0,   119.1,standalone_exact_mw,aea10f45e3589e84a00777b800d38e8a3149bd6cb552c409f3bffd718c1a0abf,"{""distance"":5,""physical_error_rate"":5e-05}","{""detection_events"":181030,""detectors_checked"":865435648}"
   3442688,         0,         0,   119.5,standalone_exact_mw,29ae76c7f86edcd2f56343e8109d8463cbc736644db4e57527101e2f1c3606c8,"{""distance"":5,""physical_error_rate"":0.0002}","{""detection_events"":642775,""detectors_checked"":771162112}"
   4017152,         0,         0,   119.3,standalone_exact_mw,cc9149276d16e61a5ac322a1d2048afebd34054fe0ed4879b77eb616628c1148,"{""distance"":5,""physical_error_rate"":0.0001}","{""detection_events"":374534,""detectors_checked"":899842048}"
   2587648,         4,         0,   119.5,standalone_exact_mw,503ee55b5ad1b1988379a241a0405811522ee4d50b473755532ad1299cb121e2,"{""distance"":5,""physical_error_rate"":0.0005}","{""detection_events"":1203560,""detectors_checked"":579633152,""obs_mistake_mask=E"":4}"
   3789824,         0,         0,   119.2,standalone_exact_mw,aea10f45e3589e84a00777b800d38e8a3149bd6cb552c409f3bffd718c1a0abf,"{""distance"":5,""physical_error_rate"":5e-05}","{""detection_events"":177949,""detectors_checked"":848920576}"
   4400128,         0,         0,   119.4,standalone_exact_mw,cc9149276d16e61a5ac322a1d2048afebd34054fe0ed4879b77eb616628c1148,"{""distance"":5,""physical_error_rate"":0.0001}","{""detection_events"":409436,""detectors_checked"":985628672}"
   2868224,         1,         0,   119.4,standalone_exact_mw,503ee55b5ad1b1988379a241a0405811522ee4d50b473755532ad1299cb121e2,"{""distance"":5,""physical_error_rate"":0.0005}","{""detection_events"":1333361,""detectors_checked"":642482176,""obs_mistake_mask=E"":1}"
   3458048,         0,         0,    87.7,standalone_exact_mw,cc9149276d16e61a5ac322a1d2048afebd34054fe0ed4879b77eb616628c1148,"{""distance"":5,""physical_error_rate"":0.0001}","{""detection_events"":322838,""detectors_checked"":774602752}"
   2387968,         0,         0,    87.7,standalone_exact_mw,29ae76c7f86edcd2f56343e8109d8463cbc736644db4e57527101e2f1c3606c8,"{""distance"":5,""physical_error_rate"":0.0002}","{""detection_events"":445112,""detectors_checked"":534904832}"
   3278848,         0,         0,    87.6,standalone_exact_mw,cc9149276d16e61a5ac322a1d2048afebd34054fe0ed4879b77eb616628c1148,"{""distance"":5,""physical_error_rate"":0.0001}","{""detection_events"":306578,""detectors_checked"":734461952}"
   1614848,         1,         0,    88.0,standalone_exact_mw,503ee55b5ad1b1988379a241a0405811522ee4d50b473755532ad1299cb121e2,"{""distance"":5,""physical_error_rate"":0.0005}","{""detection_events"":749631,""detectors_checked"":361725952,""obs_mistake_mask=E"":1}"
   3314688,         0,         0,    87.5,standalone_exact_mw,aea10f45e3589e84a00777b800d38e8a3149bd6cb552c409f3bffd718c1a0abf,"{""distance"":5,""physical_error_rate"":5e-05}","{""detection_events"":154873,""detectors_checked"":742490112}"
   2718720,         0,         0,    87.7,standalone_exact_mw,29ae76c7f86edcd2f56343e8109d8463cbc736644db4e57527101e2f1c3606c8,"{""distance"":5,""physical_error_rate"":0.0002}","{""detection_events"":507624,""detectors_checked"":608993280}"
   2186240,         2,         0,    87.8,standalone_exact_mw,503ee55b5ad1b1988379a241a0405811522ee4d50b473755532ad1299cb121e2,"{""distance"":5,""physical_error_rate"":0.0005}","{""detection_events"":1015032,""detectors_checked"":489717760,""obs_mistake_mask=E"":2}"
   3372032,         0,         0,    87.7,standalone_exact_mw,aea10f45e3589e84a00777b800d38e8a3149bd6cb552c409f3bffd718c1a0abf,"{""distance"":5,""physical_error_rate"":5e-05}","{""detection_events"":157299,""detectors_checked"":755335168}"
   3077120,         0,         0,    87.7,standalone_exact_mw,cc9149276d16e61a5ac322a1d2048afebd34054fe0ed4879b77eb616628c1148,"{""distance"":5,""physical_error_rate"":0.0001}","{""detection_events"":286780,""detectors_checked"":689274880}"
   2646016,         1,         0,    87.7,standalone_exact_mw,29ae76c7f86edcd2f56343e8109d8463cbc736644db4e57527101e2f1c3606c8,"{""distance"":5,""physical_error_rate"":0.0002}","{""detection_events"":493737,""detectors_checked"":592707584,""obs_mistake_mask=E"":1}"
   1802240,         0,         0,    87.9,standalone_exact_mw,503ee55b5ad1b1988379a241a0405811522ee4d50b473755532ad1299cb121e2,"{""distance"":5,""physical_error_rate"":0.0005}","{""detection_events"":841011,""detectors_checked"":403701760}"
   2377728,         2,         0,   119.3,standalone_exact_mw,503ee55b5ad1b1988379a241a0405811522ee4d50b473755532ad1299cb121e2,"{""distance"":5,""physical_error_rate"":0.0005}","{""detection_events"":1106423,""detectors_checked"":532611072,""obs_mistake_mask=E"":2}"
   3456000,         0,         0,   119.5,standalone_exact_mw,29ae76c7f86edcd2f56343e8109d8463cbc736644db4e57527101e2f1c3606c8,"{""distance"":5,""physical_error_rate"":0.0002}","{""detection_events"":643577,""detectors_checked"":774144000}"
   3417088,         0,         0,    87.6,standalone_exact_mw,aea10f45e3589e84a00777b800d38e8a3149bd6cb552c409f3bffd718c1a0abf,"{""distance"":5,""physical_error_rate"":5e-05}","{""detection_events"":159193,""detectors_checked"":765427712}"
   4294656,         0,         0,   119.5,standalone_exact_mw,aea10f45e3589e84a00777b800d38e8a3149bd6cb552c409f3bffd718c1a0abf,"{""distance"":5,""physical_error_rate"":5e-05}","{""detection_events"":199546,""detectors_checked"":962002944}"
   2816000,         0,         0,    87.7,standalone_exact_mw,cc9149276d16e61a5ac322a1d2048afebd34054fe0ed4879b77eb616628c1148,"{""distance"":5,""physical_error_rate"":0.0001}","{""detection_events"":262870,""detectors_checked"":630784000}"
   3596288,         0,         0,   119.3,standalone_exact_mw,cc9149276d16e61a5ac322a1d2048afebd34054fe0ed4879b77eb616628c1148,"{""distance"":5,""physical_error_rate"":0.0001}","{""detection_events"":334328,""detectors_checked"":805568512}"
   3163136,         1,         0,   119.4,standalone_exact_mw,503ee55b5ad1b1988379a241a0405811522ee4d50b473755532ad1299cb121e2,"{""distance"":5,""physical_error_rate"":0.0005}","{""detection_events"":1470232,""detectors_checked"":708542464,""obs_mistake_mask=E"":1}"
   4267008,         0,         0,   119.4,standalone_exact_mw,cc9149276d16e61a5ac322a1d2048afebd34054fe0ed4879b77eb616628c1148,"{""distance"":5,""physical_error_rate"":0.0001}","{""detection_events"":399934,""detectors_checked"":955809792}"
   3872768,         0,         0,   119.1,standalone_exact_mw,aea10f45e3589e84a00777b800d38e8a3149bd6cb552c409f3bffd718c1a0abf,"{""distance"":5,""physical_error_rate"":5e-05}","{""detection_events"":180401,""detectors_checked"":867500032}"
   3079168,         3,         0,   119.3,standalone_exact_mw,503ee55b5ad1b1988379a241a0405811522ee4d50b473755532ad1299cb121e2,"{""distance"":5,""physical_error_rate"":0.0005}","{""detection_events"":1432636,""detectors_checked"":689733632,""obs_mistake_mask=E"":3}"
   3371008,         0,         0,   119.3,standalone_exact_mw,cc9149276d16e61a5ac322a1d2048afebd34054fe0ed4879b77eb616628c1148,"{""distance"":5,""physical_error_rate"":0.0001}","{""detection_events"":312751,""detectors_checked"":755105792}"
   4490240,         0,         0,   119.3,standalone_exact_mw,aea10f45e3589e84a00777b800d38e8a3149bd6cb552c409f3bffd718c1a0abf,"{""distance"":5,""physical_error_rate"":5e-05}","{""detection_events"":209398,""detectors_checked"":1005813760}"
   3222528,         0,         0,   119.3,standalone_exact_mw,aea10f45e3589e84a00777b800d38e8a3149bd6cb552c409f3bffd718c1a0abf,"{""distance"":5,""physical_error_rate"":5e-05}","{""detection_events"":149557,""detectors_checked"":721846272}"
   3901440,         0,         0,   119.3,standalone_exact_mw,29ae76c7f86edcd2f56343e8109d8463cbc736644db4e57527101e2f1c3606c8,"{""distance"":5,""physical_error_rate"":0.0002}","{""detection_events"":727684,""detectors_checked"":873922560}"
   3615744,         0,         0,   119.5,standalone_exact_mw,29ae76c7f86edcd2f56343e8109d8463cbc736644db4e57527101e2f1c3606c8,"{""distance"":5,""physical_error_rate"":0.0002}","{""detection_events"":671870,""detectors_checked"":809926656}"
   2716672,         0,         0,   119.1,standalone_exact_mw,cc9149276d16e61a5ac322a1d2048afebd34054fe0ed4879b77eb616628c1148,"{""distance"":5,""physical_error_rate"":0.0001}","{""detection_events"":252007,""detectors_checked"":608534528}"
   4187136,         0,         0,   119.4,standalone_exact_mw,aea10f45e3589e84a00777b800d38e8a3149bd6cb552c409f3bffd718c1a0abf,"{""distance"":5,""physical_error_rate"":5e-05}","{""detection_events"":195495,""detectors_checked"":937918464}"
   2465792,         0,         0,   119.3,standalone_exact_mw,29ae76c7f86edcd2f56343e8109d8463cbc736644db4e57527101e2f1c3606c8,"{""distance"":5,""physical_error_rate"":0.0002}","{""detection_events"":460350,""detectors_checked"":552337408}"
   2335744,         1,         0,   119.5,standalone_exact_mw,503ee55b5ad1b1988379a241a0405811522ee4d50b473755532ad1299cb121e2,"{""distance"":5,""physical_error_rate"":0.0005}","{""detection_events"":1086090,""detectors_checked"":523206656,""obs_mistake_mask=E"":1}"
   4171776,         0,         0,   119.4,standalone_exact_mw,29ae76c7f86edcd2f56343e8109d8463cbc736644db4e57527101e2f1c3606c8,"{""distance"":5,""physical_error_rate"":0.0002}","{""detection_events"":776745,""detectors_checked"":934477824}"
   3013632,         1,         0,   119.4,standalone_exact_mw,503ee55b5ad1b1988379a241a0405811522ee4d50b473755532ad1299cb121e2,"{""distance"":5,""physical_error_rate"":0.0005}","{""detection_events"":1399716,""detectors_checked"":675053568,""obs_mistake_mask=E"":1}"
   4167680,         0,         0,   119.3,standalone_exact_mw,cc9149276d16e61a5ac322a1d2048afebd34054fe0ed4879b77eb616628c1148,"{""distance"":5,""physical_error_rate"":0.0001}","{""detection_events"":387135,""detectors_checked"":933560320}"
   4283392,         1,         0,   119.1,standalone_exact_mw,29ae76c7f86edcd2f56343e8109d8463cbc736644db4e57527101e2f1c3606c8,"{""distance"":5,""physical_error_rate"":0.0002}","{""detection_events"":797079,""detectors_checked"":959479808,""obs_mistake_mask=E"":1}"
   4981760,         0,         0,   119.2,standalone_exact_mw,aea10f45e3589e84a00777b800d38e8a3149bd6cb552c409f3bffd718c1a0abf,"{""distance"":5,""physical_error_rate"":5e-05}","{""detection_events"":232028,""detectors_checked"":1115914240}"
   3085312,         1,         0,   119.4,standalone_exact_mw,503ee55b5ad1b1988379a241a0405811522ee4d50b473755532ad1299cb121e2,"{""distance"":5,""physical_error_rate"":0.0005}","{""detection_events"":1436424,""detectors_checked"":691109888,""obs_mistake_mask=E"":1}"
   2651136,         0,         0,   119.2,standalone_exact_mw,29ae76c7f86edcd2f56343e8109d8463cbc736644db4e57527101e2f1c3606c8,"{""distance"":5,""physical_error_rate"":0.0002}","{""detection_events"":496310,""detectors_checked"":593854464}"
   4317184,         0,         0,   119.3,standalone_exact_mw,aea10f45e3589e84a00777b800d38e8a3149bd6cb552c409f3bffd718c1a0abf,"{""distance"":5,""physical_error_rate"":5e-05}","{""detection_events"":201736,""detectors_checked"":967049216}"
   3855360,         0,         0,   119.4,standalone_exact_mw,cc9149276d16e61a5ac322a1d2048afebd34054fe0ed4879b77eb616628c1148,"{""distance"":5,""physical_error_rate"":0.0001}","{""detection_events"":359506,""detectors_checked"":863600640}"
   2750464,         0,         0,   119.1,standalone_exact_mw,29ae76c7f86edcd2f56343e8109d8463cbc736644db4e57527101e2f1c3606c8,"{""distance"":5,""physical_error_rate"":0.0002}","{""detection_events"":511980,""detectors_checked"":616103936}"
   3394560,         0,         0,   119.2,standalone_exact_mw,cc9149276d16e61a5ac322a1d2048afebd34054fe0ed4879b77eb616628c1148,"{""distance"":5,""physical_error_rate"":0.0001}","{""detection_events"":314756,""detectors_checked"":760381440}"
   3308544,         0,         0,   119.4,standalone_exact_mw,aea10f45e3589e84a00777b800d38e8a3149bd6cb552c409f3bffd718c1a0abf,"{""distance"":5,""physical_error_rate"":5e-05}","{""detection_events"":153772,""detectors_checked"":741113856}"
   4146176,         0,         0,   119.4,standalone_exact_mw,cc9149276d16e61a5ac322a1d2048afebd34054fe0ed4879b77eb616628c1148,"{""distance"":5,""physical_error_rate"":0.0001}","{""detection_events"":386935,""detectors_checked"":928743424}"
   3545088,         0,         0,   119.4,standalone_exact_mw,cc9149276d16e61a5ac322a1d2048afebd34054fe0ed4879b77eb616628c1148,"{""distance"":5,""physical_error_rate"":0.0001}","{""detection_events"":330801,""detectors_checked"":794099712}"
   2694144,         0,         0,   119.5,standalone_exact_mw,503ee55b5ad1b1988379a241a0405811522ee4d50b473755532ad1299cb121e2,"{""distance"":5,""physical_error_rate"":0.0005}","{""detection_events"":1256832,""detectors_checked"":603488256}"
   3531776,         0,         0,   119.4,standalone_exact_mw,29ae76c7f86edcd2f56343e8109d8463cbc736644db4e57527101e2f1c3606c8,"{""distance"":5,""physical_error_rate"":0.0002}","{""detection_events"":657096,""detectors_checked"":791117824}"
   2814976,         0,         0,   119.5,standalone_exact_mw,503ee55b5ad1b1988379a241a0405811522ee4d50b473755532ad1299cb121e2,"{""distance"":5,""physical_error_rate"":0.0005}","{""detection_events"":1307410,""detectors_checked"":630554624}"
   4515840,         0,         0,   119.3,standalone_exact_mw,aea10f45e3589e84a00777b800d38e8a3149bd6cb552c409f3bffd718c1a0abf,"{""distance"":5,""physical_error_rate"":5e-05}","{""detection_events"":211025,""detectors_checked"":1011548160}"
   4418560,         0,         0,   119.2,standalone_exact_mw,aea10f45e3589e84a00777b800d38e8a3149bd6cb552c409f3bffd718c1a0abf,"{""distance"":5,""physical_error_rate"":5e-05}","{""detection_events"":206316,""detectors_checked"":989757440}"
   2524160,         3,         0,   119.6,standalone_exact_mw,503ee55b5ad1b1988379a241a0405811522ee4d50b473755532ad1299cb121e2,"{""distance"":5,""physical_error_rate"":0.0005}","{""detection_events"":1173603,""detectors_checked"":565411840,""obs_mistake_mask=E"":3}"
   3108864,         0,         0,   119.4,standalone_exact_mw,29ae76c7f86edcd2f56343e8109d8463cbc736644db4e57527101e2f1c3606c8,"{""distance"":5,""physical_error_rate"":0.0002}","{""detection_events"":582651,""detectors_checked"":696385536}"
   3145728,         0,         0,   119.2,standalone_exact_mw,29ae76c7f86edcd2f56343e8109d8463cbc736644db4e57527101e2f1c3606c8,"{""distance"":5,""physical_error_rate"":0.0002}","{""detection_events"":588385,""detectors_checked"":704643072}"
   3917824,         0,         0,   119.2,standalone_exact_mw,cc9149276d16e61a5ac322a1d2048afebd34054fe0ed4879b77eb616628c1148,"{""distance"":5,""physical_error_rate"":0.0001}","{""detection_events"":364299,""detectors_checked"":877592576}"
   2799616,         0,         0,   119.5,standalone_exact_mw,503ee55b5ad1b1988379a241a0405811522ee4d50b473755532ad1299cb121e2,"{""distance"":5,""physical_error_rate"":0.0005}","{""detection_events"":1302315,""detectors_checked"":627113984}"
   3952640,         0,         0,   119.4,standalone_exact_mw,aea10f45e3589e84a00777b800d38e8a3149bd6cb552c409f3bffd718c1a0abf,"{""distance"":5,""physical_error_rate"":5e-05}","{""detection_events"":183706,""detectors_checked"":885391360}"
   2511872,         4,         0,   119.3,standalone_exact_mw,503ee55b5ad1b1988379a241a0405811522ee4d50b473755532ad1299cb121e2,"{""distance"":5,""physical_error_rate"":0.0005}","{""detection_events"":1164845,""detectors_checked"":562659328,""obs_mistake_mask=E"":4}"
   3098624,         0,         0,   119.1,standalone_exact_mw,29ae76c7f86edcd2f56343e8109d8463cbc736644db4e57527101e2f1c3606c8,"{""distance"":5,""physical_error_rate"":0.0002}","{""detection_events"":578105,""detectors_checked"":694091776}"
   3918848,         0,         0,   119.3,standalone_exact_mw,aea10f45e3589e84a00777b800d38e8a3149bd6cb552c409f3bffd718c1a0abf,"{""distance"":5,""physical_error_rate"":5e-05}","{""detection_events"":181724,""detectors_checked"":877821952}"
   3605504,         0,         0,   119.2,standalone_exact_mw,29ae76c7f86edcd2f56343e8109d8463cbc736644db4e57527101e2f1c3606c8,"{""distance"":5,""physical_error_rate"":0.0002}","{""detection_events"":671175,""detectors_checked"":807632896}"
   4218880,         0,         0,   119.2,standalone_exact_mw,cc9149276d16e61a5ac322a1d2048afebd34054fe0ed4879b77eb616628c1148,"{""distance"":5,""physical_error_rate"":0.0001}","{""detection_events"":394864,""detectors_checked"":945029120}"
   2812928,         1,         0,   119.5,standalone_exact_mw,503ee55b5ad1b1988379a241a0405811522ee4d50b473755532ad1299cb121e2,"{""distance"":5,""physical_error_rate"":0.0005}","{""detection_events"":1308523,""detectors_checked"":630095872,""obs_mistake_mask=E"":1}"
   4709376,         0,         0,   119.3,standalone_exact_mw,aea10f45e3589e84a00777b800d38e8a3149bd6cb552c409f3bffd718c1a0abf,"{""distance"":5,""physical_error_rate"":5e-05}","{""detection_events"":219080,""detectors_checked"":1054900224}"
   4656128,         0,         0,   119.4,standalone_exact_mw,cc9149276d16e61a5ac322a1d2048afebd34054fe0ed4879b77eb616628c1148,"{""distance"":5,""physical_error_rate"":0.0001}","{""detection_events"":435429,""detectors_checked"":1042972672}"
   2763776,         1,         0,   119.4,standalone_exact_mw,503ee55b5ad1b1988379a241a0405811522ee4d50b473755532ad1299cb121e2,"{""distance"":5,""physical_error_rate"":0.0005}","{""detection_events"":1287308,""detectors_checked"":619085824,""obs_mistake_mask=E"":1}"
   4600832,         0,         0,   119.5,standalone_exact_mw,cc9149276d16e61a5ac322a1d2048afebd34054fe0ed4879b77eb616628c1148,"{""distance"":5,""physical_error_rate"":0.0001}","{""detection_events"":430170,""detectors_checked"":1030586368}"
   3430400,         1,         0,   119.3,standalone_exact_mw,29ae76c7f86edcd2f56343e8109d8463cbc736644db4e57527101e2f1c3606c8,"{""distance"":5,""physical_error_rate"":0.0002}","{""detection_events"":639931,""detectors_checked"":768409600,""obs_mistake_mask=E"":1}"
   4247552,         0,         0,   119.4,standalone_exact_mw,cc9149276d16e61a5ac322a1d2048afebd34054fe0ed4879b77eb616628c1148,"{""distance"":5,""physical_error_rate"":0.0001}","{""detection_events"":395424,""detectors_checked"":951451648}"
   2318336,         2,         0,   119.5,standalone_exact_mw,503ee55b5ad1b1988379a241a0405811522ee4d50b473755532ad1299cb121e2,"{""distance"":5,""physical_error_rate"":0.0005}","{""detection_events"":1080222,""detectors_checked"":519307264,""obs_mistake_mask=E"":2}"
   4694016,         0,         0,   119.2,standalone_exact_mw,aea10f45e3589e84a00777b800d38e8a3149bd6cb552c409f3bffd718c1a0abf,"{""distance"":5,""physical_error_rate"":5e-05}","{""detection_events"":219336,""detectors_checked"":1051459584}"
   3028992,         0,         0,   119.2,standalone_exact_mw,29ae76c7f86edcd2f56343e8109d8463cbc736644db4e57527101e2f1c3606c8,"{""distance"":5,""physical_error_rate"":0.0002}","{""detection_events"":564973,""detectors_checked"":678494208}"
   2613248,         2,         0,   119.6,standalone_exact_mw,503ee55b5ad1b1988379a241a0405811522ee4d50b473755532ad1299cb121e2,"{""distance"":5,""physical_error_rate"":0.0005}","{""detection_events"":1215552,""detectors_checked"":585367552,""obs_mistake_mask=E"":2}"
   4681728,         0,         0,   119.4,standalone_exact_mw,aea10f45e3589e84a00777b800d38e8a3149bd6cb552c409f3bffd718c1a0abf,"{""distance"":5,""physical_error_rate"":5e-05}","{""detection_events"":218598,""detectors_checked"":1048707072}"
   3815424,         0,         0,   119.3,standalone_exact_mw,cc9149276d16e61a5ac322a1d2048afebd34054fe0ed4879b77eb616628c1148,"{""distance"":5,""physical_error_rate"":0.0001}","{""detection_events"":356832,""detectors_checked"":854654976}"
   2870272,         0,         0,   119.6,standalone_exact_mw,29ae76c7f86edcd2f56343e8109d8463cbc736644db4e57527101e2f1c3606c8,"{""distance"":5,""physical_error_rate"":0.0002}","{""detection_events"":535060,""detectors_checked"":642940928}"
   2568192,         1,         0,   119.4,standalone_exact_mw,503ee55b5ad1b1988379a241a0405811522ee4d50b473755532ad1299cb121e2,"{""distance"":5,""physical_error_rate"":0.0005}","{""detection_events"":1192897,""detectors_checked"":575275008,""obs_mistake_mask=E"":1}"
   2407424,         0,         0,   119.2,standalone_exact_mw,503ee55b5ad1b1988379a241a0405811522ee4d50b473755532ad1299cb121e2,"{""distance"":5,""physical_error_rate"":0.0005}","{""detection_events"":1121311,""detectors_checked"":539262976}"
   2895872,         0,         0,   119.2,standalone_exact_mw,29ae76c7f86edcd2f56343e8109d8463cbc736644db4e57527101e2f1c3606c8,"{""distance"":5,""physical_error_rate"":0.0002}","{""detection_events"":540697,""detectors_checked"":648675328}"
   4285440,         0,         0,   119.3,standalone_exact_mw,aea10f45e3589e84a00777b800d38e8a3149bd6cb552c409f3bffd718c1a0abf,"{""distance"":5,""physical_error_rate"":5e-05}","{""detection_events"":201434,""detectors_checked"":959938560}"
   4241408,         0,         0,   119.2,standalone_exact_mw,aea10f45e3589e84a00777b800d38e8a3149bd6cb552c409f3bffd718c1a0abf,"{""distance"":5,""physical_error_rate"":5e-05}","{""detection_events"":197673,""detectors_checked"":950075392}"
   3144704,         0,         0,   119.2,standalone_exact_mw,cc9149276d16e61a5ac322a1d2048afebd34054fe0ed4879b77eb616628c1148,"{""distance"":5,""physical_error_rate"":0.0001}","{""detection_events"":292143,""detectors_checked"":704413696}"
   4008960,         0,         0,   119.5,standalone_exact_mw,cc9149276d16e61a5ac322a1d2048afebd34054fe0ed4879b77eb616628c1148,"{""distance"":5,""physical_error_rate"":0.0001}","{""detection_events"":371936,""detectors_checked"":898007040}"
   3174400,         1,         0,   119.4,standalone_exact_mw,503ee55b5ad1b1988379a241a0405811522ee4d50b473755532ad1299cb121e2,"{""distance"":5,""physical_error_rate"":0.0005}","{""detection_events"":1473657,""detectors_checked"":711065600,""obs_mistake_mask=E"":1}"
   3889152,         0,         0,   119.4,standalone_exact_mw,cc9149276d16e61a5ac322a1d2048afebd34054fe0ed4879b77eb616628c1148,"{""distance"":5,""physical_error_rate"":0.0001}","{""detection_events"":362676,""detectors_checked"":871170048}"
   4257792,         0,         0,   119.1,standalone_exact_mw,aea10f45e3589e84a00777b800d38e8a3149bd6cb552c409f3bffd718c1a0abf,"{""distance"":5,""physical_error_rate"":5e-05}","{""detection_events"":198331,""detectors_checked"":953745408}"
   3087360,         0,         0,   119.4,standalone_exact_mw,503ee55b5ad1b1988379a241a0405811522ee4d50b473755532ad1299cb121e2,"{""distance"":5,""physical_error_rate"":0.0005}","{""detection_events"":1433837,""detectors_checked"":691568640}"
   3376128,         0,         0,   119.2,standalone_exact_mw,cc9149276d16e61a5ac322a1d2048afebd34054fe0ed4879b77eb616628c1148,"{""distance"":5,""physical_error_rate"":0.0001}","{""detection_events"":315334,""detectors_checked"":756252672}"
   4119552,         0,         0,   119.2,standalone_exact_mw,aea10f45e3589e84a00777b800d38e8a3149bd6cb552c409f3bffd718c1a0abf,"{""distance"":5,""physical_error_rate"":5e-05}","{""detection_events"":191971,""detectors_checked"":922779648}"
   4661248,         0,         0,   119.2,standalone_exact_mw,aea10f45e3589e84a00777b800d38e8a3149bd6cb552c409f3bffd718c1a0abf,"{""distance"":5,""physical_error_rate"":5e-05}","{""detection_events"":216971,""detectors_checked"":1044119552}"
   3578880,         0,         0,   119.3,standalone_exact_mw,29ae76c7f86edcd2f56343e8109d8463cbc736644db4e57527101e2f1c3606c8,"{""distance"":5,""physical_error_rate"":0.0002}","{""detection_events"":665905,""detectors_checked"":801669120}"
   3316736,         0,         0,   119.3,standalone_exact_mw,29ae76c7f86edcd2f56343e8109d8463cbc736644db4e57527101e2f1c3606c8,"{""distance"":5,""physical_error_rate"":0.0002}","{""detection_events"":617633,""detectors_checked"":742948864}"
   4068352,         0,         0,   119.1,standalone_exact_mw,cc9149276d16e61a5ac322a1d2048afebd34054fe0ed4879b77eb616628c1148,"{""distance"":5,""physical_error_rate"":0.0001}","{""detection_events"":378353,""detectors_checked"":911310848}"
   3974144,         0,         0,   119.4,standalone_exact_mw,aea10f45e3589e84a00777b800d38e8a3149bd6cb552c409f3bffd718c1a0abf,"{""distance"":5,""physical_error_rate"":5e-05}","{""detection_events"":185188,""detectors_checked"":890208256}"
   3769344,         1,         0,   119.5,standalone_exact_mw,29ae76c7f86edcd2f56343e8109d8463cbc736644db4e57527101e2f1c3606c8,"{""distance"":5,""physical_error_rate"":0.0002}","{""detection_events"":705781,""detectors_checked"":844333056,""obs_mistake_mask=E"":1}"
   3063808,         1,         0,   119.4,standalone_exact_mw,503ee55b5ad1b1988379a241a0405811522ee4d50b473755532ad1299cb121e2,"{""distance"":5,""physical_error_rate"":0.0005}","{""detection_events"":1425697,""detectors_checked"":686292992,""obs_mistake_mask=E"":1}"
   4091904,         0,         0,   119.5,standalone_exact_mw,29ae76c7f86edcd2f56343e8109d8463cbc736644db4e57527101e2f1c3606c8,"{""distance"":5,""physical_error_rate"":0.0002}","{""detection_events"":763376,""detectors_checked"":916586496}"
   2987008,         1,         0,   119.3,standalone_exact_mw,503ee55b5ad1b1988379a241a0405811522ee4d50b473755532ad1299cb121e2,"{""distance"":5,""physical_error_rate"":0.0005}","{""detection_events"":1388449,""detectors_checked"":669089792,""obs_mistake_mask=E"":1}"
   4297728,         0,         0,   119.5,standalone_exact_mw,cc9149276d16e61a5ac322a1d2048afebd34054fe0ed4879b77eb616628c1148,"{""distance"":5,""physical_error_rate"":0.0001}","{""detection_events"":401566,""detectors_checked"":962691072}"
   4058112,         0,         0,   119.5,standalone_exact_mw,29ae76c7f86edcd2f56343e8109d8463cbc736644db4e57527101e2f1c3606c8,"{""distance"":5,""physical_error_rate"":0.0002}","{""detection_events"":754208,""detectors_checked"":909017088}"
   4369408,         0,         0,   119.2,standalone_exact_mw,aea10f45e3589e84a00777b800d38e8a3149bd6cb552c409f3bffd718c1a0abf,"{""distance"":5,""physical_error_rate"":5e-05}","{""detection_events"":205229,""detectors_checked"":978747392}"
   2789376,         1,         0,   119.5,standalone_exact_mw,503ee55b5ad1b1988379a241a0405811522ee4d50b473755532ad1299cb121e2,"{""distance"":5,""physical_error_rate"":0.0005}","{""detection_events"":1296434,""detectors_checked"":624820224,""obs_mistake_mask=E"":1}"
   2659328,         1,         0,   119.4,standalone_exact_mw,29ae76c7f86edcd2f56343e8109d8463cbc736644db4e57527101e2f1c3606c8,"{""distance"":5,""physical_error_rate"":0.0002}","{""detection_events"":493456,""detectors_checked"":595689472,""obs_mistake_mask=E"":1}"
   4257792,         0,         0,   119.2,standalone_exact_mw,aea10f45e3589e84a00777b800d38e8a3149bd6cb552c409f3bffd718c1a0abf,"{""distance"":5,""physical_error_rate"":5e-05}","{""detection_events"":200688,""detectors_checked"":953745408}"
   3858432,         0,         0,   119.3,standalone_exact_mw,cc9149276d16e61a5ac322a1d2048afebd34054fe0ed4879b77eb616628c1148,"{""distance"":5,""physical_error_rate"":0.0001}","{""detection_events"":359000,""detectors_checked"":864288768}"
   3096576,         0,         0,   119.1,standalone_exact_mw,29ae76c7f86edcd2f56343e8109d8463cbc736644db4e57527101e2f1c3606c8,"{""distance"":5,""physical_error_rate"":0.0002}","{""detection_events"":575343,""detectors_checked"":693633024}"
   2971648,         0,         0,   119.4,standalone_exact_mw,cc9149276d16e61a5ac322a1d2048afebd34054fe0ed4879b77eb616628c1148,"{""distance"":5,""physical_error_rate"":0.0001}","{""detection_events"":277529,""detectors_checked"":665649152}"
   4293632,         0,         0,   119.3,standalone_exact_mw,aea10f45e3589e84a00777b800d38e8a3149bd6cb552c409f3bffd718c1a0abf,"{""distance"":5,""physical_error_rate"":5e-05}","{""detection_events"":199648,""detectors_checked"":961773568}"
   3210240,         0,         0,   119.0,standalone_exact_mw,cc9149276d16e61a5ac322a1d2048afebd34054fe0ed4879b77eb616628c1148,"{""distance"":5,""physical_error_rate"":0.0001}","{""detection_events"":297323,""detectors_checked"":719093760}"
   4108288,         0,         0,   119.4,standalone_exact_mw,cc9149276d16e61a5ac322a1d2048afebd34054fe0ed4879b77eb616628c1148,"{""distance"":5,""physical_error_rate"":0.0001}","{""detection_events"":382855,""detectors_checked"":920256512}"
   2900992,         0,         0,   119.4,standalone_exact_mw,503ee55b5ad1b1988379a241a0405811522ee4d50b473755532ad1299cb121e2,"{""distance"":5,""physical_error_rate"":0.0005}","{""detection_events"":1347170,""detectors_checked"":649822208}"
   3623936,         1,         0,   119.4,standalone_exact_mw,29ae76c7f86edcd2f56343e8109d8463cbc736644db4e57527101e2f1c3606c8,"{""distance"":5,""physical_error_rate"":0.0002}","{""detection_events"":679162,""detectors_checked"":811761664,""obs_mistake_mask=E"":1}"
   2472960,         1,         0,   119.6,standalone_exact_mw,503ee55b5ad1b1988379a241a0405811522ee4d50b473755532ad1299cb121e2,"{""distance"":5,""physical_error_rate"":0.0005}","{""detection_events"":1151803,""detectors_checked"":553943040,""obs_mistake_mask=E"":1}"
   4112384,         0,         0,   119.2,standalone_exact_mw,aea10f45e3589e84a00777b800d38e8a3149bd6cb552c409f3bffd718c1a0abf,"{""distance"":5,""physical_error_rate"":5e-05}","{""detection_events"":191410,""detectors_checked"":921174016}"
   4236288,         0,         0,   119.2,standalone_exact_mw,aea10f45e3589e84a00777b800d38e8a3149bd6cb552c409f3bffd718c1a0abf,"{""distance"":5,""physical_error_rate"":5e-05}","{""detection_events"":197863,""detectors_checked"":948928512}"
   2628608,         1,         0,   119.6,standalone_exact_mw,503ee55b5ad1b1988379a241a0405811522ee4d50b473755532ad1299cb121e2,"{""distance"":5,""physical_error_rate"":0.0005}","{""detection_events"":1224083,""detectors_checked"":588808192,""obs_mistake_mask=E"":1}"
   3656704,         0,         0,   119.3,standalone_exact_mw,29ae76c7f86edcd2f56343e8109d8463cbc736644db4e57527101e2f1c3606c8,"{""distance"":5,""physical_error_rate"":0.0002}","{""detection_events"":680371,""detectors_checked"":819101696}"
   2751488,         0,         0,   119.2,standalone_exact_mw,29ae76c7f86edcd2f56343e8109d8463cbc736644db4e57527101e2f1c3606c8,"{""distance"":5,""physical_error_rate"":0.0002}","{""detection_events"":513425,""detectors_checked"":616333312}"
   3698688,         0,         0,   119.4,standalone_exact_mw,cc9149276d16e61a5ac322a1d2048afebd34054fe0ed4879b77eb616628c1148,"{""distance"":5,""physical_error_rate"":0.0001}","{""detection_events"":345702,""detectors_checked"":828506112}"
   2683904,         2,         0,   119.5,standalone_exact_mw,503ee55b5ad1b1988379a241a0405811522ee4d50b473755532ad1299cb121e2,"{""distance"":5,""physical_error_rate"":0.0005}","{""detection_events"":1248813,""detectors_checked"":601194496,""obs_mistake_mask=E"":2}"
   4230144,         0,         0,   119.4,standalone_exact_mw,aea10f45e3589e84a00777b800d38e8a3149bd6cb552c409f3bffd718c1a0abf,"{""distance"":5,""physical_error_rate"":5e-05}","{""detection_events"":196761,""detectors_checked"":947552256}"
   2865152,         2,         0,   119.5,standalone_exact_mw,503ee55b5ad1b1988379a241a0405811522ee4d50b473755532ad1299cb121e2,"{""distance"":5,""physical_error_rate"":0.0005}","{""detection_events"":1332223,""detectors_checked"":641794048,""obs_mistake_mask=E"":2}"
   3699712,         0,         0,   119.1,standalone_exact_mw,29ae76c7f86edcd2f56343e8109d8463cbc736644db4e57527101e2f1c3606c8,"{""distance"":5,""physical_error_rate"":0.0002}","{""detection_events"":688733,""detectors_checked"":828735488}"
   4022272,         0,         0,   119.2,standalone_exact_mw,aea10f45e3589e84a00777b800d38e8a3149bd6cb552c409f3bffd718c1a0abf,"{""distance"":5,""physical_error_rate"":5e-05}","{""detection_events"":187484,""detectors_checked"":900988928}"
   3348480,         0,         0,   119.2,standalone_exact_mw,29ae76c7f86edcd2f56343e8109d8463cbc736644db4e57527101e2f1c3606c8,"{""distance"":5,""physical_error_rate"":0.0002}","{""detection_events"":623817,""detectors_checked"":750059520}"
   4006912,         0,         0,   119.4,standalone_exact_mw,cc9149276d16e61a5ac322a1d2048afebd34054fe0ed4879b77eb616628c1148,"{""distance"":5,""physical_error_rate"":0.0001}","{""detection_events"":372964,""detectors_checked"":897548288}"
   2905088,         1,         0,   119.4,standalone_exact_mw,503ee55b5ad1b1988379a241a0405811522ee4d50b473755532ad1299cb121e2,"{""distance"":5,""physical_error_rate"":0.0005}","{""detection_events"":1351040,""detectors_checked"":650739712,""obs_mistake_mask=E"":1}"
   4155392,         0,         0,   119.1,standalone_exact_mw,aea10f45e3589e84a00777b800d38e8a3149bd6cb552c409f3bffd718c1a0abf,"{""distance"":5,""physical_error_rate"":5e-05}","{""detection_events"":194098,""detectors_checked"":930807808}"
   4539392,         0,         0,   119.5,standalone_exact_mw,cc9149276d16e61a5ac322a1d2048afebd34054fe0ed4879b77eb616628c1148,"{""distance"":5,""physical_error_rate"":0.0001}","{""detection_events"":424768,""detectors_checked"":1016823808}"
   2804736,         3,         0,   119.5,standalone_exact_mw,503ee55b5ad1b1988379a241a0405811522ee4d50b473755532ad1299cb121e2,"{""distance"":5,""physical_error_rate"":0.0005}","{""detection_events"":1300928,""detectors_checked"":628260864,""obs_mistake_mask=E"":3}"
   4074496,         0,         0,   119.2,standalone_exact_mw,cc9149276d16e61a5ac322a1d2048afebd34054fe0ed4879b77eb616628c1148,"{""distance"":5,""physical_error_rate"":0.0001}","{""detection_events"":378860,""detectors_checked"":912687104}"
   3642368,         0,         0,   119.4,standalone_exact_mw,29ae76c7f86edcd2f56343e8109d8463cbc736644db4e57527101e2f1c3606c8,"{""distance"":5,""physical_error_rate"":0.0002}","{""detection_events"":678738,""detectors_checked"":815890432}"
   4157440,         0,         0,   119.5,standalone_exact_mw,cc9149276d16e61a5ac322a1d2048afebd34054fe0ed4879b77eb616628c1148,"{""distance"":5,""physical_error_rate"":0.0001}","{""detection_events"":387986,""detectors_checked"":931266560}"
   2186240,         1,         0,   119.4,standalone_exact_mw,503ee55b5ad1b1988379a241a0405811522ee4d50b473755532ad1299cb121e2,"{""distance"":5,""physical_error_rate"":0.0005}","{""detection_events"":1016546,""detectors_checked"":489717760,""obs_mistake_mask=E"":1}"
   4708352,         0,         0,   119.1,standalone_exact_mw,aea10f45e3589e84a00777b800d38e8a3149bd6cb552c409f3bffd718c1a0abf,"{""distance"":5,""physical_error_rate"":5e-05}","{""detection_events"":218940,""detectors_checked"":1054670848}"
   3973120,         0,         0,   119.3,standalone_exact_mw,29ae76c7f86edcd2f56343e8109d8463cbc736644db4e57527101e2f1c3606c8,"{""distance"":5,""physical_error_rate"":0.0002}","{""detection_events"":740984,""detectors_checked"":889978880}"
   2857984,         2,         0,   119.5,standalone_exact_mw,503ee55b5ad1b1988379a241a0405811522ee4d50b473755532ad1299cb121e2,"{""distance"":5,""physical_error_rate"":0.0005}","{""detection_events"":1329329,""detectors_checked"":640188416,""obs_mistake_mask=E"":2}"
   4702208,         0,         0,   119.3,standalone_exact_mw,aea10f45e3589e84a00777b800d38e8a3149bd6cb552c409f3bffd718c1a0abf,"{""distance"":5,""physical_error_rate"":5e-05}","{""detection_events"":219404,""detectors_checked"":1053294592}"
   3856384,         0,         0,   119.2,standalone_exact_mw,cc9149276d16e61a5ac322a1d2048afebd34054fe0ed4879b77eb616628c1148,"{""distance"":5,""physical_error_rate"":0.0001}","{""detection_events"":357248,""detectors_checked"":863830016}"
   3131392,         0,         0,   119.6,standalone_exact_mw,29ae76c7f86edcd2f56343e8109d8463cbc736644db4e57527101e2f1c3606c8,"{""distance"":5,""physical_error_rate"":0.0002}","{""detection_events"":583276,""detectors_checked"":701431808}"
   2586624,         0,         0,   119.5,standalone_exact_mw,503ee55b5ad1b1988379a241a0405811522ee4d50b473755532ad1299cb121e2,"{""distance"":5,""physical_error_rate"":0.0005}","{""detection_events"":1205471,""detectors_checked"":579403776}"
   2329600,         1,         0,   119.3,standalone_exact_mw,503ee55b5ad1b1988379a241a0405811522ee4d50b473755532ad1299cb121e2,"{""distance"":5,""physical_error_rate"":0.0005}","{""detection_events"":1081352,""detectors_checked"":521830400,""obs_mistake_mask=E"":1}"
   3603456,         0,         0,   119.3,standalone_exact_mw,29ae76c7f86edcd2f56343e8109d8463cbc736644db4e57527101e2f1c3606c8,"{""distance"":5,""physical_error_rate"":0.0002}","{""detection_events"":672346,""detectors_checked"":807174144}"
   4490240,         0,         0,   119.3,standalone_exact_mw,aea10f45e3589e84a00777b800d38e8a3149bd6cb552c409f3bffd718c1a0abf,"{""distance"":5,""physical_error_rate"":5e-05}","{""detection_events"":209817,""detectors_checked"":1005813760}"
   3622912,         0,         0,   119.4,standalone_exact_mw,aea10f45e3589e84a00777b800d38e8a3149bd6cb552c409f3bffd718c1a0abf,"{""distance"":5,""physical_error_rate"":5e-05}","{""detection_events"":167718,""detectors_checked"":811532288}"
   3833856,         0,         0,   119.4,standalone_exact_mw,cc9149276d16e61a5ac322a1d2048afebd34054fe0ed4879b77eb616628c1148,"{""distance"":5,""physical_error_rate"":0.0001}","{""detection_events"":357728,""detectors_checked"":858783744}"
   3600384,         0,         0,   119.5,standalone_exact_mw,cc9149276d16e61a5ac322a1d2048afebd34054fe0ed4879b77eb616628c1148,"{""distance"":5,""physical_error_rate"":0.0001}","{""detection_events"":334945,""detectors_checked"":806486016}"
   3161088,         3,         0,   119.4,standalone_exact_mw,503ee55b5ad1b1988379a241a0405811522ee4d50b473755532ad1299cb121e2,"{""distance"":5,""physical_error_rate"":0.0005}","{""detection_events"":1466796,""detectors_checked"":708083712,""obs_mistake_mask=E"":3}"
   3671040,         0,         0,   119.2,standalone_exact_mw,cc9149276d16e61a5ac322a1d2048afebd34054fe0ed4879b77eb616628c1148,"{""distance"":5,""physical_error_rate"":0.0001}","{""detection_events"":340523,""detectors_checked"":822312960}"
   4210688,         0,         0,   119.1,standalone_exact_mw,aea10f45e3589e84a00777b800d38e8a3149bd6cb552c409f3bffd718c1a0abf,"{""distance"":5,""physical_error_rate"":5e-05}","{""detection_events"":196082,""detectors_checked"":943194112}"
   3038208,         2,         0,   119.4,standalone_exact_mw,503ee55b5ad1b1988379a241a0405811522ee4d50b473755532ad1299cb121e2,"{""distance"":5,""physical_error_rate"":0.0005}","{""detection_events"":1414881,""detectors_checked"":680558592,""obs_mistake_mask=E"":2}"
   3762176,         0,         0,   119.2,standalone_exact_mw,cc9149276d16e61a5ac322a1d2048afebd34054fe0ed4879b77eb616628c1148,"{""distance"":5,""physical_error_rate"":0.0001}","{""detection_events"":351865,""detectors_checked"":842727424}"
   3807232,         0,         0,   119.0,standalone_exact_mw,aea10f45e3589e84a00777b800d38e8a3149bd6cb552c409f3bffd718c1a0abf,"{""distance"":5,""physical_error_rate"":5e-05}","{""detection_events"":177477,""detectors_checked"":852819968}"
   4361216,         0,         0,   119.2,standalone_exact_mw,aea10f45e3589e84a00777b800d38e8a3149bd6cb552c409f3bffd718c1a0abf,"{""distance"":5,""physical_error_rate"":5e-05}","{""detection_events"":203399,""detectors_checked"":976912384}"
   3734528,         0,         0,   119.2,standalone_exact_mw,29ae76c7f86edcd2f56343e8109d8463cbc736644db4e57527101e2f1c3606c8,"{""distance"":5,""physical_error_rate"":0.0002}","{""detection_events"":695220,""detectors_checked"":836534272}"
   3723264,         0,         0,   119.3,standalone_exact_mw,29ae76c7f86edcd2f56343e8109d8463cbc736644db4e57527101e2f1c3606c8,"{""distance"":5,""physical_error_rate"":0.0002}","{""detection_events"":694261,""detectors_checked"":834011136}"
   4438016,         0,         0,   119.3,standalone_exact_mw,cc9149276d16e61a5ac322a1d2048afebd34054fe0ed4879b77eb616628c1148,"{""distance"":5,""physical_error_rate"":0.0001}","{""detection_events"":415180,""detectors_checked"":994115584}"
   4180992,         0,         0,   119.2,standalone_exact_mw,aea10f45e3589e84a00777b800d38e8a3149bd6cb552c409f3bffd718c1a0abf,"{""distance"":5,""physical_error_rate"":5e-05}","{""detection_events"":193716,""detectors_checked"":936542208}"
   3084288,         1,         0,   119.4,standalone_exact_mw,29ae76c7f86edcd2f56343e8109d8463cbc736644db4e57527101e2f1c3606c8,"{""distance"":5,""physical_error_rate"":0.0002}","{""detection_events"":576755,""detectors_checked"":690880512,""obs_mistake_mask=E"":1}"
   2305024,         0,         0,   119.5,standalone_exact_mw,503ee55b5ad1b1988379a241a0405811522ee4d50b473755532ad1299cb121e2,"{""distance"":5,""physical_error_rate"":0.0005}","{""detection_events"":1072944,""detectors_checked"":516325376}"
   4028416,         2,         0,   119.3,standalone_exact_mw,29ae76c7f86edcd2f56343e8109d8463cbc736644db4e57527101e2f1c3606c8,"{""distance"":5,""physical_error_rate"":0.0002}","{""detection_events"":749992,""detectors_checked"":902365184,""obs_mistake_mask=E"":2}"
   2982912,         1,         0,   119.5,standalone_exact_mw,503ee55b5ad1b1988379a241a0405811522ee4d50b473755532ad1299cb121e2,"{""distance"":5,""physical_error_rate"":0.0005}","{""detection_events"":1389666,""detectors_checked"":668172288,""obs_mistake_mask=E"":1}"
   3971072,         0,         0,   119.5,standalone_exact_mw,cc9149276d16e61a5ac322a1d2048afebd34054fe0ed4879b77eb616628c1148,"{""distance"":5,""physical_error_rate"":0.0001}","{""detection_events"":366982,""detectors_checked"":889520128}"
   4050944,         0,         0,   119.3,standalone_exact_mw,29ae76c7f86edcd2f56343e8109d8463cbc736644db4e57527101e2f1c3606c8,"{""distance"":5,""physical_error_rate"":0.0002}","{""detection_events"":757624,""detectors_checked"":907411456}"
   4248576,         0,         0,   119.1,standalone_exact_mw,aea10f45e3589e84a00777b800d38e8a3149bd6cb552c409f3bffd718c1a0abf,"{""distance"":5,""physical_error_rate"":5e-05}","{""detection_events"":196868,""detectors_checked"":951681024}"
     76227,         0,         0,    1.86,standalone_exact_mw,aea10f45e3589e84a00777b800d38e8a3149bd6cb552c409f3bffd718c1a0abf,"{""distance"":5,""physical_error_rate"":5e-05}","{""detection_events"":3766,""detectors_checked"":17074848}"
   2873344,         0,         0,   119.4,standalone_exact_mw,503ee55b5ad1b1988379a241a0405811522ee4d50b473755532ad1299cb121e2,"{""distance"":5,""physical_error_rate"":0.0005}","{""detection_events"":1338225,""detectors_checked"":643629056}"
   3477504,         0,         0,   119.5,standalone_exact_mw,29ae76c7f86edcd2f56343e8109d8463cbc736644db4e57527101e2f1c3606c8,"{""distance"":5,""physical_error_rate"":0.0002}","{""detection_events"":646142,""detectors_checked"":778960896}"
   4284416,         0,         0,   119.4,standalone_exact_mw,aea10f45e3589e84a00777b800d38e8a3149bd6cb552c409f3bffd718c1a0abf,"{""distance"":5,""physical_error_rate"":5e-05}","{""detection_events"":199294,""detectors_checked"":959709184}"
   3436544,         0,         0,   119.3,standalone_exact_mw,cc9149276d16e61a5ac322a1d2048afebd34054fe0ed4879b77eb616628c1148,"{""distance"":5,""physical_error_rate"":0.0001}","{""detection_events"":321551,""detectors_checked"":769785856}"
   3188736,         0,         0,   119.4,standalone_exact_mw,29ae76c7f86edcd2f56343e8109d8463cbc736644db4e57527101e2f1c3606c8,"{""distance"":5,""physical_error_rate"":0.0002}","{""detection_events"":593275,""detectors_checked"":714276864}"
   3761152,         0,         0,   119.2,standalone_exact_mw,cc9149276d16e61a5ac322a1d2048afebd34054fe0ed4879b77eb616628c1148,"{""distance"":5,""physical_error_rate"":0.0001}","{""detection_events"":349117,""detectors_checked"":842498048}"
   4281344,         0,         0,   119.2,standalone_exact_mw,aea10f45e3589e84a00777b800d38e8a3149bd6cb552c409f3bffd718c1a0abf,"{""distance"":5,""physical_error_rate"":5e-05}","{""detection_events"":199671,""detectors_checked"":959021056}"
   4202496,         0,         0,   119.5,standalone_exact_mw,cc9149276d16e61a5ac322a1d2048afebd34054fe0ed4879b77eb616628c1148,"{""distance"":5,""physical_error_rate"":0.0001}","{""detection_events"":391537,""detectors_checked"":941359104}"
   3763200,         0,         0,   119.4,standalone_exact_mw,cc9149276d16e61a5ac322a1d2048afebd34054fe0ed4879b77eb616628c1148,"{""distance"":5,""physical_error_rate"":0.0001}","{""detection_events"":350636,""detectors_checked"":842956800}"
   2797568,         3,         0,   119.5,standalone_exact_mw,503ee55b5ad1b1988379a241a0405811522ee4d50b473755532ad1299cb121e2,"{""distance"":5,""physical_error_rate"":0.0005}","{""detection_events"":1301155,""detectors_checked"":626655232,""obs_mistake_mask=E"":3}"
   3469312,         0,         0,   119.3,standalone_exact_mw,29ae76c7f86edcd2f56343e8109d8463cbc736644db4e57527101e2f1c3606c8,"{""distance"":5,""physical_error_rate"":0.0002}","{""detection_events"":645024,""detectors_checked"":777125888}"
   2470912,         0,         0,   119.7,standalone_exact_mw,503ee55b5ad1b1988379a241a0405811522ee4d50b473755532ad1299cb121e2,"{""distance"":5,""physical_error_rate"":0.0005}","{""detection_events"":1149497,""detectors_checked"":553484288}"
   3862528,         0,         0,   119.3,standalone_exact_mw,aea10f45e3589e84a00777b800d38e8a3149bd6cb552c409f3bffd718c1a0abf,"{""distance"":5,""physical_error_rate"":5e-05}","{""detection_events"":179513,""detectors_checked"":865206272}"
   3875840,         0,         0,   119.2,standalone_exact_mw,aea10f45e3589e84a00777b800d38e8a3149bd6cb552c409f3bffd718c1a0abf,"{""distance"":5,""physical_error_rate"":5e-05}","{""detection_events"":182252,""detectors_checked"":868188160}"
   2543616,         0,         0,   119.3,standalone_exact_mw,503ee55b5ad1b1988379a241a0405811522ee4d50b473755532ad1299cb121e2,"{""distance"":5,""physical_error_rate"":0.0005}","{""detection_events"":1184514,""detectors_checked"":569769984}"
   3422208,         1,         0,   119.3,standalone_exact_mw,29ae76c7f86edcd2f56343e8109d8463cbc736644db4e57527101e2f1c3606c8,"{""distance"":5,""physical_error_rate"":0.0002}","{""detection_events"":637205,""detectors_checked"":766574592,""obs_mistake_mask=E"":1}"
   3314688,         0,         0,   119.3,standalone_exact_mw,29ae76c7f86edcd2f56343e8109d8463cbc736644db4e57527101e2f1c3606c8,"{""distance"":5,""physical_error_rate"":0.0002}","{""detection_events"":616123,""detectors_checked"":742490112}"
   3586048,         0,         0,   119.3,standalone_exact_mw,cc9149276d16e61a5ac322a1d2048afebd34054fe0ed4879b77eb616628c1148,"{""distance"":5,""physical_error_rate"":0.0001}","{""detection_events"":333893,""detectors_checked"":803274752}"
   2981888,         1,         0,   119.2,standalone_exact_mw,503ee55b5ad1b1988379a241a0405811522ee4d50b473755532ad1299cb121e2,"{""distance"":5,""physical_error_rate"":0.0005}","{""detection_events"":1388120,""detectors_checked"":667942912,""obs_mistake_mask=E"":1}"
   3948544,         0,         0,   119.2,standalone_exact_mw,aea10f45e3589e84a00777b800d38e8a3149bd6cb552c409f3bffd718c1a0abf,"{""distance"":5,""physical_error_rate"":5e-05}","{""detection_events"":184181,""detectors_checked"":884473856}"
   2272256,         2,         0,   119.5,standalone_exact_mw,503ee55b5ad1b1988379a241a0405811522ee4d50b473755532ad1299cb121e2,"{""distance"":5,""physical_error_rate"":0.0005}","{""detection_events"":1054874,""detectors_checked"":508985344,""obs_mistake_mask=E"":2}"
   3740672,         0,         0,   119.3,standalone_exact_mw,29ae76c7f86edcd2f56343e8109d8463cbc736644db4e57527101e2f1c3606c8,"{""distance"":5,""physical_error_rate"":0.0002}","{""detection_events"":697960,""detectors_checked"":837910528}"
   4020224,         0,         0,   119.2,standalone_exact_mw,aea10f45e3589e84a00777b800d38e8a3149bd6cb552c409f3bffd718c1a0abf,"{""distance"":5,""physical_error_rate"":5e-05}","{""detection_events"":187192,""detectors_checked"":900530176}"
   3714048,         0,         0,   119.3,standalone_exact_mw,29ae76c7f86edcd2f56343e8109d8463cbc736644db4e57527101e2f1c3606c8,"{""distance"":5,""physical_error_rate"":0.0002}","{""detection_events"":694302,""detectors_checked"":831946752}"
   4390912,         0,         0,   119.5,standalone_exact_mw,cc9149276d16e61a5ac322a1d2048afebd34054fe0ed4879b77eb616628c1148,"{""distance"":5,""physical_error_rate"":0.0001}","{""detection_events"":408691,""detectors_checked"":983564288}"
   3005440,         0,         0,   119.5,standalone_exact_mw,503ee55b5ad1b1988379a241a0405811522ee4d50b473755532ad1299cb121e2,"{""distance"":5,""physical_error_rate"":0.0005}","{""detection_events"":1398146,""detectors_checked"":673218560}"
   4194304,         0,         0,   119.2,standalone_exact_mw,aea10f45e3589e84a00777b800d38e8a3149bd6cb552c409f3bffd718c1a0abf,"{""distance"":5,""physical_error_rate"":5e-05}","{""detection_events"":195817,""detectors_checked"":939524096}"
   4664320,         0,         0,   119.5,standalone_exact_mw,cc9149276d16e61a5ac322a1d2048afebd34054fe0ed4879b77eb616628c1148,"{""distance"":5,""physical_error_rate"":0.0001}","{""detection_events"":435004,""detectors_checked"":1044807680}"
   2720768,         0,         0,   119.5,standalone_exact_mw,503ee55b5ad1b1988379a241a0405811522ee4d50b473755532ad1299cb121e2,"{""distance"":5,""physical_error_rate"":0.0005}","{""detection_events"":1265675,""detectors_checked"":609452032}"
   2069683,         0,         0,    60.6,standalone_exact_mw,aea10f45e3589e84a00777b800d38e8a3149bd6cb552c409f3bffd718c1a0abf,"{""distance"":5,""physical_error_rate"":5e-05}","{""detection_events"":97179,""detectors_checked"":463608992}"
   4675584,         0,         0,   115.4,standalone_exact_mw,aea10f45e3589e84a00777b800d38e8a3149bd6cb552c409f3bffd718c1a0abf,"{""distance"":5,""physical_error_rate"":5e-05}","{""detection_events"":217391,""detectors_checked"":1047330816}"
   4442472,         0,         0,   114.9,standalone_exact_mw,aea10f45e3589e84a00777b800d38e8a3149bd6cb552c409f3bffd718c1a0abf,"{""distance"":5,""physical_error_rate"":5e-05}","{""detection_events"":206398,""detectors_checked"":995113728}"
   4103168,         0,         0,   111.4,standalone_exact_mw,aea10f45e3589e84a00777b800d38e8a3149bd6cb552c409f3bffd718c1a0abf,"{""distance"":5,""physical_error_rate"":5e-05}","{""detection_events"":190581,""detectors_checked"":919109632}"
   3872594,         0,         0,   111.2,standalone_exact_mw,aea10f45e3589e84a00777b800d38e8a3149bd6cb552c409f3bffd718c1a0abf,"{""distance"":5,""physical_error_rate"":5e-05}","{""detection_events"":181785,""detectors_checked"":867461056}"
   4397056,         0,         0,   119.3,standalone_exact_mw,cc9149276d16e61a5ac322a1d2048afebd34054fe0ed4879b77eb616628c1148,"{""distance"":5,""physical_error_rate"":0.0001}","{""detection_events"":409220,""detectors_checked"":984940544}"
   2989056,         0,         0,   119.4,standalone_exact_mw,29ae76c7f86edcd2f56343e8109d8463cbc736644db4e57527101e2f1c3606c8,"{""distance"":5,""physical_error_rate"":0.0002}","{""detection_events"":557225,""detectors_checked"":669548544}"
   3904512,         0,         0,   119.3,standalone_exact_mw,cc9149276d16e61a5ac322a1d2048afebd34054fe0ed4879b77eb616628c1148,"{""distance"":5,""physical_error_rate"":0.0001}","{""detection_events"":365460,""detectors_checked"":874610688}"
   2716672,         0,         0,   119.5,standalone_exact_mw,503ee55b5ad1b1988379a241a0405811522ee4d50b473755532ad1299cb121e2,"{""distance"":5,""physical_error_rate"":0.0005}","{""detection_events"":1267662,""detectors_checked"":608534528}"
   3362816,         0,         0,   119.3,standalone_exact_mw,29ae76c7f86edcd2f56343e8109d8463cbc736644db4e57527101e2f1c3606c8,"{""distance"":5,""physical_error_rate"":0.0002}","{""detection_events"":629667,""detectors_checked"":753270784}"
   2950144,         3,         0,   119.4,standalone_exact_mw,503ee55b5ad1b1988379a241a0405811522ee4d50b473755532ad1299cb121e2,"{""distance"":5,""physical_error_rate"":0.0005}","{""detection_events"":1376389,""detectors_checked"":660832256,""obs_mistake_mask=E"":3}"
   3825664,         0,         0,   119.2,standalone_exact_mw,cc9149276d16e61a5ac322a1d2048afebd34054fe0ed4879b77eb616628c1148,"{""distance"":5,""physical_error_rate"":0.0001}","{""detection_events"":357645,""detectors_checked"":856948736}"
   2996224,         0,         0,   119.3,standalone_exact_mw,29ae76c7f86edcd2f56343e8109d8463cbc736644db4e57527101e2f1c3606c8,"{""distance"":5,""physical_error_rate"":0.0002}","{""detection_events"":559264,""detectors_checked"":671154176}"
   2380800,         1,         0,   119.5,standalone_exact_mw,503ee55b5ad1b1988379a241a0405811522ee4d50b473755532ad1299cb121e2,"{""distance"":5,""physical_error_rate"":0.0005}","{""detection_events"":1108433,""detectors_checked"":533299200,""obs_mistake_mask=E"":1}"
   2604032,         1,         0,   119.5,standalone_exact_mw,503ee55b5ad1b1988379a241a0405811522ee4d50b473755532ad1299cb121e2,"{""distance"":5,""physical_error_rate"":0.0005}","{""detection_events"":1212800,""detectors_checked"":583303168,""obs_mistake_mask=E"":1}"
   3206144,         0,         0,   119.2,standalone_exact_mw,29ae76c7f86edcd2f56343e8109d8463cbc736644db4e57527101e2f1c3606c8,"{""distance"":5,""physical_error_rate"":0.0002}","{""detection_events"":595515,""detectors_checked"":718176256}"
   3374108,         0,         0,    94.7,standalone_exact_mw,aea10f45e3589e84a00777b800d38e8a3149bd6cb552c409f3bffd718c1a0abf,"{""distance"":5,""physical_error_rate"":5e-05}","{""detection_events"":156968,""detectors_checked"":755800192}"
   4241408,         0,         0,   119.5,standalone_exact_mw,cc9149276d16e61a5ac322a1d2048afebd34054fe0ed4879b77eb616628c1148,"{""distance"":5,""physical_error_rate"":0.0001}","{""detection_events"":393467,""detectors_checked"":950075392}"
   3163227,         0,         0,    98.3,standalone_exact_mw,aea10f45e3589e84a00777b800d38e8a3149bd6cb552c409f3bffd718c1a0abf,"{""distance"":5,""physical_error_rate"":5e-05}","{""detection_events"":147132,""detectors_checked"":708562848}"
   3076096,         0,         0,    95.4,standalone_exact_mw,aea10f45e3589e84a00777b800d38e8a3149bd6cb552c409f3bffd718c1a0abf,"{""distance"":5,""physical_error_rate"":5e-05}","{""detection_events"":143966,""detectors_checked"":689045504}"
   3878912,         0,         0,   119.4,standalone_exact_mw,cc9149276d16e61a5ac322a1d2048afebd34054fe0ed4879b77eb616628c1148,"{""distance"":5,""physical_error_rate"":0.0001}","{""detection_events"":359705,""detectors_checked"":868876288}"
   2965525,         0,         0,    84.4,standalone_exact_mw,aea10f45e3589e84a00777b800d38e8a3149bd6cb552c409f3bffd718c1a0abf,"{""distance"":5,""physical_error_rate"":5e-05}","{""detection_events"":138609,""detectors_checked"":664277600}"
   2784256,         0,         0,   103.2,standalone_exact_mw,aea10f45e3589e84a00777b800d38e8a3149bd6cb552c409f3bffd718c1a0abf,"{""distance"":5,""physical_error_rate"":5e-05}","{""detection_events"":130720,""detectors_checked"":623673344}"
   2675712,         0,         0,    72.5,standalone_exact_mw,aea10f45e3589e84a00777b800d38e8a3149bd6cb552c409f3bffd718c1a0abf,"{""distance"":5,""physical_error_rate"":5e-05}","{""detection_events"":125281,""detectors_checked"":599359488}"
   2665472,         0,         0,    77.6,standalone_exact_mw,aea10f45e3589e84a00777b800d38e8a3149bd6cb552c409f3bffd718c1a0abf,"{""distance"":5,""physical_error_rate"":5e-05}","{""detection_events"":122719,""detectors_checked"":597065728}"
   2587924,         0,         0,    72.7,standalone_exact_mw,aea10f45e3589e84a00777b800d38e8a3149bd6cb552c409f3bffd718c1a0abf,"{""distance"":5,""physical_error_rate"":5e-05}","{""detection_events"":120969,""detectors_checked"":579694976}"
   1974272,         0,         0,    52.0,standalone_exact_mw,aea10f45e3589e84a00777b800d38e8a3149bd6cb552c409f3bffd718c1a0abf,"{""distance"":5,""physical_error_rate"":5e-05}","{""detection_events"":92562,""detectors_checked"":442236928}"
   1918338,         0,         0,    53.6,standalone_exact_mw,aea10f45e3589e84a00777b800d38e8a3149bd6cb552c409f3bffd718c1a0abf,"{""distance"":5,""physical_error_rate"":5e-05}","{""detection_events"":90335,""detectors_checked"":429707712}"
   1675050,         0,         0,    46.2,standalone_exact_mw,aea10f45e3589e84a00777b800d38e8a3149bd6cb552c409f3bffd718c1a0abf,"{""distance"":5,""physical_error_rate"":5e-05}","{""detection_events"":78657,""detectors_checked"":375211200}"
   2872320,         3,         0,   119.4,standalone_exact_mw,503ee55b5ad1b1988379a241a0405811522ee4d50b473755532ad1299cb121e2,"{""distance"":5,""physical_error_rate"":0.0005}","{""detection_events"":1337234,""detectors_checked"":643399680,""obs_mistake_mask=E"":3}"
   3708928,         0,         0,   119.2,standalone_exact_mw,cc9149276d16e61a5ac322a1d2048afebd34054fe0ed4879b77eb616628c1148,"{""distance"":5,""physical_error_rate"":0.0001}","{""detection_events"":346108,""detectors_checked"":830799872}"
   2987008,         1,         0,   119.4,standalone_exact_mw,503ee55b5ad1b1988379a241a0405811522ee4d50b473755532ad1299cb121e2,"{""distance"":5,""physical_error_rate"":0.0005}","{""detection_events"":1389819,""detectors_checked"":669089792,""obs_mistake_mask=E"":1}"
   3919872,         0,         0,   119.2,standalone_exact_mw,cc9149276d16e61a5ac322a1d2048afebd34054fe0ed4879b77eb616628c1148,"{""distance"":5,""physical_error_rate"":0.0001}","{""detection_events"":366206,""detectors_checked"":878051328}"
   3159040,         0,         0,   119.2,standalone_exact_mw,29ae76c7f86edcd2f56343e8109d8463cbc736644db4e57527101e2f1c3606c8,"{""distance"":5,""physical_error_rate"":0.0002}","{""detection_events"":589537,""detectors_checked"":707624960}"
   3205120,         0,         0,   119.3,standalone_exact_mw,29ae76c7f86edcd2f56343e8109d8463cbc736644db4e57527101e2f1c3606c8,"{""distance"":5,""physical_error_rate"":0.0002}","{""detection_events"":597600,""detectors_checked"":717946880}"
   3440640,         0,         0,   119.1,standalone_exact_mw,cc9149276d16e61a5ac322a1d2048afebd34054fe0ed4879b77eb616628c1148,"{""distance"":5,""physical_error_rate"":0.0001}","{""detection_events"":321911,""detectors_checked"":770703360}"
   3357696,         0,         0,   119.2,standalone_exact_mw,29ae76c7f86edcd2f56343e8109d8463cbc736644db4e57527101e2f1c3606c8,"{""distance"":5,""physical_error_rate"":0.0002}","{""detection_events"":625489,""detectors_checked"":752123904}"
   2181120,         0,         0,   119.6,standalone_exact_mw,503ee55b5ad1b1988379a241a0405811522ee4d50b473755532ad1299cb121e2,"{""distance"":5,""physical_error_rate"":0.0005}","{""detection_events"":1016012,""detectors_checked"":488570880}"
   1570360,         0,         0,    39.4,standalone_exact_mw,aea10f45e3589e84a00777b800d38e8a3149bd6cb552c409f3bffd718c1a0abf,"{""distance"":5,""physical_error_rate"":5e-05}","{""detection_events"":73267,""detectors_checked"":351760640}"
   1538048,         0,         0,    39.4,standalone_exact_mw,aea10f45e3589e84a00777b800d38e8a3149bd6cb552c409f3bffd718c1a0abf,"{""distance"":5,""physical_error_rate"":5e-05}","{""detection_events"":72364,""detectors_checked"":344522752}"
   1524736,         0,         0,    38.8,standalone_exact_mw,aea10f45e3589e84a00777b800d38e8a3149bd6cb552c409f3bffd718c1a0abf,"{""distance"":5,""physical_error_rate"":5e-05}","{""detection_events"":71104,""detectors_checked"":341540864}"
   3965952,         1,         0,   119.3,standalone_exact_mw,29ae76c7f86edcd2f56343e8109d8463cbc736644db4e57527101e2f1c3606c8,"{""distance"":5,""physical_error_rate"":0.0002}","{""detection_events"":737237,""detectors_checked"":888373248,""obs_mistake_mask=E"":1}"
   1472212,         0,         0,    39.9,standalone_exact_mw,aea10f45e3589e84a00777b800d38e8a3149bd6cb552c409f3bffd718c1a0abf,"{""distance"":5,""physical_error_rate"":5e-05}","{""detection_events"":68683,""detectors_checked"":329775488}"
   1327104,         0,         0,    40.9,standalone_exact_mw,aea10f45e3589e84a00777b800d38e8a3149bd6cb552c409f3bffd718c1a0abf,"{""distance"":5,""physical_error_rate"":5e-05}","{""detection_events"":60562,""detectors_checked"":297271296}"
   3025920,         1,         0,   119.5,standalone_exact_mw,503ee55b5ad1b1988379a241a0405811522ee4d50b473755532ad1299cb121e2,"{""distance"":5,""physical_error_rate"":0.0005}","{""detection_events"":1406497,""detectors_checked"":677806080,""obs_mistake_mask=E"":1}"
   1188775,         0,         0,    30.3,standalone_exact_mw,aea10f45e3589e84a00777b800d38e8a3149bd6cb552c409f3bffd718c1a0abf,"{""distance"":5,""physical_error_rate"":5e-05}","{""detection_events"":56264,""detectors_checked"":266285600}"
   1064960,         0,         0,    27.2,standalone_exact_mw,aea10f45e3589e84a00777b800d38e8a3149bd6cb552c409f3bffd718c1a0abf,"{""distance"":5,""physical_error_rate"":5e-05}","{""detection_events"":49901,""detectors_checked"":238551040}"
   1061888,         0,         0,    26.7,standalone_exact_mw,aea10f45e3589e84a00777b800d38e8a3149bd6cb552c409f3bffd718c1a0abf,"{""distance"":5,""physical_error_rate"":5e-05}","{""detection_events"":48870,""detectors_checked"":237862912}"
   1159168,         0,         0,    32.9,standalone_exact_mw,aea10f45e3589e84a00777b800d38e8a3149bd6cb552c409f3bffd718c1a0abf,"{""distance"":5,""physical_error_rate"":5e-05}","{""detection_events"":54423,""detectors_checked"":259653632}"
   4185088,         0,         0,   119.3,standalone_exact_mw,cc9149276d16e61a5ac322a1d2048afebd34054fe0ed4879b77eb616628c1148,"{""distance"":5,""physical_error_rate"":0.0001}","{""detection_events"":391247,""detectors_checked"":937459712}"
   1031533,         0,         0,    27.8,standalone_exact_mw,aea10f45e3589e84a00777b800d38e8a3149bd6cb552c409f3bffd718c1a0abf,"{""distance"":5,""physical_error_rate"":5e-05}","{""detection_events"":47640,""detectors_checked"":231063392}"
   1018880,         0,         0,    31.3,standalone_exact_mw,aea10f45e3589e84a00777b800d38e8a3149bd6cb552c409f3bffd718c1a0abf,"{""distance"":5,""physical_error_rate"":5e-05}","{""detection_events"":46852,""detectors_checked"":228229120}"
    886784,         0,         0,    23.3,standalone_exact_mw,aea10f45e3589e84a00777b800d38e8a3149bd6cb552c409f3bffd718c1a0abf,"{""distance"":5,""physical_error_rate"":5e-05}","{""detection_events"":41290,""detectors_checked"":198639616}"
    992256,         0,         0,    28.3,standalone_exact_mw,aea10f45e3589e84a00777b800d38e8a3149bd6cb552c409f3bffd718c1a0abf,"{""distance"":5,""physical_error_rate"":5e-05}","{""detection_events"":45750,""detectors_checked"":222265344}"
   1007616,         0,         0,    28.3,standalone_exact_mw,aea10f45e3589e84a00777b800d38e8a3149bd6cb552c409f3bffd718c1a0abf,"{""distance"":5,""physical_error_rate"":5e-05}","{""detection_events"":46932,""detectors_checked"":225705984}"
    978944,         0,         0,    28.4,standalone_exact_mw,aea10f45e3589e84a00777b800d38e8a3149bd6cb552c409f3bffd718c1a0abf,"{""distance"":5,""physical_error_rate"":5e-05}","{""detection_events"":46300,""detectors_checked"":219283456}"
     23917,         0,         0,   0.766,standalone_exact_mw,aea10f45e3589e84a00777b800d38e8a3149bd6cb552c409f3bffd718c1a0abf,"{""distance"":5,""physical_error_rate"":5e-05}","{""detection_events"":1071,""detectors_checked"":5357408}"
    588800,         0,         0,    18.8,standalone_exact_mw,aea10f45e3589e84a00777b800d38e8a3149bd6cb552c409f3bffd718c1a0abf,"{""distance"":5,""physical_error_rate"":5e-05}","{""detection_events"":27389,""detectors_checked"":131891200}"
   4211712,         0,         0,   119.4,standalone_exact_mw,29ae76c7f86edcd2f56343e8109d8463cbc736644db4e57527101e2f1c3606c8,"{""distance"":5,""physical_error_rate"":0.0002}","{""detection_events"":783096,""detectors_checked"":943423488}"
    454911,         0,         0,    10.1,standalone_exact_mw,aea10f45e3589e84a00777b800d38e8a3149bd6cb552c409f3bffd718c1a0abf,"{""distance"":5,""physical_error_rate"":5e-05}","{""detection_events"":21496,""detectors_checked"":101900064}"
    409600,         0,         0,    10.2,standalone_exact_mw,aea10f45e3589e84a00777b800d38e8a3149bd6cb552c409f3bffd718c1a0abf,"{""distance"":5,""physical_error_rate"":5e-05}","{""detection_events"":18761,""detectors_checked"":91750400}"
    393216,         0,         0,    10.2,standalone_exact_mw,aea10f45e3589e84a00777b800d38e8a3149bd6cb552c409f3bffd718c1a0abf,"{""distance"":5,""physical_error_rate"":5e-05}","{""detection_events"":18480,""detectors_checked"":88080384}"
    389679,         0,         0,    7.63,standalone_exact_mw,aea10f45e3589e84a00777b800d38e8a3149bd6cb552c409f3bffd718c1a0abf,"{""distance"":5,""physical_error_rate"":5e-05}","{""detection_events"":18094,""detectors_checked"":87288096}"
    315148,         0,         0,    8.29,standalone_exact_mw,aea10f45e3589e84a00777b800d38e8a3149bd6cb552c409f3bffd718c1a0abf,"{""distance"":5,""physical_error_rate"":5e-05}","{""detection_events"":14823,""detectors_checked"":70593152}"
    315148,         0,         0,    7.77,standalone_exact_mw,aea10f45e3589e84a00777b800d38e8a3149bd6cb552c409f3bffd718c1a0abf,"{""distance"":5,""physical_error_rate"":5e-05}","{""detection_events"":14663,""detectors_checked"":70593152}"
    295451,         0,         0,    6.77,standalone_exact_mw,aea10f45e3589e84a00777b800d38e8a3149bd6cb552c409f3bffd718c1a0abf,"{""distance"":5,""physical_error_rate"":5e-05}","{""detection_events"":13841,""detectors_checked"":66181024}"
    275456,         0,         0,    6.79,standalone_exact_mw,aea10f45e3589e84a00777b800d38e8a3149bd6cb552c409f3bffd718c1a0abf,"{""distance"":5,""physical_error_rate"":5e-05}","{""detection_events"":12795,""detectors_checked"":61702144}"
    269312,         0,         0,    7.85,standalone_exact_mw,aea10f45e3589e84a00777b800d38e8a3149bd6cb552c409f3bffd718c1a0abf,"{""distance"":5,""physical_error_rate"":5e-05}","{""detection_events"":12353,""detectors_checked"":60325888}"
    275755,         0,         0,    6.99,standalone_exact_mw,aea10f45e3589e84a00777b800d38e8a3149bd6cb552c409f3bffd718c1a0abf,"{""distance"":5,""physical_error_rate"":5e-05}","{""detection_events"":12808,""detectors_checked"":61769120}"
    228352,         0,         0,    6.96,standalone_exact_mw,aea10f45e3589e84a00777b800d38e8a3149bd6cb552c409f3bffd718c1a0abf,"{""distance"":5,""physical_error_rate"":5e-05}","{""detection_events"":10690,""detectors_checked"":51150848}"
    209920,         0,         0,    7.00,standalone_exact_mw,aea10f45e3589e84a00777b800d38e8a3149bd6cb552c409f3bffd718c1a0abf,"{""distance"":5,""physical_error_rate"":5e-05}","{""detection_events"":9823,""detectors_checked"":47022080}"
    216064,         0,         0,    6.22,standalone_exact_mw,aea10f45e3589e84a00777b800d38e8a3149bd6cb552c409f3bffd718c1a0abf,"{""distance"":5,""physical_error_rate"":5e-05}","{""detection_events"":10245,""detectors_checked"":48398336}"
    254976,         0,         0,    8.01,standalone_exact_mw,aea10f45e3589e84a00777b800d38e8a3149bd6cb552c409f3bffd718c1a0abf,"{""distance"":5,""physical_error_rate"":5e-05}","{""detection_events"":11932,""detectors_checked"":57114624}"
    206006,         0,         0,    6.17,standalone_exact_mw,aea10f45e3589e84a00777b800d38e8a3149bd6cb552c409f3bffd718c1a0abf,"{""distance"":5,""physical_error_rate"":5e-05}","{""detection_events"":9473,""detectors_checked"":46145344}"
    146432,         0,         0,    8.61,standalone_exact_mw,aea10f45e3589e84a00777b800d38e8a3149bd6cb552c409f3bffd718c1a0abf,"{""distance"":5,""physical_error_rate"":5e-05}","{""detection_events"":6807,""detectors_checked"":32800768}"
   3090432,         2,         0,   119.5,standalone_exact_mw,503ee55b5ad1b1988379a241a0405811522ee4d50b473755532ad1299cb121e2,"{""distance"":5,""physical_error_rate"":0.0005}","{""detection_events"":1438185,""detectors_checked"":692256768,""obs_mistake_mask=E"":2}"
    136299,         0,         0,    2.52,standalone_exact_mw,aea10f45e3589e84a00777b800d38e8a3149bd6cb552c409f3bffd718c1a0abf,"{""distance"":5,""physical_error_rate"":5e-05}","{""detection_events"":6074,""detectors_checked"":30530976}"
    118628,         0,         0,    2.89,standalone_exact_mw,aea10f45e3589e84a00777b800d38e8a3149bd6cb552c409f3bffd718c1a0abf,"{""distance"":5,""physical_error_rate"":5e-05}","{""detection_events"":5495,""detectors_checked"":26572672}"
    117760,         0,         0,    2.89,standalone_exact_mw,aea10f45e3589e84a00777b800d38e8a3149bd6cb552c409f3bffd718c1a0abf,"{""distance"":5,""physical_error_rate"":5e-05}","{""detection_events"":5740,""detectors_checked"":26378240}"
    111214,         0,         0,    2.78,standalone_exact_mw,aea10f45e3589e84a00777b800d38e8a3149bd6cb552c409f3bffd718c1a0abf,"{""distance"":5,""physical_error_rate"":5e-05}","{""detection_events"":5124,""detectors_checked"":24911936}"
    110592,         0,         0,    2.80,standalone_exact_mw,aea10f45e3589e84a00777b800d38e8a3149bd6cb552c409f3bffd718c1a0abf,"{""distance"":5,""physical_error_rate"":5e-05}","{""detection_events"":5355,""detectors_checked"":24772608}"
    108544,         0,         0,    2.53,standalone_exact_mw,aea10f45e3589e84a00777b800d38e8a3149bd6cb552c409f3bffd718c1a0abf,"{""distance"":5,""physical_error_rate"":5e-05}","{""detection_events"":5129,""detectors_checked"":24313856}"
    111214,         0,         0,    2.74,standalone_exact_mw,aea10f45e3589e84a00777b800d38e8a3149bd6cb552c409f3bffd718c1a0abf,"{""distance"":5,""physical_error_rate"":5e-05}","{""detection_events"":5183,""detectors_checked"":24911936}"
    102400,         0,         0,    2.55,standalone_exact_mw,aea10f45e3589e84a00777b800d38e8a3149bd6cb552c409f3bffd718c1a0abf,"{""distance"":5,""physical_error_rate"":5e-05}","{""detection_events"":4794,""detectors_checked"":22937600}"
    106496,         0,         0,    2.56,standalone_exact_mw,aea10f45e3589e84a00777b800d38e8a3149bd6cb552c409f3bffd718c1a0abf,"{""distance"":5,""physical_error_rate"":5e-05}","{""detection_events"":4920,""detectors_checked"":23855104}"
    109568,         0,         0,    2.73,standalone_exact_mw,aea10f45e3589e84a00777b800d38e8a3149bd6cb552c409f3bffd718c1a0abf,"{""distance"":5,""physical_error_rate"":5e-05}","{""detection_events"":5040,""detectors_checked"":24543232}"
     94208,         0,         0,    2.57,standalone_exact_mw,aea10f45e3589e84a00777b800d38e8a3149bd6cb552c409f3bffd718c1a0abf,"{""distance"":5,""physical_error_rate"":5e-05}","{""detection_events"":4541,""detectors_checked"":21102592}"
     96903,         0,         0,    2.96,standalone_exact_mw,aea10f45e3589e84a00777b800d38e8a3149bd6cb552c409f3bffd718c1a0abf,"{""distance"":5,""physical_error_rate"":5e-05}","{""detection_events"":4537,""detectors_checked"":21706272}"
     96256,         0,         0,    2.84,standalone_exact_mw,aea10f45e3589e84a00777b800d38e8a3149bd6cb552c409f3bffd718c1a0abf,"{""distance"":5,""physical_error_rate"":5e-05}","{""detection_events"":4563,""detectors_checked"":21561344}"
     88064,         0,         0,    2.57,standalone_exact_mw,aea10f45e3589e84a00777b800d38e8a3149bd6cb552c409f3bffd718c1a0abf,"{""distance"":5,""physical_error_rate"":5e-05}","{""detection_events"":4143,""detectors_checked"":19726336}"
     80896,         0,         0,    2.62,standalone_exact_mw,aea10f45e3589e84a00777b800d38e8a3149bd6cb552c409f3bffd718c1a0abf,"{""distance"":5,""physical_error_rate"":5e-05}","{""detection_events"":3841,""detectors_checked"":18120704}"
     50176,         0,         0,   0.576,standalone_exact_mw,aea10f45e3589e84a00777b800d38e8a3149bd6cb552c409f3bffd718c1a0abf,"{""distance"":5,""physical_error_rate"":5e-05}","{""detection_events"":2270,""detectors_checked"":11239424}"
       647,         0,         0,   0.039,standalone_exact_mw,aea10f45e3589e84a00777b800d38e8a3149bd6cb552c409f3bffd718c1a0abf,"{""distance"":5,""physical_error_rate"":5e-05}","{""detection_events"":46,""detectors_checked"":144928}"
      4748,         0,         0,   0.100,standalone_exact_mw,aea10f45e3589e84a00777b800d38e8a3149bd6cb552c409f3bffd718c1a0abf,"{""distance"":5,""physical_error_rate"":5e-05}","{""detection_events"":223,""detectors_checked"":1063552}"
     87040,         0,         0,    2.70,standalone_exact_mw,aea10f45e3589e84a00777b800d38e8a3149bd6cb552c409f3bffd718c1a0abf,"{""distance"":5,""physical_error_rate"":5e-05}","{""detection_events"":4089,""detectors_checked"":19496960}"
     14311,         0,         0,   0.322,standalone_exact_mw,aea10f45e3589e84a00777b800d38e8a3149bd6cb552c409f3bffd718c1a0abf,"{""distance"":5,""physical_error_rate"":5e-05}","{""detection_events"":678,""detectors_checked"":3205664}"
     22528,         0,         0,   0.516,standalone_exact_mw,aea10f45e3589e84a00777b800d38e8a3149bd6cb552c409f3bffd718c1a0abf,"{""distance"":5,""physical_error_rate"":5e-05}","{""detection_events"":1129,""detectors_checked"":5046272}"
     23552,         0,         0,   0.548,standalone_exact_mw,aea10f45e3589e84a00777b800d38e8a3149bd6cb552c409f3bffd718c1a0abf,"{""distance"":5,""physical_error_rate"":5e-05}","{""detection_events"":1100,""detectors_checked"":5275648}"
      9863,         0,         0,   0.173,standalone_exact_mw,aea10f45e3589e84a00777b800d38e8a3149bd6cb552c409f3bffd718c1a0abf,"{""distance"":5,""physical_error_rate"":5e-05}","{""detection_events"":407,""detectors_checked"":2209312}"
     16384,         0,         0,   0.380,standalone_exact_mw,aea10f45e3589e84a00777b800d38e8a3149bd6cb552c409f3bffd718c1a0abf,"{""distance"":5,""physical_error_rate"":5e-05}","{""detection_events"":858,""detectors_checked"":3670016}"
     16981,         0,         0,   0.388,standalone_exact_mw,aea10f45e3589e84a00777b800d38e8a3149bd6cb552c409f3bffd718c1a0abf,"{""distance"":5,""physical_error_rate"":5e-05}","{""detection_events"":743,""detectors_checked"":3803744}"
     15360,         0,         0,   0.324,standalone_exact_mw,aea10f45e3589e84a00777b800d38e8a3149bd6cb552c409f3bffd718c1a0abf,"{""distance"":5,""physical_error_rate"":5e-05}","{""detection_events"":750,""detectors_checked"":3440640}"
     14528,         0,         0,   0.336,standalone_exact_mw,aea10f45e3589e84a00777b800d38e8a3149bd6cb552c409f3bffd718c1a0abf,"{""distance"":5,""physical_error_rate"":5e-05}","{""detection_events"":748,""detectors_checked"":3254272}"
     16384,         0,         0,   0.363,standalone_exact_mw,aea10f45e3589e84a00777b800d38e8a3149bd6cb552c409f3bffd718c1a0abf,"{""distance"":5,""physical_error_rate"":5e-05}","{""detection_events"":719,""detectors_checked"":3670016}"
     18024,         0,         0,   0.371,standalone_exact_mw,aea10f45e3589e84a00777b800d38e8a3149bd6cb552c409f3bffd718c1a0abf,"{""distance"":5,""physical_error_rate"":5e-05}","{""detection_events"":825,""detectors_checked"":4037376}"
     12442,         0,         0,   0.396,standalone_exact_mw,aea10f45e3589e84a00777b800d38e8a3149bd6cb552c409f3bffd718c1a0abf,"{""distance"":5,""physical_error_rate"":5e-05}","{""detection_events"":628,""detectors_checked"":2787008}"
     12288,         0,         0,   0.330,standalone_exact_mw,aea10f45e3589e84a00777b800d38e8a3149bd6cb552c409f3bffd718c1a0abf,"{""distance"":5,""physical_error_rate"":5e-05}","{""detection_events"":547,""detectors_checked"":2752512}"
     14311,         0,         0,   0.445,standalone_exact_mw,aea10f45e3589e84a00777b800d38e8a3149bd6cb552c409f3bffd718c1a0abf,"{""distance"":5,""physical_error_rate"":5e-05}","{""detection_events"":631,""detectors_checked"":3205664}"
      1429,         0,         0,   0.020,standalone_exact_mw,aea10f45e3589e84a00777b800d38e8a3149bd6cb552c409f3bffd718c1a0abf,"{""distance"":5,""physical_error_rate"":5e-05}","{""detection_events"":48,""detectors_checked"":320096}"
     14336,         0,         0,   0.424,standalone_exact_mw,aea10f45e3589e84a00777b800d38e8a3149bd6cb552c409f3bffd718c1a0abf,"{""distance"":5,""physical_error_rate"":5e-05}","{""detection_events"":657,""detectors_checked"":3211264}"
     12288,         0,         0,   0.368,standalone_exact_mw,aea10f45e3589e84a00777b800d38e8a3149bd6cb552c409f3bffd718c1a0abf,"{""distance"":5,""physical_error_rate"":5e-05}","{""detection_events"":548,""detectors_checked"":2752512}"
      1640,         0,         0,   0.022,standalone_exact_mw,aea10f45e3589e84a00777b800d38e8a3149bd6cb552c409f3bffd718c1a0abf,"{""distance"":5,""physical_error_rate"":5e-05}","{""detection_events"":45,""detectors_checked"":367360}"
      1479,         0,         0,   0.019,standalone_exact_mw,aea10f45e3589e84a00777b800d38e8a3149bd6cb552c409f3bffd718c1a0abf,"{""distance"":5,""physical_error_rate"":5e-05}","{""detection_events"":78,""detectors_checked"":331296}"
      1640,         0,         0,   0.021,standalone_exact_mw,aea10f45e3589e84a00777b800d38e8a3149bd6cb552c409f3bffd718c1a0abf,"{""distance"":5,""physical_error_rate"":5e-05}","{""detection_events"":60,""detectors_checked"":367360}"
      1437,         0,         0,   0.027,standalone_exact_mw,aea10f45e3589e84a00777b800d38e8a3149bd6cb552c409f3bffd718c1a0abf,"{""distance"":5,""physical_error_rate"":5e-05}","{""detection_events"":75,""detectors_checked"":321888}"
         1,         0,         0,   0.000,standalone_exact_mw,aea10f45e3589e84a00777b800d38e8a3149bd6cb552c409f3bffd718c1a0abf,"{""distance"":5,""physical_error_rate"":5e-05}","{""detectors_checked"":224}"
       192,         0,         0,   0.002,standalone_exact_mw,aea10f45e3589e84a00777b800d38e8a3149bd6cb552c409f3bffd718c1a0abf,"{""distance"":5,""physical_error_rate"":5e-05}","{""detection_events"":14,""detectors_checked"":43008}"
     13312,         0,         0,   0.276,standalone_exact_mw,aea10f45e3589e84a00777b800d38e8a3149bd6cb552c409f3bffd718c1a0abf,"{""distance"":5,""physical_error_rate"":5e-05}","{""detection_events"":619,""detectors_checked"":2981888}"
      5120,         0,         0,   0.096,standalone_exact_mw,aea10f45e3589e84a00777b800d38e8a3149bd6cb552c409f3bffd718c1a0abf,"{""distance"":5,""physical_error_rate"":5e-05}","{""detection_events"":254,""detectors_checked"":1146880}"
       682,         0,         0,   0.006,standalone_exact_mw,aea10f45e3589e84a00777b800d38e8a3149bd6cb552c409f3bffd718c1a0abf,"{""distance"":5,""physical_error_rate"":5e-05}","{""detection_events"":21,""detectors_checked"":152768}"
       668,         0,         0,   0.006,standalone_exact_mw,aea10f45e3589e84a00777b800d38e8a3149bd6cb552c409f3bffd718c1a0abf,"{""distance"":5,""physical_error_rate"":5e-05}","{""detection_events"":28,""detectors_checked"":149632}"
      2664,         0,         0,   0.048,standalone_exact_mw,aea10f45e3589e84a00777b800d38e8a3149bd6cb552c409f3bffd718c1a0abf,"{""distance"":5,""physical_error_rate"":5e-05}","{""detection_events"":117,""detectors_checked"":596736}"
      5120,         0,         0,   0.104,standalone_exact_mw,aea10f45e3589e84a00777b800d38e8a3149bd6cb552c409f3bffd718c1a0abf,"{""distance"":5,""physical_error_rate"":5e-05}","{""detection_events"":248,""detectors_checked"":1146880}"
        93,         0,         0,   0.001,standalone_exact_mw,aea10f45e3589e84a00777b800d38e8a3149bd6cb552c409f3bffd718c1a0abf,"{""distance"":5,""physical_error_rate"":5e-05}","{""detection_events"":8,""detectors_checked"":20832}"
      6144,         0,         0,   0.121,standalone_exact_mw,aea10f45e3589e84a00777b800d38e8a3149bd6cb552c409f3bffd718c1a0abf,"{""distance"":5,""physical_error_rate"":5e-05}","{""detection_events"":257,""detectors_checked"":1376256}"
      3933,         0,         0,   0.066,standalone_exact_mw,aea10f45e3589e84a00777b800d38e8a3149bd6cb552c409f3bffd718c1a0abf,"{""distance"":5,""physical_error_rate"":5e-05}","{""detection_events"":223,""detectors_checked"":880992}"
        43,         0,         0,   0.001,standalone_exact_mw,aea10f45e3589e84a00777b800d38e8a3149bd6cb552c409f3bffd718c1a0abf,"{""distance"":5,""physical_error_rate"":5e-05}","{""detection_events"":6,""detectors_checked"":9632}"
      2086,         0,         0,   0.049,standalone_exact_mw,aea10f45e3589e84a00777b800d38e8a3149bd6cb552c409f3bffd718c1a0abf,"{""distance"":5,""physical_error_rate"":5e-05}","{""detection_events"":94,""detectors_checked"":467264}"
       195,         0,         0,   0.002,standalone_exact_mw,aea10f45e3589e84a00777b800d38e8a3149bd6cb552c409f3bffd718c1a0abf,"{""distance"":5,""physical_error_rate"":5e-05}","{""detection_events"":2,""detectors_checked"":43680}"
       625,         0,         0,   0.005,standalone_exact_mw,aea10f45e3589e84a00777b800d38e8a3149bd6cb552c409f3bffd718c1a0abf,"{""distance"":5,""physical_error_rate"":5e-05}","{""detection_events"":22,""detectors_checked"":140000}"
       714,         0,         0,   0.006,standalone_exact_mw,aea10f45e3589e84a00777b800d38e8a3149bd6cb552c409f3bffd718c1a0abf,"{""distance"":5,""physical_error_rate"":5e-05}","{""detection_events"":44,""detectors_checked"":159936}"
       132,         0,         0,   0.001,standalone_exact_mw,aea10f45e3589e84a00777b800d38e8a3149bd6cb552c409f3bffd718c1a0abf,"{""distance"":5,""physical_error_rate"":5e-05}","{""detection_events"":4,""detectors_checked"":29568}"
      2108,         0,         0,   0.060,standalone_exact_mw,aea10f45e3589e84a00777b800d38e8a3149bd6cb552c409f3bffd718c1a0abf,"{""distance"":5,""physical_error_rate"":5e-05}","{""detection_events"":142,""detectors_checked"":472192}"
       208,         0,         0,   0.002,standalone_exact_mw,aea10f45e3589e84a00777b800d38e8a3149bd6cb552c409f3bffd718c1a0abf,"{""distance"":5,""physical_error_rate"":5e-05}","{""detection_events"":5,""detectors_checked"":46592}"
      2048,         0,         0,   0.027,standalone_exact_mw,aea10f45e3589e84a00777b800d38e8a3149bd6cb552c409f3bffd718c1a0abf,"{""distance"":5,""physical_error_rate"":5e-05}","{""detection_events"":100,""detectors_checked"":458752}"
       132,         0,         0,   0.001,standalone_exact_mw,aea10f45e3589e84a00777b800d38e8a3149bd6cb552c409f3bffd718c1a0abf,"{""distance"":5,""physical_error_rate"":5e-05}","{""detection_events"":7,""detectors_checked"":29568}"
       267,         0,         0,   0.002,standalone_exact_mw,aea10f45e3589e84a00777b800d38e8a3149bd6cb552c409f3bffd718c1a0abf,"{""distance"":5,""physical_error_rate"":5e-05}","{""detection_events"":11,""detectors_checked"":59808}"
      2999,         0,         0,   0.062,standalone_exact_mw,aea10f45e3589e84a00777b800d38e8a3149bd6cb552c409f3bffd718c1a0abf,"{""distance"":5,""physical_error_rate"":5e-05}","{""detection_events"":138,""detectors_checked"":671776}"
      1104,         0,         0,   0.014,standalone_exact_mw,aea10f45e3589e84a00777b800d38e8a3149bd6cb552c409f3bffd718c1a0abf,"{""distance"":5,""physical_error_rate"":5e-05}","{""detection_events"":31,""detectors_checked"":247296}"
      2048,         0,         0,   0.033,standalone_exact_mw,aea10f45e3589e84a00777b800d38e8a3149bd6cb552c409f3bffd718c1a0abf,"{""distance"":5,""physical_error_rate"":5e-05}","{""detection_events"":92,""detectors_checked"":458752}"
      1340,         0,         0,   0.011,standalone_exact_mw,aea10f45e3589e84a00777b800d38e8a3149bd6cb552c409f3bffd718c1a0abf,"{""distance"":5,""physical_error_rate"":5e-05}","{""detection_events"":60,""detectors_checked"":300160}"
        90,         0,         0,   0.001,standalone_exact_mw,aea10f45e3589e84a00777b800d38e8a3149bd6cb552c409f3bffd718c1a0abf,"{""distance"":5,""physical_error_rate"":5e-05}","{""detection_events"":4,""detectors_checked"":20160}"
       112,         0,         0,   0.001,standalone_exact_mw,aea10f45e3589e84a00777b800d38e8a3149bd6cb552c409f3bffd718c1a0abf,"{""distance"":5,""physical_error_rate"":5e-05}","{""detection_events"":4,""detectors_checked"":25088}"
       131,         0,         0,   0.001,standalone_exact_mw,aea10f45e3589e84a00777b800d38e8a3149bd6cb552c409f3bffd718c1a0abf,"{""distance"":5,""physical_error_rate"":5e-05}","{""detectors_checked"":29344}"
       963,         0,         0,   0.008,standalone_exact_mw,aea10f45e3589e84a00777b800d38e8a3149bd6cb552c409f3bffd718c1a0abf,"{""distance"":5,""physical_error_rate"":5e-05}","{""detection_events"":54,""detectors_checked"":215712}"
       497,         0,         0,   0.004,standalone_exact_mw,aea10f45e3589e84a00777b800d38e8a3149bd6cb552c409f3bffd718c1a0abf,"{""distance"":5,""physical_error_rate"":5e-05}","{""detection_events"":10,""detectors_checked"":111328}"
      2048,         0,         0,   0.056,standalone_exact_mw,aea10f45e3589e84a00777b800d38e8a3149bd6cb552c409f3bffd718c1a0abf,"{""distance"":5,""physical_error_rate"":5e-05}","{""detection_events"":85,""detectors_checked"":458752}"
       553,         0,         0,   0.005,standalone_exact_mw,aea10f45e3589e84a00777b800d38e8a3149bd6cb552c409f3bffd718c1a0abf,"{""distance"":5,""physical_error_rate"":5e-05}","{""detection_events"":34,""detectors_checked"":123872}"
        60,         0,         0,   0.001,standalone_exact_mw,aea10f45e3589e84a00777b800d38e8a3149bd6cb552c409f3bffd718c1a0abf,"{""distance"":5,""physical_error_rate"":5e-05}","{""detection_events"":5,""detectors_checked"":13440}"
        59,         0,         0,   0.001,standalone_exact_mw,aea10f45e3589e84a00777b800d38e8a3149bd6cb552c409f3bffd718c1a0abf,"{""distance"":5,""physical_error_rate"":5e-05}","{""detection_events"":2,""detectors_checked"":13216}"
       133,         0,         0,   0.001,standalone_exact_mw,aea10f45e3589e84a00777b800d38e8a3149bd6cb552c409f3bffd718c1a0abf,"{""distance"":5,""physical_error_rate"":5e-05}","{""detection_events"":4,""detectors_checked"":29792}"
      1024,         0,         0,   0.015,standalone_exact_mw,aea10f45e3589e84a00777b800d38e8a3149bd6cb552c409f3bffd718c1a0abf,"{""distance"":5,""physical_error_rate"":5e-05}","{""detection_events"":31,""detectors_checked"":229376}"
        35,         0,         0,   0.001,standalone_exact_mw,aea10f45e3589e84a00777b800d38e8a3149bd6cb552c409f3bffd718c1a0abf,"{""distance"":5,""physical_error_rate"":5e-05}","{""detectors_checked"":7840}"
      1024,         0,         0,   0.013,standalone_exact_mw,aea10f45e3589e84a00777b800d38e8a3149bd6cb552c409f3bffd718c1a0abf,"{""distance"":5,""physical_error_rate"":5e-05}","{""detection_events"":60,""detectors_checked"":229376}"
       115,         0,         0,   0.001,standalone_exact_mw,aea10f45e3589e84a00777b800d38e8a3149bd6cb552c409f3bffd718c1a0abf,"{""distance"":5,""physical_error_rate"":5e-05}","{""detection_events"":15,""detectors_checked"":25760}"
       195,         0,         0,   0.002,standalone_exact_mw,aea10f45e3589e84a00777b800d38e8a3149bd6cb552c409f3bffd718c1a0abf,"{""distance"":5,""physical_error_rate"":5e-05}","{""detection_events"":12,""detectors_checked"":43680}"
        49,         0,         0,   0.001,standalone_exact_mw,aea10f45e3589e84a00777b800d38e8a3149bd6cb552c409f3bffd718c1a0abf,"{""distance"":5,""physical_error_rate"":5e-05}","{""detectors_checked"":10976}"
        42,         0,         0,   0.001,standalone_exact_mw,aea10f45e3589e84a00777b800d38e8a3149bd6cb552c409f3bffd718c1a0abf,"{""distance"":5,""physical_error_rate"":5e-05}","{""detection_events"":11,""detectors_checked"":9408}"
        42,         0,         0,   0.001,standalone_exact_mw,aea10f45e3589e84a00777b800d38e8a3149bd6cb552c409f3bffd718c1a0abf,"{""distance"":5,""physical_error_rate"":5e-05}","{""detectors_checked"":9408}"
        30,         0,         0,   0.001,standalone_exact_mw,aea10f45e3589e84a00777b800d38e8a3149bd6cb552c409f3bffd718c1a0abf,"{""distance"":5,""physical_error_rate"":5e-05}","{""detectors_checked"":6720}"
        42,         0,         0,   0.001,standalone_exact_mw,aea10f45e3589e84a00777b800d38e8a3149bd6cb552c409f3bffd718c1a0abf,"{""distance"":5,""physical_error_rate"":5e-05}","{""detection_events"":3,""detectors_checked"":9408}"
        34,         0,         0,   0.001,standalone_exact_mw,aea10f45e3589e84a00777b800d38e8a3149bd6cb552c409f3bffd718c1a0abf,"{""distance"":5,""physical_error_rate"":5e-05}","{""detectors_checked"":7616}"
         1,         0,         0,   0.000,standalone_exact_mw,aea10f45e3589e84a00777b800d38e8a3149bd6cb552c409f3bffd718c1a0abf,"{""distance"":5,""physical_error_rate"":5e-05}","{""detectors_checked"":224}"
        30,         0,         0,   0.001,standalone_exact_mw,aea10f45e3589e84a00777b800d38e8a3149bd6cb552c409f3bffd718c1a0abf,"{""distance"":5,""physical_error_rate"":5e-05}","{""detection_events"":2,""detectors_checked"":6720}"
        42,         0,         0,   0.001,standalone_exact_mw,aea10f45e3589e84a00777b800d38e8a3149bd6cb552c409f3bffd718c1a0abf,"{""distance"":5,""physical_error_rate"":5e-05}","{""detection_events"":8,""detectors_checked"":9408}"
        21,         0,         0,   0.000,standalone_exact_mw,aea10f45e3589e84a00777b800d38e8a3149bd6cb552c409f3bffd718c1a0abf,"{""distance"":5,""physical_error_rate"":5e-05}","{""detectors_checked"":4704}"
         7,         0,         0,   0.000,standalone_exact_mw,aea10f45e3589e84a00777b800d38e8a3149bd6cb552c409f3bffd718c1a0abf,"{""distance"":5,""physical_error_rate"":5e-05}","{""detection_events"":2,""detectors_checked"":1568}"
        42,         0,         0,   0.001,standalone_exact_mw,aea10f45e3589e84a00777b800d38e8a3149bd6cb552c409f3bffd718c1a0abf,"{""distance"":5,""physical_error_rate"":5e-05}","{""detection_events"":1,""detectors_checked"":9408}"
        42,         0,         0,   0.001,standalone_exact_mw,aea10f45e3589e84a00777b800d38e8a3149bd6cb552c409f3bffd718c1a0abf,"{""distance"":5,""physical_error_rate"":5e-05}","{""detection_events"":6,""detectors_checked"":9408}"
         6,         0,         0,   0.000,standalone_exact_mw,aea10f45e3589e84a00777b800d38e8a3149bd6cb552c409f3bffd718c1a0abf,"{""distance"":5,""physical_error_rate"":5e-05}","{""detectors_checked"":1344}"
         6,         0,         0,   0.000,standalone_exact_mw,aea10f45e3589e84a00777b800d38e8a3149bd6cb552c409f3bffd718c1a0abf,"{""distance"":5,""physical_error_rate"":5e-05}","{""detectors_checked"":1344}"
         6,         0,         0,   0.000,standalone_exact_mw,aea10f45e3589e84a00777b800d38e8a3149bd6cb552c409f3bffd718c1a0abf,"{""distance"":5,""physical_error_rate"":5e-05}","{""detectors_checked"":1344}"
         6,         0,         0,   0.000,standalone_exact_mw,aea10f45e3589e84a00777b800d38e8a3149bd6cb552c409f3bffd718c1a0abf,"{""distance"":5,""physical_error_rate"":5e-05}","{""detectors_checked"":1344}"
         1,         0,         0,   0.000,standalone_exact_mw,aea10f45e3589e84a00777b800d38e8a3149bd6cb552c409f3bffd718c1a0abf,"{""distance"":5,""physical_error_rate"":5e-05}","{""detectors_checked"":224}"
         6,         0,         0,   0.000,standalone_exact_mw,aea10f45e3589e84a00777b800d38e8a3149bd6cb552c409f3bffd718c1a0abf,"{""distance"":5,""physical_error_rate"":5e-05}","{""detectors_checked"":1344}"
         6,         0,         0,   0.000,standalone_exact_mw,aea10f45e3589e84a00777b800d38e8a3149bd6cb552c409f3bffd718c1a0abf,"{""distance"":5,""physical_error_rate"":5e-05}","{""detectors_checked"":1344}"
         1,         0,         0,   0.000,standalone_exact_mw,aea10f45e3589e84a00777b800d38e8a3149bd6cb552c409f3bffd718c1a0abf,"{""distance"":5,""physical_error_rate"":5e-05}","{""detectors_checked"":224}"
         1,         0,         0,   0.000,standalone_exact_mw,aea10f45e3589e84a00777b800d38e8a3149bd6cb552c409f3bffd718c1a0abf,"{""distance"":5,""physical_error_rate"":5e-05}","{""detectors_checked"":224}"
         1,         0,         0,   0.000,standalone_exact_mw,aea10f45e3589e84a00777b800d38e8a3149bd6cb552c409f3bffd718c1a0abf,"{""distance"":5,""physical_error_rate"":5e-05}","{""detectors_checked"":224}"
         1,         0,         0,   0.000,standalone_exact_mw,aea10f45e3589e84a00777b800d38e8a3149bd6cb552c409f3bffd718c1a0abf,"{""distance"":5,""physical_error_rate"":5e-05}","{""detectors_checked"":224}"
         1,         0,         0,   0.000,standalone_exact_mw,aea10f45e3589e84a00777b800d38e8a3149bd6cb552c409f3bffd718c1a0abf,"{""distance"":5,""physical_error_rate"":5e-05}","{""detectors_checked"":224}"
   3262464,         0,         0,   119.2,standalone_exact_mw,29ae76c7f86edcd2f56343e8109d8463cbc736644db4e57527101e2f1c3606c8,"{""distance"":5,""physical_error_rate"":0.0002}","{""detection_events"":610645,""detectors_checked"":730791936}"
   3122176,         0,         0,   119.2,standalone_exact_mw,cc9149276d16e61a5ac322a1d2048afebd34054fe0ed4879b77eb616628c1148,"{""distance"":5,""physical_error_rate"":0.0001}","{""detection_events"":291498,""detectors_checked"":699367424}"
   3253248,         0,         0,   119.2,standalone_exact_mw,29ae76c7f86edcd2f56343e8109d8463cbc736644db4e57527101e2f1c3606c8,"{""distance"":5,""physical_error_rate"":0.0002}","{""detection_events"":605748,""detectors_checked"":728727552}"
   3713024,         0,         0,   119.3,standalone_exact_mw,cc9149276d16e61a5ac322a1d2048afebd34054fe0ed4879b77eb616628c1148,"{""distance"":5,""physical_error_rate"":0.0001}","{""detection_events"":347687,""detectors_checked"":831717376}"
   2996224,         0,         0,   119.2,standalone_exact_mw,cc9149276d16e61a5ac322a1d2048afebd34054fe0ed4879b77eb616628c1148,"{""distance"":5,""physical_error_rate"":0.0001}","{""detection_events"":279431,""detectors_checked"":671154176}"
   4282368,         0,         0,   119.3,standalone_exact_mw,cc9149276d16e61a5ac322a1d2048afebd34054fe0ed4879b77eb616628c1148,"{""distance"":5,""physical_error_rate"":0.0001}","{""detection_events"":399976,""detectors_checked"":959250432}"
   2873344,         2,         0,   119.3,standalone_exact_mw,503ee55b5ad1b1988379a241a0405811522ee4d50b473755532ad1299cb121e2,"{""distance"":5,""physical_error_rate"":0.0005}","{""detection_events"":1334275,""detectors_checked"":643629056,""obs_mistake_mask=E"":2}"
   3472384,         0,         0,   119.5,standalone_exact_mw,29ae76c7f86edcd2f56343e8109d8463cbc736644db4e57527101e2f1c3606c8,"{""distance"":5,""physical_error_rate"":0.0002}","{""detection_events"":646930,""detectors_checked"":777814016}"
   2206720,         0,         0,   119.4,standalone_exact_mw,503ee55b5ad1b1988379a241a0405811522ee4d50b473755532ad1299cb121e2,"{""distance"":5,""physical_error_rate"":0.0005}","{""detection_events"":1024662,""detectors_checked"":494305280}"
   2562048,         2,         0,   119.4,standalone_exact_mw,503ee55b5ad1b1988379a241a0405811522ee4d50b473755532ad1299cb121e2,"{""distance"":5,""physical_error_rate"":0.0005}","{""detection_events"":1192831,""detectors_checked"":573898752,""obs_mistake_mask=E"":2}"
      1297,         0,         0,   0.027,standalone_exact_mw,cc9149276d16e61a5ac322a1d2048afebd34054fe0ed4879b77eb616628c1148,"{""distance"":5,""physical_error_rate"":0.0001}","{""detection_events"":148,""detectors_checked"":290528}"
      1024,         0,         0,   0.009,standalone_exact_mw,cc9149276d16e61a5ac322a1d2048afebd34054fe0ed4879b77eb616628c1148,"{""distance"":5,""physical_error_rate"":0.0001}","{""detection_events"":100,""detectors_checked"":229376}"
      2048,         0,         0,   0.036,standalone_exact_mw,cc9149276d16e61a5ac322a1d2048afebd34054fe0ed4879b77eb616628c1148,"{""distance"":5,""physical_error_rate"":0.0001}","{""detection_events"":207,""detectors_checked"":458752}"
      2048,         0,         0,   0.036,standalone_exact_mw,cc9149276d16e61a5ac322a1d2048afebd34054fe0ed4879b77eb616628c1148,"{""distance"":5,""physical_error_rate"":0.0001}","{""detection_events"":191,""detectors_checked"":458752}"
      2048,         0,         0,   0.036,standalone_exact_mw,cc9149276d16e61a5ac322a1d2048afebd34054fe0ed4879b77eb616628c1148,"{""distance"":5,""physical_error_rate"":0.0001}","{""detection_events"":206,""detectors_checked"":458752}"
      3072,         0,         0,   0.044,standalone_exact_mw,cc9149276d16e61a5ac322a1d2048afebd34054fe0ed4879b77eb616628c1148,"{""distance"":5,""physical_error_rate"":0.0001}","{""detection_events"":284,""detectors_checked"":688128}"
      3072,         0,         0,   0.069,standalone_exact_mw,cc9149276d16e61a5ac322a1d2048afebd34054fe0ed4879b77eb616628c1148,"{""distance"":5,""physical_error_rate"":0.0001}","{""detection_events"":253,""detectors_checked"":688128}"
      4096,         0,         0,   0.110,standalone_exact_mw,cc9149276d16e61a5ac322a1d2048afebd34054fe0ed4879b77eb616628c1148,"{""distance"":5,""physical_error_rate"":0.0001}","{""detection_events"":357,""detectors_checked"":917504}"
      7168,         0,         0,   0.173,standalone_exact_mw,cc9149276d16e61a5ac322a1d2048afebd34054fe0ed4879b77eb616628c1148,"{""distance"":5,""physical_error_rate"":0.0001}","{""detection_events"":646,""detectors_checked"":1605632}"
      8192,         0,         0,   0.195,standalone_exact_mw,cc9149276d16e61a5ac322a1d2048afebd34054fe0ed4879b77eb616628c1148,"{""distance"":5,""physical_error_rate"":0.0001}","{""detection_events"":732,""detectors_checked"":1835008}"
     12288,         0,         0,   0.287,standalone_exact_mw,cc9149276d16e61a5ac322a1d2048afebd34054fe0ed4879b77eb616628c1148,"{""distance"":5,""physical_error_rate"":0.0001}","{""detection_events"":1104,""detectors_checked"":2752512}"
     15360,         0,         0,   0.392,standalone_exact_mw,cc9149276d16e61a5ac322a1d2048afebd34054fe0ed4879b77eb616628c1148,"{""distance"":5,""physical_error_rate"":0.0001}","{""detection_events"":1488,""detectors_checked"":3440640}"
     22528,         0,         0,   0.570,standalone_exact_mw,cc9149276d16e61a5ac322a1d2048afebd34054fe0ed4879b77eb616628c1148,"{""distance"":5,""physical_error_rate"":0.0001}","{""detection_events"":2042,""detectors_checked"":5046272}"
         1,         0,         0,   0.000,standalone_exact_mw,cc9149276d16e61a5ac322a1d2048afebd34054fe0ed4879b77eb616628c1148,"{""distance"":5,""physical_error_rate"":0.0001}","{""detectors_checked"":224}"
      1296,         0,         0,   0.026,standalone_exact_mw,cc9149276d16e61a5ac322a1d2048afebd34054fe0ed4879b77eb616628c1148,"{""distance"":5,""physical_error_rate"":0.0001}","{""detection_events"":101,""detectors_checked"":290304}"
      1024,         0,         0,   0.018,standalone_exact_mw,cc9149276d16e61a5ac322a1d2048afebd34054fe0ed4879b77eb616628c1148,"{""distance"":5,""physical_error_rate"":0.0001}","{""detection_events"":96,""detectors_checked"":229376}"
      2048,         0,         0,   0.035,standalone_exact_mw,cc9149276d16e61a5ac322a1d2048afebd34054fe0ed4879b77eb616628c1148,"{""distance"":5,""physical_error_rate"":0.0001}","{""detection_events"":207,""detectors_checked"":458752}"
      2048,         0,         0,   0.054,standalone_exact_mw,cc9149276d16e61a5ac322a1d2048afebd34054fe0ed4879b77eb616628c1148,"{""distance"":5,""physical_error_rate"":0.0001}","{""detection_events"":222,""detectors_checked"":458752}"
      2048,         0,         0,   0.054,standalone_exact_mw,cc9149276d16e61a5ac322a1d2048afebd34054fe0ed4879b77eb616628c1148,"{""distance"":5,""physical_error_rate"":0.0001}","{""detection_events"":209,""detectors_checked"":458752}"
      4096,         0,         0,   0.089,standalone_exact_mw,cc9149276d16e61a5ac322a1d2048afebd34054fe0ed4879b77eb616628c1148,"{""distance"":5,""physical_error_rate"":0.0001}","{""detection_events"":381,""detectors_checked"":917504}"
      4096,         0,         0,   0.121,standalone_exact_mw,cc9149276d16e61a5ac322a1d2048afebd34054fe0ed4879b77eb616628c1148,"{""distance"":5,""physical_error_rate"":0.0001}","{""detection_events"":396,""detectors_checked"":917504}"
      7168,         0,         0,   0.170,standalone_exact_mw,cc9149276d16e61a5ac322a1d2048afebd34054fe0ed4879b77eb616628c1148,"{""distance"":5,""physical_error_rate"":0.0001}","{""detection_events"":769,""detectors_checked"":1605632}"
     31744,         0,         0,   0.784,standalone_exact_mw,cc9149276d16e61a5ac322a1d2048afebd34054fe0ed4879b77eb616628c1148,"{""distance"":5,""physical_error_rate"":0.0001}","{""detection_events"":3012,""detectors_checked"":7110656}"
      1297,         0,         0,   0.032,standalone_exact_mw,29ae76c7f86edcd2f56343e8109d8463cbc736644db4e57527101e2f1c3606c8,"{""distance"":5,""physical_error_rate"":0.0002}","{""detection_events"":313,""detectors_checked"":290528}"
      1024,         0,         0,   0.010,standalone_exact_mw,29ae76c7f86edcd2f56343e8109d8463cbc736644db4e57527101e2f1c3606c8,"{""distance"":5,""physical_error_rate"":0.0002}","{""detection_events"":188,""detectors_checked"":229376}"
      1024,         0,         0,   0.028,standalone_exact_mw,29ae76c7f86edcd2f56343e8109d8463cbc736644db4e57527101e2f1c3606c8,"{""distance"":5,""physical_error_rate"":0.0002}","{""detection_events"":220,""detectors_checked"":229376}"
      1024,         0,         0,   0.028,standalone_exact_mw,29ae76c7f86edcd2f56343e8109d8463cbc736644db4e57527101e2f1c3606c8,"{""distance"":5,""physical_error_rate"":0.0002}","{""detection_events"":207,""detectors_checked"":229376}"
      8192,         0,         0,   0.214,standalone_exact_mw,cc9149276d16e61a5ac322a1d2048afebd34054fe0ed4879b77eb616628c1148,"{""distance"":5,""physical_error_rate"":0.0001}","{""detection_events"":812,""detectors_checked"":1835008}"
      2048,         0,         0,   0.059,standalone_exact_mw,29ae76c7f86edcd2f56343e8109d8463cbc736644db4e57527101e2f1c3606c8,"{""distance"":5,""physical_error_rate"":0.0002}","{""detection_events"":397,""detectors_checked"":458752}"
      3072,         0,         0,   0.074,standalone_exact_mw,29ae76c7f86edcd2f56343e8109d8463cbc736644db4e57527101e2f1c3606c8,"{""distance"":5,""physical_error_rate"":0.0002}","{""detection_events"":542,""detectors_checked"":688128}"
      3072,         0,         0,   0.072,standalone_exact_mw,29ae76c7f86edcd2f56343e8109d8463cbc736644db4e57527101e2f1c3606c8,"{""distance"":5,""physical_error_rate"":0.0002}","{""detection_events"":538,""detectors_checked"":688128}"
      1297,         0,         0,   0.031,standalone_exact_mw,29ae76c7f86edcd2f56343e8109d8463cbc736644db4e57527101e2f1c3606c8,"{""distance"":5,""physical_error_rate"":0.0002}","{""detection_events"":272,""detectors_checked"":290528}"
      1024,         0,         0,   0.028,standalone_exact_mw,29ae76c7f86edcd2f56343e8109d8463cbc736644db4e57527101e2f1c3606c8,"{""distance"":5,""physical_error_rate"":0.0002}","{""detection_events"":234,""detectors_checked"":229376}"
     11264,         0,         0,   0.295,standalone_exact_mw,cc9149276d16e61a5ac322a1d2048afebd34054fe0ed4879b77eb616628c1148,"{""distance"":5,""physical_error_rate"":0.0001}","{""detection_events"":1116,""detectors_checked"":2523136}"
      1024,         0,         0,   0.028,standalone_exact_mw,29ae76c7f86edcd2f56343e8109d8463cbc736644db4e57527101e2f1c3606c8,"{""distance"":5,""physical_error_rate"":0.0002}","{""detection_events"":223,""detectors_checked"":229376}"
      1024,         0,         0,   0.032,standalone_exact_mw,29ae76c7f86edcd2f56343e8109d8463cbc736644db4e57527101e2f1c3606c8,"{""distance"":5,""physical_error_rate"":0.0002}","{""detection_events"":197,""detectors_checked"":229376}"
      4096,         0,         0,   0.120,standalone_exact_mw,29ae76c7f86edcd2f56343e8109d8463cbc736644db4e57527101e2f1c3606c8,"{""distance"":5,""physical_error_rate"":0.0002}","{""detection_events"":822,""detectors_checked"":917504}"
      2048,         0,         0,   0.055,standalone_exact_mw,29ae76c7f86edcd2f56343e8109d8463cbc736644db4e57527101e2f1c3606c8,"{""distance"":5,""physical_error_rate"":0.0002}","{""detection_events"":327,""detectors_checked"":458752}"
      2048,         0,         0,   0.054,standalone_exact_mw,29ae76c7f86edcd2f56343e8109d8463cbc736644db4e57527101e2f1c3606c8,"{""distance"":5,""physical_error_rate"":0.0002}","{""detection_events"":383,""detectors_checked"":458752}"
      6144,         0,         0,   0.167,standalone_exact_mw,29ae76c7f86edcd2f56343e8109d8463cbc736644db4e57527101e2f1c3606c8,"{""distance"":5,""physical_error_rate"":0.0002}","{""detection_events"":1227,""detectors_checked"":1376256}"
      3072,         0,         0,   0.083,standalone_exact_mw,29ae76c7f86edcd2f56343e8109d8463cbc736644db4e57527101e2f1c3606c8,"{""distance"":5,""physical_error_rate"":0.0002}","{""detection_events"":563,""detectors_checked"":688128}"
      4096,         0,         0,   0.112,standalone_exact_mw,29ae76c7f86edcd2f56343e8109d8463cbc736644db4e57527101e2f1c3606c8,"{""distance"":5,""physical_error_rate"":0.0002}","{""detection_events"":742,""detectors_checked"":917504}"
     16384,         0,         0,   0.412,standalone_exact_mw,cc9149276d16e61a5ac322a1d2048afebd34054fe0ed4879b77eb616628c1148,"{""distance"":5,""physical_error_rate"":0.0001}","{""detection_events"":1529,""detectors_checked"":3670016}"
      8192,         0,         0,   0.221,standalone_exact_mw,29ae76c7f86edcd2f56343e8109d8463cbc736644db4e57527101e2f1c3606c8,"{""distance"":5,""physical_error_rate"":0.0002}","{""detection_events"":1366,""detectors_checked"":1835008}"
      6144,         0,         0,   0.170,standalone_exact_mw,29ae76c7f86edcd2f56343e8109d8463cbc736644db4e57527101e2f1c3606c8,"{""distance"":5,""physical_error_rate"":0.0002}","{""detection_events"":1137,""detectors_checked"":1376256}"
     43008,         0,         0,    1.14,standalone_exact_mw,cc9149276d16e61a5ac322a1d2048afebd34054fe0ed4879b77eb616628c1148,"{""distance"":5,""physical_error_rate"":0.0001}","{""detection_events"":4087,""detectors_checked"":9633792}"
      1297,         0,         0,   0.025,standalone_exact_mw,cc9149276d16e61a5ac322a1d2048afebd34054fe0ed4879b77eb616628c1148,"{""distance"":5,""physical_error_rate"":0.0001}","{""detection_events"":141,""detectors_checked"":290528}"
      1024,         0,         0,   0.009,standalone_exact_mw,cc9149276d16e61a5ac322a1d2048afebd34054fe0ed4879b77eb616628c1148,"{""distance"":5,""physical_error_rate"":0.0001}","{""detection_events"":61,""detectors_checked"":229376}"
      7168,         0,         0,   0.196,standalone_exact_mw,29ae76c7f86edcd2f56343e8109d8463cbc736644db4e57527101e2f1c3606c8,"{""distance"":5,""physical_error_rate"":0.0002}","{""detection_events"":1302,""detectors_checked"":1605632}"
     10240,         0,         0,   0.297,standalone_exact_mw,29ae76c7f86edcd2f56343e8109d8463cbc736644db4e57527101e2f1c3606c8,"{""distance"":5,""physical_error_rate"":0.0002}","{""detection_events"":1856,""detectors_checked"":2293760}"
      1024,         0,         0,   0.045,standalone_exact_mw,cc9149276d16e61a5ac322a1d2048afebd34054fe0ed4879b77eb616628c1148,"{""distance"":5,""physical_error_rate"":0.0001}","{""detection_events"":102,""detectors_checked"":229376}"
      1024,         0,         0,   0.027,standalone_exact_mw,cc9149276d16e61a5ac322a1d2048afebd34054fe0ed4879b77eb616628c1148,"{""distance"":5,""physical_error_rate"":0.0001}","{""detection_events"":84,""detectors_checked"":229376}"
      2048,         0,         0,   0.047,standalone_exact_mw,cc9149276d16e61a5ac322a1d2048afebd34054fe0ed4879b77eb616628c1148,"{""distance"":5,""physical_error_rate"":0.0001}","{""detection_events"":216,""detectors_checked"":458752}"
      2048,         0,         0,   0.054,standalone_exact_mw,cc9149276d16e61a5ac322a1d2048afebd34054fe0ed4879b77eb616628c1148,"{""distance"":5,""physical_error_rate"":0.0001}","{""detection_events"":208,""detectors_checked"":458752}"
     21504,         0,         0,   0.572,standalone_exact_mw,cc9149276d16e61a5ac322a1d2048afebd34054fe0ed4879b77eb616628c1148,"{""distance"":5,""physical_error_rate"":0.0001}","{""detection_events"":2098,""detectors_checked"":4816896}"
      3072,         0,         0,   0.088,standalone_exact_mw,cc9149276d16e61a5ac322a1d2048afebd34054fe0ed4879b77eb616628c1148,"{""distance"":5,""physical_error_rate"":0.0001}","{""detection_events"":253,""detectors_checked"":688128}"
     10240,         0,         0,   0.308,standalone_exact_mw,29ae76c7f86edcd2f56343e8109d8463cbc736644db4e57527101e2f1c3606c8,"{""distance"":5,""physical_error_rate"":0.0002}","{""detection_events"":1920,""detectors_checked"":2293760}"
      5120,         0,         0,   0.121,standalone_exact_mw,cc9149276d16e61a5ac322a1d2048afebd34054fe0ed4879b77eb616628c1148,"{""distance"":5,""physical_error_rate"":0.0001}","{""detection_events"":507,""detectors_checked"":1146880}"
     14336,         0,         0,   0.406,standalone_exact_mw,29ae76c7f86edcd2f56343e8109d8463cbc736644db4e57527101e2f1c3606c8,"{""distance"":5,""physical_error_rate"":0.0002}","{""detection_events"":2633,""detectors_checked"":3211264}"
      5120,         0,         0,   0.118,standalone_exact_mw,cc9149276d16e61a5ac322a1d2048afebd34054fe0ed4879b77eb616628c1148,"{""distance"":5,""physical_error_rate"":0.0001}","{""detection_events"":571,""detectors_checked"":1146880}"
         1,         0,         0,   0.000,standalone_exact_mw,29ae76c7f86edcd2f56343e8109d8463cbc736644db4e57527101e2f1c3606c8,"{""distance"":5,""physical_error_rate"":0.0002}","{""detectors_checked"":224}"
         1,         0,         0,   0.026,standalone_exact_mw,29ae76c7f86edcd2f56343e8109d8463cbc736644db4e57527101e2f1c3606c8,"{""distance"":5,""physical_error_rate"":0.0002}","{""detectors_checked"":224}"
        16,         0,         0,   0.001,standalone_exact_mw,29ae76c7f86edcd2f56343e8109d8463cbc736644db4e57527101e2f1c3606c8,"{""distance"":5,""physical_error_rate"":0.0002}","{""detection_events"":9,""detectors_checked"":3584}"
      1280,         0,         0,   0.049,standalone_exact_mw,29ae76c7f86edcd2f56343e8109d8463cbc736644db4e57527101e2f1c3606c8,"{""distance"":5,""physical_error_rate"":0.0002}","{""detection_events"":226,""detectors_checked"":286720}"
      1296,         0,         0,   0.055,standalone_exact_mw,29ae76c7f86edcd2f56343e8109d8463cbc736644db4e57527101e2f1c3606c8,"{""distance"":5,""physical_error_rate"":0.0002}","{""detection_events"":226,""detectors_checked"":290304}"
     14336,         0,         0,   0.413,standalone_exact_mw,29ae76c7f86edcd2f56343e8109d8463cbc736644db4e57527101e2f1c3606c8,"{""distance"":5,""physical_error_rate"":0.0002}","{""detection_events"":2368,""detectors_checked"":3211264}"
      1024,         0,         0,   0.050,standalone_exact_mw,29ae76c7f86edcd2f56343e8109d8463cbc736644db4e57527101e2f1c3606c8,"{""distance"":5,""physical_error_rate"":0.0002}","{""detection_events"":192,""detectors_checked"":229376}"
      1024,         0,         0,   0.075,standalone_exact_mw,29ae76c7f86edcd2f56343e8109d8463cbc736644db4e57527101e2f1c3606c8,"{""distance"":5,""physical_error_rate"":0.0002}","{""detection_events"":179,""detectors_checked"":229376}"
      9216,         0,         0,   0.229,standalone_exact_mw,cc9149276d16e61a5ac322a1d2048afebd34054fe0ed4879b77eb616628c1148,"{""distance"":5,""physical_error_rate"":0.0001}","{""detection_events"":854,""detectors_checked"":2064384}"
      1024,         0,         0,   0.050,standalone_exact_mw,29ae76c7f86edcd2f56343e8109d8463cbc736644db4e57527101e2f1c3606c8,"{""distance"":5,""physical_error_rate"":0.0002}","{""detection_events"":189,""detectors_checked"":229376}"
      1024,         0,         0,   0.060,standalone_exact_mw,29ae76c7f86edcd2f56343e8109d8463cbc736644db4e57527101e2f1c3606c8,"{""distance"":5,""physical_error_rate"":0.0002}","{""detection_events"":169,""detectors_checked"":229376}"
      1024,         0,         0,   0.052,standalone_exact_mw,29ae76c7f86edcd2f56343e8109d8463cbc736644db4e57527101e2f1c3606c8,"{""distance"":5,""physical_error_rate"":0.0002}","{""detection_events"":230,""detectors_checked"":229376}"
      1024,         0,         0,   0.060,standalone_exact_mw,29ae76c7f86edcd2f56343e8109d8463cbc736644db4e57527101e2f1c3606c8,"{""distance"":5,""physical_error_rate"":0.0002}","{""detection_events"":170,""detectors_checked"":229376}"
      2048,         0,         0,   0.083,standalone_exact_mw,29ae76c7f86edcd2f56343e8109d8463cbc736644db4e57527101e2f1c3606c8,"{""distance"":5,""physical_error_rate"":0.0002}","{""detection_events"":412,""detectors_checked"":458752}"
      2048,         0,         0,   0.120,standalone_exact_mw,29ae76c7f86edcd2f56343e8109d8463cbc736644db4e57527101e2f1c3606c8,"{""distance"":5,""physical_error_rate"":0.0002}","{""detection_events"":321,""detectors_checked"":458752}"
     21504,         0,         0,   0.591,standalone_exact_mw,29ae76c7f86edcd2f56343e8109d8463cbc736644db4e57527101e2f1c3606c8,"{""distance"":5,""physical_error_rate"":0.0002}","{""detection_events"":3982,""detectors_checked"":4816896}"
      2048,         0,         0,   0.083,standalone_exact_mw,29ae76c7f86edcd2f56343e8109d8463cbc736644db4e57527101e2f1c3606c8,"{""distance"":5,""physical_error_rate"":0.0002}","{""detection_events"":350,""detectors_checked"":458752}"
     11264,         0,         0,   0.277,standalone_exact_mw,cc9149276d16e61a5ac322a1d2048afebd34054fe0ed4879b77eb616628c1148,"{""distance"":5,""physical_error_rate"":0.0001}","{""detection_events"":994,""detectors_checked"":2523136}"
     31744,         0,         0,   0.807,standalone_exact_mw,cc9149276d16e61a5ac322a1d2048afebd34054fe0ed4879b77eb616628c1148,"{""distance"":5,""physical_error_rate"":0.0001}","{""detection_events"":2829,""detectors_checked"":7110656}"
      3072,         0,         0,   0.093,standalone_exact_mw,29ae76c7f86edcd2f56343e8109d8463cbc736644db4e57527101e2f1c3606c8,"{""distance"":5,""physical_error_rate"":0.0002}","{""detection_events"":595,""detectors_checked"":688128}"
      2048,         0,         0,   0.123,standalone_exact_mw,29ae76c7f86edcd2f56343e8109d8463cbc736644db4e57527101e2f1c3606c8,"{""distance"":5,""physical_error_rate"":0.0002}","{""detection_events"":376,""detectors_checked"":458752}"
       273,         0,         0,   0.025,standalone_exact_mw,cc9149276d16e61a5ac322a1d2048afebd34054fe0ed4879b77eb616628c1148,"{""distance"":5,""physical_error_rate"":0.0001}","{""detection_events"":52,""detectors_checked"":61152}"
      1024,         0,         0,   0.027,standalone_exact_mw,cc9149276d16e61a5ac322a1d2048afebd34054fe0ed4879b77eb616628c1148,"{""distance"":5,""physical_error_rate"":0.0001}","{""detection_events"":105,""detectors_checked"":229376}"
      1024,         0,         0,   0.026,standalone_exact_mw,cc9149276d16e61a5ac322a1d2048afebd34054fe0ed4879b77eb616628c1148,"{""distance"":5,""physical_error_rate"":0.0001}","{""detection_events"":66,""detectors_checked"":229376}"
      2048,         0,         0,   0.054,standalone_exact_mw,cc9149276d16e61a5ac322a1d2048afebd34054fe0ed4879b77eb616628c1148,"{""distance"":5,""physical_error_rate"":0.0001}","{""detection_events"":227,""detectors_checked"":458752}"
     19456,         0,         0,   0.560,standalone_exact_mw,29ae76c7f86edcd2f56343e8109d8463cbc736644db4e57527101e2f1c3606c8,"{""distance"":5,""physical_error_rate"":0.0002}","{""detection_events"":3722,""detectors_checked"":4358144}"
      2048,         0,         0,   0.053,standalone_exact_mw,cc9149276d16e61a5ac322a1d2048afebd34054fe0ed4879b77eb616628c1148,"{""distance"":5,""physical_error_rate"":0.0001}","{""detection_events"":160,""detectors_checked"":458752}"
      4096,         0,         0,   0.166,standalone_exact_mw,29ae76c7f86edcd2f56343e8109d8463cbc736644db4e57527101e2f1c3606c8,"{""distance"":5,""physical_error_rate"":0.0002}","{""detection_events"":768,""detectors_checked"":917504}"
      3072,         0,         0,   0.180,standalone_exact_mw,29ae76c7f86edcd2f56343e8109d8463cbc736644db4e57527101e2f1c3606c8,"{""distance"":5,""physical_error_rate"":0.0002}","{""detection_events"":609,""detectors_checked"":688128}"
      3072,         0,         0,   0.062,standalone_exact_mw,cc9149276d16e61a5ac322a1d2048afebd34054fe0ed4879b77eb616628c1148,"{""distance"":5,""physical_error_rate"":0.0001}","{""detection_events"":285,""detectors_checked"":688128}"
      3072,         0,         0,   0.062,standalone_exact_mw,cc9149276d16e61a5ac322a1d2048afebd34054fe0ed4879b77eb616628c1148,"{""distance"":5,""physical_error_rate"":0.0001}","{""detection_events"":287,""detectors_checked"":688128}"
     60416,         0,         0,    1.54,standalone_exact_mw,cc9149276d16e61a5ac322a1d2048afebd34054fe0ed4879b77eb616628c1148,"{""distance"":5,""physical_error_rate"":0.0001}","{""detection_events"":5760,""detectors_checked"":13533184}"
     15360,         0,         0,   0.405,standalone_exact_mw,cc9149276d16e61a5ac322a1d2048afebd34054fe0ed4879b77eb616628c1148,"{""distance"":5,""physical_error_rate"":0.0001}","{""detection_events"":1377,""detectors_checked"":3440640}"
      6144,         0,         0,   0.228,standalone_exact_mw,29ae76c7f86edcd2f56343e8109d8463cbc736644db4e57527101e2f1c3606c8,"{""distance"":5,""physical_error_rate"":0.0002}","{""detection_events"":1198,""detectors_checked"":1376256}"
      4096,         0,         0,   0.222,standalone_exact_mw,29ae76c7f86edcd2f56343e8109d8463cbc736644db4e57527101e2f1c3606c8,"{""distance"":5,""physical_error_rate"":0.0002}","{""detection_events"":737,""detectors_checked"":917504}"
      3072,         0,         0,   0.092,standalone_exact_mw,cc9149276d16e61a5ac322a1d2048afebd34054fe0ed4879b77eb616628c1148,"{""distance"":5,""physical_error_rate"":0.0001}","{""detection_events"":378,""detectors_checked"":688128}"
      5120,         0,         0,   0.185,standalone_exact_mw,cc9149276d16e61a5ac322a1d2048afebd34054fe0ed4879b77eb616628c1148,"{""distance"":5,""physical_error_rate"":0.0001}","{""detection_events"":482,""detectors_checked"":1146880}"
        17,         0,         0,   0.001,standalone_exact_mw,503ee55b5ad1b1988379a241a0405811522ee4d50b473755532ad1299cb121e2,"{""distance"":5,""physical_error_rate"":0.0005}","{""detection_events"":9,""detectors_checked"":3808}"
     28672,         0,         0,   0.819,standalone_exact_mw,29ae76c7f86edcd2f56343e8109d8463cbc736644db4e57527101e2f1c3606c8,"{""distance"":5,""physical_error_rate"":0.0002}","{""detection_events"":4989,""detectors_checked"":6422528}"
      8192,         0,         0,   0.326,standalone_exact_mw,29ae76c7f86edcd2f56343e8109d8463cbc736644db4e57527101e2f1c3606c8,"{""distance"":5,""physical_error_rate"":0.0002}","{""detection_events"":1558,""detectors_checked"":1835008}"
      1280,         0,         0,   0.031,standalone_exact_mw,503ee55b5ad1b1988379a241a0405811522ee4d50b473755532ad1299cb121e2,"{""distance"":5,""physical_error_rate"":0.0005}","{""detection_events"":596,""detectors_checked"":286720}"
      5120,         0,         0,   0.337,standalone_exact_mw,29ae76c7f86edcd2f56343e8109d8463cbc736644db4e57527101e2f1c3606c8,"{""distance"":5,""physical_error_rate"":0.0002}","{""detection_events"":1005,""detectors_checked"":1146880}"
      1024,         0,         0,   0.059,standalone_exact_mw,503ee55b5ad1b1988379a241a0405811522ee4d50b473755532ad1299cb121e2,"{""distance"":5,""physical_error_rate"":0.0005}","{""detection_events"":515,""detectors_checked"":229376}"
      1024,         0,         0,   0.031,standalone_exact_mw,503ee55b5ad1b1988379a241a0405811522ee4d50b473755532ad1299cb121e2,"{""distance"":5,""physical_error_rate"":0.0005}","{""detection_events"":434,""detectors_checked"":229376}"
      8192,         0,         0,   0.218,standalone_exact_mw,cc9149276d16e61a5ac322a1d2048afebd34054fe0ed4879b77eb616628c1148,"{""distance"":5,""physical_error_rate"":0.0001}","{""detection_events"":687,""detectors_checked"":1835008}"
      1024,         0,         0,   0.049,standalone_exact_mw,503ee55b5ad1b1988379a241a0405811522ee4d50b473755532ad1299cb121e2,"{""distance"":5,""physical_error_rate"":0.0005}","{""detection_events"":470,""detectors_checked"":229376}"
      2048,         0,         0,   0.080,standalone_exact_mw,503ee55b5ad1b1988379a241a0405811522ee4d50b473755532ad1299cb121e2,"{""distance"":5,""physical_error_rate"":0.0005}","{""detection_events"":993,""detectors_checked"":458752}"
     20480,         0,         0,   0.571,standalone_exact_mw,cc9149276d16e61a5ac322a1d2048afebd34054fe0ed4879b77eb616628c1148,"{""distance"":5,""physical_error_rate"":0.0001}","{""detection_events"":1938,""detectors_checked"":4587520}"
     26624,         0,         0,   0.810,standalone_exact_mw,29ae76c7f86edcd2f56343e8109d8463cbc736644db4e57527101e2f1c3606c8,"{""distance"":5,""physical_error_rate"":0.0002}","{""detection_events"":5106,""detectors_checked"":5963776}"
      2048,         0,         0,   0.090,standalone_exact_mw,503ee55b5ad1b1988379a241a0405811522ee4d50b473755532ad1299cb121e2,"{""distance"":5,""physical_error_rate"":0.0005}","{""detection_events"":909,""detectors_checked"":458752}"
     41984,         0,         0,    1.09,standalone_exact_mw,cc9149276d16e61a5ac322a1d2048afebd34054fe0ed4879b77eb616628c1148,"{""distance"":5,""physical_error_rate"":0.0001}","{""detection_events"":3724,""detectors_checked"":9404416}"
      3072,         0,         0,   0.109,standalone_exact_mw,503ee55b5ad1b1988379a241a0405811522ee4d50b473755532ad1299cb121e2,"{""distance"":5,""physical_error_rate"":0.0005}","{""detection_events"":1444,""detectors_checked"":688128}"
     11264,         0,         0,   0.325,standalone_exact_mw,cc9149276d16e61a5ac322a1d2048afebd34054fe0ed4879b77eb616628c1148,"{""distance"":5,""physical_error_rate"":0.0001}","{""detection_events"":1073,""detectors_checked"":2523136}"
     11264,         0,         0,   0.425,standalone_exact_mw,29ae76c7f86edcd2f56343e8109d8463cbc736644db4e57527101e2f1c3606c8,"{""distance"":5,""physical_error_rate"":0.0002}","{""detection_events"":2042,""detectors_checked"":2523136}"
      7168,         0,         0,   0.436,standalone_exact_mw,29ae76c7f86edcd2f56343e8109d8463cbc736644db4e57527101e2f1c3606c8,"{""distance"":5,""physical_error_rate"":0.0002}","{""detection_events"":1368,""detectors_checked"":1605632}"
         1,         0,         0,   0.000,standalone_exact_mw,cc9149276d16e61a5ac322a1d2048afebd34054fe0ed4879b77eb616628c1148,"{""distance"":5,""physical_error_rate"":0.0001}","{""detectors_checked"":224}"
       272,         0,         0,   0.017,standalone_exact_mw,cc9149276d16e61a5ac322a1d2048afebd34054fe0ed4879b77eb616628c1148,"{""distance"":5,""physical_error_rate"":0.0001}","{""detection_events"":24,""detectors_checked"":60928}"
      1024,         0,         0,   0.032,standalone_exact_mw,cc9149276d16e61a5ac322a1d2048afebd34054fe0ed4879b77eb616628c1148,"{""distance"":5,""physical_error_rate"":0.0001}","{""detection_events"":122,""detectors_checked"":229376}"
      1024,         0,         0,   0.028,standalone_exact_mw,cc9149276d16e61a5ac322a1d2048afebd34054fe0ed4879b77eb616628c1148,"{""distance"":5,""physical_error_rate"":0.0001}","{""detection_events"":117,""detectors_checked"":229376}"
      4096,         0,         0,   0.156,standalone_exact_mw,503ee55b5ad1b1988379a241a0405811522ee4d50b473755532ad1299cb121e2,"{""distance"":5,""physical_error_rate"":0.0005}","{""detection_events"":2120,""detectors_checked"":917504}"
      2048,         0,         0,   0.033,standalone_exact_mw,cc9149276d16e61a5ac322a1d2048afebd34054fe0ed4879b77eb616628c1148,"{""distance"":5,""physical_error_rate"":0.0001}","{""detection_events"":251,""detectors_checked"":458752}"
      3072,         0,         0,   0.087,standalone_exact_mw,cc9149276d16e61a5ac322a1d2048afebd34054fe0ed4879b77eb616628c1148,"{""distance"":5,""physical_error_rate"":0.0001}","{""detection_events"":289,""detectors_checked"":688128}"
      3072,         0,         0,   0.087,standalone_exact_mw,cc9149276d16e61a5ac322a1d2048afebd34054fe0ed4879b77eb616628c1148,"{""distance"":5,""physical_error_rate"":0.0001}","{""detection_events"":359,""detectors_checked"":688128}"
       273,         0,         0,   0.019,standalone_exact_mw,503ee55b5ad1b1988379a241a0405811522ee4d50b473755532ad1299cb121e2,"{""distance"":5,""physical_error_rate"":0.0005}","{""detection_events"":124,""detectors_checked"":61152}"
      6144,         0,         0,   0.225,standalone_exact_mw,503ee55b5ad1b1988379a241a0405811522ee4d50b473755532ad1299cb121e2,"{""distance"":5,""physical_error_rate"":0.0005}","{""detection_events"":2859,""detectors_checked"":1376256}"
     14336,         0,         0,   0.400,standalone_exact_mw,cc9149276d16e61a5ac322a1d2048afebd34054fe0ed4879b77eb616628c1148,"{""distance"":5,""physical_error_rate"":0.0001}","{""detection_events"":1449,""detectors_checked"":3211264}"
      1024,         0,         0,   0.034,standalone_exact_mw,503ee55b5ad1b1988379a241a0405811522ee4d50b473755532ad1299cb121e2,"{""distance"":5,""physical_error_rate"":0.0005}","{""detection_events"":527,""detectors_checked"":229376}"
      4096,         0,         0,   0.071,standalone_exact_mw,cc9149276d16e61a5ac322a1d2048afebd34054fe0ed4879b77eb616628c1148,"{""distance"":5,""physical_error_rate"":0.0001}","{""detection_events"":399,""detectors_checked"":917504}"
      1024,         0,         0,   0.030,standalone_exact_mw,503ee55b5ad1b1988379a241a0405811522ee4d50b473755532ad1299cb121e2,"{""distance"":5,""physical_error_rate"":0.0005}","{""detection_events"":443,""detectors_checked"":229376}"
      1024,         0,         0,   0.031,standalone_exact_mw,503ee55b5ad1b1988379a241a0405811522ee4d50b473755532ad1299cb121e2,"{""distance"":5,""physical_error_rate"":0.0005}","{""detection_events"":499,""detectors_checked"":229376}"
      2048,         0,         0,   0.060,standalone_exact_mw,503ee55b5ad1b1988379a241a0405811522ee4d50b473755532ad1299cb121e2,"{""distance"":5,""physical_error_rate"":0.0005}","{""detection_events"":910,""detectors_checked"":458752}"
     14336,         0,         0,   0.562,standalone_exact_mw,29ae76c7f86edcd2f56343e8109d8463cbc736644db4e57527101e2f1c3606c8,"{""distance"":5,""physical_error_rate"":0.0002}","{""detection_events"":2713,""detectors_checked"":3211264}"
     29696,         0,         0,   0.795,standalone_exact_mw,cc9149276d16e61a5ac322a1d2048afebd34054fe0ed4879b77eb616628c1148,"{""distance"":5,""physical_error_rate"":0.0001}","{""detection_events"":2883,""detectors_checked"":6651904}"
     10240,         0,         0,   0.575,standalone_exact_mw,29ae76c7f86edcd2f56343e8109d8463cbc736644db4e57527101e2f1c3606c8,"{""distance"":5,""physical_error_rate"":0.0002}","{""detection_events"":1803,""detectors_checked"":2293760}"
      6144,         0,         0,   0.146,standalone_exact_mw,cc9149276d16e61a5ac322a1d2048afebd34054fe0ed4879b77eb616628c1148,"{""distance"":5,""physical_error_rate"":0.0001}","{""detection_events"":540,""detectors_checked"":1376256}"
      2048,         0,         0,   0.063,standalone_exact_mw,503ee55b5ad1b1988379a241a0405811522ee4d50b473755532ad1299cb121e2,"{""distance"":5,""physical_error_rate"":0.0005}","{""detection_events"":915,""detectors_checked"":458752}"
     35840,         0,         0,    1.12,standalone_exact_mw,29ae76c7f86edcd2f56343e8109d8463cbc736644db4e57527101e2f1c3606c8,"{""distance"":5,""physical_error_rate"":0.0002}","{""detection_events"":6902,""detectors_checked"":8028160}"
      8192,         0,         0,   0.316,standalone_exact_mw,503ee55b5ad1b1988379a241a0405811522ee4d50b473755532ad1299cb121e2,"{""distance"":5,""physical_error_rate"":0.0005}","{""detection_events"":3871,""detectors_checked"":1835008}"
      2048,         0,         0,   0.061,standalone_exact_mw,503ee55b5ad1b1988379a241a0405811522ee4d50b473755532ad1299cb121e2,"{""distance"":5,""physical_error_rate"":0.0005}","{""detection_events"":1040,""detectors_checked"":458752}"
      8192,         0,         0,   0.196,standalone_exact_mw,cc9149276d16e61a5ac322a1d2048afebd34054fe0ed4879b77eb616628c1148,"{""distance"":5,""physical_error_rate"":0.0001}","{""detection_events"":733,""detectors_checked"":1835008}"
      3072,         0,         0,   0.117,standalone_exact_mw,503ee55b5ad1b1988379a241a0405811522ee4d50b473755532ad1299cb121e2,"{""distance"":5,""physical_error_rate"":0.0005}","{""detection_events"":1537,""detectors_checked"":688128}"
     35840,         0,         0,    1.12,standalone_exact_mw,29ae76c7f86edcd2f56343e8109d8463cbc736644db4e57527101e2f1c3606c8,"{""distance"":5,""physical_error_rate"":0.0002}","{""detection_events"":6931,""detectors_checked"":8028160}"
     19456,         0,         0,   0.567,standalone_exact_mw,cc9149276d16e61a5ac322a1d2048afebd34054fe0ed4879b77eb616628c1148,"{""distance"":5,""physical_error_rate"":0.0001}","{""detection_events"":1872,""detectors_checked"":4358144}"
      4096,         0,         0,   0.149,standalone_exact_mw,503ee55b5ad1b1988379a241a0405811522ee4d50b473755532ad1299cb121e2,"{""distance"":5,""physical_error_rate"":0.0005}","{""detection_events"":1935,""detectors_checked"":917504}"
     10240,         0,         0,   0.392,standalone_exact_mw,503ee55b5ad1b1988379a241a0405811522ee4d50b473755532ad1299cb121e2,"{""distance"":5,""physical_error_rate"":0.0005}","{""detection_events"":4588,""detectors_checked"":2293760}"
     10240,         0,         0,   0.301,standalone_exact_mw,cc9149276d16e61a5ac322a1d2048afebd34054fe0ed4879b77eb616628c1148,"{""distance"":5,""physical_error_rate"":0.0001}","{""detection_events"":1070,""detectors_checked"":2293760}"
      6144,         0,         0,   0.239,standalone_exact_mw,503ee55b5ad1b1988379a241a0405811522ee4d50b473755532ad1299cb121e2,"{""distance"":5,""physical_error_rate"":0.0005}","{""detection_events"":2792,""detectors_checked"":1376256}"
     80896,         0,         0,    2.17,standalone_exact_mw,cc9149276d16e61a5ac322a1d2048afebd34054fe0ed4879b77eb616628c1148,"{""distance"":5,""physical_error_rate"":0.0001}","{""detection_events"":7844,""detectors_checked"":18120704}"
     21504,         0,         0,   0.818,standalone_exact_mw,29ae76c7f86edcd2f56343e8109d8463cbc736644db4e57527101e2f1c3606c8,"{""distance"":5,""physical_error_rate"":0.0002}","{""detection_events"":4008,""detectors_checked"":4816896}"
     14336,         0,         0,   0.838,standalone_exact_mw,29ae76c7f86edcd2f56343e8109d8463cbc736644db4e57527101e2f1c3606c8,"{""distance"":5,""physical_error_rate"":0.0002}","{""detection_events"":2688,""detectors_checked"":3211264}"
       273,         0,         0,   0.005,standalone_exact_mw,503ee55b5ad1b1988379a241a0405811522ee4d50b473755532ad1299cb121e2,"{""distance"":5,""physical_error_rate"":0.0005}","{""detection_events"":136,""detectors_checked"":61152}"
     46080,         0,         0,    1.56,standalone_exact_mw,cc9149276d16e61a5ac322a1d2048afebd34054fe0ed4879b77eb616628c1148,"{""distance"":5,""physical_error_rate"":0.0001}","{""detection_events"":4196,""detectors_checked"":10321920}"
      1024,         0,         0,   0.034,standalone_exact_mw,503ee55b5ad1b1988379a241a0405811522ee4d50b473755532ad1299cb121e2,"{""distance"":5,""physical_error_rate"":0.0005}","{""detection_events"":531,""detectors_checked"":229376}"
      7168,         0,         0,   0.298,standalone_exact_mw,503ee55b5ad1b1988379a241a0405811522ee4d50b473755532ad1299cb121e2,"{""distance"":5,""physical_error_rate"":0.0005}","{""detection_events"":3329,""detectors_checked"":1605632}"
      1024,         0,         0,   0.040,standalone_exact_mw,503ee55b5ad1b1988379a241a0405811522ee4d50b473755532ad1299cb121e2,"{""distance"":5,""physical_error_rate"":0.0005}","{""detection_events"":495,""detectors_checked"":229376}"
     13312,         0,         0,   0.400,standalone_exact_mw,cc9149276d16e61a5ac322a1d2048afebd34054fe0ed4879b77eb616628c1148,"{""distance"":5,""physical_error_rate"":0.0001}","{""detection_events"":1251,""detectors_checked"":2981888}"
      1024,         0,         0,   0.039,standalone_exact_mw,503ee55b5ad1b1988379a241a0405811522ee4d50b473755532ad1299cb121e2,"{""distance"":5,""physical_error_rate"":0.0005}","{""detection_events"":434,""detectors_checked"":229376}"
      2048,         0,         0,   0.058,standalone_exact_mw,503ee55b5ad1b1988379a241a0405811522ee4d50b473755532ad1299cb121e2,"{""distance"":5,""physical_error_rate"":0.0005}","{""detection_events"":848,""detectors_checked"":458752}"
     39936,         0,         0,    1.12,standalone_exact_mw,cc9149276d16e61a5ac322a1d2048afebd34054fe0ed4879b77eb616628c1148,"{""distance"":5,""physical_error_rate"":0.0001}","{""detection_events"":3892,""detectors_checked"":8945664}"
     15360,         0,         0,   0.608,standalone_exact_mw,503ee55b5ad1b1988379a241a0405811522ee4d50b473755532ad1299cb121e2,"{""distance"":5,""physical_error_rate"":0.0005}","{""detection_events"":7057,""detectors_checked"":3440640}"
      2048,         0,         0,   0.072,standalone_exact_mw,503ee55b5ad1b1988379a241a0405811522ee4d50b473755532ad1299cb121e2,"{""distance"":5,""physical_error_rate"":0.0005}","{""detection_events"":968,""detectors_checked"":458752}"
     29696,         0,         0,   0.816,standalone_exact_mw,cc9149276d16e61a5ac322a1d2048afebd34054fe0ed4879b77eb616628c1148,"{""distance"":5,""physical_error_rate"":0.0001}","{""detection_events"":2746,""detectors_checked"":6651904}"
         1,         0,         0,   0.000,standalone_exact_mw,503ee55b5ad1b1988379a241a0405811522ee4d50b473755532ad1299cb121e2,"{""distance"":5,""physical_error_rate"":0.0005}","{""detectors_checked"":224}"
      3072,         0,         0,   0.113,standalone_exact_mw,503ee55b5ad1b1988379a241a0405811522ee4d50b473755532ad1299cb121e2,"{""distance"":5,""physical_error_rate"":0.0005}","{""detection_events"":1404,""detectors_checked"":688128}"
      1296,         0,         0,   0.064,standalone_exact_mw,503ee55b5ad1b1988379a241a0405811522ee4d50b473755532ad1299cb121e2,"{""distance"":5,""physical_error_rate"":0.0005}","{""detection_events"":616,""detectors_checked"":290304}"
     11264,         0,         0,   0.410,standalone_exact_mw,503ee55b5ad1b1988379a241a0405811522ee4d50b473755532ad1299cb121e2,"{""distance"":5,""physical_error_rate"":0.0005}","{""detection_events"":5380,""detectors_checked"":2523136}"
      1024,         0,         0,   0.056,standalone_exact_mw,503ee55b5ad1b1988379a241a0405811522ee4d50b473755532ad1299cb121e2,"{""distance"":5,""physical_error_rate"":0.0005}","{""detection_events"":555,""detectors_checked"":229376}"
      3072,         0,         0,   0.115,standalone_exact_mw,503ee55b5ad1b1988379a241a0405811522ee4d50b473755532ad1299cb121e2,"{""distance"":5,""physical_error_rate"":0.0005}","{""detection_events"":1311,""detectors_checked"":688128}"
      1024,         0,         0,   0.027,standalone_exact_mw,503ee55b5ad1b1988379a241a0405811522ee4d50b473755532ad1299cb121e2,"{""distance"":5,""physical_error_rate"":0.0005}","{""detection_events"":440,""detectors_checked"":229376}"
      1024,         0,         0,   0.055,standalone_exact_mw,503ee55b5ad1b1988379a241a0405811522ee4d50b473755532ad1299cb121e2,"{""distance"":5,""physical_error_rate"":0.0005}","{""detection_events"":498,""detectors_checked"":229376}"
      1024,         0,         0,   0.054,standalone_exact_mw,503ee55b5ad1b1988379a241a0405811522ee4d50b473755532ad1299cb121e2,"{""distance"":5,""physical_error_rate"":0.0005}","{""detection_events"":459,""detectors_checked"":229376}"
     20480,         0,         0,   0.567,standalone_exact_mw,cc9149276d16e61a5ac322a1d2048afebd34054fe0ed4879b77eb616628c1148,"{""distance"":5,""physical_error_rate"":0.0001}","{""detection_events"":2120,""detectors_checked"":4587520}"
      5120,         0,         0,   0.169,standalone_exact_mw,503ee55b5ad1b1988379a241a0405811522ee4d50b473755532ad1299cb121e2,"{""distance"":5,""physical_error_rate"":0.0005}","{""detection_events"":2435,""detectors_checked"":1146880}"
      2048,         0,         0,   0.109,standalone_exact_mw,503ee55b5ad1b1988379a241a0405811522ee4d50b473755532ad1299cb121e2,"{""distance"":5,""physical_error_rate"":0.0005}","{""detection_events"":961,""detectors_checked"":458752}"
     50176,         0,         0,    1.54,standalone_exact_mw,29ae76c7f86edcd2f56343e8109d8463cbc736644db4e57527101e2f1c3606c8,"{""distance"":5,""physical_error_rate"":0.0002}","{""detection_events"":9137,""detectors_checked"":11239424}"
      1297,         0,         0,   0.034,standalone_exact_mw,29ae76c7f86edcd2f56343e8109d8463cbc736644db4e57527101e2f1c3606c8,"{""distance"":5,""physical_error_rate"":0.0002}","{""detection_events"":232,""detectors_checked"":290528}"
      6144,         0,         0,   0.217,standalone_exact_mw,503ee55b5ad1b1988379a241a0405811522ee4d50b473755532ad1299cb121e2,"{""distance"":5,""physical_error_rate"":0.0005}","{""detection_events"":2743,""detectors_checked"":1376256}"
      3072,         0,         0,   0.136,standalone_exact_mw,503ee55b5ad1b1988379a241a0405811522ee4d50b473755532ad1299cb121e2,"{""distance"":5,""physical_error_rate"":0.0005}","{""detection_events"":1494,""detectors_checked"":688128}"
      1024,         0,         0,   0.031,standalone_exact_mw,29ae76c7f86edcd2f56343e8109d8463cbc736644db4e57527101e2f1c3606c8,"{""distance"":5,""physical_error_rate"":0.0002}","{""detection_events"":206,""detectors_checked"":229376}"
      1024,         0,         0,   0.031,standalone_exact_mw,29ae76c7f86edcd2f56343e8109d8463cbc736644db4e57527101e2f1c3606c8,"{""distance"":5,""physical_error_rate"":0.0002}","{""detection_events"":214,""detectors_checked"":229376}"
      1024,         0,         0,   0.047,standalone_exact_mw,29ae76c7f86edcd2f56343e8109d8463cbc736644db4e57527101e2f1c3606c8,"{""distance"":5,""physical_error_rate"":0.0002}","{""detection_events"":177,""detectors_checked"":229376}"
     50176,         0,         0,    1.56,standalone_exact_mw,29ae76c7f86edcd2f56343e8109d8463cbc736644db4e57527101e2f1c3606c8,"{""distance"":5,""physical_error_rate"":0.0002}","{""detection_events"":9209,""detectors_checked"":11239424}"
     28672,         0,         0,    1.12,standalone_exact_mw,29ae76c7f86edcd2f56343e8109d8463cbc736644db4e57527101e2f1c3606c8,"{""distance"":5,""physical_error_rate"":0.0002}","{""detection_events"":5247,""detectors_checked"":6422528}"
      3072,         0,         0,   0.143,standalone_exact_mw,503ee55b5ad1b1988379a241a0405811522ee4d50b473755532ad1299cb121e2,"{""distance"":5,""physical_error_rate"":0.0005}","{""detection_events"":1468,""detectors_checked"":688128}"
     14336,         0,         0,   0.564,standalone_exact_mw,503ee55b5ad1b1988379a241a0405811522ee4d50b473755532ad1299cb121e2,"{""distance"":5,""physical_error_rate"":0.0005}","{""detection_events"":6703,""detectors_checked"":3211264}"
      2048,         0,         0,   0.055,standalone_exact_mw,29ae76c7f86edcd2f56343e8109d8463cbc736644db4e57527101e2f1c3606c8,"{""distance"":5,""physical_error_rate"":0.0002}","{""detection_events"":375,""detectors_checked"":458752}"
     21504,         0,         0,   0.816,standalone_exact_mw,503ee55b5ad1b1988379a241a0405811522ee4d50b473755532ad1299cb121e2,"{""distance"":5,""physical_error_rate"":0.0005}","{""detection_events"":10020,""detectors_checked"":4816896}"
     19456,         0,         0,    1.14,standalone_exact_mw,29ae76c7f86edcd2f56343e8109d8463cbc736644db4e57527101e2f1c3606c8,"{""distance"":5,""physical_error_rate"":0.0002}","{""detection_events"":3520,""detectors_checked"":4358144}"
      3072,         0,         0,   0.076,standalone_exact_mw,29ae76c7f86edcd2f56343e8109d8463cbc736644db4e57527101e2f1c3606c8,"{""distance"":5,""physical_error_rate"":0.0002}","{""detection_events"":542,""detectors_checked"":688128}"
      8192,         0,         0,   0.295,standalone_exact_mw,503ee55b5ad1b1988379a241a0405811522ee4d50b473755532ad1299cb121e2,"{""distance"":5,""physical_error_rate"":0.0005}","{""detection_events"":3765,""detectors_checked"":1835008}"
      3072,         0,         0,   0.084,standalone_exact_mw,29ae76c7f86edcd2f56343e8109d8463cbc736644db4e57527101e2f1c3606c8,"{""distance"":5,""physical_error_rate"":0.0002}","{""detection_events"":620,""detectors_checked"":688128}"
      5120,         0,         0,   0.251,standalone_exact_mw,503ee55b5ad1b1988379a241a0405811522ee4d50b473755532ad1299cb121e2,"{""distance"":5,""physical_error_rate"":0.0005}","{""detection_events"":2213,""detectors_checked"":1146880}"
      3072,         0,         0,   0.106,standalone_exact_mw,29ae76c7f86edcd2f56343e8109d8463cbc736644db4e57527101e2f1c3606c8,"{""distance"":5,""physical_error_rate"":0.0002}","{""detection_events"":583,""detectors_checked"":688128}"
     41984,         0,         0,    1.14,standalone_exact_mw,cc9149276d16e61a5ac322a1d2048afebd34054fe0ed4879b77eb616628c1148,"{""distance"":5,""physical_error_rate"":0.0001}","{""detection_events"":3957,""detectors_checked"":9404416}"
     30720,         0,         0,   0.815,standalone_exact_mw,cc9149276d16e61a5ac322a1d2048afebd34054fe0ed4879b77eb616628c1148,"{""distance"":5,""physical_error_rate"":0.0001}","{""detection_events"":2860,""detectors_checked"":6881280}"
      5120,         0,         0,   0.157,standalone_exact_mw,29ae76c7f86edcd2f56343e8109d8463cbc736644db4e57527101e2f1c3606c8,"{""distance"":5,""physical_error_rate"":0.0002}","{""detection_events"":971,""detectors_checked"":1146880}"
     11264,         0,         0,   0.411,standalone_exact_mw,503ee55b5ad1b1988379a241a0405811522ee4d50b473755532ad1299cb121e2,"{""distance"":5,""physical_error_rate"":0.0005}","{""detection_events"":5117,""detectors_checked"":2523136}"
      7168,         0,         0,   0.339,standalone_exact_mw,503ee55b5ad1b1988379a241a0405811522ee4d50b473755532ad1299cb121e2,"{""distance"":5,""physical_error_rate"":0.0005}","{""detection_events"":3304,""detectors_checked"":1605632}"
      8192,         0,         0,   0.222,standalone_exact_mw,29ae76c7f86edcd2f56343e8109d8463cbc736644db4e57527101e2f1c3606c8,"{""distance"":5,""physical_error_rate"":0.0002}","{""detection_events"":1593,""detectors_checked"":1835008}"
       273,         0,         0,   0.004,standalone_exact_mw,503ee55b5ad1b1988379a241a0405811522ee4d50b473755532ad1299cb121e2,"{""distance"":5,""physical_error_rate"":0.0005}","{""detection_events"":108,""detectors_checked"":61152}"
     54272,         0,         0,    1.56,standalone_exact_mw,cc9149276d16e61a5ac322a1d2048afebd34054fe0ed4879b77eb616628c1148,"{""distance"":5,""physical_error_rate"":0.0001}","{""detection_events"":5311,""detectors_checked"":12156928}"
      1024,         0,         0,   0.053,standalone_exact_mw,503ee55b5ad1b1988379a241a0405811522ee4d50b473755532ad1299cb121e2,"{""distance"":5,""physical_error_rate"":0.0005}","{""detection_events"":505,""detectors_checked"":229376}"
     20480,         0,         0,   0.797,standalone_exact_mw,503ee55b5ad1b1988379a241a0405811522ee4d50b473755532ad1299cb121e2,"{""distance"":5,""physical_error_rate"":0.0005}","{""detection_events"":9873,""detectors_checked"":4587520}"
      1024,         0,         0,   0.041,standalone_exact_mw,503ee55b5ad1b1988379a241a0405811522ee4d50b473755532ad1299cb121e2,"{""distance"":5,""physical_error_rate"":0.0005}","{""detection_events"":479,""detectors_checked"":229376}"
      1024,         0,         0,   0.055,standalone_exact_mw,503ee55b5ad1b1988379a241a0405811522ee4d50b473755532ad1299cb121e2,"{""distance"":5,""physical_error_rate"":0.0005}","{""detection_events"":474,""detectors_checked"":229376}"
      1024,         0,         0,   0.058,standalone_exact_mw,503ee55b5ad1b1988379a241a0405811522ee4d50b473755532ad1299cb121e2,"{""distance"":5,""physical_error_rate"":0.0005}","{""detection_events"":457,""detectors_checked"":229376}"
     10240,         0,         0,   0.273,standalone_exact_mw,29ae76c7f86edcd2f56343e8109d8463cbc736644db4e57527101e2f1c3606c8,"{""distance"":5,""physical_error_rate"":0.0002}","{""detection_events"":1999,""detectors_checked"":2293760}"
      8192,         0,         0,   0.413,standalone_exact_mw,503ee55b5ad1b1988379a241a0405811522ee4d50b473755532ad1299cb121e2,"{""distance"":5,""physical_error_rate"":0.0005}","{""detection_events"":3947,""detectors_checked"":1835008}"
      2048,         0,         0,   0.080,standalone_exact_mw,503ee55b5ad1b1988379a241a0405811522ee4d50b473755532ad1299cb121e2,"{""distance"":5,""physical_error_rate"":0.0005}","{""detection_events"":1015,""detectors_checked"":458752}"
     27648,         0,         0,    1.10,standalone_exact_mw,503ee55b5ad1b1988379a241a0405811522ee4d50b473755532ad1299cb121e2,"{""distance"":5,""physical_error_rate"":0.0005}","{""detection_events"":13052,""detectors_checked"":6193152}"
     73728,         0,         0,    2.13,standalone_exact_mw,cc9149276d16e61a5ac322a1d2048afebd34054fe0ed4879b77eb616628c1148,"{""distance"":5,""physical_error_rate"":0.0001}","{""detection_events"":7047,""detectors_checked"":16515072}"
      3072,         0,         0,   0.117,standalone_exact_mw,503ee55b5ad1b1988379a241a0405811522ee4d50b473755532ad1299cb121e2,"{""distance"":5,""physical_error_rate"":0.0005}","{""detection_events"":1427,""detectors_checked"":688128}"
     14336,         0,         0,   0.596,standalone_exact_mw,503ee55b5ad1b1988379a241a0405811522ee4d50b473755532ad1299cb121e2,"{""distance"":5,""physical_error_rate"":0.0005}","{""detection_events"":6831,""detectors_checked"":3211264}"
      3072,         0,         0,   0.142,standalone_exact_mw,503ee55b5ad1b1988379a241a0405811522ee4d50b473755532ad1299cb121e2,"{""distance"":5,""physical_error_rate"":0.0005}","{""detection_events"":1323,""detectors_checked"":688128}"
     14336,         0,         0,   0.424,standalone_exact_mw,29ae76c7f86edcd2f56343e8109d8463cbc736644db4e57527101e2f1c3606c8,"{""distance"":5,""physical_error_rate"":0.0002}","{""detection_events"":2537,""detectors_checked"":3211264}"
      4096,         0,         0,   0.198,standalone_exact_mw,503ee55b5ad1b1988379a241a0405811522ee4d50b473755532ad1299cb121e2,"{""distance"":5,""physical_error_rate"":0.0005}","{""detection_events"":1956,""detectors_checked"":917504}"
     43008,         0,         0,    1.10,standalone_exact_mw,cc9149276d16e61a5ac322a1d2048afebd34054fe0ed4879b77eb616628c1148,"{""distance"":5,""physical_error_rate"":0.0001}","{""detection_events"":3898,""detectors_checked"":9633792}"
     48128,         0,         0,    1.56,standalone_exact_mw,29ae76c7f86edcd2f56343e8109d8463cbc736644db4e57527101e2f1c3606c8,"{""distance"":5,""physical_error_rate"":0.0002}","{""detection_events"":8973,""detectors_checked"":10780672}"
     11264,         0,         0,   0.568,standalone_exact_mw,503ee55b5ad1b1988379a241a0405811522ee4d50b473755532ad1299cb121e2,"{""distance"":5,""physical_error_rate"":0.0005}","{""detection_events"":5255,""detectors_checked"":2523136}"
     26624,         0,         0,    1.56,standalone_exact_mw,29ae76c7f86edcd2f56343e8109d8463cbc736644db4e57527101e2f1c3606c8,"{""distance"":5,""physical_error_rate"":0.0002}","{""detection_events"":4936,""detectors_checked"":5963776}"
      5120,         0,         0,   0.243,standalone_exact_mw,503ee55b5ad1b1988379a241a0405811522ee4d50b473755532ad1299cb121e2,"{""distance"":5,""physical_error_rate"":0.0005}","{""detection_events"":2339,""detectors_checked"":1146880}"
     71680,         0,         0,    2.19,standalone_exact_mw,29ae76c7f86edcd2f56343e8109d8463cbc736644db4e57527101e2f1c3606c8,"{""distance"":5,""physical_error_rate"":0.0002}","{""detection_events"":13690,""detectors_checked"":16056320}"
    112640,         0,         0,    3.05,standalone_exact_mw,cc9149276d16e61a5ac322a1d2048afebd34054fe0ed4879b77eb616628c1148,"{""distance"":5,""physical_error_rate"":0.0001}","{""detection_events"":10445,""detectors_checked"":25231360}"
     25600,         0,         0,    1.11,standalone_exact_mw,503ee55b5ad1b1988379a241a0405811522ee4d50b473755532ad1299cb121e2,"{""distance"":5,""physical_error_rate"":0.0005}","{""detection_events"":11955,""detectors_checked"":5734400}"
     57344,         0,         0,    1.57,standalone_exact_mw,cc9149276d16e61a5ac322a1d2048afebd34054fe0ed4879b77eb616628c1148,"{""distance"":5,""physical_error_rate"":0.0001}","{""detection_events"":5258,""detectors_checked"":12845056}"
     20480,         0,         0,   0.572,standalone_exact_mw,29ae76c7f86edcd2f56343e8109d8463cbc736644db4e57527101e2f1c3606c8,"{""distance"":5,""physical_error_rate"":0.0002}","{""detection_events"":3806,""detectors_checked"":4587520}"
     18432,         0,         0,   0.830,standalone_exact_mw,503ee55b5ad1b1988379a241a0405811522ee4d50b473755532ad1299cb121e2,"{""distance"":5,""physical_error_rate"":0.0005}","{""detection_events"":8655,""detectors_checked"":4128768}"
      8192,         0,         0,   0.301,standalone_exact_mw,503ee55b5ad1b1988379a241a0405811522ee4d50b473755532ad1299cb121e2,"{""distance"":5,""physical_error_rate"":0.0005}","{""detection_events"":3898,""detectors_checked"":1835008}"
    102400,         0,         0,    2.18,standalone_exact_mw,29ae76c7f86edcd2f56343e8109d8463cbc736644db4e57527101e2f1c3606c8,"{""distance"":5,""physical_error_rate"":0.0002}","{""detection_events"":18874,""detectors_checked"":22937600}"
       273,         0,         0,   0.017,standalone_exact_mw,503ee55b5ad1b1988379a241a0405811522ee4d50b473755532ad1299cb121e2,"{""distance"":5,""physical_error_rate"":0.0005}","{""detection_events"":110,""detectors_checked"":61152}"
     20480,         0,         0,   0.806,standalone_exact_mw,503ee55b5ad1b1988379a241a0405811522ee4d50b473755532ad1299cb121e2,"{""distance"":5,""physical_error_rate"":0.0005}","{""detection_events"":9217,""detectors_checked"":4587520}"
      1024,         0,         0,   0.033,standalone_exact_mw,503ee55b5ad1b1988379a241a0405811522ee4d50b473755532ad1299cb121e2,"{""distance"":5,""physical_error_rate"":0.0005}","{""detection_events"":555,""detectors_checked"":229376}"
      1024,         0,         0,   0.031,standalone_exact_mw,503ee55b5ad1b1988379a241a0405811522ee4d50b473755532ad1299cb121e2,"{""distance"":5,""physical_error_rate"":0.0005}","{""detection_events"":484,""detectors_checked"":229376}"
      1024,         0,         0,   0.031,standalone_exact_mw,503ee55b5ad1b1988379a241a0405811522ee4d50b473755532ad1299cb121e2,"{""distance"":5,""physical_error_rate"":0.0005}","{""detection_events"":449,""detectors_checked"":229376}"
     11264,         0,         0,   0.445,standalone_exact_mw,503ee55b5ad1b1988379a241a0405811522ee4d50b473755532ad1299cb121e2,"{""distance"":5,""physical_error_rate"":0.0005}","{""detection_events"":5150,""detectors_checked"":2523136}"
      1024,         0,         0,   0.028,standalone_exact_mw,503ee55b5ad1b1988379a241a0405811522ee4d50b473755532ad1299cb121e2,"{""distance"":5,""physical_error_rate"":0.0005}","{""detection_events"":452,""detectors_checked"":229376}"
      2048,         0,         0,   0.084,standalone_exact_mw,503ee55b5ad1b1988379a241a0405811522ee4d50b473755532ad1299cb121e2,"{""distance"":5,""physical_error_rate"":0.0005}","{""detection_events"":886,""detectors_checked"":458752}"
      3072,         0,         0,   0.063,standalone_exact_mw,503ee55b5ad1b1988379a241a0405811522ee4d50b473755532ad1299cb121e2,"{""distance"":5,""physical_error_rate"":0.0005}","{""detection_events"":1313,""detectors_checked"":688128}"
     31744,         0,         0,    1.58,standalone_exact_mw,503ee55b5ad1b1988379a241a0405811522ee4d50b473755532ad1299cb121e2,"{""distance"":5,""physical_error_rate"":0.0005}","{""detection_events"":15079,""detectors_checked"":7110656}"
     27648,         0,         0,   0.795,standalone_exact_mw,29ae76c7f86edcd2f56343e8109d8463cbc736644db4e57527101e2f1c3606c8,"{""distance"":5,""physical_error_rate"":0.0002}","{""detection_events"":5263,""detectors_checked"":6193152}"
      5120,         0,         0,   0.113,standalone_exact_mw,503ee55b5ad1b1988379a241a0405811522ee4d50b473755532ad1299cb121e2,"{""distance"":5,""physical_error_rate"":0.0005}","{""detection_events"":2213,""detectors_checked"":1146880}"
     80896,         0,         0,    2.20,standalone_exact_mw,cc9149276d16e61a5ac322a1d2048afebd34054fe0ed4879b77eb616628c1148,"{""distance"":5,""physical_error_rate"":0.0001}","{""detection_events"":7768,""detectors_checked"":18120704}"
      4096,         0,         0,   0.167,standalone_exact_mw,503ee55b5ad1b1988379a241a0405811522ee4d50b473755532ad1299cb121e2,"{""distance"":5,""physical_error_rate"":0.0005}","{""detection_events"":1875,""detectors_checked"":917504}"
     14336,         0,         0,   0.577,standalone_exact_mw,503ee55b5ad1b1988379a241a0405811522ee4d50b473755532ad1299cb121e2,"{""distance"":5,""physical_error_rate"":0.0005}","{""detection_events"":6686,""detectors_checked"":3211264}"
     59392,         0,         0,    1.57,standalone_exact_mw,cc9149276d16e61a5ac322a1d2048afebd34054fe0ed4879b77eb616628c1148,"{""distance"":5,""physical_error_rate"":0.0001}","{""detection_events"":5719,""detectors_checked"":13303808}"
     29696,         0,         0,    1.14,standalone_exact_mw,503ee55b5ad1b1988379a241a0405811522ee4d50b473755532ad1299cb121e2,"{""distance"":5,""physical_error_rate"":0.0005}","{""detection_events"":14009,""detectors_checked"":6651904}"
      9216,         0,         0,   0.213,standalone_exact_mw,503ee55b5ad1b1988379a241a0405811522ee4d50b473755532ad1299cb121e2,"{""distance"":5,""physical_error_rate"":0.0005}","{""detection_events"":4229,""detectors_checked"":2064384}"
     40960,         0,         0,    1.57,standalone_exact_mw,503ee55b5ad1b1988379a241a0405811522ee4d50b473755532ad1299cb121e2,"{""distance"":5,""physical_error_rate"":0.0005}","{""detection_events"":19035,""detectors_checked"":9175040}"
     28672,         0,         0,    1.11,standalone_exact_mw,503ee55b5ad1b1988379a241a0405811522ee4d50b473755532ad1299cb121e2,"{""distance"":5,""physical_error_rate"":0.0005}","{""detection_events"":13287,""detectors_checked"":6422528}"
      7168,         0,         0,   0.314,standalone_exact_mw,503ee55b5ad1b1988379a241a0405811522ee4d50b473755532ad1299cb121e2,"{""distance"":5,""physical_error_rate"":0.0005}","{""detection_events"":3287,""detectors_checked"":1605632}"
   3600384,         0,         0,   119.2,standalone_exact_mw,29ae76c7f86edcd2f56343e8109d8463cbc736644db4e57527101e2f1c3606c8,"{""distance"":5,""physical_error_rate"":0.0002}","{""detection_events"":671285,""detectors_checked"":806486016}"
     74752,         0,         0,    2.20,standalone_exact_mw,29ae76c7f86edcd2f56343e8109d8463cbc736644db4e57527101e2f1c3606c8,"{""distance"":5,""physical_error_rate"":0.0002}","{""detection_events"":13886,""detectors_checked"":16744448}"
     37888,         0,         0,    2.22,standalone_exact_mw,29ae76c7f86edcd2f56343e8109d8463cbc736644db4e57527101e2f1c3606c8,"{""distance"":5,""physical_error_rate"":0.0002}","{""detection_events"":7109,""detectors_checked"":8486912}"
     19456,         0,         0,   0.805,standalone_exact_mw,503ee55b5ad1b1988379a241a0405811522ee4d50b473755532ad1299cb121e2,"{""distance"":5,""physical_error_rate"":0.0005}","{""detection_events"":9129,""detectors_checked"":4358144}"
     37888,         0,         0,    1.10,standalone_exact_mw,29ae76c7f86edcd2f56343e8109d8463cbc736644db4e57527101e2f1c3606c8,"{""distance"":5,""physical_error_rate"":0.0002}","{""detection_events"":7104,""detectors_checked"":8486912}"
     10240,         0,         0,   0.417,standalone_exact_mw,503ee55b5ad1b1988379a241a0405811522ee4d50b473755532ad1299cb121e2,"{""distance"":5,""physical_error_rate"":0.0005}","{""detection_events"":4691,""detectors_checked"":2293760}"
   3576832,         0,         0,   119.4,standalone_exact_mw,29ae76c7f86edcd2f56343e8109d8463cbc736644db4e57527101e2f1c3606c8,"{""distance"":5,""physical_error_rate"":0.0002}","{""detection_events"":667081,""detectors_checked"":801210368}"
     64512,         0,         0,    2.18,standalone_exact_mw,cc9149276d16e61a5ac322a1d2048afebd34054fe0ed4879b77eb616628c1148,"{""distance"":5,""physical_error_rate"":0.0001}","{""detection_events"":5748,""detectors_checked"":14450688}"
    116736,         0,         0,    3.03,standalone_exact_mw,cc9149276d16e61a5ac322a1d2048afebd34054fe0ed4879b77eb616628c1148,"{""distance"":5,""physical_error_rate"":0.0001}","{""detection_events"":10864,""detectors_checked"":26148864}"
   3701760,         0,         0,   119.2,standalone_exact_mw,cc9149276d16e61a5ac322a1d2048afebd34054fe0ed4879b77eb616628c1148,"{""distance"":5,""physical_error_rate"":0.0001}","{""detection_events"":346747,""detectors_checked"":829194240}"
     15360,         0,         0,   0.588,standalone_exact_mw,503ee55b5ad1b1988379a241a0405811522ee4d50b473755532ad1299cb121e2,"{""distance"":5,""physical_error_rate"":0.0005}","{""detection_events"":7281,""detectors_checked"":3440640}"
     39936,         0,         0,    1.51,standalone_exact_mw,503ee55b5ad1b1988379a241a0405811522ee4d50b473755532ad1299cb121e2,"{""distance"":5,""physical_error_rate"":0.0005}","{""detection_events"":18832,""detectors_checked"":8945664}"
     62464,         0,         0,    2.22,standalone_exact_mw,503ee55b5ad1b1988379a241a0405811522ee4d50b473755532ad1299cb121e2,"{""distance"":5,""physical_error_rate"":0.0005}","{""detection_events"":29155,""detectors_checked"":13991936}"
    102400,         0,         0,    3.00,standalone_exact_mw,29ae76c7f86edcd2f56343e8109d8463cbc736644db4e57527101e2f1c3606c8,"{""distance"":5,""physical_error_rate"":0.0002}","{""detection_events"":18958,""detectors_checked"":22937600}"
     28672,         0,         0,    1.14,standalone_exact_mw,503ee55b5ad1b1988379a241a0405811522ee4d50b473755532ad1299cb121e2,"{""distance"":5,""physical_error_rate"":0.0005}","{""detection_events"":13242,""detectors_checked"":6422528}"
   2356224,         1,         0,   119.2,standalone_exact_mw,503ee55b5ad1b1988379a241a0405811522ee4d50b473755532ad1299cb121e2,"{""distance"":5,""physical_error_rate"":0.0005}","{""detection_events"":1095503,""detectors_checked"":527794176,""obs_mistake_mask=E"":1}"
     41984,         0,         0,    1.55,standalone_exact_mw,503ee55b5ad1b1988379a241a0405811522ee4d50b473755532ad1299cb121e2,"{""distance"":5,""physical_error_rate"":0.0005}","{""detection_events"":19634,""detectors_checked"":9404416}"
    110592,         0,         0,    3.05,standalone_exact_mw,29ae76c7f86edcd2f56343e8109d8463cbc736644db4e57527101e2f1c3606c8,"{""distance"":5,""physical_error_rate"":0.0002}","{""detection_events"":20760,""detectors_checked"":24772608}"
     80896,         0,         0,    2.16,standalone_exact_mw,cc9149276d16e61a5ac322a1d2048afebd34054fe0ed4879b77eb616628c1148,"{""distance"":5,""physical_error_rate"":0.0001}","{""detection_events"":7470,""detectors_checked"":18120704}"
     21504,         0,         0,   0.796,standalone_exact_mw,503ee55b5ad1b1988379a241a0405811522ee4d50b473755532ad1299cb121e2,"{""distance"":5,""physical_error_rate"":0.0005}","{""detection_events"":9977,""detectors_checked"":4816896}"
     53248,         0,         0,    1.58,standalone_exact_mw,29ae76c7f86edcd2f56343e8109d8463cbc736644db4e57527101e2f1c3606c8,"{""distance"":5,""physical_error_rate"":0.0002}","{""detection_events"":9906,""detectors_checked"":11927552}"
     56320,         0,         0,    2.19,standalone_exact_mw,503ee55b5ad1b1988379a241a0405811522ee4d50b473755532ad1299cb121e2,"{""distance"":5,""physical_error_rate"":0.0005}","{""detection_events"":25781,""detectors_checked"":12615680}"
    115712,         0,         0,    3.04,standalone_exact_mw,cc9149276d16e61a5ac322a1d2048afebd34054fe0ed4879b77eb616628c1148,"{""distance"":5,""physical_error_rate"":0.0001}","{""detection_events"":10486,""detectors_checked"":25919488}"
    159744,         0,         0,    4.25,standalone_exact_mw,cc9149276d16e61a5ac322a1d2048afebd34054fe0ed4879b77eb616628c1148,"{""distance"":5,""physical_error_rate"":0.0001}","{""detection_events"":14977,""detectors_checked"":35782656}"
     27648,         0,         0,    1.11,standalone_exact_mw,503ee55b5ad1b1988379a241a0405811522ee4d50b473755532ad1299cb121e2,"{""distance"":5,""physical_error_rate"":0.0005}","{""detection_events"":13000,""detectors_checked"":6193152}"
     39936,         0,         0,    1.59,standalone_exact_mw,503ee55b5ad1b1988379a241a0405811522ee4d50b473755532ad1299cb121e2,"{""distance"":5,""physical_error_rate"":0.0005}","{""detection_events"":18397,""detectors_checked"":8945664}"
    104448,         0,         0,    3.02,standalone_exact_mw,29ae76c7f86edcd2f56343e8109d8463cbc736644db4e57527101e2f1c3606c8,"{""distance"":5,""physical_error_rate"":0.0002}","{""detection_events"":19405,""detectors_checked"":23396352}"
     54272,         0,         0,    3.05,standalone_exact_mw,29ae76c7f86edcd2f56343e8109d8463cbc736644db4e57527101e2f1c3606c8,"{""distance"":5,""physical_error_rate"":0.0002}","{""detection_events"":9760,""detectors_checked"":12156928}"
     58368,         0,         0,    2.19,standalone_exact_mw,503ee55b5ad1b1988379a241a0405811522ee4d50b473755532ad1299cb121e2,"{""distance"":5,""physical_error_rate"":0.0005}","{""detection_events"":27498,""detectors_checked"":13074432}"
   2769920,         1,         0,   119.4,standalone_exact_mw,503ee55b5ad1b1988379a241a0405811522ee4d50b473755532ad1299cb121e2,"{""distance"":5,""physical_error_rate"":0.0005}","{""detection_events"":1288496,""detectors_checked"":620462080,""obs_mistake_mask=E"":1}"
    117760,         0,         0,    3.02,standalone_exact_mw,cc9149276d16e61a5ac322a1d2048afebd34054fe0ed4879b77eb616628c1148,"{""distance"":5,""physical_error_rate"":0.0001}","{""detection_events"":11086,""detectors_checked"":26378240}"
     57344,         0,         0,    2.19,standalone_exact_mw,503ee55b5ad1b1988379a241a0405811522ee4d50b473755532ad1299cb121e2,"{""distance"":5,""physical_error_rate"":0.0005}","{""detection_events"":26807,""detectors_checked"":12845056}"
     74752,         0,         0,    2.17,standalone_exact_mw,29ae76c7f86edcd2f56343e8109d8463cbc736644db4e57527101e2f1c3606c8,"{""distance"":5,""physical_error_rate"":0.0002}","{""detection_events"":13870,""detectors_checked"":16744448}"
     77824,         0,         0,    3.05,standalone_exact_mw,503ee55b5ad1b1988379a241a0405811522ee4d50b473755532ad1299cb121e2,"{""distance"":5,""physical_error_rate"":0.0005}","{""detection_events"":35984,""detectors_checked"":17432576}"
     40960,         0,         0,    1.57,standalone_exact_mw,503ee55b5ad1b1988379a241a0405811522ee4d50b473755532ad1299cb121e2,"{""distance"":5,""physical_error_rate"":0.0005}","{""detection_events"":18854,""detectors_checked"":9175040}"
   3326976,         0,         0,   119.5,standalone_exact_mw,29ae76c7f86edcd2f56343e8109d8463cbc736644db4e57527101e2f1c3606c8,"{""distance"":5,""physical_error_rate"":0.0002}","{""detection_events"":619657,""detectors_checked"":745242624}"
    110592,         0,         0,    3.04,standalone_exact_mw,cc9149276d16e61a5ac322a1d2048afebd34054fe0ed4879b77eb616628c1148,"{""distance"":5,""physical_error_rate"":0.0001}","{""detection_events"":10198,""detectors_checked"":24772608}"
    163840,         0,         0,    4.27,standalone_exact_mw,cc9149276d16e61a5ac322a1d2048afebd34054fe0ed4879b77eb616628c1148,"{""distance"":5,""physical_error_rate"":0.0001}","{""detection_events"":15261,""detectors_checked"":36700160}"
     78848,         0,         0,    3.07,standalone_exact_mw,503ee55b5ad1b1988379a241a0405811522ee4d50b473755532ad1299cb121e2,"{""distance"":5,""physical_error_rate"":0.0005}","{""detection_events"":36758,""detectors_checked"":17661952}"
     56320,         0,         0,    2.20,standalone_exact_mw,503ee55b5ad1b1988379a241a0405811522ee4d50b473755532ad1299cb121e2,"{""distance"":5,""physical_error_rate"":0.0005}","{""detection_events"":26484,""detectors_checked"":12615680}"
    148480,         0,         0,    4.19,standalone_exact_mw,29ae76c7f86edcd2f56343e8109d8463cbc736644db4e57527101e2f1c3606c8,"{""distance"":5,""physical_error_rate"":0.0002}","{""detection_events"":27729,""detectors_checked"":33259520}"
   3016704,         0,         0,   119.5,standalone_exact_mw,29ae76c7f86edcd2f56343e8109d8463cbc736644db4e57527101e2f1c3606c8,"{""distance"":5,""physical_error_rate"":0.0002}","{""detection_events"":563179,""detectors_checked"":675741696}"
    146432,         0,         0,    4.26,standalone_exact_mw,29ae76c7f86edcd2f56343e8109d8463cbc736644db4e57527101e2f1c3606c8,"{""distance"":5,""physical_error_rate"":0.0002}","{""detection_events"":27605,""detectors_checked"":32800768}"
     80896,         0,         0,    3.03,standalone_exact_mw,503ee55b5ad1b1988379a241a0405811522ee4d50b473755532ad1299cb121e2,"{""distance"":5,""physical_error_rate"":0.0005}","{""detection_events"":38136,""detectors_checked"":18120704}"
     58368,         0,         0,    2.18,standalone_exact_mw,503ee55b5ad1b1988379a241a0405811522ee4d50b473755532ad1299cb121e2,"{""distance"":5,""physical_error_rate"":0.0005}","{""detection_events"":27394,""detectors_checked"":13074432}"
    161792,         0,         0,    4.18,standalone_exact_mw,cc9149276d16e61a5ac322a1d2048afebd34054fe0ed4879b77eb616628c1148,"{""distance"":5,""physical_error_rate"":0.0001}","{""detection_events"":15415,""detectors_checked"":36241408}"
     81920,         0,         0,    3.07,standalone_exact_mw,503ee55b5ad1b1988379a241a0405811522ee4d50b473755532ad1299cb121e2,"{""distance"":5,""physical_error_rate"":0.0005}","{""detection_events"":37195,""detectors_checked"":18350080}"
    105472,         0,         0,    3.05,standalone_exact_mw,29ae76c7f86edcd2f56343e8109d8463cbc736644db4e57527101e2f1c3606c8,"{""distance"":5,""physical_error_rate"":0.0002}","{""detection_events"":19251,""detectors_checked"":23625728}"
    144384,         0,         0,    4.21,standalone_exact_mw,29ae76c7f86edcd2f56343e8109d8463cbc736644db4e57527101e2f1c3606c8,"{""distance"":5,""physical_error_rate"":0.0002}","{""detection_events"":27271,""detectors_checked"":32342016}"
    102400,         0,         0,    4.25,standalone_exact_mw,29ae76c7f86edcd2f56343e8109d8463cbc736644db4e57527101e2f1c3606c8,"{""distance"":5,""physical_error_rate"":0.0002}","{""detection_events"":19600,""detectors_checked"":22937600}"
   4214784,         0,         0,   119.5,standalone_exact_mw,cc9149276d16e61a5ac322a1d2048afebd34054fe0ed4879b77eb616628c1148,"{""distance"":5,""physical_error_rate"":0.0001}","{""detection_events"":392928,""detectors_checked"":944111616}"
    168960,         0,         0,    4.24,standalone_exact_mw,cc9149276d16e61a5ac322a1d2048afebd34054fe0ed4879b77eb616628c1148,"{""distance"":5,""physical_error_rate"":0.0001}","{""detection_events"":15365,""detectors_checked"":37847040}"
     82944,         0,         0,    3.06,standalone_exact_mw,503ee55b5ad1b1988379a241a0405811522ee4d50b473755532ad1299cb121e2,"{""distance"":5,""physical_error_rate"":0.0005}","{""detection_events"":38311,""detectors_checked"":18579456}"
    227328,         0,         0,    5.93,standalone_exact_mw,cc9149276d16e61a5ac322a1d2048afebd34054fe0ed4879b77eb616628c1148,"{""distance"":5,""physical_error_rate"":0.0001}","{""detection_events"":20837,""detectors_checked"":50921472}"
    116736,         0,         0,    4.26,standalone_exact_mw,503ee55b5ad1b1988379a241a0405811522ee4d50b473755532ad1299cb121e2,"{""distance"":5,""physical_error_rate"":0.0005}","{""detection_events"":53881,""detectors_checked"":26148864}"
    163840,         0,         0,    4.25,standalone_exact_mw,cc9149276d16e61a5ac322a1d2048afebd34054fe0ed4879b77eb616628c1148,"{""distance"":5,""physical_error_rate"":0.0001}","{""detection_events"":15767,""detectors_checked"":36700160}"
    117760,         0,         0,    4.31,standalone_exact_mw,503ee55b5ad1b1988379a241a0405811522ee4d50b473755532ad1299cb121e2,"{""distance"":5,""physical_error_rate"":0.0005}","{""detection_events"":53962,""detectors_checked"":26378240}"
     83968,         0,         0,    3.08,standalone_exact_mw,503ee55b5ad1b1988379a241a0405811522ee4d50b473755532ad1299cb121e2,"{""distance"":5,""physical_error_rate"":0.0005}","{""detection_events"":39448,""detectors_checked"":18808832}"
    113664,         0,         0,    4.24,standalone_exact_mw,503ee55b5ad1b1988379a241a0405811522ee4d50b473755532ad1299cb121e2,"{""distance"":5,""physical_error_rate"":0.0005}","{""detection_events"":53357,""detectors_checked"":25460736}"
    230400,         0,         0,    5.92,standalone_exact_mw,cc9149276d16e61a5ac322a1d2048afebd34054fe0ed4879b77eb616628c1148,"{""distance"":5,""physical_error_rate"":0.0001}","{""detection_events"":21792,""detectors_checked"":51609600}"
    115712,         0,         0,    4.27,standalone_exact_mw,503ee55b5ad1b1988379a241a0405811522ee4d50b473755532ad1299cb121e2,"{""distance"":5,""physical_error_rate"":0.0005}","{""detection_events"":54035,""detectors_checked"":25919488}"
    150528,         0,         0,    4.29,standalone_exact_mw,29ae76c7f86edcd2f56343e8109d8463cbc736644db4e57527101e2f1c3606c8,"{""distance"":5,""physical_error_rate"":0.0002}","{""detection_events"":28050,""detectors_checked"":33718272}"
   2134016,         0,         0,   119.4,standalone_exact_mw,503ee55b5ad1b1988379a241a0405811522ee4d50b473755532ad1299cb121e2,"{""distance"":5,""physical_error_rate"":0.0005}","{""detection_events"":990416,""detectors_checked"":478019584}"
    208896,         0,         0,    5.99,standalone_exact_mw,29ae76c7f86edcd2f56343e8109d8463cbc736644db4e57527101e2f1c3606c8,"{""distance"":5,""physical_error_rate"":0.0002}","{""detection_events"":39342,""detectors_checked"":46792704}"
    207872,         0,         0,    5.95,standalone_exact_mw,29ae76c7f86edcd2f56343e8109d8463cbc736644db4e57527101e2f1c3606c8,"{""distance"":5,""physical_error_rate"":0.0002}","{""detection_events"":38443,""detectors_checked"":46563328}"
    114688,         0,         0,    4.27,standalone_exact_mw,503ee55b5ad1b1988379a241a0405811522ee4d50b473755532ad1299cb121e2,"{""distance"":5,""physical_error_rate"":0.0005}","{""detection_events"":53304,""detectors_checked"":25690112}"
    228352,         0,         0,    5.97,standalone_exact_mw,cc9149276d16e61a5ac322a1d2048afebd34054fe0ed4879b77eb616628c1148,"{""distance"":5,""physical_error_rate"":0.0001}","{""detection_events"":21100,""detectors_checked"":51150848}"
    204800,         0,         0,    5.97,standalone_exact_mw,29ae76c7f86edcd2f56343e8109d8463cbc736644db4e57527101e2f1c3606c8,"{""distance"":5,""physical_error_rate"":0.0002}","{""detection_events"":38409,""detectors_checked"":45875200}"
    106496,         0,         0,    5.88,standalone_exact_mw,29ae76c7f86edcd2f56343e8109d8463cbc736644db4e57527101e2f1c3606c8,"{""distance"":5,""physical_error_rate"":0.0002}","{""detection_events"":20263,""detectors_checked"":23855104}"
    233472,         0,         0,    5.93,standalone_exact_mw,cc9149276d16e61a5ac322a1d2048afebd34054fe0ed4879b77eb616628c1148,"{""distance"":5,""physical_error_rate"":0.0001}","{""detection_events"":21380,""detectors_checked"":52297728}"
    107520,         0,         0,    4.25,standalone_exact_mw,503ee55b5ad1b1988379a241a0405811522ee4d50b473755532ad1299cb121e2,"{""distance"":5,""physical_error_rate"":0.0005}","{""detection_events"":50459,""detectors_checked"":24084480}"
    163840,         0,         0,    5.95,standalone_exact_mw,503ee55b5ad1b1988379a241a0405811522ee4d50b473755532ad1299cb121e2,"{""distance"":5,""physical_error_rate"":0.0005}","{""detection_events"":75376,""detectors_checked"":36700160}"
    218112,         0,         0,    5.93,standalone_exact_mw,cc9149276d16e61a5ac322a1d2048afebd34054fe0ed4879b77eb616628c1148,"{""distance"":5,""physical_error_rate"":0.0001}","{""detection_events"":20145,""detectors_checked"":48857088}"
    161792,         0,         0,    5.98,standalone_exact_mw,503ee55b5ad1b1988379a241a0405811522ee4d50b473755532ad1299cb121e2,"{""distance"":5,""physical_error_rate"":0.0005}","{""detection_events"":75724,""detectors_checked"":36241408}"
    161792,         0,         0,    5.97,standalone_exact_mw,503ee55b5ad1b1988379a241a0405811522ee4d50b473755532ad1299cb121e2,"{""distance"":5,""physical_error_rate"":0.0005}","{""detection_events"":75568,""detectors_checked"":36241408}"
    275456,         0,         0,    8.29,standalone_exact_mw,cc9149276d16e61a5ac322a1d2048afebd34054fe0ed4879b77eb616628c1148,"{""distance"":5,""physical_error_rate"":0.0001}","{""detection_events"":25134,""detectors_checked"":61702144}"
    160768,         0,         0,    5.96,standalone_exact_mw,503ee55b5ad1b1988379a241a0405811522ee4d50b473755532ad1299cb121e2,"{""distance"":5,""physical_error_rate"":0.0005}","{""detection_events"":75144,""detectors_checked"":36012032}"
    210944,         0,         0,    5.93,standalone_exact_mw,29ae76c7f86edcd2f56343e8109d8463cbc736644db4e57527101e2f1c3606c8,"{""distance"":5,""physical_error_rate"":0.0002}","{""detection_events"":38831,""detectors_checked"":47251456}"
   4343808,         0,         0,   119.3,standalone_exact_mw,cc9149276d16e61a5ac322a1d2048afebd34054fe0ed4879b77eb616628c1148,"{""distance"":5,""physical_error_rate"":0.0001}","{""detection_events"":406957,""detectors_checked"":973012992}"
    159744,         1,         0,    5.98,standalone_exact_mw,503ee55b5ad1b1988379a241a0405811522ee4d50b473755532ad1299cb121e2,"{""distance"":5,""physical_error_rate"":0.0005}","{""detection_events"":75034,""detectors_checked"":35782656,""obs_mistake_mask=E"":1}"
    323584,         0,         0,    8.36,standalone_exact_mw,cc9149276d16e61a5ac322a1d2048afebd34054fe0ed4879b77eb616628c1148,"{""distance"":5,""physical_error_rate"":0.0001}","{""detection_events"":30598,""detectors_checked"":72482816}"
    161792,         0,         0,    5.92,standalone_exact_mw,503ee55b5ad1b1988379a241a0405811522ee4d50b473755532ad1299cb121e2,"{""distance"":5,""physical_error_rate"":0.0005}","{""detection_events"":75273,""detectors_checked"":36241408}"
    245760,         0,         0,    8.35,standalone_exact_mw,29ae76c7f86edcd2f56343e8109d8463cbc736644db4e57527101e2f1c3606c8,"{""distance"":5,""physical_error_rate"":0.0002}","{""detection_events"":45645,""detectors_checked"":55050240}"
    287744,         0,         0,    8.31,standalone_exact_mw,29ae76c7f86edcd2f56343e8109d8463cbc736644db4e57527101e2f1c3606c8,"{""distance"":5,""physical_error_rate"":0.0002}","{""detection_events"":54257,""detectors_checked"":64454656}"
    257024,         0,         0,    8.32,standalone_exact_mw,cc9149276d16e61a5ac322a1d2048afebd34054fe0ed4879b77eb616628c1148,"{""distance"":5,""physical_error_rate"":0.0001}","{""detection_events"":24081,""detectors_checked"":57573376}"
    285696,         0,         0,    8.34,standalone_exact_mw,29ae76c7f86edcd2f56343e8109d8463cbc736644db4e57527101e2f1c3606c8,"{""distance"":5,""physical_error_rate"":0.0002}","{""detection_events"":52962,""detectors_checked"":63995904}"
    288768,         0,         0,    8.37,standalone_exact_mw,29ae76c7f86edcd2f56343e8109d8463cbc736644db4e57527101e2f1c3606c8,"{""distance"":5,""physical_error_rate"":0.0002}","{""detection_events"":53586,""detectors_checked"":64684032}"
    274432,         0,         0,    8.30,standalone_exact_mw,cc9149276d16e61a5ac322a1d2048afebd34054fe0ed4879b77eb616628c1148,"{""distance"":5,""physical_error_rate"":0.0001}","{""detection_events"":25983,""detectors_checked"":61472768}"
   1484812,         0,         0,    42.4,standalone_exact_mw,cc9149276d16e61a5ac322a1d2048afebd34054fe0ed4879b77eb616628c1148,"{""distance"":5,""physical_error_rate"":0.0001}","{""detection_events"":139213,""detectors_checked"":332597888}"
    229376,         0,         0,    8.32,standalone_exact_mw,503ee55b5ad1b1988379a241a0405811522ee4d50b473755532ad1299cb121e2,"{""distance"":5,""physical_error_rate"":0.0005}","{""detection_events"":105498,""detectors_checked"":51380224}"
    323584,         0,         0,    8.25,standalone_exact_mw,cc9149276d16e61a5ac322a1d2048afebd34054fe0ed4879b77eb616628c1148,"{""distance"":5,""physical_error_rate"":0.0001}","{""detection_events"":30037,""detectors_checked"":72482816}"
    227328,         0,         0,    8.33,standalone_exact_mw,503ee55b5ad1b1988379a241a0405811522ee4d50b473755532ad1299cb121e2,"{""distance"":5,""physical_error_rate"":0.0005}","{""detection_events"":105690,""detectors_checked"":50921472}"
    227328,         0,         0,    8.38,standalone_exact_mw,503ee55b5ad1b1988379a241a0405811522ee4d50b473755532ad1299cb121e2,"{""distance"":5,""physical_error_rate"":0.0005}","{""detection_events"":105762,""detectors_checked"":50921472}"
    228352,         0,         0,    8.37,standalone_exact_mw,503ee55b5ad1b1988379a241a0405811522ee4d50b473755532ad1299cb121e2,"{""distance"":5,""physical_error_rate"":0.0005}","{""detection_events"":104652,""detectors_checked"":51150848}"
    271360,         0,         0,    8.31,standalone_exact_mw,29ae76c7f86edcd2f56343e8109d8463cbc736644db4e57527101e2f1c3606c8,"{""distance"":5,""physical_error_rate"":0.0002}","{""detection_events"":50796,""detectors_checked"":60784640}"
    224256,         0,         0,    8.36,standalone_exact_mw,503ee55b5ad1b1988379a241a0405811522ee4d50b473755532ad1299cb121e2,"{""distance"":5,""physical_error_rate"":0.0005}","{""detection_events"":103664,""detectors_checked"":50233344}"
    227328,         0,         0,    8.34,standalone_exact_mw,503ee55b5ad1b1988379a241a0405811522ee4d50b473755532ad1299cb121e2,"{""distance"":5,""physical_error_rate"":0.0005}","{""detection_events"":106488,""detectors_checked"":50921472}"
    462848,         0,         0,    11.7,standalone_exact_mw,cc9149276d16e61a5ac322a1d2048afebd34054fe0ed4879b77eb616628c1148,"{""distance"":5,""physical_error_rate"":0.0001}","{""detection_events"":43071,""detectors_checked"":103677952}"
    454656,         0,         0,    11.6,standalone_exact_mw,cc9149276d16e61a5ac322a1d2048afebd34054fe0ed4879b77eb616628c1148,"{""distance"":5,""physical_error_rate"":0.0001}","{""detection_events"":42205,""detectors_checked"":101842944}"
    311296,         0,         0,    11.7,standalone_exact_mw,29ae76c7f86edcd2f56343e8109d8463cbc736644db4e57527101e2f1c3606c8,"{""distance"":5,""physical_error_rate"":0.0002}","{""detection_events"":58186,""detectors_checked"":69730304}"
    406528,         0,         0,    11.6,standalone_exact_mw,29ae76c7f86edcd2f56343e8109d8463cbc736644db4e57527101e2f1c3606c8,"{""distance"":5,""physical_error_rate"":0.0002}","{""detection_events"":75958,""detectors_checked"":91062272}"
    412672,         0,         0,    11.6,standalone_exact_mw,cc9149276d16e61a5ac322a1d2048afebd34054fe0ed4879b77eb616628c1148,"{""distance"":5,""physical_error_rate"":0.0001}","{""detection_events"":38533,""detectors_checked"":92438528}"
   4199029,         0,         0,   111.4,standalone_exact_mw,cc9149276d16e61a5ac322a1d2048afebd34054fe0ed4879b77eb616628c1148,"{""distance"":5,""physical_error_rate"":0.0001}","{""detection_events"":390242,""detectors_checked"":940582496}"
   3920325,         0,         0,   111.1,standalone_exact_mw,cc9149276d16e61a5ac322a1d2048afebd34054fe0ed4879b77eb616628c1148,"{""distance"":5,""physical_error_rate"":0.0001}","{""detection_events"":366370,""detectors_checked"":878152800}"
   3733643,         0,         0,   108.1,standalone_exact_mw,cc9149276d16e61a5ac322a1d2048afebd34054fe0ed4879b77eb616628c1148,"{""distance"":5,""physical_error_rate"":0.0001}","{""detection_events"":348620,""detectors_checked"":836336032}"
   3607552,         0,         0,   102.6,standalone_exact_mw,cc9149276d16e61a5ac322a1d2048afebd34054fe0ed4879b77eb616628c1148,"{""distance"":5,""physical_error_rate"":0.0001}","{""detection_events"":336752,""detectors_checked"":808091648}"
    402432,         0,         0,    11.7,standalone_exact_mw,29ae76c7f86edcd2f56343e8109d8463cbc736644db4e57527101e2f1c3606c8,"{""distance"":5,""physical_error_rate"":0.0002}","{""detection_events"":75055,""detectors_checked"":90144768}"
    406528,         0,         0,    11.7,standalone_exact_mw,29ae76c7f86edcd2f56343e8109d8463cbc736644db4e57527101e2f1c3606c8,"{""distance"":5,""physical_error_rate"":0.0002}","{""detection_events"":75808,""detectors_checked"":91062272}"
    454656,         0,         0,    11.6,standalone_exact_mw,cc9149276d16e61a5ac322a1d2048afebd34054fe0ed4879b77eb616628c1148,"{""distance"":5,""physical_error_rate"":0.0001}","{""detection_events"":42643,""detectors_checked"":101842944}"
   2265088,         1,         0,   119.4,standalone_exact_mw,503ee55b5ad1b1988379a241a0405811522ee4d50b473755532ad1299cb121e2,"{""distance"":5,""physical_error_rate"":0.0005}","{""detection_events"":1055395,""detectors_checked"":507379712,""obs_mistake_mask=E"":1}"
    319488,         0,         0,    11.6,standalone_exact_mw,503ee55b5ad1b1988379a241a0405811522ee4d50b473755532ad1299cb121e2,"{""distance"":5,""physical_error_rate"":0.0005}","{""detection_events"":148108,""detectors_checked"":71565312}"
    445440,         0,         0,    11.6,standalone_exact_mw,cc9149276d16e61a5ac322a1d2048afebd34054fe0ed4879b77eb616628c1148,"{""distance"":5,""physical_error_rate"":0.0001}","{""detection_events"":41214,""detectors_checked"":99778560}"
    318464,         1,         0,    11.7,standalone_exact_mw,503ee55b5ad1b1988379a241a0405811522ee4d50b473755532ad1299cb121e2,"{""distance"":5,""physical_error_rate"":0.0005}","{""detection_events"":148403,""detectors_checked"":71335936,""obs_mistake_mask=E"":1}"
    316416,         0,         0,    11.7,standalone_exact_mw,503ee55b5ad1b1988379a241a0405811522ee4d50b473755532ad1299cb121e2,"{""distance"":5,""physical_error_rate"":0.0005}","{""detection_events"":147323,""detectors_checked"":70877184}"
    317440,         0,         0,    11.7,standalone_exact_mw,503ee55b5ad1b1988379a241a0405811522ee4d50b473755532ad1299cb121e2,"{""distance"":5,""physical_error_rate"":0.0005}","{""detection_events"":148190,""detectors_checked"":71106560}"
    333824,         0,         0,    11.7,standalone_exact_mw,29ae76c7f86edcd2f56343e8109d8463cbc736644db4e57527101e2f1c3606c8,"{""distance"":5,""physical_error_rate"":0.0002}","{""detection_events"":62145,""detectors_checked"":74776576}"
    304128,         0,         0,    11.7,standalone_exact_mw,503ee55b5ad1b1988379a241a0405811522ee4d50b473755532ad1299cb121e2,"{""distance"":5,""physical_error_rate"":0.0005}","{""detection_events"":141770,""detectors_checked"":68124672}"
    316416,         1,         0,    11.7,standalone_exact_mw,503ee55b5ad1b1988379a241a0405811522ee4d50b473755532ad1299cb121e2,"{""distance"":5,""physical_error_rate"":0.0005}","{""detection_events"":147267,""detectors_checked"":70877184,""obs_mistake_mask=E"":1}"
   3308544,         0,         0,   119.3,standalone_exact_mw,29ae76c7f86edcd2f56343e8109d8463cbc736644db4e57527101e2f1c3606c8,"{""distance"":5,""physical_error_rate"":0.0002}","{""detection_events"":617199,""detectors_checked"":741113856}"
   1972224,         0,         0,   119.5,standalone_exact_mw,503ee55b5ad1b1988379a241a0405811522ee4d50b473755532ad1299cb121e2,"{""distance"":5,""physical_error_rate"":0.0005}","{""detection_events"":917661,""detectors_checked"":441778176}"
   3516416,         0,         0,   119.1,standalone_exact_mw,29ae76c7f86edcd2f56343e8109d8463cbc736644db4e57527101e2f1c3606c8,"{""distance"":5,""physical_error_rate"":0.0002}","{""detection_events"":653930,""detectors_checked"":787677184}"
   2616320,         0,         0,   119.5,standalone_exact_mw,503ee55b5ad1b1988379a241a0405811522ee4d50b473755532ad1299cb121e2,"{""distance"":5,""physical_error_rate"":0.0005}","{""detection_events"":1218847,""detectors_checked"":586055680}"
   3716096,         0,         0,   119.3,standalone_exact_mw,29ae76c7f86edcd2f56343e8109d8463cbc736644db4e57527101e2f1c3606c8,"{""distance"":5,""physical_error_rate"":0.0002}","{""detection_events"":691602,""detectors_checked"":832405504}"
    613376,         0,         0,    16.2,standalone_exact_mw,cc9149276d16e61a5ac322a1d2048afebd34054fe0ed4879b77eb616628c1148,"{""distance"":5,""physical_error_rate"":0.0001}","{""detection_events"":56904,""detectors_checked"":137396224}"
   2335744,         4,         0,   119.5,standalone_exact_mw,503ee55b5ad1b1988379a241a0405811522ee4d50b473755532ad1299cb121e2,"{""distance"":5,""physical_error_rate"":0.0005}","{""detection_events"":1087709,""detectors_checked"":523206656,""obs_mistake_mask=E"":4}"
   2930688,         2,         0,   119.5,standalone_exact_mw,503ee55b5ad1b1988379a241a0405811522ee4d50b473755532ad1299cb121e2,"{""distance"":5,""physical_error_rate"":0.0005}","{""detection_events"":1366544,""detectors_checked"":656474112,""obs_mistake_mask=E"":2}"
    585728,         0,         0,    16.2,standalone_exact_mw,cc9149276d16e61a5ac322a1d2048afebd34054fe0ed4879b77eb616628c1148,"{""distance"":5,""physical_error_rate"":0.0001}","{""detection_events"":54409,""detectors_checked"":131203072}"
   3195904,         0,         0,   119.3,standalone_exact_mw,29ae76c7f86edcd2f56343e8109d8463cbc736644db4e57527101e2f1c3606c8,"{""distance"":5,""physical_error_rate"":0.0002}","{""detection_events"":594750,""detectors_checked"":715882496}"
    507904,         0,         0,    16.3,standalone_exact_mw,29ae76c7f86edcd2f56343e8109d8463cbc736644db4e57527101e2f1c3606c8,"{""distance"":5,""physical_error_rate"":0.0002}","{""detection_events"":94264,""detectors_checked"":113770496}"
    472064,         0,         0,    16.3,standalone_exact_mw,29ae76c7f86edcd2f56343e8109d8463cbc736644db4e57527101e2f1c3606c8,"{""distance"":5,""physical_error_rate"":0.0002}","{""detection_events"":89203,""detectors_checked"":105742336}"
    573440,         0,         0,    16.3,standalone_exact_mw,cc9149276d16e61a5ac322a1d2048afebd34054fe0ed4879b77eb616628c1148,"{""distance"":5,""physical_error_rate"":0.0001}","{""detection_events"":53529,""detectors_checked"":128450560}"
   3555850,         0,         0,    98.1,standalone_exact_mw,cc9149276d16e61a5ac322a1d2048afebd34054fe0ed4879b77eb616628c1148,"{""distance"":5,""physical_error_rate"":0.0001}","{""detection_events"":332325,""detectors_checked"":796510400}"
   3128320,         0,         0,    86.6,standalone_exact_mw,cc9149276d16e61a5ac322a1d2048afebd34054fe0ed4879b77eb616628c1148,"{""distance"":5,""physical_error_rate"":0.0001}","{""detection_events"":289924,""detectors_checked"":700743680}"
    449536,         0,         0,    16.3,standalone_exact_mw,29ae76c7f86edcd2f56343e8109d8463cbc736644db4e57527101e2f1c3606c8,"{""distance"":5,""physical_error_rate"":0.0002}","{""detection_events"":84196,""detectors_checked"":100696064}"
    512000,         0,         0,    16.3,standalone_exact_mw,29ae76c7f86edcd2f56343e8109d8463cbc736644db4e57527101e2f1c3606c8,"{""distance"":5,""physical_error_rate"":0.0002}","{""detection_events"":94954,""detectors_checked"":114688000}"
   3087467,         0,         0,   117.1,standalone_exact_mw,cc9149276d16e61a5ac322a1d2048afebd34054fe0ed4879b77eb616628c1148,"{""distance"":5,""physical_error_rate"":0.0001}","{""detection_events"":287650,""detectors_checked"":691592608}"
   2821120,         0,         0,    99.9,standalone_exact_mw,cc9149276d16e61a5ac322a1d2048afebd34054fe0ed4879b77eb616628c1148,"{""distance"":5,""physical_error_rate"":0.0001}","{""detection_events"":265157,""detectors_checked"":631930880}"
    598016,         0,         0,    16.3,standalone_exact_mw,cc9149276d16e61a5ac322a1d2048afebd34054fe0ed4879b77eb616628c1148,"{""distance"":5,""physical_error_rate"":0.0001}","{""detection_events"":56207,""detectors_checked"":133955584}"
    416768,         0,         0,    16.3,standalone_exact_mw,503ee55b5ad1b1988379a241a0405811522ee4d50b473755532ad1299cb121e2,"{""distance"":5,""physical_error_rate"":0.0005}","{""detection_events"":193731,""detectors_checked"":93356032}"
    464896,         0,         0,    16.2,standalone_exact_mw,cc9149276d16e61a5ac322a1d2048afebd34054fe0ed4879b77eb616628c1148,"{""distance"":5,""physical_error_rate"":0.0001}","{""detection_events"":42821,""detectors_checked"":104136704}"
    404480,         1,         0,    16.3,standalone_exact_mw,503ee55b5ad1b1988379a241a0405811522ee4d50b473755532ad1299cb121e2,"{""distance"":5,""physical_error_rate"":0.0005}","{""detection_events"":188074,""detectors_checked"":90603520,""obs_mistake_mask=E"":1}"
    345088,         1,         0,    16.3,standalone_exact_mw,503ee55b5ad1b1988379a241a0405811522ee4d50b473755532ad1299cb121e2,"{""distance"":5,""physical_error_rate"":0.0005}","{""detection_events"":161042,""detectors_checked"":77299712,""obs_mistake_mask=E"":1}"
    294912,         0,         0,    16.3,standalone_exact_mw,503ee55b5ad1b1988379a241a0405811522ee4d50b473755532ad1299cb121e2,"{""distance"":5,""physical_error_rate"":0.0005}","{""detection_events"":136653,""detectors_checked"":66060288}"
    525312,         0,         0,    16.3,standalone_exact_mw,29ae76c7f86edcd2f56343e8109d8463cbc736644db4e57527101e2f1c3606c8,"{""distance"":5,""physical_error_rate"":0.0002}","{""detection_events"":97703,""detectors_checked"":117669888}"
   2791477,         0,         0,    77.8,standalone_exact_mw,cc9149276d16e61a5ac322a1d2048afebd34054fe0ed4879b77eb616628c1148,"{""distance"":5,""physical_error_rate"":0.0001}","{""detection_events"":261078,""detectors_checked"":625290848}"
   2630656,         0,         0,    75.3,standalone_exact_mw,cc9149276d16e61a5ac322a1d2048afebd34054fe0ed4879b77eb616628c1148,"{""distance"":5,""physical_error_rate"":0.0001}","{""detection_events"":244689,""detectors_checked"":589266944}"
   2590720,         0,         0,    99.5,standalone_exact_mw,cc9149276d16e61a5ac322a1d2048afebd34054fe0ed4879b77eb616628c1148,"{""distance"":5,""physical_error_rate"":0.0001}","{""detection_events"":241806,""detectors_checked"":580321280}"
   2487296,         0,         0,    76.5,standalone_exact_mw,cc9149276d16e61a5ac322a1d2048afebd34054fe0ed4879b77eb616628c1148,"{""distance"":5,""physical_error_rate"":0.0001}","{""detection_events"":230905,""detectors_checked"":557154304}"
    356352,         0,         0,    16.3,standalone_exact_mw,503ee55b5ad1b1988379a241a0405811522ee4d50b473755532ad1299cb121e2,"{""distance"":5,""physical_error_rate"":0.0005}","{""detection_events"":166224,""detectors_checked"":79822848}"
    396288,         0,         0,    16.3,standalone_exact_mw,503ee55b5ad1b1988379a241a0405811522ee4d50b473755532ad1299cb121e2,"{""distance"":5,""physical_error_rate"":0.0005}","{""detection_events"":184723,""detectors_checked"":88768512}"
    200757,         0,         0,    10.3,standalone_exact_mw,cc9149276d16e61a5ac322a1d2048afebd34054fe0ed4879b77eb616628c1148,"{""distance"":5,""physical_error_rate"":0.0001}","{""detection_events"":18395,""detectors_checked"":44969568}"
   2118656,         0,         0,    57.2,standalone_exact_mw,cc9149276d16e61a5ac322a1d2048afebd34054fe0ed4879b77eb616628c1148,"{""distance"":5,""physical_error_rate"":0.0001}","{""detection_events"":197930,""detectors_checked"":474578944}"
   2279424,         0,         0,    64.1,standalone_exact_mw,cc9149276d16e61a5ac322a1d2048afebd34054fe0ed4879b77eb616628c1148,"{""distance"":5,""physical_error_rate"":0.0001}","{""detection_events"":213419,""detectors_checked"":510590976}"
    685056,         0,         0,    22.8,standalone_exact_mw,cc9149276d16e61a5ac322a1d2048afebd34054fe0ed4879b77eb616628c1148,"{""distance"":5,""physical_error_rate"":0.0001}","{""detection_events"":63908,""detectors_checked"":153452544}"
   3018752,         1,         0,   119.4,standalone_exact_mw,503ee55b5ad1b1988379a241a0405811522ee4d50b473755532ad1299cb121e2,"{""distance"":5,""physical_error_rate"":0.0005}","{""detection_events"":1403690,""detectors_checked"":676200448,""obs_mistake_mask=E"":1}"
   3194880,         3,         0,   119.4,standalone_exact_mw,503ee55b5ad1b1988379a241a0405811522ee4d50b473755532ad1299cb121e2,"{""distance"":5,""physical_error_rate"":0.0005}","{""detection_events"":1485447,""detectors_checked"":715653120,""obs_mistake_mask=E"":3}"
    863232,         0,         0,    22.7,standalone_exact_mw,cc9149276d16e61a5ac322a1d2048afebd34054fe0ed4879b77eb616628c1148,"{""distance"":5,""physical_error_rate"":0.0001}","{""detection_events"":81002,""detectors_checked"":193363968}"
    745472,         0,         0,    22.9,standalone_exact_mw,29ae76c7f86edcd2f56343e8109d8463cbc736644db4e57527101e2f1c3606c8,"{""distance"":5,""physical_error_rate"":0.0002}","{""detection_events"":139581,""detectors_checked"":166985728}"
    480256,         0,         0,    22.8,standalone_exact_mw,29ae76c7f86edcd2f56343e8109d8463cbc736644db4e57527101e2f1c3606c8,"{""distance"":5,""physical_error_rate"":0.0002}","{""detection_events"":90164,""detectors_checked"":107577344}"
    598016,         0,         0,    22.9,standalone_exact_mw,cc9149276d16e61a5ac322a1d2048afebd34054fe0ed4879b77eb616628c1148,"{""distance"":5,""physical_error_rate"":0.0001}","{""detection_events"":55852,""detectors_checked"":133955584}"
    747520,         0,         0,    22.9,standalone_exact_mw,29ae76c7f86edcd2f56343e8109d8463cbc736644db4e57527101e2f1c3606c8,"{""distance"":5,""physical_error_rate"":0.0002}","{""detection_events"":139618,""detectors_checked"":167444480}"
    745472,         0,         0,    22.8,standalone_exact_mw,29ae76c7f86edcd2f56343e8109d8463cbc736644db4e57527101e2f1c3606c8,"{""distance"":5,""physical_error_rate"":0.0002}","{""detection_events"":138718,""detectors_checked"":166985728}"
   3173376,         0,         0,   119.3,standalone_exact_mw,29ae76c7f86edcd2f56343e8109d8463cbc736644db4e57527101e2f1c3606c8,"{""distance"":5,""physical_error_rate"":0.0002}","{""detection_events"":591171,""detectors_checked"":710836224}"
    846848,         0,         0,    22.8,standalone_exact_mw,cc9149276d16e61a5ac322a1d2048afebd34054fe0ed4879b77eb616628c1148,"{""distance"":5,""physical_error_rate"":0.0001}","{""detection_events"":78807,""detectors_checked"":189693952}"
    568320,         0,         0,    22.9,standalone_exact_mw,503ee55b5ad1b1988379a241a0405811522ee4d50b473755532ad1299cb121e2,"{""distance"":5,""physical_error_rate"":0.0005}","{""detection_events"":263276,""detectors_checked"":127303680}"
   3560448,         0,         0,   119.4,standalone_exact_mw,29ae76c7f86edcd2f56343e8109d8463cbc736644db4e57527101e2f1c3606c8,"{""distance"":5,""physical_error_rate"":0.0002}","{""detection_events"":663953,""detectors_checked"":797540352}"
    643072,         0,         0,    22.9,standalone_exact_mw,cc9149276d16e61a5ac322a1d2048afebd34054fe0ed4879b77eb616628c1148,"{""distance"":5,""physical_error_rate"":0.0001}","{""detection_events"":60078,""detectors_checked"":144048128}"
    487424,         0,         0,    22.8,standalone_exact_mw,503ee55b5ad1b1988379a241a0405811522ee4d50b473755532ad1299cb121e2,"{""distance"":5,""physical_error_rate"":0.0005}","{""detection_events"":225252,""detectors_checked"":109182976}"
   2909184,         0,         0,   119.2,standalone_exact_mw,29ae76c7f86edcd2f56343e8109d8463cbc736644db4e57527101e2f1c3606c8,"{""distance"":5,""physical_error_rate"":0.0002}","{""detection_events"":542849,""detectors_checked"":651657216}"
    480256,         1,         0,    22.9,standalone_exact_mw,503ee55b5ad1b1988379a241a0405811522ee4d50b473755532ad1299cb121e2,"{""distance"":5,""physical_error_rate"":0.0005}","{""detection_events"":222201,""detectors_checked"":107577344,""obs_mistake_mask=E"":1}"
    444416,         1,         0,    22.8,standalone_exact_mw,503ee55b5ad1b1988379a241a0405811522ee4d50b473755532ad1299cb121e2,"{""distance"":5,""physical_error_rate"":0.0005}","{""detection_events"":208350,""detectors_checked"":99549184,""obs_mistake_mask=E"":1}"
    756736,         0,         0,    22.9,standalone_exact_mw,29ae76c7f86edcd2f56343e8109d8463cbc736644db4e57527101e2f1c3606c8,"{""distance"":5,""physical_error_rate"":0.0002}","{""detection_events"":141930,""detectors_checked"":169508864}"
    460800,         1,         0,    22.8,standalone_exact_mw,503ee55b5ad1b1988379a241a0405811522ee4d50b473755532ad1299cb121e2,"{""distance"":5,""physical_error_rate"":0.0005}","{""detection_events"":213575,""detectors_checked"":103219200,""obs_mistake_mask=E"":1}"
   2096956,         0,         0,    59.9,standalone_exact_mw,cc9149276d16e61a5ac322a1d2048afebd34054fe0ed4879b77eb616628c1148,"{""distance"":5,""physical_error_rate"":0.0001}","{""detection_events"":197264,""detectors_checked"":469718144}"
   1734656,         0,         0,    45.2,standalone_exact_mw,cc9149276d16e61a5ac322a1d2048afebd34054fe0ed4879b77eb616628c1148,"{""distance"":5,""physical_error_rate"":0.0001}","{""detection_events"":161642,""detectors_checked"":388562944}"
   1667072,         0,         0,    44.5,standalone_exact_mw,cc9149276d16e61a5ac322a1d2048afebd34054fe0ed4879b77eb616628c1148,"{""distance"":5,""physical_error_rate"":0.0001}","{""detection_events"":154666,""detectors_checked"":373424128}"
   2086912,         0,         0,    55.5,standalone_exact_mw,cc9149276d16e61a5ac322a1d2048afebd34054fe0ed4879b77eb616628c1148,"{""distance"":5,""physical_error_rate"":0.0001}","{""detection_events"":194549,""detectors_checked"":467468288}"
   2378752,         0,         0,   119.3,standalone_exact_mw,503ee55b5ad1b1988379a241a0405811522ee4d50b473755532ad1299cb121e2,"{""distance"":5,""physical_error_rate"":0.0005}","{""detection_events"":1105965,""detectors_checked"":532840448}"
   4421632,         0,         0,   119.3,standalone_exact_mw,29ae76c7f86edcd2f56343e8109d8463cbc736644db4e57527101e2f1c3606c8,"{""distance"":5,""physical_error_rate"":0.0002}","{""detection_events"":824842,""detectors_checked"":990445568}"
    517120,         0,         0,    22.9,standalone_exact_mw,503ee55b5ad1b1988379a241a0405811522ee4d50b473755532ad1299cb121e2,"{""distance"":5,""physical_error_rate"":0.0005}","{""detection_events"":240650,""detectors_checked"":115834880}"
   3153920,         0,         0,   119.5,standalone_exact_mw,503ee55b5ad1b1988379a241a0405811522ee4d50b473755532ad1299cb121e2,"{""distance"":5,""physical_error_rate"":0.0005}","{""detection_events"":1467913,""detectors_checked"":706478080}"
   1614515,         0,         0,    47.5,standalone_exact_mw,cc9149276d16e61a5ac322a1d2048afebd34054fe0ed4879b77eb616628c1148,"{""distance"":5,""physical_error_rate"":0.0001}","{""detection_events"":150492,""detectors_checked"":361651360}"
   1305600,         0,         0,    32.0,standalone_exact_mw,cc9149276d16e61a5ac322a1d2048afebd34054fe0ed4879b77eb616628c1148,"{""distance"":5,""physical_error_rate"":0.0001}","{""detection_events"":123070,""detectors_checked"":292454400}"
   1593344,         0,         0,    47.7,standalone_exact_mw,cc9149276d16e61a5ac322a1d2048afebd34054fe0ed4879b77eb616628c1148,"{""distance"":5,""physical_error_rate"":0.0001}","{""detection_events"":147331,""detectors_checked"":356909056}"
   1276270,         0,         0,    32.6,standalone_exact_mw,cc9149276d16e61a5ac322a1d2048afebd34054fe0ed4879b77eb616628c1148,"{""distance"":5,""physical_error_rate"":0.0001}","{""detection_events"":118896,""detectors_checked"":285884480}"
   4296704,         0,         0,   119.2,standalone_exact_mw,29ae76c7f86edcd2f56343e8109d8463cbc736644db4e57527101e2f1c3606c8,"{""distance"":5,""physical_error_rate"":0.0002}","{""detection_events"":802587,""detectors_checked"":962461696}"
   1077450,         0,         0,    30.6,standalone_exact_mw,cc9149276d16e61a5ac322a1d2048afebd34054fe0ed4879b77eb616628c1148,"{""distance"":5,""physical_error_rate"":0.0001}","{""detection_events"":100407,""detectors_checked"":241348800}"
   1041408,         0,         0,    34.8,standalone_exact_mw,cc9149276d16e61a5ac322a1d2048afebd34054fe0ed4879b77eb616628c1148,"{""distance"":5,""physical_error_rate"":0.0001}","{""detection_events"":97399,""detectors_checked"":233275392}"
   1026143,         0,         0,    34.5,standalone_exact_mw,cc9149276d16e61a5ac322a1d2048afebd34054fe0ed4879b77eb616628c1148,"{""distance"":5,""physical_error_rate"":0.0001}","{""detection_events"":95714,""detectors_checked"":229856032}"
   1015808,         0,         0,    38.9,standalone_exact_mw,cc9149276d16e61a5ac322a1d2048afebd34054fe0ed4879b77eb616628c1148,"{""distance"":5,""physical_error_rate"":0.0001}","{""detection_events"":94571,""detectors_checked"":227540992}"
   3002368,         0,         0,   119.4,standalone_exact_mw,503ee55b5ad1b1988379a241a0405811522ee4d50b473755532ad1299cb121e2,"{""distance"":5,""physical_error_rate"":0.0005}","{""detection_events"":1396529,""detectors_checked"":672530432}"
    927688,         0,         0,    37.3,standalone_exact_mw,cc9149276d16e61a5ac322a1d2048afebd34054fe0ed4879b77eb616628c1148,"{""distance"":5,""physical_error_rate"":0.0001}","{""detection_events"":86376,""detectors_checked"":207802112}"
    857088,         0,         0,    24.1,standalone_exact_mw,cc9149276d16e61a5ac322a1d2048afebd34054fe0ed4879b77eb616628c1148,"{""distance"":5,""physical_error_rate"":0.0001}","{""detection_events"":79806,""detectors_checked"":191987712}"
    926720,         1,         0,    26.8,standalone_exact_mw,cc9149276d16e61a5ac322a1d2048afebd34054fe0ed4879b77eb616628c1148,"{""distance"":5,""physical_error_rate"":0.0001}","{""detection_events"":87684,""detectors_checked"":207585280,""obs_mistake_mask=E"":1}"
    848896,         0,         0,    21.8,standalone_exact_mw,cc9149276d16e61a5ac322a1d2048afebd34054fe0ed4879b77eb616628c1148,"{""distance"":5,""physical_error_rate"":0.0001}","{""detection_events"":79127,""detectors_checked"":190152704}"
    856064,         0,         0,    26.7,standalone_exact_mw,cc9149276d16e61a5ac322a1d2048afebd34054fe0ed4879b77eb616628c1148,"{""distance"":5,""physical_error_rate"":0.0001}","{""detection_events"":79997,""detectors_checked"":191758336}"
    923648,         0,         0,    26.8,standalone_exact_mw,cc9149276d16e61a5ac322a1d2048afebd34054fe0ed4879b77eb616628c1148,"{""distance"":5,""physical_error_rate"":0.0001}","{""detection_events"":85581,""detectors_checked"":206897152}"
    835141,         0,         0,    21.7,standalone_exact_mw,cc9149276d16e61a5ac322a1d2048afebd34054fe0ed4879b77eb616628c1148,"{""distance"":5,""physical_error_rate"":0.0001}","{""detection_events"":77477,""detectors_checked"":187071584}"
    645120,         0,         0,    16.7,standalone_exact_mw,cc9149276d16e61a5ac322a1d2048afebd34054fe0ed4879b77eb616628c1148,"{""distance"":5,""physical_error_rate"":0.0001}","{""detection_events"":60844,""detectors_checked"":144506880}"
    657408,         0,         0,    22.8,standalone_exact_mw,cc9149276d16e61a5ac322a1d2048afebd34054fe0ed4879b77eb616628c1148,"{""distance"":5,""physical_error_rate"":0.0001}","{""detection_events"":61531,""detectors_checked"":147259392}"
    595968,         0,         0,    20.7,standalone_exact_mw,cc9149276d16e61a5ac322a1d2048afebd34054fe0ed4879b77eb616628c1148,"{""distance"":5,""physical_error_rate"":0.0001}","{""detection_events"":55004,""detectors_checked"":133496832}"
    676864,         0,         0,    16.7,standalone_exact_mw,cc9149276d16e61a5ac322a1d2048afebd34054fe0ed4879b77eb616628c1148,"{""distance"":5,""physical_error_rate"":0.0001}","{""detection_events"":62907,""detectors_checked"":151617536}"
   3787776,         0,         0,   119.4,standalone_exact_mw,29ae76c7f86edcd2f56343e8109d8463cbc736644db4e57527101e2f1c3606c8,"{""distance"":5,""physical_error_rate"":0.0002}","{""detection_events"":707111,""detectors_checked"":848461824}"
    585257,         0,         0,    17.1,standalone_exact_mw,cc9149276d16e61a5ac322a1d2048afebd34054fe0ed4879b77eb616628c1148,"{""distance"":5,""physical_error_rate"":0.0001}","{""detection_events"":54579,""detectors_checked"":131097568}"
    509952,         0,         0,    14.1,standalone_exact_mw,cc9149276d16e61a5ac322a1d2048afebd34054fe0ed4879b77eb616628c1148,"{""distance"":5,""physical_error_rate"":0.0001}","{""detection_events"":47127,""detectors_checked"":114229248}"
    476160,         1,         0,    14.2,standalone_exact_mw,cc9149276d16e61a5ac322a1d2048afebd34054fe0ed4879b77eb616628c1148,"{""distance"":5,""physical_error_rate"":0.0001}","{""detection_events"":44218,""detectors_checked"":106659840,""obs_mistake_mask=E"":1}"
    512000,         0,         0,    17.1,standalone_exact_mw,cc9149276d16e61a5ac322a1d2048afebd34054fe0ed4879b77eb616628c1148,"{""distance"":5,""physical_error_rate"":0.0001}","{""detection_events"":47966,""detectors_checked"":114688000}"
    434752,         0,         0,    14.3,standalone_exact_mw,cc9149276d16e61a5ac322a1d2048afebd34054fe0ed4879b77eb616628c1148,"{""distance"":5,""physical_error_rate"":0.0001}","{""detection_events"":40293,""detectors_checked"":97384448}"
    432128,         0,         0,    10.3,standalone_exact_mw,cc9149276d16e61a5ac322a1d2048afebd34054fe0ed4879b77eb616628c1148,"{""distance"":5,""physical_error_rate"":0.0001}","{""detection_events"":40517,""detectors_checked"":96796672}"
    342711,         0,         0,    11.3,standalone_exact_mw,cc9149276d16e61a5ac322a1d2048afebd34054fe0ed4879b77eb616628c1148,"{""distance"":5,""physical_error_rate"":0.0001}","{""detection_events"":32351,""detectors_checked"":76767264}"
    324608,         0,         0,    14.7,standalone_exact_mw,cc9149276d16e61a5ac322a1d2048afebd34054fe0ed4879b77eb616628c1148,"{""distance"":5,""physical_error_rate"":0.0001}","{""detection_events"":30062,""detectors_checked"":72712192}"
    305813,         0,         0,    7.92,standalone_exact_mw,cc9149276d16e61a5ac322a1d2048afebd34054fe0ed4879b77eb616628c1148,"{""distance"":5,""physical_error_rate"":0.0001}","{""detection_events"":29094,""detectors_checked"":68502112}"
   2758656,         0,         0,   119.2,standalone_exact_mw,29ae76c7f86edcd2f56343e8109d8463cbc736644db4e57527101e2f1c3606c8,"{""distance"":5,""physical_error_rate"":0.0002}","{""detection_events"":514687,""detectors_checked"":617938944}"
    275793,         0,         0,    5.45,standalone_exact_mw,cc9149276d16e61a5ac322a1d2048afebd34054fe0ed4879b77eb616628c1148,"{""distance"":5,""physical_error_rate"":0.0001}","{""detection_events"":26061,""detectors_checked"":61777632}"
    262660,         0,         0,    6.00,standalone_exact_mw,cc9149276d16e61a5ac322a1d2048afebd34054fe0ed4879b77eb616628c1148,"{""distance"":5,""physical_error_rate"":0.0001}","{""detection_events"":24790,""detectors_checked"":58835840}"
    251904,         0,         0,    8.70,standalone_exact_mw,cc9149276d16e61a5ac322a1d2048afebd34054fe0ed4879b77eb616628c1148,"{""distance"":5,""physical_error_rate"":0.0001}","{""detection_events"":23115,""detectors_checked"":56426496}"
    250153,         0,         0,    6.35,standalone_exact_mw,cc9149276d16e61a5ac322a1d2048afebd34054fe0ed4879b77eb616628c1148,"{""distance"":5,""physical_error_rate"":0.0001}","{""detection_events"":23696,""detectors_checked"":56034272}"
    238592,         0,         0,    6.35,standalone_exact_mw,cc9149276d16e61a5ac322a1d2048afebd34054fe0ed4879b77eb616628c1148,"{""distance"":5,""physical_error_rate"":0.0001}","{""detection_events"":21847,""detectors_checked"":53444608}"
    243712,         0,         0,    6.37,standalone_exact_mw,cc9149276d16e61a5ac322a1d2048afebd34054fe0ed4879b77eb616628c1148,"{""distance"":5,""physical_error_rate"":0.0001}","{""detection_events"":22651,""detectors_checked"":54591488}"
    226245,         0,         0,    7.58,standalone_exact_mw,cc9149276d16e61a5ac322a1d2048afebd34054fe0ed4879b77eb616628c1148,"{""distance"":5,""physical_error_rate"":0.0001}","{""detection_events"":20904,""detectors_checked"":50678880}"
    226245,         0,         0,    4.62,standalone_exact_mw,cc9149276d16e61a5ac322a1d2048afebd34054fe0ed4879b77eb616628c1148,"{""distance"":5,""physical_error_rate"":0.0001}","{""detection_events"":21267,""detectors_checked"":50678880}"
    185344,         0,         0,    4.60,standalone_exact_mw,cc9149276d16e61a5ac322a1d2048afebd34054fe0ed4879b77eb616628c1148,"{""distance"":5,""physical_error_rate"":0.0001}","{""detection_events"":17169,""detectors_checked"":41517056}"
     17935,         0,         0,   0.478,standalone_exact_mw,cc9149276d16e61a5ac322a1d2048afebd34054fe0ed4879b77eb616628c1148,"{""distance"":5,""physical_error_rate"":0.0001}","{""detection_events"":1626,""detectors_checked"":4017440}"
    180224,         0,         0,    4.56,standalone_exact_mw,cc9149276d16e61a5ac322a1d2048afebd34054fe0ed4879b77eb616628c1148,"{""distance"":5,""physical_error_rate"":0.0001}","{""detection_events"":16866,""detectors_checked"":40370176}"
    184320,         0,         0,    4.68,standalone_exact_mw,cc9149276d16e61a5ac322a1d2048afebd34054fe0ed4879b77eb616628c1148,"{""distance"":5,""physical_error_rate"":0.0001}","{""detection_events"":17267,""detectors_checked"":41287680}"
    180224,         0,         0,    4.66,standalone_exact_mw,cc9149276d16e61a5ac322a1d2048afebd34054fe0ed4879b77eb616628c1148,"{""distance"":5,""physical_error_rate"":0.0001}","{""detection_events"":17281,""detectors_checked"":40370176}"
    172051,         0,         0,    5.20,standalone_exact_mw,cc9149276d16e61a5ac322a1d2048afebd34054fe0ed4879b77eb616628c1148,"{""distance"":5,""physical_error_rate"":0.0001}","{""detection_events"":16010,""detectors_checked"":38539424}"
    144384,         0,         0,    4.67,standalone_exact_mw,cc9149276d16e61a5ac322a1d2048afebd34054fe0ed4879b77eb616628c1148,"{""distance"":5,""physical_error_rate"":0.0001}","{""detection_events"":13323,""detectors_checked"":32342016}"
    154624,         0,         0,    4.71,standalone_exact_mw,cc9149276d16e61a5ac322a1d2048afebd34054fe0ed4879b77eb616628c1148,"{""distance"":5,""physical_error_rate"":0.0001}","{""detection_events"":14107,""detectors_checked"":34635776}"
    172051,         0,         0,    5.30,standalone_exact_mw,cc9149276d16e61a5ac322a1d2048afebd34054fe0ed4879b77eb616628c1148,"{""distance"":5,""physical_error_rate"":0.0001}","{""detection_events"":15509,""detectors_checked"":38539424}"
   2498560,         1,         0,   119.4,standalone_exact_mw,503ee55b5ad1b1988379a241a0405811522ee4d50b473755532ad1299cb121e2,"{""distance"":5,""physical_error_rate"":0.0005}","{""detection_events"":1164196,""detectors_checked"":559677440,""obs_mistake_mask=E"":1}"
    147456,         0,         0,    4.90,standalone_exact_mw,cc9149276d16e61a5ac322a1d2048afebd34054fe0ed4879b77eb616628c1148,"{""distance"":5,""physical_error_rate"":0.0001}","{""detection_events"":13882,""detectors_checked"":33030144}"
   2930688,         0,         0,   119.3,standalone_exact_mw,29ae76c7f86edcd2f56343e8109d8463cbc736644db4e57527101e2f1c3606c8,"{""distance"":5,""physical_error_rate"":0.0002}","{""detection_events"":545091,""detectors_checked"":656474112}"
    115486,         0,         0,    3.17,standalone_exact_mw,cc9149276d16e61a5ac322a1d2048afebd34054fe0ed4879b77eb616628c1148,"{""distance"":5,""physical_error_rate"":0.0001}","{""detection_events"":10699,""detectors_checked"":25868864}"
    114688,         0,         0,    2.96,standalone_exact_mw,cc9149276d16e61a5ac322a1d2048afebd34054fe0ed4879b77eb616628c1148,"{""distance"":5,""physical_error_rate"":0.0001}","{""detection_events"":10771,""detectors_checked"":25690112}"
    111616,         0,         0,    3.85,standalone_exact_mw,cc9149276d16e61a5ac322a1d2048afebd34054fe0ed4879b77eb616628c1148,"{""distance"":5,""physical_error_rate"":0.0001}","{""detection_events"":10559,""detectors_checked"":25001984}"
    115486,         0,         0,    5.46,standalone_exact_mw,cc9149276d16e61a5ac322a1d2048afebd34054fe0ed4879b77eb616628c1148,"{""distance"":5,""physical_error_rate"":0.0001}","{""detection_events"":10728,""detectors_checked"":25868864}"
    113664,         0,         0,    3.80,standalone_exact_mw,cc9149276d16e61a5ac322a1d2048afebd34054fe0ed4879b77eb616628c1148,"{""distance"":5,""physical_error_rate"":0.0001}","{""detection_events"":10623,""detectors_checked"":25460736}"
       798,         0,         0,   0.007,standalone_exact_mw,cc9149276d16e61a5ac322a1d2048afebd34054fe0ed4879b77eb616628c1148,"{""distance"":5,""physical_error_rate"":0.0001}","{""detection_events"":50,""detectors_checked"":178752}"
    102965,         0,         0,    2.60,standalone_exact_mw,cc9149276d16e61a5ac322a1d2048afebd34054fe0ed4879b77eb616628c1148,"{""distance"":5,""physical_error_rate"":0.0001}","{""detection_events"":9920,""detectors_checked"":23064160}"
     81920,         0,         0,    2.59,standalone_exact_mw,cc9149276d16e61a5ac322a1d2048afebd34054fe0ed4879b77eb616628c1148,"{""distance"":5,""physical_error_rate"":0.0001}","{""detection_events"":7726,""detectors_checked"":18350080}"
     78848,         0,         0,    2.21,standalone_exact_mw,cc9149276d16e61a5ac322a1d2048afebd34054fe0ed4879b77eb616628c1148,"{""distance"":5,""physical_error_rate"":0.0001}","{""detection_events"":7216,""detectors_checked"":17661952}"
     76335,         0,         0,    2.51,standalone_exact_mw,cc9149276d16e61a5ac322a1d2048afebd34054fe0ed4879b77eb616628c1148,"{""distance"":5,""physical_error_rate"":0.0001}","{""detection_events"":7076,""detectors_checked"":17099040}"
     75776,         0,         0,    2.56,standalone_exact_mw,cc9149276d16e61a5ac322a1d2048afebd34054fe0ed4879b77eb616628c1148,"{""distance"":5,""physical_error_rate"":0.0001}","{""detection_events"":6905,""detectors_checked"":16973824}"
   2407424,         1,         0,   119.4,standalone_exact_mw,503ee55b5ad1b1988379a241a0405811522ee4d50b473755532ad1299cb121e2,"{""distance"":5,""physical_error_rate"":0.0005}","{""detection_events"":1121140,""detectors_checked"":539262976,""obs_mistake_mask=E"":1}"
     65045,         0,         0,    1.56,standalone_exact_mw,cc9149276d16e61a5ac322a1d2048afebd34054fe0ed4879b77eb616628c1148,"{""distance"":5,""physical_error_rate"":0.0001}","{""detection_events"":6052,""detectors_checked"":14570080}"
     58339,         0,         0,    1.67,standalone_exact_mw,cc9149276d16e61a5ac322a1d2048afebd34054fe0ed4879b77eb616628c1148,"{""distance"":5,""physical_error_rate"":0.0001}","{""detection_events"":5324,""detectors_checked"":13067936}"
     55561,         0,         0,    1.28,standalone_exact_mw,cc9149276d16e61a5ac322a1d2048afebd34054fe0ed4879b77eb616628c1148,"{""distance"":5,""physical_error_rate"":0.0001}","{""detection_events"":5405,""detectors_checked"":12445664}"
     55296,         0,         0,    1.35,standalone_exact_mw,cc9149276d16e61a5ac322a1d2048afebd34054fe0ed4879b77eb616628c1148,"{""distance"":5,""physical_error_rate"":0.0001}","{""detection_events"":5173,""detectors_checked"":12386304}"
     52915,         0,         0,    1.36,standalone_exact_mw,cc9149276d16e61a5ac322a1d2048afebd34054fe0ed4879b77eb616628c1148,"{""distance"":5,""physical_error_rate"":0.0001}","{""detection_events"":4811,""detectors_checked"":11852960}"
     52224,         0,         0,    1.26,standalone_exact_mw,cc9149276d16e61a5ac322a1d2048afebd34054fe0ed4879b77eb616628c1148,"{""distance"":5,""physical_error_rate"":0.0001}","{""detection_events"":4836,""detectors_checked"":11698176}"
     48128,         0,         0,    1.48,standalone_exact_mw,cc9149276d16e61a5ac322a1d2048afebd34054fe0ed4879b77eb616628c1148,"{""distance"":5,""physical_error_rate"":0.0001}","{""detection_events"":4291,""detectors_checked"":10780672}"
   2363392,         1,         0,   119.4,standalone_exact_mw,503ee55b5ad1b1988379a241a0405811522ee4d50b473755532ad1299cb121e2,"{""distance"":5,""physical_error_rate"":0.0005}","{""detection_events"":1100732,""detectors_checked"":529399808,""obs_mistake_mask=E"":1}"
     47762,         0,         0,    1.52,standalone_exact_mw,cc9149276d16e61a5ac322a1d2048afebd34054fe0ed4879b77eb616628c1148,"{""distance"":5,""physical_error_rate"":0.0001}","{""detection_events"":4520,""detectors_checked"":10698688}"
     47104,         0,         0,    1.24,standalone_exact_mw,cc9149276d16e61a5ac322a1d2048afebd34054fe0ed4879b77eb616628c1148,"{""distance"":5,""physical_error_rate"":0.0001}","{""detection_events"":4618,""detectors_checked"":10551296}"
     47104,         0,         0,    1.19,standalone_exact_mw,cc9149276d16e61a5ac322a1d2048afebd34054fe0ed4879b77eb616628c1148,"{""distance"":5,""physical_error_rate"":0.0001}","{""detection_events"":4382,""detectors_checked"":10551296}"
     44032,         0,         0,    1.01,standalone_exact_mw,cc9149276d16e61a5ac322a1d2048afebd34054fe0ed4879b77eb616628c1148,"{""distance"":5,""physical_error_rate"":0.0001}","{""detection_events"":4185,""detectors_checked"":9863168}"
     43008,         0,         0,    1.40,standalone_exact_mw,cc9149276d16e61a5ac322a1d2048afebd34054fe0ed4879b77eb616628c1148,"{""distance"":5,""physical_error_rate"":0.0001}","{""detection_events"":4328,""detectors_checked"":9633792}"
     44032,         0,         0,    1.42,standalone_exact_mw,cc9149276d16e61a5ac322a1d2048afebd34054fe0ed4879b77eb616628c1148,"{""distance"":5,""physical_error_rate"":0.0001}","{""detection_events"":4136,""detectors_checked"":9863168}"
     47104,         0,         0,    1.35,standalone_exact_mw,cc9149276d16e61a5ac322a1d2048afebd34054fe0ed4879b77eb616628c1148,"{""distance"":5,""physical_error_rate"":0.0001}","{""detection_events"":4244,""detectors_checked"":10551296}"
     45056,         0,         0,    1.15,standalone_exact_mw,cc9149276d16e61a5ac322a1d2048afebd34054fe0ed4879b77eb616628c1148,"{""distance"":5,""physical_error_rate"":0.0001}","{""detection_events"":4214,""detectors_checked"":10092544}"
     40709,         0,         0,    1.06,standalone_exact_mw,cc9149276d16e61a5ac322a1d2048afebd34054fe0ed4879b77eb616628c1148,"{""distance"":5,""physical_error_rate"":0.0001}","{""detection_events"":3862,""detectors_checked"":9118816}"
     34816,         0,         0,    1.04,standalone_exact_mw,cc9149276d16e61a5ac322a1d2048afebd34054fe0ed4879b77eb616628c1148,"{""distance"":5,""physical_error_rate"":0.0001}","{""detection_events"":3264,""detectors_checked"":7798784}"
       658,         0,         0,   0.006,standalone_exact_mw,cc9149276d16e61a5ac322a1d2048afebd34054fe0ed4879b77eb616628c1148,"{""distance"":5,""physical_error_rate"":0.0001}","{""detection_events"":68,""detectors_checked"":147392}"
       658,         0,         0,   0.006,standalone_exact_mw,cc9149276d16e61a5ac322a1d2048afebd34054fe0ed4879b77eb616628c1148,"{""distance"":5,""physical_error_rate"":0.0001}","{""detection_events"":96,""detectors_checked"":147392}"
     28672,         0,         0,   0.762,standalone_exact_mw,cc9149276d16e61a5ac322a1d2048afebd34054fe0ed4879b77eb616628c1148,"{""distance"":5,""physical_error_rate"":0.0001}","{""detection_events"":2585,""detectors_checked"":6422528}"
     24576,         0,         0,   0.500,standalone_exact_mw,cc9149276d16e61a5ac322a1d2048afebd34054fe0ed4879b77eb616628c1148,"{""distance"":5,""physical_error_rate"":0.0001}","{""detection_events"":2396,""detectors_checked"":5505024}"
     40709,         0,         0,    1.28,standalone_exact_mw,cc9149276d16e61a5ac322a1d2048afebd34054fe0ed4879b77eb616628c1148,"{""distance"":5,""physical_error_rate"":0.0001}","{""detection_events"":3695,""detectors_checked"":9118816}"
     21504,         0,         0,    1.22,standalone_exact_mw,cc9149276d16e61a5ac322a1d2048afebd34054fe0ed4879b77eb616628c1148,"{""distance"":5,""physical_error_rate"":0.0001}","{""detection_events"":1984,""detectors_checked"":4816896}"
     30720,         0,         0,   0.784,standalone_exact_mw,cc9149276d16e61a5ac322a1d2048afebd34054fe0ed4879b77eb616628c1148,"{""distance"":5,""physical_error_rate"":0.0001}","{""detection_events"":2836,""detectors_checked"":6881280}"
     18432,         0,         0,   0.452,standalone_exact_mw,cc9149276d16e61a5ac322a1d2048afebd34054fe0ed4879b77eb616628c1148,"{""distance"":5,""physical_error_rate"":0.0001}","{""detection_events"":1669,""detectors_checked"":4128768}"
     17460,         0,         0,   0.280,standalone_exact_mw,cc9149276d16e61a5ac322a1d2048afebd34054fe0ed4879b77eb616628c1148,"{""distance"":5,""physical_error_rate"":0.0001}","{""detection_events"":1701,""detectors_checked"":3911040}"
     13312,         0,         0,   0.293,standalone_exact_mw,cc9149276d16e61a5ac322a1d2048afebd34054fe0ed4879b77eb616628c1148,"{""distance"":5,""physical_error_rate"":0.0001}","{""detection_events"":1214,""detectors_checked"":2981888}"
     13264,         0,         0,   0.336,standalone_exact_mw,cc9149276d16e61a5ac322a1d2048afebd34054fe0ed4879b77eb616628c1148,"{""distance"":5,""physical_error_rate"":0.0001}","{""detection_events"":1192,""detectors_checked"":2971136}"
     13264,         0,         0,   0.292,standalone_exact_mw,cc9149276d16e61a5ac322a1d2048afebd34054fe0ed4879b77eb616628c1148,"{""distance"":5,""physical_error_rate"":0.0001}","{""detection_events"":1252,""detectors_checked"":2971136}"
     12288,         0,         0,   0.314,standalone_exact_mw,cc9149276d16e61a5ac322a1d2048afebd34054fe0ed4879b77eb616628c1148,"{""distance"":5,""physical_error_rate"":0.0001}","{""detection_events"":1188,""detectors_checked"":2752512}"
       976,         0,         0,   0.023,standalone_exact_mw,cc9149276d16e61a5ac322a1d2048afebd34054fe0ed4879b77eb616628c1148,"{""distance"":5,""physical_error_rate"":0.0001}","{""detection_events"":120,""detectors_checked"":218624}"
     11242,         0,         0,   0.270,standalone_exact_mw,cc9149276d16e61a5ac322a1d2048afebd34054fe0ed4879b77eb616628c1148,"{""distance"":5,""physical_error_rate"":0.0001}","{""detection_events"":1063,""detectors_checked"":2518208}"
       697,         0,         0,   0.020,standalone_exact_mw,cc9149276d16e61a5ac322a1d2048afebd34054fe0ed4879b77eb616628c1148,"{""distance"":5,""physical_error_rate"":0.0001}","{""detection_events"":60,""detectors_checked"":156128}"
     11264,         0,         0,   0.258,standalone_exact_mw,cc9149276d16e61a5ac322a1d2048afebd34054fe0ed4879b77eb616628c1148,"{""distance"":5,""physical_error_rate"":0.0001}","{""detection_events"":1052,""detectors_checked"":2523136}"
     11264,         0,         0,   0.293,standalone_exact_mw,cc9149276d16e61a5ac322a1d2048afebd34054fe0ed4879b77eb616628c1148,"{""distance"":5,""physical_error_rate"":0.0001}","{""detection_events"":1140,""detectors_checked"":2523136}"
     10200,         0,         0,   0.264,standalone_exact_mw,cc9149276d16e61a5ac322a1d2048afebd34054fe0ed4879b77eb616628c1148,"{""distance"":5,""physical_error_rate"":0.0001}","{""detection_events"":921,""detectors_checked"":2284800}"
       930,         0,         0,   0.008,standalone_exact_mw,cc9149276d16e61a5ac322a1d2048afebd34054fe0ed4879b77eb616628c1148,"{""distance"":5,""physical_error_rate"":0.0001}","{""detection_events"":70,""detectors_checked"":208320}"
      8608,         0,         0,   0.260,standalone_exact_mw,cc9149276d16e61a5ac322a1d2048afebd34054fe0ed4879b77eb616628c1148,"{""distance"":5,""physical_error_rate"":0.0001}","{""detection_events"":875,""detectors_checked"":1928192}"
     10200,         0,         0,   0.219,standalone_exact_mw,cc9149276d16e61a5ac322a1d2048afebd34054fe0ed4879b77eb616628c1148,"{""distance"":5,""physical_error_rate"":0.0001}","{""detection_events"":918,""detectors_checked"":2284800}"
     10200,         0,         0,   0.241,standalone_exact_mw,cc9149276d16e61a5ac322a1d2048afebd34054fe0ed4879b77eb616628c1148,"{""distance"":5,""physical_error_rate"":0.0001}","{""detection_events"":900,""detectors_checked"":2284800}"
      9216,         0,         0,   0.290,standalone_exact_mw,cc9149276d16e61a5ac322a1d2048afebd34054fe0ed4879b77eb616628c1148,"{""distance"":5,""physical_error_rate"":0.0001}","{""detection_events"":760,""detectors_checked"":2064384}"
      9216,         0,         0,   0.263,standalone_exact_mw,cc9149276d16e61a5ac322a1d2048afebd34054fe0ed4879b77eb616628c1148,"{""distance"":5,""physical_error_rate"":0.0001}","{""detection_events"":870,""detectors_checked"":2064384}"
      9216,         0,         0,   0.282,standalone_exact_mw,cc9149276d16e61a5ac322a1d2048afebd34054fe0ed4879b77eb616628c1148,"{""distance"":5,""physical_error_rate"":0.0001}","{""detection_events"":862,""detectors_checked"":2064384}"
     10200,         0,         0,   0.265,standalone_exact_mw,cc9149276d16e61a5ac322a1d2048afebd34054fe0ed4879b77eb616628c1148,"{""distance"":5,""physical_error_rate"":0.0001}","{""detection_events"":957,""detectors_checked"":2284800}"
      9216,         0,         0,   0.259,standalone_exact_mw,cc9149276d16e61a5ac322a1d2048afebd34054fe0ed4879b77eb616628c1148,"{""distance"":5,""physical_error_rate"":0.0001}","{""detection_events"":863,""detectors_checked"":2064384}"
       984,         0,         0,   0.013,standalone_exact_mw,cc9149276d16e61a5ac322a1d2048afebd34054fe0ed4879b77eb616628c1148,"{""distance"":5,""physical_error_rate"":0.0001}","{""detection_events"":104,""detectors_checked"":220416}"
      9216,         0,         0,   0.193,standalone_exact_mw,cc9149276d16e61a5ac322a1d2048afebd34054fe0ed4879b77eb616628c1148,"{""distance"":5,""physical_error_rate"":0.0001}","{""detection_events"":899,""detectors_checked"":2064384}"
       454,         0,         0,   0.004,standalone_exact_mw,cc9149276d16e61a5ac322a1d2048afebd34054fe0ed4879b77eb616628c1148,"{""distance"":5,""physical_error_rate"":0.0001}","{""detection_events"":28,""detectors_checked"":101696}"
     10200,         0,         0,   0.309,standalone_exact_mw,cc9149276d16e61a5ac322a1d2048afebd34054fe0ed4879b77eb616628c1148,"{""distance"":5,""physical_error_rate"":0.0001}","{""detection_events"":961,""detectors_checked"":2284800}"
      8192,         0,         0,   0.208,standalone_exact_mw,cc9149276d16e61a5ac322a1d2048afebd34054fe0ed4879b77eb616628c1148,"{""distance"":5,""physical_error_rate"":0.0001}","{""detection_events"":740,""detectors_checked"":1835008}"
     10200,         0,         0,   0.312,standalone_exact_mw,cc9149276d16e61a5ac322a1d2048afebd34054fe0ed4879b77eb616628c1148,"{""distance"":5,""physical_error_rate"":0.0001}","{""detection_events"":908,""detectors_checked"":2284800}"
       984,         0,         0,   0.009,standalone_exact_mw,cc9149276d16e61a5ac322a1d2048afebd34054fe0ed4879b77eb616628c1148,"{""distance"":5,""physical_error_rate"":0.0001}","{""detection_events"":114,""detectors_checked"":220416}"
       984,         0,         0,   0.009,standalone_exact_mw,cc9149276d16e61a5ac322a1d2048afebd34054fe0ed4879b77eb616628c1148,"{""distance"":5,""physical_error_rate"":0.0001}","{""detection_events"":99,""detectors_checked"":220416}"
       256,         0,         0,   0.002,standalone_exact_mw,cc9149276d16e61a5ac322a1d2048afebd34054fe0ed4879b77eb616628c1148,"{""distance"":5,""physical_error_rate"":0.0001}","{""detection_events"":30,""detectors_checked"":57344}"
      3072,         0,         0,   0.047,standalone_exact_mw,cc9149276d16e61a5ac322a1d2048afebd34054fe0ed4879b77eb616628c1148,"{""distance"":5,""physical_error_rate"":0.0001}","{""detection_events"":296,""detectors_checked"":688128}"
      8154,         0,         0,   0.160,standalone_exact_mw,cc9149276d16e61a5ac322a1d2048afebd34054fe0ed4879b77eb616628c1148,"{""distance"":5,""physical_error_rate"":0.0001}","{""detection_events"":740,""detectors_checked"":1826496}"
       416,         0,         0,   0.004,standalone_exact_mw,cc9149276d16e61a5ac322a1d2048afebd34054fe0ed4879b77eb616628c1148,"{""distance"":5,""physical_error_rate"":0.0001}","{""detection_events"":12,""detectors_checked"":93184}"
      3072,         0,         0,   0.042,standalone_exact_mw,cc9149276d16e61a5ac322a1d2048afebd34054fe0ed4879b77eb616628c1148,"{""distance"":5,""physical_error_rate"":0.0001}","{""detection_events"":323,""detectors_checked"":688128}"
       984,         0,         0,   0.010,standalone_exact_mw,cc9149276d16e61a5ac322a1d2048afebd34054fe0ed4879b77eb616628c1148,"{""distance"":5,""physical_error_rate"":0.0001}","{""detection_events"":92,""detectors_checked"":220416}"
     10200,         0,         0,   0.242,standalone_exact_mw,cc9149276d16e61a5ac322a1d2048afebd34054fe0ed4879b77eb616628c1148,"{""distance"":5,""physical_error_rate"":0.0001}","{""detection_events"":901,""detectors_checked"":2284800}"
       214,         0,         0,   0.002,standalone_exact_mw,cc9149276d16e61a5ac322a1d2048afebd34054fe0ed4879b77eb616628c1148,"{""distance"":5,""physical_error_rate"":0.0001}","{""detection_events"":15,""detectors_checked"":47936}"
      2046,         0,         0,   0.024,standalone_exact_mw,cc9149276d16e61a5ac322a1d2048afebd34054fe0ed4879b77eb616628c1148,"{""distance"":5,""physical_error_rate"":0.0001}","{""detection_events"":183,""detectors_checked"":458304}"
       984,         0,         0,   0.015,standalone_exact_mw,cc9149276d16e61a5ac322a1d2048afebd34054fe0ed4879b77eb616628c1148,"{""distance"":5,""physical_error_rate"":0.0001}","{""detection_events"":106,""detectors_checked"":220416}"
       190,         0,         0,   0.002,standalone_exact_mw,cc9149276d16e61a5ac322a1d2048afebd34054fe0ed4879b77eb616628c1148,"{""distance"":5,""physical_error_rate"":0.0001}","{""detection_events"":30,""detectors_checked"":42560}"
        10,         0,         0,   0.000,standalone_exact_mw,cc9149276d16e61a5ac322a1d2048afebd34054fe0ed4879b77eb616628c1148,"{""distance"":5,""physical_error_rate"":0.0001}","{""detectors_checked"":2240}"
      3072,         0,         0,   0.066,standalone_exact_mw,cc9149276d16e61a5ac322a1d2048afebd34054fe0ed4879b77eb616628c1148,"{""distance"":5,""physical_error_rate"":0.0001}","{""detection_events"":283,""detectors_checked"":688128}"
       421,         0,         0,   0.004,standalone_exact_mw,cc9149276d16e61a5ac322a1d2048afebd34054fe0ed4879b77eb616628c1148,"{""distance"":5,""physical_error_rate"":0.0001}","{""detection_events"":43,""detectors_checked"":94304}"
       413,         0,         0,   0.004,standalone_exact_mw,cc9149276d16e61a5ac322a1d2048afebd34054fe0ed4879b77eb616628c1148,"{""distance"":5,""physical_error_rate"":0.0001}","{""detection_events"":75,""detectors_checked"":92512}"
      3558,         0,         0,   0.062,standalone_exact_mw,cc9149276d16e61a5ac322a1d2048afebd34054fe0ed4879b77eb616628c1148,"{""distance"":5,""physical_error_rate"":0.0001}","{""detection_events"":363,""detectors_checked"":796992}"
       925,         0,         0,   0.008,standalone_exact_mw,cc9149276d16e61a5ac322a1d2048afebd34054fe0ed4879b77eb616628c1148,"{""distance"":5,""physical_error_rate"":0.0001}","{""detection_events"":97,""detectors_checked"":207200}"
      3072,         0,         0,   0.046,standalone_exact_mw,cc9149276d16e61a5ac322a1d2048afebd34054fe0ed4879b77eb616628c1148,"{""distance"":5,""physical_error_rate"":0.0001}","{""detection_events"":247,""detectors_checked"":688128}"
      6144,         0,         0,   0.136,standalone_exact_mw,cc9149276d16e61a5ac322a1d2048afebd34054fe0ed4879b77eb616628c1148,"{""distance"":5,""physical_error_rate"":0.0001}","{""detection_events"":539,""detectors_checked"":1376256}"
      6743,         0,         0,   0.145,standalone_exact_mw,cc9149276d16e61a5ac322a1d2048afebd34054fe0ed4879b77eb616628c1148,"{""distance"":5,""physical_error_rate"":0.0001}","{""detection_events"":686,""detectors_checked"":1510432}"
       141,         0,         0,   0.002,standalone_exact_mw,cc9149276d16e61a5ac322a1d2048afebd34054fe0ed4879b77eb616628c1148,"{""distance"":5,""physical_error_rate"":0.0001}","{""detection_events"":9,""detectors_checked"":31584}"
      2048,         0,         0,   0.028,standalone_exact_mw,cc9149276d16e61a5ac322a1d2048afebd34054fe0ed4879b77eb616628c1148,"{""distance"":5,""physical_error_rate"":0.0001}","{""detection_events"":191,""detectors_checked"":458752}"
       410,         0,         0,   0.004,standalone_exact_mw,cc9149276d16e61a5ac322a1d2048afebd34054fe0ed4879b77eb616628c1148,"{""distance"":5,""physical_error_rate"":0.0001}","{""detection_events"":40,""detectors_checked"":91840}"
       158,         0,         0,   0.002,standalone_exact_mw,cc9149276d16e61a5ac322a1d2048afebd34054fe0ed4879b77eb616628c1148,"{""distance"":5,""physical_error_rate"":0.0001}","{""detection_events"":12,""detectors_checked"":35392}"
       388,         0,         0,   0.004,standalone_exact_mw,cc9149276d16e61a5ac322a1d2048afebd34054fe0ed4879b77eb616628c1148,"{""distance"":5,""physical_error_rate"":0.0001}","{""detection_events"":44,""detectors_checked"":86912}"
        76,         0,         0,   0.001,standalone_exact_mw,cc9149276d16e61a5ac322a1d2048afebd34054fe0ed4879b77eb616628c1148,"{""distance"":5,""physical_error_rate"":0.0001}","{""detection_events"":7,""detectors_checked"":17024}"
      1024,         0,         0,   0.009,standalone_exact_mw,cc9149276d16e61a5ac322a1d2048afebd34054fe0ed4879b77eb616628c1148,"{""distance"":5,""physical_error_rate"":0.0001}","{""detection_events"":66,""detectors_checked"":229376}"
       307,         0,         0,   0.003,standalone_exact_mw,cc9149276d16e61a5ac322a1d2048afebd34054fe0ed4879b77eb616628c1148,"{""distance"":5,""physical_error_rate"":0.0001}","{""detection_events"":19,""detectors_checked"":68768}"
       410,         0,         0,   0.004,standalone_exact_mw,cc9149276d16e61a5ac322a1d2048afebd34054fe0ed4879b77eb616628c1148,"{""distance"":5,""physical_error_rate"":0.0001}","{""detection_events"":41,""detectors_checked"":91840}"
      1024,         0,         0,   0.011,standalone_exact_mw,cc9149276d16e61a5ac322a1d2048afebd34054fe0ed4879b77eb616628c1148,"{""distance"":5,""physical_error_rate"":0.0001}","{""detection_events"":98,""detectors_checked"":229376}"
        85,         0,         0,   0.001,standalone_exact_mw,cc9149276d16e61a5ac322a1d2048afebd34054fe0ed4879b77eb616628c1148,"{""distance"":5,""physical_error_rate"":0.0001}","{""detection_events"":6,""detectors_checked"":19040}"
       278,         0,         0,   0.003,standalone_exact_mw,cc9149276d16e61a5ac322a1d2048afebd34054fe0ed4879b77eb616628c1148,"{""distance"":5,""physical_error_rate"":0.0001}","{""detection_events"":35,""detectors_checked"":62272}"
        78,         0,         0,   0.001,standalone_exact_mw,cc9149276d16e61a5ac322a1d2048afebd34054fe0ed4879b77eb616628c1148,"{""distance"":5,""physical_error_rate"":0.0001}","{""detectors_checked"":17472}"
        35,         0,         0,   0.001,standalone_exact_mw,cc9149276d16e61a5ac322a1d2048afebd34054fe0ed4879b77eb616628c1148,"{""distance"":5,""physical_error_rate"":0.0001}","{""detection_events"":2,""detectors_checked"":7840}"
       286,         0,         0,   0.003,standalone_exact_mw,cc9149276d16e61a5ac322a1d2048afebd34054fe0ed4879b77eb616628c1148,"{""distance"":5,""physical_error_rate"":0.0001}","{""detection_events"":41,""detectors_checked"":64064}"
        20,         0,         0,   0.000,standalone_exact_mw,cc9149276d16e61a5ac322a1d2048afebd34054fe0ed4879b77eb616628c1148,"{""distance"":5,""physical_error_rate"":0.0001}","{""detection_events"":2,""detectors_checked"":4480}"
       121,         0,         0,   0.001,standalone_exact_mw,cc9149276d16e61a5ac322a1d2048afebd34054fe0ed4879b77eb616628c1148,"{""distance"":5,""physical_error_rate"":0.0001}","{""detection_events"":7,""detectors_checked"":27104}"
       193,         0,         0,   0.002,standalone_exact_mw,cc9149276d16e61a5ac322a1d2048afebd34054fe0ed4879b77eb616628c1148,"{""distance"":5,""physical_error_rate"":0.0001}","{""detection_events"":23,""detectors_checked"":43232}"
        82,         0,         0,   0.001,standalone_exact_mw,cc9149276d16e61a5ac322a1d2048afebd34054fe0ed4879b77eb616628c1148,"{""distance"":5,""physical_error_rate"":0.0001}","{""detection_events"":5,""detectors_checked"":18368}"
       208,         0,         0,   0.002,standalone_exact_mw,cc9149276d16e61a5ac322a1d2048afebd34054fe0ed4879b77eb616628c1148,"{""distance"":5,""physical_error_rate"":0.0001}","{""detection_events"":14,""detectors_checked"":46592}"
         8,         0,         0,   0.000,standalone_exact_mw,cc9149276d16e61a5ac322a1d2048afebd34054fe0ed4879b77eb616628c1148,"{""distance"":5,""physical_error_rate"":0.0001}","{""detectors_checked"":1792}"
       125,         0,         0,   0.001,standalone_exact_mw,cc9149276d16e61a5ac322a1d2048afebd34054fe0ed4879b77eb616628c1148,"{""distance"":5,""physical_error_rate"":0.0001}","{""detection_events"":8,""detectors_checked"":28000}"
       403,         0,         0,   0.004,standalone_exact_mw,cc9149276d16e61a5ac322a1d2048afebd34054fe0ed4879b77eb616628c1148,"{""distance"":5,""physical_error_rate"":0.0001}","{""detection_events"":46,""detectors_checked"":90272}"
       193,         0,         0,   0.002,standalone_exact_mw,cc9149276d16e61a5ac322a1d2048afebd34054fe0ed4879b77eb616628c1148,"{""distance"":5,""physical_error_rate"":0.0001}","{""detection_events"":24,""detectors_checked"":43232}"
       121,         0,         0,   0.001,standalone_exact_mw,cc9149276d16e61a5ac322a1d2048afebd34054fe0ed4879b77eb616628c1148,"{""distance"":5,""physical_error_rate"":0.0001}","{""detection_events"":6,""detectors_checked"":27104}"
        73,         0,         0,   0.001,standalone_exact_mw,cc9149276d16e61a5ac322a1d2048afebd34054fe0ed4879b77eb616628c1148,"{""distance"":5,""physical_error_rate"":0.0001}","{""detection_events"":4,""detectors_checked"":16352}"
       121,         0,         0,   0.001,standalone_exact_mw,cc9149276d16e61a5ac322a1d2048afebd34054fe0ed4879b77eb616628c1148,"{""distance"":5,""physical_error_rate"":0.0001}","{""detection_events"":22,""detectors_checked"":27104}"
       121,         0,         0,   0.001,standalone_exact_mw,cc9149276d16e61a5ac322a1d2048afebd34054fe0ed4879b77eb616628c1148,"{""distance"":5,""physical_error_rate"":0.0001}","{""detection_events"":16,""detectors_checked"":27104}"
         9,         0,         0,   0.000,standalone_exact_mw,cc9149276d16e61a5ac322a1d2048afebd34054fe0ed4879b77eb616628c1148,"{""distance"":5,""physical_error_rate"":0.0001}","{""detectors_checked"":2016}"
         3,         0,         0,   0.000,standalone_exact_mw,cc9149276d16e61a5ac322a1d2048afebd34054fe0ed4879b77eb616628c1148,"{""distance"":5,""physical_error_rate"":0.0001}","{""detectors_checked"":672}"
         2,         0,         0,   0.000,standalone_exact_mw,cc9149276d16e61a5ac322a1d2048afebd34054fe0ed4879b77eb616628c1148,"{""distance"":5,""physical_error_rate"":0.0001}","{""detectors_checked"":448}"
         3,         0,         0,   0.000,standalone_exact_mw,cc9149276d16e61a5ac322a1d2048afebd34054fe0ed4879b77eb616628c1148,"{""distance"":5,""physical_error_rate"":0.0001}","{""detection_events"":2,""detectors_checked"":672}"
         9,         0,         0,   0.000,standalone_exact_mw,cc9149276d16e61a5ac322a1d2048afebd34054fe0ed4879b77eb616628c1148,"{""distance"":5,""physical_error_rate"":0.0001}","{""detectors_checked"":2016}"
         3,         0,         0,   0.000,standalone_exact_mw,cc9149276d16e61a5ac322a1d2048afebd34054fe0ed4879b77eb616628c1148,"{""distance"":5,""physical_error_rate"":0.0001}","{""detectors_checked"":672}"
         3,         0,         0,   0.000,standalone_exact_mw,cc9149276d16e61a5ac322a1d2048afebd34054fe0ed4879b77eb616628c1148,"{""distance"":5,""physical_error_rate"":0.0001}","{""detectors_checked"":672}"
         2,         0,         0,   0.000,standalone_exact_mw,cc9149276d16e61a5ac322a1d2048afebd34054fe0ed4879b77eb616628c1148,"{""distance"":5,""physical_error_rate"":0.0001}","{""detectors_checked"":448}"
         3,         0,         0,   0.000,standalone_exact_mw,cc9149276d16e61a5ac322a1d2048afebd34054fe0ed4879b77eb616628c1148,"{""distance"":5,""physical_error_rate"":0.0001}","{""detectors_checked"":672}"
         3,         0,         0,   0.000,standalone_exact_mw,cc9149276d16e61a5ac322a1d2048afebd34054fe0ed4879b77eb616628c1148,"{""distance"":5,""physical_error_rate"":0.0001}","{""detectors_checked"":672}"
         1,         0,         0,   0.000,standalone_exact_mw,cc9149276d16e61a5ac322a1d2048afebd34054fe0ed4879b77eb616628c1148,"{""distance"":5,""physical_error_rate"":0.0001}","{""detectors_checked"":224}"
         1,         0,         0,   0.000,standalone_exact_mw,cc9149276d16e61a5ac322a1d2048afebd34054fe0ed4879b77eb616628c1148,"{""distance"":5,""physical_error_rate"":0.0001}","{""detectors_checked"":224}"
         1,         0,         0,   0.000,standalone_exact_mw,cc9149276d16e61a5ac322a1d2048afebd34054fe0ed4879b77eb616628c1148,"{""distance"":5,""physical_error_rate"":0.0001}","{""detectors_checked"":224}"
         1,         0,         0,   0.000,standalone_exact_mw,cc9149276d16e61a5ac322a1d2048afebd34054fe0ed4879b77eb616628c1148,"{""distance"":5,""physical_error_rate"":0.0001}","{""detectors_checked"":224}"
         2,         0,         0,   0.000,standalone_exact_mw,cc9149276d16e61a5ac322a1d2048afebd34054fe0ed4879b77eb616628c1148,"{""distance"":5,""physical_error_rate"":0.0001}","{""detectors_checked"":448}"
         2,         0,         0,   0.000,standalone_exact_mw,cc9149276d16e61a5ac322a1d2048afebd34054fe0ed4879b77eb616628c1148,"{""distance"":5,""physical_error_rate"":0.0001}","{""detectors_checked"":448}"
         1,         0,         0,   0.000,standalone_exact_mw,cc9149276d16e61a5ac322a1d2048afebd34054fe0ed4879b77eb616628c1148,"{""distance"":5,""physical_error_rate"":0.0001}","{""detectors_checked"":224}"
         1,         0,         0,   0.000,standalone_exact_mw,cc9149276d16e61a5ac322a1d2048afebd34054fe0ed4879b77eb616628c1148,"{""distance"":5,""physical_error_rate"":0.0001}","{""detectors_checked"":224}"
         1,         0,         0,   0.000,standalone_exact_mw,cc9149276d16e61a5ac322a1d2048afebd34054fe0ed4879b77eb616628c1148,"{""distance"":5,""physical_error_rate"":0.0001}","{""detectors_checked"":224}"
         1,         0,         0,   0.000,standalone_exact_mw,cc9149276d16e61a5ac322a1d2048afebd34054fe0ed4879b77eb616628c1148,"{""distance"":5,""physical_error_rate"":0.0001}","{""detection_events"":2,""detectors_checked"":224}"
         1,         0,         0,   0.000,standalone_exact_mw,cc9149276d16e61a5ac322a1d2048afebd34054fe0ed4879b77eb616628c1148,"{""distance"":5,""physical_error_rate"":0.0001}","{""detectors_checked"":224}"
         1,         0,         0,   0.000,standalone_exact_mw,cc9149276d16e61a5ac322a1d2048afebd34054fe0ed4879b77eb616628c1148,"{""distance"":5,""physical_error_rate"":0.0001}","{""detectors_checked"":224}"
         1,         0,         0,   0.000,standalone_exact_mw,cc9149276d16e61a5ac322a1d2048afebd34054fe0ed4879b77eb616628c1148,"{""distance"":5,""physical_error_rate"":0.0001}","{""detectors_checked"":224}"
         1,         0,         0,   0.000,standalone_exact_mw,cc9149276d16e61a5ac322a1d2048afebd34054fe0ed4879b77eb616628c1148,"{""distance"":5,""physical_error_rate"":0.0001}","{""detectors_checked"":224}"
         1,         0,         0,   0.000,standalone_exact_mw,cc9149276d16e61a5ac322a1d2048afebd34054fe0ed4879b77eb616628c1148,"{""distance"":5,""physical_error_rate"":0.0001}","{""detectors_checked"":224}"
         1,         0,         0,   0.000,standalone_exact_mw,cc9149276d16e61a5ac322a1d2048afebd34054fe0ed4879b77eb616628c1148,"{""distance"":5,""physical_error_rate"":0.0001}","{""detectors_checked"":224}"
    857088,         0,         0,    32.0,standalone_exact_mw,29ae76c7f86edcd2f56343e8109d8463cbc736644db4e57527101e2f1c3606c8,"{""distance"":5,""physical_error_rate"":0.0002}","{""detection_events"":159725,""detectors_checked"":191987712}"
    931840,         0,         0,    31.9,standalone_exact_mw,29ae76c7f86edcd2f56343e8109d8463cbc736644db4e57527101e2f1c3606c8,"{""distance"":5,""physical_error_rate"":0.0002}","{""detection_events"":173717,""detectors_checked"":208732160}"
    733184,         0,         0,    31.8,standalone_exact_mw,29ae76c7f86edcd2f56343e8109d8463cbc736644db4e57527101e2f1c3606c8,"{""distance"":5,""physical_error_rate"":0.0002}","{""detection_events"":136020,""detectors_checked"":164233216}"
   1020928,         0,         0,    31.9,standalone_exact_mw,29ae76c7f86edcd2f56343e8109d8463cbc736644db4e57527101e2f1c3606c8,"{""distance"":5,""physical_error_rate"":0.0002}","{""detection_events"":189663,""detectors_checked"":228687872}"
    616448,         1,         0,    32.1,standalone_exact_mw,503ee55b5ad1b1988379a241a0405811522ee4d50b473755532ad1299cb121e2,"{""distance"":5,""physical_error_rate"":0.0005}","{""detection_events"":285302,""detectors_checked"":138084352,""obs_mistake_mask=E"":1}"
    838656,         1,         0,    32.0,standalone_exact_mw,503ee55b5ad1b1988379a241a0405811522ee4d50b473755532ad1299cb121e2,"{""distance"":5,""physical_error_rate"":0.0005}","{""detection_events"":392114,""detectors_checked"":187858944,""obs_mistake_mask=E"":1}"
   2858173,         0,         0,   107.3,standalone_exact_mw,29ae76c7f86edcd2f56343e8109d8463cbc736644db4e57527101e2f1c3606c8,"{""distance"":5,""physical_error_rate"":0.0002}","{""detection_events"":531260,""detectors_checked"":640230752}"
   2704384,         0,         0,   106.9,standalone_exact_mw,29ae76c7f86edcd2f56343e8109d8463cbc736644db4e57527101e2f1c3606c8,"{""distance"":5,""physical_error_rate"":0.0002}","{""detection_events"":504110,""detectors_checked"":605782016}"
   2817024,         0,         0,   101.5,standalone_exact_mw,29ae76c7f86edcd2f56343e8109d8463cbc736644db4e57527101e2f1c3606c8,"{""distance"":5,""physical_error_rate"":0.0002}","{""detection_events"":523588,""detectors_checked"":631013376}"
   2796544,         0,         0,   102.8,standalone_exact_mw,29ae76c7f86edcd2f56343e8109d8463cbc736644db4e57527101e2f1c3606c8,"{""distance"":5,""physical_error_rate"":0.0002}","{""detection_events"":520215,""detectors_checked"":626425856}"
    832512,         0,         0,    32.0,standalone_exact_mw,503ee55b5ad1b1988379a241a0405811522ee4d50b473755532ad1299cb121e2,"{""distance"":5,""physical_error_rate"":0.0005}","{""detection_events"":388002,""detectors_checked"":186482688}"
    812032,         2,         0,    32.0,standalone_exact_mw,503ee55b5ad1b1988379a241a0405811522ee4d50b473755532ad1299cb121e2,"{""distance"":5,""physical_error_rate"":0.0005}","{""detection_events"":377912,""detectors_checked"":181895168,""obs_mistake_mask=E"":2}"
   1069056,         0,         0,    32.0,standalone_exact_mw,29ae76c7f86edcd2f56343e8109d8463cbc736644db4e57527101e2f1c3606c8,"{""distance"":5,""physical_error_rate"":0.0002}","{""detection_events"":199157,""detectors_checked"":239468544}"
    823296,         0,         0,    32.0,standalone_exact_mw,503ee55b5ad1b1988379a241a0405811522ee4d50b473755532ad1299cb121e2,"{""distance"":5,""physical_error_rate"":0.0005}","{""detection_events"":384429,""detectors_checked"":184418304}"
    877568,         0,         0,    32.0,standalone_exact_mw,503ee55b5ad1b1988379a241a0405811522ee4d50b473755532ad1299cb121e2,"{""distance"":5,""physical_error_rate"":0.0005}","{""detection_events"":409049,""detectors_checked"":196575232}"
      1297,         0,         0,   0.036,standalone_exact_mw,503ee55b5ad1b1988379a241a0405811522ee4d50b473755532ad1299cb121e2,"{""distance"":5,""physical_error_rate"":0.0005}","{""detection_events"":606,""detectors_checked"":290528}"
      1024,         0,         0,   0.031,standalone_exact_mw,503ee55b5ad1b1988379a241a0405811522ee4d50b473755532ad1299cb121e2,"{""distance"":5,""physical_error_rate"":0.0005}","{""detection_events"":497,""detectors_checked"":229376}"
      1024,         0,         0,   0.037,standalone_exact_mw,503ee55b5ad1b1988379a241a0405811522ee4d50b473755532ad1299cb121e2,"{""distance"":5,""physical_error_rate"":0.0005}","{""detection_events"":547,""detectors_checked"":229376}"
      1024,         0,         0,   0.031,standalone_exact_mw,503ee55b5ad1b1988379a241a0405811522ee4d50b473755532ad1299cb121e2,"{""distance"":5,""physical_error_rate"":0.0005}","{""detection_events"":530,""detectors_checked"":229376}"
      1024,         0,         0,   0.030,standalone_exact_mw,503ee55b5ad1b1988379a241a0405811522ee4d50b473755532ad1299cb121e2,"{""distance"":5,""physical_error_rate"":0.0005}","{""detection_events"":411,""detectors_checked"":229376}"
       273,         0,         0,   0.005,standalone_exact_mw,503ee55b5ad1b1988379a241a0405811522ee4d50b473755532ad1299cb121e2,"{""distance"":5,""physical_error_rate"":0.0005}","{""detection_events"":133,""detectors_checked"":61152}"
      2048,         0,         0,   0.062,standalone_exact_mw,503ee55b5ad1b1988379a241a0405811522ee4d50b473755532ad1299cb121e2,"{""distance"":5,""physical_error_rate"":0.0005}","{""detection_events"":914,""detectors_checked"":458752}"
      1024,         0,         0,   0.034,standalone_exact_mw,503ee55b5ad1b1988379a241a0405811522ee4d50b473755532ad1299cb121e2,"{""distance"":5,""physical_error_rate"":0.0005}","{""detection_events"":431,""detectors_checked"":229376}"
        17,         0,         0,   0.001,standalone_exact_mw,503ee55b5ad1b1988379a241a0405811522ee4d50b473755532ad1299cb121e2,"{""distance"":5,""physical_error_rate"":0.0005}","{""detection_events"":11,""detectors_checked"":3808}"
      1024,         0,         0,   0.031,standalone_exact_mw,503ee55b5ad1b1988379a241a0405811522ee4d50b473755532ad1299cb121e2,"{""distance"":5,""physical_error_rate"":0.0005}","{""detection_events"":489,""detectors_checked"":229376}"
      1280,         0,         0,   0.051,standalone_exact_mw,503ee55b5ad1b1988379a241a0405811522ee4d50b473755532ad1299cb121e2,"{""distance"":5,""physical_error_rate"":0.0005}","{""detection_events"":542,""detectors_checked"":286720}"
      1024,         0,         0,   0.031,standalone_exact_mw,503ee55b5ad1b1988379a241a0405811522ee4d50b473755532ad1299cb121e2,"{""distance"":5,""physical_error_rate"":0.0005}","{""detection_events"":479,""detectors_checked"":229376}"
      1024,         0,         0,   0.027,standalone_exact_mw,503ee55b5ad1b1988379a241a0405811522ee4d50b473755532ad1299cb121e2,"{""distance"":5,""physical_error_rate"":0.0005}","{""detection_events"":446,""detectors_checked"":229376}"
      3072,         0,         0,   0.094,standalone_exact_mw,503ee55b5ad1b1988379a241a0405811522ee4d50b473755532ad1299cb121e2,"{""distance"":5,""physical_error_rate"":0.0005}","{""detection_events"":1373,""detectors_checked"":688128}"
       273,         0,         0,   0.026,standalone_exact_mw,503ee55b5ad1b1988379a241a0405811522ee4d50b473755532ad1299cb121e2,"{""distance"":5,""physical_error_rate"":0.0005}","{""detection_events"":112,""detectors_checked"":61152}"
      1024,         0,         0,   0.022,standalone_exact_mw,503ee55b5ad1b1988379a241a0405811522ee4d50b473755532ad1299cb121e2,"{""distance"":5,""physical_error_rate"":0.0005}","{""detection_events"":495,""detectors_checked"":229376}"
      1024,         0,         0,   0.022,standalone_exact_mw,503ee55b5ad1b1988379a241a0405811522ee4d50b473755532ad1299cb121e2,"{""distance"":5,""physical_error_rate"":0.0005}","{""detection_events"":494,""detectors_checked"":229376}"
      2048,         0,         0,   0.080,standalone_exact_mw,503ee55b5ad1b1988379a241a0405811522ee4d50b473755532ad1299cb121e2,"{""distance"":5,""physical_error_rate"":0.0005}","{""detection_events"":1058,""detectors_checked"":458752}"
   2009088,         0,         0,   119.5,standalone_exact_mw,503ee55b5ad1b1988379a241a0405811522ee4d50b473755532ad1299cb121e2,"{""distance"":5,""physical_error_rate"":0.0005}","{""detection_events"":935061,""detectors_checked"":450035712}"
      1024,         0,         0,   0.030,standalone_exact_mw,503ee55b5ad1b1988379a241a0405811522ee4d50b473755532ad1299cb121e2,"{""distance"":5,""physical_error_rate"":0.0005}","{""detection_events"":466,""detectors_checked"":229376}"
      1024,         0,         0,   0.030,standalone_exact_mw,503ee55b5ad1b1988379a241a0405811522ee4d50b473755532ad1299cb121e2,"{""distance"":5,""physical_error_rate"":0.0005}","{""detection_events"":449,""detectors_checked"":229376}"
      1024,         0,         0,   0.031,standalone_exact_mw,503ee55b5ad1b1988379a241a0405811522ee4d50b473755532ad1299cb121e2,"{""distance"":5,""physical_error_rate"":0.0005}","{""detection_events"":511,""detectors_checked"":229376}"
      2048,         0,         0,   0.061,standalone_exact_mw,503ee55b5ad1b1988379a241a0405811522ee4d50b473755532ad1299cb121e2,"{""distance"":5,""physical_error_rate"":0.0005}","{""detection_events"":993,""detectors_checked"":458752}"
      3072,         0,         0,   0.113,standalone_exact_mw,503ee55b5ad1b1988379a241a0405811522ee4d50b473755532ad1299cb121e2,"{""distance"":5,""physical_error_rate"":0.0005}","{""detection_events"":1346,""detectors_checked"":688128}"
      2048,         0,         0,   0.075,standalone_exact_mw,503ee55b5ad1b1988379a241a0405811522ee4d50b473755532ad1299cb121e2,"{""distance"":5,""physical_error_rate"":0.0005}","{""detection_events"":977,""detectors_checked"":458752}"
      1024,         0,         0,   0.031,standalone_exact_mw,503ee55b5ad1b1988379a241a0405811522ee4d50b473755532ad1299cb121e2,"{""distance"":5,""physical_error_rate"":0.0005}","{""detection_events"":482,""detectors_checked"":229376}"
        17,         0,         0,   0.001,standalone_exact_mw,503ee55b5ad1b1988379a241a0405811522ee4d50b473755532ad1299cb121e2,"{""distance"":5,""physical_error_rate"":0.0005}","{""detection_events"":11,""detectors_checked"":3808}"
      2048,         0,         0,   0.062,standalone_exact_mw,503ee55b5ad1b1988379a241a0405811522ee4d50b473755532ad1299cb121e2,"{""distance"":5,""physical_error_rate"":0.0005}","{""detection_events"":1048,""detectors_checked"":458752}"
      2048,         0,         0,   0.067,standalone_exact_mw,503ee55b5ad1b1988379a241a0405811522ee4d50b473755532ad1299cb121e2,"{""distance"":5,""physical_error_rate"":0.0005}","{""detection_events"":876,""detectors_checked"":458752}"
      2048,         0,         0,   0.068,standalone_exact_mw,503ee55b5ad1b1988379a241a0405811522ee4d50b473755532ad1299cb121e2,"{""distance"":5,""physical_error_rate"":0.0005}","{""detection_events"":1046,""detectors_checked"":458752}"
      1280,         0,         0,   0.033,standalone_exact_mw,503ee55b5ad1b1988379a241a0405811522ee4d50b473755532ad1299cb121e2,"{""distance"":5,""physical_error_rate"":0.0005}","{""detection_events"":587,""detectors_checked"":286720}"
      2048,         0,         0,   0.069,standalone_exact_mw,503ee55b5ad1b1988379a241a0405811522ee4d50b473755532ad1299cb121e2,"{""distance"":5,""physical_error_rate"":0.0005}","{""detection_events"":899,""detectors_checked"":458752}"
      1024,         0,         0,   0.056,standalone_exact_mw,503ee55b5ad1b1988379a241a0405811522ee4d50b473755532ad1299cb121e2,"{""distance"":5,""physical_error_rate"":0.0005}","{""detection_events"":505,""detectors_checked"":229376}"
      5120,         0,         0,   0.178,standalone_exact_mw,503ee55b5ad1b1988379a241a0405811522ee4d50b473755532ad1299cb121e2,"{""distance"":5,""physical_error_rate"":0.0005}","{""detection_events"":2407,""detectors_checked"":1146880}"
      3072,         0,         0,   0.109,standalone_exact_mw,503ee55b5ad1b1988379a241a0405811522ee4d50b473755532ad1299cb121e2,"{""distance"":5,""physical_error_rate"":0.0005}","{""detection_events"":1309,""detectors_checked"":688128}"
      3072,         0,         0,   0.110,standalone_exact_mw,503ee55b5ad1b1988379a241a0405811522ee4d50b473755532ad1299cb121e2,"{""distance"":5,""physical_error_rate"":0.0005}","{""detection_events"":1426,""detectors_checked"":688128}"
      1024,         0,         0,   0.031,standalone_exact_mw,503ee55b5ad1b1988379a241a0405811522ee4d50b473755532ad1299cb121e2,"{""distance"":5,""physical_error_rate"":0.0005}","{""detection_events"":478,""detectors_checked"":229376}"
      2048,         0,         0,   0.060,standalone_exact_mw,503ee55b5ad1b1988379a241a0405811522ee4d50b473755532ad1299cb121e2,"{""distance"":5,""physical_error_rate"":0.0005}","{""detection_events"":822,""detectors_checked"":458752}"
      3072,         0,         0,   0.101,standalone_exact_mw,503ee55b5ad1b1988379a241a0405811522ee4d50b473755532ad1299cb121e2,"{""distance"":5,""physical_error_rate"":0.0005}","{""detection_events"":1469,""detectors_checked"":688128}"
      4096,         0,         0,   0.140,standalone_exact_mw,503ee55b5ad1b1988379a241a0405811522ee4d50b473755532ad1299cb121e2,"{""distance"":5,""physical_error_rate"":0.0005}","{""detection_events"":1877,""detectors_checked"":917504}"
      4096,         0,         0,   0.163,standalone_exact_mw,503ee55b5ad1b1988379a241a0405811522ee4d50b473755532ad1299cb121e2,"{""distance"":5,""physical_error_rate"":0.0005}","{""detection_events"":1963,""detectors_checked"":917504}"
        17,         0,         0,   0.001,standalone_exact_mw,29ae76c7f86edcd2f56343e8109d8463cbc736644db4e57527101e2f1c3606c8,"{""distance"":5,""physical_error_rate"":0.0002}","{""detection_events"":2,""detectors_checked"":3808}"
      2048,         0,         0,   0.070,standalone_exact_mw,503ee55b5ad1b1988379a241a0405811522ee4d50b473755532ad1299cb121e2,"{""distance"":5,""physical_error_rate"":0.0005}","{""detection_events"":885,""detectors_checked"":458752}"
      1280,         0,         0,   0.023,standalone_exact_mw,29ae76c7f86edcd2f56343e8109d8463cbc736644db4e57527101e2f1c3606c8,"{""distance"":5,""physical_error_rate"":0.0002}","{""detection_events"":230,""detectors_checked"":286720}"
      5120,         0,         0,   0.223,standalone_exact_mw,503ee55b5ad1b1988379a241a0405811522ee4d50b473755532ad1299cb121e2,"{""distance"":5,""physical_error_rate"":0.0005}","{""detection_events"":2245,""detectors_checked"":1146880}"
      1024,         0,         0,   0.010,standalone_exact_mw,29ae76c7f86edcd2f56343e8109d8463cbc736644db4e57527101e2f1c3606c8,"{""distance"":5,""physical_error_rate"":0.0002}","{""detection_events"":187,""detectors_checked"":229376}"
      4096,         0,         0,   0.141,standalone_exact_mw,503ee55b5ad1b1988379a241a0405811522ee4d50b473755532ad1299cb121e2,"{""distance"":5,""physical_error_rate"":0.0005}","{""detection_events"":1934,""detectors_checked"":917504}"
      1024,         0,         0,   0.026,standalone_exact_mw,29ae76c7f86edcd2f56343e8109d8463cbc736644db4e57527101e2f1c3606c8,"{""distance"":5,""physical_error_rate"":0.0002}","{""detection_events"":187,""detectors_checked"":229376}"
      3072,         0,         0,   0.110,standalone_exact_mw,503ee55b5ad1b1988379a241a0405811522ee4d50b473755532ad1299cb121e2,"{""distance"":5,""physical_error_rate"":0.0005}","{""detection_events"":1419,""detectors_checked"":688128}"
      2048,         0,         0,   0.048,standalone_exact_mw,29ae76c7f86edcd2f56343e8109d8463cbc736644db4e57527101e2f1c3606c8,"{""distance"":5,""physical_error_rate"":0.0002}","{""detection_events"":340,""detectors_checked"":458752}"
      5120,         0,         0,   0.200,standalone_exact_mw,503ee55b5ad1b1988379a241a0405811522ee4d50b473755532ad1299cb121e2,"{""distance"":5,""physical_error_rate"":0.0005}","{""detection_events"":2449,""detectors_checked"":1146880}"
      2048,         0,         0,   0.057,standalone_exact_mw,29ae76c7f86edcd2f56343e8109d8463cbc736644db4e57527101e2f1c3606c8,"{""distance"":5,""physical_error_rate"":0.0002}","{""detection_events"":418,""detectors_checked"":458752}"
      5120,         0,         0,   0.203,standalone_exact_mw,503ee55b5ad1b1988379a241a0405811522ee4d50b473755532ad1299cb121e2,"{""distance"":5,""physical_error_rate"":0.0005}","{""detection_events"":2178,""detectors_checked"":1146880}"
      3072,         0,         0,   0.112,standalone_exact_mw,503ee55b5ad1b1988379a241a0405811522ee4d50b473755532ad1299cb121e2,"{""distance"":5,""physical_error_rate"":0.0005}","{""detection_events"":1416,""detectors_checked"":688128}"
      4096,         0,         0,   0.200,standalone_exact_mw,503ee55b5ad1b1988379a241a0405811522ee4d50b473755532ad1299cb121e2,"{""distance"":5,""physical_error_rate"":0.0005}","{""detection_events"":2033,""detectors_checked"":917504}"
      3072,         0,         0,   0.084,standalone_exact_mw,29ae76c7f86edcd2f56343e8109d8463cbc736644db4e57527101e2f1c3606c8,"{""distance"":5,""physical_error_rate"":0.0002}","{""detection_events"":554,""detectors_checked"":688128}"
      8192,         0,         0,   0.307,standalone_exact_mw,503ee55b5ad1b1988379a241a0405811522ee4d50b473755532ad1299cb121e2,"{""distance"":5,""physical_error_rate"":0.0005}","{""detection_events"":3885,""detectors_checked"":1835008}"
      4096,         0,         0,   0.140,standalone_exact_mw,503ee55b5ad1b1988379a241a0405811522ee4d50b473755532ad1299cb121e2,"{""distance"":5,""physical_error_rate"":0.0005}","{""detection_events"":1803,""detectors_checked"":917504}"
      3072,         0,         0,   0.106,standalone_exact_mw,29ae76c7f86edcd2f56343e8109d8463cbc736644db4e57527101e2f1c3606c8,"{""distance"":5,""physical_error_rate"":0.0002}","{""detection_events"":525,""detectors_checked"":688128}"
      8192,         0,         0,   0.306,standalone_exact_mw,503ee55b5ad1b1988379a241a0405811522ee4d50b473755532ad1299cb121e2,"{""distance"":5,""physical_error_rate"":0.0005}","{""detection_events"":3815,""detectors_checked"":1835008}"
      8192,         0,         0,   0.341,standalone_exact_mw,503ee55b5ad1b1988379a241a0405811522ee4d50b473755532ad1299cb121e2,"{""distance"":5,""physical_error_rate"":0.0005}","{""detection_events"":3692,""detectors_checked"":1835008}"
      5120,         0,         0,   0.216,standalone_exact_mw,503ee55b5ad1b1988379a241a0405811522ee4d50b473755532ad1299cb121e2,"{""distance"":5,""physical_error_rate"":0.0005}","{""detection_events"":2304,""detectors_checked"":1146880}"
       273,         0,         0,   0.017,standalone_exact_mw,503ee55b5ad1b1988379a241a0405811522ee4d50b473755532ad1299cb121e2,"{""distance"":5,""physical_error_rate"":0.0005}","{""detection_events"":166,""detectors_checked"":61152}"
      6144,         0,         0,   0.311,standalone_exact_mw,503ee55b5ad1b1988379a241a0405811522ee4d50b473755532ad1299cb121e2,"{""distance"":5,""physical_error_rate"":0.0005}","{""detection_events"":2916,""detectors_checked"":1376256}"
      6144,         0,         0,   0.193,standalone_exact_mw,29ae76c7f86edcd2f56343e8109d8463cbc736644db4e57527101e2f1c3606c8,"{""distance"":5,""physical_error_rate"":0.0002}","{""detection_events"":1137,""detectors_checked"":1376256}"
      1024,         0,         0,   0.034,standalone_exact_mw,503ee55b5ad1b1988379a241a0405811522ee4d50b473755532ad1299cb121e2,"{""distance"":5,""physical_error_rate"":0.0005}","{""detection_events"":479,""detectors_checked"":229376}"
       273,         0,         0,   0.025,standalone_exact_mw,29ae76c7f86edcd2f56343e8109d8463cbc736644db4e57527101e2f1c3606c8,"{""distance"":5,""physical_error_rate"":0.0002}","{""detection_events"":48,""detectors_checked"":61152}"
      1024,         0,         0,   0.034,standalone_exact_mw,29ae76c7f86edcd2f56343e8109d8463cbc736644db4e57527101e2f1c3606c8,"{""distance"":5,""physical_error_rate"":0.0002}","{""detection_events"":238,""detectors_checked"":229376}"
      1024,         0,         0,   0.049,standalone_exact_mw,503ee55b5ad1b1988379a241a0405811522ee4d50b473755532ad1299cb121e2,"{""distance"":5,""physical_error_rate"":0.0005}","{""detection_events"":446,""detectors_checked"":229376}"
       273,         0,         0,   0.017,standalone_exact_mw,503ee55b5ad1b1988379a241a0405811522ee4d50b473755532ad1299cb121e2,"{""distance"":5,""physical_error_rate"":0.0005}","{""detection_events"":138,""detectors_checked"":61152}"
      1024,         0,         0,   0.022,standalone_exact_mw,503ee55b5ad1b1988379a241a0405811522ee4d50b473755532ad1299cb121e2,"{""distance"":5,""physical_error_rate"":0.0005}","{""detection_events"":555,""detectors_checked"":229376}"
      1024,         0,         0,   0.031,standalone_exact_mw,503ee55b5ad1b1988379a241a0405811522ee4d50b473755532ad1299cb121e2,"{""distance"":5,""physical_error_rate"":0.0005}","{""detection_events"":439,""detectors_checked"":229376}"
      1024,         0,         0,   0.052,standalone_exact_mw,29ae76c7f86edcd2f56343e8109d8463cbc736644db4e57527101e2f1c3606c8,"{""distance"":5,""physical_error_rate"":0.0002}","{""detection_events"":203,""detectors_checked"":229376}"
     11264,         0,         0,   0.419,standalone_exact_mw,503ee55b5ad1b1988379a241a0405811522ee4d50b473755532ad1299cb121e2,"{""distance"":5,""physical_error_rate"":0.0005}","{""detection_events"":5103,""detectors_checked"":2523136}"
      1024,         0,         0,   0.023,standalone_exact_mw,503ee55b5ad1b1988379a241a0405811522ee4d50b473755532ad1299cb121e2,"{""distance"":5,""physical_error_rate"":0.0005}","{""detection_events"":497,""detectors_checked"":229376}"
      1024,         0,         0,   0.024,standalone_exact_mw,29ae76c7f86edcd2f56343e8109d8463cbc736644db4e57527101e2f1c3606c8,"{""distance"":5,""physical_error_rate"":0.0002}","{""detection_events"":169,""detectors_checked"":229376}"
      1024,         0,         0,   0.031,standalone_exact_mw,503ee55b5ad1b1988379a241a0405811522ee4d50b473755532ad1299cb121e2,"{""distance"":5,""physical_error_rate"":0.0005}","{""detection_events"":452,""detectors_checked"":229376}"
      1024,         0,         0,   0.031,standalone_exact_mw,503ee55b5ad1b1988379a241a0405811522ee4d50b473755532ad1299cb121e2,"{""distance"":5,""physical_error_rate"":0.0005}","{""detection_events"":533,""detectors_checked"":229376}"
      1024,         0,         0,   0.052,standalone_exact_mw,29ae76c7f86edcd2f56343e8109d8463cbc736644db4e57527101e2f1c3606c8,"{""distance"":5,""physical_error_rate"":0.0002}","{""detection_events"":172,""detectors_checked"":229376}"
      7168,         0,         0,   0.226,standalone_exact_mw,29ae76c7f86edcd2f56343e8109d8463cbc736644db4e57527101e2f1c3606c8,"{""distance"":5,""physical_error_rate"":0.0002}","{""detection_events"":1266,""detectors_checked"":1605632}"
      2048,         0,         0,   0.081,standalone_exact_mw,503ee55b5ad1b1988379a241a0405811522ee4d50b473755532ad1299cb121e2,"{""distance"":5,""physical_error_rate"":0.0005}","{""detection_events"":998,""detectors_checked"":458752}"
      1024,         0,         0,   0.031,standalone_exact_mw,503ee55b5ad1b1988379a241a0405811522ee4d50b473755532ad1299cb121e2,"{""distance"":5,""physical_error_rate"":0.0005}","{""detection_events"":427,""detectors_checked"":229376}"
      2048,         0,         0,   0.084,standalone_exact_mw,29ae76c7f86edcd2f56343e8109d8463cbc736644db4e57527101e2f1c3606c8,"{""distance"":5,""physical_error_rate"":0.0002}","{""detection_events"":376,""detectors_checked"":458752}"
     11264,         0,         0,   0.402,standalone_exact_mw,503ee55b5ad1b1988379a241a0405811522ee4d50b473755532ad1299cb121e2,"{""distance"":5,""physical_error_rate"":0.0005}","{""detection_events"":5181,""detectors_checked"":2523136}"
      7168,         0,         0,   0.307,standalone_exact_mw,503ee55b5ad1b1988379a241a0405811522ee4d50b473755532ad1299cb121e2,"{""distance"":5,""physical_error_rate"":0.0005}","{""detection_events"":3282,""detectors_checked"":1605632}"
      2048,         0,         0,   0.084,standalone_exact_mw,503ee55b5ad1b1988379a241a0405811522ee4d50b473755532ad1299cb121e2,"{""distance"":5,""physical_error_rate"":0.0005}","{""detection_events"":913,""detectors_checked"":458752}"
      2048,         0,         0,   0.080,standalone_exact_mw,503ee55b5ad1b1988379a241a0405811522ee4d50b473755532ad1299cb121e2,"{""distance"":5,""physical_error_rate"":0.0005}","{""detection_events"":975,""detectors_checked"":458752}"
      1297,         0,         0,   0.030,standalone_exact_mw,29ae76c7f86edcd2f56343e8109d8463cbc736644db4e57527101e2f1c3606c8,"{""distance"":5,""physical_error_rate"":0.0002}","{""detection_events"":256,""detectors_checked"":290528}"
      1024,         0,         0,   0.028,standalone_exact_mw,29ae76c7f86edcd2f56343e8109d8463cbc736644db4e57527101e2f1c3606c8,"{""distance"":5,""physical_error_rate"":0.0002}","{""detection_events"":212,""detectors_checked"":229376}"
     10240,         0,         0,   0.446,standalone_exact_mw,503ee55b5ad1b1988379a241a0405811522ee4d50b473755532ad1299cb121e2,"{""distance"":5,""physical_error_rate"":0.0005}","{""detection_events"":4875,""detectors_checked"":2293760}"
      3072,         0,         0,   0.112,standalone_exact_mw,29ae76c7f86edcd2f56343e8109d8463cbc736644db4e57527101e2f1c3606c8,"{""distance"":5,""physical_error_rate"":0.0002}","{""detection_events"":536,""detectors_checked"":688128}"
      2048,         0,         0,   0.074,standalone_exact_mw,503ee55b5ad1b1988379a241a0405811522ee4d50b473755532ad1299cb121e2,"{""distance"":5,""physical_error_rate"":0.0005}","{""detection_events"":902,""detectors_checked"":458752}"
      8192,         0,         0,   0.418,standalone_exact_mw,503ee55b5ad1b1988379a241a0405811522ee4d50b473755532ad1299cb121e2,"{""distance"":5,""physical_error_rate"":0.0005}","{""detection_events"":3631,""detectors_checked"":1835008}"
      1024,         0,         0,   0.028,standalone_exact_mw,29ae76c7f86edcd2f56343e8109d8463cbc736644db4e57527101e2f1c3606c8,"{""distance"":5,""physical_error_rate"":0.0002}","{""detection_events"":215,""detectors_checked"":229376}"
      2048,         0,         0,   0.098,standalone_exact_mw,503ee55b5ad1b1988379a241a0405811522ee4d50b473755532ad1299cb121e2,"{""distance"":5,""physical_error_rate"":0.0005}","{""detection_events"":897,""detectors_checked"":458752}"
      1024,         0,         0,   0.029,standalone_exact_mw,29ae76c7f86edcd2f56343e8109d8463cbc736644db4e57527101e2f1c3606c8,"{""distance"":5,""physical_error_rate"":0.0002}","{""detection_events"":205,""detectors_checked"":229376}"
         1,         0,         0,   0.000,standalone_exact_mw,29ae76c7f86edcd2f56343e8109d8463cbc736644db4e57527101e2f1c3606c8,"{""distance"":5,""physical_error_rate"":0.0002}","{""detectors_checked"":224}"
      2048,         0,         0,   0.049,standalone_exact_mw,29ae76c7f86edcd2f56343e8109d8463cbc736644db4e57527101e2f1c3606c8,"{""distance"":5,""physical_error_rate"":0.0002}","{""detection_events"":407,""detectors_checked"":458752}"
      3072,         0,         0,   0.114,standalone_exact_mw,29ae76c7f86edcd2f56343e8109d8463cbc736644db4e57527101e2f1c3606c8,"{""distance"":5,""physical_error_rate"":0.0002}","{""detection_events"":529,""detectors_checked"":688128}"
         1,         0,         0,   0.000,standalone_exact_mw,29ae76c7f86edcd2f56343e8109d8463cbc736644db4e57527101e2f1c3606c8,"{""distance"":5,""physical_error_rate"":0.0002}","{""detectors_checked"":224}"
      9216,         0,         0,   0.318,standalone_exact_mw,29ae76c7f86edcd2f56343e8109d8463cbc736644db4e57527101e2f1c3606c8,"{""distance"":5,""physical_error_rate"":0.0002}","{""detection_events"":1774,""detectors_checked"":2064384}"
       273,         0,         0,   0.004,standalone_exact_mw,29ae76c7f86edcd2f56343e8109d8463cbc736644db4e57527101e2f1c3606c8,"{""distance"":5,""physical_error_rate"":0.0002}","{""detection_events"":51,""detectors_checked"":61152}"
      1296,         0,         0,   0.034,standalone_exact_mw,29ae76c7f86edcd2f56343e8109d8463cbc736644db4e57527101e2f1c3606c8,"{""distance"":5,""physical_error_rate"":0.0002}","{""detection_events"":244,""detectors_checked"":290304}"
      3072,         0,         0,   0.131,standalone_exact_mw,503ee55b5ad1b1988379a241a0405811522ee4d50b473755532ad1299cb121e2,"{""distance"":5,""physical_error_rate"":0.0005}","{""detection_events"":1415,""detectors_checked"":688128}"
      1024,         0,         0,   0.017,standalone_exact_mw,29ae76c7f86edcd2f56343e8109d8463cbc736644db4e57527101e2f1c3606c8,"{""distance"":5,""physical_error_rate"":0.0002}","{""detection_events"":223,""detectors_checked"":229376}"
      1296,         0,         0,   0.034,standalone_exact_mw,29ae76c7f86edcd2f56343e8109d8463cbc736644db4e57527101e2f1c3606c8,"{""distance"":5,""physical_error_rate"":0.0002}","{""detection_events"":193,""detectors_checked"":290304}"
      1024,         0,         0,   0.026,standalone_exact_mw,29ae76c7f86edcd2f56343e8109d8463cbc736644db4e57527101e2f1c3606c8,"{""distance"":5,""physical_error_rate"":0.0002}","{""detection_events"":192,""detectors_checked"":229376}"
      1024,         0,         0,   0.024,standalone_exact_mw,29ae76c7f86edcd2f56343e8109d8463cbc736644db4e57527101e2f1c3606c8,"{""distance"":5,""physical_error_rate"":0.0002}","{""detection_events"":152,""detectors_checked"":229376}"
      2048,         0,         0,   0.070,standalone_exact_mw,29ae76c7f86edcd2f56343e8109d8463cbc736644db4e57527101e2f1c3606c8,"{""distance"":5,""physical_error_rate"":0.0002}","{""detection_events"":386,""detectors_checked"":458752}"
      4096,         0,         0,   0.160,standalone_exact_mw,503ee55b5ad1b1988379a241a0405811522ee4d50b473755532ad1299cb121e2,"{""distance"":5,""physical_error_rate"":0.0005}","{""detection_events"":1899,""detectors_checked"":917504}"
      1297,         0,         0,   0.049,standalone_exact_mw,29ae76c7f86edcd2f56343e8109d8463cbc736644db4e57527101e2f1c3606c8,"{""distance"":5,""physical_error_rate"":0.0002}","{""detection_events"":230,""detectors_checked"":290528}"
      1024,         0,         0,   0.026,standalone_exact_mw,29ae76c7f86edcd2f56343e8109d8463cbc736644db4e57527101e2f1c3606c8,"{""distance"":5,""physical_error_rate"":0.0002}","{""detection_events"":184,""detectors_checked"":229376}"
      1024,         0,         0,   0.017,standalone_exact_mw,29ae76c7f86edcd2f56343e8109d8463cbc736644db4e57527101e2f1c3606c8,"{""distance"":5,""physical_error_rate"":0.0002}","{""detection_events"":201,""detectors_checked"":229376}"
      1024,         0,         0,   0.025,standalone_exact_mw,29ae76c7f86edcd2f56343e8109d8463cbc736644db4e57527101e2f1c3606c8,"{""distance"":5,""physical_error_rate"":0.0002}","{""detection_events"":213,""detectors_checked"":229376}"
      1024,         0,         0,   0.038,standalone_exact_mw,29ae76c7f86edcd2f56343e8109d8463cbc736644db4e57527101e2f1c3606c8,"{""distance"":5,""physical_error_rate"":0.0002}","{""detection_events"":206,""detectors_checked"":229376}"
      1024,         0,         0,   0.031,standalone_exact_mw,29ae76c7f86edcd2f56343e8109d8463cbc736644db4e57527101e2f1c3606c8,"{""distance"":5,""physical_error_rate"":0.0002}","{""detection_events"":163,""detectors_checked"":229376}"
      3072,         0,         0,   0.067,standalone_exact_mw,29ae76c7f86edcd2f56343e8109d8463cbc736644db4e57527101e2f1c3606c8,"{""distance"":5,""physical_error_rate"":0.0002}","{""detection_events"":628,""detectors_checked"":688128}"
      1024,         0,         0,   0.047,standalone_exact_mw,29ae76c7f86edcd2f56343e8109d8463cbc736644db4e57527101e2f1c3606c8,"{""distance"":5,""physical_error_rate"":0.0002}","{""detection_events"":170,""detectors_checked"":229376}"
      1024,         0,         0,   0.052,standalone_exact_mw,29ae76c7f86edcd2f56343e8109d8463cbc736644db4e57527101e2f1c3606c8,"{""distance"":5,""physical_error_rate"":0.0002}","{""detection_events"":203,""detectors_checked"":229376}"
      2048,         0,         0,   0.083,standalone_exact_mw,29ae76c7f86edcd2f56343e8109d8463cbc736644db4e57527101e2f1c3606c8,"{""distance"":5,""physical_error_rate"":0.0002}","{""detection_events"":308,""detectors_checked"":458752}"
      1024,         0,         0,   0.025,standalone_exact_mw,29ae76c7f86edcd2f56343e8109d8463cbc736644db4e57527101e2f1c3606c8,"{""distance"":5,""physical_error_rate"":0.0002}","{""detection_events"":178,""detectors_checked"":229376}"
      4096,         0,         0,   0.172,standalone_exact_mw,29ae76c7f86edcd2f56343e8109d8463cbc736644db4e57527101e2f1c3606c8,"{""distance"":5,""physical_error_rate"":0.0002}","{""detection_events"":750,""detectors_checked"":917504}"
     15360,         0,         0,   0.572,standalone_exact_mw,503ee55b5ad1b1988379a241a0405811522ee4d50b473755532ad1299cb121e2,"{""distance"":5,""physical_error_rate"":0.0005}","{""detection_events"":6983,""detectors_checked"":3440640}"
      2048,         0,         0,   0.083,standalone_exact_mw,29ae76c7f86edcd2f56343e8109d8463cbc736644db4e57527101e2f1c3606c8,"{""distance"":5,""physical_error_rate"":0.0002}","{""detection_events"":381,""detectors_checked"":458752}"
     10240,         0,         0,   0.424,standalone_exact_mw,503ee55b5ad1b1988379a241a0405811522ee4d50b473755532ad1299cb121e2,"{""distance"":5,""physical_error_rate"":0.0005}","{""detection_events"":4948,""detectors_checked"":2293760}"
      5120,         0,         0,   0.192,standalone_exact_mw,503ee55b5ad1b1988379a241a0405811522ee4d50b473755532ad1299cb121e2,"{""distance"":5,""physical_error_rate"":0.0005}","{""detection_events"":2538,""detectors_checked"":1146880}"
      2048,         0,         0,   0.055,standalone_exact_mw,29ae76c7f86edcd2f56343e8109d8463cbc736644db4e57527101e2f1c3606c8,"{""distance"":5,""physical_error_rate"":0.0002}","{""detection_events"":350,""detectors_checked"":458752}"
      2048,         0,         0,   0.085,standalone_exact_mw,29ae76c7f86edcd2f56343e8109d8463cbc736644db4e57527101e2f1c3606c8,"{""distance"":5,""physical_error_rate"":0.0002}","{""detection_events"":432,""detectors_checked"":458752}"
      2048,         0,         0,   0.078,standalone_exact_mw,29ae76c7f86edcd2f56343e8109d8463cbc736644db4e57527101e2f1c3606c8,"{""distance"":5,""physical_error_rate"":0.0002}","{""detection_events"":384,""detectors_checked"":458752}"
      2048,         0,         0,   0.062,standalone_exact_mw,29ae76c7f86edcd2f56343e8109d8463cbc736644db4e57527101e2f1c3606c8,"{""distance"":5,""physical_error_rate"":0.0002}","{""detection_events"":345,""detectors_checked"":458752}"
      4096,         0,         0,   0.116,standalone_exact_mw,29ae76c7f86edcd2f56343e8109d8463cbc736644db4e57527101e2f1c3606c8,"{""distance"":5,""physical_error_rate"":0.0002}","{""detection_events"":832,""detectors_checked"":917504}"
      6144,         0,         0,   0.216,standalone_exact_mw,503ee55b5ad1b1988379a241a0405811522ee4d50b473755532ad1299cb121e2,"{""distance"":5,""physical_error_rate"":0.0005}","{""detection_events"":2895,""detectors_checked"":1376256}"
      2048,         0,         0,   0.051,standalone_exact_mw,29ae76c7f86edcd2f56343e8109d8463cbc736644db4e57527101e2f1c3606c8,"{""distance"":5,""physical_error_rate"":0.0002}","{""detection_events"":376,""detectors_checked"":458752}"
      2048,         0,         0,   0.083,standalone_exact_mw,29ae76c7f86edcd2f56343e8109d8463cbc736644db4e57527101e2f1c3606c8,"{""distance"":5,""physical_error_rate"":0.0002}","{""detection_events"":424,""detectors_checked"":458752}"
     14336,         0,         0,   0.558,standalone_exact_mw,503ee55b5ad1b1988379a241a0405811522ee4d50b473755532ad1299cb121e2,"{""distance"":5,""physical_error_rate"":0.0005}","{""detection_events"":6673,""detectors_checked"":3211264}"
      3072,         0,         0,   0.114,standalone_exact_mw,29ae76c7f86edcd2f56343e8109d8463cbc736644db4e57527101e2f1c3606c8,"{""distance"":5,""physical_error_rate"":0.0002}","{""detection_events"":639,""detectors_checked"":688128}"
      2048,         0,         0,   0.077,standalone_exact_mw,29ae76c7f86edcd2f56343e8109d8463cbc736644db4e57527101e2f1c3606c8,"{""distance"":5,""physical_error_rate"":0.0002}","{""detection_events"":375,""detectors_checked"":458752}"
      3072,         0,         0,   0.093,standalone_exact_mw,29ae76c7f86edcd2f56343e8109d8463cbc736644db4e57527101e2f1c3606c8,"{""distance"":5,""physical_error_rate"":0.0002}","{""detection_events"":597,""detectors_checked"":688128}"
      6144,         0,         0,   0.221,standalone_exact_mw,29ae76c7f86edcd2f56343e8109d8463cbc736644db4e57527101e2f1c3606c8,"{""distance"":5,""physical_error_rate"":0.0002}","{""detection_events"":1153,""detectors_checked"":1376256}"
      4096,         0,         0,   0.145,standalone_exact_mw,29ae76c7f86edcd2f56343e8109d8463cbc736644db4e57527101e2f1c3606c8,"{""distance"":5,""physical_error_rate"":0.0002}","{""detection_events"":807,""detectors_checked"":917504}"
     13312,         0,         0,   0.421,standalone_exact_mw,29ae76c7f86edcd2f56343e8109d8463cbc736644db4e57527101e2f1c3606c8,"{""distance"":5,""physical_error_rate"":0.0002}","{""detection_events"":2431,""detectors_checked"":2981888}"
      3072,         0,         0,   0.109,standalone_exact_mw,29ae76c7f86edcd2f56343e8109d8463cbc736644db4e57527101e2f1c3606c8,"{""distance"":5,""physical_error_rate"":0.0002}","{""detection_events"":607,""detectors_checked"":688128}"
      6144,         0,         0,   0.245,standalone_exact_mw,503ee55b5ad1b1988379a241a0405811522ee4d50b473755532ad1299cb121e2,"{""distance"":5,""physical_error_rate"":0.0005}","{""detection_events"":2820,""detectors_checked"":1376256}"
     15360,         0,         0,   0.593,standalone_exact_mw,503ee55b5ad1b1988379a241a0405811522ee4d50b473755532ad1299cb121e2,"{""distance"":5,""physical_error_rate"":0.0005}","{""detection_events"":7124,""detectors_checked"":3440640}"
      3072,         0,         0,   0.115,standalone_exact_mw,29ae76c7f86edcd2f56343e8109d8463cbc736644db4e57527101e2f1c3606c8,"{""distance"":5,""physical_error_rate"":0.0002}","{""detection_events"":547,""detectors_checked"":688128}"
      3072,         0,         0,   0.132,standalone_exact_mw,29ae76c7f86edcd2f56343e8109d8463cbc736644db4e57527101e2f1c3606c8,"{""distance"":5,""physical_error_rate"":0.0002}","{""detection_events"":633,""detectors_checked"":688128}"
     12288,         0,         0,   0.616,standalone_exact_mw,503ee55b5ad1b1988379a241a0405811522ee4d50b473755532ad1299cb121e2,"{""distance"":5,""physical_error_rate"":0.0005}","{""detection_events"":5793,""detectors_checked"":2752512}"
      4096,         0,         0,   0.131,standalone_exact_mw,29ae76c7f86edcd2f56343e8109d8463cbc736644db4e57527101e2f1c3606c8,"{""distance"":5,""physical_error_rate"":0.0002}","{""detection_events"":843,""detectors_checked"":917504}"
   2628608,         0,         0,   119.3,standalone_exact_mw,503ee55b5ad1b1988379a241a0405811522ee4d50b473755532ad1299cb121e2,"{""distance"":5,""physical_error_rate"":0.0005}","{""detection_events"":1224533,""detectors_checked"":588808192}"
      8192,         0,         0,   0.295,standalone_exact_mw,503ee55b5ad1b1988379a241a0405811522ee4d50b473755532ad1299cb121e2,"{""distance"":5,""physical_error_rate"":0.0005}","{""detection_events"":3769,""detectors_checked"":1835008}"
         1,         0,         0,   0.000,standalone_exact_mw,503ee55b5ad1b1988379a241a0405811522ee4d50b473755532ad1299cb121e2,"{""distance"":5,""physical_error_rate"":0.0005}","{""detectors_checked"":224}"
      4096,         0,         0,   0.148,standalone_exact_mw,29ae76c7f86edcd2f56343e8109d8463cbc736644db4e57527101e2f1c3606c8,"{""distance"":5,""physical_error_rate"":0.0002}","{""detection_events"":765,""detectors_checked"":917504}"
      1296,         0,         0,   0.052,standalone_exact_mw,503ee55b5ad1b1988379a241a0405811522ee4d50b473755532ad1299cb121e2,"{""distance"":5,""physical_error_rate"":0.0005}","{""detection_events"":560,""detectors_checked"":290304}"
      8192,         0,         0,   0.235,standalone_exact_mw,29ae76c7f86edcd2f56343e8109d8463cbc736644db4e57527101e2f1c3606c8,"{""distance"":5,""physical_error_rate"":0.0002}","{""detection_events"":1634,""detectors_checked"":1835008}"
      5120,         0,         0,   0.197,standalone_exact_mw,29ae76c7f86edcd2f56343e8109d8463cbc736644db4e57527101e2f1c3606c8,"{""distance"":5,""physical_error_rate"":0.0002}","{""detection_events"":952,""detectors_checked"":1146880}"
      4096,         0,         0,   0.162,standalone_exact_mw,29ae76c7f86edcd2f56343e8109d8463cbc736644db4e57527101e2f1c3606c8,"{""distance"":5,""physical_error_rate"":0.0002}","{""detection_events"":748,""detectors_checked"":917504}"
      5120,         0,         0,   0.191,standalone_exact_mw,29ae76c7f86edcd2f56343e8109d8463cbc736644db4e57527101e2f1c3606c8,"{""distance"":5,""physical_error_rate"":0.0002}","{""detection_events"":934,""detectors_checked"":1146880}"
      1024,         0,         0,   0.030,standalone_exact_mw,503ee55b5ad1b1988379a241a0405811522ee4d50b473755532ad1299cb121e2,"{""distance"":5,""physical_error_rate"":0.0005}","{""detection_events"":490,""detectors_checked"":229376}"
      1024,         0,         0,   0.031,standalone_exact_mw,503ee55b5ad1b1988379a241a0405811522ee4d50b473755532ad1299cb121e2,"{""distance"":5,""physical_error_rate"":0.0005}","{""detection_events"":487,""detectors_checked"":229376}"
      8192,         0,         0,   0.332,standalone_exact_mw,29ae76c7f86edcd2f56343e8109d8463cbc736644db4e57527101e2f1c3606c8,"{""distance"":5,""physical_error_rate"":0.0002}","{""detection_events"":1482,""detectors_checked"":1835008}"
      8192,         0,         0,   0.293,standalone_exact_mw,503ee55b5ad1b1988379a241a0405811522ee4d50b473755532ad1299cb121e2,"{""distance"":5,""physical_error_rate"":0.0005}","{""detection_events"":3797,""detectors_checked"":1835008}"
      1024,         0,         0,   0.049,standalone_exact_mw,503ee55b5ad1b1988379a241a0405811522ee4d50b473755532ad1299cb121e2,"{""distance"":5,""physical_error_rate"":0.0005}","{""detection_events"":476,""detectors_checked"":229376}"
     14336,         0,         0,   0.594,standalone_exact_mw,503ee55b5ad1b1988379a241a0405811522ee4d50b473755532ad1299cb121e2,"{""distance"":5,""physical_error_rate"":0.0005}","{""detection_events"":6781,""detectors_checked"":3211264}"
      5120,         0,         0,   0.196,standalone_exact_mw,29ae76c7f86edcd2f56343e8109d8463cbc736644db4e57527101e2f1c3606c8,"{""distance"":5,""physical_error_rate"":0.0002}","{""detection_events"":896,""detectors_checked"":1146880}"
      2048,         0,         0,   0.076,standalone_exact_mw,503ee55b5ad1b1988379a241a0405811522ee4d50b473755532ad1299cb121e2,"{""distance"":5,""physical_error_rate"":0.0005}","{""detection_events"":981,""detectors_checked"":458752}"
      5120,         0,         0,   0.218,standalone_exact_mw,29ae76c7f86edcd2f56343e8109d8463cbc736644db4e57527101e2f1c3606c8,"{""distance"":5,""physical_error_rate"":0.0002}","{""detection_events"":978,""detectors_checked"":1146880}"
      6144,         0,         0,   0.228,standalone_exact_mw,29ae76c7f86edcd2f56343e8109d8463cbc736644db4e57527101e2f1c3606c8,"{""distance"":5,""physical_error_rate"":0.0002}","{""detection_events"":1192,""detectors_checked"":1376256}"
      6144,         0,         0,   0.218,standalone_exact_mw,29ae76c7f86edcd2f56343e8109d8463cbc736644db4e57527101e2f1c3606c8,"{""distance"":5,""physical_error_rate"":0.0002}","{""detection_events"":1056,""detectors_checked"":1376256}"
      3072,         0,         0,   0.081,standalone_exact_mw,503ee55b5ad1b1988379a241a0405811522ee4d50b473755532ad1299cb121e2,"{""distance"":5,""physical_error_rate"":0.0005}","{""detection_events"":1482,""detectors_checked"":688128}"
      9216,         0,         0,   0.307,standalone_exact_mw,29ae76c7f86edcd2f56343e8109d8463cbc736644db4e57527101e2f1c3606c8,"{""distance"":5,""physical_error_rate"":0.0002}","{""detection_events"":1694,""detectors_checked"":2064384}"
     21504,         0,         0,   0.790,standalone_exact_mw,503ee55b5ad1b1988379a241a0405811522ee4d50b473755532ad1299cb121e2,"{""distance"":5,""physical_error_rate"":0.0005}","{""detection_events"":9965,""detectors_checked"":4816896}"
     10240,         0,         0,   0.405,standalone_exact_mw,503ee55b5ad1b1988379a241a0405811522ee4d50b473755532ad1299cb121e2,"{""distance"":5,""physical_error_rate"":0.0005}","{""detection_events"":4791,""detectors_checked"":2293760}"
     17408,         0,         0,   0.576,standalone_exact_mw,29ae76c7f86edcd2f56343e8109d8463cbc736644db4e57527101e2f1c3606c8,"{""distance"":5,""physical_error_rate"":0.0002}","{""detection_events"":3386,""detectors_checked"":3899392}"
      5120,         0,         0,   0.124,standalone_exact_mw,503ee55b5ad1b1988379a241a0405811522ee4d50b473755532ad1299cb121e2,"{""distance"":5,""physical_error_rate"":0.0005}","{""detection_events"":2222,""detectors_checked"":1146880}"
      8192,         0,         0,   0.316,standalone_exact_mw,29ae76c7f86edcd2f56343e8109d8463cbc736644db4e57527101e2f1c3606c8,"{""distance"":5,""physical_error_rate"":0.0002}","{""detection_events"":1494,""detectors_checked"":1835008}"
     21504,         0,         0,   0.832,standalone_exact_mw,503ee55b5ad1b1988379a241a0405811522ee4d50b473755532ad1299cb121e2,"{""distance"":5,""physical_error_rate"":0.0005}","{""detection_events"":9921,""detectors_checked"":4816896}"
     11264,         0,         0,   0.446,standalone_exact_mw,29ae76c7f86edcd2f56343e8109d8463cbc736644db4e57527101e2f1c3606c8,"{""distance"":5,""physical_error_rate"":0.0002}","{""detection_events"":2019,""detectors_checked"":2523136}"
      7168,         0,         0,   0.276,standalone_exact_mw,29ae76c7f86edcd2f56343e8109d8463cbc736644db4e57527101e2f1c3606c8,"{""distance"":5,""physical_error_rate"":0.0002}","{""detection_events"":1389,""detectors_checked"":1605632}"
      8192,         0,         0,   0.309,standalone_exact_mw,29ae76c7f86edcd2f56343e8109d8463cbc736644db4e57527101e2f1c3606c8,"{""distance"":5,""physical_error_rate"":0.0002}","{""detection_events"":1569,""detectors_checked"":1835008}"
      6144,         0,         0,   0.152,standalone_exact_mw,503ee55b5ad1b1988379a241a0405811522ee4d50b473755532ad1299cb121e2,"{""distance"":5,""physical_error_rate"":0.0005}","{""detection_events"":2660,""detectors_checked"":1376256}"
      8192,         0,         0,   0.289,standalone_exact_mw,29ae76c7f86edcd2f56343e8109d8463cbc736644db4e57527101e2f1c3606c8,"{""distance"":5,""physical_error_rate"":0.0002}","{""detection_events"":1531,""detectors_checked"":1835008}"
      9216,         0,         0,   0.436,standalone_exact_mw,503ee55b5ad1b1988379a241a0405811522ee4d50b473755532ad1299cb121e2,"{""distance"":5,""physical_error_rate"":0.0005}","{""detection_events"":4252,""detectors_checked"":2064384}"
     19456,         0,         0,   0.771,standalone_exact_mw,503ee55b5ad1b1988379a241a0405811522ee4d50b473755532ad1299cb121e2,"{""distance"":5,""physical_error_rate"":0.0005}","{""detection_events"":9105,""detectors_checked"":4358144}"
     16384,         0,         0,   0.808,standalone_exact_mw,503ee55b5ad1b1988379a241a0405811522ee4d50b473755532ad1299cb121e2,"{""distance"":5,""physical_error_rate"":0.0005}","{""detection_events"":7447,""detectors_checked"":3670016}"
     11264,         0,         0,   0.425,standalone_exact_mw,29ae76c7f86edcd2f56343e8109d8463cbc736644db4e57527101e2f1c3606c8,"{""distance"":5,""physical_error_rate"":0.0002}","{""detection_events"":1992,""detectors_checked"":2523136}"
      6144,         0,         0,   0.209,standalone_exact_mw,503ee55b5ad1b1988379a241a0405811522ee4d50b473755532ad1299cb121e2,"{""distance"":5,""physical_error_rate"":0.0005}","{""detection_events"":2818,""detectors_checked"":1376256}"
     14336,         0,         0,   0.432,standalone_exact_mw,29ae76c7f86edcd2f56343e8109d8463cbc736644db4e57527101e2f1c3606c8,"{""distance"":5,""physical_error_rate"":0.0002}","{""detection_events"":2711,""detectors_checked"":3211264}"
     13312,         0,         0,   0.402,standalone_exact_mw,29ae76c7f86edcd2f56343e8109d8463cbc736644db4e57527101e2f1c3606c8,"{""distance"":5,""physical_error_rate"":0.0002}","{""detection_events"":2332,""detectors_checked"":2981888}"
     16384,         0,         0,   0.597,standalone_exact_mw,503ee55b5ad1b1988379a241a0405811522ee4d50b473755532ad1299cb121e2,"{""distance"":5,""physical_error_rate"":0.0005}","{""detection_events"":7558,""detectors_checked"":3670016}"
     14336,         0,         0,   0.391,standalone_exact_mw,29ae76c7f86edcd2f56343e8109d8463cbc736644db4e57527101e2f1c3606c8,"{""distance"":5,""physical_error_rate"":0.0002}","{""detection_events"":2428,""detectors_checked"":3211264}"
     20480,         0,         0,   0.809,standalone_exact_mw,503ee55b5ad1b1988379a241a0405811522ee4d50b473755532ad1299cb121e2,"{""distance"":5,""physical_error_rate"":0.0005}","{""detection_events"":9737,""detectors_checked"":4587520}"
     11264,         0,         0,   0.426,standalone_exact_mw,29ae76c7f86edcd2f56343e8109d8463cbc736644db4e57527101e2f1c3606c8,"{""distance"":5,""physical_error_rate"":0.0002}","{""detection_events"":2076,""detectors_checked"":2523136}"
     14336,         0,         0,   0.559,standalone_exact_mw,29ae76c7f86edcd2f56343e8109d8463cbc736644db4e57527101e2f1c3606c8,"{""distance"":5,""physical_error_rate"":0.0002}","{""detection_events"":2861,""detectors_checked"":3211264}"
      8192,         0,         0,   0.306,standalone_exact_mw,503ee55b5ad1b1988379a241a0405811522ee4d50b473755532ad1299cb121e2,"{""distance"":5,""physical_error_rate"":0.0005}","{""detection_events"":3657,""detectors_checked"":1835008}"
     11264,         0,         0,   0.551,standalone_exact_mw,503ee55b5ad1b1988379a241a0405811522ee4d50b473755532ad1299cb121e2,"{""distance"":5,""physical_error_rate"":0.0005}","{""detection_events"":5384,""detectors_checked"":2523136}"
     27648,         0,         0,   0.821,standalone_exact_mw,29ae76c7f86edcd2f56343e8109d8463cbc736644db4e57527101e2f1c3606c8,"{""distance"":5,""physical_error_rate"":0.0002}","{""detection_events"":4958,""detectors_checked"":6193152}"
     10240,         0,         0,   0.593,standalone_exact_mw,29ae76c7f86edcd2f56343e8109d8463cbc736644db4e57527101e2f1c3606c8,"{""distance"":5,""physical_error_rate"":0.0002}","{""detection_events"":1810,""detectors_checked"":2293760}"
       273,         0,         0,   0.026,standalone_exact_mw,503ee55b5ad1b1988379a241a0405811522ee4d50b473755532ad1299cb121e2,"{""distance"":5,""physical_error_rate"":0.0005}","{""detection_events"":151,""detectors_checked"":61152}"
     29696,         0,         0,    1.10,standalone_exact_mw,503ee55b5ad1b1988379a241a0405811522ee4d50b473755532ad1299cb121e2,"{""distance"":5,""physical_error_rate"":0.0005}","{""detection_events"":13616,""detectors_checked"":6651904}"
      1024,         0,         0,   0.057,standalone_exact_mw,503ee55b5ad1b1988379a241a0405811522ee4d50b473755532ad1299cb121e2,"{""distance"":5,""physical_error_rate"":0.0005}","{""detection_events"":520,""detectors_checked"":229376}"
     16384,         0,         0,   0.573,standalone_exact_mw,29ae76c7f86edcd2f56343e8109d8463cbc736644db4e57527101e2f1c3606c8,"{""distance"":5,""physical_error_rate"":0.0002}","{""detection_events"":3199,""detectors_checked"":3670016}"
      1024,         0,         0,   0.053,standalone_exact_mw,503ee55b5ad1b1988379a241a0405811522ee4d50b473755532ad1299cb121e2,"{""distance"":5,""physical_error_rate"":0.0005}","{""detection_events"":447,""detectors_checked"":229376}"
     19456,         0,         0,   0.571,standalone_exact_mw,29ae76c7f86edcd2f56343e8109d8463cbc736644db4e57527101e2f1c3606c8,"{""distance"":5,""physical_error_rate"":0.0002}","{""detection_events"":3555,""detectors_checked"":4358144}"
     17408,         0,         0,   0.580,standalone_exact_mw,29ae76c7f86edcd2f56343e8109d8463cbc736644db4e57527101e2f1c3606c8,"{""distance"":5,""physical_error_rate"":0.0002}","{""detection_events"":2947,""detectors_checked"":3899392}"
     10240,         0,         0,   0.439,standalone_exact_mw,503ee55b5ad1b1988379a241a0405811522ee4d50b473755532ad1299cb121e2,"{""distance"":5,""physical_error_rate"":0.0005}","{""detection_events"":4841,""detectors_checked"":2293760}"
      1024,         0,         0,   0.033,standalone_exact_mw,503ee55b5ad1b1988379a241a0405811522ee4d50b473755532ad1299cb121e2,"{""distance"":5,""physical_error_rate"":0.0005}","{""detection_events"":418,""detectors_checked"":229376}"
     14336,         0,         0,   0.583,standalone_exact_mw,29ae76c7f86edcd2f56343e8109d8463cbc736644db4e57527101e2f1c3606c8,"{""distance"":5,""physical_error_rate"":0.0002}","{""detection_events"":2651,""detectors_checked"":3211264}"
      1024,         0,         0,   0.055,standalone_exact_mw,503ee55b5ad1b1988379a241a0405811522ee4d50b473755532ad1299cb121e2,"{""distance"":5,""physical_error_rate"":0.0005}","{""detection_events"":474,""detectors_checked"":229376}"
     29696,         0,         0,    1.10,standalone_exact_mw,503ee55b5ad1b1988379a241a0405811522ee4d50b473755532ad1299cb121e2,"{""distance"":5,""physical_error_rate"":0.0005}","{""detection_events"":13758,""detectors_checked"":6651904}"
      1024,         0,         0,   0.054,standalone_exact_mw,503ee55b5ad1b1988379a241a0405811522ee4d50b473755532ad1299cb121e2,"{""distance"":5,""physical_error_rate"":0.0005}","{""detection_events"":458,""detectors_checked"":229376}"
     29696,         0,         0,    1.13,standalone_exact_mw,503ee55b5ad1b1988379a241a0405811522ee4d50b473755532ad1299cb121e2,"{""distance"":5,""physical_error_rate"":0.0005}","{""detection_events"":13623,""detectors_checked"":6651904}"
      2048,         0,         0,   0.109,standalone_exact_mw,503ee55b5ad1b1988379a241a0405811522ee4d50b473755532ad1299cb121e2,"{""distance"":5,""physical_error_rate"":0.0005}","{""detection_events"":936,""detectors_checked"":458752}"
     21504,         0,         0,   0.797,standalone_exact_mw,503ee55b5ad1b1988379a241a0405811522ee4d50b473755532ad1299cb121e2,"{""distance"":5,""physical_error_rate"":0.0005}","{""detection_events"":10454,""detectors_checked"":4816896}"
     28672,         0,         0,    1.14,standalone_exact_mw,503ee55b5ad1b1988379a241a0405811522ee4d50b473755532ad1299cb121e2,"{""distance"":5,""physical_error_rate"":0.0005}","{""detection_events"":13462,""detectors_checked"":6422528}"
       273,         0,         0,   0.016,standalone_exact_mw,29ae76c7f86edcd2f56343e8109d8463cbc736644db4e57527101e2f1c3606c8,"{""distance"":5,""physical_error_rate"":0.0002}","{""detection_events"":88,""detectors_checked"":61152}"
      1024,         0,         0,   0.031,standalone_exact_mw,29ae76c7f86edcd2f56343e8109d8463cbc736644db4e57527101e2f1c3606c8,"{""distance"":5,""physical_error_rate"":0.0002}","{""detection_events"":185,""detectors_checked"":229376}"
      1024,         0,         0,   0.028,standalone_exact_mw,29ae76c7f86edcd2f56343e8109d8463cbc736644db4e57527101e2f1c3606c8,"{""distance"":5,""physical_error_rate"":0.0002}","{""detection_events"":197,""detectors_checked"":229376}"
      1024,         0,         0,   0.028,standalone_exact_mw,29ae76c7f86edcd2f56343e8109d8463cbc736644db4e57527101e2f1c3606c8,"{""distance"":5,""physical_error_rate"":0.0002}","{""detection_events"":171,""detectors_checked"":229376}"
     20480,         0,         0,   0.808,standalone_exact_mw,29ae76c7f86edcd2f56343e8109d8463cbc736644db4e57527101e2f1c3606c8,"{""distance"":5,""physical_error_rate"":0.0002}","{""detection_events"":3745,""detectors_checked"":4587520}"
      3072,         0,         0,   0.139,standalone_exact_mw,503ee55b5ad1b1988379a241a0405811522ee4d50b473755532ad1299cb121e2,"{""distance"":5,""physical_error_rate"":0.0005}","{""detection_events"":1574,""detectors_checked"":688128}"
      2048,         0,         0,   0.055,standalone_exact_mw,29ae76c7f86edcd2f56343e8109d8463cbc736644db4e57527101e2f1c3606c8,"{""distance"":5,""physical_error_rate"":0.0002}","{""detection_events"":356,""detectors_checked"":458752}"
     16384,         0,         0,   0.835,standalone_exact_mw,503ee55b5ad1b1988379a241a0405811522ee4d50b473755532ad1299cb121e2,"{""distance"":5,""physical_error_rate"":0.0005}","{""detection_events"":7719,""detectors_checked"":3670016}"
      2048,         0,         0,   0.056,standalone_exact_mw,29ae76c7f86edcd2f56343e8109d8463cbc736644db4e57527101e2f1c3606c8,"{""distance"":5,""physical_error_rate"":0.0002}","{""detection_events"":399,""detectors_checked"":458752}"
      3072,         0,         0,   0.142,standalone_exact_mw,503ee55b5ad1b1988379a241a0405811522ee4d50b473755532ad1299cb121e2,"{""distance"":5,""physical_error_rate"":0.0005}","{""detection_events"":1367,""detectors_checked"":688128}"
      3072,         0,         0,   0.084,standalone_exact_mw,29ae76c7f86edcd2f56343e8109d8463cbc736644db4e57527101e2f1c3606c8,"{""distance"":5,""physical_error_rate"":0.0002}","{""detection_events"":652,""detectors_checked"":688128}"
     28672,         0,         0,    1.13,standalone_exact_mw,503ee55b5ad1b1988379a241a0405811522ee4d50b473755532ad1299cb121e2,"{""distance"":5,""physical_error_rate"":0.0005}","{""detection_events"":13493,""detectors_checked"":6422528}"
     13312,         0,         0,   0.603,standalone_exact_mw,503ee55b5ad1b1988379a241a0405811522ee4d50b473755532ad1299cb121e2,"{""distance"":5,""physical_error_rate"":0.0005}","{""detection_events"":6160,""detectors_checked"":2981888}"
     12288,         0,         0,   0.839,standalone_exact_mw,29ae76c7f86edcd2f56343e8109d8463cbc736644db4e57527101e2f1c3606c8,"{""distance"":5,""physical_error_rate"":0.0002}","{""detection_events"":2438,""detectors_checked"":2752512}"
      4096,         0,         0,   0.110,standalone_exact_mw,29ae76c7f86edcd2f56343e8109d8463cbc736644db4e57527101e2f1c3606c8,"{""distance"":5,""physical_error_rate"":0.0002}","{""detection_events"":748,""detectors_checked"":917504}"
       273,         0,         0,   0.004,standalone_exact_mw,29ae76c7f86edcd2f56343e8109d8463cbc736644db4e57527101e2f1c3606c8,"{""distance"":5,""physical_error_rate"":0.0002}","{""detection_events"":67,""detectors_checked"":61152}"
      5120,         0,         0,   0.251,standalone_exact_mw,503ee55b5ad1b1988379a241a0405811522ee4d50b473755532ad1299cb121e2,"{""distance"":5,""physical_error_rate"":0.0005}","{""detection_events"":2444,""detectors_checked"":1146880}"
     24576,         0,         0,   0.808,standalone_exact_mw,29ae76c7f86edcd2f56343e8109d8463cbc736644db4e57527101e2f1c3606c8,"{""distance"":5,""physical_error_rate"":0.0002}","{""detection_events"":4810,""detectors_checked"":5505024}"
      1024,         0,         0,   0.019,standalone_exact_mw,29ae76c7f86edcd2f56343e8109d8463cbc736644db4e57527101e2f1c3606c8,"{""distance"":5,""physical_error_rate"":0.0002}","{""detection_events"":184,""detectors_checked"":229376}"
     31744,         0,         0,    1.12,standalone_exact_mw,29ae76c7f86edcd2f56343e8109d8463cbc736644db4e57527101e2f1c3606c8,"{""distance"":5,""physical_error_rate"":0.0002}","{""detection_events"":5651,""detectors_checked"":7110656}"
     27648,         0,         0,   0.785,standalone_exact_mw,29ae76c7f86edcd2f56343e8109d8463cbc736644db4e57527101e2f1c3606c8,"{""distance"":5,""physical_error_rate"":0.0002}","{""detection_events"":5018,""detectors_checked"":6193152}"
      1024,         0,         0,   0.029,standalone_exact_mw,29ae76c7f86edcd2f56343e8109d8463cbc736644db4e57527101e2f1c3606c8,"{""distance"":5,""physical_error_rate"":0.0002}","{""detection_events"":199,""detectors_checked"":229376}"
      5120,         0,         0,   0.139,standalone_exact_mw,29ae76c7f86edcd2f56343e8109d8463cbc736644db4e57527101e2f1c3606c8,"{""distance"":5,""physical_error_rate"":0.0002}","{""detection_events"":886,""detectors_checked"":1146880}"
     25600,         0,         0,   0.816,standalone_exact_mw,29ae76c7f86edcd2f56343e8109d8463cbc736644db4e57527101e2f1c3606c8,"{""distance"":5,""physical_error_rate"":0.0002}","{""detection_events"":4705,""detectors_checked"":5734400}"
     20480,         0,         0,   0.811,standalone_exact_mw,29ae76c7f86edcd2f56343e8109d8463cbc736644db4e57527101e2f1c3606c8,"{""distance"":5,""physical_error_rate"":0.0002}","{""detection_events"":3888,""detectors_checked"":4587520}"
      1024,         0,         0,   0.030,standalone_exact_mw,29ae76c7f86edcd2f56343e8109d8463cbc736644db4e57527101e2f1c3606c8,"{""distance"":5,""physical_error_rate"":0.0002}","{""detection_events"":161,""detectors_checked"":229376}"
      2048,         0,         0,   0.056,standalone_exact_mw,29ae76c7f86edcd2f56343e8109d8463cbc736644db4e57527101e2f1c3606c8,"{""distance"":5,""physical_error_rate"":0.0002}","{""detection_events"":356,""detectors_checked"":458752}"
      2048,         0,         0,   0.054,standalone_exact_mw,29ae76c7f86edcd2f56343e8109d8463cbc736644db4e57527101e2f1c3606c8,"{""distance"":5,""physical_error_rate"":0.0002}","{""detection_events"":405,""detectors_checked"":458752}"
      7168,         0,         0,   0.211,standalone_exact_mw,29ae76c7f86edcd2f56343e8109d8463cbc736644db4e57527101e2f1c3606c8,"{""distance"":5,""physical_error_rate"":0.0002}","{""detection_events"":1313,""detectors_checked"":1605632}"
      2048,         0,         0,   0.086,standalone_exact_mw,29ae76c7f86edcd2f56343e8109d8463cbc736644db4e57527101e2f1c3606c8,"{""distance"":5,""physical_error_rate"":0.0002}","{""detection_events"":407,""detectors_checked"":458752}"
      6144,         0,         0,   0.303,standalone_exact_mw,503ee55b5ad1b1988379a241a0405811522ee4d50b473755532ad1299cb121e2,"{""distance"":5,""physical_error_rate"":0.0005}","{""detection_events"":2872,""detectors_checked"":1376256}"
      3072,         0,         0,   0.107,standalone_exact_mw,29ae76c7f86edcd2f56343e8109d8463cbc736644db4e57527101e2f1c3606c8,"{""distance"":5,""physical_error_rate"":0.0002}","{""detection_events"":526,""detectors_checked"":688128}"
      6144,         0,         0,   0.167,standalone_exact_mw,29ae76c7f86edcd2f56343e8109d8463cbc736644db4e57527101e2f1c3606c8,"{""distance"":5,""physical_error_rate"":0.0002}","{""detection_events"":1158,""detectors_checked"":1376256}"
     11264,         0,         0,   0.304,standalone_exact_mw,29ae76c7f86edcd2f56343e8109d8463cbc736644db4e57527101e2f1c3606c8,"{""distance"":5,""physical_error_rate"":0.0002}","{""detection_events"":2045,""detectors_checked"":2523136}"
     29696,         0,         0,    1.11,standalone_exact_mw,503ee55b5ad1b1988379a241a0405811522ee4d50b473755532ad1299cb121e2,"{""distance"":5,""physical_error_rate"":0.0005}","{""detection_events"":13868,""detectors_checked"":6651904}"
     15360,         0,         0,   0.800,standalone_exact_mw,503ee55b5ad1b1988379a241a0405811522ee4d50b473755532ad1299cb121e2,"{""distance"":5,""physical_error_rate"":0.0005}","{""detection_events"":7359,""detectors_checked"":3440640}"
     33792,         0,         0,    1.11,standalone_exact_mw,29ae76c7f86edcd2f56343e8109d8463cbc736644db4e57527101e2f1c3606c8,"{""distance"":5,""physical_error_rate"":0.0002}","{""detection_events"":6458,""detectors_checked"":7569408}"
       273,         0,         0,   0.025,standalone_exact_mw,29ae76c7f86edcd2f56343e8109d8463cbc736644db4e57527101e2f1c3606c8,"{""distance"":5,""physical_error_rate"":0.0002}","{""detection_events"":34,""detectors_checked"":61152}"
     43008,         0,         0,    1.57,standalone_exact_mw,503ee55b5ad1b1988379a241a0405811522ee4d50b473755532ad1299cb121e2,"{""distance"":5,""physical_error_rate"":0.0005}","{""detection_events"":19942,""detectors_checked"":9633792}"
      8192,         0,         0,   0.415,standalone_exact_mw,503ee55b5ad1b1988379a241a0405811522ee4d50b473755532ad1299cb121e2,"{""distance"":5,""physical_error_rate"":0.0005}","{""detection_events"":3796,""detectors_checked"":1835008}"
      1024,         0,         0,   0.018,standalone_exact_mw,29ae76c7f86edcd2f56343e8109d8463cbc736644db4e57527101e2f1c3606c8,"{""distance"":5,""physical_error_rate"":0.0002}","{""detection_events"":148,""detectors_checked"":229376}"
     28672,         0,         0,    1.09,standalone_exact_mw,503ee55b5ad1b1988379a241a0405811522ee4d50b473755532ad1299cb121e2,"{""distance"":5,""physical_error_rate"":0.0005}","{""detection_events"":13300,""detectors_checked"":6422528}"
      7168,         0,         0,   0.220,standalone_exact_mw,29ae76c7f86edcd2f56343e8109d8463cbc736644db4e57527101e2f1c3606c8,"{""distance"":5,""physical_error_rate"":0.0002}","{""detection_events"":1290,""detectors_checked"":1605632}"
      1024,         0,         0,   0.037,standalone_exact_mw,29ae76c7f86edcd2f56343e8109d8463cbc736644db4e57527101e2f1c3606c8,"{""distance"":5,""physical_error_rate"":0.0002}","{""detection_events"":192,""detectors_checked"":229376}"
      2048,         0,         0,   0.054,standalone_exact_mw,29ae76c7f86edcd2f56343e8109d8463cbc736644db4e57527101e2f1c3606c8,"{""distance"":5,""physical_error_rate"":0.0002}","{""detection_events"":367,""detectors_checked"":458752}"
      2048,         0,         0,   0.063,standalone_exact_mw,29ae76c7f86edcd2f56343e8109d8463cbc736644db4e57527101e2f1c3606c8,"{""distance"":5,""physical_error_rate"":0.0002}","{""detection_events"":372,""detectors_checked"":458752}"
     41984,         0,         0,    1.58,standalone_exact_mw,503ee55b5ad1b1988379a241a0405811522ee4d50b473755532ad1299cb121e2,"{""distance"":5,""physical_error_rate"":0.0005}","{""detection_events"":19133,""detectors_checked"":9404416}"
      2048,         0,         0,   0.058,standalone_exact_mw,29ae76c7f86edcd2f56343e8109d8463cbc736644db4e57527101e2f1c3606c8,"{""distance"":5,""physical_error_rate"":0.0002}","{""detection_events"":373,""detectors_checked"":458752}"
     36864,         0,         0,    1.57,standalone_exact_mw,503ee55b5ad1b1988379a241a0405811522ee4d50b473755532ad1299cb121e2,"{""distance"":5,""physical_error_rate"":0.0005}","{""detection_events"":17151,""detectors_checked"":8257536}"
     14336,         0,         0,   0.415,standalone_exact_mw,29ae76c7f86edcd2f56343e8109d8463cbc736644db4e57527101e2f1c3606c8,"{""distance"":5,""physical_error_rate"":0.0002}","{""detection_events"":2592,""detectors_checked"":3211264}"
     16384,         0,         0,    1.09,standalone_exact_mw,29ae76c7f86edcd2f56343e8109d8463cbc736644db4e57527101e2f1c3606c8,"{""distance"":5,""physical_error_rate"":0.0002}","{""detection_events"":3183,""detectors_checked"":3670016}"
     39936,         0,         0,    1.57,standalone_exact_mw,503ee55b5ad1b1988379a241a0405811522ee4d50b473755532ad1299cb121e2,"{""distance"":5,""physical_error_rate"":0.0005}","{""detection_events"":18587,""detectors_checked"":8945664}"
      9216,         0,         0,   0.274,standalone_exact_mw,29ae76c7f86edcd2f56343e8109d8463cbc736644db4e57527101e2f1c3606c8,"{""distance"":5,""physical_error_rate"":0.0002}","{""detection_events"":1621,""detectors_checked"":2064384}"
      3072,         0,         0,   0.079,standalone_exact_mw,29ae76c7f86edcd2f56343e8109d8463cbc736644db4e57527101e2f1c3606c8,"{""distance"":5,""physical_error_rate"":0.0002}","{""detection_events"":579,""detectors_checked"":688128}"
     30720,         0,         0,    1.12,standalone_exact_mw,29ae76c7f86edcd2f56343e8109d8463cbc736644db4e57527101e2f1c3606c8,"{""distance"":5,""physical_error_rate"":0.0002}","{""detection_events"":5783,""detectors_checked"":6881280}"
     37888,         0,         0,    1.14,standalone_exact_mw,29ae76c7f86edcd2f56343e8109d8463cbc736644db4e57527101e2f1c3606c8,"{""distance"":5,""physical_error_rate"":0.0002}","{""detection_events"":7076,""detectors_checked"":8486912}"
     31744,         0,         0,    1.08,standalone_exact_mw,29ae76c7f86edcd2f56343e8109d8463cbc736644db4e57527101e2f1c3606c8,"{""distance"":5,""physical_error_rate"":0.0002}","{""detection_events"":5642,""detectors_checked"":7110656}"
      4096,         0,         0,   0.108,standalone_exact_mw,29ae76c7f86edcd2f56343e8109d8463cbc736644db4e57527101e2f1c3606c8,"{""distance"":5,""physical_error_rate"":0.0002}","{""detection_events"":783,""detectors_checked"":917504}"
     30720,         0,         0,    1.14,standalone_exact_mw,29ae76c7f86edcd2f56343e8109d8463cbc736644db4e57527101e2f1c3606c8,"{""distance"":5,""physical_error_rate"":0.0002}","{""detection_events"":5777,""detectors_checked"":6881280}"
     11264,         0,         0,   0.527,standalone_exact_mw,503ee55b5ad1b1988379a241a0405811522ee4d50b473755532ad1299cb121e2,"{""distance"":5,""physical_error_rate"":0.0005}","{""detection_events"":5403,""detectors_checked"":2523136}"
      5120,         0,         0,   0.145,standalone_exact_mw,29ae76c7f86edcd2f56343e8109d8463cbc736644db4e57527101e2f1c3606c8,"{""distance"":5,""physical_error_rate"":0.0002}","{""detection_events"":1021,""detectors_checked"":1146880}"
     39936,         0,         0,    1.54,standalone_exact_mw,503ee55b5ad1b1988379a241a0405811522ee4d50b473755532ad1299cb121e2,"{""distance"":5,""physical_error_rate"":0.0005}","{""detection_events"":19015,""detectors_checked"":8945664}"
     13312,         0,         0,   0.414,standalone_exact_mw,29ae76c7f86edcd2f56343e8109d8463cbc736644db4e57527101e2f1c3606c8,"{""distance"":5,""physical_error_rate"":0.0002}","{""detection_events"":2655,""detectors_checked"":2981888}"
      8192,         0,         0,   0.221,standalone_exact_mw,29ae76c7f86edcd2f56343e8109d8463cbc736644db4e57527101e2f1c3606c8,"{""distance"":5,""physical_error_rate"":0.0002}","{""detection_events"":1457,""detectors_checked"":1835008}"
     15360,         0,         0,   0.535,standalone_exact_mw,29ae76c7f86edcd2f56343e8109d8463cbc736644db4e57527101e2f1c3606c8,"{""distance"":5,""physical_error_rate"":0.0002}","{""detection_events"":2858,""detectors_checked"":3440640}"
     39936,         0,         0,    1.53,standalone_exact_mw,29ae76c7f86edcd2f56343e8109d8463cbc736644db4e57527101e2f1c3606c8,"{""distance"":5,""physical_error_rate"":0.0002}","{""detection_events"":7469,""detectors_checked"":8945664}"
     23552,         0,         0,    1.13,standalone_exact_mw,503ee55b5ad1b1988379a241a0405811522ee4d50b473755532ad1299cb121e2,"{""distance"":5,""physical_error_rate"":0.0005}","{""detection_events"":10773,""detectors_checked"":5275648}"
      9216,         0,         0,   0.301,standalone_exact_mw,29ae76c7f86edcd2f56343e8109d8463cbc736644db4e57527101e2f1c3606c8,"{""distance"":5,""physical_error_rate"":0.0002}","{""detection_events"":1612,""detectors_checked"":2064384}"
     18432,         0,         0,   0.575,standalone_exact_mw,29ae76c7f86edcd2f56343e8109d8463cbc736644db4e57527101e2f1c3606c8,"{""distance"":5,""physical_error_rate"":0.0002}","{""detection_events"":3670,""detectors_checked"":4128768}"
     16384,         0,         0,   0.797,standalone_exact_mw,503ee55b5ad1b1988379a241a0405811522ee4d50b473755532ad1299cb121e2,"{""distance"":5,""physical_error_rate"":0.0005}","{""detection_events"":7572,""detectors_checked"":3670016}"
     39936,         0,         0,    1.54,standalone_exact_mw,503ee55b5ad1b1988379a241a0405811522ee4d50b473755532ad1299cb121e2,"{""distance"":5,""physical_error_rate"":0.0005}","{""detection_events"":18520,""detectors_checked"":8945664}"
     52224,         0,         0,    1.57,standalone_exact_mw,29ae76c7f86edcd2f56343e8109d8463cbc736644db4e57527101e2f1c3606c8,"{""distance"":5,""physical_error_rate"":0.0002}","{""detection_events"":9756,""detectors_checked"":11698176}"
     12288,         0,         0,   0.412,standalone_exact_mw,29ae76c7f86edcd2f56343e8109d8463cbc736644db4e57527101e2f1c3606c8,"{""distance"":5,""physical_error_rate"":0.0002}","{""detection_events"":2395,""detectors_checked"":2752512}"
     39936,         0,         0,    1.56,standalone_exact_mw,503ee55b5ad1b1988379a241a0405811522ee4d50b473755532ad1299cb121e2,"{""distance"":5,""physical_error_rate"":0.0005}","{""detection_events"":18853,""detectors_checked"":8945664}"
     26624,         0,         0,   0.789,standalone_exact_mw,29ae76c7f86edcd2f56343e8109d8463cbc736644db4e57527101e2f1c3606c8,"{""distance"":5,""physical_error_rate"":0.0002}","{""detection_events"":4998,""detectors_checked"":5963776}"
     49152,         0,         0,    1.53,standalone_exact_mw,29ae76c7f86edcd2f56343e8109d8463cbc736644db4e57527101e2f1c3606c8,"{""distance"":5,""physical_error_rate"":0.0002}","{""detection_events"":9262,""detectors_checked"":11010048}"
     39936,         0,         0,    1.54,standalone_exact_mw,29ae76c7f86edcd2f56343e8109d8463cbc736644db4e57527101e2f1c3606c8,"{""distance"":5,""physical_error_rate"":0.0002}","{""detection_events"":7705,""detectors_checked"":8945664}"
     40960,         0,         0,    1.56,standalone_exact_mw,29ae76c7f86edcd2f56343e8109d8463cbc736644db4e57527101e2f1c3606c8,"{""distance"":5,""physical_error_rate"":0.0002}","{""detection_events"":7704,""detectors_checked"":9175040}"
     43008,         0,         0,    1.58,standalone_exact_mw,29ae76c7f86edcd2f56343e8109d8463cbc736644db4e57527101e2f1c3606c8,"{""distance"":5,""physical_error_rate"":0.0002}","{""detection_events"":7914,""detectors_checked"":9633792}"
     40960,         0,         0,    1.54,standalone_exact_mw,29ae76c7f86edcd2f56343e8109d8463cbc736644db4e57527101e2f1c3606c8,"{""distance"":5,""physical_error_rate"":0.0002}","{""detection_events"":7607,""detectors_checked"":9175040}"
   2658135,         0,         0,    85.1,standalone_exact_mw,29ae76c7f86edcd2f56343e8109d8463cbc736644db4e57527101e2f1c3606c8,"{""distance"":5,""physical_error_rate"":0.0002}","{""detection_events"":495214,""detectors_checked"":595422240}"
     24576,         0,         0,   0.792,standalone_exact_mw,29ae76c7f86edcd2f56343e8109d8463cbc736644db4e57527101e2f1c3606c8,"{""distance"":5,""physical_error_rate"":0.0002}","{""detection_events"":4586,""detectors_checked"":5505024}"
     18432,         0,         0,   0.581,standalone_exact_mw,29ae76c7f86edcd2f56343e8109d8463cbc736644db4e57527101e2f1c3606c8,"{""distance"":5,""physical_error_rate"":0.0002}","{""detection_events"":3563,""detectors_checked"":4128768}"
   2449408,         0,         0,    83.6,standalone_exact_mw,29ae76c7f86edcd2f56343e8109d8463cbc736644db4e57527101e2f1c3606c8,"{""distance"":5,""physical_error_rate"":0.0002}","{""detection_events"":456558,""detectors_checked"":548667392}"
     58368,         0,         0,    2.14,standalone_exact_mw,503ee55b5ad1b1988379a241a0405811522ee4d50b473755532ad1299cb121e2,"{""distance"":5,""physical_error_rate"":0.0005}","{""detection_events"":27044,""detectors_checked"":13074432}"
     59392,         0,         0,    2.18,standalone_exact_mw,503ee55b5ad1b1988379a241a0405811522ee4d50b473755532ad1299cb121e2,"{""distance"":5,""physical_error_rate"":0.0005}","{""detection_events"":27599,""detectors_checked"":13303808}"
     44032,         0,         0,    2.21,standalone_exact_mw,503ee55b5ad1b1988379a241a0405811522ee4d50b473755532ad1299cb121e2,"{""distance"":5,""physical_error_rate"":0.0005}","{""detection_events"":20473,""detectors_checked"":9863168}"
     24576,         0,         0,    1.13,standalone_exact_mw,503ee55b5ad1b1988379a241a0405811522ee4d50b473755532ad1299cb121e2,"{""distance"":5,""physical_error_rate"":0.0005}","{""detection_events"":11399,""detectors_checked"":5505024}"
     52224,         0,         0,    2.19,standalone_exact_mw,503ee55b5ad1b1988379a241a0405811522ee4d50b473755532ad1299cb121e2,"{""distance"":5,""physical_error_rate"":0.0005}","{""detection_events"":24251,""detectors_checked"":11698176}"
     31744,         0,         0,    1.60,standalone_exact_mw,503ee55b5ad1b1988379a241a0405811522ee4d50b473755532ad1299cb121e2,"{""distance"":5,""physical_error_rate"":0.0005}","{""detection_events"":14597,""detectors_checked"":7110656}"
     53248,         0,         0,    2.16,standalone_exact_mw,503ee55b5ad1b1988379a241a0405811522ee4d50b473755532ad1299cb121e2,"{""distance"":5,""physical_error_rate"":0.0005}","{""detection_events"":24989,""detectors_checked"":11927552}"
     33792,         0,         0,    1.10,standalone_exact_mw,29ae76c7f86edcd2f56343e8109d8463cbc736644db4e57527101e2f1c3606c8,"{""distance"":5,""physical_error_rate"":0.0002}","{""detection_events"":6261,""detectors_checked"":7569408}"
     21504,         0,         0,   0.795,standalone_exact_mw,29ae76c7f86edcd2f56343e8109d8463cbc736644db4e57527101e2f1c3606c8,"{""distance"":5,""physical_error_rate"":0.0002}","{""detection_events"":3888,""detectors_checked"":4816896}"
     55296,         0,         0,    2.13,standalone_exact_mw,29ae76c7f86edcd2f56343e8109d8463cbc736644db4e57527101e2f1c3606c8,"{""distance"":5,""physical_error_rate"":0.0002}","{""detection_events"":10516,""detectors_checked"":12386304}"
     58368,         0,         0,    1.11,standalone_exact_mw,29ae76c7f86edcd2f56343e8109d8463cbc736644db4e57527101e2f1c3606c8,"{""distance"":5,""physical_error_rate"":0.0002}","{""detection_events"":10999,""detectors_checked"":13074432}"
     48128,         0,         0,    2.17,standalone_exact_mw,503ee55b5ad1b1988379a241a0405811522ee4d50b473755532ad1299cb121e2,"{""distance"":5,""physical_error_rate"":0.0005}","{""detection_events"":22504,""detectors_checked"":10780672}"
     72704,         0,         0,    2.13,standalone_exact_mw,29ae76c7f86edcd2f56343e8109d8463cbc736644db4e57527101e2f1c3606c8,"{""distance"":5,""physical_error_rate"":0.0002}","{""detection_events"":13483,""detectors_checked"":16285696}"
     52224,         0,         0,    2.17,standalone_exact_mw,503ee55b5ad1b1988379a241a0405811522ee4d50b473755532ad1299cb121e2,"{""distance"":5,""physical_error_rate"":0.0005}","{""detection_events"":24196,""detectors_checked"":11698176}"
     63488,         0,         0,    2.21,standalone_exact_mw,29ae76c7f86edcd2f56343e8109d8463cbc736644db4e57527101e2f1c3606c8,"{""distance"":5,""physical_error_rate"":0.0002}","{""detection_events"":12017,""detectors_checked"":14221312}"
     28672,         0,         0,    1.10,standalone_exact_mw,29ae76c7f86edcd2f56343e8109d8463cbc736644db4e57527101e2f1c3606c8,"{""distance"":5,""physical_error_rate"":0.0002}","{""detection_events"":5137,""detectors_checked"":6422528}"
     41984,         0,         0,    1.57,standalone_exact_mw,503ee55b5ad1b1988379a241a0405811522ee4d50b473755532ad1299cb121e2,"{""distance"":5,""physical_error_rate"":0.0005}","{""detection_events"":19393,""detectors_checked"":9404416}"
     59392,         0,         0,    2.21,standalone_exact_mw,29ae76c7f86edcd2f56343e8109d8463cbc736644db4e57527101e2f1c3606c8,"{""distance"":5,""physical_error_rate"":0.0002}","{""detection_events"":11234,""detectors_checked"":13303808}"
     56320,         0,         0,    2.18,standalone_exact_mw,29ae76c7f86edcd2f56343e8109d8463cbc736644db4e57527101e2f1c3606c8,"{""distance"":5,""physical_error_rate"":0.0002}","{""detection_events"":10449,""detectors_checked"":12615680}"
     56320,         0,         0,    2.17,standalone_exact_mw,29ae76c7f86edcd2f56343e8109d8463cbc736644db4e57527101e2f1c3606c8,"{""distance"":5,""physical_error_rate"":0.0002}","{""detection_events"":10266,""detectors_checked"":12615680}"
     55296,         0,         0,    2.13,standalone_exact_mw,29ae76c7f86edcd2f56343e8109d8463cbc736644db4e57527101e2f1c3606c8,"{""distance"":5,""physical_error_rate"":0.0002}","{""detection_events"":10205,""detectors_checked"":12386304}"
     40960,         0,         0,    1.58,standalone_exact_mw,29ae76c7f86edcd2f56343e8109d8463cbc736644db4e57527101e2f1c3606c8,"{""distance"":5,""physical_error_rate"":0.0002}","{""detection_events"":7606,""detectors_checked"":9175040}"
   2557952,         2,         0,   119.2,standalone_exact_mw,503ee55b5ad1b1988379a241a0405811522ee4d50b473755532ad1299cb121e2,"{""distance"":5,""physical_error_rate"":0.0005}","{""detection_events"":1191853,""detectors_checked"":572981248,""obs_mistake_mask=E"":2}"
     51200,         0,         0,    1.60,standalone_exact_mw,29ae76c7f86edcd2f56343e8109d8463cbc736644db4e57527101e2f1c3606c8,"{""distance"":5,""physical_error_rate"":0.0002}","{""detection_events"":9681,""detectors_checked"":11468800}"
     52224,         0,         0,    2.20,standalone_exact_mw,503ee55b5ad1b1988379a241a0405811522ee4d50b473755532ad1299cb121e2,"{""distance"":5,""physical_error_rate"":0.0005}","{""detection_events"":24549,""detectors_checked"":11698176}"
     65536,         0,         0,    3.02,standalone_exact_mw,503ee55b5ad1b1988379a241a0405811522ee4d50b473755532ad1299cb121e2,"{""distance"":5,""physical_error_rate"":0.0005}","{""detection_events"":30529,""detectors_checked"":14680064}"
        17,         0,         0,   0.001,standalone_exact_mw,503ee55b5ad1b1988379a241a0405811522ee4d50b473755532ad1299cb121e2,"{""distance"":5,""physical_error_rate"":0.0005}","{""detection_events"":9,""detectors_checked"":3808}"
      1280,         0,         0,   0.054,standalone_exact_mw,503ee55b5ad1b1988379a241a0405811522ee4d50b473755532ad1299cb121e2,"{""distance"":5,""physical_error_rate"":0.0005}","{""detection_events"":532,""detectors_checked"":286720}"
      1024,         0,         0,   0.030,standalone_exact_mw,503ee55b5ad1b1988379a241a0405811522ee4d50b473755532ad1299cb121e2,"{""distance"":5,""physical_error_rate"":0.0005}","{""detection_events"":456,""detectors_checked"":229376}"
     81920,         0,         0,    2.99,standalone_exact_mw,503ee55b5ad1b1988379a241a0405811522ee4d50b473755532ad1299cb121e2,"{""distance"":5,""physical_error_rate"":0.0005}","{""detection_events"":37564,""detectors_checked"":18350080}"
      1024,         0,         0,   0.030,standalone_exact_mw,503ee55b5ad1b1988379a241a0405811522ee4d50b473755532ad1299cb121e2,"{""distance"":5,""physical_error_rate"":0.0005}","{""detection_events"":536,""detectors_checked"":229376}"
      1024,         0,         0,   0.033,standalone_exact_mw,503ee55b5ad1b1988379a241a0405811522ee4d50b473755532ad1299cb121e2,"{""distance"":5,""physical_error_rate"":0.0005}","{""detection_events"":482,""detectors_checked"":229376}"
     67584,         0,         0,    3.09,standalone_exact_mw,503ee55b5ad1b1988379a241a0405811522ee4d50b473755532ad1299cb121e2,"{""distance"":5,""physical_error_rate"":0.0005}","{""detection_events"":31173,""detectors_checked"":15138816}"
      2048,         0,         0,   0.061,standalone_exact_mw,503ee55b5ad1b1988379a241a0405811522ee4d50b473755532ad1299cb121e2,"{""distance"":5,""physical_error_rate"":0.0005}","{""detection_events"":940,""detectors_checked"":458752}"
     61440,         0,         0,    3.05,standalone_exact_mw,503ee55b5ad1b1988379a241a0405811522ee4d50b473755532ad1299cb121e2,"{""distance"":5,""physical_error_rate"":0.0005}","{""detection_events"":29082,""detectors_checked"":13762560}"
     41984,         0,         0,    1.59,standalone_exact_mw,29ae76c7f86edcd2f56343e8109d8463cbc736644db4e57527101e2f1c3606c8,"{""distance"":5,""physical_error_rate"":0.0002}","{""detection_events"":7491,""detectors_checked"":9404416}"
      2048,         0,         0,   0.062,standalone_exact_mw,503ee55b5ad1b1988379a241a0405811522ee4d50b473755532ad1299cb121e2,"{""distance"":5,""physical_error_rate"":0.0005}","{""detection_events"":890,""detectors_checked"":458752}"
      3072,         0,         0,   0.103,standalone_exact_mw,503ee55b5ad1b1988379a241a0405811522ee4d50b473755532ad1299cb121e2,"{""distance"":5,""physical_error_rate"":0.0005}","{""detection_events"":1351,""detectors_checked"":688128}"
     79872,         0,         0,    3.05,standalone_exact_mw,503ee55b5ad1b1988379a241a0405811522ee4d50b473755532ad1299cb121e2,"{""distance"":5,""physical_error_rate"":0.0005}","{""detection_events"":36722,""detectors_checked"":17891328}"
      5120,         0,         0,   0.169,standalone_exact_mw,503ee55b5ad1b1988379a241a0405811522ee4d50b473755532ad1299cb121e2,"{""distance"":5,""physical_error_rate"":0.0005}","{""detection_events"":2354,""detectors_checked"":1146880}"
     94208,         0,         0,    3.05,standalone_exact_mw,29ae76c7f86edcd2f56343e8109d8463cbc736644db4e57527101e2f1c3606c8,"{""distance"":5,""physical_error_rate"":0.0002}","{""detection_events"":17856,""detectors_checked"":21102592}"
      6144,         0,         0,   0.219,standalone_exact_mw,503ee55b5ad1b1988379a241a0405811522ee4d50b473755532ad1299cb121e2,"{""distance"":5,""physical_error_rate"":0.0005}","{""detection_events"":2756,""detectors_checked"":1376256}"
     59392,         0,         0,    2.17,standalone_exact_mw,503ee55b5ad1b1988379a241a0405811522ee4d50b473755532ad1299cb121e2,"{""distance"":5,""physical_error_rate"":0.0005}","{""detection_events"":27552,""detectors_checked"":13303808}"
   2240519,         0,         0,    85.1,standalone_exact_mw,29ae76c7f86edcd2f56343e8109d8463cbc736644db4e57527101e2f1c3606c8,"{""distance"":5,""physical_error_rate"":0.0002}","{""detection_events"":418208,""detectors_checked"":501876256}"
   2239488,         0,         0,    91.4,standalone_exact_mw,29ae76c7f86edcd2f56343e8109d8463cbc736644db4e57527101e2f1c3606c8,"{""distance"":5,""physical_error_rate"":0.0002}","{""detection_events"":416683,""detectors_checked"":501645312}"
      8192,         0,         0,   0.287,standalone_exact_mw,503ee55b5ad1b1988379a241a0405811522ee4d50b473755532ad1299cb121e2,"{""distance"":5,""physical_error_rate"":0.0005}","{""detection_events"":3794,""detectors_checked"":1835008}"
     74752,         0,         0,    2.16,standalone_exact_mw,29ae76c7f86edcd2f56343e8109d8463cbc736644db4e57527101e2f1c3606c8,"{""distance"":5,""physical_error_rate"":0.0002}","{""detection_events"":13793,""detectors_checked"":16744448}"
     75776,         0,         0,    3.08,standalone_exact_mw,503ee55b5ad1b1988379a241a0405811522ee4d50b473755532ad1299cb121e2,"{""distance"":5,""physical_error_rate"":0.0005}","{""detection_events"":36212,""detectors_checked"":16973824}"
    104448,         0,         0,    3.04,standalone_exact_mw,29ae76c7f86edcd2f56343e8109d8463cbc736644db4e57527101e2f1c3606c8,"{""distance"":5,""physical_error_rate"":0.0002}","{""detection_events"":19373,""detectors_checked"":23396352}"
     46080,         0,         0,    3.05,standalone_exact_mw,503ee55b5ad1b1988379a241a0405811522ee4d50b473755532ad1299cb121e2,"{""distance"":5,""physical_error_rate"":0.0005}","{""detection_events"":21736,""detectors_checked"":10321920}"
     11264,         0,         0,   0.426,standalone_exact_mw,503ee55b5ad1b1988379a241a0405811522ee4d50b473755532ad1299cb121e2,"{""distance"":5,""physical_error_rate"":0.0005}","{""detection_events"":5466,""detectors_checked"":2523136}"
     41984,         0,         0,    2.17,standalone_exact_mw,29ae76c7f86edcd2f56343e8109d8463cbc736644db4e57527101e2f1c3606c8,"{""distance"":5,""physical_error_rate"":0.0002}","{""detection_events"":7723,""detectors_checked"":9404416}"
     79872,         0,         0,    3.02,standalone_exact_mw,29ae76c7f86edcd2f56343e8109d8463cbc736644db4e57527101e2f1c3606c8,"{""distance"":5,""physical_error_rate"":0.0002}","{""detection_events"":14894,""detectors_checked"":17891328}"
     55296,         0,         0,    3.02,standalone_exact_mw,29ae76c7f86edcd2f56343e8109d8463cbc736644db4e57527101e2f1c3606c8,"{""distance"":5,""physical_error_rate"":0.0002}","{""detection_events"":10481,""detectors_checked"":12386304}"
     81920,         0,         0,    2.98,standalone_exact_mw,29ae76c7f86edcd2f56343e8109d8463cbc736644db4e57527101e2f1c3606c8,"{""distance"":5,""physical_error_rate"":0.0002}","{""detection_events"":15148,""detectors_checked"":18350080}"
    103424,         0,         0,    2.98,standalone_exact_mw,29ae76c7f86edcd2f56343e8109d8463cbc736644db4e57527101e2f1c3606c8,"{""distance"":5,""physical_error_rate"":0.0002}","{""detection_events"":18561,""detectors_checked"":23166976}"
     80896,         0,         0,    2.98,standalone_exact_mw,29ae76c7f86edcd2f56343e8109d8463cbc736644db4e57527101e2f1c3606c8,"{""distance"":5,""physical_error_rate"":0.0002}","{""detection_events"":15079,""detectors_checked"":18120704}"
     14336,         0,         0,   0.568,standalone_exact_mw,503ee55b5ad1b1988379a241a0405811522ee4d50b473755532ad1299cb121e2,"{""distance"":5,""physical_error_rate"":0.0005}","{""detection_events"":6484,""detectors_checked"":3211264}"
     62464,         0,         0,    2.16,standalone_exact_mw,29ae76c7f86edcd2f56343e8109d8463cbc736644db4e57527101e2f1c3606c8,"{""distance"":5,""physical_error_rate"":0.0002}","{""detection_events"":11966,""detectors_checked"":13991936}"
     80896,         0,         0,    3.03,standalone_exact_mw,503ee55b5ad1b1988379a241a0405811522ee4d50b473755532ad1299cb121e2,"{""distance"":5,""physical_error_rate"":0.0005}","{""detection_events"":37273,""detectors_checked"":18120704}"
     21504,         0,         0,   0.798,standalone_exact_mw,503ee55b5ad1b1988379a241a0405811522ee4d50b473755532ad1299cb121e2,"{""distance"":5,""physical_error_rate"":0.0005}","{""detection_events"":10114,""detectors_checked"":4816896}"
     87040,         0,         0,    3.06,standalone_exact_mw,503ee55b5ad1b1988379a241a0405811522ee4d50b473755532ad1299cb121e2,"{""distance"":5,""physical_error_rate"":0.0005}","{""detection_events"":40788,""detectors_checked"":19496960}"
     30720,         0,         0,    1.12,standalone_exact_mw,503ee55b5ad1b1988379a241a0405811522ee4d50b473755532ad1299cb121e2,"{""distance"":5,""physical_error_rate"":0.0005}","{""detection_events"":14153,""detectors_checked"":6881280}"
    111616,         0,         0,    4.29,standalone_exact_mw,503ee55b5ad1b1988379a241a0405811522ee4d50b473755532ad1299cb121e2,"{""distance"":5,""physical_error_rate"":0.0005}","{""detection_events"":51760,""detectors_checked"":25001984}"
    100352,         0,         0,    3.03,standalone_exact_mw,29ae76c7f86edcd2f56343e8109d8463cbc736644db4e57527101e2f1c3606c8,"{""distance"":5,""physical_error_rate"":0.0002}","{""detection_events"":18864,""detectors_checked"":22478848}"
    113664,         0,         0,    4.27,standalone_exact_mw,503ee55b5ad1b1988379a241a0405811522ee4d50b473755532ad1299cb121e2,"{""distance"":5,""physical_error_rate"":0.0005}","{""detection_events"":52954,""detectors_checked"":25460736}"
    109568,         0,         0,    4.25,standalone_exact_mw,503ee55b5ad1b1988379a241a0405811522ee4d50b473755532ad1299cb121e2,"{""distance"":5,""physical_error_rate"":0.0005}","{""detection_events"":51473,""detectors_checked"":24543232}"
     84992,         0,         0,    4.26,standalone_exact_mw,503ee55b5ad1b1988379a241a0405811522ee4d50b473755532ad1299cb121e2,"{""distance"":5,""physical_error_rate"":0.0005}","{""detection_events"":39124,""detectors_checked"":19038208}"
     79872,         0,         0,    3.07,standalone_exact_mw,29ae76c7f86edcd2f56343e8109d8463cbc736644db4e57527101e2f1c3606c8,"{""distance"":5,""physical_error_rate"":0.0002}","{""detection_events"":14952,""detectors_checked"":17891328}"
    110592,         0,         0,    4.27,standalone_exact_mw,503ee55b5ad1b1988379a241a0405811522ee4d50b473755532ad1299cb121e2,"{""distance"":5,""physical_error_rate"":0.0005}","{""detection_events"":51838,""detectors_checked"":24772608}"
    137216,         0,         0,    4.23,standalone_exact_mw,29ae76c7f86edcd2f56343e8109d8463cbc736644db4e57527101e2f1c3606c8,"{""distance"":5,""physical_error_rate"":0.0002}","{""detection_events"":26018,""detectors_checked"":30736384}"
   2067943,         0,         0,    51.9,standalone_exact_mw,29ae76c7f86edcd2f56343e8109d8463cbc736644db4e57527101e2f1c3606c8,"{""distance"":5,""physical_error_rate"":0.0002}","{""detection_events"":385426,""detectors_checked"":463219232}"
   1963008,         0,         0,    57.9,standalone_exact_mw,29ae76c7f86edcd2f56343e8109d8463cbc736644db4e57527101e2f1c3606c8,"{""distance"":5,""physical_error_rate"":0.0002}","{""detection_events"":365642,""detectors_checked"":439713792}"
   2001920,         0,         0,    62.7,standalone_exact_mw,29ae76c7f86edcd2f56343e8109d8463cbc736644db4e57527101e2f1c3606c8,"{""distance"":5,""physical_error_rate"":0.0002}","{""detection_events"":373865,""detectors_checked"":448430080}"
     98304,         0,         0,    3.03,standalone_exact_mw,29ae76c7f86edcd2f56343e8109d8463cbc736644db4e57527101e2f1c3606c8,"{""distance"":5,""physical_error_rate"":0.0002}","{""detection_events"":18436,""detectors_checked"":22020096}"
    106496,         0,         0,    4.25,standalone_exact_mw,503ee55b5ad1b1988379a241a0405811522ee4d50b473755532ad1299cb121e2,"{""distance"":5,""physical_error_rate"":0.0005}","{""detection_events"":48908,""detectors_checked"":23855104}"
     43008,         0,         0,    1.58,standalone_exact_mw,503ee55b5ad1b1988379a241a0405811522ee4d50b473755532ad1299cb121e2,"{""distance"":5,""physical_error_rate"":0.0005}","{""detection_events"":19348,""detectors_checked"":9633792}"
    144384,         1,         0,    4.20,standalone_exact_mw,29ae76c7f86edcd2f56343e8109d8463cbc736644db4e57527101e2f1c3606c8,"{""distance"":5,""physical_error_rate"":0.0002}","{""detection_events"":27158,""detectors_checked"":32342016,""obs_mistake_mask=E"":1}"
     57344,         0,         0,    4.25,standalone_exact_mw,503ee55b5ad1b1988379a241a0405811522ee4d50b473755532ad1299cb121e2,"{""distance"":5,""physical_error_rate"":0.0005}","{""detection_events"":26756,""detectors_checked"":12845056}"
    112640,         0,         0,    4.26,standalone_exact_mw,29ae76c7f86edcd2f56343e8109d8463cbc736644db4e57527101e2f1c3606c8,"{""distance"":5,""physical_error_rate"":0.0002}","{""detection_events"":21319,""detectors_checked"":25231360}"
     78848,         0,         0,    4.21,standalone_exact_mw,29ae76c7f86edcd2f56343e8109d8463cbc736644db4e57527101e2f1c3606c8,"{""distance"":5,""physical_error_rate"":0.0002}","{""detection_events"":14462,""detectors_checked"":17661952}"
    129024,         0,         0,    4.23,standalone_exact_mw,29ae76c7f86edcd2f56343e8109d8463cbc736644db4e57527101e2f1c3606c8,"{""distance"":5,""physical_error_rate"":0.0002}","{""detection_events"":24687,""detectors_checked"":28901376}"
    109568,         0,         0,    4.26,standalone_exact_mw,29ae76c7f86edcd2f56343e8109d8463cbc736644db4e57527101e2f1c3606c8,"{""distance"":5,""physical_error_rate"":0.0002}","{""detection_events"":20635,""detectors_checked"":24543232}"
    115712,         0,         0,    4.22,standalone_exact_mw,29ae76c7f86edcd2f56343e8109d8463cbc736644db4e57527101e2f1c3606c8,"{""distance"":5,""physical_error_rate"":0.0002}","{""detection_events"":21480,""detectors_checked"":25919488}"
       273,         0,         0,   0.004,standalone_exact_mw,29ae76c7f86edcd2f56343e8109d8463cbc736644db4e57527101e2f1c3606c8,"{""distance"":5,""physical_error_rate"":0.0002}","{""detection_events"":63,""detectors_checked"":61152}"
      1024,         0,         0,   0.024,standalone_exact_mw,29ae76c7f86edcd2f56343e8109d8463cbc736644db4e57527101e2f1c3606c8,"{""distance"":5,""physical_error_rate"":0.0002}","{""detection_events"":203,""detectors_checked"":229376}"
      1024,         0,         0,   0.028,standalone_exact_mw,29ae76c7f86edcd2f56343e8109d8463cbc736644db4e57527101e2f1c3606c8,"{""distance"":5,""physical_error_rate"":0.0002}","{""detection_events"":223,""detectors_checked"":229376}"
      2048,         0,         0,   0.049,standalone_exact_mw,29ae76c7f86edcd2f56343e8109d8463cbc736644db4e57527101e2f1c3606c8,"{""distance"":5,""physical_error_rate"":0.0002}","{""detection_events"":471,""detectors_checked"":458752}"
      1024,         0,         0,   0.035,standalone_exact_mw,29ae76c7f86edcd2f56343e8109d8463cbc736644db4e57527101e2f1c3606c8,"{""distance"":5,""physical_error_rate"":0.0002}","{""detection_events"":169,""detectors_checked"":229376}"
    104448,         0,         0,    4.26,standalone_exact_mw,503ee55b5ad1b1988379a241a0405811522ee4d50b473755532ad1299cb121e2,"{""distance"":5,""physical_error_rate"":0.0005}","{""detection_events"":48315,""detectors_checked"":23396352}"
      2048,         0,         0,   0.062,standalone_exact_mw,29ae76c7f86edcd2f56343e8109d8463cbc736644db4e57527101e2f1c3606c8,"{""distance"":5,""physical_error_rate"":0.0002}","{""detection_events"":388,""detectors_checked"":458752}"
      2048,         0,         0,   0.083,standalone_exact_mw,29ae76c7f86edcd2f56343e8109d8463cbc736644db4e57527101e2f1c3606c8,"{""distance"":5,""physical_error_rate"":0.0002}","{""detection_events"":361,""detectors_checked"":458752}"
      4096,         0,         0,   0.110,standalone_exact_mw,29ae76c7f86edcd2f56343e8109d8463cbc736644db4e57527101e2f1c3606c8,"{""distance"":5,""physical_error_rate"":0.0002}","{""detection_events"":710,""detectors_checked"":917504}"
      6144,         0,         0,   0.173,standalone_exact_mw,29ae76c7f86edcd2f56343e8109d8463cbc736644db4e57527101e2f1c3606c8,"{""distance"":5,""physical_error_rate"":0.0002}","{""detection_events"":1124,""detectors_checked"":1376256}"
      6144,         0,         0,   0.199,standalone_exact_mw,29ae76c7f86edcd2f56343e8109d8463cbc736644db4e57527101e2f1c3606c8,"{""distance"":5,""physical_error_rate"":0.0002}","{""detection_events"":1083,""detectors_checked"":1376256}"
      9216,         0,         0,   0.308,standalone_exact_mw,29ae76c7f86edcd2f56343e8109d8463cbc736644db4e57527101e2f1c3606c8,"{""distance"":5,""physical_error_rate"":0.0002}","{""detection_events"":1582,""detectors_checked"":2064384}"
     56320,         0,         0,    2.16,standalone_exact_mw,503ee55b5ad1b1988379a241a0405811522ee4d50b473755532ad1299cb121e2,"{""distance"":5,""physical_error_rate"":0.0005}","{""detection_events"":26261,""detectors_checked"":12615680}"
     13312,         0,         0,   0.415,standalone_exact_mw,29ae76c7f86edcd2f56343e8109d8463cbc736644db4e57527101e2f1c3606c8,"{""distance"":5,""physical_error_rate"":0.0002}","{""detection_events"":2488,""detectors_checked"":2981888}"
    109568,         0,         0,    4.27,standalone_exact_mw,503ee55b5ad1b1988379a241a0405811522ee4d50b473755532ad1299cb121e2,"{""distance"":5,""physical_error_rate"":0.0005}","{""detection_events"":51168,""detectors_checked"":24543232}"
    133120,         0,         0,    4.25,standalone_exact_mw,29ae76c7f86edcd2f56343e8109d8463cbc736644db4e57527101e2f1c3606c8,"{""distance"":5,""physical_error_rate"":0.0002}","{""detection_events"":24697,""detectors_checked"":29818880}"
     20480,         0,         0,   0.590,standalone_exact_mw,29ae76c7f86edcd2f56343e8109d8463cbc736644db4e57527101e2f1c3606c8,"{""distance"":5,""physical_error_rate"":0.0002}","{""detection_events"":3822,""detectors_checked"":4587520}"
    110592,         0,         0,    4.22,standalone_exact_mw,29ae76c7f86edcd2f56343e8109d8463cbc736644db4e57527101e2f1c3606c8,"{""distance"":5,""physical_error_rate"":0.0002}","{""detection_events"":20808,""detectors_checked"":24772608}"
     26624,         0,         0,   0.775,standalone_exact_mw,29ae76c7f86edcd2f56343e8109d8463cbc736644db4e57527101e2f1c3606c8,"{""distance"":5,""physical_error_rate"":0.0002}","{""detection_events"":4797,""detectors_checked"":5963776}"
    138240,         0,         0,    4.23,standalone_exact_mw,29ae76c7f86edcd2f56343e8109d8463cbc736644db4e57527101e2f1c3606c8,"{""distance"":5,""physical_error_rate"":0.0002}","{""detection_events"":26087,""detectors_checked"":30965760}"
    146432,         0,         0,    5.97,standalone_exact_mw,503ee55b5ad1b1988379a241a0405811522ee4d50b473755532ad1299cb121e2,"{""distance"":5,""physical_error_rate"":0.0005}","{""detection_events"":68023,""detectors_checked"":32800768}"
    153600,         0,         0,    5.98,standalone_exact_mw,503ee55b5ad1b1988379a241a0405811522ee4d50b473755532ad1299cb121e2,"{""distance"":5,""physical_error_rate"":0.0005}","{""detection_events"":71095,""detectors_checked"":34406400}"
    121856,         0,         0,    5.94,standalone_exact_mw,503ee55b5ad1b1988379a241a0405811522ee4d50b473755532ad1299cb121e2,"{""distance"":5,""physical_error_rate"":0.0005}","{""detection_events"":57196,""detectors_checked"":27295744}"
    125952,         0,         0,    6.00,standalone_exact_mw,503ee55b5ad1b1988379a241a0405811522ee4d50b473755532ad1299cb121e2,"{""distance"":5,""physical_error_rate"":0.0005}","{""detection_events"":58139,""detectors_checked"":28213248}"
     36864,         0,         0,    1.11,standalone_exact_mw,29ae76c7f86edcd2f56343e8109d8463cbc736644db4e57527101e2f1c3606c8,"{""distance"":5,""physical_error_rate"":0.0002}","{""detection_events"":7085,""detectors_checked"":8257536}"
    147456,         0,         0,    5.96,standalone_exact_mw,503ee55b5ad1b1988379a241a0405811522ee4d50b473755532ad1299cb121e2,"{""distance"":5,""physical_error_rate"":0.0005}","{""detection_events"":68194,""detectors_checked"":33030144}"
     78848,         0,         0,    3.06,standalone_exact_mw,503ee55b5ad1b1988379a241a0405811522ee4d50b473755532ad1299cb121e2,"{""distance"":5,""physical_error_rate"":0.0005}","{""detection_events"":36586,""detectors_checked"":17661952}"
    194560,         0,         0,    5.99,standalone_exact_mw,29ae76c7f86edcd2f56343e8109d8463cbc736644db4e57527101e2f1c3606c8,"{""distance"":5,""physical_error_rate"":0.0002}","{""detection_events"":35761,""detectors_checked"":43581440}"
    123904,         0,         0,    5.99,standalone_exact_mw,503ee55b5ad1b1988379a241a0405811522ee4d50b473755532ad1299cb121e2,"{""distance"":5,""physical_error_rate"":0.0005}","{""detection_events"":58051,""detectors_checked"":27754496}"
    190464,         0,         0,    5.93,standalone_exact_mw,29ae76c7f86edcd2f56343e8109d8463cbc736644db4e57527101e2f1c3606c8,"{""distance"":5,""physical_error_rate"":0.0002}","{""detection_events"":35556,""detectors_checked"":42663936}"
    155648,         0,         0,    5.93,standalone_exact_mw,503ee55b5ad1b1988379a241a0405811522ee4d50b473755532ad1299cb121e2,"{""distance"":5,""physical_error_rate"":0.0005}","{""detection_events"":72161,""detectors_checked"":34865152}"
    156672,         0,         0,    5.95,standalone_exact_mw,29ae76c7f86edcd2f56343e8109d8463cbc736644db4e57527101e2f1c3606c8,"{""distance"":5,""physical_error_rate"":0.0002}","{""detection_events"":29623,""detectors_checked"":35094528}"
    188416,         0,         0,    5.94,standalone_exact_mw,29ae76c7f86edcd2f56343e8109d8463cbc736644db4e57527101e2f1c3606c8,"{""distance"":5,""physical_error_rate"":0.0002}","{""detection_events"":35260,""detectors_checked"":42205184}"
    152576,         0,         0,    5.98,standalone_exact_mw,29ae76c7f86edcd2f56343e8109d8463cbc736644db4e57527101e2f1c3606c8,"{""distance"":5,""physical_error_rate"":0.0002}","{""detection_events"":28372,""detectors_checked"":34177024}"
    169984,         0,         0,    5.88,standalone_exact_mw,29ae76c7f86edcd2f56343e8109d8463cbc736644db4e57527101e2f1c3606c8,"{""distance"":5,""physical_error_rate"":0.0002}","{""detection_events"":31506,""detectors_checked"":38076416}"
    155648,         0,         0,    5.93,standalone_exact_mw,29ae76c7f86edcd2f56343e8109d8463cbc736644db4e57527101e2f1c3606c8,"{""distance"":5,""physical_error_rate"":0.0002}","{""detection_events"":29131,""detectors_checked"":34865152}"
     48128,         0,         0,    1.51,standalone_exact_mw,29ae76c7f86edcd2f56343e8109d8463cbc736644db4e57527101e2f1c3606c8,"{""distance"":5,""physical_error_rate"":0.0002}","{""detection_events"":8954,""detectors_checked"":10780672}"
    148480,         0,         0,    5.99,standalone_exact_mw,503ee55b5ad1b1988379a241a0405811522ee4d50b473755532ad1299cb121e2,"{""distance"":5,""physical_error_rate"":0.0005}","{""detection_events"":69917,""detectors_checked"":33259520}"
    158720,         0,         0,    5.98,standalone_exact_mw,503ee55b5ad1b1988379a241a0405811522ee4d50b473755532ad1299cb121e2,"{""distance"":5,""physical_error_rate"":0.0005}","{""detection_events"":74248,""detectors_checked"":35553280}"
     92160,         0,         0,    5.98,standalone_exact_mw,29ae76c7f86edcd2f56343e8109d8463cbc736644db4e57527101e2f1c3606c8,"{""distance"":5,""physical_error_rate"":0.0002}","{""detection_events"":16789,""detectors_checked"":20643840}"
     61440,         0,         0,    2.20,standalone_exact_mw,29ae76c7f86edcd2f56343e8109d8463cbc736644db4e57527101e2f1c3606c8,"{""distance"":5,""physical_error_rate"":0.0002}","{""detection_events"":11577,""detectors_checked"":13762560}"
    195584,         0,         0,    6.01,standalone_exact_mw,29ae76c7f86edcd2f56343e8109d8463cbc736644db4e57527101e2f1c3606c8,"{""distance"":5,""physical_error_rate"":0.0002}","{""detection_events"":35781,""detectors_checked"":43810816}"
     83968,         0,         0,    4.27,standalone_exact_mw,503ee55b5ad1b1988379a241a0405811522ee4d50b473755532ad1299cb121e2,"{""distance"":5,""physical_error_rate"":0.0005}","{""detection_events"":38838,""detectors_checked"":18808832}"
    195584,         0,         0,    5.93,standalone_exact_mw,29ae76c7f86edcd2f56343e8109d8463cbc736644db4e57527101e2f1c3606c8,"{""distance"":5,""physical_error_rate"":0.0002}","{""detection_events"":36392,""detectors_checked"":43810816}"
   1265664,         0,         0,    44.7,standalone_exact_mw,29ae76c7f86edcd2f56343e8109d8463cbc736644db4e57527101e2f1c3606c8,"{""distance"":5,""physical_error_rate"":0.0002}","{""detection_events"":236587,""detectors_checked"":283508736}"
   1416192,         0,         0,    44.9,standalone_exact_mw,29ae76c7f86edcd2f56343e8109d8463cbc736644db4e57527101e2f1c3606c8,"{""distance"":5,""physical_error_rate"":0.0002}","{""detection_events"":264175,""detectors_checked"":317227008}"
     76800,         0,         0,    3.05,standalone_exact_mw,29ae76c7f86edcd2f56343e8109d8463cbc736644db4e57527101e2f1c3606c8,"{""distance"":5,""physical_error_rate"":0.0002}","{""detection_events"":14256,""detectors_checked"":17203200}"
   1443840,         0,         0,    44.7,standalone_exact_mw,29ae76c7f86edcd2f56343e8109d8463cbc736644db4e57527101e2f1c3606c8,"{""distance"":5,""physical_error_rate"":0.0002}","{""detection_events"":268764,""detectors_checked"":323420160}"
   1314816,         0,         0,    44.7,standalone_exact_mw,29ae76c7f86edcd2f56343e8109d8463cbc736644db4e57527101e2f1c3606c8,"{""distance"":5,""physical_error_rate"":0.0002}","{""detection_events"":244863,""detectors_checked"":294518784}"
    223232,         0,         0,    8.41,standalone_exact_mw,503ee55b5ad1b1988379a241a0405811522ee4d50b473755532ad1299cb121e2,"{""distance"":5,""physical_error_rate"":0.0005}","{""detection_events"":104113,""detectors_checked"":50003968}"
    181248,         0,         0,    8.33,standalone_exact_mw,503ee55b5ad1b1988379a241a0405811522ee4d50b473755532ad1299cb121e2,"{""distance"":5,""physical_error_rate"":0.0005}","{""detection_events"":83720,""detectors_checked"":40599552}"
    174080,         0,         0,    8.35,standalone_exact_mw,503ee55b5ad1b1988379a241a0405811522ee4d50b473755532ad1299cb121e2,"{""distance"":5,""physical_error_rate"":0.0005}","{""detection_events"":80947,""detectors_checked"":38993920}"
    199680,         0,         0,    8.36,standalone_exact_mw,503ee55b5ad1b1988379a241a0405811522ee4d50b473755532ad1299cb121e2,"{""distance"":5,""physical_error_rate"":0.0005}","{""detection_events"":92092,""detectors_checked"":44728320}"
   1902008,         0,         0,    75.1,standalone_exact_mw,29ae76c7f86edcd2f56343e8109d8463cbc736644db4e57527101e2f1c3606c8,"{""distance"":5,""physical_error_rate"":0.0002}","{""detection_events"":354828,""detectors_checked"":426049792}"
   1482752,         0,         0,    55.4,standalone_exact_mw,29ae76c7f86edcd2f56343e8109d8463cbc736644db4e57527101e2f1c3606c8,"{""distance"":5,""physical_error_rate"":0.0002}","{""detection_events"":276129,""detectors_checked"":332136448}"
   1515520,         0,         0,    53.0,standalone_exact_mw,29ae76c7f86edcd2f56343e8109d8463cbc736644db4e57527101e2f1c3606c8,"{""distance"":5,""physical_error_rate"":0.0002}","{""detection_events"":282231,""detectors_checked"":339476480}"
   1899520,         0,         0,    77.3,standalone_exact_mw,29ae76c7f86edcd2f56343e8109d8463cbc736644db4e57527101e2f1c3606c8,"{""distance"":5,""physical_error_rate"":0.0002}","{""detection_events"":355445,""detectors_checked"":425492480}"
    194560,         0,         0,    8.36,standalone_exact_mw,503ee55b5ad1b1988379a241a0405811522ee4d50b473755532ad1299cb121e2,"{""distance"":5,""physical_error_rate"":0.0005}","{""detection_events"":90268,""detectors_checked"":43581440}"
   1123328,         1,         0,    44.8,standalone_exact_mw,503ee55b5ad1b1988379a241a0405811522ee4d50b473755532ad1299cb121e2,"{""distance"":5,""physical_error_rate"":0.0005}","{""detection_events"":524932,""detectors_checked"":251625472,""obs_mistake_mask=E"":1}"
    229376,         0,         0,    8.30,standalone_exact_mw,29ae76c7f86edcd2f56343e8109d8463cbc736644db4e57527101e2f1c3606c8,"{""distance"":5,""physical_error_rate"":0.0002}","{""detection_events"":42353,""detectors_checked"":51380224}"
    191488,         0,         0,    8.32,standalone_exact_mw,503ee55b5ad1b1988379a241a0405811522ee4d50b473755532ad1299cb121e2,"{""distance"":5,""physical_error_rate"":0.0005}","{""detection_events"":89238,""detectors_checked"":42893312}"
   1026048,         0,         0,    44.8,standalone_exact_mw,503ee55b5ad1b1988379a241a0405811522ee4d50b473755532ad1299cb121e2,"{""distance"":5,""physical_error_rate"":0.0005}","{""detection_events"":476564,""detectors_checked"":229834752}"
    287744,         0,         0,    8.33,standalone_exact_mw,29ae76c7f86edcd2f56343e8109d8463cbc736644db4e57527101e2f1c3606c8,"{""distance"":5,""physical_error_rate"":0.0002}","{""detection_events"":53836,""detectors_checked"":64454656}"
    190464,         0,         0,    8.38,standalone_exact_mw,503ee55b5ad1b1988379a241a0405811522ee4d50b473755532ad1299cb121e2,"{""distance"":5,""physical_error_rate"":0.0005}","{""detection_events"":88603,""detectors_checked"":42663936}"
    217088,         0,         0,    8.33,standalone_exact_mw,29ae76c7f86edcd2f56343e8109d8463cbc736644db4e57527101e2f1c3606c8,"{""distance"":5,""physical_error_rate"":0.0002}","{""detection_events"":40527,""detectors_checked"":48627712}"
    238592,         0,         0,    8.36,standalone_exact_mw,29ae76c7f86edcd2f56343e8109d8463cbc736644db4e57527101e2f1c3606c8,"{""distance"":5,""physical_error_rate"":0.0002}","{""detection_events"":44138,""detectors_checked"":53444608}"
    239616,         0,         0,    8.32,standalone_exact_mw,29ae76c7f86edcd2f56343e8109d8463cbc736644db4e57527101e2f1c3606c8,"{""distance"":5,""physical_error_rate"":0.0002}","{""detection_events"":44812,""detectors_checked"":53673984}"
    226304,         0,         0,    8.34,standalone_exact_mw,29ae76c7f86edcd2f56343e8109d8463cbc736644db4e57527101e2f1c3606c8,"{""distance"":5,""physical_error_rate"":0.0002}","{""detection_events"":42358,""detectors_checked"":50692096}"
    256000,         0,         0,    8.35,standalone_exact_mw,29ae76c7f86edcd2f56343e8109d8463cbc736644db4e57527101e2f1c3606c8,"{""distance"":5,""physical_error_rate"":0.0002}","{""detection_events"":47783,""detectors_checked"":57344000}"
     99328,         0,         0,    5.91,standalone_exact_mw,503ee55b5ad1b1988379a241a0405811522ee4d50b473755532ad1299cb121e2,"{""distance"":5,""physical_error_rate"":0.0005}","{""detection_events"":46867,""detectors_checked"":22249472}"
   1155072,         0,         0,    44.8,standalone_exact_mw,503ee55b5ad1b1988379a241a0405811522ee4d50b473755532ad1299cb121e2,"{""distance"":5,""physical_error_rate"":0.0005}","{""detection_events"":537503,""detectors_checked"":258736128}"
    198656,         0,         0,    8.33,standalone_exact_mw,503ee55b5ad1b1988379a241a0405811522ee4d50b473755532ad1299cb121e2,"{""distance"":5,""physical_error_rate"":0.0005}","{""detection_events"":92328,""detectors_checked"":44498944}"
    668672,         0,         0,    44.8,standalone_exact_mw,503ee55b5ad1b1988379a241a0405811522ee4d50b473755532ad1299cb121e2,"{""distance"":5,""physical_error_rate"":0.0005}","{""detection_events"":311600,""detectors_checked"":149782528}"
    108544,         0,         0,    4.21,standalone_exact_mw,29ae76c7f86edcd2f56343e8109d8463cbc736644db4e57527101e2f1c3606c8,"{""distance"":5,""physical_error_rate"":0.0002}","{""detection_events"":19991,""detectors_checked"":24313856}"
   2689024,         2,         0,   119.5,standalone_exact_mw,503ee55b5ad1b1988379a241a0405811522ee4d50b473755532ad1299cb121e2,"{""distance"":5,""physical_error_rate"":0.0005}","{""detection_events"":1251218,""detectors_checked"":602341376,""obs_mistake_mask=E"":2}"
   1449250,         0,         0,    45.7,standalone_exact_mw,29ae76c7f86edcd2f56343e8109d8463cbc736644db4e57527101e2f1c3606c8,"{""distance"":5,""physical_error_rate"":0.0002}","{""detection_events"":270986,""detectors_checked"":324632000}"
   1398784,         0,         0,    44.7,standalone_exact_mw,29ae76c7f86edcd2f56343e8109d8463cbc736644db4e57527101e2f1c3606c8,"{""distance"":5,""physical_error_rate"":0.0002}","{""detection_events"":261733,""detectors_checked"":313327616}"
   1337344,         0,         0,    45.9,standalone_exact_mw,29ae76c7f86edcd2f56343e8109d8463cbc736644db4e57527101e2f1c3606c8,"{""distance"":5,""physical_error_rate"":0.0002}","{""detection_events"":249412,""detectors_checked"":299565056}"
   1447936,         0,         0,    45.8,standalone_exact_mw,29ae76c7f86edcd2f56343e8109d8463cbc736644db4e57527101e2f1c3606c8,"{""distance"":5,""physical_error_rate"":0.0002}","{""detection_events"":269632,""detectors_checked"":324337664}"
   1418240,         0,         0,    53.1,standalone_exact_mw,29ae76c7f86edcd2f56343e8109d8463cbc736644db4e57527101e2f1c3606c8,"{""distance"":5,""physical_error_rate"":0.0002}","{""detection_events"":264220,""detectors_checked"":317685760}"
    212992,         0,         0,    8.35,standalone_exact_mw,503ee55b5ad1b1988379a241a0405811522ee4d50b473755532ad1299cb121e2,"{""distance"":5,""physical_error_rate"":0.0005}","{""detection_events"":100037,""detectors_checked"":47710208}"
    249856,         0,         0,    8.34,standalone_exact_mw,29ae76c7f86edcd2f56343e8109d8463cbc736644db4e57527101e2f1c3606c8,"{""distance"":5,""physical_error_rate"":0.0002}","{""detection_events"":46890,""detectors_checked"":55967744}"
   1078272,         0,         0,    44.8,standalone_exact_mw,503ee55b5ad1b1988379a241a0405811522ee4d50b473755532ad1299cb121e2,"{""distance"":5,""physical_error_rate"":0.0005}","{""detection_events"":501049,""detectors_checked"":241532928}"
    201728,         0,         0,    8.36,standalone_exact_mw,29ae76c7f86edcd2f56343e8109d8463cbc736644db4e57527101e2f1c3606c8,"{""distance"":5,""physical_error_rate"":0.0002}","{""detection_events"":37896,""detectors_checked"":45187072}"
    322560,         0,         0,    8.30,standalone_exact_mw,29ae76c7f86edcd2f56343e8109d8463cbc736644db4e57527101e2f1c3606c8,"{""distance"":5,""physical_error_rate"":0.0002}","{""detection_events"":60025,""detectors_checked"":72253440}"
   1018880,         2,         0,    44.8,standalone_exact_mw,503ee55b5ad1b1988379a241a0405811522ee4d50b473755532ad1299cb121e2,"{""distance"":5,""physical_error_rate"":0.0005}","{""detection_events"":472587,""detectors_checked"":228229120,""obs_mistake_mask=E"":2}"
   1194553,         0,         0,    49.8,standalone_exact_mw,29ae76c7f86edcd2f56343e8109d8463cbc736644db4e57527101e2f1c3606c8,"{""distance"":5,""physical_error_rate"":0.0002}","{""detection_events"":224454,""detectors_checked"":267579872}"
    148480,         0,         0,    5.96,standalone_exact_mw,29ae76c7f86edcd2f56343e8109d8463cbc736644db4e57527101e2f1c3606c8,"{""distance"":5,""physical_error_rate"":0.0002}","{""detection_events"":28032,""detectors_checked"":33259520}"
    957959,         0,         0,    31.0,standalone_exact_mw,29ae76c7f86edcd2f56343e8109d8463cbc736644db4e57527101e2f1c3606c8,"{""distance"":5,""physical_error_rate"":0.0002}","{""detection_events"":177895,""detectors_checked"":214582816}"
    175104,         1,         0,    8.37,standalone_exact_mw,503ee55b5ad1b1988379a241a0405811522ee4d50b473755532ad1299cb121e2,"{""distance"":5,""physical_error_rate"":0.0005}","{""detection_events"":81090,""detectors_checked"":39223296,""obs_mistake_mask=E"":1}"
    242688,         0,         0,    11.7,standalone_exact_mw,503ee55b5ad1b1988379a241a0405811522ee4d50b473755532ad1299cb121e2,"{""distance"":5,""physical_error_rate"":0.0005}","{""detection_events"":112083,""detectors_checked"":54362112}"
   2519040,         2,         0,   119.4,standalone_exact_mw,503ee55b5ad1b1988379a241a0405811522ee4d50b473755532ad1299cb121e2,"{""distance"":5,""physical_error_rate"":0.0005}","{""detection_events"":1170461,""detectors_checked"":564264960,""obs_mistake_mask=E"":2}"
    241664,         0,         0,    11.7,standalone_exact_mw,503ee55b5ad1b1988379a241a0405811522ee4d50b473755532ad1299cb121e2,"{""distance"":5,""physical_error_rate"":0.0005}","{""detection_events"":113073,""detectors_checked"":54132736}"
    286720,         0,         0,    11.7,standalone_exact_mw,503ee55b5ad1b1988379a241a0405811522ee4d50b473755532ad1299cb121e2,"{""distance"":5,""physical_error_rate"":0.0005}","{""detection_events"":133591,""detectors_checked"":64225280}"
    273408,         0,         0,    11.7,standalone_exact_mw,503ee55b5ad1b1988379a241a0405811522ee4d50b473755532ad1299cb121e2,"{""distance"":5,""physical_error_rate"":0.0005}","{""detection_events"":128321,""detectors_checked"":61243392}"
    923383,         1,         0,    25.2,standalone_exact_mw,29ae76c7f86edcd2f56343e8109d8463cbc736644db4e57527101e2f1c3606c8,"{""distance"":5,""physical_error_rate"":0.0002}","{""detection_events"":172486,""detectors_checked"":206837792,""obs_mistake_mask=E"":1}"
    923383,         0,         0,    33.6,standalone_exact_mw,29ae76c7f86edcd2f56343e8109d8463cbc736644db4e57527101e2f1c3606c8,"{""distance"":5,""physical_error_rate"":0.0002}","{""detection_events"":172353,""detectors_checked"":206837792}"
    231424,         0,         0,    11.7,standalone_exact_mw,503ee55b5ad1b1988379a241a0405811522ee4d50b473755532ad1299cb121e2,"{""distance"":5,""physical_error_rate"":0.0005}","{""detection_events"":107119,""detectors_checked"":51838976}"
    302080,         0,         0,    11.7,standalone_exact_mw,29ae76c7f86edcd2f56343e8109d8463cbc736644db4e57527101e2f1c3606c8,"{""distance"":5,""physical_error_rate"":0.0002}","{""detection_events"":56566,""detectors_checked"":67665920}"
   2856960,         0,         0,   119.4,standalone_exact_mw,503ee55b5ad1b1988379a241a0405811522ee4d50b473755532ad1299cb121e2,"{""distance"":5,""physical_error_rate"":0.0005}","{""detection_events"":1327832,""detectors_checked"":639959040}"
    237568,         0,         0,    11.6,standalone_exact_mw,503ee55b5ad1b1988379a241a0405811522ee4d50b473755532ad1299cb121e2,"{""distance"":5,""physical_error_rate"":0.0005}","{""detection_events"":110452,""detectors_checked"":53215232}"
    391168,         0,         0,    11.7,standalone_exact_mw,29ae76c7f86edcd2f56343e8109d8463cbc736644db4e57527101e2f1c3606c8,"{""distance"":5,""physical_error_rate"":0.0002}","{""detection_events"":73040,""detectors_checked"":87621632}"
    225280,         0,         0,    11.7,standalone_exact_mw,503ee55b5ad1b1988379a241a0405811522ee4d50b473755532ad1299cb121e2,"{""distance"":5,""physical_error_rate"":0.0005}","{""detection_events"":104212,""detectors_checked"":50462720}"
    894527,         0,         0,    26.5,standalone_exact_mw,29ae76c7f86edcd2f56343e8109d8463cbc736644db4e57527101e2f1c3606c8,"{""distance"":5,""physical_error_rate"":0.0002}","{""detection_events"":166954,""detectors_checked"":200374048}"
    276480,         0,         0,    11.7,standalone_exact_mw,29ae76c7f86edcd2f56343e8109d8463cbc736644db4e57527101e2f1c3606c8,"{""distance"":5,""physical_error_rate"":0.0002}","{""detection_events"":51244,""detectors_checked"":61931520}"
    843776,         0,         0,    30.7,standalone_exact_mw,29ae76c7f86edcd2f56343e8109d8463cbc736644db4e57527101e2f1c3606c8,"{""distance"":5,""physical_error_rate"":0.0002}","{""detection_events"":156530,""detectors_checked"":189005824}"
    878592,         0,         0,    26.6,standalone_exact_mw,29ae76c7f86edcd2f56343e8109d8463cbc736644db4e57527101e2f1c3606c8,"{""distance"":5,""physical_error_rate"":0.0002}","{""detection_events"":164079,""detectors_checked"":196804608}"
    849920,         0,         0,    30.7,standalone_exact_mw,29ae76c7f86edcd2f56343e8109d8463cbc736644db4e57527101e2f1c3606c8,"{""distance"":5,""physical_error_rate"":0.0002}","{""detection_events"":159414,""detectors_checked"":190382080}"
    272384,         0,         0,    11.6,standalone_exact_mw,29ae76c7f86edcd2f56343e8109d8463cbc736644db4e57527101e2f1c3606c8,"{""distance"":5,""physical_error_rate"":0.0002}","{""detection_events"":50776,""detectors_checked"":61014016}"
    332800,         0,         0,    11.7,standalone_exact_mw,29ae76c7f86edcd2f56343e8109d8463cbc736644db4e57527101e2f1c3606c8,"{""distance"":5,""physical_error_rate"":0.0002}","{""detection_events"":62410,""detectors_checked"":74547200}"
    325632,         0,         0,    11.6,standalone_exact_mw,29ae76c7f86edcd2f56343e8109d8463cbc736644db4e57527101e2f1c3606c8,"{""distance"":5,""physical_error_rate"":0.0002}","{""detection_events"":61043,""detectors_checked"":72941568}"
    275456,         0,         0,    11.7,standalone_exact_mw,29ae76c7f86edcd2f56343e8109d8463cbc736644db4e57527101e2f1c3606c8,"{""distance"":5,""physical_error_rate"":0.0002}","{""detection_events"":52479,""detectors_checked"":61702144}"
    236544,         0,         0,    11.7,standalone_exact_mw,503ee55b5ad1b1988379a241a0405811522ee4d50b473755532ad1299cb121e2,"{""distance"":5,""physical_error_rate"":0.0005}","{""detection_events"":109078,""detectors_checked"":52985856}"
   2503680,         0,         0,   119.3,standalone_exact_mw,503ee55b5ad1b1988379a241a0405811522ee4d50b473755532ad1299cb121e2,"{""distance"":5,""physical_error_rate"":0.0005}","{""detection_events"":1161226,""detectors_checked"":560824320}"
    314368,         0,         0,    11.6,standalone_exact_mw,503ee55b5ad1b1988379a241a0405811522ee4d50b473755532ad1299cb121e2,"{""distance"":5,""physical_error_rate"":0.0005}","{""detection_events"":146547,""detectors_checked"":70418432}"
    424960,         0,         0,    11.7,standalone_exact_mw,29ae76c7f86edcd2f56343e8109d8463cbc736644db4e57527101e2f1c3606c8,"{""distance"":5,""physical_error_rate"":0.0002}","{""detection_events"":79605,""detectors_checked"":95191040}"
   2456576,         1,         0,   119.3,standalone_exact_mw,503ee55b5ad1b1988379a241a0405811522ee4d50b473755532ad1299cb121e2,"{""distance"":5,""physical_error_rate"":0.0005}","{""detection_events"":1143450,""detectors_checked"":550273024,""obs_mistake_mask=E"":1}"
    314368,         0,         0,    11.6,standalone_exact_mw,29ae76c7f86edcd2f56343e8109d8463cbc736644db4e57527101e2f1c3606c8,"{""distance"":5,""physical_error_rate"":0.0002}","{""detection_events"":58323,""detectors_checked"":70418432}"
    379904,         0,         0,    11.6,standalone_exact_mw,29ae76c7f86edcd2f56343e8109d8463cbc736644db4e57527101e2f1c3606c8,"{""distance"":5,""physical_error_rate"":0.0002}","{""detection_events"":71786,""detectors_checked"":85098496}"
    263168,         0,         0,    8.26,standalone_exact_mw,29ae76c7f86edcd2f56343e8109d8463cbc736644db4e57527101e2f1c3606c8,"{""distance"":5,""physical_error_rate"":0.0002}","{""detection_events"":48571,""detectors_checked"":58949632}"
    172699,         0,         0,    5.03,standalone_exact_mw,29ae76c7f86edcd2f56343e8109d8463cbc736644db4e57527101e2f1c3606c8,"{""distance"":5,""physical_error_rate"":0.0002}","{""detection_events"":32327,""detectors_checked"":38684576}"
    700416,         0,         0,    20.5,standalone_exact_mw,29ae76c7f86edcd2f56343e8109d8463cbc736644db4e57527101e2f1c3606c8,"{""distance"":5,""physical_error_rate"":0.0002}","{""detection_events"":130577,""detectors_checked"":156893184}"
    640736,         0,         0,    21.2,standalone_exact_mw,29ae76c7f86edcd2f56343e8109d8463cbc736644db4e57527101e2f1c3606c8,"{""distance"":5,""physical_error_rate"":0.0002}","{""detection_events"":119985,""detectors_checked"":143524864}"
    598825,         0,         0,    19.7,standalone_exact_mw,29ae76c7f86edcd2f56343e8109d8463cbc736644db4e57527101e2f1c3606c8,"{""distance"":5,""physical_error_rate"":0.0002}","{""detection_events"":111501,""detectors_checked"":134136800}"
    580112,         0,         0,    18.8,standalone_exact_mw,29ae76c7f86edcd2f56343e8109d8463cbc736644db4e57527101e2f1c3606c8,"{""distance"":5,""physical_error_rate"":0.0002}","{""detection_events"":107903,""detectors_checked"":129945088}"
    563200,         0,         0,    19.7,standalone_exact_mw,29ae76c7f86edcd2f56343e8109d8463cbc736644db4e57527101e2f1c3606c8,"{""distance"":5,""physical_error_rate"":0.0002}","{""detection_events"":105432,""detectors_checked"":126156800}"
    561984,         0,         0,    19.3,standalone_exact_mw,29ae76c7f86edcd2f56343e8109d8463cbc736644db4e57527101e2f1c3606c8,"{""distance"":5,""physical_error_rate"":0.0002}","{""detection_events"":105038,""detectors_checked"":125884416}"
    540672,         0,         0,    19.3,standalone_exact_mw,29ae76c7f86edcd2f56343e8109d8463cbc736644db4e57527101e2f1c3606c8,"{""distance"":5,""physical_error_rate"":0.0002}","{""detection_events"":100342,""detectors_checked"":121110528}"
    526822,         0,         0,    19.8,standalone_exact_mw,29ae76c7f86edcd2f56343e8109d8463cbc736644db4e57527101e2f1c3606c8,"{""distance"":5,""physical_error_rate"":0.0002}","{""detection_events"":97186,""detectors_checked"":118008128}"
    522240,         0,         0,    16.9,standalone_exact_mw,29ae76c7f86edcd2f56343e8109d8463cbc736644db4e57527101e2f1c3606c8,"{""distance"":5,""physical_error_rate"":0.0002}","{""detection_events"":97206,""detectors_checked"":116981760}"
    499712,         0,         0,    16.8,standalone_exact_mw,29ae76c7f86edcd2f56343e8109d8463cbc736644db4e57527101e2f1c3606c8,"{""distance"":5,""physical_error_rate"":0.0002}","{""detection_events"":93521,""detectors_checked"":111935488}"
    493462,         0,         0,    18.0,standalone_exact_mw,29ae76c7f86edcd2f56343e8109d8463cbc736644db4e57527101e2f1c3606c8,"{""distance"":5,""physical_error_rate"":0.0002}","{""detection_events"":91679,""detectors_checked"":110535488}"
    475136,         0,         0,    18.1,standalone_exact_mw,29ae76c7f86edcd2f56343e8109d8463cbc736644db4e57527101e2f1c3606c8,"{""distance"":5,""physical_error_rate"":0.0002}","{""detection_events"":87300,""detectors_checked"":106430464}"
    446106,         0,         0,    9.80,standalone_exact_mw,29ae76c7f86edcd2f56343e8109d8463cbc736644db4e57527101e2f1c3606c8,"{""distance"":5,""physical_error_rate"":0.0002}","{""detection_events"":83192,""detectors_checked"":99927744}"
    443392,         0,         0,    14.6,standalone_exact_mw,29ae76c7f86edcd2f56343e8109d8463cbc736644db4e57527101e2f1c3606c8,"{""distance"":5,""physical_error_rate"":0.0002}","{""detection_events"":83201,""detectors_checked"":99319808}"
    444416,         0,         0,    9.85,standalone_exact_mw,29ae76c7f86edcd2f56343e8109d8463cbc736644db4e57527101e2f1c3606c8,"{""distance"":5,""physical_error_rate"":0.0002}","{""detection_events"":84034,""detectors_checked"":99549184}"
    444416,         0,         0,    18.5,standalone_exact_mw,29ae76c7f86edcd2f56343e8109d8463cbc736644db4e57527101e2f1c3606c8,"{""distance"":5,""physical_error_rate"":0.0002}","{""detection_events"":83346,""detectors_checked"":99549184}"
      1690,         0,         0,   0.052,standalone_exact_mw,29ae76c7f86edcd2f56343e8109d8463cbc736644db4e57527101e2f1c3606c8,"{""distance"":5,""physical_error_rate"":0.0002}","{""detection_events"":265,""detectors_checked"":378560}"
    375632,         0,         0,    13.0,standalone_exact_mw,29ae76c7f86edcd2f56343e8109d8463cbc736644db4e57527101e2f1c3606c8,"{""distance"":5,""physical_error_rate"":0.0002}","{""detection_events"":70605,""detectors_checked"":84141568}"
    303104,         0,         0,    11.7,standalone_exact_mw,503ee55b5ad1b1988379a241a0405811522ee4d50b473755532ad1299cb121e2,"{""distance"":5,""physical_error_rate"":0.0005}","{""detection_events"":140436,""detectors_checked"":67895296}"
    363894,         0,         0,    10.5,standalone_exact_mw,29ae76c7f86edcd2f56343e8109d8463cbc736644db4e57527101e2f1c3606c8,"{""distance"":5,""physical_error_rate"":0.0002}","{""detection_events"":67904,""detectors_checked"":81512256}"
    355328,         0,         0,    10.8,standalone_exact_mw,29ae76c7f86edcd2f56343e8109d8463cbc736644db4e57527101e2f1c3606c8,"{""distance"":5,""physical_error_rate"":0.0002}","{""detection_events"":67053,""detectors_checked"":79593472}"
    352522,         1,         0,    11.6,standalone_exact_mw,29ae76c7f86edcd2f56343e8109d8463cbc736644db4e57527101e2f1c3606c8,"{""distance"":5,""physical_error_rate"":0.0002}","{""detection_events"":65974,""detectors_checked"":78964928,""obs_mistake_mask=E"":1}"
    338944,         0,         0,    10.6,standalone_exact_mw,29ae76c7f86edcd2f56343e8109d8463cbc736644db4e57527101e2f1c3606c8,"{""distance"":5,""physical_error_rate"":0.0002}","{""detection_events"":63467,""detectors_checked"":75923456}"
    330402,         0,         0,    10.6,standalone_exact_mw,29ae76c7f86edcd2f56343e8109d8463cbc736644db4e57527101e2f1c3606c8,"{""distance"":5,""physical_error_rate"":0.0002}","{""detection_events"":62178,""detectors_checked"":74010048}"
    309485,         0,         0,    11.1,standalone_exact_mw,29ae76c7f86edcd2f56343e8109d8463cbc736644db4e57527101e2f1c3606c8,"{""distance"":5,""physical_error_rate"":0.0002}","{""detection_events"":58121,""detectors_checked"":69324640}"
    303104,         0,         0,    11.3,standalone_exact_mw,29ae76c7f86edcd2f56343e8109d8463cbc736644db4e57527101e2f1c3606c8,"{""distance"":5,""physical_error_rate"":0.0002}","{""detection_events"":56020,""detectors_checked"":67895296}"
    299813,         0,         0,    11.4,standalone_exact_mw,29ae76c7f86edcd2f56343e8109d8463cbc736644db4e57527101e2f1c3606c8,"{""distance"":5,""physical_error_rate"":0.0002}","{""detection_events"":55411,""detectors_checked"":67158112}"
    297984,         0,         0,    11.4,standalone_exact_mw,29ae76c7f86edcd2f56343e8109d8463cbc736644db4e57527101e2f1c3606c8,"{""distance"":5,""physical_error_rate"":0.0002}","{""detection_events"":55526,""detectors_checked"":66748416}"
    290816,         0,         0,    8.93,standalone_exact_mw,29ae76c7f86edcd2f56343e8109d8463cbc736644db4e57527101e2f1c3606c8,"{""distance"":5,""physical_error_rate"":0.0002}","{""detection_events"":53748,""detectors_checked"":65142784}"
    280972,         0,         0,    8.51,standalone_exact_mw,29ae76c7f86edcd2f56343e8109d8463cbc736644db4e57527101e2f1c3606c8,"{""distance"":5,""physical_error_rate"":0.0002}","{""detection_events"":51825,""detectors_checked"":62937728}"
    257024,         0,         0,    11.4,standalone_exact_mw,29ae76c7f86edcd2f56343e8109d8463cbc736644db4e57527101e2f1c3606c8,"{""distance"":5,""physical_error_rate"":0.0002}","{""detection_events"":47985,""detectors_checked"":57573376}"
    253792,         0,         0,    9.00,standalone_exact_mw,29ae76c7f86edcd2f56343e8109d8463cbc736644db4e57527101e2f1c3606c8,"{""distance"":5,""physical_error_rate"":0.0002}","{""detection_events"":46817,""detectors_checked"":56849408}"
    247808,         0,         0,    7.72,standalone_exact_mw,29ae76c7f86edcd2f56343e8109d8463cbc736644db4e57527101e2f1c3606c8,"{""distance"":5,""physical_error_rate"":0.0002}","{""detection_events"":45979,""detectors_checked"":55508992}"
    237829,         0,         0,    8.66,standalone_exact_mw,29ae76c7f86edcd2f56343e8109d8463cbc736644db4e57527101e2f1c3606c8,"{""distance"":5,""physical_error_rate"":0.0002}","{""detection_events"":44089,""detectors_checked"":53273696}"
    232448,         0,         0,    7.02,standalone_exact_mw,29ae76c7f86edcd2f56343e8109d8463cbc736644db4e57527101e2f1c3606c8,"{""distance"":5,""physical_error_rate"":0.0002}","{""detection_events"":42799,""detectors_checked"":52068352}"
    224256,         0,         0,    7.04,standalone_exact_mw,29ae76c7f86edcd2f56343e8109d8463cbc736644db4e57527101e2f1c3606c8,"{""distance"":5,""physical_error_rate"":0.0002}","{""detection_events"":41086,""detectors_checked"":50233344}"
    222652,         0,         0,    7.05,standalone_exact_mw,29ae76c7f86edcd2f56343e8109d8463cbc736644db4e57527101e2f1c3606c8,"{""distance"":5,""physical_error_rate"":0.0002}","{""detection_events"":41660,""detectors_checked"":49874048}"
    204800,         0,         0,    6.55,standalone_exact_mw,29ae76c7f86edcd2f56343e8109d8463cbc736644db4e57527101e2f1c3606c8,"{""distance"":5,""physical_error_rate"":0.0002}","{""detection_events"":38224,""detectors_checked"":45875200}"
    201423,         0,         0,    6.19,standalone_exact_mw,29ae76c7f86edcd2f56343e8109d8463cbc736644db4e57527101e2f1c3606c8,"{""distance"":5,""physical_error_rate"":0.0002}","{""detection_events"":37789,""detectors_checked"":45118752}"
    190464,         0,         0,    6.67,standalone_exact_mw,29ae76c7f86edcd2f56343e8109d8463cbc736644db4e57527101e2f1c3606c8,"{""distance"":5,""physical_error_rate"":0.0002}","{""detection_events"":35318,""detectors_checked"":42663936}"
    217088,         0,         0,    7.44,standalone_exact_mw,29ae76c7f86edcd2f56343e8109d8463cbc736644db4e57527101e2f1c3606c8,"{""distance"":5,""physical_error_rate"":0.0002}","{""detection_events"":39829,""detectors_checked"":48627712}"
    196608,         0,         0,    8.00,standalone_exact_mw,29ae76c7f86edcd2f56343e8109d8463cbc736644db4e57527101e2f1c3606c8,"{""distance"":5,""physical_error_rate"":0.0002}","{""detection_events"":36800,""detectors_checked"":44040192}"
     10379,         0,         0,   0.268,standalone_exact_mw,29ae76c7f86edcd2f56343e8109d8463cbc736644db4e57527101e2f1c3606c8,"{""distance"":5,""physical_error_rate"":0.0002}","{""detection_events"":1930,""detectors_checked"":2324896}"
    172032,         0,         0,    5.28,standalone_exact_mw,29ae76c7f86edcd2f56343e8109d8463cbc736644db4e57527101e2f1c3606c8,"{""distance"":5,""physical_error_rate"":0.0002}","{""detection_events"":32398,""detectors_checked"":38535168}"
    185344,         0,         0,    6.53,standalone_exact_mw,29ae76c7f86edcd2f56343e8109d8463cbc736644db4e57527101e2f1c3606c8,"{""distance"":5,""physical_error_rate"":0.0002}","{""detection_events"":34918,""detectors_checked"":41517056}"
    169524,         0,         0,    4.94,standalone_exact_mw,29ae76c7f86edcd2f56343e8109d8463cbc736644db4e57527101e2f1c3606c8,"{""distance"":5,""physical_error_rate"":0.0002}","{""detection_events"":31320,""detectors_checked"":37973376}"
    160768,         0,         0,    4.92,standalone_exact_mw,29ae76c7f86edcd2f56343e8109d8463cbc736644db4e57527101e2f1c3606c8,"{""distance"":5,""physical_error_rate"":0.0002}","{""detection_events"":30275,""detectors_checked"":36012032}"
    156672,         0,         0,    6.68,standalone_exact_mw,29ae76c7f86edcd2f56343e8109d8463cbc736644db4e57527101e2f1c3606c8,"{""distance"":5,""physical_error_rate"":0.0002}","{""detection_events"":29162,""detectors_checked"":35094528}"
    169524,         0,         0,    4.90,standalone_exact_mw,29ae76c7f86edcd2f56343e8109d8463cbc736644db4e57527101e2f1c3606c8,"{""distance"":5,""physical_error_rate"":0.0002}","{""detection_events"":31945,""detectors_checked"":37973376}"
    150528,         0,         0,    4.80,standalone_exact_mw,29ae76c7f86edcd2f56343e8109d8463cbc736644db4e57527101e2f1c3606c8,"{""distance"":5,""physical_error_rate"":0.0002}","{""detection_events"":28312,""detectors_checked"":33718272}"
    153058,         0,         0,    5.50,standalone_exact_mw,29ae76c7f86edcd2f56343e8109d8463cbc736644db4e57527101e2f1c3606c8,"{""distance"":5,""physical_error_rate"":0.0002}","{""detection_events"":28104,""detectors_checked"":34284992}"
    128353,         0,         0,    5.10,standalone_exact_mw,29ae76c7f86edcd2f56343e8109d8463cbc736644db4e57527101e2f1c3606c8,"{""distance"":5,""physical_error_rate"":0.0002}","{""detection_events"":24061,""detectors_checked"":28751072}"
    128000,         0,         0,    3.38,standalone_exact_mw,29ae76c7f86edcd2f56343e8109d8463cbc736644db4e57527101e2f1c3606c8,"{""distance"":5,""physical_error_rate"":0.0002}","{""detection_events"":23672,""detectors_checked"":28672000}"
    124342,         0,         0,    3.47,standalone_exact_mw,29ae76c7f86edcd2f56343e8109d8463cbc736644db4e57527101e2f1c3606c8,"{""distance"":5,""physical_error_rate"":0.0002}","{""detection_events"":22988,""detectors_checked"":27852608}"
    420864,         0,         0,    16.4,standalone_exact_mw,503ee55b5ad1b1988379a241a0405811522ee4d50b473755532ad1299cb121e2,"{""distance"":5,""physical_error_rate"":0.0005}","{""detection_events"":194955,""detectors_checked"":94273536}"
    116457,         0,         0,    3.50,standalone_exact_mw,29ae76c7f86edcd2f56343e8109d8463cbc736644db4e57527101e2f1c3606c8,"{""distance"":5,""physical_error_rate"":0.0002}","{""detection_events"":21867,""detectors_checked"":26086368}"
    114688,         0,         0,    3.79,standalone_exact_mw,29ae76c7f86edcd2f56343e8109d8463cbc736644db4e57527101e2f1c3606c8,"{""distance"":5,""physical_error_rate"":0.0002}","{""detection_events"":21681,""detectors_checked"":25690112}"
    112817,         0,         0,    3.08,standalone_exact_mw,29ae76c7f86edcd2f56343e8109d8463cbc736644db4e57527101e2f1c3606c8,"{""distance"":5,""physical_error_rate"":0.0002}","{""detection_events"":20945,""detectors_checked"":25271008}"
    434176,         0,         0,    16.3,standalone_exact_mw,503ee55b5ad1b1988379a241a0405811522ee4d50b473755532ad1299cb121e2,"{""distance"":5,""physical_error_rate"":0.0005}","{""detection_events"":201116,""detectors_checked"":97255424}"
    112640,         0,         0,    3.78,standalone_exact_mw,29ae76c7f86edcd2f56343e8109d8463cbc736644db4e57527101e2f1c3606c8,"{""distance"":5,""physical_error_rate"":0.0002}","{""detection_events"":21204,""detectors_checked"":25231360}"
    105708,         0,         0,    2.92,standalone_exact_mw,29ae76c7f86edcd2f56343e8109d8463cbc736644db4e57527101e2f1c3606c8,"{""distance"":5,""physical_error_rate"":0.0002}","{""detection_events"":19804,""detectors_checked"":23678592}"
    105472,         0,         0,    3.14,standalone_exact_mw,29ae76c7f86edcd2f56343e8109d8463cbc736644db4e57527101e2f1c3606c8,"{""distance"":5,""physical_error_rate"":0.0002}","{""detection_events"":19607,""detectors_checked"":23625728}"
    400384,         0,         0,    16.2,standalone_exact_mw,503ee55b5ad1b1988379a241a0405811522ee4d50b473755532ad1299cb121e2,"{""distance"":5,""physical_error_rate"":0.0005}","{""detection_events"":186646,""detectors_checked"":89686016}"
    413696,         0,         0,    16.4,standalone_exact_mw,503ee55b5ad1b1988379a241a0405811522ee4d50b473755532ad1299cb121e2,"{""distance"":5,""physical_error_rate"":0.0005}","{""detection_events"":193369,""detectors_checked"":92667904}"
    322560,         1,         0,    16.3,standalone_exact_mw,503ee55b5ad1b1988379a241a0405811522ee4d50b473755532ad1299cb121e2,"{""distance"":5,""physical_error_rate"":0.0005}","{""detection_events"":149806,""detectors_checked"":72253440,""obs_mistake_mask=E"":1}"
     98885,         0,         0,    3.71,standalone_exact_mw,29ae76c7f86edcd2f56343e8109d8463cbc736644db4e57527101e2f1c3606c8,"{""distance"":5,""physical_error_rate"":0.0002}","{""detection_events"":18628,""detectors_checked"":22150240}"
     92498,         0,         0,    2.14,standalone_exact_mw,29ae76c7f86edcd2f56343e8109d8463cbc736644db4e57527101e2f1c3606c8,"{""distance"":5,""physical_error_rate"":0.0002}","{""detection_events"":17682,""detectors_checked"":20719552}"
     92160,         0,         0,    3.73,standalone_exact_mw,29ae76c7f86edcd2f56343e8109d8463cbc736644db4e57527101e2f1c3606c8,"{""distance"":5,""physical_error_rate"":0.0002}","{""detection_events"":17227,""detectors_checked"":20643840}"
     89608,         0,         0,    2.38,standalone_exact_mw,29ae76c7f86edcd2f56343e8109d8463cbc736644db4e57527101e2f1c3606c8,"{""distance"":5,""physical_error_rate"":0.0002}","{""detection_events"":16308,""detectors_checked"":20072192}"
     89088,         0,         0,    2.27,standalone_exact_mw,29ae76c7f86edcd2f56343e8109d8463cbc736644db4e57527101e2f1c3606c8,"{""distance"":5,""physical_error_rate"":0.0002}","{""detection_events"":16028,""detectors_checked"":19955712}"
     90112,         0,         0,    3.45,standalone_exact_mw,29ae76c7f86edcd2f56343e8109d8463cbc736644db4e57527101e2f1c3606c8,"{""distance"":5,""physical_error_rate"":0.0002}","{""detection_events"":17095,""detectors_checked"":20185088}"
     83928,         0,         0,    2.44,standalone_exact_mw,29ae76c7f86edcd2f56343e8109d8463cbc736644db4e57527101e2f1c3606c8,"{""distance"":5,""physical_error_rate"":0.0002}","{""detection_events"":15451,""detectors_checked"":18799872}"
     79872,         0,         0,    2.65,standalone_exact_mw,29ae76c7f86edcd2f56343e8109d8463cbc736644db4e57527101e2f1c3606c8,"{""distance"":5,""physical_error_rate"":0.0002}","{""detection_events"":14843,""detectors_checked"":17891328}"
     75776,         0,         0,    2.07,standalone_exact_mw,29ae76c7f86edcd2f56343e8109d8463cbc736644db4e57527101e2f1c3606c8,"{""distance"":5,""physical_error_rate"":0.0002}","{""detection_events"":14307,""detectors_checked"":16973824}"
     81920,         0,         0,    2.52,standalone_exact_mw,29ae76c7f86edcd2f56343e8109d8463cbc736644db4e57527101e2f1c3606c8,"{""distance"":5,""physical_error_rate"":0.0002}","{""detection_events"":15100,""detectors_checked"":18350080}"
     77824,         0,         0,    2.49,standalone_exact_mw,29ae76c7f86edcd2f56343e8109d8463cbc736644db4e57527101e2f1c3606c8,"{""distance"":5,""physical_error_rate"":0.0002}","{""detection_events"":14883,""detectors_checked"":17432576}"
     75705,         0,         0,    4.21,standalone_exact_mw,29ae76c7f86edcd2f56343e8109d8463cbc736644db4e57527101e2f1c3606c8,"{""distance"":5,""physical_error_rate"":0.0002}","{""detection_events"":14456,""detectors_checked"":16957920}"
     75705,         0,         0,    2.21,standalone_exact_mw,29ae76c7f86edcd2f56343e8109d8463cbc736644db4e57527101e2f1c3606c8,"{""distance"":5,""physical_error_rate"":0.0002}","{""detection_events"":14028,""detectors_checked"":16957920}"
     65536,         0,         0,    1.46,standalone_exact_mw,29ae76c7f86edcd2f56343e8109d8463cbc736644db4e57527101e2f1c3606c8,"{""distance"":5,""physical_error_rate"":0.0002}","{""detection_events"":12401,""detectors_checked"":14680064}"
     74752,         0,         0,    2.10,standalone_exact_mw,29ae76c7f86edcd2f56343e8109d8463cbc736644db4e57527101e2f1c3606c8,"{""distance"":5,""physical_error_rate"":0.0002}","{""detection_events"":14049,""detectors_checked"":16744448}"
     72704,         0,         0,    2.56,standalone_exact_mw,29ae76c7f86edcd2f56343e8109d8463cbc736644db4e57527101e2f1c3606c8,"{""distance"":5,""physical_error_rate"":0.0002}","{""detection_events"":13671,""detectors_checked"":16285696}"
     67584,         0,         0,    2.02,standalone_exact_mw,29ae76c7f86edcd2f56343e8109d8463cbc736644db4e57527101e2f1c3606c8,"{""distance"":5,""physical_error_rate"":0.0002}","{""detection_events"":12517,""detectors_checked"":15138816}"
     74752,         0,         0,    2.08,standalone_exact_mw,29ae76c7f86edcd2f56343e8109d8463cbc736644db4e57527101e2f1c3606c8,"{""distance"":5,""physical_error_rate"":0.0002}","{""detection_events"":14143,""detectors_checked"":16744448}"
     66560,         0,         0,    2.05,standalone_exact_mw,29ae76c7f86edcd2f56343e8109d8463cbc736644db4e57527101e2f1c3606c8,"{""distance"":5,""physical_error_rate"":0.0002}","{""detection_events"":12293,""detectors_checked"":14909440}"
     73728,         0,         0,    1.72,standalone_exact_mw,29ae76c7f86edcd2f56343e8109d8463cbc736644db4e57527101e2f1c3606c8,"{""distance"":5,""physical_error_rate"":0.0002}","{""detection_events"":13891,""detectors_checked"":16515072}"
     64512,         0,         0,    2.91,standalone_exact_mw,29ae76c7f86edcd2f56343e8109d8463cbc736644db4e57527101e2f1c3606c8,"{""distance"":5,""physical_error_rate"":0.0002}","{""detection_events"":12079,""detectors_checked"":14450688}"
    256000,         0,         0,    16.4,standalone_exact_mw,503ee55b5ad1b1988379a241a0405811522ee4d50b473755532ad1299cb121e2,"{""distance"":5,""physical_error_rate"":0.0005}","{""detection_events"":118464,""detectors_checked"":57344000}"
     74752,         0,         0,    2.80,standalone_exact_mw,29ae76c7f86edcd2f56343e8109d8463cbc736644db4e57527101e2f1c3606c8,"{""distance"":5,""physical_error_rate"":0.0002}","{""detection_events"":13773,""detectors_checked"":16744448}"
       953,         0,         0,   0.028,standalone_exact_mw,29ae76c7f86edcd2f56343e8109d8463cbc736644db4e57527101e2f1c3606c8,"{""distance"":5,""physical_error_rate"":0.0002}","{""detection_events"":174,""detectors_checked"":213472}"
     63483,         0,         0,    2.21,standalone_exact_mw,29ae76c7f86edcd2f56343e8109d8463cbc736644db4e57527101e2f1c3606c8,"{""distance"":5,""physical_error_rate"":0.0002}","{""detection_events"":12339,""detectors_checked"":14220192}"
     59392,         0,         0,    2.39,standalone_exact_mw,29ae76c7f86edcd2f56343e8109d8463cbc736644db4e57527101e2f1c3606c8,"{""distance"":5,""physical_error_rate"":0.0002}","{""detection_events"":10853,""detectors_checked"":13303808}"
     43008,         0,         0,    1.27,standalone_exact_mw,29ae76c7f86edcd2f56343e8109d8463cbc736644db4e57527101e2f1c3606c8,"{""distance"":5,""physical_error_rate"":0.0002}","{""detection_events"":8259,""detectors_checked"":9633792}"
     40960,         0,         0,    1.30,standalone_exact_mw,29ae76c7f86edcd2f56343e8109d8463cbc736644db4e57527101e2f1c3606c8,"{""distance"":5,""physical_error_rate"":0.0002}","{""detection_events"":7676,""detectors_checked"":9175040}"
     43008,         0,         0,    1.21,standalone_exact_mw,29ae76c7f86edcd2f56343e8109d8463cbc736644db4e57527101e2f1c3606c8,"{""distance"":5,""physical_error_rate"":0.0002}","{""detection_events"":8119,""detectors_checked"":9633792}"
     54272,         0,         0,    2.21,standalone_exact_mw,29ae76c7f86edcd2f56343e8109d8463cbc736644db4e57527101e2f1c3606c8,"{""distance"":5,""physical_error_rate"":0.0002}","{""detection_events"":9936,""detectors_checked"":12156928}"
     43008,         0,         0,    1.43,standalone_exact_mw,29ae76c7f86edcd2f56343e8109d8463cbc736644db4e57527101e2f1c3606c8,"{""distance"":5,""physical_error_rate"":0.0002}","{""detection_events"":7967,""detectors_checked"":9633792}"
     44032,         0,         0,    1.43,standalone_exact_mw,29ae76c7f86edcd2f56343e8109d8463cbc736644db4e57527101e2f1c3606c8,"{""distance"":5,""physical_error_rate"":0.0002}","{""detection_events"":8266,""detectors_checked"":9863168}"
    379904,         0,         0,    16.4,standalone_exact_mw,503ee55b5ad1b1988379a241a0405811522ee4d50b473755532ad1299cb121e2,"{""distance"":5,""physical_error_rate"":0.0005}","{""detection_events"":175840,""detectors_checked"":85098496}"
     39264,         0,         0,   0.833,standalone_exact_mw,29ae76c7f86edcd2f56343e8109d8463cbc736644db4e57527101e2f1c3606c8,"{""distance"":5,""physical_error_rate"":0.0002}","{""detection_events"":7666,""detectors_checked"":8795136}"
     33792,         0,         0,   0.863,standalone_exact_mw,29ae76c7f86edcd2f56343e8109d8463cbc736644db4e57527101e2f1c3606c8,"{""distance"":5,""physical_error_rate"":0.0002}","{""detection_events"":6553,""detectors_checked"":7569408}"
     37888,         0,         0,   0.733,standalone_exact_mw,29ae76c7f86edcd2f56343e8109d8463cbc736644db4e57527101e2f1c3606c8,"{""distance"":5,""physical_error_rate"":0.0002}","{""detection_events"":7040,""detectors_checked"":8486912}"
     22550,         0,         0,   0.605,standalone_exact_mw,29ae76c7f86edcd2f56343e8109d8463cbc736644db4e57527101e2f1c3606c8,"{""distance"":5,""physical_error_rate"":0.0002}","{""detection_events"":4129,""detectors_checked"":5051200}"
     38912,         0,         0,    1.45,standalone_exact_mw,29ae76c7f86edcd2f56343e8109d8463cbc736644db4e57527101e2f1c3606c8,"{""distance"":5,""physical_error_rate"":0.0002}","{""detection_events"":7373,""detectors_checked"":8716288}"
     27797,         0,         0,   0.634,standalone_exact_mw,29ae76c7f86edcd2f56343e8109d8463cbc736644db4e57527101e2f1c3606c8,"{""distance"":5,""physical_error_rate"":0.0002}","{""detection_events"":5245,""detectors_checked"":6226528}"
     15223,         0,         0,   0.417,standalone_exact_mw,29ae76c7f86edcd2f56343e8109d8463cbc736644db4e57527101e2f1c3606c8,"{""distance"":5,""physical_error_rate"":0.0002}","{""detection_events"":2852,""detectors_checked"":3409952}"
     25600,         0,         0,   0.442,standalone_exact_mw,29ae76c7f86edcd2f56343e8109d8463cbc736644db4e57527101e2f1c3606c8,"{""distance"":5,""physical_error_rate"":0.0002}","{""detection_events"":4675,""detectors_checked"":5734400}"
     27648,         0,         0,   0.971,standalone_exact_mw,29ae76c7f86edcd2f56343e8109d8463cbc736644db4e57527101e2f1c3606c8,"{""distance"":5,""physical_error_rate"":0.0002}","{""detection_events"":4870,""detectors_checked"":6193152}"
     27797,         0,         0,   0.772,standalone_exact_mw,29ae76c7f86edcd2f56343e8109d8463cbc736644db4e57527101e2f1c3606c8,"{""distance"":5,""physical_error_rate"":0.0002}","{""detection_events"":5155,""detectors_checked"":6226528}"
     24852,         0,         0,   0.696,standalone_exact_mw,29ae76c7f86edcd2f56343e8109d8463cbc736644db4e57527101e2f1c3606c8,"{""distance"":5,""physical_error_rate"":0.0002}","{""detection_events"":4638,""detectors_checked"":5566848}"
     24576,         0,         0,   0.691,standalone_exact_mw,29ae76c7f86edcd2f56343e8109d8463cbc736644db4e57527101e2f1c3606c8,"{""distance"":5,""physical_error_rate"":0.0002}","{""detection_events"":4499,""detectors_checked"":5505024}"
     24576,         0,         0,   0.672,standalone_exact_mw,29ae76c7f86edcd2f56343e8109d8463cbc736644db4e57527101e2f1c3606c8,"{""distance"":5,""physical_error_rate"":0.0002}","{""detection_events"":4613,""detectors_checked"":5505024}"
     26624,         0,         0,    2.20,standalone_exact_mw,29ae76c7f86edcd2f56343e8109d8463cbc736644db4e57527101e2f1c3606c8,"{""distance"":5,""physical_error_rate"":0.0002}","{""detection_events"":5015,""detectors_checked"":5963776}"
      3928,         0,         0,   0.076,standalone_exact_mw,29ae76c7f86edcd2f56343e8109d8463cbc736644db4e57527101e2f1c3606c8,"{""distance"":5,""physical_error_rate"":0.0002}","{""detection_events"":782,""detectors_checked"":879872}"
     18982,         0,         0,   0.537,standalone_exact_mw,29ae76c7f86edcd2f56343e8109d8463cbc736644db4e57527101e2f1c3606c8,"{""distance"":5,""physical_error_rate"":0.0002}","{""detection_events"":3552,""detectors_checked"":4251968}"
       276,         0,         0,   0.003,standalone_exact_mw,29ae76c7f86edcd2f56343e8109d8463cbc736644db4e57527101e2f1c3606c8,"{""distance"":5,""physical_error_rate"":0.0002}","{""detection_events"":60,""detectors_checked"":61824}"
       705,         0,         0,   0.025,standalone_exact_mw,29ae76c7f86edcd2f56343e8109d8463cbc736644db4e57527101e2f1c3606c8,"{""distance"":5,""physical_error_rate"":0.0002}","{""detection_events"":134,""detectors_checked"":157920}"
     19456,         0,         0,   0.526,standalone_exact_mw,29ae76c7f86edcd2f56343e8109d8463cbc736644db4e57527101e2f1c3606c8,"{""distance"":5,""physical_error_rate"":0.0002}","{""detection_events"":3408,""detectors_checked"":4358144}"
     15898,         0,         0,   0.417,standalone_exact_mw,29ae76c7f86edcd2f56343e8109d8463cbc736644db4e57527101e2f1c3606c8,"{""distance"":5,""physical_error_rate"":0.0002}","{""detection_events"":2912,""detectors_checked"":3561152}"
     19456,         0,         0,   0.891,standalone_exact_mw,29ae76c7f86edcd2f56343e8109d8463cbc736644db4e57527101e2f1c3606c8,"{""distance"":5,""physical_error_rate"":0.0002}","{""detection_events"":3525,""detectors_checked"":4358144}"
     18432,         0,         0,   0.515,standalone_exact_mw,29ae76c7f86edcd2f56343e8109d8463cbc736644db4e57527101e2f1c3606c8,"{""distance"":5,""physical_error_rate"":0.0002}","{""detection_events"":3475,""detectors_checked"":4128768}"
     17408,         0,         0,   0.549,standalone_exact_mw,29ae76c7f86edcd2f56343e8109d8463cbc736644db4e57527101e2f1c3606c8,"{""distance"":5,""physical_error_rate"":0.0002}","{""detection_events"":3284,""detectors_checked"":3899392}"
     15360,         0,         0,   0.539,standalone_exact_mw,29ae76c7f86edcd2f56343e8109d8463cbc736644db4e57527101e2f1c3606c8,"{""distance"":5,""physical_error_rate"":0.0002}","{""detection_events"":2919,""detectors_checked"":3440640}"
     15898,         0,         0,   0.447,standalone_exact_mw,29ae76c7f86edcd2f56343e8109d8463cbc736644db4e57527101e2f1c3606c8,"{""distance"":5,""physical_error_rate"":0.0002}","{""detection_events"":2952,""detectors_checked"":3561152}"
     15360,         0,         0,   0.442,standalone_exact_mw,29ae76c7f86edcd2f56343e8109d8463cbc736644db4e57527101e2f1c3606c8,"{""distance"":5,""physical_error_rate"":0.0002}","{""detection_events"":2899,""detectors_checked"":3440640}"
     15898,         0,         0,   0.508,standalone_exact_mw,29ae76c7f86edcd2f56343e8109d8463cbc736644db4e57527101e2f1c3606c8,"{""distance"":5,""physical_error_rate"":0.0002}","{""detection_events"":3051,""detectors_checked"":3561152}"
     15898,         0,         0,   0.511,standalone_exact_mw,29ae76c7f86edcd2f56343e8109d8463cbc736644db4e57527101e2f1c3606c8,"{""distance"":5,""physical_error_rate"":0.0002}","{""detection_events"":2894,""detectors_checked"":3561152}"
     14763,         0,         0,   0.462,standalone_exact_mw,29ae76c7f86edcd2f56343e8109d8463cbc736644db4e57527101e2f1c3606c8,"{""distance"":5,""physical_error_rate"":0.0002}","{""detection_events"":2801,""detectors_checked"":3306912}"
     12288,         0,         0,   0.422,standalone_exact_mw,29ae76c7f86edcd2f56343e8109d8463cbc736644db4e57527101e2f1c3606c8,"{""distance"":5,""physical_error_rate"":0.0002}","{""detection_events"":2119,""detectors_checked"":2752512}"
       538,         0,         0,   0.005,standalone_exact_mw,29ae76c7f86edcd2f56343e8109d8463cbc736644db4e57527101e2f1c3606c8,"{""distance"":5,""physical_error_rate"":0.0002}","{""detection_events"":85,""detectors_checked"":120512}"
     12288,         0,         0,   0.491,standalone_exact_mw,29ae76c7f86edcd2f56343e8109d8463cbc736644db4e57527101e2f1c3606c8,"{""distance"":5,""physical_error_rate"":0.0002}","{""detection_events"":2303,""detectors_checked"":2752512}"
       386,         0,         0,   0.004,standalone_exact_mw,29ae76c7f86edcd2f56343e8109d8463cbc736644db4e57527101e2f1c3606c8,"{""distance"":5,""physical_error_rate"":0.0002}","{""detection_events"":60,""detectors_checked"":86464}"
     15360,         0,         0,   0.475,standalone_exact_mw,29ae76c7f86edcd2f56343e8109d8463cbc736644db4e57527101e2f1c3606c8,"{""distance"":5,""physical_error_rate"":0.0002}","{""detection_events"":2766,""detectors_checked"":3440640}"
     11081,         0,         0,   0.203,standalone_exact_mw,29ae76c7f86edcd2f56343e8109d8463cbc736644db4e57527101e2f1c3606c8,"{""distance"":5,""physical_error_rate"":0.0002}","{""detection_events"":1962,""detectors_checked"":2482144}"
     15360,         0,         0,   0.613,standalone_exact_mw,29ae76c7f86edcd2f56343e8109d8463cbc736644db4e57527101e2f1c3606c8,"{""distance"":5,""physical_error_rate"":0.0002}","{""detection_events"":2819,""detectors_checked"":3440640}"
       538,         0,         0,   0.005,standalone_exact_mw,29ae76c7f86edcd2f56343e8109d8463cbc736644db4e57527101e2f1c3606c8,"{""distance"":5,""physical_error_rate"":0.0002}","{""detection_events"":105,""detectors_checked"":120512}"
     14763,         0,         0,   0.542,standalone_exact_mw,29ae76c7f86edcd2f56343e8109d8463cbc736644db4e57527101e2f1c3606c8,"{""distance"":5,""physical_error_rate"":0.0002}","{""detection_events"":2840,""detectors_checked"":3306912}"
     11264,         0,         0,   0.249,standalone_exact_mw,29ae76c7f86edcd2f56343e8109d8463cbc736644db4e57527101e2f1c3606c8,"{""distance"":5,""physical_error_rate"":0.0002}","{""detection_events"":2030,""detectors_checked"":2523136}"
       679,         0,         0,   0.014,standalone_exact_mw,29ae76c7f86edcd2f56343e8109d8463cbc736644db4e57527101e2f1c3606c8,"{""distance"":5,""physical_error_rate"":0.0002}","{""detection_events"":140,""detectors_checked"":152096}"
      9216,         0,         0,   0.231,standalone_exact_mw,29ae76c7f86edcd2f56343e8109d8463cbc736644db4e57527101e2f1c3606c8,"{""distance"":5,""physical_error_rate"":0.0002}","{""detection_events"":1524,""detectors_checked"":2064384}"
     10240,         0,         0,   0.240,standalone_exact_mw,29ae76c7f86edcd2f56343e8109d8463cbc736644db4e57527101e2f1c3606c8,"{""distance"":5,""physical_error_rate"":0.0002}","{""detection_events"":2003,""detectors_checked"":2293760}"
      8192,         0,         0,   0.212,standalone_exact_mw,29ae76c7f86edcd2f56343e8109d8463cbc736644db4e57527101e2f1c3606c8,"{""distance"":5,""physical_error_rate"":0.0002}","{""detection_events"":1528,""detectors_checked"":1835008}"
      8500,         0,         0,   0.173,standalone_exact_mw,29ae76c7f86edcd2f56343e8109d8463cbc736644db4e57527101e2f1c3606c8,"{""distance"":5,""physical_error_rate"":0.0002}","{""detection_events"":1451,""detectors_checked"":1904000}"
       589,         0,         0,   0.009,standalone_exact_mw,29ae76c7f86edcd2f56343e8109d8463cbc736644db4e57527101e2f1c3606c8,"{""distance"":5,""physical_error_rate"":0.0002}","{""detection_events"":79,""detectors_checked"":131936}"
       538,         0,         0,   0.005,standalone_exact_mw,29ae76c7f86edcd2f56343e8109d8463cbc736644db4e57527101e2f1c3606c8,"{""distance"":5,""physical_error_rate"":0.0002}","{""detection_events"":93,""detectors_checked"":120512}"
      8192,         0,         0,   0.223,standalone_exact_mw,29ae76c7f86edcd2f56343e8109d8463cbc736644db4e57527101e2f1c3606c8,"{""distance"":5,""physical_error_rate"":0.0002}","{""detection_events"":1574,""detectors_checked"":1835008}"
       538,         0,         0,   0.005,standalone_exact_mw,29ae76c7f86edcd2f56343e8109d8463cbc736644db4e57527101e2f1c3606c8,"{""distance"":5,""physical_error_rate"":0.0002}","{""detection_events"":83,""detectors_checked"":120512}"
       794,         0,         0,   0.015,standalone_exact_mw,29ae76c7f86edcd2f56343e8109d8463cbc736644db4e57527101e2f1c3606c8,"{""distance"":5,""physical_error_rate"":0.0002}","{""detection_events"":194,""detectors_checked"":177856}"
      2705,         0,         0,   0.064,standalone_exact_mw,29ae76c7f86edcd2f56343e8109d8463cbc736644db4e57527101e2f1c3606c8,"{""distance"":5,""physical_error_rate"":0.0002}","{""detection_events"":485,""detectors_checked"":605920}"
      1370,         0,         0,   0.027,standalone_exact_mw,29ae76c7f86edcd2f56343e8109d8463cbc736644db4e57527101e2f1c3606c8,"{""distance"":5,""physical_error_rate"":0.0002}","{""detection_events"":195,""detectors_checked"":306880}"
       981,         0,         0,   0.024,standalone_exact_mw,29ae76c7f86edcd2f56343e8109d8463cbc736644db4e57527101e2f1c3606c8,"{""distance"":5,""physical_error_rate"":0.0002}","{""detection_events"":203,""detectors_checked"":219744}"
      1391,         0,         0,   0.023,standalone_exact_mw,29ae76c7f86edcd2f56343e8109d8463cbc736644db4e57527101e2f1c3606c8,"{""distance"":5,""physical_error_rate"":0.0002}","{""detection_events"":240,""detectors_checked"":311584}"
      1818,         0,         0,   0.053,standalone_exact_mw,29ae76c7f86edcd2f56343e8109d8463cbc736644db4e57527101e2f1c3606c8,"{""distance"":5,""physical_error_rate"":0.0002}","{""detection_events"":337,""detectors_checked"":407232}"
      6561,         0,         0,   0.172,standalone_exact_mw,29ae76c7f86edcd2f56343e8109d8463cbc736644db4e57527101e2f1c3606c8,"{""distance"":5,""physical_error_rate"":0.0002}","{""detection_events"":1177,""detectors_checked"":1469664}"
      2197,         0,         0,   0.048,standalone_exact_mw,29ae76c7f86edcd2f56343e8109d8463cbc736644db4e57527101e2f1c3606c8,"{""distance"":5,""physical_error_rate"":0.0002}","{""detection_events"":447,""detectors_checked"":492128}"
      9739,         0,         0,   0.253,standalone_exact_mw,29ae76c7f86edcd2f56343e8109d8463cbc736644db4e57527101e2f1c3606c8,"{""distance"":5,""physical_error_rate"":0.0002}","{""detection_events"":1786,""detectors_checked"":2181536}"
      2581,         0,         0,   0.052,standalone_exact_mw,29ae76c7f86edcd2f56343e8109d8463cbc736644db4e57527101e2f1c3606c8,"{""distance"":5,""physical_error_rate"":0.0002}","{""detection_events"":493,""detectors_checked"":578144}"
      6144,         0,         0,   0.158,standalone_exact_mw,29ae76c7f86edcd2f56343e8109d8463cbc736644db4e57527101e2f1c3606c8,"{""distance"":5,""physical_error_rate"":0.0002}","{""detection_events"":1133,""detectors_checked"":1376256}"
       850,         0,         0,   0.008,standalone_exact_mw,29ae76c7f86edcd2f56343e8109d8463cbc736644db4e57527101e2f1c3606c8,"{""distance"":5,""physical_error_rate"":0.0002}","{""detection_events"":161,""detectors_checked"":190400}"
       483,         0,         0,   0.005,standalone_exact_mw,29ae76c7f86edcd2f56343e8109d8463cbc736644db4e57527101e2f1c3606c8,"{""distance"":5,""physical_error_rate"":0.0002}","{""detection_events"":116,""detectors_checked"":108192}"
       180,         0,         0,   0.002,standalone_exact_mw,29ae76c7f86edcd2f56343e8109d8463cbc736644db4e57527101e2f1c3606c8,"{""distance"":5,""physical_error_rate"":0.0002}","{""detection_events"":38,""detectors_checked"":40320}"
      6144,         0,         0,   0.194,standalone_exact_mw,29ae76c7f86edcd2f56343e8109d8463cbc736644db4e57527101e2f1c3606c8,"{""distance"":5,""physical_error_rate"":0.0002}","{""detection_events"":1102,""detectors_checked"":1376256}"
      6039,         0,         0,   0.151,standalone_exact_mw,29ae76c7f86edcd2f56343e8109d8463cbc736644db4e57527101e2f1c3606c8,"{""distance"":5,""physical_error_rate"":0.0002}","{""detection_events"":1081,""detectors_checked"":1352736}"
       635,         0,         0,   0.006,standalone_exact_mw,29ae76c7f86edcd2f56343e8109d8463cbc736644db4e57527101e2f1c3606c8,"{""distance"":5,""physical_error_rate"":0.0002}","{""detection_events"":111,""detectors_checked"":142240}"
      6144,         0,         0,   0.118,standalone_exact_mw,29ae76c7f86edcd2f56343e8109d8463cbc736644db4e57527101e2f1c3606c8,"{""distance"":5,""physical_error_rate"":0.0002}","{""detection_events"":1092,""detectors_checked"":1376256}"
      3610,         0,         0,   0.108,standalone_exact_mw,29ae76c7f86edcd2f56343e8109d8463cbc736644db4e57527101e2f1c3606c8,"{""distance"":5,""physical_error_rate"":0.0002}","{""detection_events"":680,""detectors_checked"":808640}"
      7168,         0,         0,   0.178,standalone_exact_mw,29ae76c7f86edcd2f56343e8109d8463cbc736644db4e57527101e2f1c3606c8,"{""distance"":5,""physical_error_rate"":0.0002}","{""detection_events"":1310,""detectors_checked"":1605632}"
      9216,         0,         0,   0.273,standalone_exact_mw,29ae76c7f86edcd2f56343e8109d8463cbc736644db4e57527101e2f1c3606c8,"{""distance"":5,""physical_error_rate"":0.0002}","{""detection_events"":1838,""detectors_checked"":2064384}"
      7168,         0,         0,   0.215,standalone_exact_mw,29ae76c7f86edcd2f56343e8109d8463cbc736644db4e57527101e2f1c3606c8,"{""distance"":5,""physical_error_rate"":0.0002}","{""detection_events"":1214,""detectors_checked"":1605632}"
      3840,         0,         0,   0.090,standalone_exact_mw,29ae76c7f86edcd2f56343e8109d8463cbc736644db4e57527101e2f1c3606c8,"{""distance"":5,""physical_error_rate"":0.0002}","{""detection_events"":671,""detectors_checked"":860160}"
      9216,         0,         0,   0.775,standalone_exact_mw,29ae76c7f86edcd2f56343e8109d8463cbc736644db4e57527101e2f1c3606c8,"{""distance"":5,""physical_error_rate"":0.0002}","{""detection_events"":1772,""detectors_checked"":2064384}"
       187,         0,         0,   0.002,standalone_exact_mw,29ae76c7f86edcd2f56343e8109d8463cbc736644db4e57527101e2f1c3606c8,"{""distance"":5,""physical_error_rate"":0.0002}","{""detection_events"":15,""detectors_checked"":41888}"
      1521,         0,         0,   0.023,standalone_exact_mw,29ae76c7f86edcd2f56343e8109d8463cbc736644db4e57527101e2f1c3606c8,"{""distance"":5,""physical_error_rate"":0.0002}","{""detection_events"":300,""detectors_checked"":340704}"
      5706,         0,         0,   0.186,standalone_exact_mw,29ae76c7f86edcd2f56343e8109d8463cbc736644db4e57527101e2f1c3606c8,"{""distance"":5,""physical_error_rate"":0.0002}","{""detection_events"":1112,""detectors_checked"":1278144}"
      1398,         0,         0,   0.022,standalone_exact_mw,29ae76c7f86edcd2f56343e8109d8463cbc736644db4e57527101e2f1c3606c8,"{""distance"":5,""physical_error_rate"":0.0002}","{""detection_events"":233,""detectors_checked"":313152}"
      2889,         0,         0,   0.082,standalone_exact_mw,29ae76c7f86edcd2f56343e8109d8463cbc736644db4e57527101e2f1c3606c8,"{""distance"":5,""physical_error_rate"":0.0002}","{""detection_events"":562,""detectors_checked"":647136}"
      1611,         0,         0,   0.030,standalone_exact_mw,29ae76c7f86edcd2f56343e8109d8463cbc736644db4e57527101e2f1c3606c8,"{""distance"":5,""physical_error_rate"":0.0002}","{""detection_events"":276,""detectors_checked"":360864}"
       142,         0,         0,   0.002,standalone_exact_mw,29ae76c7f86edcd2f56343e8109d8463cbc736644db4e57527101e2f1c3606c8,"{""distance"":5,""physical_error_rate"":0.0002}","{""detection_events"":16,""detectors_checked"":31808}"
      3072,         0,         0,   0.041,standalone_exact_mw,29ae76c7f86edcd2f56343e8109d8463cbc736644db4e57527101e2f1c3606c8,"{""distance"":5,""physical_error_rate"":0.0002}","{""detection_events"":512,""detectors_checked"":688128}"
      1398,         0,         0,   0.022,standalone_exact_mw,29ae76c7f86edcd2f56343e8109d8463cbc736644db4e57527101e2f1c3606c8,"{""distance"":5,""physical_error_rate"":0.0002}","{""detection_events"":214,""detectors_checked"":313152}"
       374,         0,         0,   0.004,standalone_exact_mw,29ae76c7f86edcd2f56343e8109d8463cbc736644db4e57527101e2f1c3606c8,"{""distance"":5,""physical_error_rate"":0.0002}","{""detection_events"":61,""detectors_checked"":83776}"
       982,         0,         0,   0.025,standalone_exact_mw,29ae76c7f86edcd2f56343e8109d8463cbc736644db4e57527101e2f1c3606c8,"{""distance"":5,""physical_error_rate"":0.0002}","{""detection_events"":174,""detectors_checked"":219968}"
       220,         0,         0,   0.003,standalone_exact_mw,29ae76c7f86edcd2f56343e8109d8463cbc736644db4e57527101e2f1c3606c8,"{""distance"":5,""physical_error_rate"":0.0002}","{""detection_events"":54,""detectors_checked"":49280}"
      1398,         0,         0,   0.027,standalone_exact_mw,29ae76c7f86edcd2f56343e8109d8463cbc736644db4e57527101e2f1c3606c8,"{""distance"":5,""physical_error_rate"":0.0002}","{""detection_events"":265,""detectors_checked"":313152}"
      1175,         0,         0,   0.021,standalone_exact_mw,29ae76c7f86edcd2f56343e8109d8463cbc736644db4e57527101e2f1c3606c8,"{""distance"":5,""physical_error_rate"":0.0002}","{""detection_events"":206,""detectors_checked"":263200}"
      3332,         0,         0,   0.110,standalone_exact_mw,29ae76c7f86edcd2f56343e8109d8463cbc736644db4e57527101e2f1c3606c8,"{""distance"":5,""physical_error_rate"":0.0002}","{""detection_events"":655,""detectors_checked"":746368}"
       523,         0,         0,   0.005,standalone_exact_mw,29ae76c7f86edcd2f56343e8109d8463cbc736644db4e57527101e2f1c3606c8,"{""distance"":5,""physical_error_rate"":0.0002}","{""detection_events"":103,""detectors_checked"":117152}"
      5120,         0,         0,   0.136,standalone_exact_mw,29ae76c7f86edcd2f56343e8109d8463cbc736644db4e57527101e2f1c3606c8,"{""distance"":5,""physical_error_rate"":0.0002}","{""detection_events"":1003,""detectors_checked"":1146880}"
       374,         0,         0,   0.004,standalone_exact_mw,29ae76c7f86edcd2f56343e8109d8463cbc736644db4e57527101e2f1c3606c8,"{""distance"":5,""physical_error_rate"":0.0002}","{""detection_events"":88,""detectors_checked"":83776}"
       952,         0,         0,   0.009,standalone_exact_mw,29ae76c7f86edcd2f56343e8109d8463cbc736644db4e57527101e2f1c3606c8,"{""distance"":5,""physical_error_rate"":0.0002}","{""detection_events"":183,""detectors_checked"":213248}"
         5,         0,         0,   0.000,standalone_exact_mw,29ae76c7f86edcd2f56343e8109d8463cbc736644db4e57527101e2f1c3606c8,"{""distance"":5,""physical_error_rate"":0.0002}","{""detectors_checked"":1120}"
         5,         0,         0,   0.000,standalone_exact_mw,29ae76c7f86edcd2f56343e8109d8463cbc736644db4e57527101e2f1c3606c8,"{""distance"":5,""physical_error_rate"":0.0002}","{""detectors_checked"":1120}"
       516,         0,         0,   0.005,standalone_exact_mw,29ae76c7f86edcd2f56343e8109d8463cbc736644db4e57527101e2f1c3606c8,"{""distance"":5,""physical_error_rate"":0.0002}","{""detection_events"":114,""detectors_checked"":115584}"
      5120,         0,         0,   0.141,standalone_exact_mw,29ae76c7f86edcd2f56343e8109d8463cbc736644db4e57527101e2f1c3606c8,"{""distance"":5,""physical_error_rate"":0.0002}","{""detection_events"":918,""detectors_checked"":1146880}"
       278,         0,         0,   0.003,standalone_exact_mw,29ae76c7f86edcd2f56343e8109d8463cbc736644db4e57527101e2f1c3606c8,"{""distance"":5,""physical_error_rate"":0.0002}","{""detection_events"":64,""detectors_checked"":62272}"
      5120,         0,         0,   0.147,standalone_exact_mw,29ae76c7f86edcd2f56343e8109d8463cbc736644db4e57527101e2f1c3606c8,"{""distance"":5,""physical_error_rate"":0.0002}","{""detection_events"":896,""detectors_checked"":1146880}"
       548,         0,         0,   0.005,standalone_exact_mw,29ae76c7f86edcd2f56343e8109d8463cbc736644db4e57527101e2f1c3606c8,"{""distance"":5,""physical_error_rate"":0.0002}","{""detection_events"":105,""detectors_checked"":122752}"
       207,         0,         0,   0.002,standalone_exact_mw,29ae76c7f86edcd2f56343e8109d8463cbc736644db4e57527101e2f1c3606c8,"{""distance"":5,""physical_error_rate"":0.0002}","{""detection_events"":55,""detectors_checked"":46368}"
      3844,         0,         0,   0.112,standalone_exact_mw,29ae76c7f86edcd2f56343e8109d8463cbc736644db4e57527101e2f1c3606c8,"{""distance"":5,""physical_error_rate"":0.0002}","{""detection_events"":735,""detectors_checked"":861056}"
      5120,         0,         0,   0.170,standalone_exact_mw,29ae76c7f86edcd2f56343e8109d8463cbc736644db4e57527101e2f1c3606c8,"{""distance"":5,""physical_error_rate"":0.0002}","{""detection_events"":1003,""detectors_checked"":1146880}"
      4870,         0,         0,   0.238,standalone_exact_mw,29ae76c7f86edcd2f56343e8109d8463cbc736644db4e57527101e2f1c3606c8,"{""distance"":5,""physical_error_rate"":0.0002}","{""detection_events"":869,""detectors_checked"":1090880}"
      2425,         0,         0,   0.023,standalone_exact_mw,29ae76c7f86edcd2f56343e8109d8463cbc736644db4e57527101e2f1c3606c8,"{""distance"":5,""physical_error_rate"":0.0002}","{""detection_events"":426,""detectors_checked"":543200}"
      2284,         0,         0,   0.027,standalone_exact_mw,29ae76c7f86edcd2f56343e8109d8463cbc736644db4e57527101e2f1c3606c8,"{""distance"":5,""physical_error_rate"":0.0002}","{""detection_events"":390,""detectors_checked"":511616}"
      5448,         0,         0,   0.148,standalone_exact_mw,29ae76c7f86edcd2f56343e8109d8463cbc736644db4e57527101e2f1c3606c8,"{""distance"":5,""physical_error_rate"":0.0002}","{""detection_events"":951,""detectors_checked"":1220352}"
      4149,         0,         0,   0.056,standalone_exact_mw,29ae76c7f86edcd2f56343e8109d8463cbc736644db4e57527101e2f1c3606c8,"{""distance"":5,""physical_error_rate"":0.0002}","{""detection_events"":780,""detectors_checked"":929376}"
      2647,         0,         0,   0.059,standalone_exact_mw,29ae76c7f86edcd2f56343e8109d8463cbc736644db4e57527101e2f1c3606c8,"{""distance"":5,""physical_error_rate"":0.0002}","{""detection_events"":484,""detectors_checked"":592928}"
        15,         0,         0,   0.000,standalone_exact_mw,29ae76c7f86edcd2f56343e8109d8463cbc736644db4e57527101e2f1c3606c8,"{""distance"":5,""physical_error_rate"":0.0002}","{""detection_events"":5,""detectors_checked"":3360}"
      2469,         0,         0,   0.043,standalone_exact_mw,29ae76c7f86edcd2f56343e8109d8463cbc736644db4e57527101e2f1c3606c8,"{""distance"":5,""physical_error_rate"":0.0002}","{""detection_events"":423,""detectors_checked"":553056}"
         5,         0,         0,   0.000,standalone_exact_mw,29ae76c7f86edcd2f56343e8109d8463cbc736644db4e57527101e2f1c3606c8,"{""distance"":5,""physical_error_rate"":0.0002}","{""detectors_checked"":1120}"
        18,         0,         0,   0.001,standalone_exact_mw,29ae76c7f86edcd2f56343e8109d8463cbc736644db4e57527101e2f1c3606c8,"{""distance"":5,""physical_error_rate"":0.0002}","{""detection_events"":10,""detectors_checked"":4032}"
        49,         0,         0,   0.001,standalone_exact_mw,29ae76c7f86edcd2f56343e8109d8463cbc736644db4e57527101e2f1c3606c8,"{""distance"":5,""physical_error_rate"":0.0002}","{""detection_events"":5,""detectors_checked"":10976}"
       270,         0,         0,   0.003,standalone_exact_mw,29ae76c7f86edcd2f56343e8109d8463cbc736644db4e57527101e2f1c3606c8,"{""distance"":5,""physical_error_rate"":0.0002}","{""detection_events"":50,""detectors_checked"":60480}"
       226,         0,         0,   0.002,standalone_exact_mw,29ae76c7f86edcd2f56343e8109d8463cbc736644db4e57527101e2f1c3606c8,"{""distance"":5,""physical_error_rate"":0.0002}","{""detection_events"":38,""detectors_checked"":50624}"
       441,         0,         0,   0.004,standalone_exact_mw,29ae76c7f86edcd2f56343e8109d8463cbc736644db4e57527101e2f1c3606c8,"{""distance"":5,""physical_error_rate"":0.0002}","{""detection_events"":58,""detectors_checked"":98784}"
       209,         0,         0,   0.002,standalone_exact_mw,29ae76c7f86edcd2f56343e8109d8463cbc736644db4e57527101e2f1c3606c8,"{""distance"":5,""physical_error_rate"":0.0002}","{""detection_events"":23,""detectors_checked"":46816}"
       123,         0,         0,   0.002,standalone_exact_mw,29ae76c7f86edcd2f56343e8109d8463cbc736644db4e57527101e2f1c3606c8,"{""distance"":5,""physical_error_rate"":0.0002}","{""detection_events"":38,""detectors_checked"":27552}"
       570,         0,         0,   0.006,standalone_exact_mw,29ae76c7f86edcd2f56343e8109d8463cbc736644db4e57527101e2f1c3606c8,"{""distance"":5,""physical_error_rate"":0.0002}","{""detection_events"":125,""detectors_checked"":127680}"
       570,         0,         0,   0.006,standalone_exact_mw,29ae76c7f86edcd2f56343e8109d8463cbc736644db4e57527101e2f1c3606c8,"{""distance"":5,""physical_error_rate"":0.0002}","{""detection_events"":131,""detectors_checked"":127680}"
       358,         0,         0,   0.004,standalone_exact_mw,29ae76c7f86edcd2f56343e8109d8463cbc736644db4e57527101e2f1c3606c8,"{""distance"":5,""physical_error_rate"":0.0002}","{""detection_events"":57,""detectors_checked"":80192}"
        16,         0,         0,   0.000,standalone_exact_mw,29ae76c7f86edcd2f56343e8109d8463cbc736644db4e57527101e2f1c3606c8,"{""distance"":5,""physical_error_rate"":0.0002}","{""detectors_checked"":3584}"
       591,         0,         0,   0.017,standalone_exact_mw,29ae76c7f86edcd2f56343e8109d8463cbc736644db4e57527101e2f1c3606c8,"{""distance"":5,""physical_error_rate"":0.0002}","{""detection_events"":115,""detectors_checked"":132384}"
       888,         0,         0,   0.009,standalone_exact_mw,29ae76c7f86edcd2f56343e8109d8463cbc736644db4e57527101e2f1c3606c8,"{""distance"":5,""physical_error_rate"":0.0002}","{""detection_events"":175,""detectors_checked"":198912}"
       115,         0,         0,   0.001,standalone_exact_mw,29ae76c7f86edcd2f56343e8109d8463cbc736644db4e57527101e2f1c3606c8,"{""distance"":5,""physical_error_rate"":0.0002}","{""detection_events"":17,""detectors_checked"":25760}"
       221,         0,         0,   0.002,standalone_exact_mw,29ae76c7f86edcd2f56343e8109d8463cbc736644db4e57527101e2f1c3606c8,"{""distance"":5,""physical_error_rate"":0.0002}","{""detection_events"":54,""detectors_checked"":49504}"
        27,         0,         0,   0.001,standalone_exact_mw,29ae76c7f86edcd2f56343e8109d8463cbc736644db4e57527101e2f1c3606c8,"{""distance"":5,""physical_error_rate"":0.0002}","{""detection_events"":13,""detectors_checked"":6048}"
       221,         0,         0,   0.002,standalone_exact_mw,29ae76c7f86edcd2f56343e8109d8463cbc736644db4e57527101e2f1c3606c8,"{""distance"":5,""physical_error_rate"":0.0002}","{""detection_events"":38,""detectors_checked"":49504}"
        96,         0,         0,   0.001,standalone_exact_mw,29ae76c7f86edcd2f56343e8109d8463cbc736644db4e57527101e2f1c3606c8,"{""distance"":5,""physical_error_rate"":0.0002}","{""detection_events"":14,""detectors_checked"":21504}"
      1024,         0,         0,   0.016,standalone_exact_mw,29ae76c7f86edcd2f56343e8109d8463cbc736644db4e57527101e2f1c3606c8,"{""distance"":5,""physical_error_rate"":0.0002}","{""detection_events"":249,""detectors_checked"":229376}"
        17,         0,         0,   0.000,standalone_exact_mw,29ae76c7f86edcd2f56343e8109d8463cbc736644db4e57527101e2f1c3606c8,"{""distance"":5,""physical_error_rate"":0.0002}","{""detectors_checked"":3808}"
        16,         0,         0,   0.001,standalone_exact_mw,29ae76c7f86edcd2f56343e8109d8463cbc736644db4e57527101e2f1c3606c8,"{""distance"":5,""physical_error_rate"":0.0002}","{""detection_events"":4,""detectors_checked"":3584}"
        92,         0,         0,   0.001,standalone_exact_mw,29ae76c7f86edcd2f56343e8109d8463cbc736644db4e57527101e2f1c3606c8,"{""distance"":5,""physical_error_rate"":0.0002}","{""detection_events"":19,""detectors_checked"":20608}"
         4,         0,         0,   0.000,standalone_exact_mw,29ae76c7f86edcd2f56343e8109d8463cbc736644db4e57527101e2f1c3606c8,"{""distance"":5,""physical_error_rate"":0.0002}","{""detectors_checked"":896}"
        91,         0,         0,   0.001,standalone_exact_mw,29ae76c7f86edcd2f56343e8109d8463cbc736644db4e57527101e2f1c3606c8,"{""distance"":5,""physical_error_rate"":0.0002}","{""detection_events"":15,""detectors_checked"":20384}"
        17,         0,         0,   0.001,standalone_exact_mw,29ae76c7f86edcd2f56343e8109d8463cbc736644db4e57527101e2f1c3606c8,"{""distance"":5,""physical_error_rate"":0.0002}","{""detection_events"":7,""detectors_checked"":3808}"
       203,         0,         0,   0.002,standalone_exact_mw,29ae76c7f86edcd2f56343e8109d8463cbc736644db4e57527101e2f1c3606c8,"{""distance"":5,""physical_error_rate"":0.0002}","{""detection_events"":52,""detectors_checked"":45472}"
        91,         0,         0,   0.001,standalone_exact_mw,29ae76c7f86edcd2f56343e8109d8463cbc736644db4e57527101e2f1c3606c8,"{""distance"":5,""physical_error_rate"":0.0002}","{""detection_events"":10,""detectors_checked"":20384}"
        91,         0,         0,   0.001,standalone_exact_mw,29ae76c7f86edcd2f56343e8109d8463cbc736644db4e57527101e2f1c3606c8,"{""distance"":5,""physical_error_rate"":0.0002}","{""detection_events"":19,""detectors_checked"":20384}"
        92,         0,         0,   0.001,standalone_exact_mw,29ae76c7f86edcd2f56343e8109d8463cbc736644db4e57527101e2f1c3606c8,"{""distance"":5,""physical_error_rate"":0.0002}","{""detection_events"":15,""detectors_checked"":20608}"
        91,         0,         0,   0.001,standalone_exact_mw,29ae76c7f86edcd2f56343e8109d8463cbc736644db4e57527101e2f1c3606c8,"{""distance"":5,""physical_error_rate"":0.0002}","{""detection_events"":15,""detectors_checked"":20384}"
        92,         0,         0,   0.001,standalone_exact_mw,29ae76c7f86edcd2f56343e8109d8463cbc736644db4e57527101e2f1c3606c8,"{""distance"":5,""physical_error_rate"":0.0002}","{""detection_events"":38,""detectors_checked"":20608}"
         1,         0,         0,   0.000,standalone_exact_mw,29ae76c7f86edcd2f56343e8109d8463cbc736644db4e57527101e2f1c3606c8,"{""distance"":5,""physical_error_rate"":0.0002}","{""detectors_checked"":224}"
         5,         0,         0,   0.000,standalone_exact_mw,29ae76c7f86edcd2f56343e8109d8463cbc736644db4e57527101e2f1c3606c8,"{""distance"":5,""physical_error_rate"":0.0002}","{""detection_events"":2,""detectors_checked"":1120}"
         1,         0,         0,   0.000,standalone_exact_mw,29ae76c7f86edcd2f56343e8109d8463cbc736644db4e57527101e2f1c3606c8,"{""distance"":5,""physical_error_rate"":0.0002}","{""detectors_checked"":224}"
         1,         0,         0,   0.000,standalone_exact_mw,29ae76c7f86edcd2f56343e8109d8463cbc736644db4e57527101e2f1c3606c8,"{""distance"":5,""physical_error_rate"":0.0002}","{""detectors_checked"":224}"
         1,         0,         0,   0.000,standalone_exact_mw,29ae76c7f86edcd2f56343e8109d8463cbc736644db4e57527101e2f1c3606c8,"{""distance"":5,""physical_error_rate"":0.0002}","{""detectors_checked"":224}"
      2011,         0,         0,   0.079,standalone_exact_mw,29ae76c7f86edcd2f56343e8109d8463cbc736644db4e57527101e2f1c3606c8,"{""distance"":5,""physical_error_rate"":0.0002}","{""detection_events"":317,""detectors_checked"":450464}"
    326656,         0,         0,    16.4,standalone_exact_mw,503ee55b5ad1b1988379a241a0405811522ee4d50b473755532ad1299cb121e2,"{""distance"":5,""physical_error_rate"":0.0005}","{""detection_events"":152932,""detectors_checked"":73170944}"
    420864,         0,         0,    16.4,standalone_exact_mw,503ee55b5ad1b1988379a241a0405811522ee4d50b473755532ad1299cb121e2,"{""distance"":5,""physical_error_rate"":0.0005}","{""detection_events"":196324,""detectors_checked"":94273536}"
   3014656,         1,         0,   119.5,standalone_exact_mw,503ee55b5ad1b1988379a241a0405811522ee4d50b473755532ad1299cb121e2,"{""distance"":5,""physical_error_rate"":0.0005}","{""detection_events"":1405106,""detectors_checked"":675282944,""obs_mistake_mask=E"":1}"
    405504,         0,         0,    16.3,standalone_exact_mw,503ee55b5ad1b1988379a241a0405811522ee4d50b473755532ad1299cb121e2,"{""distance"":5,""physical_error_rate"":0.0005}","{""detection_events"":188569,""detectors_checked"":90832896}"
   2955264,         0,         0,   119.5,standalone_exact_mw,503ee55b5ad1b1988379a241a0405811522ee4d50b473755532ad1299cb121e2,"{""distance"":5,""physical_error_rate"":0.0005}","{""detection_events"":1376096,""detectors_checked"":661979136}"
      1297,         0,         0,   0.041,standalone_exact_mw,503ee55b5ad1b1988379a241a0405811522ee4d50b473755532ad1299cb121e2,"{""distance"":5,""physical_error_rate"":0.0005}","{""detection_events"":591,""detectors_checked"":290528}"
   2411520,         1,         0,   119.5,standalone_exact_mw,503ee55b5ad1b1988379a241a0405811522ee4d50b473755532ad1299cb121e2,"{""distance"":5,""physical_error_rate"":0.0005}","{""detection_events"":1118946,""detectors_checked"":540180480,""obs_mistake_mask=E"":1}"
      1297,         0,         0,   0.064,standalone_exact_mw,503ee55b5ad1b1988379a241a0405811522ee4d50b473755532ad1299cb121e2,"{""distance"":5,""physical_error_rate"":0.0005}","{""detection_events"":561,""detectors_checked"":290528}"
      1024,         0,         0,   0.026,standalone_exact_mw,503ee55b5ad1b1988379a241a0405811522ee4d50b473755532ad1299cb121e2,"{""distance"":5,""physical_error_rate"":0.0005}","{""detection_events"":470,""detectors_checked"":229376}"
      1024,         0,         0,   0.025,standalone_exact_mw,503ee55b5ad1b1988379a241a0405811522ee4d50b473755532ad1299cb121e2,"{""distance"":5,""physical_error_rate"":0.0005}","{""detection_events"":460,""detectors_checked"":229376}"
      1024,         0,         0,   0.054,standalone_exact_mw,503ee55b5ad1b1988379a241a0405811522ee4d50b473755532ad1299cb121e2,"{""distance"":5,""physical_error_rate"":0.0005}","{""detection_events"":462,""detectors_checked"":229376}"
      1024,         0,         0,   0.025,standalone_exact_mw,503ee55b5ad1b1988379a241a0405811522ee4d50b473755532ad1299cb121e2,"{""distance"":5,""physical_error_rate"":0.0005}","{""detection_events"":479,""detectors_checked"":229376}"
      1024,         0,         0,   0.033,standalone_exact_mw,503ee55b5ad1b1988379a241a0405811522ee4d50b473755532ad1299cb121e2,"{""distance"":5,""physical_error_rate"":0.0005}","{""detection_events"":495,""detectors_checked"":229376}"
      1024,         0,         0,   0.057,standalone_exact_mw,503ee55b5ad1b1988379a241a0405811522ee4d50b473755532ad1299cb121e2,"{""distance"":5,""physical_error_rate"":0.0005}","{""detection_events"":432,""detectors_checked"":229376}"
      1024,         0,         0,   0.030,standalone_exact_mw,503ee55b5ad1b1988379a241a0405811522ee4d50b473755532ad1299cb121e2,"{""distance"":5,""physical_error_rate"":0.0005}","{""detection_events"":485,""detectors_checked"":229376}"
      1024,         0,         0,   0.054,standalone_exact_mw,503ee55b5ad1b1988379a241a0405811522ee4d50b473755532ad1299cb121e2,"{""distance"":5,""physical_error_rate"":0.0005}","{""detection_events"":430,""detectors_checked"":229376}"
      1024,         0,         0,   0.033,standalone_exact_mw,503ee55b5ad1b1988379a241a0405811522ee4d50b473755532ad1299cb121e2,"{""distance"":5,""physical_error_rate"":0.0005}","{""detection_events"":471,""detectors_checked"":229376}"
      1024,         0,         0,   0.054,standalone_exact_mw,503ee55b5ad1b1988379a241a0405811522ee4d50b473755532ad1299cb121e2,"{""distance"":5,""physical_error_rate"":0.0005}","{""detection_events"":453,""detectors_checked"":229376}"
      2048,         0,         0,   0.096,standalone_exact_mw,503ee55b5ad1b1988379a241a0405811522ee4d50b473755532ad1299cb121e2,"{""distance"":5,""physical_error_rate"":0.0005}","{""detection_events"":936,""detectors_checked"":458752}"
      2048,         0,         0,   0.102,standalone_exact_mw,503ee55b5ad1b1988379a241a0405811522ee4d50b473755532ad1299cb121e2,"{""distance"":5,""physical_error_rate"":0.0005}","{""detection_events"":906,""detectors_checked"":458752}"
      3072,         0,         0,   0.187,standalone_exact_mw,503ee55b5ad1b1988379a241a0405811522ee4d50b473755532ad1299cb121e2,"{""distance"":5,""physical_error_rate"":0.0005}","{""detection_events"":1439,""detectors_checked"":688128}"
      2048,         0,         0,   0.165,standalone_exact_mw,503ee55b5ad1b1988379a241a0405811522ee4d50b473755532ad1299cb121e2,"{""distance"":5,""physical_error_rate"":0.0005}","{""detection_events"":1045,""detectors_checked"":458752}"
      2048,         0,         0,   0.152,standalone_exact_mw,503ee55b5ad1b1988379a241a0405811522ee4d50b473755532ad1299cb121e2,"{""distance"":5,""physical_error_rate"":0.0005}","{""detection_events"":980,""detectors_checked"":458752}"
      3072,         0,         0,   0.230,standalone_exact_mw,503ee55b5ad1b1988379a241a0405811522ee4d50b473755532ad1299cb121e2,"{""distance"":5,""physical_error_rate"":0.0005}","{""detection_events"":1347,""detectors_checked"":688128}"
      3072,         0,         0,   0.270,standalone_exact_mw,503ee55b5ad1b1988379a241a0405811522ee4d50b473755532ad1299cb121e2,"{""distance"":5,""physical_error_rate"":0.0005}","{""detection_events"":1447,""detectors_checked"":688128}"
      3072,         0,         0,   0.299,standalone_exact_mw,503ee55b5ad1b1988379a241a0405811522ee4d50b473755532ad1299cb121e2,"{""distance"":5,""physical_error_rate"":0.0005}","{""detection_events"":1460,""detectors_checked"":688128}"
      3072,         0,         0,   0.309,standalone_exact_mw,503ee55b5ad1b1988379a241a0405811522ee4d50b473755532ad1299cb121e2,"{""distance"":5,""physical_error_rate"":0.0005}","{""detection_events"":1447,""detectors_checked"":688128}"
      3072,         0,         0,   0.313,standalone_exact_mw,503ee55b5ad1b1988379a241a0405811522ee4d50b473755532ad1299cb121e2,"{""distance"":5,""physical_error_rate"":0.0005}","{""detection_events"":1437,""detectors_checked"":688128}"
         1,         0,         0,   0.000,standalone_exact_mw,503ee55b5ad1b1988379a241a0405811522ee4d50b473755532ad1299cb121e2,"{""distance"":5,""physical_error_rate"":0.0005}","{""detectors_checked"":224}"
      1297,         0,         0,   0.053,standalone_exact_mw,503ee55b5ad1b1988379a241a0405811522ee4d50b473755532ad1299cb121e2,"{""distance"":5,""physical_error_rate"":0.0005}","{""detection_events"":638,""detectors_checked"":290528}"
      1024,         0,         0,   0.031,standalone_exact_mw,503ee55b5ad1b1988379a241a0405811522ee4d50b473755532ad1299cb121e2,"{""distance"":5,""physical_error_rate"":0.0005}","{""detection_events"":557,""detectors_checked"":229376}"
      1296,         0,         0,   0.040,standalone_exact_mw,503ee55b5ad1b1988379a241a0405811522ee4d50b473755532ad1299cb121e2,"{""distance"":5,""physical_error_rate"":0.0005}","{""detection_events"":654,""detectors_checked"":290304}"
      1024,         0,         0,   0.034,standalone_exact_mw,503ee55b5ad1b1988379a241a0405811522ee4d50b473755532ad1299cb121e2,"{""distance"":5,""physical_error_rate"":0.0005}","{""detection_events"":473,""detectors_checked"":229376}"
      1024,         0,         0,   0.039,standalone_exact_mw,503ee55b5ad1b1988379a241a0405811522ee4d50b473755532ad1299cb121e2,"{""distance"":5,""physical_error_rate"":0.0005}","{""detection_events"":415,""detectors_checked"":229376}"
      1024,         0,         0,   0.031,standalone_exact_mw,503ee55b5ad1b1988379a241a0405811522ee4d50b473755532ad1299cb121e2,"{""distance"":5,""physical_error_rate"":0.0005}","{""detection_events"":486,""detectors_checked"":229376}"
      1024,         0,         0,   0.034,standalone_exact_mw,503ee55b5ad1b1988379a241a0405811522ee4d50b473755532ad1299cb121e2,"{""distance"":5,""physical_error_rate"":0.0005}","{""detection_events"":430,""detectors_checked"":229376}"
         1,         0,         0,   0.000,standalone_exact_mw,503ee55b5ad1b1988379a241a0405811522ee4d50b473755532ad1299cb121e2,"{""distance"":5,""physical_error_rate"":0.0005}","{""detectors_checked"":224}"
       273,         0,         0,   0.011,standalone_exact_mw,503ee55b5ad1b1988379a241a0405811522ee4d50b473755532ad1299cb121e2,"{""distance"":5,""physical_error_rate"":0.0005}","{""detection_events"":101,""detectors_checked"":61152}"
      1024,         0,         0,   0.030,standalone_exact_mw,503ee55b5ad1b1988379a241a0405811522ee4d50b473755532ad1299cb121e2,"{""distance"":5,""physical_error_rate"":0.0005}","{""detection_events"":453,""detectors_checked"":229376}"
      1024,         0,         0,   0.031,standalone_exact_mw,503ee55b5ad1b1988379a241a0405811522ee4d50b473755532ad1299cb121e2,"{""distance"":5,""physical_error_rate"":0.0005}","{""detection_events"":428,""detectors_checked"":229376}"
      1024,         0,         0,   0.024,standalone_exact_mw,503ee55b5ad1b1988379a241a0405811522ee4d50b473755532ad1299cb121e2,"{""distance"":5,""physical_error_rate"":0.0005}","{""detection_events"":501,""detectors_checked"":229376}"
      1296,         0,         0,   0.034,standalone_exact_mw,503ee55b5ad1b1988379a241a0405811522ee4d50b473755532ad1299cb121e2,"{""distance"":5,""physical_error_rate"":0.0005}","{""detection_events"":641,""detectors_checked"":290304}"
      1024,         0,         0,   0.031,standalone_exact_mw,503ee55b5ad1b1988379a241a0405811522ee4d50b473755532ad1299cb121e2,"{""distance"":5,""physical_error_rate"":0.0005}","{""detection_events"":518,""detectors_checked"":229376}"
      2048,         0,         0,   0.053,standalone_exact_mw,503ee55b5ad1b1988379a241a0405811522ee4d50b473755532ad1299cb121e2,"{""distance"":5,""physical_error_rate"":0.0005}","{""detection_events"":922,""detectors_checked"":458752}"
      1024,         0,         0,   0.055,standalone_exact_mw,503ee55b5ad1b1988379a241a0405811522ee4d50b473755532ad1299cb121e2,"{""distance"":5,""physical_error_rate"":0.0005}","{""detection_events"":493,""detectors_checked"":229376}"
      1024,         0,         0,   0.031,standalone_exact_mw,503ee55b5ad1b1988379a241a0405811522ee4d50b473755532ad1299cb121e2,"{""distance"":5,""physical_error_rate"":0.0005}","{""detection_events"":502,""detectors_checked"":229376}"
      4096,         0,         0,   0.453,standalone_exact_mw,503ee55b5ad1b1988379a241a0405811522ee4d50b473755532ad1299cb121e2,"{""distance"":5,""physical_error_rate"":0.0005}","{""detection_events"":2015,""detectors_checked"":917504}"
      2048,         0,         0,   0.080,standalone_exact_mw,503ee55b5ad1b1988379a241a0405811522ee4d50b473755532ad1299cb121e2,"{""distance"":5,""physical_error_rate"":0.0005}","{""detection_events"":1004,""detectors_checked"":458752}"
      1024,         0,         0,   0.021,standalone_exact_mw,503ee55b5ad1b1988379a241a0405811522ee4d50b473755532ad1299cb121e2,"{""distance"":5,""physical_error_rate"":0.0005}","{""detection_events"":451,""detectors_checked"":229376}"
      2048,         0,         0,   0.063,standalone_exact_mw,503ee55b5ad1b1988379a241a0405811522ee4d50b473755532ad1299cb121e2,"{""distance"":5,""physical_error_rate"":0.0005}","{""detection_events"":948,""detectors_checked"":458752}"
      2048,         0,         0,   0.079,standalone_exact_mw,503ee55b5ad1b1988379a241a0405811522ee4d50b473755532ad1299cb121e2,"{""distance"":5,""physical_error_rate"":0.0005}","{""detection_events"":922,""detectors_checked"":458752}"
      2048,         0,         0,   0.080,standalone_exact_mw,503ee55b5ad1b1988379a241a0405811522ee4d50b473755532ad1299cb121e2,"{""distance"":5,""physical_error_rate"":0.0005}","{""detection_events"":991,""detectors_checked"":458752}"
      2048,         0,         0,   0.075,standalone_exact_mw,503ee55b5ad1b1988379a241a0405811522ee4d50b473755532ad1299cb121e2,"{""distance"":5,""physical_error_rate"":0.0005}","{""detection_events"":984,""detectors_checked"":458752}"
      4096,         0,         0,   0.467,standalone_exact_mw,503ee55b5ad1b1988379a241a0405811522ee4d50b473755532ad1299cb121e2,"{""distance"":5,""physical_error_rate"":0.0005}","{""detection_events"":1968,""detectors_checked"":917504}"
      2048,         0,         0,   0.058,standalone_exact_mw,503ee55b5ad1b1988379a241a0405811522ee4d50b473755532ad1299cb121e2,"{""distance"":5,""physical_error_rate"":0.0005}","{""detection_events"":968,""detectors_checked"":458752}"
      2048,         0,         0,   0.081,standalone_exact_mw,503ee55b5ad1b1988379a241a0405811522ee4d50b473755532ad1299cb121e2,"{""distance"":5,""physical_error_rate"":0.0005}","{""detection_events"":915,""detectors_checked"":458752}"
      3072,         0,         0,   0.112,standalone_exact_mw,503ee55b5ad1b1988379a241a0405811522ee4d50b473755532ad1299cb121e2,"{""distance"":5,""physical_error_rate"":0.0005}","{""detection_events"":1388,""detectors_checked"":688128}"
       273,         0,         0,   0.017,standalone_exact_mw,503ee55b5ad1b1988379a241a0405811522ee4d50b473755532ad1299cb121e2,"{""distance"":5,""physical_error_rate"":0.0005}","{""detection_events"":150,""detectors_checked"":61152}"
      3072,         0,         0,   0.111,standalone_exact_mw,503ee55b5ad1b1988379a241a0405811522ee4d50b473755532ad1299cb121e2,"{""distance"":5,""physical_error_rate"":0.0005}","{""detection_events"":1407,""detectors_checked"":688128}"
      1024,         0,         0,   0.038,standalone_exact_mw,503ee55b5ad1b1988379a241a0405811522ee4d50b473755532ad1299cb121e2,"{""distance"":5,""physical_error_rate"":0.0005}","{""detection_events"":493,""detectors_checked"":229376}"
      2048,         0,         0,   0.088,standalone_exact_mw,503ee55b5ad1b1988379a241a0405811522ee4d50b473755532ad1299cb121e2,"{""distance"":5,""physical_error_rate"":0.0005}","{""detection_events"":1014,""detectors_checked"":458752}"
      2048,         0,         0,   0.082,standalone_exact_mw,503ee55b5ad1b1988379a241a0405811522ee4d50b473755532ad1299cb121e2,"{""distance"":5,""physical_error_rate"":0.0005}","{""detection_events"":1016,""detectors_checked"":458752}"
      1024,         0,         0,   0.032,standalone_exact_mw,503ee55b5ad1b1988379a241a0405811522ee4d50b473755532ad1299cb121e2,"{""distance"":5,""physical_error_rate"":0.0005}","{""detection_events"":496,""detectors_checked"":229376}"
      1024,         0,         0,   0.031,standalone_exact_mw,503ee55b5ad1b1988379a241a0405811522ee4d50b473755532ad1299cb121e2,"{""distance"":5,""physical_error_rate"":0.0005}","{""detection_events"":465,""detectors_checked"":229376}"
      4096,         0,         0,   0.161,standalone_exact_mw,503ee55b5ad1b1988379a241a0405811522ee4d50b473755532ad1299cb121e2,"{""distance"":5,""physical_error_rate"":0.0005}","{""detection_events"":1897,""detectors_checked"":917504}"
      4096,         0,         0,   0.164,standalone_exact_mw,503ee55b5ad1b1988379a241a0405811522ee4d50b473755532ad1299cb121e2,"{""distance"":5,""physical_error_rate"":0.0005}","{""detection_events"":1901,""detectors_checked"":917504}"
      3072,         0,         0,   0.117,standalone_exact_mw,503ee55b5ad1b1988379a241a0405811522ee4d50b473755532ad1299cb121e2,"{""distance"":5,""physical_error_rate"":0.0005}","{""detection_events"":1466,""detectors_checked"":688128}"
      3072,         0,         0,   0.115,standalone_exact_mw,503ee55b5ad1b1988379a241a0405811522ee4d50b473755532ad1299cb121e2,"{""distance"":5,""physical_error_rate"":0.0005}","{""detection_events"":1512,""detectors_checked"":688128}"
      2048,         0,         0,   0.072,standalone_exact_mw,503ee55b5ad1b1988379a241a0405811522ee4d50b473755532ad1299cb121e2,"{""distance"":5,""physical_error_rate"":0.0005}","{""detection_events"":841,""detectors_checked"":458752}"
      2048,         0,         0,   0.061,standalone_exact_mw,503ee55b5ad1b1988379a241a0405811522ee4d50b473755532ad1299cb121e2,"{""distance"":5,""physical_error_rate"":0.0005}","{""detection_events"":965,""detectors_checked"":458752}"
        17,         0,         0,   0.001,standalone_exact_mw,503ee55b5ad1b1988379a241a0405811522ee4d50b473755532ad1299cb121e2,"{""distance"":5,""physical_error_rate"":0.0005}","{""detection_events"":7,""detectors_checked"":3808}"
      4096,         0,         0,   0.134,standalone_exact_mw,503ee55b5ad1b1988379a241a0405811522ee4d50b473755532ad1299cb121e2,"{""distance"":5,""physical_error_rate"":0.0005}","{""detection_events"":1819,""detectors_checked"":917504}"
       273,         0,         0,   0.017,standalone_exact_mw,503ee55b5ad1b1988379a241a0405811522ee4d50b473755532ad1299cb121e2,"{""distance"":5,""physical_error_rate"":0.0005}","{""detection_events"":134,""detectors_checked"":61152}"
      4096,         0,         0,   0.160,standalone_exact_mw,503ee55b5ad1b1988379a241a0405811522ee4d50b473755532ad1299cb121e2,"{""distance"":5,""physical_error_rate"":0.0005}","{""detection_events"":1848,""detectors_checked"":917504}"
      2048,         0,         0,   0.075,standalone_exact_mw,503ee55b5ad1b1988379a241a0405811522ee4d50b473755532ad1299cb121e2,"{""distance"":5,""physical_error_rate"":0.0005}","{""detection_events"":1051,""detectors_checked"":458752}"
      1024,         0,         0,   0.034,standalone_exact_mw,503ee55b5ad1b1988379a241a0405811522ee4d50b473755532ad1299cb121e2,"{""distance"":5,""physical_error_rate"":0.0005}","{""detection_events"":392,""detectors_checked"":229376}"
      1280,         0,         0,   0.072,standalone_exact_mw,503ee55b5ad1b1988379a241a0405811522ee4d50b473755532ad1299cb121e2,"{""distance"":5,""physical_error_rate"":0.0005}","{""detection_events"":663,""detectors_checked"":286720}"
      6144,         0,         0,   0.220,standalone_exact_mw,503ee55b5ad1b1988379a241a0405811522ee4d50b473755532ad1299cb121e2,"{""distance"":5,""physical_error_rate"":0.0005}","{""detection_events"":2996,""detectors_checked"":1376256}"
       273,         0,         0,   0.005,standalone_exact_mw,503ee55b5ad1b1988379a241a0405811522ee4d50b473755532ad1299cb121e2,"{""distance"":5,""physical_error_rate"":0.0005}","{""detection_events"":145,""detectors_checked"":61152}"
      5120,         0,         0,   0.577,standalone_exact_mw,503ee55b5ad1b1988379a241a0405811522ee4d50b473755532ad1299cb121e2,"{""distance"":5,""physical_error_rate"":0.0005}","{""detection_events"":2297,""detectors_checked"":1146880}"
      6144,         0,         0,   0.220,standalone_exact_mw,503ee55b5ad1b1988379a241a0405811522ee4d50b473755532ad1299cb121e2,"{""distance"":5,""physical_error_rate"":0.0005}","{""detection_events"":2833,""detectors_checked"":1376256}"
      1024,         0,         0,   0.024,standalone_exact_mw,503ee55b5ad1b1988379a241a0405811522ee4d50b473755532ad1299cb121e2,"{""distance"":5,""physical_error_rate"":0.0005}","{""detection_events"":457,""detectors_checked"":229376}"
      1024,         0,         0,   0.031,standalone_exact_mw,503ee55b5ad1b1988379a241a0405811522ee4d50b473755532ad1299cb121e2,"{""distance"":5,""physical_error_rate"":0.0005}","{""detection_events"":460,""detectors_checked"":229376}"
      1024,         0,         0,   0.021,standalone_exact_mw,503ee55b5ad1b1988379a241a0405811522ee4d50b473755532ad1299cb121e2,"{""distance"":5,""physical_error_rate"":0.0005}","{""detection_events"":435,""detectors_checked"":229376}"
         1,         0,         0,   0.000,standalone_exact_mw,503ee55b5ad1b1988379a241a0405811522ee4d50b473755532ad1299cb121e2,"{""distance"":5,""physical_error_rate"":0.0005}","{""detectors_checked"":224}"
      1024,         0,         0,   0.034,standalone_exact_mw,503ee55b5ad1b1988379a241a0405811522ee4d50b473755532ad1299cb121e2,"{""distance"":5,""physical_error_rate"":0.0005}","{""detection_events"":462,""detectors_checked"":229376}"
      1024,         0,         0,   0.031,standalone_exact_mw,503ee55b5ad1b1988379a241a0405811522ee4d50b473755532ad1299cb121e2,"{""distance"":5,""physical_error_rate"":0.0005}","{""detection_events"":454,""detectors_checked"":229376}"
      3072,         0,         0,   0.107,standalone_exact_mw,503ee55b5ad1b1988379a241a0405811522ee4d50b473755532ad1299cb121e2,"{""distance"":5,""physical_error_rate"":0.0005}","{""detection_events"":1350,""detectors_checked"":688128}"
      1024,         0,         0,   0.031,standalone_exact_mw,503ee55b5ad1b1988379a241a0405811522ee4d50b473755532ad1299cb121e2,"{""distance"":5,""physical_error_rate"":0.0005}","{""detection_events"":532,""detectors_checked"":229376}"
      1297,         0,         0,   0.036,standalone_exact_mw,503ee55b5ad1b1988379a241a0405811522ee4d50b473755532ad1299cb121e2,"{""distance"":5,""physical_error_rate"":0.0005}","{""detection_events"":608,""detectors_checked"":290528}"
      1296,         0,         0,   0.059,standalone_exact_mw,503ee55b5ad1b1988379a241a0405811522ee4d50b473755532ad1299cb121e2,"{""distance"":5,""physical_error_rate"":0.0005}","{""detection_events"":543,""detectors_checked"":290304}"
      2048,         0,         0,   0.053,standalone_exact_mw,503ee55b5ad1b1988379a241a0405811522ee4d50b473755532ad1299cb121e2,"{""distance"":5,""physical_error_rate"":0.0005}","{""detection_events"":992,""detectors_checked"":458752}"
      1024,         0,         0,   0.030,standalone_exact_mw,503ee55b5ad1b1988379a241a0405811522ee4d50b473755532ad1299cb121e2,"{""distance"":5,""physical_error_rate"":0.0005}","{""detection_events"":444,""detectors_checked"":229376}"
      1024,         0,         0,   0.030,standalone_exact_mw,503ee55b5ad1b1988379a241a0405811522ee4d50b473755532ad1299cb121e2,"{""distance"":5,""physical_error_rate"":0.0005}","{""detection_events"":404,""detectors_checked"":229376}"
      2048,         0,         0,   0.069,standalone_exact_mw,503ee55b5ad1b1988379a241a0405811522ee4d50b473755532ad1299cb121e2,"{""distance"":5,""physical_error_rate"":0.0005}","{""detection_events"":875,""detectors_checked"":458752}"
      1024,         0,         0,   0.030,standalone_exact_mw,503ee55b5ad1b1988379a241a0405811522ee4d50b473755532ad1299cb121e2,"{""distance"":5,""physical_error_rate"":0.0005}","{""detection_events"":494,""detectors_checked"":229376}"
      5120,         0,         0,   0.578,standalone_exact_mw,503ee55b5ad1b1988379a241a0405811522ee4d50b473755532ad1299cb121e2,"{""distance"":5,""physical_error_rate"":0.0005}","{""detection_events"":2377,""detectors_checked"":1146880}"
      1024,         0,         0,   0.042,standalone_exact_mw,503ee55b5ad1b1988379a241a0405811522ee4d50b473755532ad1299cb121e2,"{""distance"":5,""physical_error_rate"":0.0005}","{""detection_events"":514,""detectors_checked"":229376}"
      1024,         0,         0,   0.033,standalone_exact_mw,503ee55b5ad1b1988379a241a0405811522ee4d50b473755532ad1299cb121e2,"{""distance"":5,""physical_error_rate"":0.0005}","{""detection_events"":469,""detectors_checked"":229376}"
      6144,         0,         0,   0.243,standalone_exact_mw,503ee55b5ad1b1988379a241a0405811522ee4d50b473755532ad1299cb121e2,"{""distance"":5,""physical_error_rate"":0.0005}","{""detection_events"":2681,""detectors_checked"":1376256}"
      6144,         0,         0,   0.220,standalone_exact_mw,503ee55b5ad1b1988379a241a0405811522ee4d50b473755532ad1299cb121e2,"{""distance"":5,""physical_error_rate"":0.0005}","{""detection_events"":2886,""detectors_checked"":1376256}"
      1024,         0,         0,   0.031,standalone_exact_mw,503ee55b5ad1b1988379a241a0405811522ee4d50b473755532ad1299cb121e2,"{""distance"":5,""physical_error_rate"":0.0005}","{""detection_events"":513,""detectors_checked"":229376}"
      2048,         0,         0,   0.079,standalone_exact_mw,503ee55b5ad1b1988379a241a0405811522ee4d50b473755532ad1299cb121e2,"{""distance"":5,""physical_error_rate"":0.0005}","{""detection_events"":887,""detectors_checked"":458752}"
      2048,         0,         0,   0.079,standalone_exact_mw,503ee55b5ad1b1988379a241a0405811522ee4d50b473755532ad1299cb121e2,"{""distance"":5,""physical_error_rate"":0.0005}","{""detection_events"":851,""detectors_checked"":458752}"
      2048,         0,         0,   0.076,standalone_exact_mw,503ee55b5ad1b1988379a241a0405811522ee4d50b473755532ad1299cb121e2,"{""distance"":5,""physical_error_rate"":0.0005}","{""detection_events"":983,""detectors_checked"":458752}"
      4096,         0,         0,   0.140,standalone_exact_mw,503ee55b5ad1b1988379a241a0405811522ee4d50b473755532ad1299cb121e2,"{""distance"":5,""physical_error_rate"":0.0005}","{""detection_events"":1894,""detectors_checked"":917504}"
      1024,         0,         0,   0.054,standalone_exact_mw,503ee55b5ad1b1988379a241a0405811522ee4d50b473755532ad1299cb121e2,"{""distance"":5,""physical_error_rate"":0.0005}","{""detection_events"":530,""detectors_checked"":229376}"
      1024,         0,         0,   0.032,standalone_exact_mw,503ee55b5ad1b1988379a241a0405811522ee4d50b473755532ad1299cb121e2,"{""distance"":5,""physical_error_rate"":0.0005}","{""detection_events"":494,""detectors_checked"":229376}"
      2048,         0,         0,   0.052,standalone_exact_mw,503ee55b5ad1b1988379a241a0405811522ee4d50b473755532ad1299cb121e2,"{""distance"":5,""physical_error_rate"":0.0005}","{""detection_events"":936,""detectors_checked"":458752}"
      2048,         0,         0,   0.061,standalone_exact_mw,503ee55b5ad1b1988379a241a0405811522ee4d50b473755532ad1299cb121e2,"{""distance"":5,""physical_error_rate"":0.0005}","{""detection_events"":982,""detectors_checked"":458752}"
      7168,         0,         0,   0.288,standalone_exact_mw,503ee55b5ad1b1988379a241a0405811522ee4d50b473755532ad1299cb121e2,"{""distance"":5,""physical_error_rate"":0.0005}","{""detection_events"":3254,""detectors_checked"":1605632}"
      2048,         0,         0,   0.080,standalone_exact_mw,503ee55b5ad1b1988379a241a0405811522ee4d50b473755532ad1299cb121e2,"{""distance"":5,""physical_error_rate"":0.0005}","{""detection_events"":965,""detectors_checked"":458752}"
      2048,         0,         0,   0.061,standalone_exact_mw,503ee55b5ad1b1988379a241a0405811522ee4d50b473755532ad1299cb121e2,"{""distance"":5,""physical_error_rate"":0.0005}","{""detection_events"":913,""detectors_checked"":458752}"
      3072,         0,         0,   0.107,standalone_exact_mw,503ee55b5ad1b1988379a241a0405811522ee4d50b473755532ad1299cb121e2,"{""distance"":5,""physical_error_rate"":0.0005}","{""detection_events"":1430,""detectors_checked"":688128}"
      2048,         0,         0,   0.061,standalone_exact_mw,503ee55b5ad1b1988379a241a0405811522ee4d50b473755532ad1299cb121e2,"{""distance"":5,""physical_error_rate"":0.0005}","{""detection_events"":946,""detectors_checked"":458752}"
      8192,         0,         0,   0.328,standalone_exact_mw,503ee55b5ad1b1988379a241a0405811522ee4d50b473755532ad1299cb121e2,"{""distance"":5,""physical_error_rate"":0.0005}","{""detection_events"":3970,""detectors_checked"":1835008}"
      1297,         0,         0,   0.043,standalone_exact_mw,503ee55b5ad1b1988379a241a0405811522ee4d50b473755532ad1299cb121e2,"{""distance"":5,""physical_error_rate"":0.0005}","{""detection_events"":567,""detectors_checked"":290528}"
      2048,         0,         0,   0.081,standalone_exact_mw,503ee55b5ad1b1988379a241a0405811522ee4d50b473755532ad1299cb121e2,"{""distance"":5,""physical_error_rate"":0.0005}","{""detection_events"":997,""detectors_checked"":458752}"
      2048,         0,         0,   0.082,standalone_exact_mw,503ee55b5ad1b1988379a241a0405811522ee4d50b473755532ad1299cb121e2,"{""distance"":5,""physical_error_rate"":0.0005}","{""detection_events"":916,""detectors_checked"":458752}"
      3072,         0,         0,   0.097,standalone_exact_mw,503ee55b5ad1b1988379a241a0405811522ee4d50b473755532ad1299cb121e2,"{""distance"":5,""physical_error_rate"":0.0005}","{""detection_events"":1412,""detectors_checked"":688128}"
      1024,         0,         0,   0.031,standalone_exact_mw,503ee55b5ad1b1988379a241a0405811522ee4d50b473755532ad1299cb121e2,"{""distance"":5,""physical_error_rate"":0.0005}","{""detection_events"":519,""detectors_checked"":229376}"
      3072,         0,         0,   0.117,standalone_exact_mw,503ee55b5ad1b1988379a241a0405811522ee4d50b473755532ad1299cb121e2,"{""distance"":5,""physical_error_rate"":0.0005}","{""detection_events"":1416,""detectors_checked"":688128}"
      1024,         0,         0,   0.028,standalone_exact_mw,503ee55b5ad1b1988379a241a0405811522ee4d50b473755532ad1299cb121e2,"{""distance"":5,""physical_error_rate"":0.0005}","{""detection_events"":486,""detectors_checked"":229376}"
      3072,         0,         0,   0.127,standalone_exact_mw,503ee55b5ad1b1988379a241a0405811522ee4d50b473755532ad1299cb121e2,"{""distance"":5,""physical_error_rate"":0.0005}","{""detection_events"":1388,""detectors_checked"":688128}"
      6144,         0,         0,   0.243,standalone_exact_mw,503ee55b5ad1b1988379a241a0405811522ee4d50b473755532ad1299cb121e2,"{""distance"":5,""physical_error_rate"":0.0005}","{""detection_events"":2911,""detectors_checked"":1376256}"
      1024,         0,         0,   0.034,standalone_exact_mw,503ee55b5ad1b1988379a241a0405811522ee4d50b473755532ad1299cb121e2,"{""distance"":5,""physical_error_rate"":0.0005}","{""detection_events"":544,""detectors_checked"":229376}"
      8192,         0,         0,   0.303,standalone_exact_mw,503ee55b5ad1b1988379a241a0405811522ee4d50b473755532ad1299cb121e2,"{""distance"":5,""physical_error_rate"":0.0005}","{""detection_events"":3662,""detectors_checked"":1835008}"
      8192,         0,         0,   0.290,standalone_exact_mw,503ee55b5ad1b1988379a241a0405811522ee4d50b473755532ad1299cb121e2,"{""distance"":5,""physical_error_rate"":0.0005}","{""detection_events"":3672,""detectors_checked"":1835008}"
      3072,         0,         0,   0.108,standalone_exact_mw,503ee55b5ad1b1988379a241a0405811522ee4d50b473755532ad1299cb121e2,"{""distance"":5,""physical_error_rate"":0.0005}","{""detection_events"":1518,""detectors_checked"":688128}"
      3072,         0,         0,   0.110,standalone_exact_mw,503ee55b5ad1b1988379a241a0405811522ee4d50b473755532ad1299cb121e2,"{""distance"":5,""physical_error_rate"":0.0005}","{""detection_events"":1413,""detectors_checked"":688128}"
      2048,         0,         0,   0.079,standalone_exact_mw,503ee55b5ad1b1988379a241a0405811522ee4d50b473755532ad1299cb121e2,"{""distance"":5,""physical_error_rate"":0.0005}","{""detection_events"":976,""detectors_checked"":458752}"
      5120,         0,         0,   0.186,standalone_exact_mw,503ee55b5ad1b1988379a241a0405811522ee4d50b473755532ad1299cb121e2,"{""distance"":5,""physical_error_rate"":0.0005}","{""detection_events"":2453,""detectors_checked"":1146880}"
   2962432,         1,         0,   119.5,standalone_exact_mw,503ee55b5ad1b1988379a241a0405811522ee4d50b473755532ad1299cb121e2,"{""distance"":5,""physical_error_rate"":0.0005}","{""detection_events"":1377472,""detectors_checked"":663584768,""obs_mistake_mask=E"":1}"
      4096,         0,         0,   0.160,standalone_exact_mw,503ee55b5ad1b1988379a241a0405811522ee4d50b473755532ad1299cb121e2,"{""distance"":5,""physical_error_rate"":0.0005}","{""detection_events"":2003,""detectors_checked"":917504}"
      2048,         0,         0,   0.061,standalone_exact_mw,503ee55b5ad1b1988379a241a0405811522ee4d50b473755532ad1299cb121e2,"{""distance"":5,""physical_error_rate"":0.0005}","{""detection_events"":914,""detectors_checked"":458752}"
      4096,         0,         0,   0.169,standalone_exact_mw,503ee55b5ad1b1988379a241a0405811522ee4d50b473755532ad1299cb121e2,"{""distance"":5,""physical_error_rate"":0.0005}","{""detection_events"":1897,""detectors_checked"":917504}"
      4096,         0,         0,   0.164,standalone_exact_mw,503ee55b5ad1b1988379a241a0405811522ee4d50b473755532ad1299cb121e2,"{""distance"":5,""physical_error_rate"":0.0005}","{""detection_events"":1866,""detectors_checked"":917504}"
      5120,         0,         0,   0.190,standalone_exact_mw,503ee55b5ad1b1988379a241a0405811522ee4d50b473755532ad1299cb121e2,"{""distance"":5,""physical_error_rate"":0.0005}","{""detection_events"":2350,""detectors_checked"":1146880}"
     11264,         0,         0,   0.421,standalone_exact_mw,503ee55b5ad1b1988379a241a0405811522ee4d50b473755532ad1299cb121e2,"{""distance"":5,""physical_error_rate"":0.0005}","{""detection_events"":5273,""detectors_checked"":2523136}"
      2048,         0,         0,   0.081,standalone_exact_mw,503ee55b5ad1b1988379a241a0405811522ee4d50b473755532ad1299cb121e2,"{""distance"":5,""physical_error_rate"":0.0005}","{""detection_events"":899,""detectors_checked"":458752}"
     10240,         0,         0,   0.425,standalone_exact_mw,503ee55b5ad1b1988379a241a0405811522ee4d50b473755532ad1299cb121e2,"{""distance"":5,""physical_error_rate"":0.0005}","{""detection_events"":4713,""detectors_checked"":2293760}"
      8192,         0,         0,   0.298,standalone_exact_mw,503ee55b5ad1b1988379a241a0405811522ee4d50b473755532ad1299cb121e2,"{""distance"":5,""physical_error_rate"":0.0005}","{""detection_events"":3775,""detectors_checked"":1835008}"
      6144,         0,         0,   0.220,standalone_exact_mw,503ee55b5ad1b1988379a241a0405811522ee4d50b473755532ad1299cb121e2,"{""distance"":5,""physical_error_rate"":0.0005}","{""detection_events"":2899,""detectors_checked"":1376256}"
      6144,         0,         0,   0.220,standalone_exact_mw,503ee55b5ad1b1988379a241a0405811522ee4d50b473755532ad1299cb121e2,"{""distance"":5,""physical_error_rate"":0.0005}","{""detection_events"":2884,""detectors_checked"":1376256}"
      2048,         0,         0,   0.109,standalone_exact_mw,503ee55b5ad1b1988379a241a0405811522ee4d50b473755532ad1299cb121e2,"{""distance"":5,""physical_error_rate"":0.0005}","{""detection_events"":988,""detectors_checked"":458752}"
       273,         0,         0,   0.017,standalone_exact_mw,503ee55b5ad1b1988379a241a0405811522ee4d50b473755532ad1299cb121e2,"{""distance"":5,""physical_error_rate"":0.0005}","{""detection_events"":117,""detectors_checked"":61152}"
      4096,         0,         0,   0.198,standalone_exact_mw,503ee55b5ad1b1988379a241a0405811522ee4d50b473755532ad1299cb121e2,"{""distance"":5,""physical_error_rate"":0.0005}","{""detection_events"":1873,""detectors_checked"":917504}"
       273,         0,         0,   0.026,standalone_exact_mw,503ee55b5ad1b1988379a241a0405811522ee4d50b473755532ad1299cb121e2,"{""distance"":5,""physical_error_rate"":0.0005}","{""detection_events"":159,""detectors_checked"":61152}"
      1024,         0,         0,   0.020,standalone_exact_mw,503ee55b5ad1b1988379a241a0405811522ee4d50b473755532ad1299cb121e2,"{""distance"":5,""physical_error_rate"":0.0005}","{""detection_events"":503,""detectors_checked"":229376}"
     17408,         0,         0,   0.861,standalone_exact_mw,503ee55b5ad1b1988379a241a0405811522ee4d50b473755532ad1299cb121e2,"{""distance"":5,""physical_error_rate"":0.0005}","{""detection_events"":8008,""detectors_checked"":3899392}"
      1024,         0,         0,   0.034,standalone_exact_mw,503ee55b5ad1b1988379a241a0405811522ee4d50b473755532ad1299cb121e2,"{""distance"":5,""physical_error_rate"":0.0005}","{""detection_events"":503,""detectors_checked"":229376}"
     11264,         0,         0,   0.408,standalone_exact_mw,503ee55b5ad1b1988379a241a0405811522ee4d50b473755532ad1299cb121e2,"{""distance"":5,""physical_error_rate"":0.0005}","{""detection_events"":5181,""detectors_checked"":2523136}"
      1024,         0,         0,   0.022,standalone_exact_mw,503ee55b5ad1b1988379a241a0405811522ee4d50b473755532ad1299cb121e2,"{""distance"":5,""physical_error_rate"":0.0005}","{""detection_events"":484,""detectors_checked"":229376}"
      1024,         0,         0,   0.031,standalone_exact_mw,503ee55b5ad1b1988379a241a0405811522ee4d50b473755532ad1299cb121e2,"{""distance"":5,""physical_error_rate"":0.0005}","{""detection_events"":448,""detectors_checked"":229376}"
      9216,         0,         0,   0.396,standalone_exact_mw,503ee55b5ad1b1988379a241a0405811522ee4d50b473755532ad1299cb121e2,"{""distance"":5,""physical_error_rate"":0.0005}","{""detection_events"":4109,""detectors_checked"":2064384}"
      6144,         0,         0,   0.219,standalone_exact_mw,503ee55b5ad1b1988379a241a0405811522ee4d50b473755532ad1299cb121e2,"{""distance"":5,""physical_error_rate"":0.0005}","{""detection_events"":2886,""detectors_checked"":1376256}"
     19456,         0,         0,   0.787,standalone_exact_mw,503ee55b5ad1b1988379a241a0405811522ee4d50b473755532ad1299cb121e2,"{""distance"":5,""physical_error_rate"":0.0005}","{""detection_events"":8946,""detectors_checked"":4358144}"
      1024,         0,         0,   0.013,standalone_exact_mw,503ee55b5ad1b1988379a241a0405811522ee4d50b473755532ad1299cb121e2,"{""distance"":5,""physical_error_rate"":0.0005}","{""detection_events"":461,""detectors_checked"":229376}"
      8192,         0,         0,   0.266,standalone_exact_mw,503ee55b5ad1b1988379a241a0405811522ee4d50b473755532ad1299cb121e2,"{""distance"":5,""physical_error_rate"":0.0005}","{""detection_events"":3790,""detectors_checked"":1835008}"
      2048,         0,         0,   0.038,standalone_exact_mw,503ee55b5ad1b1988379a241a0405811522ee4d50b473755532ad1299cb121e2,"{""distance"":5,""physical_error_rate"":0.0005}","{""detection_events"":903,""detectors_checked"":458752}"
    588800,         0,         0,    22.9,standalone_exact_mw,503ee55b5ad1b1988379a241a0405811522ee4d50b473755532ad1299cb121e2,"{""distance"":5,""physical_error_rate"":0.0005}","{""detection_events"":274165,""detectors_checked"":131891200}"
      3072,         0,         0,   0.151,standalone_exact_mw,503ee55b5ad1b1988379a241a0405811522ee4d50b473755532ad1299cb121e2,"{""distance"":5,""physical_error_rate"":0.0005}","{""detection_events"":1446,""detectors_checked"":688128}"
      1024,         0,         0,   0.048,standalone_exact_mw,503ee55b5ad1b1988379a241a0405811522ee4d50b473755532ad1299cb121e2,"{""distance"":5,""physical_error_rate"":0.0005}","{""detection_events"":475,""detectors_checked"":229376}"
      2048,         0,         0,   0.050,standalone_exact_mw,503ee55b5ad1b1988379a241a0405811522ee4d50b473755532ad1299cb121e2,"{""distance"":5,""physical_error_rate"":0.0005}","{""detection_events"":966,""detectors_checked"":458752}"
      1024,         0,         0,   0.055,standalone_exact_mw,503ee55b5ad1b1988379a241a0405811522ee4d50b473755532ad1299cb121e2,"{""distance"":5,""physical_error_rate"":0.0005}","{""detection_events"":489,""detectors_checked"":229376}"
      3072,         0,         0,   0.094,standalone_exact_mw,503ee55b5ad1b1988379a241a0405811522ee4d50b473755532ad1299cb121e2,"{""distance"":5,""physical_error_rate"":0.0005}","{""detection_events"":1399,""detectors_checked"":688128}"
      8192,         0,         0,   0.295,standalone_exact_mw,503ee55b5ad1b1988379a241a0405811522ee4d50b473755532ad1299cb121e2,"{""distance"":5,""physical_error_rate"":0.0005}","{""detection_events"":3859,""detectors_checked"":1835008}"
       273,         0,         0,   0.017,standalone_exact_mw,503ee55b5ad1b1988379a241a0405811522ee4d50b473755532ad1299cb121e2,"{""distance"":5,""physical_error_rate"":0.0005}","{""detection_events"":133,""detectors_checked"":61152}"
    602112,         0,         0,    22.9,standalone_exact_mw,503ee55b5ad1b1988379a241a0405811522ee4d50b473755532ad1299cb121e2,"{""distance"":5,""physical_error_rate"":0.0005}","{""detection_events"":280991,""detectors_checked"":134873088}"
      7168,         0,         0,   0.299,standalone_exact_mw,503ee55b5ad1b1988379a241a0405811522ee4d50b473755532ad1299cb121e2,"{""distance"":5,""physical_error_rate"":0.0005}","{""detection_events"":3391,""detectors_checked"":1605632}"
      2048,         0,         0,   0.089,standalone_exact_mw,503ee55b5ad1b1988379a241a0405811522ee4d50b473755532ad1299cb121e2,"{""distance"":5,""physical_error_rate"":0.0005}","{""detection_events"":969,""detectors_checked"":458752}"
      1024,         0,         0,   0.029,standalone_exact_mw,503ee55b5ad1b1988379a241a0405811522ee4d50b473755532ad1299cb121e2,"{""distance"":5,""physical_error_rate"":0.0005}","{""detection_events"":431,""detectors_checked"":229376}"
      9216,         0,         0,   0.337,standalone_exact_mw,503ee55b5ad1b1988379a241a0405811522ee4d50b473755532ad1299cb121e2,"{""distance"":5,""physical_error_rate"":0.0005}","{""detection_events"":4013,""detectors_checked"":2064384}"
     11264,         0,         0,   0.402,standalone_exact_mw,503ee55b5ad1b1988379a241a0405811522ee4d50b473755532ad1299cb121e2,"{""distance"":5,""physical_error_rate"":0.0005}","{""detection_events"":5289,""detectors_checked"":2523136}"
       273,         0,         0,   0.018,standalone_exact_mw,503ee55b5ad1b1988379a241a0405811522ee4d50b473755532ad1299cb121e2,"{""distance"":5,""physical_error_rate"":0.0005}","{""detection_events"":143,""detectors_checked"":61152}"
      1024,         0,         0,   0.031,standalone_exact_mw,503ee55b5ad1b1988379a241a0405811522ee4d50b473755532ad1299cb121e2,"{""distance"":5,""physical_error_rate"":0.0005}","{""detection_events"":490,""detectors_checked"":229376}"
      8192,         0,         0,   0.285,standalone_exact_mw,503ee55b5ad1b1988379a241a0405811522ee4d50b473755532ad1299cb121e2,"{""distance"":5,""physical_error_rate"":0.0005}","{""detection_events"":3755,""detectors_checked"":1835008}"
      3072,         0,         0,   0.110,standalone_exact_mw,503ee55b5ad1b1988379a241a0405811522ee4d50b473755532ad1299cb121e2,"{""distance"":5,""physical_error_rate"":0.0005}","{""detection_events"":1444,""detectors_checked"":688128}"
      1024,         0,         0,   0.034,standalone_exact_mw,503ee55b5ad1b1988379a241a0405811522ee4d50b473755532ad1299cb121e2,"{""distance"":5,""physical_error_rate"":0.0005}","{""detection_events"":422,""detectors_checked"":229376}"
      6144,         0,         0,   0.247,standalone_exact_mw,503ee55b5ad1b1988379a241a0405811522ee4d50b473755532ad1299cb121e2,"{""distance"":5,""physical_error_rate"":0.0005}","{""detection_events"":2789,""detectors_checked"":1376256}"
      1024,         0,         0,   0.030,standalone_exact_mw,503ee55b5ad1b1988379a241a0405811522ee4d50b473755532ad1299cb121e2,"{""distance"":5,""physical_error_rate"":0.0005}","{""detection_events"":429,""detectors_checked"":229376}"
      1024,         0,         0,   0.030,standalone_exact_mw,503ee55b5ad1b1988379a241a0405811522ee4d50b473755532ad1299cb121e2,"{""distance"":5,""physical_error_rate"":0.0005}","{""detection_events"":473,""detectors_checked"":229376}"
      6144,         0,         0,   0.305,standalone_exact_mw,503ee55b5ad1b1988379a241a0405811522ee4d50b473755532ad1299cb121e2,"{""distance"":5,""physical_error_rate"":0.0005}","{""detection_events"":2847,""detectors_checked"":1376256}"
      3072,         0,         0,   0.110,standalone_exact_mw,503ee55b5ad1b1988379a241a0405811522ee4d50b473755532ad1299cb121e2,"{""distance"":5,""physical_error_rate"":0.0005}","{""detection_events"":1460,""detectors_checked"":688128}"
     19456,         0,         0,   0.570,standalone_exact_mw,503ee55b5ad1b1988379a241a0405811522ee4d50b473755532ad1299cb121e2,"{""distance"":5,""physical_error_rate"":0.0005}","{""detection_events"":9007,""detectors_checked"":4358144}"
    507904,         0,         0,    22.8,standalone_exact_mw,503ee55b5ad1b1988379a241a0405811522ee4d50b473755532ad1299cb121e2,"{""distance"":5,""physical_error_rate"":0.0005}","{""detection_events"":235367,""detectors_checked"":113770496}"
    569344,         0,         0,    22.9,standalone_exact_mw,503ee55b5ad1b1988379a241a0405811522ee4d50b473755532ad1299cb121e2,"{""distance"":5,""physical_error_rate"":0.0005}","{""detection_events"":263516,""detectors_checked"":127533056}"
      1024,         0,         0,   0.031,standalone_exact_mw,503ee55b5ad1b1988379a241a0405811522ee4d50b473755532ad1299cb121e2,"{""distance"":5,""physical_error_rate"":0.0005}","{""detection_events"":485,""detectors_checked"":229376}"
      2048,         0,         0,   0.090,standalone_exact_mw,503ee55b5ad1b1988379a241a0405811522ee4d50b473755532ad1299cb121e2,"{""distance"":5,""physical_error_rate"":0.0005}","{""detection_events"":1058,""detectors_checked"":458752}"
      3072,         0,         0,   0.130,standalone_exact_mw,503ee55b5ad1b1988379a241a0405811522ee4d50b473755532ad1299cb121e2,"{""distance"":5,""physical_error_rate"":0.0005}","{""detection_events"":1378,""detectors_checked"":688128}"
     14336,         0,         0,   0.593,standalone_exact_mw,503ee55b5ad1b1988379a241a0405811522ee4d50b473755532ad1299cb121e2,"{""distance"":5,""physical_error_rate"":0.0005}","{""detection_events"":6635,""detectors_checked"":3211264}"
      2048,         0,         0,   0.074,standalone_exact_mw,503ee55b5ad1b1988379a241a0405811522ee4d50b473755532ad1299cb121e2,"{""distance"":5,""physical_error_rate"":0.0005}","{""detection_events"":967,""detectors_checked"":458752}"
      2048,         0,         0,   0.082,standalone_exact_mw,503ee55b5ad1b1988379a241a0405811522ee4d50b473755532ad1299cb121e2,"{""distance"":5,""physical_error_rate"":0.0005}","{""detection_events"":940,""detectors_checked"":458752}"
      4096,         0,         0,   0.170,standalone_exact_mw,503ee55b5ad1b1988379a241a0405811522ee4d50b473755532ad1299cb121e2,"{""distance"":5,""physical_error_rate"":0.0005}","{""detection_events"":1991,""detectors_checked"":917504}"
      2048,         0,         0,   0.079,standalone_exact_mw,503ee55b5ad1b1988379a241a0405811522ee4d50b473755532ad1299cb121e2,"{""distance"":5,""physical_error_rate"":0.0005}","{""detection_events"":938,""detectors_checked"":458752}"
     15360,         0,         0,   0.543,standalone_exact_mw,503ee55b5ad1b1988379a241a0405811522ee4d50b473755532ad1299cb121e2,"{""distance"":5,""physical_error_rate"":0.0005}","{""detection_events"":7115,""detectors_checked"":3440640}"
     16384,         0,         0,   0.592,standalone_exact_mw,503ee55b5ad1b1988379a241a0405811522ee4d50b473755532ad1299cb121e2,"{""distance"":5,""physical_error_rate"":0.0005}","{""detection_events"":7569,""detectors_checked"":3670016}"
      8192,         0,         0,   0.294,standalone_exact_mw,503ee55b5ad1b1988379a241a0405811522ee4d50b473755532ad1299cb121e2,"{""distance"":5,""physical_error_rate"":0.0005}","{""detection_events"":3801,""detectors_checked"":1835008}"
      3072,         0,         0,   0.110,standalone_exact_mw,503ee55b5ad1b1988379a241a0405811522ee4d50b473755532ad1299cb121e2,"{""distance"":5,""physical_error_rate"":0.0005}","{""detection_events"":1422,""detectors_checked"":688128}"
     11264,         0,         0,   0.422,standalone_exact_mw,503ee55b5ad1b1988379a241a0405811522ee4d50b473755532ad1299cb121e2,"{""distance"":5,""physical_error_rate"":0.0005}","{""detection_events"":5238,""detectors_checked"":2523136}"
      5120,         0,         0,   0.191,standalone_exact_mw,503ee55b5ad1b1988379a241a0405811522ee4d50b473755532ad1299cb121e2,"{""distance"":5,""physical_error_rate"":0.0005}","{""detection_events"":2438,""detectors_checked"":1146880}"
     11264,         0,         0,   0.412,standalone_exact_mw,503ee55b5ad1b1988379a241a0405811522ee4d50b473755532ad1299cb121e2,"{""distance"":5,""physical_error_rate"":0.0005}","{""detection_events"":5160,""detectors_checked"":2523136}"
      3072,         0,         0,   0.110,standalone_exact_mw,503ee55b5ad1b1988379a241a0405811522ee4d50b473755532ad1299cb121e2,"{""distance"":5,""physical_error_rate"":0.0005}","{""detection_events"":1535,""detectors_checked"":688128}"
     11264,         0,         0,   0.398,standalone_exact_mw,503ee55b5ad1b1988379a241a0405811522ee4d50b473755532ad1299cb121e2,"{""distance"":5,""physical_error_rate"":0.0005}","{""detection_events"":5325,""detectors_checked"":2523136}"
    483328,         0,         0,    22.9,standalone_exact_mw,503ee55b5ad1b1988379a241a0405811522ee4d50b473755532ad1299cb121e2,"{""distance"":5,""physical_error_rate"":0.0005}","{""detection_events"":225047,""detectors_checked"":108265472}"
     11264,         0,         0,   0.419,standalone_exact_mw,503ee55b5ad1b1988379a241a0405811522ee4d50b473755532ad1299cb121e2,"{""distance"":5,""physical_error_rate"":0.0005}","{""detection_events"":5537,""detectors_checked"":2523136}"
       273,         0,         0,   0.025,standalone_exact_mw,503ee55b5ad1b1988379a241a0405811522ee4d50b473755532ad1299cb121e2,"{""distance"":5,""physical_error_rate"":0.0005}","{""detection_events"":107,""detectors_checked"":61152}"
      3072,         0,         0,   0.110,standalone_exact_mw,503ee55b5ad1b1988379a241a0405811522ee4d50b473755532ad1299cb121e2,"{""distance"":5,""physical_error_rate"":0.0005}","{""detection_events"":1480,""detectors_checked"":688128}"
      5120,         0,         0,   0.219,standalone_exact_mw,503ee55b5ad1b1988379a241a0405811522ee4d50b473755532ad1299cb121e2,"{""distance"":5,""physical_error_rate"":0.0005}","{""detection_events"":2321,""detectors_checked"":1146880}"
      3072,         0,         0,   0.108,standalone_exact_mw,503ee55b5ad1b1988379a241a0405811522ee4d50b473755532ad1299cb121e2,"{""distance"":5,""physical_error_rate"":0.0005}","{""detection_events"":1323,""detectors_checked"":688128}"
     11264,         0,         0,   0.406,standalone_exact_mw,503ee55b5ad1b1988379a241a0405811522ee4d50b473755532ad1299cb121e2,"{""distance"":5,""physical_error_rate"":0.0005}","{""detection_events"":5240,""detectors_checked"":2523136}"
      1024,         0,         0,   0.026,standalone_exact_mw,503ee55b5ad1b1988379a241a0405811522ee4d50b473755532ad1299cb121e2,"{""distance"":5,""physical_error_rate"":0.0005}","{""detection_events"":507,""detectors_checked"":229376}"
       273,         0,         0,   0.026,standalone_exact_mw,503ee55b5ad1b1988379a241a0405811522ee4d50b473755532ad1299cb121e2,"{""distance"":5,""physical_error_rate"":0.0005}","{""detection_events"":119,""detectors_checked"":61152}"
      1024,         0,         0,   0.035,standalone_exact_mw,503ee55b5ad1b1988379a241a0405811522ee4d50b473755532ad1299cb121e2,"{""distance"":5,""physical_error_rate"":0.0005}","{""detection_events"":395,""detectors_checked"":229376}"
     15360,         0,         0,   0.574,standalone_exact_mw,503ee55b5ad1b1988379a241a0405811522ee4d50b473755532ad1299cb121e2,"{""distance"":5,""physical_error_rate"":0.0005}","{""detection_events"":7093,""detectors_checked"":3440640}"
      1024,         0,         0,   0.057,standalone_exact_mw,503ee55b5ad1b1988379a241a0405811522ee4d50b473755532ad1299cb121e2,"{""distance"":5,""physical_error_rate"":0.0005}","{""detection_events"":556,""detectors_checked"":229376}"
      5120,         0,         0,   0.222,standalone_exact_mw,503ee55b5ad1b1988379a241a0405811522ee4d50b473755532ad1299cb121e2,"{""distance"":5,""physical_error_rate"":0.0005}","{""detection_events"":2452,""detectors_checked"":1146880}"
      1024,         0,         0,   0.055,standalone_exact_mw,503ee55b5ad1b1988379a241a0405811522ee4d50b473755532ad1299cb121e2,"{""distance"":5,""physical_error_rate"":0.0005}","{""detection_events"":465,""detectors_checked"":229376}"
      1024,         0,         0,   0.054,standalone_exact_mw,503ee55b5ad1b1988379a241a0405811522ee4d50b473755532ad1299cb121e2,"{""distance"":5,""physical_error_rate"":0.0005}","{""detection_events"":408,""detectors_checked"":229376}"
       273,         0,         0,   0.026,standalone_exact_mw,503ee55b5ad1b1988379a241a0405811522ee4d50b473755532ad1299cb121e2,"{""distance"":5,""physical_error_rate"":0.0005}","{""detection_events"":131,""detectors_checked"":61152}"
      4096,         0,         0,   0.175,standalone_exact_mw,503ee55b5ad1b1988379a241a0405811522ee4d50b473755532ad1299cb121e2,"{""distance"":5,""physical_error_rate"":0.0005}","{""detection_events"":2026,""detectors_checked"":917504}"
      4096,         0,         0,   0.160,standalone_exact_mw,503ee55b5ad1b1988379a241a0405811522ee4d50b473755532ad1299cb121e2,"{""distance"":5,""physical_error_rate"":0.0005}","{""detection_events"":2068,""detectors_checked"":917504}"
      1024,         0,         0,   0.055,standalone_exact_mw,503ee55b5ad1b1988379a241a0405811522ee4d50b473755532ad1299cb121e2,"{""distance"":5,""physical_error_rate"":0.0005}","{""detection_events"":459,""detectors_checked"":229376}"
      1024,         0,         0,   0.036,standalone_exact_mw,503ee55b5ad1b1988379a241a0405811522ee4d50b473755532ad1299cb121e2,"{""distance"":5,""physical_error_rate"":0.0005}","{""detection_events"":428,""detectors_checked"":229376}"
      1024,         0,         0,   0.055,standalone_exact_mw,503ee55b5ad1b1988379a241a0405811522ee4d50b473755532ad1299cb121e2,"{""distance"":5,""physical_error_rate"":0.0005}","{""detection_events"":463,""detectors_checked"":229376}"
      1024,         0,         0,   0.033,standalone_exact_mw,503ee55b5ad1b1988379a241a0405811522ee4d50b473755532ad1299cb121e2,"{""distance"":5,""physical_error_rate"":0.0005}","{""detection_events"":454,""detectors_checked"":229376}"
      2048,         0,         0,   0.093,standalone_exact_mw,503ee55b5ad1b1988379a241a0405811522ee4d50b473755532ad1299cb121e2,"{""distance"":5,""physical_error_rate"":0.0005}","{""detection_events"":956,""detectors_checked"":458752}"
      1024,         0,         0,   0.034,standalone_exact_mw,503ee55b5ad1b1988379a241a0405811522ee4d50b473755532ad1299cb121e2,"{""distance"":5,""physical_error_rate"":0.0005}","{""detection_events"":470,""detectors_checked"":229376}"
      1024,         0,         0,   0.020,standalone_exact_mw,503ee55b5ad1b1988379a241a0405811522ee4d50b473755532ad1299cb121e2,"{""distance"":5,""physical_error_rate"":0.0005}","{""detection_events"":457,""detectors_checked"":229376}"
      8192,         0,         0,   0.309,standalone_exact_mw,503ee55b5ad1b1988379a241a0405811522ee4d50b473755532ad1299cb121e2,"{""distance"":5,""physical_error_rate"":0.0005}","{""detection_events"":3756,""detectors_checked"":1835008}"
     36864,         0,         0,    1.09,standalone_exact_mw,503ee55b5ad1b1988379a241a0405811522ee4d50b473755532ad1299cb121e2,"{""distance"":5,""physical_error_rate"":0.0005}","{""detection_events"":17417,""detectors_checked"":8257536}"
     11264,         0,         0,   0.456,standalone_exact_mw,503ee55b5ad1b1988379a241a0405811522ee4d50b473755532ad1299cb121e2,"{""distance"":5,""physical_error_rate"":0.0005}","{""detection_events"":5266,""detectors_checked"":2523136}"
      2048,         0,         0,   0.090,standalone_exact_mw,503ee55b5ad1b1988379a241a0405811522ee4d50b473755532ad1299cb121e2,"{""distance"":5,""physical_error_rate"":0.0005}","{""detection_events"":923,""detectors_checked"":458752}"
      1024,         0,         0,   0.034,standalone_exact_mw,503ee55b5ad1b1988379a241a0405811522ee4d50b473755532ad1299cb121e2,"{""distance"":5,""physical_error_rate"":0.0005}","{""detection_events"":507,""detectors_checked"":229376}"
      6144,         0,         0,   0.210,standalone_exact_mw,503ee55b5ad1b1988379a241a0405811522ee4d50b473755532ad1299cb121e2,"{""distance"":5,""physical_error_rate"":0.0005}","{""detection_events"":2951,""detectors_checked"":1376256}"
     27648,         0,         0,    1.12,standalone_exact_mw,503ee55b5ad1b1988379a241a0405811522ee4d50b473755532ad1299cb121e2,"{""distance"":5,""physical_error_rate"":0.0005}","{""detection_events"":12898,""detectors_checked"":6193152}"
      8192,         0,         0,   0.293,standalone_exact_mw,503ee55b5ad1b1988379a241a0405811522ee4d50b473755532ad1299cb121e2,"{""distance"":5,""physical_error_rate"":0.0005}","{""detection_events"":3888,""detectors_checked"":1835008}"
      2048,         0,         0,   0.109,standalone_exact_mw,503ee55b5ad1b1988379a241a0405811522ee4d50b473755532ad1299cb121e2,"{""distance"":5,""physical_error_rate"":0.0005}","{""detection_events"":930,""detectors_checked"":458752}"
      5120,         0,         0,   0.224,standalone_exact_mw,503ee55b5ad1b1988379a241a0405811522ee4d50b473755532ad1299cb121e2,"{""distance"":5,""physical_error_rate"":0.0005}","{""detection_events"":2276,""detectors_checked"":1146880}"
     21504,         0,         0,   0.780,standalone_exact_mw,503ee55b5ad1b1988379a241a0405811522ee4d50b473755532ad1299cb121e2,"{""distance"":5,""physical_error_rate"":0.0005}","{""detection_events"":10123,""detectors_checked"":4816896}"
      1024,         0,         0,   0.055,standalone_exact_mw,503ee55b5ad1b1988379a241a0405811522ee4d50b473755532ad1299cb121e2,"{""distance"":5,""physical_error_rate"":0.0005}","{""detection_events"":519,""detectors_checked"":229376}"
      2048,         0,         0,   0.093,standalone_exact_mw,503ee55b5ad1b1988379a241a0405811522ee4d50b473755532ad1299cb121e2,"{""distance"":5,""physical_error_rate"":0.0005}","{""detection_events"":901,""detectors_checked"":458752}"
     15360,         0,         0,   0.566,standalone_exact_mw,503ee55b5ad1b1988379a241a0405811522ee4d50b473755532ad1299cb121e2,"{""distance"":5,""physical_error_rate"":0.0005}","{""detection_events"":7293,""detectors_checked"":3440640}"
     15360,         0,         0,   0.567,standalone_exact_mw,503ee55b5ad1b1988379a241a0405811522ee4d50b473755532ad1299cb121e2,"{""distance"":5,""physical_error_rate"":0.0005}","{""detection_events"":7020,""detectors_checked"":3440640}"
     15360,         0,         0,   0.569,standalone_exact_mw,503ee55b5ad1b1988379a241a0405811522ee4d50b473755532ad1299cb121e2,"{""distance"":5,""physical_error_rate"":0.0005}","{""detection_events"":7139,""detectors_checked"":3440640}"
     19456,         0,         0,   0.799,standalone_exact_mw,503ee55b5ad1b1988379a241a0405811522ee4d50b473755532ad1299cb121e2,"{""distance"":5,""physical_error_rate"":0.0005}","{""detection_events"":9147,""detectors_checked"":4358144}"
      3072,         0,         0,   0.102,standalone_exact_mw,503ee55b5ad1b1988379a241a0405811522ee4d50b473755532ad1299cb121e2,"{""distance"":5,""physical_error_rate"":0.0005}","{""detection_events"":1353,""detectors_checked"":688128}"
     15360,         0,         0,   0.550,standalone_exact_mw,503ee55b5ad1b1988379a241a0405811522ee4d50b473755532ad1299cb121e2,"{""distance"":5,""physical_error_rate"":0.0005}","{""detection_events"":6922,""detectors_checked"":3440640}"
      2048,         0,         0,   0.134,standalone_exact_mw,503ee55b5ad1b1988379a241a0405811522ee4d50b473755532ad1299cb121e2,"{""distance"":5,""physical_error_rate"":0.0005}","{""detection_events"":976,""detectors_checked"":458752}"
      3072,         0,         0,   0.112,standalone_exact_mw,503ee55b5ad1b1988379a241a0405811522ee4d50b473755532ad1299cb121e2,"{""distance"":5,""physical_error_rate"":0.0005}","{""detection_events"":1404,""detectors_checked"":688128}"
     14336,         0,         0,   0.575,standalone_exact_mw,503ee55b5ad1b1988379a241a0405811522ee4d50b473755532ad1299cb121e2,"{""distance"":5,""physical_error_rate"":0.0005}","{""detection_events"":6808,""detectors_checked"":3211264}"
     21504,         0,         0,   0.798,standalone_exact_mw,503ee55b5ad1b1988379a241a0405811522ee4d50b473755532ad1299cb121e2,"{""distance"":5,""physical_error_rate"":0.0005}","{""detection_events"":10172,""detectors_checked"":4816896}"
     22528,         0,         0,   0.794,standalone_exact_mw,503ee55b5ad1b1988379a241a0405811522ee4d50b473755532ad1299cb121e2,"{""distance"":5,""physical_error_rate"":0.0005}","{""detection_events"":10314,""detectors_checked"":5046272}"
      6144,         0,         0,   0.271,standalone_exact_mw,503ee55b5ad1b1988379a241a0405811522ee4d50b473755532ad1299cb121e2,"{""distance"":5,""physical_error_rate"":0.0005}","{""detection_events"":3045,""detectors_checked"":1376256}"
      3072,         0,         0,   0.141,standalone_exact_mw,503ee55b5ad1b1988379a241a0405811522ee4d50b473755532ad1299cb121e2,"{""distance"":5,""physical_error_rate"":0.0005}","{""detection_events"":1423,""detectors_checked"":688128}"
      8192,         0,         0,   0.301,standalone_exact_mw,503ee55b5ad1b1988379a241a0405811522ee4d50b473755532ad1299cb121e2,"{""distance"":5,""physical_error_rate"":0.0005}","{""detection_events"":3718,""detectors_checked"":1835008}"
      5120,         0,         0,   0.187,standalone_exact_mw,503ee55b5ad1b1988379a241a0405811522ee4d50b473755532ad1299cb121e2,"{""distance"":5,""physical_error_rate"":0.0005}","{""detection_events"":2294,""detectors_checked"":1146880}"
     11264,         0,         0,   0.376,standalone_exact_mw,503ee55b5ad1b1988379a241a0405811522ee4d50b473755532ad1299cb121e2,"{""distance"":5,""physical_error_rate"":0.0005}","{""detection_events"":5251,""detectors_checked"":2523136}"
      4096,         0,         0,   0.135,standalone_exact_mw,503ee55b5ad1b1988379a241a0405811522ee4d50b473755532ad1299cb121e2,"{""distance"":5,""physical_error_rate"":0.0005}","{""detection_events"":1967,""detectors_checked"":917504}"
    382976,         0,         0,    22.9,standalone_exact_mw,503ee55b5ad1b1988379a241a0405811522ee4d50b473755532ad1299cb121e2,"{""distance"":5,""physical_error_rate"":0.0005}","{""detection_events"":178621,""detectors_checked"":85786624}"
       273,         0,         0,   0.005,standalone_exact_mw,503ee55b5ad1b1988379a241a0405811522ee4d50b473755532ad1299cb121e2,"{""distance"":5,""physical_error_rate"":0.0005}","{""detection_events"":125,""detectors_checked"":61152}"
     11264,         0,         0,   0.405,standalone_exact_mw,503ee55b5ad1b1988379a241a0405811522ee4d50b473755532ad1299cb121e2,"{""distance"":5,""physical_error_rate"":0.0005}","{""detection_events"":5083,""detectors_checked"":2523136}"
      1024,         0,         0,   0.031,standalone_exact_mw,503ee55b5ad1b1988379a241a0405811522ee4d50b473755532ad1299cb121e2,"{""distance"":5,""physical_error_rate"":0.0005}","{""detection_events"":431,""detectors_checked"":229376}"
      3072,         0,         0,   0.142,standalone_exact_mw,503ee55b5ad1b1988379a241a0405811522ee4d50b473755532ad1299cb121e2,"{""distance"":5,""physical_error_rate"":0.0005}","{""detection_events"":1331,""detectors_checked"":688128}"
      1024,         0,         0,   0.031,standalone_exact_mw,503ee55b5ad1b1988379a241a0405811522ee4d50b473755532ad1299cb121e2,"{""distance"":5,""physical_error_rate"":0.0005}","{""detection_events"":500,""detectors_checked"":229376}"
     21504,         0,         0,   0.807,standalone_exact_mw,503ee55b5ad1b1988379a241a0405811522ee4d50b473755532ad1299cb121e2,"{""distance"":5,""physical_error_rate"":0.0005}","{""detection_events"":10273,""detectors_checked"":4816896}"
      9216,         0,         0,   0.559,standalone_exact_mw,503ee55b5ad1b1988379a241a0405811522ee4d50b473755532ad1299cb121e2,"{""distance"":5,""physical_error_rate"":0.0005}","{""detection_events"":4080,""detectors_checked"":2064384}"
      1024,         0,         0,   0.031,standalone_exact_mw,503ee55b5ad1b1988379a241a0405811522ee4d50b473755532ad1299cb121e2,"{""distance"":5,""physical_error_rate"":0.0005}","{""detection_events"":501,""detectors_checked"":229376}"
      5120,         0,         0,   0.210,standalone_exact_mw,503ee55b5ad1b1988379a241a0405811522ee4d50b473755532ad1299cb121e2,"{""distance"":5,""physical_error_rate"":0.0005}","{""detection_events"":2385,""detectors_checked"":1146880}"
      1024,         0,         0,   0.022,standalone_exact_mw,503ee55b5ad1b1988379a241a0405811522ee4d50b473755532ad1299cb121e2,"{""distance"":5,""physical_error_rate"":0.0005}","{""detection_events"":476,""detectors_checked"":229376}"
    578560,         0,         0,    22.8,standalone_exact_mw,503ee55b5ad1b1988379a241a0405811522ee4d50b473755532ad1299cb121e2,"{""distance"":5,""physical_error_rate"":0.0005}","{""detection_events"":267694,""detectors_checked"":129597440}"
      6144,         0,         0,   0.227,standalone_exact_mw,503ee55b5ad1b1988379a241a0405811522ee4d50b473755532ad1299cb121e2,"{""distance"":5,""physical_error_rate"":0.0005}","{""detection_events"":2774,""detectors_checked"":1376256}"
      2048,         0,         0,   0.061,standalone_exact_mw,503ee55b5ad1b1988379a241a0405811522ee4d50b473755532ad1299cb121e2,"{""distance"":5,""physical_error_rate"":0.0005}","{""detection_events"":976,""detectors_checked"":458752}"
      4096,         0,         0,   0.212,standalone_exact_mw,503ee55b5ad1b1988379a241a0405811522ee4d50b473755532ad1299cb121e2,"{""distance"":5,""physical_error_rate"":0.0005}","{""detection_events"":1902,""detectors_checked"":917504}"
     10240,         0,         0,   0.416,standalone_exact_mw,503ee55b5ad1b1988379a241a0405811522ee4d50b473755532ad1299cb121e2,"{""distance"":5,""physical_error_rate"":0.0005}","{""detection_events"":4808,""detectors_checked"":2293760}"
     11264,         0,         0,   0.403,standalone_exact_mw,503ee55b5ad1b1988379a241a0405811522ee4d50b473755532ad1299cb121e2,"{""distance"":5,""physical_error_rate"":0.0005}","{""detection_events"":5038,""detectors_checked"":2523136}"
      2048,         0,         0,   0.076,standalone_exact_mw,503ee55b5ad1b1988379a241a0405811522ee4d50b473755532ad1299cb121e2,"{""distance"":5,""physical_error_rate"":0.0005}","{""detection_events"":1011,""detectors_checked"":458752}"
      3072,         0,         0,   0.109,standalone_exact_mw,503ee55b5ad1b1988379a241a0405811522ee4d50b473755532ad1299cb121e2,"{""distance"":5,""physical_error_rate"":0.0005}","{""detection_events"":1311,""detectors_checked"":688128}"
      8192,         0,         0,   0.298,standalone_exact_mw,503ee55b5ad1b1988379a241a0405811522ee4d50b473755532ad1299cb121e2,"{""distance"":5,""physical_error_rate"":0.0005}","{""detection_events"":3508,""detectors_checked"":1835008}"
      8192,         0,         0,   0.324,standalone_exact_mw,503ee55b5ad1b1988379a241a0405811522ee4d50b473755532ad1299cb121e2,"{""distance"":5,""physical_error_rate"":0.0005}","{""detection_events"":3892,""detectors_checked"":1835008}"
     21504,         0,         0,   0.800,standalone_exact_mw,503ee55b5ad1b1988379a241a0405811522ee4d50b473755532ad1299cb121e2,"{""distance"":5,""physical_error_rate"":0.0005}","{""detection_events"":9809,""detectors_checked"":4816896}"
     20480,         0,         0,   0.813,standalone_exact_mw,503ee55b5ad1b1988379a241a0405811522ee4d50b473755532ad1299cb121e2,"{""distance"":5,""physical_error_rate"":0.0005}","{""detection_events"":9702,""detectors_checked"":4587520}"
     15360,         0,         0,   0.552,standalone_exact_mw,503ee55b5ad1b1988379a241a0405811522ee4d50b473755532ad1299cb121e2,"{""distance"":5,""physical_error_rate"":0.0005}","{""detection_events"":7155,""detectors_checked"":3440640}"
     21504,         0,         0,   0.811,standalone_exact_mw,503ee55b5ad1b1988379a241a0405811522ee4d50b473755532ad1299cb121e2,"{""distance"":5,""physical_error_rate"":0.0005}","{""detection_events"":10370,""detectors_checked"":4816896}"
     20480,         0,         0,   0.797,standalone_exact_mw,503ee55b5ad1b1988379a241a0405811522ee4d50b473755532ad1299cb121e2,"{""distance"":5,""physical_error_rate"":0.0005}","{""detection_events"":9903,""detectors_checked"":4587520}"
      6144,         0,         0,   0.313,standalone_exact_mw,503ee55b5ad1b1988379a241a0405811522ee4d50b473755532ad1299cb121e2,"{""distance"":5,""physical_error_rate"":0.0005}","{""detection_events"":3000,""detectors_checked"":1376256}"
      4096,         0,         0,   0.154,standalone_exact_mw,503ee55b5ad1b1988379a241a0405811522ee4d50b473755532ad1299cb121e2,"{""distance"":5,""physical_error_rate"":0.0005}","{""detection_events"":2031,""detectors_checked"":917504}"
     18432,         0,         0,   0.784,standalone_exact_mw,503ee55b5ad1b1988379a241a0405811522ee4d50b473755532ad1299cb121e2,"{""distance"":5,""physical_error_rate"":0.0005}","{""detection_events"":8853,""detectors_checked"":4128768}"
     15360,         0,         0,   0.571,standalone_exact_mw,503ee55b5ad1b1988379a241a0405811522ee4d50b473755532ad1299cb121e2,"{""distance"":5,""physical_error_rate"":0.0005}","{""detection_events"":7118,""detectors_checked"":3440640}"
     29696,         0,         0,    1.13,standalone_exact_mw,503ee55b5ad1b1988379a241a0405811522ee4d50b473755532ad1299cb121e2,"{""distance"":5,""physical_error_rate"":0.0005}","{""detection_events"":14202,""detectors_checked"":6651904}"
      6144,         0,         0,   0.219,standalone_exact_mw,503ee55b5ad1b1988379a241a0405811522ee4d50b473755532ad1299cb121e2,"{""distance"":5,""physical_error_rate"":0.0005}","{""detection_events"":2980,""detectors_checked"":1376256}"
     26624,         0,         0,    1.10,standalone_exact_mw,503ee55b5ad1b1988379a241a0405811522ee4d50b473755532ad1299cb121e2,"{""distance"":5,""physical_error_rate"":0.0005}","{""detection_events"":12493,""detectors_checked"":5963776}"
     11264,         0,         0,   0.409,standalone_exact_mw,503ee55b5ad1b1988379a241a0405811522ee4d50b473755532ad1299cb121e2,"{""distance"":5,""physical_error_rate"":0.0005}","{""detection_events"":5162,""detectors_checked"":2523136}"
     16384,         0,         0,   0.592,standalone_exact_mw,503ee55b5ad1b1988379a241a0405811522ee4d50b473755532ad1299cb121e2,"{""distance"":5,""physical_error_rate"":0.0005}","{""detection_events"":7382,""detectors_checked"":3670016}"
     16384,         0,         0,   0.582,standalone_exact_mw,503ee55b5ad1b1988379a241a0405811522ee4d50b473755532ad1299cb121e2,"{""distance"":5,""physical_error_rate"":0.0005}","{""detection_events"":7852,""detectors_checked"":3670016}"
     12288,         0,         0,   0.429,standalone_exact_mw,503ee55b5ad1b1988379a241a0405811522ee4d50b473755532ad1299cb121e2,"{""distance"":5,""physical_error_rate"":0.0005}","{""detection_events"":5855,""detectors_checked"":2752512}"
     16384,         0,         0,   0.812,standalone_exact_mw,503ee55b5ad1b1988379a241a0405811522ee4d50b473755532ad1299cb121e2,"{""distance"":5,""physical_error_rate"":0.0005}","{""detection_events"":7672,""detectors_checked"":3670016}"
     30720,         0,         0,    1.11,standalone_exact_mw,503ee55b5ad1b1988379a241a0405811522ee4d50b473755532ad1299cb121e2,"{""distance"":5,""physical_error_rate"":0.0005}","{""detection_events"":14334,""detectors_checked"":6881280}"
     24576,         0,         0,    1.10,standalone_exact_mw,503ee55b5ad1b1988379a241a0405811522ee4d50b473755532ad1299cb121e2,"{""distance"":5,""physical_error_rate"":0.0005}","{""detection_events"":11432,""detectors_checked"":5505024}"
      8192,         0,         0,   0.410,standalone_exact_mw,503ee55b5ad1b1988379a241a0405811522ee4d50b473755532ad1299cb121e2,"{""distance"":5,""physical_error_rate"":0.0005}","{""detection_events"":3806,""detectors_checked"":1835008}"
      8192,         0,         0,   0.290,standalone_exact_mw,503ee55b5ad1b1988379a241a0405811522ee4d50b473755532ad1299cb121e2,"{""distance"":5,""physical_error_rate"":0.0005}","{""detection_events"":3814,""detectors_checked"":1835008}"
     38912,         0,         0,    1.61,standalone_exact_mw,503ee55b5ad1b1988379a241a0405811522ee4d50b473755532ad1299cb121e2,"{""distance"":5,""physical_error_rate"":0.0005}","{""detection_events"":18489,""detectors_checked"":8716288}"
     38912,         0,         0,    1.55,standalone_exact_mw,503ee55b5ad1b1988379a241a0405811522ee4d50b473755532ad1299cb121e2,"{""distance"":5,""physical_error_rate"":0.0005}","{""detection_events"":18581,""detectors_checked"":8716288}"
    462848,         1,         0,    22.9,standalone_exact_mw,503ee55b5ad1b1988379a241a0405811522ee4d50b473755532ad1299cb121e2,"{""distance"":5,""physical_error_rate"":0.0005}","{""detection_events"":215612,""detectors_checked"":103677952,""obs_mistake_mask=E"":1}"
     22528,         0,         0,    1.12,standalone_exact_mw,503ee55b5ad1b1988379a241a0405811522ee4d50b473755532ad1299cb121e2,"{""distance"":5,""physical_error_rate"":0.0005}","{""detection_events"":10515,""detectors_checked"":5046272}"
       273,         0,         0,   0.020,standalone_exact_mw,503ee55b5ad1b1988379a241a0405811522ee4d50b473755532ad1299cb121e2,"{""distance"":5,""physical_error_rate"":0.0005}","{""detection_events"":111,""detectors_checked"":61152}"
      1024,         0,         0,   0.060,standalone_exact_mw,503ee55b5ad1b1988379a241a0405811522ee4d50b473755532ad1299cb121e2,"{""distance"":5,""physical_error_rate"":0.0005}","{""detection_events"":454,""detectors_checked"":229376}"
     22528,         0,         0,   0.837,standalone_exact_mw,503ee55b5ad1b1988379a241a0405811522ee4d50b473755532ad1299cb121e2,"{""distance"":5,""physical_error_rate"":0.0005}","{""detection_events"":10527,""detectors_checked"":5046272}"
      1024,         0,         0,   0.057,standalone_exact_mw,503ee55b5ad1b1988379a241a0405811522ee4d50b473755532ad1299cb121e2,"{""distance"":5,""physical_error_rate"":0.0005}","{""detection_events"":593,""detectors_checked"":229376}"
     21504,         0,         0,   0.782,standalone_exact_mw,503ee55b5ad1b1988379a241a0405811522ee4d50b473755532ad1299cb121e2,"{""distance"":5,""physical_error_rate"":0.0005}","{""detection_events"":10040,""detectors_checked"":4816896}"
      1024,         0,         0,   0.055,standalone_exact_mw,503ee55b5ad1b1988379a241a0405811522ee4d50b473755532ad1299cb121e2,"{""distance"":5,""physical_error_rate"":0.0005}","{""detection_events"":441,""detectors_checked"":229376}"
     15360,         0,         0,   0.566,standalone_exact_mw,503ee55b5ad1b1988379a241a0405811522ee4d50b473755532ad1299cb121e2,"{""distance"":5,""physical_error_rate"":0.0005}","{""detection_events"":7333,""detectors_checked"":3440640}"
     15360,         0,         0,   0.577,standalone_exact_mw,503ee55b5ad1b1988379a241a0405811522ee4d50b473755532ad1299cb121e2,"{""distance"":5,""physical_error_rate"":0.0005}","{""detection_events"":7163,""detectors_checked"":3440640}"
      2048,         0,         0,   0.083,standalone_exact_mw,503ee55b5ad1b1988379a241a0405811522ee4d50b473755532ad1299cb121e2,"{""distance"":5,""physical_error_rate"":0.0005}","{""detection_events"":910,""detectors_checked"":458752}"
     11264,         0,         0,   0.414,standalone_exact_mw,503ee55b5ad1b1988379a241a0405811522ee4d50b473755532ad1299cb121e2,"{""distance"":5,""physical_error_rate"":0.0005}","{""detection_events"":5075,""detectors_checked"":2523136}"
      1024,         0,         0,   0.055,standalone_exact_mw,503ee55b5ad1b1988379a241a0405811522ee4d50b473755532ad1299cb121e2,"{""distance"":5,""physical_error_rate"":0.0005}","{""detection_events"":443,""detectors_checked"":229376}"
     30720,         0,         0,    1.13,standalone_exact_mw,503ee55b5ad1b1988379a241a0405811522ee4d50b473755532ad1299cb121e2,"{""distance"":5,""physical_error_rate"":0.0005}","{""detection_events"":14355,""detectors_checked"":6881280}"
     22528,         0,         0,    1.14,standalone_exact_mw,503ee55b5ad1b1988379a241a0405811522ee4d50b473755532ad1299cb121e2,"{""distance"":5,""physical_error_rate"":0.0005}","{""detection_events"":10484,""detectors_checked"":5046272}"
     12288,         0,         0,   0.617,standalone_exact_mw,503ee55b5ad1b1988379a241a0405811522ee4d50b473755532ad1299cb121e2,"{""distance"":5,""physical_error_rate"":0.0005}","{""detection_events"":5649,""detectors_checked"":2752512}"
     29696,         0,         0,    1.13,standalone_exact_mw,503ee55b5ad1b1988379a241a0405811522ee4d50b473755532ad1299cb121e2,"{""distance"":5,""physical_error_rate"":0.0005}","{""detection_events"":13707,""detectors_checked"":6651904}"
     29696,         0,         0,    1.14,standalone_exact_mw,503ee55b5ad1b1988379a241a0405811522ee4d50b473755532ad1299cb121e2,"{""distance"":5,""physical_error_rate"":0.0005}","{""detection_events"":14143,""detectors_checked"":6651904}"
      2048,         0,         0,   0.102,standalone_exact_mw,503ee55b5ad1b1988379a241a0405811522ee4d50b473755532ad1299cb121e2,"{""distance"":5,""physical_error_rate"":0.0005}","{""detection_events"":810,""detectors_checked"":458752}"
     21504,         0,         0,   0.795,standalone_exact_mw,503ee55b5ad1b1988379a241a0405811522ee4d50b473755532ad1299cb121e2,"{""distance"":5,""physical_error_rate"":0.0005}","{""detection_events"":10232,""detectors_checked"":4816896}"
     21504,         0,         0,   0.791,standalone_exact_mw,503ee55b5ad1b1988379a241a0405811522ee4d50b473755532ad1299cb121e2,"{""distance"":5,""physical_error_rate"":0.0005}","{""detection_events"":9940,""detectors_checked"":4816896}"
     22528,         0,         0,    1.12,standalone_exact_mw,503ee55b5ad1b1988379a241a0405811522ee4d50b473755532ad1299cb121e2,"{""distance"":5,""physical_error_rate"":0.0005}","{""detection_events"":10673,""detectors_checked"":5046272}"
      3072,         0,         0,   0.144,standalone_exact_mw,503ee55b5ad1b1988379a241a0405811522ee4d50b473755532ad1299cb121e2,"{""distance"":5,""physical_error_rate"":0.0005}","{""detection_events"":1444,""detectors_checked"":688128}"
       273,         0,         0,   0.005,standalone_exact_mw,503ee55b5ad1b1988379a241a0405811522ee4d50b473755532ad1299cb121e2,"{""distance"":5,""physical_error_rate"":0.0005}","{""detection_events"":182,""detectors_checked"":61152}"
      4096,         0,         0,   0.160,standalone_exact_mw,503ee55b5ad1b1988379a241a0405811522ee4d50b473755532ad1299cb121e2,"{""distance"":5,""physical_error_rate"":0.0005}","{""detection_events"":1737,""detectors_checked"":917504}"
      1024,         0,         0,   0.031,standalone_exact_mw,503ee55b5ad1b1988379a241a0405811522ee4d50b473755532ad1299cb121e2,"{""distance"":5,""physical_error_rate"":0.0005}","{""detection_events"":447,""detectors_checked"":229376}"
       273,         0,         0,   0.032,standalone_exact_mw,503ee55b5ad1b1988379a241a0405811522ee4d50b473755532ad1299cb121e2,"{""distance"":5,""physical_error_rate"":0.0005}","{""detection_events"":167,""detectors_checked"":61152}"
     22528,         0,         0,    1.11,standalone_exact_mw,503ee55b5ad1b1988379a241a0405811522ee4d50b473755532ad1299cb121e2,"{""distance"":5,""physical_error_rate"":0.0005}","{""detection_events"":10552,""detectors_checked"":5046272}"
      1024,         0,         0,   0.054,standalone_exact_mw,503ee55b5ad1b1988379a241a0405811522ee4d50b473755532ad1299cb121e2,"{""distance"":5,""physical_error_rate"":0.0005}","{""detection_events"":437,""detectors_checked"":229376}"
      1024,         0,         0,   0.033,standalone_exact_mw,503ee55b5ad1b1988379a241a0405811522ee4d50b473755532ad1299cb121e2,"{""distance"":5,""physical_error_rate"":0.0005}","{""detection_events"":445,""detectors_checked"":229376}"
      1024,         0,         0,   0.063,standalone_exact_mw,503ee55b5ad1b1988379a241a0405811522ee4d50b473755532ad1299cb121e2,"{""distance"":5,""physical_error_rate"":0.0005}","{""detection_events"":475,""detectors_checked"":229376}"
      1297,         0,         0,   0.092,standalone_exact_mw,503ee55b5ad1b1988379a241a0405811522ee4d50b473755532ad1299cb121e2,"{""distance"":5,""physical_error_rate"":0.0005}","{""detection_events"":565,""detectors_checked"":290528}"
     14336,         0,         0,   0.590,standalone_exact_mw,503ee55b5ad1b1988379a241a0405811522ee4d50b473755532ad1299cb121e2,"{""distance"":5,""physical_error_rate"":0.0005}","{""detection_events"":6748,""detectors_checked"":3211264}"
      1024,         0,         0,   0.045,standalone_exact_mw,503ee55b5ad1b1988379a241a0405811522ee4d50b473755532ad1299cb121e2,"{""distance"":5,""physical_error_rate"":0.0005}","{""detection_events"":393,""detectors_checked"":229376}"
      1024,         0,         0,   0.078,standalone_exact_mw,503ee55b5ad1b1988379a241a0405811522ee4d50b473755532ad1299cb121e2,"{""distance"":5,""physical_error_rate"":0.0005}","{""detection_events"":519,""detectors_checked"":229376}"
      1024,         0,         0,   0.081,standalone_exact_mw,503ee55b5ad1b1988379a241a0405811522ee4d50b473755532ad1299cb121e2,"{""distance"":5,""physical_error_rate"":0.0005}","{""detection_events"":487,""detectors_checked"":229376}"
      5120,         0,         0,   0.231,standalone_exact_mw,503ee55b5ad1b1988379a241a0405811522ee4d50b473755532ad1299cb121e2,"{""distance"":5,""physical_error_rate"":0.0005}","{""detection_events"":2408,""detectors_checked"":1146880}"
      2048,         0,         0,   0.077,standalone_exact_mw,503ee55b5ad1b1988379a241a0405811522ee4d50b473755532ad1299cb121e2,"{""distance"":5,""physical_error_rate"":0.0005}","{""detection_events"":878,""detectors_checked"":458752}"
     21504,         0,         0,   0.780,standalone_exact_mw,503ee55b5ad1b1988379a241a0405811522ee4d50b473755532ad1299cb121e2,"{""distance"":5,""physical_error_rate"":0.0005}","{""detection_events"":10116,""detectors_checked"":4816896}"
      1024,         0,         0,   0.059,standalone_exact_mw,503ee55b5ad1b1988379a241a0405811522ee4d50b473755532ad1299cb121e2,"{""distance"":5,""physical_error_rate"":0.0005}","{""detection_events"":450,""detectors_checked"":229376}"
      1024,         0,         0,   0.078,standalone_exact_mw,503ee55b5ad1b1988379a241a0405811522ee4d50b473755532ad1299cb121e2,"{""distance"":5,""physical_error_rate"":0.0005}","{""detection_events"":477,""detectors_checked"":229376}"
     39936,         0,         0,    1.55,standalone_exact_mw,503ee55b5ad1b1988379a241a0405811522ee4d50b473755532ad1299cb121e2,"{""distance"":5,""physical_error_rate"":0.0005}","{""detection_events"":18321,""detectors_checked"":8945664}"
     20480,         0,         0,   0.808,standalone_exact_mw,503ee55b5ad1b1988379a241a0405811522ee4d50b473755532ad1299cb121e2,"{""distance"":5,""physical_error_rate"":0.0005}","{""detection_events"":9415,""detectors_checked"":4587520}"
      2048,         0,         0,   0.080,standalone_exact_mw,503ee55b5ad1b1988379a241a0405811522ee4d50b473755532ad1299cb121e2,"{""distance"":5,""physical_error_rate"":0.0005}","{""detection_events"":895,""detectors_checked"":458752}"
      1024,         0,         0,   0.122,standalone_exact_mw,503ee55b5ad1b1988379a241a0405811522ee4d50b473755532ad1299cb121e2,"{""distance"":5,""physical_error_rate"":0.0005}","{""detection_events"":420,""detectors_checked"":229376}"
      1024,         0,         0,   0.117,standalone_exact_mw,503ee55b5ad1b1988379a241a0405811522ee4d50b473755532ad1299cb121e2,"{""distance"":5,""physical_error_rate"":0.0005}","{""detection_events"":545,""detectors_checked"":229376}"
     30720,         0,         0,    1.60,standalone_exact_mw,503ee55b5ad1b1988379a241a0405811522ee4d50b473755532ad1299cb121e2,"{""distance"":5,""physical_error_rate"":0.0005}","{""detection_events"":14131,""detectors_checked"":6881280}"
      3072,         0,         0,   0.094,standalone_exact_mw,503ee55b5ad1b1988379a241a0405811522ee4d50b473755532ad1299cb121e2,"{""distance"":5,""physical_error_rate"":0.0005}","{""detection_events"":1558,""detectors_checked"":688128}"
         1,         0,         0,   0.000,standalone_exact_mw,503ee55b5ad1b1988379a241a0405811522ee4d50b473755532ad1299cb121e2,"{""distance"":5,""physical_error_rate"":0.0005}","{""detectors_checked"":224}"
     20480,         0,         0,   0.812,standalone_exact_mw,503ee55b5ad1b1988379a241a0405811522ee4d50b473755532ad1299cb121e2,"{""distance"":5,""physical_error_rate"":0.0005}","{""detection_events"":9376,""detectors_checked"":4587520}"
     29696,         0,         0,    1.11,standalone_exact_mw,503ee55b5ad1b1988379a241a0405811522ee4d50b473755532ad1299cb121e2,"{""distance"":5,""physical_error_rate"":0.0005}","{""detection_events"":13479,""detectors_checked"":6651904}"
      1024,         0,         0,   0.092,standalone_exact_mw,503ee55b5ad1b1988379a241a0405811522ee4d50b473755532ad1299cb121e2,"{""distance"":5,""physical_error_rate"":0.0005}","{""detection_events"":422,""detectors_checked"":229376}"
      1024,         0,         0,   0.096,standalone_exact_mw,503ee55b5ad1b1988379a241a0405811522ee4d50b473755532ad1299cb121e2,"{""distance"":5,""physical_error_rate"":0.0005}","{""detection_events"":420,""detectors_checked"":229376}"
      1296,         0,         0,   0.044,standalone_exact_mw,503ee55b5ad1b1988379a241a0405811522ee4d50b473755532ad1299cb121e2,"{""distance"":5,""physical_error_rate"":0.0005}","{""detection_events"":564,""detectors_checked"":290304}"
     40960,         0,         0,    1.55,standalone_exact_mw,503ee55b5ad1b1988379a241a0405811522ee4d50b473755532ad1299cb121e2,"{""distance"":5,""physical_error_rate"":0.0005}","{""detection_events"":18803,""detectors_checked"":9175040}"
      8192,         0,         0,   0.297,standalone_exact_mw,503ee55b5ad1b1988379a241a0405811522ee4d50b473755532ad1299cb121e2,"{""distance"":5,""physical_error_rate"":0.0005}","{""detection_events"":3866,""detectors_checked"":1835008}"
      1024,         0,         0,   0.030,standalone_exact_mw,503ee55b5ad1b1988379a241a0405811522ee4d50b473755532ad1299cb121e2,"{""distance"":5,""physical_error_rate"":0.0005}","{""detection_events"":410,""detectors_checked"":229376}"
     28672,         0,         0,    1.10,standalone_exact_mw,503ee55b5ad1b1988379a241a0405811522ee4d50b473755532ad1299cb121e2,"{""distance"":5,""physical_error_rate"":0.0005}","{""detection_events"":13436,""detectors_checked"":6422528}"
      1024,         0,         0,   0.097,standalone_exact_mw,503ee55b5ad1b1988379a241a0405811522ee4d50b473755532ad1299cb121e2,"{""distance"":5,""physical_error_rate"":0.0005}","{""detection_events"":535,""detectors_checked"":229376}"
    443392,         0,         0,    22.9,standalone_exact_mw,503ee55b5ad1b1988379a241a0405811522ee4d50b473755532ad1299cb121e2,"{""distance"":5,""physical_error_rate"":0.0005}","{""detection_events"":206795,""detectors_checked"":99319808}"
      1024,         0,         0,   0.031,standalone_exact_mw,503ee55b5ad1b1988379a241a0405811522ee4d50b473755532ad1299cb121e2,"{""distance"":5,""physical_error_rate"":0.0005}","{""detection_events"":475,""detectors_checked"":229376}"
      1024,         0,         0,   0.097,standalone_exact_mw,503ee55b5ad1b1988379a241a0405811522ee4d50b473755532ad1299cb121e2,"{""distance"":5,""physical_error_rate"":0.0005}","{""detection_events"":482,""detectors_checked"":229376}"
     31744,         0,         0,    1.59,standalone_exact_mw,503ee55b5ad1b1988379a241a0405811522ee4d50b473755532ad1299cb121e2,"{""distance"":5,""physical_error_rate"":0.0005}","{""detection_events"":14709,""detectors_checked"":7110656}"
      4096,         0,         0,   0.143,standalone_exact_mw,503ee55b5ad1b1988379a241a0405811522ee4d50b473755532ad1299cb121e2,"{""distance"":5,""physical_error_rate"":0.0005}","{""detection_events"":1809,""detectors_checked"":917504}"
      2048,         0,         0,   0.079,standalone_exact_mw,503ee55b5ad1b1988379a241a0405811522ee4d50b473755532ad1299cb121e2,"{""distance"":5,""physical_error_rate"":0.0005}","{""detection_events"":899,""detectors_checked"":458752}"
      1024,         0,         0,   0.098,standalone_exact_mw,503ee55b5ad1b1988379a241a0405811522ee4d50b473755532ad1299cb121e2,"{""distance"":5,""physical_error_rate"":0.0005}","{""detection_events"":469,""detectors_checked"":229376}"
      2048,         0,         0,   0.092,standalone_exact_mw,503ee55b5ad1b1988379a241a0405811522ee4d50b473755532ad1299cb121e2,"{""distance"":5,""physical_error_rate"":0.0005}","{""detection_events"":902,""detectors_checked"":458752}"
      2048,         0,         0,   0.193,standalone_exact_mw,503ee55b5ad1b1988379a241a0405811522ee4d50b473755532ad1299cb121e2,"{""distance"":5,""physical_error_rate"":0.0005}","{""detection_events"":938,""detectors_checked"":458752}"
      1024,         0,         0,   0.117,standalone_exact_mw,503ee55b5ad1b1988379a241a0405811522ee4d50b473755532ad1299cb121e2,"{""distance"":5,""physical_error_rate"":0.0005}","{""detection_events"":553,""detectors_checked"":229376}"
      5120,         0,         0,   0.208,standalone_exact_mw,503ee55b5ad1b1988379a241a0405811522ee4d50b473755532ad1299cb121e2,"{""distance"":5,""physical_error_rate"":0.0005}","{""detection_events"":2434,""detectors_checked"":1146880}"
     27648,         0,         0,    1.09,standalone_exact_mw,503ee55b5ad1b1988379a241a0405811522ee4d50b473755532ad1299cb121e2,"{""distance"":5,""physical_error_rate"":0.0005}","{""detection_events"":12823,""detectors_checked"":6193152}"
     31744,         0,         0,    1.59,standalone_exact_mw,503ee55b5ad1b1988379a241a0405811522ee4d50b473755532ad1299cb121e2,"{""distance"":5,""physical_error_rate"":0.0005}","{""detection_events"":14749,""detectors_checked"":7110656}"
     30720,         0,         0,    1.09,standalone_exact_mw,503ee55b5ad1b1988379a241a0405811522ee4d50b473755532ad1299cb121e2,"{""distance"":5,""physical_error_rate"":0.0005}","{""detection_events"":14195,""detectors_checked"":6881280}"
      2048,         0,         0,   0.110,standalone_exact_mw,503ee55b5ad1b1988379a241a0405811522ee4d50b473755532ad1299cb121e2,"{""distance"":5,""physical_error_rate"":0.0005}","{""detection_events"":1008,""detectors_checked"":458752}"
     22528,         0,         0,   0.816,standalone_exact_mw,503ee55b5ad1b1988379a241a0405811522ee4d50b473755532ad1299cb121e2,"{""distance"":5,""physical_error_rate"":0.0005}","{""detection_events"":10703,""detectors_checked"":5046272}"
     11264,         0,         0,   0.413,standalone_exact_mw,503ee55b5ad1b1988379a241a0405811522ee4d50b473755532ad1299cb121e2,"{""distance"":5,""physical_error_rate"":0.0005}","{""detection_events"":5263,""detectors_checked"":2523136}"
      2048,         0,         0,   0.202,standalone_exact_mw,503ee55b5ad1b1988379a241a0405811522ee4d50b473755532ad1299cb121e2,"{""distance"":5,""physical_error_rate"":0.0005}","{""detection_events"":900,""detectors_checked"":458752}"
      3072,         0,         0,   0.145,standalone_exact_mw,503ee55b5ad1b1988379a241a0405811522ee4d50b473755532ad1299cb121e2,"{""distance"":5,""physical_error_rate"":0.0005}","{""detection_events"":1339,""detectors_checked"":688128}"
      2048,         0,         0,   0.218,standalone_exact_mw,503ee55b5ad1b1988379a241a0405811522ee4d50b473755532ad1299cb121e2,"{""distance"":5,""physical_error_rate"":0.0005}","{""detection_events"":980,""detectors_checked"":458752}"
      8192,         0,         0,   0.273,standalone_exact_mw,503ee55b5ad1b1988379a241a0405811522ee4d50b473755532ad1299cb121e2,"{""distance"":5,""physical_error_rate"":0.0005}","{""detection_events"":3719,""detectors_checked"":1835008}"
     39936,         0,         0,    1.55,standalone_exact_mw,503ee55b5ad1b1988379a241a0405811522ee4d50b473755532ad1299cb121e2,"{""distance"":5,""physical_error_rate"":0.0005}","{""detection_events"":18954,""detectors_checked"":8945664}"
      3072,         0,         0,   0.164,standalone_exact_mw,503ee55b5ad1b1988379a241a0405811522ee4d50b473755532ad1299cb121e2,"{""distance"":5,""physical_error_rate"":0.0005}","{""detection_events"":1496,""detectors_checked"":688128}"
     39936,         0,         0,    1.54,standalone_exact_mw,503ee55b5ad1b1988379a241a0405811522ee4d50b473755532ad1299cb121e2,"{""distance"":5,""physical_error_rate"":0.0005}","{""detection_events"":18418,""detectors_checked"":8945664}"
       273,         0,         0,   0.017,standalone_exact_mw,503ee55b5ad1b1988379a241a0405811522ee4d50b473755532ad1299cb121e2,"{""distance"":5,""physical_error_rate"":0.0005}","{""detection_events"":140,""detectors_checked"":61152}"
     31744,         0,         0,    1.60,standalone_exact_mw,503ee55b5ad1b1988379a241a0405811522ee4d50b473755532ad1299cb121e2,"{""distance"":5,""physical_error_rate"":0.0005}","{""detection_events"":14794,""detectors_checked"":7110656}"
     40960,         0,         0,    1.59,standalone_exact_mw,503ee55b5ad1b1988379a241a0405811522ee4d50b473755532ad1299cb121e2,"{""distance"":5,""physical_error_rate"":0.0005}","{""detection_events"":18762,""detectors_checked"":9175040}"
      2048,         0,         0,   0.278,standalone_exact_mw,503ee55b5ad1b1988379a241a0405811522ee4d50b473755532ad1299cb121e2,"{""distance"":5,""physical_error_rate"":0.0005}","{""detection_events"":977,""detectors_checked"":458752}"
      1024,         0,         0,   0.036,standalone_exact_mw,503ee55b5ad1b1988379a241a0405811522ee4d50b473755532ad1299cb121e2,"{""distance"":5,""physical_error_rate"":0.0005}","{""detection_events"":426,""detectors_checked"":229376}"
       273,         0,         0,   0.026,standalone_exact_mw,503ee55b5ad1b1988379a241a0405811522ee4d50b473755532ad1299cb121e2,"{""distance"":5,""physical_error_rate"":0.0005}","{""detection_events"":138,""detectors_checked"":61152}"
      2048,         0,         0,   0.278,standalone_exact_mw,503ee55b5ad1b1988379a241a0405811522ee4d50b473755532ad1299cb121e2,"{""distance"":5,""physical_error_rate"":0.0005}","{""detection_events"":999,""detectors_checked"":458752}"
      1024,         0,         0,   0.035,standalone_exact_mw,503ee55b5ad1b1988379a241a0405811522ee4d50b473755532ad1299cb121e2,"{""distance"":5,""physical_error_rate"":0.0005}","{""detection_events"":492,""detectors_checked"":229376}"
     31744,         0,         0,    1.57,standalone_exact_mw,503ee55b5ad1b1988379a241a0405811522ee4d50b473755532ad1299cb121e2,"{""distance"":5,""physical_error_rate"":0.0005}","{""detection_events"":14707,""detectors_checked"":7110656}"
     24576,         0,         0,    2.18,standalone_exact_mw,503ee55b5ad1b1988379a241a0405811522ee4d50b473755532ad1299cb121e2,"{""distance"":5,""physical_error_rate"":0.0005}","{""detection_events"":11571,""detectors_checked"":5505024}"
      1024,         0,         0,   0.044,standalone_exact_mw,503ee55b5ad1b1988379a241a0405811522ee4d50b473755532ad1299cb121e2,"{""distance"":5,""physical_error_rate"":0.0005}","{""detection_events"":475,""detectors_checked"":229376}"
     57344,         0,         0,    2.19,standalone_exact_mw,503ee55b5ad1b1988379a241a0405811522ee4d50b473755532ad1299cb121e2,"{""distance"":5,""physical_error_rate"":0.0005}","{""detection_events"":26215,""detectors_checked"":12845056}"
      1024,         0,         0,   0.019,standalone_exact_mw,503ee55b5ad1b1988379a241a0405811522ee4d50b473755532ad1299cb121e2,"{""distance"":5,""physical_error_rate"":0.0005}","{""detection_events"":506,""detectors_checked"":229376}"
      2048,         0,         0,   0.054,standalone_exact_mw,503ee55b5ad1b1988379a241a0405811522ee4d50b473755532ad1299cb121e2,"{""distance"":5,""physical_error_rate"":0.0005}","{""detection_events"":851,""detectors_checked"":458752}"
     29696,         0,         0,    1.13,standalone_exact_mw,503ee55b5ad1b1988379a241a0405811522ee4d50b473755532ad1299cb121e2,"{""distance"":5,""physical_error_rate"":0.0005}","{""detection_events"":13485,""detectors_checked"":6651904}"
      1024,         0,         0,   0.021,standalone_exact_mw,503ee55b5ad1b1988379a241a0405811522ee4d50b473755532ad1299cb121e2,"{""distance"":5,""physical_error_rate"":0.0005}","{""detection_events"":435,""detectors_checked"":229376}"
      1024,         0,         0,   0.031,standalone_exact_mw,503ee55b5ad1b1988379a241a0405811522ee4d50b473755532ad1299cb121e2,"{""distance"":5,""physical_error_rate"":0.0005}","{""detection_events"":422,""detectors_checked"":229376}"
      5120,         0,         0,   0.259,standalone_exact_mw,503ee55b5ad1b1988379a241a0405811522ee4d50b473755532ad1299cb121e2,"{""distance"":5,""physical_error_rate"":0.0005}","{""detection_events"":2439,""detectors_checked"":1146880}"
     29696,         0,         0,    1.11,standalone_exact_mw,503ee55b5ad1b1988379a241a0405811522ee4d50b473755532ad1299cb121e2,"{""distance"":5,""physical_error_rate"":0.0005}","{""detection_events"":13820,""detectors_checked"":6651904}"
      2048,         0,         0,   0.077,standalone_exact_mw,503ee55b5ad1b1988379a241a0405811522ee4d50b473755532ad1299cb121e2,"{""distance"":5,""physical_error_rate"":0.0005}","{""detection_events"":865,""detectors_checked"":458752}"
      2048,         0,         0,   0.074,standalone_exact_mw,503ee55b5ad1b1988379a241a0405811522ee4d50b473755532ad1299cb121e2,"{""distance"":5,""physical_error_rate"":0.0005}","{""detection_events"":1048,""detectors_checked"":458752}"
     11264,         0,         0,   0.412,standalone_exact_mw,503ee55b5ad1b1988379a241a0405811522ee4d50b473755532ad1299cb121e2,"{""distance"":5,""physical_error_rate"":0.0005}","{""detection_events"":5081,""detectors_checked"":2523136}"
     15360,         0,         0,   0.578,standalone_exact_mw,503ee55b5ad1b1988379a241a0405811522ee4d50b473755532ad1299cb121e2,"{""distance"":5,""physical_error_rate"":0.0005}","{""detection_events"":7178,""detectors_checked"":3440640}"
      2048,         0,         0,   0.061,standalone_exact_mw,503ee55b5ad1b1988379a241a0405811522ee4d50b473755532ad1299cb121e2,"{""distance"":5,""physical_error_rate"":0.0005}","{""detection_events"":936,""detectors_checked"":458752}"
     30720,         0,         0,    1.12,standalone_exact_mw,503ee55b5ad1b1988379a241a0405811522ee4d50b473755532ad1299cb121e2,"{""distance"":5,""physical_error_rate"":0.0005}","{""detection_events"":14072,""detectors_checked"":6881280}"
      3072,         0,         0,   0.101,standalone_exact_mw,503ee55b5ad1b1988379a241a0405811522ee4d50b473755532ad1299cb121e2,"{""distance"":5,""physical_error_rate"":0.0005}","{""detection_events"":1417,""detectors_checked"":688128}"
     37888,         0,         0,    1.56,standalone_exact_mw,503ee55b5ad1b1988379a241a0405811522ee4d50b473755532ad1299cb121e2,"{""distance"":5,""physical_error_rate"":0.0005}","{""detection_events"":17837,""detectors_checked"":8486912}"
      2048,         0,         0,   0.080,standalone_exact_mw,503ee55b5ad1b1988379a241a0405811522ee4d50b473755532ad1299cb121e2,"{""distance"":5,""physical_error_rate"":0.0005}","{""detection_events"":1050,""detectors_checked"":458752}"
      3072,         0,         0,   0.404,standalone_exact_mw,503ee55b5ad1b1988379a241a0405811522ee4d50b473755532ad1299cb121e2,"{""distance"":5,""physical_error_rate"":0.0005}","{""detection_events"":1496,""detectors_checked"":688128}"
      1297,         0,         0,   0.052,standalone_exact_mw,503ee55b5ad1b1988379a241a0405811522ee4d50b473755532ad1299cb121e2,"{""distance"":5,""physical_error_rate"":0.0005}","{""detection_events"":587,""detectors_checked"":290528}"
      3072,         0,         0,   0.397,standalone_exact_mw,503ee55b5ad1b1988379a241a0405811522ee4d50b473755532ad1299cb121e2,"{""distance"":5,""physical_error_rate"":0.0005}","{""detection_events"":1466,""detectors_checked"":688128}"
      1024,         0,         0,   0.031,standalone_exact_mw,503ee55b5ad1b1988379a241a0405811522ee4d50b473755532ad1299cb121e2,"{""distance"":5,""physical_error_rate"":0.0005}","{""detection_events"":463,""detectors_checked"":229376}"
      3072,         0,         0,   0.109,standalone_exact_mw,503ee55b5ad1b1988379a241a0405811522ee4d50b473755532ad1299cb121e2,"{""distance"":5,""physical_error_rate"":0.0005}","{""detection_events"":1410,""detectors_checked"":688128}"
      1024,         0,         0,   0.030,standalone_exact_mw,503ee55b5ad1b1988379a241a0405811522ee4d50b473755532ad1299cb121e2,"{""distance"":5,""physical_error_rate"":0.0005}","{""detection_events"":445,""detectors_checked"":229376}"
      6144,         0,         0,   0.325,standalone_exact_mw,503ee55b5ad1b1988379a241a0405811522ee4d50b473755532ad1299cb121e2,"{""distance"":5,""physical_error_rate"":0.0005}","{""detection_events"":2821,""detectors_checked"":1376256}"
      4096,         0,         0,   0.152,standalone_exact_mw,503ee55b5ad1b1988379a241a0405811522ee4d50b473755532ad1299cb121e2,"{""distance"":5,""physical_error_rate"":0.0005}","{""detection_events"":1806,""detectors_checked"":917504}"
      1024,         0,         0,   0.022,standalone_exact_mw,503ee55b5ad1b1988379a241a0405811522ee4d50b473755532ad1299cb121e2,"{""distance"":5,""physical_error_rate"":0.0005}","{""detection_events"":461,""detectors_checked"":229376}"
      1024,         0,         0,   0.031,standalone_exact_mw,503ee55b5ad1b1988379a241a0405811522ee4d50b473755532ad1299cb121e2,"{""distance"":5,""physical_error_rate"":0.0005}","{""detection_events"":514,""detectors_checked"":229376}"
      2048,         0,         0,   0.061,standalone_exact_mw,503ee55b5ad1b1988379a241a0405811522ee4d50b473755532ad1299cb121e2,"{""distance"":5,""physical_error_rate"":0.0005}","{""detection_events"":1069,""detectors_checked"":458752}"
      4096,         0,         0,   0.217,standalone_exact_mw,503ee55b5ad1b1988379a241a0405811522ee4d50b473755532ad1299cb121e2,"{""distance"":5,""physical_error_rate"":0.0005}","{""detection_events"":1877,""detectors_checked"":917504}"
      4096,         0,         0,   0.217,standalone_exact_mw,503ee55b5ad1b1988379a241a0405811522ee4d50b473755532ad1299cb121e2,"{""distance"":5,""physical_error_rate"":0.0005}","{""detection_events"":1997,""detectors_checked"":917504}"
      2048,         0,         0,   0.072,standalone_exact_mw,503ee55b5ad1b1988379a241a0405811522ee4d50b473755532ad1299cb121e2,"{""distance"":5,""physical_error_rate"":0.0005}","{""detection_events"":1038,""detectors_checked"":458752}"
     40960,         0,         0,    1.56,standalone_exact_mw,503ee55b5ad1b1988379a241a0405811522ee4d50b473755532ad1299cb121e2,"{""distance"":5,""physical_error_rate"":0.0005}","{""detection_events"":18970,""detectors_checked"":9175040}"
      3072,         0,         0,   0.421,standalone_exact_mw,503ee55b5ad1b1988379a241a0405811522ee4d50b473755532ad1299cb121e2,"{""distance"":5,""physical_error_rate"":0.0005}","{""detection_events"":1425,""detectors_checked"":688128}"
     30720,         0,         0,    1.11,standalone_exact_mw,503ee55b5ad1b1988379a241a0405811522ee4d50b473755532ad1299cb121e2,"{""distance"":5,""physical_error_rate"":0.0005}","{""detection_events"":14382,""detectors_checked"":6881280}"
      3072,         0,         0,   0.113,standalone_exact_mw,503ee55b5ad1b1988379a241a0405811522ee4d50b473755532ad1299cb121e2,"{""distance"":5,""physical_error_rate"":0.0005}","{""detection_events"":1404,""detectors_checked"":688128}"
     15360,         0,         0,   0.547,standalone_exact_mw,503ee55b5ad1b1988379a241a0405811522ee4d50b473755532ad1299cb121e2,"{""distance"":5,""physical_error_rate"":0.0005}","{""detection_events"":7040,""detectors_checked"":3440640}"
     41984,         0,         0,    1.56,standalone_exact_mw,503ee55b5ad1b1988379a241a0405811522ee4d50b473755532ad1299cb121e2,"{""distance"":5,""physical_error_rate"":0.0005}","{""detection_events"":19085,""detectors_checked"":9404416}"
      5120,         0,         0,   0.434,standalone_exact_mw,503ee55b5ad1b1988379a241a0405811522ee4d50b473755532ad1299cb121e2,"{""distance"":5,""physical_error_rate"":0.0005}","{""detection_events"":2366,""detectors_checked"":1146880}"
     11264,         0,         0,   0.424,standalone_exact_mw,503ee55b5ad1b1988379a241a0405811522ee4d50b473755532ad1299cb121e2,"{""distance"":5,""physical_error_rate"":0.0005}","{""detection_events"":5171,""detectors_checked"":2523136}"
      5120,         0,         0,   0.214,standalone_exact_mw,503ee55b5ad1b1988379a241a0405811522ee4d50b473755532ad1299cb121e2,"{""distance"":5,""physical_error_rate"":0.0005}","{""detection_events"":2400,""detectors_checked"":1146880}"
      5120,         0,         0,   0.225,standalone_exact_mw,503ee55b5ad1b1988379a241a0405811522ee4d50b473755532ad1299cb121e2,"{""distance"":5,""physical_error_rate"":0.0005}","{""detection_events"":2304,""detectors_checked"":1146880}"
      4096,         0,         0,   0.159,standalone_exact_mw,503ee55b5ad1b1988379a241a0405811522ee4d50b473755532ad1299cb121e2,"{""distance"":5,""physical_error_rate"":0.0005}","{""detection_events"":2019,""detectors_checked"":917504}"
     21504,         0,         0,   0.805,standalone_exact_mw,503ee55b5ad1b1988379a241a0405811522ee4d50b473755532ad1299cb121e2,"{""distance"":5,""physical_error_rate"":0.0005}","{""detection_events"":9925,""detectors_checked"":4816896}"
     37888,         0,         0,    1.59,standalone_exact_mw,503ee55b5ad1b1988379a241a0405811522ee4d50b473755532ad1299cb121e2,"{""distance"":5,""physical_error_rate"":0.0005}","{""detection_events"":17937,""detectors_checked"":8486912}"
     40960,         0,         0,    1.58,standalone_exact_mw,503ee55b5ad1b1988379a241a0405811522ee4d50b473755532ad1299cb121e2,"{""distance"":5,""physical_error_rate"":0.0005}","{""detection_events"":18877,""detectors_checked"":9175040}"
      8192,         0,         0,   0.297,standalone_exact_mw,503ee55b5ad1b1988379a241a0405811522ee4d50b473755532ad1299cb121e2,"{""distance"":5,""physical_error_rate"":0.0005}","{""detection_events"":3729,""detectors_checked"":1835008}"
     52224,         0,         0,    2.19,standalone_exact_mw,503ee55b5ad1b1988379a241a0405811522ee4d50b473755532ad1299cb121e2,"{""distance"":5,""physical_error_rate"":0.0005}","{""detection_events"":24324,""detectors_checked"":11698176}"
      6144,         0,         0,   0.253,standalone_exact_mw,503ee55b5ad1b1988379a241a0405811522ee4d50b473755532ad1299cb121e2,"{""distance"":5,""physical_error_rate"":0.0005}","{""detection_events"":2692,""detectors_checked"":1376256}"
      5120,         0,         0,   0.342,standalone_exact_mw,503ee55b5ad1b1988379a241a0405811522ee4d50b473755532ad1299cb121e2,"{""distance"":5,""physical_error_rate"":0.0005}","{""detection_events"":2264,""detectors_checked"":1146880}"
     44032,         0,         0,    2.17,standalone_exact_mw,503ee55b5ad1b1988379a241a0405811522ee4d50b473755532ad1299cb121e2,"{""distance"":5,""physical_error_rate"":0.0005}","{""detection_events"":20185,""detectors_checked"":9863168}"
      9216,         0,         0,   0.576,standalone_exact_mw,503ee55b5ad1b1988379a241a0405811522ee4d50b473755532ad1299cb121e2,"{""distance"":5,""physical_error_rate"":0.0005}","{""detection_events"":4076,""detectors_checked"":2064384}"
       273,         0,         0,   0.018,standalone_exact_mw,503ee55b5ad1b1988379a241a0405811522ee4d50b473755532ad1299cb121e2,"{""distance"":5,""physical_error_rate"":0.0005}","{""detection_events"":150,""detectors_checked"":61152}"
      1024,         0,         0,   0.024,standalone_exact_mw,503ee55b5ad1b1988379a241a0405811522ee4d50b473755532ad1299cb121e2,"{""distance"":5,""physical_error_rate"":0.0005}","{""detection_events"":439,""detectors_checked"":229376}"
     81920,         0,         0,    2.19,standalone_exact_mw,503ee55b5ad1b1988379a241a0405811522ee4d50b473755532ad1299cb121e2,"{""distance"":5,""physical_error_rate"":0.0005}","{""detection_events"":38336,""detectors_checked"":18350080}"
     10240,         0,         0,   0.564,standalone_exact_mw,503ee55b5ad1b1988379a241a0405811522ee4d50b473755532ad1299cb121e2,"{""distance"":5,""physical_error_rate"":0.0005}","{""detection_events"":4450,""detectors_checked"":2293760}"
      1024,         0,         0,   0.031,standalone_exact_mw,503ee55b5ad1b1988379a241a0405811522ee4d50b473755532ad1299cb121e2,"{""distance"":5,""physical_error_rate"":0.0005}","{""detection_events"":530,""detectors_checked"":229376}"
     15360,         0,         0,   0.571,standalone_exact_mw,503ee55b5ad1b1988379a241a0405811522ee4d50b473755532ad1299cb121e2,"{""distance"":5,""physical_error_rate"":0.0005}","{""detection_events"":7208,""detectors_checked"":3440640}"
      1024,         0,         0,   0.031,standalone_exact_mw,503ee55b5ad1b1988379a241a0405811522ee4d50b473755532ad1299cb121e2,"{""distance"":5,""physical_error_rate"":0.0005}","{""detection_events"":479,""detectors_checked"":229376}"
     58368,         0,         0,    2.20,standalone_exact_mw,503ee55b5ad1b1988379a241a0405811522ee4d50b473755532ad1299cb121e2,"{""distance"":5,""physical_error_rate"":0.0005}","{""detection_events"":27512,""detectors_checked"":13074432}"
      1024,         0,         0,   0.050,standalone_exact_mw,503ee55b5ad1b1988379a241a0405811522ee4d50b473755532ad1299cb121e2,"{""distance"":5,""physical_error_rate"":0.0005}","{""detection_events"":455,""detectors_checked"":229376}"
      7168,         0,         0,   0.340,standalone_exact_mw,503ee55b5ad1b1988379a241a0405811522ee4d50b473755532ad1299cb121e2,"{""distance"":5,""physical_error_rate"":0.0005}","{""detection_events"":3300,""detectors_checked"":1605632}"
      2048,         0,         0,   0.079,standalone_exact_mw,503ee55b5ad1b1988379a241a0405811522ee4d50b473755532ad1299cb121e2,"{""distance"":5,""physical_error_rate"":0.0005}","{""detection_events"":947,""detectors_checked"":458752}"
     11264,         0,         0,   0.409,standalone_exact_mw,503ee55b5ad1b1988379a241a0405811522ee4d50b473755532ad1299cb121e2,"{""distance"":5,""physical_error_rate"":0.0005}","{""detection_events"":5328,""detectors_checked"":2523136}"
     17408,         0,         0,   0.835,standalone_exact_mw,503ee55b5ad1b1988379a241a0405811522ee4d50b473755532ad1299cb121e2,"{""distance"":5,""physical_error_rate"":0.0005}","{""detection_events"":8088,""detectors_checked"":3899392}"
      7168,         0,         0,   0.427,standalone_exact_mw,503ee55b5ad1b1988379a241a0405811522ee4d50b473755532ad1299cb121e2,"{""distance"":5,""physical_error_rate"":0.0005}","{""detection_events"":3297,""detectors_checked"":1605632}"
     41984,         0,         0,    1.57,standalone_exact_mw,503ee55b5ad1b1988379a241a0405811522ee4d50b473755532ad1299cb121e2,"{""distance"":5,""physical_error_rate"":0.0005}","{""detection_events"":19625,""detectors_checked"":9404416}"
      2048,         0,         0,   0.068,standalone_exact_mw,503ee55b5ad1b1988379a241a0405811522ee4d50b473755532ad1299cb121e2,"{""distance"":5,""physical_error_rate"":0.0005}","{""detection_events"":1075,""detectors_checked"":458752}"
     45056,         0,         0,    2.13,standalone_exact_mw,503ee55b5ad1b1988379a241a0405811522ee4d50b473755532ad1299cb121e2,"{""distance"":5,""physical_error_rate"":0.0005}","{""detection_events"":20987,""detectors_checked"":10092544}"
     34816,         0,         0,    1.59,standalone_exact_mw,503ee55b5ad1b1988379a241a0405811522ee4d50b473755532ad1299cb121e2,"{""distance"":5,""physical_error_rate"":0.0005}","{""detection_events"":16341,""detectors_checked"":7798784}"
      3072,         0,         0,   0.118,standalone_exact_mw,503ee55b5ad1b1988379a241a0405811522ee4d50b473755532ad1299cb121e2,"{""distance"":5,""physical_error_rate"":0.0005}","{""detection_events"":1412,""detectors_checked"":688128}"
     36864,         0,         0,    1.54,standalone_exact_mw,503ee55b5ad1b1988379a241a0405811522ee4d50b473755532ad1299cb121e2,"{""distance"":5,""physical_error_rate"":0.0005}","{""detection_events"":16979,""detectors_checked"":8257536}"
      5120,         0,         0,   0.181,standalone_exact_mw,503ee55b5ad1b1988379a241a0405811522ee4d50b473755532ad1299cb121e2,"{""distance"":5,""physical_error_rate"":0.0005}","{""detection_events"":2341,""detectors_checked"":1146880}"
      9216,         0,         0,   0.457,standalone_exact_mw,503ee55b5ad1b1988379a241a0405811522ee4d50b473755532ad1299cb121e2,"{""distance"":5,""physical_error_rate"":0.0005}","{""detection_events"":4424,""detectors_checked"":2064384}"
     52224,         0,         0,    2.23,standalone_exact_mw,503ee55b5ad1b1988379a241a0405811522ee4d50b473755532ad1299cb121e2,"{""distance"":5,""physical_error_rate"":0.0005}","{""detection_events"":23982,""detectors_checked"":11698176}"
     43008,         0,         0,    2.18,standalone_exact_mw,503ee55b5ad1b1988379a241a0405811522ee4d50b473755532ad1299cb121e2,"{""distance"":5,""physical_error_rate"":0.0005}","{""detection_events"":20214,""detectors_checked"":9633792}"
     52224,         0,         0,    2.19,standalone_exact_mw,503ee55b5ad1b1988379a241a0405811522ee4d50b473755532ad1299cb121e2,"{""distance"":5,""physical_error_rate"":0.0005}","{""detection_events"":24282,""detectors_checked"":11698176}"
     52224,         0,         0,    2.18,standalone_exact_mw,503ee55b5ad1b1988379a241a0405811522ee4d50b473755532ad1299cb121e2,"{""distance"":5,""physical_error_rate"":0.0005}","{""detection_events"":23719,""detectors_checked"":11698176}"
     16384,         0,         0,   0.792,standalone_exact_mw,503ee55b5ad1b1988379a241a0405811522ee4d50b473755532ad1299cb121e2,"{""distance"":5,""physical_error_rate"":0.0005}","{""detection_events"":7452,""detectors_checked"":3670016}"
     29696,         0,         0,    1.11,standalone_exact_mw,503ee55b5ad1b1988379a241a0405811522ee4d50b473755532ad1299cb121e2,"{""distance"":5,""physical_error_rate"":0.0005}","{""detection_events"":13541,""detectors_checked"":6651904}"
     15360,         0,         0,   0.567,standalone_exact_mw,503ee55b5ad1b1988379a241a0405811522ee4d50b473755532ad1299cb121e2,"{""distance"":5,""physical_error_rate"":0.0005}","{""detection_events"":7213,""detectors_checked"":3440640}"
     44032,         0,         0,    2.15,standalone_exact_mw,503ee55b5ad1b1988379a241a0405811522ee4d50b473755532ad1299cb121e2,"{""distance"":5,""physical_error_rate"":0.0005}","{""detection_events"":20460,""detectors_checked"":9863168}"
      6144,         0,         0,   0.227,standalone_exact_mw,503ee55b5ad1b1988379a241a0405811522ee4d50b473755532ad1299cb121e2,"{""distance"":5,""physical_error_rate"":0.0005}","{""detection_events"":2921,""detectors_checked"":1376256}"
      9216,         0,         0,   0.576,standalone_exact_mw,503ee55b5ad1b1988379a241a0405811522ee4d50b473755532ad1299cb121e2,"{""distance"":5,""physical_error_rate"":0.0005}","{""detection_events"":4324,""detectors_checked"":2064384}"
     13312,         0,         0,   0.849,standalone_exact_mw,503ee55b5ad1b1988379a241a0405811522ee4d50b473755532ad1299cb121e2,"{""distance"":5,""physical_error_rate"":0.0005}","{""detection_events"":6361,""detectors_checked"":2981888}"
     21504,         0,         0,   0.812,standalone_exact_mw,503ee55b5ad1b1988379a241a0405811522ee4d50b473755532ad1299cb121e2,"{""distance"":5,""physical_error_rate"":0.0005}","{""detection_events"":9742,""detectors_checked"":4816896}"
     35840,         0,         0,    1.58,standalone_exact_mw,503ee55b5ad1b1988379a241a0405811522ee4d50b473755532ad1299cb121e2,"{""distance"":5,""physical_error_rate"":0.0005}","{""detection_events"":17317,""detectors_checked"":8028160}"
      8192,         0,         0,   0.293,standalone_exact_mw,503ee55b5ad1b1988379a241a0405811522ee4d50b473755532ad1299cb121e2,"{""distance"":5,""physical_error_rate"":0.0005}","{""detection_events"":3843,""detectors_checked"":1835008}"
     45056,         0,         0,    2.23,standalone_exact_mw,503ee55b5ad1b1988379a241a0405811522ee4d50b473755532ad1299cb121e2,"{""distance"":5,""physical_error_rate"":0.0005}","{""detection_events"":21357,""detectors_checked"":10092544}"
     12288,         0,         0,   0.614,standalone_exact_mw,503ee55b5ad1b1988379a241a0405811522ee4d50b473755532ad1299cb121e2,"{""distance"":5,""physical_error_rate"":0.0005}","{""detection_events"":5792,""detectors_checked"":2752512}"
     22528,         0,         0,    1.12,standalone_exact_mw,503ee55b5ad1b1988379a241a0405811522ee4d50b473755532ad1299cb121e2,"{""distance"":5,""physical_error_rate"":0.0005}","{""detection_events"":10972,""detectors_checked"":5046272}"
      1297,         0,         0,   0.052,standalone_exact_mw,503ee55b5ad1b1988379a241a0405811522ee4d50b473755532ad1299cb121e2,"{""distance"":5,""physical_error_rate"":0.0005}","{""detection_events"":577,""detectors_checked"":290528}"
     11264,         0,         0,   0.401,standalone_exact_mw,503ee55b5ad1b1988379a241a0405811522ee4d50b473755532ad1299cb121e2,"{""distance"":5,""physical_error_rate"":0.0005}","{""detection_events"":5203,""detectors_checked"":2523136}"
      1024,         0,         0,   0.030,standalone_exact_mw,503ee55b5ad1b1988379a241a0405811522ee4d50b473755532ad1299cb121e2,"{""distance"":5,""physical_error_rate"":0.0005}","{""detection_events"":478,""detectors_checked"":229376}"
     44032,         0,         0,    2.17,standalone_exact_mw,503ee55b5ad1b1988379a241a0405811522ee4d50b473755532ad1299cb121e2,"{""distance"":5,""physical_error_rate"":0.0005}","{""detection_events"":19983,""detectors_checked"":9863168}"
      1024,         0,         0,   0.045,standalone_exact_mw,503ee55b5ad1b1988379a241a0405811522ee4d50b473755532ad1299cb121e2,"{""distance"":5,""physical_error_rate"":0.0005}","{""detection_events"":434,""detectors_checked"":229376}"
     21504,         0,         0,   0.789,standalone_exact_mw,503ee55b5ad1b1988379a241a0405811522ee4d50b473755532ad1299cb121e2,"{""distance"":5,""physical_error_rate"":0.0005}","{""detection_events"":9806,""detectors_checked"":4816896}"
      1024,         0,         0,   0.031,standalone_exact_mw,503ee55b5ad1b1988379a241a0405811522ee4d50b473755532ad1299cb121e2,"{""distance"":5,""physical_error_rate"":0.0005}","{""detection_events"":435,""detectors_checked"":229376}"
     58368,         0,         0,    2.16,standalone_exact_mw,503ee55b5ad1b1988379a241a0405811522ee4d50b473755532ad1299cb121e2,"{""distance"":5,""physical_error_rate"":0.0005}","{""detection_events"":27113,""detectors_checked"":13074432}"
     12288,         0,         0,   0.805,standalone_exact_mw,503ee55b5ad1b1988379a241a0405811522ee4d50b473755532ad1299cb121e2,"{""distance"":5,""physical_error_rate"":0.0005}","{""detection_events"":5775,""detectors_checked"":2752512}"
      2048,         0,         0,   0.060,standalone_exact_mw,503ee55b5ad1b1988379a241a0405811522ee4d50b473755532ad1299cb121e2,"{""distance"":5,""physical_error_rate"":0.0005}","{""detection_events"":986,""detectors_checked"":458752}"
     40960,         0,         0,    3.05,standalone_exact_mw,503ee55b5ad1b1988379a241a0405811522ee4d50b473755532ad1299cb121e2,"{""distance"":5,""physical_error_rate"":0.0005}","{""detection_events"":18834,""detectors_checked"":9175040}"
     80896,         0,         0,    3.04,standalone_exact_mw,503ee55b5ad1b1988379a241a0405811522ee4d50b473755532ad1299cb121e2,"{""distance"":5,""physical_error_rate"":0.0005}","{""detection_events"":37890,""detectors_checked"":18120704}"
      2048,         0,         0,   0.060,standalone_exact_mw,503ee55b5ad1b1988379a241a0405811522ee4d50b473755532ad1299cb121e2,"{""distance"":5,""physical_error_rate"":0.0005}","{""detection_events"":873,""detectors_checked"":458752}"
      2048,         0,         0,   0.061,standalone_exact_mw,503ee55b5ad1b1988379a241a0405811522ee4d50b473755532ad1299cb121e2,"{""distance"":5,""physical_error_rate"":0.0005}","{""detection_events"":957,""detectors_checked"":458752}"
     21504,         0,         0,    1.13,standalone_exact_mw,503ee55b5ad1b1988379a241a0405811522ee4d50b473755532ad1299cb121e2,"{""distance"":5,""physical_error_rate"":0.0005}","{""detection_events"":9961,""detectors_checked"":4816896}"
     44032,         0,         0,    2.19,standalone_exact_mw,503ee55b5ad1b1988379a241a0405811522ee4d50b473755532ad1299cb121e2,"{""distance"":5,""physical_error_rate"":0.0005}","{""detection_events"":20224,""detectors_checked"":9863168}"
     55296,         0,         0,    2.17,standalone_exact_mw,503ee55b5ad1b1988379a241a0405811522ee4d50b473755532ad1299cb121e2,"{""distance"":5,""physical_error_rate"":0.0005}","{""detection_events"":25682,""detectors_checked"":12386304}"
      3072,         0,         0,   0.097,standalone_exact_mw,503ee55b5ad1b1988379a241a0405811522ee4d50b473755532ad1299cb121e2,"{""distance"":5,""physical_error_rate"":0.0005}","{""detection_events"":1450,""detectors_checked"":688128}"
     19456,         0,         0,    1.16,standalone_exact_mw,503ee55b5ad1b1988379a241a0405811522ee4d50b473755532ad1299cb121e2,"{""distance"":5,""physical_error_rate"":0.0005}","{""detection_events"":8970,""detectors_checked"":4358144}"
     30720,         0,         0,    1.13,standalone_exact_mw,503ee55b5ad1b1988379a241a0405811522ee4d50b473755532ad1299cb121e2,"{""distance"":5,""physical_error_rate"":0.0005}","{""detection_events"":14101,""detectors_checked"":6881280}"
     15360,         0,         0,   0.836,standalone_exact_mw,503ee55b5ad1b1988379a241a0405811522ee4d50b473755532ad1299cb121e2,"{""distance"":5,""physical_error_rate"":0.0005}","{""detection_events"":7143,""detectors_checked"":3440640}"
      4096,         0,         0,   0.149,standalone_exact_mw,503ee55b5ad1b1988379a241a0405811522ee4d50b473755532ad1299cb121e2,"{""distance"":5,""physical_error_rate"":0.0005}","{""detection_events"":1959,""detectors_checked"":917504}"
     13312,         0,         0,   0.598,standalone_exact_mw,503ee55b5ad1b1988379a241a0405811522ee4d50b473755532ad1299cb121e2,"{""distance"":5,""physical_error_rate"":0.0005}","{""detection_events"":6336,""detectors_checked"":2981888}"
     40960,         0,         0,    1.55,standalone_exact_mw,503ee55b5ad1b1988379a241a0405811522ee4d50b473755532ad1299cb121e2,"{""distance"":5,""physical_error_rate"":0.0005}","{""detection_events"":19159,""detectors_checked"":9175040}"
      6144,         0,         0,   0.225,standalone_exact_mw,503ee55b5ad1b1988379a241a0405811522ee4d50b473755532ad1299cb121e2,"{""distance"":5,""physical_error_rate"":0.0005}","{""detection_events"":2941,""detectors_checked"":1376256}"
       273,         0,         0,   0.031,standalone_exact_mw,503ee55b5ad1b1988379a241a0405811522ee4d50b473755532ad1299cb121e2,"{""distance"":5,""physical_error_rate"":0.0005}","{""detection_events"":115,""detectors_checked"":61152}"
     58368,         0,         0,    2.18,standalone_exact_mw,503ee55b5ad1b1988379a241a0405811522ee4d50b473755532ad1299cb121e2,"{""distance"":5,""physical_error_rate"":0.0005}","{""detection_events"":27247,""detectors_checked"":13074432}"
     44032,         0,         0,    2.19,standalone_exact_mw,503ee55b5ad1b1988379a241a0405811522ee4d50b473755532ad1299cb121e2,"{""distance"":5,""physical_error_rate"":0.0005}","{""detection_events"":20659,""detectors_checked"":9863168}"
      1024,         0,         0,   0.093,standalone_exact_mw,503ee55b5ad1b1988379a241a0405811522ee4d50b473755532ad1299cb121e2,"{""distance"":5,""physical_error_rate"":0.0005}","{""detection_events"":537,""detectors_checked"":229376}"
      1024,         0,         0,   0.057,standalone_exact_mw,503ee55b5ad1b1988379a241a0405811522ee4d50b473755532ad1299cb121e2,"{""distance"":5,""physical_error_rate"":0.0005}","{""detection_events"":478,""detectors_checked"":229376}"
     59392,         0,         0,    2.17,standalone_exact_mw,503ee55b5ad1b1988379a241a0405811522ee4d50b473755532ad1299cb121e2,"{""distance"":5,""physical_error_rate"":0.0005}","{""detection_events"":27420,""detectors_checked"":13303808}"
      8192,         0,         0,   0.300,standalone_exact_mw,503ee55b5ad1b1988379a241a0405811522ee4d50b473755532ad1299cb121e2,"{""distance"":5,""physical_error_rate"":0.0005}","{""detection_events"":3770,""detectors_checked"":1835008}"
      1024,         0,         0,   0.053,standalone_exact_mw,503ee55b5ad1b1988379a241a0405811522ee4d50b473755532ad1299cb121e2,"{""distance"":5,""physical_error_rate"":0.0005}","{""detection_events"":449,""detectors_checked"":229376}"
     23552,         0,         0,    1.12,standalone_exact_mw,503ee55b5ad1b1988379a241a0405811522ee4d50b473755532ad1299cb121e2,"{""distance"":5,""physical_error_rate"":0.0005}","{""detection_events"":10713,""detectors_checked"":5275648}"
      1024,         0,         0,   0.033,standalone_exact_mw,503ee55b5ad1b1988379a241a0405811522ee4d50b473755532ad1299cb121e2,"{""distance"":5,""physical_error_rate"":0.0005}","{""detection_events"":463,""detectors_checked"":229376}"
     27648,         0,         0,    1.13,standalone_exact_mw,503ee55b5ad1b1988379a241a0405811522ee4d50b473755532ad1299cb121e2,"{""distance"":5,""physical_error_rate"":0.0005}","{""detection_events"":13071,""detectors_checked"":6193152}"
      2048,         0,         0,   0.119,standalone_exact_mw,503ee55b5ad1b1988379a241a0405811522ee4d50b473755532ad1299cb121e2,"{""distance"":5,""physical_error_rate"":0.0005}","{""detection_events"":962,""detectors_checked"":458752}"
     81920,         0,         0,    3.04,standalone_exact_mw,503ee55b5ad1b1988379a241a0405811522ee4d50b473755532ad1299cb121e2,"{""distance"":5,""physical_error_rate"":0.0005}","{""detection_events"":37639,""detectors_checked"":18350080}"
      2048,         0,         0,   0.088,standalone_exact_mw,503ee55b5ad1b1988379a241a0405811522ee4d50b473755532ad1299cb121e2,"{""distance"":5,""physical_error_rate"":0.0005}","{""detection_events"":1006,""detectors_checked"":458752}"
     16384,         0,         0,   0.813,standalone_exact_mw,503ee55b5ad1b1988379a241a0405811522ee4d50b473755532ad1299cb121e2,"{""distance"":5,""physical_error_rate"":0.0005}","{""detection_events"":7801,""detectors_checked"":3670016}"
     31744,         0,         0,    1.60,standalone_exact_mw,503ee55b5ad1b1988379a241a0405811522ee4d50b473755532ad1299cb121e2,"{""distance"":5,""physical_error_rate"":0.0005}","{""detection_events"":14715,""detectors_checked"":7110656}"
     61440,         0,         0,    3.07,standalone_exact_mw,503ee55b5ad1b1988379a241a0405811522ee4d50b473755532ad1299cb121e2,"{""distance"":5,""physical_error_rate"":0.0005}","{""detection_events"":28416,""detectors_checked"":13762560}"
     90112,         0,         0,    3.02,standalone_exact_mw,503ee55b5ad1b1988379a241a0405811522ee4d50b473755532ad1299cb121e2,"{""distance"":5,""physical_error_rate"":0.0005}","{""detection_events"":41627,""detectors_checked"":20185088}"
      8192,         0,         0,   0.405,standalone_exact_mw,503ee55b5ad1b1988379a241a0405811522ee4d50b473755532ad1299cb121e2,"{""distance"":5,""physical_error_rate"":0.0005}","{""detection_events"":3805,""detectors_checked"":1835008}"
      3072,         0,         0,   0.143,standalone_exact_mw,503ee55b5ad1b1988379a241a0405811522ee4d50b473755532ad1299cb121e2,"{""distance"":5,""physical_error_rate"":0.0005}","{""detection_events"":1391,""detectors_checked"":688128}"
   3217408,         0,         0,   119.5,standalone_exact_mw,503ee55b5ad1b1988379a241a0405811522ee4d50b473755532ad1299cb121e2,"{""distance"":5,""physical_error_rate"":0.0005}","{""detection_events"":1495664,""detectors_checked"":720699392}"
     55296,         0,         0,    2.16,standalone_exact_mw,503ee55b5ad1b1988379a241a0405811522ee4d50b473755532ad1299cb121e2,"{""distance"":5,""physical_error_rate"":0.0005}","{""detection_events"":25590,""detectors_checked"":12386304}"
     82944,         0,         0,    3.03,standalone_exact_mw,503ee55b5ad1b1988379a241a0405811522ee4d50b473755532ad1299cb121e2,"{""distance"":5,""physical_error_rate"":0.0005}","{""detection_events"":38677,""detectors_checked"":18579456}"
     27648,         0,         0,    1.14,standalone_exact_mw,503ee55b5ad1b1988379a241a0405811522ee4d50b473755532ad1299cb121e2,"{""distance"":5,""physical_error_rate"":0.0005}","{""detection_events"":12649,""detectors_checked"":6193152}"
      4096,         0,         0,   0.167,standalone_exact_mw,503ee55b5ad1b1988379a241a0405811522ee4d50b473755532ad1299cb121e2,"{""distance"":5,""physical_error_rate"":0.0005}","{""detection_events"":1858,""detectors_checked"":917504}"
     39936,         0,         0,    3.04,standalone_exact_mw,503ee55b5ad1b1988379a241a0405811522ee4d50b473755532ad1299cb121e2,"{""distance"":5,""physical_error_rate"":0.0005}","{""detection_events"":18561,""detectors_checked"":8945664}"
      6144,         1,         0,   0.211,standalone_exact_mw,503ee55b5ad1b1988379a241a0405811522ee4d50b473755532ad1299cb121e2,"{""distance"":5,""physical_error_rate"":0.0005}","{""detection_events"":2725,""detectors_checked"":1376256,""obs_mistake_mask=E"":1}"
     29696,         0,         0,    1.57,standalone_exact_mw,503ee55b5ad1b1988379a241a0405811522ee4d50b473755532ad1299cb121e2,"{""distance"":5,""physical_error_rate"":0.0005}","{""detection_events"":13828,""detectors_checked"":6651904}"
     40960,         0,         0,    1.57,standalone_exact_mw,503ee55b5ad1b1988379a241a0405811522ee4d50b473755532ad1299cb121e2,"{""distance"":5,""physical_error_rate"":0.0005}","{""detection_events"":19033,""detectors_checked"":9175040}"
     32768,         0,         0,    1.61,standalone_exact_mw,503ee55b5ad1b1988379a241a0405811522ee4d50b473755532ad1299cb121e2,"{""distance"":5,""physical_error_rate"":0.0005}","{""detection_events"":14854,""detectors_checked"":7340032}"
     15360,         0,         0,   0.592,standalone_exact_mw,503ee55b5ad1b1988379a241a0405811522ee4d50b473755532ad1299cb121e2,"{""distance"":5,""physical_error_rate"":0.0005}","{""detection_events"":7074,""detectors_checked"":3440640}"
     61440,         0,         0,    3.07,standalone_exact_mw,503ee55b5ad1b1988379a241a0405811522ee4d50b473755532ad1299cb121e2,"{""distance"":5,""physical_error_rate"":0.0005}","{""detection_events"":28366,""detectors_checked"":13762560}"
      8192,         0,         0,   0.301,standalone_exact_mw,503ee55b5ad1b1988379a241a0405811522ee4d50b473755532ad1299cb121e2,"{""distance"":5,""physical_error_rate"":0.0005}","{""detection_events"":3976,""detectors_checked"":1835008}"
     61440,         0,         0,    3.04,standalone_exact_mw,503ee55b5ad1b1988379a241a0405811522ee4d50b473755532ad1299cb121e2,"{""distance"":5,""physical_error_rate"":0.0005}","{""detection_events"":28560,""detectors_checked"":13762560}"
     81920,         0,         0,    3.05,standalone_exact_mw,503ee55b5ad1b1988379a241a0405811522ee4d50b473755532ad1299cb121e2,"{""distance"":5,""physical_error_rate"":0.0005}","{""detection_events"":38471,""detectors_checked"":18350080}"
     77824,         0,         0,    3.04,standalone_exact_mw,503ee55b5ad1b1988379a241a0405811522ee4d50b473755532ad1299cb121e2,"{""distance"":5,""physical_error_rate"":0.0005}","{""detection_events"":36381,""detectors_checked"":17432576}"
     62464,         0,         0,    3.05,standalone_exact_mw,503ee55b5ad1b1988379a241a0405811522ee4d50b473755532ad1299cb121e2,"{""distance"":5,""physical_error_rate"":0.0005}","{""detection_events"":28601,""detectors_checked"":13991936}"
     23552,         0,         0,    1.14,standalone_exact_mw,503ee55b5ad1b1988379a241a0405811522ee4d50b473755532ad1299cb121e2,"{""distance"":5,""physical_error_rate"":0.0005}","{""detection_events"":11201,""detectors_checked"":5275648}"
     33792,         0,         0,    3.05,standalone_exact_mw,503ee55b5ad1b1988379a241a0405811522ee4d50b473755532ad1299cb121e2,"{""distance"":5,""physical_error_rate"":0.0005}","{""detection_events"":15634,""detectors_checked"":7569408}"
     12288,         0,         0,   0.439,standalone_exact_mw,503ee55b5ad1b1988379a241a0405811522ee4d50b473755532ad1299cb121e2,"{""distance"":5,""physical_error_rate"":0.0005}","{""detection_events"":5438,""detectors_checked"":2752512}"
     32768,         0,         0,    1.58,standalone_exact_mw,503ee55b5ad1b1988379a241a0405811522ee4d50b473755532ad1299cb121e2,"{""distance"":5,""physical_error_rate"":0.0005}","{""detection_events"":15316,""detectors_checked"":7340032}"
     33792,         0,         0,    1.57,standalone_exact_mw,503ee55b5ad1b1988379a241a0405811522ee4d50b473755532ad1299cb121e2,"{""distance"":5,""physical_error_rate"":0.0005}","{""detection_events"":15657,""detectors_checked"":7569408}"
     22528,         0,         0,   0.837,standalone_exact_mw,503ee55b5ad1b1988379a241a0405811522ee4d50b473755532ad1299cb121e2,"{""distance"":5,""physical_error_rate"":0.0005}","{""detection_events"":10565,""detectors_checked"":5046272}"
     58368,         0,         0,    2.21,standalone_exact_mw,503ee55b5ad1b1988379a241a0405811522ee4d50b473755532ad1299cb121e2,"{""distance"":5,""physical_error_rate"":0.0005}","{""detection_events"":27335,""detectors_checked"":13074432}"
     72704,         0,         0,    3.08,standalone_exact_mw,503ee55b5ad1b1988379a241a0405811522ee4d50b473755532ad1299cb121e2,"{""distance"":5,""physical_error_rate"":0.0005}","{""detection_events"":34245,""detectors_checked"":16285696}"
     80896,         0,         0,    3.05,standalone_exact_mw,503ee55b5ad1b1988379a241a0405811522ee4d50b473755532ad1299cb121e2,"{""distance"":5,""physical_error_rate"":0.0005}","{""detection_events"":37791,""detectors_checked"":18120704}"
    510976,         0,         0,    22.9,standalone_exact_mw,503ee55b5ad1b1988379a241a0405811522ee4d50b473755532ad1299cb121e2,"{""distance"":5,""physical_error_rate"":0.0005}","{""detection_events"":236529,""detectors_checked"":114458624}"
     22528,         0,         0,    1.54,standalone_exact_mw,503ee55b5ad1b1988379a241a0405811522ee4d50b473755532ad1299cb121e2,"{""distance"":5,""physical_error_rate"":0.0005}","{""detection_events"":9999,""detectors_checked"":5046272}"
     15360,         0,         0,   0.559,standalone_exact_mw,503ee55b5ad1b1988379a241a0405811522ee4d50b473755532ad1299cb121e2,"{""distance"":5,""physical_error_rate"":0.0005}","{""detection_events"":6969,""detectors_checked"":3440640}"
     82944,         0,         0,    3.04,standalone_exact_mw,503ee55b5ad1b1988379a241a0405811522ee4d50b473755532ad1299cb121e2,"{""distance"":5,""physical_error_rate"":0.0005}","{""detection_events"":38620,""detectors_checked"":18579456}"
     76800,         0,         0,    3.07,standalone_exact_mw,503ee55b5ad1b1988379a241a0405811522ee4d50b473755532ad1299cb121e2,"{""distance"":5,""physical_error_rate"":0.0005}","{""detection_events"":35275,""detectors_checked"":17203200}"
     44032,         0,         0,    2.19,standalone_exact_mw,503ee55b5ad1b1988379a241a0405811522ee4d50b473755532ad1299cb121e2,"{""distance"":5,""physical_error_rate"":0.0005}","{""detection_events"":20579,""detectors_checked"":9863168}"
     65536,         0,         0,    3.08,standalone_exact_mw,503ee55b5ad1b1988379a241a0405811522ee4d50b473755532ad1299cb121e2,"{""distance"":5,""physical_error_rate"":0.0005}","{""detection_events"":30151,""detectors_checked"":14680064}"
     62464,         0,         0,    3.06,standalone_exact_mw,503ee55b5ad1b1988379a241a0405811522ee4d50b473755532ad1299cb121e2,"{""distance"":5,""physical_error_rate"":0.0005}","{""detection_events"":29714,""detectors_checked"":13991936}"
     22528,         0,         0,   0.817,standalone_exact_mw,503ee55b5ad1b1988379a241a0405811522ee4d50b473755532ad1299cb121e2,"{""distance"":5,""physical_error_rate"":0.0005}","{""detection_events"":10057,""detectors_checked"":5046272}"
     30720,         0,         0,    1.11,standalone_exact_mw,503ee55b5ad1b1988379a241a0405811522ee4d50b473755532ad1299cb121e2,"{""distance"":5,""physical_error_rate"":0.0005}","{""detection_events"":14039,""detectors_checked"":6881280}"
     44032,         0,         0,    2.18,standalone_exact_mw,503ee55b5ad1b1988379a241a0405811522ee4d50b473755532ad1299cb121e2,"{""distance"":5,""physical_error_rate"":0.0005}","{""detection_events"":20805,""detectors_checked"":9863168}"
     31744,         0,         0,    1.56,standalone_exact_mw,503ee55b5ad1b1988379a241a0405811522ee4d50b473755532ad1299cb121e2,"{""distance"":5,""physical_error_rate"":0.0005}","{""detection_events"":14568,""detectors_checked"":7110656}"
     81920,         0,         0,    3.05,standalone_exact_mw,503ee55b5ad1b1988379a241a0405811522ee4d50b473755532ad1299cb121e2,"{""distance"":5,""physical_error_rate"":0.0005}","{""detection_events"":37881,""detectors_checked"":18350080}"
     58368,         0,         0,    2.16,standalone_exact_mw,503ee55b5ad1b1988379a241a0405811522ee4d50b473755532ad1299cb121e2,"{""distance"":5,""physical_error_rate"":0.0005}","{""detection_events"":26906,""detectors_checked"":13074432}"
     44032,         0,         0,    2.17,standalone_exact_mw,503ee55b5ad1b1988379a241a0405811522ee4d50b473755532ad1299cb121e2,"{""distance"":5,""physical_error_rate"":0.0005}","{""detection_events"":20623,""detectors_checked"":9863168}"
    112640,         0,         0,    4.26,standalone_exact_mw,503ee55b5ad1b1988379a241a0405811522ee4d50b473755532ad1299cb121e2,"{""distance"":5,""physical_error_rate"":0.0005}","{""detection_events"":52421,""detectors_checked"":25231360}"
     69632,         0,         0,    4.23,standalone_exact_mw,503ee55b5ad1b1988379a241a0405811522ee4d50b473755532ad1299cb121e2,"{""distance"":5,""physical_error_rate"":0.0005}","{""detection_events"":32502,""detectors_checked"":15597568}"
     79872,         0,         0,    3.09,standalone_exact_mw,503ee55b5ad1b1988379a241a0405811522ee4d50b473755532ad1299cb121e2,"{""distance"":5,""physical_error_rate"":0.0005}","{""detection_events"":37258,""detectors_checked"":17891328}"
   1259520,         1,         0,    62.6,standalone_exact_mw,503ee55b5ad1b1988379a241a0405811522ee4d50b473755532ad1299cb121e2,"{""distance"":5,""physical_error_rate"":0.0005}","{""detection_events"":585901,""detectors_checked"":282132480,""obs_mistake_mask=E"":1}"
     33792,         0,         0,    2.16,standalone_exact_mw,503ee55b5ad1b1988379a241a0405811522ee4d50b473755532ad1299cb121e2,"{""distance"":5,""physical_error_rate"":0.0005}","{""detection_events"":15908,""detectors_checked"":7569408}"
     45056,         0,         0,    2.19,standalone_exact_mw,503ee55b5ad1b1988379a241a0405811522ee4d50b473755532ad1299cb121e2,"{""distance"":5,""physical_error_rate"":0.0005}","{""detection_events"":20906,""detectors_checked"":10092544}"
     30720,         0,         0,    1.11,standalone_exact_mw,503ee55b5ad1b1988379a241a0405811522ee4d50b473755532ad1299cb121e2,"{""distance"":5,""physical_error_rate"":0.0005}","{""detection_events"":14278,""detectors_checked"":6881280}"
     25600,         0,         0,    2.18,standalone_exact_mw,503ee55b5ad1b1988379a241a0405811522ee4d50b473755532ad1299cb121e2,"{""distance"":5,""physical_error_rate"":0.0005}","{""detection_events"":11866,""detectors_checked"":5734400}"
   1377280,         0,         0,    62.7,standalone_exact_mw,503ee55b5ad1b1988379a241a0405811522ee4d50b473755532ad1299cb121e2,"{""distance"":5,""physical_error_rate"":0.0005}","{""detection_events"":641913,""detectors_checked"":308510720}"
    113664,         0,         0,    4.27,standalone_exact_mw,503ee55b5ad1b1988379a241a0405811522ee4d50b473755532ad1299cb121e2,"{""distance"":5,""physical_error_rate"":0.0005}","{""detection_events"":52407,""detectors_checked"":25460736}"
     38912,         0,         0,    1.57,standalone_exact_mw,503ee55b5ad1b1988379a241a0405811522ee4d50b473755532ad1299cb121e2,"{""distance"":5,""physical_error_rate"":0.0005}","{""detection_events"":18096,""detectors_checked"":8716288}"
     86016,         0,         0,    4.28,standalone_exact_mw,503ee55b5ad1b1988379a241a0405811522ee4d50b473755532ad1299cb121e2,"{""distance"":5,""physical_error_rate"":0.0005}","{""detection_events"":39900,""detectors_checked"":19267584}"
    115712,         0,         0,    4.31,standalone_exact_mw,503ee55b5ad1b1988379a241a0405811522ee4d50b473755532ad1299cb121e2,"{""distance"":5,""physical_error_rate"":0.0005}","{""detection_events"":53933,""detectors_checked"":25919488}"
    120832,         0,         0,    4.22,standalone_exact_mw,503ee55b5ad1b1988379a241a0405811522ee4d50b473755532ad1299cb121e2,"{""distance"":5,""physical_error_rate"":0.0005}","{""detection_events"":56088,""detectors_checked"":27066368}"
     79872,         0,         0,    3.05,standalone_exact_mw,503ee55b5ad1b1988379a241a0405811522ee4d50b473755532ad1299cb121e2,"{""distance"":5,""physical_error_rate"":0.0005}","{""detection_events"":37221,""detectors_checked"":17891328}"
     60416,         0,         0,    4.31,standalone_exact_mw,503ee55b5ad1b1988379a241a0405811522ee4d50b473755532ad1299cb121e2,"{""distance"":5,""physical_error_rate"":0.0005}","{""detection_events"":27991,""detectors_checked"":13533184}"
     45056,         0,         0,    2.19,standalone_exact_mw,503ee55b5ad1b1988379a241a0405811522ee4d50b473755532ad1299cb121e2,"{""distance"":5,""physical_error_rate"":0.0005}","{""detection_events"":20677,""detectors_checked"":10092544}"
     84992,         0,         0,    4.29,standalone_exact_mw,503ee55b5ad1b1988379a241a0405811522ee4d50b473755532ad1299cb121e2,"{""distance"":5,""physical_error_rate"":0.0005}","{""detection_events"":39567,""detectors_checked"":19038208}"
    116736,         0,         0,    4.24,standalone_exact_mw,503ee55b5ad1b1988379a241a0405811522ee4d50b473755532ad1299cb121e2,"{""distance"":5,""physical_error_rate"":0.0005}","{""detection_events"":53561,""detectors_checked"":26148864}"
    113664,         0,         0,    4.27,standalone_exact_mw,503ee55b5ad1b1988379a241a0405811522ee4d50b473755532ad1299cb121e2,"{""distance"":5,""physical_error_rate"":0.0005}","{""detection_events"":53506,""detectors_checked"":25460736}"
     84992,         0,         0,    4.27,standalone_exact_mw,503ee55b5ad1b1988379a241a0405811522ee4d50b473755532ad1299cb121e2,"{""distance"":5,""physical_error_rate"":0.0005}","{""detection_events"":39560,""detectors_checked"":19038208}"
     87040,         0,         0,    4.26,standalone_exact_mw,503ee55b5ad1b1988379a241a0405811522ee4d50b473755532ad1299cb121e2,"{""distance"":5,""physical_error_rate"":0.0005}","{""detection_events"":40626,""detectors_checked"":19496960}"
    715792,         0,         0,    26.7,standalone_exact_mw,503ee55b5ad1b1988379a241a0405811522ee4d50b473755532ad1299cb121e2,"{""distance"":5,""physical_error_rate"":0.0005}","{""detection_events"":333389,""detectors_checked"":160337408}"
     75776,         0,         0,    3.04,standalone_exact_mw,503ee55b5ad1b1988379a241a0405811522ee4d50b473755532ad1299cb121e2,"{""distance"":5,""physical_error_rate"":0.0005}","{""detection_events"":35421,""detectors_checked"":16973824}"
   1812480,         0,         0,    62.7,standalone_exact_mw,503ee55b5ad1b1988379a241a0405811522ee4d50b473755532ad1299cb121e2,"{""distance"":5,""physical_error_rate"":0.0005}","{""detection_events"":843898,""detectors_checked"":405995520}"
     41984,         0,         0,    1.58,standalone_exact_mw,503ee55b5ad1b1988379a241a0405811522ee4d50b473755532ad1299cb121e2,"{""distance"":5,""physical_error_rate"":0.0005}","{""detection_events"":19362,""detectors_checked"":9404416}"
     83968,         0,         0,    4.25,standalone_exact_mw,503ee55b5ad1b1988379a241a0405811522ee4d50b473755532ad1299cb121e2,"{""distance"":5,""physical_error_rate"":0.0005}","{""detection_events"":38602,""detectors_checked"":18808832}"
   1328128,         0,         0,    62.8,standalone_exact_mw,503ee55b5ad1b1988379a241a0405811522ee4d50b473755532ad1299cb121e2,"{""distance"":5,""physical_error_rate"":0.0005}","{""detection_events"":617687,""detectors_checked"":297500672}"
     60416,         0,         0,    3.06,standalone_exact_mw,503ee55b5ad1b1988379a241a0405811522ee4d50b473755532ad1299cb121e2,"{""distance"":5,""physical_error_rate"":0.0005}","{""detection_events"":28172,""detectors_checked"":13533184}"
     68608,         0,         0,    3.06,standalone_exact_mw,503ee55b5ad1b1988379a241a0405811522ee4d50b473755532ad1299cb121e2,"{""distance"":5,""physical_error_rate"":0.0005}","{""detection_events"":31749,""detectors_checked"":15368192}"
     64512,         0,         0,    3.02,standalone_exact_mw,503ee55b5ad1b1988379a241a0405811522ee4d50b473755532ad1299cb121e2,"{""distance"":5,""physical_error_rate"":0.0005}","{""detection_events"":30111,""detectors_checked"":14450688}"
    113664,         0,         0,    4.25,standalone_exact_mw,503ee55b5ad1b1988379a241a0405811522ee4d50b473755532ad1299cb121e2,"{""distance"":5,""physical_error_rate"":0.0005}","{""detection_events"":52154,""detectors_checked"":25460736}"
    109568,         0,         0,    4.29,standalone_exact_mw,503ee55b5ad1b1988379a241a0405811522ee4d50b473755532ad1299cb121e2,"{""distance"":5,""physical_error_rate"":0.0005}","{""detection_events"":51245,""detectors_checked"":24543232}"
    108544,         0,         0,    4.24,standalone_exact_mw,503ee55b5ad1b1988379a241a0405811522ee4d50b473755532ad1299cb121e2,"{""distance"":5,""physical_error_rate"":0.0005}","{""detection_events"":50913,""detectors_checked"":24313856}"
    114688,         0,         0,    4.20,standalone_exact_mw,503ee55b5ad1b1988379a241a0405811522ee4d50b473755532ad1299cb121e2,"{""distance"":5,""physical_error_rate"":0.0005}","{""detection_events"":53473,""detectors_checked"":25690112}"
     57344,         0,         0,    2.19,standalone_exact_mw,503ee55b5ad1b1988379a241a0405811522ee4d50b473755532ad1299cb121e2,"{""distance"":5,""physical_error_rate"":0.0005}","{""detection_events"":26314,""detectors_checked"":12845056}"
     61440,         0,         0,    3.05,standalone_exact_mw,503ee55b5ad1b1988379a241a0405811522ee4d50b473755532ad1299cb121e2,"{""distance"":5,""physical_error_rate"":0.0005}","{""detection_events"":28494,""detectors_checked"":13762560}"
     66560,         0,         0,    3.09,standalone_exact_mw,503ee55b5ad1b1988379a241a0405811522ee4d50b473755532ad1299cb121e2,"{""distance"":5,""physical_error_rate"":0.0005}","{""detection_events"":30741,""detectors_checked"":14909440}"
     97280,         0,         0,    4.20,standalone_exact_mw,503ee55b5ad1b1988379a241a0405811522ee4d50b473755532ad1299cb121e2,"{""distance"":5,""physical_error_rate"":0.0005}","{""detection_events"":45035,""detectors_checked"":21790720}"
     78848,         0,         0,    4.27,standalone_exact_mw,503ee55b5ad1b1988379a241a0405811522ee4d50b473755532ad1299cb121e2,"{""distance"":5,""physical_error_rate"":0.0005}","{""detection_events"":36522,""detectors_checked"":17661952}"
    109568,         0,         0,    4.19,standalone_exact_mw,503ee55b5ad1b1988379a241a0405811522ee4d50b473755532ad1299cb121e2,"{""distance"":5,""physical_error_rate"":0.0005}","{""detection_events"":51446,""detectors_checked"":24543232}"
     52224,         0,         0,    3.08,standalone_exact_mw,503ee55b5ad1b1988379a241a0405811522ee4d50b473755532ad1299cb121e2,"{""distance"":5,""physical_error_rate"":0.0005}","{""detection_events"":24239,""detectors_checked"":11698176}"
   1502208,         1,         0,    62.7,standalone_exact_mw,503ee55b5ad1b1988379a241a0405811522ee4d50b473755532ad1299cb121e2,"{""distance"":5,""physical_error_rate"":0.0005}","{""detection_events"":699594,""detectors_checked"":336494592,""obs_mistake_mask=E"":1}"
     59392,         0,         0,    2.18,standalone_exact_mw,503ee55b5ad1b1988379a241a0405811522ee4d50b473755532ad1299cb121e2,"{""distance"":5,""physical_error_rate"":0.0005}","{""detection_events"":28274,""detectors_checked"":13303808}"
     87040,         0,         0,    4.24,standalone_exact_mw,503ee55b5ad1b1988379a241a0405811522ee4d50b473755532ad1299cb121e2,"{""distance"":5,""physical_error_rate"":0.0005}","{""detection_events"":40371,""detectors_checked"":19496960}"
     62464,         0,         0,    3.06,standalone_exact_mw,503ee55b5ad1b1988379a241a0405811522ee4d50b473755532ad1299cb121e2,"{""distance"":5,""physical_error_rate"":0.0005}","{""detection_events"":29090,""detectors_checked"":13991936}"
   1201152,         0,         0,    62.8,standalone_exact_mw,503ee55b5ad1b1988379a241a0405811522ee4d50b473755532ad1299cb121e2,"{""distance"":5,""physical_error_rate"":0.0005}","{""detection_events"":558562,""detectors_checked"":269058048}"
    108544,         0,         0,    4.24,standalone_exact_mw,503ee55b5ad1b1988379a241a0405811522ee4d50b473755532ad1299cb121e2,"{""distance"":5,""physical_error_rate"":0.0005}","{""detection_events"":50856,""detectors_checked"":24313856}"
    141312,         0,         0,    5.96,standalone_exact_mw,503ee55b5ad1b1988379a241a0405811522ee4d50b473755532ad1299cb121e2,"{""distance"":5,""physical_error_rate"":0.0005}","{""detection_events"":65737,""detectors_checked"":31653888}"
    118784,         0,         0,    5.94,standalone_exact_mw,503ee55b5ad1b1988379a241a0405811522ee4d50b473755532ad1299cb121e2,"{""distance"":5,""physical_error_rate"":0.0005}","{""detection_events"":54858,""detectors_checked"":26607616}"
     81920,         0,         0,    3.03,standalone_exact_mw,503ee55b5ad1b1988379a241a0405811522ee4d50b473755532ad1299cb121e2,"{""distance"":5,""physical_error_rate"":0.0005}","{""detection_events"":37678,""detectors_checked"":18350080}"
     84992,         0,         0,    4.27,standalone_exact_mw,503ee55b5ad1b1988379a241a0405811522ee4d50b473755532ad1299cb121e2,"{""distance"":5,""physical_error_rate"":0.0005}","{""detection_events"":39711,""detectors_checked"":19038208}"
   2438144,         1,         0,   119.4,standalone_exact_mw,503ee55b5ad1b1988379a241a0405811522ee4d50b473755532ad1299cb121e2,"{""distance"":5,""physical_error_rate"":0.0005}","{""detection_events"":1134968,""detectors_checked"":546144256,""obs_mistake_mask=E"":1}"
     69632,         0,         0,    4.28,standalone_exact_mw,503ee55b5ad1b1988379a241a0405811522ee4d50b473755532ad1299cb121e2,"{""distance"":5,""physical_error_rate"":0.0005}","{""detection_events"":32967,""detectors_checked"":15597568}"
     70656,         0,         0,    4.23,standalone_exact_mw,503ee55b5ad1b1988379a241a0405811522ee4d50b473755532ad1299cb121e2,"{""distance"":5,""physical_error_rate"":0.0005}","{""detection_events"":32697,""detectors_checked"":15826944}"
    160768,         0,         0,    5.95,standalone_exact_mw,503ee55b5ad1b1988379a241a0405811522ee4d50b473755532ad1299cb121e2,"{""distance"":5,""physical_error_rate"":0.0005}","{""detection_events"":74923,""detectors_checked"":36012032}"
    114688,         0,         0,    4.29,standalone_exact_mw,503ee55b5ad1b1988379a241a0405811522ee4d50b473755532ad1299cb121e2,"{""distance"":5,""physical_error_rate"":0.0005}","{""detection_events"":53254,""detectors_checked"":25690112}"
    119808,         0,         0,    6.02,standalone_exact_mw,503ee55b5ad1b1988379a241a0405811522ee4d50b473755532ad1299cb121e2,"{""distance"":5,""physical_error_rate"":0.0005}","{""detection_events"":54948,""detectors_checked"":26836992}"
    163840,         0,         0,    5.95,standalone_exact_mw,503ee55b5ad1b1988379a241a0405811522ee4d50b473755532ad1299cb121e2,"{""distance"":5,""physical_error_rate"":0.0005}","{""detection_events"":76213,""detectors_checked"":36700160}"
    158720,         0,         0,    5.93,standalone_exact_mw,503ee55b5ad1b1988379a241a0405811522ee4d50b473755532ad1299cb121e2,"{""distance"":5,""physical_error_rate"":0.0005}","{""detection_events"":73717,""detectors_checked"":35553280}"
   2579456,         1,         0,   119.5,standalone_exact_mw,503ee55b5ad1b1988379a241a0405811522ee4d50b473755532ad1299cb121e2,"{""distance"":5,""physical_error_rate"":0.0005}","{""detection_events"":1198712,""detectors_checked"":577798144,""obs_mistake_mask=E"":1}"
     82944,         0,         0,    3.05,standalone_exact_mw,503ee55b5ad1b1988379a241a0405811522ee4d50b473755532ad1299cb121e2,"{""distance"":5,""physical_error_rate"":0.0005}","{""detection_events"":38799,""detectors_checked"":18579456}"
    109568,         0,         0,    5.96,standalone_exact_mw,503ee55b5ad1b1988379a241a0405811522ee4d50b473755532ad1299cb121e2,"{""distance"":5,""physical_error_rate"":0.0005}","{""detection_events"":50975,""detectors_checked"":24543232}"
     81920,         0,         0,    4.25,standalone_exact_mw,503ee55b5ad1b1988379a241a0405811522ee4d50b473755532ad1299cb121e2,"{""distance"":5,""physical_error_rate"":0.0005}","{""detection_events"":38055,""detectors_checked"":18350080}"
     80896,         0,         0,    4.34,standalone_exact_mw,503ee55b5ad1b1988379a241a0405811522ee4d50b473755532ad1299cb121e2,"{""distance"":5,""physical_error_rate"":0.0005}","{""detection_events"":37283,""detectors_checked"":18120704}"
    159744,         0,         0,    5.91,standalone_exact_mw,503ee55b5ad1b1988379a241a0405811522ee4d50b473755532ad1299cb121e2,"{""distance"":5,""physical_error_rate"":0.0005}","{""detection_events"":74743,""detectors_checked"":35782656}"
   2426880,         1,         0,   119.5,standalone_exact_mw,503ee55b5ad1b1988379a241a0405811522ee4d50b473755532ad1299cb121e2,"{""distance"":5,""physical_error_rate"":0.0005}","{""detection_events"":1132203,""detectors_checked"":543621120,""obs_mistake_mask=E"":1}"
    161792,         0,         0,    5.98,standalone_exact_mw,503ee55b5ad1b1988379a241a0405811522ee4d50b473755532ad1299cb121e2,"{""distance"":5,""physical_error_rate"":0.0005}","{""detection_events"":75065,""detectors_checked"":36241408}"
    158720,         0,         0,    5.93,standalone_exact_mw,503ee55b5ad1b1988379a241a0405811522ee4d50b473755532ad1299cb121e2,"{""distance"":5,""physical_error_rate"":0.0005}","{""detection_events"":73897,""detectors_checked"":35553280}"
    157696,         0,         0,    5.97,standalone_exact_mw,503ee55b5ad1b1988379a241a0405811522ee4d50b473755532ad1299cb121e2,"{""distance"":5,""physical_error_rate"":0.0005}","{""detection_events"":73718,""detectors_checked"":35323904}"
    160768,         0,         0,    5.96,standalone_exact_mw,503ee55b5ad1b1988379a241a0405811522ee4d50b473755532ad1299cb121e2,"{""distance"":5,""physical_error_rate"":0.0005}","{""detection_events"":74229,""detectors_checked"":36012032}"
     61440,         0,         0,    4.29,standalone_exact_mw,503ee55b5ad1b1988379a241a0405811522ee4d50b473755532ad1299cb121e2,"{""distance"":5,""physical_error_rate"":0.0005}","{""detection_events"":28170,""detectors_checked"":13762560}"
     94208,         1,         0,    5.93,standalone_exact_mw,503ee55b5ad1b1988379a241a0405811522ee4d50b473755532ad1299cb121e2,"{""distance"":5,""physical_error_rate"":0.0005}","{""detection_events"":43683,""detectors_checked"":21102592,""obs_mistake_mask=E"":1}"
    154624,         0,         0,    5.90,standalone_exact_mw,503ee55b5ad1b1988379a241a0405811522ee4d50b473755532ad1299cb121e2,"{""distance"":5,""physical_error_rate"":0.0005}","{""detection_events"":72994,""detectors_checked"":34635776}"
    120832,         0,         0,    5.98,standalone_exact_mw,503ee55b5ad1b1988379a241a0405811522ee4d50b473755532ad1299cb121e2,"{""distance"":5,""physical_error_rate"":0.0005}","{""detection_events"":56794,""detectors_checked"":27066368}"
    121856,         0,         0,    5.91,standalone_exact_mw,503ee55b5ad1b1988379a241a0405811522ee4d50b473755532ad1299cb121e2,"{""distance"":5,""physical_error_rate"":0.0005}","{""detection_events"":56233,""detectors_checked"":27295744}"
    150528,         0,         0,    5.96,standalone_exact_mw,503ee55b5ad1b1988379a241a0405811522ee4d50b473755532ad1299cb121e2,"{""distance"":5,""physical_error_rate"":0.0005}","{""detection_events"":70560,""detectors_checked"":33718272}"
     77824,         0,         0,    4.28,standalone_exact_mw,503ee55b5ad1b1988379a241a0405811522ee4d50b473755532ad1299cb121e2,"{""distance"":5,""physical_error_rate"":0.0005}","{""detection_events"":36198,""detectors_checked"":17432576}"
    107520,         0,         0,    5.94,standalone_exact_mw,503ee55b5ad1b1988379a241a0405811522ee4d50b473755532ad1299cb121e2,"{""distance"":5,""physical_error_rate"":0.0005}","{""detection_events"":50971,""detectors_checked"":24084480}"
    129024,         0,         0,    5.96,standalone_exact_mw,503ee55b5ad1b1988379a241a0405811522ee4d50b473755532ad1299cb121e2,"{""distance"":5,""physical_error_rate"":0.0005}","{""detection_events"":59764,""detectors_checked"":28901376}"
    155648,         0,         0,    5.96,standalone_exact_mw,503ee55b5ad1b1988379a241a0405811522ee4d50b473755532ad1299cb121e2,"{""distance"":5,""physical_error_rate"":0.0005}","{""detection_events"":72802,""detectors_checked"":34865152}"
    120832,         0,         0,    5.93,standalone_exact_mw,503ee55b5ad1b1988379a241a0405811522ee4d50b473755532ad1299cb121e2,"{""distance"":5,""physical_error_rate"":0.0005}","{""detection_events"":55968,""detectors_checked"":27066368}"
    111616,         0,         0,    4.25,standalone_exact_mw,503ee55b5ad1b1988379a241a0405811522ee4d50b473755532ad1299cb121e2,"{""distance"":5,""physical_error_rate"":0.0005}","{""detection_events"":51601,""detectors_checked"":25001984}"
    115712,         0,         0,    4.28,standalone_exact_mw,503ee55b5ad1b1988379a241a0405811522ee4d50b473755532ad1299cb121e2,"{""distance"":5,""physical_error_rate"":0.0005}","{""detection_events"":53146,""detectors_checked"":25919488}"
    156672,         0,         0,    5.99,standalone_exact_mw,503ee55b5ad1b1988379a241a0405811522ee4d50b473755532ad1299cb121e2,"{""distance"":5,""physical_error_rate"":0.0005}","{""detection_events"":73413,""detectors_checked"":35094528}"
    119808,         0,         0,    5.94,standalone_exact_mw,503ee55b5ad1b1988379a241a0405811522ee4d50b473755532ad1299cb121e2,"{""distance"":5,""physical_error_rate"":0.0005}","{""detection_events"":56085,""detectors_checked"":26836992}"
    107520,         0,         0,    6.00,standalone_exact_mw,503ee55b5ad1b1988379a241a0405811522ee4d50b473755532ad1299cb121e2,"{""distance"":5,""physical_error_rate"":0.0005}","{""detection_events"":50305,""detectors_checked"":24084480}"
    108544,         0,         0,    5.97,standalone_exact_mw,503ee55b5ad1b1988379a241a0405811522ee4d50b473755532ad1299cb121e2,"{""distance"":5,""physical_error_rate"":0.0005}","{""detection_events"":50621,""detectors_checked"":24313856}"
    154624,         0,         0,    5.96,standalone_exact_mw,503ee55b5ad1b1988379a241a0405811522ee4d50b473755532ad1299cb121e2,"{""distance"":5,""physical_error_rate"":0.0005}","{""detection_events"":72183,""detectors_checked"":34635776}"
     95232,         0,         0,    5.97,standalone_exact_mw,503ee55b5ad1b1988379a241a0405811522ee4d50b473755532ad1299cb121e2,"{""distance"":5,""physical_error_rate"":0.0005}","{""detection_events"":44155,""detectors_checked"":21331968}"
    119808,         0,         0,    6.00,standalone_exact_mw,503ee55b5ad1b1988379a241a0405811522ee4d50b473755532ad1299cb121e2,"{""distance"":5,""physical_error_rate"":0.0005}","{""detection_events"":56107,""detectors_checked"":26836992}"
    249856,         0,         0,    8.38,standalone_exact_mw,503ee55b5ad1b1988379a241a0405811522ee4d50b473755532ad1299cb121e2,"{""distance"":5,""physical_error_rate"":0.0005}","{""detection_events"":115672,""detectors_checked"":55967744}"
    197632,         0,         0,    8.39,standalone_exact_mw,503ee55b5ad1b1988379a241a0405811522ee4d50b473755532ad1299cb121e2,"{""distance"":5,""physical_error_rate"":0.0005}","{""detection_events"":92615,""detectors_checked"":44269568}"
     96256,         0,         0,    5.94,standalone_exact_mw,503ee55b5ad1b1988379a241a0405811522ee4d50b473755532ad1299cb121e2,"{""distance"":5,""physical_error_rate"":0.0005}","{""detection_events"":44800,""detectors_checked"":21561344}"
    122880,         0,         0,    6.00,standalone_exact_mw,503ee55b5ad1b1988379a241a0405811522ee4d50b473755532ad1299cb121e2,"{""distance"":5,""physical_error_rate"":0.0005}","{""detection_events"":56155,""detectors_checked"":27525120}"
    219136,         0,         0,    8.34,standalone_exact_mw,503ee55b5ad1b1988379a241a0405811522ee4d50b473755532ad1299cb121e2,"{""distance"":5,""physical_error_rate"":0.0005}","{""detection_events"":100897,""detectors_checked"":49086464}"
    181248,         0,         0,    8.34,standalone_exact_mw,503ee55b5ad1b1988379a241a0405811522ee4d50b473755532ad1299cb121e2,"{""distance"":5,""physical_error_rate"":0.0005}","{""detection_events"":84073,""detectors_checked"":40599552}"
    233472,         0,         0,    8.32,standalone_exact_mw,503ee55b5ad1b1988379a241a0405811522ee4d50b473755532ad1299cb121e2,"{""distance"":5,""physical_error_rate"":0.0005}","{""detection_events"":108191,""detectors_checked"":52297728}"
    220160,         1,         0,    8.35,standalone_exact_mw,503ee55b5ad1b1988379a241a0405811522ee4d50b473755532ad1299cb121e2,"{""distance"":5,""physical_error_rate"":0.0005}","{""detection_events"":103345,""detectors_checked"":49315840,""obs_mistake_mask=E"":1}"
    138240,         0,         0,    8.41,standalone_exact_mw,503ee55b5ad1b1988379a241a0405811522ee4d50b473755532ad1299cb121e2,"{""distance"":5,""physical_error_rate"":0.0005}","{""detection_events"":64570,""detectors_checked"":30965760}"
    222208,         0,         0,    8.33,standalone_exact_mw,503ee55b5ad1b1988379a241a0405811522ee4d50b473755532ad1299cb121e2,"{""distance"":5,""physical_error_rate"":0.0005}","{""detection_events"":103908,""detectors_checked"":49774592}"
    223232,         0,         0,    8.36,standalone_exact_mw,503ee55b5ad1b1988379a241a0405811522ee4d50b473755532ad1299cb121e2,"{""distance"":5,""physical_error_rate"":0.0005}","{""detection_events"":104627,""detectors_checked"":50003968}"
    223232,         0,         0,    8.36,standalone_exact_mw,503ee55b5ad1b1988379a241a0405811522ee4d50b473755532ad1299cb121e2,"{""distance"":5,""physical_error_rate"":0.0005}","{""detection_events"":104099,""detectors_checked"":50003968}"
    221184,         0,         0,    8.37,standalone_exact_mw,503ee55b5ad1b1988379a241a0405811522ee4d50b473755532ad1299cb121e2,"{""distance"":5,""physical_error_rate"":0.0005}","{""detection_events"":102619,""detectors_checked"":49545216}"
    209920,         0,         0,    8.39,standalone_exact_mw,503ee55b5ad1b1988379a241a0405811522ee4d50b473755532ad1299cb121e2,"{""distance"":5,""physical_error_rate"":0.0005}","{""detection_events"":98792,""detectors_checked"":47022080}"
    159744,         0,         0,    5.93,standalone_exact_mw,503ee55b5ad1b1988379a241a0405811522ee4d50b473755532ad1299cb121e2,"{""distance"":5,""physical_error_rate"":0.0005}","{""detection_events"":73842,""detectors_checked"":35782656}"
    158720,         0,         0,    8.44,standalone_exact_mw,503ee55b5ad1b1988379a241a0405811522ee4d50b473755532ad1299cb121e2,"{""distance"":5,""physical_error_rate"":0.0005}","{""detection_events"":74124,""detectors_checked"":35553280}"
    201728,         0,         0,    8.33,standalone_exact_mw,503ee55b5ad1b1988379a241a0405811522ee4d50b473755532ad1299cb121e2,"{""distance"":5,""physical_error_rate"":0.0005}","{""detection_events"":93830,""detectors_checked"":45187072}"
    132096,         0,         0,    8.32,standalone_exact_mw,503ee55b5ad1b1988379a241a0405811522ee4d50b473755532ad1299cb121e2,"{""distance"":5,""physical_error_rate"":0.0005}","{""detection_events"":62573,""detectors_checked"":29589504}"
    168960,         0,         0,    8.34,standalone_exact_mw,503ee55b5ad1b1988379a241a0405811522ee4d50b473755532ad1299cb121e2,"{""distance"":5,""physical_error_rate"":0.0005}","{""detection_events"":79422,""detectors_checked"":37847040}"
    159744,         0,         0,    8.37,standalone_exact_mw,503ee55b5ad1b1988379a241a0405811522ee4d50b473755532ad1299cb121e2,"{""distance"":5,""physical_error_rate"":0.0005}","{""detection_events"":74194,""detectors_checked"":35782656}"
    161792,         0,         0,    5.95,standalone_exact_mw,503ee55b5ad1b1988379a241a0405811522ee4d50b473755532ad1299cb121e2,"{""distance"":5,""physical_error_rate"":0.0005}","{""detection_events"":75687,""detectors_checked"":36241408}"
    191488,         1,         0,    8.36,standalone_exact_mw,503ee55b5ad1b1988379a241a0405811522ee4d50b473755532ad1299cb121e2,"{""distance"":5,""physical_error_rate"":0.0005}","{""detection_events"":89331,""detectors_checked"":42893312,""obs_mistake_mask=E"":1}"
    138240,         0,         0,    8.43,standalone_exact_mw,503ee55b5ad1b1988379a241a0405811522ee4d50b473755532ad1299cb121e2,"{""distance"":5,""physical_error_rate"":0.0005}","{""detection_events"":65011,""detectors_checked"":30965760}"
    223232,         0,         0,    8.33,standalone_exact_mw,503ee55b5ad1b1988379a241a0405811522ee4d50b473755532ad1299cb121e2,"{""distance"":5,""physical_error_rate"":0.0005}","{""detection_events"":103511,""detectors_checked"":50003968}"
    168960,         0,         0,    8.32,standalone_exact_mw,503ee55b5ad1b1988379a241a0405811522ee4d50b473755532ad1299cb121e2,"{""distance"":5,""physical_error_rate"":0.0005}","{""detection_events"":79047,""detectors_checked"":37847040}"
    705536,         0,         0,    32.0,standalone_exact_mw,503ee55b5ad1b1988379a241a0405811522ee4d50b473755532ad1299cb121e2,"{""distance"":5,""physical_error_rate"":0.0005}","{""detection_events"":327289,""detectors_checked"":158040064}"
    838656,         0,         0,    32.0,standalone_exact_mw,503ee55b5ad1b1988379a241a0405811522ee4d50b473755532ad1299cb121e2,"{""distance"":5,""physical_error_rate"":0.0005}","{""detection_events"":389669,""detectors_checked"":187858944}"
    855040,         3,         0,    32.0,standalone_exact_mw,503ee55b5ad1b1988379a241a0405811522ee4d50b473755532ad1299cb121e2,"{""distance"":5,""physical_error_rate"":0.0005}","{""detection_events"":396756,""detectors_checked"":191528960,""obs_mistake_mask=E"":3}"
    181248,         0,         0,    8.32,standalone_exact_mw,503ee55b5ad1b1988379a241a0405811522ee4d50b473755532ad1299cb121e2,"{""distance"":5,""physical_error_rate"":0.0005}","{""detection_events"":83790,""detectors_checked"":40599552}"
    755712,         0,         0,    32.0,standalone_exact_mw,503ee55b5ad1b1988379a241a0405811522ee4d50b473755532ad1299cb121e2,"{""distance"":5,""physical_error_rate"":0.0005}","{""detection_events"":350625,""detectors_checked"":169279488}"
    791552,         0,         0,    32.0,standalone_exact_mw,503ee55b5ad1b1988379a241a0405811522ee4d50b473755532ad1299cb121e2,"{""distance"":5,""physical_error_rate"":0.0005}","{""detection_events"":368575,""detectors_checked"":177307648}"
    167936,         0,         0,    8.33,standalone_exact_mw,503ee55b5ad1b1988379a241a0405811522ee4d50b473755532ad1299cb121e2,"{""distance"":5,""physical_error_rate"":0.0005}","{""detection_events"":77840,""detectors_checked"":37617664}"
    800768,         1,         0,    32.0,standalone_exact_mw,503ee55b5ad1b1988379a241a0405811522ee4d50b473755532ad1299cb121e2,"{""distance"":5,""physical_error_rate"":0.0005}","{""detection_events"":371852,""detectors_checked"":179372032,""obs_mistake_mask=E"":1}"
    144384,         0,         0,    8.32,standalone_exact_mw,503ee55b5ad1b1988379a241a0405811522ee4d50b473755532ad1299cb121e2,"{""distance"":5,""physical_error_rate"":0.0005}","{""detection_events"":67272,""detectors_checked"":32342016}"
    167936,         0,         0,    8.33,standalone_exact_mw,503ee55b5ad1b1988379a241a0405811522ee4d50b473755532ad1299cb121e2,"{""distance"":5,""physical_error_rate"":0.0005}","{""detection_events"":77871,""detectors_checked"":37617664}"
    172032,         0,         0,    8.30,standalone_exact_mw,503ee55b5ad1b1988379a241a0405811522ee4d50b473755532ad1299cb121e2,"{""distance"":5,""physical_error_rate"":0.0005}","{""detection_events"":79720,""detectors_checked"":38535168}"
    865280,         0,         0,    32.0,standalone_exact_mw,503ee55b5ad1b1988379a241a0405811522ee4d50b473755532ad1299cb121e2,"{""distance"":5,""physical_error_rate"":0.0005}","{""detection_events"":403996,""detectors_checked"":193822720}"
    139264,         0,         0,    8.28,standalone_exact_mw,503ee55b5ad1b1988379a241a0405811522ee4d50b473755532ad1299cb121e2,"{""distance"":5,""physical_error_rate"":0.0005}","{""detection_events"":65468,""detectors_checked"":31195136}"
    168960,         0,         0,    8.41,standalone_exact_mw,503ee55b5ad1b1988379a241a0405811522ee4d50b473755532ad1299cb121e2,"{""distance"":5,""physical_error_rate"":0.0005}","{""detection_events"":78559,""detectors_checked"":37847040}"
    754688,         0,         0,    32.0,standalone_exact_mw,503ee55b5ad1b1988379a241a0405811522ee4d50b473755532ad1299cb121e2,"{""distance"":5,""physical_error_rate"":0.0005}","{""detection_events"":351511,""detectors_checked"":169050112}"
    149504,         0,         0,    8.36,standalone_exact_mw,503ee55b5ad1b1988379a241a0405811522ee4d50b473755532ad1299cb121e2,"{""distance"":5,""physical_error_rate"":0.0005}","{""detection_events"":69765,""detectors_checked"":33488896}"
    168960,         0,         0,    8.35,standalone_exact_mw,503ee55b5ad1b1988379a241a0405811522ee4d50b473755532ad1299cb121e2,"{""distance"":5,""physical_error_rate"":0.0005}","{""detection_events"":78107,""detectors_checked"":37847040}"
    626688,         0,         0,    31.9,standalone_exact_mw,503ee55b5ad1b1988379a241a0405811522ee4d50b473755532ad1299cb121e2,"{""distance"":5,""physical_error_rate"":0.0005}","{""detection_events"":289279,""detectors_checked"":140378112}"
    221184,         0,         0,    8.34,standalone_exact_mw,503ee55b5ad1b1988379a241a0405811522ee4d50b473755532ad1299cb121e2,"{""distance"":5,""physical_error_rate"":0.0005}","{""detection_events"":102570,""detectors_checked"":49545216}"
    220160,         0,         0,    11.7,standalone_exact_mw,503ee55b5ad1b1988379a241a0405811522ee4d50b473755532ad1299cb121e2,"{""distance"":5,""physical_error_rate"":0.0005}","{""detection_events"":103620,""detectors_checked"":49315840}"
    208896,         0,         0,    11.7,standalone_exact_mw,503ee55b5ad1b1988379a241a0405811522ee4d50b473755532ad1299cb121e2,"{""distance"":5,""physical_error_rate"":0.0005}","{""detection_events"":98013,""detectors_checked"":46792704}"
    223232,         1,         0,    8.29,standalone_exact_mw,503ee55b5ad1b1988379a241a0405811522ee4d50b473755532ad1299cb121e2,"{""distance"":5,""physical_error_rate"":0.0005}","{""detection_events"":104161,""detectors_checked"":50003968,""obs_mistake_mask=E"":1}"
    312320,         0,         0,    11.7,standalone_exact_mw,503ee55b5ad1b1988379a241a0405811522ee4d50b473755532ad1299cb121e2,"{""distance"":5,""physical_error_rate"":0.0005}","{""detection_events"":145163,""detectors_checked"":69959680}"
   2755584,         0,         0,   119.4,standalone_exact_mw,503ee55b5ad1b1988379a241a0405811522ee4d50b473755532ad1299cb121e2,"{""distance"":5,""physical_error_rate"":0.0005}","{""detection_events"":1282752,""detectors_checked"":617250816}"
    310272,         0,         0,    11.6,standalone_exact_mw,503ee55b5ad1b1988379a241a0405811522ee4d50b473755532ad1299cb121e2,"{""distance"":5,""physical_error_rate"":0.0005}","{""detection_events"":144838,""detectors_checked"":69500928}"
    330752,         0,         0,    11.7,standalone_exact_mw,503ee55b5ad1b1988379a241a0405811522ee4d50b473755532ad1299cb121e2,"{""distance"":5,""physical_error_rate"":0.0005}","{""detection_events"":153352,""detectors_checked"":74088448}"
    314368,         0,         0,    11.7,standalone_exact_mw,503ee55b5ad1b1988379a241a0405811522ee4d50b473755532ad1299cb121e2,"{""distance"":5,""physical_error_rate"":0.0005}","{""detection_events"":146015,""detectors_checked"":70418432}"
    207872,         0,         0,    11.7,standalone_exact_mw,503ee55b5ad1b1988379a241a0405811522ee4d50b473755532ad1299cb121e2,"{""distance"":5,""physical_error_rate"":0.0005}","{""detection_events"":96865,""detectors_checked"":46563328}"
    311296,         0,         0,    11.6,standalone_exact_mw,503ee55b5ad1b1988379a241a0405811522ee4d50b473755532ad1299cb121e2,"{""distance"":5,""physical_error_rate"":0.0005}","{""detection_events"":145426,""detectors_checked"":69730304}"
    313344,         0,         0,    11.7,standalone_exact_mw,503ee55b5ad1b1988379a241a0405811522ee4d50b473755532ad1299cb121e2,"{""distance"":5,""physical_error_rate"":0.0005}","{""detection_events"":146154,""detectors_checked"":70189056}"
    312320,         0,         0,    11.7,standalone_exact_mw,503ee55b5ad1b1988379a241a0405811522ee4d50b473755532ad1299cb121e2,"{""distance"":5,""physical_error_rate"":0.0005}","{""detection_events"":145595,""detectors_checked"":69959680}"
    313344,         0,         0,    11.6,standalone_exact_mw,503ee55b5ad1b1988379a241a0405811522ee4d50b473755532ad1299cb121e2,"{""distance"":5,""physical_error_rate"":0.0005}","{""detection_events"":145756,""detectors_checked"":70189056}"
    236544,         0,         0,    11.6,standalone_exact_mw,503ee55b5ad1b1988379a241a0405811522ee4d50b473755532ad1299cb121e2,"{""distance"":5,""physical_error_rate"":0.0005}","{""detection_events"":108963,""detectors_checked"":52985856}"
    185344,         0,         0,    11.7,standalone_exact_mw,503ee55b5ad1b1988379a241a0405811522ee4d50b473755532ad1299cb121e2,"{""distance"":5,""physical_error_rate"":0.0005}","{""detection_events"":86262,""detectors_checked"":41517056}"
    313344,         0,         0,    11.7,standalone_exact_mw,503ee55b5ad1b1988379a241a0405811522ee4d50b473755532ad1299cb121e2,"{""distance"":5,""physical_error_rate"":0.0005}","{""detection_events"":146731,""detectors_checked"":70189056}"
    176128,         0,         0,    11.7,standalone_exact_mw,503ee55b5ad1b1988379a241a0405811522ee4d50b473755532ad1299cb121e2,"{""distance"":5,""physical_error_rate"":0.0005}","{""detection_events"":82209,""detectors_checked"":39452672}"
    235520,         0,         0,    11.7,standalone_exact_mw,503ee55b5ad1b1988379a241a0405811522ee4d50b473755532ad1299cb121e2,"{""distance"":5,""physical_error_rate"":0.0005}","{""detection_events"":110479,""detectors_checked"":52756480}"
    236544,         0,         0,    11.7,standalone_exact_mw,503ee55b5ad1b1988379a241a0405811522ee4d50b473755532ad1299cb121e2,"{""distance"":5,""physical_error_rate"":0.0005}","{""detection_events"":110081,""detectors_checked"":52985856}"
   2551808,         0,         0,   119.3,standalone_exact_mw,503ee55b5ad1b1988379a241a0405811522ee4d50b473755532ad1299cb121e2,"{""distance"":5,""physical_error_rate"":0.0005}","{""detection_events"":1188957,""detectors_checked"":571604992}"
    312320,         0,         0,    11.7,standalone_exact_mw,503ee55b5ad1b1988379a241a0405811522ee4d50b473755532ad1299cb121e2,"{""distance"":5,""physical_error_rate"":0.0005}","{""detection_events"":145244,""detectors_checked"":69959680}"
    238592,         0,         0,    11.7,standalone_exact_mw,503ee55b5ad1b1988379a241a0405811522ee4d50b473755532ad1299cb121e2,"{""distance"":5,""physical_error_rate"":0.0005}","{""detection_events"":112252,""detectors_checked"":53444608}"
    311296,         0,         0,    11.7,standalone_exact_mw,503ee55b5ad1b1988379a241a0405811522ee4d50b473755532ad1299cb121e2,"{""distance"":5,""physical_error_rate"":0.0005}","{""detection_events"":145468,""detectors_checked"":69730304}"
    236544,         0,         0,    11.7,standalone_exact_mw,503ee55b5ad1b1988379a241a0405811522ee4d50b473755532ad1299cb121e2,"{""distance"":5,""physical_error_rate"":0.0005}","{""detection_events"":109614,""detectors_checked"":52985856}"
    657408,         0,         0,    32.1,standalone_exact_mw,503ee55b5ad1b1988379a241a0405811522ee4d50b473755532ad1299cb121e2,"{""distance"":5,""physical_error_rate"":0.0005}","{""detection_events"":304719,""detectors_checked"":147259392}"
    231424,         0,         0,    11.7,standalone_exact_mw,503ee55b5ad1b1988379a241a0405811522ee4d50b473755532ad1299cb121e2,"{""distance"":5,""physical_error_rate"":0.0005}","{""detection_events"":107684,""detectors_checked"":51838976}"
    234496,         0,         0,    11.7,standalone_exact_mw,503ee55b5ad1b1988379a241a0405811522ee4d50b473755532ad1299cb121e2,"{""distance"":5,""physical_error_rate"":0.0005}","{""detection_events"":108899,""detectors_checked"":52527104}"
    223232,         0,         0,    11.7,standalone_exact_mw,503ee55b5ad1b1988379a241a0405811522ee4d50b473755532ad1299cb121e2,"{""distance"":5,""physical_error_rate"":0.0005}","{""detection_events"":103698,""detectors_checked"":50003968}"
    193536,         0,         0,    11.7,standalone_exact_mw,503ee55b5ad1b1988379a241a0405811522ee4d50b473755532ad1299cb121e2,"{""distance"":5,""physical_error_rate"":0.0005}","{""detection_events"":90568,""detectors_checked"":43352064}"
    245760,         0,         0,    11.6,standalone_exact_mw,503ee55b5ad1b1988379a241a0405811522ee4d50b473755532ad1299cb121e2,"{""distance"":5,""physical_error_rate"":0.0005}","{""detection_events"":114897,""detectors_checked"":55050240}"
    640295,         1,         0,    25.7,standalone_exact_mw,503ee55b5ad1b1988379a241a0405811522ee4d50b473755532ad1299cb121e2,"{""distance"":5,""physical_error_rate"":0.0005}","{""detection_events"":297226,""detectors_checked"":143426080,""obs_mistake_mask=E"":1}"
   2581504,         2,         0,   115.3,standalone_exact_mw,503ee55b5ad1b1988379a241a0405811522ee4d50b473755532ad1299cb121e2,"{""distance"":5,""physical_error_rate"":0.0005}","{""detection_events"":1197722,""detectors_checked"":578256896,""obs_mistake_mask=E"":2}"
    233472,         0,         0,    11.7,standalone_exact_mw,503ee55b5ad1b1988379a241a0405811522ee4d50b473755532ad1299cb121e2,"{""distance"":5,""physical_error_rate"":0.0005}","{""detection_events"":109257,""detectors_checked"":52297728}"
    248832,         0,         0,    11.6,standalone_exact_mw,503ee55b5ad1b1988379a241a0405811522ee4d50b473755532ad1299cb121e2,"{""distance"":5,""physical_error_rate"":0.0005}","{""detection_events"":115837,""detectors_checked"":55738368}"
    229376,         0,         0,    11.7,standalone_exact_mw,503ee55b5ad1b1988379a241a0405811522ee4d50b473755532ad1299cb121e2,"{""distance"":5,""physical_error_rate"":0.0005}","{""detection_events"":107160,""detectors_checked"":51380224}"
    251904,         0,         0,    11.7,standalone_exact_mw,503ee55b5ad1b1988379a241a0405811522ee4d50b473755532ad1299cb121e2,"{""distance"":5,""physical_error_rate"":0.0005}","{""detection_events"":116290,""detectors_checked"":56426496}"
    285696,         0,         0,    11.7,standalone_exact_mw,503ee55b5ad1b1988379a241a0405811522ee4d50b473755532ad1299cb121e2,"{""distance"":5,""physical_error_rate"":0.0005}","{""detection_events"":133125,""detectors_checked"":63995904}"
    296960,         0,         0,    11.6,standalone_exact_mw,503ee55b5ad1b1988379a241a0405811522ee4d50b473755532ad1299cb121e2,"{""distance"":5,""physical_error_rate"":0.0005}","{""detection_events"":138839,""detectors_checked"":66519040}"
    270336,         0,         0,    16.4,standalone_exact_mw,503ee55b5ad1b1988379a241a0405811522ee4d50b473755532ad1299cb121e2,"{""distance"":5,""physical_error_rate"":0.0005}","{""detection_events"":126173,""detectors_checked"":60555264}"
    328704,         0,         0,    16.4,standalone_exact_mw,503ee55b5ad1b1988379a241a0405811522ee4d50b473755532ad1299cb121e2,"{""distance"":5,""physical_error_rate"":0.0005}","{""detection_events"":152451,""detectors_checked"":73629696}"
    430080,         0,         0,    16.3,standalone_exact_mw,503ee55b5ad1b1988379a241a0405811522ee4d50b473755532ad1299cb121e2,"{""distance"":5,""physical_error_rate"":0.0005}","{""detection_events"":199536,""detectors_checked"":96337920}"
    346112,         0,         0,    16.3,standalone_exact_mw,503ee55b5ad1b1988379a241a0405811522ee4d50b473755532ad1299cb121e2,"{""distance"":5,""physical_error_rate"":0.0005}","{""detection_events"":160387,""detectors_checked"":77529088}"
    403456,         0,         0,    16.3,standalone_exact_mw,503ee55b5ad1b1988379a241a0405811522ee4d50b473755532ad1299cb121e2,"{""distance"":5,""physical_error_rate"":0.0005}","{""detection_events"":189131,""detectors_checked"":90374144}"
    433152,         0,         0,    16.3,standalone_exact_mw,503ee55b5ad1b1988379a241a0405811522ee4d50b473755532ad1299cb121e2,"{""distance"":5,""physical_error_rate"":0.0005}","{""detection_events"":202270,""detectors_checked"":97026048}"
    339968,         0,         0,    16.4,standalone_exact_mw,503ee55b5ad1b1988379a241a0405811522ee4d50b473755532ad1299cb121e2,"{""distance"":5,""physical_error_rate"":0.0005}","{""detection_events"":157705,""detectors_checked"":76152832}"
    408576,         0,         0,    16.3,standalone_exact_mw,503ee55b5ad1b1988379a241a0405811522ee4d50b473755532ad1299cb121e2,"{""distance"":5,""physical_error_rate"":0.0005}","{""detection_events"":189945,""detectors_checked"":91521024}"
    415744,         0,         0,    16.3,standalone_exact_mw,503ee55b5ad1b1988379a241a0405811522ee4d50b473755532ad1299cb121e2,"{""distance"":5,""physical_error_rate"":0.0005}","{""detection_events"":193695,""detectors_checked"":93126656}"
    390144,         0,         0,    16.3,standalone_exact_mw,503ee55b5ad1b1988379a241a0405811522ee4d50b473755532ad1299cb121e2,"{""distance"":5,""physical_error_rate"":0.0005}","{""detection_events"":180859,""detectors_checked"":87392256}"
    319488,         0,         0,    16.4,standalone_exact_mw,503ee55b5ad1b1988379a241a0405811522ee4d50b473755532ad1299cb121e2,"{""distance"":5,""physical_error_rate"":0.0005}","{""detection_events"":147521,""detectors_checked"":71565312}"
    315392,         0,         0,    16.4,standalone_exact_mw,503ee55b5ad1b1988379a241a0405811522ee4d50b473755532ad1299cb121e2,"{""distance"":5,""physical_error_rate"":0.0005}","{""detection_events"":147733,""detectors_checked"":70647808}"
    274432,         0,         0,    16.3,standalone_exact_mw,503ee55b5ad1b1988379a241a0405811522ee4d50b473755532ad1299cb121e2,"{""distance"":5,""physical_error_rate"":0.0005}","{""detection_events"":127866,""detectors_checked"":61472768}"
    411648,         0,         0,    16.3,standalone_exact_mw,503ee55b5ad1b1988379a241a0405811522ee4d50b473755532ad1299cb121e2,"{""distance"":5,""physical_error_rate"":0.0005}","{""detection_events"":193010,""detectors_checked"":92209152}"
    406528,         0,         0,    16.3,standalone_exact_mw,503ee55b5ad1b1988379a241a0405811522ee4d50b473755532ad1299cb121e2,"{""distance"":5,""physical_error_rate"":0.0005}","{""detection_events"":188684,""detectors_checked"":91062272}"
    281600,         0,         0,    16.4,standalone_exact_mw,503ee55b5ad1b1988379a241a0405811522ee4d50b473755532ad1299cb121e2,"{""distance"":5,""physical_error_rate"":0.0005}","{""detection_events"":131250,""detectors_checked"":63078400}"
    317440,         0,         0,    16.3,standalone_exact_mw,503ee55b5ad1b1988379a241a0405811522ee4d50b473755532ad1299cb121e2,"{""distance"":5,""physical_error_rate"":0.0005}","{""detection_events"":147687,""detectors_checked"":71106560}"
    394240,         1,         0,    16.3,standalone_exact_mw,503ee55b5ad1b1988379a241a0405811522ee4d50b473755532ad1299cb121e2,"{""distance"":5,""physical_error_rate"":0.0005}","{""detection_events"":184220,""detectors_checked"":88309760,""obs_mistake_mask=E"":1}"
    360448,         1,         0,    16.3,standalone_exact_mw,503ee55b5ad1b1988379a241a0405811522ee4d50b473755532ad1299cb121e2,"{""distance"":5,""physical_error_rate"":0.0005}","{""detection_events"":167459,""detectors_checked"":80740352,""obs_mistake_mask=E"":1}"
    405504,         0,         0,    16.3,standalone_exact_mw,503ee55b5ad1b1988379a241a0405811522ee4d50b473755532ad1299cb121e2,"{""distance"":5,""physical_error_rate"":0.0005}","{""detection_events"":186744,""detectors_checked"":90832896}"
    377856,         0,         0,    16.3,standalone_exact_mw,503ee55b5ad1b1988379a241a0405811522ee4d50b473755532ad1299cb121e2,"{""distance"":5,""physical_error_rate"":0.0005}","{""detection_events"":174545,""detectors_checked"":84639744}"
    402432,         0,         0,    16.4,standalone_exact_mw,503ee55b5ad1b1988379a241a0405811522ee4d50b473755532ad1299cb121e2,"{""distance"":5,""physical_error_rate"":0.0005}","{""detection_events"":185755,""detectors_checked"":90144768}"
    379904,         0,         0,    16.4,standalone_exact_mw,503ee55b5ad1b1988379a241a0405811522ee4d50b473755532ad1299cb121e2,"{""distance"":5,""physical_error_rate"":0.0005}","{""detection_events"":176714,""detectors_checked"":85098496}"
    285696,         0,         0,    16.3,standalone_exact_mw,503ee55b5ad1b1988379a241a0405811522ee4d50b473755532ad1299cb121e2,"{""distance"":5,""physical_error_rate"":0.0005}","{""detection_events"":133634,""detectors_checked"":63995904}"
    352256,         0,         0,    16.4,standalone_exact_mw,503ee55b5ad1b1988379a241a0405811522ee4d50b473755532ad1299cb121e2,"{""distance"":5,""physical_error_rate"":0.0005}","{""detection_events"":164313,""detectors_checked"":78905344}"
    403456,         0,         0,    16.3,standalone_exact_mw,503ee55b5ad1b1988379a241a0405811522ee4d50b473755532ad1299cb121e2,"{""distance"":5,""physical_error_rate"":0.0005}","{""detection_events"":187517,""detectors_checked"":90374144}"
   2490275,         0,         0,    96.0,standalone_exact_mw,503ee55b5ad1b1988379a241a0405811522ee4d50b473755532ad1299cb121e2,"{""distance"":5,""physical_error_rate"":0.0005}","{""detection_events"":1155396,""detectors_checked"":557821600}"
    347136,         0,         0,    16.3,standalone_exact_mw,503ee55b5ad1b1988379a241a0405811522ee4d50b473755532ad1299cb121e2,"{""distance"":5,""physical_error_rate"":0.0005}","{""detection_events"":161283,""detectors_checked"":77758464}"
    404480,         0,         0,    16.3,standalone_exact_mw,503ee55b5ad1b1988379a241a0405811522ee4d50b473755532ad1299cb121e2,"{""distance"":5,""physical_error_rate"":0.0005}","{""detection_events"":189257,""detectors_checked"":90603520}"
    349184,         1,         0,    16.4,standalone_exact_mw,503ee55b5ad1b1988379a241a0405811522ee4d50b473755532ad1299cb121e2,"{""distance"":5,""physical_error_rate"":0.0005}","{""detection_events"":163579,""detectors_checked"":78217216,""obs_mistake_mask=E"":1}"
    406528,         0,         0,    16.4,standalone_exact_mw,503ee55b5ad1b1988379a241a0405811522ee4d50b473755532ad1299cb121e2,"{""distance"":5,""physical_error_rate"":0.0005}","{""detection_events"":189084,""detectors_checked"":91062272}"
    424960,         0,         0,    16.5,standalone_exact_mw,503ee55b5ad1b1988379a241a0405811522ee4d50b473755532ad1299cb121e2,"{""distance"":5,""physical_error_rate"":0.0005}","{""detection_events"":197399,""detectors_checked"":95191040}"
   2239140,         0,         0,   104.5,standalone_exact_mw,503ee55b5ad1b1988379a241a0405811522ee4d50b473755532ad1299cb121e2,"{""distance"":5,""physical_error_rate"":0.0005}","{""detection_events"":1043784,""detectors_checked"":501567360}"
    355328,         1,         0,    16.4,standalone_exact_mw,503ee55b5ad1b1988379a241a0405811522ee4d50b473755532ad1299cb121e2,"{""distance"":5,""physical_error_rate"":0.0005}","{""detection_events"":165093,""detectors_checked"":79593472,""obs_mistake_mask=E"":1}"
   2173962,         3,         0,   115.0,standalone_exact_mw,503ee55b5ad1b1988379a241a0405811522ee4d50b473755532ad1299cb121e2,"{""distance"":5,""physical_error_rate"":0.0005}","{""detection_events"":1012439,""detectors_checked"":486967488,""obs_mistake_mask=E"":3}"
   2134441,         0,         0,   107.0,standalone_exact_mw,503ee55b5ad1b1988379a241a0405811522ee4d50b473755532ad1299cb121e2,"{""distance"":5,""physical_error_rate"":0.0005}","{""detection_events"":992220,""detectors_checked"":478114784}"
   2101091,         1,         0,   107.8,standalone_exact_mw,503ee55b5ad1b1988379a241a0405811522ee4d50b473755532ad1299cb121e2,"{""distance"":5,""physical_error_rate"":0.0005}","{""detection_events"":975810,""detectors_checked"":470644384,""obs_mistake_mask=E"":1}"
   2068261,         4,         0,    84.0,standalone_exact_mw,503ee55b5ad1b1988379a241a0405811522ee4d50b473755532ad1299cb121e2,"{""distance"":5,""physical_error_rate"":0.0005}","{""detection_events"":963802,""detectors_checked"":463290464,""obs_mistake_mask=E"":4}"
   2035945,         2,         0,    75.1,standalone_exact_mw,503ee55b5ad1b1988379a241a0405811522ee4d50b473755532ad1299cb121e2,"{""distance"":5,""physical_error_rate"":0.0005}","{""detection_events"":948689,""detectors_checked"":456051680,""obs_mistake_mask=E"":2}"
   1105920,         0,         0,    44.7,standalone_exact_mw,503ee55b5ad1b1988379a241a0405811522ee4d50b473755532ad1299cb121e2,"{""distance"":5,""physical_error_rate"":0.0005}","{""detection_events"":516641,""detectors_checked"":247726080}"
   1101824,         3,         0,    44.6,standalone_exact_mw,503ee55b5ad1b1988379a241a0405811522ee4d50b473755532ad1299cb121e2,"{""distance"":5,""physical_error_rate"":0.0005}","{""detection_events"":512678,""detectors_checked"":246808576,""obs_mistake_mask=E"":3}"
   1176576,         0,         0,    44.7,standalone_exact_mw,503ee55b5ad1b1988379a241a0405811522ee4d50b473755532ad1299cb121e2,"{""distance"":5,""physical_error_rate"":0.0005}","{""detection_events"":546499,""detectors_checked"":263553024}"
    959488,         1,         0,    44.8,standalone_exact_mw,503ee55b5ad1b1988379a241a0405811522ee4d50b473755532ad1299cb121e2,"{""distance"":5,""physical_error_rate"":0.0005}","{""detection_events"":445817,""detectors_checked"":214925312,""obs_mistake_mask=E"":1}"
    749568,         0,         0,    22.8,standalone_exact_mw,503ee55b5ad1b1988379a241a0405811522ee4d50b473755532ad1299cb121e2,"{""distance"":5,""physical_error_rate"":0.0005}","{""detection_events"":349558,""detectors_checked"":167903232}"
    522240,         0,         0,    22.8,standalone_exact_mw,503ee55b5ad1b1988379a241a0405811522ee4d50b473755532ad1299cb121e2,"{""distance"":5,""physical_error_rate"":0.0005}","{""detection_events"":243390,""detectors_checked"":116981760}"
   1029120,         0,         0,    44.7,standalone_exact_mw,503ee55b5ad1b1988379a241a0405811522ee4d50b473755532ad1299cb121e2,"{""distance"":5,""physical_error_rate"":0.0005}","{""detection_events"":479463,""detectors_checked"":230522880}"
    979968,         1,         0,    44.6,standalone_exact_mw,503ee55b5ad1b1988379a241a0405811522ee4d50b473755532ad1299cb121e2,"{""distance"":5,""physical_error_rate"":0.0005}","{""detection_events"":454496,""detectors_checked"":219512832,""obs_mistake_mask=E"":1}"
   1148928,         1,         0,    44.6,standalone_exact_mw,503ee55b5ad1b1988379a241a0405811522ee4d50b473755532ad1299cb121e2,"{""distance"":5,""physical_error_rate"":0.0005}","{""detection_events"":534260,""detectors_checked"":257359872,""obs_mistake_mask=E"":1}"
    581632,         0,         0,    22.7,standalone_exact_mw,503ee55b5ad1b1988379a241a0405811522ee4d50b473755532ad1299cb121e2,"{""distance"":5,""physical_error_rate"":0.0005}","{""detection_events"":268620,""detectors_checked"":130285568}"
    517120,         1,         0,    22.7,standalone_exact_mw,503ee55b5ad1b1988379a241a0405811522ee4d50b473755532ad1299cb121e2,"{""distance"":5,""physical_error_rate"":0.0005}","{""detection_events"":239731,""detectors_checked"":115834880,""obs_mistake_mask=E"":1}"
    566272,         1,         0,    22.8,standalone_exact_mw,503ee55b5ad1b1988379a241a0405811522ee4d50b473755532ad1299cb121e2,"{""distance"":5,""physical_error_rate"":0.0005}","{""detection_events"":264767,""detectors_checked"":126844928,""obs_mistake_mask=E"":1}"
    575488,         0,         0,    22.8,standalone_exact_mw,503ee55b5ad1b1988379a241a0405811522ee4d50b473755532ad1299cb121e2,"{""distance"":5,""physical_error_rate"":0.0005}","{""detection_events"":268174,""detectors_checked"":128909312}"
    458752,         0,         0,    22.8,standalone_exact_mw,503ee55b5ad1b1988379a241a0405811522ee4d50b473755532ad1299cb121e2,"{""distance"":5,""physical_error_rate"":0.0005}","{""detection_events"":212825,""detectors_checked"":102760448}"
    494592,         1,         0,    22.7,standalone_exact_mw,503ee55b5ad1b1988379a241a0405811522ee4d50b473755532ad1299cb121e2,"{""distance"":5,""physical_error_rate"":0.0005}","{""detection_events"":230314,""detectors_checked"":110788608,""obs_mistake_mask=E"":1}"
    525312,         0,         0,    22.7,standalone_exact_mw,503ee55b5ad1b1988379a241a0405811522ee4d50b473755532ad1299cb121e2,"{""distance"":5,""physical_error_rate"":0.0005}","{""detection_events"":244565,""detectors_checked"":117669888}"
    549888,         0,         0,    22.8,standalone_exact_mw,503ee55b5ad1b1988379a241a0405811522ee4d50b473755532ad1299cb121e2,"{""distance"":5,""physical_error_rate"":0.0005}","{""detection_events"":256003,""detectors_checked"":123174912}"
    437248,         0,         0,    22.7,standalone_exact_mw,503ee55b5ad1b1988379a241a0405811522ee4d50b473755532ad1299cb121e2,"{""distance"":5,""physical_error_rate"":0.0005}","{""detection_events"":203605,""detectors_checked"":97943552}"
    868352,         0,         0,    44.6,standalone_exact_mw,503ee55b5ad1b1988379a241a0405811522ee4d50b473755532ad1299cb121e2,"{""distance"":5,""physical_error_rate"":0.0005}","{""detection_events"":402903,""detectors_checked"":194510848}"
    465920,         0,         0,    22.8,standalone_exact_mw,503ee55b5ad1b1988379a241a0405811522ee4d50b473755532ad1299cb121e2,"{""distance"":5,""physical_error_rate"":0.0005}","{""detection_events"":217161,""detectors_checked"":104366080}"
    589824,         0,         0,    22.8,standalone_exact_mw,503ee55b5ad1b1988379a241a0405811522ee4d50b473755532ad1299cb121e2,"{""distance"":5,""physical_error_rate"":0.0005}","{""detection_events"":274326,""detectors_checked"":132120576}"
    499712,         0,         0,    22.8,standalone_exact_mw,503ee55b5ad1b1988379a241a0405811522ee4d50b473755532ad1299cb121e2,"{""distance"":5,""physical_error_rate"":0.0005}","{""detection_events"":232619,""detectors_checked"":111935488}"
    557056,         0,         0,    22.8,standalone_exact_mw,503ee55b5ad1b1988379a241a0405811522ee4d50b473755532ad1299cb121e2,"{""distance"":5,""physical_error_rate"":0.0005}","{""detection_events"":261312,""detectors_checked"":124780544}"
    467968,         0,         0,    22.8,standalone_exact_mw,503ee55b5ad1b1988379a241a0405811522ee4d50b473755532ad1299cb121e2,"{""distance"":5,""physical_error_rate"":0.0005}","{""detection_events"":217699,""detectors_checked"":104824832}"
    460800,         1,         0,    22.8,standalone_exact_mw,503ee55b5ad1b1988379a241a0405811522ee4d50b473755532ad1299cb121e2,"{""distance"":5,""physical_error_rate"":0.0005}","{""detection_events"":213414,""detectors_checked"":103219200,""obs_mistake_mask=E"":1}"
   2004133,         2,         0,    71.2,standalone_exact_mw,503ee55b5ad1b1988379a241a0405811522ee4d50b473755532ad1299cb121e2,"{""distance"":5,""physical_error_rate"":0.0005}","{""detection_events"":931776,""detectors_checked"":448925792,""obs_mistake_mask=E"":2}"
   1742848,         0,         0,    66.2,standalone_exact_mw,503ee55b5ad1b1988379a241a0405811522ee4d50b473755532ad1299cb121e2,"{""distance"":5,""physical_error_rate"":0.0005}","{""detection_events"":810080,""detectors_checked"":390397952}"
   1990656,         0,         0,    84.0,standalone_exact_mw,503ee55b5ad1b1988379a241a0405811522ee4d50b473755532ad1299cb121e2,"{""distance"":5,""physical_error_rate"":0.0005}","{""detection_events"":925518,""detectors_checked"":445906944}"
   1144832,         1,         0,    44.6,standalone_exact_mw,503ee55b5ad1b1988379a241a0405811522ee4d50b473755532ad1299cb121e2,"{""distance"":5,""physical_error_rate"":0.0005}","{""detection_events"":532010,""detectors_checked"":256442368,""obs_mistake_mask=E"":1}"
    527360,         0,         0,    22.7,standalone_exact_mw,503ee55b5ad1b1988379a241a0405811522ee4d50b473755532ad1299cb121e2,"{""distance"":5,""physical_error_rate"":0.0005}","{""detection_events"":245833,""detectors_checked"":118128640}"
    450560,         0,         0,    22.8,standalone_exact_mw,503ee55b5ad1b1988379a241a0405811522ee4d50b473755532ad1299cb121e2,"{""distance"":5,""physical_error_rate"":0.0005}","{""detection_events"":210960,""detectors_checked"":100925440}"
    514048,         0,         0,    22.9,standalone_exact_mw,503ee55b5ad1b1988379a241a0405811522ee4d50b473755532ad1299cb121e2,"{""distance"":5,""physical_error_rate"":0.0005}","{""detection_events"":240418,""detectors_checked"":115146752}"
    438272,         0,         0,    22.8,standalone_exact_mw,503ee55b5ad1b1988379a241a0405811522ee4d50b473755532ad1299cb121e2,"{""distance"":5,""physical_error_rate"":0.0005}","{""detection_events"":203631,""detectors_checked"":98172928}"
    494592,         0,         0,    22.8,standalone_exact_mw,503ee55b5ad1b1988379a241a0405811522ee4d50b473755532ad1299cb121e2,"{""distance"":5,""physical_error_rate"":0.0005}","{""detection_events"":230523,""detectors_checked"":110788608}"
    508928,         0,         0,    22.6,standalone_exact_mw,503ee55b5ad1b1988379a241a0405811522ee4d50b473755532ad1299cb121e2,"{""distance"":5,""physical_error_rate"":0.0005}","{""detection_events"":235315,""detectors_checked"":113999872}"
   1701106,         0,         0,    71.3,standalone_exact_mw,503ee55b5ad1b1988379a241a0405811522ee4d50b473755532ad1299cb121e2,"{""distance"":5,""physical_error_rate"":0.0005}","{""detection_events"":790661,""detectors_checked"":381047744}"
   1588224,         3,         0,    69.1,standalone_exact_mw,503ee55b5ad1b1988379a241a0405811522ee4d50b473755532ad1299cb121e2,"{""distance"":5,""physical_error_rate"":0.0005}","{""detection_events"":739559,""detectors_checked"":355762176,""obs_mistake_mask=E"":3}"
   1571840,         0,         0,    69.4,standalone_exact_mw,503ee55b5ad1b1988379a241a0405811522ee4d50b473755532ad1299cb121e2,"{""distance"":5,""physical_error_rate"":0.0005}","{""detection_events"":731981,""detectors_checked"":352092160}"
    445440,         0,         0,    22.6,standalone_exact_mw,503ee55b5ad1b1988379a241a0405811522ee4d50b473755532ad1299cb121e2,"{""distance"":5,""physical_error_rate"":0.0005}","{""detection_events"":207472,""detectors_checked"":99778560}"
    520192,         0,         0,    22.7,standalone_exact_mw,503ee55b5ad1b1988379a241a0405811522ee4d50b473755532ad1299cb121e2,"{""distance"":5,""physical_error_rate"":0.0005}","{""detection_events"":241941,""detectors_checked"":116523008}"
    547840,         0,         0,    22.7,standalone_exact_mw,503ee55b5ad1b1988379a241a0405811522ee4d50b473755532ad1299cb121e2,"{""distance"":5,""physical_error_rate"":0.0005}","{""detection_events"":255169,""detectors_checked"":122716160}"
    481280,         0,         0,    22.9,standalone_exact_mw,503ee55b5ad1b1988379a241a0405811522ee4d50b473755532ad1299cb121e2,"{""distance"":5,""physical_error_rate"":0.0005}","{""detection_events"":222735,""detectors_checked"":107806720}"
    543744,         0,         0,    22.7,standalone_exact_mw,503ee55b5ad1b1988379a241a0405811522ee4d50b473755532ad1299cb121e2,"{""distance"":5,""physical_error_rate"":0.0005}","{""detection_events"":251704,""detectors_checked"":121798656}"
    477184,         0,         0,    22.7,standalone_exact_mw,503ee55b5ad1b1988379a241a0405811522ee4d50b473755532ad1299cb121e2,"{""distance"":5,""physical_error_rate"":0.0005}","{""detection_events"":222654,""detectors_checked"":106889216}"
   1552463,         1,         0,    72.3,standalone_exact_mw,503ee55b5ad1b1988379a241a0405811522ee4d50b473755532ad1299cb121e2,"{""distance"":5,""physical_error_rate"":0.0005}","{""detection_events"":721065,""detectors_checked"":347751712,""obs_mistake_mask=E"":1}"
   1431709,         0,         0,    68.2,standalone_exact_mw,503ee55b5ad1b1988379a241a0405811522ee4d50b473755532ad1299cb121e2,"{""distance"":5,""physical_error_rate"":0.0005}","{""detection_events"":664512,""detectors_checked"":320702816}"
    550912,         1,         0,    22.8,standalone_exact_mw,503ee55b5ad1b1988379a241a0405811522ee4d50b473755532ad1299cb121e2,"{""distance"":5,""physical_error_rate"":0.0005}","{""detection_events"":257722,""detectors_checked"":123404288,""obs_mistake_mask=E"":1}"
    951296,         2,         0,    44.7,standalone_exact_mw,503ee55b5ad1b1988379a241a0405811522ee4d50b473755532ad1299cb121e2,"{""distance"":5,""physical_error_rate"":0.0005}","{""detection_events"":439871,""detectors_checked"":213090304,""obs_mistake_mask=E"":2}"
    454656,         0,         0,    22.7,standalone_exact_mw,503ee55b5ad1b1988379a241a0405811522ee4d50b473755532ad1299cb121e2,"{""distance"":5,""physical_error_rate"":0.0005}","{""detection_events"":211393,""detectors_checked"":101842944}"
    480256,         0,         0,    22.7,standalone_exact_mw,503ee55b5ad1b1988379a241a0405811522ee4d50b473755532ad1299cb121e2,"{""distance"":5,""physical_error_rate"":0.0005}","{""detection_events"":223552,""detectors_checked"":107577344}"
   1409339,         1,         0,    69.4,standalone_exact_mw,503ee55b5ad1b1988379a241a0405811522ee4d50b473755532ad1299cb121e2,"{""distance"":5,""physical_error_rate"":0.0005}","{""detection_events"":654794,""detectors_checked"":315691936,""obs_mistake_mask=E"":1}"
   1384448,         1,         0,    70.7,standalone_exact_mw,503ee55b5ad1b1988379a241a0405811522ee4d50b473755532ad1299cb121e2,"{""distance"":5,""physical_error_rate"":0.0005}","{""detection_events"":643196,""detectors_checked"":310116352,""obs_mistake_mask=E"":1}"
   1349238,         0,         0,    74.1,standalone_exact_mw,503ee55b5ad1b1988379a241a0405811522ee4d50b473755532ad1299cb121e2,"{""distance"":5,""physical_error_rate"":0.0005}","{""detection_events"":626900,""detectors_checked"":302229312}"
   1306524,         0,         0,    58.3,standalone_exact_mw,503ee55b5ad1b1988379a241a0405811522ee4d50b473755532ad1299cb121e2,"{""distance"":5,""physical_error_rate"":0.0005}","{""detection_events"":608508,""detectors_checked"":292661376}"
   1286110,         1,         0,    57.0,standalone_exact_mw,503ee55b5ad1b1988379a241a0405811522ee4d50b473755532ad1299cb121e2,"{""distance"":5,""physical_error_rate"":0.0005}","{""detection_events"":596336,""detectors_checked"":288088640,""obs_mistake_mask=E"":1}"
   1266014,         0,         0,    55.0,standalone_exact_mw,503ee55b5ad1b1988379a241a0405811522ee4d50b473755532ad1299cb121e2,"{""distance"":5,""physical_error_rate"":0.0005}","{""detection_events"":586998,""detectors_checked"":283587136}"
   1246233,         0,         0,    55.5,standalone_exact_mw,503ee55b5ad1b1988379a241a0405811522ee4d50b473755532ad1299cb121e2,"{""distance"":5,""physical_error_rate"":0.0005}","{""detection_events"":581358,""detectors_checked"":279156192}"
    919552,         0,         0,    31.9,standalone_exact_mw,503ee55b5ad1b1988379a241a0405811522ee4d50b473755532ad1299cb121e2,"{""distance"":5,""physical_error_rate"":0.0005}","{""detection_events"":428630,""detectors_checked"":205979648}"
    763904,         1,         0,    31.9,standalone_exact_mw,503ee55b5ad1b1988379a241a0405811522ee4d50b473755532ad1299cb121e2,"{""distance"":5,""physical_error_rate"":0.0005}","{""detection_events"":354540,""detectors_checked"":171114496,""obs_mistake_mask=E"":1}"
    845824,         0,         0,    31.8,standalone_exact_mw,503ee55b5ad1b1988379a241a0405811522ee4d50b473755532ad1299cb121e2,"{""distance"":5,""physical_error_rate"":0.0005}","{""detection_events"":391905,""detectors_checked"":189464576}"
    558080,         0,         0,    31.9,standalone_exact_mw,503ee55b5ad1b1988379a241a0405811522ee4d50b473755532ad1299cb121e2,"{""distance"":5,""physical_error_rate"":0.0005}","{""detection_events"":260213,""detectors_checked"":125009920}"
    752640,         2,         0,    31.8,standalone_exact_mw,503ee55b5ad1b1988379a241a0405811522ee4d50b473755532ad1299cb121e2,"{""distance"":5,""physical_error_rate"":0.0005}","{""detection_events"":350305,""detectors_checked"":168591360,""obs_mistake_mask=E"":2}"
    822272,         0,         0,    31.9,standalone_exact_mw,503ee55b5ad1b1988379a241a0405811522ee4d50b473755532ad1299cb121e2,"{""distance"":5,""physical_error_rate"":0.0005}","{""detection_events"":382152,""detectors_checked"":184188928}"
    712704,         0,         0,    32.0,standalone_exact_mw,503ee55b5ad1b1988379a241a0405811522ee4d50b473755532ad1299cb121e2,"{""distance"":5,""physical_error_rate"":0.0005}","{""detection_events"":331624,""detectors_checked"":159645696}"
    734208,         0,         0,    31.9,standalone_exact_mw,503ee55b5ad1b1988379a241a0405811522ee4d50b473755532ad1299cb121e2,"{""distance"":5,""physical_error_rate"":0.0005}","{""detection_events"":341406,""detectors_checked"":164462592}"
    762880,         0,         0,    31.8,standalone_exact_mw,503ee55b5ad1b1988379a241a0405811522ee4d50b473755532ad1299cb121e2,"{""distance"":5,""physical_error_rate"":0.0005}","{""detection_events"":354913,""detectors_checked"":170885120}"
    653312,         0,         0,    31.9,standalone_exact_mw,503ee55b5ad1b1988379a241a0405811522ee4d50b473755532ad1299cb121e2,"{""distance"":5,""physical_error_rate"":0.0005}","{""detection_events"":303430,""detectors_checked"":146341888}"
    762880,         1,         0,    31.9,standalone_exact_mw,503ee55b5ad1b1988379a241a0405811522ee4d50b473755532ad1299cb121e2,"{""distance"":5,""physical_error_rate"":0.0005}","{""detection_events"":354683,""detectors_checked"":170885120,""obs_mistake_mask=E"":1}"
    744448,         1,         0,    31.7,standalone_exact_mw,503ee55b5ad1b1988379a241a0405811522ee4d50b473755532ad1299cb121e2,"{""distance"":5,""physical_error_rate"":0.0005}","{""detection_events"":347636,""detectors_checked"":166756352,""obs_mistake_mask=E"":1}"
    678912,         0,         0,    31.7,standalone_exact_mw,503ee55b5ad1b1988379a241a0405811522ee4d50b473755532ad1299cb121e2,"{""distance"":5,""physical_error_rate"":0.0005}","{""detection_events"":315467,""detectors_checked"":152076288}"
    681984,         1,         0,    31.9,standalone_exact_mw,503ee55b5ad1b1988379a241a0405811522ee4d50b473755532ad1299cb121e2,"{""distance"":5,""physical_error_rate"":0.0005}","{""detection_events"":316873,""detectors_checked"":152764416,""obs_mistake_mask=E"":1}"
    666624,         0,         0,    31.8,standalone_exact_mw,503ee55b5ad1b1988379a241a0405811522ee4d50b473755532ad1299cb121e2,"{""distance"":5,""physical_error_rate"":0.0005}","{""detection_events"":308695,""detectors_checked"":149323776}"
    806912,         1,         0,    31.9,standalone_exact_mw,503ee55b5ad1b1988379a241a0405811522ee4d50b473755532ad1299cb121e2,"{""distance"":5,""physical_error_rate"":0.0005}","{""detection_events"":376263,""detectors_checked"":180748288,""obs_mistake_mask=E"":1}"
    719872,         0,         0,    31.9,standalone_exact_mw,503ee55b5ad1b1988379a241a0405811522ee4d50b473755532ad1299cb121e2,"{""distance"":5,""physical_error_rate"":0.0005}","{""detection_events"":335389,""detectors_checked"":161251328}"
    860160,         0,         0,    32.0,standalone_exact_mw,503ee55b5ad1b1988379a241a0405811522ee4d50b473755532ad1299cb121e2,"{""distance"":5,""physical_error_rate"":0.0005}","{""detection_events"":400506,""detectors_checked"":192675840}"
    618496,         0,         0,    31.8,standalone_exact_mw,503ee55b5ad1b1988379a241a0405811522ee4d50b473755532ad1299cb121e2,"{""distance"":5,""physical_error_rate"":0.0005}","{""detection_events"":287988,""detectors_checked"":138543104}"
    695296,         0,         0,    31.9,standalone_exact_mw,503ee55b5ad1b1988379a241a0405811522ee4d50b473755532ad1299cb121e2,"{""distance"":5,""physical_error_rate"":0.0005}","{""detection_events"":323335,""detectors_checked"":155746304}"
    704512,         0,         0,    31.9,standalone_exact_mw,503ee55b5ad1b1988379a241a0405811522ee4d50b473755532ad1299cb121e2,"{""distance"":5,""physical_error_rate"":0.0005}","{""detection_events"":330269,""detectors_checked"":157810688}"
   1226760,         0,         0,    52.5,standalone_exact_mw,503ee55b5ad1b1988379a241a0405811522ee4d50b473755532ad1299cb121e2,"{""distance"":5,""physical_error_rate"":0.0005}","{""detection_events"":571153,""detectors_checked"":274794240}"
   1060864,         0,         0,    48.6,standalone_exact_mw,503ee55b5ad1b1988379a241a0405811522ee4d50b473755532ad1299cb121e2,"{""distance"":5,""physical_error_rate"":0.0005}","{""detection_events"":494995,""detectors_checked"":237633536}"
   1097728,         2,         0,    45.2,standalone_exact_mw,503ee55b5ad1b1988379a241a0405811522ee4d50b473755532ad1299cb121e2,"{""distance"":5,""physical_error_rate"":0.0005}","{""detection_events"":511440,""detectors_checked"":245891072,""obs_mistake_mask=E"":2}"
   1044480,         2,         0,    39.3,standalone_exact_mw,503ee55b5ad1b1988379a241a0405811522ee4d50b473755532ad1299cb121e2,"{""distance"":5,""physical_error_rate"":0.0005}","{""detection_events"":485134,""detectors_checked"":233963520,""obs_mistake_mask=E"":2}"
    998400,         0,         0,    46.4,standalone_exact_mw,503ee55b5ad1b1988379a241a0405811522ee4d50b473755532ad1299cb121e2,"{""distance"":5,""physical_error_rate"":0.0005}","{""detection_events"":464102,""detectors_checked"":223641600}"
   1063936,         0,         0,    41.7,standalone_exact_mw,503ee55b5ad1b1988379a241a0405811522ee4d50b473755532ad1299cb121e2,"{""distance"":5,""physical_error_rate"":0.0005}","{""detection_events"":496124,""detectors_checked"":238321664}"
    965944,         0,         0,    37.5,standalone_exact_mw,503ee55b5ad1b1988379a241a0405811522ee4d50b473755532ad1299cb121e2,"{""distance"":5,""physical_error_rate"":0.0005}","{""detection_events"":450006,""detectors_checked"":216371456}"
    935936,         0,         0,    37.2,standalone_exact_mw,503ee55b5ad1b1988379a241a0405811522ee4d50b473755532ad1299cb121e2,"{""distance"":5,""physical_error_rate"":0.0005}","{""detection_events"":434453,""detectors_checked"":209649664}"
    927744,         0,         0,    33.8,standalone_exact_mw,503ee55b5ad1b1988379a241a0405811522ee4d50b473755532ad1299cb121e2,"{""distance"":5,""physical_error_rate"":0.0005}","{""detection_events"":433177,""detectors_checked"":207814656}"
    901120,         0,         0,    43.0,standalone_exact_mw,503ee55b5ad1b1988379a241a0405811522ee4d50b473755532ad1299cb121e2,"{""distance"":5,""physical_error_rate"":0.0005}","{""detection_events"":416962,""detectors_checked"":201850880}"
    911360,         0,         0,    37.2,standalone_exact_mw,503ee55b5ad1b1988379a241a0405811522ee4d50b473755532ad1299cb121e2,"{""distance"":5,""physical_error_rate"":0.0005}","{""detection_events"":422922,""detectors_checked"":204144640}"
    957440,         1,         0,    37.3,standalone_exact_mw,503ee55b5ad1b1988379a241a0405811522ee4d50b473755532ad1299cb121e2,"{""distance"":5,""physical_error_rate"":0.0005}","{""detection_events"":446110,""detectors_checked"":214466560,""obs_mistake_mask=E"":1}"
    868579,         0,         0,    35.2,standalone_exact_mw,503ee55b5ad1b1988379a241a0405811522ee4d50b473755532ad1299cb121e2,"{""distance"":5,""physical_error_rate"":0.0005}","{""detection_events"":402609,""detectors_checked"":194561696}"
    833536,         0,         0,    33.9,standalone_exact_mw,503ee55b5ad1b1988379a241a0405811522ee4d50b473755532ad1299cb121e2,"{""distance"":5,""physical_error_rate"":0.0005}","{""detection_events"":387797,""detectors_checked"":186712064}"
    792576,         1,         0,    30.7,standalone_exact_mw,503ee55b5ad1b1988379a241a0405811522ee4d50b473755532ad1299cb121e2,"{""distance"":5,""physical_error_rate"":0.0005}","{""detection_events"":368477,""detectors_checked"":177537024,""obs_mistake_mask=E"":1}"
    782608,         0,         0,    36.9,standalone_exact_mw,503ee55b5ad1b1988379a241a0405811522ee4d50b473755532ad1299cb121e2,"{""distance"":5,""physical_error_rate"":0.0005}","{""detection_events"":364495,""detectors_checked"":175304192}"
    753664,         0,         0,    29.6,standalone_exact_mw,503ee55b5ad1b1988379a241a0405811522ee4d50b473755532ad1299cb121e2,"{""distance"":5,""physical_error_rate"":0.0005}","{""detection_events"":350751,""detectors_checked"":168820736}"
    751616,         1,         0,    30.5,standalone_exact_mw,503ee55b5ad1b1988379a241a0405811522ee4d50b473755532ad1299cb121e2,"{""distance"":5,""physical_error_rate"":0.0005}","{""detection_events"":348746,""detectors_checked"":168361984,""obs_mistake_mask=E"":1}"
    750592,         0,         0,    34.2,standalone_exact_mw,503ee55b5ad1b1988379a241a0405811522ee4d50b473755532ad1299cb121e2,"{""distance"":5,""physical_error_rate"":0.0005}","{""detection_events"":348246,""detectors_checked"":168132608}"
    737280,         0,         0,    31.9,standalone_exact_mw,503ee55b5ad1b1988379a241a0405811522ee4d50b473755532ad1299cb121e2,"{""distance"":5,""physical_error_rate"":0.0005}","{""detection_events"":344258,""detectors_checked"":165150720}"
    744972,         3,         0,    37.5,standalone_exact_mw,503ee55b5ad1b1988379a241a0405811522ee4d50b473755532ad1299cb121e2,"{""distance"":5,""physical_error_rate"":0.0005}","{""detection_events"":345992,""detectors_checked"":166873728,""obs_mistake_mask=E"":3}"
    711680,         0,         0,    29.3,standalone_exact_mw,503ee55b5ad1b1988379a241a0405811522ee4d50b473755532ad1299cb121e2,"{""distance"":5,""physical_error_rate"":0.0005}","{""detection_events"":330974,""detectors_checked"":159416320}"
    724992,         0,         0,    36.6,standalone_exact_mw,503ee55b5ad1b1988379a241a0405811522ee4d50b473755532ad1299cb121e2,"{""distance"":5,""physical_error_rate"":0.0005}","{""detection_events"":335856,""detectors_checked"":162398208}"
    731136,         0,         0,    31.1,standalone_exact_mw,503ee55b5ad1b1988379a241a0405811522ee4d50b473755532ad1299cb121e2,"{""distance"":5,""physical_error_rate"":0.0005}","{""detection_events"":339038,""detectors_checked"":163774464}"
    731136,         0,         0,    31.1,standalone_exact_mw,503ee55b5ad1b1988379a241a0405811522ee4d50b473755532ad1299cb121e2,"{""distance"":5,""physical_error_rate"":0.0005}","{""detection_events"":341857,""detectors_checked"":163774464}"
    686563,         2,         0,    29.9,standalone_exact_mw,503ee55b5ad1b1988379a241a0405811522ee4d50b473755532ad1299cb121e2,"{""distance"":5,""physical_error_rate"":0.0005}","{""detection_events"":320231,""detectors_checked"":153790112,""obs_mistake_mask=E"":2}"
    640000,         0,         0,    26.7,standalone_exact_mw,503ee55b5ad1b1988379a241a0405811522ee4d50b473755532ad1299cb121e2,"{""distance"":5,""physical_error_rate"":0.0005}","{""detection_events"":298255,""detectors_checked"":143360000}"
    619520,         0,         0,    31.8,standalone_exact_mw,503ee55b5ad1b1988379a241a0405811522ee4d50b473755532ad1299cb121e2,"{""distance"":5,""physical_error_rate"":0.0005}","{""detection_events"":288651,""detectors_checked"":138772480}"
    648192,         0,         0,    31.3,standalone_exact_mw,503ee55b5ad1b1988379a241a0405811522ee4d50b473755532ad1299cb121e2,"{""distance"":5,""physical_error_rate"":0.0005}","{""detection_events"":302563,""detectors_checked"":145195008}"
    655360,         0,         0,    29.7,standalone_exact_mw,503ee55b5ad1b1988379a241a0405811522ee4d50b473755532ad1299cb121e2,"{""distance"":5,""physical_error_rate"":0.0005}","{""detection_events"":305702,""detectors_checked"":146800640}"
    651264,         0,         0,    28.1,standalone_exact_mw,503ee55b5ad1b1988379a241a0405811522ee4d50b473755532ad1299cb121e2,"{""distance"":5,""physical_error_rate"":0.0005}","{""detection_events"":304334,""detectors_checked"":145883136}"
    630540,         0,         0,    35.2,standalone_exact_mw,503ee55b5ad1b1988379a241a0405811522ee4d50b473755532ad1299cb121e2,"{""distance"":5,""physical_error_rate"":0.0005}","{""detection_events"":293246,""detectors_checked"":141240960}"
    577536,         1,         0,    31.4,standalone_exact_mw,503ee55b5ad1b1988379a241a0405811522ee4d50b473755532ad1299cb121e2,"{""distance"":5,""physical_error_rate"":0.0005}","{""detection_events"":268341,""detectors_checked"":129368064,""obs_mistake_mask=E"":1}"
    577536,         0,         0,    25.1,standalone_exact_mw,503ee55b5ad1b1988379a241a0405811522ee4d50b473755532ad1299cb121e2,"{""distance"":5,""physical_error_rate"":0.0005}","{""detection_events"":269576,""detectors_checked"":129368064}"
    577536,         0,         0,    26.2,standalone_exact_mw,503ee55b5ad1b1988379a241a0405811522ee4d50b473755532ad1299cb121e2,"{""distance"":5,""physical_error_rate"":0.0005}","{""detection_events"":270347,""detectors_checked"":129368064}"
    579584,         0,         0,    29.3,standalone_exact_mw,503ee55b5ad1b1988379a241a0405811522ee4d50b473755532ad1299cb121e2,"{""distance"":5,""physical_error_rate"":0.0005}","{""detection_events"":270282,""detectors_checked"":129826816}"
    570464,         2,         0,    28.2,standalone_exact_mw,503ee55b5ad1b1988379a241a0405811522ee4d50b473755532ad1299cb121e2,"{""distance"":5,""physical_error_rate"":0.0005}","{""detection_events"":264962,""detectors_checked"":127783936,""obs_mistake_mask=E"":2}"
    525422,         0,         0,    26.7,standalone_exact_mw,503ee55b5ad1b1988379a241a0405811522ee4d50b473755532ad1299cb121e2,"{""distance"":5,""physical_error_rate"":0.0005}","{""detection_events"":244724,""detectors_checked"":117694528}"
    517212,         0,         0,    31.5,standalone_exact_mw,503ee55b5ad1b1988379a241a0405811522ee4d50b473755532ad1299cb121e2,"{""distance"":5,""physical_error_rate"":0.0005}","{""detection_events"":239005,""detectors_checked"":115855488}"
    509131,         0,         0,    20.3,standalone_exact_mw,503ee55b5ad1b1988379a241a0405811522ee4d50b473755532ad1299cb121e2,"{""distance"":5,""physical_error_rate"":0.0005}","{""detection_events"":235774,""detectors_checked"":114045344}"
    501176,         0,         0,    19.7,standalone_exact_mw,503ee55b5ad1b1988379a241a0405811522ee4d50b473755532ad1299cb121e2,"{""distance"":5,""physical_error_rate"":0.0005}","{""detection_events"":233884,""detectors_checked"":112263424}"
    493345,         0,         0,    23.8,standalone_exact_mw,503ee55b5ad1b1988379a241a0405811522ee4d50b473755532ad1299cb121e2,"{""distance"":5,""physical_error_rate"":0.0005}","{""detection_events"":229704,""detectors_checked"":110509280}"
    485636,         0,         0,    26.3,standalone_exact_mw,503ee55b5ad1b1988379a241a0405811522ee4d50b473755532ad1299cb121e2,"{""distance"":5,""physical_error_rate"":0.0005}","{""detection_events"":226289,""detectors_checked"":108782464}"
    478048,         0,         0,    16.8,standalone_exact_mw,503ee55b5ad1b1988379a241a0405811522ee4d50b473755532ad1299cb121e2,"{""distance"":5,""physical_error_rate"":0.0005}","{""detection_events"":222165,""detectors_checked"":107082752}"
    470579,         0,         0,    17.0,standalone_exact_mw,503ee55b5ad1b1988379a241a0405811522ee4d50b473755532ad1299cb121e2,"{""distance"":5,""physical_error_rate"":0.0005}","{""detection_events"":219305,""detectors_checked"":105409696}"
    464896,         0,         0,    17.6,standalone_exact_mw,503ee55b5ad1b1988379a241a0405811522ee4d50b473755532ad1299cb121e2,"{""distance"":5,""physical_error_rate"":0.0005}","{""detection_events"":214847,""detectors_checked"":104136704}"
    463226,         1,         0,    17.9,standalone_exact_mw,503ee55b5ad1b1988379a241a0405811522ee4d50b473755532ad1299cb121e2,"{""distance"":5,""physical_error_rate"":0.0005}","{""detection_events"":214803,""detectors_checked"":103762624,""obs_mistake_mask=E"":1}"
    448724,         1,         0,    20.4,standalone_exact_mw,503ee55b5ad1b1988379a241a0405811522ee4d50b473755532ad1299cb121e2,"{""distance"":5,""physical_error_rate"":0.0005}","{""detection_events"":208606,""detectors_checked"":100514176,""obs_mistake_mask=E"":1}"
    458752,         0,         0,    18.1,standalone_exact_mw,503ee55b5ad1b1988379a241a0405811522ee4d50b473755532ad1299cb121e2,"{""distance"":5,""physical_error_rate"":0.0005}","{""detection_events"":212923,""detectors_checked"":102760448}"
    443392,         0,         0,    18.6,standalone_exact_mw,503ee55b5ad1b1988379a241a0405811522ee4d50b473755532ad1299cb121e2,"{""distance"":5,""physical_error_rate"":0.0005}","{""detection_events"":205012,""detectors_checked"":99319808}"
    447488,         1,         0,    20.4,standalone_exact_mw,503ee55b5ad1b1988379a241a0405811522ee4d50b473755532ad1299cb121e2,"{""distance"":5,""physical_error_rate"":0.0005}","{""detection_events"":208628,""detectors_checked"":100237312,""obs_mistake_mask=E"":1}"
    441713,         0,         0,    17.0,standalone_exact_mw,503ee55b5ad1b1988379a241a0405811522ee4d50b473755532ad1299cb121e2,"{""distance"":5,""physical_error_rate"":0.0005}","{""detection_events"":206228,""detectors_checked"":98943712}"
    432128,         1,         0,    18.9,standalone_exact_mw,503ee55b5ad1b1988379a241a0405811522ee4d50b473755532ad1299cb121e2,"{""distance"":5,""physical_error_rate"":0.0005}","{""detection_events"":200801,""detectors_checked"":96796672,""obs_mistake_mask=E"":1}"
    432128,         0,         0,    18.6,standalone_exact_mw,503ee55b5ad1b1988379a241a0405811522ee4d50b473755532ad1299cb121e2,"{""distance"":5,""physical_error_rate"":0.0005}","{""detection_events"":202034,""detectors_checked"":96796672}"
    435200,         0,         0,    16.9,standalone_exact_mw,503ee55b5ad1b1988379a241a0405811522ee4d50b473755532ad1299cb121e2,"{""distance"":5,""physical_error_rate"":0.0005}","{""detection_events"":201412,""detectors_checked"":97484800}"
    439296,         0,         0,    15.9,standalone_exact_mw,503ee55b5ad1b1988379a241a0405811522ee4d50b473755532ad1299cb121e2,"{""distance"":5,""physical_error_rate"":0.0005}","{""detection_events"":205203,""detectors_checked"":98402304}"
    413723,         1,         0,    16.2,standalone_exact_mw,503ee55b5ad1b1988379a241a0405811522ee4d50b473755532ad1299cb121e2,"{""distance"":5,""physical_error_rate"":0.0005}","{""detection_events"":193492,""detectors_checked"":92673952,""obs_mistake_mask=E"":1}"
    386048,         0,         0,    17.9,standalone_exact_mw,503ee55b5ad1b1988379a241a0405811522ee4d50b473755532ad1299cb121e2,"{""distance"":5,""physical_error_rate"":0.0005}","{""detection_events"":179593,""detectors_checked"":86474752}"
    408576,         0,         0,    16.0,standalone_exact_mw,503ee55b5ad1b1988379a241a0405811522ee4d50b473755532ad1299cb121e2,"{""distance"":5,""physical_error_rate"":0.0005}","{""detection_events"":190799,""detectors_checked"":91521024}"
    393216,         0,         0,    16.0,standalone_exact_mw,503ee55b5ad1b1988379a241a0405811522ee4d50b473755532ad1299cb121e2,"{""distance"":5,""physical_error_rate"":0.0005}","{""detection_events"":182587,""detectors_checked"":88080384}"
    411648,         0,         0,    18.6,standalone_exact_mw,503ee55b5ad1b1988379a241a0405811522ee4d50b473755532ad1299cb121e2,"{""distance"":5,""physical_error_rate"":0.0005}","{""detection_events"":192537,""detectors_checked"":92209152}"
    391168,         0,         0,    15.4,standalone_exact_mw,503ee55b5ad1b1988379a241a0405811522ee4d50b473755532ad1299cb121e2,"{""distance"":5,""physical_error_rate"":0.0005}","{""detection_events"":182073,""detectors_checked"":87621632}"
    385024,         1,         0,    16.2,standalone_exact_mw,503ee55b5ad1b1988379a241a0405811522ee4d50b473755532ad1299cb121e2,"{""distance"":5,""physical_error_rate"":0.0005}","{""detection_events"":179453,""detectors_checked"":86245376,""obs_mistake_mask=E"":1}"
    387072,         0,         0,    17.9,standalone_exact_mw,503ee55b5ad1b1988379a241a0405811522ee4d50b473755532ad1299cb121e2,"{""distance"":5,""physical_error_rate"":0.0005}","{""detection_events"":180962,""detectors_checked"":86704128}"
    391168,         0,         0,    16.2,standalone_exact_mw,503ee55b5ad1b1988379a241a0405811522ee4d50b473755532ad1299cb121e2,"{""distance"":5,""physical_error_rate"":0.0005}","{""detection_events"":182017,""detectors_checked"":87621632}"
    381952,         0,         0,    15.4,standalone_exact_mw,503ee55b5ad1b1988379a241a0405811522ee4d50b473755532ad1299cb121e2,"{""distance"":5,""physical_error_rate"":0.0005}","{""detection_events"":176724,""detectors_checked"":85557248}"
    395264,         0,         0,    16.0,standalone_exact_mw,503ee55b5ad1b1988379a241a0405811522ee4d50b473755532ad1299cb121e2,"{""distance"":5,""physical_error_rate"":0.0005}","{""detection_events"":182256,""detectors_checked"":88539136}"
    397312,         0,         0,    16.0,standalone_exact_mw,503ee55b5ad1b1988379a241a0405811522ee4d50b473755532ad1299cb121e2,"{""distance"":5,""physical_error_rate"":0.0005}","{""detection_events"":184787,""detectors_checked"":88997888}"
    399360,         0,         0,    15.3,standalone_exact_mw,503ee55b5ad1b1988379a241a0405811522ee4d50b473755532ad1299cb121e2,"{""distance"":5,""physical_error_rate"":0.0005}","{""detection_events"":186525,""detectors_checked"":89456640}"
    405504,         0,         0,    17.1,standalone_exact_mw,503ee55b5ad1b1988379a241a0405811522ee4d50b473755532ad1299cb121e2,"{""distance"":5,""physical_error_rate"":0.0005}","{""detection_events"":188766,""detectors_checked"":90832896}"
    385024,         0,         0,    16.3,standalone_exact_mw,503ee55b5ad1b1988379a241a0405811522ee4d50b473755532ad1299cb121e2,"{""distance"":5,""physical_error_rate"":0.0005}","{""detection_events"":178112,""detectors_checked"":86245376}"
    388096,         0,         0,    16.3,standalone_exact_mw,503ee55b5ad1b1988379a241a0405811522ee4d50b473755532ad1299cb121e2,"{""distance"":5,""physical_error_rate"":0.0005}","{""detection_events"":181101,""detectors_checked"":86933504}"
    395264,         1,         0,    19.0,standalone_exact_mw,503ee55b5ad1b1988379a241a0405811522ee4d50b473755532ad1299cb121e2,"{""distance"":5,""physical_error_rate"":0.0005}","{""detection_events"":184668,""detectors_checked"":88539136,""obs_mistake_mask=E"":1}"
    380091,         1,         0,    16.1,standalone_exact_mw,503ee55b5ad1b1988379a241a0405811522ee4d50b473755532ad1299cb121e2,"{""distance"":5,""physical_error_rate"":0.0005}","{""detection_events"":176326,""detectors_checked"":85140384,""obs_mistake_mask=E"":1}"
    373760,         1,         0,    16.2,standalone_exact_mw,503ee55b5ad1b1988379a241a0405811522ee4d50b473755532ad1299cb121e2,"{""distance"":5,""physical_error_rate"":0.0005}","{""detection_events"":173839,""detectors_checked"":83722240,""obs_mistake_mask=E"":1}"
    280576,         0,         0,    12.3,standalone_exact_mw,503ee55b5ad1b1988379a241a0405811522ee4d50b473755532ad1299cb121e2,"{""distance"":5,""physical_error_rate"":0.0005}","{""detection_events"":129993,""detectors_checked"":62849024}"
    332800,         0,         0,    15.6,standalone_exact_mw,503ee55b5ad1b1988379a241a0405811522ee4d50b473755532ad1299cb121e2,"{""distance"":5,""physical_error_rate"":0.0005}","{""detection_events"":154163,""detectors_checked"":74547200}"
    292864,         0,         0,    14.6,standalone_exact_mw,503ee55b5ad1b1988379a241a0405811522ee4d50b473755532ad1299cb121e2,"{""distance"":5,""physical_error_rate"":0.0005}","{""detection_events"":136378,""detectors_checked"":65601536}"
    368640,         0,         0,    14.4,standalone_exact_mw,503ee55b5ad1b1988379a241a0405811522ee4d50b473755532ad1299cb121e2,"{""distance"":5,""physical_error_rate"":0.0005}","{""detection_events"":171909,""detectors_checked"":82575360}"
    368640,         0,         0,    15.8,standalone_exact_mw,503ee55b5ad1b1988379a241a0405811522ee4d50b473755532ad1299cb121e2,"{""distance"":5,""physical_error_rate"":0.0005}","{""detection_events"":171708,""detectors_checked"":82575360}"
    301056,         1,         0,    15.5,standalone_exact_mw,503ee55b5ad1b1988379a241a0405811522ee4d50b473755532ad1299cb121e2,"{""distance"":5,""physical_error_rate"":0.0005}","{""detection_events"":140297,""detectors_checked"":67436544,""obs_mistake_mask=E"":1}"
    378880,         0,         0,    16.8,standalone_exact_mw,503ee55b5ad1b1988379a241a0405811522ee4d50b473755532ad1299cb121e2,"{""distance"":5,""physical_error_rate"":0.0005}","{""detection_events"":175890,""detectors_checked"":84869120}"
    366592,         0,         0,    15.5,standalone_exact_mw,503ee55b5ad1b1988379a241a0405811522ee4d50b473755532ad1299cb121e2,"{""distance"":5,""physical_error_rate"":0.0005}","{""detection_events"":169187,""detectors_checked"":82116608}"
    285696,         0,         0,    14.0,standalone_exact_mw,503ee55b5ad1b1988379a241a0405811522ee4d50b473755532ad1299cb121e2,"{""distance"":5,""physical_error_rate"":0.0005}","{""detection_events"":132871,""detectors_checked"":63995904}"
    359424,         1,         0,    14.7,standalone_exact_mw,503ee55b5ad1b1988379a241a0405811522ee4d50b473755532ad1299cb121e2,"{""distance"":5,""physical_error_rate"":0.0005}","{""detection_events"":167807,""detectors_checked"":80510976,""obs_mistake_mask=E"":1}"
    344064,         1,         0,    14.7,standalone_exact_mw,503ee55b5ad1b1988379a241a0405811522ee4d50b473755532ad1299cb121e2,"{""distance"":5,""physical_error_rate"":0.0005}","{""detection_events"":160029,""detectors_checked"":77070336,""obs_mistake_mask=E"":1}"
    327680,         0,         0,    15.8,standalone_exact_mw,503ee55b5ad1b1988379a241a0405811522ee4d50b473755532ad1299cb121e2,"{""distance"":5,""physical_error_rate"":0.0005}","{""detection_events"":151792,""detectors_checked"":73400320}"
    377856,         0,         0,    18.3,standalone_exact_mw,503ee55b5ad1b1988379a241a0405811522ee4d50b473755532ad1299cb121e2,"{""distance"":5,""physical_error_rate"":0.0005}","{""detection_events"":175459,""detectors_checked"":84639744}"
    375808,         0,         0,    15.8,standalone_exact_mw,503ee55b5ad1b1988379a241a0405811522ee4d50b473755532ad1299cb121e2,"{""distance"":5,""physical_error_rate"":0.0005}","{""detection_events"":174082,""detectors_checked"":84180992}"
    313344,         0,         0,    14.7,standalone_exact_mw,503ee55b5ad1b1988379a241a0405811522ee4d50b473755532ad1299cb121e2,"{""distance"":5,""physical_error_rate"":0.0005}","{""detection_events"":146376,""detectors_checked"":70189056}"
    377856,         0,         0,    15.5,standalone_exact_mw,503ee55b5ad1b1988379a241a0405811522ee4d50b473755532ad1299cb121e2,"{""distance"":5,""physical_error_rate"":0.0005}","{""detection_events"":175317,""detectors_checked"":84639744}"
    278528,         0,         0,    13.9,standalone_exact_mw,503ee55b5ad1b1988379a241a0405811522ee4d50b473755532ad1299cb121e2,"{""distance"":5,""physical_error_rate"":0.0005}","{""detection_events"":129824,""detectors_checked"":62390272}"
    327680,         0,         0,    18.6,standalone_exact_mw,503ee55b5ad1b1988379a241a0405811522ee4d50b473755532ad1299cb121e2,"{""distance"":5,""physical_error_rate"":0.0005}","{""detection_events"":153039,""detectors_checked"":73400320}"
    294912,         0,         0,    15.6,standalone_exact_mw,503ee55b5ad1b1988379a241a0405811522ee4d50b473755532ad1299cb121e2,"{""distance"":5,""physical_error_rate"":0.0005}","{""detection_events"":137514,""detectors_checked"":66060288}"
    314368,         1,         0,    14.7,standalone_exact_mw,503ee55b5ad1b1988379a241a0405811522ee4d50b473755532ad1299cb121e2,"{""distance"":5,""physical_error_rate"":0.0005}","{""detection_events"":146010,""detectors_checked"":70418432,""obs_mistake_mask=E"":1}"
    343040,         1,         0,    14.7,standalone_exact_mw,503ee55b5ad1b1988379a241a0405811522ee4d50b473755532ad1299cb121e2,"{""distance"":5,""physical_error_rate"":0.0005}","{""detection_events"":159339,""detectors_checked"":76840960,""obs_mistake_mask=E"":1}"
    339968,         0,         0,    15.5,standalone_exact_mw,503ee55b5ad1b1988379a241a0405811522ee4d50b473755532ad1299cb121e2,"{""distance"":5,""physical_error_rate"":0.0005}","{""detection_events"":158962,""detectors_checked"":76152832}"
    335872,         0,         0,    15.3,standalone_exact_mw,503ee55b5ad1b1988379a241a0405811522ee4d50b473755532ad1299cb121e2,"{""distance"":5,""physical_error_rate"":0.0005}","{""detection_events"":156025,""detectors_checked"":75235328}"
    366592,         0,         0,    20.1,standalone_exact_mw,503ee55b5ad1b1988379a241a0405811522ee4d50b473755532ad1299cb121e2,"{""distance"":5,""physical_error_rate"":0.0005}","{""detection_events"":171183,""detectors_checked"":82116608}"
    319488,         0,         0,    14.5,standalone_exact_mw,503ee55b5ad1b1988379a241a0405811522ee4d50b473755532ad1299cb121e2,"{""distance"":5,""physical_error_rate"":0.0005}","{""detection_events"":149743,""detectors_checked"":71565312}"
    285696,         0,         0,    14.7,standalone_exact_mw,503ee55b5ad1b1988379a241a0405811522ee4d50b473755532ad1299cb121e2,"{""distance"":5,""physical_error_rate"":0.0005}","{""detection_events"":132861,""detectors_checked"":63995904}"
    302080,         0,         0,    14.8,standalone_exact_mw,503ee55b5ad1b1988379a241a0405811522ee4d50b473755532ad1299cb121e2,"{""distance"":5,""physical_error_rate"":0.0005}","{""detection_events"":140915,""detectors_checked"":67665920}"
    305152,         0,         0,    14.5,standalone_exact_mw,503ee55b5ad1b1988379a241a0405811522ee4d50b473755532ad1299cb121e2,"{""distance"":5,""physical_error_rate"":0.0005}","{""detection_events"":142473,""detectors_checked"":68354048}"
      6518,         0,         0,   0.181,standalone_exact_mw,503ee55b5ad1b1988379a241a0405811522ee4d50b473755532ad1299cb121e2,"{""distance"":5,""physical_error_rate"":0.0005}","{""detection_events"":3083,""detectors_checked"":1460032}"
    178176,         0,         0,    8.18,standalone_exact_mw,503ee55b5ad1b1988379a241a0405811522ee4d50b473755532ad1299cb121e2,"{""distance"":5,""physical_error_rate"":0.0005}","{""detection_events"":82781,""detectors_checked"":39911424}"
    350208,         0,         0,    14.7,standalone_exact_mw,503ee55b5ad1b1988379a241a0405811522ee4d50b473755532ad1299cb121e2,"{""distance"":5,""physical_error_rate"":0.0005}","{""detection_events"":162951,""detectors_checked"":78446592}"
    261120,         1,         0,    10.6,standalone_exact_mw,503ee55b5ad1b1988379a241a0405811522ee4d50b473755532ad1299cb121e2,"{""distance"":5,""physical_error_rate"":0.0005}","{""detection_events"":120882,""detectors_checked"":58490880,""obs_mistake_mask=E"":1}"
    124978,         0,         0,    4.51,standalone_exact_mw,503ee55b5ad1b1988379a241a0405811522ee4d50b473755532ad1299cb121e2,"{""distance"":5,""physical_error_rate"":0.0005}","{""detection_events"":58422,""detectors_checked"":27995072}"
    114688,         0,         0,    4.84,standalone_exact_mw,503ee55b5ad1b1988379a241a0405811522ee4d50b473755532ad1299cb121e2,"{""distance"":5,""physical_error_rate"":0.0005}","{""detection_events"":54204,""detectors_checked"":25690112}"
    110689,         0,         0,    4.40,standalone_exact_mw,503ee55b5ad1b1988379a241a0405811522ee4d50b473755532ad1299cb121e2,"{""distance"":5,""physical_error_rate"":0.0005}","{""detection_events"":51321,""detectors_checked"":24794336}"
    110592,         0,         0,    4.48,standalone_exact_mw,503ee55b5ad1b1988379a241a0405811522ee4d50b473755532ad1299cb121e2,"{""distance"":5,""physical_error_rate"":0.0005}","{""detection_events"":51254,""detectors_checked"":24772608}"
    107168,         1,         0,    4.59,standalone_exact_mw,503ee55b5ad1b1988379a241a0405811522ee4d50b473755532ad1299cb121e2,"{""distance"":5,""physical_error_rate"":0.0005}","{""detection_events"":49965,""detectors_checked"":24005632,""obs_mistake_mask=E"":1}"
    103765,         0,         0,    3.67,standalone_exact_mw,503ee55b5ad1b1988379a241a0405811522ee4d50b473755532ad1299cb121e2,"{""distance"":5,""physical_error_rate"":0.0005}","{""detection_events"":48077,""detectors_checked"":23243360}"
    102144,         0,         0,    2.84,standalone_exact_mw,503ee55b5ad1b1988379a241a0405811522ee4d50b473755532ad1299cb121e2,"{""distance"":5,""physical_error_rate"":0.0005}","{""detection_events"":46334,""detectors_checked"":22880256}"
    100548,         0,         0,    3.67,standalone_exact_mw,503ee55b5ad1b1988379a241a0405811522ee4d50b473755532ad1299cb121e2,"{""distance"":5,""physical_error_rate"":0.0005}","{""detection_events"":47133,""detectors_checked"":22522752}"
     98977,         0,         0,    3.27,standalone_exact_mw,503ee55b5ad1b1988379a241a0405811522ee4d50b473755532ad1299cb121e2,"{""distance"":5,""physical_error_rate"":0.0005}","{""detection_events"":46324,""detectors_checked"":22170848}"
     99328,         0,         0,    4.14,standalone_exact_mw,503ee55b5ad1b1988379a241a0405811522ee4d50b473755532ad1299cb121e2,"{""distance"":5,""physical_error_rate"":0.0005}","{""detection_events"":46770,""detectors_checked"":22249472}"
    100352,         0,         0,    3.25,standalone_exact_mw,503ee55b5ad1b1988379a241a0405811522ee4d50b473755532ad1299cb121e2,"{""distance"":5,""physical_error_rate"":0.0005}","{""detection_events"":46716,""detectors_checked"":22478848}"
     98977,         0,         0,    4.23,standalone_exact_mw,503ee55b5ad1b1988379a241a0405811522ee4d50b473755532ad1299cb121e2,"{""distance"":5,""physical_error_rate"":0.0005}","{""detection_events"":45897,""detectors_checked"":22170848}"
     94208,         0,         0,    3.68,standalone_exact_mw,503ee55b5ad1b1988379a241a0405811522ee4d50b473755532ad1299cb121e2,"{""distance"":5,""physical_error_rate"":0.0005}","{""detection_events"":43123,""detectors_checked"":21102592}"
     95232,         0,         0,    3.68,standalone_exact_mw,503ee55b5ad1b1988379a241a0405811522ee4d50b473755532ad1299cb121e2,"{""distance"":5,""physical_error_rate"":0.0005}","{""detection_events"":44378,""detectors_checked"":21331968}"
     95232,         0,         0,    3.36,standalone_exact_mw,503ee55b5ad1b1988379a241a0405811522ee4d50b473755532ad1299cb121e2,"{""distance"":5,""physical_error_rate"":0.0005}","{""detection_events"":43677,""detectors_checked"":21331968}"
     92764,         0,         0,    3.40,standalone_exact_mw,503ee55b5ad1b1988379a241a0405811522ee4d50b473755532ad1299cb121e2,"{""distance"":5,""physical_error_rate"":0.0005}","{""detection_events"":43388,""detectors_checked"":20779136}"
     89088,         0,         0,    3.49,standalone_exact_mw,503ee55b5ad1b1988379a241a0405811522ee4d50b473755532ad1299cb121e2,"{""distance"":5,""physical_error_rate"":0.0005}","{""detection_events"":41565,""detectors_checked"":19955712}"
     88064,         0,         0,    3.48,standalone_exact_mw,503ee55b5ad1b1988379a241a0405811522ee4d50b473755532ad1299cb121e2,"{""distance"":5,""physical_error_rate"":0.0005}","{""detection_events"":40389,""detectors_checked"":19726336}"
     88064,         0,         0,    3.52,standalone_exact_mw,503ee55b5ad1b1988379a241a0405811522ee4d50b473755532ad1299cb121e2,"{""distance"":5,""physical_error_rate"":0.0005}","{""detection_events"":40077,""detectors_checked"":19726336}"
     88064,         0,         0,    3.18,standalone_exact_mw,503ee55b5ad1b1988379a241a0405811522ee4d50b473755532ad1299cb121e2,"{""distance"":5,""physical_error_rate"":0.0005}","{""detection_events"":41363,""detectors_checked"":19726336}"
     87040,         0,         0,    3.50,standalone_exact_mw,503ee55b5ad1b1988379a241a0405811522ee4d50b473755532ad1299cb121e2,"{""distance"":5,""physical_error_rate"":0.0005}","{""detection_events"":40765,""detectors_checked"":19496960}"
     91136,         0,         0,    3.40,standalone_exact_mw,503ee55b5ad1b1988379a241a0405811522ee4d50b473755532ad1299cb121e2,"{""distance"":5,""physical_error_rate"":0.0005}","{""detection_events"":41767,""detectors_checked"":20414464}"
     89088,         0,         0,    3.55,standalone_exact_mw,503ee55b5ad1b1988379a241a0405811522ee4d50b473755532ad1299cb121e2,"{""distance"":5,""physical_error_rate"":0.0005}","{""detection_events"":41422,""detectors_checked"":19955712}"
     86866,         0,         0,    3.47,standalone_exact_mw,503ee55b5ad1b1988379a241a0405811522ee4d50b473755532ad1299cb121e2,"{""distance"":5,""physical_error_rate"":0.0005}","{""detection_events"":40302,""detectors_checked"":19457984}"
     82944,         0,         0,    3.40,standalone_exact_mw,503ee55b5ad1b1988379a241a0405811522ee4d50b473755532ad1299cb121e2,"{""distance"":5,""physical_error_rate"":0.0005}","{""detection_events"":38905,""detectors_checked"":18579456}"
     83968,         0,         0,    3.47,standalone_exact_mw,503ee55b5ad1b1988379a241a0405811522ee4d50b473755532ad1299cb121e2,"{""distance"":5,""physical_error_rate"":0.0005}","{""detection_events"":39112,""detectors_checked"":18808832}"
     81920,         0,         0,    3.43,standalone_exact_mw,503ee55b5ad1b1988379a241a0405811522ee4d50b473755532ad1299cb121e2,"{""distance"":5,""physical_error_rate"":0.0005}","{""detection_events"":38258,""detectors_checked"":18350080}"
     83968,         0,         0,    3.25,standalone_exact_mw,503ee55b5ad1b1988379a241a0405811522ee4d50b473755532ad1299cb121e2,"{""distance"":5,""physical_error_rate"":0.0005}","{""detection_events"":38358,""detectors_checked"":18808832}"
     82944,         0,         0,    3.52,standalone_exact_mw,503ee55b5ad1b1988379a241a0405811522ee4d50b473755532ad1299cb121e2,"{""distance"":5,""physical_error_rate"":0.0005}","{""detection_events"":38007,""detectors_checked"":18579456}"
     86016,         0,         0,    3.50,standalone_exact_mw,503ee55b5ad1b1988379a241a0405811522ee4d50b473755532ad1299cb121e2,"{""distance"":5,""physical_error_rate"":0.0005}","{""detection_events"":39945,""detectors_checked"":19267584}"
     86016,         0,         0,    3.44,standalone_exact_mw,503ee55b5ad1b1988379a241a0405811522ee4d50b473755532ad1299cb121e2,"{""distance"":5,""physical_error_rate"":0.0005}","{""detection_events"":39553,""detectors_checked"":19267584}"
     77824,         0,         0,    3.40,standalone_exact_mw,503ee55b5ad1b1988379a241a0405811522ee4d50b473755532ad1299cb121e2,"{""distance"":5,""physical_error_rate"":0.0005}","{""detection_events"":35703,""detectors_checked"":17432576}"
     77824,         0,         0,    3.56,standalone_exact_mw,503ee55b5ad1b1988379a241a0405811522ee4d50b473755532ad1299cb121e2,"{""distance"":5,""physical_error_rate"":0.0005}","{""detection_events"":36429,""detectors_checked"":17432576}"
     84992,         0,         0,    3.58,standalone_exact_mw,503ee55b5ad1b1988379a241a0405811522ee4d50b473755532ad1299cb121e2,"{""distance"":5,""physical_error_rate"":0.0005}","{""detection_events"":39403,""detectors_checked"":19038208}"
     84992,         0,         0,    3.92,standalone_exact_mw,503ee55b5ad1b1988379a241a0405811522ee4d50b473755532ad1299cb121e2,"{""distance"":5,""physical_error_rate"":0.0005}","{""detection_events"":38906,""detectors_checked"":19038208}"
     79872,         0,         0,    3.46,standalone_exact_mw,503ee55b5ad1b1988379a241a0405811522ee4d50b473755532ad1299cb121e2,"{""distance"":5,""physical_error_rate"":0.0005}","{""detection_events"":37313,""detectors_checked"":17891328}"
     83968,         0,         0,    4.35,standalone_exact_mw,503ee55b5ad1b1988379a241a0405811522ee4d50b473755532ad1299cb121e2,"{""distance"":5,""physical_error_rate"":0.0005}","{""detection_events"":38578,""detectors_checked"":18808832}"
     82944,         0,         0,    3.44,standalone_exact_mw,503ee55b5ad1b1988379a241a0405811522ee4d50b473755532ad1299cb121e2,"{""distance"":5,""physical_error_rate"":0.0005}","{""detection_events"":38661,""detectors_checked"":18579456}"
     86016,         0,         0,    3.29,standalone_exact_mw,503ee55b5ad1b1988379a241a0405811522ee4d50b473755532ad1299cb121e2,"{""distance"":5,""physical_error_rate"":0.0005}","{""detection_events"":40402,""detectors_checked"":19267584}"
     81920,         0,         0,    3.61,standalone_exact_mw,503ee55b5ad1b1988379a241a0405811522ee4d50b473755532ad1299cb121e2,"{""distance"":5,""physical_error_rate"":0.0005}","{""detection_events"":37769,""detectors_checked"":18350080}"
     81920,         0,         0,    3.39,standalone_exact_mw,503ee55b5ad1b1988379a241a0405811522ee4d50b473755532ad1299cb121e2,"{""distance"":5,""physical_error_rate"":0.0005}","{""detection_events"":38054,""detectors_checked"":18350080}"
     86016,         0,         0,    3.52,standalone_exact_mw,503ee55b5ad1b1988379a241a0405811522ee4d50b473755532ad1299cb121e2,"{""distance"":5,""physical_error_rate"":0.0005}","{""detection_events"":40686,""detectors_checked"":19267584}"
     83968,         0,         0,    3.45,standalone_exact_mw,503ee55b5ad1b1988379a241a0405811522ee4d50b473755532ad1299cb121e2,"{""distance"":5,""physical_error_rate"":0.0005}","{""detection_events"":38872,""detectors_checked"":18808832}"
     83968,         0,         0,    3.63,standalone_exact_mw,503ee55b5ad1b1988379a241a0405811522ee4d50b473755532ad1299cb121e2,"{""distance"":5,""physical_error_rate"":0.0005}","{""detection_events"":38810,""detectors_checked"":18808832}"
     84992,         0,         0,    3.56,standalone_exact_mw,503ee55b5ad1b1988379a241a0405811522ee4d50b473755532ad1299cb121e2,"{""distance"":5,""physical_error_rate"":0.0005}","{""detection_events"":39124,""detectors_checked"":19038208}"
     79872,         0,         0,    3.93,standalone_exact_mw,503ee55b5ad1b1988379a241a0405811522ee4d50b473755532ad1299cb121e2,"{""distance"":5,""physical_error_rate"":0.0005}","{""detection_events"":37508,""detectors_checked"":17891328}"
     80896,         0,         0,    3.52,standalone_exact_mw,503ee55b5ad1b1988379a241a0405811522ee4d50b473755532ad1299cb121e2,"{""distance"":5,""physical_error_rate"":0.0005}","{""detection_events"":37802,""detectors_checked"":18120704}"
     76800,         0,         0,    3.24,standalone_exact_mw,503ee55b5ad1b1988379a241a0405811522ee4d50b473755532ad1299cb121e2,"{""distance"":5,""physical_error_rate"":0.0005}","{""detection_events"":35792,""detectors_checked"":17203200}"
     80896,         0,         0,    3.44,standalone_exact_mw,503ee55b5ad1b1988379a241a0405811522ee4d50b473755532ad1299cb121e2,"{""distance"":5,""physical_error_rate"":0.0005}","{""detection_events"":37614,""detectors_checked"":18120704}"
     79872,         0,         0,    3.68,standalone_exact_mw,503ee55b5ad1b1988379a241a0405811522ee4d50b473755532ad1299cb121e2,"{""distance"":5,""physical_error_rate"":0.0005}","{""detection_events"":36686,""detectors_checked"":17891328}"
     75813,         0,         0,    3.53,standalone_exact_mw,503ee55b5ad1b1988379a241a0405811522ee4d50b473755532ad1299cb121e2,"{""distance"":5,""physical_error_rate"":0.0005}","{""detection_events"":35549,""detectors_checked"":16982112}"
     75813,         0,         0,    3.51,standalone_exact_mw,503ee55b5ad1b1988379a241a0405811522ee4d50b473755532ad1299cb121e2,"{""distance"":5,""physical_error_rate"":0.0005}","{""detection_events"":35745,""detectors_checked"":16982112}"
     55296,         0,         0,    1.98,standalone_exact_mw,503ee55b5ad1b1988379a241a0405811522ee4d50b473755532ad1299cb121e2,"{""distance"":5,""physical_error_rate"":0.0005}","{""detection_events"":26117,""detectors_checked"":12386304}"
     58368,         0,         0,    3.56,standalone_exact_mw,503ee55b5ad1b1988379a241a0405811522ee4d50b473755532ad1299cb121e2,"{""distance"":5,""physical_error_rate"":0.0005}","{""detection_events"":27238,""detectors_checked"":13074432}"
     83968,         0,         0,    3.45,standalone_exact_mw,503ee55b5ad1b1988379a241a0405811522ee4d50b473755532ad1299cb121e2,"{""distance"":5,""physical_error_rate"":0.0005}","{""detection_events"":38885,""detectors_checked"":18808832}"
     59392,         0,         0,    3.61,standalone_exact_mw,503ee55b5ad1b1988379a241a0405811522ee4d50b473755532ad1299cb121e2,"{""distance"":5,""physical_error_rate"":0.0005}","{""detection_events"":27506,""detectors_checked"":13303808}"
     57344,         0,         0,    3.51,standalone_exact_mw,503ee55b5ad1b1988379a241a0405811522ee4d50b473755532ad1299cb121e2,"{""distance"":5,""physical_error_rate"":0.0005}","{""detection_events"":26560,""detectors_checked"":12845056}"
     63488,         0,         0,    3.45,standalone_exact_mw,503ee55b5ad1b1988379a241a0405811522ee4d50b473755532ad1299cb121e2,"{""distance"":5,""physical_error_rate"":0.0005}","{""detection_events"":29276,""detectors_checked"":14221312}"
     69632,         0,         0,    3.45,standalone_exact_mw,503ee55b5ad1b1988379a241a0405811522ee4d50b473755532ad1299cb121e2,"{""distance"":5,""physical_error_rate"":0.0005}","{""detection_events"":32700,""detectors_checked"":15597568}"
     57344,         0,         0,    3.48,standalone_exact_mw,503ee55b5ad1b1988379a241a0405811522ee4d50b473755532ad1299cb121e2,"{""distance"":5,""physical_error_rate"":0.0005}","{""detection_events"":27222,""detectors_checked"":12845056}"
     52224,         0,         0,    3.56,standalone_exact_mw,503ee55b5ad1b1988379a241a0405811522ee4d50b473755532ad1299cb121e2,"{""distance"":5,""physical_error_rate"":0.0005}","{""detection_events"":24437,""detectors_checked"":11698176}"
     78848,         0,         0,    3.61,standalone_exact_mw,503ee55b5ad1b1988379a241a0405811522ee4d50b473755532ad1299cb121e2,"{""distance"":5,""physical_error_rate"":0.0005}","{""detection_events"":36266,""detectors_checked"":17661952}"
     66560,         0,         0,    3.50,standalone_exact_mw,503ee55b5ad1b1988379a241a0405811522ee4d50b473755532ad1299cb121e2,"{""distance"":5,""physical_error_rate"":0.0005}","{""detection_events"":30351,""detectors_checked"":14909440}"
     72704,         0,         0,    3.59,standalone_exact_mw,503ee55b5ad1b1988379a241a0405811522ee4d50b473755532ad1299cb121e2,"{""distance"":5,""physical_error_rate"":0.0005}","{""detection_events"":34388,""detectors_checked"":16285696}"
     45056,         0,         0,    1.97,standalone_exact_mw,503ee55b5ad1b1988379a241a0405811522ee4d50b473755532ad1299cb121e2,"{""distance"":5,""physical_error_rate"":0.0005}","{""detection_events"":20561,""detectors_checked"":10092544}"
     61440,         0,         0,    3.59,standalone_exact_mw,503ee55b5ad1b1988379a241a0405811522ee4d50b473755532ad1299cb121e2,"{""distance"":5,""physical_error_rate"":0.0005}","{""detection_events"":28686,""detectors_checked"":13762560}"
     12927,         0,         0,   0.478,standalone_exact_mw,503ee55b5ad1b1988379a241a0405811522ee4d50b473755532ad1299cb121e2,"{""distance"":5,""physical_error_rate"":0.0005}","{""detection_events"":6200,""detectors_checked"":2895648}"
     36864,         0,         0,    1.74,standalone_exact_mw,503ee55b5ad1b1988379a241a0405811522ee4d50b473755532ad1299cb121e2,"{""distance"":5,""physical_error_rate"":0.0005}","{""detection_events"":17120,""detectors_checked"":8257536}"
     29696,         0,         0,    1.20,standalone_exact_mw,503ee55b5ad1b1988379a241a0405811522ee4d50b473755532ad1299cb121e2,"{""distance"":5,""physical_error_rate"":0.0005}","{""detection_events"":13946,""detectors_checked"":6651904}"
     39936,         0,         0,    1.64,standalone_exact_mw,503ee55b5ad1b1988379a241a0405811522ee4d50b473755532ad1299cb121e2,"{""distance"":5,""physical_error_rate"":0.0005}","{""detection_events"":19120,""detectors_checked"":8945664}"
     30720,         0,         0,    1.15,standalone_exact_mw,503ee55b5ad1b1988379a241a0405811522ee4d50b473755532ad1299cb121e2,"{""distance"":5,""physical_error_rate"":0.0005}","{""detection_events"":14126,""detectors_checked"":6881280}"
     39936,         0,         0,    1.74,standalone_exact_mw,503ee55b5ad1b1988379a241a0405811522ee4d50b473755532ad1299cb121e2,"{""distance"":5,""physical_error_rate"":0.0005}","{""detection_events"":18509,""detectors_checked"":8945664}"
     17630,         0,         0,   0.672,standalone_exact_mw,503ee55b5ad1b1988379a241a0405811522ee4d50b473755532ad1299cb121e2,"{""distance"":5,""physical_error_rate"":0.0005}","{""detection_events"":8027,""detectors_checked"":3949120}"
     25600,         0,         0,   0.924,standalone_exact_mw,503ee55b5ad1b1988379a241a0405811522ee4d50b473755532ad1299cb121e2,"{""distance"":5,""physical_error_rate"":0.0005}","{""detection_events"":11814,""detectors_checked"":5734400}"
     22870,         0,         0,   0.762,standalone_exact_mw,503ee55b5ad1b1988379a241a0405811522ee4d50b473755532ad1299cb121e2,"{""distance"":5,""physical_error_rate"":0.0005}","{""detection_events"":10648,""detectors_checked"":5122880}"
     22870,         0,         0,   0.848,standalone_exact_mw,503ee55b5ad1b1988379a241a0405811522ee4d50b473755532ad1299cb121e2,"{""distance"":5,""physical_error_rate"":0.0005}","{""detection_events"":10330,""detectors_checked"":5122880}"
     22870,         0,         0,   0.841,standalone_exact_mw,503ee55b5ad1b1988379a241a0405811522ee4d50b473755532ad1299cb121e2,"{""distance"":5,""physical_error_rate"":0.0005}","{""detection_events"":10658,""detectors_checked"":5122880}"
       314,         0,         0,   0.004,standalone_exact_mw,503ee55b5ad1b1988379a241a0405811522ee4d50b473755532ad1299cb121e2,"{""distance"":5,""physical_error_rate"":0.0005}","{""detection_events"":144,""detectors_checked"":70336}"
     22528,         0,         0,   0.850,standalone_exact_mw,503ee55b5ad1b1988379a241a0405811522ee4d50b473755532ad1299cb121e2,"{""distance"":5,""physical_error_rate"":0.0005}","{""detection_events"":10440,""detectors_checked"":5046272}"
     22528,         1,         0,   0.867,standalone_exact_mw,503ee55b5ad1b1988379a241a0405811522ee4d50b473755532ad1299cb121e2,"{""distance"":5,""physical_error_rate"":0.0005}","{""detection_events"":10550,""detectors_checked"":5046272,""obs_mistake_mask=E"":1}"
     22528,         0,         0,   0.807,standalone_exact_mw,503ee55b5ad1b1988379a241a0405811522ee4d50b473755532ad1299cb121e2,"{""distance"":5,""physical_error_rate"":0.0005}","{""detection_events"":10520,""detectors_checked"":5046272}"
     20211,         0,         0,   0.757,standalone_exact_mw,503ee55b5ad1b1988379a241a0405811522ee4d50b473755532ad1299cb121e2,"{""distance"":5,""physical_error_rate"":0.0005}","{""detection_events"":9550,""detectors_checked"":4527264}"
     19663,         0,         0,   0.685,standalone_exact_mw,503ee55b5ad1b1988379a241a0405811522ee4d50b473755532ad1299cb121e2,"{""distance"":5,""physical_error_rate"":0.0005}","{""detection_events"":9354,""detectors_checked"":4404512}"
     21398,         0,         0,   0.860,standalone_exact_mw,503ee55b5ad1b1988379a241a0405811522ee4d50b473755532ad1299cb121e2,"{""distance"":5,""physical_error_rate"":0.0005}","{""detection_events"":9818,""detectors_checked"":4793152}"
       342,         0,         0,   0.005,standalone_exact_mw,503ee55b5ad1b1988379a241a0405811522ee4d50b473755532ad1299cb121e2,"{""distance"":5,""physical_error_rate"":0.0005}","{""detection_events"":176,""detectors_checked"":76608}"
     22113,         0,         0,   0.796,standalone_exact_mw,503ee55b5ad1b1988379a241a0405811522ee4d50b473755532ad1299cb121e2,"{""distance"":5,""physical_error_rate"":0.0005}","{""detection_events"":10213,""detectors_checked"":4953312}"
     22113,         0,         0,   0.830,standalone_exact_mw,503ee55b5ad1b1988379a241a0405811522ee4d50b473755532ad1299cb121e2,"{""distance"":5,""physical_error_rate"":0.0005}","{""detection_events"":10322,""detectors_checked"":4953312}"
     21504,         0,         0,   0.823,standalone_exact_mw,503ee55b5ad1b1988379a241a0405811522ee4d50b473755532ad1299cb121e2,"{""distance"":5,""physical_error_rate"":0.0005}","{""detection_events"":10104,""detectors_checked"":4816896}"
     21504,         0,         0,   0.804,standalone_exact_mw,503ee55b5ad1b1988379a241a0405811522ee4d50b473755532ad1299cb121e2,"{""distance"":5,""physical_error_rate"":0.0005}","{""detection_events"":9896,""detectors_checked"":4816896}"
     22113,         0,         0,   0.824,standalone_exact_mw,503ee55b5ad1b1988379a241a0405811522ee4d50b473755532ad1299cb121e2,"{""distance"":5,""physical_error_rate"":0.0005}","{""detection_events"":10241,""detectors_checked"":4953312}"
     20480,         0,         0,   0.787,standalone_exact_mw,503ee55b5ad1b1988379a241a0405811522ee4d50b473755532ad1299cb121e2,"{""distance"":5,""physical_error_rate"":0.0005}","{""detection_events"":9395,""detectors_checked"":4587520}"
     22113,         0,         0,   0.823,standalone_exact_mw,503ee55b5ad1b1988379a241a0405811522ee4d50b473755532ad1299cb121e2,"{""distance"":5,""physical_error_rate"":0.0005}","{""detection_events"":10098,""detectors_checked"":4953312}"
     20480,         0,         0,   0.726,standalone_exact_mw,503ee55b5ad1b1988379a241a0405811522ee4d50b473755532ad1299cb121e2,"{""distance"":5,""physical_error_rate"":0.0005}","{""detection_events"":9462,""detectors_checked"":4587520}"
     21504,         0,         0,   0.921,standalone_exact_mw,503ee55b5ad1b1988379a241a0405811522ee4d50b473755532ad1299cb121e2,"{""distance"":5,""physical_error_rate"":0.0005}","{""detection_events"":10018,""detectors_checked"":4816896}"
     20480,         0,         0,   0.832,standalone_exact_mw,503ee55b5ad1b1988379a241a0405811522ee4d50b473755532ad1299cb121e2,"{""distance"":5,""physical_error_rate"":0.0005}","{""detection_events"":9616,""detectors_checked"":4587520}"
     21504,         0,         0,   0.852,standalone_exact_mw,503ee55b5ad1b1988379a241a0405811522ee4d50b473755532ad1299cb121e2,"{""distance"":5,""physical_error_rate"":0.0005}","{""detection_events"":9784,""detectors_checked"":4816896}"
     21504,         0,         0,   0.905,standalone_exact_mw,503ee55b5ad1b1988379a241a0405811522ee4d50b473755532ad1299cb121e2,"{""distance"":5,""physical_error_rate"":0.0005}","{""detection_events"":9727,""detectors_checked"":4816896}"
     19714,         0,         0,   0.825,standalone_exact_mw,503ee55b5ad1b1988379a241a0405811522ee4d50b473755532ad1299cb121e2,"{""distance"":5,""physical_error_rate"":0.0005}","{""detection_events"":9041,""detectors_checked"":4415936}"
     20480,         0,         0,   0.842,standalone_exact_mw,503ee55b5ad1b1988379a241a0405811522ee4d50b473755532ad1299cb121e2,"{""distance"":5,""physical_error_rate"":0.0005}","{""detection_events"":9715,""detectors_checked"":4587520}"
     21504,         0,         0,   0.909,standalone_exact_mw,503ee55b5ad1b1988379a241a0405811522ee4d50b473755532ad1299cb121e2,"{""distance"":5,""physical_error_rate"":0.0005}","{""detection_events"":9939,""detectors_checked"":4816896}"
       609,         0,         0,   0.031,standalone_exact_mw,503ee55b5ad1b1988379a241a0405811522ee4d50b473755532ad1299cb121e2,"{""distance"":5,""physical_error_rate"":0.0005}","{""detection_events"":267,""detectors_checked"":136416}"
     20022,         0,         0,   0.718,standalone_exact_mw,503ee55b5ad1b1988379a241a0405811522ee4d50b473755532ad1299cb121e2,"{""distance"":5,""physical_error_rate"":0.0005}","{""detection_events"":9092,""detectors_checked"":4484928}"
     20022,         0,         0,   0.836,standalone_exact_mw,503ee55b5ad1b1988379a241a0405811522ee4d50b473755532ad1299cb121e2,"{""distance"":5,""physical_error_rate"":0.0005}","{""detection_events"":9366,""detectors_checked"":4484928}"
     16384,         0,         0,   0.764,standalone_exact_mw,503ee55b5ad1b1988379a241a0405811522ee4d50b473755532ad1299cb121e2,"{""distance"":5,""physical_error_rate"":0.0005}","{""detection_events"":7736,""detectors_checked"":3670016}"
     17408,         0,         0,   0.833,standalone_exact_mw,503ee55b5ad1b1988379a241a0405811522ee4d50b473755532ad1299cb121e2,"{""distance"":5,""physical_error_rate"":0.0005}","{""detection_events"":7997,""detectors_checked"":3899392}"
     20022,         0,         0,   0.913,standalone_exact_mw,503ee55b5ad1b1988379a241a0405811522ee4d50b473755532ad1299cb121e2,"{""distance"":5,""physical_error_rate"":0.0005}","{""detection_events"":9402,""detectors_checked"":4484928}"
     19456,         0,         0,   0.921,standalone_exact_mw,503ee55b5ad1b1988379a241a0405811522ee4d50b473755532ad1299cb121e2,"{""distance"":5,""physical_error_rate"":0.0005}","{""detection_events"":9180,""detectors_checked"":4358144}"
     18432,         0,         0,   0.865,standalone_exact_mw,503ee55b5ad1b1988379a241a0405811522ee4d50b473755532ad1299cb121e2,"{""distance"":5,""physical_error_rate"":0.0005}","{""detection_events"":8798,""detectors_checked"":4128768}"
     20022,         0,         0,   0.887,standalone_exact_mw,503ee55b5ad1b1988379a241a0405811522ee4d50b473755532ad1299cb121e2,"{""distance"":5,""physical_error_rate"":0.0005}","{""detection_events"":9655,""detectors_checked"":4484928}"
     17408,         0,         0,   0.773,standalone_exact_mw,503ee55b5ad1b1988379a241a0405811522ee4d50b473755532ad1299cb121e2,"{""distance"":5,""physical_error_rate"":0.0005}","{""detection_events"":8070,""detectors_checked"":3899392}"
     21504,         0,         0,    1.02,standalone_exact_mw,503ee55b5ad1b1988379a241a0405811522ee4d50b473755532ad1299cb121e2,"{""distance"":5,""physical_error_rate"":0.0005}","{""detection_events"":9927,""detectors_checked"":4816896}"
     16384,         0,         0,   0.791,standalone_exact_mw,503ee55b5ad1b1988379a241a0405811522ee4d50b473755532ad1299cb121e2,"{""distance"":5,""physical_error_rate"":0.0005}","{""detection_events"":7360,""detectors_checked"":3670016}"
     18432,         0,         0,   0.897,standalone_exact_mw,503ee55b5ad1b1988379a241a0405811522ee4d50b473755532ad1299cb121e2,"{""distance"":5,""physical_error_rate"":0.0005}","{""detection_events"":8571,""detectors_checked"":4128768}"
     18432,         0,         0,   0.847,standalone_exact_mw,503ee55b5ad1b1988379a241a0405811522ee4d50b473755532ad1299cb121e2,"{""distance"":5,""physical_error_rate"":0.0005}","{""detection_events"":9073,""detectors_checked"":4128768}"
     20022,         0,         0,   0.800,standalone_exact_mw,503ee55b5ad1b1988379a241a0405811522ee4d50b473755532ad1299cb121e2,"{""distance"":5,""physical_error_rate"":0.0005}","{""detection_events"":9393,""detectors_checked"":4484928}"
     16384,         0,         0,   0.772,standalone_exact_mw,503ee55b5ad1b1988379a241a0405811522ee4d50b473755532ad1299cb121e2,"{""distance"":5,""physical_error_rate"":0.0005}","{""detection_events"":7750,""detectors_checked"":3670016}"
     20022,         0,         0,   0.882,standalone_exact_mw,503ee55b5ad1b1988379a241a0405811522ee4d50b473755532ad1299cb121e2,"{""distance"":5,""physical_error_rate"":0.0005}","{""detection_events"":9321,""detectors_checked"":4484928}"
     19456,         0,         0,   0.757,standalone_exact_mw,503ee55b5ad1b1988379a241a0405811522ee4d50b473755532ad1299cb121e2,"{""distance"":5,""physical_error_rate"":0.0005}","{""detection_events"":8991,""detectors_checked"":4358144}"
     18432,         0,         0,   0.799,standalone_exact_mw,503ee55b5ad1b1988379a241a0405811522ee4d50b473755532ad1299cb121e2,"{""distance"":5,""physical_error_rate"":0.0005}","{""detection_events"":8812,""detectors_checked"":4128768}"
     20022,         0,         0,   0.895,standalone_exact_mw,503ee55b5ad1b1988379a241a0405811522ee4d50b473755532ad1299cb121e2,"{""distance"":5,""physical_error_rate"":0.0005}","{""detection_events"":9357,""detectors_checked"":4484928}"
      3502,         0,         0,   0.055,standalone_exact_mw,503ee55b5ad1b1988379a241a0405811522ee4d50b473755532ad1299cb121e2,"{""distance"":5,""physical_error_rate"":0.0005}","{""detection_events"":1598,""detectors_checked"":784448}"
     17001,         0,         0,   0.774,standalone_exact_mw,503ee55b5ad1b1988379a241a0405811522ee4d50b473755532ad1299cb121e2,"{""distance"":5,""physical_error_rate"":0.0005}","{""detection_events"":7795,""detectors_checked"":3808224}"
     19456,         0,         0,   0.883,standalone_exact_mw,503ee55b5ad1b1988379a241a0405811522ee4d50b473755532ad1299cb121e2,"{""distance"":5,""physical_error_rate"":0.0005}","{""detection_events"":9208,""detectors_checked"":4358144}"
     19456,         0,         0,   0.789,standalone_exact_mw,503ee55b5ad1b1988379a241a0405811522ee4d50b473755532ad1299cb121e2,"{""distance"":5,""physical_error_rate"":0.0005}","{""detection_events"":9158,""detectors_checked"":4358144}"
     20022,         0,         0,   0.894,standalone_exact_mw,503ee55b5ad1b1988379a241a0405811522ee4d50b473755532ad1299cb121e2,"{""distance"":5,""physical_error_rate"":0.0005}","{""detection_events"":9425,""detectors_checked"":4484928}"
      4076,         0,         0,   0.062,standalone_exact_mw,503ee55b5ad1b1988379a241a0405811522ee4d50b473755532ad1299cb121e2,"{""distance"":5,""physical_error_rate"":0.0005}","{""detection_events"":1808,""detectors_checked"":913024}"
     20022,         0,         0,   0.904,standalone_exact_mw,503ee55b5ad1b1988379a241a0405811522ee4d50b473755532ad1299cb121e2,"{""distance"":5,""physical_error_rate"":0.0005}","{""detection_events"":9148,""detectors_checked"":4484928}"
     18432,         0,         0,   0.938,standalone_exact_mw,503ee55b5ad1b1988379a241a0405811522ee4d50b473755532ad1299cb121e2,"{""distance"":5,""physical_error_rate"":0.0005}","{""detection_events"":8473,""detectors_checked"":4128768}"
      4077,         0,         0,   0.059,standalone_exact_mw,503ee55b5ad1b1988379a241a0405811522ee4d50b473755532ad1299cb121e2,"{""distance"":5,""physical_error_rate"":0.0005}","{""detection_events"":1840,""detectors_checked"":913248}"
      4442,         0,         0,   0.081,standalone_exact_mw,503ee55b5ad1b1988379a241a0405811522ee4d50b473755532ad1299cb121e2,"{""distance"":5,""physical_error_rate"":0.0005}","{""detection_events"":2161,""detectors_checked"":995008}"
     20022,         0,         0,   0.903,standalone_exact_mw,503ee55b5ad1b1988379a241a0405811522ee4d50b473755532ad1299cb121e2,"{""distance"":5,""physical_error_rate"":0.0005}","{""detection_events"":9394,""detectors_checked"":4484928}"
     19456,         0,         0,   0.788,standalone_exact_mw,503ee55b5ad1b1988379a241a0405811522ee4d50b473755532ad1299cb121e2,"{""distance"":5,""physical_error_rate"":0.0005}","{""detection_events"":8861,""detectors_checked"":4358144}"
      2911,         0,         0,   0.101,standalone_exact_mw,503ee55b5ad1b1988379a241a0405811522ee4d50b473755532ad1299cb121e2,"{""distance"":5,""physical_error_rate"":0.0005}","{""detection_events"":1366,""detectors_checked"":652064}"
     10240,         0,         0,   0.263,standalone_exact_mw,503ee55b5ad1b1988379a241a0405811522ee4d50b473755532ad1299cb121e2,"{""distance"":5,""physical_error_rate"":0.0005}","{""detection_events"":4610,""detectors_checked"":2293760}"
     12288,         0,         0,   0.408,standalone_exact_mw,503ee55b5ad1b1988379a241a0405811522ee4d50b473755532ad1299cb121e2,"{""distance"":5,""physical_error_rate"":0.0005}","{""detection_events"":5742,""detectors_checked"":2752512}"
       720,         0,         0,   0.023,standalone_exact_mw,503ee55b5ad1b1988379a241a0405811522ee4d50b473755532ad1299cb121e2,"{""distance"":5,""physical_error_rate"":0.0005}","{""detection_events"":337,""detectors_checked"":161280}"
      3870,         0,         0,   0.116,standalone_exact_mw,503ee55b5ad1b1988379a241a0405811522ee4d50b473755532ad1299cb121e2,"{""distance"":5,""physical_error_rate"":0.0005}","{""detection_events"":1740,""detectors_checked"":866880}"
     12288,         0,         0,   0.414,standalone_exact_mw,503ee55b5ad1b1988379a241a0405811522ee4d50b473755532ad1299cb121e2,"{""distance"":5,""physical_error_rate"":0.0005}","{""detection_events"":5769,""detectors_checked"":2752512}"
      3361,         0,         0,   0.109,standalone_exact_mw,503ee55b5ad1b1988379a241a0405811522ee4d50b473755532ad1299cb121e2,"{""distance"":5,""physical_error_rate"":0.0005}","{""detection_events"":1619,""detectors_checked"":752864}"
     11264,         0,         0,   0.445,standalone_exact_mw,503ee55b5ad1b1988379a241a0405811522ee4d50b473755532ad1299cb121e2,"{""distance"":5,""physical_error_rate"":0.0005}","{""detection_events"":5415,""detectors_checked"":2523136}"
       566,         0,         0,   0.006,standalone_exact_mw,503ee55b5ad1b1988379a241a0405811522ee4d50b473755532ad1299cb121e2,"{""distance"":5,""physical_error_rate"":0.0005}","{""detection_events"":202,""detectors_checked"":126784}"
     14336,         0,         0,   0.834,standalone_exact_mw,503ee55b5ad1b1988379a241a0405811522ee4d50b473755532ad1299cb121e2,"{""distance"":5,""physical_error_rate"":0.0005}","{""detection_events"":6476,""detectors_checked"":3211264}"
      3470,         0,         0,   0.109,standalone_exact_mw,503ee55b5ad1b1988379a241a0405811522ee4d50b473755532ad1299cb121e2,"{""distance"":5,""physical_error_rate"":0.0005}","{""detection_events"":1730,""detectors_checked"":777280}"
      4324,         0,         0,   0.114,standalone_exact_mw,503ee55b5ad1b1988379a241a0405811522ee4d50b473755532ad1299cb121e2,"{""distance"":5,""physical_error_rate"":0.0005}","{""detection_events"":1897,""detectors_checked"":968576}"
      4824,         0,         0,   0.106,standalone_exact_mw,503ee55b5ad1b1988379a241a0405811522ee4d50b473755532ad1299cb121e2,"{""distance"":5,""physical_error_rate"":0.0005}","{""detection_events"":2117,""detectors_checked"":1080576}"
       566,         0,         0,   0.018,standalone_exact_mw,503ee55b5ad1b1988379a241a0405811522ee4d50b473755532ad1299cb121e2,"{""distance"":5,""physical_error_rate"":0.0005}","{""detection_events"":328,""detectors_checked"":126784}"
       566,         0,         0,   0.015,standalone_exact_mw,503ee55b5ad1b1988379a241a0405811522ee4d50b473755532ad1299cb121e2,"{""distance"":5,""physical_error_rate"":0.0005}","{""detection_events"":304,""detectors_checked"":126784}"
     10240,         0,         0,   0.396,standalone_exact_mw,503ee55b5ad1b1988379a241a0405811522ee4d50b473755532ad1299cb121e2,"{""distance"":5,""physical_error_rate"":0.0005}","{""detection_events"":4934,""detectors_checked"":2293760}"
        70,         0,         0,   0.001,standalone_exact_mw,503ee55b5ad1b1988379a241a0405811522ee4d50b473755532ad1299cb121e2,"{""distance"":5,""physical_error_rate"":0.0005}","{""detection_events"":39,""detectors_checked"":15680}"
       614,         0,         0,   0.015,standalone_exact_mw,503ee55b5ad1b1988379a241a0405811522ee4d50b473755532ad1299cb121e2,"{""distance"":5,""physical_error_rate"":0.0005}","{""detection_events"":270,""detectors_checked"":137536}"
       979,         0,         0,   0.017,standalone_exact_mw,503ee55b5ad1b1988379a241a0405811522ee4d50b473755532ad1299cb121e2,"{""distance"":5,""physical_error_rate"":0.0005}","{""detection_events"":456,""detectors_checked"":219296}"
      7168,         0,         0,   0.203,standalone_exact_mw,503ee55b5ad1b1988379a241a0405811522ee4d50b473755532ad1299cb121e2,"{""distance"":5,""physical_error_rate"":0.0005}","{""detection_events"":3486,""detectors_checked"":1605632}"
       581,         0,         0,   0.014,standalone_exact_mw,503ee55b5ad1b1988379a241a0405811522ee4d50b473755532ad1299cb121e2,"{""distance"":5,""physical_error_rate"":0.0005}","{""detection_events"":237,""detectors_checked"":130144}"
     14066,         0,         0,   0.846,standalone_exact_mw,503ee55b5ad1b1988379a241a0405811522ee4d50b473755532ad1299cb121e2,"{""distance"":5,""physical_error_rate"":0.0005}","{""detection_events"":6370,""detectors_checked"":3150784}"
        28,         0,         0,   0.001,standalone_exact_mw,503ee55b5ad1b1988379a241a0405811522ee4d50b473755532ad1299cb121e2,"{""distance"":5,""physical_error_rate"":0.0005}","{""detection_events"":18,""detectors_checked"":6272}"
      8192,         0,         0,   0.235,standalone_exact_mw,503ee55b5ad1b1988379a241a0405811522ee4d50b473755532ad1299cb121e2,"{""distance"":5,""physical_error_rate"":0.0005}","{""detection_events"":3649,""detectors_checked"":1835008}"
     17408,         0,         0,   0.793,standalone_exact_mw,503ee55b5ad1b1988379a241a0405811522ee4d50b473755532ad1299cb121e2,"{""distance"":5,""physical_error_rate"":0.0005}","{""detection_events"":8189,""detectors_checked"":3899392}"
      7168,         0,         0,   0.239,standalone_exact_mw,503ee55b5ad1b1988379a241a0405811522ee4d50b473755532ad1299cb121e2,"{""distance"":5,""physical_error_rate"":0.0005}","{""detection_events"":3340,""detectors_checked"":1605632}"
       625,         0,         0,   0.008,standalone_exact_mw,503ee55b5ad1b1988379a241a0405811522ee4d50b473755532ad1299cb121e2,"{""distance"":5,""physical_error_rate"":0.0005}","{""detection_events"":250,""detectors_checked"":140000}"
      1590,         0,         0,   0.051,standalone_exact_mw,503ee55b5ad1b1988379a241a0405811522ee4d50b473755532ad1299cb121e2,"{""distance"":5,""physical_error_rate"":0.0005}","{""detection_events"":656,""detectors_checked"":356160}"
      2874,         0,         0,   0.046,standalone_exact_mw,503ee55b5ad1b1988379a241a0405811522ee4d50b473755532ad1299cb121e2,"{""distance"":5,""physical_error_rate"":0.0005}","{""detection_events"":1251,""detectors_checked"":643776}"
       683,         0,         0,   0.009,standalone_exact_mw,503ee55b5ad1b1988379a241a0405811522ee4d50b473755532ad1299cb121e2,"{""distance"":5,""physical_error_rate"":0.0005}","{""detection_events"":331,""detectors_checked"":152992}"
        54,         0,         0,   0.001,standalone_exact_mw,503ee55b5ad1b1988379a241a0405811522ee4d50b473755532ad1299cb121e2,"{""distance"":5,""physical_error_rate"":0.0005}","{""detection_events"":29,""detectors_checked"":12096}"
       638,         0,         0,   0.015,standalone_exact_mw,503ee55b5ad1b1988379a241a0405811522ee4d50b473755532ad1299cb121e2,"{""distance"":5,""physical_error_rate"":0.0005}","{""detection_events"":325,""detectors_checked"":142912}"
       192,         0,         0,   0.003,standalone_exact_mw,503ee55b5ad1b1988379a241a0405811522ee4d50b473755532ad1299cb121e2,"{""distance"":5,""physical_error_rate"":0.0005}","{""detection_events"":78,""detectors_checked"":43008}"
        28,         0,         0,   0.001,standalone_exact_mw,503ee55b5ad1b1988379a241a0405811522ee4d50b473755532ad1299cb121e2,"{""distance"":5,""physical_error_rate"":0.0005}","{""detection_events"":13,""detectors_checked"":6272}"
       350,         0,         0,   0.004,standalone_exact_mw,503ee55b5ad1b1988379a241a0405811522ee4d50b473755532ad1299cb121e2,"{""distance"":5,""physical_error_rate"":0.0005}","{""detection_events"":124,""detectors_checked"":78400}"
        85,         0,         0,   0.001,standalone_exact_mw,503ee55b5ad1b1988379a241a0405811522ee4d50b473755532ad1299cb121e2,"{""distance"":5,""physical_error_rate"":0.0005}","{""detection_events"":53,""detectors_checked"":19040}"
      1590,         0,         0,   0.052,standalone_exact_mw,503ee55b5ad1b1988379a241a0405811522ee4d50b473755532ad1299cb121e2,"{""distance"":5,""physical_error_rate"":0.0005}","{""detection_events"":714,""detectors_checked"":356160}"
       350,         0,         0,   0.005,standalone_exact_mw,503ee55b5ad1b1988379a241a0405811522ee4d50b473755532ad1299cb121e2,"{""distance"":5,""physical_error_rate"":0.0005}","{""detection_events"":204,""detectors_checked"":78400}"
     14066,         0,         0,   0.868,standalone_exact_mw,503ee55b5ad1b1988379a241a0405811522ee4d50b473755532ad1299cb121e2,"{""distance"":5,""physical_error_rate"":0.0005}","{""detection_events"":6517,""detectors_checked"":3150784}"
      2091,         0,         0,   0.054,standalone_exact_mw,503ee55b5ad1b1988379a241a0405811522ee4d50b473755532ad1299cb121e2,"{""distance"":5,""physical_error_rate"":0.0005}","{""detection_events"":943,""detectors_checked"":468384}"
     14336,         0,         0,   0.853,standalone_exact_mw,503ee55b5ad1b1988379a241a0405811522ee4d50b473755532ad1299cb121e2,"{""distance"":5,""physical_error_rate"":0.0005}","{""detection_events"":6810,""detectors_checked"":3211264}"
      8192,         0,         0,   0.470,standalone_exact_mw,503ee55b5ad1b1988379a241a0405811522ee4d50b473755532ad1299cb121e2,"{""distance"":5,""physical_error_rate"":0.0005}","{""detection_events"":3629,""detectors_checked"":1835008}"
      3467,         0,         0,   0.123,standalone_exact_mw,503ee55b5ad1b1988379a241a0405811522ee4d50b473755532ad1299cb121e2,"{""distance"":5,""physical_error_rate"":0.0005}","{""detection_events"":1675,""detectors_checked"":776608}"
      4788,         0,         0,   0.132,standalone_exact_mw,503ee55b5ad1b1988379a241a0405811522ee4d50b473755532ad1299cb121e2,"{""distance"":5,""physical_error_rate"":0.0005}","{""detection_events"":2364,""detectors_checked"":1072512}"
      2782,         0,         0,   0.114,standalone_exact_mw,503ee55b5ad1b1988379a241a0405811522ee4d50b473755532ad1299cb121e2,"{""distance"":5,""physical_error_rate"":0.0005}","{""detection_events"":1368,""detectors_checked"":623168}"
        10,         0,         0,   0.000,standalone_exact_mw,503ee55b5ad1b1988379a241a0405811522ee4d50b473755532ad1299cb121e2,"{""distance"":5,""physical_error_rate"":0.0005}","{""detection_events"":2,""detectors_checked"":2240}"
         3,         0,         0,   0.000,standalone_exact_mw,503ee55b5ad1b1988379a241a0405811522ee4d50b473755532ad1299cb121e2,"{""distance"":5,""physical_error_rate"":0.0005}","{""detection_events"":3,""detectors_checked"":672}"
       111,         0,         0,   0.002,standalone_exact_mw,503ee55b5ad1b1988379a241a0405811522ee4d50b473755532ad1299cb121e2,"{""distance"":5,""physical_error_rate"":0.0005}","{""detection_events"":52,""detectors_checked"":24864}"
      4261,         0,         0,   0.140,standalone_exact_mw,503ee55b5ad1b1988379a241a0405811522ee4d50b473755532ad1299cb121e2,"{""distance"":5,""physical_error_rate"":0.0005}","{""detection_events"":1960,""detectors_checked"":954464}"
      5464,         0,         0,   0.174,standalone_exact_mw,503ee55b5ad1b1988379a241a0405811522ee4d50b473755532ad1299cb121e2,"{""distance"":5,""physical_error_rate"":0.0005}","{""detection_events"":2487,""detectors_checked"":1223936}"
        76,         0,         0,   0.001,standalone_exact_mw,503ee55b5ad1b1988379a241a0405811522ee4d50b473755532ad1299cb121e2,"{""distance"":5,""physical_error_rate"":0.0005}","{""detection_events"":28,""detectors_checked"":17024}"
      1190,         0,         0,   0.017,standalone_exact_mw,503ee55b5ad1b1988379a241a0405811522ee4d50b473755532ad1299cb121e2,"{""distance"":5,""physical_error_rate"":0.0005}","{""detection_events"":493,""detectors_checked"":266560}"
        36,         0,         0,   0.001,standalone_exact_mw,503ee55b5ad1b1988379a241a0405811522ee4d50b473755532ad1299cb121e2,"{""distance"":5,""physical_error_rate"":0.0005}","{""detection_events"":28,""detectors_checked"":8064}"
      1958,         0,         0,   0.051,standalone_exact_mw,503ee55b5ad1b1988379a241a0405811522ee4d50b473755532ad1299cb121e2,"{""distance"":5,""physical_error_rate"":0.0005}","{""detection_events"":960,""detectors_checked"":438592}"
      7168,         0,         0,   0.240,standalone_exact_mw,503ee55b5ad1b1988379a241a0405811522ee4d50b473755532ad1299cb121e2,"{""distance"":5,""physical_error_rate"":0.0005}","{""detection_events"":3380,""detectors_checked"":1605632}"
      3021,         0,         0,   0.069,standalone_exact_mw,503ee55b5ad1b1988379a241a0405811522ee4d50b473755532ad1299cb121e2,"{""distance"":5,""physical_error_rate"":0.0005}","{""detection_events"":1453,""detectors_checked"":676704}"
      3714,         0,         0,   0.140,standalone_exact_mw,503ee55b5ad1b1988379a241a0405811522ee4d50b473755532ad1299cb121e2,"{""distance"":5,""physical_error_rate"":0.0005}","{""detection_events"":1758,""detectors_checked"":831936}"
      4261,         0,         0,   0.164,standalone_exact_mw,503ee55b5ad1b1988379a241a0405811522ee4d50b473755532ad1299cb121e2,"{""distance"":5,""physical_error_rate"":0.0005}","{""detection_events"":2144,""detectors_checked"":954464}"
      3577,         0,         0,   0.158,standalone_exact_mw,503ee55b5ad1b1988379a241a0405811522ee4d50b473755532ad1299cb121e2,"{""distance"":5,""physical_error_rate"":0.0005}","{""detection_events"":1656,""detectors_checked"":801248}"
      1590,         0,         0,   0.039,standalone_exact_mw,503ee55b5ad1b1988379a241a0405811522ee4d50b473755532ad1299cb121e2,"{""distance"":5,""physical_error_rate"":0.0005}","{""detection_events"":694,""detectors_checked"":356160}"
       173,         0,         0,   0.003,standalone_exact_mw,503ee55b5ad1b1988379a241a0405811522ee4d50b473755532ad1299cb121e2,"{""distance"":5,""physical_error_rate"":0.0005}","{""detection_events"":94,""detectors_checked"":38752}"
       277,         0,         0,   0.021,standalone_exact_mw,503ee55b5ad1b1988379a241a0405811522ee4d50b473755532ad1299cb121e2,"{""distance"":5,""physical_error_rate"":0.0005}","{""detection_events"":122,""detectors_checked"":62048}"
        25,         0,         0,   0.001,standalone_exact_mw,503ee55b5ad1b1988379a241a0405811522ee4d50b473755532ad1299cb121e2,"{""distance"":5,""physical_error_rate"":0.0005}","{""detection_events"":10,""detectors_checked"":5600}"
         1,         0,         0,   0.000,standalone_exact_mw,503ee55b5ad1b1988379a241a0405811522ee4d50b473755532ad1299cb121e2,"{""distance"":5,""physical_error_rate"":0.0005}","{""detection_events"":2,""detectors_checked"":224}"
        78,         0,         0,   0.002,standalone_exact_mw,503ee55b5ad1b1988379a241a0405811522ee4d50b473755532ad1299cb121e2,"{""distance"":5,""physical_error_rate"":0.0005}","{""detection_events"":33,""detectors_checked"":17472}"
      1590,         0,         0,   0.066,standalone_exact_mw,503ee55b5ad1b1988379a241a0405811522ee4d50b473755532ad1299cb121e2,"{""distance"":5,""physical_error_rate"":0.0005}","{""detection_events"":762,""detectors_checked"":356160}"
      2286,         0,         0,   0.083,standalone_exact_mw,503ee55b5ad1b1988379a241a0405811522ee4d50b473755532ad1299cb121e2,"{""distance"":5,""physical_error_rate"":0.0005}","{""detection_events"":1077,""detectors_checked"":512064}"
      1590,         0,         0,   0.044,standalone_exact_mw,503ee55b5ad1b1988379a241a0405811522ee4d50b473755532ad1299cb121e2,"{""distance"":5,""physical_error_rate"":0.0005}","{""detection_events"":772,""detectors_checked"":356160}"
       847,         0,         0,   0.011,standalone_exact_mw,503ee55b5ad1b1988379a241a0405811522ee4d50b473755532ad1299cb121e2,"{""distance"":5,""physical_error_rate"":0.0005}","{""detection_events"":371,""detectors_checked"":189728}"
       220,         0,         0,   0.003,standalone_exact_mw,503ee55b5ad1b1988379a241a0405811522ee4d50b473755532ad1299cb121e2,"{""distance"":5,""physical_error_rate"":0.0005}","{""detection_events"":93,""detectors_checked"":49280}"
     12008,         0,         0,   0.442,standalone_exact_mw,503ee55b5ad1b1988379a241a0405811522ee4d50b473755532ad1299cb121e2,"{""distance"":5,""physical_error_rate"":0.0005}","{""detection_events"":5601,""detectors_checked"":2689792}"
      6080,         0,         0,   0.206,standalone_exact_mw,503ee55b5ad1b1988379a241a0405811522ee4d50b473755532ad1299cb121e2,"{""distance"":5,""physical_error_rate"":0.0005}","{""detection_events"":2847,""detectors_checked"":1361920}"
      2514,         0,         0,   0.063,standalone_exact_mw,503ee55b5ad1b1988379a241a0405811522ee4d50b473755532ad1299cb121e2,"{""distance"":5,""physical_error_rate"":0.0005}","{""detection_events"":1208,""detectors_checked"":563136}"
      3072,         0,         0,   0.079,standalone_exact_mw,503ee55b5ad1b1988379a241a0405811522ee4d50b473755532ad1299cb121e2,"{""distance"":5,""physical_error_rate"":0.0005}","{""detection_events"":1441,""detectors_checked"":688128}"
      7168,         0,         0,   0.234,standalone_exact_mw,503ee55b5ad1b1988379a241a0405811522ee4d50b473755532ad1299cb121e2,"{""distance"":5,""physical_error_rate"":0.0005}","{""detection_events"":3484,""detectors_checked"":1605632}"
      4096,         0,         0,   0.147,standalone_exact_mw,503ee55b5ad1b1988379a241a0405811522ee4d50b473755532ad1299cb121e2,"{""distance"":5,""physical_error_rate"":0.0005}","{""detection_events"":1963,""detectors_checked"":917504}"
        54,         0,         0,   0.001,standalone_exact_mw,503ee55b5ad1b1988379a241a0405811522ee4d50b473755532ad1299cb121e2,"{""distance"":5,""physical_error_rate"":0.0005}","{""detection_events"":23,""detectors_checked"":12096}"
        32,         0,         0,   0.001,standalone_exact_mw,503ee55b5ad1b1988379a241a0405811522ee4d50b473755532ad1299cb121e2,"{""distance"":5,""physical_error_rate"":0.0005}","{""detection_events"":13,""detectors_checked"":7168}"
        54,         0,         0,   0.001,standalone_exact_mw,503ee55b5ad1b1988379a241a0405811522ee4d50b473755532ad1299cb121e2,"{""distance"":5,""physical_error_rate"":0.0005}","{""detection_events"":26,""detectors_checked"":12096}"
      2675,         0,         0,   0.035,standalone_exact_mw,503ee55b5ad1b1988379a241a0405811522ee4d50b473755532ad1299cb121e2,"{""distance"":5,""physical_error_rate"":0.0005}","{""detection_events"":1220,""detectors_checked"":599200}"
       688,         0,         0,   0.013,standalone_exact_mw,503ee55b5ad1b1988379a241a0405811522ee4d50b473755532ad1299cb121e2,"{""distance"":5,""physical_error_rate"":0.0005}","{""detection_events"":267,""detectors_checked"":154112}"
        47,         0,         0,   0.001,standalone_exact_mw,503ee55b5ad1b1988379a241a0405811522ee4d50b473755532ad1299cb121e2,"{""distance"":5,""physical_error_rate"":0.0005}","{""detection_events"":30,""detectors_checked"":10528}"
       709,         0,         0,   0.009,standalone_exact_mw,503ee55b5ad1b1988379a241a0405811522ee4d50b473755532ad1299cb121e2,"{""distance"":5,""physical_error_rate"":0.0005}","{""detection_events"":354,""detectors_checked"":158816}"
        25,         0,         0,   0.001,standalone_exact_mw,503ee55b5ad1b1988379a241a0405811522ee4d50b473755532ad1299cb121e2,"{""distance"":5,""physical_error_rate"":0.0005}","{""detection_events"":2,""detectors_checked"":5600}"
        77,         0,         0,   0.001,standalone_exact_mw,503ee55b5ad1b1988379a241a0405811522ee4d50b473755532ad1299cb121e2,"{""distance"":5,""physical_error_rate"":0.0005}","{""detection_events"":45,""detectors_checked"":17248}"
      2254,         0,         0,   0.053,standalone_exact_mw,503ee55b5ad1b1988379a241a0405811522ee4d50b473755532ad1299cb121e2,"{""distance"":5,""physical_error_rate"":0.0005}","{""detection_events"":1130,""detectors_checked"":504896}"
      1663,         0,         0,   0.055,standalone_exact_mw,503ee55b5ad1b1988379a241a0405811522ee4d50b473755532ad1299cb121e2,"{""distance"":5,""physical_error_rate"":0.0005}","{""detection_events"":882,""detectors_checked"":372512}"
       170,         0,         0,   0.003,standalone_exact_mw,503ee55b5ad1b1988379a241a0405811522ee4d50b473755532ad1299cb121e2,"{""distance"":5,""physical_error_rate"":0.0005}","{""detection_events"":85,""detectors_checked"":38080}"
       161,         0,         0,   0.003,standalone_exact_mw,503ee55b5ad1b1988379a241a0405811522ee4d50b473755532ad1299cb121e2,"{""distance"":5,""physical_error_rate"":0.0005}","{""detection_events"":42,""detectors_checked"":36064}"
        77,         0,         0,   0.001,standalone_exact_mw,503ee55b5ad1b1988379a241a0405811522ee4d50b473755532ad1299cb121e2,"{""distance"":5,""physical_error_rate"":0.0005}","{""detection_events"":31,""detectors_checked"":17248}"
       367,         0,         0,   0.005,standalone_exact_mw,503ee55b5ad1b1988379a241a0405811522ee4d50b473755532ad1299cb121e2,"{""distance"":5,""physical_error_rate"":0.0005}","{""detection_events"":190,""detectors_checked"":82208}"
        25,         0,         0,   0.001,standalone_exact_mw,503ee55b5ad1b1988379a241a0405811522ee4d50b473755532ad1299cb121e2,"{""distance"":5,""physical_error_rate"":0.0005}","{""detection_events"":10,""detectors_checked"":5600}"
      2254,         0,         0,   0.028,standalone_exact_mw,503ee55b5ad1b1988379a241a0405811522ee4d50b473755532ad1299cb121e2,"{""distance"":5,""physical_error_rate"":0.0005}","{""detection_events"":1026,""detectors_checked"":504896}"
       100,         0,         0,   0.001,standalone_exact_mw,503ee55b5ad1b1988379a241a0405811522ee4d50b473755532ad1299cb121e2,"{""distance"":5,""physical_error_rate"":0.0005}","{""detection_events"":53,""detectors_checked"":22400}"
        47,         0,         0,   0.001,standalone_exact_mw,503ee55b5ad1b1988379a241a0405811522ee4d50b473755532ad1299cb121e2,"{""distance"":5,""physical_error_rate"":0.0005}","{""detection_events"":20,""detectors_checked"":10528}"
      3072,         0,         0,   0.087,standalone_exact_mw,503ee55b5ad1b1988379a241a0405811522ee4d50b473755532ad1299cb121e2,"{""distance"":5,""physical_error_rate"":0.0005}","{""detection_events"":1322,""detectors_checked"":688128}"
      1515,         0,         0,   0.027,standalone_exact_mw,503ee55b5ad1b1988379a241a0405811522ee4d50b473755532ad1299cb121e2,"{""distance"":5,""physical_error_rate"":0.0005}","{""detection_events"":635,""detectors_checked"":339360}"
      1463,         0,         0,   0.022,standalone_exact_mw,503ee55b5ad1b1988379a241a0405811522ee4d50b473755532ad1299cb121e2,"{""distance"":5,""physical_error_rate"":0.0005}","{""detection_events"":738,""detectors_checked"":327712}"
      2514,         0,         0,   0.047,standalone_exact_mw,503ee55b5ad1b1988379a241a0405811522ee4d50b473755532ad1299cb121e2,"{""distance"":5,""physical_error_rate"":0.0005}","{""detection_events"":1225,""detectors_checked"":563136}"
        18,         0,         0,   0.001,standalone_exact_mw,503ee55b5ad1b1988379a241a0405811522ee4d50b473755532ad1299cb121e2,"{""distance"":5,""physical_error_rate"":0.0005}","{""detection_events"":11,""detectors_checked"":4032}"
        36,         0,         0,   0.001,standalone_exact_mw,503ee55b5ad1b1988379a241a0405811522ee4d50b473755532ad1299cb121e2,"{""distance"":5,""physical_error_rate"":0.0005}","{""detection_events"":18,""detectors_checked"":8064}"
      2762,         0,         0,   0.065,standalone_exact_mw,503ee55b5ad1b1988379a241a0405811522ee4d50b473755532ad1299cb121e2,"{""distance"":5,""physical_error_rate"":0.0005}","{""detection_events"":1149,""detectors_checked"":618688}"
       989,         0,         0,   0.011,standalone_exact_mw,503ee55b5ad1b1988379a241a0405811522ee4d50b473755532ad1299cb121e2,"{""distance"":5,""physical_error_rate"":0.0005}","{""detection_events"":443,""detectors_checked"":221536}"
      3072,         0,         0,   0.091,standalone_exact_mw,503ee55b5ad1b1988379a241a0405811522ee4d50b473755532ad1299cb121e2,"{""distance"":5,""physical_error_rate"":0.0005}","{""detection_events"":1336,""detectors_checked"":688128}"
        24,         0,         0,   0.001,standalone_exact_mw,503ee55b5ad1b1988379a241a0405811522ee4d50b473755532ad1299cb121e2,"{""distance"":5,""physical_error_rate"":0.0005}","{""detection_events"":5,""detectors_checked"":5376}"
        84,         0,         0,   0.001,standalone_exact_mw,503ee55b5ad1b1988379a241a0405811522ee4d50b473755532ad1299cb121e2,"{""distance"":5,""physical_error_rate"":0.0005}","{""detection_events"":37,""detectors_checked"":18816}"
       100,         0,         0,   0.001,standalone_exact_mw,503ee55b5ad1b1988379a241a0405811522ee4d50b473755532ad1299cb121e2,"{""distance"":5,""physical_error_rate"":0.0005}","{""detection_events"":34,""detectors_checked"":22400}"
      2167,         0,         0,   0.063,standalone_exact_mw,503ee55b5ad1b1988379a241a0405811522ee4d50b473755532ad1299cb121e2,"{""distance"":5,""physical_error_rate"":0.0005}","{""detection_events"":1073,""detectors_checked"":485408}"
      2828,         0,         0,   0.047,standalone_exact_mw,503ee55b5ad1b1988379a241a0405811522ee4d50b473755532ad1299cb121e2,"{""distance"":5,""physical_error_rate"":0.0005}","{""detection_events"":1358,""detectors_checked"":633472}"
      3613,         0,         0,   0.105,standalone_exact_mw,503ee55b5ad1b1988379a241a0405811522ee4d50b473755532ad1299cb121e2,"{""distance"":5,""physical_error_rate"":0.0005}","{""detection_events"":1691,""detectors_checked"":809312}"
      2048,         0,         0,   0.033,standalone_exact_mw,503ee55b5ad1b1988379a241a0405811522ee4d50b473755532ad1299cb121e2,"{""distance"":5,""physical_error_rate"":0.0005}","{""detection_events"":1010,""detectors_checked"":458752}"
      2675,         0,         0,   0.071,standalone_exact_mw,503ee55b5ad1b1988379a241a0405811522ee4d50b473755532ad1299cb121e2,"{""distance"":5,""physical_error_rate"":0.0005}","{""detection_events"":1289,""detectors_checked"":599200}"
       157,         0,         0,   0.002,standalone_exact_mw,503ee55b5ad1b1988379a241a0405811522ee4d50b473755532ad1299cb121e2,"{""distance"":5,""physical_error_rate"":0.0005}","{""detection_events"":54,""detectors_checked"":35168}"
       422,         0,         0,   0.005,standalone_exact_mw,503ee55b5ad1b1988379a241a0405811522ee4d50b473755532ad1299cb121e2,"{""distance"":5,""physical_error_rate"":0.0005}","{""detection_events"":154,""detectors_checked"":94528}"
      3003,         0,         0,   0.102,standalone_exact_mw,503ee55b5ad1b1988379a241a0405811522ee4d50b473755532ad1299cb121e2,"{""distance"":5,""physical_error_rate"":0.0005}","{""detection_events"":1412,""detectors_checked"":672672}"
        22,         0,         0,   0.001,standalone_exact_mw,503ee55b5ad1b1988379a241a0405811522ee4d50b473755532ad1299cb121e2,"{""distance"":5,""physical_error_rate"":0.0005}","{""detection_events"":4,""detectors_checked"":4928}"
      2949,         0,         0,   0.083,standalone_exact_mw,503ee55b5ad1b1988379a241a0405811522ee4d50b473755532ad1299cb121e2,"{""distance"":5,""physical_error_rate"":0.0005}","{""detection_events"":1452,""detectors_checked"":660576}"
       468,         0,         0,   0.006,standalone_exact_mw,503ee55b5ad1b1988379a241a0405811522ee4d50b473755532ad1299cb121e2,"{""distance"":5,""physical_error_rate"":0.0005}","{""detection_events"":192,""detectors_checked"":104832}"
      3131,         0,         0,   0.086,standalone_exact_mw,503ee55b5ad1b1988379a241a0405811522ee4d50b473755532ad1299cb121e2,"{""distance"":5,""physical_error_rate"":0.0005}","{""detection_events"":1399,""detectors_checked"":701344}"
      2048,         0,         0,   0.035,standalone_exact_mw,503ee55b5ad1b1988379a241a0405811522ee4d50b473755532ad1299cb121e2,"{""distance"":5,""physical_error_rate"":0.0005}","{""detection_events"":920,""detectors_checked"":458752}"
        74,         0,         0,   0.001,standalone_exact_mw,503ee55b5ad1b1988379a241a0405811522ee4d50b473755532ad1299cb121e2,"{""distance"":5,""physical_error_rate"":0.0005}","{""detection_events"":42,""detectors_checked"":16576}"
       500,         0,         0,   0.008,standalone_exact_mw,503ee55b5ad1b1988379a241a0405811522ee4d50b473755532ad1299cb121e2,"{""distance"":5,""physical_error_rate"":0.0005}","{""detection_events"":251,""detectors_checked"":112000}"
        20,         0,         0,   0.001,standalone_exact_mw,503ee55b5ad1b1988379a241a0405811522ee4d50b473755532ad1299cb121e2,"{""distance"":5,""physical_error_rate"":0.0005}","{""detection_events"":3,""detectors_checked"":4480}"
         1,         0,         0,   0.000,standalone_exact_mw,503ee55b5ad1b1988379a241a0405811522ee4d50b473755532ad1299cb121e2,"{""distance"":5,""physical_error_rate"":0.0005}","{""detectors_checked"":224}"
         3,         0,         0,   0.000,standalone_exact_mw,503ee55b5ad1b1988379a241a0405811522ee4d50b473755532ad1299cb121e2,"{""distance"":5,""physical_error_rate"":0.0005}","{""detectors_checked"":672}"
         2,         0,         0,   0.000,standalone_exact_mw,503ee55b5ad1b1988379a241a0405811522ee4d50b473755532ad1299cb121e2,"{""distance"":5,""physical_error_rate"":0.0005}","{""detectors_checked"":448}"
         9,         0,         0,   0.000,standalone_exact_mw,503ee55b5ad1b1988379a241a0405811522ee4d50b473755532ad1299cb121e2,"{""distance"":5,""physical_error_rate"":0.0005}","{""detection_events"":3,""detectors_checked"":2016}"
       339,         0,         0,   0.004,standalone_exact_mw,503ee55b5ad1b1988379a241a0405811522ee4d50b473755532ad1299cb121e2,"{""distance"":5,""physical_error_rate"":0.0005}","{""detection_events"":160,""detectors_checked"":75936}"
      3003,         0,         0,   0.062,standalone_exact_mw,503ee55b5ad1b1988379a241a0405811522ee4d50b473755532ad1299cb121e2,"{""distance"":5,""physical_error_rate"":0.0005}","{""detection_events"":1376,""detectors_checked"":672672}"
       876,         0,         0,   0.011,standalone_exact_mw,503ee55b5ad1b1988379a241a0405811522ee4d50b473755532ad1299cb121e2,"{""distance"":5,""physical_error_rate"":0.0005}","{""detection_events"":403,""detectors_checked"":196224}"
       921,         0,         0,   0.017,standalone_exact_mw,503ee55b5ad1b1988379a241a0405811522ee4d50b473755532ad1299cb121e2,"{""distance"":5,""physical_error_rate"":0.0005}","{""detection_events"":420,""detectors_checked"":206304}"
       100,         0,         0,   0.002,standalone_exact_mw,503ee55b5ad1b1988379a241a0405811522ee4d50b473755532ad1299cb121e2,"{""distance"":5,""physical_error_rate"":0.0005}","{""detection_events"":51,""detectors_checked"":22400}"
      1330,         0,         0,   0.017,standalone_exact_mw,503ee55b5ad1b1988379a241a0405811522ee4d50b473755532ad1299cb121e2,"{""distance"":5,""physical_error_rate"":0.0005}","{""detection_events"":643,""detectors_checked"":297920}"
      1291,         0,         0,   0.017,standalone_exact_mw,503ee55b5ad1b1988379a241a0405811522ee4d50b473755532ad1299cb121e2,"{""distance"":5,""physical_error_rate"":0.0005}","{""detection_events"":573,""detectors_checked"":289184}"
       400,         0,         0,   0.006,standalone_exact_mw,503ee55b5ad1b1988379a241a0405811522ee4d50b473755532ad1299cb121e2,"{""distance"":5,""physical_error_rate"":0.0005}","{""detection_events"":140,""detectors_checked"":89600}"
       480,         0,         0,   0.006,standalone_exact_mw,503ee55b5ad1b1988379a241a0405811522ee4d50b473755532ad1299cb121e2,"{""distance"":5,""physical_error_rate"":0.0005}","{""detection_events"":213,""detectors_checked"":107520}"
         2,         0,         0,   0.000,standalone_exact_mw,503ee55b5ad1b1988379a241a0405811522ee4d50b473755532ad1299cb121e2,"{""distance"":5,""physical_error_rate"":0.0005}","{""detection_events"":3,""detectors_checked"":448}"
       541,         0,         0,   0.011,standalone_exact_mw,503ee55b5ad1b1988379a241a0405811522ee4d50b473755532ad1299cb121e2,"{""distance"":5,""physical_error_rate"":0.0005}","{""detection_events"":219,""detectors_checked"":121184}"
      3072,         0,         0,   0.078,standalone_exact_mw,503ee55b5ad1b1988379a241a0405811522ee4d50b473755532ad1299cb121e2,"{""distance"":5,""physical_error_rate"":0.0005}","{""detection_events"":1419,""detectors_checked"":688128}"
      3072,         0,         0,   0.064,standalone_exact_mw,503ee55b5ad1b1988379a241a0405811522ee4d50b473755532ad1299cb121e2,"{""distance"":5,""physical_error_rate"":0.0005}","{""detection_events"":1369,""detectors_checked"":688128}"
      3131,         0,         0,   0.092,standalone_exact_mw,503ee55b5ad1b1988379a241a0405811522ee4d50b473755532ad1299cb121e2,"{""distance"":5,""physical_error_rate"":0.0005}","{""detection_events"":1442,""detectors_checked"":701344}"
         1,         0,         0,   0.000,standalone_exact_mw,503ee55b5ad1b1988379a241a0405811522ee4d50b473755532ad1299cb121e2,"{""distance"":5,""physical_error_rate"":0.0005}","{""detectors_checked"":224}"
       273,         0,         0,   0.004,standalone_exact_mw,503ee55b5ad1b1988379a241a0405811522ee4d50b473755532ad1299cb121e2,"{""distance"":5,""physical_error_rate"":0.0005}","{""detection_events"":168,""detectors_checked"":61152}"
      1183,         0,         0,   0.016,standalone_exact_mw,503ee55b5ad1b1988379a241a0405811522ee4d50b473755532ad1299cb121e2,"{""distance"":5,""physical_error_rate"":0.0005}","{""detection_events"":638,""detectors_checked"":264992}"
      1560,         0,         0,   0.028,standalone_exact_mw,503ee55b5ad1b1988379a241a0405811522ee4d50b473755532ad1299cb121e2,"{""distance"":5,""physical_error_rate"":0.0005}","{""detection_events"":723,""detectors_checked"":349440}"
      1290,         0,         0,   0.018,standalone_exact_mw,503ee55b5ad1b1988379a241a0405811522ee4d50b473755532ad1299cb121e2,"{""distance"":5,""physical_error_rate"":0.0005}","{""detection_events"":583,""detectors_checked"":288960}"
        24,         0,         0,   0.001,standalone_exact_mw,503ee55b5ad1b1988379a241a0405811522ee4d50b473755532ad1299cb121e2,"{""distance"":5,""physical_error_rate"":0.0005}","{""detection_events"":18,""detectors_checked"":5376}"
      2192,         0,         0,   0.063,standalone_exact_mw,503ee55b5ad1b1988379a241a0405811522ee4d50b473755532ad1299cb121e2,"{""distance"":5,""physical_error_rate"":0.0005}","{""detection_events"":1015,""detectors_checked"":491008}"
      1024,         0,         0,   0.013,standalone_exact_mw,503ee55b5ad1b1988379a241a0405811522ee4d50b473755532ad1299cb121e2,"{""distance"":5,""physical_error_rate"":0.0005}","{""detection_events"":478,""detectors_checked"":229376}"
         1,         0,         0,   0.000,standalone_exact_mw,503ee55b5ad1b1988379a241a0405811522ee4d50b473755532ad1299cb121e2,"{""distance"":5,""physical_error_rate"":0.0005}","{""detectors_checked"":224}"
        26,         0,         0,   0.001,standalone_exact_mw,503ee55b5ad1b1988379a241a0405811522ee4d50b473755532ad1299cb121e2,"{""distance"":5,""physical_error_rate"":0.0005}","{""detection_events"":6,""detectors_checked"":5824}"
         1,         0,         0,   0.000,standalone_exact_mw,503ee55b5ad1b1988379a241a0405811522ee4d50b473755532ad1299cb121e2,"{""distance"":5,""physical_error_rate"":0.0005}","{""detectors_checked"":224}"
       483,         0,         0,   0.006,standalone_exact_mw,503ee55b5ad1b1988379a241a0405811522ee4d50b473755532ad1299cb121e2,"{""distance"":5,""physical_error_rate"":0.0005}","{""detection_events"":214,""detectors_checked"":108192}"
      1024,         0,         0,   0.013,standalone_exact_mw,503ee55b5ad1b1988379a241a0405811522ee4d50b473755532ad1299cb121e2,"{""distance"":5,""physical_error_rate"":0.0005}","{""detection_events"":409,""detectors_checked"":229376}"
       688,         0,         0,   0.010,standalone_exact_mw,503ee55b5ad1b1988379a241a0405811522ee4d50b473755532ad1299cb121e2,"{""distance"":5,""physical_error_rate"":0.0005}","{""detection_events"":364,""detectors_checked"":154112}"
      1024,         0,         0,   0.013,standalone_exact_mw,503ee55b5ad1b1988379a241a0405811522ee4d50b473755532ad1299cb121e2,"{""distance"":5,""physical_error_rate"":0.0005}","{""detection_events"":493,""detectors_checked"":229376}"
         2,         0,         0,   0.000,standalone_exact_mw,503ee55b5ad1b1988379a241a0405811522ee4d50b473755532ad1299cb121e2,"{""distance"":5,""physical_error_rate"":0.0005}","{""detectors_checked"":448}"
       418,         0,         0,   0.005,standalone_exact_mw,503ee55b5ad1b1988379a241a0405811522ee4d50b473755532ad1299cb121e2,"{""distance"":5,""physical_error_rate"":0.0005}","{""detection_events"":177,""detectors_checked"":93632}"
      2514,         0,         0,   0.105,standalone_exact_mw,503ee55b5ad1b1988379a241a0405811522ee4d50b473755532ad1299cb121e2,"{""distance"":5,""physical_error_rate"":0.0005}","{""detection_events"":1211,""detectors_checked"":563136}"
      1024,         0,         0,   0.013,standalone_exact_mw,503ee55b5ad1b1988379a241a0405811522ee4d50b473755532ad1299cb121e2,"{""distance"":5,""physical_error_rate"":0.0005}","{""detection_events"":507,""detectors_checked"":229376}"
       184,         0,         0,   0.003,standalone_exact_mw,503ee55b5ad1b1988379a241a0405811522ee4d50b473755532ad1299cb121e2,"{""distance"":5,""physical_error_rate"":0.0005}","{""detection_events"":101,""detectors_checked"":41216}"
        46,         0,         0,   0.001,standalone_exact_mw,503ee55b5ad1b1988379a241a0405811522ee4d50b473755532ad1299cb121e2,"{""distance"":5,""physical_error_rate"":0.0005}","{""detection_events"":32,""detectors_checked"":10304}"
      2048,         0,         0,   0.036,standalone_exact_mw,503ee55b5ad1b1988379a241a0405811522ee4d50b473755532ad1299cb121e2,"{""distance"":5,""physical_error_rate"":0.0005}","{""detection_events"":951,""detectors_checked"":458752}"
      1024,         0,         0,   0.014,standalone_exact_mw,503ee55b5ad1b1988379a241a0405811522ee4d50b473755532ad1299cb121e2,"{""distance"":5,""physical_error_rate"":0.0005}","{""detection_events"":495,""detectors_checked"":229376}"
       249,         0,         0,   0.004,standalone_exact_mw,503ee55b5ad1b1988379a241a0405811522ee4d50b473755532ad1299cb121e2,"{""distance"":5,""physical_error_rate"":0.0005}","{""detection_events"":131,""detectors_checked"":55776}"
        46,         0,         0,   0.001,standalone_exact_mw,503ee55b5ad1b1988379a241a0405811522ee4d50b473755532ad1299cb121e2,"{""distance"":5,""physical_error_rate"":0.0005}","{""detection_events"":23,""detectors_checked"":10304}"
       289,         0,         0,   0.004,standalone_exact_mw,503ee55b5ad1b1988379a241a0405811522ee4d50b473755532ad1299cb121e2,"{""distance"":5,""physical_error_rate"":0.0005}","{""detection_events"":128,""detectors_checked"":64736}"
       313,         0,         0,   0.004,standalone_exact_mw,503ee55b5ad1b1988379a241a0405811522ee4d50b473755532ad1299cb121e2,"{""distance"":5,""physical_error_rate"":0.0005}","{""detection_events"":183,""detectors_checked"":70112}"
       538,         0,         0,   0.007,standalone_exact_mw,503ee55b5ad1b1988379a241a0405811522ee4d50b473755532ad1299cb121e2,"{""distance"":5,""physical_error_rate"":0.0005}","{""detection_events"":270,""detectors_checked"":120512}"
       714,         0,         0,   0.010,standalone_exact_mw,503ee55b5ad1b1988379a241a0405811522ee4d50b473755532ad1299cb121e2,"{""distance"":5,""physical_error_rate"":0.0005}","{""detection_events"":326,""detectors_checked"":159936}"
      1024,         0,         0,   0.017,standalone_exact_mw,503ee55b5ad1b1988379a241a0405811522ee4d50b473755532ad1299cb121e2,"{""distance"":5,""physical_error_rate"":0.0005}","{""detection_events"":587,""detectors_checked"":229376}"
       870,         0,         0,   0.014,standalone_exact_mw,503ee55b5ad1b1988379a241a0405811522ee4d50b473755532ad1299cb121e2,"{""distance"":5,""physical_error_rate"":0.0005}","{""detection_events"":452,""detectors_checked"":194880}"
        82,         0,         0,   0.002,standalone_exact_mw,503ee55b5ad1b1988379a241a0405811522ee4d50b473755532ad1299cb121e2,"{""distance"":5,""physical_error_rate"":0.0005}","{""detection_events"":36,""detectors_checked"":18368}"
      1182,         0,         0,   0.029,standalone_exact_mw,503ee55b5ad1b1988379a241a0405811522ee4d50b473755532ad1299cb121e2,"{""distance"":5,""physical_error_rate"":0.0005}","{""detection_events"":543,""detectors_checked"":264768}"
        88,         0,         0,   0.002,standalone_exact_mw,503ee55b5ad1b1988379a241a0405811522ee4d50b473755532ad1299cb121e2,"{""distance"":5,""physical_error_rate"":0.0005}","{""detection_events"":44,""detectors_checked"":19712}"
       531,         0,         0,   0.007,standalone_exact_mw,503ee55b5ad1b1988379a241a0405811522ee4d50b473755532ad1299cb121e2,"{""distance"":5,""physical_error_rate"":0.0005}","{""detection_events"":252,""detectors_checked"":118944}"
       635,         0,         0,   0.008,standalone_exact_mw,503ee55b5ad1b1988379a241a0405811522ee4d50b473755532ad1299cb121e2,"{""distance"":5,""physical_error_rate"":0.0005}","{""detection_events"":278,""detectors_checked"":142240}"
       627,         0,         0,   0.008,standalone_exact_mw,503ee55b5ad1b1988379a241a0405811522ee4d50b473755532ad1299cb121e2,"{""distance"":5,""physical_error_rate"":0.0005}","{""detection_events"":304,""detectors_checked"":140448}"
         8,         0,         0,   0.000,standalone_exact_mw,503ee55b5ad1b1988379a241a0405811522ee4d50b473755532ad1299cb121e2,"{""distance"":5,""physical_error_rate"":0.0005}","{""detection_events"":4,""detectors_checked"":1792}"
       347,         0,         0,   0.004,standalone_exact_mw,503ee55b5ad1b1988379a241a0405811522ee4d50b473755532ad1299cb121e2,"{""distance"":5,""physical_error_rate"":0.0005}","{""detection_events"":152,""detectors_checked"":77728}"
       627,         0,         0,   0.007,standalone_exact_mw,503ee55b5ad1b1988379a241a0405811522ee4d50b473755532ad1299cb121e2,"{""distance"":5,""physical_error_rate"":0.0005}","{""detection_events"":258,""detectors_checked"":140448}"
       627,         0,         0,   0.008,standalone_exact_mw,503ee55b5ad1b1988379a241a0405811522ee4d50b473755532ad1299cb121e2,"{""distance"":5,""physical_error_rate"":0.0005}","{""detection_events"":320,""detectors_checked"":140448}"
       482,         0,         0,   0.007,standalone_exact_mw,503ee55b5ad1b1988379a241a0405811522ee4d50b473755532ad1299cb121e2,"{""distance"":5,""physical_error_rate"":0.0005}","{""detection_events"":217,""detectors_checked"":107968}"
         9,         0,         0,   0.000,standalone_exact_mw,503ee55b5ad1b1988379a241a0405811522ee4d50b473755532ad1299cb121e2,"{""distance"":5,""physical_error_rate"":0.0005}","{""detectors_checked"":2016}"
       307,         0,         0,   0.005,standalone_exact_mw,503ee55b5ad1b1988379a241a0405811522ee4d50b473755532ad1299cb121e2,"{""distance"":5,""physical_error_rate"":0.0005}","{""detection_events"":144,""detectors_checked"":68768}"
       870,         0,         0,   0.019,standalone_exact_mw,503ee55b5ad1b1988379a241a0405811522ee4d50b473755532ad1299cb121e2,"{""distance"":5,""physical_error_rate"":0.0005}","{""detection_events"":417,""detectors_checked"":194880}"
       159,         0,         0,   0.002,standalone_exact_mw,503ee55b5ad1b1988379a241a0405811522ee4d50b473755532ad1299cb121e2,"{""distance"":5,""physical_error_rate"":0.0005}","{""detection_events"":63,""detectors_checked"":35616}"
        41,         0,         0,   0.001,standalone_exact_mw,503ee55b5ad1b1988379a241a0405811522ee4d50b473755532ad1299cb121e2,"{""distance"":5,""physical_error_rate"":0.0005}","{""detection_events"":33,""detectors_checked"":9184}"
       150,         0,         0,   0.002,standalone_exact_mw,503ee55b5ad1b1988379a241a0405811522ee4d50b473755532ad1299cb121e2,"{""distance"":5,""physical_error_rate"":0.0005}","{""detection_events"":69,""detectors_checked"":33600}"
        14,         0,         0,   0.000,standalone_exact_mw,503ee55b5ad1b1988379a241a0405811522ee4d50b473755532ad1299cb121e2,"{""distance"":5,""physical_error_rate"":0.0005}","{""detection_events"":4,""detectors_checked"":3136}"
       200,         0,         0,   0.002,standalone_exact_mw,503ee55b5ad1b1988379a241a0405811522ee4d50b473755532ad1299cb121e2,"{""distance"":5,""physical_error_rate"":0.0005}","{""detection_events"":77,""detectors_checked"":44800}"
        49,         0,         0,   0.001,standalone_exact_mw,503ee55b5ad1b1988379a241a0405811522ee4d50b473755532ad1299cb121e2,"{""distance"":5,""physical_error_rate"":0.0005}","{""detection_events"":35,""detectors_checked"":10976}"
         6,         0,         0,   0.001,standalone_exact_mw,503ee55b5ad1b1988379a241a0405811522ee4d50b473755532ad1299cb121e2,"{""distance"":5,""physical_error_rate"":0.0005}","{""detectors_checked"":1344}"
       482,         0,         0,   0.007,standalone_exact_mw,503ee55b5ad1b1988379a241a0405811522ee4d50b473755532ad1299cb121e2,"{""distance"":5,""physical_error_rate"":0.0005}","{""detection_events"":243,""detectors_checked"":107968}"
         8,         0,         0,   0.001,standalone_exact_mw,503ee55b5ad1b1988379a241a0405811522ee4d50b473755532ad1299cb121e2,"{""distance"":5,""physical_error_rate"":0.0005}","{""detectors_checked"":1792}"
         8,         0,         0,   0.001,standalone_exact_mw,503ee55b5ad1b1988379a241a0405811522ee4d50b473755532ad1299cb121e2,"{""distance"":5,""physical_error_rate"":0.0005}","{""detection_events"":2,""detectors_checked"":1792}"
       166,         0,         0,   0.002,standalone_exact_mw,503ee55b5ad1b1988379a241a0405811522ee4d50b473755532ad1299cb121e2,"{""distance"":5,""physical_error_rate"":0.0005}","{""detection_events"":61,""detectors_checked"":37184}"
       137,         0,         0,   0.002,standalone_exact_mw,503ee55b5ad1b1988379a241a0405811522ee4d50b473755532ad1299cb121e2,"{""distance"":5,""physical_error_rate"":0.0005}","{""detection_events"":57,""detectors_checked"":30688}"
       136,         0,         0,   0.002,standalone_exact_mw,503ee55b5ad1b1988379a241a0405811522ee4d50b473755532ad1299cb121e2,"{""distance"":5,""physical_error_rate"":0.0005}","{""detection_events"":53,""detectors_checked"":30464}"
        36,         0,         0,   0.001,standalone_exact_mw,503ee55b5ad1b1988379a241a0405811522ee4d50b473755532ad1299cb121e2,"{""distance"":5,""physical_error_rate"":0.0005}","{""detection_events"":17,""detectors_checked"":8064}"
        12,         0,         0,   0.001,standalone_exact_mw,503ee55b5ad1b1988379a241a0405811522ee4d50b473755532ad1299cb121e2,"{""distance"":5,""physical_error_rate"":0.0005}","{""detection_events"":2,""detectors_checked"":2688}"
        27,         0,         0,   0.001,standalone_exact_mw,503ee55b5ad1b1988379a241a0405811522ee4d50b473755532ad1299cb121e2,"{""distance"":5,""physical_error_rate"":0.0005}","{""detection_events"":12,""detectors_checked"":6048}"
       313,         0,         0,   0.005,standalone_exact_mw,503ee55b5ad1b1988379a241a0405811522ee4d50b473755532ad1299cb121e2,"{""distance"":5,""physical_error_rate"":0.0005}","{""detection_events"":179,""detectors_checked"":70112}"
         6,         0,         0,   0.000,standalone_exact_mw,503ee55b5ad1b1988379a241a0405811522ee4d50b473755532ad1299cb121e2,"{""distance"":5,""physical_error_rate"":0.0005}","{""detection_events"":4,""detectors_checked"":1344}"
         2,         0,         0,   0.000,standalone_exact_mw,503ee55b5ad1b1988379a241a0405811522ee4d50b473755532ad1299cb121e2,"{""distance"":5,""physical_error_rate"":0.0005}","{""detectors_checked"":448}"
       136,         0,         0,   0.002,standalone_exact_mw,503ee55b5ad1b1988379a241a0405811522ee4d50b473755532ad1299cb121e2,"{""distance"":5,""physical_error_rate"":0.0005}","{""detection_events"":63,""detectors_checked"":30464}"
        27,         0,         0,   0.001,standalone_exact_mw,503ee55b5ad1b1988379a241a0405811522ee4d50b473755532ad1299cb121e2,"{""distance"":5,""physical_error_rate"":0.0005}","{""detection_events"":10,""detectors_checked"":6048}"
        27,         0,         0,   0.001,standalone_exact_mw,503ee55b5ad1b1988379a241a0405811522ee4d50b473755532ad1299cb121e2,"{""distance"":5,""physical_error_rate"":0.0005}","{""detection_events"":17,""detectors_checked"":6048}"
        27,         0,         0,   0.001,standalone_exact_mw,503ee55b5ad1b1988379a241a0405811522ee4d50b473755532ad1299cb121e2,"{""distance"":5,""physical_error_rate"":0.0005}","{""detection_events"":11,""detectors_checked"":6048}"
        27,         0,         0,   0.001,standalone_exact_mw,503ee55b5ad1b1988379a241a0405811522ee4d50b473755532ad1299cb121e2,"{""distance"":5,""physical_error_rate"":0.0005}","{""detection_events"":18,""detectors_checked"":6048}"
         1,         0,         0,   0.000,standalone_exact_mw,503ee55b5ad1b1988379a241a0405811522ee4d50b473755532ad1299cb121e2,"{""distance"":5,""physical_error_rate"":0.0005}","{""detectors_checked"":224}"
        28,         0,         0,   0.001,standalone_exact_mw,503ee55b5ad1b1988379a241a0405811522ee4d50b473755532ad1299cb121e2,"{""distance"":5,""physical_error_rate"":0.0005}","{""detection_events"":8,""detectors_checked"":6272}"
        27,         0,         0,   0.001,standalone_exact_mw,503ee55b5ad1b1988379a241a0405811522ee4d50b473755532ad1299cb121e2,"{""distance"":5,""physical_error_rate"":0.0005}","{""detection_events"":11,""detectors_checked"":6048}"
        12,         0,         0,   0.001,standalone_exact_mw,503ee55b5ad1b1988379a241a0405811522ee4d50b473755532ad1299cb121e2,"{""distance"":5,""physical_error_rate"":0.0005}","{""detection_events"":3,""detectors_checked"":2688}"
         1,         0,         0,   0.000,standalone_exact_mw,503ee55b5ad1b1988379a241a0405811522ee4d50b473755532ad1299cb121e2,"{""distance"":5,""physical_error_rate"":0.0005}","{""detectors_checked"":224}"
         1,         0,         0,   0.000,standalone_exact_mw,503ee55b5ad1b1988379a241a0405811522ee4d50b473755532ad1299cb121e2,"{""distance"":5,""physical_error_rate"":0.0005}","{""detectors_checked"":224}"
        14,         0,         0,   0.001,standalone_exact_mw,503ee55b5ad1b1988379a241a0405811522ee4d50b473755532ad1299cb121e2,"{""distance"":5,""physical_error_rate"":0.0005}","{""detection_events"":4,""detectors_checked"":3136}"
        11,         0,         0,   0.001,standalone_exact_mw,503ee55b5ad1b1988379a241a0405811522ee4d50b473755532ad1299cb121e2,"{""distance"":5,""physical_error_rate"":0.0005}","{""detection_events"":8,""detectors_checked"":2464}"
         1,         0,         0,   0.000,standalone_exact_mw,503ee55b5ad1b1988379a241a0405811522ee4d50b473755532ad1299cb121e2,"{""distance"":5,""physical_error_rate"":0.0005}","{""detectors_checked"":224}"
         1,         0,         0,   0.000,standalone_exact_mw,503ee55b5ad1b1988379a241a0405811522ee4d50b473755532ad1299cb121e2,"{""distance"":5,""physical_error_rate"":0.0005}","{""detectors_checked"":224}"
         1,         0,         0,   0.000,standalone_exact_mw,503ee55b5ad1b1988379a241a0405811522ee4d50b473755532ad1299cb121e2,"{""distance"":5,""physical_error_rate"":0.0005}","{""detectors_checked"":224}"
         1,         0,         0,   0.000,standalone_exact_mw,503ee55b5ad1b1988379a241a0405811522ee4d50b473755532ad1299cb121e2,"{""distance"":5,""physical_error_rate"":0.0005}","{""detectors_checked"":224}"
         1,         0,         0,   0.000,standalone_exact_mw,503ee55b5ad1b1988379a241a0405811522ee4d50b473755532ad1299cb121e2,"{""distance"":5,""physical_error_rate"":0.0005}","{""detection_events"":2,""detectors_checked"":224}"
         1,         0,         0,   0.001,standalone_exact_mw,503ee55b5ad1b1988379a241a0405811522ee4d50b473755532ad1299cb121e2,"{""distance"":5,""physical_error_rate"":0.0005}","{""detectors_checked"":224}"
         1,         0,         0,   0.000,standalone_exact_mw,503ee55b5ad1b1988379a241a0405811522ee4d50b473755532ad1299cb121e2,"{""distance"":5,""physical_error_rate"":0.0005}","{""detectors_checked"":224}"
         1,         0,         0,   0.000,standalone_exact_mw,503ee55b5ad1b1988379a241a0405811522ee4d50b473755532ad1299cb121e2,"{""distance"":5,""physical_error_rate"":0.0005}","{""detectors_checked"":224}"
         1,         0,         0,   0.000,standalone_exact_mw,503ee55b5ad1b1988379a241a0405811522ee4d50b473755532ad1299cb121e2,"{""distance"":5,""physical_error_rate"":0.0005}","{""detectors_checked"":224}"
         1,         0,         0,   0.000,standalone_exact_mw,503ee55b5ad1b1988379a241a0405811522ee4d50b473755532ad1299cb121e2,"{""distance"":5,""physical_error_rate"":0.0005}","{""detectors_checked"":224}"
         1,         0,         0,   0.000,standalone_exact_mw,503ee55b5ad1b1988379a241a0405811522ee4d50b473755532ad1299cb121e2,"{""distance"":5,""physical_error_rate"":0.0005}","{""detectors_checked"":224}"
