     shots,    errors,  discards, seconds,decoder,strong_id,json_metadata,custom_counts
         1,         0,         0,   0.015,exact_mw,d2cc2b129abad1f985b8639603638d6030a837aa2fe57172dffdf28919c1c286,"{""distance"":7,""physical_error_rate"":0.001}","{""detection_events"":3,""detectors_checked"":810}"
        16,         0,         0,   0.014,exact_mw,d2cc2b129abad1f985b8639603638d6030a837aa2fe57172dffdf28919c1c286,"{""distance"":7,""physical_error_rate"":0.001}","{""detection_events"":58,""detectors_checked"":12960}"
       256,         0,         0,   0.339,exact_mw,d2cc2b129abad1f985b8639603638d6030a837aa2fe57172dffdf28919c1c286,"{""distance"":7,""physical_error_rate"":0.001}","{""detection_events"":749,""detectors_checked"":207360}"
       256,         0,         0,   0.532,exact_mw,d2cc2b129abad1f985b8639603638d6030a837aa2fe57172dffdf28919c1c286,"{""distance"":7,""physical_error_rate"":0.001}","{""detection_events"":806,""detectors_checked"":207360}"
       256,         0,         0,   0.276,exact_mw,d2cc2b129abad1f985b8639603638d6030a837aa2fe57172dffdf28919c1c286,"{""distance"":7,""physical_error_rate"":0.001}","{""detection_events"":739,""detectors_checked"":207360}"
       512,         0,         0,   0.732,exact_mw,d2cc2b129abad1f985b8639603638d6030a837aa2fe57172dffdf28919c1c286,"{""distance"":7,""physical_error_rate"":0.001}","{""detection_events"":1652,""detectors_checked"":414720}"
       512,         0,         0,    1.13,exact_mw,d2cc2b129abad1f985b8639603638d6030a837aa2fe57172dffdf28919c1c286,"{""distance"":7,""physical_error_rate"":0.001}","{""detection_events"":1567,""detectors_checked"":414720}"
         1,         0,         0,   0.010,exact_mw,8c54babb212143042928b0eca3852c18ac799bf66eb488a668303745c8494fc5,"{""distance"":7,""physical_error_rate"":0.0005}","{""detection_events"":2,""detectors_checked"":810}"
       272,         0,         0,   0.127,exact_mw,8c54babb212143042928b0eca3852c18ac799bf66eb488a668303745c8494fc5,"{""distance"":7,""physical_error_rate"":0.0005}","{""detection_events"":431,""detectors_checked"":220320}"
       512,         0,         0,    1.06,exact_mw,d2cc2b129abad1f985b8639603638d6030a837aa2fe57172dffdf28919c1c286,"{""distance"":7,""physical_error_rate"":0.001}","{""detection_events"":1639,""detectors_checked"":414720}"
      1024,         0,         0,   0.378,exact_mw,8c54babb212143042928b0eca3852c18ac799bf66eb488a668303745c8494fc5,"{""distance"":7,""physical_error_rate"":0.0005}","{""detection_events"":1482,""detectors_checked"":829440}"
      1024,         0,         0,   0.413,exact_mw,8c54babb212143042928b0eca3852c18ac799bf66eb488a668303745c8494fc5,"{""distance"":7,""physical_error_rate"":0.0005}","{""detection_events"":1617,""detectors_checked"":829440}"
       512,         0,         0,    1.18,exact_mw,d2cc2b129abad1f985b8639603638d6030a837aa2fe57172dffdf28919c1c286,"{""distance"":7,""physical_error_rate"":0.001}","{""detection_events"":1580,""detectors_checked"":414720}"
      1024,         0,         0,   0.529,exact_mw,8c54babb212143042928b0eca3852c18ac799bf66eb488a668303745c8494fc5,"{""distance"":7,""physical_error_rate"":0.0005}","{""detection_events"":1574,""detectors_checked"":829440}"
         1,         0,         0,   0.006,exact_mw,92a9cd959715f3d5685c6265974e573ec36ff2f173f7490ff1393041d63371cf,"{""distance"":7,""physical_error_rate"":0.0001}","{""detection_events"":2,""detectors_checked"":810}"
      1296,         0,         0,   0.040,exact_mw,92a9cd959715f3d5685c6265974e573ec36ff2f173f7490ff1393041d63371cf,"{""distance"":7,""physical_error_rate"":0.0001}","{""detection_events"":419,""detectors_checked"":1049760}"
         1,         0,         0,   0.059,exact_mw,98ed6542f5a75ebddbda0ed622fb597fbc85d0a75d139587b6be9a08147ba42d,"{""distance"":7,""physical_error_rate"":0.002}","{""detection_events"":7,""detectors_checked"":810}"
      2048,         0,         0,   0.029,exact_mw,92a9cd959715f3d5685c6265974e573ec36ff2f173f7490ff1393041d63371cf,"{""distance"":7,""physical_error_rate"":0.0001}","{""detection_events"":607,""detectors_checked"":1658880}"
         8,         0,         0,   0.036,exact_mw,98ed6542f5a75ebddbda0ed622fb597fbc85d0a75d139587b6be9a08147ba42d,"{""distance"":7,""physical_error_rate"":0.002}","{""detection_events"":45,""detectors_checked"":6480}"
      3072,         0,         0,   0.051,exact_mw,92a9cd959715f3d5685c6265974e573ec36ff2f173f7490ff1393041d63371cf,"{""distance"":7,""physical_error_rate"":0.0001}","{""detection_events"":942,""detectors_checked"":2488320}"
      3072,         0,         0,   0.054,exact_mw,92a9cd959715f3d5685c6265974e573ec36ff2f173f7490ff1393041d63371cf,"{""distance"":7,""physical_error_rate"":0.0001}","{""detection_events"":956,""detectors_checked"":2488320}"
      3072,         0,         0,   0.059,exact_mw,92a9cd959715f3d5685c6265974e573ec36ff2f173f7490ff1393041d63371cf,"{""distance"":7,""physical_error_rate"":0.0001}","{""detection_events"":931,""detectors_checked"":2488320}"
      1024,         0,         0,   0.390,exact_mw,8c54babb212143042928b0eca3852c18ac799bf66eb488a668303745c8494fc5,"{""distance"":7,""physical_error_rate"":0.0005}","{""detection_events"":1510,""detectors_checked"":829440}"
      4096,         0,         0,   0.079,exact_mw,92a9cd959715f3d5685c6265974e573ec36ff2f173f7490ff1393041d63371cf,"{""distance"":7,""physical_error_rate"":0.0001}","{""detection_events"":1193,""detectors_checked"":3317760}"
      5120,         0,         0,   0.106,exact_mw,92a9cd959715f3d5685c6265974e573ec36ff2f173f7490ff1393041d63371cf,"{""distance"":7,""physical_error_rate"":0.0001}","{""detection_events"":1575,""detectors_checked"":4147200}"
      1297,         0,         0,   0.013,exact_mw,a212c24da5b34f1b60580734e5e54c4073e302b219bc7e486ff8edc698604c9e,"{""distance"":7,""physical_error_rate"":5e-05}","{""detection_events"":196,""detectors_checked"":1050570}"
      8192,         0,         0,   0.136,exact_mw,92a9cd959715f3d5685c6265974e573ec36ff2f173f7490ff1393041d63371cf,"{""distance"":7,""physical_error_rate"":0.0001}","{""detection_events"":2658,""detectors_checked"":6635520}"
      1024,         0,         0,   0.280,exact_mw,8c54babb212143042928b0eca3852c18ac799bf66eb488a668303745c8494fc5,"{""distance"":7,""physical_error_rate"":0.0005}","{""detection_events"":1525,""detectors_checked"":829440}"
      1024,         0,         0,   0.008,exact_mw,a212c24da5b34f1b60580734e5e54c4073e302b219bc7e486ff8edc698604c9e,"{""distance"":7,""physical_error_rate"":5e-05}","{""detection_events"":137,""detectors_checked"":829440}"
      1024,         0,         0,   0.025,exact_mw,a212c24da5b34f1b60580734e5e54c4073e302b219bc7e486ff8edc698604c9e,"{""distance"":7,""physical_error_rate"":5e-05}","{""detection_events"":179,""detectors_checked"":829440}"
      2048,         0,         0,   0.030,exact_mw,a212c24da5b34f1b60580734e5e54c4073e302b219bc7e486ff8edc698604c9e,"{""distance"":7,""physical_error_rate"":5e-05}","{""detection_events"":283,""detectors_checked"":1658880}"
      2048,         0,         0,   0.048,exact_mw,a212c24da5b34f1b60580734e5e54c4073e302b219bc7e486ff8edc698604c9e,"{""distance"":7,""physical_error_rate"":5e-05}","{""detection_events"":338,""detectors_checked"":1658880}"
      4096,         0,         0,   0.072,exact_mw,a212c24da5b34f1b60580734e5e54c4073e302b219bc7e486ff8edc698604c9e,"{""distance"":7,""physical_error_rate"":5e-05}","{""detection_events"":622,""detectors_checked"":3317760}"
     12288,         0,         0,   0.207,exact_mw,92a9cd959715f3d5685c6265974e573ec36ff2f173f7490ff1393041d63371cf,"{""distance"":7,""physical_error_rate"":0.0001}","{""detection_events"":3919,""detectors_checked"":9953280}"
      5120,         0,         0,   0.081,exact_mw,a212c24da5b34f1b60580734e5e54c4073e302b219bc7e486ff8edc698604c9e,"{""distance"":7,""physical_error_rate"":5e-05}","{""detection_events"":790,""detectors_checked"":4147200}"
      1024,         0,         0,   0.364,exact_mw,8c54babb212143042928b0eca3852c18ac799bf66eb488a668303745c8494fc5,"{""distance"":7,""physical_error_rate"":0.0005}","{""detection_events"":1558,""detectors_checked"":829440}"
      7168,         0,         0,   0.107,exact_mw,a212c24da5b34f1b60580734e5e54c4073e302b219bc7e486ff8edc698604c9e,"{""distance"":7,""physical_error_rate"":5e-05}","{""detection_events"":1048,""detectors_checked"":5806080}"
     15360,         0,         0,   0.307,exact_mw,92a9cd959715f3d5685c6265974e573ec36ff2f173f7490ff1393041d63371cf,"{""distance"":7,""physical_error_rate"":0.0001}","{""detection_events"":4690,""detectors_checked"":12441600}"
       512,         0,         0,    1.20,exact_mw,d2cc2b129abad1f985b8639603638d6030a837aa2fe57172dffdf28919c1c286,"{""distance"":7,""physical_error_rate"":0.001}","{""detection_events"":1628,""detectors_checked"":414720}"
     10240,         0,         0,   0.157,exact_mw,a212c24da5b34f1b60580734e5e54c4073e302b219bc7e486ff8edc698604c9e,"{""distance"":7,""physical_error_rate"":5e-05}","{""detection_events"":1507,""detectors_checked"":8294400}"
       128,         0,         0,    1.14,exact_mw,98ed6542f5a75ebddbda0ed622fb597fbc85d0a75d139587b6be9a08147ba42d,"{""distance"":7,""physical_error_rate"":0.002}","{""detection_events"":716,""detectors_checked"":103680}"
      1024,         0,         0,   0.338,exact_mw,8c54babb212143042928b0eca3852c18ac799bf66eb488a668303745c8494fc5,"{""distance"":7,""physical_error_rate"":0.0005}","{""detection_events"":1627,""detectors_checked"":829440}"
         1,         0,         0,   0.018,exact_mw,a39d26a9c85ff1858873bfad720922f64799219ac1b945519c1902b92db90de0,"{""distance"":7,""physical_error_rate"":0.005}","{""detection_events"":9,""detectors_checked"":810}"
     13312,         0,         0,   0.226,exact_mw,a212c24da5b34f1b60580734e5e54c4073e302b219bc7e486ff8edc698604c9e,"{""distance"":7,""physical_error_rate"":5e-05}","{""detection_events"":1961,""detectors_checked"":10782720}"
     23552,         0,         0,   0.391,exact_mw,92a9cd959715f3d5685c6265974e573ec36ff2f173f7490ff1393041d63371cf,"{""distance"":7,""physical_error_rate"":0.0001}","{""detection_events"":7309,""detectors_checked"":19077120}"
      1024,         0,         0,   0.362,exact_mw,8c54babb212143042928b0eca3852c18ac799bf66eb488a668303745c8494fc5,"{""distance"":7,""physical_error_rate"":0.0005}","{""detection_events"":1533,""detectors_checked"":829440}"
     19456,         0,         0,   0.307,exact_mw,a212c24da5b34f1b60580734e5e54c4073e302b219bc7e486ff8edc698604c9e,"{""distance"":7,""physical_error_rate"":5e-05}","{""detection_events"":3152,""detectors_checked"":15759360}"
        16,         0,         0,   0.478,exact_mw,a39d26a9c85ff1858873bfad720922f64799219ac1b945519c1902b92db90de0,"{""distance"":7,""physical_error_rate"":0.005}","{""detection_events"":225,""detectors_checked"":12960}"
       512,         0,         0,   0.954,exact_mw,d2cc2b129abad1f985b8639603638d6030a837aa2fe57172dffdf28919c1c286,"{""distance"":7,""physical_error_rate"":0.001}","{""detection_events"":1593,""detectors_checked"":414720}"
     25600,         0,         0,   0.392,exact_mw,a212c24da5b34f1b60580734e5e54c4073e302b219bc7e486ff8edc698604c9e,"{""distance"":7,""physical_error_rate"":5e-05}","{""detection_events"":4059,""detectors_checked"":20736000}"
     29696,         0,         0,   0.557,exact_mw,92a9cd959715f3d5685c6265974e573ec36ff2f173f7490ff1393041d63371cf,"{""distance"":7,""physical_error_rate"":0.0001}","{""detection_events"":8923,""detectors_checked"":24053760}"
      1024,         0,         0,   0.452,exact_mw,8c54babb212143042928b0eca3852c18ac799bf66eb488a668303745c8494fc5,"{""distance"":7,""physical_error_rate"":0.0005}","{""detection_events"":1513,""detectors_checked"":829440}"
        16,         0,         0,   0.368,exact_mw,a39d26a9c85ff1858873bfad720922f64799219ac1b945519c1902b92db90de0,"{""distance"":7,""physical_error_rate"":0.005}","{""detection_events"":232,""detectors_checked"":12960}"
       128,         0,         0,    1.19,exact_mw,98ed6542f5a75ebddbda0ed622fb597fbc85d0a75d139587b6be9a08147ba42d,"{""distance"":7,""physical_error_rate"":0.002}","{""detection_events"":769,""detectors_checked"":103680}"
        16,         0,         0,   0.358,exact_mw,a39d26a9c85ff1858873bfad720922f64799219ac1b945519c1902b92db90de0,"{""distance"":7,""physical_error_rate"":0.005}","{""detection_events"":264,""detectors_checked"":12960}"
      1024,         0,         0,   0.413,exact_mw,8c54babb212143042928b0eca3852c18ac799bf66eb488a668303745c8494fc5,"{""distance"":7,""physical_error_rate"":0.0005}","{""detection_events"":1634,""detectors_checked"":829440}"
         1,         0,         0,   0.011,exact_mw,26ede523e6354ffb917e832246591ea54a1b9969785b9947b95e2ebb539e2476,"{""distance"":7,""physical_error_rate"":0.0002}","{""detectors_checked"":810}"
      1296,         0,         0,   0.026,exact_mw,26ede523e6354ffb917e832246591ea54a1b9969785b9947b95e2ebb539e2476,"{""distance"":7,""physical_error_rate"":0.0002}","{""detection_events"":737,""detectors_checked"":1049760}"
     34816,         0,         0,   0.551,exact_mw,a212c24da5b34f1b60580734e5e54c4073e302b219bc7e486ff8edc698604c9e,"{""distance"":7,""physical_error_rate"":5e-05}","{""detection_events"":5514,""detectors_checked"":28200960}"
      1024,         0,         0,   0.034,exact_mw,26ede523e6354ffb917e832246591ea54a1b9969785b9947b95e2ebb539e2476,"{""distance"":7,""physical_error_rate"":0.0002}","{""detection_events"":622,""detectors_checked"":829440}"
      1024,         0,         0,   0.053,exact_mw,26ede523e6354ffb917e832246591ea54a1b9969785b9947b95e2ebb539e2476,"{""distance"":7,""physical_error_rate"":0.0002}","{""detection_events"":670,""detectors_checked"":829440}"
        16,         0,         0,   0.271,exact_mw,a39d26a9c85ff1858873bfad720922f64799219ac1b945519c1902b92db90de0,"{""distance"":7,""physical_error_rate"":0.005}","{""detection_events"":234,""detectors_checked"":12960}"
      2048,         0,         0,   0.111,exact_mw,26ede523e6354ffb917e832246591ea54a1b9969785b9947b95e2ebb539e2476,"{""distance"":7,""physical_error_rate"":0.0002}","{""detection_events"":1289,""detectors_checked"":1658880}"
       512,         0,         0,   0.801,exact_mw,d2cc2b129abad1f985b8639603638d6030a837aa2fe57172dffdf28919c1c286,"{""distance"":7,""physical_error_rate"":0.001}","{""detection_events"":1504,""detectors_checked"":414720}"
     41984,         0,         0,   0.774,exact_mw,92a9cd959715f3d5685c6265974e573ec36ff2f173f7490ff1393041d63371cf,"{""distance"":7,""physical_error_rate"":0.0001}","{""detection_events"":12680,""detectors_checked"":34007040}"
      2048,         0,         0,   0.086,exact_mw,26ede523e6354ffb917e832246591ea54a1b9969785b9947b95e2ebb539e2476,"{""distance"":7,""physical_error_rate"":0.0002}","{""detection_events"":1281,""detectors_checked"":1658880}"
      2048,         0,         0,   0.096,exact_mw,26ede523e6354ffb917e832246591ea54a1b9969785b9947b95e2ebb539e2476,"{""distance"":7,""physical_error_rate"":0.0002}","{""detection_events"":1275,""detectors_checked"":1658880}"
      3072,         0,         0,   0.111,exact_mw,26ede523e6354ffb917e832246591ea54a1b9969785b9947b95e2ebb539e2476,"{""distance"":7,""physical_error_rate"":0.0002}","{""detection_events"":1926,""detectors_checked"":2488320}"
       128,         0,         0,   0.811,exact_mw,98ed6542f5a75ebddbda0ed622fb597fbc85d0a75d139587b6be9a08147ba42d,"{""distance"":7,""physical_error_rate"":0.002}","{""detection_events"":759,""detectors_checked"":103680}"
      3072,         0,         0,   0.215,exact_mw,26ede523e6354ffb917e832246591ea54a1b9969785b9947b95e2ebb539e2476,"{""distance"":7,""physical_error_rate"":0.0002}","{""detection_events"":1810,""detectors_checked"":2488320}"
      2048,         0,         0,   0.857,exact_mw,8c54babb212143042928b0eca3852c18ac799bf66eb488a668303745c8494fc5,"{""distance"":7,""physical_error_rate"":0.0005}","{""detection_events"":3146,""detectors_checked"":1658880}"
     51200,         0,         0,   0.794,exact_mw,a212c24da5b34f1b60580734e5e54c4073e302b219bc7e486ff8edc698604c9e,"{""distance"":7,""physical_error_rate"":5e-05}","{""detection_events"":7647,""detectors_checked"":41472000}"
      5120,         0,         0,   0.210,exact_mw,26ede523e6354ffb917e832246591ea54a1b9969785b9947b95e2ebb539e2476,"{""distance"":7,""physical_error_rate"":0.0002}","{""detection_events"":3260,""detectors_checked"":4147200}"
        32,         0,         0,   0.885,exact_mw,a39d26a9c85ff1858873bfad720922f64799219ac1b945519c1902b92db90de0,"{""distance"":7,""physical_error_rate"":0.005}","{""detection_events"":423,""detectors_checked"":25920}"
       512,         0,         0,    1.01,exact_mw,d2cc2b129abad1f985b8639603638d6030a837aa2fe57172dffdf28919c1c286,"{""distance"":7,""physical_error_rate"":0.001}","{""detection_events"":1623,""detectors_checked"":414720}"
      7168,         0,         0,   0.296,exact_mw,26ede523e6354ffb917e832246591ea54a1b9969785b9947b95e2ebb539e2476,"{""distance"":7,""physical_error_rate"":0.0002}","{""detection_events"":4327,""detectors_checked"":5806080}"
     59392,         0,         0,    1.10,exact_mw,92a9cd959715f3d5685c6265974e573ec36ff2f173f7490ff1393041d63371cf,"{""distance"":7,""physical_error_rate"":0.0001}","{""detection_events"":18089,""detectors_checked"":48107520}"
     10240,         0,         0,   0.420,exact_mw,26ede523e6354ffb917e832246591ea54a1b9969785b9947b95e2ebb539e2476,"{""distance"":7,""physical_error_rate"":0.0002}","{""detection_events"":6168,""detectors_checked"":8294400}"
        32,         0,         0,   0.662,exact_mw,a39d26a9c85ff1858873bfad720922f64799219ac1b945519c1902b92db90de0,"{""distance"":7,""physical_error_rate"":0.005}","{""detection_events"":488,""detectors_checked"":25920}"
       128,         0,         0,    1.21,exact_mw,98ed6542f5a75ebddbda0ed622fb597fbc85d0a75d139587b6be9a08147ba42d,"{""distance"":7,""physical_error_rate"":0.002}","{""detection_events"":759,""detectors_checked"":103680}"
      3072,         0,         0,    1.14,exact_mw,8c54babb212143042928b0eca3852c18ac799bf66eb488a668303745c8494fc5,"{""distance"":7,""physical_error_rate"":0.0005}","{""detection_events"":4633,""detectors_checked"":2488320}"
     70656,         0,         0,    1.09,exact_mw,a212c24da5b34f1b60580734e5e54c4073e302b219bc7e486ff8edc698604c9e,"{""distance"":7,""physical_error_rate"":5e-05}","{""detection_events"":10804,""detectors_checked"":57231360}"
       512,         0,         0,   0.856,exact_mw,d2cc2b129abad1f985b8639603638d6030a837aa2fe57172dffdf28919c1c286,"{""distance"":7,""physical_error_rate"":0.001}","{""detection_events"":1459,""detectors_checked"":414720}"
         1,         0,         0,   0.047,exact_mw,1713bc804565c0b42ca58c93310b033f01c41dd72e5e9cac9fe58a9188a19ab7,"{""distance"":7,""physical_error_rate"":0.01}","{""detection_events"":33,""detectors_checked"":810}"
     13312,         1,         0,   0.599,exact_mw,26ede523e6354ffb917e832246591ea54a1b9969785b9947b95e2ebb539e2476,"{""distance"":7,""physical_error_rate"":0.0002}","{""detection_events"":7949,""detectors_checked"":10782720,""obs_mistake_mask=E"":1}"
         8,         0,         0,   0.378,exact_mw,1713bc804565c0b42ca58c93310b033f01c41dd72e5e9cac9fe58a9188a19ab7,"{""distance"":7,""physical_error_rate"":0.01}","{""detection_events"":211,""detectors_checked"":6480}"
        32,         0,         0,   0.829,exact_mw,a39d26a9c85ff1858873bfad720922f64799219ac1b945519c1902b92db90de0,"{""distance"":7,""physical_error_rate"":0.005}","{""detection_events"":537,""detectors_checked"":25920}"
         8,         0,         0,   0.320,exact_mw,1713bc804565c0b42ca58c93310b033f01c41dd72e5e9cac9fe58a9188a19ab7,"{""distance"":7,""physical_error_rate"":0.01}","{""detection_events"":250,""detectors_checked"":6480}"
       128,         0,         0,    1.05,exact_mw,98ed6542f5a75ebddbda0ed622fb597fbc85d0a75d139587b6be9a08147ba42d,"{""distance"":7,""physical_error_rate"":0.002}","{""detection_events"":845,""detectors_checked"":103680}"
     81920,         0,         0,    1.56,exact_mw,92a9cd959715f3d5685c6265974e573ec36ff2f173f7490ff1393041d63371cf,"{""distance"":7,""physical_error_rate"":0.0001}","{""detection_events"":24950,""detectors_checked"":66355200}"
     16384,         0,         0,   0.816,exact_mw,26ede523e6354ffb917e832246591ea54a1b9969785b9947b95e2ebb539e2476,"{""distance"":7,""physical_error_rate"":0.0002}","{""detection_events"":9880,""detectors_checked"":13271040}"
         8,         0,         0,   0.272,exact_mw,1713bc804565c0b42ca58c93310b033f01c41dd72e5e9cac9fe58a9188a19ab7,"{""distance"":7,""physical_error_rate"":0.01}","{""detection_events"":203,""detectors_checked"":6480}"
        32,         1,         0,   0.629,exact_mw,a39d26a9c85ff1858873bfad720922f64799219ac1b945519c1902b92db90de0,"{""distance"":7,""physical_error_rate"":0.005}","{""detection_events"":431,""detectors_checked"":25920,""obs_mistake_mask=E"":1}"
       512,         0,         0,    1.12,exact_mw,d2cc2b129abad1f985b8639603638d6030a837aa2fe57172dffdf28919c1c286,"{""distance"":7,""physical_error_rate"":0.001}","{""detection_events"":1557,""detectors_checked"":414720}"
      3072,         0,         0,    1.39,exact_mw,8c54babb212143042928b0eca3852c18ac799bf66eb488a668303745c8494fc5,"{""distance"":7,""physical_error_rate"":0.0005}","{""detection_events"":4820,""detectors_checked"":2488320}"
     97280,         0,         0,    1.53,exact_mw,a212c24da5b34f1b60580734e5e54c4073e302b219bc7e486ff8edc698604c9e,"{""distance"":7,""physical_error_rate"":5e-05}","{""detection_events"":14846,""detectors_checked"":78796800}"
        16,         0,         0,   0.549,exact_mw,1713bc804565c0b42ca58c93310b033f01c41dd72e5e9cac9fe58a9188a19ab7,"{""distance"":7,""physical_error_rate"":0.01}","{""detection_events"":433,""detectors_checked"":12960}"
        32,         0,         0,   0.606,exact_mw,a39d26a9c85ff1858873bfad720922f64799219ac1b945519c1902b92db90de0,"{""distance"":7,""physical_error_rate"":0.005}","{""detection_events"":432,""detectors_checked"":25920}"
       128,         0,         0,    1.03,exact_mw,98ed6542f5a75ebddbda0ed622fb597fbc85d0a75d139587b6be9a08147ba42d,"{""distance"":7,""physical_error_rate"":0.002}","{""detection_events"":822,""detectors_checked"":103680}"
     24576,         0,         0,    1.13,exact_mw,26ede523e6354ffb917e832246591ea54a1b9969785b9947b95e2ebb539e2476,"{""distance"":7,""physical_error_rate"":0.0002}","{""detection_events"":15042,""detectors_checked"":19906560}"
         1,         0,         0,   0.012,exact_mw,92a9cd959715f3d5685c6265974e573ec36ff2f173f7490ff1393041d63371cf,"{""distance"":7,""physical_error_rate"":0.0001}","{""detectors_checked"":810}"
        16,         0,         0,   0.661,exact_mw,1713bc804565c0b42ca58c93310b033f01c41dd72e5e9cac9fe58a9188a19ab7,"{""distance"":7,""physical_error_rate"":0.01}","{""detection_events"":464,""detectors_checked"":12960}"
      1296,         0,         0,   0.016,exact_mw,92a9cd959715f3d5685c6265974e573ec36ff2f173f7490ff1393041d63371cf,"{""distance"":7,""physical_error_rate"":0.0001}","{""detection_events"":415,""detectors_checked"":1049760}"
      2048,         0,         0,   0.030,exact_mw,92a9cd959715f3d5685c6265974e573ec36ff2f173f7490ff1393041d63371cf,"{""distance"":7,""physical_error_rate"":0.0001}","{""detection_events"":624,""detectors_checked"":1658880}"
      2048,         0,         0,   0.043,exact_mw,92a9cd959715f3d5685c6265974e573ec36ff2f173f7490ff1393041d63371cf,"{""distance"":7,""physical_error_rate"":0.0001}","{""detection_events"":662,""detectors_checked"":1658880}"
         1,         0,         0,   0.066,exact_mw,084990f003f4e006f7af613a3996eb104ebeb5f3c5c9154910fee9e5019bb6a7,"{""distance"":7,""physical_error_rate"":0.1}","{""detection_events"":238,""detectors_checked"":810}"
      3072,         0,         0,   0.054,exact_mw,92a9cd959715f3d5685c6265974e573ec36ff2f173f7490ff1393041d63371cf,"{""distance"":7,""physical_error_rate"":0.0001}","{""detection_events"":939,""detectors_checked"":2488320}"
        32,         0,         0,   0.731,exact_mw,a39d26a9c85ff1858873bfad720922f64799219ac1b945519c1902b92db90de0,"{""distance"":7,""physical_error_rate"":0.005}","{""detection_events"":455,""detectors_checked"":25920}"
      2048,         0,         0,   0.060,exact_mw,92a9cd959715f3d5685c6265974e573ec36ff2f173f7490ff1393041d63371cf,"{""distance"":7,""physical_error_rate"":0.0001}","{""detection_events"":604,""detectors_checked"":1658880}"
      5120,         0,         0,   0.084,exact_mw,92a9cd959715f3d5685c6265974e573ec36ff2f173f7490ff1393041d63371cf,"{""distance"":7,""physical_error_rate"":0.0001}","{""detection_events"":1508,""detectors_checked"":4147200}"
      5120,         0,         0,   0.130,exact_mw,92a9cd959715f3d5685c6265974e573ec36ff2f173f7490ff1393041d63371cf,"{""distance"":7,""physical_error_rate"":0.0001}","{""detection_events"":1527,""detectors_checked"":4147200}"
      8192,         0,         0,   0.159,exact_mw,92a9cd959715f3d5685c6265974e573ec36ff2f173f7490ff1393041d63371cf,"{""distance"":7,""physical_error_rate"":0.0001}","{""detection_events"":2491,""detectors_checked"":6635520}"
       128,         0,         0,    1.08,exact_mw,98ed6542f5a75ebddbda0ed622fb597fbc85d0a75d139587b6be9a08147ba42d,"{""distance"":7,""physical_error_rate"":0.002}","{""detection_events"":730,""detectors_checked"":103680}"
         8,         3,         0,   0.485,exact_mw,084990f003f4e006f7af613a3996eb104ebeb5f3c5c9154910fee9e5019bb6a7,"{""distance"":7,""physical_error_rate"":0.1}","{""detection_events"":1663,""detectors_checked"":6480,""obs_mistake_mask=E"":3}"
        16,         0,         0,   0.630,exact_mw,1713bc804565c0b42ca58c93310b033f01c41dd72e5e9cac9fe58a9188a19ab7,"{""distance"":7,""physical_error_rate"":0.01}","{""detection_events"":433,""detectors_checked"":12960}"
      5120,         0,         0,    1.81,exact_mw,8c54babb212143042928b0eca3852c18ac799bf66eb488a668303745c8494fc5,"{""distance"":7,""physical_error_rate"":0.0005}","{""detection_events"":7950,""detectors_checked"":4147200}"
    108544,         0,         0,    2.17,exact_mw,92a9cd959715f3d5685c6265974e573ec36ff2f173f7490ff1393041d63371cf,"{""distance"":7,""physical_error_rate"":0.0001}","{""detection_events"":33318,""detectors_checked"":87920640}"
     11264,         0,         0,   0.208,exact_mw,92a9cd959715f3d5685c6265974e573ec36ff2f173f7490ff1393041d63371cf,"{""distance"":7,""physical_error_rate"":0.0001}","{""detection_events"":3541,""detectors_checked"":9123840}"
        32,         0,         0,   0.752,exact_mw,a39d26a9c85ff1858873bfad720922f64799219ac1b945519c1902b92db90de0,"{""distance"":7,""physical_error_rate"":0.005}","{""detection_events"":516,""detectors_checked"":25920}"
      1024,         0,         0,    2.14,exact_mw,d2cc2b129abad1f985b8639603638d6030a837aa2fe57172dffdf28919c1c286,"{""distance"":7,""physical_error_rate"":0.001}","{""detection_events"":3236,""detectors_checked"":829440}"
         1,         0,         0,   0.062,exact_mw,bef67c2527ad51595e418cf30d8716541525c85f29404769715fc39af85a0852,"{""distance"":7,""physical_error_rate"":0.05}","{""detection_events"":133,""detectors_checked"":810}"
         8,         3,         0,   0.480,exact_mw,084990f003f4e006f7af613a3996eb104ebeb5f3c5c9154910fee9e5019bb6a7,"{""distance"":7,""physical_error_rate"":0.1}","{""detection_events"":1620,""detectors_checked"":6480,""obs_mistake_mask=E"":3}"
     16384,         0,         0,   0.281,exact_mw,92a9cd959715f3d5685c6265974e573ec36ff2f173f7490ff1393041d63371cf,"{""distance"":7,""physical_error_rate"":0.0001}","{""detection_events"":4903,""detectors_checked"":13271040}"
    139264,         0,         0,    2.16,exact_mw,a212c24da5b34f1b60580734e5e54c4073e302b219bc7e486ff8edc698604c9e,"{""distance"":7,""physical_error_rate"":5e-05}","{""detection_events"":21394,""detectors_checked"":112803840}"
        16,         0,         0,   0.714,exact_mw,1713bc804565c0b42ca58c93310b033f01c41dd72e5e9cac9fe58a9188a19ab7,"{""distance"":7,""physical_error_rate"":0.01}","{""detection_events"":442,""detectors_checked"":12960}"
         1,         0,         0,   0.005,exact_mw,98ed6542f5a75ebddbda0ed622fb597fbc85d0a75d139587b6be9a08147ba42d,"{""distance"":7,""physical_error_rate"":0.002}","{""detection_events"":1,""detectors_checked"":810}"
       128,         0,         0,   0.783,exact_mw,98ed6542f5a75ebddbda0ed622fb597fbc85d0a75d139587b6be9a08147ba42d,"{""distance"":7,""physical_error_rate"":0.002}","{""detection_events"":743,""detectors_checked"":103680}"
        16,         0,         0,   0.112,exact_mw,98ed6542f5a75ebddbda0ed622fb597fbc85d0a75d139587b6be9a08147ba42d,"{""distance"":7,""physical_error_rate"":0.002}","{""detection_events"":122,""detectors_checked"":12960}"
         8,         0,         0,   0.425,exact_mw,bef67c2527ad51595e418cf30d8716541525c85f29404769715fc39af85a0852,"{""distance"":7,""physical_error_rate"":0.05}","{""detection_events"":931,""detectors_checked"":6480}"
     34816,         1,         0,    1.59,exact_mw,26ede523e6354ffb917e832246591ea54a1b9969785b9947b95e2ebb539e2476,"{""distance"":7,""physical_error_rate"":0.0002}","{""detection_events"":21122,""detectors_checked"":28200960,""obs_mistake_mask=E"":1}"
     23552,         0,         0,   0.418,exact_mw,92a9cd959715f3d5685c6265974e573ec36ff2f173f7490ff1393041d63371cf,"{""distance"":7,""physical_error_rate"":0.0001}","{""detection_events"":6985,""detectors_checked"":19077120}"
         8,         4,         0,   0.477,exact_mw,084990f003f4e006f7af613a3996eb104ebeb5f3c5c9154910fee9e5019bb6a7,"{""distance"":7,""physical_error_rate"":0.1}","{""detection_events"":1691,""detectors_checked"":6480,""obs_mistake_mask=E"":4}"
         1,         1,         0,   0.054,exact_mw,17475c76bb113830b75e3a7c706af28b6998cefdc572d5534da981f04c3b1120,"{""distance"":7,""physical_error_rate"":0.2}","{""detection_events"":336,""detectors_checked"":810,""obs_mistake_mask=E"":1}"
        32,         0,         0,   0.813,exact_mw,a39d26a9c85ff1858873bfad720922f64799219ac1b945519c1902b92db90de0,"{""distance"":7,""physical_error_rate"":0.005}","{""detection_events"":498,""detectors_checked"":25920}"
        16,         0,         0,   0.562,exact_mw,1713bc804565c0b42ca58c93310b033f01c41dd72e5e9cac9fe58a9188a19ab7,"{""distance"":7,""physical_error_rate"":0.01}","{""detection_events"":443,""detectors_checked"":12960}"
        64,         0,         0,   0.448,exact_mw,98ed6542f5a75ebddbda0ed622fb597fbc85d0a75d139587b6be9a08147ba42d,"{""distance"":7,""physical_error_rate"":0.002}","{""detection_events"":371,""detectors_checked"":51840}"
         8,         1,         0,   0.425,exact_mw,bef67c2527ad51595e418cf30d8716541525c85f29404769715fc39af85a0852,"{""distance"":7,""physical_error_rate"":0.05}","{""detection_events"":949,""detectors_checked"":6480,""obs_mistake_mask=E"":1}"
         8,         2,         0,   0.483,exact_mw,084990f003f4e006f7af613a3996eb104ebeb5f3c5c9154910fee9e5019bb6a7,"{""distance"":7,""physical_error_rate"":0.1}","{""detection_events"":1627,""detectors_checked"":6480,""obs_mistake_mask=E"":2}"
         8,         4,         0,   0.487,exact_mw,17475c76bb113830b75e3a7c706af28b6998cefdc572d5534da981f04c3b1120,"{""distance"":7,""physical_error_rate"":0.2}","{""detection_events"":2533,""detectors_checked"":6480,""obs_mistake_mask=E"":4}"
     29696,         0,         0,   0.559,exact_mw,92a9cd959715f3d5685c6265974e573ec36ff2f173f7490ff1393041d63371cf,"{""distance"":7,""physical_error_rate"":0.0001}","{""detection_events"":9146,""detectors_checked"":24053760}"
       128,         0,         0,   0.882,exact_mw,98ed6542f5a75ebddbda0ed622fb597fbc85d0a75d139587b6be9a08147ba42d,"{""distance"":7,""physical_error_rate"":0.002}","{""detection_events"":775,""detectors_checked"":103680}"
         8,         0,         0,   0.418,exact_mw,bef67c2527ad51595e418cf30d8716541525c85f29404769715fc39af85a0852,"{""distance"":7,""physical_error_rate"":0.05}","{""detection_events"":978,""detectors_checked"":6480}"
         1,         1,         0,   0.074,exact_mw,ada1cdd99d5b433e01b834099c62e19c5a7190a249d6efcd9b92e36879454d7b,"{""distance"":7,""physical_error_rate"":0.5}","{""detection_events"":422,""detectors_checked"":810,""obs_mistake_mask=E"":1}"
         8,         2,         0,   0.474,exact_mw,084990f003f4e006f7af613a3996eb104ebeb5f3c5c9154910fee9e5019bb6a7,"{""distance"":7,""physical_error_rate"":0.1}","{""detection_events"":1654,""detectors_checked"":6480,""obs_mistake_mask=E"":2}"
        64,         0,         0,   0.605,exact_mw,98ed6542f5a75ebddbda0ed622fb597fbc85d0a75d139587b6be9a08147ba42d,"{""distance"":7,""physical_error_rate"":0.002}","{""detection_events"":399,""detectors_checked"":51840}"
        16,         0,         0,   0.657,exact_mw,1713bc804565c0b42ca58c93310b033f01c41dd72e5e9cac9fe58a9188a19ab7,"{""distance"":7,""physical_error_rate"":0.01}","{""detection_events"":504,""detectors_checked"":12960}"
         8,         5,         0,   0.489,exact_mw,17475c76bb113830b75e3a7c706af28b6998cefdc572d5534da981f04c3b1120,"{""distance"":7,""physical_error_rate"":0.2}","{""detection_events"":2476,""detectors_checked"":6480,""obs_mistake_mask=E"":5}"
        32,         0,         0,   0.863,exact_mw,a39d26a9c85ff1858873bfad720922f64799219ac1b945519c1902b92db90de0,"{""distance"":7,""physical_error_rate"":0.005}","{""detection_events"":492,""detectors_checked"":25920}"
         1,         1,         0,   0.066,exact_mw,bef67c2527ad51595e418cf30d8716541525c85f29404769715fc39af85a0852,"{""distance"":7,""physical_error_rate"":0.05}","{""detection_events"":153,""detectors_checked"":810,""obs_mistake_mask=E"":1}"
         8,         0,         0,   0.409,exact_mw,bef67c2527ad51595e418cf30d8716541525c85f29404769715fc39af85a0852,"{""distance"":7,""physical_error_rate"":0.05}","{""detection_events"":989,""detectors_checked"":6480}"
       128,         0,         0,   0.635,exact_mw,98ed6542f5a75ebddbda0ed622fb597fbc85d0a75d139587b6be9a08147ba42d,"{""distance"":7,""physical_error_rate"":0.002}","{""detection_events"":674,""detectors_checked"":103680}"
     40960,         0,         0,   0.789,exact_mw,92a9cd959715f3d5685c6265974e573ec36ff2f173f7490ff1393041d63371cf,"{""distance"":7,""physical_error_rate"":0.0001}","{""detection_events"":12641,""detectors_checked"":33177600}"
        64,         0,         0,   0.405,exact_mw,98ed6542f5a75ebddbda0ed622fb597fbc85d0a75d139587b6be9a08147ba42d,"{""distance"":7,""physical_error_rate"":0.002}","{""detection_events"":343,""detectors_checked"":51840}"
         8,         2,         0,   0.484,exact_mw,084990f003f4e006f7af613a3996eb104ebeb5f3c5c9154910fee9e5019bb6a7,"{""distance"":7,""physical_error_rate"":0.1}","{""detection_events"":1693,""detectors_checked"":6480,""obs_mistake_mask=E"":2}"
         1,         0,         0,   0.067,exact_mw,17475c76bb113830b75e3a7c706af28b6998cefdc572d5534da981f04c3b1120,"{""distance"":7,""physical_error_rate"":0.2}","{""detection_events"":340,""detectors_checked"":810}"
      7168,         1,         0,    2.31,exact_mw,8c54babb212143042928b0eca3852c18ac799bf66eb488a668303745c8494fc5,"{""distance"":7,""physical_error_rate"":0.0005}","{""detection_events"":10903,""detectors_checked"":5806080,""obs_mistake_mask=E"":1}"
         8,         3,         0,   0.595,exact_mw,ada1cdd99d5b433e01b834099c62e19c5a7190a249d6efcd9b92e36879454d7b,"{""distance"":7,""physical_error_rate"":0.5}","{""detection_events"":3292,""detectors_checked"":6480,""obs_mistake_mask=E"":3}"
         8,         6,         0,   0.484,exact_mw,17475c76bb113830b75e3a7c706af28b6998cefdc572d5534da981f04c3b1120,"{""distance"":7,""physical_error_rate"":0.2}","{""detection_events"":2471,""detectors_checked"":6480,""obs_mistake_mask=E"":6}"
        16,         0,         0,   0.537,exact_mw,1713bc804565c0b42ca58c93310b033f01c41dd72e5e9cac9fe58a9188a19ab7,"{""distance"":7,""physical_error_rate"":0.01}","{""detection_events"":524,""detectors_checked"":12960}"
         8,         1,         0,   0.425,exact_mw,bef67c2527ad51595e418cf30d8716541525c85f29404769715fc39af85a0852,"{""distance"":7,""physical_error_rate"":0.05}","{""detection_events"":981,""detectors_checked"":6480,""obs_mistake_mask=E"":1}"
         8,         2,         0,   0.549,exact_mw,bef67c2527ad51595e418cf30d8716541525c85f29404769715fc39af85a0852,"{""distance"":7,""physical_error_rate"":0.05}","{""detection_events"":1011,""detectors_checked"":6480,""obs_mistake_mask=E"":2}"
        64,         0,         0,   0.477,exact_mw,98ed6542f5a75ebddbda0ed622fb597fbc85d0a75d139587b6be9a08147ba42d,"{""distance"":7,""physical_error_rate"":0.002}","{""detection_events"":392,""detectors_checked"":51840}"
         1,         0,         0,   0.053,exact_mw,bef67c2527ad51595e418cf30d8716541525c85f29404769715fc39af85a0852,"{""distance"":7,""physical_error_rate"":0.05}","{""detection_events"":111,""detectors_checked"":810}"
         8,         2,         0,   0.465,exact_mw,084990f003f4e006f7af613a3996eb104ebeb5f3c5c9154910fee9e5019bb6a7,"{""distance"":7,""physical_error_rate"":0.1}","{""detection_events"":1591,""detectors_checked"":6480,""obs_mistake_mask=E"":2}"
         8,         3,         0,   0.495,exact_mw,17475c76bb113830b75e3a7c706af28b6998cefdc572d5534da981f04c3b1120,"{""distance"":7,""physical_error_rate"":0.2}","{""detection_events"":2524,""detectors_checked"":6480,""obs_mistake_mask=E"":3}"
         8,         6,         0,   0.532,exact_mw,17475c76bb113830b75e3a7c706af28b6998cefdc572d5534da981f04c3b1120,"{""distance"":7,""physical_error_rate"":0.2}","{""detection_events"":2498,""detectors_checked"":6480,""obs_mistake_mask=E"":6}"
         8,         2,         0,   0.422,exact_mw,bef67c2527ad51595e418cf30d8716541525c85f29404769715fc39af85a0852,"{""distance"":7,""physical_error_rate"":0.05}","{""detection_events"":1057,""detectors_checked"":6480,""obs_mistake_mask=E"":2}"
         8,         2,         0,   0.579,exact_mw,ada1cdd99d5b433e01b834099c62e19c5a7190a249d6efcd9b92e36879454d7b,"{""distance"":7,""physical_error_rate"":0.5}","{""detection_events"":3270,""detectors_checked"":6480,""obs_mistake_mask=E"":2}"
        16,         0,         0,   0.566,exact_mw,1713bc804565c0b42ca58c93310b033f01c41dd72e5e9cac9fe58a9188a19ab7,"{""distance"":7,""physical_error_rate"":0.01}","{""detection_events"":480,""detectors_checked"":12960}"
     51200,         0,         0,    2.19,exact_mw,26ede523e6354ffb917e832246591ea54a1b9969785b9947b95e2ebb539e2476,"{""distance"":7,""physical_error_rate"":0.0002}","{""detection_events"":31128,""detectors_checked"":41472000}"
         8,         1,         0,   0.498,exact_mw,bef67c2527ad51595e418cf30d8716541525c85f29404769715fc39af85a0852,"{""distance"":7,""physical_error_rate"":0.05}","{""detection_events"":968,""detectors_checked"":6480,""obs_mistake_mask=E"":1}"
       128,         0,         0,   0.921,exact_mw,98ed6542f5a75ebddbda0ed622fb597fbc85d0a75d139587b6be9a08147ba42d,"{""distance"":7,""physical_error_rate"":0.002}","{""detection_events"":703,""detectors_checked"":103680}"
    158720,         0,         0,    3.05,exact_mw,92a9cd959715f3d5685c6265974e573ec36ff2f173f7490ff1393041d63371cf,"{""distance"":7,""physical_error_rate"":0.0001}","{""detection_events"":47683,""detectors_checked"":128563200}"
      1536,         0,         0,    2.85,exact_mw,d2cc2b129abad1f985b8639603638d6030a837aa2fe57172dffdf28919c1c286,"{""distance"":7,""physical_error_rate"":0.001}","{""detection_events"":4625,""detectors_checked"":1244160}"
         1,         0,         0,   0.082,exact_mw,084990f003f4e006f7af613a3996eb104ebeb5f3c5c9154910fee9e5019bb6a7,"{""distance"":7,""physical_error_rate"":0.1}","{""detection_events"":206,""detectors_checked"":810}"
         1,         0,         0,   0.069,exact_mw,ada1cdd99d5b433e01b834099c62e19c5a7190a249d6efcd9b92e36879454d7b,"{""distance"":7,""physical_error_rate"":0.5}","{""detection_events"":407,""detectors_checked"":810}"
        64,         0,         0,   0.477,exact_mw,98ed6542f5a75ebddbda0ed622fb597fbc85d0a75d139587b6be9a08147ba42d,"{""distance"":7,""physical_error_rate"":0.002}","{""detection_events"":387,""detectors_checked"":51840}"
         8,         6,         0,   0.471,exact_mw,084990f003f4e006f7af613a3996eb104ebeb5f3c5c9154910fee9e5019bb6a7,"{""distance"":7,""physical_error_rate"":0.1}","{""detection_events"":1678,""detectors_checked"":6480,""obs_mistake_mask=E"":6}"
         8,         2,         0,   0.515,exact_mw,bef67c2527ad51595e418cf30d8716541525c85f29404769715fc39af85a0852,"{""distance"":7,""physical_error_rate"":0.05}","{""detection_events"":978,""detectors_checked"":6480,""obs_mistake_mask=E"":2}"
     59392,         0,         0,    1.13,exact_mw,92a9cd959715f3d5685c6265974e573ec36ff2f173f7490ff1393041d63371cf,"{""distance"":7,""physical_error_rate"":0.0001}","{""detection_events"":18198,""detectors_checked"":48107520}"
         8,         1,         0,   0.409,exact_mw,bef67c2527ad51595e418cf30d8716541525c85f29404769715fc39af85a0852,"{""distance"":7,""physical_error_rate"":0.05}","{""detection_events"":1012,""detectors_checked"":6480,""obs_mistake_mask=E"":1}"
         8,         4,         0,   0.497,exact_mw,17475c76bb113830b75e3a7c706af28b6998cefdc572d5534da981f04c3b1120,"{""distance"":7,""physical_error_rate"":0.2}","{""detection_events"":2519,""detectors_checked"":6480,""obs_mistake_mask=E"":4}"
        64,         0,         0,    1.49,exact_mw,a39d26a9c85ff1858873bfad720922f64799219ac1b945519c1902b92db90de0,"{""distance"":7,""physical_error_rate"":0.005}","{""detection_events"":913,""detectors_checked"":51840}"
         8,         2,         0,   0.526,exact_mw,17475c76bb113830b75e3a7c706af28b6998cefdc572d5534da981f04c3b1120,"{""distance"":7,""physical_error_rate"":0.2}","{""detection_events"":2484,""detectors_checked"":6480,""obs_mistake_mask=E"":2}"
         4,         0,         0,   0.262,exact_mw,084990f003f4e006f7af613a3996eb104ebeb5f3c5c9154910fee9e5019bb6a7,"{""distance"":7,""physical_error_rate"":0.1}","{""detection_events"":825,""detectors_checked"":3240}"
         8,         4,         0,   0.551,exact_mw,ada1cdd99d5b433e01b834099c62e19c5a7190a249d6efcd9b92e36879454d7b,"{""distance"":7,""physical_error_rate"":0.5}","{""detection_events"":3202,""detectors_checked"":6480,""obs_mistake_mask=E"":4}"
         8,         1,         0,   0.447,exact_mw,bef67c2527ad51595e418cf30d8716541525c85f29404769715fc39af85a0852,"{""distance"":7,""physical_error_rate"":0.05}","{""detection_events"":960,""detectors_checked"":6480,""obs_mistake_mask=E"":1}"
        16,         0,         0,   0.563,exact_mw,1713bc804565c0b42ca58c93310b033f01c41dd72e5e9cac9fe58a9188a19ab7,"{""distance"":7,""physical_error_rate"":0.01}","{""detection_events"":441,""detectors_checked"":12960}"
        64,         0,         0,   0.449,exact_mw,98ed6542f5a75ebddbda0ed622fb597fbc85d0a75d139587b6be9a08147ba42d,"{""distance"":7,""physical_error_rate"":0.002}","{""detection_events"":381,""detectors_checked"":51840}"
    192512,         0,         0,    3.04,exact_mw,a212c24da5b34f1b60580734e5e54c4073e302b219bc7e486ff8edc698604c9e,"{""distance"":7,""physical_error_rate"":5e-05}","{""detection_events"":29244,""detectors_checked"":155934720}"
         8,         2,         0,   0.455,exact_mw,084990f003f4e006f7af613a3996eb104ebeb5f3c5c9154910fee9e5019bb6a7,"{""distance"":7,""physical_error_rate"":0.1}","{""detection_events"":1633,""detectors_checked"":6480,""obs_mistake_mask=E"":2}"
         8,         5,         0,   0.527,exact_mw,ada1cdd99d5b433e01b834099c62e19c5a7190a249d6efcd9b92e36879454d7b,"{""distance"":7,""physical_error_rate"":0.5}","{""detection_events"":3251,""detectors_checked"":6480,""obs_mistake_mask=E"":5}"
         8,         2,         0,   0.414,exact_mw,bef67c2527ad51595e418cf30d8716541525c85f29404769715fc39af85a0852,"{""distance"":7,""physical_error_rate"":0.05}","{""detection_events"":984,""detectors_checked"":6480,""obs_mistake_mask=E"":2}"
         8,         1,         0,   0.493,exact_mw,bef67c2527ad51595e418cf30d8716541525c85f29404769715fc39af85a0852,"{""distance"":7,""physical_error_rate"":0.05}","{""detection_events"":966,""detectors_checked"":6480,""obs_mistake_mask=E"":1}"
      1297,         0,         0,   0.013,exact_mw,a212c24da5b34f1b60580734e5e54c4073e302b219bc7e486ff8edc698604c9e,"{""distance"":7,""physical_error_rate"":5e-05}","{""detection_events"":175,""detectors_checked"":1050570}"
      1024,         0,         0,   0.008,exact_mw,a212c24da5b34f1b60580734e5e54c4073e302b219bc7e486ff8edc698604c9e,"{""distance"":7,""physical_error_rate"":5e-05}","{""detection_events"":160,""detectors_checked"":829440}"
      1024,         0,         0,   0.021,exact_mw,a212c24da5b34f1b60580734e5e54c4073e302b219bc7e486ff8edc698604c9e,"{""distance"":7,""physical_error_rate"":5e-05}","{""detection_events"":166,""detectors_checked"":829440}"
      2048,         0,         0,   0.029,exact_mw,a212c24da5b34f1b60580734e5e54c4073e302b219bc7e486ff8edc698604c9e,"{""distance"":7,""physical_error_rate"":5e-05}","{""detection_events"":296,""detectors_checked"":1658880}"
         8,         6,         0,   0.503,exact_mw,17475c76bb113830b75e3a7c706af28b6998cefdc572d5534da981f04c3b1120,"{""distance"":7,""physical_error_rate"":0.2}","{""detection_events"":2504,""detectors_checked"":6480,""obs_mistake_mask=E"":6}"
      3072,         0,         0,   0.038,exact_mw,a212c24da5b34f1b60580734e5e54c4073e302b219bc7e486ff8edc698604c9e,"{""distance"":7,""physical_error_rate"":5e-05}","{""detection_events"":423,""detectors_checked"":2488320}"
         8,         3,         0,   0.509,exact_mw,17475c76bb113830b75e3a7c706af28b6998cefdc572d5534da981f04c3b1120,"{""distance"":7,""physical_error_rate"":0.2}","{""detection_events"":2482,""detectors_checked"":6480,""obs_mistake_mask=E"":3}"
         8,         3,         0,   0.518,exact_mw,084990f003f4e006f7af613a3996eb104ebeb5f3c5c9154910fee9e5019bb6a7,"{""distance"":7,""physical_error_rate"":0.1}","{""detection_events"":1698,""detectors_checked"":6480,""obs_mistake_mask=E"":3}"
         8,         0,         0,   0.435,exact_mw,bef67c2527ad51595e418cf30d8716541525c85f29404769715fc39af85a0852,"{""distance"":7,""physical_error_rate"":0.05}","{""detection_events"":912,""detectors_checked"":6480}"
      3072,         0,         0,   0.038,exact_mw,a212c24da5b34f1b60580734e5e54c4073e302b219bc7e486ff8edc698604c9e,"{""distance"":7,""physical_error_rate"":5e-05}","{""detection_events"":473,""detectors_checked"":2488320}"
         8,         4,         0,   0.533,exact_mw,ada1cdd99d5b433e01b834099c62e19c5a7190a249d6efcd9b92e36879454d7b,"{""distance"":7,""physical_error_rate"":0.5}","{""detection_events"":3179,""detectors_checked"":6480,""obs_mistake_mask=E"":4}"
      5120,         0,         0,   0.080,exact_mw,a212c24da5b34f1b60580734e5e54c4073e302b219bc7e486ff8edc698604c9e,"{""distance"":7,""physical_error_rate"":5e-05}","{""detection_events"":779,""detectors_checked"":4147200}"
        64,         0,         0,   0.432,exact_mw,98ed6542f5a75ebddbda0ed622fb597fbc85d0a75d139587b6be9a08147ba42d,"{""distance"":7,""physical_error_rate"":0.002}","{""detection_events"":380,""detectors_checked"":51840}"
         1,         0,         0,   0.056,exact_mw,07230310c167a8a58090586f32b373a58fa307b800b0f38cc129dec8518e6258,"{""distance"":7,""physical_error_rate"":0.02}","{""detection_events"":67,""detectors_checked"":810}"
       128,         0,         0,    1.07,exact_mw,98ed6542f5a75ebddbda0ed622fb597fbc85d0a75d139587b6be9a08147ba42d,"{""distance"":7,""physical_error_rate"":0.002}","{""detection_events"":744,""detectors_checked"":103680}"
         1,         0,         0,   0.052,exact_mw,084990f003f4e006f7af613a3996eb104ebeb5f3c5c9154910fee9e5019bb6a7,"{""distance"":7,""physical_error_rate"":0.1}","{""detection_events"":204,""detectors_checked"":810}"
         8,         4,         0,   0.468,exact_mw,084990f003f4e006f7af613a3996eb104ebeb5f3c5c9154910fee9e5019bb6a7,"{""distance"":7,""physical_error_rate"":0.1}","{""detection_events"":1571,""detectors_checked"":6480,""obs_mistake_mask=E"":4}"
         1,         0,         0,   0.051,exact_mw,07230310c167a8a58090586f32b373a58fa307b800b0f38cc129dec8518e6258,"{""distance"":7,""physical_error_rate"":0.02}","{""detection_events"":54,""detectors_checked"":810}"
      7168,         0,         0,   0.111,exact_mw,a212c24da5b34f1b60580734e5e54c4073e302b219bc7e486ff8edc698604c9e,"{""distance"":7,""physical_error_rate"":5e-05}","{""detection_events"":1006,""detectors_checked"":5806080}"
         8,         0,         0,   0.425,exact_mw,bef67c2527ad51595e418cf30d8716541525c85f29404769715fc39af85a0852,"{""distance"":7,""physical_error_rate"":0.05}","{""detection_events"":918,""detectors_checked"":6480}"
         8,         0,         0,   0.473,exact_mw,bef67c2527ad51595e418cf30d8716541525c85f29404769715fc39af85a0852,"{""distance"":7,""physical_error_rate"":0.05}","{""detection_events"":1037,""detectors_checked"":6480}"
         8,         4,         0,   0.523,exact_mw,ada1cdd99d5b433e01b834099c62e19c5a7190a249d6efcd9b92e36879454d7b,"{""distance"":7,""physical_error_rate"":0.5}","{""detection_events"":3280,""detectors_checked"":6480,""obs_mistake_mask=E"":4}"
         1,         0,         0,   0.014,exact_mw,8c54babb212143042928b0eca3852c18ac799bf66eb488a668303745c8494fc5,"{""distance"":7,""physical_error_rate"":0.0005}","{""detectors_checked"":810}"
      8192,         0,         0,   0.129,exact_mw,a212c24da5b34f1b60580734e5e54c4073e302b219bc7e486ff8edc698604c9e,"{""distance"":7,""physical_error_rate"":5e-05}","{""detection_events"":1242,""detectors_checked"":6635520}"
         8,         4,         0,   0.498,exact_mw,17475c76bb113830b75e3a7c706af28b6998cefdc572d5534da981f04c3b1120,"{""distance"":7,""physical_error_rate"":0.2}","{""detection_events"":2514,""detectors_checked"":6480,""obs_mistake_mask=E"":4}"
       272,         0,         0,   0.131,exact_mw,8c54babb212143042928b0eca3852c18ac799bf66eb488a668303745c8494fc5,"{""distance"":7,""physical_error_rate"":0.0005}","{""detection_events"":467,""detectors_checked"":220320}"
         8,         1,         0,   0.469,exact_mw,bef67c2527ad51595e418cf30d8716541525c85f29404769715fc39af85a0852,"{""distance"":7,""physical_error_rate"":0.05}","{""detection_events"":982,""detectors_checked"":6480,""obs_mistake_mask=E"":1}"
         8,         7,         0,   0.521,exact_mw,17475c76bb113830b75e3a7c706af28b6998cefdc572d5534da981f04c3b1120,"{""distance"":7,""physical_error_rate"":0.2}","{""detection_events"":2503,""detectors_checked"":6480,""obs_mistake_mask=E"":7}"
         8,         3,         0,   0.540,exact_mw,084990f003f4e006f7af613a3996eb104ebeb5f3c5c9154910fee9e5019bb6a7,"{""distance"":7,""physical_error_rate"":0.1}","{""detection_events"":1648,""detectors_checked"":6480,""obs_mistake_mask=E"":3}"
         8,         0,         0,   0.397,exact_mw,07230310c167a8a58090586f32b373a58fa307b800b0f38cc129dec8518e6258,"{""distance"":7,""physical_error_rate"":0.02}","{""detection_events"":433,""detectors_checked"":6480}"
     13312,         0,         0,   0.212,exact_mw,a212c24da5b34f1b60580734e5e54c4073e302b219bc7e486ff8edc698604c9e,"{""distance"":7,""physical_error_rate"":5e-05}","{""detection_events"":1997,""detectors_checked"":10782720}"
        32,         0,         0,    1.02,exact_mw,1713bc804565c0b42ca58c93310b033f01c41dd72e5e9cac9fe58a9188a19ab7,"{""distance"":7,""physical_error_rate"":0.01}","{""detection_events"":897,""detectors_checked"":25920}"
         8,         3,         0,   0.551,exact_mw,ada1cdd99d5b433e01b834099c62e19c5a7190a249d6efcd9b92e36879454d7b,"{""distance"":7,""physical_error_rate"":0.5}","{""detection_events"":3233,""detectors_checked"":6480,""obs_mistake_mask=E"":3}"
         8,         1,         0,   0.423,exact_mw,bef67c2527ad51595e418cf30d8716541525c85f29404769715fc39af85a0852,"{""distance"":7,""physical_error_rate"":0.05}","{""detection_events"":921,""detectors_checked"":6480,""obs_mistake_mask=E"":1}"
         8,         3,         0,   0.453,exact_mw,084990f003f4e006f7af613a3996eb104ebeb5f3c5c9154910fee9e5019bb6a7,"{""distance"":7,""physical_error_rate"":0.1}","{""detection_events"":1583,""detectors_checked"":6480,""obs_mistake_mask=E"":3}"
        64,         0,         0,   0.514,exact_mw,98ed6542f5a75ebddbda0ed622fb597fbc85d0a75d139587b6be9a08147ba42d,"{""distance"":7,""physical_error_rate"":0.002}","{""detection_events"":410,""detectors_checked"":51840}"
         8,         0,         0,   0.432,exact_mw,07230310c167a8a58090586f32b373a58fa307b800b0f38cc129dec8518e6258,"{""distance"":7,""physical_error_rate"":0.02}","{""detection_events"":443,""detectors_checked"":6480}"
         8,         3,         0,   0.469,exact_mw,084990f003f4e006f7af613a3996eb104ebeb5f3c5c9154910fee9e5019bb6a7,"{""distance"":7,""physical_error_rate"":0.1}","{""detection_events"":1638,""detectors_checked"":6480,""obs_mistake_mask=E"":3}"
         1,         0,         0,   0.042,exact_mw,26ede523e6354ffb917e832246591ea54a1b9969785b9947b95e2ebb539e2476,"{""distance"":7,""physical_error_rate"":0.0002}","{""detectors_checked"":810}"
      2184,         0,         0,   0.042,exact_mw,26ede523e6354ffb917e832246591ea54a1b9969785b9947b95e2ebb539e2476,"{""distance"":7,""physical_error_rate"":0.0002}","{""detection_events"":1326,""detectors_checked"":1769040}"
         8,         2,         0,   0.489,exact_mw,bef67c2527ad51595e418cf30d8716541525c85f29404769715fc39af85a0852,"{""distance"":7,""physical_error_rate"":0.05}","{""detection_events"":1036,""detectors_checked"":6480,""obs_mistake_mask=E"":2}"
      1024,         0,         0,   0.320,exact_mw,8c54babb212143042928b0eca3852c18ac799bf66eb488a668303745c8494fc5,"{""distance"":7,""physical_error_rate"":0.0005}","{""detection_events"":1571,""detectors_checked"":829440}"
      1024,         0,         0,   0.026,exact_mw,26ede523e6354ffb917e832246591ea54a1b9969785b9947b95e2ebb539e2476,"{""distance"":7,""physical_error_rate"":0.0002}","{""detection_events"":583,""detectors_checked"":829440}"
      1024,         0,         0,   0.028,exact_mw,26ede523e6354ffb917e832246591ea54a1b9969785b9947b95e2ebb539e2476,"{""distance"":7,""physical_error_rate"":0.0002}","{""detection_events"":617,""detectors_checked"":829440}"
         8,         3,         0,   0.564,exact_mw,ada1cdd99d5b433e01b834099c62e19c5a7190a249d6efcd9b92e36879454d7b,"{""distance"":7,""physical_error_rate"":0.5}","{""detection_events"":3232,""detectors_checked"":6480,""obs_mistake_mask=E"":3}"
     17408,         0,         0,   0.307,exact_mw,a212c24da5b34f1b60580734e5e54c4073e302b219bc7e486ff8edc698604c9e,"{""distance"":7,""physical_error_rate"":5e-05}","{""detection_events"":2687,""detectors_checked"":14100480}"
      2048,         0,         0,   0.061,exact_mw,26ede523e6354ffb917e832246591ea54a1b9969785b9947b95e2ebb539e2476,"{""distance"":7,""physical_error_rate"":0.0002}","{""detection_events"":1156,""detectors_checked"":1658880}"
     80896,         0,         0,    1.53,exact_mw,92a9cd959715f3d5685c6265974e573ec36ff2f173f7490ff1393041d63371cf,"{""distance"":7,""physical_error_rate"":0.0001}","{""detection_events"":24179,""detectors_checked"":65525760}"
         8,         1,         0,   0.445,exact_mw,bef67c2527ad51595e418cf30d8716541525c85f29404769715fc39af85a0852,"{""distance"":7,""physical_error_rate"":0.05}","{""detection_events"":956,""detectors_checked"":6480,""obs_mistake_mask=E"":1}"
         8,         2,         0,   0.501,exact_mw,17475c76bb113830b75e3a7c706af28b6998cefdc572d5534da981f04c3b1120,"{""distance"":7,""physical_error_rate"":0.2}","{""detection_events"":2534,""detectors_checked"":6480,""obs_mistake_mask=E"":2}"
      2048,         0,         0,   0.106,exact_mw,26ede523e6354ffb917e832246591ea54a1b9969785b9947b95e2ebb539e2476,"{""distance"":7,""physical_error_rate"":0.0002}","{""detection_events"":1274,""detectors_checked"":1658880}"
        64,         0,         0,    1.58,exact_mw,a39d26a9c85ff1858873bfad720922f64799219ac1b945519c1902b92db90de0,"{""distance"":7,""physical_error_rate"":0.005}","{""detection_events"":956,""detectors_checked"":51840}"
         8,         4,         0,   0.560,exact_mw,17475c76bb113830b75e3a7c706af28b6998cefdc572d5534da981f04c3b1120,"{""distance"":7,""physical_error_rate"":0.2}","{""detection_events"":2507,""detectors_checked"":6480,""obs_mistake_mask=E"":4}"
         8,         0,         0,   0.483,exact_mw,07230310c167a8a58090586f32b373a58fa307b800b0f38cc129dec8518e6258,"{""distance"":7,""physical_error_rate"":0.02}","{""detection_events"":448,""detectors_checked"":6480}"
         8,         1,         0,   0.421,exact_mw,bef67c2527ad51595e418cf30d8716541525c85f29404769715fc39af85a0852,"{""distance"":7,""physical_error_rate"":0.05}","{""detection_events"":984,""detectors_checked"":6480,""obs_mistake_mask=E"":1}"
      2048,         0,         0,   0.081,exact_mw,26ede523e6354ffb917e832246591ea54a1b9969785b9947b95e2ebb539e2476,"{""distance"":7,""physical_error_rate"":0.0002}","{""detection_events"":1244,""detectors_checked"":1658880}"
         8,         4,         0,   0.445,exact_mw,084990f003f4e006f7af613a3996eb104ebeb5f3c5c9154910fee9e5019bb6a7,"{""distance"":7,""physical_error_rate"":0.1}","{""detection_events"":1575,""detectors_checked"":6480,""obs_mistake_mask=E"":4}"
         8,         0,         0,   0.452,exact_mw,07230310c167a8a58090586f32b373a58fa307b800b0f38cc129dec8518e6258,"{""distance"":7,""physical_error_rate"":0.02}","{""detection_events"":483,""detectors_checked"":6480}"
      1024,         0,         0,   0.347,exact_mw,8c54babb212143042928b0eca3852c18ac799bf66eb488a668303745c8494fc5,"{""distance"":7,""physical_error_rate"":0.0005}","{""detection_events"":1531,""detectors_checked"":829440}"
         8,         6,         0,   0.615,exact_mw,084990f003f4e006f7af613a3996eb104ebeb5f3c5c9154910fee9e5019bb6a7,"{""distance"":7,""physical_error_rate"":0.1}","{""detection_events"":1680,""detectors_checked"":6480,""obs_mistake_mask=E"":6}"
         1,         0,         0,   0.014,exact_mw,8c54babb212143042928b0eca3852c18ac799bf66eb488a668303745c8494fc5,"{""distance"":7,""physical_error_rate"":0.0005}","{""detectors_checked"":810}"
         8,         6,         0,   0.534,exact_mw,ada1cdd99d5b433e01b834099c62e19c5a7190a249d6efcd9b92e36879454d7b,"{""distance"":7,""physical_error_rate"":0.5}","{""detection_events"":3277,""detectors_checked"":6480,""obs_mistake_mask=E"":6}"
         8,         0,         0,   0.467,exact_mw,bef67c2527ad51595e418cf30d8716541525c85f29404769715fc39af85a0852,"{""distance"":7,""physical_error_rate"":0.05}","{""detection_events"":947,""detectors_checked"":6480}"
      2048,         0,         0,   0.154,exact_mw,26ede523e6354ffb917e832246591ea54a1b9969785b9947b95e2ebb539e2476,"{""distance"":7,""physical_error_rate"":0.0002}","{""detection_events"":1342,""detectors_checked"":1658880}"
       272,         0,         0,   0.080,exact_mw,8c54babb212143042928b0eca3852c18ac799bf66eb488a668303745c8494fc5,"{""distance"":7,""physical_error_rate"":0.0005}","{""detection_events"":392,""detectors_checked"":220320}"
     25600,         0,         0,   0.401,exact_mw,a212c24da5b34f1b60580734e5e54c4073e302b219bc7e486ff8edc698604c9e,"{""distance"":7,""physical_error_rate"":5e-05}","{""detection_events"":3784,""detectors_checked"":20736000}"
        64,         0,         0,   0.661,exact_mw,98ed6542f5a75ebddbda0ed622fb597fbc85d0a75d139587b6be9a08147ba42d,"{""distance"":7,""physical_error_rate"":0.002}","{""detection_events"":430,""detectors_checked"":51840}"
         8,         1,         0,   0.535,exact_mw,ada1cdd99d5b433e01b834099c62e19c5a7190a249d6efcd9b92e36879454d7b,"{""distance"":7,""physical_error_rate"":0.5}","{""detection_events"":3212,""detectors_checked"":6480,""obs_mistake_mask=E"":1}"
      3072,         0,         0,   0.146,exact_mw,26ede523e6354ffb917e832246591ea54a1b9969785b9947b95e2ebb539e2476,"{""distance"":7,""physical_error_rate"":0.0002}","{""detection_events"":1858,""detectors_checked"":2488320}"
         1,         0,         0,   0.045,exact_mw,a39d26a9c85ff1858873bfad720922f64799219ac1b945519c1902b92db90de0,"{""distance"":7,""physical_error_rate"":0.005}","{""detection_events"":17,""detectors_checked"":810}"
         8,         0,         0,   0.498,exact_mw,bef67c2527ad51595e418cf30d8716541525c85f29404769715fc39af85a0852,"{""distance"":7,""physical_error_rate"":0.05}","{""detection_events"":987,""detectors_checked"":6480}"
         8,         4,         0,   0.492,exact_mw,17475c76bb113830b75e3a7c706af28b6998cefdc572d5534da981f04c3b1120,"{""distance"":7,""physical_error_rate"":0.2}","{""detection_events"":2498,""detectors_checked"":6480,""obs_mistake_mask=E"":4}"
      1297,         0,         0,   0.028,exact_mw,a212c24da5b34f1b60580734e5e54c4073e302b219bc7e486ff8edc698604c9e,"{""distance"":7,""physical_error_rate"":5e-05}","{""detection_events"":210,""detectors_checked"":1050570}"
         8,         0,         0,   0.057,exact_mw,a39d26a9c85ff1858873bfad720922f64799219ac1b945519c1902b92db90de0,"{""distance"":7,""physical_error_rate"":0.005}","{""detection_events"":109,""detectors_checked"":6480}"
      1024,         0,         0,   0.025,exact_mw,a212c24da5b34f1b60580734e5e54c4073e302b219bc7e486ff8edc698604c9e,"{""distance"":7,""physical_error_rate"":5e-05}","{""detection_events"":160,""detectors_checked"":829440}"
      1024,         1,         0,   0.374,exact_mw,8c54babb212143042928b0eca3852c18ac799bf66eb488a668303745c8494fc5,"{""distance"":7,""physical_error_rate"":0.0005}","{""detection_events"":1534,""detectors_checked"":829440,""obs_mistake_mask=E"":1}"
      2048,         0,         0,   0.029,exact_mw,a212c24da5b34f1b60580734e5e54c4073e302b219bc7e486ff8edc698604c9e,"{""distance"":7,""physical_error_rate"":5e-05}","{""detection_events"":258,""detectors_checked"":1658880}"
         8,         0,         0,   0.425,exact_mw,07230310c167a8a58090586f32b373a58fa307b800b0f38cc129dec8518e6258,"{""distance"":7,""physical_error_rate"":0.02}","{""detection_events"":454,""detectors_checked"":6480}"
         8,         0,         0,   0.487,exact_mw,07230310c167a8a58090586f32b373a58fa307b800b0f38cc129dec8518e6258,"{""distance"":7,""physical_error_rate"":0.02}","{""detection_events"":443,""detectors_checked"":6480}"
      9216,         0,         0,    3.16,exact_mw,8c54babb212143042928b0eca3852c18ac799bf66eb488a668303745c8494fc5,"{""distance"":7,""physical_error_rate"":0.0005}","{""detection_events"":13999,""detectors_checked"":7464960}"
         8,         5,         0,   0.437,exact_mw,084990f003f4e006f7af613a3996eb104ebeb5f3c5c9154910fee9e5019bb6a7,"{""distance"":7,""physical_error_rate"":0.1}","{""detection_events"":1653,""detectors_checked"":6480,""obs_mistake_mask=E"":5}"
      2048,         0,         0,   0.029,exact_mw,a212c24da5b34f1b60580734e5e54c4073e302b219bc7e486ff8edc698604c9e,"{""distance"":7,""physical_error_rate"":5e-05}","{""detection_events"":346,""detectors_checked"":1658880}"
      1024,         0,         0,   0.319,exact_mw,8c54babb212143042928b0eca3852c18ac799bf66eb488a668303745c8494fc5,"{""distance"":7,""physical_error_rate"":0.0005}","{""detection_events"":1529,""detectors_checked"":829440}"
         8,         2,         0,   0.543,exact_mw,17475c76bb113830b75e3a7c706af28b6998cefdc572d5534da981f04c3b1120,"{""distance"":7,""physical_error_rate"":0.2}","{""detection_events"":2442,""detectors_checked"":6480,""obs_mistake_mask=E"":2}"
      3072,         0,         0,   0.053,exact_mw,a212c24da5b34f1b60580734e5e54c4073e302b219bc7e486ff8edc698604c9e,"{""distance"":7,""physical_error_rate"":5e-05}","{""detection_events"":493,""detectors_checked"":2488320}"
        16,         4,         0,   0.948,exact_mw,084990f003f4e006f7af613a3996eb104ebeb5f3c5c9154910fee9e5019bb6a7,"{""distance"":7,""physical_error_rate"":0.1}","{""detection_events"":3233,""detectors_checked"":12960,""obs_mistake_mask=E"":4}"
      6144,         0,         0,   0.220,exact_mw,26ede523e6354ffb917e832246591ea54a1b9969785b9947b95e2ebb539e2476,"{""distance"":7,""physical_error_rate"":0.0002}","{""detection_events"":3857,""detectors_checked"":4976640}"
         8,         4,         0,   0.515,exact_mw,084990f003f4e006f7af613a3996eb104ebeb5f3c5c9154910fee9e5019bb6a7,"{""distance"":7,""physical_error_rate"":0.1}","{""detection_events"":1662,""detectors_checked"":6480,""obs_mistake_mask=E"":4}"
      3072,         0,         0,   0.057,exact_mw,a212c24da5b34f1b60580734e5e54c4073e302b219bc7e486ff8edc698604c9e,"{""distance"":7,""physical_error_rate"":5e-05}","{""detection_events"":469,""detectors_checked"":2488320}"
         8,         3,         0,   0.519,exact_mw,ada1cdd99d5b433e01b834099c62e19c5a7190a249d6efcd9b92e36879454d7b,"{""distance"":7,""physical_error_rate"":0.5}","{""detection_events"":3265,""detectors_checked"":6480,""obs_mistake_mask=E"":3}"
         8,         1,         0,   0.453,exact_mw,bef67c2527ad51595e418cf30d8716541525c85f29404769715fc39af85a0852,"{""distance"":7,""physical_error_rate"":0.05}","{""detection_events"":1005,""detectors_checked"":6480,""obs_mistake_mask=E"":1}"
         1,         0,         0,   0.055,exact_mw,17475c76bb113830b75e3a7c706af28b6998cefdc572d5534da981f04c3b1120,"{""distance"":7,""physical_error_rate"":0.2}","{""detection_events"":319,""detectors_checked"":810}"
      5120,         0,         0,   0.078,exact_mw,a212c24da5b34f1b60580734e5e54c4073e302b219bc7e486ff8edc698604c9e,"{""distance"":7,""physical_error_rate"":5e-05}","{""detection_events"":796,""detectors_checked"":4147200}"
        64,         0,         0,   0.448,exact_mw,98ed6542f5a75ebddbda0ed622fb597fbc85d0a75d139587b6be9a08147ba42d,"{""distance"":7,""physical_error_rate"":0.002}","{""detection_events"":386,""detectors_checked"":51840}"
      1024,         0,         0,   0.341,exact_mw,8c54babb212143042928b0eca3852c18ac799bf66eb488a668303745c8494fc5,"{""distance"":7,""physical_error_rate"":0.0005}","{""detection_events"":1701,""detectors_checked"":829440}"
         8,         2,         0,   0.426,exact_mw,bef67c2527ad51595e418cf30d8716541525c85f29404769715fc39af85a0852,"{""distance"":7,""physical_error_rate"":0.05}","{""detection_events"":996,""detectors_checked"":6480,""obs_mistake_mask=E"":2}"
         1,         0,         0,   0.017,exact_mw,98ed6542f5a75ebddbda0ed622fb597fbc85d0a75d139587b6be9a08147ba42d,"{""distance"":7,""physical_error_rate"":0.002}","{""detection_events"":4,""detectors_checked"":810}"
      7168,         0,         0,   0.106,exact_mw,a212c24da5b34f1b60580734e5e54c4073e302b219bc7e486ff8edc698604c9e,"{""distance"":7,""physical_error_rate"":5e-05}","{""detection_events"":1022,""detectors_checked"":5806080}"
     33792,         0,         0,   0.555,exact_mw,a212c24da5b34f1b60580734e5e54c4073e302b219bc7e486ff8edc698604c9e,"{""distance"":7,""physical_error_rate"":5e-05}","{""detection_events"":5280,""detectors_checked"":27371520}"
      1024,         0,         0,   0.328,exact_mw,8c54babb212143042928b0eca3852c18ac799bf66eb488a668303745c8494fc5,"{""distance"":7,""physical_error_rate"":0.0005}","{""detection_events"":1499,""detectors_checked"":829440}"
        16,         2,         0,   0.846,exact_mw,bef67c2527ad51595e418cf30d8716541525c85f29404769715fc39af85a0852,"{""distance"":7,""physical_error_rate"":0.05}","{""detection_events"":2152,""detectors_checked"":12960,""obs_mistake_mask=E"":2}"
         8,         5,         0,   0.514,exact_mw,ada1cdd99d5b433e01b834099c62e19c5a7190a249d6efcd9b92e36879454d7b,"{""distance"":7,""physical_error_rate"":0.5}","{""detection_events"":3262,""detectors_checked"":6480,""obs_mistake_mask=E"":5}"
      8192,         0,         0,   0.291,exact_mw,26ede523e6354ffb917e832246591ea54a1b9969785b9947b95e2ebb539e2476,"{""distance"":7,""physical_error_rate"":0.0002}","{""detection_events"":4985,""detectors_checked"":6635520}"
         8,         0,         0,   0.409,exact_mw,07230310c167a8a58090586f32b373a58fa307b800b0f38cc129dec8518e6258,"{""distance"":7,""physical_error_rate"":0.02}","{""detection_events"":379,""detectors_checked"":6480}"
         8,         0,         0,   0.422,exact_mw,07230310c167a8a58090586f32b373a58fa307b800b0f38cc129dec8518e6258,"{""distance"":7,""physical_error_rate"":0.02}","{""detection_events"":446,""detectors_checked"":6480}"
         8,         4,         0,   0.573,exact_mw,17475c76bb113830b75e3a7c706af28b6998cefdc572d5534da981f04c3b1120,"{""distance"":7,""physical_error_rate"":0.2}","{""detection_events"":2544,""detectors_checked"":6480,""obs_mistake_mask=E"":4}"
     10240,         0,         0,   0.158,exact_mw,a212c24da5b34f1b60580734e5e54c4073e302b219bc7e486ff8edc698604c9e,"{""distance"":7,""physical_error_rate"":5e-05}","{""detection_events"":1606,""detectors_checked"":8294400}"
        16,         0,         0,   0.181,exact_mw,98ed6542f5a75ebddbda0ed622fb597fbc85d0a75d139587b6be9a08147ba42d,"{""distance"":7,""physical_error_rate"":0.002}","{""detection_events"":112,""detectors_checked"":12960}"
         8,         3,         0,   0.489,exact_mw,17475c76bb113830b75e3a7c706af28b6998cefdc572d5534da981f04c3b1120,"{""distance"":7,""physical_error_rate"":0.2}","{""detection_events"":2395,""detectors_checked"":6480,""obs_mistake_mask=E"":3}"
         8,         3,         0,   0.508,exact_mw,084990f003f4e006f7af613a3996eb104ebeb5f3c5c9154910fee9e5019bb6a7,"{""distance"":7,""physical_error_rate"":0.1}","{""detection_events"":1643,""detectors_checked"":6480,""obs_mistake_mask=E"":3}"
     65536,         0,         0,    3.05,exact_mw,26ede523e6354ffb917e832246591ea54a1b9969785b9947b95e2ebb539e2476,"{""distance"":7,""physical_error_rate"":0.0002}","{""detection_events"":40300,""detectors_checked"":53084160}"
         8,         4,         0,   0.493,exact_mw,084990f003f4e006f7af613a3996eb104ebeb5f3c5c9154910fee9e5019bb6a7,"{""distance"":7,""physical_error_rate"":0.1}","{""detection_events"":1684,""detectors_checked"":6480,""obs_mistake_mask=E"":4}"
         8,         1,         0,   0.470,exact_mw,bef67c2527ad51595e418cf30d8716541525c85f29404769715fc39af85a0852,"{""distance"":7,""physical_error_rate"":0.05}","{""detection_events"":965,""detectors_checked"":6480,""obs_mistake_mask=E"":1}"
      1024,         0,         0,   0.364,exact_mw,8c54babb212143042928b0eca3852c18ac799bf66eb488a668303745c8494fc5,"{""distance"":7,""physical_error_rate"":0.0005}","{""detection_events"":1612,""detectors_checked"":829440}"
         8,         4,         0,   0.521,exact_mw,ada1cdd99d5b433e01b834099c62e19c5a7190a249d6efcd9b92e36879454d7b,"{""distance"":7,""physical_error_rate"":0.5}","{""detection_events"":3138,""detectors_checked"":6480,""obs_mistake_mask=E"":4}"
         8,         2,         0,   0.503,exact_mw,17475c76bb113830b75e3a7c706af28b6998cefdc572d5534da981f04c3b1120,"{""distance"":7,""physical_error_rate"":0.2}","{""detection_events"":2476,""detectors_checked"":6480,""obs_mistake_mask=E"":2}"
        48,         0,         0,    1.66,exact_mw,1713bc804565c0b42ca58c93310b033f01c41dd72e5e9cac9fe58a9188a19ab7,"{""distance"":7,""physical_error_rate"":0.01}","{""detection_events"":1469,""detectors_checked"":38880}"
     14336,         0,         0,   0.218,exact_mw,a212c24da5b34f1b60580734e5e54c4073e302b219bc7e486ff8edc698604c9e,"{""distance"":7,""physical_error_rate"":5e-05}","{""detection_events"":2249,""detectors_checked"":11612160}"
      1024,         0,         0,   0.339,exact_mw,8c54babb212143042928b0eca3852c18ac799bf66eb488a668303745c8494fc5,"{""distance"":7,""physical_error_rate"":0.0005}","{""detection_events"":1650,""detectors_checked"":829440}"
         8,         1,         0,   0.429,exact_mw,bef67c2527ad51595e418cf30d8716541525c85f29404769715fc39af85a0852,"{""distance"":7,""physical_error_rate"":0.05}","{""detection_events"":1058,""detectors_checked"":6480,""obs_mistake_mask=E"":1}"
      1536,         1,         0,    3.15,exact_mw,d2cc2b129abad1f985b8639603638d6030a837aa2fe57172dffdf28919c1c286,"{""distance"":7,""physical_error_rate"":0.001}","{""detection_events"":4644,""detectors_checked"":1244160,""obs_mistake_mask=E"":1}"
       256,         0,         0,    2.14,exact_mw,98ed6542f5a75ebddbda0ed622fb597fbc85d0a75d139587b6be9a08147ba42d,"{""distance"":7,""physical_error_rate"":0.002}","{""detection_events"":1632,""detectors_checked"":207360}"
      9216,         0,         0,   0.428,exact_mw,26ede523e6354ffb917e832246591ea54a1b9969785b9947b95e2ebb539e2476,"{""distance"":7,""physical_error_rate"":0.0002}","{""detection_events"":5751,""detectors_checked"":7464960}"
         8,         0,         0,   0.439,exact_mw,07230310c167a8a58090586f32b373a58fa307b800b0f38cc129dec8518e6258,"{""distance"":7,""physical_error_rate"":0.02}","{""detection_events"":478,""detectors_checked"":6480}"
         8,         5,         0,   0.497,exact_mw,ada1cdd99d5b433e01b834099c62e19c5a7190a249d6efcd9b92e36879454d7b,"{""distance"":7,""physical_error_rate"":0.5}","{""detection_events"":3241,""detectors_checked"":6480,""obs_mistake_mask=E"":5}"
         8,         1,         0,   0.453,exact_mw,07230310c167a8a58090586f32b373a58fa307b800b0f38cc129dec8518e6258,"{""distance"":7,""physical_error_rate"":0.02}","{""detection_events"":439,""detectors_checked"":6480,""obs_mistake_mask=E"":1}"
        32,         0,         0,   0.381,exact_mw,98ed6542f5a75ebddbda0ed622fb597fbc85d0a75d139587b6be9a08147ba42d,"{""distance"":7,""physical_error_rate"":0.002}","{""detection_events"":193,""detectors_checked"":25920}"
         8,         5,         0,   0.500,exact_mw,17475c76bb113830b75e3a7c706af28b6998cefdc572d5534da981f04c3b1120,"{""distance"":7,""physical_error_rate"":0.2}","{""detection_events"":2550,""detectors_checked"":6480,""obs_mistake_mask=E"":5}"
     18432,         0,         0,   0.285,exact_mw,a212c24da5b34f1b60580734e5e54c4073e302b219bc7e486ff8edc698604c9e,"{""distance"":7,""physical_error_rate"":5e-05}","{""detection_events"":2770,""detectors_checked"":14929920}"
         8,         4,         0,   0.467,exact_mw,084990f003f4e006f7af613a3996eb104ebeb5f3c5c9154910fee9e5019bb6a7,"{""distance"":7,""physical_error_rate"":0.1}","{""detection_events"":1657,""detectors_checked"":6480,""obs_mistake_mask=E"":4}"
        16,         7,         0,   0.933,exact_mw,084990f003f4e006f7af613a3996eb104ebeb5f3c5c9154910fee9e5019bb6a7,"{""distance"":7,""physical_error_rate"":0.1}","{""detection_events"":3330,""detectors_checked"":12960,""obs_mistake_mask=E"":7}"
         8,         2,         0,   0.496,exact_mw,17475c76bb113830b75e3a7c706af28b6998cefdc572d5534da981f04c3b1120,"{""distance"":7,""physical_error_rate"":0.2}","{""detection_events"":2529,""detectors_checked"":6480,""obs_mistake_mask=E"":2}"
      1024,         0,         0,   0.400,exact_mw,8c54babb212143042928b0eca3852c18ac799bf66eb488a668303745c8494fc5,"{""distance"":7,""physical_error_rate"":0.0005}","{""detection_events"":1705,""detectors_checked"":829440}"
         8,         2,         0,   0.493,exact_mw,084990f003f4e006f7af613a3996eb104ebeb5f3c5c9154910fee9e5019bb6a7,"{""distance"":7,""physical_error_rate"":0.1}","{""detection_events"":1593,""detectors_checked"":6480,""obs_mistake_mask=E"":2}"
     51200,         0,         0,   0.779,exact_mw,a212c24da5b34f1b60580734e5e54c4073e302b219bc7e486ff8edc698604c9e,"{""distance"":7,""physical_error_rate"":5e-05}","{""detection_events"":7855,""detectors_checked"":41472000}"
         8,         2,         0,   0.472,exact_mw,bef67c2527ad51595e418cf30d8716541525c85f29404769715fc39af85a0852,"{""distance"":7,""physical_error_rate"":0.05}","{""detection_events"":971,""detectors_checked"":6480,""obs_mistake_mask=E"":2}"
      1024,         0,         0,   0.428,exact_mw,8c54babb212143042928b0eca3852c18ac799bf66eb488a668303745c8494fc5,"{""distance"":7,""physical_error_rate"":0.0005}","{""detection_events"":1553,""detectors_checked"":829440}"
         8,         2,         0,   0.425,exact_mw,bef67c2527ad51595e418cf30d8716541525c85f29404769715fc39af85a0852,"{""distance"":7,""physical_error_rate"":0.05}","{""detection_events"":986,""detectors_checked"":6480,""obs_mistake_mask=E"":2}"
        32,         0,         0,   0.289,exact_mw,98ed6542f5a75ebddbda0ed622fb597fbc85d0a75d139587b6be9a08147ba42d,"{""distance"":7,""physical_error_rate"":0.002}","{""detection_events"":194,""detectors_checked"":25920}"
         1,         0,         0,   0.055,exact_mw,17475c76bb113830b75e3a7c706af28b6998cefdc572d5534da981f04c3b1120,"{""distance"":7,""physical_error_rate"":0.2}","{""detection_events"":331,""detectors_checked"":810}"
        16,         2,         0,   0.818,exact_mw,bef67c2527ad51595e418cf30d8716541525c85f29404769715fc39af85a0852,"{""distance"":7,""physical_error_rate"":0.05}","{""detection_events"":1996,""detectors_checked"":12960,""obs_mistake_mask=E"":2}"
         8,         4,         0,   0.517,exact_mw,ada1cdd99d5b433e01b834099c62e19c5a7190a249d6efcd9b92e36879454d7b,"{""distance"":7,""physical_error_rate"":0.5}","{""detection_events"":3193,""detectors_checked"":6480,""obs_mistake_mask=E"":4}"
         8,         3,         0,   0.503,exact_mw,17475c76bb113830b75e3a7c706af28b6998cefdc572d5534da981f04c3b1120,"{""distance"":7,""physical_error_rate"":0.2}","{""detection_events"":2519,""detectors_checked"":6480,""obs_mistake_mask=E"":3}"
        64,         0,         0,    1.31,exact_mw,a39d26a9c85ff1858873bfad720922f64799219ac1b945519c1902b92db90de0,"{""distance"":7,""physical_error_rate"":0.005}","{""detection_events"":925,""detectors_checked"":51840}"
         8,         0,         0,   0.424,exact_mw,07230310c167a8a58090586f32b373a58fa307b800b0f38cc129dec8518e6258,"{""distance"":7,""physical_error_rate"":0.02}","{""detection_events"":448,""detectors_checked"":6480}"
         1,         0,         0,   0.052,exact_mw,084990f003f4e006f7af613a3996eb104ebeb5f3c5c9154910fee9e5019bb6a7,"{""distance"":7,""physical_error_rate"":0.1}","{""detection_events"":201,""detectors_checked"":810}"
         8,         0,         0,   0.445,exact_mw,07230310c167a8a58090586f32b373a58fa307b800b0f38cc129dec8518e6258,"{""distance"":7,""physical_error_rate"":0.02}","{""detection_events"":468,""detectors_checked"":6480}"
       128,         0,         0,    1.11,exact_mw,98ed6542f5a75ebddbda0ed622fb597fbc85d0a75d139587b6be9a08147ba42d,"{""distance"":7,""physical_error_rate"":0.002}","{""detection_events"":739,""detectors_checked"":103680}"
         8,         3,         0,   0.507,exact_mw,ada1cdd99d5b433e01b834099c62e19c5a7190a249d6efcd9b92e36879454d7b,"{""distance"":7,""physical_error_rate"":0.5}","{""detection_events"":3281,""detectors_checked"":6480,""obs_mistake_mask=E"":3}"
     16384,         0,         0,   0.580,exact_mw,26ede523e6354ffb917e832246591ea54a1b9969785b9947b95e2ebb539e2476,"{""distance"":7,""physical_error_rate"":0.0002}","{""detection_events"":9884,""detectors_checked"":13271040}"
     27648,         0,         0,   0.418,exact_mw,a212c24da5b34f1b60580734e5e54c4073e302b219bc7e486ff8edc698604c9e,"{""distance"":7,""physical_error_rate"":5e-05}","{""detection_events"":4185,""detectors_checked"":22394880}"
         8,         3,         0,   0.449,exact_mw,084990f003f4e006f7af613a3996eb104ebeb5f3c5c9154910fee9e5019bb6a7,"{""distance"":7,""physical_error_rate"":0.1}","{""detection_events"":1617,""detectors_checked"":6480,""obs_mistake_mask=E"":3}"
         8,         6,         0,   0.482,exact_mw,17475c76bb113830b75e3a7c706af28b6998cefdc572d5534da981f04c3b1120,"{""distance"":7,""physical_error_rate"":0.2}","{""detection_events"":2468,""detectors_checked"":6480,""obs_mistake_mask=E"":6}"
      1024,         0,         0,   0.417,exact_mw,8c54babb212143042928b0eca3852c18ac799bf66eb488a668303745c8494fc5,"{""distance"":7,""physical_error_rate"":0.0005}","{""detection_events"":1633,""detectors_checked"":829440}"
    118784,         0,         0,    2.18,exact_mw,92a9cd959715f3d5685c6265974e573ec36ff2f173f7490ff1393041d63371cf,"{""distance"":7,""physical_error_rate"":0.0001}","{""detection_events"":35903,""detectors_checked"":96215040}"
      1024,         0,         0,   0.407,exact_mw,8c54babb212143042928b0eca3852c18ac799bf66eb488a668303745c8494fc5,"{""distance"":7,""physical_error_rate"":0.0005}","{""detection_events"":1570,""detectors_checked"":829440}"
         8,         2,         0,   0.423,exact_mw,bef67c2527ad51595e418cf30d8716541525c85f29404769715fc39af85a0852,"{""distance"":7,""physical_error_rate"":0.05}","{""detection_events"":966,""detectors_checked"":6480,""obs_mistake_mask=E"":2}"
         8,         5,         0,   0.485,exact_mw,084990f003f4e006f7af613a3996eb104ebeb5f3c5c9154910fee9e5019bb6a7,"{""distance"":7,""physical_error_rate"":0.1}","{""detection_events"":1611,""detectors_checked"":6480,""obs_mistake_mask=E"":5}"
         8,         3,         0,   0.498,exact_mw,bef67c2527ad51595e418cf30d8716541525c85f29404769715fc39af85a0852,"{""distance"":7,""physical_error_rate"":0.05}","{""detection_events"":989,""detectors_checked"":6480,""obs_mistake_mask=E"":3}"
        64,         0,         0,   0.464,exact_mw,98ed6542f5a75ebddbda0ed622fb597fbc85d0a75d139587b6be9a08147ba42d,"{""distance"":7,""physical_error_rate"":0.002}","{""detection_events"":343,""detectors_checked"":51840}"
         8,         3,         0,   0.487,exact_mw,17475c76bb113830b75e3a7c706af28b6998cefdc572d5534da981f04c3b1120,"{""distance"":7,""physical_error_rate"":0.2}","{""detection_events"":2504,""detectors_checked"":6480,""obs_mistake_mask=E"":3}"
         8,         4,         0,   0.494,exact_mw,17475c76bb113830b75e3a7c706af28b6998cefdc572d5534da981f04c3b1120,"{""distance"":7,""physical_error_rate"":0.2}","{""detection_events"":2474,""detectors_checked"":6480,""obs_mistake_mask=E"":4}"
         8,         3,         0,   0.508,exact_mw,ada1cdd99d5b433e01b834099c62e19c5a7190a249d6efcd9b92e36879454d7b,"{""distance"":7,""physical_error_rate"":0.5}","{""detection_events"":3192,""detectors_checked"":6480,""obs_mistake_mask=E"":3}"
         8,         0,         0,   0.430,exact_mw,07230310c167a8a58090586f32b373a58fa307b800b0f38cc129dec8518e6258,"{""distance"":7,""physical_error_rate"":0.02}","{""detection_events"":453,""detectors_checked"":6480}"
         8,         0,         0,   0.432,exact_mw,07230310c167a8a58090586f32b373a58fa307b800b0f38cc129dec8518e6258,"{""distance"":7,""physical_error_rate"":0.02}","{""detection_events"":405,""detectors_checked"":6480}"
         8,         2,         0,   0.453,exact_mw,084990f003f4e006f7af613a3996eb104ebeb5f3c5c9154910fee9e5019bb6a7,"{""distance"":7,""physical_error_rate"":0.1}","{""detection_events"":1690,""detectors_checked"":6480,""obs_mistake_mask=E"":2}"
       128,         0,         0,    2.33,exact_mw,a39d26a9c85ff1858873bfad720922f64799219ac1b945519c1902b92db90de0,"{""distance"":7,""physical_error_rate"":0.005}","{""detection_events"":1808,""detectors_checked"":103680}"
      1024,         0,         0,   0.310,exact_mw,8c54babb212143042928b0eca3852c18ac799bf66eb488a668303745c8494fc5,"{""distance"":7,""physical_error_rate"":0.0005}","{""detection_events"":1536,""detectors_checked"":829440}"
      1024,         0,         0,   0.286,exact_mw,8c54babb212143042928b0eca3852c18ac799bf66eb488a668303745c8494fc5,"{""distance"":7,""physical_error_rate"":0.0005}","{""detection_events"":1499,""detectors_checked"":829440}"
    228352,         0,         0,    4.26,exact_mw,92a9cd959715f3d5685c6265974e573ec36ff2f173f7490ff1393041d63371cf,"{""distance"":7,""physical_error_rate"":0.0001}","{""detection_events"":69594,""detectors_checked"":184965120}"
         1,         0,         0,   0.048,exact_mw,bef67c2527ad51595e418cf30d8716541525c85f29404769715fc39af85a0852,"{""distance"":7,""physical_error_rate"":0.05}","{""detection_events"":123,""detectors_checked"":810}"
         8,         1,         0,   0.434,exact_mw,084990f003f4e006f7af613a3996eb104ebeb5f3c5c9154910fee9e5019bb6a7,"{""distance"":7,""physical_error_rate"":0.1}","{""detection_events"":1639,""detectors_checked"":6480,""obs_mistake_mask=E"":1}"
         8,         3,         0,   0.505,exact_mw,ada1cdd99d5b433e01b834099c62e19c5a7190a249d6efcd9b92e36879454d7b,"{""distance"":7,""physical_error_rate"":0.5}","{""detection_events"":3255,""detectors_checked"":6480,""obs_mistake_mask=E"":3}"
        64,         0,         0,   0.282,exact_mw,98ed6542f5a75ebddbda0ed622fb597fbc85d0a75d139587b6be9a08147ba42d,"{""distance"":7,""physical_error_rate"":0.002}","{""detection_events"":374,""detectors_checked"":51840}"
        16,         9,         0,    1.00,exact_mw,17475c76bb113830b75e3a7c706af28b6998cefdc572d5534da981f04c3b1120,"{""distance"":7,""physical_error_rate"":0.2}","{""detection_events"":5038,""detectors_checked"":12960,""obs_mistake_mask=E"":9}"
         8,         4,         0,   0.468,exact_mw,17475c76bb113830b75e3a7c706af28b6998cefdc572d5534da981f04c3b1120,"{""distance"":7,""physical_error_rate"":0.2}","{""detection_events"":2548,""detectors_checked"":6480,""obs_mistake_mask=E"":4}"
     36864,         0,         0,   0.555,exact_mw,a212c24da5b34f1b60580734e5e54c4073e302b219bc7e486ff8edc698604c9e,"{""distance"":7,""physical_error_rate"":5e-05}","{""detection_events"":5622,""detectors_checked"":29859840}"
        32,         0,         0,   0.843,exact_mw,a39d26a9c85ff1858873bfad720922f64799219ac1b945519c1902b92db90de0,"{""distance"":7,""physical_error_rate"":0.005}","{""detection_events"":405,""detectors_checked"":25920}"
         8,         2,         0,   0.491,exact_mw,084990f003f4e006f7af613a3996eb104ebeb5f3c5c9154910fee9e5019bb6a7,"{""distance"":7,""physical_error_rate"":0.1}","{""detection_events"":1670,""detectors_checked"":6480,""obs_mistake_mask=E"":2}"
         8,         0,         0,   0.427,exact_mw,07230310c167a8a58090586f32b373a58fa307b800b0f38cc129dec8518e6258,"{""distance"":7,""physical_error_rate"":0.02}","{""detection_events"":442,""detectors_checked"":6480}"
         8,         3,         0,   0.480,exact_mw,17475c76bb113830b75e3a7c706af28b6998cefdc572d5534da981f04c3b1120,"{""distance"":7,""physical_error_rate"":0.2}","{""detection_events"":2447,""detectors_checked"":6480,""obs_mistake_mask=E"":3}"
         8,         0,         0,   0.371,exact_mw,07230310c167a8a58090586f32b373a58fa307b800b0f38cc129dec8518e6258,"{""distance"":7,""physical_error_rate"":0.02}","{""detection_events"":435,""detectors_checked"":6480}"
      1024,         0,         0,   0.313,exact_mw,8c54babb212143042928b0eca3852c18ac799bf66eb488a668303745c8494fc5,"{""distance"":7,""physical_error_rate"":0.0005}","{""detection_events"":1583,""detectors_checked"":829440}"
         8,         1,         0,   0.546,exact_mw,bef67c2527ad51595e418cf30d8716541525c85f29404769715fc39af85a0852,"{""distance"":7,""physical_error_rate"":0.05}","{""detection_events"":1020,""detectors_checked"":6480,""obs_mistake_mask=E"":1}"
      1024,         0,         0,   0.326,exact_mw,8c54babb212143042928b0eca3852c18ac799bf66eb488a668303745c8494fc5,"{""distance"":7,""physical_error_rate"":0.0005}","{""detection_events"":1557,""detectors_checked"":829440}"
         8,         4,         0,   0.495,exact_mw,17475c76bb113830b75e3a7c706af28b6998cefdc572d5534da981f04c3b1120,"{""distance"":7,""physical_error_rate"":0.2}","{""detection_events"":2409,""detectors_checked"":6480,""obs_mistake_mask=E"":4}"
     73728,         0,         0,    1.10,exact_mw,a212c24da5b34f1b60580734e5e54c4073e302b219bc7e486ff8edc698604c9e,"{""distance"":7,""physical_error_rate"":5e-05}","{""detection_events"":11482,""detectors_checked"":59719680}"
     18432,         0,         0,   0.808,exact_mw,26ede523e6354ffb917e832246591ea54a1b9969785b9947b95e2ebb539e2476,"{""distance"":7,""physical_error_rate"":0.0002}","{""detection_events"":11576,""detectors_checked"":14929920}"
         8,         6,         0,   0.503,exact_mw,ada1cdd99d5b433e01b834099c62e19c5a7190a249d6efcd9b92e36879454d7b,"{""distance"":7,""physical_error_rate"":0.5}","{""detection_events"":3187,""detectors_checked"":6480,""obs_mistake_mask=E"":6}"
         8,         7,         0,   0.456,exact_mw,084990f003f4e006f7af613a3996eb104ebeb5f3c5c9154910fee9e5019bb6a7,"{""distance"":7,""physical_error_rate"":0.1}","{""detection_events"":1762,""detectors_checked"":6480,""obs_mistake_mask=E"":7}"
       128,         0,         0,   0.922,exact_mw,98ed6542f5a75ebddbda0ed622fb597fbc85d0a75d139587b6be9a08147ba42d,"{""distance"":7,""physical_error_rate"":0.002}","{""detection_events"":728,""detectors_checked"":103680}"
         8,         0,         0,   0.418,exact_mw,bef67c2527ad51595e418cf30d8716541525c85f29404769715fc39af85a0852,"{""distance"":7,""physical_error_rate"":0.05}","{""detection_events"":964,""detectors_checked"":6480}"
         8,         4,         0,   0.445,exact_mw,084990f003f4e006f7af613a3996eb104ebeb5f3c5c9154910fee9e5019bb6a7,"{""distance"":7,""physical_error_rate"":0.1}","{""detection_events"":1730,""detectors_checked"":6480,""obs_mistake_mask=E"":4}"
        24,        12,         0,    1.39,exact_mw,084990f003f4e006f7af613a3996eb104ebeb5f3c5c9154910fee9e5019bb6a7,"{""distance"":7,""physical_error_rate"":0.1}","{""detection_events"":4906,""detectors_checked"":19440,""obs_mistake_mask=E"":12}"
    287744,         0,         0,    4.24,exact_mw,a212c24da5b34f1b60580734e5e54c4073e302b219bc7e486ff8edc698604c9e,"{""distance"":7,""physical_error_rate"":5e-05}","{""detection_events"":43515,""detectors_checked"":233072640}"
         8,         1,         0,   0.508,exact_mw,ada1cdd99d5b433e01b834099c62e19c5a7190a249d6efcd9b92e36879454d7b,"{""distance"":7,""physical_error_rate"":0.5}","{""detection_events"":3334,""detectors_checked"":6480,""obs_mistake_mask=E"":1}"
        24,         5,         0,    1.23,exact_mw,bef67c2527ad51595e418cf30d8716541525c85f29404769715fc39af85a0852,"{""distance"":7,""physical_error_rate"":0.05}","{""detection_events"":2962,""detectors_checked"":19440,""obs_mistake_mask=E"":5}"
        16,         2,         0,   0.840,exact_mw,bef67c2527ad51595e418cf30d8716541525c85f29404769715fc39af85a0852,"{""distance"":7,""physical_error_rate"":0.05}","{""detection_events"":1976,""detectors_checked"":12960,""obs_mistake_mask=E"":2}"
         8,         3,         0,   0.487,exact_mw,17475c76bb113830b75e3a7c706af28b6998cefdc572d5534da981f04c3b1120,"{""distance"":7,""physical_error_rate"":0.2}","{""detection_events"":2502,""detectors_checked"":6480,""obs_mistake_mask=E"":3}"
         8,         0,         0,   0.374,exact_mw,07230310c167a8a58090586f32b373a58fa307b800b0f38cc129dec8518e6258,"{""distance"":7,""physical_error_rate"":0.02}","{""detection_events"":464,""detectors_checked"":6480}"
        48,         0,         0,    1.83,exact_mw,1713bc804565c0b42ca58c93310b033f01c41dd72e5e9cac9fe58a9188a19ab7,"{""distance"":7,""physical_error_rate"":0.01}","{""detection_events"":1362,""detectors_checked"":38880}"
         8,         0,         0,   0.400,exact_mw,07230310c167a8a58090586f32b373a58fa307b800b0f38cc129dec8518e6258,"{""distance"":7,""physical_error_rate"":0.02}","{""detection_events"":424,""detectors_checked"":6480}"
         8,         4,         0,   0.489,exact_mw,084990f003f4e006f7af613a3996eb104ebeb5f3c5c9154910fee9e5019bb6a7,"{""distance"":7,""physical_error_rate"":0.1}","{""detection_events"":1671,""detectors_checked"":6480,""obs_mistake_mask=E"":4}"
         1,         0,         0,   0.011,exact_mw,8c54babb212143042928b0eca3852c18ac799bf66eb488a668303745c8494fc5,"{""distance"":7,""physical_error_rate"":0.0005}","{""detectors_checked"":810}"
         8,         1,         0,   0.467,exact_mw,bef67c2527ad51595e418cf30d8716541525c85f29404769715fc39af85a0852,"{""distance"":7,""physical_error_rate"":0.05}","{""detection_events"":992,""detectors_checked"":6480,""obs_mistake_mask=E"":1}"
         8,         6,         0,   0.490,exact_mw,17475c76bb113830b75e3a7c706af28b6998cefdc572d5534da981f04c3b1120,"{""distance"":7,""physical_error_rate"":0.2}","{""detection_events"":2427,""detectors_checked"":6480,""obs_mistake_mask=E"":6}"
      2048,         0,         0,   0.490,exact_mw,8c54babb212143042928b0eca3852c18ac799bf66eb488a668303745c8494fc5,"{""distance"":7,""physical_error_rate"":0.0005}","{""detection_events"":3072,""detectors_checked"":1658880}"
       272,         0,         0,   0.062,exact_mw,8c54babb212143042928b0eca3852c18ac799bf66eb488a668303745c8494fc5,"{""distance"":7,""physical_error_rate"":0.0005}","{""detection_events"":372,""detectors_checked"":220320}"
         1,         0,         0,   0.051,exact_mw,a39d26a9c85ff1858873bfad720922f64799219ac1b945519c1902b92db90de0,"{""distance"":7,""physical_error_rate"":0.005}","{""detection_events"":22,""detectors_checked"":810}"
         8,         3,         0,   0.456,exact_mw,084990f003f4e006f7af613a3996eb104ebeb5f3c5c9154910fee9e5019bb6a7,"{""distance"":7,""physical_error_rate"":0.1}","{""detection_events"":1689,""detectors_checked"":6480,""obs_mistake_mask=E"":3}"
         8,         3,         0,   0.493,exact_mw,17475c76bb113830b75e3a7c706af28b6998cefdc572d5534da981f04c3b1120,"{""distance"":7,""physical_error_rate"":0.2}","{""detection_events"":2493,""detectors_checked"":6480,""obs_mistake_mask=E"":3}"
         8,         0,         0,   0.415,exact_mw,bef67c2527ad51595e418cf30d8716541525c85f29404769715fc39af85a0852,"{""distance"":7,""physical_error_rate"":0.05}","{""detection_events"":1008,""detectors_checked"":6480}"
        32,         0,         0,   0.653,exact_mw,a39d26a9c85ff1858873bfad720922f64799219ac1b945519c1902b92db90de0,"{""distance"":7,""physical_error_rate"":0.005}","{""detection_events"":476,""detectors_checked"":25920}"
     49152,         0,         0,   0.793,exact_mw,a212c24da5b34f1b60580734e5e54c4073e302b219bc7e486ff8edc698604c9e,"{""distance"":7,""physical_error_rate"":5e-05}","{""detection_events"":7431,""detectors_checked"":39813120}"
         8,         4,         0,   0.442,exact_mw,084990f003f4e006f7af613a3996eb104ebeb5f3c5c9154910fee9e5019bb6a7,"{""distance"":7,""physical_error_rate"":0.1}","{""detection_events"":1623,""detectors_checked"":6480,""obs_mistake_mask=E"":4}"
      2048,         0,         0,   0.676,exact_mw,8c54babb212143042928b0eca3852c18ac799bf66eb488a668303745c8494fc5,"{""distance"":7,""physical_error_rate"":0.0005}","{""detection_events"":3190,""detectors_checked"":1658880}"
         8,         0,         0,   0.153,exact_mw,a39d26a9c85ff1858873bfad720922f64799219ac1b945519c1902b92db90de0,"{""distance"":7,""physical_error_rate"":0.005}","{""detection_events"":114,""detectors_checked"":6480}"
       128,         0,         0,   0.948,exact_mw,98ed6542f5a75ebddbda0ed622fb597fbc85d0a75d139587b6be9a08147ba42d,"{""distance"":7,""physical_error_rate"":0.002}","{""detection_events"":760,""detectors_checked"":103680}"
         8,         0,         0,   0.368,exact_mw,07230310c167a8a58090586f32b373a58fa307b800b0f38cc129dec8518e6258,"{""distance"":7,""physical_error_rate"":0.02}","{""detection_events"":421,""detectors_checked"":6480}"
       256,         0,         0,    2.14,exact_mw,98ed6542f5a75ebddbda0ed622fb597fbc85d0a75d139587b6be9a08147ba42d,"{""distance"":7,""physical_error_rate"":0.002}","{""detection_events"":1607,""detectors_checked"":207360}"
         8,         6,         0,   0.508,exact_mw,ada1cdd99d5b433e01b834099c62e19c5a7190a249d6efcd9b92e36879454d7b,"{""distance"":7,""physical_error_rate"":0.5}","{""detection_events"":3157,""detectors_checked"":6480,""obs_mistake_mask=E"":6}"
        16,         9,         0,    1.02,exact_mw,17475c76bb113830b75e3a7c706af28b6998cefdc572d5534da981f04c3b1120,"{""distance"":7,""physical_error_rate"":0.2}","{""detection_events"":4978,""detectors_checked"":12960,""obs_mistake_mask=E"":9}"
         8,         0,         0,   0.442,exact_mw,07230310c167a8a58090586f32b373a58fa307b800b0f38cc129dec8518e6258,"{""distance"":7,""physical_error_rate"":0.02}","{""detection_events"":460,""detectors_checked"":6480}"
      1024,         0,         0,   0.362,exact_mw,8c54babb212143042928b0eca3852c18ac799bf66eb488a668303745c8494fc5,"{""distance"":7,""physical_error_rate"":0.0005}","{""detection_events"":1633,""detectors_checked"":829440}"
         8,         4,         0,   0.486,exact_mw,084990f003f4e006f7af613a3996eb104ebeb5f3c5c9154910fee9e5019bb6a7,"{""distance"":7,""physical_error_rate"":0.1}","{""detection_events"":1719,""detectors_checked"":6480,""obs_mistake_mask=E"":4}"
         8,         2,         0,   0.478,exact_mw,17475c76bb113830b75e3a7c706af28b6998cefdc572d5534da981f04c3b1120,"{""distance"":7,""physical_error_rate"":0.2}","{""detection_events"":2440,""detectors_checked"":6480,""obs_mistake_mask=E"":2}"
         8,         1,         0,   0.423,exact_mw,bef67c2527ad51595e418cf30d8716541525c85f29404769715fc39af85a0852,"{""distance"":7,""physical_error_rate"":0.05}","{""detection_events"":961,""detectors_checked"":6480,""obs_mistake_mask=E"":1}"
         8,         7,         0,   0.460,exact_mw,084990f003f4e006f7af613a3996eb104ebeb5f3c5c9154910fee9e5019bb6a7,"{""distance"":7,""physical_error_rate"":0.1}","{""detection_events"":1613,""detectors_checked"":6480,""obs_mistake_mask=E"":7}"
      1024,         0,         0,   0.492,exact_mw,8c54babb212143042928b0eca3852c18ac799bf66eb488a668303745c8494fc5,"{""distance"":7,""physical_error_rate"":0.0005}","{""detection_events"":1566,""detectors_checked"":829440}"
         8,         4,         0,   0.504,exact_mw,17475c76bb113830b75e3a7c706af28b6998cefdc572d5534da981f04c3b1120,"{""distance"":7,""physical_error_rate"":0.2}","{""detection_events"":2466,""detectors_checked"":6480,""obs_mistake_mask=E"":4}"
        16,         0,         0,   0.368,exact_mw,a39d26a9c85ff1858873bfad720922f64799219ac1b945519c1902b92db90de0,"{""distance"":7,""physical_error_rate"":0.005}","{""detection_events"":213,""detectors_checked"":12960}"
         1,         0,         0,   0.011,exact_mw,a212c24da5b34f1b60580734e5e54c4073e302b219bc7e486ff8edc698604c9e,"{""distance"":7,""physical_error_rate"":5e-05}","{""detectors_checked"":810}"
         8,         5,         0,   0.463,exact_mw,084990f003f4e006f7af613a3996eb104ebeb5f3c5c9154910fee9e5019bb6a7,"{""distance"":7,""physical_error_rate"":0.1}","{""detection_events"":1661,""detectors_checked"":6480,""obs_mistake_mask=E"":5}"
        16,         9,         0,    1.04,exact_mw,ada1cdd99d5b433e01b834099c62e19c5a7190a249d6efcd9b92e36879454d7b,"{""distance"":7,""physical_error_rate"":0.5}","{""detection_events"":6486,""detectors_checked"":12960,""obs_mistake_mask=E"":9}"
      2320,         0,         0,   0.034,exact_mw,a212c24da5b34f1b60580734e5e54c4073e302b219bc7e486ff8edc698604c9e,"{""distance"":7,""physical_error_rate"":5e-05}","{""detection_events"":329,""detectors_checked"":1879200}"
      1024,         0,         0,   0.008,exact_mw,a212c24da5b34f1b60580734e5e54c4073e302b219bc7e486ff8edc698604c9e,"{""distance"":7,""physical_error_rate"":5e-05}","{""detection_events"":171,""detectors_checked"":829440}"
        16,         1,         0,   0.840,exact_mw,bef67c2527ad51595e418cf30d8716541525c85f29404769715fc39af85a0852,"{""distance"":7,""physical_error_rate"":0.05}","{""detection_events"":1894,""detectors_checked"":12960,""obs_mistake_mask=E"":1}"
         1,         0,         0,   0.064,exact_mw,ada1cdd99d5b433e01b834099c62e19c5a7190a249d6efcd9b92e36879454d7b,"{""distance"":7,""physical_error_rate"":0.5}","{""detection_events"":419,""detectors_checked"":810}"
         8,         0,         0,   0.423,exact_mw,07230310c167a8a58090586f32b373a58fa307b800b0f38cc129dec8518e6258,"{""distance"":7,""physical_error_rate"":0.02}","{""detection_events"":472,""detectors_checked"":6480}"
      2048,         0,         0,   0.034,exact_mw,a212c24da5b34f1b60580734e5e54c4073e302b219bc7e486ff8edc698604c9e,"{""distance"":7,""physical_error_rate"":5e-05}","{""detection_events"":315,""detectors_checked"":1658880}"
     30720,         0,         0,    1.13,exact_mw,26ede523e6354ffb917e832246591ea54a1b9969785b9947b95e2ebb539e2476,"{""distance"":7,""physical_error_rate"":0.0002}","{""detection_events"":18702,""detectors_checked"":24883200}"
      3072,         0,         0,   0.055,exact_mw,a212c24da5b34f1b60580734e5e54c4073e302b219bc7e486ff8edc698604c9e,"{""distance"":7,""physical_error_rate"":5e-05}","{""detection_events"":464,""detectors_checked"":2488320}"
      1297,         0,         0,   0.048,exact_mw,26ede523e6354ffb917e832246591ea54a1b9969785b9947b95e2ebb539e2476,"{""distance"":7,""physical_error_rate"":0.0002}","{""detection_events"":800,""detectors_checked"":1050570}"
        16,         7,         0,   0.954,exact_mw,17475c76bb113830b75e3a7c706af28b6998cefdc572d5534da981f04c3b1120,"{""distance"":7,""physical_error_rate"":0.2}","{""detection_events"":4985,""detectors_checked"":12960,""obs_mistake_mask=E"":7}"
         8,         5,         0,   0.508,exact_mw,ada1cdd99d5b433e01b834099c62e19c5a7190a249d6efcd9b92e36879454d7b,"{""distance"":7,""physical_error_rate"":0.5}","{""detection_events"":3270,""detectors_checked"":6480,""obs_mistake_mask=E"":5}"
      4096,         0,         0,   0.063,exact_mw,a212c24da5b34f1b60580734e5e54c4073e302b219bc7e486ff8edc698604c9e,"{""distance"":7,""physical_error_rate"":5e-05}","{""detection_events"":650,""detectors_checked"":3317760}"
      1024,         0,         0,   0.054,exact_mw,26ede523e6354ffb917e832246591ea54a1b9969785b9947b95e2ebb539e2476,"{""distance"":7,""physical_error_rate"":0.0002}","{""detection_events"":726,""detectors_checked"":829440}"
      1024,         0,         0,   0.026,exact_mw,26ede523e6354ffb917e832246591ea54a1b9969785b9947b95e2ebb539e2476,"{""distance"":7,""physical_error_rate"":0.0002}","{""detection_events"":623,""detectors_checked"":829440}"
      1024,         0,         0,   0.341,exact_mw,8c54babb212143042928b0eca3852c18ac799bf66eb488a668303745c8494fc5,"{""distance"":7,""physical_error_rate"":0.0005}","{""detection_events"":1478,""detectors_checked"":829440}"
      5120,         0,         0,   0.080,exact_mw,a212c24da5b34f1b60580734e5e54c4073e302b219bc7e486ff8edc698604c9e,"{""distance"":7,""physical_error_rate"":5e-05}","{""detection_events"":819,""detectors_checked"":4147200}"
        32,         0,         0,   0.808,exact_mw,a39d26a9c85ff1858873bfad720922f64799219ac1b945519c1902b92db90de0,"{""distance"":7,""physical_error_rate"":0.005}","{""detection_events"":486,""detectors_checked"":25920}"
        16,         5,         0,   0.954,exact_mw,bef67c2527ad51595e418cf30d8716541525c85f29404769715fc39af85a0852,"{""distance"":7,""physical_error_rate"":0.05}","{""detection_events"":1967,""detectors_checked"":12960,""obs_mistake_mask=E"":5}"
         8,         0,         0,   0.427,exact_mw,bef67c2527ad51595e418cf30d8716541525c85f29404769715fc39af85a0852,"{""distance"":7,""physical_error_rate"":0.05}","{""detection_events"":1006,""detectors_checked"":6480}"
      1024,         0,         0,   0.085,exact_mw,26ede523e6354ffb917e832246591ea54a1b9969785b9947b95e2ebb539e2476,"{""distance"":7,""physical_error_rate"":0.0002}","{""detection_events"":700,""detectors_checked"":829440}"
       128,         0,         0,   0.718,exact_mw,98ed6542f5a75ebddbda0ed622fb597fbc85d0a75d139587b6be9a08147ba42d,"{""distance"":7,""physical_error_rate"":0.002}","{""detection_events"":721,""detectors_checked"":103680}"
        16,         0,         0,   0.395,exact_mw,a39d26a9c85ff1858873bfad720922f64799219ac1b945519c1902b92db90de0,"{""distance"":7,""physical_error_rate"":0.005}","{""detection_events"":260,""detectors_checked"":12960}"
      2048,         0,         0,   0.782,exact_mw,8c54babb212143042928b0eca3852c18ac799bf66eb488a668303745c8494fc5,"{""distance"":7,""physical_error_rate"":0.0005}","{""detection_events"":3151,""detectors_checked"":1658880}"
         8,         5,         0,   0.447,exact_mw,084990f003f4e006f7af613a3996eb104ebeb5f3c5c9154910fee9e5019bb6a7,"{""distance"":7,""physical_error_rate"":0.1}","{""detection_events"":1673,""detectors_checked"":6480,""obs_mistake_mask=E"":5}"
      2048,         0,         0,   0.612,exact_mw,8c54babb212143042928b0eca3852c18ac799bf66eb488a668303745c8494fc5,"{""distance"":7,""physical_error_rate"":0.0005}","{""detection_events"":3048,""detectors_checked"":1658880}"
         8,         4,         0,   0.479,exact_mw,17475c76bb113830b75e3a7c706af28b6998cefdc572d5534da981f04c3b1120,"{""distance"":7,""physical_error_rate"":0.2}","{""detection_events"":2471,""detectors_checked"":6480,""obs_mistake_mask=E"":4}"
      7168,         0,         0,   0.108,exact_mw,a212c24da5b34f1b60580734e5e54c4073e302b219bc7e486ff8edc698604c9e,"{""distance"":7,""physical_error_rate"":5e-05}","{""detection_events"":1017,""detectors_checked"":5806080}"
      2048,         0,         0,   0.051,exact_mw,26ede523e6354ffb917e832246591ea54a1b9969785b9947b95e2ebb539e2476,"{""distance"":7,""physical_error_rate"":0.0002}","{""detection_events"":1185,""detectors_checked"":1658880}"
         8,         5,         0,   0.492,exact_mw,17475c76bb113830b75e3a7c706af28b6998cefdc572d5534da981f04c3b1120,"{""distance"":7,""physical_error_rate"":0.2}","{""detection_events"":2476,""detectors_checked"":6480,""obs_mistake_mask=E"":5}"
         8,         3,         0,   0.443,exact_mw,084990f003f4e006f7af613a3996eb104ebeb5f3c5c9154910fee9e5019bb6a7,"{""distance"":7,""physical_error_rate"":0.1}","{""detection_events"":1590,""detectors_checked"":6480,""obs_mistake_mask=E"":3}"
      1024,         0,         0,   0.062,exact_mw,26ede523e6354ffb917e832246591ea54a1b9969785b9947b95e2ebb539e2476,"{""distance"":7,""physical_error_rate"":0.0002}","{""detection_events"":612,""detectors_checked"":829440}"
    103424,         0,         0,    1.54,exact_mw,a212c24da5b34f1b60580734e5e54c4073e302b219bc7e486ff8edc698604c9e,"{""distance"":7,""physical_error_rate"":5e-05}","{""detection_events"":15543,""detectors_checked"":83773440}"
        16,         0,         0,   0.783,exact_mw,07230310c167a8a58090586f32b373a58fa307b800b0f38cc129dec8518e6258,"{""distance"":7,""physical_error_rate"":0.02}","{""detection_events"":974,""detectors_checked"":12960}"
      1024,         0,         0,   0.064,exact_mw,26ede523e6354ffb917e832246591ea54a1b9969785b9947b95e2ebb539e2476,"{""distance"":7,""physical_error_rate"":0.0002}","{""detection_events"":621,""detectors_checked"":829440}"
     10240,         0,         0,   0.161,exact_mw,a212c24da5b34f1b60580734e5e54c4073e302b219bc7e486ff8edc698604c9e,"{""distance"":7,""physical_error_rate"":5e-05}","{""detection_events"":1574,""detectors_checked"":8294400}"
       192,         0,         0,    1.59,exact_mw,98ed6542f5a75ebddbda0ed622fb597fbc85d0a75d139587b6be9a08147ba42d,"{""distance"":7,""physical_error_rate"":0.002}","{""detection_events"":1190,""detectors_checked"":155520}"
         1,         0,         0,   0.018,exact_mw,98ed6542f5a75ebddbda0ed622fb597fbc85d0a75d139587b6be9a08147ba42d,"{""distance"":7,""physical_error_rate"":0.002}","{""detection_events"":5,""detectors_checked"":810}"
         8,         4,         0,   0.573,exact_mw,ada1cdd99d5b433e01b834099c62e19c5a7190a249d6efcd9b92e36879454d7b,"{""distance"":7,""physical_error_rate"":0.5}","{""detection_events"":3267,""detectors_checked"":6480,""obs_mistake_mask=E"":4}"
     72704,         1,         0,    1.11,exact_mw,a212c24da5b34f1b60580734e5e54c4073e302b219bc7e486ff8edc698604c9e,"{""distance"":7,""physical_error_rate"":5e-05}","{""detection_events"":11008,""detectors_checked"":58890240,""obs_mistake_mask=E"":1}"
        16,         0,         0,   0.265,exact_mw,a39d26a9c85ff1858873bfad720922f64799219ac1b945519c1902b92db90de0,"{""distance"":7,""physical_error_rate"":0.005}","{""detection_events"":295,""detectors_checked"":12960}"
      3072,         0,         0,   0.113,exact_mw,26ede523e6354ffb917e832246591ea54a1b9969785b9947b95e2ebb539e2476,"{""distance"":7,""physical_error_rate"":0.0002}","{""detection_events"":1892,""detectors_checked"":2488320}"
      1024,         0,         0,   0.453,exact_mw,8c54babb212143042928b0eca3852c18ac799bf66eb488a668303745c8494fc5,"{""distance"":7,""physical_error_rate"":0.0005}","{""detection_events"":1590,""detectors_checked"":829440}"
        17,         0,         0,   0.029,exact_mw,d2cc2b129abad1f985b8639603638d6030a837aa2fe57172dffdf28919c1c286,"{""distance"":7,""physical_error_rate"":0.001}","{""detection_events"":65,""detectors_checked"":13770}"
         8,         1,         0,   0.426,exact_mw,bef67c2527ad51595e418cf30d8716541525c85f29404769715fc39af85a0852,"{""distance"":7,""physical_error_rate"":0.05}","{""detection_events"":991,""detectors_checked"":6480,""obs_mistake_mask=E"":1}"
     12288,         0,         0,   0.216,exact_mw,a212c24da5b34f1b60580734e5e54c4073e302b219bc7e486ff8edc698604c9e,"{""distance"":7,""physical_error_rate"":5e-05}","{""detection_events"":1897,""detectors_checked"":9953280}"
        16,         0,         0,   0.190,exact_mw,98ed6542f5a75ebddbda0ed622fb597fbc85d0a75d139587b6be9a08147ba42d,"{""distance"":7,""physical_error_rate"":0.002}","{""detection_events"":99,""detectors_checked"":12960}"
        16,         9,         0,   0.985,exact_mw,084990f003f4e006f7af613a3996eb104ebeb5f3c5c9154910fee9e5019bb6a7,"{""distance"":7,""physical_error_rate"":0.1}","{""detection_events"":3324,""detectors_checked"":12960,""obs_mistake_mask=E"":9}"
         8,         2,         0,   0.451,exact_mw,084990f003f4e006f7af613a3996eb104ebeb5f3c5c9154910fee9e5019bb6a7,"{""distance"":7,""physical_error_rate"":0.1}","{""detection_events"":1738,""detectors_checked"":6480,""obs_mistake_mask=E"":2}"
        32,         4,         0,    1.65,exact_mw,bef67c2527ad51595e418cf30d8716541525c85f29404769715fc39af85a0852,"{""distance"":7,""physical_error_rate"":0.05}","{""detection_events"":3851,""detectors_checked"":25920,""obs_mistake_mask=E"":4}"
      2048,         0,         0,   0.163,exact_mw,26ede523e6354ffb917e832246591ea54a1b9969785b9947b95e2ebb539e2476,"{""distance"":7,""physical_error_rate"":0.0002}","{""detection_events"":1287,""detectors_checked"":1658880}"
        16,         0,         0,   0.784,exact_mw,07230310c167a8a58090586f32b373a58fa307b800b0f38cc129dec8518e6258,"{""distance"":7,""physical_error_rate"":0.02}","{""detection_events"":873,""detectors_checked"":12960}"
         8,         2,         0,   0.494,exact_mw,17475c76bb113830b75e3a7c706af28b6998cefdc572d5534da981f04c3b1120,"{""distance"":7,""physical_error_rate"":0.2}","{""detection_events"":2498,""detectors_checked"":6480,""obs_mistake_mask=E"":2}"
         1,         0,         0,   0.011,exact_mw,98ed6542f5a75ebddbda0ed622fb597fbc85d0a75d139587b6be9a08147ba42d,"{""distance"":7,""physical_error_rate"":0.002}","{""detectors_checked"":810}"
         8,         6,         0,   0.484,exact_mw,17475c76bb113830b75e3a7c706af28b6998cefdc572d5534da981f04c3b1120,"{""distance"":7,""physical_error_rate"":0.2}","{""detection_events"":2530,""detectors_checked"":6480,""obs_mistake_mask=E"":6}"
         1,         0,         0,   0.070,exact_mw,a39d26a9c85ff1858873bfad720922f64799219ac1b945519c1902b92db90de0,"{""distance"":7,""physical_error_rate"":0.005}","{""detection_events"":15,""detectors_checked"":810}"
        16,         0,         0,   0.090,exact_mw,98ed6542f5a75ebddbda0ed622fb597fbc85d0a75d139587b6be9a08147ba42d,"{""distance"":7,""physical_error_rate"":0.002}","{""detection_events"":101,""detectors_checked"":12960}"
         1,         0,         0,   0.014,exact_mw,26ede523e6354ffb917e832246591ea54a1b9969785b9947b95e2ebb539e2476,"{""distance"":7,""physical_error_rate"":0.0002}","{""detectors_checked"":810}"
        32,        12,         0,    1.86,exact_mw,084990f003f4e006f7af613a3996eb104ebeb5f3c5c9154910fee9e5019bb6a7,"{""distance"":7,""physical_error_rate"":0.1}","{""detection_events"":6527,""detectors_checked"":25920,""obs_mistake_mask=E"":12}"
      2048,         0,         0,   0.640,exact_mw,8c54babb212143042928b0eca3852c18ac799bf66eb488a668303745c8494fc5,"{""distance"":7,""physical_error_rate"":0.0005}","{""detection_events"":3176,""detectors_checked"":1658880}"
        32,         0,         0,   0.703,exact_mw,a39d26a9c85ff1858873bfad720922f64799219ac1b945519c1902b92db90de0,"{""distance"":7,""physical_error_rate"":0.005}","{""detection_events"":511,""detectors_checked"":25920}"
        16,         6,         0,    1.02,exact_mw,ada1cdd99d5b433e01b834099c62e19c5a7190a249d6efcd9b92e36879454d7b,"{""distance"":7,""physical_error_rate"":0.5}","{""detection_events"":6381,""detectors_checked"":12960,""obs_mistake_mask=E"":6}"
     12288,         0,         0,    4.30,exact_mw,8c54babb212143042928b0eca3852c18ac799bf66eb488a668303745c8494fc5,"{""distance"":7,""physical_error_rate"":0.0005}","{""detection_events"":18552,""detectors_checked"":9953280}"
      1296,         0,         0,   0.037,exact_mw,26ede523e6354ffb917e832246591ea54a1b9969785b9947b95e2ebb539e2476,"{""distance"":7,""physical_error_rate"":0.0002}","{""detection_events"":839,""detectors_checked"":1049760}"
      5120,         0,         0,   0.219,exact_mw,26ede523e6354ffb917e832246591ea54a1b9969785b9947b95e2ebb539e2476,"{""distance"":7,""physical_error_rate"":0.0002}","{""detection_events"":3195,""detectors_checked"":4147200}"
        32,         0,         0,   0.247,exact_mw,98ed6542f5a75ebddbda0ed622fb597fbc85d0a75d139587b6be9a08147ba42d,"{""distance"":7,""physical_error_rate"":0.002}","{""detection_events"":211,""detectors_checked"":25920}"
     19456,         0,         0,   0.291,exact_mw,a212c24da5b34f1b60580734e5e54c4073e302b219bc7e486ff8edc698604c9e,"{""distance"":7,""physical_error_rate"":5e-05}","{""detection_events"":2983,""detectors_checked"":15759360}"
      1024,         0,         0,   0.347,exact_mw,8c54babb212143042928b0eca3852c18ac799bf66eb488a668303745c8494fc5,"{""distance"":7,""physical_error_rate"":0.0005}","{""detection_events"":1553,""detectors_checked"":829440}"
      1024,         0,         0,   0.073,exact_mw,26ede523e6354ffb917e832246591ea54a1b9969785b9947b95e2ebb539e2476,"{""distance"":7,""physical_error_rate"":0.0002}","{""detection_events"":605,""detectors_checked"":829440}"
        16,         8,         0,   0.960,exact_mw,17475c76bb113830b75e3a7c706af28b6998cefdc572d5534da981f04c3b1120,"{""distance"":7,""physical_error_rate"":0.2}","{""detection_events"":4893,""detectors_checked"":12960,""obs_mistake_mask=E"":8}"
      1024,         0,         0,   0.032,exact_mw,26ede523e6354ffb917e832246591ea54a1b9969785b9947b95e2ebb539e2476,"{""distance"":7,""physical_error_rate"":0.0002}","{""detection_events"":622,""detectors_checked"":829440}"
         8,         6,         0,   0.524,exact_mw,ada1cdd99d5b433e01b834099c62e19c5a7190a249d6efcd9b92e36879454d7b,"{""distance"":7,""physical_error_rate"":0.5}","{""detection_events"":3224,""detectors_checked"":6480,""obs_mistake_mask=E"":6}"
         8,         0,         0,   0.210,exact_mw,a39d26a9c85ff1858873bfad720922f64799219ac1b945519c1902b92db90de0,"{""distance"":7,""physical_error_rate"":0.005}","{""detection_events"":120,""detectors_checked"":6480}"
        32,         0,         0,   0.531,exact_mw,a39d26a9c85ff1858873bfad720922f64799219ac1b945519c1902b92db90de0,"{""distance"":7,""physical_error_rate"":0.005}","{""detection_events"":412,""detectors_checked"":25920}"
        16,         3,         0,   0.866,exact_mw,bef67c2527ad51595e418cf30d8716541525c85f29404769715fc39af85a0852,"{""distance"":7,""physical_error_rate"":0.05}","{""detection_events"":1905,""detectors_checked"":12960,""obs_mistake_mask=E"":3}"
         8,         3,         0,   0.411,exact_mw,bef67c2527ad51595e418cf30d8716541525c85f29404769715fc39af85a0852,"{""distance"":7,""physical_error_rate"":0.05}","{""detection_events"":984,""detectors_checked"":6480,""obs_mistake_mask=E"":3}"
         1,         0,         0,   0.063,exact_mw,1713bc804565c0b42ca58c93310b033f01c41dd72e5e9cac9fe58a9188a19ab7,"{""distance"":7,""physical_error_rate"":0.01}","{""detection_events"":32,""detectors_checked"":810}"
        16,         8,         0,    1.00,exact_mw,ada1cdd99d5b433e01b834099c62e19c5a7190a249d6efcd9b92e36879454d7b,"{""distance"":7,""physical_error_rate"":0.5}","{""detection_events"":6501,""detectors_checked"":12960,""obs_mistake_mask=E"":8}"
       128,         0,         0,   0.857,exact_mw,98ed6542f5a75ebddbda0ed622fb597fbc85d0a75d139587b6be9a08147ba42d,"{""distance"":7,""physical_error_rate"":0.002}","{""detection_events"":752,""detectors_checked"":103680}"
      2048,         0,         0,   0.056,exact_mw,26ede523e6354ffb917e832246591ea54a1b9969785b9947b95e2ebb539e2476,"{""distance"":7,""physical_error_rate"":0.0002}","{""detection_events"":1201,""detectors_checked"":1658880}"
       256,         0,         0,   0.472,exact_mw,d2cc2b129abad1f985b8639603638d6030a837aa2fe57172dffdf28919c1c286,"{""distance"":7,""physical_error_rate"":0.001}","{""detection_events"":784,""detectors_checked"":207360}"
        24,        12,         0,    1.51,exact_mw,17475c76bb113830b75e3a7c706af28b6998cefdc572d5534da981f04c3b1120,"{""distance"":7,""physical_error_rate"":0.2}","{""detection_events"":7526,""detectors_checked"":19440,""obs_mistake_mask=E"":12}"
         8,         5,         0,   0.439,exact_mw,084990f003f4e006f7af613a3996eb104ebeb5f3c5c9154910fee9e5019bb6a7,"{""distance"":7,""physical_error_rate"":0.1}","{""detection_events"":1702,""detectors_checked"":6480,""obs_mistake_mask=E"":5}"
      3072,         0,         0,   0.908,exact_mw,8c54babb212143042928b0eca3852c18ac799bf66eb488a668303745c8494fc5,"{""distance"":7,""physical_error_rate"":0.0005}","{""detection_events"":4531,""detectors_checked"":2488320}"
      2048,         0,         0,   0.080,exact_mw,26ede523e6354ffb917e832246591ea54a1b9969785b9947b95e2ebb539e2476,"{""distance"":7,""physical_error_rate"":0.0002}","{""detection_events"":1367,""detectors_checked"":1658880}"
        24,         4,         0,    1.26,exact_mw,bef67c2527ad51595e418cf30d8716541525c85f29404769715fc39af85a0852,"{""distance"":7,""physical_error_rate"":0.05}","{""detection_events"":3006,""detectors_checked"":19440,""obs_mistake_mask=E"":4}"
         1,         0,         0,   0.047,exact_mw,07230310c167a8a58090586f32b373a58fa307b800b0f38cc129dec8518e6258,"{""distance"":7,""physical_error_rate"":0.02}","{""detection_events"":49,""detectors_checked"":810}"
        16,         0,         0,   0.810,exact_mw,07230310c167a8a58090586f32b373a58fa307b800b0f38cc129dec8518e6258,"{""distance"":7,""physical_error_rate"":0.02}","{""detection_events"":869,""detectors_checked"":12960}"
        16,        11,         0,   0.888,exact_mw,084990f003f4e006f7af613a3996eb104ebeb5f3c5c9154910fee9e5019bb6a7,"{""distance"":7,""physical_error_rate"":0.1}","{""detection_events"":3355,""detectors_checked"":12960,""obs_mistake_mask=E"":11}"
    164864,         0,         0,    3.03,exact_mw,92a9cd959715f3d5685c6265974e573ec36ff2f173f7490ff1393041d63371cf,"{""distance"":7,""physical_error_rate"":0.0001}","{""detection_events"":50732,""detectors_checked"":133539840}"
      1024,         0,         0,   0.250,exact_mw,8c54babb212143042928b0eca3852c18ac799bf66eb488a668303745c8494fc5,"{""distance"":7,""physical_error_rate"":0.0005}","{""detection_events"":1446,""detectors_checked"":829440}"
         8,         4,         0,   0.483,exact_mw,17475c76bb113830b75e3a7c706af28b6998cefdc572d5534da981f04c3b1120,"{""distance"":7,""physical_error_rate"":0.2}","{""detection_events"":2481,""detectors_checked"":6480,""obs_mistake_mask=E"":4}"
      9216,         0,         0,   0.299,exact_mw,26ede523e6354ffb917e832246591ea54a1b9969785b9947b95e2ebb539e2476,"{""distance"":7,""physical_error_rate"":0.0002}","{""detection_events"":5632,""detectors_checked"":7464960}"
      3072,         0,         0,   0.105,exact_mw,26ede523e6354ffb917e832246591ea54a1b9969785b9947b95e2ebb539e2476,"{""distance"":7,""physical_error_rate"":0.0002}","{""detection_events"":1868,""detectors_checked"":2488320}"
         8,         5,         0,   0.481,exact_mw,17475c76bb113830b75e3a7c706af28b6998cefdc572d5534da981f04c3b1120,"{""distance"":7,""physical_error_rate"":0.2}","{""detection_events"":2443,""detectors_checked"":6480,""obs_mistake_mask=E"":5}"
        64,         0,         0,   0.396,exact_mw,98ed6542f5a75ebddbda0ed622fb597fbc85d0a75d139587b6be9a08147ba42d,"{""distance"":7,""physical_error_rate"":0.002}","{""detection_events"":374,""detectors_checked"":51840}"
     24576,         0,         0,   0.387,exact_mw,a212c24da5b34f1b60580734e5e54c4073e302b219bc7e486ff8edc698604c9e,"{""distance"":7,""physical_error_rate"":5e-05}","{""detection_events"":3894,""detectors_checked"":19906560}"
         8,         0,         0,   0.290,exact_mw,1713bc804565c0b42ca58c93310b033f01c41dd72e5e9cac9fe58a9188a19ab7,"{""distance"":7,""physical_error_rate"":0.01}","{""detection_events"":240,""detectors_checked"":6480}"
         1,         0,         0,   0.037,exact_mw,1713bc804565c0b42ca58c93310b033f01c41dd72e5e9cac9fe58a9188a19ab7,"{""distance"":7,""physical_error_rate"":0.01}","{""detection_events"":25,""detectors_checked"":810}"
    100352,         0,         0,    4.27,exact_mw,26ede523e6354ffb917e832246591ea54a1b9969785b9947b95e2ebb539e2476,"{""distance"":7,""physical_error_rate"":0.0002}","{""detection_events"":61545,""detectors_checked"":81285120}"
        64,         0,         0,    2.29,exact_mw,1713bc804565c0b42ca58c93310b033f01c41dd72e5e9cac9fe58a9188a19ab7,"{""distance"":7,""physical_error_rate"":0.01}","{""detection_events"":1804,""detectors_checked"":51840}"
        64,         0,         0,   0.564,exact_mw,98ed6542f5a75ebddbda0ed622fb597fbc85d0a75d139587b6be9a08147ba42d,"{""distance"":7,""physical_error_rate"":0.002}","{""detection_events"":402,""detectors_checked"":51840}"
      3072,         0,         0,   0.164,exact_mw,26ede523e6354ffb917e832246591ea54a1b9969785b9947b95e2ebb539e2476,"{""distance"":7,""physical_error_rate"":0.0002}","{""detection_events"":1906,""detectors_checked"":2488320}"
         8,         2,         0,   0.417,exact_mw,bef67c2527ad51595e418cf30d8716541525c85f29404769715fc39af85a0852,"{""distance"":7,""physical_error_rate"":0.05}","{""detection_events"":935,""detectors_checked"":6480,""obs_mistake_mask=E"":2}"
       256,         0,         0,   0.394,exact_mw,d2cc2b129abad1f985b8639603638d6030a837aa2fe57172dffdf28919c1c286,"{""distance"":7,""physical_error_rate"":0.001}","{""detection_events"":727,""detectors_checked"":207360}"
        16,         0,         0,   0.467,exact_mw,a39d26a9c85ff1858873bfad720922f64799219ac1b945519c1902b92db90de0,"{""distance"":7,""physical_error_rate"":0.005}","{""detection_events"":235,""detectors_checked"":12960}"
        16,         0,         0,   0.786,exact_mw,07230310c167a8a58090586f32b373a58fa307b800b0f38cc129dec8518e6258,"{""distance"":7,""physical_error_rate"":0.02}","{""detection_events"":897,""detectors_checked"":12960}"
        32,         0,         0,   0.645,exact_mw,a39d26a9c85ff1858873bfad720922f64799219ac1b945519c1902b92db90de0,"{""distance"":7,""physical_error_rate"":0.005}","{""detection_events"":457,""detectors_checked"":25920}"
         8,         3,         0,   0.528,exact_mw,ada1cdd99d5b433e01b834099c62e19c5a7190a249d6efcd9b92e36879454d7b,"{""distance"":7,""physical_error_rate"":0.5}","{""detection_events"":3319,""detectors_checked"":6480,""obs_mistake_mask=E"":3}"
         1,         0,         0,   0.048,exact_mw,07230310c167a8a58090586f32b373a58fa307b800b0f38cc129dec8518e6258,"{""distance"":7,""physical_error_rate"":0.02}","{""detection_events"":56,""detectors_checked"":810}"
     41984,         0,         0,    1.58,exact_mw,26ede523e6354ffb917e832246591ea54a1b9969785b9947b95e2ebb539e2476,"{""distance"":7,""physical_error_rate"":0.0002}","{""detection_events"":25487,""detectors_checked"":34007040}"
         8,         0,         0,   0.377,exact_mw,07230310c167a8a58090586f32b373a58fa307b800b0f38cc129dec8518e6258,"{""distance"":7,""physical_error_rate"":0.02}","{""detection_events"":448,""detectors_checked"":6480}"
         8,         4,         0,   0.448,exact_mw,084990f003f4e006f7af613a3996eb104ebeb5f3c5c9154910fee9e5019bb6a7,"{""distance"":7,""physical_error_rate"":0.1}","{""detection_events"":1608,""detectors_checked"":6480,""obs_mistake_mask=E"":4}"
      1024,         0,         0,   0.359,exact_mw,8c54babb212143042928b0eca3852c18ac799bf66eb488a668303745c8494fc5,"{""distance"":7,""physical_error_rate"":0.0005}","{""detection_events"":1594,""detectors_checked"":829440}"
      3072,         0,         0,   0.160,exact_mw,26ede523e6354ffb917e832246591ea54a1b9969785b9947b95e2ebb539e2476,"{""distance"":7,""physical_error_rate"":0.0002}","{""detection_events"":1870,""detectors_checked"":2488320}"
        16,         5,         0,   0.956,exact_mw,084990f003f4e006f7af613a3996eb104ebeb5f3c5c9154910fee9e5019bb6a7,"{""distance"":7,""physical_error_rate"":0.1}","{""detection_events"":3236,""detectors_checked"":12960,""obs_mistake_mask=E"":5}"
      9216,         0,         0,   0.424,exact_mw,26ede523e6354ffb917e832246591ea54a1b9969785b9947b95e2ebb539e2476,"{""distance"":7,""physical_error_rate"":0.0002}","{""detection_events"":5508,""detectors_checked"":7464960}"
       128,         0,         0,   0.605,exact_mw,98ed6542f5a75ebddbda0ed622fb597fbc85d0a75d139587b6be9a08147ba42d,"{""distance"":7,""physical_error_rate"":0.002}","{""detection_events"":697,""detectors_checked"":103680}"
         8,         5,         0,   0.487,exact_mw,17475c76bb113830b75e3a7c706af28b6998cefdc572d5534da981f04c3b1120,"{""distance"":7,""physical_error_rate"":0.2}","{""detection_events"":2481,""detectors_checked"":6480,""obs_mistake_mask=E"":5}"
        64,         0,         0,   0.322,exact_mw,98ed6542f5a75ebddbda0ed622fb597fbc85d0a75d139587b6be9a08147ba42d,"{""distance"":7,""physical_error_rate"":0.002}","{""detection_events"":377,""detectors_checked"":51840}"
         8,         4,         0,   0.493,exact_mw,17475c76bb113830b75e3a7c706af28b6998cefdc572d5534da981f04c3b1120,"{""distance"":7,""physical_error_rate"":0.2}","{""detection_events"":2544,""detectors_checked"":6480,""obs_mistake_mask=E"":4}"
        32,         1,         0,   0.762,exact_mw,a39d26a9c85ff1858873bfad720922f64799219ac1b945519c1902b92db90de0,"{""distance"":7,""physical_error_rate"":0.005}","{""detection_events"":513,""detectors_checked"":25920,""obs_mistake_mask=E"":1}"
      7168,         0,         0,   0.217,exact_mw,26ede523e6354ffb917e832246591ea54a1b9969785b9947b95e2ebb539e2476,"{""distance"":7,""physical_error_rate"":0.0002}","{""detection_events"":4217,""detectors_checked"":5806080}"
        64,         0,         0,   0.519,exact_mw,98ed6542f5a75ebddbda0ed622fb597fbc85d0a75d139587b6be9a08147ba42d,"{""distance"":7,""physical_error_rate"":0.002}","{""detection_events"":399,""detectors_checked"":51840}"
        16,         0,         0,   0.502,exact_mw,1713bc804565c0b42ca58c93310b033f01c41dd72e5e9cac9fe58a9188a19ab7,"{""distance"":7,""physical_error_rate"":0.01}","{""detection_events"":490,""detectors_checked"":12960}"
       256,         1,         0,    2.36,exact_mw,98ed6542f5a75ebddbda0ed622fb597fbc85d0a75d139587b6be9a08147ba42d,"{""distance"":7,""physical_error_rate"":0.002}","{""detection_events"":1640,""detectors_checked"":207360,""obs_mistake_mask=E"":1}"
     37888,         0,         0,   0.569,exact_mw,a212c24da5b34f1b60580734e5e54c4073e302b219bc7e486ff8edc698604c9e,"{""distance"":7,""physical_error_rate"":5e-05}","{""detection_events"":5831,""detectors_checked"":30689280}"
         8,         0,         0,   0.420,exact_mw,bef67c2527ad51595e418cf30d8716541525c85f29404769715fc39af85a0852,"{""distance"":7,""physical_error_rate"":0.05}","{""detection_events"":961,""detectors_checked"":6480}"
         8,         0,         0,   0.384,exact_mw,07230310c167a8a58090586f32b373a58fa307b800b0f38cc129dec8518e6258,"{""distance"":7,""physical_error_rate"":0.02}","{""detection_events"":459,""detectors_checked"":6480}"
         8,         0,         0,   0.370,exact_mw,07230310c167a8a58090586f32b373a58fa307b800b0f38cc129dec8518e6258,"{""distance"":7,""physical_error_rate"":0.02}","{""detection_events"":401,""detectors_checked"":6480}"
      3072,         0,         0,    1.07,exact_mw,8c54babb212143042928b0eca3852c18ac799bf66eb488a668303745c8494fc5,"{""distance"":7,""physical_error_rate"":0.0005}","{""detection_events"":4725,""detectors_checked"":2488320}"
        16,         0,         0,   0.608,exact_mw,1713bc804565c0b42ca58c93310b033f01c41dd72e5e9cac9fe58a9188a19ab7,"{""distance"":7,""physical_error_rate"":0.01}","{""detection_events"":496,""detectors_checked"":12960}"
      1024,         0,         0,   0.373,exact_mw,8c54babb212143042928b0eca3852c18ac799bf66eb488a668303745c8494fc5,"{""distance"":7,""physical_error_rate"":0.0005}","{""detection_events"":1573,""detectors_checked"":829440}"
       256,         0,         0,   0.487,exact_mw,d2cc2b129abad1f985b8639603638d6030a837aa2fe57172dffdf28919c1c286,"{""distance"":7,""physical_error_rate"":0.001}","{""detection_events"":832,""detectors_checked"":207360}"
        16,         0,         0,   0.489,exact_mw,a39d26a9c85ff1858873bfad720922f64799219ac1b945519c1902b92db90de0,"{""distance"":7,""physical_error_rate"":0.005}","{""detection_events"":240,""detectors_checked"":12960}"
         8,         3,         0,   0.493,exact_mw,ada1cdd99d5b433e01b834099c62e19c5a7190a249d6efcd9b92e36879454d7b,"{""distance"":7,""physical_error_rate"":0.5}","{""detection_events"":3224,""detectors_checked"":6480,""obs_mistake_mask=E"":3}"
         8,         4,         0,   0.448,exact_mw,084990f003f4e006f7af613a3996eb104ebeb5f3c5c9154910fee9e5019bb6a7,"{""distance"":7,""physical_error_rate"":0.1}","{""detection_events"":1574,""detectors_checked"":6480,""obs_mistake_mask=E"":4}"
       160,         0,         0,    3.67,exact_mw,a39d26a9c85ff1858873bfad720922f64799219ac1b945519c1902b92db90de0,"{""distance"":7,""physical_error_rate"":0.005}","{""detection_events"":2388,""detectors_checked"":129600}"
        16,         8,         0,    1.01,exact_mw,ada1cdd99d5b433e01b834099c62e19c5a7190a249d6efcd9b92e36879454d7b,"{""distance"":7,""physical_error_rate"":0.5}","{""detection_events"":6497,""detectors_checked"":12960,""obs_mistake_mask=E"":8}"
    105472,         0,         0,    1.53,exact_mw,a212c24da5b34f1b60580734e5e54c4073e302b219bc7e486ff8edc698604c9e,"{""distance"":7,""physical_error_rate"":5e-05}","{""detection_events"":16237,""detectors_checked"":85432320}"
        16,        10,         0,   0.904,exact_mw,084990f003f4e006f7af613a3996eb104ebeb5f3c5c9154910fee9e5019bb6a7,"{""distance"":7,""physical_error_rate"":0.1}","{""detection_events"":3226,""detectors_checked"":12960,""obs_mistake_mask=E"":10}"
      7168,         0,         0,   0.296,exact_mw,26ede523e6354ffb917e832246591ea54a1b9969785b9947b95e2ebb539e2476,"{""distance"":7,""physical_error_rate"":0.0002}","{""detection_events"":4271,""detectors_checked"":5806080}"
        64,         0,         0,   0.457,exact_mw,98ed6542f5a75ebddbda0ed622fb597fbc85d0a75d139587b6be9a08147ba42d,"{""distance"":7,""physical_error_rate"":0.002}","{""detection_events"":392,""detectors_checked"":51840}"
         8,         4,         0,   0.485,exact_mw,17475c76bb113830b75e3a7c706af28b6998cefdc572d5534da981f04c3b1120,"{""distance"":7,""physical_error_rate"":0.2}","{""detection_events"":2480,""detectors_checked"":6480,""obs_mistake_mask=E"":4}"
      1024,         0,         0,   0.234,exact_mw,8c54babb212143042928b0eca3852c18ac799bf66eb488a668303745c8494fc5,"{""distance"":7,""physical_error_rate"":0.0005}","{""detection_events"":1606,""detectors_checked"":829440}"
     15360,         0,         0,   0.570,exact_mw,26ede523e6354ffb917e832246591ea54a1b9969785b9947b95e2ebb539e2476,"{""distance"":7,""physical_error_rate"":0.0002}","{""detection_events"":9565,""detectors_checked"":12441600}"
         8,         5,         0,   0.486,exact_mw,17475c76bb113830b75e3a7c706af28b6998cefdc572d5534da981f04c3b1120,"{""distance"":7,""physical_error_rate"":0.2}","{""detection_events"":2536,""detectors_checked"":6480,""obs_mistake_mask=E"":5}"
         8,         0,         0,   0.343,exact_mw,07230310c167a8a58090586f32b373a58fa307b800b0f38cc129dec8518e6258,"{""distance"":7,""physical_error_rate"":0.02}","{""detection_events"":500,""detectors_checked"":6480}"
         8,         0,         0,   0.359,exact_mw,07230310c167a8a58090586f32b373a58fa307b800b0f38cc129dec8518e6258,"{""distance"":7,""physical_error_rate"":0.02}","{""detection_events"":409,""detectors_checked"":6480}"
        24,         5,         0,    1.26,exact_mw,bef67c2527ad51595e418cf30d8716541525c85f29404769715fc39af85a0852,"{""distance"":7,""physical_error_rate"":0.05}","{""detection_events"":2948,""detectors_checked"":19440,""obs_mistake_mask=E"":5}"
        64,         0,         0,   0.470,exact_mw,98ed6542f5a75ebddbda0ed622fb597fbc85d0a75d139587b6be9a08147ba42d,"{""distance"":7,""physical_error_rate"":0.002}","{""detection_events"":388,""detectors_checked"":51840}"
         8,         0,         0,   0.422,exact_mw,bef67c2527ad51595e418cf30d8716541525c85f29404769715fc39af85a0852,"{""distance"":7,""physical_error_rate"":0.05}","{""detection_events"":955,""detectors_checked"":6480}"
       256,         0,         0,   0.354,exact_mw,d2cc2b129abad1f985b8639603638d6030a837aa2fe57172dffdf28919c1c286,"{""distance"":7,""physical_error_rate"":0.001}","{""detection_events"":819,""detectors_checked"":207360}"
        32,         0,         0,   0.795,exact_mw,a39d26a9c85ff1858873bfad720922f64799219ac1b945519c1902b92db90de0,"{""distance"":7,""physical_error_rate"":0.005}","{""detection_events"":510,""detectors_checked"":25920}"
        24,         2,         0,    1.15,exact_mw,07230310c167a8a58090586f32b373a58fa307b800b0f38cc129dec8518e6258,"{""distance"":7,""physical_error_rate"":0.02}","{""detection_events"":1381,""detectors_checked"":19440,""obs_mistake_mask=E"":2}"
         1,         0,         0,   0.007,exact_mw,d2cc2b129abad1f985b8639603638d6030a837aa2fe57172dffdf28919c1c286,"{""distance"":7,""physical_error_rate"":0.001}","{""detection_events"":2,""detectors_checked"":810}"
        16,         0,         0,   0.514,exact_mw,1713bc804565c0b42ca58c93310b033f01c41dd72e5e9cac9fe58a9188a19ab7,"{""distance"":7,""physical_error_rate"":0.01}","{""detection_events"":511,""detectors_checked"":12960}"
        16,         0,         0,   0.418,exact_mw,a39d26a9c85ff1858873bfad720922f64799219ac1b945519c1902b92db90de0,"{""distance"":7,""physical_error_rate"":0.005}","{""detection_events"":262,""detectors_checked"":12960}"
        16,         0,         0,   0.048,exact_mw,d2cc2b129abad1f985b8639603638d6030a837aa2fe57172dffdf28919c1c286,"{""distance"":7,""physical_error_rate"":0.001}","{""detection_events"":66,""detectors_checked"":12960}"
        24,         8,         0,    1.54,exact_mw,ada1cdd99d5b433e01b834099c62e19c5a7190a249d6efcd9b92e36879454d7b,"{""distance"":7,""physical_error_rate"":0.5}","{""detection_events"":9776,""detectors_checked"":19440,""obs_mistake_mask=E"":8}"
        24,        11,         0,    1.44,exact_mw,17475c76bb113830b75e3a7c706af28b6998cefdc572d5534da981f04c3b1120,"{""distance"":7,""physical_error_rate"":0.2}","{""detection_events"":7525,""detectors_checked"":19440,""obs_mistake_mask=E"":11}"
      4096,         0,         0,    1.36,exact_mw,8c54babb212143042928b0eca3852c18ac799bf66eb488a668303745c8494fc5,"{""distance"":7,""physical_error_rate"":0.0005}","{""detection_events"":6271,""detectors_checked"":3317760}"
       256,         1,         0,    2.04,exact_mw,98ed6542f5a75ebddbda0ed622fb597fbc85d0a75d139587b6be9a08147ba42d,"{""distance"":7,""physical_error_rate"":0.002}","{""detection_events"":1517,""detectors_checked"":207360,""obs_mistake_mask=E"":1}"
         8,         3,         0,   0.460,exact_mw,084990f003f4e006f7af613a3996eb104ebeb5f3c5c9154910fee9e5019bb6a7,"{""distance"":7,""physical_error_rate"":0.1}","{""detection_events"":1654,""detectors_checked"":6480,""obs_mistake_mask=E"":3}"
         8,         4,         0,   0.497,exact_mw,ada1cdd99d5b433e01b834099c62e19c5a7190a249d6efcd9b92e36879454d7b,"{""distance"":7,""physical_error_rate"":0.5}","{""detection_events"":3259,""detectors_checked"":6480,""obs_mistake_mask=E"":4}"
      2560,         0,         0,    5.18,exact_mw,d2cc2b129abad1f985b8639603638d6030a837aa2fe57172dffdf28919c1c286,"{""distance"":7,""physical_error_rate"":0.001}","{""detection_events"":7928,""detectors_checked"":2073600}"
     12288,         0,         0,   0.411,exact_mw,26ede523e6354ffb917e832246591ea54a1b9969785b9947b95e2ebb539e2476,"{""distance"":7,""physical_error_rate"":0.0002}","{""detection_events"":7559,""detectors_checked"":9953280}"
    145408,         0,         0,    2.16,exact_mw,a212c24da5b34f1b60580734e5e54c4073e302b219bc7e486ff8edc698604c9e,"{""distance"":7,""physical_error_rate"":5e-05}","{""detection_events"":22166,""detectors_checked"":117780480}"
        16,         0,         0,   0.609,exact_mw,1713bc804565c0b42ca58c93310b033f01c41dd72e5e9cac9fe58a9188a19ab7,"{""distance"":7,""physical_error_rate"":0.01}","{""detection_events"":411,""detectors_checked"":12960}"
      1024,         0,         0,   0.396,exact_mw,8c54babb212143042928b0eca3852c18ac799bf66eb488a668303745c8494fc5,"{""distance"":7,""physical_error_rate"":0.0005}","{""detection_events"":1704,""detectors_checked"":829440}"
       128,         0,         0,   0.226,exact_mw,d2cc2b129abad1f985b8639603638d6030a837aa2fe57172dffdf28919c1c286,"{""distance"":7,""physical_error_rate"":0.001}","{""detection_events"":440,""detectors_checked"":103680}"
        64,         0,         0,   0.318,exact_mw,98ed6542f5a75ebddbda0ed622fb597fbc85d0a75d139587b6be9a08147ba42d,"{""distance"":7,""physical_error_rate"":0.002}","{""detection_events"":326,""detectors_checked"":51840}"
         8,         0,         0,   0.342,exact_mw,07230310c167a8a58090586f32b373a58fa307b800b0f38cc129dec8518e6258,"{""distance"":7,""physical_error_rate"":0.02}","{""detection_events"":444,""detectors_checked"":6480}"
         8,         0,         0,   0.369,exact_mw,07230310c167a8a58090586f32b373a58fa307b800b0f38cc129dec8518e6258,"{""distance"":7,""physical_error_rate"":0.02}","{""detection_events"":428,""detectors_checked"":6480}"
        32,         0,         0,   0.877,exact_mw,a39d26a9c85ff1858873bfad720922f64799219ac1b945519c1902b92db90de0,"{""distance"":7,""physical_error_rate"":0.005}","{""detection_events"":491,""detectors_checked"":25920}"
     53248,         0,         0,   0.787,exact_mw,a212c24da5b34f1b60580734e5e54c4073e302b219bc7e486ff8edc698604c9e,"{""distance"":7,""physical_error_rate"":5e-05}","{""detection_events"":7984,""detectors_checked"":43130880}"
         8,         4,         0,   0.493,exact_mw,17475c76bb113830b75e3a7c706af28b6998cefdc572d5534da981f04c3b1120,"{""distance"":7,""physical_error_rate"":0.2}","{""detection_events"":2470,""detectors_checked"":6480,""obs_mistake_mask=E"":4}"
        64,         0,         0,   0.544,exact_mw,98ed6542f5a75ebddbda0ed622fb597fbc85d0a75d139587b6be9a08147ba42d,"{""distance"":7,""physical_error_rate"":0.002}","{""detection_events"":443,""detectors_checked"":51840}"
        16,         0,         0,   0.340,exact_mw,a39d26a9c85ff1858873bfad720922f64799219ac1b945519c1902b92db90de0,"{""distance"":7,""physical_error_rate"":0.005}","{""detection_events"":229,""detectors_checked"":12960}"
       128,         0,         0,    1.05,exact_mw,98ed6542f5a75ebddbda0ed622fb597fbc85d0a75d139587b6be9a08147ba42d,"{""distance"":7,""physical_error_rate"":0.002}","{""detection_events"":722,""detectors_checked"":103680}"
         8,         0,         0,   0.430,exact_mw,bef67c2527ad51595e418cf30d8716541525c85f29404769715fc39af85a0852,"{""distance"":7,""physical_error_rate"":0.05}","{""detection_events"":1005,""detectors_checked"":6480}"
        24,         0,         0,    1.28,exact_mw,07230310c167a8a58090586f32b373a58fa307b800b0f38cc129dec8518e6258,"{""distance"":7,""physical_error_rate"":0.02}","{""detection_events"":1332,""detectors_checked"":19440}"
       256,         0,         0,   0.484,exact_mw,d2cc2b129abad1f985b8639603638d6030a837aa2fe57172dffdf28919c1c286,"{""distance"":7,""physical_error_rate"":0.001}","{""detection_events"":777,""detectors_checked"":207360}"
        32,         1,         0,    1.68,exact_mw,bef67c2527ad51595e418cf30d8716541525c85f29404769715fc39af85a0852,"{""distance"":7,""physical_error_rate"":0.05}","{""detection_events"":3847,""detectors_checked"":25920,""obs_mistake_mask=E"":1}"
        16,         0,         0,   0.577,exact_mw,1713bc804565c0b42ca58c93310b033f01c41dd72e5e9cac9fe58a9188a19ab7,"{""distance"":7,""physical_error_rate"":0.01}","{""detection_events"":520,""detectors_checked"":12960}"
         8,         3,         0,   0.460,exact_mw,084990f003f4e006f7af613a3996eb104ebeb5f3c5c9154910fee9e5019bb6a7,"{""distance"":7,""physical_error_rate"":0.1}","{""detection_events"":1685,""detectors_checked"":6480,""obs_mistake_mask=E"":3}"
        64,         0,         0,   0.349,exact_mw,98ed6542f5a75ebddbda0ed622fb597fbc85d0a75d139587b6be9a08147ba42d,"{""distance"":7,""physical_error_rate"":0.002}","{""detection_events"":375,""detectors_checked"":51840}"
         8,         0,         0,   0.339,exact_mw,07230310c167a8a58090586f32b373a58fa307b800b0f38cc129dec8518e6258,"{""distance"":7,""physical_error_rate"":0.02}","{""detection_events"":453,""detectors_checked"":6480}"
         8,         0,         0,   0.372,exact_mw,07230310c167a8a58090586f32b373a58fa307b800b0f38cc129dec8518e6258,"{""distance"":7,""physical_error_rate"":0.02}","{""detection_events"":485,""detectors_checked"":6480}"
         8,         4,         0,   0.500,exact_mw,ada1cdd99d5b433e01b834099c62e19c5a7190a249d6efcd9b92e36879454d7b,"{""distance"":7,""physical_error_rate"":0.5}","{""detection_events"":3293,""detectors_checked"":6480,""obs_mistake_mask=E"":4}"
       256,         0,         0,   0.400,exact_mw,d2cc2b129abad1f985b8639603638d6030a837aa2fe57172dffdf28919c1c286,"{""distance"":7,""physical_error_rate"":0.001}","{""detection_events"":787,""detectors_checked"":207360}"
     19456,         0,         0,   0.813,exact_mw,26ede523e6354ffb917e832246591ea54a1b9969785b9947b95e2ebb539e2476,"{""distance"":7,""physical_error_rate"":0.0002}","{""detection_events"":11735,""detectors_checked"":15759360}"
        32,        15,         0,    1.98,exact_mw,17475c76bb113830b75e3a7c706af28b6998cefdc572d5534da981f04c3b1120,"{""distance"":7,""physical_error_rate"":0.2}","{""detection_events"":9825,""detectors_checked"":25920,""obs_mistake_mask=E"":15}"
        32,         0,         0,   0.762,exact_mw,a39d26a9c85ff1858873bfad720922f64799219ac1b945519c1902b92db90de0,"{""distance"":7,""physical_error_rate"":0.005}","{""detection_events"":486,""detectors_checked"":25920}"
        24,        14,         0,    1.46,exact_mw,084990f003f4e006f7af613a3996eb104ebeb5f3c5c9154910fee9e5019bb6a7,"{""distance"":7,""physical_error_rate"":0.1}","{""detection_events"":4862,""detectors_checked"":19440,""obs_mistake_mask=E"":14}"
     14336,         0,         0,   0.567,exact_mw,26ede523e6354ffb917e832246591ea54a1b9969785b9947b95e2ebb539e2476,"{""distance"":7,""physical_error_rate"":0.0002}","{""detection_events"":8716,""detectors_checked"":11612160}"
        16,         0,         0,   0.374,exact_mw,a39d26a9c85ff1858873bfad720922f64799219ac1b945519c1902b92db90de0,"{""distance"":7,""physical_error_rate"":0.005}","{""detection_events"":229,""detectors_checked"":12960}"
        16,         0,         0,   0.556,exact_mw,1713bc804565c0b42ca58c93310b033f01c41dd72e5e9cac9fe58a9188a19ab7,"{""distance"":7,""physical_error_rate"":0.01}","{""detection_events"":451,""detectors_checked"":12960}"
        48,         9,         0,    2.46,exact_mw,bef67c2527ad51595e418cf30d8716541525c85f29404769715fc39af85a0852,"{""distance"":7,""physical_error_rate"":0.05}","{""detection_events"":5912,""detectors_checked"":38880,""obs_mistake_mask=E"":9}"
        40,        14,         0,    2.33,exact_mw,084990f003f4e006f7af613a3996eb104ebeb5f3c5c9154910fee9e5019bb6a7,"{""distance"":7,""physical_error_rate"":0.1}","{""detection_events"":8240,""detectors_checked"":32400,""obs_mistake_mask=E"":14}"
         8,         3,         0,   0.479,exact_mw,17475c76bb113830b75e3a7c706af28b6998cefdc572d5534da981f04c3b1120,"{""distance"":7,""physical_error_rate"":0.2}","{""detection_events"":2460,""detectors_checked"":6480,""obs_mistake_mask=E"":3}"
      4096,         0,         0,    1.24,exact_mw,8c54babb212143042928b0eca3852c18ac799bf66eb488a668303745c8494fc5,"{""distance"":7,""physical_error_rate"":0.0005}","{""detection_events"":6331,""detectors_checked"":3317760}"
        64,         0,         0,   0.457,exact_mw,98ed6542f5a75ebddbda0ed622fb597fbc85d0a75d139587b6be9a08147ba42d,"{""distance"":7,""physical_error_rate"":0.002}","{""detection_events"":382,""detectors_checked"":51840}"
        32,         0,         0,   0.530,exact_mw,a39d26a9c85ff1858873bfad720922f64799219ac1b945519c1902b92db90de0,"{""distance"":7,""physical_error_rate"":0.005}","{""detection_events"":410,""detectors_checked"":25920}"
      2048,         0,         0,   0.621,exact_mw,8c54babb212143042928b0eca3852c18ac799bf66eb488a668303745c8494fc5,"{""distance"":7,""physical_error_rate"":0.0005}","{""detection_events"":3202,""detectors_checked"":1658880}"
        16,         9,         0,   0.972,exact_mw,17475c76bb113830b75e3a7c706af28b6998cefdc572d5534da981f04c3b1120,"{""distance"":7,""physical_error_rate"":0.2}","{""detection_events"":5110,""detectors_checked"":12960,""obs_mistake_mask=E"":9}"
         8,         0,         0,   0.302,exact_mw,07230310c167a8a58090586f32b373a58fa307b800b0f38cc129dec8518e6258,"{""distance"":7,""physical_error_rate"":0.02}","{""detection_events"":422,""detectors_checked"":6480}"
       256,         0,         0,   0.516,exact_mw,d2cc2b129abad1f985b8639603638d6030a837aa2fe57172dffdf28919c1c286,"{""distance"":7,""physical_error_rate"":0.001}","{""detection_events"":795,""detectors_checked"":207360}"
        16,         0,         0,   0.238,exact_mw,a39d26a9c85ff1858873bfad720922f64799219ac1b945519c1902b92db90de0,"{""distance"":7,""physical_error_rate"":0.005}","{""detection_events"":224,""detectors_checked"":12960}"
         8,         0,         0,   0.391,exact_mw,07230310c167a8a58090586f32b373a58fa307b800b0f38cc129dec8518e6258,"{""distance"":7,""physical_error_rate"":0.02}","{""detection_events"":400,""detectors_checked"":6480}"
       256,         0,         0,   0.384,exact_mw,d2cc2b129abad1f985b8639603638d6030a837aa2fe57172dffdf28919c1c286,"{""distance"":7,""physical_error_rate"":0.001}","{""detection_events"":784,""detectors_checked"":207360}"
        24,        13,         0,    1.36,exact_mw,084990f003f4e006f7af613a3996eb104ebeb5f3c5c9154910fee9e5019bb6a7,"{""distance"":7,""physical_error_rate"":0.1}","{""detection_events"":4886,""detectors_checked"":19440,""obs_mistake_mask=E"":13}"
        16,         0,         0,   0.500,exact_mw,1713bc804565c0b42ca58c93310b033f01c41dd72e5e9cac9fe58a9188a19ab7,"{""distance"":7,""physical_error_rate"":0.01}","{""detection_events"":486,""detectors_checked"":12960}"
        64,         0,         0,   0.313,exact_mw,98ed6542f5a75ebddbda0ed622fb597fbc85d0a75d139587b6be9a08147ba42d,"{""distance"":7,""physical_error_rate"":0.002}","{""detection_events"":351,""detectors_checked"":51840}"
         8,         5,         0,   0.504,exact_mw,ada1cdd99d5b433e01b834099c62e19c5a7190a249d6efcd9b92e36879454d7b,"{""distance"":7,""physical_error_rate"":0.5}","{""detection_events"":3253,""detectors_checked"":6480,""obs_mistake_mask=E"":5}"
        64,         0,         0,   0.557,exact_mw,98ed6542f5a75ebddbda0ed622fb597fbc85d0a75d139587b6be9a08147ba42d,"{""distance"":7,""physical_error_rate"":0.002}","{""detection_events"":378,""detectors_checked"":51840}"
        32,         0,         0,   0.465,exact_mw,a39d26a9c85ff1858873bfad720922f64799219ac1b945519c1902b92db90de0,"{""distance"":7,""physical_error_rate"":0.005}","{""detection_events"":492,""detectors_checked"":25920}"
        16,         3,         0,   0.838,exact_mw,bef67c2527ad51595e418cf30d8716541525c85f29404769715fc39af85a0852,"{""distance"":7,""physical_error_rate"":0.05}","{""detection_events"":1971,""detectors_checked"":12960,""obs_mistake_mask=E"":3}"
        24,        10,         0,    1.51,exact_mw,ada1cdd99d5b433e01b834099c62e19c5a7190a249d6efcd9b92e36879454d7b,"{""distance"":7,""physical_error_rate"":0.5}","{""detection_events"":9715,""detectors_checked"":19440,""obs_mistake_mask=E"":10}"
         8,         0,         0,   0.378,exact_mw,07230310c167a8a58090586f32b373a58fa307b800b0f38cc129dec8518e6258,"{""distance"":7,""physical_error_rate"":0.02}","{""detection_events"":421,""detectors_checked"":6480}"
        16,         0,         0,   0.589,exact_mw,1713bc804565c0b42ca58c93310b033f01c41dd72e5e9cac9fe58a9188a19ab7,"{""distance"":7,""physical_error_rate"":0.01}","{""detection_events"":392,""detectors_checked"":12960}"
     56320,         1,         0,    2.18,exact_mw,26ede523e6354ffb917e832246591ea54a1b9969785b9947b95e2ebb539e2476,"{""distance"":7,""physical_error_rate"":0.0002}","{""detection_events"":34738,""detectors_checked"":45619200,""obs_mistake_mask=E"":1}"
       128,         0,         0,    1.02,exact_mw,98ed6542f5a75ebddbda0ed622fb597fbc85d0a75d139587b6be9a08147ba42d,"{""distance"":7,""physical_error_rate"":0.002}","{""detection_events"":769,""detectors_checked"":103680}"
         8,         0,         0,   0.373,exact_mw,07230310c167a8a58090586f32b373a58fa307b800b0f38cc129dec8518e6258,"{""distance"":7,""physical_error_rate"":0.02}","{""detection_events"":424,""detectors_checked"":6480}"
       256,         0,         0,   0.453,exact_mw,d2cc2b129abad1f985b8639603638d6030a837aa2fe57172dffdf28919c1c286,"{""distance"":7,""physical_error_rate"":0.001}","{""detection_events"":798,""detectors_checked"":207360}"
        32,         0,         0,    1.47,exact_mw,07230310c167a8a58090586f32b373a58fa307b800b0f38cc129dec8518e6258,"{""distance"":7,""physical_error_rate"":0.02}","{""detection_events"":1767,""detectors_checked"":25920}"
       256,         0,         0,   0.378,exact_mw,d2cc2b129abad1f985b8639603638d6030a837aa2fe57172dffdf28919c1c286,"{""distance"":7,""physical_error_rate"":0.001}","{""detection_events"":744,""detectors_checked"":207360}"
     74752,         0,         0,    1.11,exact_mw,a212c24da5b34f1b60580734e5e54c4073e302b219bc7e486ff8edc698604c9e,"{""distance"":7,""physical_error_rate"":5e-05}","{""detection_events"":11534,""detectors_checked"":60549120}"
      2048,         0,         0,   0.634,exact_mw,8c54babb212143042928b0eca3852c18ac799bf66eb488a668303745c8494fc5,"{""distance"":7,""physical_error_rate"":0.0005}","{""detection_events"":3145,""detectors_checked"":1658880}"
        64,         0,         0,   0.383,exact_mw,98ed6542f5a75ebddbda0ed622fb597fbc85d0a75d139587b6be9a08147ba42d,"{""distance"":7,""physical_error_rate"":0.002}","{""detection_events"":387,""detectors_checked"":51840}"
        16,         4,         0,   0.936,exact_mw,084990f003f4e006f7af613a3996eb104ebeb5f3c5c9154910fee9e5019bb6a7,"{""distance"":7,""physical_error_rate"":0.1}","{""detection_events"":3357,""detectors_checked"":12960,""obs_mistake_mask=E"":4}"
        64,         0,         0,   0.416,exact_mw,98ed6542f5a75ebddbda0ed622fb597fbc85d0a75d139587b6be9a08147ba42d,"{""distance"":7,""physical_error_rate"":0.002}","{""detection_events"":372,""detectors_checked"":51840}"
     17408,         0,         0,   0.862,exact_mw,26ede523e6354ffb917e832246591ea54a1b9969785b9947b95e2ebb539e2476,"{""distance"":7,""physical_error_rate"":0.0002}","{""detection_events"":10486,""detectors_checked"":14100480}"
        32,         1,         0,    1.69,exact_mw,bef67c2527ad51595e418cf30d8716541525c85f29404769715fc39af85a0852,"{""distance"":7,""physical_error_rate"":0.05}","{""detection_events"":3913,""detectors_checked"":25920,""obs_mistake_mask=E"":1}"
        32,         0,         0,   0.771,exact_mw,a39d26a9c85ff1858873bfad720922f64799219ac1b945519c1902b92db90de0,"{""distance"":7,""physical_error_rate"":0.005}","{""detection_events"":495,""detectors_checked"":25920}"
        16,         0,         0,   0.531,exact_mw,1713bc804565c0b42ca58c93310b033f01c41dd72e5e9cac9fe58a9188a19ab7,"{""distance"":7,""physical_error_rate"":0.01}","{""detection_events"":480,""detectors_checked"":12960}"
         8,         3,         0,   0.508,exact_mw,ada1cdd99d5b433e01b834099c62e19c5a7190a249d6efcd9b92e36879454d7b,"{""distance"":7,""physical_error_rate"":0.5}","{""detection_events"":3182,""detectors_checked"":6480,""obs_mistake_mask=E"":3}"
         8,         0,         0,   0.364,exact_mw,07230310c167a8a58090586f32b373a58fa307b800b0f38cc129dec8518e6258,"{""distance"":7,""physical_error_rate"":0.02}","{""detection_events"":426,""detectors_checked"":6480}"
      6144,         0,         0,    1.64,exact_mw,8c54babb212143042928b0eca3852c18ac799bf66eb488a668303745c8494fc5,"{""distance"":7,""physical_error_rate"":0.0005}","{""detection_events"":9248,""detectors_checked"":4976640}"
         8,         0,         0,   0.381,exact_mw,07230310c167a8a58090586f32b373a58fa307b800b0f38cc129dec8518e6258,"{""distance"":7,""physical_error_rate"":0.02}","{""detection_events"":437,""detectors_checked"":6480}"
        16,        10,         0,   0.972,exact_mw,17475c76bb113830b75e3a7c706af28b6998cefdc572d5534da981f04c3b1120,"{""distance"":7,""physical_error_rate"":0.2}","{""detection_events"":4995,""detectors_checked"":12960,""obs_mistake_mask=E"":10}"
        32,         0,         0,   0.837,exact_mw,a39d26a9c85ff1858873bfad720922f64799219ac1b945519c1902b92db90de0,"{""distance"":7,""physical_error_rate"":0.005}","{""detection_events"":474,""detectors_checked"":25920}"
     29696,         0,         0,    1.14,exact_mw,26ede523e6354ffb917e832246591ea54a1b9969785b9947b95e2ebb539e2476,"{""distance"":7,""physical_error_rate"":0.0002}","{""detection_events"":18085,""detectors_checked"":24053760}"
       256,         0,         0,   0.393,exact_mw,d2cc2b129abad1f985b8639603638d6030a837aa2fe57172dffdf28919c1c286,"{""distance"":7,""physical_error_rate"":0.001}","{""detection_events"":733,""detectors_checked"":207360}"
        16,        10,         0,   0.960,exact_mw,17475c76bb113830b75e3a7c706af28b6998cefdc572d5534da981f04c3b1120,"{""distance"":7,""physical_error_rate"":0.2}","{""detection_events"":5013,""detectors_checked"":12960,""obs_mistake_mask=E"":10}"
    142336,         0,         0,    2.14,exact_mw,a212c24da5b34f1b60580734e5e54c4073e302b219bc7e486ff8edc698604c9e,"{""distance"":7,""physical_error_rate"":5e-05}","{""detection_events"":21502,""detectors_checked"":115292160}"
        16,         0,         0,   0.555,exact_mw,1713bc804565c0b42ca58c93310b033f01c41dd72e5e9cac9fe58a9188a19ab7,"{""distance"":7,""physical_error_rate"":0.01}","{""detection_events"":444,""detectors_checked"":12960}"
        64,         0,         0,   0.396,exact_mw,98ed6542f5a75ebddbda0ed622fb597fbc85d0a75d139587b6be9a08147ba42d,"{""distance"":7,""physical_error_rate"":0.002}","{""detection_events"":377,""detectors_checked"":51840}"
        32,         0,         0,   0.759,exact_mw,a39d26a9c85ff1858873bfad720922f64799219ac1b945519c1902b92db90de0,"{""distance"":7,""physical_error_rate"":0.005}","{""detection_events"":501,""detectors_checked"":25920}"
        32,        13,         0,    1.95,exact_mw,17475c76bb113830b75e3a7c706af28b6998cefdc572d5534da981f04c3b1120,"{""distance"":7,""physical_error_rate"":0.2}","{""detection_events"":9905,""detectors_checked"":25920,""obs_mistake_mask=E"":13}"
       256,         0,         0,   0.544,exact_mw,d2cc2b129abad1f985b8639603638d6030a837aa2fe57172dffdf28919c1c286,"{""distance"":7,""physical_error_rate"":0.001}","{""detection_events"":761,""detectors_checked"":207360}"
        32,         1,         0,    1.63,exact_mw,07230310c167a8a58090586f32b373a58fa307b800b0f38cc129dec8518e6258,"{""distance"":7,""physical_error_rate"":0.02}","{""detection_events"":1817,""detectors_checked"":25920,""obs_mistake_mask=E"":1}"
    321536,         0,         0,    5.92,exact_mw,92a9cd959715f3d5685c6265974e573ec36ff2f173f7490ff1393041d63371cf,"{""distance"":7,""physical_error_rate"":0.0001}","{""detection_events"":98149,""detectors_checked"":260444160}"
        16,         2,         0,   0.850,exact_mw,bef67c2527ad51595e418cf30d8716541525c85f29404769715fc39af85a0852,"{""distance"":7,""physical_error_rate"":0.05}","{""detection_events"":2030,""detectors_checked"":12960,""obs_mistake_mask=E"":2}"
        64,         0,         0,   0.483,exact_mw,98ed6542f5a75ebddbda0ed622fb597fbc85d0a75d139587b6be9a08147ba42d,"{""distance"":7,""physical_error_rate"":0.002}","{""detection_events"":387,""detectors_checked"":51840}"
         8,         1,         0,   0.376,exact_mw,07230310c167a8a58090586f32b373a58fa307b800b0f38cc129dec8518e6258,"{""distance"":7,""physical_error_rate"":0.02}","{""detection_events"":481,""detectors_checked"":6480,""obs_mistake_mask=E"":1}"
        32,        11,         0,    2.07,exact_mw,ada1cdd99d5b433e01b834099c62e19c5a7190a249d6efcd9b92e36879454d7b,"{""distance"":7,""physical_error_rate"":0.5}","{""detection_events"":12978,""detectors_checked"":25920,""obs_mistake_mask=E"":11}"
         8,         7,         0,   0.488,exact_mw,ada1cdd99d5b433e01b834099c62e19c5a7190a249d6efcd9b92e36879454d7b,"{""distance"":7,""physical_error_rate"":0.5}","{""detection_events"":3314,""detectors_checked"":6480,""obs_mistake_mask=E"":7}"
         8,         1,         0,   0.383,exact_mw,07230310c167a8a58090586f32b373a58fa307b800b0f38cc129dec8518e6258,"{""distance"":7,""physical_error_rate"":0.02}","{""detection_events"":433,""detectors_checked"":6480,""obs_mistake_mask=E"":1}"
       128,         0,         0,   0.806,exact_mw,98ed6542f5a75ebddbda0ed622fb597fbc85d0a75d139587b6be9a08147ba42d,"{""distance"":7,""physical_error_rate"":0.002}","{""detection_events"":722,""detectors_checked"":103680}"
        16,         0,         0,   0.607,exact_mw,1713bc804565c0b42ca58c93310b033f01c41dd72e5e9cac9fe58a9188a19ab7,"{""distance"":7,""physical_error_rate"":0.01}","{""detection_events"":435,""detectors_checked"":12960}"
       256,         0,         0,   0.471,exact_mw,d2cc2b129abad1f985b8639603638d6030a837aa2fe57172dffdf28919c1c286,"{""distance"":7,""physical_error_rate"":0.001}","{""detection_events"":806,""detectors_checked"":207360}"
        32,         0,         0,   0.736,exact_mw,a39d26a9c85ff1858873bfad720922f64799219ac1b945519c1902b92db90de0,"{""distance"":7,""physical_error_rate"":0.005}","{""detection_events"":518,""detectors_checked"":25920}"
      3072,         0,         0,   0.904,exact_mw,8c54babb212143042928b0eca3852c18ac799bf66eb488a668303745c8494fc5,"{""distance"":7,""physical_error_rate"":0.0005}","{""detection_events"":4620,""detectors_checked"":2488320}"
         8,         0,         0,   0.370,exact_mw,07230310c167a8a58090586f32b373a58fa307b800b0f38cc129dec8518e6258,"{""distance"":7,""physical_error_rate"":0.02}","{""detection_events"":415,""detectors_checked"":6480}"
        16,         0,         0,   0.546,exact_mw,1713bc804565c0b42ca58c93310b033f01c41dd72e5e9cac9fe58a9188a19ab7,"{""distance"":7,""physical_error_rate"":0.01}","{""detection_events"":426,""detectors_checked"":12960}"
        16,         3,         0,   0.940,exact_mw,084990f003f4e006f7af613a3996eb104ebeb5f3c5c9154910fee9e5019bb6a7,"{""distance"":7,""physical_error_rate"":0.1}","{""detection_events"":3384,""detectors_checked"":12960,""obs_mistake_mask=E"":3}"
        64,         0,         0,   0.409,exact_mw,98ed6542f5a75ebddbda0ed622fb597fbc85d0a75d139587b6be9a08147ba42d,"{""distance"":7,""physical_error_rate"":0.002}","{""detection_events"":390,""detectors_checked"":51840}"
        96,         0,         0,    3.47,exact_mw,1713bc804565c0b42ca58c93310b033f01c41dd72e5e9cac9fe58a9188a19ab7,"{""distance"":7,""physical_error_rate"":0.01}","{""detection_events"":2864,""detectors_checked"":77760}"
         8,         0,         0,   0.371,exact_mw,07230310c167a8a58090586f32b373a58fa307b800b0f38cc129dec8518e6258,"{""distance"":7,""physical_error_rate"":0.02}","{""detection_events"":445,""detectors_checked"":6480}"
        64,         0,         0,   0.639,exact_mw,98ed6542f5a75ebddbda0ed622fb597fbc85d0a75d139587b6be9a08147ba42d,"{""distance"":7,""physical_error_rate"":0.002}","{""detection_events"":433,""detectors_checked"":51840}"
        32,         0,         0,   0.596,exact_mw,a39d26a9c85ff1858873bfad720922f64799219ac1b945519c1902b92db90de0,"{""distance"":7,""physical_error_rate"":0.005}","{""detection_events"":494,""detectors_checked"":25920}"
    392192,         0,         0,    5.94,exact_mw,a212c24da5b34f1b60580734e5e54c4073e302b219bc7e486ff8edc698604c9e,"{""distance"":7,""physical_error_rate"":5e-05}","{""detection_events"":60030,""detectors_checked"":317675520}"
      5120,         1,         0,    1.84,exact_mw,8c54babb212143042928b0eca3852c18ac799bf66eb488a668303745c8494fc5,"{""distance"":7,""physical_error_rate"":0.0005}","{""detection_events"":8089,""detectors_checked"":4147200,""obs_mistake_mask=E"":1}"
         8,         3,         0,   0.500,exact_mw,ada1cdd99d5b433e01b834099c62e19c5a7190a249d6efcd9b92e36879454d7b,"{""distance"":7,""physical_error_rate"":0.5}","{""detection_events"":3262,""detectors_checked"":6480,""obs_mistake_mask=E"":3}"
       256,         0,         0,   0.656,exact_mw,d2cc2b129abad1f985b8639603638d6030a837aa2fe57172dffdf28919c1c286,"{""distance"":7,""physical_error_rate"":0.001}","{""detection_events"":826,""detectors_checked"":207360}"
        16,         0,         0,   0.424,exact_mw,1713bc804565c0b42ca58c93310b033f01c41dd72e5e9cac9fe58a9188a19ab7,"{""distance"":7,""physical_error_rate"":0.01}","{""detection_events"":487,""detectors_checked"":12960}"
        32,        12,         0,    1.96,exact_mw,084990f003f4e006f7af613a3996eb104ebeb5f3c5c9154910fee9e5019bb6a7,"{""distance"":7,""physical_error_rate"":0.1}","{""detection_events"":6567,""detectors_checked"":25920,""obs_mistake_mask=E"":12}"
        32,         0,         0,   0.873,exact_mw,a39d26a9c85ff1858873bfad720922f64799219ac1b945519c1902b92db90de0,"{""distance"":7,""physical_error_rate"":0.005}","{""detection_events"":508,""detectors_checked"":25920}"
     27648,         0,         0,    1.12,exact_mw,26ede523e6354ffb917e832246591ea54a1b9969785b9947b95e2ebb539e2476,"{""distance"":7,""physical_error_rate"":0.0002}","{""detection_events"":16655,""detectors_checked"":22394880}"
       384,         0,         0,    2.62,exact_mw,98ed6542f5a75ebddbda0ed622fb597fbc85d0a75d139587b6be9a08147ba42d,"{""distance"":7,""physical_error_rate"":0.002}","{""detection_events"":2378,""detectors_checked"":311040}"
        16,         9,         0,   0.972,exact_mw,17475c76bb113830b75e3a7c706af28b6998cefdc572d5534da981f04c3b1120,"{""distance"":7,""physical_error_rate"":0.2}","{""detection_events"":5012,""detectors_checked"":12960,""obs_mistake_mask=E"":9}"
         8,         0,         0,   0.376,exact_mw,07230310c167a8a58090586f32b373a58fa307b800b0f38cc129dec8518e6258,"{""distance"":7,""physical_error_rate"":0.02}","{""detection_events"":483,""detectors_checked"":6480}"
       256,         0,         0,   0.538,exact_mw,d2cc2b129abad1f985b8639603638d6030a837aa2fe57172dffdf28919c1c286,"{""distance"":7,""physical_error_rate"":0.001}","{""detection_events"":807,""detectors_checked"":207360}"
        32,        16,         0,    1.80,exact_mw,084990f003f4e006f7af613a3996eb104ebeb5f3c5c9154910fee9e5019bb6a7,"{""distance"":7,""physical_error_rate"":0.1}","{""detection_events"":6660,""detectors_checked"":25920,""obs_mistake_mask=E"":16}"
        16,         0,         0,   0.464,exact_mw,1713bc804565c0b42ca58c93310b033f01c41dd72e5e9cac9fe58a9188a19ab7,"{""distance"":7,""physical_error_rate"":0.01}","{""detection_events"":499,""detectors_checked"":12960}"
        16,         3,         0,   0.842,exact_mw,bef67c2527ad51595e418cf30d8716541525c85f29404769715fc39af85a0852,"{""distance"":7,""physical_error_rate"":0.05}","{""detection_events"":2007,""detectors_checked"":12960,""obs_mistake_mask=E"":3}"
        64,         0,         0,   0.412,exact_mw,98ed6542f5a75ebddbda0ed622fb597fbc85d0a75d139587b6be9a08147ba42d,"{""distance"":7,""physical_error_rate"":0.002}","{""detection_events"":448,""detectors_checked"":51840}"
        48,         8,         0,    2.52,exact_mw,bef67c2527ad51595e418cf30d8716541525c85f29404769715fc39af85a0852,"{""distance"":7,""physical_error_rate"":0.05}","{""detection_events"":5892,""detectors_checked"":38880,""obs_mistake_mask=E"":8}"
    104448,         0,         0,    1.53,exact_mw,a212c24da5b34f1b60580734e5e54c4073e302b219bc7e486ff8edc698604c9e,"{""distance"":7,""physical_error_rate"":5e-05}","{""detection_events"":16118,""detectors_checked"":84602880}"
    229376,         0,         0,    4.26,exact_mw,92a9cd959715f3d5685c6265974e573ec36ff2f173f7490ff1393041d63371cf,"{""distance"":7,""physical_error_rate"":0.0001}","{""detection_events"":70000,""detectors_checked"":185794560}"
        40,        16,         0,    2.44,exact_mw,17475c76bb113830b75e3a7c706af28b6998cefdc572d5534da981f04c3b1120,"{""distance"":7,""physical_error_rate"":0.2}","{""detection_events"":12381,""detectors_checked"":32400,""obs_mistake_mask=E"":16}"
         8,         1,         0,   0.513,exact_mw,ada1cdd99d5b433e01b834099c62e19c5a7190a249d6efcd9b92e36879454d7b,"{""distance"":7,""physical_error_rate"":0.5}","{""detection_events"":3296,""detectors_checked"":6480,""obs_mistake_mask=E"":1}"
        16,         0,         0,   0.495,exact_mw,1713bc804565c0b42ca58c93310b033f01c41dd72e5e9cac9fe58a9188a19ab7,"{""distance"":7,""physical_error_rate"":0.01}","{""detection_events"":450,""detectors_checked"":12960}"
       128,         0,         0,   0.996,exact_mw,98ed6542f5a75ebddbda0ed622fb597fbc85d0a75d139587b6be9a08147ba42d,"{""distance"":7,""physical_error_rate"":0.002}","{""detection_events"":777,""detectors_checked"":103680}"
    201728,         0,         0,    3.04,exact_mw,a212c24da5b34f1b60580734e5e54c4073e302b219bc7e486ff8edc698604c9e,"{""distance"":7,""physical_error_rate"":5e-05}","{""detection_events"":30879,""detectors_checked"":163399680}"
        32,        21,         0,    2.02,exact_mw,ada1cdd99d5b433e01b834099c62e19c5a7190a249d6efcd9b92e36879454d7b,"{""distance"":7,""physical_error_rate"":0.5}","{""detection_events"":13025,""detectors_checked"":25920,""obs_mistake_mask=E"":21}"
        16,         0,         0,   0.710,exact_mw,07230310c167a8a58090586f32b373a58fa307b800b0f38cc129dec8518e6258,"{""distance"":7,""physical_error_rate"":0.02}","{""detection_events"":814,""detectors_checked"":12960}"
        32,         0,         0,   0.846,exact_mw,a39d26a9c85ff1858873bfad720922f64799219ac1b945519c1902b92db90de0,"{""distance"":7,""physical_error_rate"":0.005}","{""detection_events"":474,""detectors_checked"":25920}"
       512,         0,         0,    3.77,exact_mw,98ed6542f5a75ebddbda0ed622fb597fbc85d0a75d139587b6be9a08147ba42d,"{""distance"":7,""physical_error_rate"":0.002}","{""detection_events"":2917,""detectors_checked"":414720}"
        24,        11,         0,    1.47,exact_mw,17475c76bb113830b75e3a7c706af28b6998cefdc572d5534da981f04c3b1120,"{""distance"":7,""physical_error_rate"":0.2}","{""detection_events"":7388,""detectors_checked"":19440,""obs_mistake_mask=E"":11}"
       256,         0,         0,   0.644,exact_mw,d2cc2b129abad1f985b8639603638d6030a837aa2fe57172dffdf28919c1c286,"{""distance"":7,""physical_error_rate"":0.001}","{""detection_events"":850,""detectors_checked"":207360}"
        40,         0,         0,    1.87,exact_mw,07230310c167a8a58090586f32b373a58fa307b800b0f38cc129dec8518e6258,"{""distance"":7,""physical_error_rate"":0.02}","{""detection_events"":2256,""detectors_checked"":32400}"
        32,         0,         0,   0.684,exact_mw,a39d26a9c85ff1858873bfad720922f64799219ac1b945519c1902b92db90de0,"{""distance"":7,""physical_error_rate"":0.005}","{""detection_events"":485,""detectors_checked"":25920}"
       256,         0,         0,   0.525,exact_mw,d2cc2b129abad1f985b8639603638d6030a837aa2fe57172dffdf28919c1c286,"{""distance"":7,""physical_error_rate"":0.001}","{""detection_events"":857,""detectors_checked"":207360}"
     35840,         0,         0,    1.57,exact_mw,26ede523e6354ffb917e832246591ea54a1b9969785b9947b95e2ebb539e2476,"{""distance"":7,""physical_error_rate"":0.0002}","{""detection_events"":21777,""detectors_checked"":29030400}"
        32,         0,         0,   0.844,exact_mw,a39d26a9c85ff1858873bfad720922f64799219ac1b945519c1902b92db90de0,"{""distance"":7,""physical_error_rate"":0.005}","{""detection_events"":462,""detectors_checked"":25920}"
       128,         0,         0,   0.942,exact_mw,98ed6542f5a75ebddbda0ed622fb597fbc85d0a75d139587b6be9a08147ba42d,"{""distance"":7,""physical_error_rate"":0.002}","{""detection_events"":802,""detectors_checked"":103680}"
        64,         0,         0,   0.559,exact_mw,98ed6542f5a75ebddbda0ed622fb597fbc85d0a75d139587b6be9a08147ba42d,"{""distance"":7,""physical_error_rate"":0.002}","{""detection_events"":393,""detectors_checked"":51840}"
        16,         0,         0,   0.627,exact_mw,1713bc804565c0b42ca58c93310b033f01c41dd72e5e9cac9fe58a9188a19ab7,"{""distance"":7,""physical_error_rate"":0.01}","{""detection_events"":427,""detectors_checked"":12960}"
        16,         0,         0,   0.347,exact_mw,1713bc804565c0b42ca58c93310b033f01c41dd72e5e9cac9fe58a9188a19ab7,"{""distance"":7,""physical_error_rate"":0.01}","{""detection_events"":450,""detectors_checked"":12960}"
        16,         0,         0,   0.754,exact_mw,07230310c167a8a58090586f32b373a58fa307b800b0f38cc129dec8518e6258,"{""distance"":7,""physical_error_rate"":0.02}","{""detection_events"":843,""detectors_checked"":12960}"
      3072,         0,         0,    1.18,exact_mw,8c54babb212143042928b0eca3852c18ac799bf66eb488a668303745c8494fc5,"{""distance"":7,""physical_error_rate"":0.0005}","{""detection_events"":4846,""detectors_checked"":2488320}"
        32,         0,         0,   0.565,exact_mw,a39d26a9c85ff1858873bfad720922f64799219ac1b945519c1902b92db90de0,"{""distance"":7,""physical_error_rate"":0.005}","{""detection_events"":429,""detectors_checked"":25920}"
        24,        10,         0,    1.42,exact_mw,084990f003f4e006f7af613a3996eb104ebeb5f3c5c9154910fee9e5019bb6a7,"{""distance"":7,""physical_error_rate"":0.1}","{""detection_events"":4947,""detectors_checked"":19440,""obs_mistake_mask=E"":10}"
      6144,         0,         0,    2.21,exact_mw,8c54babb212143042928b0eca3852c18ac799bf66eb488a668303745c8494fc5,"{""distance"":7,""physical_error_rate"":0.0005}","{""detection_events"":9372,""detectors_checked"":4976640}"
        16,         0,         0,   0.444,exact_mw,1713bc804565c0b42ca58c93310b033f01c41dd72e5e9cac9fe58a9188a19ab7,"{""distance"":7,""physical_error_rate"":0.01}","{""detection_events"":434,""detectors_checked"":12960}"
       256,         0,         0,   0.652,exact_mw,d2cc2b129abad1f985b8639603638d6030a837aa2fe57172dffdf28919c1c286,"{""distance"":7,""physical_error_rate"":0.001}","{""detection_events"":792,""detectors_checked"":207360}"
        16,         0,         0,   0.775,exact_mw,07230310c167a8a58090586f32b373a58fa307b800b0f38cc129dec8518e6258,"{""distance"":7,""physical_error_rate"":0.02}","{""detection_events"":875,""detectors_checked"":12960}"
        56,        23,         0,    3.25,exact_mw,084990f003f4e006f7af613a3996eb104ebeb5f3c5c9154910fee9e5019bb6a7,"{""distance"":7,""physical_error_rate"":0.1}","{""detection_events"":11607,""detectors_checked"":45360,""obs_mistake_mask=E"":23}"
        64,         6,         0,    3.29,exact_mw,bef67c2527ad51595e418cf30d8716541525c85f29404769715fc39af85a0852,"{""distance"":7,""physical_error_rate"":0.05}","{""detection_events"":7816,""detectors_checked"":51840,""obs_mistake_mask=E"":6}"
        48,         5,         0,    2.52,exact_mw,bef67c2527ad51595e418cf30d8716541525c85f29404769715fc39af85a0852,"{""distance"":7,""physical_error_rate"":0.05}","{""detection_events"":5886,""detectors_checked"":38880,""obs_mistake_mask=E"":5}"
        16,         0,         0,   0.620,exact_mw,1713bc804565c0b42ca58c93310b033f01c41dd72e5e9cac9fe58a9188a19ab7,"{""distance"":7,""physical_error_rate"":0.01}","{""detection_events"":468,""detectors_checked"":12960}"
        16,         8,         0,   0.992,exact_mw,ada1cdd99d5b433e01b834099c62e19c5a7190a249d6efcd9b92e36879454d7b,"{""distance"":7,""physical_error_rate"":0.5}","{""detection_events"":6516,""detectors_checked"":12960,""obs_mistake_mask=E"":8}"
        24,         1,         0,    1.28,exact_mw,bef67c2527ad51595e418cf30d8716541525c85f29404769715fc39af85a0852,"{""distance"":7,""physical_error_rate"":0.05}","{""detection_events"":2951,""detectors_checked"":19440,""obs_mistake_mask=E"":1}"
        32,         0,         0,   0.827,exact_mw,a39d26a9c85ff1858873bfad720922f64799219ac1b945519c1902b92db90de0,"{""distance"":7,""physical_error_rate"":0.005}","{""detection_events"":466,""detectors_checked"":25920}"
     40960,         0,         0,    1.54,exact_mw,26ede523e6354ffb917e832246591ea54a1b9969785b9947b95e2ebb539e2476,"{""distance"":7,""physical_error_rate"":0.0002}","{""detection_events"":24827,""detectors_checked"":33177600}"
        24,         9,         0,    1.49,exact_mw,17475c76bb113830b75e3a7c706af28b6998cefdc572d5534da981f04c3b1120,"{""distance"":7,""physical_error_rate"":0.2}","{""detection_events"":7516,""detectors_checked"":19440,""obs_mistake_mask=E"":9}"
        16,         0,         0,   0.746,exact_mw,07230310c167a8a58090586f32b373a58fa307b800b0f38cc129dec8518e6258,"{""distance"":7,""physical_error_rate"":0.02}","{""detection_events"":861,""detectors_checked"":12960}"
       512,         0,         0,   0.951,exact_mw,d2cc2b129abad1f985b8639603638d6030a837aa2fe57172dffdf28919c1c286,"{""distance"":7,""physical_error_rate"":0.001}","{""detection_events"":1544,""detectors_checked"":414720}"
       224,         0,         0,    4.71,exact_mw,a39d26a9c85ff1858873bfad720922f64799219ac1b945519c1902b92db90de0,"{""distance"":7,""physical_error_rate"":0.005}","{""detection_events"":3267,""detectors_checked"":181440}"
     71680,         0,         0,    3.04,exact_mw,26ede523e6354ffb917e832246591ea54a1b9969785b9947b95e2ebb539e2476,"{""distance"":7,""physical_error_rate"":0.0002}","{""detection_events"":43905,""detectors_checked"":58060800}"
        40,        26,         0,    2.44,exact_mw,17475c76bb113830b75e3a7c706af28b6998cefdc572d5534da981f04c3b1120,"{""distance"":7,""physical_error_rate"":0.2}","{""detection_events"":12362,""detectors_checked"":32400,""obs_mistake_mask=E"":26}"
        48,         0,         0,    2.48,exact_mw,07230310c167a8a58090586f32b373a58fa307b800b0f38cc129dec8518e6258,"{""distance"":7,""physical_error_rate"":0.02}","{""detection_events"":2677,""detectors_checked"":38880}"
        16,         0,         0,   0.555,exact_mw,1713bc804565c0b42ca58c93310b033f01c41dd72e5e9cac9fe58a9188a19ab7,"{""distance"":7,""physical_error_rate"":0.01}","{""detection_events"":435,""detectors_checked"":12960}"
     16384,         0,         0,    6.05,exact_mw,8c54babb212143042928b0eca3852c18ac799bf66eb488a668303745c8494fc5,"{""distance"":7,""physical_error_rate"":0.0005}","{""detection_events"":25306,""detectors_checked"":13271040}"
       128,         0,         0,    1.02,exact_mw,98ed6542f5a75ebddbda0ed622fb597fbc85d0a75d139587b6be9a08147ba42d,"{""distance"":7,""physical_error_rate"":0.002}","{""detection_events"":798,""detectors_checked"":103680}"
        40,        23,         0,    2.55,exact_mw,ada1cdd99d5b433e01b834099c62e19c5a7190a249d6efcd9b92e36879454d7b,"{""distance"":7,""physical_error_rate"":0.5}","{""detection_events"":16131,""detectors_checked"":32400,""obs_mistake_mask=E"":23}"
       256,         0,         0,   0.642,exact_mw,d2cc2b129abad1f985b8639603638d6030a837aa2fe57172dffdf28919c1c286,"{""distance"":7,""physical_error_rate"":0.001}","{""detection_events"":806,""detectors_checked"":207360}"
        16,         0,         0,   0.499,exact_mw,1713bc804565c0b42ca58c93310b033f01c41dd72e5e9cac9fe58a9188a19ab7,"{""distance"":7,""physical_error_rate"":0.01}","{""detection_events"":457,""detectors_checked"":12960}"
        64,         0,         0,    1.36,exact_mw,a39d26a9c85ff1858873bfad720922f64799219ac1b945519c1902b92db90de0,"{""distance"":7,""physical_error_rate"":0.005}","{""detection_events"":927,""detectors_checked"":51840}"
       192,         0,         0,    1.37,exact_mw,98ed6542f5a75ebddbda0ed622fb597fbc85d0a75d139587b6be9a08147ba42d,"{""distance"":7,""physical_error_rate"":0.002}","{""detection_events"":1118,""detectors_checked"":155520}"
        32,         0,         0,   0.681,exact_mw,a39d26a9c85ff1858873bfad720922f64799219ac1b945519c1902b92db90de0,"{""distance"":7,""physical_error_rate"":0.005}","{""detection_events"":498,""detectors_checked"":25920}"
    202752,         0,         0,    3.02,exact_mw,a212c24da5b34f1b60580734e5e54c4073e302b219bc7e486ff8edc698604c9e,"{""distance"":7,""physical_error_rate"":5e-05}","{""detection_events"":31192,""detectors_checked"":164229120}"
    141312,         0,         0,    6.02,exact_mw,26ede523e6354ffb917e832246591ea54a1b9969785b9947b95e2ebb539e2476,"{""distance"":7,""physical_error_rate"":0.0002}","{""detection_events"":85299,""detectors_checked"":114462720}"
       256,         0,         0,   0.412,exact_mw,d2cc2b129abad1f985b8639603638d6030a837aa2fe57172dffdf28919c1c286,"{""distance"":7,""physical_error_rate"":0.001}","{""detection_events"":775,""detectors_checked"":207360}"
      6144,         0,         0,    2.44,exact_mw,8c54babb212143042928b0eca3852c18ac799bf66eb488a668303745c8494fc5,"{""distance"":7,""physical_error_rate"":0.0005}","{""detection_events"":9597,""detectors_checked"":4976640}"
        40,        22,         0,    2.43,exact_mw,084990f003f4e006f7af613a3996eb104ebeb5f3c5c9154910fee9e5019bb6a7,"{""distance"":7,""physical_error_rate"":0.1}","{""detection_events"":8303,""detectors_checked"":32400,""obs_mistake_mask=E"":22}"
        40,        15,         0,    2.25,exact_mw,084990f003f4e006f7af613a3996eb104ebeb5f3c5c9154910fee9e5019bb6a7,"{""distance"":7,""physical_error_rate"":0.1}","{""detection_events"":8466,""detectors_checked"":32400,""obs_mistake_mask=E"":15}"
       256,         0,         0,    1.93,exact_mw,98ed6542f5a75ebddbda0ed622fb597fbc85d0a75d139587b6be9a08147ba42d,"{""distance"":7,""physical_error_rate"":0.002}","{""detection_events"":1518,""detectors_checked"":207360}"
        24,         0,         0,    1.14,exact_mw,07230310c167a8a58090586f32b373a58fa307b800b0f38cc129dec8518e6258,"{""distance"":7,""physical_error_rate"":0.02}","{""detection_events"":1332,""detectors_checked"":19440}"
    144384,         0,         0,    2.16,exact_mw,a212c24da5b34f1b60580734e5e54c4073e302b219bc7e486ff8edc698604c9e,"{""distance"":7,""physical_error_rate"":5e-05}","{""detection_events"":21991,""detectors_checked"":116951040}"
        16,        10,         0,    1.01,exact_mw,ada1cdd99d5b433e01b834099c62e19c5a7190a249d6efcd9b92e36879454d7b,"{""distance"":7,""physical_error_rate"":0.5}","{""detection_events"":6512,""detectors_checked"":12960,""obs_mistake_mask=E"":10}"
        64,         0,         0,    1.43,exact_mw,a39d26a9c85ff1858873bfad720922f64799219ac1b945519c1902b92db90de0,"{""distance"":7,""physical_error_rate"":0.005}","{""detection_events"":934,""detectors_checked"":51840}"
      5120,         1,         0,    1.71,exact_mw,8c54babb212143042928b0eca3852c18ac799bf66eb488a668303745c8494fc5,"{""distance"":7,""physical_error_rate"":0.0005}","{""detection_events"":7758,""detectors_checked"":4147200,""obs_mistake_mask=E"":1}"
        32,        15,         0,    2.01,exact_mw,17475c76bb113830b75e3a7c706af28b6998cefdc572d5534da981f04c3b1120,"{""distance"":7,""physical_error_rate"":0.2}","{""detection_events"":10040,""detectors_checked"":25920,""obs_mistake_mask=E"":15}"
       512,         0,         0,   0.975,exact_mw,d2cc2b129abad1f985b8639603638d6030a837aa2fe57172dffdf28919c1c286,"{""distance"":7,""physical_error_rate"":0.001}","{""detection_events"":1584,""detectors_checked"":414720}"
        24,         1,         0,    1.13,exact_mw,07230310c167a8a58090586f32b373a58fa307b800b0f38cc129dec8518e6258,"{""distance"":7,""physical_error_rate"":0.02}","{""detection_events"":1316,""detectors_checked"":19440,""obs_mistake_mask=E"":1}"
        48,         2,         0,    2.25,exact_mw,07230310c167a8a58090586f32b373a58fa307b800b0f38cc129dec8518e6258,"{""distance"":7,""physical_error_rate"":0.02}","{""detection_events"":2794,""detectors_checked"":38880,""obs_mistake_mask=E"":2}"
     50176,         0,         0,    2.22,exact_mw,26ede523e6354ffb917e832246591ea54a1b9969785b9947b95e2ebb539e2476,"{""distance"":7,""physical_error_rate"":0.0002}","{""detection_events"":30491,""detectors_checked"":40642560}"
        32,         0,         0,    1.15,exact_mw,1713bc804565c0b42ca58c93310b033f01c41dd72e5e9cac9fe58a9188a19ab7,"{""distance"":7,""physical_error_rate"":0.01}","{""detection_events"":887,""detectors_checked"":25920}"
        32,         0,         0,    1.04,exact_mw,1713bc804565c0b42ca58c93310b033f01c41dd72e5e9cac9fe58a9188a19ab7,"{""distance"":7,""physical_error_rate"":0.01}","{""detection_events"":914,""detectors_checked"":25920}"
        32,        13,         0,    1.86,exact_mw,084990f003f4e006f7af613a3996eb104ebeb5f3c5c9154910fee9e5019bb6a7,"{""distance"":7,""physical_error_rate"":0.1}","{""detection_events"":6582,""detectors_checked"":25920,""obs_mistake_mask=E"":13}"
        40,        19,         0,    2.54,exact_mw,ada1cdd99d5b433e01b834099c62e19c5a7190a249d6efcd9b92e36879454d7b,"{""distance"":7,""physical_error_rate"":0.5}","{""detection_events"":16079,""detectors_checked"":32400,""obs_mistake_mask=E"":19}"
       512,         0,         0,   0.833,exact_mw,d2cc2b129abad1f985b8639603638d6030a837aa2fe57172dffdf28919c1c286,"{""distance"":7,""physical_error_rate"":0.001}","{""detection_events"":1518,""detectors_checked"":414720}"
        32,         5,         0,    1.72,exact_mw,bef67c2527ad51595e418cf30d8716541525c85f29404769715fc39af85a0852,"{""distance"":7,""physical_error_rate"":0.05}","{""detection_events"":3891,""detectors_checked"":25920,""obs_mistake_mask=E"":5}"
       192,         0,         0,    1.42,exact_mw,98ed6542f5a75ebddbda0ed622fb597fbc85d0a75d139587b6be9a08147ba42d,"{""distance"":7,""physical_error_rate"":0.002}","{""detection_events"":1221,""detectors_checked"":155520}"
       448,         0,         0,    3.33,exact_mw,98ed6542f5a75ebddbda0ed622fb597fbc85d0a75d139587b6be9a08147ba42d,"{""distance"":7,""physical_error_rate"":0.002}","{""detection_events"":2749,""detectors_checked"":362880}"
       192,         0,         0,    1.39,exact_mw,98ed6542f5a75ebddbda0ed622fb597fbc85d0a75d139587b6be9a08147ba42d,"{""distance"":7,""physical_error_rate"":0.002}","{""detection_events"":1149,""detectors_checked"":155520}"
        32,        17,         0,    1.97,exact_mw,17475c76bb113830b75e3a7c706af28b6998cefdc572d5534da981f04c3b1120,"{""distance"":7,""physical_error_rate"":0.2}","{""detection_events"":9993,""detectors_checked"":25920,""obs_mistake_mask=E"":17}"
        24,         1,         0,    1.15,exact_mw,07230310c167a8a58090586f32b373a58fa307b800b0f38cc129dec8518e6258,"{""distance"":7,""physical_error_rate"":0.02}","{""detection_events"":1333,""detectors_checked"":19440,""obs_mistake_mask=E"":1}"
        64,         7,         0,    3.39,exact_mw,bef67c2527ad51595e418cf30d8716541525c85f29404769715fc39af85a0852,"{""distance"":7,""physical_error_rate"":0.05}","{""detection_events"":7838,""detectors_checked"":51840,""obs_mistake_mask=E"":7}"
        64,         0,         0,    1.54,exact_mw,a39d26a9c85ff1858873bfad720922f64799219ac1b945519c1902b92db90de0,"{""distance"":7,""physical_error_rate"":0.005}","{""detection_events"":965,""detectors_checked"":51840}"
     54272,         0,         0,    2.17,exact_mw,26ede523e6354ffb917e832246591ea54a1b9969785b9947b95e2ebb539e2476,"{""distance"":7,""physical_error_rate"":0.0002}","{""detection_events"":32769,""detectors_checked"":43960320}"
       768,         0,         0,    1.14,exact_mw,d2cc2b129abad1f985b8639603638d6030a837aa2fe57172dffdf28919c1c286,"{""distance"":7,""physical_error_rate"":0.001}","{""detection_events"":2174,""detectors_checked"":622080}"
      3584,         0,         0,    6.38,exact_mw,d2cc2b129abad1f985b8639603638d6030a837aa2fe57172dffdf28919c1c286,"{""distance"":7,""physical_error_rate"":0.001}","{""detection_events"":10714,""detectors_checked"":2903040}"
        56,        25,         0,    3.43,exact_mw,17475c76bb113830b75e3a7c706af28b6998cefdc572d5534da981f04c3b1120,"{""distance"":7,""physical_error_rate"":0.2}","{""detection_events"":17398,""detectors_checked"":45360,""obs_mistake_mask=E"":25}"
        24,        17,         0,    1.51,exact_mw,ada1cdd99d5b433e01b834099c62e19c5a7190a249d6efcd9b92e36879454d7b,"{""distance"":7,""physical_error_rate"":0.5}","{""detection_events"":9832,""detectors_checked"":19440,""obs_mistake_mask=E"":17}"
        96,         0,         0,    2.01,exact_mw,a39d26a9c85ff1858873bfad720922f64799219ac1b945519c1902b92db90de0,"{""distance"":7,""physical_error_rate"":0.005}","{""detection_events"":1349,""detectors_checked"":77760}"
        32,         0,         0,    1.10,exact_mw,1713bc804565c0b42ca58c93310b033f01c41dd72e5e9cac9fe58a9188a19ab7,"{""distance"":7,""physical_error_rate"":0.01}","{""detection_events"":916,""detectors_checked"":25920}"
        64,         0,         0,    1.54,exact_mw,a39d26a9c85ff1858873bfad720922f64799219ac1b945519c1902b92db90de0,"{""distance"":7,""physical_error_rate"":0.005}","{""detection_events"":923,""detectors_checked"":51840}"
        32,         0,         0,    1.16,exact_mw,1713bc804565c0b42ca58c93310b033f01c41dd72e5e9cac9fe58a9188a19ab7,"{""distance"":7,""physical_error_rate"":0.01}","{""detection_events"":953,""detectors_checked"":25920}"
       512,         0,         0,    1.02,exact_mw,d2cc2b129abad1f985b8639603638d6030a837aa2fe57172dffdf28919c1c286,"{""distance"":7,""physical_error_rate"":0.001}","{""detection_events"":1555,""detectors_checked"":414720}"
        32,         1,         0,    1.46,exact_mw,07230310c167a8a58090586f32b373a58fa307b800b0f38cc129dec8518e6258,"{""distance"":7,""physical_error_rate"":0.02}","{""detection_events"":1790,""detectors_checked"":25920,""obs_mistake_mask=E"":1}"
       256,         0,         0,    1.81,exact_mw,98ed6542f5a75ebddbda0ed622fb597fbc85d0a75d139587b6be9a08147ba42d,"{""distance"":7,""physical_error_rate"":0.002}","{""detection_events"":1503,""detectors_checked"":207360}"
       128,         0,         0,    4.45,exact_mw,1713bc804565c0b42ca58c93310b033f01c41dd72e5e9cac9fe58a9188a19ab7,"{""distance"":7,""physical_error_rate"":0.01}","{""detection_events"":3692,""detectors_checked"":103680}"
      9216,         0,         0,    3.04,exact_mw,8c54babb212143042928b0eca3852c18ac799bf66eb488a668303745c8494fc5,"{""distance"":7,""physical_error_rate"":0.0005}","{""detection_events"":14076,""detectors_checked"":7464960}"
        64,        16,         0,    3.33,exact_mw,bef67c2527ad51595e418cf30d8716541525c85f29404769715fc39af85a0852,"{""distance"":7,""physical_error_rate"":0.05}","{""detection_events"":7891,""detectors_checked"":51840,""obs_mistake_mask=E"":16}"
    282624,         0,         0,    4.25,exact_mw,a212c24da5b34f1b60580734e5e54c4073e302b219bc7e486ff8edc698604c9e,"{""distance"":7,""physical_error_rate"":5e-05}","{""detection_events"":42735,""detectors_checked"":228925440}"
      6144,         0,         0,    2.16,exact_mw,8c54babb212143042928b0eca3852c18ac799bf66eb488a668303745c8494fc5,"{""distance"":7,""physical_error_rate"":0.0005}","{""detection_events"":9358,""detectors_checked"":4976640}"
       640,         0,         0,    4.33,exact_mw,98ed6542f5a75ebddbda0ed622fb597fbc85d0a75d139587b6be9a08147ba42d,"{""distance"":7,""physical_error_rate"":0.002}","{""detection_events"":3794,""detectors_checked"":518400}"
       192,         0,         0,    1.74,exact_mw,98ed6542f5a75ebddbda0ed622fb597fbc85d0a75d139587b6be9a08147ba42d,"{""distance"":7,""physical_error_rate"":0.002}","{""detection_events"":1291,""detectors_checked"":155520}"
        48,        25,         0,    3.10,exact_mw,ada1cdd99d5b433e01b834099c62e19c5a7190a249d6efcd9b92e36879454d7b,"{""distance"":7,""physical_error_rate"":0.5}","{""detection_events"":19572,""detectors_checked"":38880,""obs_mistake_mask=E"":25}"
        56,        29,         0,    3.33,exact_mw,17475c76bb113830b75e3a7c706af28b6998cefdc572d5534da981f04c3b1120,"{""distance"":7,""physical_error_rate"":0.2}","{""detection_events"":17495,""detectors_checked"":45360,""obs_mistake_mask=E"":29}"
       192,         0,         0,    1.56,exact_mw,98ed6542f5a75ebddbda0ed622fb597fbc85d0a75d139587b6be9a08147ba42d,"{""distance"":7,""physical_error_rate"":0.002}","{""detection_events"":1209,""detectors_checked"":155520}"
        40,        19,         0,    2.46,exact_mw,17475c76bb113830b75e3a7c706af28b6998cefdc572d5534da981f04c3b1120,"{""distance"":7,""physical_error_rate"":0.2}","{""detection_events"":12606,""detectors_checked"":32400,""obs_mistake_mask=E"":19}"
        64,         0,         0,    1.35,exact_mw,a39d26a9c85ff1858873bfad720922f64799219ac1b945519c1902b92db90de0,"{""distance"":7,""physical_error_rate"":0.005}","{""detection_events"":934,""detectors_checked"":51840}"
        64,         0,         0,    3.34,exact_mw,07230310c167a8a58090586f32b373a58fa307b800b0f38cc129dec8518e6258,"{""distance"":7,""physical_error_rate"":0.02}","{""detection_events"":3723,""detectors_checked"":51840}"
        32,         0,         0,    1.21,exact_mw,1713bc804565c0b42ca58c93310b033f01c41dd72e5e9cac9fe58a9188a19ab7,"{""distance"":7,""physical_error_rate"":0.01}","{""detection_events"":947,""detectors_checked"":25920}"
        40,        16,         0,    2.35,exact_mw,084990f003f4e006f7af613a3996eb104ebeb5f3c5c9154910fee9e5019bb6a7,"{""distance"":7,""physical_error_rate"":0.1}","{""detection_events"":8271,""detectors_checked"":32400,""obs_mistake_mask=E"":16}"
        40,         1,         0,    1.82,exact_mw,07230310c167a8a58090586f32b373a58fa307b800b0f38cc129dec8518e6258,"{""distance"":7,""physical_error_rate"":0.02}","{""detection_events"":2153,""detectors_checked"":32400,""obs_mistake_mask=E"":1}"
       768,         0,         0,    1.25,exact_mw,d2cc2b129abad1f985b8639603638d6030a837aa2fe57172dffdf28919c1c286,"{""distance"":7,""physical_error_rate"":0.001}","{""detection_events"":2315,""detectors_checked"":622080}"
        32,         0,         0,    1.31,exact_mw,1713bc804565c0b42ca58c93310b033f01c41dd72e5e9cac9fe58a9188a19ab7,"{""distance"":7,""physical_error_rate"":0.01}","{""detection_events"":952,""detectors_checked"":25920}"
    199680,         0,         0,    3.03,exact_mw,a212c24da5b34f1b60580734e5e54c4073e302b219bc7e486ff8edc698604c9e,"{""distance"":7,""physical_error_rate"":5e-05}","{""detection_events"":30739,""detectors_checked"":161740800}"
        56,        22,         0,    3.13,exact_mw,084990f003f4e006f7af613a3996eb104ebeb5f3c5c9154910fee9e5019bb6a7,"{""distance"":7,""physical_error_rate"":0.1}","{""detection_events"":11481,""detectors_checked"":45360,""obs_mistake_mask=E"":22}"
      1024,         0,         0,    1.92,exact_mw,d2cc2b129abad1f985b8639603638d6030a837aa2fe57172dffdf28919c1c286,"{""distance"":7,""physical_error_rate"":0.001}","{""detection_events"":3131,""detectors_checked"":829440}"
     10240,         0,         0,    3.33,exact_mw,8c54babb212143042928b0eca3852c18ac799bf66eb488a668303745c8494fc5,"{""distance"":7,""physical_error_rate"":0.0005}","{""detection_events"":15470,""detectors_checked"":8294400}"
        48,         5,         0,    2.54,exact_mw,bef67c2527ad51595e418cf30d8716541525c85f29404769715fc39af85a0852,"{""distance"":7,""physical_error_rate"":0.05}","{""detection_events"":5803,""detectors_checked"":38880,""obs_mistake_mask=E"":5}"
        56,        27,         0,    3.42,exact_mw,084990f003f4e006f7af613a3996eb104ebeb5f3c5c9154910fee9e5019bb6a7,"{""distance"":7,""physical_error_rate"":0.1}","{""detection_events"":11599,""detectors_checked"":45360,""obs_mistake_mask=E"":27}"
        88,        13,         0,    4.54,exact_mw,bef67c2527ad51595e418cf30d8716541525c85f29404769715fc39af85a0852,"{""distance"":7,""physical_error_rate"":0.05}","{""detection_events"":10847,""detectors_checked"":71280,""obs_mistake_mask=E"":13}"
    105472,         0,         0,    4.27,exact_mw,26ede523e6354ffb917e832246591ea54a1b9969785b9947b95e2ebb539e2476,"{""distance"":7,""physical_error_rate"":0.0002}","{""detection_events"":63317,""detectors_checked"":85432320}"
        80,        29,         0,    4.65,exact_mw,084990f003f4e006f7af613a3996eb104ebeb5f3c5c9154910fee9e5019bb6a7,"{""distance"":7,""physical_error_rate"":0.1}","{""detection_events"":16351,""detectors_checked"":64800,""obs_mistake_mask=E"":29}"
     74752,         0,         0,    3.06,exact_mw,26ede523e6354ffb917e832246591ea54a1b9969785b9947b95e2ebb539e2476,"{""distance"":7,""physical_error_rate"":0.0002}","{""detection_events"":45633,""detectors_checked"":60549120}"
        32,        13,         0,    2.01,exact_mw,ada1cdd99d5b433e01b834099c62e19c5a7190a249d6efcd9b92e36879454d7b,"{""distance"":7,""physical_error_rate"":0.5}","{""detection_events"":12788,""detectors_checked"":25920,""obs_mistake_mask=E"":13}"
        40,        20,         0,    2.46,exact_mw,17475c76bb113830b75e3a7c706af28b6998cefdc572d5534da981f04c3b1120,"{""distance"":7,""physical_error_rate"":0.2}","{""detection_events"":12526,""detectors_checked"":32400,""obs_mistake_mask=E"":20}"
        96,         0,         0,    1.92,exact_mw,a39d26a9c85ff1858873bfad720922f64799219ac1b945519c1902b92db90de0,"{""distance"":7,""physical_error_rate"":0.005}","{""detection_events"":1373,""detectors_checked"":77760}"
        48,        23,         0,    3.06,exact_mw,ada1cdd99d5b433e01b834099c62e19c5a7190a249d6efcd9b92e36879454d7b,"{""distance"":7,""physical_error_rate"":0.5}","{""detection_events"":19537,""detectors_checked"":38880,""obs_mistake_mask=E"":23}"
        40,         0,         0,    1.89,exact_mw,07230310c167a8a58090586f32b373a58fa307b800b0f38cc129dec8518e6258,"{""distance"":7,""physical_error_rate"":0.02}","{""detection_events"":2321,""detectors_checked"":32400}"
        72,         1,         0,    3.37,exact_mw,07230310c167a8a58090586f32b373a58fa307b800b0f38cc129dec8518e6258,"{""distance"":7,""physical_error_rate"":0.02}","{""detection_events"":3931,""detectors_checked"":58320,""obs_mistake_mask=E"":1}"
    308224,         0,         0,    5.92,exact_mw,92a9cd959715f3d5685c6265974e573ec36ff2f173f7490ff1393041d63371cf,"{""distance"":7,""physical_error_rate"":0.0001}","{""detection_events"":93510,""detectors_checked"":249661440}"
        96,         0,         0,    2.29,exact_mw,a39d26a9c85ff1858873bfad720922f64799219ac1b945519c1902b92db90de0,"{""distance"":7,""physical_error_rate"":0.005}","{""detection_events"":1461,""detectors_checked"":77760}"
    282624,         0,         0,    4.25,exact_mw,a212c24da5b34f1b60580734e5e54c4073e302b219bc7e486ff8edc698604c9e,"{""distance"":7,""physical_error_rate"":5e-05}","{""detection_events"":42990,""detectors_checked"":228925440}"
     73728,         0,         0,    3.05,exact_mw,26ede523e6354ffb917e832246591ea54a1b9969785b9947b95e2ebb539e2476,"{""distance"":7,""physical_error_rate"":0.0002}","{""detection_events"":45232,""detectors_checked"":59719680}"
        48,         0,         0,    1.59,exact_mw,1713bc804565c0b42ca58c93310b033f01c41dd72e5e9cac9fe58a9188a19ab7,"{""distance"":7,""physical_error_rate"":0.01}","{""detection_events"":1420,""detectors_checked"":38880}"
        96,         0,         0,    2.00,exact_mw,a39d26a9c85ff1858873bfad720922f64799219ac1b945519c1902b92db90de0,"{""distance"":7,""physical_error_rate"":0.005}","{""detection_events"":1453,""detectors_checked"":77760}"
        48,         0,         0,    1.88,exact_mw,1713bc804565c0b42ca58c93310b033f01c41dd72e5e9cac9fe58a9188a19ab7,"{""distance"":7,""physical_error_rate"":0.01}","{""detection_events"":1441,""detectors_checked"":38880}"
       320,         0,         0,    2.24,exact_mw,98ed6542f5a75ebddbda0ed622fb597fbc85d0a75d139587b6be9a08147ba42d,"{""distance"":7,""physical_error_rate"":0.002}","{""detection_events"":1835,""detectors_checked"":259200}"
      1024,         0,         0,    1.82,exact_mw,d2cc2b129abad1f985b8639603638d6030a837aa2fe57172dffdf28919c1c286,"{""distance"":7,""physical_error_rate"":0.001}","{""detection_events"":3173,""detectors_checked"":829440}"
       384,         1,         0,    3.17,exact_mw,98ed6542f5a75ebddbda0ed622fb597fbc85d0a75d139587b6be9a08147ba42d,"{""distance"":7,""physical_error_rate"":0.002}","{""detection_events"":2425,""detectors_checked"":311040,""obs_mistake_mask=E"":1}"
       320,         0,         0,    2.51,exact_mw,98ed6542f5a75ebddbda0ed622fb597fbc85d0a75d139587b6be9a08147ba42d,"{""distance"":7,""physical_error_rate"":0.002}","{""detection_events"":1889,""detectors_checked"":259200}"
        48,         1,         0,    2.23,exact_mw,07230310c167a8a58090586f32b373a58fa307b800b0f38cc129dec8518e6258,"{""distance"":7,""physical_error_rate"":0.02}","{""detection_events"":2554,""detectors_checked"":38880,""obs_mistake_mask=E"":1}"
    447488,         0,         0,    8.34,exact_mw,92a9cd959715f3d5685c6265974e573ec36ff2f173f7490ff1393041d63371cf,"{""distance"":7,""physical_error_rate"":0.0001}","{""detection_events"":137142,""detectors_checked"":362465280}"
       288,         0,         0,    6.05,exact_mw,a39d26a9c85ff1858873bfad720922f64799219ac1b945519c1902b92db90de0,"{""distance"":7,""physical_error_rate"":0.005}","{""detection_events"":4408,""detectors_checked"":233280}"
       640,         0,         0,    4.51,exact_mw,98ed6542f5a75ebddbda0ed622fb597fbc85d0a75d139587b6be9a08147ba42d,"{""distance"":7,""physical_error_rate"":0.002}","{""detection_events"":3747,""detectors_checked"":518400}"
     10240,         0,         0,    3.16,exact_mw,8c54babb212143042928b0eca3852c18ac799bf66eb488a668303745c8494fc5,"{""distance"":7,""physical_error_rate"":0.0005}","{""detection_events"":15608,""detectors_checked"":8294400}"
    545792,         0,         0,    8.32,exact_mw,a212c24da5b34f1b60580734e5e54c4073e302b219bc7e486ff8edc698604c9e,"{""distance"":7,""physical_error_rate"":5e-05}","{""detection_events"":83374,""detectors_checked"":442091520}"
        96,         0,         0,    2.29,exact_mw,a39d26a9c85ff1858873bfad720922f64799219ac1b945519c1902b92db90de0,"{""distance"":7,""physical_error_rate"":0.005}","{""detection_events"":1489,""detectors_checked"":77760}"
        72,        40,         0,    4.47,exact_mw,17475c76bb113830b75e3a7c706af28b6998cefdc572d5534da981f04c3b1120,"{""distance"":7,""physical_error_rate"":0.2}","{""detection_events"":22594,""detectors_checked"":58320,""obs_mistake_mask=E"":40}"
        88,         8,         0,    4.67,exact_mw,bef67c2527ad51595e418cf30d8716541525c85f29404769715fc39af85a0852,"{""distance"":7,""physical_error_rate"":0.05}","{""detection_events"":10951,""detectors_checked"":71280,""obs_mistake_mask=E"":8}"
        56,        20,         0,    3.35,exact_mw,17475c76bb113830b75e3a7c706af28b6998cefdc572d5534da981f04c3b1120,"{""distance"":7,""physical_error_rate"":0.2}","{""detection_events"":17339,""detectors_checked"":45360,""obs_mistake_mask=E"":20}"
        40,        17,         0,    2.51,exact_mw,ada1cdd99d5b433e01b834099c62e19c5a7190a249d6efcd9b92e36879454d7b,"{""distance"":7,""physical_error_rate"":0.5}","{""detection_events"":16275,""detectors_checked"":32400,""obs_mistake_mask=E"":17}"
      1792,         0,         0,    2.86,exact_mw,d2cc2b129abad1f985b8639603638d6030a837aa2fe57172dffdf28919c1c286,"{""distance"":7,""physical_error_rate"":0.001}","{""detection_events"":5398,""detectors_checked"":1451520}"
     12288,         1,         0,    4.33,exact_mw,8c54babb212143042928b0eca3852c18ac799bf66eb488a668303745c8494fc5,"{""distance"":7,""physical_error_rate"":0.0005}","{""detection_events"":18815,""detectors_checked"":9953280,""obs_mistake_mask=E"":1}"
        56,         0,         0,    2.53,exact_mw,07230310c167a8a58090586f32b373a58fa307b800b0f38cc129dec8518e6258,"{""distance"":7,""physical_error_rate"":0.02}","{""detection_events"":3031,""detectors_checked"":45360}"
        56,        23,         0,    3.31,exact_mw,084990f003f4e006f7af613a3996eb104ebeb5f3c5c9154910fee9e5019bb6a7,"{""distance"":7,""physical_error_rate"":0.1}","{""detection_events"":11575,""detectors_checked"":45360,""obs_mistake_mask=E"":23}"
        64,         6,         0,    3.39,exact_mw,bef67c2527ad51595e418cf30d8716541525c85f29404769715fc39af85a0852,"{""distance"":7,""physical_error_rate"":0.05}","{""detection_events"":7758,""detectors_checked"":51840,""obs_mistake_mask=E"":6}"
        72,        41,         0,    4.30,exact_mw,17475c76bb113830b75e3a7c706af28b6998cefdc572d5534da981f04c3b1120,"{""distance"":7,""physical_error_rate"":0.2}","{""detection_events"":22216,""detectors_checked"":58320,""obs_mistake_mask=E"":41}"
        88,        19,         0,    4.63,exact_mw,bef67c2527ad51595e418cf30d8716541525c85f29404769715fc39af85a0852,"{""distance"":7,""physical_error_rate"":0.05}","{""detection_events"":11021,""detectors_checked"":71280,""obs_mistake_mask=E"":19}"
       128,         0,         0,    3.07,exact_mw,a39d26a9c85ff1858873bfad720922f64799219ac1b945519c1902b92db90de0,"{""distance"":7,""physical_error_rate"":0.005}","{""detection_events"":1905,""detectors_checked"":103680}"
        56,        32,         0,    3.47,exact_mw,17475c76bb113830b75e3a7c706af28b6998cefdc572d5534da981f04c3b1120,"{""distance"":7,""physical_error_rate"":0.2}","{""detection_events"":17509,""detectors_checked"":45360,""obs_mistake_mask=E"":32}"
       128,         0,         0,    2.49,exact_mw,a39d26a9c85ff1858873bfad720922f64799219ac1b945519c1902b92db90de0,"{""distance"":7,""physical_error_rate"":0.005}","{""detection_events"":1882,""detectors_checked"":103680}"
        88,         1,         0,    4.48,exact_mw,07230310c167a8a58090586f32b373a58fa307b800b0f38cc129dec8518e6258,"{""distance"":7,""physical_error_rate"":0.02}","{""detection_events"":4808,""detectors_checked"":71280,""obs_mistake_mask=E"":1}"
        72,        31,         0,    4.62,exact_mw,ada1cdd99d5b433e01b834099c62e19c5a7190a249d6efcd9b92e36879454d7b,"{""distance"":7,""physical_error_rate"":0.5}","{""detection_events"":29144,""detectors_checked"":58320,""obs_mistake_mask=E"":31}"
    280576,         0,         0,    4.27,exact_mw,a212c24da5b34f1b60580734e5e54c4073e302b219bc7e486ff8edc698604c9e,"{""distance"":7,""physical_error_rate"":5e-05}","{""detection_events"":42265,""detectors_checked"":227266560}"
      1280,         0,         0,    2.52,exact_mw,d2cc2b129abad1f985b8639603638d6030a837aa2fe57172dffdf28919c1c286,"{""distance"":7,""physical_error_rate"":0.001}","{""detection_events"":4022,""detectors_checked"":1036800}"
        80,         0,         0,    2.77,exact_mw,1713bc804565c0b42ca58c93310b033f01c41dd72e5e9cac9fe58a9188a19ab7,"{""distance"":7,""physical_error_rate"":0.01}","{""detection_events"":2323,""detectors_checked"":64800}"
        64,         0,         0,    2.65,exact_mw,1713bc804565c0b42ca58c93310b033f01c41dd72e5e9cac9fe58a9188a19ab7,"{""distance"":7,""physical_error_rate"":0.01}","{""detection_events"":1961,""detectors_checked"":51840}"
        80,        33,         0,    4.50,exact_mw,084990f003f4e006f7af613a3996eb104ebeb5f3c5c9154910fee9e5019bb6a7,"{""distance"":7,""physical_error_rate"":0.1}","{""detection_events"":16523,""detectors_checked"":64800,""obs_mistake_mask=E"":33}"
     13312,         0,         0,    4.46,exact_mw,8c54babb212143042928b0eca3852c18ac799bf66eb488a668303745c8494fc5,"{""distance"":7,""physical_error_rate"":0.0005}","{""detection_events"":20428,""detectors_checked"":10782720}"
        72,        36,         0,    4.37,exact_mw,084990f003f4e006f7af613a3996eb104ebeb5f3c5c9154910fee9e5019bb6a7,"{""distance"":7,""physical_error_rate"":0.1}","{""detection_events"":14927,""detectors_checked"":58320,""obs_mistake_mask=E"":36}"
    100352,         0,         0,    4.27,exact_mw,26ede523e6354ffb917e832246591ea54a1b9969785b9947b95e2ebb539e2476,"{""distance"":7,""physical_error_rate"":0.0002}","{""detection_events"":60851,""detectors_checked"":81285120}"
     26624,         0,         0,    8.53,exact_mw,8c54babb212143042928b0eca3852c18ac799bf66eb488a668303745c8494fc5,"{""distance"":7,""physical_error_rate"":0.0005}","{""detection_events"":39898,""detectors_checked"":21565440}"
       176,         0,         0,    6.24,exact_mw,1713bc804565c0b42ca58c93310b033f01c41dd72e5e9cac9fe58a9188a19ab7,"{""distance"":7,""physical_error_rate"":0.01}","{""detection_events"":5009,""detectors_checked"":142560}"
       448,         0,         0,    3.28,exact_mw,98ed6542f5a75ebddbda0ed622fb597fbc85d0a75d139587b6be9a08147ba42d,"{""distance"":7,""physical_error_rate"":0.002}","{""detection_events"":2633,""detectors_checked"":362880}"
       384,         0,         0,    3.16,exact_mw,98ed6542f5a75ebddbda0ed622fb597fbc85d0a75d139587b6be9a08147ba42d,"{""distance"":7,""physical_error_rate"":0.002}","{""detection_events"":2272,""detectors_checked"":311040}"
       448,         0,         0,    3.11,exact_mw,98ed6542f5a75ebddbda0ed622fb597fbc85d0a75d139587b6be9a08147ba42d,"{""distance"":7,""physical_error_rate"":0.002}","{""detection_events"":2630,""detectors_checked"":362880}"
        64,         4,         0,    3.05,exact_mw,07230310c167a8a58090586f32b373a58fa307b800b0f38cc129dec8518e6258,"{""distance"":7,""physical_error_rate"":0.02}","{""detection_events"":3629,""detectors_checked"":51840,""obs_mistake_mask=E"":4}"
    221184,         0,         0,    8.38,exact_mw,26ede523e6354ffb917e832246591ea54a1b9969785b9947b95e2ebb539e2476,"{""distance"":7,""physical_error_rate"":0.0002}","{""detection_events"":134452,""detectors_checked"":179159040}"
        72,        30,         0,    4.58,exact_mw,ada1cdd99d5b433e01b834099c62e19c5a7190a249d6efcd9b92e36879454d7b,"{""distance"":7,""physical_error_rate"":0.5}","{""detection_events"":29250,""detectors_checked"":58320,""obs_mistake_mask=E"":30}"
    393216,         0,         0,    5.96,exact_mw,a212c24da5b34f1b60580734e5e54c4073e302b219bc7e486ff8edc698604c9e,"{""distance"":7,""physical_error_rate"":5e-05}","{""detection_events"":60563,""detectors_checked"":318504960}"
        96,         1,         0,    4.58,exact_mw,07230310c167a8a58090586f32b373a58fa307b800b0f38cc129dec8518e6258,"{""distance"":7,""physical_error_rate"":0.02}","{""detection_events"":5312,""detectors_checked"":77760,""obs_mistake_mask=E"":1}"
    108544,         0,         0,    4.29,exact_mw,26ede523e6354ffb917e832246591ea54a1b9969785b9947b95e2ebb539e2476,"{""distance"":7,""physical_error_rate"":0.0002}","{""detection_events"":66425,""detectors_checked"":87920640}"
       640,         0,         0,    6.21,exact_mw,98ed6542f5a75ebddbda0ed622fb597fbc85d0a75d139587b6be9a08147ba42d,"{""distance"":7,""physical_error_rate"":0.002}","{""detection_events"":4026,""detectors_checked"":518400}"
       160,         0,         0,    3.23,exact_mw,a39d26a9c85ff1858873bfad720922f64799219ac1b945519c1902b92db90de0,"{""distance"":7,""physical_error_rate"":0.005}","{""detection_events"":2366,""detectors_checked"":129600}"
    150528,         0,         0,    5.97,exact_mw,26ede523e6354ffb917e832246591ea54a1b9969785b9947b95e2ebb539e2476,"{""distance"":7,""physical_error_rate"":0.0002}","{""detection_events"":91214,""detectors_checked"":121927680}"
       104,        39,         0,    6.00,exact_mw,084990f003f4e006f7af613a3996eb104ebeb5f3c5c9154910fee9e5019bb6a7,"{""distance"":7,""physical_error_rate"":0.1}","{""detection_events"":21395,""detectors_checked"":84240,""obs_mistake_mask=E"":39}"
        56,        29,         0,    3.53,exact_mw,ada1cdd99d5b433e01b834099c62e19c5a7190a249d6efcd9b92e36879454d7b,"{""distance"":7,""physical_error_rate"":0.5}","{""detection_events"":22639,""detectors_checked"":45360,""obs_mistake_mask=E"":29}"
       120,        16,         0,    6.17,exact_mw,bef67c2527ad51595e418cf30d8716541525c85f29404769715fc39af85a0852,"{""distance"":7,""physical_error_rate"":0.05}","{""detection_events"":14615,""detectors_checked"":97200,""obs_mistake_mask=E"":16}"
      2048,         0,         0,    3.67,exact_mw,d2cc2b129abad1f985b8639603638d6030a837aa2fe57172dffdf28919c1c286,"{""distance"":7,""physical_error_rate"":0.001}","{""detection_events"":6121,""detectors_checked"":1658880}"
      4608,         0,         0,    8.47,exact_mw,d2cc2b129abad1f985b8639603638d6030a837aa2fe57172dffdf28919c1c286,"{""distance"":7,""physical_error_rate"":0.001}","{""detection_events"":13986,""detectors_checked"":3732480}"
        80,         0,         0,    3.66,exact_mw,07230310c167a8a58090586f32b373a58fa307b800b0f38cc129dec8518e6258,"{""distance"":7,""physical_error_rate"":0.02}","{""detection_events"":4407,""detectors_checked"":64800}"
     13312,         0,         0,    4.46,exact_mw,8c54babb212143042928b0eca3852c18ac799bf66eb488a668303745c8494fc5,"{""distance"":7,""physical_error_rate"":0.0005}","{""detection_events"":20035,""detectors_checked"":10782720}"
    398336,         0,         0,    5.94,exact_mw,a212c24da5b34f1b60580734e5e54c4073e302b219bc7e486ff8edc698604c9e,"{""distance"":7,""physical_error_rate"":5e-05}","{""detection_events"":60482,""detectors_checked"":322652160}"
         1,         0,         0,   0.353,exact_mw,07230310c167a8a58090586f32b373a58fa307b800b0f38cc129dec8518e6258,"{""distance"":7,""physical_error_rate"":0.02}","{""detection_events"":46,""detectors_checked"":810}"
        72,        36,         0,    4.31,exact_mw,17475c76bb113830b75e3a7c706af28b6998cefdc572d5534da981f04c3b1120,"{""distance"":7,""physical_error_rate"":0.2}","{""detection_events"":22509,""detectors_checked"":58320,""obs_mistake_mask=E"":36}"
         1,         0,         0,   0.384,exact_mw,07230310c167a8a58090586f32b373a58fa307b800b0f38cc129dec8518e6258,"{""distance"":7,""physical_error_rate"":0.02}","{""detection_events"":49,""detectors_checked"":810}"
      1792,         0,         0,    3.26,exact_mw,d2cc2b129abad1f985b8639603638d6030a837aa2fe57172dffdf28919c1c286,"{""distance"":7,""physical_error_rate"":0.001}","{""detection_events"":5486,""detectors_checked"":1451520}"
        96,         0,         0,    3.24,exact_mw,1713bc804565c0b42ca58c93310b033f01c41dd72e5e9cac9fe58a9188a19ab7,"{""distance"":7,""physical_error_rate"":0.01}","{""detection_events"":2790,""detectors_checked"":77760}"
         1,         0,         0,   0.382,exact_mw,07230310c167a8a58090586f32b373a58fa307b800b0f38cc129dec8518e6258,"{""distance"":7,""physical_error_rate"":0.02}","{""detection_events"":55,""detectors_checked"":810}"
       160,         0,         0,    3.82,exact_mw,a39d26a9c85ff1858873bfad720922f64799219ac1b945519c1902b92db90de0,"{""distance"":7,""physical_error_rate"":0.005}","{""detection_events"":2437,""detectors_checked"":129600}"
        80,        46,         0,    4.69,exact_mw,084990f003f4e006f7af613a3996eb104ebeb5f3c5c9154910fee9e5019bb6a7,"{""distance"":7,""physical_error_rate"":0.1}","{""detection_events"":16521,""detectors_checked"":64800,""obs_mistake_mask=E"":46}"
        96,         0,         0,    3.56,exact_mw,1713bc804565c0b42ca58c93310b033f01c41dd72e5e9cac9fe58a9188a19ab7,"{""distance"":7,""physical_error_rate"":0.01}","{""detection_events"":2919,""detectors_checked"":77760}"
        80,        16,         0,    4.26,exact_mw,bef67c2527ad51595e418cf30d8716541525c85f29404769715fc39af85a0852,"{""distance"":7,""physical_error_rate"":0.05}","{""detection_events"":9758,""detectors_checked"":64800,""obs_mistake_mask=E"":16}"
         1,         0,         0,   0.385,exact_mw,07230310c167a8a58090586f32b373a58fa307b800b0f38cc129dec8518e6258,"{""distance"":7,""physical_error_rate"":0.02}","{""detection_events"":64,""detectors_checked"":810}"
       192,         0,         0,    4.36,exact_mw,a39d26a9c85ff1858873bfad720922f64799219ac1b945519c1902b92db90de0,"{""distance"":7,""physical_error_rate"":0.005}","{""detection_events"":2878,""detectors_checked"":155520}"
        72,        41,         0,    4.35,exact_mw,17475c76bb113830b75e3a7c706af28b6998cefdc572d5534da981f04c3b1120,"{""distance"":7,""physical_error_rate"":0.2}","{""detection_events"":22591,""detectors_checked"":58320,""obs_mistake_mask=E"":41}"
         1,         0,         0,   0.384,exact_mw,07230310c167a8a58090586f32b373a58fa307b800b0f38cc129dec8518e6258,"{""distance"":7,""physical_error_rate"":0.02}","{""detection_events"":42,""detectors_checked"":810}"
       832,         1,         0,    6.27,exact_mw,98ed6542f5a75ebddbda0ed622fb597fbc85d0a75d139587b6be9a08147ba42d,"{""distance"":7,""physical_error_rate"":0.002}","{""detection_events"":5123,""detectors_checked"":673920,""obs_mistake_mask=E"":1}"
         1,         0,         0,   0.446,exact_mw,07230310c167a8a58090586f32b373a58fa307b800b0f38cc129dec8518e6258,"{""distance"":7,""physical_error_rate"":0.02}","{""detection_events"":75,""detectors_checked"":810}"
       104,        49,         0,    6.24,exact_mw,17475c76bb113830b75e3a7c706af28b6998cefdc572d5534da981f04c3b1120,"{""distance"":7,""physical_error_rate"":0.2}","{""detection_events"":32632,""detectors_checked"":84240,""obs_mistake_mask=E"":49}"
       120,        12,         0,    6.34,exact_mw,bef67c2527ad51595e418cf30d8716541525c85f29404769715fc39af85a0852,"{""distance"":7,""physical_error_rate"":0.05}","{""detection_events"":14743,""detectors_checked"":97200,""obs_mistake_mask=E"":12}"
    456704,         0,         0,    8.33,exact_mw,92a9cd959715f3d5685c6265974e573ec36ff2f173f7490ff1393041d63371cf,"{""distance"":7,""physical_error_rate"":0.0001}","{""detection_events"":138860,""detectors_checked"":369930240}"
         1,         0,         0,   0.385,exact_mw,07230310c167a8a58090586f32b373a58fa307b800b0f38cc129dec8518e6258,"{""distance"":7,""physical_error_rate"":0.02}","{""detection_events"":52,""detectors_checked"":810}"
       640,         0,         0,    4.36,exact_mw,98ed6542f5a75ebddbda0ed622fb597fbc85d0a75d139587b6be9a08147ba42d,"{""distance"":7,""physical_error_rate"":0.002}","{""detection_events"":3843,""detectors_checked"":518400}"
     18432,         0,         0,    6.40,exact_mw,8c54babb212143042928b0eca3852c18ac799bf66eb488a668303745c8494fc5,"{""distance"":7,""physical_error_rate"":0.0005}","{""detection_events"":28215,""detectors_checked"":14929920}"
       576,         0,         0,    4.50,exact_mw,98ed6542f5a75ebddbda0ed622fb597fbc85d0a75d139587b6be9a08147ba42d,"{""distance"":7,""physical_error_rate"":0.002}","{""detection_events"":3483,""detectors_checked"":466560}"
        96,         0,         0,    4.48,exact_mw,07230310c167a8a58090586f32b373a58fa307b800b0f38cc129dec8518e6258,"{""distance"":7,""physical_error_rate"":0.02}","{""detection_events"":5265,""detectors_checked"":77760}"
         1,         0,         0,   0.385,exact_mw,07230310c167a8a58090586f32b373a58fa307b800b0f38cc129dec8518e6258,"{""distance"":7,""physical_error_rate"":0.02}","{""detection_events"":43,""detectors_checked"":810}"
       704,         0,         0,    4.81,exact_mw,98ed6542f5a75ebddbda0ed622fb597fbc85d0a75d139587b6be9a08147ba42d,"{""distance"":7,""physical_error_rate"":0.002}","{""detection_events"":4106,""detectors_checked"":570240}"
       104,        47,         0,    6.27,exact_mw,17475c76bb113830b75e3a7c706af28b6998cefdc572d5534da981f04c3b1120,"{""distance"":7,""physical_error_rate"":0.2}","{""detection_events"":32494,""detectors_checked"":84240,""obs_mistake_mask=E"":47}"
       120,        17,         0,    6.27,exact_mw,bef67c2527ad51595e418cf30d8716541525c85f29404769715fc39af85a0852,"{""distance"":7,""physical_error_rate"":0.05}","{""detection_events"":14697,""detectors_checked"":97200,""obs_mistake_mask=E"":17}"
       120,         4,         0,    6.07,exact_mw,07230310c167a8a58090586f32b373a58fa307b800b0f38cc129dec8518e6258,"{""distance"":7,""physical_error_rate"":0.02}","{""detection_events"":6581,""detectors_checked"":97200,""obs_mistake_mask=E"":4}"
         1,         0,         0,   0.448,exact_mw,07230310c167a8a58090586f32b373a58fa307b800b0f38cc129dec8518e6258,"{""distance"":7,""physical_error_rate"":0.02}","{""detection_events"":64,""detectors_checked"":810}"
    392192,         0,         0,    5.92,exact_mw,a212c24da5b34f1b60580734e5e54c4073e302b219bc7e486ff8edc698604c9e,"{""distance"":7,""physical_error_rate"":5e-05}","{""detection_events"":59968,""detectors_checked"":317675520}"
        96,        49,         0,    6.15,exact_mw,ada1cdd99d5b433e01b834099c62e19c5a7190a249d6efcd9b92e36879454d7b,"{""distance"":7,""physical_error_rate"":0.5}","{""detection_events"":39049,""detectors_checked"":77760,""obs_mistake_mask=E"":49}"
       224,         0,         0,    4.32,exact_mw,a39d26a9c85ff1858873bfad720922f64799219ac1b945519c1902b92db90de0,"{""distance"":7,""physical_error_rate"":0.005}","{""detection_events"":3348,""detectors_checked"":181440}"
       384,         0,         0,    8.42,exact_mw,a39d26a9c85ff1858873bfad720922f64799219ac1b945519c1902b92db90de0,"{""distance"":7,""physical_error_rate"":0.005}","{""detection_events"":5704,""detectors_checked"":311040}"
     16384,         0,         0,    6.10,exact_mw,8c54babb212143042928b0eca3852c18ac799bf66eb488a668303745c8494fc5,"{""distance"":7,""physical_error_rate"":0.0005}","{""detection_events"":25552,""detectors_checked"":13271040}"
    141312,         0,         0,    5.97,exact_mw,26ede523e6354ffb917e832246591ea54a1b9969785b9947b95e2ebb539e2476,"{""distance"":7,""physical_error_rate"":0.0002}","{""detection_events"":85571,""detectors_checked"":114462720}"
         9,         0,         0,   0.566,exact_mw,07230310c167a8a58090586f32b373a58fa307b800b0f38cc129dec8518e6258,"{""distance"":7,""physical_error_rate"":0.02}","{""detection_events"":552,""detectors_checked"":7290}"
       112,        49,         0,    6.31,exact_mw,084990f003f4e006f7af613a3996eb104ebeb5f3c5c9154910fee9e5019bb6a7,"{""distance"":7,""physical_error_rate"":0.1}","{""detection_events"":23101,""detectors_checked"":90720,""obs_mistake_mask=E"":49}"
        72,        33,         0,    4.54,exact_mw,ada1cdd99d5b433e01b834099c62e19c5a7190a249d6efcd9b92e36879454d7b,"{""distance"":7,""physical_error_rate"":0.5}","{""detection_events"":29214,""detectors_checked"":58320,""obs_mistake_mask=E"":33}"
       104,        52,         0,    6.46,exact_mw,084990f003f4e006f7af613a3996eb104ebeb5f3c5c9154910fee9e5019bb6a7,"{""distance"":7,""physical_error_rate"":0.1}","{""detection_events"":21730,""detectors_checked"":84240,""obs_mistake_mask=E"":52}"
        96,         2,         0,    4.45,exact_mw,07230310c167a8a58090586f32b373a58fa307b800b0f38cc129dec8518e6258,"{""distance"":7,""physical_error_rate"":0.02}","{""detection_events"":5411,""detectors_checked"":77760,""obs_mistake_mask=E"":2}"
         8,         0,         0,   0.493,exact_mw,07230310c167a8a58090586f32b373a58fa307b800b0f38cc129dec8518e6258,"{""distance"":7,""physical_error_rate"":0.02}","{""detection_events"":421,""detectors_checked"":6480}"
        96,        46,         0,    6.09,exact_mw,ada1cdd99d5b433e01b834099c62e19c5a7190a249d6efcd9b92e36879454d7b,"{""distance"":7,""physical_error_rate"":0.5}","{""detection_events"":38899,""detectors_checked"":77760,""obs_mistake_mask=E"":46}"
         1,         1,         0,   0.405,exact_mw,bef67c2527ad51595e418cf30d8716541525c85f29404769715fc39af85a0852,"{""distance"":7,""physical_error_rate"":0.05}","{""detection_events"":134,""detectors_checked"":810,""obs_mistake_mask=E"":1}"
    137216,         0,         0,    5.94,exact_mw,26ede523e6354ffb917e832246591ea54a1b9969785b9947b95e2ebb539e2476,"{""distance"":7,""physical_error_rate"":0.0002}","{""detection_events"":83258,""detectors_checked"":111144960}"
      2560,         0,         0,    4.85,exact_mw,d2cc2b129abad1f985b8639603638d6030a837aa2fe57172dffdf28919c1c286,"{""distance"":7,""physical_error_rate"":0.001}","{""detection_events"":7868,""detectors_checked"":2073600}"
       136,         2,         0,    6.31,exact_mw,07230310c167a8a58090586f32b373a58fa307b800b0f38cc129dec8518e6258,"{""distance"":7,""physical_error_rate"":0.02}","{""detection_events"":7729,""detectors_checked"":110160,""obs_mistake_mask=E"":2}"
         8,         0,         0,   0.410,exact_mw,07230310c167a8a58090586f32b373a58fa307b800b0f38cc129dec8518e6258,"{""distance"":7,""physical_error_rate"":0.02}","{""detection_events"":414,""detectors_checked"":6480}"
         1,         0,         0,   0.419,exact_mw,bef67c2527ad51595e418cf30d8716541525c85f29404769715fc39af85a0852,"{""distance"":7,""physical_error_rate"":0.05}","{""detection_events"":116,""detectors_checked"":810}"
       128,         0,         0,    4.38,exact_mw,1713bc804565c0b42ca58c93310b033f01c41dd72e5e9cac9fe58a9188a19ab7,"{""distance"":7,""physical_error_rate"":0.01}","{""detection_events"":3817,""detectors_checked"":103680}"
         1,         0,         0,   0.419,exact_mw,bef67c2527ad51595e418cf30d8716541525c85f29404769715fc39af85a0852,"{""distance"":7,""physical_error_rate"":0.05}","{""detection_events"":130,""detectors_checked"":810}"
       192,         0,         0,    4.34,exact_mw,a39d26a9c85ff1858873bfad720922f64799219ac1b945519c1902b92db90de0,"{""distance"":7,""physical_error_rate"":0.005}","{""detection_events"":2848,""detectors_checked"":155520}"
        16,         0,         0,   0.759,exact_mw,07230310c167a8a58090586f32b373a58fa307b800b0f38cc129dec8518e6258,"{""distance"":7,""physical_error_rate"":0.02}","{""detection_events"":887,""detectors_checked"":12960}"
      2816,         0,         0,    4.91,exact_mw,d2cc2b129abad1f985b8639603638d6030a837aa2fe57172dffdf28919c1c286,"{""distance"":7,""physical_error_rate"":0.001}","{""detection_events"":8498,""detectors_checked"":2280960}"
       128,         0,         0,    4.66,exact_mw,1713bc804565c0b42ca58c93310b033f01c41dd72e5e9cac9fe58a9188a19ab7,"{""distance"":7,""physical_error_rate"":0.01}","{""detection_events"":3594,""detectors_checked"":103680}"
         1,         0,         0,   0.417,exact_mw,bef67c2527ad51595e418cf30d8716541525c85f29404769715fc39af85a0852,"{""distance"":7,""physical_error_rate"":0.05}","{""detection_events"":135,""detectors_checked"":810}"
     16384,         0,         0,    6.00,exact_mw,8c54babb212143042928b0eca3852c18ac799bf66eb488a668303745c8494fc5,"{""distance"":7,""physical_error_rate"":0.0005}","{""detection_events"":25121,""detectors_checked"":13271040}"
         1,         0,         0,   0.361,exact_mw,bef67c2527ad51595e418cf30d8716541525c85f29404769715fc39af85a0852,"{""distance"":7,""physical_error_rate"":0.05}","{""detection_events"":118,""detectors_checked"":810}"
        16,         0,         0,   0.857,exact_mw,07230310c167a8a58090586f32b373a58fa307b800b0f38cc129dec8518e6258,"{""distance"":7,""physical_error_rate"":0.02}","{""detection_events"":888,""detectors_checked"":12960}"
         1,         0,         0,   0.418,exact_mw,bef67c2527ad51595e418cf30d8716541525c85f29404769715fc39af85a0852,"{""distance"":7,""physical_error_rate"":0.05}","{""detection_events"":113,""detectors_checked"":810}"
       104,        50,         0,    6.21,exact_mw,17475c76bb113830b75e3a7c706af28b6998cefdc572d5534da981f04c3b1120,"{""distance"":7,""physical_error_rate"":0.2}","{""detection_events"":32549,""detectors_checked"":84240,""obs_mistake_mask=E"":50}"
       240,         0,         0,    8.61,exact_mw,1713bc804565c0b42ca58c93310b033f01c41dd72e5e9cac9fe58a9188a19ab7,"{""distance"":7,""physical_error_rate"":0.01}","{""detection_events"":6986,""detectors_checked"":194400}"
    542720,         0,         0,    8.30,exact_mw,a212c24da5b34f1b60580734e5e54c4073e302b219bc7e486ff8edc698604c9e,"{""distance"":7,""physical_error_rate"":5e-05}","{""detection_events"":83281,""detectors_checked"":439603200}"
         1,         1,         0,   0.416,exact_mw,bef67c2527ad51595e418cf30d8716541525c85f29404769715fc39af85a0852,"{""distance"":7,""physical_error_rate"":0.05}","{""detection_events"":142,""detectors_checked"":810,""obs_mistake_mask=E"":1}"
    630784,         1,         0,    11.7,exact_mw,92a9cd959715f3d5685c6265974e573ec36ff2f173f7490ff1393041d63371cf,"{""distance"":7,""physical_error_rate"":0.0001}","{""detection_events"":190502,""detectors_checked"":510935040,""obs_mistake_mask=E"":1}"
       112,        15,         0,    6.12,exact_mw,bef67c2527ad51595e418cf30d8716541525c85f29404769715fc39af85a0852,"{""distance"":7,""physical_error_rate"":0.05}","{""detection_events"":14006,""detectors_checked"":90720,""obs_mistake_mask=E"":15}"
         1,         0,         0,   0.363,exact_mw,bef67c2527ad51595e418cf30d8716541525c85f29404769715fc39af85a0852,"{""distance"":7,""physical_error_rate"":0.05}","{""detection_events"":149,""detectors_checked"":810}"
       104,        45,         0,    6.27,exact_mw,084990f003f4e006f7af613a3996eb104ebeb5f3c5c9154910fee9e5019bb6a7,"{""distance"":7,""physical_error_rate"":0.1}","{""detection_events"":21674,""detectors_checked"":84240,""obs_mistake_mask=E"":45}"
      1152,         1,         0,    8.68,exact_mw,98ed6542f5a75ebddbda0ed622fb597fbc85d0a75d139587b6be9a08147ba42d,"{""distance"":7,""physical_error_rate"":0.002}","{""detection_events"":7091,""detectors_checked"":933120,""obs_mistake_mask=E"":1}"
       256,         1,         0,    6.07,exact_mw,a39d26a9c85ff1858873bfad720922f64799219ac1b945519c1902b92db90de0,"{""distance"":7,""physical_error_rate"":0.005}","{""detection_events"":3767,""detectors_checked"":207360,""obs_mistake_mask=E"":1}"
    763904,         0,         0,    11.6,exact_mw,a212c24da5b34f1b60580734e5e54c4073e302b219bc7e486ff8edc698604c9e,"{""distance"":7,""physical_error_rate"":5e-05}","{""detection_events"":117166,""detectors_checked"":618762240}"
         1,         0,         0,   0.418,exact_mw,bef67c2527ad51595e418cf30d8716541525c85f29404769715fc39af85a0852,"{""distance"":7,""physical_error_rate"":0.05}","{""detection_events"":115,""detectors_checked"":810}"
        24,         0,         0,    1.25,exact_mw,07230310c167a8a58090586f32b373a58fa307b800b0f38cc129dec8518e6258,"{""distance"":7,""physical_error_rate"":0.02}","{""detection_events"":1309,""detectors_checked"":19440}"
       104,        56,         0,    6.28,exact_mw,17475c76bb113830b75e3a7c706af28b6998cefdc572d5534da981f04c3b1120,"{""distance"":7,""physical_error_rate"":0.2}","{""detection_events"":32499,""detectors_checked"":84240,""obs_mistake_mask=E"":56}"
    212992,         0,         0,    8.36,exact_mw,26ede523e6354ffb917e832246591ea54a1b9969785b9947b95e2ebb539e2476,"{""distance"":7,""physical_error_rate"":0.0002}","{""detection_events"":129310,""detectors_checked"":172523520}"
         1,         0,         0,   0.418,exact_mw,bef67c2527ad51595e418cf30d8716541525c85f29404769715fc39af85a0852,"{""distance"":7,""physical_error_rate"":0.05}","{""detection_events"":110,""detectors_checked"":810}"
       168,        24,         0,    8.67,exact_mw,bef67c2527ad51595e418cf30d8716541525c85f29404769715fc39af85a0852,"{""distance"":7,""physical_error_rate"":0.05}","{""detection_events"":20800,""detectors_checked"":136080,""obs_mistake_mask=E"":24}"
    517120,         0,         0,    8.29,exact_mw,a212c24da5b34f1b60580734e5e54c4073e302b219bc7e486ff8edc698604c9e,"{""distance"":7,""physical_error_rate"":5e-05}","{""detection_events"":78426,""detectors_checked"":418867200}"
       152,        65,         0,    8.83,exact_mw,084990f003f4e006f7af613a3996eb104ebeb5f3c5c9154910fee9e5019bb6a7,"{""distance"":7,""physical_error_rate"":0.1}","{""detection_events"":31559,""detectors_checked"":123120,""obs_mistake_mask=E"":65}"
         1,         0,         0,   0.362,exact_mw,bef67c2527ad51595e418cf30d8716541525c85f29404769715fc39af85a0852,"{""distance"":7,""physical_error_rate"":0.05}","{""detection_events"":132,""detectors_checked"":810}"
         1,         1,         0,   0.416,exact_mw,bef67c2527ad51595e418cf30d8716541525c85f29404769715fc39af85a0852,"{""distance"":7,""physical_error_rate"":0.05}","{""detection_events"":140,""detectors_checked"":810,""obs_mistake_mask=E"":1}"
       136,         1,         0,    6.33,exact_mw,07230310c167a8a58090586f32b373a58fa307b800b0f38cc129dec8518e6258,"{""distance"":7,""physical_error_rate"":0.02}","{""detection_events"":7669,""detectors_checked"":110160,""obs_mistake_mask=E"":1}"
       960,         2,         0,    6.48,exact_mw,98ed6542f5a75ebddbda0ed622fb597fbc85d0a75d139587b6be9a08147ba42d,"{""distance"":7,""physical_error_rate"":0.002}","{""detection_events"":5633,""detectors_checked"":777600,""obs_mistake_mask=E"":2}"
      1024,         0,         0,    7.05,exact_mw,98ed6542f5a75ebddbda0ed622fb597fbc85d0a75d139587b6be9a08147ba42d,"{""distance"":7,""physical_error_rate"":0.002}","{""detection_events"":6175,""detectors_checked"":829440}"
        40,         0,         0,    1.91,exact_mw,07230310c167a8a58090586f32b373a58fa307b800b0f38cc129dec8518e6258,"{""distance"":7,""physical_error_rate"":0.02}","{""detection_events"":2264,""detectors_checked"":32400}"
       896,         0,         0,    6.64,exact_mw,98ed6542f5a75ebddbda0ed622fb597fbc85d0a75d139587b6be9a08147ba42d,"{""distance"":7,""physical_error_rate"":0.002}","{""detection_events"":5444,""detectors_checked"":725760}"
         2,         0,         0,   0.837,exact_mw,bef67c2527ad51595e418cf30d8716541525c85f29404769715fc39af85a0852,"{""distance"":7,""physical_error_rate"":0.05}","{""detection_events"":257,""detectors_checked"":1620}"
     33792,         0,         0,    11.7,exact_mw,8c54babb212143042928b0eca3852c18ac799bf66eb488a668303745c8494fc5,"{""distance"":7,""physical_error_rate"":0.0005}","{""detection_events"":51333,""detectors_checked"":27371520}"
       288,         0,         0,    6.34,exact_mw,a39d26a9c85ff1858873bfad720922f64799219ac1b945519c1902b92db90de0,"{""distance"":7,""physical_error_rate"":0.005}","{""detection_events"":4105,""detectors_checked"":233280}"
    283648,         0,         0,    11.7,exact_mw,26ede523e6354ffb917e832246591ea54a1b9969785b9947b95e2ebb539e2476,"{""distance"":7,""physical_error_rate"":0.0002}","{""detection_events"":172676,""detectors_checked"":229754880}"
      1152,         0,         0,    8.36,exact_mw,98ed6542f5a75ebddbda0ed622fb597fbc85d0a75d139587b6be9a08147ba42d,"{""distance"":7,""physical_error_rate"":0.002}","{""detection_events"":6842,""detectors_checked"":933120}"
        96,        45,         0,    6.04,exact_mw,ada1cdd99d5b433e01b834099c62e19c5a7190a249d6efcd9b92e36879454d7b,"{""distance"":7,""physical_error_rate"":0.5}","{""detection_events"":38916,""detectors_checked"":77760,""obs_mistake_mask=E"":45}"
       144,        66,         0,    8.68,exact_mw,17475c76bb113830b75e3a7c706af28b6998cefdc572d5534da981f04c3b1120,"{""distance"":7,""physical_error_rate"":0.2}","{""detection_events"":45178,""detectors_checked"":116640,""obs_mistake_mask=E"":66}"
         3,         0,         0,    1.20,exact_mw,bef67c2527ad51595e418cf30d8716541525c85f29404769715fc39af85a0852,"{""distance"":7,""physical_error_rate"":0.05}","{""detection_events"":418,""detectors_checked"":2430}"
       144,         4,         0,    6.56,exact_mw,07230310c167a8a58090586f32b373a58fa307b800b0f38cc129dec8518e6258,"{""distance"":7,""physical_error_rate"":0.02}","{""detection_events"":7958,""detectors_checked"":116640,""obs_mistake_mask=E"":4}"
       160,        16,         0,    8.66,exact_mw,bef67c2527ad51595e418cf30d8716541525c85f29404769715fc39af85a0852,"{""distance"":7,""physical_error_rate"":0.05}","{""detection_events"":19693,""detectors_checked"":129600,""obs_mistake_mask=E"":16}"
     22528,         0,         0,    8.39,exact_mw,8c54babb212143042928b0eca3852c18ac799bf66eb488a668303745c8494fc5,"{""distance"":7,""physical_error_rate"":0.0005}","{""detection_events"":34503,""detectors_checked"":18247680}"
       176,         1,         0,    6.12,exact_mw,1713bc804565c0b42ca58c93310b033f01c41dd72e5e9cac9fe58a9188a19ab7,"{""distance"":7,""physical_error_rate"":0.01}","{""detection_events"":5048,""detectors_checked"":142560,""obs_mistake_mask=E"":1}"
      3584,         0,         0,    6.74,exact_mw,d2cc2b129abad1f985b8639603638d6030a837aa2fe57172dffdf28919c1c286,"{""distance"":7,""physical_error_rate"":0.001}","{""detection_events"":10902,""detectors_checked"":2903040}"
       160,        26,         0,    8.35,exact_mw,bef67c2527ad51595e418cf30d8716541525c85f29404769715fc39af85a0852,"{""distance"":7,""physical_error_rate"":0.05}","{""detection_events"":19507,""detectors_checked"":129600,""obs_mistake_mask=E"":26}"
       160,         0,         0,    6.03,exact_mw,1713bc804565c0b42ca58c93310b033f01c41dd72e5e9cac9fe58a9188a19ab7,"{""distance"":7,""physical_error_rate"":0.01}","{""detection_events"":4697,""detectors_checked"":129600}"
    556032,         0,         0,    8.30,exact_mw,a212c24da5b34f1b60580734e5e54c4073e302b219bc7e486ff8edc698604c9e,"{""distance"":7,""physical_error_rate"":5e-05}","{""detection_events"":84604,""detectors_checked"":450385920}"
      3584,         0,         0,    6.27,exact_mw,d2cc2b129abad1f985b8639603638d6030a837aa2fe57172dffdf28919c1c286,"{""distance"":7,""physical_error_rate"":0.001}","{""detection_events"":10730,""detectors_checked"":2903040}"
        48,         0,         0,    2.38,exact_mw,07230310c167a8a58090586f32b373a58fa307b800b0f38cc129dec8518e6258,"{""distance"":7,""physical_error_rate"":0.02}","{""detection_events"":2676,""detectors_checked"":38880}"
       128,        69,         0,    8.60,exact_mw,ada1cdd99d5b433e01b834099c62e19c5a7190a249d6efcd9b92e36879454d7b,"{""distance"":7,""physical_error_rate"":0.5}","{""detection_events"":51983,""detectors_checked"":103680,""obs_mistake_mask=E"":69}"
       320,         0,         0,    6.71,exact_mw,a39d26a9c85ff1858873bfad720922f64799219ac1b945519c1902b92db90de0,"{""distance"":7,""physical_error_rate"":0.005}","{""detection_events"":4734,""detectors_checked"":259200}"
       144,        71,         0,    8.83,exact_mw,17475c76bb113830b75e3a7c706af28b6998cefdc572d5534da981f04c3b1120,"{""distance"":7,""physical_error_rate"":0.2}","{""detection_events"":44978,""detectors_checked"":116640,""obs_mistake_mask=E"":71}"
        72,        35,         0,    4.37,exact_mw,17475c76bb113830b75e3a7c706af28b6998cefdc572d5534da981f04c3b1120,"{""distance"":7,""physical_error_rate"":0.2}","{""detection_events"":22385,""detectors_checked"":58320,""obs_mistake_mask=E"":35}"
         3,         1,         0,    1.20,exact_mw,bef67c2527ad51595e418cf30d8716541525c85f29404769715fc39af85a0852,"{""distance"":7,""physical_error_rate"":0.05}","{""detection_events"":406,""detectors_checked"":2430,""obs_mistake_mask=E"":1}"
       160,         2,         0,    8.84,exact_mw,07230310c167a8a58090586f32b373a58fa307b800b0f38cc129dec8518e6258,"{""distance"":7,""physical_error_rate"":0.02}","{""detection_events"":8865,""detectors_checked"":129600,""obs_mistake_mask=E"":2}"
    199680,         0,         0,    8.35,exact_mw,26ede523e6354ffb917e832246591ea54a1b9969785b9947b95e2ebb539e2476,"{""distance"":7,""physical_error_rate"":0.0002}","{""detection_events"":122119,""detectors_checked"":161740800}"
      6656,         0,         0,    12.3,exact_mw,d2cc2b129abad1f985b8639603638d6030a837aa2fe57172dffdf28919c1c286,"{""distance"":7,""physical_error_rate"":0.001}","{""detection_events"":20435,""detectors_checked"":5391360}"
        24,        11,         0,    1.44,exact_mw,17475c76bb113830b75e3a7c706af28b6998cefdc572d5534da981f04c3b1120,"{""distance"":7,""physical_error_rate"":0.2}","{""detection_events"":7532,""detectors_checked"":19440,""obs_mistake_mask=E"":11}"
        96,        57,         0,    5.92,exact_mw,17475c76bb113830b75e3a7c706af28b6998cefdc572d5534da981f04c3b1120,"{""distance"":7,""physical_error_rate"":0.2}","{""detection_events"":29840,""detectors_checked"":77760,""obs_mistake_mask=E"":57}"
       152,        62,         0,    8.57,exact_mw,084990f003f4e006f7af613a3996eb104ebeb5f3c5c9154910fee9e5019bb6a7,"{""distance"":7,""physical_error_rate"":0.1}","{""detection_events"":31339,""detectors_checked"":123120,""obs_mistake_mask=E"":62}"
         8,         4,         0,   0.528,exact_mw,17475c76bb113830b75e3a7c706af28b6998cefdc572d5534da981f04c3b1120,"{""distance"":7,""physical_error_rate"":0.2}","{""detection_events"":2484,""detectors_checked"":6480,""obs_mistake_mask=E"":4}"
     24576,         0,         0,    8.73,exact_mw,8c54babb212143042928b0eca3852c18ac799bf66eb488a668303745c8494fc5,"{""distance"":7,""physical_error_rate"":0.0005}","{""detection_events"":37520,""detectors_checked"":19906560}"
       128,        61,         0,    8.46,exact_mw,ada1cdd99d5b433e01b834099c62e19c5a7190a249d6efcd9b92e36879454d7b,"{""distance"":7,""physical_error_rate"":0.5}","{""detection_events"":51680,""detectors_checked"":103680,""obs_mistake_mask=E"":61}"
       136,        58,         0,    8.67,exact_mw,084990f003f4e006f7af613a3996eb104ebeb5f3c5c9154910fee9e5019bb6a7,"{""distance"":7,""physical_error_rate"":0.1}","{""detection_events"":28069,""detectors_checked"":110160,""obs_mistake_mask=E"":58}"
    183296,         0,         0,    8.35,exact_mw,26ede523e6354ffb917e832246591ea54a1b9969785b9947b95e2ebb539e2476,"{""distance"":7,""physical_error_rate"":0.0002}","{""detection_events"":111915,""detectors_checked"":148469760}"
       184,         0,         0,    8.55,exact_mw,07230310c167a8a58090586f32b373a58fa307b800b0f38cc129dec8518e6258,"{""distance"":7,""physical_error_rate"":0.02}","{""detection_events"":10353,""detectors_checked"":149040}"
         4,         0,         0,    1.67,exact_mw,bef67c2527ad51595e418cf30d8716541525c85f29404769715fc39af85a0852,"{""distance"":7,""physical_error_rate"":0.05}","{""detection_events"":531,""detectors_checked"":3240}"
    628736,         0,         0,    11.6,exact_mw,92a9cd959715f3d5685c6265974e573ec36ff2f173f7490ff1393041d63371cf,"{""distance"":7,""physical_error_rate"":0.0001}","{""detection_events"":190852,""detectors_checked"":509276160}"
     25600,         1,         0,    8.67,exact_mw,8c54babb212143042928b0eca3852c18ac799bf66eb488a668303745c8494fc5,"{""distance"":7,""physical_error_rate"":0.0005}","{""detection_events"":39044,""detectors_checked"":20736000,""obs_mistake_mask=E"":1}"
        72,         1,         0,    3.28,exact_mw,07230310c167a8a58090586f32b373a58fa307b800b0f38cc129dec8518e6258,"{""distance"":7,""physical_error_rate"":0.02}","{""detection_events"":4016,""detectors_checked"":58320,""obs_mistake_mask=E"":1}"
       152,        15,         0,    8.42,exact_mw,bef67c2527ad51595e418cf30d8716541525c85f29404769715fc39af85a0852,"{""distance"":7,""physical_error_rate"":0.05}","{""detection_events"":18711,""detectors_checked"":123120,""obs_mistake_mask=E"":15}"
       144,        63,         0,    8.72,exact_mw,084990f003f4e006f7af613a3996eb104ebeb5f3c5c9154910fee9e5019bb6a7,"{""distance"":7,""physical_error_rate"":0.1}","{""detection_events"":29912,""detectors_checked"":116640,""obs_mistake_mask=E"":63}"
       576,         2,         0,    12.3,exact_mw,a39d26a9c85ff1858873bfad720922f64799219ac1b945519c1902b92db90de0,"{""distance"":7,""physical_error_rate"":0.005}","{""detection_events"":8482,""detectors_checked"":466560,""obs_mistake_mask=E"":2}"
        56,        27,         0,    3.16,exact_mw,084990f003f4e006f7af613a3996eb104ebeb5f3c5c9154910fee9e5019bb6a7,"{""distance"":7,""physical_error_rate"":0.1}","{""detection_events"":11592,""detectors_checked"":45360,""obs_mistake_mask=E"":27}"
       384,         0,         0,    8.69,exact_mw,a39d26a9c85ff1858873bfad720922f64799219ac1b945519c1902b92db90de0,"{""distance"":7,""physical_error_rate"":0.005}","{""detection_events"":5451,""detectors_checked"":311040}"
        64,        27,         0,    3.63,exact_mw,084990f003f4e006f7af613a3996eb104ebeb5f3c5c9154910fee9e5019bb6a7,"{""distance"":7,""physical_error_rate"":0.1}","{""detection_events"":13416,""detectors_checked"":51840,""obs_mistake_mask=E"":27}"
         6,         1,         0,    2.40,exact_mw,bef67c2527ad51595e418cf30d8716541525c85f29404769715fc39af85a0852,"{""distance"":7,""physical_error_rate"":0.05}","{""detection_events"":681,""detectors_checked"":4860,""obs_mistake_mask=E"":1}"
       136,        61,         0,    7.92,exact_mw,084990f003f4e006f7af613a3996eb104ebeb5f3c5c9154910fee9e5019bb6a7,"{""distance"":7,""physical_error_rate"":0.1}","{""detection_events"":28083,""detectors_checked"":110160,""obs_mistake_mask=E"":61}"
         1,         0,         0,   0.341,exact_mw,a39d26a9c85ff1858873bfad720922f64799219ac1b945519c1902b92db90de0,"{""distance"":7,""physical_error_rate"":0.005}","{""detection_events"":21,""detectors_checked"":810}"
         1,         0,         0,   0.336,exact_mw,a39d26a9c85ff1858873bfad720922f64799219ac1b945519c1902b92db90de0,"{""distance"":7,""physical_error_rate"":0.005}","{""detection_events"":17,""detectors_checked"":810}"
         1,         0,         0,   0.109,exact_mw,a39d26a9c85ff1858873bfad720922f64799219ac1b945519c1902b92db90de0,"{""distance"":7,""physical_error_rate"":0.005}","{""detection_events"":11,""detectors_checked"":810}"
       184,         2,         0,    8.58,exact_mw,07230310c167a8a58090586f32b373a58fa307b800b0f38cc129dec8518e6258,"{""distance"":7,""physical_error_rate"":0.02}","{""detection_events"":10152,""detectors_checked"":149040,""obs_mistake_mask=E"":2}"
         4,         0,         0,   0.730,exact_mw,a39d26a9c85ff1858873bfad720922f64799219ac1b945519c1902b92db90de0,"{""distance"":7,""physical_error_rate"":0.005}","{""detection_events"":56,""detectors_checked"":3240}"
      1280,         0,         0,    8.96,exact_mw,98ed6542f5a75ebddbda0ed622fb597fbc85d0a75d139587b6be9a08147ba42d,"{""distance"":7,""physical_error_rate"":0.002}","{""detection_events"":7835,""detectors_checked"":1036800}"
         4,         0,         0,   0.276,exact_mw,a39d26a9c85ff1858873bfad720922f64799219ac1b945519c1902b92db90de0,"{""distance"":7,""physical_error_rate"":0.005}","{""detection_events"":64,""detectors_checked"":3240}"
       384,         1,         0,    8.55,exact_mw,a39d26a9c85ff1858873bfad720922f64799219ac1b945519c1902b92db90de0,"{""distance"":7,""physical_error_rate"":0.005}","{""detection_events"":5774,""detectors_checked"":311040,""obs_mistake_mask=E"":1}"
       384,         4,         0,    11.7,exact_mw,1713bc804565c0b42ca58c93310b033f01c41dd72e5e9cac9fe58a9188a19ab7,"{""distance"":7,""physical_error_rate"":0.01}","{""detection_events"":11054,""detectors_checked"":311040,""obs_mistake_mask=E"":4}"
    780288,         0,         0,    11.6,exact_mw,a212c24da5b34f1b60580734e5e54c4073e302b219bc7e486ff8edc698604c9e,"{""distance"":7,""physical_error_rate"":5e-05}","{""detection_events"":118507,""detectors_checked"":632033280}"
      1152,         0,         0,    9.14,exact_mw,98ed6542f5a75ebddbda0ed622fb597fbc85d0a75d139587b6be9a08147ba42d,"{""distance"":7,""physical_error_rate"":0.002}","{""detection_events"":6969,""detectors_checked"":933120}"
       136,        74,         0,    8.56,exact_mw,ada1cdd99d5b433e01b834099c62e19c5a7190a249d6efcd9b92e36879454d7b,"{""distance"":7,""physical_error_rate"":0.5}","{""detection_events"":54945,""detectors_checked"":110160,""obs_mistake_mask=E"":74}"
      1280,         0,         0,    9.23,exact_mw,98ed6542f5a75ebddbda0ed622fb597fbc85d0a75d139587b6be9a08147ba42d,"{""distance"":7,""physical_error_rate"":0.002}","{""detection_events"":7550,""detectors_checked"":1036800}"
        65,        16,         0,    3.36,exact_mw,bef67c2527ad51595e418cf30d8716541525c85f29404769715fc39af85a0852,"{""distance"":7,""physical_error_rate"":0.05}","{""detection_events"":8031,""detectors_checked"":52650,""obs_mistake_mask=E"":16}"
      2176,         0,         0,    12.2,exact_mw,98ed6542f5a75ebddbda0ed622fb597fbc85d0a75d139587b6be9a08147ba42d,"{""distance"":7,""physical_error_rate"":0.002}","{""detection_events"":13086,""detectors_checked"":1762560}"
       104,         3,         0,    4.35,exact_mw,07230310c167a8a58090586f32b373a58fa307b800b0f38cc129dec8518e6258,"{""distance"":7,""physical_error_rate"":0.02}","{""detection_events"":5887,""detectors_checked"":84240,""obs_mistake_mask=E"":3}"
    282624,         0,         0,    11.7,exact_mw,26ede523e6354ffb917e832246591ea54a1b9969785b9947b95e2ebb539e2476,"{""distance"":7,""physical_error_rate"":0.0002}","{""detection_events"":174345,""detectors_checked"":228925440}"
       240,         0,         0,    8.57,exact_mw,1713bc804565c0b42ca58c93310b033f01c41dd72e5e9cac9fe58a9188a19ab7,"{""distance"":7,""physical_error_rate"":0.01}","{""detection_events"":7082,""detectors_checked"":194400}"
       192,         1,         0,    8.99,exact_mw,07230310c167a8a58090586f32b373a58fa307b800b0f38cc129dec8518e6258,"{""distance"":7,""physical_error_rate"":0.02}","{""detection_events"":10762,""detectors_checked"":155520,""obs_mistake_mask=E"":1}"
         8,         0,         0,    1.79,exact_mw,a39d26a9c85ff1858873bfad720922f64799219ac1b945519c1902b92db90de0,"{""distance"":7,""physical_error_rate"":0.005}","{""detection_events"":106,""detectors_checked"":6480}"
    754688,         0,         0,    11.6,exact_mw,a212c24da5b34f1b60580734e5e54c4073e302b219bc7e486ff8edc698604c9e,"{""distance"":7,""physical_error_rate"":5e-05}","{""detection_events"":115093,""detectors_checked"":611297280}"
       240,         0,         0,    8.54,exact_mw,1713bc804565c0b42ca58c93310b033f01c41dd72e5e9cac9fe58a9188a19ab7,"{""distance"":7,""physical_error_rate"":0.01}","{""detection_events"":6740,""detectors_checked"":194400}"
       232,        33,         0,    12.0,exact_mw,bef67c2527ad51595e418cf30d8716541525c85f29404769715fc39af85a0852,"{""distance"":7,""physical_error_rate"":0.05}","{""detection_events"":28809,""detectors_checked"":187920,""obs_mistake_mask=E"":33}"
       416,         0,         0,    8.49,exact_mw,a39d26a9c85ff1858873bfad720922f64799219ac1b945519c1902b92db90de0,"{""distance"":7,""physical_error_rate"":0.005}","{""detection_events"":6015,""detectors_checked"":336960}"
      5120,         0,         0,    9.14,exact_mw,d2cc2b129abad1f985b8639603638d6030a837aa2fe57172dffdf28919c1c286,"{""distance"":7,""physical_error_rate"":0.001}","{""detection_events"":15627,""detectors_checked"":4147200}"
         4,         0,         0,   0.731,exact_mw,a39d26a9c85ff1858873bfad720922f64799219ac1b945519c1902b92db90de0,"{""distance"":7,""physical_error_rate"":0.005}","{""detection_events"":60,""detectors_checked"":3240}"
      4608,         0,         0,    9.05,exact_mw,d2cc2b129abad1f985b8639603638d6030a837aa2fe57172dffdf28919c1c286,"{""distance"":7,""physical_error_rate"":0.001}","{""detection_events"":14054,""detectors_checked"":3732480}"
         4,         0,         0,    1.06,exact_mw,a39d26a9c85ff1858873bfad720922f64799219ac1b945519c1902b92db90de0,"{""distance"":7,""physical_error_rate"":0.005}","{""detection_events"":55,""detectors_checked"":3240}"
      1664,         0,         0,    12.0,exact_mw,98ed6542f5a75ebddbda0ed622fb597fbc85d0a75d139587b6be9a08147ba42d,"{""distance"":7,""physical_error_rate"":0.002}","{""detection_events"":10089,""detectors_checked"":1347840}"
         4,         0,         0,   0.731,exact_mw,a39d26a9c85ff1858873bfad720922f64799219ac1b945519c1902b92db90de0,"{""distance"":7,""physical_error_rate"":0.005}","{""detection_events"":63,""detectors_checked"":3240}"
         4,         0,         0,   0.276,exact_mw,a39d26a9c85ff1858873bfad720922f64799219ac1b945519c1902b92db90de0,"{""distance"":7,""physical_error_rate"":0.005}","{""detection_events"":64,""detectors_checked"":3240}"
     41984,         2,         0,    11.9,exact_mw,8c54babb212143042928b0eca3852c18ac799bf66eb488a668303745c8494fc5,"{""distance"":7,""physical_error_rate"":0.0005}","{""detection_events"":64175,""detectors_checked"":34007040,""obs_mistake_mask=E"":2}"
       224,        39,         0,    12.0,exact_mw,bef67c2527ad51595e418cf30d8716541525c85f29404769715fc39af85a0852,"{""distance"":7,""physical_error_rate"":0.05}","{""detection_events"":27859,""detectors_checked"":181440,""obs_mistake_mask=E"":39}"
         8,         0,         0,   0.393,exact_mw,a39d26a9c85ff1858873bfad720922f64799219ac1b945519c1902b92db90de0,"{""distance"":7,""physical_error_rate"":0.005}","{""detection_events"":85,""detectors_checked"":6480}"
   1046528,         0,         0,    16.3,exact_mw,92a9cd959715f3d5685c6265974e573ec36ff2f173f7490ff1393041d63371cf,"{""distance"":7,""physical_error_rate"":0.0001}","{""detection_events"":319186,""detectors_checked"":847687680}"
    775168,         0,         0,    11.6,exact_mw,a212c24da5b34f1b60580734e5e54c4073e302b219bc7e486ff8edc698604c9e,"{""distance"":7,""physical_error_rate"":5e-05}","{""detection_events"":118106,""detectors_checked"":627886080}"
       232,        24,         0,    12.1,exact_mw,bef67c2527ad51595e418cf30d8716541525c85f29404769715fc39af85a0852,"{""distance"":7,""physical_error_rate"":0.05}","{""detection_events"":28404,""detectors_checked"":187920,""obs_mistake_mask=E"":24}"
   1482752,         0,         0,    16.3,exact_mw,a212c24da5b34f1b60580734e5e54c4073e302b219bc7e486ff8edc698604c9e,"{""distance"":7,""physical_error_rate"":5e-05}","{""detection_events"":227259,""detectors_checked"":1201029120}"
    291840,         0,         0,    11.7,exact_mw,26ede523e6354ffb917e832246591ea54a1b9969785b9947b95e2ebb539e2476,"{""distance"":7,""physical_error_rate"":0.0002}","{""detection_events"":178542,""detectors_checked"":236390400}"
         8,         0,         0,   0.739,exact_mw,a39d26a9c85ff1858873bfad720922f64799219ac1b945519c1902b92db90de0,"{""distance"":7,""physical_error_rate"":0.005}","{""detection_events"":109,""detectors_checked"":6480}"
       272,         3,         0,    11.8,exact_mw,07230310c167a8a58090586f32b373a58fa307b800b0f38cc129dec8518e6258,"{""distance"":7,""physical_error_rate"":0.02}","{""detection_events"":14867,""detectors_checked"":220320,""obs_mistake_mask=E"":3}"
        88,         6,         0,    4.52,exact_mw,bef67c2527ad51595e418cf30d8716541525c85f29404769715fc39af85a0852,"{""distance"":7,""physical_error_rate"":0.05}","{""detection_events"":11036,""detectors_checked"":71280,""obs_mistake_mask=E"":6}"
     35840,         0,         0,    12.0,exact_mw,8c54babb212143042928b0eca3852c18ac799bf66eb488a668303745c8494fc5,"{""distance"":7,""physical_error_rate"":0.0005}","{""detection_events"":54809,""detectors_checked"":29030400}"
       208,       116,         0,    12.7,exact_mw,ada1cdd99d5b433e01b834099c62e19c5a7190a249d6efcd9b92e36879454d7b,"{""distance"":7,""physical_error_rate"":0.5}","{""detection_events"":84411,""detectors_checked"":168480,""obs_mistake_mask=E"":116}"
    332800,         0,         0,    11.7,exact_mw,26ede523e6354ffb917e832246591ea54a1b9969785b9947b95e2ebb539e2476,"{""distance"":7,""physical_error_rate"":0.0002}","{""detection_events"":203354,""detectors_checked"":269568000}"
       256,         2,         0,    12.0,exact_mw,07230310c167a8a58090586f32b373a58fa307b800b0f38cc129dec8518e6258,"{""distance"":7,""physical_error_rate"":0.02}","{""detection_events"":14305,""detectors_checked"":207360,""obs_mistake_mask=E"":2}"
       248,       124,         0,    12.6,exact_mw,ada1cdd99d5b433e01b834099c62e19c5a7190a249d6efcd9b92e36879454d7b,"{""distance"":7,""physical_error_rate"":0.5}","{""detection_events"":100409,""detectors_checked"":200880,""obs_mistake_mask=E"":124}"
        16,         7,         0,    1.02,exact_mw,ada1cdd99d5b433e01b834099c62e19c5a7190a249d6efcd9b92e36879454d7b,"{""distance"":7,""physical_error_rate"":0.5}","{""detection_events"":6524,""detectors_checked"":12960,""obs_mistake_mask=E"":7}"
         8,         0,         0,    1.74,exact_mw,a39d26a9c85ff1858873bfad720922f64799219ac1b945519c1902b92db90de0,"{""distance"":7,""physical_error_rate"":0.005}","{""detection_events"":133,""detectors_checked"":6480}"
       112,        56,         0,    7.06,exact_mw,ada1cdd99d5b433e01b834099c62e19c5a7190a249d6efcd9b92e36879454d7b,"{""distance"":7,""physical_error_rate"":0.5}","{""detection_events"":45391,""detectors_checked"":90720,""obs_mistake_mask=E"":56}"
     81920,         1,         0,    16.5,exact_mw,8c54babb212143042928b0eca3852c18ac799bf66eb488a668303745c8494fc5,"{""distance"":7,""physical_error_rate"":0.0005}","{""detection_events"":124555,""detectors_checked"":66355200,""obs_mistake_mask=E"":1}"
       144,         4,         0,    6.62,exact_mw,07230310c167a8a58090586f32b373a58fa307b800b0f38cc129dec8518e6258,"{""distance"":7,""physical_error_rate"":0.02}","{""detection_events"":8037,""detectors_checked"":116640,""obs_mistake_mask=E"":4}"
    446464,         0,         0,    16.3,exact_mw,26ede523e6354ffb917e832246591ea54a1b9969785b9947b95e2ebb539e2476,"{""distance"":7,""physical_error_rate"":0.0002}","{""detection_events"":272714,""detectors_checked"":361635840}"
         8,         0,         0,    1.01,exact_mw,a39d26a9c85ff1858873bfad720922f64799219ac1b945519c1902b92db90de0,"{""distance"":7,""physical_error_rate"":0.005}","{""detection_events"":151,""detectors_checked"":6480}"
     34816,         0,         0,    12.2,exact_mw,8c54babb212143042928b0eca3852c18ac799bf66eb488a668303745c8494fc5,"{""distance"":7,""physical_error_rate"":0.0005}","{""detection_events"":53181,""detectors_checked"":28200960}"
       248,        38,         0,    11.9,exact_mw,bef67c2527ad51595e418cf30d8716541525c85f29404769715fc39af85a0852,"{""distance"":7,""physical_error_rate"":0.05}","{""detection_events"":30348,""detectors_checked"":200880,""obs_mistake_mask=E"":38}"
       832,         1,         0,    11.7,exact_mw,a39d26a9c85ff1858873bfad720922f64799219ac1b945519c1902b92db90de0,"{""distance"":7,""physical_error_rate"":0.005}","{""detection_events"":12471,""detectors_checked"":673920,""obs_mistake_mask=E"":1}"
        12,         0,         0,    1.79,exact_mw,a39d26a9c85ff1858873bfad720922f64799219ac1b945519c1902b92db90de0,"{""distance"":7,""physical_error_rate"":0.005}","{""detection_events"":210,""detectors_checked"":9720}"
     11264,         0,         0,    16.7,exact_mw,d2cc2b129abad1f985b8639603638d6030a837aa2fe57172dffdf28919c1c286,"{""distance"":7,""physical_error_rate"":0.001}","{""detection_events"":34071,""detectors_checked"":9123840}"
       256,         2,         0,    11.9,exact_mw,07230310c167a8a58090586f32b373a58fa307b800b0f38cc129dec8518e6258,"{""distance"":7,""physical_error_rate"":0.02}","{""detection_events"":13996,""detectors_checked"":207360,""obs_mistake_mask=E"":2}"
       168,        19,         0,    6.19,exact_mw,bef67c2527ad51595e418cf30d8716541525c85f29404769715fc39af85a0852,"{""distance"":7,""physical_error_rate"":0.05}","{""detection_events"":20805,""detectors_checked"":136080,""obs_mistake_mask=E"":19}"
    888832,         0,         0,    16.4,exact_mw,92a9cd959715f3d5685c6265974e573ec36ff2f173f7490ff1393041d63371cf,"{""distance"":7,""physical_error_rate"":0.0001}","{""detection_events"":270490,""detectors_checked"":719953920}"
      2176,         1,         0,    11.8,exact_mw,98ed6542f5a75ebddbda0ed622fb597fbc85d0a75d139587b6be9a08147ba42d,"{""distance"":7,""physical_error_rate"":0.002}","{""detection_events"":13193,""detectors_checked"":1762560,""obs_mistake_mask=E"":1}"
      1792,         0,         0,    12.3,exact_mw,98ed6542f5a75ebddbda0ed622fb597fbc85d0a75d139587b6be9a08147ba42d,"{""distance"":7,""physical_error_rate"":0.002}","{""detection_events"":10697,""detectors_checked"":1451520}"
       576,         1,         0,    12.2,exact_mw,a39d26a9c85ff1858873bfad720922f64799219ac1b945519c1902b92db90de0,"{""distance"":7,""physical_error_rate"":0.005}","{""detection_events"":8644,""detectors_checked"":466560,""obs_mistake_mask=E"":1}"
        16,         0,         0,    2.19,exact_mw,a39d26a9c85ff1858873bfad720922f64799219ac1b945519c1902b92db90de0,"{""distance"":7,""physical_error_rate"":0.005}","{""detection_events"":277,""detectors_checked"":12960}"
      1664,         1,         0,    12.1,exact_mw,98ed6542f5a75ebddbda0ed622fb597fbc85d0a75d139587b6be9a08147ba42d,"{""distance"":7,""physical_error_rate"":0.002}","{""detection_events"":10171,""detectors_checked"":1347840,""obs_mistake_mask=E"":1}"
       336,         1,         0,    11.7,exact_mw,1713bc804565c0b42ca58c93310b033f01c41dd72e5e9cac9fe58a9188a19ab7,"{""distance"":7,""physical_error_rate"":0.01}","{""detection_events"":9732,""detectors_checked"":272160,""obs_mistake_mask=E"":1}"
       256,         5,         0,    11.8,exact_mw,07230310c167a8a58090586f32b373a58fa307b800b0f38cc129dec8518e6258,"{""distance"":7,""physical_error_rate"":0.02}","{""detection_events"":14308,""detectors_checked"":207360,""obs_mistake_mask=E"":5}"
       320,         2,         0,    11.8,exact_mw,1713bc804565c0b42ca58c93310b033f01c41dd72e5e9cac9fe58a9188a19ab7,"{""distance"":7,""physical_error_rate"":0.01}","{""detection_events"":9523,""detectors_checked"":259200,""obs_mistake_mask=E"":2}"
       544,         0,         0,    11.8,exact_mw,a39d26a9c85ff1858873bfad720922f64799219ac1b945519c1902b92db90de0,"{""distance"":7,""physical_error_rate"":0.005}","{""detection_events"":8319,""detectors_checked"":440640}"
      6144,         0,         0,    11.7,exact_mw,d2cc2b129abad1f985b8639603638d6030a837aa2fe57172dffdf28919c1c286,"{""distance"":7,""physical_error_rate"":0.001}","{""detection_events"":18611,""detectors_checked"":4976640}"
       832,         0,         0,    16.7,exact_mw,a39d26a9c85ff1858873bfad720922f64799219ac1b945519c1902b92db90de0,"{""distance"":7,""physical_error_rate"":0.005}","{""detection_events"":12504,""detectors_checked"":673920}"
      7168,         1,         0,    12.2,exact_mw,d2cc2b129abad1f985b8639603638d6030a837aa2fe57172dffdf28919c1c286,"{""distance"":7,""physical_error_rate"":0.001}","{""detection_events"":21502,""detectors_checked"":5806080,""obs_mistake_mask=E"":1}"
        12,         0,         0,    2.58,exact_mw,a39d26a9c85ff1858873bfad720922f64799219ac1b945519c1902b92db90de0,"{""distance"":7,""physical_error_rate"":0.005}","{""detection_events"":219,""detectors_checked"":9720}"
       736,         1,         0,    16.4,exact_mw,1713bc804565c0b42ca58c93310b033f01c41dd72e5e9cac9fe58a9188a19ab7,"{""distance"":7,""physical_error_rate"":0.01}","{""detection_events"":21627,""detectors_checked"":596160,""obs_mistake_mask=E"":1}"
   1595392,         0,         0,    16.3,exact_mw,a212c24da5b34f1b60580734e5e54c4073e302b219bc7e486ff8edc698604c9e,"{""distance"":7,""physical_error_rate"":5e-05}","{""detection_events"":241667,""detectors_checked"":1292267520}"
       192,         4,         0,    8.72,exact_mw,07230310c167a8a58090586f32b373a58fa307b800b0f38cc129dec8518e6258,"{""distance"":7,""physical_error_rate"":0.02}","{""detection_events"":10586,""detectors_checked"":155520,""obs_mistake_mask=E"":4}"
    396288,         0,         0,    16.4,exact_mw,26ede523e6354ffb917e832246591ea54a1b9969785b9947b95e2ebb539e2476,"{""distance"":7,""physical_error_rate"":0.0002}","{""detection_events"":241824,""detectors_checked"":320993280}"
      4096,         0,         0,    16.6,exact_mw,98ed6542f5a75ebddbda0ed622fb597fbc85d0a75d139587b6be9a08147ba42d,"{""distance"":7,""physical_error_rate"":0.002}","{""detection_events"":24785,""detectors_checked"":3317760}"
        16,         0,         0,    3.08,exact_mw,a39d26a9c85ff1858873bfad720922f64799219ac1b945519c1902b92db90de0,"{""distance"":7,""physical_error_rate"":0.005}","{""detection_events"":234,""detectors_checked"":12960}"
   1326080,         0,         0,    16.3,exact_mw,a212c24da5b34f1b60580734e5e54c4073e302b219bc7e486ff8edc698604c9e,"{""distance"":7,""physical_error_rate"":5e-05}","{""detection_events"":202696,""detectors_checked"":1074124800}"
       320,        46,         0,    16.7,exact_mw,bef67c2527ad51595e418cf30d8716541525c85f29404769715fc39af85a0852,"{""distance"":7,""physical_error_rate"":0.05}","{""detection_events"":39696,""detectors_checked"":259200,""obs_mistake_mask=E"":46}"
         1,         0,         0,   0.025,exact_mw,92a9cd959715f3d5685c6265974e573ec36ff2f173f7490ff1393041d63371cf,"{""distance"":7,""physical_error_rate"":0.0001}","{""detectors_checked"":810}"
       288,        36,         0,    8.60,exact_mw,bef67c2527ad51595e418cf30d8716541525c85f29404769715fc39af85a0852,"{""distance"":7,""physical_error_rate"":0.05}","{""detection_events"":35607,""detectors_checked"":233280,""obs_mistake_mask=E"":36}"
      1296,         0,         0,   0.108,exact_mw,92a9cd959715f3d5685c6265974e573ec36ff2f173f7490ff1393041d63371cf,"{""distance"":7,""physical_error_rate"":0.0001}","{""detection_events"":387,""detectors_checked"":1049760}"
      1024,         0,         0,   0.112,exact_mw,92a9cd959715f3d5685c6265974e573ec36ff2f173f7490ff1393041d63371cf,"{""distance"":7,""physical_error_rate"":0.0001}","{""detection_events"":284,""detectors_checked"":829440}"
      2368,         0,         0,    17.0,exact_mw,98ed6542f5a75ebddbda0ed622fb597fbc85d0a75d139587b6be9a08147ba42d,"{""distance"":7,""physical_error_rate"":0.002}","{""detection_events"":14609,""detectors_checked"":1918080}"
      1024,         0,         0,   0.168,exact_mw,92a9cd959715f3d5685c6265974e573ec36ff2f173f7490ff1393041d63371cf,"{""distance"":7,""physical_error_rate"":0.0001}","{""detection_events"":269,""detectors_checked"":829440}"
      1024,         0,         0,   0.168,exact_mw,92a9cd959715f3d5685c6265974e573ec36ff2f173f7490ff1393041d63371cf,"{""distance"":7,""physical_error_rate"":0.0001}","{""detection_events"":336,""detectors_checked"":829440}"
     80896,         1,         0,    16.5,exact_mw,8c54babb212143042928b0eca3852c18ac799bf66eb488a668303745c8494fc5,"{""distance"":7,""physical_error_rate"":0.0005}","{""detection_events"":122968,""detectors_checked"":65525760,""obs_mistake_mask=E"":1}"
      1024,         0,         0,   0.112,exact_mw,92a9cd959715f3d5685c6265974e573ec36ff2f173f7490ff1393041d63371cf,"{""distance"":7,""physical_error_rate"":0.0001}","{""detection_events"":317,""detectors_checked"":829440}"
      1024,         0,         0,   0.167,exact_mw,92a9cd959715f3d5685c6265974e573ec36ff2f173f7490ff1393041d63371cf,"{""distance"":7,""physical_error_rate"":0.0001}","{""detection_events"":291,""detectors_checked"":829440}"
      1024,         0,         0,   0.112,exact_mw,92a9cd959715f3d5685c6265974e573ec36ff2f173f7490ff1393041d63371cf,"{""distance"":7,""physical_error_rate"":0.0001}","{""detection_events"":308,""detectors_checked"":829440}"
   1082368,         0,         0,    16.3,exact_mw,a212c24da5b34f1b60580734e5e54c4073e302b219bc7e486ff8edc698604c9e,"{""distance"":7,""physical_error_rate"":5e-05}","{""detection_events"":164484,""detectors_checked"":876718080}"
       400,        44,         0,    17.1,exact_mw,bef67c2527ad51595e418cf30d8716541525c85f29404769715fc39af85a0852,"{""distance"":7,""physical_error_rate"":0.05}","{""detection_events"":49355,""detectors_checked"":324000,""obs_mistake_mask=E"":44}"
      2048,         0,         0,   0.335,exact_mw,92a9cd959715f3d5685c6265974e573ec36ff2f173f7490ff1393041d63371cf,"{""distance"":7,""physical_error_rate"":0.0001}","{""detection_events"":602,""detectors_checked"":1658880}"
       376,        58,         0,    16.5,exact_mw,bef67c2527ad51595e418cf30d8716541525c85f29404769715fc39af85a0852,"{""distance"":7,""physical_error_rate"":0.05}","{""detection_events"":46472,""detectors_checked"":304560,""obs_mistake_mask=E"":58}"
      1024,         0,         0,   0.223,exact_mw,92a9cd959715f3d5685c6265974e573ec36ff2f173f7490ff1393041d63371cf,"{""distance"":7,""physical_error_rate"":0.0001}","{""detection_events"":327,""detectors_checked"":829440}"
    492544,         1,         0,    16.4,exact_mw,26ede523e6354ffb917e832246591ea54a1b9969785b9947b95e2ebb539e2476,"{""distance"":7,""physical_error_rate"":0.0002}","{""detection_events"":300463,""detectors_checked"":398960640,""obs_mistake_mask=E"":1}"
      3072,         0,         0,   0.395,exact_mw,92a9cd959715f3d5685c6265974e573ec36ff2f173f7490ff1393041d63371cf,"{""distance"":7,""physical_error_rate"":0.0001}","{""detection_events"":838,""detectors_checked"":2488320}"
       352,         4,         0,    17.1,exact_mw,07230310c167a8a58090586f32b373a58fa307b800b0f38cc129dec8518e6258,"{""distance"":7,""physical_error_rate"":0.02}","{""detection_events"":19579,""detectors_checked"":285120,""obs_mistake_mask=E"":4}"
     52224,         0,         0,    16.5,exact_mw,8c54babb212143042928b0eca3852c18ac799bf66eb488a668303745c8494fc5,"{""distance"":7,""physical_error_rate"":0.0005}","{""detection_events"":79235,""detectors_checked"":42301440}"
    402432,         0,         0,    16.4,exact_mw,26ede523e6354ffb917e832246591ea54a1b9969785b9947b95e2ebb539e2476,"{""distance"":7,""physical_error_rate"":0.0002}","{""detection_events"":244998,""detectors_checked"":325969920}"
      3072,         0,         0,   0.615,exact_mw,92a9cd959715f3d5685c6265974e573ec36ff2f173f7490ff1393041d63371cf,"{""distance"":7,""physical_error_rate"":0.0001}","{""detection_events"":995,""detectors_checked"":2488320}"
       416,         6,         0,    16.5,exact_mw,07230310c167a8a58090586f32b373a58fa307b800b0f38cc129dec8518e6258,"{""distance"":7,""physical_error_rate"":0.02}","{""detection_events"":23071,""detectors_checked"":336960,""obs_mistake_mask=E"":6}"
      5120,         0,         0,   0.670,exact_mw,92a9cd959715f3d5685c6265974e573ec36ff2f173f7490ff1393041d63371cf,"{""distance"":7,""physical_error_rate"":0.0001}","{""detection_events"":1551,""detectors_checked"":4147200}"
        36,         0,         0,    5.66,exact_mw,a39d26a9c85ff1858873bfad720922f64799219ac1b945519c1902b92db90de0,"{""distance"":7,""physical_error_rate"":0.005}","{""detection_events"":543,""detectors_checked"":29160}"
      7168,         0,         0,   0.907,exact_mw,92a9cd959715f3d5685c6265974e573ec36ff2f173f7490ff1393041d63371cf,"{""distance"":7,""physical_error_rate"":0.0001}","{""detection_events"":2140,""detectors_checked"":5806080}"
     51200,         0,         0,    16.7,exact_mw,8c54babb212143042928b0eca3852c18ac799bf66eb488a668303745c8494fc5,"{""distance"":7,""physical_error_rate"":0.0005}","{""detection_events"":78465,""detectors_checked"":41472000}"
      7168,         0,         0,    1.18,exact_mw,92a9cd959715f3d5685c6265974e573ec36ff2f173f7490ff1393041d63371cf,"{""distance"":7,""physical_error_rate"":0.0001}","{""detection_events"":2170,""detectors_checked"":5806080}"
       480,        68,         0,    17.0,exact_mw,bef67c2527ad51595e418cf30d8716541525c85f29404769715fc39af85a0852,"{""distance"":7,""physical_error_rate"":0.05}","{""detection_events"":59309,""detectors_checked"":388800,""obs_mistake_mask=E"":68}"
       800,         1,         0,    16.7,exact_mw,a39d26a9c85ff1858873bfad720922f64799219ac1b945519c1902b92db90de0,"{""distance"":7,""physical_error_rate"":0.005}","{""detection_events"":11906,""detectors_checked"":648000,""obs_mistake_mask=E"":1}"
     12288,         0,         0,    1.62,exact_mw,92a9cd959715f3d5685c6265974e573ec36ff2f173f7490ff1393041d63371cf,"{""distance"":7,""physical_error_rate"":0.0001}","{""detection_events"":3670,""detectors_checked"":9953280}"
   1796096,         1,         0,    22.9,exact_mw,92a9cd959715f3d5685c6265974e573ec36ff2f173f7490ff1393041d63371cf,"{""distance"":7,""physical_error_rate"":0.0001}","{""detection_events"":547530,""detectors_checked"":1454837760,""obs_mistake_mask=E"":1}"
       368,         7,         0,    17.0,exact_mw,07230310c167a8a58090586f32b373a58fa307b800b0f38cc129dec8518e6258,"{""distance"":7,""physical_error_rate"":0.02}","{""detection_events"":20418,""detectors_checked"":298080,""obs_mistake_mask=E"":7}"
       256,         5,         0,    11.9,exact_mw,07230310c167a8a58090586f32b373a58fa307b800b0f38cc129dec8518e6258,"{""distance"":7,""physical_error_rate"":0.02}","{""detection_events"":14433,""detectors_checked"":207360,""obs_mistake_mask=E"":5}"
   2492416,         0,         0,    22.8,exact_mw,a212c24da5b34f1b60580734e5e54c4073e302b219bc7e486ff8edc698604c9e,"{""distance"":7,""physical_error_rate"":5e-05}","{""detection_events"":380181,""detectors_checked"":2018856960}"
      3712,         1,         0,    16.5,exact_mw,98ed6542f5a75ebddbda0ed622fb597fbc85d0a75d139587b6be9a08147ba42d,"{""distance"":7,""physical_error_rate"":0.002}","{""detection_events"":22607,""detectors_checked"":3006720,""obs_mistake_mask=E"":1}"
      2432,         0,         0,    16.5,exact_mw,98ed6542f5a75ebddbda0ed622fb597fbc85d0a75d139587b6be9a08147ba42d,"{""distance"":7,""physical_error_rate"":0.002}","{""detection_events"":14932,""detectors_checked"":1969920}"
       864,         1,         0,    16.4,exact_mw,a39d26a9c85ff1858873bfad720922f64799219ac1b945519c1902b92db90de0,"{""distance"":7,""physical_error_rate"":0.005}","{""detection_events"":12832,""detectors_checked"":699840,""obs_mistake_mask=E"":1}"
      2304,         0,         0,    16.9,exact_mw,98ed6542f5a75ebddbda0ed622fb597fbc85d0a75d139587b6be9a08147ba42d,"{""distance"":7,""physical_error_rate"":0.002}","{""detection_events"":14197,""detectors_checked"":1866240}"
     15360,         0,         0,    2.18,exact_mw,92a9cd959715f3d5685c6265974e573ec36ff2f173f7490ff1393041d63371cf,"{""distance"":7,""physical_error_rate"":0.0001}","{""detection_events"":4733,""detectors_checked"":12441600}"
       480,         1,         0,    16.5,exact_mw,1713bc804565c0b42ca58c93310b033f01c41dd72e5e9cac9fe58a9188a19ab7,"{""distance"":7,""physical_error_rate"":0.01}","{""detection_events"":14098,""detectors_checked"":388800,""obs_mistake_mask=E"":1}"
       352,         9,         0,    16.5,exact_mw,07230310c167a8a58090586f32b373a58fa307b800b0f38cc129dec8518e6258,"{""distance"":7,""physical_error_rate"":0.02}","{""detection_events"":19491,""detectors_checked"":285120,""obs_mistake_mask=E"":9}"
       528,         2,         0,    16.4,exact_mw,1713bc804565c0b42ca58c93310b033f01c41dd72e5e9cac9fe58a9188a19ab7,"{""distance"":7,""physical_error_rate"":0.01}","{""detection_events"":15170,""detectors_checked"":427680,""obs_mistake_mask=E"":2}"
       800,         1,         0,    16.8,exact_mw,a39d26a9c85ff1858873bfad720922f64799219ac1b945519c1902b92db90de0,"{""distance"":7,""physical_error_rate"":0.005}","{""detection_events"":11876,""detectors_checked"":648000,""obs_mistake_mask=E"":1}"
    121856,         1,         0,    23.0,exact_mw,8c54babb212143042928b0eca3852c18ac799bf66eb488a668303745c8494fc5,"{""distance"":7,""physical_error_rate"":0.0005}","{""detection_events"":185310,""detectors_checked"":98703360,""obs_mistake_mask=E"":1}"
    885760,         1,         0,    22.9,exact_mw,26ede523e6354ffb917e832246591ea54a1b9969785b9947b95e2ebb539e2476,"{""distance"":7,""physical_error_rate"":0.0002}","{""detection_events"":540500,""detectors_checked"":717465600,""obs_mistake_mask=E"":1}"
        56,         0,         0,    7.42,exact_mw,a39d26a9c85ff1858873bfad720922f64799219ac1b945519c1902b92db90de0,"{""distance"":7,""physical_error_rate"":0.005}","{""detection_events"":850,""detectors_checked"":45360}"
      8448,         0,         0,    16.9,exact_mw,d2cc2b129abad1f985b8639603638d6030a837aa2fe57172dffdf28919c1c286,"{""distance"":7,""physical_error_rate"":0.001}","{""detection_events"":26128,""detectors_checked"":6842880}"
      9728,         0,         0,    16.9,exact_mw,d2cc2b129abad1f985b8639603638d6030a837aa2fe57172dffdf28919c1c286,"{""distance"":7,""physical_error_rate"":0.001}","{""detection_events"":29697,""detectors_checked"":7879680}"
       400,        49,         0,    12.0,exact_mw,bef67c2527ad51595e418cf30d8716541525c85f29404769715fc39af85a0852,"{""distance"":7,""physical_error_rate"":0.05}","{""detection_events"":49733,""detectors_checked"":324000,""obs_mistake_mask=E"":49}"
     26624,         0,         0,    3.02,exact_mw,92a9cd959715f3d5685c6265974e573ec36ff2f173f7490ff1393041d63371cf,"{""distance"":7,""physical_error_rate"":0.0001}","{""detection_events"":8300,""detectors_checked"":21565440}"
     15872,         2,         0,    23.2,exact_mw,d2cc2b129abad1f985b8639603638d6030a837aa2fe57172dffdf28919c1c286,"{""distance"":7,""physical_error_rate"":0.001}","{""detection_events"":47819,""detectors_checked"":12856320,""obs_mistake_mask=E"":2}"
   1245184,         1,         0,    22.8,exact_mw,92a9cd959715f3d5685c6265974e573ec36ff2f173f7490ff1393041d63371cf,"{""distance"":7,""physical_error_rate"":0.0001}","{""detection_events"":379954,""detectors_checked"":1008599040,""obs_mistake_mask=E"":1}"
     28672,         0,         0,    4.39,exact_mw,92a9cd959715f3d5685c6265974e573ec36ff2f173f7490ff1393041d63371cf,"{""distance"":7,""physical_error_rate"":0.0001}","{""detection_events"":8687,""detectors_checked"":23224320}"
      1696,         0,         0,    23.2,exact_mw,a39d26a9c85ff1858873bfad720922f64799219ac1b945519c1902b92db90de0,"{""distance"":7,""physical_error_rate"":0.005}","{""detection_events"":25394,""detectors_checked"":1373760}"
   2183168,         1,         0,    22.8,exact_mw,a212c24da5b34f1b60580734e5e54c4073e302b219bc7e486ff8edc698604c9e,"{""distance"":7,""physical_error_rate"":5e-05}","{""detection_events"":333200,""detectors_checked"":1768366080,""obs_mistake_mask=E"":1}"
        48,         0,         0,    8.52,exact_mw,a39d26a9c85ff1858873bfad720922f64799219ac1b945519c1902b92db90de0,"{""distance"":7,""physical_error_rate"":0.005}","{""detection_events"":735,""detectors_checked"":38880}"
       992,         3,         0,    23.7,exact_mw,1713bc804565c0b42ca58c93310b033f01c41dd72e5e9cac9fe58a9188a19ab7,"{""distance"":7,""physical_error_rate"":0.01}","{""detection_events"":29016,""detectors_checked"":803520,""obs_mistake_mask=E"":3}"
    549888,         2,         0,    22.9,exact_mw,26ede523e6354ffb917e832246591ea54a1b9969785b9947b95e2ebb539e2476,"{""distance"":7,""physical_error_rate"":0.0002}","{""detection_events"":335401,""detectors_checked"":445409280,""obs_mistake_mask=E"":2}"
   2311168,         0,         0,    22.8,exact_mw,a212c24da5b34f1b60580734e5e54c4073e302b219bc7e486ff8edc698604c9e,"{""distance"":7,""physical_error_rate"":5e-05}","{""detection_events"":352963,""detectors_checked"":1872046080}"
      3968,         0,         0,    23.6,exact_mw,98ed6542f5a75ebddbda0ed622fb597fbc85d0a75d139587b6be9a08147ba42d,"{""distance"":7,""physical_error_rate"":0.002}","{""detection_events"":23755,""detectors_checked"":3214080}"
       448,        51,         0,    23.2,exact_mw,bef67c2527ad51595e418cf30d8716541525c85f29404769715fc39af85a0852,"{""distance"":7,""physical_error_rate"":0.05}","{""detection_events"":55023,""detectors_checked"":362880,""obs_mistake_mask=E"":51}"
     47104,         0,         0,    6.00,exact_mw,92a9cd959715f3d5685c6265974e573ec36ff2f173f7490ff1393041d63371cf,"{""distance"":7,""physical_error_rate"":0.0001}","{""detection_events"":14636,""detectors_checked"":38154240}"
      3008,         0,         0,    23.1,exact_mw,98ed6542f5a75ebddbda0ed622fb597fbc85d0a75d139587b6be9a08147ba42d,"{""distance"":7,""physical_error_rate"":0.002}","{""detection_events"":18204,""detectors_checked"":2436480}"
         1,         0,         0,   0.084,exact_mw,92a9cd959715f3d5685c6265974e573ec36ff2f173f7490ff1393041d63371cf,"{""distance"":7,""physical_error_rate"":0.0001}","{""detection_events"":1,""detectors_checked"":810}"
      1092,         0,         0,   0.190,exact_mw,92a9cd959715f3d5685c6265974e573ec36ff2f173f7490ff1393041d63371cf,"{""distance"":7,""physical_error_rate"":0.0001}","{""detection_events"":354,""detectors_checked"":884520}"
      1024,         0,         0,   0.112,exact_mw,92a9cd959715f3d5685c6265974e573ec36ff2f173f7490ff1393041d63371cf,"{""distance"":7,""physical_error_rate"":0.0001}","{""detection_events"":282,""detectors_checked"":829440}"
      1024,         0,         0,   0.109,exact_mw,92a9cd959715f3d5685c6265974e573ec36ff2f173f7490ff1393041d63371cf,"{""distance"":7,""physical_error_rate"":0.0001}","{""detection_events"":296,""detectors_checked"":829440}"
    103424,         2,         0,    23.3,exact_mw,8c54babb212143042928b0eca3852c18ac799bf66eb488a668303745c8494fc5,"{""distance"":7,""physical_error_rate"":0.0005}","{""detection_events"":158192,""detectors_checked"":83773440,""obs_mistake_mask=E"":2}"
      1024,         0,         0,   0.168,exact_mw,92a9cd959715f3d5685c6265974e573ec36ff2f173f7490ff1393041d63371cf,"{""distance"":7,""physical_error_rate"":0.0001}","{""detection_events"":307,""detectors_checked"":829440}"
   1512448,         0,         0,    22.8,exact_mw,a212c24da5b34f1b60580734e5e54c4073e302b219bc7e486ff8edc698604c9e,"{""distance"":7,""physical_error_rate"":5e-05}","{""detection_events"":230548,""detectors_checked"":1225082880}"
      1024,         0,         0,   0.168,exact_mw,92a9cd959715f3d5685c6265974e573ec36ff2f173f7490ff1393041d63371cf,"{""distance"":7,""physical_error_rate"":0.0001}","{""detection_events"":374,""detectors_checked"":829440}"
      1024,         0,         0,   0.168,exact_mw,92a9cd959715f3d5685c6265974e573ec36ff2f173f7490ff1393041d63371cf,"{""distance"":7,""physical_error_rate"":0.0001}","{""detection_events"":299,""detectors_checked"":829440}"
       512,        56,         0,    23.0,exact_mw,bef67c2527ad51595e418cf30d8716541525c85f29404769715fc39af85a0852,"{""distance"":7,""physical_error_rate"":0.05}","{""detection_events"":63461,""detectors_checked"":414720,""obs_mistake_mask=E"":56}"
      1024,         0,         0,   0.168,exact_mw,92a9cd959715f3d5685c6265974e573ec36ff2f173f7490ff1393041d63371cf,"{""distance"":7,""physical_error_rate"":0.0001}","{""detection_events"":342,""detectors_checked"":829440}"
    669696,         1,         0,    22.9,exact_mw,26ede523e6354ffb917e832246591ea54a1b9969785b9947b95e2ebb539e2476,"{""distance"":7,""physical_error_rate"":0.0002}","{""detection_events"":407253,""detectors_checked"":542453760,""obs_mistake_mask=E"":1}"
      1024,         0,         0,   0.223,exact_mw,92a9cd959715f3d5685c6265974e573ec36ff2f173f7490ff1393041d63371cf,"{""distance"":7,""physical_error_rate"":0.0001}","{""detection_events"":296,""detectors_checked"":829440}"
       448,        71,         0,    23.5,exact_mw,bef67c2527ad51595e418cf30d8716541525c85f29404769715fc39af85a0852,"{""distance"":7,""physical_error_rate"":0.05}","{""detection_events"":55249,""detectors_checked"":362880,""obs_mistake_mask=E"":71}"
        64,        11,         0,    3.31,exact_mw,bef67c2527ad51595e418cf30d8716541525c85f29404769715fc39af85a0852,"{""distance"":7,""physical_error_rate"":0.05}","{""detection_events"":7948,""detectors_checked"":51840,""obs_mistake_mask=E"":11}"
        16,         2,         0,   0.417,exact_mw,bef67c2527ad51595e418cf30d8716541525c85f29404769715fc39af85a0852,"{""distance"":7,""physical_error_rate"":0.05}","{""detection_events"":2030,""detectors_checked"":12960,""obs_mistake_mask=E"":2}"
      2048,         0,         0,   0.224,exact_mw,92a9cd959715f3d5685c6265974e573ec36ff2f173f7490ff1393041d63371cf,"{""distance"":7,""physical_error_rate"":0.0001}","{""detection_events"":562,""detectors_checked"":1658880}"
       416,        59,         0,    13.0,exact_mw,bef67c2527ad51595e418cf30d8716541525c85f29404769715fc39af85a0852,"{""distance"":7,""physical_error_rate"":0.05}","{""detection_events"":51709,""detectors_checked"":336960,""obs_mistake_mask=E"":59}"
       368,         7,         0,    17.1,exact_mw,07230310c167a8a58090586f32b373a58fa307b800b0f38cc129dec8518e6258,"{""distance"":7,""physical_error_rate"":0.02}","{""detection_events"":20517,""detectors_checked"":298080,""obs_mistake_mask=E"":7}"
       544,        73,         0,    19.5,exact_mw,bef67c2527ad51595e418cf30d8716541525c85f29404769715fc39af85a0852,"{""distance"":7,""physical_error_rate"":0.05}","{""detection_events"":67232,""detectors_checked"":440640,""obs_mistake_mask=E"":73}"
      3072,         0,         0,   0.395,exact_mw,92a9cd959715f3d5685c6265974e573ec36ff2f173f7490ff1393041d63371cf,"{""distance"":7,""physical_error_rate"":0.0001}","{""detection_events"":950,""detectors_checked"":2488320}"
       448,        11,         0,    23.1,exact_mw,07230310c167a8a58090586f32b373a58fa307b800b0f38cc129dec8518e6258,"{""distance"":7,""physical_error_rate"":0.02}","{""detection_events"":25000,""detectors_checked"":362880,""obs_mistake_mask=E"":11}"
    719872,         3,         0,    22.9,exact_mw,26ede523e6354ffb917e832246591ea54a1b9969785b9947b95e2ebb539e2476,"{""distance"":7,""physical_error_rate"":0.0002}","{""detection_events"":438607,""detectors_checked"":583096320,""obs_mistake_mask=E"":3}"
    108544,         2,         0,    23.2,exact_mw,8c54babb212143042928b0eca3852c18ac799bf66eb488a668303745c8494fc5,"{""distance"":7,""physical_error_rate"":0.0005}","{""detection_events"":164645,""detectors_checked"":87920640,""obs_mistake_mask=E"":2}"
        16,         1,         0,   0.803,exact_mw,bef67c2527ad51595e418cf30d8716541525c85f29404769715fc39af85a0852,"{""distance"":7,""physical_error_rate"":0.05}","{""detection_events"":1997,""detectors_checked"":12960,""obs_mistake_mask=E"":1}"
      4096,         0,         0,   0.539,exact_mw,92a9cd959715f3d5685c6265974e573ec36ff2f173f7490ff1393041d63371cf,"{""distance"":7,""physical_error_rate"":0.0001}","{""detection_events"":1246,""detectors_checked"":3317760}"
      4096,         0,         0,   0.569,exact_mw,92a9cd959715f3d5685c6265974e573ec36ff2f173f7490ff1393041d63371cf,"{""distance"":7,""physical_error_rate"":0.0001}","{""detection_events"":1289,""detectors_checked"":3317760}"
       560,         4,         0,    23.6,exact_mw,07230310c167a8a58090586f32b373a58fa307b800b0f38cc129dec8518e6258,"{""distance"":7,""physical_error_rate"":0.02}","{""detection_events"":31480,""detectors_checked"":453600,""obs_mistake_mask=E"":4}"
      8192,         0,         0,   0.891,exact_mw,92a9cd959715f3d5685c6265974e573ec36ff2f173f7490ff1393041d63371cf,"{""distance"":7,""physical_error_rate"":0.0001}","{""detection_events"":2505,""detectors_checked"":6635520}"
     70656,         0,         0,    23.1,exact_mw,8c54babb212143042928b0eca3852c18ac799bf66eb488a668303745c8494fc5,"{""distance"":7,""physical_error_rate"":0.0005}","{""detection_events"":107689,""detectors_checked"":57231360}"
      7168,         0,         0,    1.19,exact_mw,92a9cd959715f3d5685c6265974e573ec36ff2f173f7490ff1393041d63371cf,"{""distance"":7,""physical_error_rate"":0.0001}","{""detection_events"":2143,""detectors_checked"":5806080}"
      1056,         1,         0,    23.2,exact_mw,a39d26a9c85ff1858873bfad720922f64799219ac1b945519c1902b92db90de0,"{""distance"":7,""physical_error_rate"":0.005}","{""detection_events"":15893,""detectors_checked"":855360,""obs_mistake_mask=E"":1}"
     14336,         0,         0,    1.56,exact_mw,92a9cd959715f3d5685c6265974e573ec36ff2f173f7490ff1393041d63371cf,"{""distance"":7,""physical_error_rate"":0.0001}","{""detection_events"":4287,""detectors_checked"":11612160}"
    315392,         0,         0,    8.28,exact_mw,92a9cd959715f3d5685c6265974e573ec36ff2f173f7490ff1393041d63371cf,"{""distance"":7,""physical_error_rate"":0.0001}","{""detection_events"":95844,""detectors_checked"":255467520}"
        76,         0,         0,    11.8,exact_mw,a39d26a9c85ff1858873bfad720922f64799219ac1b945519c1902b92db90de0,"{""distance"":7,""physical_error_rate"":0.005}","{""detection_events"":1165,""detectors_checked"":61560}"
       496,         5,         0,    23.3,exact_mw,07230310c167a8a58090586f32b373a58fa307b800b0f38cc129dec8518e6258,"{""distance"":7,""physical_error_rate"":0.02}","{""detection_events"":27414,""detectors_checked"":401760,""obs_mistake_mask=E"":5}"
      1184,         0,         0,    23.1,exact_mw,a39d26a9c85ff1858873bfad720922f64799219ac1b945519c1902b92db90de0,"{""distance"":7,""physical_error_rate"":0.005}","{""detection_events"":17580,""detectors_checked"":959040}"
      3456,         1,         0,    23.4,exact_mw,98ed6542f5a75ebddbda0ed622fb597fbc85d0a75d139587b6be9a08147ba42d,"{""distance"":7,""physical_error_rate"":0.002}","{""detection_events"":20810,""detectors_checked"":2799360,""obs_mistake_mask=E"":1}"
       672,         3,         0,    23.0,exact_mw,1713bc804565c0b42ca58c93310b033f01c41dd72e5e9cac9fe58a9188a19ab7,"{""distance"":7,""physical_error_rate"":0.01}","{""detection_events"":19627,""detectors_checked"":544320,""obs_mistake_mask=E"":3}"
      4992,         0,         0,    24.0,exact_mw,98ed6542f5a75ebddbda0ed622fb597fbc85d0a75d139587b6be9a08147ba42d,"{""distance"":7,""physical_error_rate"":0.002}","{""detection_events"":30602,""detectors_checked"":4043520}"
     19456,         0,         0,    2.18,exact_mw,92a9cd959715f3d5685c6265974e573ec36ff2f173f7490ff1393041d63371cf,"{""distance"":7,""physical_error_rate"":0.0001}","{""detection_events"":5890,""detectors_checked"":15759360}"
       496,         9,         0,    23.1,exact_mw,07230310c167a8a58090586f32b373a58fa307b800b0f38cc129dec8518e6258,"{""distance"":7,""physical_error_rate"":0.02}","{""detection_events"":27276,""detectors_checked"":401760,""obs_mistake_mask=E"":9}"
      3328,         1,         0,    23.5,exact_mw,98ed6542f5a75ebddbda0ed622fb597fbc85d0a75d139587b6be9a08147ba42d,"{""distance"":7,""physical_error_rate"":0.002}","{""detection_events"":20156,""detectors_checked"":2695680,""obs_mistake_mask=E"":1}"
       736,         0,         0,    23.3,exact_mw,1713bc804565c0b42ca58c93310b033f01c41dd72e5e9cac9fe58a9188a19ab7,"{""distance"":7,""physical_error_rate"":0.01}","{""detection_events"":21577,""detectors_checked"":596160}"
      1088,         1,         0,    23.0,exact_mw,a39d26a9c85ff1858873bfad720922f64799219ac1b945519c1902b92db90de0,"{""distance"":7,""physical_error_rate"":0.005}","{""detection_events"":15847,""detectors_checked"":881280,""obs_mistake_mask=E"":1}"
     12288,         0,         0,    23.1,exact_mw,d2cc2b129abad1f985b8639603638d6030a837aa2fe57172dffdf28919c1c286,"{""distance"":7,""physical_error_rate"":0.001}","{""detection_events"":37595,""detectors_checked"":9953280}"
     13568,         3,         0,    23.2,exact_mw,d2cc2b129abad1f985b8639603638d6030a837aa2fe57172dffdf28919c1c286,"{""distance"":7,""physical_error_rate"":0.001}","{""detection_events"":41077,""detectors_checked"":10990080,""obs_mistake_mask=E"":3}"
     23552,         0,         0,    3.06,exact_mw,92a9cd959715f3d5685c6265974e573ec36ff2f173f7490ff1393041d63371cf,"{""distance"":7,""physical_error_rate"":0.0001}","{""detection_events"":7116,""detectors_checked"":19077120}"
   2179072,         2,         0,    31.9,exact_mw,92a9cd959715f3d5685c6265974e573ec36ff2f173f7490ff1393041d63371cf,"{""distance"":7,""physical_error_rate"":0.0001}","{""detection_events"":664796,""detectors_checked"":1765048320,""obs_mistake_mask=E"":2}"
     33792,         0,         0,    4.37,exact_mw,92a9cd959715f3d5685c6265974e573ec36ff2f173f7490ff1393041d63371cf,"{""distance"":7,""physical_error_rate"":0.0001}","{""detection_events"":10282,""detectors_checked"":27371520}"
   3525632,         0,         0,    31.9,exact_mw,a212c24da5b34f1b60580734e5e54c4073e302b219bc7e486ff8edc698604c9e,"{""distance"":7,""physical_error_rate"":5e-05}","{""detection_events"":538778,""detectors_checked"":2855761920}"
         1,         0,         0,   0.008,exact_mw,d2cc2b129abad1f985b8639603638d6030a837aa2fe57172dffdf28919c1c286,"{""distance"":7,""physical_error_rate"":0.001}","{""detectors_checked"":810}"
         8,         0,         0,   0.052,exact_mw,d2cc2b129abad1f985b8639603638d6030a837aa2fe57172dffdf28919c1c286,"{""distance"":7,""physical_error_rate"":0.001}","{""detection_events"":22,""detectors_checked"":6480}"
        64,         0,         0,   0.363,exact_mw,d2cc2b129abad1f985b8639603638d6030a837aa2fe57172dffdf28919c1c286,"{""distance"":7,""physical_error_rate"":0.001}","{""detection_events"":173,""detectors_checked"":51840}"
        64,         0,         0,    1.36,exact_mw,d2cc2b129abad1f985b8639603638d6030a837aa2fe57172dffdf28919c1c286,"{""distance"":7,""physical_error_rate"":0.001}","{""detection_events"":230,""detectors_checked"":51840}"
   1204224,         2,         0,    32.1,exact_mw,26ede523e6354ffb917e832246591ea54a1b9969785b9947b95e2ebb539e2476,"{""distance"":7,""physical_error_rate"":0.0002}","{""detection_events"":731660,""detectors_checked"":975421440,""obs_mistake_mask=E"":2}"
    629760,         0,         0,    11.6,exact_mw,92a9cd959715f3d5685c6265974e573ec36ff2f173f7490ff1393041d63371cf,"{""distance"":7,""physical_error_rate"":0.0001}","{""detection_events"":192085,""detectors_checked"":510105600}"
    146432,         1,         0,    32.3,exact_mw,8c54babb212143042928b0eca3852c18ac799bf66eb488a668303745c8494fc5,"{""distance"":7,""physical_error_rate"":0.0005}","{""detection_events"":223104,""detectors_checked"":118609920,""obs_mistake_mask=E"":1}"
        32,         0,         0,   0.260,exact_mw,d2cc2b129abad1f985b8639603638d6030a837aa2fe57172dffdf28919c1c286,"{""distance"":7,""physical_error_rate"":0.001}","{""detection_events"":90,""detectors_checked"":25920}"
        64,         0,         0,   0.517,exact_mw,d2cc2b129abad1f985b8639603638d6030a837aa2fe57172dffdf28919c1c286,"{""distance"":7,""physical_error_rate"":0.001}","{""detection_events"":194,""detectors_checked"":51840}"
        64,         0,         0,   0.782,exact_mw,d2cc2b129abad1f985b8639603638d6030a837aa2fe57172dffdf28919c1c286,"{""distance"":7,""physical_error_rate"":0.001}","{""detection_events"":197,""detectors_checked"":51840}"
        64,         0,         0,    1.30,exact_mw,d2cc2b129abad1f985b8639603638d6030a837aa2fe57172dffdf28919c1c286,"{""distance"":7,""physical_error_rate"":0.001}","{""detection_events"":235,""detectors_checked"":51840}"
     48128,         0,         0,    5.90,exact_mw,92a9cd959715f3d5685c6265974e573ec36ff2f173f7490ff1393041d63371cf,"{""distance"":7,""physical_error_rate"":0.0001}","{""detection_events"":14803,""detectors_checked"":38983680}"
     23552,         1,         0,    32.6,exact_mw,d2cc2b129abad1f985b8639603638d6030a837aa2fe57172dffdf28919c1c286,"{""distance"":7,""physical_error_rate"":0.001}","{""detection_events"":71263,""detectors_checked"":19077120,""obs_mistake_mask=E"":1}"
        64,         0,         0,   0.415,exact_mw,d2cc2b129abad1f985b8639603638d6030a837aa2fe57172dffdf28919c1c286,"{""distance"":7,""physical_error_rate"":0.001}","{""detection_events"":181,""detectors_checked"":51840}"
      1297,         0,         0,   0.011,exact_mw,a212c24da5b34f1b60580734e5e54c4073e302b219bc7e486ff8edc698604c9e,"{""distance"":7,""physical_error_rate"":5e-05}","{""detection_events"":175,""detectors_checked"":1050570}"
      1024,         0,         0,   0.008,exact_mw,a212c24da5b34f1b60580734e5e54c4073e302b219bc7e486ff8edc698604c9e,"{""distance"":7,""physical_error_rate"":5e-05}","{""detection_events"":175,""detectors_checked"":829440}"
      2048,         0,         0,   0.029,exact_mw,a212c24da5b34f1b60580734e5e54c4073e302b219bc7e486ff8edc698604c9e,"{""distance"":7,""physical_error_rate"":5e-05}","{""detection_events"":283,""detectors_checked"":1658880}"
      2048,         0,         0,   0.029,exact_mw,a212c24da5b34f1b60580734e5e54c4073e302b219bc7e486ff8edc698604c9e,"{""distance"":7,""physical_error_rate"":5e-05}","{""detection_events"":327,""detectors_checked"":1658880}"
        64,         0,         0,   0.523,exact_mw,d2cc2b129abad1f985b8639603638d6030a837aa2fe57172dffdf28919c1c286,"{""distance"":7,""physical_error_rate"":0.001}","{""detection_events"":183,""detectors_checked"":51840}"
      2048,         0,         0,   0.043,exact_mw,a212c24da5b34f1b60580734e5e54c4073e302b219bc7e486ff8edc698604c9e,"{""distance"":7,""physical_error_rate"":5e-05}","{""detection_events"":345,""detectors_checked"":1658880}"
      4096,         0,         0,   0.061,exact_mw,a212c24da5b34f1b60580734e5e54c4073e302b219bc7e486ff8edc698604c9e,"{""distance"":7,""physical_error_rate"":5e-05}","{""detection_events"":621,""detectors_checked"":3317760}"
      5120,         0,         0,   0.065,exact_mw,a212c24da5b34f1b60580734e5e54c4073e302b219bc7e486ff8edc698604c9e,"{""distance"":7,""physical_error_rate"":5e-05}","{""detection_events"":754,""detectors_checked"":4147200}"
   1732608,         0,         0,    31.9,exact_mw,92a9cd959715f3d5685c6265974e573ec36ff2f173f7490ff1393041d63371cf,"{""distance"":7,""physical_error_rate"":0.0001}","{""detection_events"":528133,""detectors_checked"":1403412480}"
      7168,         0,         0,   0.099,exact_mw,a212c24da5b34f1b60580734e5e54c4073e302b219bc7e486ff8edc698604c9e,"{""distance"":7,""physical_error_rate"":5e-05}","{""detection_events"":1111,""detectors_checked"":5806080}"
      9216,         0,         0,   0.136,exact_mw,a212c24da5b34f1b60580734e5e54c4073e302b219bc7e486ff8edc698604c9e,"{""distance"":7,""physical_error_rate"":5e-05}","{""detection_events"":1285,""detectors_checked"":7464960}"
     13312,         0,         0,   0.210,exact_mw,a212c24da5b34f1b60580734e5e54c4073e302b219bc7e486ff8edc698604c9e,"{""distance"":7,""physical_error_rate"":5e-05}","{""detection_events"":2091,""detectors_checked"":10782720}"
     18432,         0,         0,   0.294,exact_mw,a212c24da5b34f1b60580734e5e54c4073e302b219bc7e486ff8edc698604c9e,"{""distance"":7,""physical_error_rate"":5e-05}","{""detection_events"":2791,""detectors_checked"":14929920}"
        64,         0,         0,   0.986,exact_mw,d2cc2b129abad1f985b8639603638d6030a837aa2fe57172dffdf28919c1c286,"{""distance"":7,""physical_error_rate"":0.001}","{""detection_events"":205,""detectors_checked"":51840}"
       104,         0,         0,    16.5,exact_mw,a39d26a9c85ff1858873bfad720922f64799219ac1b945519c1902b92db90de0,"{""distance"":7,""physical_error_rate"":0.005}","{""detection_events"":1565,""detectors_checked"":84240}"
     26624,         0,         0,   0.420,exact_mw,a212c24da5b34f1b60580734e5e54c4073e302b219bc7e486ff8edc698604c9e,"{""distance"":7,""physical_error_rate"":5e-05}","{""detection_events"":4007,""detectors_checked"":21565440}"
       800,        16,         0,    23.0,exact_mw,07230310c167a8a58090586f32b373a58fa307b800b0f38cc129dec8518e6258,"{""distance"":7,""physical_error_rate"":0.02}","{""detection_events"":44315,""detectors_checked"":648000,""obs_mistake_mask=E"":16}"
        64,         0,         0,   0.726,exact_mw,d2cc2b129abad1f985b8639603638d6030a837aa2fe57172dffdf28919c1c286,"{""distance"":7,""physical_error_rate"":0.001}","{""detection_events"":206,""detectors_checked"":51840}"
     36864,         0,         0,   0.568,exact_mw,a212c24da5b34f1b60580734e5e54c4073e302b219bc7e486ff8edc698604c9e,"{""distance"":7,""physical_error_rate"":5e-05}","{""detection_events"":5613,""detectors_checked"":29859840}"
        64,         0,         0,   0.677,exact_mw,d2cc2b129abad1f985b8639603638d6030a837aa2fe57172dffdf28919c1c286,"{""distance"":7,""physical_error_rate"":0.001}","{""detection_events"":215,""detectors_checked"":51840}"
     50176,         0,         0,   0.793,exact_mw,a212c24da5b34f1b60580734e5e54c4073e302b219bc7e486ff8edc698604c9e,"{""distance"":7,""physical_error_rate"":5e-05}","{""detection_events"":7323,""detectors_checked"":40642560}"
        64,         0,         0,   0.991,exact_mw,d2cc2b129abad1f985b8639603638d6030a837aa2fe57172dffdf28919c1c286,"{""distance"":7,""physical_error_rate"":0.001}","{""detection_events"":200,""detectors_checked"":51840}"
      2464,         1,         0,    32.9,exact_mw,a39d26a9c85ff1858873bfad720922f64799219ac1b945519c1902b92db90de0,"{""distance"":7,""physical_error_rate"":0.005}","{""detection_events"":37029,""detectors_checked"":1995840,""obs_mistake_mask=E"":1}"
      1297,         0,         0,   0.015,exact_mw,92a9cd959715f3d5685c6265974e573ec36ff2f173f7490ff1393041d63371cf,"{""distance"":7,""physical_error_rate"":0.0001}","{""detection_events"":462,""detectors_checked"":1050570}"
      2048,         0,         0,   0.019,exact_mw,92a9cd959715f3d5685c6265974e573ec36ff2f173f7490ff1393041d63371cf,"{""distance"":7,""physical_error_rate"":0.0001}","{""detection_events"":674,""detectors_checked"":1658880}"
      3072,         0,         0,   0.027,exact_mw,92a9cd959715f3d5685c6265974e573ec36ff2f173f7490ff1393041d63371cf,"{""distance"":7,""physical_error_rate"":0.0001}","{""detection_events"":941,""detectors_checked"":2488320}"
      3072,         0,         0,   0.034,exact_mw,92a9cd959715f3d5685c6265974e573ec36ff2f173f7490ff1393041d63371cf,"{""distance"":7,""physical_error_rate"":0.0001}","{""detection_events"":927,""detectors_checked"":2488320}"
      4096,         0,         0,   0.055,exact_mw,92a9cd959715f3d5685c6265974e573ec36ff2f173f7490ff1393041d63371cf,"{""distance"":7,""physical_error_rate"":0.0001}","{""detection_events"":1236,""detectors_checked"":3317760}"
     70656,         0,         0,    1.12,exact_mw,a212c24da5b34f1b60580734e5e54c4073e302b219bc7e486ff8edc698604c9e,"{""distance"":7,""physical_error_rate"":5e-05}","{""detection_events"":10818,""detectors_checked"":57231360}"
      3072,         0,         0,   0.056,exact_mw,92a9cd959715f3d5685c6265974e573ec36ff2f173f7490ff1393041d63371cf,"{""distance"":7,""physical_error_rate"":0.0001}","{""detection_events"":950,""detectors_checked"":2488320}"
      4096,         0,         0,   0.077,exact_mw,92a9cd959715f3d5685c6265974e573ec36ff2f173f7490ff1393041d63371cf,"{""distance"":7,""physical_error_rate"":0.0001}","{""detection_events"":1234,""detectors_checked"":3317760}"
      6144,         0,         0,   0.127,exact_mw,92a9cd959715f3d5685c6265974e573ec36ff2f173f7490ff1393041d63371cf,"{""distance"":7,""physical_error_rate"":0.0001}","{""detection_events"":1967,""detectors_checked"":4976640}"
      9216,         0,         0,   0.150,exact_mw,92a9cd959715f3d5685c6265974e573ec36ff2f173f7490ff1393041d63371cf,"{""distance"":7,""physical_error_rate"":0.0001}","{""detection_events"":2874,""detectors_checked"":7464960}"
     12288,         0,         0,   0.208,exact_mw,92a9cd959715f3d5685c6265974e573ec36ff2f173f7490ff1393041d63371cf,"{""distance"":7,""physical_error_rate"":0.0001}","{""detection_events"":3733,""detectors_checked"":9953280}"
   3227648,         0,         0,    31.9,exact_mw,a212c24da5b34f1b60580734e5e54c4073e302b219bc7e486ff8edc698604c9e,"{""distance"":7,""physical_error_rate"":5e-05}","{""detection_events"":490750,""detectors_checked"":2614394880}"
     16384,         0,         0,   0.306,exact_mw,92a9cd959715f3d5685c6265974e573ec36ff2f173f7490ff1393041d63371cf,"{""distance"":7,""physical_error_rate"":0.0001}","{""detection_events"":5123,""detectors_checked"":13271040}"
       273,         0,         0,   0.078,exact_mw,8c54babb212143042928b0eca3852c18ac799bf66eb488a668303745c8494fc5,"{""distance"":7,""physical_error_rate"":0.0005}","{""detection_events"":417,""detectors_checked"":221130}"
       128,         0,         0,    1.76,exact_mw,d2cc2b129abad1f985b8639603638d6030a837aa2fe57172dffdf28919c1c286,"{""distance"":7,""physical_error_rate"":0.001}","{""detection_events"":392,""detectors_checked"":103680}"
     21504,         0,         0,   0.411,exact_mw,92a9cd959715f3d5685c6265974e573ec36ff2f173f7490ff1393041d63371cf,"{""distance"":7,""physical_error_rate"":0.0001}","{""detection_events"":6234,""detectors_checked"":17418240}"
      1024,         0,         0,   0.348,exact_mw,8c54babb212143042928b0eca3852c18ac799bf66eb488a668303745c8494fc5,"{""distance"":7,""physical_error_rate"":0.0005}","{""detection_events"":1623,""detectors_checked"":829440}"
     98304,         0,         0,    1.56,exact_mw,a212c24da5b34f1b60580734e5e54c4073e302b219bc7e486ff8edc698604c9e,"{""distance"":7,""physical_error_rate"":5e-05}","{""detection_events"":14644,""detectors_checked"":79626240}"
       944,         2,         0,    32.3,exact_mw,1713bc804565c0b42ca58c93310b033f01c41dd72e5e9cac9fe58a9188a19ab7,"{""distance"":7,""physical_error_rate"":0.01}","{""detection_events"":27220,""detectors_checked"":764640,""obs_mistake_mask=E"":2}"
      1024,         0,         0,   0.271,exact_mw,8c54babb212143042928b0eca3852c18ac799bf66eb488a668303745c8494fc5,"{""distance"":7,""physical_error_rate"":0.0005}","{""detection_events"":1468,""detectors_checked"":829440}"
     30720,         0,         0,   0.573,exact_mw,92a9cd959715f3d5685c6265974e573ec36ff2f173f7490ff1393041d63371cf,"{""distance"":7,""physical_error_rate"":0.0001}","{""detection_events"":9371,""detectors_checked"":24883200}"
      1024,         0,         0,   0.285,exact_mw,8c54babb212143042928b0eca3852c18ac799bf66eb488a668303745c8494fc5,"{""distance"":7,""physical_error_rate"":0.0005}","{""detection_events"":1573,""detectors_checked"":829440}"
    778240,         0,         0,    32.0,exact_mw,26ede523e6354ffb917e832246591ea54a1b9969785b9947b95e2ebb539e2476,"{""distance"":7,""physical_error_rate"":0.0002}","{""detection_events"":474708,""detectors_checked"":630374400}"
      1024,         0,         0,   0.389,exact_mw,8c54babb212143042928b0eca3852c18ac799bf66eb488a668303745c8494fc5,"{""distance"":7,""physical_error_rate"":0.0005}","{""detection_events"":1514,""detectors_checked"":829440}"
   2942976,         0,         0,    31.9,exact_mw,a212c24da5b34f1b60580734e5e54c4073e302b219bc7e486ff8edc698604c9e,"{""distance"":7,""physical_error_rate"":5e-05}","{""detection_events"":449227,""detectors_checked"":2383810560}"
      1024,         0,         0,   0.216,exact_mw,8c54babb212143042928b0eca3852c18ac799bf66eb488a668303745c8494fc5,"{""distance"":7,""physical_error_rate"":0.0005}","{""detection_events"":1572,""detectors_checked"":829440}"
     41984,         0,         0,   0.804,exact_mw,92a9cd959715f3d5685c6265974e573ec36ff2f173f7490ff1393041d63371cf,"{""distance"":7,""physical_error_rate"":0.0001}","{""detection_events"":12595,""detectors_checked"":34007040}"
      1024,         0,         0,   0.347,exact_mw,8c54babb212143042928b0eca3852c18ac799bf66eb488a668303745c8494fc5,"{""distance"":7,""physical_error_rate"":0.0005}","{""detection_events"":1490,""detectors_checked"":829440}"
       192,         0,         0,    1.73,exact_mw,d2cc2b129abad1f985b8639603638d6030a837aa2fe57172dffdf28919c1c286,"{""distance"":7,""physical_error_rate"":0.001}","{""detection_events"":555,""detectors_checked"":155520}"
      1024,         0,         0,   0.356,exact_mw,8c54babb212143042928b0eca3852c18ac799bf66eb488a668303745c8494fc5,"{""distance"":7,""physical_error_rate"":0.0005}","{""detection_events"":1589,""detectors_checked"":829440}"
      6144,         0,         0,    32.9,exact_mw,98ed6542f5a75ebddbda0ed622fb597fbc85d0a75d139587b6be9a08147ba42d,"{""distance"":7,""physical_error_rate"":0.002}","{""detection_events"":37198,""detectors_checked"":4976640}"
      1024,         0,         0,   0.335,exact_mw,8c54babb212143042928b0eca3852c18ac799bf66eb488a668303745c8494fc5,"{""distance"":7,""physical_error_rate"":0.0005}","{""detection_events"":1522,""detectors_checked"":829440}"
    132096,         0,         0,    2.18,exact_mw,a212c24da5b34f1b60580734e5e54c4073e302b219bc7e486ff8edc698604c9e,"{""distance"":7,""physical_error_rate"":5e-05}","{""detection_events"":20508,""detectors_checked"":106997760}"
     69632,         0,         0,    8.41,exact_mw,92a9cd959715f3d5685c6265974e573ec36ff2f173f7490ff1393041d63371cf,"{""distance"":7,""physical_error_rate"":0.0001}","{""detection_events"":21195,""detectors_checked"":56401920}"
     58368,         0,         0,    1.10,exact_mw,92a9cd959715f3d5685c6265974e573ec36ff2f173f7490ff1393041d63371cf,"{""distance"":7,""physical_error_rate"":0.0001}","{""detection_events"":17793,""detectors_checked"":47278080}"
       273,         0,         0,   0.018,exact_mw,26ede523e6354ffb917e832246591ea54a1b9969785b9947b95e2ebb539e2476,"{""distance"":7,""physical_error_rate"":0.0002}","{""detection_events"":194,""detectors_checked"":221130}"
      1024,         0,         0,   0.019,exact_mw,26ede523e6354ffb917e832246591ea54a1b9969785b9947b95e2ebb539e2476,"{""distance"":7,""physical_error_rate"":0.0002}","{""detection_events"":663,""detectors_checked"":829440}"
      1024,         0,         0,   0.387,exact_mw,8c54babb212143042928b0eca3852c18ac799bf66eb488a668303745c8494fc5,"{""distance"":7,""physical_error_rate"":0.0005}","{""detection_events"":1613,""detectors_checked"":829440}"
      1024,         0,         0,   0.082,exact_mw,26ede523e6354ffb917e832246591ea54a1b9969785b9947b95e2ebb539e2476,"{""distance"":7,""physical_error_rate"":0.0002}","{""detection_events"":598,""detectors_checked"":829440}"
      2048,         0,         0,   0.061,exact_mw,26ede523e6354ffb917e832246591ea54a1b9969785b9947b95e2ebb539e2476,"{""distance"":7,""physical_error_rate"":0.0002}","{""detection_events"":1295,""detectors_checked"":1658880}"
      2048,         0,         0,   0.060,exact_mw,26ede523e6354ffb917e832246591ea54a1b9969785b9947b95e2ebb539e2476,"{""distance"":7,""physical_error_rate"":0.0002}","{""detection_events"":1301,""detectors_checked"":1658880}"
      2048,         0,         0,   0.068,exact_mw,26ede523e6354ffb917e832246591ea54a1b9969785b9947b95e2ebb539e2476,"{""distance"":7,""physical_error_rate"":0.0002}","{""detection_events"":1221,""detectors_checked"":1658880}"
      1024,         0,         0,   0.311,exact_mw,8c54babb212143042928b0eca3852c18ac799bf66eb488a668303745c8494fc5,"{""distance"":7,""physical_error_rate"":0.0005}","{""detection_events"":1513,""detectors_checked"":829440}"
      3072,         0,         0,   0.096,exact_mw,26ede523e6354ffb917e832246591ea54a1b9969785b9947b95e2ebb539e2476,"{""distance"":7,""physical_error_rate"":0.0002}","{""detection_events"":1973,""detectors_checked"":2488320}"
        17,         0,         0,   0.081,exact_mw,d2cc2b129abad1f985b8639603638d6030a837aa2fe57172dffdf28919c1c286,"{""distance"":7,""physical_error_rate"":0.001}","{""detection_events"":58,""detectors_checked"":13770}"
      4096,         0,         0,   0.134,exact_mw,26ede523e6354ffb917e832246591ea54a1b9969785b9947b95e2ebb539e2476,"{""distance"":7,""physical_error_rate"":0.0002}","{""detection_events"":2406,""detectors_checked"":3317760}"
        64,         0,         0,   0.120,exact_mw,d2cc2b129abad1f985b8639603638d6030a837aa2fe57172dffdf28919c1c286,"{""distance"":7,""physical_error_rate"":0.001}","{""detection_events"":201,""detectors_checked"":51840}"
      6144,         0,         0,   0.185,exact_mw,26ede523e6354ffb917e832246591ea54a1b9969785b9947b95e2ebb539e2476,"{""distance"":7,""physical_error_rate"":0.0002}","{""detection_events"":3661,""detectors_checked"":4976640}"
      1024,         0,         0,   0.439,exact_mw,8c54babb212143042928b0eca3852c18ac799bf66eb488a668303745c8494fc5,"{""distance"":7,""physical_error_rate"":0.0005}","{""detection_events"":1549,""detectors_checked"":829440}"
     12288,         0,         0,   0.221,exact_mw,26ede523e6354ffb917e832246591ea54a1b9969785b9947b95e2ebb539e2476,"{""distance"":7,""physical_error_rate"":0.0002}","{""detection_events"":7517,""detectors_checked"":9953280}"
       256,         0,         0,   0.463,exact_mw,d2cc2b129abad1f985b8639603638d6030a837aa2fe57172dffdf28919c1c286,"{""distance"":7,""physical_error_rate"":0.001}","{""detection_events"":720,""detectors_checked"":207360}"
      8192,         0,         0,   0.330,exact_mw,26ede523e6354ffb917e832246591ea54a1b9969785b9947b95e2ebb539e2476,"{""distance"":7,""physical_error_rate"":0.0002}","{""detection_events"":5040,""detectors_checked"":6635520}"
     82944,         0,         0,    1.54,exact_mw,92a9cd959715f3d5685c6265974e573ec36ff2f173f7490ff1393041d63371cf,"{""distance"":7,""physical_error_rate"":0.0001}","{""detection_events"":25315,""detectors_checked"":67184640}"
       256,         0,         0,   0.517,exact_mw,d2cc2b129abad1f985b8639603638d6030a837aa2fe57172dffdf28919c1c286,"{""distance"":7,""physical_error_rate"":0.001}","{""detection_events"":780,""detectors_checked"":207360}"
       192,         0,         0,    2.59,exact_mw,d2cc2b129abad1f985b8639603638d6030a837aa2fe57172dffdf28919c1c286,"{""distance"":7,""physical_error_rate"":0.001}","{""detection_events"":571,""detectors_checked"":155520}"
     18432,         0,         0,   0.407,exact_mw,26ede523e6354ffb917e832246591ea54a1b9969785b9947b95e2ebb539e2476,"{""distance"":7,""physical_error_rate"":0.0002}","{""detection_events"":11580,""detectors_checked"":14929920}"
      2048,         0,         0,   0.968,exact_mw,8c54babb212143042928b0eca3852c18ac799bf66eb488a668303745c8494fc5,"{""distance"":7,""physical_error_rate"":0.0005}","{""detection_events"":3177,""detectors_checked"":1658880}"
   2112512,         0,         0,    31.9,exact_mw,a212c24da5b34f1b60580734e5e54c4073e302b219bc7e486ff8edc698604c9e,"{""distance"":7,""physical_error_rate"":5e-05}","{""detection_events"":322333,""detectors_checked"":1711134720}"
      4480,         0,         0,    32.9,exact_mw,98ed6542f5a75ebddbda0ed622fb597fbc85d0a75d139587b6be9a08147ba42d,"{""distance"":7,""physical_error_rate"":0.002}","{""detection_events"":27075,""detectors_checked"":3628800}"
    134144,         0,         0,    32.4,exact_mw,8c54babb212143042928b0eca3852c18ac799bf66eb488a668303745c8494fc5,"{""distance"":7,""physical_error_rate"":0.0005}","{""detection_events"":204590,""detectors_checked"":108656640}"
       256,         0,         0,   0.582,exact_mw,d2cc2b129abad1f985b8639603638d6030a837aa2fe57172dffdf28919c1c286,"{""distance"":7,""physical_error_rate"":0.001}","{""detection_events"":807,""detectors_checked"":207360}"
     23552,         0,         0,   0.583,exact_mw,26ede523e6354ffb917e832246591ea54a1b9969785b9947b95e2ebb539e2476,"{""distance"":7,""physical_error_rate"":0.0002}","{""detection_events"":14156,""detectors_checked"":19077120}"
    873472,         2,         0,    32.0,exact_mw,26ede523e6354ffb917e832246591ea54a1b9969785b9947b95e2ebb539e2476,"{""distance"":7,""physical_error_rate"":0.0002}","{""detection_events"":531672,""detectors_checked"":707512320,""obs_mistake_mask=E"":2}"
       256,         0,         0,   0.495,exact_mw,d2cc2b129abad1f985b8639603638d6030a837aa2fe57172dffdf28919c1c286,"{""distance"":7,""physical_error_rate"":0.001}","{""detection_events"":815,""detectors_checked"":207360}"
      5120,         0,         0,   0.878,exact_mw,8c54babb212143042928b0eca3852c18ac799bf66eb488a668303745c8494fc5,"{""distance"":7,""physical_error_rate"":0.0005}","{""detection_events"":7917,""detectors_checked"":4147200}"
    187392,         0,         0,    3.06,exact_mw,a212c24da5b34f1b60580734e5e54c4073e302b219bc7e486ff8edc698604c9e,"{""distance"":7,""physical_error_rate"":5e-05}","{""detection_events"":28712,""detectors_checked"":151787520}"
       256,         0,         0,   0.381,exact_mw,d2cc2b129abad1f985b8639603638d6030a837aa2fe57172dffdf28919c1c286,"{""distance"":7,""physical_error_rate"":0.001}","{""detection_events"":674,""detectors_checked"":207360}"
     24576,         0,         0,   0.780,exact_mw,26ede523e6354ffb917e832246591ea54a1b9969785b9947b95e2ebb539e2476,"{""distance"":7,""physical_error_rate"":0.0002}","{""detection_events"":14887,""detectors_checked"":19906560}"
    840704,         1,         0,    32.1,exact_mw,26ede523e6354ffb917e832246591ea54a1b9969785b9947b95e2ebb539e2476,"{""distance"":7,""physical_error_rate"":0.0002}","{""detection_events"":511160,""detectors_checked"":680970240,""obs_mistake_mask=E"":1}"
       656,         4,         0,    32.2,exact_mw,07230310c167a8a58090586f32b373a58fa307b800b0f38cc129dec8518e6258,"{""distance"":7,""physical_error_rate"":0.02}","{""detection_events"":36563,""detectors_checked"":531360,""obs_mistake_mask=E"":4}"
    150528,         1,         0,    32.3,exact_mw,8c54babb212143042928b0eca3852c18ac799bf66eb488a668303745c8494fc5,"{""distance"":7,""physical_error_rate"":0.0005}","{""detection_events"":227761,""detectors_checked"":121927680,""obs_mistake_mask=E"":1}"
       256,         0,         0,   0.508,exact_mw,d2cc2b129abad1f985b8639603638d6030a837aa2fe57172dffdf28919c1c286,"{""distance"":7,""physical_error_rate"":0.001}","{""detection_events"":794,""detectors_checked"":207360}"
    115712,         1,         0,    2.18,exact_mw,92a9cd959715f3d5685c6265974e573ec36ff2f173f7490ff1393041d63371cf,"{""distance"":7,""physical_error_rate"":0.0001}","{""detection_events"":35276,""detectors_checked"":93726720,""obs_mistake_mask=E"":1}"
      4096,         1,         0,    1.26,exact_mw,8c54babb212143042928b0eca3852c18ac799bf66eb488a668303745c8494fc5,"{""distance"":7,""physical_error_rate"":0.0005}","{""detection_events"":6223,""detectors_checked"":3317760,""obs_mistake_mask=E"":1}"
       256,         0,         0,   0.575,exact_mw,d2cc2b129abad1f985b8639603638d6030a837aa2fe57172dffdf28919c1c286,"{""distance"":7,""physical_error_rate"":0.001}","{""detection_events"":749,""detectors_checked"":207360}"
     25600,         0,         0,    1.12,exact_mw,26ede523e6354ffb917e832246591ea54a1b9969785b9947b95e2ebb539e2476,"{""distance"":7,""physical_error_rate"":0.0002}","{""detection_events"":15664,""detectors_checked"":20736000}"
       784,        10,         0,    32.2,exact_mw,07230310c167a8a58090586f32b373a58fa307b800b0f38cc129dec8518e6258,"{""distance"":7,""physical_error_rate"":0.02}","{""detection_events"":43841,""detectors_checked"":635040,""obs_mistake_mask=E"":10}"
       320,         0,         0,    3.09,exact_mw,d2cc2b129abad1f985b8639603638d6030a837aa2fe57172dffdf28919c1c286,"{""distance"":7,""physical_error_rate"":0.001}","{""detection_events"":913,""detectors_checked"":259200}"
       256,         0,         0,   0.678,exact_mw,d2cc2b129abad1f985b8639603638d6030a837aa2fe57172dffdf28919c1c286,"{""distance"":7,""physical_error_rate"":0.001}","{""detection_events"":834,""detectors_checked"":207360}"
    887808,         1,         0,    16.3,exact_mw,92a9cd959715f3d5685c6265974e573ec36ff2f173f7490ff1393041d63371cf,"{""distance"":7,""physical_error_rate"":0.0001}","{""detection_events"":270639,""detectors_checked"":719124480,""obs_mistake_mask=E"":1}"
       256,         0,         0,   0.318,exact_mw,d2cc2b129abad1f985b8639603638d6030a837aa2fe57172dffdf28919c1c286,"{""distance"":7,""physical_error_rate"":0.001}","{""detection_events"":700,""detectors_checked"":207360}"
      5120,         0,         0,    1.75,exact_mw,8c54babb212143042928b0eca3852c18ac799bf66eb488a668303745c8494fc5,"{""distance"":7,""physical_error_rate"":0.0005}","{""detection_events"":7651,""detectors_checked"":4147200}"
     39936,         0,         0,    1.58,exact_mw,26ede523e6354ffb917e832246591ea54a1b9969785b9947b95e2ebb539e2476,"{""distance"":7,""physical_error_rate"":0.0002}","{""detection_events"":23951,""detectors_checked"":32348160}"
    108544,         0,         0,    32.3,exact_mw,8c54babb212143042928b0eca3852c18ac799bf66eb488a668303745c8494fc5,"{""distance"":7,""physical_error_rate"":0.0005}","{""detection_events"":164506,""detectors_checked"":87920640}"
       512,         0,         0,    1.00,exact_mw,d2cc2b129abad1f985b8639603638d6030a837aa2fe57172dffdf28919c1c286,"{""distance"":7,""physical_error_rate"":0.001}","{""detection_events"":1622,""detectors_checked"":414720}"
    158720,         0,         0,    3.04,exact_mw,92a9cd959715f3d5685c6265974e573ec36ff2f173f7490ff1393041d63371cf,"{""distance"":7,""physical_error_rate"":0.0001}","{""detection_events"":48706,""detectors_checked"":128563200}"
    272384,         0,         0,    4.22,exact_mw,a212c24da5b34f1b60580734e5e54c4073e302b219bc7e486ff8edc698604c9e,"{""distance"":7,""physical_error_rate"":5e-05}","{""detection_events"":41762,""detectors_checked"":220631040}"
       512,         0,         0,    1.06,exact_mw,d2cc2b129abad1f985b8639603638d6030a837aa2fe57172dffdf28919c1c286,"{""distance"":7,""physical_error_rate"":0.001}","{""detection_events"":1596,""detectors_checked"":414720}"
      2208,         0,         0,    32.9,exact_mw,a39d26a9c85ff1858873bfad720922f64799219ac1b945519c1902b92db90de0,"{""distance"":7,""physical_error_rate"":0.005}","{""detection_events"":32246,""detectors_checked"":1788480}"
     54272,         0,         0,    2.18,exact_mw,26ede523e6354ffb917e832246591ea54a1b9969785b9947b95e2ebb539e2476,"{""distance"":7,""physical_error_rate"":0.0002}","{""detection_events"":33440,""detectors_checked"":43960320}"
       512,         0,         0,   0.818,exact_mw,d2cc2b129abad1f985b8639603638d6030a837aa2fe57172dffdf28919c1c286,"{""distance"":7,""physical_error_rate"":0.001}","{""detection_events"":1548,""detectors_checked"":414720}"
      7168,         0,         0,    2.50,exact_mw,8c54babb212143042928b0eca3852c18ac799bf66eb488a668303745c8494fc5,"{""distance"":7,""physical_error_rate"":0.0005}","{""detection_events"":10715,""detectors_checked"":5806080}"
       688,         6,         0,    32.3,exact_mw,07230310c167a8a58090586f32b373a58fa307b800b0f38cc129dec8518e6258,"{""distance"":7,""physical_error_rate"":0.02}","{""detection_events"":37895,""detectors_checked"":557280,""obs_mistake_mask=E"":6}"
       768,         0,         0,    1.37,exact_mw,d2cc2b129abad1f985b8639603638d6030a837aa2fe57172dffdf28919c1c286,"{""distance"":7,""physical_error_rate"":0.001}","{""detection_events"":2355,""detectors_checked"":622080}"
       512,         0,         0,    4.66,exact_mw,d2cc2b129abad1f985b8639603638d6030a837aa2fe57172dffdf28919c1c286,"{""distance"":7,""physical_error_rate"":0.001}","{""detection_events"":1569,""detectors_checked"":414720}"
      4928,         1,         0,    32.3,exact_mw,98ed6542f5a75ebddbda0ed622fb597fbc85d0a75d139587b6be9a08147ba42d,"{""distance"":7,""physical_error_rate"":0.002}","{""detection_events"":29419,""detectors_checked"":3991680,""obs_mistake_mask=E"":1}"
      1600,         0,         0,    32.7,exact_mw,a39d26a9c85ff1858873bfad720922f64799219ac1b945519c1902b92db90de0,"{""distance"":7,""physical_error_rate"":0.005}","{""detection_events"":23676,""detectors_checked"":1296000}"
       912,         1,         0,    32.6,exact_mw,1713bc804565c0b42ca58c93310b033f01c41dd72e5e9cac9fe58a9188a19ab7,"{""distance"":7,""physical_error_rate"":0.01}","{""detection_events"":26457,""detectors_checked"":738720,""obs_mistake_mask=E"":1}"
       688,        13,         0,    32.3,exact_mw,07230310c167a8a58090586f32b373a58fa307b800b0f38cc129dec8518e6258,"{""distance"":7,""physical_error_rate"":0.02}","{""detection_events"":38207,""detectors_checked"":557280,""obs_mistake_mask=E"":13}"
      4480,         1,         0,    32.4,exact_mw,98ed6542f5a75ebddbda0ed622fb597fbc85d0a75d139587b6be9a08147ba42d,"{""distance"":7,""physical_error_rate"":0.002}","{""detection_events"":26939,""detectors_checked"":3628800,""obs_mistake_mask=E"":1}"
      6400,         2,         0,    33.0,exact_mw,98ed6542f5a75ebddbda0ed622fb597fbc85d0a75d139587b6be9a08147ba42d,"{""distance"":7,""physical_error_rate"":0.002}","{""detection_events"":38538,""detectors_checked"":5184000,""obs_mistake_mask=E"":2}"
    223232,         0,         0,    4.21,exact_mw,92a9cd959715f3d5685c6265974e573ec36ff2f173f7490ff1393041d63371cf,"{""distance"":7,""physical_error_rate"":0.0001}","{""detection_events"":67498,""detectors_checked"":180817920}"
     70656,         1,         0,    3.05,exact_mw,26ede523e6354ffb917e832246591ea54a1b9969785b9947b95e2ebb539e2476,"{""distance"":7,""physical_error_rate"":0.0002}","{""detection_events"":43644,""detectors_checked"":57231360,""obs_mistake_mask=E"":1}"
      8192,         0,         0,    3.07,exact_mw,8c54babb212143042928b0eca3852c18ac799bf66eb488a668303745c8494fc5,"{""distance"":7,""physical_error_rate"":0.0005}","{""detection_events"":12818,""detectors_checked"":6635520}"
      1024,         0,         0,    1.96,exact_mw,d2cc2b129abad1f985b8639603638d6030a837aa2fe57172dffdf28919c1c286,"{""distance"":7,""physical_error_rate"":0.001}","{""detection_events"":3064,""detectors_checked"":829440}"
      1440,         1,         0,    32.4,exact_mw,a39d26a9c85ff1858873bfad720922f64799219ac1b945519c1902b92db90de0,"{""distance"":7,""physical_error_rate"":0.005}","{""detection_events"":21312,""detectors_checked"":1166400,""obs_mistake_mask=E"":1}"
    110592,         0,         0,    11.7,exact_mw,92a9cd959715f3d5685c6265974e573ec36ff2f173f7490ff1393041d63371cf,"{""distance"":7,""physical_error_rate"":0.0001}","{""detection_events"":33764,""detectors_checked"":89579520}"
      1008,         1,         0,    33.0,exact_mw,1713bc804565c0b42ca58c93310b033f01c41dd72e5e9cac9fe58a9188a19ab7,"{""distance"":7,""physical_error_rate"":0.01}","{""detection_events"":29149,""detectors_checked"":816480,""obs_mistake_mask=E"":1}"
     17152,         0,         0,    32.5,exact_mw,d2cc2b129abad1f985b8639603638d6030a837aa2fe57172dffdf28919c1c286,"{""distance"":7,""physical_error_rate"":0.001}","{""detection_events"":52157,""detectors_checked"":13893120}"
     18432,         0,         0,    32.9,exact_mw,d2cc2b129abad1f985b8639603638d6030a837aa2fe57172dffdf28919c1c286,"{""distance"":7,""physical_error_rate"":0.001}","{""detection_events"":56109,""detectors_checked"":14929920}"
    378880,         0,         0,    5.92,exact_mw,a212c24da5b34f1b60580734e5e54c4073e302b219bc7e486ff8edc698604c9e,"{""distance"":7,""physical_error_rate"":5e-05}","{""detection_events"":57467,""detectors_checked"":306892800}"
      1536,         0,         0,    2.69,exact_mw,d2cc2b129abad1f985b8639603638d6030a837aa2fe57172dffdf28919c1c286,"{""distance"":7,""physical_error_rate"":0.001}","{""detection_events"":4710,""detectors_checked"":1244160}"
     97280,         0,         0,    4.27,exact_mw,26ede523e6354ffb917e832246591ea54a1b9969785b9947b95e2ebb539e2476,"{""distance"":7,""physical_error_rate"":0.0002}","{""detection_events"":59591,""detectors_checked"":78796800}"
       576,         0,         0,    6.41,exact_mw,d2cc2b129abad1f985b8639603638d6030a837aa2fe57172dffdf28919c1c286,"{""distance"":7,""physical_error_rate"":0.001}","{""detection_events"":1739,""detectors_checked"":466560}"
     13312,         1,         0,    4.62,exact_mw,8c54babb212143042928b0eca3852c18ac799bf66eb488a668303745c8494fc5,"{""distance"":7,""physical_error_rate"":0.0005}","{""detection_events"":20037,""detectors_checked"":10782720,""obs_mistake_mask=E"":1}"
       876,         0,         0,    23.0,exact_mw,a39d26a9c85ff1858873bfad720922f64799219ac1b945519c1902b92db90de0,"{""distance"":7,""physical_error_rate"":0.005}","{""detection_events"":13232,""detectors_checked"":709560}"
    307200,         0,         0,    5.97,exact_mw,92a9cd959715f3d5685c6265974e573ec36ff2f173f7490ff1393041d63371cf,"{""distance"":7,""physical_error_rate"":0.0001}","{""detection_events"":93986,""detectors_checked"":248832000}"
      1792,         0,         0,    3.11,exact_mw,d2cc2b129abad1f985b8639603638d6030a837aa2fe57172dffdf28919c1c286,"{""distance"":7,""physical_error_rate"":0.001}","{""detection_events"":5315,""detectors_checked"":1451520}"
    155648,         0,         0,    5.96,exact_mw,26ede523e6354ffb917e832246591ea54a1b9969785b9947b95e2ebb539e2476,"{""distance"":7,""physical_error_rate"":0.0002}","{""detection_events"":94468,""detectors_checked"":126074880}"
    577536,         0,         0,    8.30,exact_mw,a212c24da5b34f1b60580734e5e54c4073e302b219bc7e486ff8edc698604c9e,"{""distance"":7,""physical_error_rate"":5e-05}","{""detection_events"":87329,""detectors_checked"":467804160}"
      2304,         0,         0,    4.56,exact_mw,d2cc2b129abad1f985b8639603638d6030a837aa2fe57172dffdf28919c1c286,"{""distance"":7,""physical_error_rate"":0.001}","{""detection_events"":7181,""detectors_checked"":1866240}"
     17408,         0,         0,    6.15,exact_mw,8c54babb212143042928b0eca3852c18ac799bf66eb488a668303745c8494fc5,"{""distance"":7,""physical_error_rate"":0.0005}","{""detection_events"":26918,""detectors_checked"":14100480}"
         1,         0,         0,   0.287,exact_mw,1713bc804565c0b42ca58c93310b033f01c41dd72e5e9cac9fe58a9188a19ab7,"{""distance"":7,""physical_error_rate"":0.01}","{""detection_events"":38,""detectors_checked"":810}"
         2,         0,         0,   0.380,exact_mw,1713bc804565c0b42ca58c93310b033f01c41dd72e5e9cac9fe58a9188a19ab7,"{""distance"":7,""physical_error_rate"":0.01}","{""detection_events"":64,""detectors_checked"":1620}"
         2,         0,         0,   0.337,exact_mw,1713bc804565c0b42ca58c93310b033f01c41dd72e5e9cac9fe58a9188a19ab7,"{""distance"":7,""physical_error_rate"":0.01}","{""detection_events"":54,""detectors_checked"":1620}"
         2,         0,         0,   0.336,exact_mw,1713bc804565c0b42ca58c93310b033f01c41dd72e5e9cac9fe58a9188a19ab7,"{""distance"":7,""physical_error_rate"":0.01}","{""detection_events"":57,""detectors_checked"":1620}"
         2,         0,         0,   0.097,exact_mw,1713bc804565c0b42ca58c93310b033f01c41dd72e5e9cac9fe58a9188a19ab7,"{""distance"":7,""physical_error_rate"":0.01}","{""detection_events"":50,""detectors_checked"":1620}"
       768,         0,         0,    9.07,exact_mw,d2cc2b129abad1f985b8639603638d6030a837aa2fe57172dffdf28919c1c286,"{""distance"":7,""physical_error_rate"":0.001}","{""detection_events"":2358,""detectors_checked"":622080}"
    446464,         0,         0,    8.31,exact_mw,92a9cd959715f3d5685c6265974e573ec36ff2f173f7490ff1393041d63371cf,"{""distance"":7,""physical_error_rate"":0.0001}","{""detection_events"":137019,""detectors_checked"":361635840}"
         8,         0,         0,    2.06,exact_mw,1713bc804565c0b42ca58c93310b033f01c41dd72e5e9cac9fe58a9188a19ab7,"{""distance"":7,""physical_error_rate"":0.01}","{""detection_events"":252,""detectors_checked"":6480}"
         4,         0,         0,   0.910,exact_mw,1713bc804565c0b42ca58c93310b033f01c41dd72e5e9cac9fe58a9188a19ab7,"{""distance"":7,""physical_error_rate"":0.01}","{""detection_events"":119,""detectors_checked"":3240}"
       896,        22,         0,    32.7,exact_mw,07230310c167a8a58090586f32b373a58fa307b800b0f38cc129dec8518e6258,"{""distance"":7,""physical_error_rate"":0.02}","{""detection_events"":50385,""detectors_checked"":725760,""obs_mistake_mask=E"":22}"
         4,         0,         0,   0.912,exact_mw,1713bc804565c0b42ca58c93310b033f01c41dd72e5e9cac9fe58a9188a19ab7,"{""distance"":7,""physical_error_rate"":0.01}","{""detection_events"":108,""detectors_checked"":3240}"
      3328,         0,         0,    6.07,exact_mw,d2cc2b129abad1f985b8639603638d6030a837aa2fe57172dffdf28919c1c286,"{""distance"":7,""physical_error_rate"":0.001}","{""detection_events"":10136,""detectors_checked"":2695680}"
    874496,         1,         0,    22.8,exact_mw,92a9cd959715f3d5685c6265974e573ec36ff2f173f7490ff1393041d63371cf,"{""distance"":7,""physical_error_rate"":0.0001}","{""detection_events"":265480,""detectors_checked"":708341760,""obs_mistake_mask=E"":1}"
         1,         0,         0,   0.041,exact_mw,26ede523e6354ffb917e832246591ea54a1b9969785b9947b95e2ebb539e2476,"{""distance"":7,""physical_error_rate"":0.0002}","{""detectors_checked"":810}"
         1,         0,         0,   0.034,exact_mw,92a9cd959715f3d5685c6265974e573ec36ff2f173f7490ff1393041d63371cf,"{""distance"":7,""physical_error_rate"":0.0001}","{""detectors_checked"":810}"
         4,         0,         0,   0.620,exact_mw,1713bc804565c0b42ca58c93310b033f01c41dd72e5e9cac9fe58a9188a19ab7,"{""distance"":7,""physical_error_rate"":0.01}","{""detection_events"":97,""detectors_checked"":3240}"
       136,         0,         0,   0.056,exact_mw,26ede523e6354ffb917e832246591ea54a1b9969785b9947b95e2ebb539e2476,"{""distance"":7,""physical_error_rate"":0.0002}","{""detection_events"":94,""detectors_checked"":110160}"
    156672,         0,         0,    16.3,exact_mw,92a9cd959715f3d5685c6265974e573ec36ff2f173f7490ff1393041d63371cf,"{""distance"":7,""physical_error_rate"":0.0001}","{""detection_events"":47730,""detectors_checked"":126904320}"
      1024,         0,         0,   0.025,exact_mw,26ede523e6354ffb917e832246591ea54a1b9969785b9947b95e2ebb539e2476,"{""distance"":7,""physical_error_rate"":0.0002}","{""detection_events"":649,""detectors_checked"":829440}"
      1024,         0,         0,   0.061,exact_mw,26ede523e6354ffb917e832246591ea54a1b9969785b9947b95e2ebb539e2476,"{""distance"":7,""physical_error_rate"":0.0002}","{""detection_events"":650,""detectors_checked"":829440}"
      2048,         0,         0,   0.055,exact_mw,26ede523e6354ffb917e832246591ea54a1b9969785b9947b95e2ebb539e2476,"{""distance"":7,""physical_error_rate"":0.0002}","{""detection_events"":1282,""detectors_checked"":1658880}"
      1296,         0,         0,   0.243,exact_mw,92a9cd959715f3d5685c6265974e573ec36ff2f173f7490ff1393041d63371cf,"{""distance"":7,""physical_error_rate"":0.0001}","{""detection_events"":511,""detectors_checked"":1049760}"
      1024,         0,         0,   0.065,exact_mw,26ede523e6354ffb917e832246591ea54a1b9969785b9947b95e2ebb539e2476,"{""distance"":7,""physical_error_rate"":0.0002}","{""detection_events"":609,""detectors_checked"":829440}"
         1,         0,         0,   0.036,exact_mw,8c54babb212143042928b0eca3852c18ac799bf66eb488a668303745c8494fc5,"{""distance"":7,""physical_error_rate"":0.0005}","{""detectors_checked"":810}"
      1024,         0,         0,   0.079,exact_mw,92a9cd959715f3d5685c6265974e573ec36ff2f173f7490ff1393041d63371cf,"{""distance"":7,""physical_error_rate"":0.0001}","{""detection_events"":301,""detectors_checked"":829440}"
        16,         0,         0,   0.038,exact_mw,8c54babb212143042928b0eca3852c18ac799bf66eb488a668303745c8494fc5,"{""distance"":7,""physical_error_rate"":0.0005}","{""detection_events"":22,""detectors_checked"":12960}"
      1024,         0,         0,   0.062,exact_mw,26ede523e6354ffb917e832246591ea54a1b9969785b9947b95e2ebb539e2476,"{""distance"":7,""physical_error_rate"":0.0002}","{""detection_events"":642,""detectors_checked"":829440}"
      1024,         0,         0,   0.082,exact_mw,92a9cd959715f3d5685c6265974e573ec36ff2f173f7490ff1393041d63371cf,"{""distance"":7,""physical_error_rate"":0.0001}","{""detection_events"":344,""detectors_checked"":829440}"
      2048,         0,         0,   0.110,exact_mw,26ede523e6354ffb917e832246591ea54a1b9969785b9947b95e2ebb539e2476,"{""distance"":7,""physical_error_rate"":0.0002}","{""detection_events"":1258,""detectors_checked"":1658880}"
      1024,         0,         0,   0.122,exact_mw,92a9cd959715f3d5685c6265974e573ec36ff2f173f7490ff1393041d63371cf,"{""distance"":7,""physical_error_rate"":0.0001}","{""detection_events"":296,""detectors_checked"":829440}"
       128,         0,         0,   0.200,exact_mw,8c54babb212143042928b0eca3852c18ac799bf66eb488a668303745c8494fc5,"{""distance"":7,""physical_error_rate"":0.0005}","{""detection_events"":194,""detectors_checked"":103680}"
      1024,         0,         0,   0.080,exact_mw,92a9cd959715f3d5685c6265974e573ec36ff2f173f7490ff1393041d63371cf,"{""distance"":7,""physical_error_rate"":0.0001}","{""detection_events"":319,""detectors_checked"":829440}"
      4096,         0,         0,   0.177,exact_mw,26ede523e6354ffb917e832246591ea54a1b9969785b9947b95e2ebb539e2476,"{""distance"":7,""physical_error_rate"":0.0002}","{""detection_events"":2401,""detectors_checked"":3317760}"
      1024,         0,         0,   0.080,exact_mw,92a9cd959715f3d5685c6265974e573ec36ff2f173f7490ff1393041d63371cf,"{""distance"":7,""physical_error_rate"":0.0001}","{""detection_events"":322,""detectors_checked"":829440}"
      5120,         0,         0,   0.207,exact_mw,26ede523e6354ffb917e832246591ea54a1b9969785b9947b95e2ebb539e2476,"{""distance"":7,""physical_error_rate"":0.0002}","{""detection_events"":3232,""detectors_checked"":4147200}"
      2048,         0,         0,   0.199,exact_mw,92a9cd959715f3d5685c6265974e573ec36ff2f173f7490ff1393041d63371cf,"{""distance"":7,""physical_error_rate"":0.0001}","{""detection_events"":602,""detectors_checked"":1658880}"
         4,         0,         0,   0.918,exact_mw,1713bc804565c0b42ca58c93310b033f01c41dd72e5e9cac9fe58a9188a19ab7,"{""distance"":7,""physical_error_rate"":0.01}","{""detection_events"":113,""detectors_checked"":3240}"
      3072,         0,         0,   0.167,exact_mw,92a9cd959715f3d5685c6265974e573ec36ff2f173f7490ff1393041d63371cf,"{""distance"":7,""physical_error_rate"":0.0001}","{""detection_events"":881,""detectors_checked"":2488320}"
      6144,         0,         0,   0.309,exact_mw,26ede523e6354ffb917e832246591ea54a1b9969785b9947b95e2ebb539e2476,"{""distance"":7,""physical_error_rate"":0.0002}","{""detection_events"":3783,""detectors_checked"":4976640}"
      3072,         0,         0,   0.187,exact_mw,92a9cd959715f3d5685c6265974e573ec36ff2f173f7490ff1393041d63371cf,"{""distance"":7,""physical_error_rate"":0.0001}","{""detection_events"":951,""detectors_checked"":2488320}"
       256,         0,         0,   0.808,exact_mw,8c54babb212143042928b0eca3852c18ac799bf66eb488a668303745c8494fc5,"{""distance"":7,""physical_error_rate"":0.0005}","{""detection_events"":392,""detectors_checked"":207360}"
         4,         0,         0,   0.522,exact_mw,1713bc804565c0b42ca58c93310b033f01c41dd72e5e9cac9fe58a9188a19ab7,"{""distance"":7,""physical_error_rate"":0.01}","{""detection_events"":96,""detectors_checked"":3240}"
      4096,         0,         0,   0.256,exact_mw,92a9cd959715f3d5685c6265974e573ec36ff2f173f7490ff1393041d63371cf,"{""distance"":7,""physical_error_rate"":0.0001}","{""detection_events"":1130,""detectors_checked"":3317760}"
     11264,         0,         0,   0.455,exact_mw,26ede523e6354ffb917e832246591ea54a1b9969785b9947b95e2ebb539e2476,"{""distance"":7,""physical_error_rate"":0.0002}","{""detection_events"":7064,""detectors_checked"":9123840}"
       256,         0,         0,   0.424,exact_mw,8c54babb212143042928b0eca3852c18ac799bf66eb488a668303745c8494fc5,"{""distance"":7,""physical_error_rate"":0.0005}","{""detection_events"":407,""detectors_checked"":207360}"
    224256,         1,         0,    8.34,exact_mw,26ede523e6354ffb917e832246591ea54a1b9969785b9947b95e2ebb539e2476,"{""distance"":7,""physical_error_rate"":0.0002}","{""detection_events"":136887,""detectors_checked"":181647360,""obs_mistake_mask=E"":1}"
         1,         0,         0,   0.069,exact_mw,d2cc2b129abad1f985b8639603638d6030a837aa2fe57172dffdf28919c1c286,"{""distance"":7,""physical_error_rate"":0.001}","{""detection_events"":4,""detectors_checked"":810}"
         8,         0,         0,   0.019,exact_mw,d2cc2b129abad1f985b8639603638d6030a837aa2fe57172dffdf28919c1c286,"{""distance"":7,""physical_error_rate"":0.001}","{""detection_events"":27,""detectors_checked"":6480}"
         4,         0,         0,   0.579,exact_mw,1713bc804565c0b42ca58c93310b033f01c41dd72e5e9cac9fe58a9188a19ab7,"{""distance"":7,""physical_error_rate"":0.01}","{""detection_events"":128,""detectors_checked"":3240}"
      7168,         0,         0,   0.459,exact_mw,92a9cd959715f3d5685c6265974e573ec36ff2f173f7490ff1393041d63371cf,"{""distance"":7,""physical_error_rate"":0.0001}","{""detection_events"":2205,""detectors_checked"":5806080}"
       128,         0,         0,   0.248,exact_mw,d2cc2b129abad1f985b8639603638d6030a837aa2fe57172dffdf28919c1c286,"{""distance"":7,""physical_error_rate"":0.001}","{""detection_events"":407,""detectors_checked"":103680}"
     12288,         0,         0,   0.586,exact_mw,26ede523e6354ffb917e832246591ea54a1b9969785b9947b95e2ebb539e2476,"{""distance"":7,""physical_error_rate"":0.0002}","{""detection_events"":7516,""detectors_checked"":9953280}"
         1,         0,         0,   0.194,exact_mw,1713bc804565c0b42ca58c93310b033f01c41dd72e5e9cac9fe58a9188a19ab7,"{""distance"":7,""physical_error_rate"":0.01}","{""detection_events"":35,""detectors_checked"":810}"
       256,         0,         0,   0.430,exact_mw,8c54babb212143042928b0eca3852c18ac799bf66eb488a668303745c8494fc5,"{""distance"":7,""physical_error_rate"":0.0005}","{""detection_events"":377,""detectors_checked"":207360}"
       256,         0,         0,   0.044,exact_mw,8c54babb212143042928b0eca3852c18ac799bf66eb488a668303745c8494fc5,"{""distance"":7,""physical_error_rate"":0.0005}","{""detection_events"":396,""detectors_checked"":207360}"
         2,         0,         0,   0.122,exact_mw,1713bc804565c0b42ca58c93310b033f01c41dd72e5e9cac9fe58a9188a19ab7,"{""distance"":7,""physical_error_rate"":0.01}","{""detection_events"":57,""detectors_checked"":1620}"
   2812928,         0,         0,    44.8,exact_mw,92a9cd959715f3d5685c6265974e573ec36ff2f173f7490ff1393041d63371cf,"{""distance"":7,""physical_error_rate"":0.0001}","{""detection_events"":857226,""detectors_checked"":2278471680}"
      1297,         0,         0,   0.053,exact_mw,a212c24da5b34f1b60580734e5e54c4073e302b219bc7e486ff8edc698604c9e,"{""distance"":7,""physical_error_rate"":5e-05}","{""detection_events"":164,""detectors_checked"":1050570}"
      1024,         0,         0,   0.028,exact_mw,a212c24da5b34f1b60580734e5e54c4073e302b219bc7e486ff8edc698604c9e,"{""distance"":7,""physical_error_rate"":5e-05}","{""detection_events"":169,""detectors_checked"":829440}"
      1024,         0,         0,   0.028,exact_mw,a212c24da5b34f1b60580734e5e54c4073e302b219bc7e486ff8edc698604c9e,"{""distance"":7,""physical_error_rate"":5e-05}","{""detection_events"":199,""detectors_checked"":829440}"
      1024,         0,         0,   0.047,exact_mw,a212c24da5b34f1b60580734e5e54c4073e302b219bc7e486ff8edc698604c9e,"{""distance"":7,""physical_error_rate"":5e-05}","{""detection_events"":108,""detectors_checked"":829440}"
     12288,         0,         0,   0.603,exact_mw,92a9cd959715f3d5685c6265974e573ec36ff2f173f7490ff1393041d63371cf,"{""distance"":7,""physical_error_rate"":0.0001}","{""detection_events"":3795,""detectors_checked"":9953280}"
       256,         0,         0,   0.629,exact_mw,d2cc2b129abad1f985b8639603638d6030a837aa2fe57172dffdf28919c1c286,"{""distance"":7,""physical_error_rate"":0.001}","{""detection_events"":820,""detectors_checked"":207360}"
      3072,         0,         0,   0.051,exact_mw,a212c24da5b34f1b60580734e5e54c4073e302b219bc7e486ff8edc698604c9e,"{""distance"":7,""physical_error_rate"":5e-05}","{""detection_events"":486,""detectors_checked"":2488320}"
         8,         0,         0,   0.362,exact_mw,1713bc804565c0b42ca58c93310b033f01c41dd72e5e9cac9fe58a9188a19ab7,"{""distance"":7,""physical_error_rate"":0.01}","{""detection_events"":255,""detectors_checked"":6480}"
         8,         0,         0,   0.728,exact_mw,1713bc804565c0b42ca58c93310b033f01c41dd72e5e9cac9fe58a9188a19ab7,"{""distance"":7,""physical_error_rate"":0.01}","{""detection_events"":240,""detectors_checked"":6480}"
      3072,         0,         0,   0.077,exact_mw,a212c24da5b34f1b60580734e5e54c4073e302b219bc7e486ff8edc698604c9e,"{""distance"":7,""physical_error_rate"":5e-05}","{""detection_events"":504,""detectors_checked"":2488320}"
     25600,         0,         0,    8.66,exact_mw,8c54babb212143042928b0eca3852c18ac799bf66eb488a668303745c8494fc5,"{""distance"":7,""physical_error_rate"":0.0005}","{""detection_events"":38896,""detectors_checked"":20736000}"
      1024,         0,         0,   0.519,exact_mw,8c54babb212143042928b0eca3852c18ac799bf66eb488a668303745c8494fc5,"{""distance"":7,""physical_error_rate"":0.0005}","{""detection_events"":1503,""detectors_checked"":829440}"
      3072,         0,         0,   0.081,exact_mw,a212c24da5b34f1b60580734e5e54c4073e302b219bc7e486ff8edc698604c9e,"{""distance"":7,""physical_error_rate"":5e-05}","{""detection_events"":536,""detectors_checked"":2488320}"
   3878912,         1,         0,    44.7,exact_mw,a212c24da5b34f1b60580734e5e54c4073e302b219bc7e486ff8edc698604c9e,"{""distance"":7,""physical_error_rate"":5e-05}","{""detection_events"":592188,""detectors_checked"":3141918720,""obs_mistake_mask=E"":1}"
      5120,         0,         0,   0.110,exact_mw,a212c24da5b34f1b60580734e5e54c4073e302b219bc7e486ff8edc698604c9e,"{""distance"":7,""physical_error_rate"":5e-05}","{""detection_events"":796,""detectors_checked"":4147200}"
     19456,         0,         0,   0.814,exact_mw,26ede523e6354ffb917e832246591ea54a1b9969785b9947b95e2ebb539e2476,"{""distance"":7,""physical_error_rate"":0.0002}","{""detection_events"":11872,""detectors_checked"":15759360}"
         8,         0,         0,   0.311,exact_mw,1713bc804565c0b42ca58c93310b033f01c41dd72e5e9cac9fe58a9188a19ab7,"{""distance"":7,""physical_error_rate"":0.01}","{""detection_events"":258,""detectors_checked"":6480}"
      6144,         0,         0,   0.139,exact_mw,a212c24da5b34f1b60580734e5e54c4073e302b219bc7e486ff8edc698604c9e,"{""distance"":7,""physical_error_rate"":5e-05}","{""detection_events"":934,""detectors_checked"":4976640}"
      1024,         0,         0,   0.537,exact_mw,8c54babb212143042928b0eca3852c18ac799bf66eb488a668303745c8494fc5,"{""distance"":7,""physical_error_rate"":0.0005}","{""detection_events"":1589,""detectors_checked"":829440}"
       256,         0,         0,   0.652,exact_mw,d2cc2b129abad1f985b8639603638d6030a837aa2fe57172dffdf28919c1c286,"{""distance"":7,""physical_error_rate"":0.001}","{""detection_events"":750,""detectors_checked"":207360}"
      9216,         0,         0,   0.216,exact_mw,a212c24da5b34f1b60580734e5e54c4073e302b219bc7e486ff8edc698604c9e,"{""distance"":7,""physical_error_rate"":5e-05}","{""detection_events"":1405,""detectors_checked"":7464960}"
         8,         0,         0,   0.299,exact_mw,1713bc804565c0b42ca58c93310b033f01c41dd72e5e9cac9fe58a9188a19ab7,"{""distance"":7,""physical_error_rate"":0.01}","{""detection_events"":241,""detectors_checked"":6480}"
     21504,         0,         0,   0.835,exact_mw,92a9cd959715f3d5685c6265974e573ec36ff2f173f7490ff1393041d63371cf,"{""distance"":7,""physical_error_rate"":0.0001}","{""detection_events"":6659,""detectors_checked"":17418240}"
        12,         0,         0,   0.813,exact_mw,1713bc804565c0b42ca58c93310b033f01c41dd72e5e9cac9fe58a9188a19ab7,"{""distance"":7,""physical_error_rate"":0.01}","{""detection_events"":345,""detectors_checked"":9720}"
     12288,         0,         0,   0.295,exact_mw,a212c24da5b34f1b60580734e5e54c4073e302b219bc7e486ff8edc698604c9e,"{""distance"":7,""physical_error_rate"":5e-05}","{""detection_events"":1827,""detectors_checked"":9953280}"
      1024,         0,         0,   0.516,exact_mw,8c54babb212143042928b0eca3852c18ac799bf66eb488a668303745c8494fc5,"{""distance"":7,""physical_error_rate"":0.0005}","{""detection_events"":1562,""detectors_checked"":829440}"
        16,         0,         0,   0.686,exact_mw,1713bc804565c0b42ca58c93310b033f01c41dd72e5e9cac9fe58a9188a19ab7,"{""distance"":7,""physical_error_rate"":0.01}","{""detection_events"":437,""detectors_checked"":12960}"
     25600,         0,         0,   0.422,exact_mw,a212c24da5b34f1b60580734e5e54c4073e302b219bc7e486ff8edc698604c9e,"{""distance"":7,""physical_error_rate"":5e-05}","{""detection_events"":4026,""detectors_checked"":20736000}"
         1,         0,         0,   0.044,exact_mw,1713bc804565c0b42ca58c93310b033f01c41dd72e5e9cac9fe58a9188a19ab7,"{""distance"":7,""physical_error_rate"":0.01}","{""detection_events"":18,""detectors_checked"":810}"
     25600,         0,         0,    1.12,exact_mw,26ede523e6354ffb917e832246591ea54a1b9969785b9947b95e2ebb539e2476,"{""distance"":7,""physical_error_rate"":0.0002}","{""detection_events"":15586,""detectors_checked"":20736000}"
       256,         0,         0,   0.928,exact_mw,d2cc2b129abad1f985b8639603638d6030a837aa2fe57172dffdf28919c1c286,"{""distance"":7,""physical_error_rate"":0.001}","{""detection_events"":812,""detectors_checked"":207360}"
      1024,         0,         0,   0.461,exact_mw,8c54babb212143042928b0eca3852c18ac799bf66eb488a668303745c8494fc5,"{""distance"":7,""physical_error_rate"":0.0005}","{""detection_events"":1458,""detectors_checked"":829440}"
         8,         0,         0,   0.345,exact_mw,1713bc804565c0b42ca58c93310b033f01c41dd72e5e9cac9fe58a9188a19ab7,"{""distance"":7,""physical_error_rate"":0.01}","{""detection_events"":229,""detectors_checked"":6480}"
         1,         0,         0,   0.038,exact_mw,07230310c167a8a58090586f32b373a58fa307b800b0f38cc129dec8518e6258,"{""distance"":7,""physical_error_rate"":0.02}","{""detection_events"":50,""detectors_checked"":810}"
     18432,         0,         0,    1.12,exact_mw,92a9cd959715f3d5685c6265974e573ec36ff2f173f7490ff1393041d63371cf,"{""distance"":7,""physical_error_rate"":0.0001}","{""detection_events"":5592,""detectors_checked"":14929920}"
        16,         0,         0,   0.595,exact_mw,1713bc804565c0b42ca58c93310b033f01c41dd72e5e9cac9fe58a9188a19ab7,"{""distance"":7,""physical_error_rate"":0.01}","{""detection_events"":387,""detectors_checked"":12960}"
     30720,         0,         0,   0.583,exact_mw,a212c24da5b34f1b60580734e5e54c4073e302b219bc7e486ff8edc698604c9e,"{""distance"":7,""physical_error_rate"":5e-05}","{""detection_events"":4550,""detectors_checked"":24883200}"
         8,         0,         0,   0.168,exact_mw,1713bc804565c0b42ca58c93310b033f01c41dd72e5e9cac9fe58a9188a19ab7,"{""distance"":7,""physical_error_rate"":0.01}","{""detection_events"":231,""detectors_checked"":6480}"
         1,         0,         0,   0.061,exact_mw,07230310c167a8a58090586f32b373a58fa307b800b0f38cc129dec8518e6258,"{""distance"":7,""physical_error_rate"":0.02}","{""detection_events"":57,""detectors_checked"":810}"
        17,         0,         0,   0.293,exact_mw,98ed6542f5a75ebddbda0ed622fb597fbc85d0a75d139587b6be9a08147ba42d,"{""distance"":7,""physical_error_rate"":0.002}","{""detection_events"":131,""detectors_checked"":13770}"
      1024,         0,         0,   0.538,exact_mw,8c54babb212143042928b0eca3852c18ac799bf66eb488a668303745c8494fc5,"{""distance"":7,""physical_error_rate"":0.0005}","{""detection_events"":1624,""detectors_checked"":829440}"
        17,         0,         0,   0.315,exact_mw,a39d26a9c85ff1858873bfad720922f64799219ac1b945519c1902b92db90de0,"{""distance"":7,""physical_error_rate"":0.005}","{""detection_events"":256,""detectors_checked"":13770}"
       256,         0,         0,   0.668,exact_mw,d2cc2b129abad1f985b8639603638d6030a837aa2fe57172dffdf28919c1c286,"{""distance"":7,""physical_error_rate"":0.001}","{""detection_events"":764,""detectors_checked"":207360}"
         8,         0,         0,   0.432,exact_mw,07230310c167a8a58090586f32b373a58fa307b800b0f38cc129dec8518e6258,"{""distance"":7,""physical_error_rate"":0.02}","{""detection_events"":389,""detectors_checked"":6480}"
        32,         0,         0,   0.247,exact_mw,98ed6542f5a75ebddbda0ed622fb597fbc85d0a75d139587b6be9a08147ba42d,"{""distance"":7,""physical_error_rate"":0.002}","{""detection_events"":204,""detectors_checked"":25920}"
        16,         0,         0,   0.430,exact_mw,1713bc804565c0b42ca58c93310b033f01c41dd72e5e9cac9fe58a9188a19ab7,"{""distance"":7,""physical_error_rate"":0.01}","{""detection_events"":445,""detectors_checked"":12960}"
         8,         0,         0,   0.399,exact_mw,07230310c167a8a58090586f32b373a58fa307b800b0f38cc129dec8518e6258,"{""distance"":7,""physical_error_rate"":0.02}","{""detection_events"":434,""detectors_checked"":6480}"
        16,         0,         0,    1.58,exact_mw,1713bc804565c0b42ca58c93310b033f01c41dd72e5e9cac9fe58a9188a19ab7,"{""distance"":7,""physical_error_rate"":0.01}","{""detection_events"":447,""detectors_checked"":12960}"
    663552,         0,         0,    11.7,exact_mw,a212c24da5b34f1b60580734e5e54c4073e302b219bc7e486ff8edc698604c9e,"{""distance"":7,""physical_error_rate"":5e-05}","{""detection_events"":102367,""detectors_checked"":537477120}"
        16,         0,         0,   0.417,exact_mw,a39d26a9c85ff1858873bfad720922f64799219ac1b945519c1902b92db90de0,"{""distance"":7,""physical_error_rate"":0.005}","{""detection_events"":240,""detectors_checked"":12960}"
        16,         0,         0,   0.690,exact_mw,1713bc804565c0b42ca58c93310b033f01c41dd72e5e9cac9fe58a9188a19ab7,"{""distance"":7,""physical_error_rate"":0.01}","{""detection_events"":419,""detectors_checked"":12960}"
         8,         0,         0,   0.362,exact_mw,07230310c167a8a58090586f32b373a58fa307b800b0f38cc129dec8518e6258,"{""distance"":7,""physical_error_rate"":0.02}","{""detection_events"":436,""detectors_checked"":6480}"
     39936,         0,         0,   0.790,exact_mw,a212c24da5b34f1b60580734e5e54c4073e302b219bc7e486ff8edc698604c9e,"{""distance"":7,""physical_error_rate"":5e-05}","{""detection_events"":5880,""detectors_checked"":32348160}"
       256,         0,         0,   0.558,exact_mw,d2cc2b129abad1f985b8639603638d6030a837aa2fe57172dffdf28919c1c286,"{""distance"":7,""physical_error_rate"":0.001}","{""detection_events"":777,""detectors_checked"":207360}"
   1399808,         2,         0,    44.9,exact_mw,26ede523e6354ffb917e832246591ea54a1b9969785b9947b95e2ebb539e2476,"{""distance"":7,""physical_error_rate"":0.0002}","{""detection_events"":853874,""detectors_checked"":1133844480,""obs_mistake_mask=E"":2}"
    164864,         2,         0,    45.1,exact_mw,8c54babb212143042928b0eca3852c18ac799bf66eb488a668303745c8494fc5,"{""distance"":7,""physical_error_rate"":0.0005}","{""detection_events"":251515,""detectors_checked"":133539840,""obs_mistake_mask=E"":2}"
        16,         0,         0,   0.371,exact_mw,a39d26a9c85ff1858873bfad720922f64799219ac1b945519c1902b92db90de0,"{""distance"":7,""physical_error_rate"":0.005}","{""detection_events"":250,""detectors_checked"":12960}"
      2048,         0,         0,   0.844,exact_mw,8c54babb212143042928b0eca3852c18ac799bf66eb488a668303745c8494fc5,"{""distance"":7,""physical_error_rate"":0.0005}","{""detection_events"":3046,""detectors_checked"":1658880}"
        64,         0,         0,   0.634,exact_mw,98ed6542f5a75ebddbda0ed622fb597fbc85d0a75d139587b6be9a08147ba42d,"{""distance"":7,""physical_error_rate"":0.002}","{""detection_events"":422,""detectors_checked"":51840}"
        16,         0,         0,   0.587,exact_mw,1713bc804565c0b42ca58c93310b033f01c41dd72e5e9cac9fe58a9188a19ab7,"{""distance"":7,""physical_error_rate"":0.01}","{""detection_events"":477,""detectors_checked"":12960}"
     35840,         0,         0,    1.57,exact_mw,26ede523e6354ffb917e832246591ea54a1b9969785b9947b95e2ebb539e2476,"{""distance"":7,""physical_error_rate"":0.0002}","{""detection_events"":21788,""detectors_checked"":29030400}"
         8,         0,         0,   0.433,exact_mw,07230310c167a8a58090586f32b373a58fa307b800b0f38cc129dec8518e6258,"{""distance"":7,""physical_error_rate"":0.02}","{""detection_events"":415,""detectors_checked"":6480}"
        16,         0,         0,   0.619,exact_mw,1713bc804565c0b42ca58c93310b033f01c41dd72e5e9cac9fe58a9188a19ab7,"{""distance"":7,""physical_error_rate"":0.01}","{""detection_events"":488,""detectors_checked"":12960}"
        64,         0,         0,   0.392,exact_mw,98ed6542f5a75ebddbda0ed622fb597fbc85d0a75d139587b6be9a08147ba42d,"{""distance"":7,""physical_error_rate"":0.002}","{""detection_events"":362,""detectors_checked"":51840}"
        16,         0,         0,   0.479,exact_mw,a39d26a9c85ff1858873bfad720922f64799219ac1b945519c1902b92db90de0,"{""distance"":7,""physical_error_rate"":0.005}","{""detection_events"":212,""detectors_checked"":12960}"
       256,         0,         0,   0.702,exact_mw,d2cc2b129abad1f985b8639603638d6030a837aa2fe57172dffdf28919c1c286,"{""distance"":7,""physical_error_rate"":0.001}","{""detection_events"":740,""detectors_checked"":207360}"
         8,         0,         0,    1.10,exact_mw,07230310c167a8a58090586f32b373a58fa307b800b0f38cc129dec8518e6258,"{""distance"":7,""physical_error_rate"":0.02}","{""detection_events"":412,""detectors_checked"":6480}"
         8,         0,         0,   0.449,exact_mw,07230310c167a8a58090586f32b373a58fa307b800b0f38cc129dec8518e6258,"{""distance"":7,""physical_error_rate"":0.02}","{""detection_events"":428,""detectors_checked"":6480}"
     22528,         0,         0,    1.66,exact_mw,92a9cd959715f3d5685c6265974e573ec36ff2f173f7490ff1393041d63371cf,"{""distance"":7,""physical_error_rate"":0.0001}","{""detection_events"":6768,""detectors_checked"":18247680}"
        16,         0,         0,   0.670,exact_mw,1713bc804565c0b42ca58c93310b033f01c41dd72e5e9cac9fe58a9188a19ab7,"{""distance"":7,""physical_error_rate"":0.01}","{""detection_events"":461,""detectors_checked"":12960}"
        16,         0,         0,   0.554,exact_mw,1713bc804565c0b42ca58c93310b033f01c41dd72e5e9cac9fe58a9188a19ab7,"{""distance"":7,""physical_error_rate"":0.01}","{""detection_events"":451,""detectors_checked"":12960}"
     60416,         0,         0,    1.10,exact_mw,a212c24da5b34f1b60580734e5e54c4073e302b219bc7e486ff8edc698604c9e,"{""distance"":7,""physical_error_rate"":5e-05}","{""detection_events"":9550,""detectors_checked"":48936960}"
        16,         0,         0,   0.491,exact_mw,a39d26a9c85ff1858873bfad720922f64799219ac1b945519c1902b92db90de0,"{""distance"":7,""physical_error_rate"":0.005}","{""detection_events"":307,""detectors_checked"":12960}"
         8,         0,         0,   0.427,exact_mw,07230310c167a8a58090586f32b373a58fa307b800b0f38cc129dec8518e6258,"{""distance"":7,""physical_error_rate"":0.02}","{""detection_events"":481,""detectors_checked"":6480}"
      3072,         0,         0,    1.02,exact_mw,8c54babb212143042928b0eca3852c18ac799bf66eb488a668303745c8494fc5,"{""distance"":7,""physical_error_rate"":0.0005}","{""detection_events"":4593,""detectors_checked"":2488320}"
       256,         0,         0,   0.567,exact_mw,d2cc2b129abad1f985b8639603638d6030a837aa2fe57172dffdf28919c1c286,"{""distance"":7,""physical_error_rate"":0.001}","{""detection_events"":764,""detectors_checked"":207360}"
        64,         0,         0,   0.731,exact_mw,98ed6542f5a75ebddbda0ed622fb597fbc85d0a75d139587b6be9a08147ba42d,"{""distance"":7,""physical_error_rate"":0.002}","{""detection_events"":395,""detectors_checked"":51840}"
        16,         0,         0,   0.567,exact_mw,1713bc804565c0b42ca58c93310b033f01c41dd72e5e9cac9fe58a9188a19ab7,"{""distance"":7,""physical_error_rate"":0.01}","{""detection_events"":457,""detectors_checked"":12960}"
        16,         0,         0,   0.381,exact_mw,a39d26a9c85ff1858873bfad720922f64799219ac1b945519c1902b92db90de0,"{""distance"":7,""physical_error_rate"":0.005}","{""detection_events"":245,""detectors_checked"":12960}"
         8,         0,         0,   0.446,exact_mw,07230310c167a8a58090586f32b373a58fa307b800b0f38cc129dec8518e6258,"{""distance"":7,""physical_error_rate"":0.02}","{""detection_events"":430,""detectors_checked"":6480}"
        16,         0,         0,    2.03,exact_mw,1713bc804565c0b42ca58c93310b033f01c41dd72e5e9cac9fe58a9188a19ab7,"{""distance"":7,""physical_error_rate"":0.01}","{""detection_events"":438,""detectors_checked"":12960}"
        64,         0,         0,   0.388,exact_mw,98ed6542f5a75ebddbda0ed622fb597fbc85d0a75d139587b6be9a08147ba42d,"{""distance"":7,""physical_error_rate"":0.002}","{""detection_events"":389,""detectors_checked"":51840}"
        16,         0,         0,   0.767,exact_mw,1713bc804565c0b42ca58c93310b033f01c41dd72e5e9cac9fe58a9188a19ab7,"{""distance"":7,""physical_error_rate"":0.01}","{""detection_events"":465,""detectors_checked"":12960}"
        16,         0,         0,   0.344,exact_mw,a39d26a9c85ff1858873bfad720922f64799219ac1b945519c1902b92db90de0,"{""distance"":7,""physical_error_rate"":0.005}","{""detection_events"":245,""detectors_checked"":12960}"
        16,         0,         0,   0.583,exact_mw,1713bc804565c0b42ca58c93310b033f01c41dd72e5e9cac9fe58a9188a19ab7,"{""distance"":7,""physical_error_rate"":0.01}","{""detection_events"":449,""detectors_checked"":12960}"
       256,         0,         0,   0.838,exact_mw,d2cc2b129abad1f985b8639603638d6030a837aa2fe57172dffdf28919c1c286,"{""distance"":7,""physical_error_rate"":0.001}","{""detection_events"":785,""detectors_checked"":207360}"
         8,         0,         0,   0.509,exact_mw,07230310c167a8a58090586f32b373a58fa307b800b0f38cc129dec8518e6258,"{""distance"":7,""physical_error_rate"":0.02}","{""detection_events"":459,""detectors_checked"":6480}"
        64,         0,         0,   0.395,exact_mw,98ed6542f5a75ebddbda0ed622fb597fbc85d0a75d139587b6be9a08147ba42d,"{""distance"":7,""physical_error_rate"":0.002}","{""detection_events"":345,""detectors_checked"":51840}"
         8,         0,         0,    1.69,exact_mw,07230310c167a8a58090586f32b373a58fa307b800b0f38cc129dec8518e6258,"{""distance"":7,""physical_error_rate"":0.02}","{""detection_events"":462,""detectors_checked"":6480}"
        16,         0,         0,   0.560,exact_mw,a39d26a9c85ff1858873bfad720922f64799219ac1b945519c1902b92db90de0,"{""distance"":7,""physical_error_rate"":0.005}","{""detection_events"":245,""detectors_checked"":12960}"
        16,         0,         0,   0.649,exact_mw,1713bc804565c0b42ca58c93310b033f01c41dd72e5e9cac9fe58a9188a19ab7,"{""distance"":7,""physical_error_rate"":0.01}","{""detection_events"":500,""detectors_checked"":12960}"
     52224,         0,         0,    2.21,exact_mw,26ede523e6354ffb917e832246591ea54a1b9969785b9947b95e2ebb539e2476,"{""distance"":7,""physical_error_rate"":0.0002}","{""detection_events"":31842,""detectors_checked"":42301440}"
      3072,         0,         0,    1.28,exact_mw,8c54babb212143042928b0eca3852c18ac799bf66eb488a668303745c8494fc5,"{""distance"":7,""physical_error_rate"":0.0005}","{""detection_events"":4651,""detectors_checked"":2488320}"
         8,         0,         0,   0.419,exact_mw,07230310c167a8a58090586f32b373a58fa307b800b0f38cc129dec8518e6258,"{""distance"":7,""physical_error_rate"":0.02}","{""detection_events"":414,""detectors_checked"":6480}"
        16,         0,         0,   0.576,exact_mw,1713bc804565c0b42ca58c93310b033f01c41dd72e5e9cac9fe58a9188a19ab7,"{""distance"":7,""physical_error_rate"":0.01}","{""detection_events"":517,""detectors_checked"":12960}"
     83968,         0,         0,    1.56,exact_mw,a212c24da5b34f1b60580734e5e54c4073e302b219bc7e486ff8edc698604c9e,"{""distance"":7,""physical_error_rate"":5e-05}","{""detection_events"":12721,""detectors_checked"":68014080}"
        64,         0,         0,   0.530,exact_mw,98ed6542f5a75ebddbda0ed622fb597fbc85d0a75d139587b6be9a08147ba42d,"{""distance"":7,""physical_error_rate"":0.002}","{""detection_events"":383,""detectors_checked"":51840}"
       256,         0,         0,   0.571,exact_mw,d2cc2b129abad1f985b8639603638d6030a837aa2fe57172dffdf28919c1c286,"{""distance"":7,""physical_error_rate"":0.001}","{""detection_events"":770,""detectors_checked"":207360}"
        16,         0,         0,   0.373,exact_mw,a39d26a9c85ff1858873bfad720922f64799219ac1b945519c1902b92db90de0,"{""distance"":7,""physical_error_rate"":0.005}","{""detection_events"":256,""detectors_checked"":12960}"
      3840,         0,         0,    8.49,exact_mw,d2cc2b129abad1f985b8639603638d6030a837aa2fe57172dffdf28919c1c286,"{""distance"":7,""physical_error_rate"":0.001}","{""detection_events"":11774,""detectors_checked"":3110400}"
         8,         0,         0,   0.389,exact_mw,07230310c167a8a58090586f32b373a58fa307b800b0f38cc129dec8518e6258,"{""distance"":7,""physical_error_rate"":0.02}","{""detection_events"":434,""detectors_checked"":6480}"
     27648,         0,         0,    2.23,exact_mw,92a9cd959715f3d5685c6265974e573ec36ff2f173f7490ff1393041d63371cf,"{""distance"":7,""physical_error_rate"":0.0001}","{""detection_events"":8446,""detectors_checked"":22394880}"
        64,         0,         0,   0.442,exact_mw,98ed6542f5a75ebddbda0ed622fb597fbc85d0a75d139587b6be9a08147ba42d,"{""distance"":7,""physical_error_rate"":0.002}","{""detection_events"":382,""detectors_checked"":51840}"
        16,         0,         0,   0.683,exact_mw,1713bc804565c0b42ca58c93310b033f01c41dd72e5e9cac9fe58a9188a19ab7,"{""distance"":7,""physical_error_rate"":0.01}","{""detection_events"":515,""detectors_checked"":12960}"
        16,         0,         0,   0.343,exact_mw,a39d26a9c85ff1858873bfad720922f64799219ac1b945519c1902b92db90de0,"{""distance"":7,""physical_error_rate"":0.005}","{""detection_events"":231,""detectors_checked"":12960}"
         4,         0,         0,   0.829,exact_mw,07230310c167a8a58090586f32b373a58fa307b800b0f38cc129dec8518e6258,"{""distance"":7,""physical_error_rate"":0.02}","{""detection_events"":206,""detectors_checked"":3240}"
         8,         0,         0,   0.387,exact_mw,07230310c167a8a58090586f32b373a58fa307b800b0f38cc129dec8518e6258,"{""distance"":7,""physical_error_rate"":0.02}","{""detection_events"":411,""detectors_checked"":6480}"
        16,         0,         0,   0.703,exact_mw,1713bc804565c0b42ca58c93310b033f01c41dd72e5e9cac9fe58a9188a19ab7,"{""distance"":7,""physical_error_rate"":0.01}","{""detection_events"":452,""detectors_checked"":12960}"
       256,         0,         0,   0.812,exact_mw,d2cc2b129abad1f985b8639603638d6030a837aa2fe57172dffdf28919c1c286,"{""distance"":7,""physical_error_rate"":0.001}","{""detection_events"":824,""detectors_checked"":207360}"
        16,         0,         0,   0.326,exact_mw,a39d26a9c85ff1858873bfad720922f64799219ac1b945519c1902b92db90de0,"{""distance"":7,""physical_error_rate"":0.005}","{""detection_events"":279,""detectors_checked"":12960}"
        64,         0,         0,   0.426,exact_mw,98ed6542f5a75ebddbda0ed622fb597fbc85d0a75d139587b6be9a08147ba42d,"{""distance"":7,""physical_error_rate"":0.002}","{""detection_events"":365,""detectors_checked"":51840}"
    602112,         0,         0,    11.6,exact_mw,92a9cd959715f3d5685c6265974e573ec36ff2f173f7490ff1393041d63371cf,"{""distance"":7,""physical_error_rate"":0.0001}","{""detection_events"":181954,""detectors_checked"":487710720}"
      1792,         0,         0,    12.2,exact_mw,d2cc2b129abad1f985b8639603638d6030a837aa2fe57172dffdf28919c1c286,"{""distance"":7,""physical_error_rate"":0.001}","{""detection_events"":5392,""detectors_checked"":1451520}"
     28160,         1,         0,    45.6,exact_mw,d2cc2b129abad1f985b8639603638d6030a837aa2fe57172dffdf28919c1c286,"{""distance"":7,""physical_error_rate"":0.001}","{""detection_events"":86061,""detectors_checked"":22809600,""obs_mistake_mask=E"":1}"
        16,         0,         0,   0.470,exact_mw,1713bc804565c0b42ca58c93310b033f01c41dd72e5e9cac9fe58a9188a19ab7,"{""distance"":7,""physical_error_rate"":0.01}","{""detection_events"":478,""detectors_checked"":12960}"
        64,         0,         0,   0.403,exact_mw,98ed6542f5a75ebddbda0ed622fb597fbc85d0a75d139587b6be9a08147ba42d,"{""distance"":7,""physical_error_rate"":0.002}","{""detection_events"":383,""detectors_checked"":51840}"
   2204672,         0,         0,    44.7,exact_mw,92a9cd959715f3d5685c6265974e573ec36ff2f173f7490ff1393041d63371cf,"{""distance"":7,""physical_error_rate"":0.0001}","{""detection_events"":672237,""detectors_checked"":1785784320}"
         4,         0,         0,   0.871,exact_mw,07230310c167a8a58090586f32b373a58fa307b800b0f38cc129dec8518e6258,"{""distance"":7,""physical_error_rate"":0.02}","{""detection_events"":253,""detectors_checked"":3240}"
        16,         0,         0,   0.783,exact_mw,07230310c167a8a58090586f32b373a58fa307b800b0f38cc129dec8518e6258,"{""distance"":7,""physical_error_rate"":0.02}","{""detection_events"":864,""detectors_checked"":12960}"
      4096,         0,         0,    1.78,exact_mw,8c54babb212143042928b0eca3852c18ac799bf66eb488a668303745c8494fc5,"{""distance"":7,""physical_error_rate"":0.0005}","{""detection_events"":6194,""detectors_checked"":3317760}"
        32,         0,         0,   0.785,exact_mw,a39d26a9c85ff1858873bfad720922f64799219ac1b945519c1902b92db90de0,"{""distance"":7,""physical_error_rate"":0.005}","{""detection_events"":518,""detectors_checked"":25920}"
        32,         0,         0,    1.27,exact_mw,1713bc804565c0b42ca58c93310b033f01c41dd72e5e9cac9fe58a9188a19ab7,"{""distance"":7,""physical_error_rate"":0.01}","{""detection_events"":912,""detectors_checked"":25920}"
        16,         0,         0,   0.645,exact_mw,1713bc804565c0b42ca58c93310b033f01c41dd72e5e9cac9fe58a9188a19ab7,"{""distance"":7,""physical_error_rate"":0.01}","{""detection_events"":522,""detectors_checked"":12960}"
        64,         0,         0,   0.814,exact_mw,98ed6542f5a75ebddbda0ed622fb597fbc85d0a75d139587b6be9a08147ba42d,"{""distance"":7,""physical_error_rate"":0.002}","{""detection_events"":429,""detectors_checked"":51840}"
       512,         0,         0,    1.29,exact_mw,d2cc2b129abad1f985b8639603638d6030a837aa2fe57172dffdf28919c1c286,"{""distance"":7,""physical_error_rate"":0.001}","{""detection_events"":1627,""detectors_checked"":414720}"
    131072,         0,         0,    2.16,exact_mw,a212c24da5b34f1b60580734e5e54c4073e302b219bc7e486ff8edc698604c9e,"{""distance"":7,""physical_error_rate"":5e-05}","{""detection_events"":20163,""detectors_checked"":106168320}"
        16,         0,         0,   0.800,exact_mw,07230310c167a8a58090586f32b373a58fa307b800b0f38cc129dec8518e6258,"{""distance"":7,""physical_error_rate"":0.02}","{""detection_events"":882,""detectors_checked"":12960}"
         4,         0,         0,   0.902,exact_mw,07230310c167a8a58090586f32b373a58fa307b800b0f38cc129dec8518e6258,"{""distance"":7,""physical_error_rate"":0.02}","{""detection_events"":201,""detectors_checked"":3240}"
        48,         0,         0,   0.985,exact_mw,a39d26a9c85ff1858873bfad720922f64799219ac1b945519c1902b92db90de0,"{""distance"":7,""physical_error_rate"":0.005}","{""detection_events"":686,""detectors_checked"":38880}"
        24,         0,         0,    3.69,exact_mw,1713bc804565c0b42ca58c93310b033f01c41dd72e5e9cac9fe58a9188a19ab7,"{""distance"":7,""physical_error_rate"":0.01}","{""detection_events"":737,""detectors_checked"":19440}"
     60416,         0,         0,    3.02,exact_mw,26ede523e6354ffb917e832246591ea54a1b9969785b9947b95e2ebb539e2476,"{""distance"":7,""physical_error_rate"":0.0002}","{""detection_events"":37175,""detectors_checked"":48936960}"
        64,         0,         0,   0.828,exact_mw,98ed6542f5a75ebddbda0ed622fb597fbc85d0a75d139587b6be9a08147ba42d,"{""distance"":7,""physical_error_rate"":0.002}","{""detection_events"":402,""detectors_checked"":51840}"
        32,         0,         0,    1.16,exact_mw,1713bc804565c0b42ca58c93310b033f01c41dd72e5e9cac9fe58a9188a19ab7,"{""distance"":7,""physical_error_rate"":0.01}","{""detection_events"":962,""detectors_checked"":25920}"
        16,         0,         0,   0.825,exact_mw,07230310c167a8a58090586f32b373a58fa307b800b0f38cc129dec8518e6258,"{""distance"":7,""physical_error_rate"":0.02}","{""detection_events"":937,""detectors_checked"":12960}"
        48,         0,         0,    1.54,exact_mw,1713bc804565c0b42ca58c93310b033f01c41dd72e5e9cac9fe58a9188a19ab7,"{""distance"":7,""physical_error_rate"":0.01}","{""detection_events"":1470,""detectors_checked"":38880}"
         4,         0,         0,   0.957,exact_mw,07230310c167a8a58090586f32b373a58fa307b800b0f38cc129dec8518e6258,"{""distance"":7,""physical_error_rate"":0.02}","{""detection_events"":228,""detectors_checked"":3240}"
       512,         0,         0,    1.22,exact_mw,d2cc2b129abad1f985b8639603638d6030a837aa2fe57172dffdf28919c1c286,"{""distance"":7,""physical_error_rate"":0.001}","{""detection_events"":1610,""detectors_checked"":414720}"
     37888,         0,         0,    3.08,exact_mw,92a9cd959715f3d5685c6265974e573ec36ff2f173f7490ff1393041d63371cf,"{""distance"":7,""physical_error_rate"":0.0001}","{""detection_events"":11477,""detectors_checked"":30689280}"
         4,         0,         0,   0.171,exact_mw,07230310c167a8a58090586f32b373a58fa307b800b0f38cc129dec8518e6258,"{""distance"":7,""physical_error_rate"":0.02}","{""detection_events"":214,""detectors_checked"":3240}"
        64,         0,         0,   0.898,exact_mw,98ed6542f5a75ebddbda0ed622fb597fbc85d0a75d139587b6be9a08147ba42d,"{""distance"":7,""physical_error_rate"":0.002}","{""detection_events"":395,""detectors_checked"":51840}"
        64,         0,         0,    1.30,exact_mw,a39d26a9c85ff1858873bfad720922f64799219ac1b945519c1902b92db90de0,"{""distance"":7,""physical_error_rate"":0.005}","{""detection_events"":1014,""detectors_checked"":51840}"
         8,         0,         0,   0.502,exact_mw,07230310c167a8a58090586f32b373a58fa307b800b0f38cc129dec8518e6258,"{""distance"":7,""physical_error_rate"":0.02}","{""detection_events"":446,""detectors_checked"":6480}"
      6144,         0,         0,    2.40,exact_mw,8c54babb212143042928b0eca3852c18ac799bf66eb488a668303745c8494fc5,"{""distance"":7,""physical_error_rate"":0.0005}","{""detection_events"":9632,""detectors_checked"":4976640}"
        16,         0,         0,    1.13,exact_mw,07230310c167a8a58090586f32b373a58fa307b800b0f38cc129dec8518e6258,"{""distance"":7,""physical_error_rate"":0.02}","{""detection_events"":887,""detectors_checked"":12960}"
        32,         0,         0,    1.38,exact_mw,1713bc804565c0b42ca58c93310b033f01c41dd72e5e9cac9fe58a9188a19ab7,"{""distance"":7,""physical_error_rate"":0.01}","{""detection_events"":954,""detectors_checked"":25920}"
         8,         0,         0,   0.405,exact_mw,07230310c167a8a58090586f32b373a58fa307b800b0f38cc129dec8518e6258,"{""distance"":7,""physical_error_rate"":0.02}","{""detection_events"":453,""detectors_checked"":6480}"
       128,         0,         0,    1.17,exact_mw,98ed6542f5a75ebddbda0ed622fb597fbc85d0a75d139587b6be9a08147ba42d,"{""distance"":7,""physical_error_rate"":0.002}","{""detection_events"":714,""detectors_checked"":103680}"
       768,         0,         0,    1.80,exact_mw,d2cc2b129abad1f985b8639603638d6030a837aa2fe57172dffdf28919c1c286,"{""distance"":7,""physical_error_rate"":0.001}","{""detection_events"":2354,""detectors_checked"":622080}"
        64,         0,         0,    1.25,exact_mw,a39d26a9c85ff1858873bfad720922f64799219ac1b945519c1902b92db90de0,"{""distance"":7,""physical_error_rate"":0.005}","{""detection_events"":967,""detectors_checked"":51840}"
        16,         0,         0,   0.792,exact_mw,07230310c167a8a58090586f32b373a58fa307b800b0f38cc129dec8518e6258,"{""distance"":7,""physical_error_rate"":0.02}","{""detection_events"":938,""detectors_checked"":12960}"
    194560,         0,         0,    3.05,exact_mw,a212c24da5b34f1b60580734e5e54c4073e302b219bc7e486ff8edc698604c9e,"{""distance"":7,""physical_error_rate"":5e-05}","{""detection_events"":29892,""detectors_checked"":157593600}"
      2720,         2,         0,    45.6,exact_mw,a39d26a9c85ff1858873bfad720922f64799219ac1b945519c1902b92db90de0,"{""distance"":7,""physical_error_rate"":0.005}","{""detection_events"":40497,""detectors_checked"":2203200,""obs_mistake_mask=E"":2}"
    220160,         0,         0,    11.7,exact_mw,26ede523e6354ffb917e832246591ea54a1b9969785b9947b95e2ebb539e2476,"{""distance"":7,""physical_error_rate"":0.0002}","{""detection_events"":133967,""detectors_checked"":178329600}"
        48,         0,         0,    2.11,exact_mw,1713bc804565c0b42ca58c93310b033f01c41dd72e5e9cac9fe58a9188a19ab7,"{""distance"":7,""physical_error_rate"":0.01}","{""detection_events"":1417,""detectors_checked"":38880}"
        32,         0,         0,    1.16,exact_mw,1713bc804565c0b42ca58c93310b033f01c41dd72e5e9cac9fe58a9188a19ab7,"{""distance"":7,""physical_error_rate"":0.01}","{""detection_events"":885,""detectors_checked"":25920}"
   2818048,         0,         0,    44.7,exact_mw,a212c24da5b34f1b60580734e5e54c4073e302b219bc7e486ff8edc698604c9e,"{""distance"":7,""physical_error_rate"":5e-05}","{""detection_events"":428990,""detectors_checked"":2282618880}"
        16,         0,         0,   0.805,exact_mw,07230310c167a8a58090586f32b373a58fa307b800b0f38cc129dec8518e6258,"{""distance"":7,""physical_error_rate"":0.02}","{""detection_events"":878,""detectors_checked"":12960}"
        24,         1,         0,    1.78,exact_mw,07230310c167a8a58090586f32b373a58fa307b800b0f38cc129dec8518e6258,"{""distance"":7,""physical_error_rate"":0.02}","{""detection_events"":1281,""detectors_checked"":19440,""obs_mistake_mask=E"":1}"
        20,         0,         0,    3.66,exact_mw,1713bc804565c0b42ca58c93310b033f01c41dd72e5e9cac9fe58a9188a19ab7,"{""distance"":7,""physical_error_rate"":0.01}","{""detection_events"":564,""detectors_checked"":16200}"
     29696,         0,         0,    11.8,exact_mw,8c54babb212143042928b0eca3852c18ac799bf66eb488a668303745c8494fc5,"{""distance"":7,""physical_error_rate"":0.0005}","{""detection_events"":45150,""detectors_checked"":24053760}"
        16,         0,         0,   0.839,exact_mw,07230310c167a8a58090586f32b373a58fa307b800b0f38cc129dec8518e6258,"{""distance"":7,""physical_error_rate"":0.02}","{""detection_events"":893,""detectors_checked"":12960}"
   1041408,         1,         0,    44.8,exact_mw,26ede523e6354ffb917e832246591ea54a1b9969785b9947b95e2ebb539e2476,"{""distance"":7,""physical_error_rate"":0.0002}","{""detection_events"":636228,""detectors_checked"":843540480,""obs_mistake_mask=E"":1}"
       256,         0,         0,    2.00,exact_mw,98ed6542f5a75ebddbda0ed622fb597fbc85d0a75d139587b6be9a08147ba42d,"{""distance"":7,""physical_error_rate"":0.002}","{""detection_events"":1536,""detectors_checked"":207360}"
      8192,         0,         0,    3.08,exact_mw,8c54babb212143042928b0eca3852c18ac799bf66eb488a668303745c8494fc5,"{""distance"":7,""physical_error_rate"":0.0005}","{""detection_events"":12609,""detectors_checked"":6635520}"
    104448,         0,         0,    4.25,exact_mw,26ede523e6354ffb917e832246591ea54a1b9969785b9947b95e2ebb539e2476,"{""distance"":7,""physical_error_rate"":0.0002}","{""detection_events"":64480,""detectors_checked"":84602880}"
        48,         1,         0,    1.72,exact_mw,1713bc804565c0b42ca58c93310b033f01c41dd72e5e9cac9fe58a9188a19ab7,"{""distance"":7,""physical_error_rate"":0.01}","{""detection_events"":1349,""detectors_checked"":38880,""obs_mistake_mask=E"":1}"
      1296,         5,         0,    45.7,exact_mw,1713bc804565c0b42ca58c93310b033f01c41dd72e5e9cac9fe58a9188a19ab7,"{""distance"":7,""physical_error_rate"":0.01}","{""detection_events"":37734,""detectors_checked"":1049760,""obs_mistake_mask=E"":5}"
   3063808,         1,         0,    44.6,exact_mw,a212c24da5b34f1b60580734e5e54c4073e302b219bc7e486ff8edc698604c9e,"{""distance"":7,""physical_error_rate"":5e-05}","{""detection_events"":467779,""detectors_checked"":2481684480,""obs_mistake_mask=E"":1}"
      1280,         0,         0,    2.31,exact_mw,d2cc2b129abad1f985b8639603638d6030a837aa2fe57172dffdf28919c1c286,"{""distance"":7,""physical_error_rate"":0.001}","{""detection_events"":3780,""detectors_checked"":1036800}"
     52224,         0,         0,    4.29,exact_mw,92a9cd959715f3d5685c6265974e573ec36ff2f173f7490ff1393041d63371cf,"{""distance"":7,""physical_error_rate"":0.0001}","{""detection_events"":15548,""detectors_checked"":42301440}"
        96,         0,         0,    2.64,exact_mw,a39d26a9c85ff1858873bfad720922f64799219ac1b945519c1902b92db90de0,"{""distance"":7,""physical_error_rate"":0.005}","{""detection_events"":1437,""detectors_checked"":77760}"
        64,         0,         0,    2.54,exact_mw,1713bc804565c0b42ca58c93310b033f01c41dd72e5e9cac9fe58a9188a19ab7,"{""distance"":7,""physical_error_rate"":0.01}","{""detection_events"":1826,""detectors_checked"":51840}"
        24,         0,         0,    1.30,exact_mw,07230310c167a8a58090586f32b373a58fa307b800b0f38cc129dec8518e6258,"{""distance"":7,""physical_error_rate"":0.02}","{""detection_events"":1376,""detectors_checked"":19440}"
        32,         0,         0,    2.42,exact_mw,07230310c167a8a58090586f32b373a58fa307b800b0f38cc129dec8518e6258,"{""distance"":7,""physical_error_rate"":0.02}","{""detection_events"":1810,""detectors_checked"":25920}"
      6144,         0,         0,    45.2,exact_mw,98ed6542f5a75ebddbda0ed622fb597fbc85d0a75d139587b6be9a08147ba42d,"{""distance"":7,""physical_error_rate"":0.002}","{""detection_events"":37132,""detectors_checked"":4976640}"
       256,         0,         0,    2.27,exact_mw,98ed6542f5a75ebddbda0ed622fb597fbc85d0a75d139587b6be9a08147ba42d,"{""distance"":7,""physical_error_rate"":0.002}","{""detection_events"":1507,""detectors_checked"":207360}"
    263168,         0,         0,    4.26,exact_mw,a212c24da5b34f1b60580734e5e54c4073e302b219bc7e486ff8edc698604c9e,"{""distance"":7,""physical_error_rate"":5e-05}","{""detection_events"":39983,""detectors_checked"":213166080}"
        32,         1,         0,    1.64,exact_mw,07230310c167a8a58090586f32b373a58fa307b800b0f38cc129dec8518e6258,"{""distance"":7,""physical_error_rate"":0.02}","{""detection_events"":1827,""detectors_checked"":25920,""obs_mistake_mask=E"":1}"
        64,         0,         0,    2.53,exact_mw,1713bc804565c0b42ca58c93310b033f01c41dd72e5e9cac9fe58a9188a19ab7,"{""distance"":7,""physical_error_rate"":0.01}","{""detection_events"":1963,""detectors_checked"":51840}"
      1536,         0,         0,    3.22,exact_mw,d2cc2b129abad1f985b8639603638d6030a837aa2fe57172dffdf28919c1c286,"{""distance"":7,""physical_error_rate"":0.001}","{""detection_events"":4641,""detectors_checked"":1244160}"
   2725888,         0,         0,    44.6,exact_mw,a212c24da5b34f1b60580734e5e54c4073e302b219bc7e486ff8edc698604c9e,"{""distance"":7,""physical_error_rate"":5e-05}","{""detection_events"":416204,""detectors_checked"":2207969280}"
        96,         0,         0,    2.96,exact_mw,a39d26a9c85ff1858873bfad720922f64799219ac1b945519c1902b92db90de0,"{""distance"":7,""physical_error_rate"":0.005}","{""detection_events"":1429,""detectors_checked"":77760}"
    125952,         1,         0,    45.3,exact_mw,8c54babb212143042928b0eca3852c18ac799bf66eb488a668303745c8494fc5,"{""distance"":7,""physical_error_rate"":0.0005}","{""detection_events"":191124,""detectors_checked"":102021120,""obs_mistake_mask=E"":1}"
        80,         0,         0,    3.30,exact_mw,1713bc804565c0b42ca58c93310b033f01c41dd72e5e9cac9fe58a9188a19ab7,"{""distance"":7,""physical_error_rate"":0.01}","{""detection_events"":2301,""detectors_checked"":64800}"
        28,         0,         0,    4.91,exact_mw,1713bc804565c0b42ca58c93310b033f01c41dd72e5e9cac9fe58a9188a19ab7,"{""distance"":7,""physical_error_rate"":0.01}","{""detection_events"":794,""detectors_checked"":22680}"
   1059840,         0,         0,    44.9,exact_mw,26ede523e6354ffb917e832246591ea54a1b9969785b9947b95e2ebb539e2476,"{""distance"":7,""physical_error_rate"":0.0002}","{""detection_events"":648212,""detectors_checked"":858470400}"
      5760,         1,         0,    45.5,exact_mw,98ed6542f5a75ebddbda0ed622fb597fbc85d0a75d139587b6be9a08147ba42d,"{""distance"":7,""physical_error_rate"":0.002}","{""detection_events"":34519,""detectors_checked"":4665600,""obs_mistake_mask=E"":1}"
     12288,         1,         0,    4.53,exact_mw,8c54babb212143042928b0eca3852c18ac799bf66eb488a668303745c8494fc5,"{""distance"":7,""physical_error_rate"":0.0005}","{""detection_events"":18559,""detectors_checked"":9953280,""obs_mistake_mask=E"":1}"
        48,         2,         0,    3.57,exact_mw,07230310c167a8a58090586f32b373a58fa307b800b0f38cc129dec8518e6258,"{""distance"":7,""physical_error_rate"":0.02}","{""detection_events"":2761,""detectors_checked"":38880,""obs_mistake_mask=E"":2}"
   1104896,         0,         0,    44.9,exact_mw,26ede523e6354ffb917e832246591ea54a1b9969785b9947b95e2ebb539e2476,"{""distance"":7,""physical_error_rate"":0.0002}","{""detection_events"":674005,""detectors_checked"":894965760}"
        48,         1,         0,    2.44,exact_mw,07230310c167a8a58090586f32b373a58fa307b800b0f38cc129dec8518e6258,"{""distance"":7,""physical_error_rate"":0.02}","{""detection_events"":2696,""detectors_checked"":38880,""obs_mistake_mask=E"":1}"
      5632,         0,         0,    12.1,exact_mw,d2cc2b129abad1f985b8639603638d6030a837aa2fe57172dffdf28919c1c286,"{""distance"":7,""physical_error_rate"":0.001}","{""detection_events"":17331,""detectors_checked"":4561920}"
    117760,         0,         0,    45.0,exact_mw,8c54babb212143042928b0eca3852c18ac799bf66eb488a668303745c8494fc5,"{""distance"":7,""physical_error_rate"":0.0005}","{""detection_events"":178675,""detectors_checked"":95385600}"
      1312,         1,         0,    32.2,exact_mw,a39d26a9c85ff1858873bfad720922f64799219ac1b945519c1902b92db90de0,"{""distance"":7,""physical_error_rate"":0.005}","{""detection_events"":19363,""detectors_checked"":1062720,""obs_mistake_mask=E"":1}"
       880,        10,         0,    45.4,exact_mw,07230310c167a8a58090586f32b373a58fa307b800b0f38cc129dec8518e6258,"{""distance"":7,""physical_error_rate"":0.02}","{""detection_events"":48813,""detectors_checked"":712800,""obs_mistake_mask=E"":10}"
       448,         0,         0,    3.30,exact_mw,98ed6542f5a75ebddbda0ed622fb597fbc85d0a75d139587b6be9a08147ba42d,"{""distance"":7,""physical_error_rate"":0.002}","{""detection_events"":2615,""detectors_checked"":362880}"
    135168,         0,         0,    5.98,exact_mw,26ede523e6354ffb917e832246591ea54a1b9969785b9947b95e2ebb539e2476,"{""distance"":7,""physical_error_rate"":0.0002}","{""detection_events"":82563,""detectors_checked"":109486080}"
        80,         0,         0,    3.40,exact_mw,1713bc804565c0b42ca58c93310b033f01c41dd72e5e9cac9fe58a9188a19ab7,"{""distance"":7,""physical_error_rate"":0.01}","{""detection_events"":2374,""detectors_checked"":64800}"
       928,        20,         0,    45.0,exact_mw,07230310c167a8a58090586f32b373a58fa307b800b0f38cc129dec8518e6258,"{""distance"":7,""physical_error_rate"":0.02}","{""detection_events"":51591,""detectors_checked"":751680,""obs_mistake_mask=E"":20}"
    805888,         0,         0,    16.3,exact_mw,a212c24da5b34f1b60580734e5e54c4073e302b219bc7e486ff8edc698604c9e,"{""distance"":7,""physical_error_rate"":5e-05}","{""detection_events"":123315,""detectors_checked"":652769280}"
     60416,         0,         0,    5.95,exact_mw,92a9cd959715f3d5685c6265974e573ec36ff2f173f7490ff1393041d63371cf,"{""distance"":7,""physical_error_rate"":0.0001}","{""detection_events"":18347,""detectors_checked"":48936960}"
        96,         0,         0,    3.12,exact_mw,a39d26a9c85ff1858873bfad720922f64799219ac1b945519c1902b92db90de0,"{""distance"":7,""physical_error_rate"":0.005}","{""detection_events"":1397,""detectors_checked"":77760}"
    128000,         0,         0,    45.0,exact_mw,8c54babb212143042928b0eca3852c18ac799bf66eb488a668303745c8494fc5,"{""distance"":7,""physical_error_rate"":0.0005}","{""detection_events"":193695,""detectors_checked"":103680000}"
    285696,         0,         0,    22.9,exact_mw,92a9cd959715f3d5685c6265974e573ec36ff2f173f7490ff1393041d63371cf,"{""distance"":7,""physical_error_rate"":0.0001}","{""detection_events"":85971,""detectors_checked"":231413760}"
      2048,         0,         0,    4.61,exact_mw,d2cc2b129abad1f985b8639603638d6030a837aa2fe57172dffdf28919c1c286,"{""distance"":7,""physical_error_rate"":0.001}","{""detection_events"":6223,""detectors_checked"":1658880}"
        64,         0,         0,    3.16,exact_mw,07230310c167a8a58090586f32b373a58fa307b800b0f38cc129dec8518e6258,"{""distance"":7,""physical_error_rate"":0.02}","{""detection_events"":3564,""detectors_checked"":51840}"
    353280,         0,         0,    5.94,exact_mw,a212c24da5b34f1b60580734e5e54c4073e302b219bc7e486ff8edc698604c9e,"{""distance"":7,""physical_error_rate"":5e-05}","{""detection_events"":53824,""detectors_checked"":286156800}"
       112,         1,         0,    4.72,exact_mw,1713bc804565c0b42ca58c93310b033f01c41dd72e5e9cac9fe58a9188a19ab7,"{""distance"":7,""physical_error_rate"":0.01}","{""detection_events"":3293,""detectors_checked"":90720,""obs_mistake_mask=E"":1}"
      1372,         2,         0,    45.2,exact_mw,a39d26a9c85ff1858873bfad720922f64799219ac1b945519c1902b92db90de0,"{""distance"":7,""physical_error_rate"":0.005}","{""detection_events"":20117,""detectors_checked"":1111320,""obs_mistake_mask=E"":2}"
        64,         1,         0,    4.82,exact_mw,07230310c167a8a58090586f32b373a58fa307b800b0f38cc129dec8518e6258,"{""distance"":7,""physical_error_rate"":0.02}","{""detection_events"":3569,""detectors_checked"":51840,""obs_mistake_mask=E"":1}"
       640,         0,         0,    4.39,exact_mw,98ed6542f5a75ebddbda0ed622fb597fbc85d0a75d139587b6be9a08147ba42d,"{""distance"":7,""physical_error_rate"":0.002}","{""detection_events"":3823,""detectors_checked"":518400}"
    855040,         0,         0,    16.3,exact_mw,92a9cd959715f3d5685c6265974e573ec36ff2f173f7490ff1393041d63371cf,"{""distance"":7,""physical_error_rate"":0.0001}","{""detection_events"":261085,""detectors_checked"":692582400}"
      1792,         0,         0,    16.6,exact_mw,d2cc2b129abad1f985b8639603638d6030a837aa2fe57172dffdf28919c1c286,"{""distance"":7,""physical_error_rate"":0.001}","{""detection_events"":5407,""detectors_checked"":1451520}"
        36,         2,         0,    6.32,exact_mw,1713bc804565c0b42ca58c93310b033f01c41dd72e5e9cac9fe58a9188a19ab7,"{""distance"":7,""physical_error_rate"":0.01}","{""detection_events"":964,""detectors_checked"":29160,""obs_mistake_mask=E"":2}"
     17408,         0,         0,    6.23,exact_mw,8c54babb212143042928b0eca3852c18ac799bf66eb488a668303745c8494fc5,"{""distance"":7,""physical_error_rate"":0.0005}","{""detection_events"":26226,""detectors_checked"":14100480}"
       112,         0,         0,    4.68,exact_mw,1713bc804565c0b42ca58c93310b033f01c41dd72e5e9cac9fe58a9188a19ab7,"{""distance"":7,""physical_error_rate"":0.01}","{""detection_events"":3354,""detectors_checked"":90720}"
       160,         0,         0,    4.47,exact_mw,a39d26a9c85ff1858873bfad720922f64799219ac1b945519c1902b92db90de0,"{""distance"":7,""physical_error_rate"":0.005}","{""detection_events"":2315,""detectors_checked"":129600}"
      1920,         3,         0,    45.0,exact_mw,a39d26a9c85ff1858873bfad720922f64799219ac1b945519c1902b92db90de0,"{""distance"":7,""physical_error_rate"":0.005}","{""detection_events"":28571,""detectors_checked"":1555200,""obs_mistake_mask=E"":3}"
       928,        17,         0,    45.7,exact_mw,07230310c167a8a58090586f32b373a58fa307b800b0f38cc129dec8518e6258,"{""distance"":7,""physical_error_rate"":0.02}","{""detection_events"":51818,""detectors_checked"":751680,""obs_mistake_mask=E"":17}"
      5824,         3,         0,    45.9,exact_mw,98ed6542f5a75ebddbda0ed622fb597fbc85d0a75d139587b6be9a08147ba42d,"{""distance"":7,""physical_error_rate"":0.002}","{""detection_events"":35217,""detectors_checked"":4717440,""obs_mistake_mask=E"":3}"
      1216,         3,         0,    45.4,exact_mw,1713bc804565c0b42ca58c93310b033f01c41dd72e5e9cac9fe58a9188a19ab7,"{""distance"":7,""physical_error_rate"":0.01}","{""detection_events"":34973,""detectors_checked"":984960,""obs_mistake_mask=E"":3}"
       912,        18,         0,    45.4,exact_mw,07230310c167a8a58090586f32b373a58fa307b800b0f38cc129dec8518e6258,"{""distance"":7,""physical_error_rate"":0.02}","{""detection_events"":50394,""detectors_checked"":738720,""obs_mistake_mask=E"":18}"
      6080,         1,         0,    45.3,exact_mw,98ed6542f5a75ebddbda0ed622fb597fbc85d0a75d139587b6be9a08147ba42d,"{""distance"":7,""physical_error_rate"":0.002}","{""detection_events"":36291,""detectors_checked"":4924800,""obs_mistake_mask=E"":1}"
        88,         3,         0,    4.46,exact_mw,07230310c167a8a58090586f32b373a58fa307b800b0f38cc129dec8518e6258,"{""distance"":7,""physical_error_rate"":0.02}","{""detection_events"":4785,""detectors_checked"":71280,""obs_mistake_mask=E"":3}"
      1920,         3,         0,    45.0,exact_mw,a39d26a9c85ff1858873bfad720922f64799219ac1b945519c1902b92db90de0,"{""distance"":7,""physical_error_rate"":0.005}","{""detection_events"":29228,""detectors_checked"":1555200,""obs_mistake_mask=E"":3}"
      5696,         1,         0,    45.6,exact_mw,98ed6542f5a75ebddbda0ed622fb597fbc85d0a75d139587b6be9a08147ba42d,"{""distance"":7,""physical_error_rate"":0.002}","{""detection_events"":34292,""detectors_checked"":4613760,""obs_mistake_mask=E"":1}"
      1264,         5,         0,    45.3,exact_mw,1713bc804565c0b42ca58c93310b033f01c41dd72e5e9cac9fe58a9188a19ab7,"{""distance"":7,""physical_error_rate"":0.01}","{""detection_events"":36833,""detectors_checked"":1023840,""obs_mistake_mask=E"":5}"
     23552,         0,         0,    45.3,exact_mw,d2cc2b129abad1f985b8639603638d6030a837aa2fe57172dffdf28919c1c286,"{""distance"":7,""physical_error_rate"":0.001}","{""detection_events"":71289,""detectors_checked"":19077120}"
      3072,         1,         0,    6.19,exact_mw,d2cc2b129abad1f985b8639603638d6030a837aa2fe57172dffdf28919c1c286,"{""distance"":7,""physical_error_rate"":0.001}","{""detection_events"":9181,""detectors_checked"":2488320,""obs_mistake_mask=E"":1}"
    197632,         0,         0,    8.36,exact_mw,26ede523e6354ffb917e832246591ea54a1b9969785b9947b95e2ebb539e2476,"{""distance"":7,""physical_error_rate"":0.0002}","{""detection_events"":120527,""detectors_checked"":160081920}"
    363520,         0,         0,    16.4,exact_mw,26ede523e6354ffb917e832246591ea54a1b9969785b9947b95e2ebb539e2476,"{""distance"":7,""physical_error_rate"":0.0002}","{""detection_events"":221210,""detectors_checked"":294451200}"
     77824,         0,         0,    8.30,exact_mw,92a9cd959715f3d5685c6265974e573ec36ff2f173f7490ff1393041d63371cf,"{""distance"":7,""physical_error_rate"":0.0001}","{""detection_events"":23955,""detectors_checked"":63037440}"
       144,         0,         0,    6.21,exact_mw,1713bc804565c0b42ca58c93310b033f01c41dd72e5e9cac9fe58a9188a19ab7,"{""distance"":7,""physical_error_rate"":0.01}","{""detection_events"":4154,""detectors_checked"":116640}"
     24576,         4,         0,    46.1,exact_mw,d2cc2b129abad1f985b8639603638d6030a837aa2fe57172dffdf28919c1c286,"{""distance"":7,""physical_error_rate"":0.001}","{""detection_events"":74179,""detectors_checked"":19906560,""obs_mistake_mask=E"":4}"
       768,         0,         0,    5.99,exact_mw,98ed6542f5a75ebddbda0ed622fb597fbc85d0a75d139587b6be9a08147ba42d,"{""distance"":7,""physical_error_rate"":0.002}","{""detection_events"":4543,""detectors_checked"":622080}"
     11776,         0,         0,    16.8,exact_mw,8c54babb212143042928b0eca3852c18ac799bf66eb488a668303745c8494fc5,"{""distance"":7,""physical_error_rate"":0.0005}","{""detection_events"":18315,""detectors_checked"":9538560}"
        88,         1,         0,    6.53,exact_mw,07230310c167a8a58090586f32b373a58fa307b800b0f38cc129dec8518e6258,"{""distance"":7,""physical_error_rate"":0.02}","{""detection_events"":4918,""detectors_checked"":71280,""obs_mistake_mask=E"":1}"
    508928,         0,         0,    8.32,exact_mw,a212c24da5b34f1b60580734e5e54c4073e302b219bc7e486ff8edc698604c9e,"{""distance"":7,""physical_error_rate"":5e-05}","{""detection_events"":77602,""detectors_checked"":412231680}"
   1456128,         0,         0,    31.9,exact_mw,92a9cd959715f3d5685c6265974e573ec36ff2f173f7490ff1393041d63371cf,"{""distance"":7,""physical_error_rate"":0.0001}","{""detection_events"":443605,""detectors_checked"":1179463680}"
       160,         1,         0,    6.02,exact_mw,1713bc804565c0b42ca58c93310b033f01c41dd72e5e9cac9fe58a9188a19ab7,"{""distance"":7,""physical_error_rate"":0.01}","{""detection_events"":4800,""detectors_checked"":129600,""obs_mistake_mask=E"":1}"
       273,         0,         0,   0.023,exact_mw,26ede523e6354ffb917e832246591ea54a1b9969785b9947b95e2ebb539e2476,"{""distance"":7,""physical_error_rate"":0.0002}","{""detection_events"":182,""detectors_checked"":221130}"
      1024,         0,         0,   0.059,exact_mw,26ede523e6354ffb917e832246591ea54a1b9969785b9947b95e2ebb539e2476,"{""distance"":7,""physical_error_rate"":0.0002}","{""detection_events"":644,""detectors_checked"":829440}"
      1024,         0,         0,   0.052,exact_mw,26ede523e6354ffb917e832246591ea54a1b9969785b9947b95e2ebb539e2476,"{""distance"":7,""physical_error_rate"":0.0002}","{""detection_events"":648,""detectors_checked"":829440}"
      1024,         0,         0,   0.036,exact_mw,26ede523e6354ffb917e832246591ea54a1b9969785b9947b95e2ebb539e2476,"{""distance"":7,""physical_error_rate"":0.0002}","{""detection_events"":563,""detectors_checked"":829440}"
      1024,         0,         0,   0.036,exact_mw,26ede523e6354ffb917e832246591ea54a1b9969785b9947b95e2ebb539e2476,"{""distance"":7,""physical_error_rate"":0.0002}","{""detection_events"":590,""detectors_checked"":829440}"
      2048,         0,         0,   0.061,exact_mw,26ede523e6354ffb917e832246591ea54a1b9969785b9947b95e2ebb539e2476,"{""distance"":7,""physical_error_rate"":0.0002}","{""detection_events"":1258,""detectors_checked"":1658880}"
      2048,         0,         0,   0.078,exact_mw,26ede523e6354ffb917e832246591ea54a1b9969785b9947b95e2ebb539e2476,"{""distance"":7,""physical_error_rate"":0.0002}","{""detection_events"":1300,""detectors_checked"":1658880}"
       224,         0,         0,    6.52,exact_mw,a39d26a9c85ff1858873bfad720922f64799219ac1b945519c1902b92db90de0,"{""distance"":7,""physical_error_rate"":0.005}","{""detection_events"":3340,""detectors_checked"":181440}"
      3072,         0,         0,   0.106,exact_mw,26ede523e6354ffb917e832246591ea54a1b9969785b9947b95e2ebb539e2476,"{""distance"":7,""physical_error_rate"":0.0002}","{""detection_events"":1823,""detectors_checked"":2488320}"
        17,         0,         0,   0.136,exact_mw,98ed6542f5a75ebddbda0ed622fb597fbc85d0a75d139587b6be9a08147ba42d,"{""distance"":7,""physical_error_rate"":0.002}","{""detection_events"":107,""detectors_checked"":13770}"
      5120,         0,         0,   0.159,exact_mw,26ede523e6354ffb917e832246591ea54a1b9969785b9947b95e2ebb539e2476,"{""distance"":7,""physical_error_rate"":0.0002}","{""detection_events"":3107,""detectors_checked"":4147200}"
      5120,         0,         0,   0.194,exact_mw,26ede523e6354ffb917e832246591ea54a1b9969785b9947b95e2ebb539e2476,"{""distance"":7,""physical_error_rate"":0.0002}","{""detection_events"":3043,""detectors_checked"":4147200}"
      1297,         0,         0,   0.012,exact_mw,92a9cd959715f3d5685c6265974e573ec36ff2f173f7490ff1393041d63371cf,"{""distance"":7,""physical_error_rate"":0.0001}","{""detection_events"":358,""detectors_checked"":1050570}"
      1024,         0,         0,   0.008,exact_mw,92a9cd959715f3d5685c6265974e573ec36ff2f173f7490ff1393041d63371cf,"{""distance"":7,""physical_error_rate"":0.0001}","{""detection_events"":286,""detectors_checked"":829440}"
      1024,         0,         0,   0.012,exact_mw,92a9cd959715f3d5685c6265974e573ec36ff2f173f7490ff1393041d63371cf,"{""distance"":7,""physical_error_rate"":0.0001}","{""detection_events"":299,""detectors_checked"":829440}"
        64,         0,         0,   0.598,exact_mw,98ed6542f5a75ebddbda0ed622fb597fbc85d0a75d139587b6be9a08147ba42d,"{""distance"":7,""physical_error_rate"":0.002}","{""detection_events"":400,""detectors_checked"":51840}"
      2048,         0,         0,   0.042,exact_mw,92a9cd959715f3d5685c6265974e573ec36ff2f173f7490ff1393041d63371cf,"{""distance"":7,""physical_error_rate"":0.0001}","{""detection_events"":575,""detectors_checked"":1658880}"
      7168,         0,         0,   0.291,exact_mw,26ede523e6354ffb917e832246591ea54a1b9969785b9947b95e2ebb539e2476,"{""distance"":7,""physical_error_rate"":0.0002}","{""detection_events"":4387,""detectors_checked"":5806080}"
      3072,         0,         0,   0.044,exact_mw,92a9cd959715f3d5685c6265974e573ec36ff2f173f7490ff1393041d63371cf,"{""distance"":7,""physical_error_rate"":0.0001}","{""detection_events"":902,""detectors_checked"":2488320}"
      3072,         0,         0,   0.058,exact_mw,92a9cd959715f3d5685c6265974e573ec36ff2f173f7490ff1393041d63371cf,"{""distance"":7,""physical_error_rate"":0.0001}","{""detection_events"":970,""detectors_checked"":2488320}"
      5120,         0,         0,   0.083,exact_mw,92a9cd959715f3d5685c6265974e573ec36ff2f173f7490ff1393041d63371cf,"{""distance"":7,""physical_error_rate"":0.0001}","{""detection_events"":1562,""detectors_checked"":4147200}"
      6144,         0,         0,   0.118,exact_mw,92a9cd959715f3d5685c6265974e573ec36ff2f173f7490ff1393041d63371cf,"{""distance"":7,""physical_error_rate"":0.0001}","{""detection_events"":2017,""detectors_checked"":4976640}"
      9216,         0,         0,   0.398,exact_mw,26ede523e6354ffb917e832246591ea54a1b9969785b9947b95e2ebb539e2476,"{""distance"":7,""physical_error_rate"":0.0002}","{""detection_events"":5463,""detectors_checked"":7464960}"
      6144,         0,         0,   0.155,exact_mw,92a9cd959715f3d5685c6265974e573ec36ff2f173f7490ff1393041d63371cf,"{""distance"":7,""physical_error_rate"":0.0001}","{""detection_events"":1809,""detectors_checked"":4976640}"
       120,         1,         0,    6.24,exact_mw,07230310c167a8a58090586f32b373a58fa307b800b0f38cc129dec8518e6258,"{""distance"":7,""physical_error_rate"":0.02}","{""detection_events"":6847,""detectors_checked"":97200,""obs_mistake_mask=E"":1}"
        64,         0,         0,   0.560,exact_mw,98ed6542f5a75ebddbda0ed622fb597fbc85d0a75d139587b6be9a08147ba42d,"{""distance"":7,""physical_error_rate"":0.002}","{""detection_events"":375,""detectors_checked"":51840}"
     21504,         0,         0,    8.40,exact_mw,8c54babb212143042928b0eca3852c18ac799bf66eb488a668303745c8494fc5,"{""distance"":7,""physical_error_rate"":0.0005}","{""detection_events"":32572,""detectors_checked"":17418240}"
      7168,         0,         0,   0.203,exact_mw,92a9cd959715f3d5685c6265974e573ec36ff2f173f7490ff1393041d63371cf,"{""distance"":7,""physical_error_rate"":0.0001}","{""detection_events"":2173,""detectors_checked"":5806080}"
        44,         0,         0,    8.80,exact_mw,1713bc804565c0b42ca58c93310b033f01c41dd72e5e9cac9fe58a9188a19ab7,"{""distance"":7,""physical_error_rate"":0.01}","{""detection_events"":1273,""detectors_checked"":35640}"
     15360,         0,         0,   0.315,exact_mw,92a9cd959715f3d5685c6265974e573ec36ff2f173f7490ff1393041d63371cf,"{""distance"":7,""physical_error_rate"":0.0001}","{""detection_events"":4789,""detectors_checked"":12441600}"
     13312,         0,         0,   0.589,exact_mw,26ede523e6354ffb917e832246591ea54a1b9969785b9947b95e2ebb539e2476,"{""distance"":7,""physical_error_rate"":0.0002}","{""detection_events"":8274,""detectors_checked"":10782720}"
        64,         0,         0,   0.573,exact_mw,98ed6542f5a75ebddbda0ed622fb597fbc85d0a75d139587b6be9a08147ba42d,"{""distance"":7,""physical_error_rate"":0.002}","{""detection_events"":464,""detectors_checked"":51840}"
         1,         0,         0,   0.001,exact_mw,d2cc2b129abad1f985b8639603638d6030a837aa2fe57172dffdf28919c1c286,"{""distance"":7,""physical_error_rate"":0.001}","{""detection_events"":2,""detectors_checked"":810}"
     18432,         0,         0,   0.406,exact_mw,92a9cd959715f3d5685c6265974e573ec36ff2f173f7490ff1393041d63371cf,"{""distance"":7,""physical_error_rate"":0.0001}","{""detection_events"":5700,""detectors_checked"":14929920}"
        64,         0,         0,   0.493,exact_mw,98ed6542f5a75ebddbda0ed622fb597fbc85d0a75d139587b6be9a08147ba42d,"{""distance"":7,""physical_error_rate"":0.002}","{""detection_events"":411,""detectors_checked"":51840}"
     19456,         0,         0,   0.810,exact_mw,26ede523e6354ffb917e832246591ea54a1b9969785b9947b95e2ebb539e2476,"{""distance"":7,""physical_error_rate"":0.0002}","{""detection_events"":11641,""detectors_checked"":15759360}"
       272,         0,         0,   0.555,exact_mw,d2cc2b129abad1f985b8639603638d6030a837aa2fe57172dffdf28919c1c286,"{""distance"":7,""physical_error_rate"":0.001}","{""detection_events"":813,""detectors_checked"":220320}"
     30720,         0,         0,   0.549,exact_mw,92a9cd959715f3d5685c6265974e573ec36ff2f173f7490ff1393041d63371cf,"{""distance"":7,""physical_error_rate"":0.0001}","{""detection_events"":9093,""detectors_checked"":24883200}"
        64,         0,         0,   0.402,exact_mw,98ed6542f5a75ebddbda0ed622fb597fbc85d0a75d139587b6be9a08147ba42d,"{""distance"":7,""physical_error_rate"":0.002}","{""detection_events"":394,""detectors_checked"":51840}"
        17,         0,         0,   0.630,exact_mw,1713bc804565c0b42ca58c93310b033f01c41dd72e5e9cac9fe58a9188a19ab7,"{""distance"":7,""physical_error_rate"":0.01}","{""detection_events"":488,""detectors_checked"":13770}"
        64,         0,         0,   0.326,exact_mw,98ed6542f5a75ebddbda0ed622fb597fbc85d0a75d139587b6be9a08147ba42d,"{""distance"":7,""physical_error_rate"":0.002}","{""detection_events"":376,""detectors_checked"":51840}"
       256,         0,         0,   0.584,exact_mw,d2cc2b129abad1f985b8639603638d6030a837aa2fe57172dffdf28919c1c286,"{""distance"":7,""physical_error_rate"":0.001}","{""detection_events"":797,""detectors_checked"":207360}"
       273,         0,         0,   0.017,exact_mw,a212c24da5b34f1b60580734e5e54c4073e302b219bc7e486ff8edc698604c9e,"{""distance"":7,""physical_error_rate"":5e-05}","{""detection_events"":37,""detectors_checked"":221130}"
      2048,         0,         0,   0.028,exact_mw,a212c24da5b34f1b60580734e5e54c4073e302b219bc7e486ff8edc698604c9e,"{""distance"":7,""physical_error_rate"":5e-05}","{""detection_events"":287,""detectors_checked"":1658880}"
      1024,         0,         0,   0.008,exact_mw,a212c24da5b34f1b60580734e5e54c4073e302b219bc7e486ff8edc698604c9e,"{""distance"":7,""physical_error_rate"":5e-05}","{""detection_events"":166,""detectors_checked"":829440}"
      2048,         0,         0,   0.028,exact_mw,a212c24da5b34f1b60580734e5e54c4073e302b219bc7e486ff8edc698604c9e,"{""distance"":7,""physical_error_rate"":5e-05}","{""detection_events"":313,""detectors_checked"":1658880}"
      3072,         0,         0,   0.050,exact_mw,a212c24da5b34f1b60580734e5e54c4073e302b219bc7e486ff8edc698604c9e,"{""distance"":7,""physical_error_rate"":5e-05}","{""detection_events"":474,""detectors_checked"":2488320}"
      4096,         0,         0,   0.057,exact_mw,a212c24da5b34f1b60580734e5e54c4073e302b219bc7e486ff8edc698604c9e,"{""distance"":7,""physical_error_rate"":5e-05}","{""detection_events"":638,""detectors_checked"":3317760}"
        16,         0,         0,   0.470,exact_mw,1713bc804565c0b42ca58c93310b033f01c41dd72e5e9cac9fe58a9188a19ab7,"{""distance"":7,""physical_error_rate"":0.01}","{""detection_events"":434,""detectors_checked"":12960}"
     41984,         0,         0,   0.784,exact_mw,92a9cd959715f3d5685c6265974e573ec36ff2f173f7490ff1393041d63371cf,"{""distance"":7,""physical_error_rate"":0.0001}","{""detection_events"":12943,""detectors_checked"":34007040}"
      5120,         0,         0,   0.088,exact_mw,a212c24da5b34f1b60580734e5e54c4073e302b219bc7e486ff8edc698604c9e,"{""distance"":7,""physical_error_rate"":5e-05}","{""detection_events"":802,""detectors_checked"":4147200}"
        64,         0,         0,   0.552,exact_mw,98ed6542f5a75ebddbda0ed622fb597fbc85d0a75d139587b6be9a08147ba42d,"{""distance"":7,""physical_error_rate"":0.002}","{""detection_events"":407,""detectors_checked"":51840}"
      7168,         0,         0,   0.109,exact_mw,a212c24da5b34f1b60580734e5e54c4073e302b219bc7e486ff8edc698604c9e,"{""distance"":7,""physical_error_rate"":5e-05}","{""detection_events"":1089,""detectors_checked"":5806080}"
       256,         0,         0,   0.442,exact_mw,d2cc2b129abad1f985b8639603638d6030a837aa2fe57172dffdf28919c1c286,"{""distance"":7,""physical_error_rate"":0.001}","{""detection_events"":792,""detectors_checked"":207360}"
     24576,         0,         0,    1.11,exact_mw,26ede523e6354ffb917e832246591ea54a1b9969785b9947b95e2ebb539e2476,"{""distance"":7,""physical_error_rate"":0.0002}","{""detection_events"":15159,""detectors_checked"":19906560}"
      9216,         0,         0,   0.134,exact_mw,a212c24da5b34f1b60580734e5e54c4073e302b219bc7e486ff8edc698604c9e,"{""distance"":7,""physical_error_rate"":5e-05}","{""detection_events"":1374,""detectors_checked"":7464960}"
     14336,         0,         0,   0.214,exact_mw,a212c24da5b34f1b60580734e5e54c4073e302b219bc7e486ff8edc698604c9e,"{""distance"":7,""physical_error_rate"":5e-05}","{""detection_events"":2130,""detectors_checked"":11612160}"
       256,         0,         0,   0.434,exact_mw,d2cc2b129abad1f985b8639603638d6030a837aa2fe57172dffdf28919c1c286,"{""distance"":7,""physical_error_rate"":0.001}","{""detection_events"":795,""detectors_checked"":207360}"
        16,         0,         0,   0.619,exact_mw,1713bc804565c0b42ca58c93310b033f01c41dd72e5e9cac9fe58a9188a19ab7,"{""distance"":7,""physical_error_rate"":0.01}","{""detection_events"":438,""detectors_checked"":12960}"
        64,         0,         0,   0.549,exact_mw,98ed6542f5a75ebddbda0ed622fb597fbc85d0a75d139587b6be9a08147ba42d,"{""distance"":7,""physical_error_rate"":0.002}","{""detection_events"":370,""detectors_checked"":51840}"
     18432,         0,         0,   0.288,exact_mw,a212c24da5b34f1b60580734e5e54c4073e302b219bc7e486ff8edc698604c9e,"{""distance"":7,""physical_error_rate"":5e-05}","{""detection_events"":2882,""detectors_checked"":14929920}"
      7936,         0,         0,    17.0,exact_mw,d2cc2b129abad1f985b8639603638d6030a837aa2fe57172dffdf28919c1c286,"{""distance"":7,""physical_error_rate"":0.001}","{""detection_events"":24381,""detectors_checked"":6428160}"
        64,         0,         0,   0.325,exact_mw,98ed6542f5a75ebddbda0ed622fb597fbc85d0a75d139587b6be9a08147ba42d,"{""distance"":7,""physical_error_rate"":0.002}","{""detection_events"":373,""detectors_checked"":51840}"
     59392,         0,         0,    1.11,exact_mw,92a9cd959715f3d5685c6265974e573ec36ff2f173f7490ff1393041d63371cf,"{""distance"":7,""physical_error_rate"":0.0001}","{""detection_events"":18002,""detectors_checked"":48107520}"
        16,         0,         0,   0.531,exact_mw,1713bc804565c0b42ca58c93310b033f01c41dd72e5e9cac9fe58a9188a19ab7,"{""distance"":7,""physical_error_rate"":0.01}","{""detection_events"":479,""detectors_checked"":12960}"
       256,         0,         0,   0.580,exact_mw,d2cc2b129abad1f985b8639603638d6030a837aa2fe57172dffdf28919c1c286,"{""distance"":7,""physical_error_rate"":0.001}","{""detection_events"":802,""detectors_checked"":207360}"
     27648,         0,         0,   0.418,exact_mw,a212c24da5b34f1b60580734e5e54c4073e302b219bc7e486ff8edc698604c9e,"{""distance"":7,""physical_error_rate"":5e-05}","{""detection_events"":4112,""detectors_checked"":22394880}"
        64,         0,         0,   0.521,exact_mw,98ed6542f5a75ebddbda0ed622fb597fbc85d0a75d139587b6be9a08147ba42d,"{""distance"":7,""physical_error_rate"":0.002}","{""detection_events"":363,""detectors_checked"":51840}"
       256,         0,         0,   0.459,exact_mw,d2cc2b129abad1f985b8639603638d6030a837aa2fe57172dffdf28919c1c286,"{""distance"":7,""physical_error_rate"":0.001}","{""detection_events"":789,""detectors_checked"":207360}"
        16,         0,         0,   0.521,exact_mw,1713bc804565c0b42ca58c93310b033f01c41dd72e5e9cac9fe58a9188a19ab7,"{""distance"":7,""physical_error_rate"":0.01}","{""detection_events"":425,""detectors_checked"":12960}"
     35840,         1,         0,    1.59,exact_mw,26ede523e6354ffb917e832246591ea54a1b9969785b9947b95e2ebb539e2476,"{""distance"":7,""physical_error_rate"":0.0002}","{""detection_events"":22220,""detectors_checked"":29030400,""obs_mistake_mask=E"":1}"
     36864,         0,         0,   0.572,exact_mw,a212c24da5b34f1b60580734e5e54c4073e302b219bc7e486ff8edc698604c9e,"{""distance"":7,""physical_error_rate"":5e-05}","{""detection_events"":5633,""detectors_checked"":29859840}"
        64,         0,         0,   0.521,exact_mw,98ed6542f5a75ebddbda0ed622fb597fbc85d0a75d139587b6be9a08147ba42d,"{""distance"":7,""physical_error_rate"":0.002}","{""detection_events"":400,""detectors_checked"":51840}"
      4096,         0,         0,    8.93,exact_mw,d2cc2b129abad1f985b8639603638d6030a837aa2fe57172dffdf28919c1c286,"{""distance"":7,""physical_error_rate"":0.001}","{""detection_events"":12557,""detectors_checked"":3317760}"
       256,         0,         0,   0.464,exact_mw,d2cc2b129abad1f985b8639603638d6030a837aa2fe57172dffdf28919c1c286,"{""distance"":7,""physical_error_rate"":0.001}","{""detection_events"":789,""detectors_checked"":207360}"
        16,         0,         0,   0.568,exact_mw,1713bc804565c0b42ca58c93310b033f01c41dd72e5e9cac9fe58a9188a19ab7,"{""distance"":7,""physical_error_rate"":0.01}","{""detection_events"":435,""detectors_checked"":12960}"
     52224,         0,         0,   0.780,exact_mw,a212c24da5b34f1b60580734e5e54c4073e302b219bc7e486ff8edc698604c9e,"{""distance"":7,""physical_error_rate"":5e-05}","{""detection_events"":7901,""detectors_checked"":42301440}"
       256,         0,         0,   0.572,exact_mw,d2cc2b129abad1f985b8639603638d6030a837aa2fe57172dffdf28919c1c286,"{""distance"":7,""physical_error_rate"":0.001}","{""detection_events"":864,""detectors_checked"":207360}"
     81920,         0,         0,    1.56,exact_mw,92a9cd959715f3d5685c6265974e573ec36ff2f173f7490ff1393041d63371cf,"{""distance"":7,""physical_error_rate"":0.0001}","{""detection_events"":25477,""detectors_checked"":66355200}"
       224,         1,         0,    8.82,exact_mw,1713bc804565c0b42ca58c93310b033f01c41dd72e5e9cac9fe58a9188a19ab7,"{""distance"":7,""physical_error_rate"":0.01}","{""detection_events"":6226,""detectors_checked"":181440,""obs_mistake_mask=E"":1}"
        16,         0,         0,   0.615,exact_mw,1713bc804565c0b42ca58c93310b033f01c41dd72e5e9cac9fe58a9188a19ab7,"{""distance"":7,""physical_error_rate"":0.01}","{""detection_events"":470,""detectors_checked"":12960}"
       128,         0,         0,   0.887,exact_mw,98ed6542f5a75ebddbda0ed622fb597fbc85d0a75d139587b6be9a08147ba42d,"{""distance"":7,""physical_error_rate"":0.002}","{""detection_events"":739,""detectors_checked"":103680}"
       256,         0,         0,   0.468,exact_mw,d2cc2b129abad1f985b8639603638d6030a837aa2fe57172dffdf28919c1c286,"{""distance"":7,""physical_error_rate"":0.001}","{""detection_events"":744,""detectors_checked"":207360}"
        16,         1,         0,   0.496,exact_mw,1713bc804565c0b42ca58c93310b033f01c41dd72e5e9cac9fe58a9188a19ab7,"{""distance"":7,""physical_error_rate"":0.01}","{""detection_events"":477,""detectors_checked"":12960,""obs_mistake_mask=E"":1}"
      1152,         0,         0,    8.84,exact_mw,98ed6542f5a75ebddbda0ed622fb597fbc85d0a75d139587b6be9a08147ba42d,"{""distance"":7,""physical_error_rate"":0.002}","{""detection_events"":7043,""detectors_checked"":933120}"
       160,         3,         0,    8.62,exact_mw,07230310c167a8a58090586f32b373a58fa307b800b0f38cc129dec8518e6258,"{""distance"":7,""physical_error_rate"":0.02}","{""detection_events"":8901,""detectors_checked"":129600,""obs_mistake_mask=E"":3}"
       256,         0,         0,   0.526,exact_mw,d2cc2b129abad1f985b8639603638d6030a837aa2fe57172dffdf28919c1c286,"{""distance"":7,""physical_error_rate"":0.001}","{""detection_events"":829,""detectors_checked"":207360}"
     72704,         0,         0,    1.10,exact_mw,a212c24da5b34f1b60580734e5e54c4073e302b219bc7e486ff8edc698604c9e,"{""distance"":7,""physical_error_rate"":5e-05}","{""detection_events"":11010,""detectors_checked"":58890240}"
        16,         0,         0,   0.423,exact_mw,1713bc804565c0b42ca58c93310b033f01c41dd72e5e9cac9fe58a9188a19ab7,"{""distance"":7,""physical_error_rate"":0.01}","{""detection_events"":448,""detectors_checked"":12960}"
       128,         0,         0,    1.00,exact_mw,98ed6542f5a75ebddbda0ed622fb597fbc85d0a75d139587b6be9a08147ba42d,"{""distance"":7,""physical_error_rate"":0.002}","{""detection_events"":775,""detectors_checked"":103680}"
       224,         0,         0,    8.42,exact_mw,1713bc804565c0b42ca58c93310b033f01c41dd72e5e9cac9fe58a9188a19ab7,"{""distance"":7,""physical_error_rate"":0.01}","{""detection_events"":6599,""detectors_checked"":181440}"
     47104,         0,         0,    2.21,exact_mw,26ede523e6354ffb917e832246591ea54a1b9969785b9947b95e2ebb539e2476,"{""distance"":7,""physical_error_rate"":0.0002}","{""detection_events"":28918,""detectors_checked"":38154240}"
        16,         0,         0,   0.394,exact_mw,1713bc804565c0b42ca58c93310b033f01c41dd72e5e9cac9fe58a9188a19ab7,"{""distance"":7,""physical_error_rate"":0.01}","{""detection_events"":424,""detectors_checked"":12960}"
       256,         0,         0,   0.607,exact_mw,d2cc2b129abad1f985b8639603638d6030a837aa2fe57172dffdf28919c1c286,"{""distance"":7,""physical_error_rate"":0.001}","{""detection_events"":843,""detectors_checked"":207360}"
        16,         0,         0,   0.457,exact_mw,1713bc804565c0b42ca58c93310b033f01c41dd72e5e9cac9fe58a9188a19ab7,"{""distance"":7,""physical_error_rate"":0.01}","{""detection_events"":464,""detectors_checked"":12960}"
    119808,         0,         0,    2.17,exact_mw,92a9cd959715f3d5685c6265974e573ec36ff2f173f7490ff1393041d63371cf,"{""distance"":7,""physical_error_rate"":0.0001}","{""detection_events"":36020,""detectors_checked"":97044480}"
    269312,         0,         0,    11.7,exact_mw,26ede523e6354ffb917e832246591ea54a1b9969785b9947b95e2ebb539e2476,"{""distance"":7,""physical_error_rate"":0.0002}","{""detection_events"":164244,""detectors_checked"":218142720}"
       512,         0,         0,   0.733,exact_mw,d2cc2b129abad1f985b8639603638d6030a837aa2fe57172dffdf28919c1c286,"{""distance"":7,""physical_error_rate"":0.001}","{""detection_events"":1411,""detectors_checked"":414720}"
       384,         0,         0,    8.54,exact_mw,a39d26a9c85ff1858873bfad720922f64799219ac1b945519c1902b92db90de0,"{""distance"":7,""physical_error_rate"":0.005}","{""detection_events"":5669,""detectors_checked"":311040}"
    101376,         0,         0,    1.55,exact_mw,a212c24da5b34f1b60580734e5e54c4073e302b219bc7e486ff8edc698604c9e,"{""distance"":7,""physical_error_rate"":5e-05}","{""detection_events"":15361,""detectors_checked"":82114560}"
        16,         0,         0,   0.692,exact_mw,1713bc804565c0b42ca58c93310b033f01c41dd72e5e9cac9fe58a9188a19ab7,"{""distance"":7,""physical_error_rate"":0.01}","{""detection_events"":467,""detectors_checked"":12960}"
       192,         0,         0,    1.41,exact_mw,98ed6542f5a75ebddbda0ed622fb597fbc85d0a75d139587b6be9a08147ba42d,"{""distance"":7,""physical_error_rate"":0.002}","{""detection_events"":1171,""detectors_checked"":155520}"
    107520,         0,         0,    11.6,exact_mw,92a9cd959715f3d5685c6265974e573ec36ff2f173f7490ff1393041d63371cf,"{""distance"":7,""physical_error_rate"":0.0001}","{""detection_events"":32363,""detectors_checked"":87091200}"
        16,         0,         0,   0.708,exact_mw,1713bc804565c0b42ca58c93310b033f01c41dd72e5e9cac9fe58a9188a19ab7,"{""distance"":7,""physical_error_rate"":0.01}","{""detection_events"":426,""detectors_checked"":12960}"
       512,         0,         0,    1.21,exact_mw,d2cc2b129abad1f985b8639603638d6030a837aa2fe57172dffdf28919c1c286,"{""distance"":7,""physical_error_rate"":0.001}","{""detection_events"":1655,""detectors_checked"":414720}"
       176,         4,         0,    8.59,exact_mw,07230310c167a8a58090586f32b373a58fa307b800b0f38cc129dec8518e6258,"{""distance"":7,""physical_error_rate"":0.02}","{""detection_events"":9951,""detectors_checked"":142560,""obs_mistake_mask=E"":4}"
       192,         0,         0,    1.56,exact_mw,98ed6542f5a75ebddbda0ed622fb597fbc85d0a75d139587b6be9a08147ba42d,"{""distance"":7,""physical_error_rate"":0.002}","{""detection_events"":1089,""detectors_checked"":155520}"
     65536,         0,         0,    3.03,exact_mw,26ede523e6354ffb917e832246591ea54a1b9969785b9947b95e2ebb539e2476,"{""distance"":7,""physical_error_rate"":0.0002}","{""detection_events"":39878,""detectors_checked"":53084160}"
    713728,         0,         0,    11.6,exact_mw,a212c24da5b34f1b60580734e5e54c4073e302b219bc7e486ff8edc698604c9e,"{""distance"":7,""physical_error_rate"":5e-05}","{""detection_events"":108583,""detectors_checked"":578119680}"
        32,         0,         0,    1.33,exact_mw,1713bc804565c0b42ca58c93310b033f01c41dd72e5e9cac9fe58a9188a19ab7,"{""distance"":7,""physical_error_rate"":0.01}","{""detection_events"":897,""detectors_checked"":25920}"
    142336,         0,         0,    2.16,exact_mw,a212c24da5b34f1b60580734e5e54c4073e302b219bc7e486ff8edc698604c9e,"{""distance"":7,""physical_error_rate"":5e-05}","{""detection_events"":21798,""detectors_checked"":115292160}"
       800,        12,         0,    45.7,exact_mw,07230310c167a8a58090586f32b373a58fa307b800b0f38cc129dec8518e6258,"{""distance"":7,""physical_error_rate"":0.02}","{""detection_events"":44021,""detectors_checked"":648000,""obs_mistake_mask=E"":12}"
    158720,         0,         0,    3.04,exact_mw,92a9cd959715f3d5685c6265974e573ec36ff2f173f7490ff1393041d63371cf,"{""distance"":7,""physical_error_rate"":0.0001}","{""detection_events"":48268,""detectors_checked"":128563200}"
      1024,         0,         0,    1.72,exact_mw,d2cc2b129abad1f985b8639603638d6030a837aa2fe57172dffdf28919c1c286,"{""distance"":7,""physical_error_rate"":0.001}","{""detection_events"":2992,""detectors_checked"":829440}"
   1258496,         1,         0,    22.8,exact_mw,a212c24da5b34f1b60580734e5e54c4073e302b219bc7e486ff8edc698604c9e,"{""distance"":7,""physical_error_rate"":5e-05}","{""detection_events"":191837,""detectors_checked"":1019381760,""obs_mistake_mask=E"":1}"
        48,         0,         0,    1.68,exact_mw,1713bc804565c0b42ca58c93310b033f01c41dd72e5e9cac9fe58a9188a19ab7,"{""distance"":7,""physical_error_rate"":0.01}","{""detection_events"":1381,""detectors_checked"":38880}"
       384,         0,         0,    2.54,exact_mw,98ed6542f5a75ebddbda0ed622fb597fbc85d0a75d139587b6be9a08147ba42d,"{""distance"":7,""physical_error_rate"":0.002}","{""detection_events"":2304,""detectors_checked"":311040}"
     31744,         0,         0,    11.7,exact_mw,8c54babb212143042928b0eca3852c18ac799bf66eb488a668303745c8494fc5,"{""distance"":7,""physical_error_rate"":0.0005}","{""detection_events"":48205,""detectors_checked"":25712640}"
      1024,         0,         0,    2.27,exact_mw,d2cc2b129abad1f985b8639603638d6030a837aa2fe57172dffdf28919c1c286,"{""distance"":7,""physical_error_rate"":0.001}","{""detection_events"":3077,""detectors_checked"":829440}"
    200704,         0,         0,    3.05,exact_mw,a212c24da5b34f1b60580734e5e54c4073e302b219bc7e486ff8edc698604c9e,"{""distance"":7,""physical_error_rate"":5e-05}","{""detection_events"":30786,""detectors_checked"":162570240}"
        56,         1,         0,    12.5,exact_mw,1713bc804565c0b42ca58c93310b033f01c41dd72e5e9cac9fe58a9188a19ab7,"{""distance"":7,""physical_error_rate"":0.01}","{""detection_events"":1702,""detectors_checked"":45360,""obs_mistake_mask=E"":1}"
        48,         0,         0,    1.86,exact_mw,1713bc804565c0b42ca58c93310b033f01c41dd72e5e9cac9fe58a9188a19ab7,"{""distance"":7,""physical_error_rate"":0.01}","{""detection_events"":1387,""detectors_checked"":38880}"
     99328,         0,         0,    4.26,exact_mw,26ede523e6354ffb917e832246591ea54a1b9969785b9947b95e2ebb539e2476,"{""distance"":7,""physical_error_rate"":0.0002}","{""detection_events"":61297,""detectors_checked"":80455680}"
   1210368,         0,         0,    22.8,exact_mw,92a9cd959715f3d5685c6265974e573ec36ff2f173f7490ff1393041d63371cf,"{""distance"":7,""physical_error_rate"":0.0001}","{""detection_events"":369098,""detectors_checked"":980398080}"
    220160,         0,         0,    4.24,exact_mw,92a9cd959715f3d5685c6265974e573ec36ff2f173f7490ff1393041d63371cf,"{""distance"":7,""physical_error_rate"":0.0001}","{""detection_events"":66542,""detectors_checked"":178329600}"
      1984,         0,         0,    23.0,exact_mw,d2cc2b129abad1f985b8639603638d6030a837aa2fe57172dffdf28919c1c286,"{""distance"":7,""physical_error_rate"":0.001}","{""detection_events"":5850,""detectors_checked"":1607040}"
      1536,         0,         0,    2.50,exact_mw,d2cc2b129abad1f985b8639603638d6030a837aa2fe57172dffdf28919c1c286,"{""distance"":7,""physical_error_rate"":0.001}","{""detection_events"":4590,""detectors_checked"":1244160}"
       512,         0,         0,    3.60,exact_mw,98ed6542f5a75ebddbda0ed622fb597fbc85d0a75d139587b6be9a08147ba42d,"{""distance"":7,""physical_error_rate"":0.002}","{""detection_events"":2994,""detectors_checked"":414720}"
        64,         0,         0,    2.46,exact_mw,1713bc804565c0b42ca58c93310b033f01c41dd72e5e9cac9fe58a9188a19ab7,"{""distance"":7,""physical_error_rate"":0.01}","{""detection_events"":1870,""detectors_checked"":51840}"
      5632,         0,         0,    12.0,exact_mw,d2cc2b129abad1f985b8639603638d6030a837aa2fe57172dffdf28919c1c286,"{""distance"":7,""physical_error_rate"":0.001}","{""detection_events"":17387,""detectors_checked"":4561920}"
       320,         2,         0,    12.1,exact_mw,1713bc804565c0b42ca58c93310b033f01c41dd72e5e9cac9fe58a9188a19ab7,"{""distance"":7,""physical_error_rate"":0.01}","{""detection_events"":9172,""detectors_checked"":259200,""obs_mistake_mask=E"":2}"
    269312,         0,         0,    4.24,exact_mw,a212c24da5b34f1b60580734e5e54c4073e302b219bc7e486ff8edc698604c9e,"{""distance"":7,""physical_error_rate"":5e-05}","{""detection_events"":41864,""detectors_checked"":218142720}"
       232,         4,         0,    12.0,exact_mw,07230310c167a8a58090586f32b373a58fa307b800b0f38cc129dec8518e6258,"{""distance"":7,""physical_error_rate"":0.02}","{""detection_events"":12988,""detectors_checked"":187920,""obs_mistake_mask=E"":4}"
       320,         1,         0,    11.9,exact_mw,1713bc804565c0b42ca58c93310b033f01c41dd72e5e9cac9fe58a9188a19ab7,"{""distance"":7,""physical_error_rate"":0.01}","{""detection_events"":9387,""detectors_checked"":259200,""obs_mistake_mask=E"":1}"
      1728,         1,         0,    12.6,exact_mw,98ed6542f5a75ebddbda0ed622fb597fbc85d0a75d139587b6be9a08147ba42d,"{""distance"":7,""physical_error_rate"":0.002}","{""detection_events"":10330,""detectors_checked"":1399680,""obs_mistake_mask=E"":1}"
      2048,         0,         0,    3.64,exact_mw,d2cc2b129abad1f985b8639603638d6030a837aa2fe57172dffdf28919c1c286,"{""distance"":7,""physical_error_rate"":0.001}","{""detection_events"":6035,""detectors_checked"":1658880}"
    502784,         1,         0,    22.9,exact_mw,26ede523e6354ffb917e832246591ea54a1b9969785b9947b95e2ebb539e2476,"{""distance"":7,""physical_error_rate"":0.0002}","{""detection_events"":307946,""detectors_checked"":407255040,""obs_mistake_mask=E"":1}"
        80,         0,         0,    3.18,exact_mw,1713bc804565c0b42ca58c93310b033f01c41dd72e5e9cac9fe58a9188a19ab7,"{""distance"":7,""physical_error_rate"":0.01}","{""detection_events"":2312,""detectors_checked"":64800}"
       480,         0,         0,    11.7,exact_mw,a39d26a9c85ff1858873bfad720922f64799219ac1b945519c1902b92db90de0,"{""distance"":7,""physical_error_rate"":0.005}","{""detection_events"":7351,""detectors_checked"":388800}"
    134144,         0,         0,    6.00,exact_mw,26ede523e6354ffb917e832246591ea54a1b9969785b9947b95e2ebb539e2476,"{""distance"":7,""physical_error_rate"":0.0002}","{""detection_events"":82043,""detectors_checked"":108656640}"
       640,         0,         0,    4.59,exact_mw,98ed6542f5a75ebddbda0ed622fb597fbc85d0a75d139587b6be9a08147ba42d,"{""distance"":7,""physical_error_rate"":0.002}","{""detection_events"":3711,""detectors_checked"":518400}"
     11264,         0,         0,    23.2,exact_mw,8c54babb212143042928b0eca3852c18ac799bf66eb488a668303745c8494fc5,"{""distance"":7,""physical_error_rate"":0.0005}","{""detection_events"":17205,""detectors_checked"":9123840}"
       224,         4,         0,    11.9,exact_mw,07230310c167a8a58090586f32b373a58fa307b800b0f38cc129dec8518e6258,"{""distance"":7,""physical_error_rate"":0.02}","{""detection_events"":12672,""detectors_checked"":181440,""obs_mistake_mask=E"":4}"
    313344,         0,         0,    5.93,exact_mw,92a9cd959715f3d5685c6265974e573ec36ff2f173f7490ff1393041d63371cf,"{""distance"":7,""physical_error_rate"":0.0001}","{""detection_events"":96673,""detectors_checked"":253808640}"
    283648,         0,         0,    31.8,exact_mw,92a9cd959715f3d5685c6265974e573ec36ff2f173f7490ff1393041d63371cf,"{""distance"":7,""physical_error_rate"":0.0001}","{""detection_events"":85836,""detectors_checked"":229754880}"
    371712,         0,         0,    5.87,exact_mw,a212c24da5b34f1b60580734e5e54c4073e302b219bc7e486ff8edc698604c9e,"{""distance"":7,""physical_error_rate"":5e-05}","{""detection_events"":56824,""detectors_checked"":301086720}"
      2560,         0,         0,    4.87,exact_mw,d2cc2b129abad1f985b8639603638d6030a837aa2fe57172dffdf28919c1c286,"{""distance"":7,""physical_error_rate"":0.001}","{""detection_events"":7895,""detectors_checked"":2073600}"
       128,         1,         0,    4.69,exact_mw,1713bc804565c0b42ca58c93310b033f01c41dd72e5e9cac9fe58a9188a19ab7,"{""distance"":7,""physical_error_rate"":0.01}","{""detection_events"":3426,""detectors_checked"":103680,""obs_mistake_mask=E"":1}"
    374784,         0,         0,    16.4,exact_mw,26ede523e6354ffb917e832246591ea54a1b9969785b9947b95e2ebb539e2476,"{""distance"":7,""physical_error_rate"":0.0002}","{""detection_events"":227950,""detectors_checked"":303575040}"
    140288,         0,         0,    16.5,exact_mw,92a9cd959715f3d5685c6265974e573ec36ff2f173f7490ff1393041d63371cf,"{""distance"":7,""physical_error_rate"":0.0001}","{""detection_events"":42465,""detectors_checked"":113633280}"
   1014784,         0,         0,    16.3,exact_mw,a212c24da5b34f1b60580734e5e54c4073e302b219bc7e486ff8edc698604c9e,"{""distance"":7,""physical_error_rate"":5e-05}","{""detection_events"":154612,""detectors_checked"":821975040}"
       896,         0,         0,    6.40,exact_mw,98ed6542f5a75ebddbda0ed622fb597fbc85d0a75d139587b6be9a08147ba42d,"{""distance"":7,""physical_error_rate"":0.002}","{""detection_events"":5272,""detectors_checked"":725760}"
     11776,         1,         0,    23.3,exact_mw,d2cc2b129abad1f985b8639603638d6030a837aa2fe57172dffdf28919c1c286,"{""distance"":7,""physical_error_rate"":0.001}","{""detection_events"":35445,""detectors_checked"":9538560,""obs_mistake_mask=E"":1}"
    188416,         0,         0,    8.41,exact_mw,26ede523e6354ffb917e832246591ea54a1b9969785b9947b95e2ebb539e2476,"{""distance"":7,""physical_error_rate"":0.0002}","{""detection_events"":114707,""detectors_checked"":152616960}"
     43008,         1,         0,    16.4,exact_mw,8c54babb212143042928b0eca3852c18ac799bf66eb488a668303745c8494fc5,"{""distance"":7,""physical_error_rate"":0.0005}","{""detection_events"":65457,""detectors_checked"":34836480,""obs_mistake_mask=E"":1}"
    434176,         0,         0,    8.34,exact_mw,92a9cd959715f3d5685c6265974e573ec36ff2f173f7490ff1393041d63371cf,"{""distance"":7,""physical_error_rate"":0.0001}","{""detection_events"":132574,""detectors_checked"":351682560}"
      3072,         0,         0,    6.06,exact_mw,d2cc2b129abad1f985b8639603638d6030a837aa2fe57172dffdf28919c1c286,"{""distance"":7,""physical_error_rate"":0.001}","{""detection_events"":9397,""detectors_checked"":2488320}"
        68,         0,         0,    16.8,exact_mw,1713bc804565c0b42ca58c93310b033f01c41dd72e5e9cac9fe58a9188a19ab7,"{""distance"":7,""physical_error_rate"":0.01}","{""detection_events"":2080,""detectors_checked"":55080}"
       160,         0,         0,    6.10,exact_mw,1713bc804565c0b42ca58c93310b033f01c41dd72e5e9cac9fe58a9188a19ab7,"{""distance"":7,""physical_error_rate"":0.01}","{""detection_events"":4730,""detectors_checked"":129600}"
   3091456,         2,         0,    62.6,exact_mw,92a9cd959715f3d5685c6265974e573ec36ff2f173f7490ff1393041d63371cf,"{""distance"":7,""physical_error_rate"":0.0001}","{""detection_events"":943343,""detectors_checked"":2504079360,""obs_mistake_mask=E"":2}"
    521216,         0,         0,    8.29,exact_mw,a212c24da5b34f1b60580734e5e54c4073e302b219bc7e486ff8edc698604c9e,"{""distance"":7,""physical_error_rate"":5e-05}","{""detection_events"":80394,""detectors_checked"":422184960}"
      1856,         6,         0,    45.2,exact_mw,a39d26a9c85ff1858873bfad720922f64799219ac1b945519c1902b92db90de0,"{""distance"":7,""physical_error_rate"":0.005}","{""detection_events"":27513,""detectors_checked"":1503360,""obs_mistake_mask=E"":6}"
   3760128,         1,         0,    62.4,exact_mw,a212c24da5b34f1b60580734e5e54c4073e302b219bc7e486ff8edc698604c9e,"{""distance"":7,""physical_error_rate"":5e-05}","{""detection_events"":573334,""detectors_checked"":3045703680,""obs_mistake_mask=E"":1}"
      8704,         0,         0,    16.4,exact_mw,d2cc2b129abad1f985b8639603638d6030a837aa2fe57172dffdf28919c1c286,"{""distance"":7,""physical_error_rate"":0.001}","{""detection_events"":26247,""detectors_checked"":7050240}"
       432,         0,         0,    16.9,exact_mw,1713bc804565c0b42ca58c93310b033f01c41dd72e5e9cac9fe58a9188a19ab7,"{""distance"":7,""physical_error_rate"":0.01}","{""detection_events"":12509,""detectors_checked"":349920}"
   1482752,         1,         0,    62.8,exact_mw,26ede523e6354ffb917e832246591ea54a1b9969785b9947b95e2ebb539e2476,"{""distance"":7,""physical_error_rate"":0.0002}","{""detection_events"":903756,""detectors_checked"":1201029120,""obs_mistake_mask=E"":1}"
    171008,         1,         0,    63.2,exact_mw,8c54babb212143042928b0eca3852c18ac799bf66eb488a668303745c8494fc5,"{""distance"":7,""physical_error_rate"":0.0005}","{""detection_events"":260362,""detectors_checked"":138516480,""obs_mistake_mask=E"":1}"
       320,         6,         0,    16.7,exact_mw,07230310c167a8a58090586f32b373a58fa307b800b0f38cc129dec8518e6258,"{""distance"":7,""physical_error_rate"":0.02}","{""detection_events"":17522,""detectors_checked"":259200,""obs_mistake_mask=E"":6}"
      2176,         0,         0,    16.6,exact_mw,98ed6542f5a75ebddbda0ed622fb597fbc85d0a75d139587b6be9a08147ba42d,"{""distance"":7,""physical_error_rate"":0.002}","{""detection_events"":13151,""detectors_checked"":1762560}"
       464,         2,         0,    16.8,exact_mw,1713bc804565c0b42ca58c93310b033f01c41dd72e5e9cac9fe58a9188a19ab7,"{""distance"":7,""physical_error_rate"":0.01}","{""detection_events"":13126,""detectors_checked"":375840,""obs_mistake_mask=E"":2}"
      1280,         0,         0,    8.64,exact_mw,98ed6542f5a75ebddbda0ed622fb597fbc85d0a75d139587b6be9a08147ba42d,"{""distance"":7,""physical_error_rate"":0.002}","{""detection_events"":7498,""detectors_checked"":1036800}"
       704,         0,         0,    16.6,exact_mw,a39d26a9c85ff1858873bfad720922f64799219ac1b945519c1902b92db90de0,"{""distance"":7,""physical_error_rate"":0.005}","{""detection_events"":10339,""detectors_checked"":570240}"
       336,         6,         0,    16.6,exact_mw,07230310c167a8a58090586f32b373a58fa307b800b0f38cc129dec8518e6258,"{""distance"":7,""physical_error_rate"":0.02}","{""detection_events"":18828,""detectors_checked"":272160,""obs_mistake_mask=E"":6}"
       240,         2,         0,    8.52,exact_mw,1713bc804565c0b42ca58c93310b033f01c41dd72e5e9cac9fe58a9188a19ab7,"{""distance"":7,""physical_error_rate"":0.01}","{""detection_events"":6994,""detectors_checked"":194400,""obs_mistake_mask=E"":2}"
    735232,         0,         0,    62.4,exact_mw,92a9cd959715f3d5685c6265974e573ec36ff2f173f7490ff1393041d63371cf,"{""distance"":7,""physical_error_rate"":0.0001}","{""detection_events"":223860,""detectors_checked"":595537920}"
      4608,         0,         0,    8.94,exact_mw,d2cc2b129abad1f985b8639603638d6030a837aa2fe57172dffdf28919c1c286,"{""distance"":7,""physical_error_rate"":0.001}","{""detection_events"":14412,""detectors_checked"":3732480}"
     34048,         0,         0,    64.1,exact_mw,d2cc2b129abad1f985b8639603638d6030a837aa2fe57172dffdf28919c1c286,"{""distance"":7,""physical_error_rate"":0.001}","{""detection_events"":101866,""detectors_checked"":27578880}"
    257024,         0,         0,    11.7,exact_mw,26ede523e6354ffb917e832246591ea54a1b9969785b9947b95e2ebb539e2476,"{""distance"":7,""physical_error_rate"":0.0002}","{""detection_events"":156237,""detectors_checked"":208189440}"
    614400,         0,         0,    11.7,exact_mw,92a9cd959715f3d5685c6265974e573ec36ff2f173f7490ff1393041d63371cf,"{""distance"":7,""physical_error_rate"":0.0001}","{""detection_events"":186857,""detectors_checked"":497664000}"
      2752,         1,         0,    63.2,exact_mw,a39d26a9c85ff1858873bfad720922f64799219ac1b945519c1902b92db90de0,"{""distance"":7,""physical_error_rate"":0.005}","{""detection_events"":41241,""detectors_checked"":2229120,""obs_mistake_mask=E"":1}"
   1838080,         0,         0,    32.0,exact_mw,a212c24da5b34f1b60580734e5e54c4073e302b219bc7e486ff8edc698604c9e,"{""distance"":7,""physical_error_rate"":5e-05}","{""detection_events"":278974,""detectors_checked"":1488844800}"
   1590272,         0,         0,    62.5,exact_mw,a212c24da5b34f1b60580734e5e54c4073e302b219bc7e486ff8edc698604c9e,"{""distance"":7,""physical_error_rate"":5e-05}","{""detection_events"":243103,""detectors_checked"":1288120320}"
   2264064,         1,         0,    44.6,exact_mw,92a9cd959715f3d5685c6265974e573ec36ff2f173f7490ff1393041d63371cf,"{""distance"":7,""physical_error_rate"":0.0001}","{""detection_events"":688538,""detectors_checked"":1833891840,""obs_mistake_mask=E"":1}"
    718848,         0,         0,    11.6,exact_mw,a212c24da5b34f1b60580734e5e54c4073e302b219bc7e486ff8edc698604c9e,"{""distance"":7,""physical_error_rate"":5e-05}","{""detection_events"":109723,""detectors_checked"":582266880}"
   1280000,         1,         0,    62.8,exact_mw,26ede523e6354ffb917e832246591ea54a1b9969785b9947b95e2ebb539e2476,"{""distance"":7,""physical_error_rate"":0.0002}","{""detection_events"":779896,""detectors_checked"":1036800000,""obs_mistake_mask=E"":1}"
   3758080,         0,         0,    62.5,exact_mw,a212c24da5b34f1b60580734e5e54c4073e302b219bc7e486ff8edc698604c9e,"{""distance"":7,""physical_error_rate"":5e-05}","{""detection_events"":572232,""detectors_checked"":3044044800}"
      1600,         5,         0,    63.2,exact_mw,1713bc804565c0b42ca58c93310b033f01c41dd72e5e9cac9fe58a9188a19ab7,"{""distance"":7,""physical_error_rate"":0.01}","{""detection_events"":46571,""detectors_checked"":1296000,""obs_mistake_mask=E"":5}"
      8256,         0,         0,    63.6,exact_mw,98ed6542f5a75ebddbda0ed622fb597fbc85d0a75d139587b6be9a08147ba42d,"{""distance"":7,""physical_error_rate"":0.002}","{""detection_events"":49928,""detectors_checked"":6687360}"
         1,         0,         0,   0.005,exact_mw,a39d26a9c85ff1858873bfad720922f64799219ac1b945519c1902b92db90de0,"{""distance"":7,""physical_error_rate"":0.005}","{""detection_events"":16,""detectors_checked"":810}"
   1679360,         0,         0,    32.0,exact_mw,92a9cd959715f3d5685c6265974e573ec36ff2f173f7490ff1393041d63371cf,"{""distance"":7,""physical_error_rate"":0.0001}","{""detection_events"":512151,""detectors_checked"":1360281600}"
        16,         0,         0,   0.359,exact_mw,a39d26a9c85ff1858873bfad720922f64799219ac1b945519c1902b92db90de0,"{""distance"":7,""physical_error_rate"":0.005}","{""detection_events"":236,""detectors_checked"":12960}"
    533504,         0,         0,    22.9,exact_mw,26ede523e6354ffb917e832246591ea54a1b9969785b9947b95e2ebb539e2476,"{""distance"":7,""physical_error_rate"":0.0002}","{""detection_events"":325116,""detectors_checked"":432138240}"
        16,         0,         0,   0.312,exact_mw,a39d26a9c85ff1858873bfad720922f64799219ac1b945519c1902b92db90de0,"{""distance"":7,""physical_error_rate"":0.005}","{""detection_events"":210,""detectors_checked"":12960}"
      1536,         0,         0,    12.1,exact_mw,98ed6542f5a75ebddbda0ed622fb597fbc85d0a75d139587b6be9a08147ba42d,"{""distance"":7,""physical_error_rate"":0.002}","{""detection_events"":9621,""detectors_checked"":1244160}"
        16,         0,         0,   0.378,exact_mw,a39d26a9c85ff1858873bfad720922f64799219ac1b945519c1902b92db90de0,"{""distance"":7,""physical_error_rate"":0.005}","{""detection_events"":250,""detectors_checked"":12960}"
    195584,         0,         0,    22.8,exact_mw,92a9cd959715f3d5685c6265974e573ec36ff2f173f7490ff1393041d63371cf,"{""distance"":7,""physical_error_rate"":0.0001}","{""detection_events"":59679,""detectors_checked"":158423040}"
        16,         0,         0,   0.387,exact_mw,a39d26a9c85ff1858873bfad720922f64799219ac1b945519c1902b92db90de0,"{""distance"":7,""physical_error_rate"":0.005}","{""detection_events"":268,""detectors_checked"":12960}"
   3731456,         0,         0,    62.5,exact_mw,a212c24da5b34f1b60580734e5e54c4073e302b219bc7e486ff8edc698604c9e,"{""distance"":7,""physical_error_rate"":5e-05}","{""detection_events"":569490,""detectors_checked"":3022479360}"
   1465344,         2,         0,    62.8,exact_mw,26ede523e6354ffb917e832246591ea54a1b9969785b9947b95e2ebb539e2476,"{""distance"":7,""physical_error_rate"":0.0002}","{""detection_events"":893294,""detectors_checked"":1186928640,""obs_mistake_mask=E"":2}"
        16,         0,         0,   0.648,exact_mw,a39d26a9c85ff1858873bfad720922f64799219ac1b945519c1902b92db90de0,"{""distance"":7,""physical_error_rate"":0.005}","{""detection_events"":275,""detectors_checked"":12960}"
    100608,         2,         0,    63.1,exact_mw,8c54babb212143042928b0eca3852c18ac799bf66eb488a668303745c8494fc5,"{""distance"":7,""physical_error_rate"":0.0005}","{""detection_events"":153216,""detectors_checked"":81492480,""obs_mistake_mask=E"":2}"
      7808,         0,         0,    63.1,exact_mw,98ed6542f5a75ebddbda0ed622fb597fbc85d0a75d139587b6be9a08147ba42d,"{""distance"":7,""physical_error_rate"":0.002}","{""detection_events"":46840,""detectors_checked"":6324480}"
      2784,         0,         0,    33.8,exact_mw,d2cc2b129abad1f985b8639603638d6030a837aa2fe57172dffdf28919c1c286,"{""distance"":7,""physical_error_rate"":0.001}","{""detection_events"":8389,""detectors_checked"":2255040}"
        16,         0,         0,   0.308,exact_mw,a39d26a9c85ff1858873bfad720922f64799219ac1b945519c1902b92db90de0,"{""distance"":7,""physical_error_rate"":0.005}","{""detection_events"":230,""detectors_checked"":12960}"
   1425408,         0,         0,    22.8,exact_mw,a212c24da5b34f1b60580734e5e54c4073e302b219bc7e486ff8edc698604c9e,"{""distance"":7,""physical_error_rate"":5e-05}","{""detection_events"":216670,""detectors_checked"":1154580480}"
        16,         0,         0,   0.443,exact_mw,a39d26a9c85ff1858873bfad720922f64799219ac1b945519c1902b92db90de0,"{""distance"":7,""physical_error_rate"":0.005}","{""detection_events"":236,""detectors_checked"":12960}"
   1380352,         1,         0,    62.7,exact_mw,26ede523e6354ffb917e832246591ea54a1b9969785b9947b95e2ebb539e2476,"{""distance"":7,""physical_error_rate"":0.0002}","{""detection_events"":838109,""detectors_checked"":1118085120,""obs_mistake_mask=E"":1}"
        16,         0,         0,   0.322,exact_mw,a39d26a9c85ff1858873bfad720922f64799219ac1b945519c1902b92db90de0,"{""distance"":7,""physical_error_rate"":0.005}","{""detection_events"":230,""detectors_checked"":12960}"
     29952,         0,         0,    63.2,exact_mw,8c54babb212143042928b0eca3852c18ac799bf66eb488a668303745c8494fc5,"{""distance"":7,""physical_error_rate"":0.0005}","{""detection_events"":45483,""detectors_checked"":24261120}"
        16,         0,         0,   0.344,exact_mw,a39d26a9c85ff1858873bfad720922f64799219ac1b945519c1902b92db90de0,"{""distance"":7,""physical_error_rate"":0.005}","{""detection_events"":219,""detectors_checked"":12960}"
      1216,        23,         0,    63.2,exact_mw,07230310c167a8a58090586f32b373a58fa307b800b0f38cc129dec8518e6258,"{""distance"":7,""physical_error_rate"":0.02}","{""detection_events"":67881,""detectors_checked"":984960,""obs_mistake_mask=E"":23}"
       336,         1,         0,    11.8,exact_mw,1713bc804565c0b42ca58c93310b033f01c41dd72e5e9cac9fe58a9188a19ab7,"{""distance"":7,""physical_error_rate"":0.01}","{""detection_events"":9843,""detectors_checked"":272160,""obs_mistake_mask=E"":1}"
        16,         0,         0,   0.445,exact_mw,a39d26a9c85ff1858873bfad720922f64799219ac1b945519c1902b92db90de0,"{""distance"":7,""physical_error_rate"":0.005}","{""detection_events"":239,""detectors_checked"":12960}"
      6144,         0,         0,    11.7,exact_mw,d2cc2b129abad1f985b8639603638d6030a837aa2fe57172dffdf28919c1c286,"{""distance"":7,""physical_error_rate"":0.001}","{""detection_events"":18990,""detectors_checked"":4976640}"
      1296,        21,         0,    63.0,exact_mw,07230310c167a8a58090586f32b373a58fa307b800b0f38cc129dec8518e6258,"{""distance"":7,""physical_error_rate"":0.02}","{""detection_events"":71750,""detectors_checked"":1049760,""obs_mistake_mask=E"":21}"
        16,         0,         0,   0.512,exact_mw,a39d26a9c85ff1858873bfad720922f64799219ac1b945519c1902b92db90de0,"{""distance"":7,""physical_error_rate"":0.005}","{""detection_events"":237,""detectors_checked"":12960}"
    727040,         0,         0,    32.1,exact_mw,26ede523e6354ffb917e832246591ea54a1b9969785b9947b95e2ebb539e2476,"{""distance"":7,""physical_error_rate"":0.0002}","{""detection_events"":442199,""detectors_checked"":588902400}"
     61440,         0,         0,    23.3,exact_mw,8c54babb212143042928b0eca3852c18ac799bf66eb488a668303745c8494fc5,"{""distance"":7,""physical_error_rate"":0.0005}","{""detection_events"":93717,""detectors_checked"":49766400}"
        48,         0,         0,    1.01,exact_mw,a39d26a9c85ff1858873bfad720922f64799219ac1b945519c1902b92db90de0,"{""distance"":7,""physical_error_rate"":0.005}","{""detection_events"":701,""detectors_checked"":38880}"
    172032,         2,         0,    63.2,exact_mw,8c54babb212143042928b0eca3852c18ac799bf66eb488a668303745c8494fc5,"{""distance"":7,""physical_error_rate"":0.0005}","{""detection_events"":261764,""detectors_checked"":139345920,""obs_mistake_mask=E"":2}"
       100,         0,         0,    23.1,exact_mw,1713bc804565c0b42ca58c93310b033f01c41dd72e5e9cac9fe58a9188a19ab7,"{""distance"":7,""physical_error_rate"":0.01}","{""detection_events"":2930,""detectors_checked"":81000}"
        64,         0,         0,    1.31,exact_mw,a39d26a9c85ff1858873bfad720922f64799219ac1b945519c1902b92db90de0,"{""distance"":7,""physical_error_rate"":0.005}","{""detection_events"":972,""detectors_checked"":51840}"
     15360,         0,         0,    33.1,exact_mw,8c54babb212143042928b0eca3852c18ac799bf66eb488a668303745c8494fc5,"{""distance"":7,""physical_error_rate"":0.0005}","{""detection_events"":23221,""detectors_checked"":12441600}"
       464,         0,         0,    63.0,exact_mw,a39d26a9c85ff1858873bfad720922f64799219ac1b945519c1902b92db90de0,"{""distance"":7,""physical_error_rate"":0.005}","{""detection_events"":6924,""detectors_checked"":375840}"
        64,         0,         0,    1.31,exact_mw,a39d26a9c85ff1858873bfad720922f64799219ac1b945519c1902b92db90de0,"{""distance"":7,""physical_error_rate"":0.005}","{""detection_events"":969,""detectors_checked"":51840}"
      1264,        18,         0,    63.3,exact_mw,07230310c167a8a58090586f32b373a58fa307b800b0f38cc129dec8518e6258,"{""distance"":7,""physical_error_rate"":0.02}","{""detection_events"":70699,""detectors_checked"":1023840,""obs_mistake_mask=E"":18}"
      2720,         5,         0,    63.3,exact_mw,a39d26a9c85ff1858873bfad720922f64799219ac1b945519c1902b92db90de0,"{""distance"":7,""physical_error_rate"":0.005}","{""detection_events"":40874,""detectors_checked"":2203200,""obs_mistake_mask=E"":5}"
    358400,         0,         0,    16.4,exact_mw,26ede523e6354ffb917e832246591ea54a1b9969785b9947b95e2ebb539e2476,"{""distance"":7,""physical_error_rate"":0.0002}","{""detection_events"":217970,""detectors_checked"":290304000}"
        96,         0,         0,    2.05,exact_mw,a39d26a9c85ff1858873bfad720922f64799219ac1b945519c1902b92db90de0,"{""distance"":7,""physical_error_rate"":0.005}","{""detection_events"":1489,""detectors_checked"":77760}"
      4224,         0,         0,    23.9,exact_mw,d2cc2b129abad1f985b8639603638d6030a837aa2fe57172dffdf28919c1c286,"{""distance"":7,""physical_error_rate"":0.001}","{""detection_events"":12608,""detectors_checked"":3421440}"
      1664,         8,         0,    63.3,exact_mw,1713bc804565c0b42ca58c93310b033f01c41dd72e5e9cac9fe58a9188a19ab7,"{""distance"":7,""physical_error_rate"":0.01}","{""detection_events"":48327,""detectors_checked"":1347840,""obs_mistake_mask=E"":8}"
    859136,         2,         0,    16.3,exact_mw,92a9cd959715f3d5685c6265974e573ec36ff2f173f7490ff1393041d63371cf,"{""distance"":7,""physical_error_rate"":0.0001}","{""detection_events"":261815,""detectors_checked"":695900160,""obs_mistake_mask=E"":2}"
      8128,         1,         0,    63.7,exact_mw,98ed6542f5a75ebddbda0ed622fb597fbc85d0a75d139587b6be9a08147ba42d,"{""distance"":7,""physical_error_rate"":0.002}","{""detection_events"":49254,""detectors_checked"":6583680,""obs_mistake_mask=E"":1}"
      4592,         0,         0,    63.5,exact_mw,98ed6542f5a75ebddbda0ed622fb597fbc85d0a75d139587b6be9a08147ba42d,"{""distance"":7,""physical_error_rate"":0.002}","{""detection_events"":27466,""detectors_checked"":3719520}"
      1264,        12,         0,    63.6,exact_mw,07230310c167a8a58090586f32b373a58fa307b800b0f38cc129dec8518e6258,"{""distance"":7,""physical_error_rate"":0.02}","{""detection_events"":70262,""detectors_checked"":1023840,""obs_mistake_mask=E"":12}"
      7616,         0,         0,    63.0,exact_mw,98ed6542f5a75ebddbda0ed622fb597fbc85d0a75d139587b6be9a08147ba42d,"{""distance"":7,""physical_error_rate"":0.002}","{""detection_events"":46389,""detectors_checked"":6168960}"
       592,         4,         0,    23.5,exact_mw,1713bc804565c0b42ca58c93310b033f01c41dd72e5e9cac9fe58a9188a19ab7,"{""distance"":7,""physical_error_rate"":0.01}","{""detection_events"":17581,""detectors_checked"":479520,""obs_mistake_mask=E"":4}"
      2688,         2,         0,    63.5,exact_mw,a39d26a9c85ff1858873bfad720922f64799219ac1b945519c1902b92db90de0,"{""distance"":7,""physical_error_rate"":0.005}","{""detection_events"":40049,""detectors_checked"":2177280,""obs_mistake_mask=E"":2}"
       456,         6,         0,    23.2,exact_mw,07230310c167a8a58090586f32b373a58fa307b800b0f38cc129dec8518e6258,"{""distance"":7,""physical_error_rate"":0.02}","{""detection_events"":24968,""detectors_checked"":369360,""obs_mistake_mask=E"":6}"
      2816,         0,         0,    23.1,exact_mw,98ed6542f5a75ebddbda0ed622fb597fbc85d0a75d139587b6be9a08147ba42d,"{""distance"":7,""physical_error_rate"":0.002}","{""detection_events"":17171,""detectors_checked"":2280960}"
       608,         0,         0,    23.1,exact_mw,1713bc804565c0b42ca58c93310b033f01c41dd72e5e9cac9fe58a9188a19ab7,"{""distance"":7,""physical_error_rate"":0.01}","{""detection_events"":17546,""detectors_checked"":492480}"
      1744,         9,         0,    63.4,exact_mw,1713bc804565c0b42ca58c93310b033f01c41dd72e5e9cac9fe58a9188a19ab7,"{""distance"":7,""physical_error_rate"":0.01}","{""detection_events"":50890,""detectors_checked"":1412640,""obs_mistake_mask=E"":9}"
     33024,         0,         0,    63.6,exact_mw,d2cc2b129abad1f985b8639603638d6030a837aa2fe57172dffdf28919c1c286,"{""distance"":7,""physical_error_rate"":0.001}","{""detection_events"":100119,""detectors_checked"":26749440}"
      1056,         1,         0,    23.0,exact_mw,a39d26a9c85ff1858873bfad720922f64799219ac1b945519c1902b92db90de0,"{""distance"":7,""physical_error_rate"":0.005}","{""detection_events"":15769,""detectors_checked"":855360,""obs_mistake_mask=E"":1}"
        96,         0,         0,    2.99,exact_mw,a39d26a9c85ff1858873bfad720922f64799219ac1b945519c1902b92db90de0,"{""distance"":7,""physical_error_rate"":0.005}","{""detection_events"":1525,""detectors_checked"":77760}"
   1031168,         0,         0,    16.3,exact_mw,a212c24da5b34f1b60580734e5e54c4073e302b219bc7e486ff8edc698604c9e,"{""distance"":7,""physical_error_rate"":5e-05}","{""detection_events"":156874,""detectors_checked"":835246080}"
     32768,         0,         0,    63.0,exact_mw,d2cc2b129abad1f985b8639603638d6030a837aa2fe57172dffdf28919c1c286,"{""distance"":7,""physical_error_rate"":0.001}","{""detection_events"":100177,""detectors_checked"":26542080}"
     17408,         0,         0,    33.2,exact_mw,d2cc2b129abad1f985b8639603638d6030a837aa2fe57172dffdf28919c1c286,"{""distance"":7,""physical_error_rate"":0.001}","{""detection_events"":52327,""detectors_checked"":14100480}"
       448,         7,         0,    23.1,exact_mw,07230310c167a8a58090586f32b373a58fa307b800b0f38cc129dec8518e6258,"{""distance"":7,""physical_error_rate"":0.02}","{""detection_events"":24557,""detectors_checked"":362880,""obs_mistake_mask=E"":7}"
       128,         0,         0,    3.27,exact_mw,a39d26a9c85ff1858873bfad720922f64799219ac1b945519c1902b92db90de0,"{""distance"":7,""physical_error_rate"":0.005}","{""detection_events"":1897,""detectors_checked"":103680}"
      2176,         0,         0,    16.5,exact_mw,98ed6542f5a75ebddbda0ed622fb597fbc85d0a75d139587b6be9a08147ba42d,"{""distance"":7,""physical_error_rate"":0.002}","{""detection_events"":13185,""detectors_checked"":1762560}"
    367616,         0,         0,    44.8,exact_mw,92a9cd959715f3d5685c6265974e573ec36ff2f173f7490ff1393041d63371cf,"{""distance"":7,""physical_error_rate"":0.0001}","{""detection_events"":112093,""detectors_checked"":297768960}"
       416,         1,         0,    16.5,exact_mw,1713bc804565c0b42ca58c93310b033f01c41dd72e5e9cac9fe58a9188a19ab7,"{""distance"":7,""physical_error_rate"":0.01}","{""detection_events"":11998,""detectors_checked"":336960,""obs_mistake_mask=E"":1}"
      9216,         1,         0,    16.6,exact_mw,d2cc2b129abad1f985b8639603638d6030a837aa2fe57172dffdf28919c1c286,"{""distance"":7,""physical_error_rate"":0.001}","{""detection_events"":27634,""detectors_checked"":7464960,""obs_mistake_mask=E"":1}"
       224,         0,         0,    4.80,exact_mw,a39d26a9c85ff1858873bfad720922f64799219ac1b945519c1902b92db90de0,"{""distance"":7,""physical_error_rate"":0.005}","{""detection_events"":3276,""detectors_checked"":181440}"
       586,         6,         0,    63.6,exact_mw,07230310c167a8a58090586f32b373a58fa307b800b0f38cc129dec8518e6258,"{""distance"":7,""physical_error_rate"":0.02}","{""detection_events"":32716,""detectors_checked"":474660,""obs_mistake_mask=E"":6}"
       256,         1,         0,    6.20,exact_mw,a39d26a9c85ff1858873bfad720922f64799219ac1b945519c1902b92db90de0,"{""distance"":7,""physical_error_rate"":0.005}","{""detection_events"":3945,""detectors_checked"":207360,""obs_mistake_mask=E"":1}"
    728064,         1,         0,    32.0,exact_mw,26ede523e6354ffb917e832246591ea54a1b9969785b9947b95e2ebb539e2476,"{""distance"":7,""physical_error_rate"":0.0002}","{""detection_events"":444285,""detectors_checked"":589731840,""obs_mistake_mask=E"":1}"
    220160,         1,         0,    22.9,exact_mw,26ede523e6354ffb917e832246591ea54a1b9969785b9947b95e2ebb539e2476,"{""distance"":7,""physical_error_rate"":0.0002}","{""detection_events"":133908,""detectors_checked"":178329600,""obs_mistake_mask=E"":1}"
    249856,         0,         0,    32.0,exact_mw,92a9cd959715f3d5685c6265974e573ec36ff2f173f7490ff1393041d63371cf,"{""distance"":7,""physical_error_rate"":0.0001}","{""detection_events"":76329,""detectors_checked"":202383360}"
   1223680,         0,         0,    22.8,exact_mw,92a9cd959715f3d5685c6265974e573ec36ff2f173f7490ff1393041d63371cf,"{""distance"":7,""physical_error_rate"":0.0001}","{""detection_events"":372481,""detectors_checked"":991180800}"
   1971200,         0,         0,    31.9,exact_mw,a212c24da5b34f1b60580734e5e54c4073e302b219bc7e486ff8edc698604c9e,"{""distance"":7,""physical_error_rate"":5e-05}","{""detection_events"":301085,""detectors_checked"":1596672000}"
       384,         0,         0,    8.62,exact_mw,a39d26a9c85ff1858873bfad720922f64799219ac1b945519c1902b92db90de0,"{""distance"":7,""physical_error_rate"":0.005}","{""detection_events"":5816,""detectors_checked"":311040}"
   1486848,         0,         0,    22.8,exact_mw,a212c24da5b34f1b60580734e5e54c4073e302b219bc7e486ff8edc698604c9e,"{""distance"":7,""physical_error_rate"":5e-05}","{""detection_events"":227262,""detectors_checked"":1204346880}"
     93184,         1,         0,    32.3,exact_mw,8c54babb212143042928b0eca3852c18ac799bf66eb488a668303745c8494fc5,"{""distance"":7,""physical_error_rate"":0.0005}","{""detection_events"":141405,""detectors_checked"":75479040,""obs_mistake_mask=E"":1}"
       116,         0,         0,    32.5,exact_mw,1713bc804565c0b42ca58c93310b033f01c41dd72e5e9cac9fe58a9188a19ab7,"{""distance"":7,""physical_error_rate"":0.01}","{""detection_events"":3368,""detectors_checked"":93960}"
      3136,         0,         0,    23.6,exact_mw,98ed6542f5a75ebddbda0ed622fb597fbc85d0a75d139587b6be9a08147ba42d,"{""distance"":7,""physical_error_rate"":0.002}","{""detection_events"":19005,""detectors_checked"":2540160}"
   2828288,         0,         0,    44.6,exact_mw,a212c24da5b34f1b60580734e5e54c4073e302b219bc7e486ff8edc698604c9e,"{""distance"":7,""physical_error_rate"":5e-05}","{""detection_events"":432026,""detectors_checked"":2290913280}"
      2368,         0,         0,    32.2,exact_mw,d2cc2b129abad1f985b8639603638d6030a837aa2fe57172dffdf28919c1c286,"{""distance"":7,""physical_error_rate"":0.001}","{""detection_events"":7298,""detectors_checked"":1918080}"
       864,         2,         0,    32.2,exact_mw,1713bc804565c0b42ca58c93310b033f01c41dd72e5e9cac9fe58a9188a19ab7,"{""distance"":7,""physical_error_rate"":0.01}","{""detection_events"":25331,""detectors_checked"":699840,""obs_mistake_mask=E"":2}"
       640,         4,         0,    23.2,exact_mw,1713bc804565c0b42ca58c93310b033f01c41dd72e5e9cac9fe58a9188a19ab7,"{""distance"":7,""physical_error_rate"":0.01}","{""detection_events"":18294,""detectors_checked"":518400,""obs_mistake_mask=E"":4}"
       664,        12,         0,    32.2,exact_mw,07230310c167a8a58090586f32b373a58fa307b800b0f38cc129dec8518e6258,"{""distance"":7,""physical_error_rate"":0.02}","{""detection_events"":37010,""detectors_checked"":537840,""obs_mistake_mask=E"":12}"
       696,         3,         0,    32.4,exact_mw,1713bc804565c0b42ca58c93310b033f01c41dd72e5e9cac9fe58a9188a19ab7,"{""distance"":7,""physical_error_rate"":0.01}","{""detection_events"":20107,""detectors_checked"":563760,""obs_mistake_mask=E"":3}"
     12544,         0,         0,    23.5,exact_mw,d2cc2b129abad1f985b8639603638d6030a837aa2fe57172dffdf28919c1c286,"{""distance"":7,""physical_error_rate"":0.001}","{""detection_events"":38309,""detectors_checked"":10160640}"
      1440,         0,         0,    32.1,exact_mw,a39d26a9c85ff1858873bfad720922f64799219ac1b945519c1902b92db90de0,"{""distance"":7,""physical_error_rate"":0.005}","{""detection_events"":21192,""detectors_checked"":1166400}"
      4480,         0,         0,    32.9,exact_mw,98ed6542f5a75ebddbda0ed622fb597fbc85d0a75d139587b6be9a08147ba42d,"{""distance"":7,""physical_error_rate"":0.002}","{""detection_events"":27049,""detectors_checked"":3628800}"
   2237440,         0,         0,    44.7,exact_mw,92a9cd959715f3d5685c6265974e573ec36ff2f173f7490ff1393041d63371cf,"{""distance"":7,""physical_error_rate"":0.0001}","{""detection_events"":684396,""detectors_checked"":1812326400}"
       656,        13,         0,    32.2,exact_mw,07230310c167a8a58090586f32b373a58fa307b800b0f38cc129dec8518e6258,"{""distance"":7,""physical_error_rate"":0.02}","{""detection_events"":36288,""detectors_checked"":531360,""obs_mistake_mask=E"":13}"
       544,         0,         0,    12.0,exact_mw,a39d26a9c85ff1858873bfad720922f64799219ac1b945519c1902b92db90de0,"{""distance"":7,""physical_error_rate"":0.005}","{""detection_events"":8194,""detectors_checked"":440640}"
      3136,         0,         0,    45.9,exact_mw,d2cc2b129abad1f985b8639603638d6030a837aa2fe57172dffdf28919c1c286,"{""distance"":7,""physical_error_rate"":0.001}","{""detection_events"":9798,""detectors_checked"":2540160}"
      2656,         2,         0,    63.6,exact_mw,a39d26a9c85ff1858873bfad720922f64799219ac1b945519c1902b92db90de0,"{""distance"":7,""physical_error_rate"":0.005}","{""detection_events"":39404,""detectors_checked"":2151360,""obs_mistake_mask=E"":2}"
   1108992,         6,         0,    44.9,exact_mw,26ede523e6354ffb917e832246591ea54a1b9969785b9947b95e2ebb539e2476,"{""distance"":7,""physical_error_rate"":0.0002}","{""detection_events"":674900,""detectors_checked"":898283520,""obs_mistake_mask=E"":6}"
     18944,         0,         0,    45.6,exact_mw,8c54babb212143042928b0eca3852c18ac799bf66eb488a668303745c8494fc5,"{""distance"":7,""physical_error_rate"":0.0005}","{""detection_events"":28603,""detectors_checked"":15344640}"
     23808,         4,         0,    45.1,exact_mw,d2cc2b129abad1f985b8639603638d6030a837aa2fe57172dffdf28919c1c286,"{""distance"":7,""physical_error_rate"":0.001}","{""detection_events"":72704,""detectors_checked"":19284480,""obs_mistake_mask=E"":4}"
   3364864,         1,         0,    62.6,exact_mw,92a9cd959715f3d5685c6265974e573ec36ff2f173f7490ff1393041d63371cf,"{""distance"":7,""physical_error_rate"":0.0001}","{""detection_events"":1026355,""detectors_checked"":2725539840,""obs_mistake_mask=E"":1}"
       768,         1,         0,    16.6,exact_mw,a39d26a9c85ff1858873bfad720922f64799219ac1b945519c1902b92db90de0,"{""distance"":7,""physical_error_rate"":0.005}","{""detection_events"":11123,""detectors_checked"":622080,""obs_mistake_mask=E"":1}"
    107520,         0,         0,    32.0,exact_mw,26ede523e6354ffb917e832246591ea54a1b9969785b9947b95e2ebb539e2476,"{""distance"":7,""physical_error_rate"":0.0002}","{""detection_events"":65608,""detectors_checked"":87091200}"
   1717248,         1,         0,    31.9,exact_mw,92a9cd959715f3d5685c6265974e573ec36ff2f173f7490ff1393041d63371cf,"{""distance"":7,""physical_error_rate"":0.0001}","{""detection_events"":523037,""detectors_checked"":1390970880,""obs_mistake_mask=E"":1}"
   2096128,         0,         0,    31.9,exact_mw,a212c24da5b34f1b60580734e5e54c4073e302b219bc7e486ff8edc698604c9e,"{""distance"":7,""physical_error_rate"":5e-05}","{""detection_events"":319388,""detectors_checked"":1697863680}"
         1,         0,         0,   0.001,exact_mw,8c54babb212143042928b0eca3852c18ac799bf66eb488a668303745c8494fc5,"{""distance"":7,""physical_error_rate"":0.0005}","{""detection_events"":2,""detectors_checked"":810}"
       272,         0,         0,   0.061,exact_mw,8c54babb212143042928b0eca3852c18ac799bf66eb488a668303745c8494fc5,"{""distance"":7,""physical_error_rate"":0.0005}","{""detection_events"":394,""detectors_checked"":220320}"
      1024,         0,         0,   0.285,exact_mw,8c54babb212143042928b0eca3852c18ac799bf66eb488a668303745c8494fc5,"{""distance"":7,""physical_error_rate"":0.0005}","{""detection_events"":1495,""detectors_checked"":829440}"
         1,         0,         0,   0.137,exact_mw,1713bc804565c0b42ca58c93310b033f01c41dd72e5e9cac9fe58a9188a19ab7,"{""distance"":7,""physical_error_rate"":0.01}","{""detection_events"":29,""detectors_checked"":810}"
   4714496,         0,         0,    87.6,exact_mw,92a9cd959715f3d5685c6265974e573ec36ff2f173f7490ff1393041d63371cf,"{""distance"":7,""physical_error_rate"":0.0001}","{""detection_events"":1436386,""detectors_checked"":3818741760}"
         4,         0,         0,   0.217,exact_mw,1713bc804565c0b42ca58c93310b033f01c41dd72e5e9cac9fe58a9188a19ab7,"{""distance"":7,""physical_error_rate"":0.01}","{""detection_events"":120,""detectors_checked"":3240}"
      4544,         1,         0,    32.4,exact_mw,98ed6542f5a75ebddbda0ed622fb597fbc85d0a75d139587b6be9a08147ba42d,"{""distance"":7,""physical_error_rate"":0.002}","{""detection_events"":27177,""detectors_checked"":3680640,""obs_mistake_mask=E"":1}"
      1024,         0,         0,   0.551,exact_mw,8c54babb212143042928b0eca3852c18ac799bf66eb488a668303745c8494fc5,"{""distance"":7,""physical_error_rate"":0.0005}","{""detection_events"":1512,""detectors_checked"":829440}"
   5640192,         2,         0,    87.5,exact_mw,a212c24da5b34f1b60580734e5e54c4073e302b219bc7e486ff8edc698604c9e,"{""distance"":7,""physical_error_rate"":5e-05}","{""detection_events"":858088,""detectors_checked"":4568555520,""obs_mistake_mask=E"":2}"
         8,         0,         0,   0.489,exact_mw,1713bc804565c0b42ca58c93310b033f01c41dd72e5e9cac9fe58a9188a19ab7,"{""distance"":7,""physical_error_rate"":0.01}","{""detection_events"":261,""detectors_checked"":6480}"
      1024,         0,         0,   0.470,exact_mw,8c54babb212143042928b0eca3852c18ac799bf66eb488a668303745c8494fc5,"{""distance"":7,""physical_error_rate"":0.0005}","{""detection_events"":1542,""detectors_checked"":829440}"
         8,         0,         0,   0.503,exact_mw,1713bc804565c0b42ca58c93310b033f01c41dd72e5e9cac9fe58a9188a19ab7,"{""distance"":7,""physical_error_rate"":0.01}","{""detection_events"":225,""detectors_checked"":6480}"
      1024,         0,         0,   0.217,exact_mw,8c54babb212143042928b0eca3852c18ac799bf66eb488a668303745c8494fc5,"{""distance"":7,""physical_error_rate"":0.0005}","{""detection_events"":1557,""detectors_checked"":829440}"
         8,         0,         0,   0.432,exact_mw,1713bc804565c0b42ca58c93310b033f01c41dd72e5e9cac9fe58a9188a19ab7,"{""distance"":7,""physical_error_rate"":0.01}","{""detection_events"":221,""detectors_checked"":6480}"
      1024,         0,         0,   0.476,exact_mw,8c54babb212143042928b0eca3852c18ac799bf66eb488a668303745c8494fc5,"{""distance"":7,""physical_error_rate"":0.0005}","{""detection_events"":1627,""detectors_checked"":829440}"
         8,         0,         0,   0.269,exact_mw,1713bc804565c0b42ca58c93310b033f01c41dd72e5e9cac9fe58a9188a19ab7,"{""distance"":7,""physical_error_rate"":0.01}","{""detection_events"":240,""detectors_checked"":6480}"
      1024,         0,         0,   0.318,exact_mw,8c54babb212143042928b0eca3852c18ac799bf66eb488a668303745c8494fc5,"{""distance"":7,""physical_error_rate"":0.0005}","{""detection_events"":1538,""detectors_checked"":829440}"
      1024,         0,         0,   0.306,exact_mw,8c54babb212143042928b0eca3852c18ac799bf66eb488a668303745c8494fc5,"{""distance"":7,""physical_error_rate"":0.0005}","{""detection_events"":1531,""detectors_checked"":829440}"
      1024,         0,         0,   0.388,exact_mw,8c54babb212143042928b0eca3852c18ac799bf66eb488a668303745c8494fc5,"{""distance"":7,""physical_error_rate"":0.0005}","{""detection_events"":1653,""detectors_checked"":829440}"
       816,         3,         0,    32.3,exact_mw,1713bc804565c0b42ca58c93310b033f01c41dd72e5e9cac9fe58a9188a19ab7,"{""distance"":7,""physical_error_rate"":0.01}","{""detection_events"":23802,""detectors_checked"":660960,""obs_mistake_mask=E"":3}"
        16,         0,         0,   0.927,exact_mw,1713bc804565c0b42ca58c93310b033f01c41dd72e5e9cac9fe58a9188a19ab7,"{""distance"":7,""physical_error_rate"":0.01}","{""detection_events"":514,""detectors_checked"":12960}"
   2139136,         3,         0,    87.9,exact_mw,26ede523e6354ffb917e832246591ea54a1b9969785b9947b95e2ebb539e2476,"{""distance"":7,""physical_error_rate"":0.0002}","{""detection_events"":1302689,""detectors_checked"":1732700160,""obs_mistake_mask=E"":3}"
      1024,         0,         0,   0.489,exact_mw,8c54babb212143042928b0eca3852c18ac799bf66eb488a668303745c8494fc5,"{""distance"":7,""physical_error_rate"":0.0005}","{""detection_events"":1688,""detectors_checked"":829440}"
     18432,         0,         0,    32.3,exact_mw,d2cc2b129abad1f985b8639603638d6030a837aa2fe57172dffdf28919c1c286,"{""distance"":7,""physical_error_rate"":0.001}","{""detection_events"":55414,""detectors_checked"":14929920}"
    254976,         0,         0,    88.3,exact_mw,8c54babb212143042928b0eca3852c18ac799bf66eb488a668303745c8494fc5,"{""distance"":7,""physical_error_rate"":0.0005}","{""detection_events"":388018,""detectors_checked"":206530560}"
        16,         0,         0,   0.936,exact_mw,1713bc804565c0b42ca58c93310b033f01c41dd72e5e9cac9fe58a9188a19ab7,"{""distance"":7,""physical_error_rate"":0.01}","{""detection_events"":471,""detectors_checked"":12960}"
      2048,         0,         0,   0.815,exact_mw,8c54babb212143042928b0eca3852c18ac799bf66eb488a668303745c8494fc5,"{""distance"":7,""physical_error_rate"":0.0005}","{""detection_events"":3065,""detectors_checked"":1658880}"
    950272,         2,         0,    44.8,exact_mw,26ede523e6354ffb917e832246591ea54a1b9969785b9947b95e2ebb539e2476,"{""distance"":7,""physical_error_rate"":0.0002}","{""detection_events"":577996,""detectors_checked"":769720320,""obs_mistake_mask=E"":2}"
        16,         1,         0,   0.923,exact_mw,1713bc804565c0b42ca58c93310b033f01c41dd72e5e9cac9fe58a9188a19ab7,"{""distance"":7,""physical_error_rate"":0.01}","{""detection_events"":507,""detectors_checked"":12960,""obs_mistake_mask=E"":1}"
      2048,         0,         0,   0.929,exact_mw,8c54babb212143042928b0eca3852c18ac799bf66eb488a668303745c8494fc5,"{""distance"":7,""physical_error_rate"":0.0005}","{""detection_events"":3025,""detectors_checked"":1658880}"
    376832,         0,         0,    44.9,exact_mw,92a9cd959715f3d5685c6265974e573ec36ff2f173f7490ff1393041d63371cf,"{""distance"":7,""physical_error_rate"":0.0001}","{""detection_events"":114505,""detectors_checked"":305233920}"
        16,         0,         0,   0.867,exact_mw,1713bc804565c0b42ca58c93310b033f01c41dd72e5e9cac9fe58a9188a19ab7,"{""distance"":7,""physical_error_rate"":0.01}","{""detection_events"":444,""detectors_checked"":12960}"
      3072,         0,         0,    1.24,exact_mw,8c54babb212143042928b0eca3852c18ac799bf66eb488a668303745c8494fc5,"{""distance"":7,""physical_error_rate"":0.0005}","{""detection_events"":4726,""detectors_checked"":2488320}"
        16,         0,         0,   0.755,exact_mw,1713bc804565c0b42ca58c93310b033f01c41dd72e5e9cac9fe58a9188a19ab7,"{""distance"":7,""physical_error_rate"":0.01}","{""detection_events"":469,""detectors_checked"":12960}"
   2633728,         0,         0,    44.7,exact_mw,a212c24da5b34f1b60580734e5e54c4073e302b219bc7e486ff8edc698604c9e,"{""distance"":7,""physical_error_rate"":5e-05}","{""detection_events"":400899,""detectors_checked"":2133319680}"
        16,         0,         0,   0.749,exact_mw,1713bc804565c0b42ca58c93310b033f01c41dd72e5e9cac9fe58a9188a19ab7,"{""distance"":7,""physical_error_rate"":0.01}","{""detection_events"":439,""detectors_checked"":12960}"
   4683776,         0,         0,    87.7,exact_mw,92a9cd959715f3d5685c6265974e573ec36ff2f173f7490ff1393041d63371cf,"{""distance"":7,""physical_error_rate"":0.0001}","{""detection_events"":1430256,""detectors_checked"":3793858560}"
      3072,         0,         0,    1.11,exact_mw,8c54babb212143042928b0eca3852c18ac799bf66eb488a668303745c8494fc5,"{""distance"":7,""physical_error_rate"":0.0005}","{""detection_events"":4666,""detectors_checked"":2488320}"
        16,         0,         0,   0.868,exact_mw,1713bc804565c0b42ca58c93310b033f01c41dd72e5e9cac9fe58a9188a19ab7,"{""distance"":7,""physical_error_rate"":0.01}","{""detection_events"":423,""detectors_checked"":12960}"
     47360,         1,         0,    88.7,exact_mw,d2cc2b129abad1f985b8639603638d6030a837aa2fe57172dffdf28919c1c286,"{""distance"":7,""physical_error_rate"":0.001}","{""detection_events"":143710,""detectors_checked"":38361600,""obs_mistake_mask=E"":1}"
        16,         0,         0,   0.802,exact_mw,1713bc804565c0b42ca58c93310b033f01c41dd72e5e9cac9fe58a9188a19ab7,"{""distance"":7,""physical_error_rate"":0.01}","{""detection_events"":470,""detectors_checked"":12960}"
      4096,         0,         0,    1.84,exact_mw,8c54babb212143042928b0eca3852c18ac799bf66eb488a668303745c8494fc5,"{""distance"":7,""physical_error_rate"":0.0005}","{""detection_events"":6023,""detectors_checked"":3317760}"
    510976,         1,         0,    62.6,exact_mw,92a9cd959715f3d5685c6265974e573ec36ff2f173f7490ff1393041d63371cf,"{""distance"":7,""physical_error_rate"":0.0001}","{""detection_events"":156128,""detectors_checked"":413890560,""obs_mistake_mask=E"":1}"
    131072,         0,         0,    45.1,exact_mw,8c54babb212143042928b0eca3852c18ac799bf66eb488a668303745c8494fc5,"{""distance"":7,""physical_error_rate"":0.0005}","{""detection_events"":200608,""detectors_checked"":106168320}"
        32,         0,         0,    1.71,exact_mw,1713bc804565c0b42ca58c93310b033f01c41dd72e5e9cac9fe58a9188a19ab7,"{""distance"":7,""physical_error_rate"":0.01}","{""detection_events"":889,""detectors_checked"":25920}"
      4064,         3,         0,    88.2,exact_mw,a39d26a9c85ff1858873bfad720922f64799219ac1b945519c1902b92db90de0,"{""distance"":7,""physical_error_rate"":0.005}","{""detection_events"":60697,""detectors_checked"":3291840,""obs_mistake_mask=E"":3}"
      5120,         0,         0,    2.17,exact_mw,8c54babb212143042928b0eca3852c18ac799bf66eb488a668303745c8494fc5,"{""distance"":7,""physical_error_rate"":0.0005}","{""detection_events"":7612,""detectors_checked"":4147200}"
       236,         1,         0,    45.3,exact_mw,1713bc804565c0b42ca58c93310b033f01c41dd72e5e9cac9fe58a9188a19ab7,"{""distance"":7,""physical_error_rate"":0.01}","{""detection_events"":6867,""detectors_checked"":191160,""obs_mistake_mask=E"":1}"
    977920,         0,         0,    87.4,exact_mw,a212c24da5b34f1b60580734e5e54c4073e302b219bc7e486ff8edc698604c9e,"{""distance"":7,""physical_error_rate"":5e-05}","{""detection_events"":147918,""detectors_checked"":792115200}"
        32,         0,         0,    1.80,exact_mw,1713bc804565c0b42ca58c93310b033f01c41dd72e5e9cac9fe58a9188a19ab7,"{""distance"":7,""physical_error_rate"":0.01}","{""detection_events"":1011,""detectors_checked"":25920}"
   2106368,         2,         0,    87.9,exact_mw,26ede523e6354ffb917e832246591ea54a1b9969785b9947b95e2ebb539e2476,"{""distance"":7,""physical_error_rate"":0.0002}","{""detection_events"":1282173,""detectors_checked"":1706158080,""obs_mistake_mask=E"":2}"
   1366016,         0,         0,    87.5,exact_mw,a212c24da5b34f1b60580734e5e54c4073e302b219bc7e486ff8edc698604c9e,"{""distance"":7,""physical_error_rate"":5e-05}","{""detection_events"":207428,""detectors_checked"":1106472960}"
      2496,         6,         0,    88.7,exact_mw,1713bc804565c0b42ca58c93310b033f01c41dd72e5e9cac9fe58a9188a19ab7,"{""distance"":7,""physical_error_rate"":0.01}","{""detection_events"":71994,""detectors_checked"":2021760,""obs_mistake_mask=E"":6}"
      8192,         0,         0,    3.05,exact_mw,8c54babb212143042928b0eca3852c18ac799bf66eb488a668303745c8494fc5,"{""distance"":7,""physical_error_rate"":0.0005}","{""detection_events"":12506,""detectors_checked"":6635520}"
      3840,         0,         0,    45.2,exact_mw,d2cc2b129abad1f985b8639603638d6030a837aa2fe57172dffdf28919c1c286,"{""distance"":7,""physical_error_rate"":0.001}","{""detection_events"":11788,""detectors_checked"":3110400}"
        64,         0,         0,    2.77,exact_mw,1713bc804565c0b42ca58c93310b033f01c41dd72e5e9cac9fe58a9188a19ab7,"{""distance"":7,""physical_error_rate"":0.01}","{""detection_events"":1812,""detectors_checked"":51840}"
       864,         0,         0,    23.8,exact_mw,a39d26a9c85ff1858873bfad720922f64799219ac1b945519c1902b92db90de0,"{""distance"":7,""physical_error_rate"":0.005}","{""detection_events"":12814,""detectors_checked"":699840}"
     12096,         0,         0,    88.7,exact_mw,98ed6542f5a75ebddbda0ed622fb597fbc85d0a75d139587b6be9a08147ba42d,"{""distance"":7,""physical_error_rate"":0.002}","{""detection_events"":73703,""detectors_checked"":9797760}"
      1264,         7,         0,    45.3,exact_mw,1713bc804565c0b42ca58c93310b033f01c41dd72e5e9cac9fe58a9188a19ab7,"{""distance"":7,""physical_error_rate"":0.01}","{""detection_events"":37020,""detectors_checked"":1023840,""obs_mistake_mask=E"":7}"
       936,        12,         0,    45.1,exact_mw,07230310c167a8a58090586f32b373a58fa307b800b0f38cc129dec8518e6258,"{""distance"":7,""physical_error_rate"":0.02}","{""detection_events"":52427,""detectors_checked"":758160,""obs_mistake_mask=E"":12}"
       584,         5,         0,    45.1,exact_mw,1713bc804565c0b42ca58c93310b033f01c41dd72e5e9cac9fe58a9188a19ab7,"{""distance"":7,""physical_error_rate"":0.01}","{""detection_events"":17420,""detectors_checked"":473040,""obs_mistake_mask=E"":5}"
   5741568,         0,         0,    87.6,exact_mw,a212c24da5b34f1b60580734e5e54c4073e302b219bc7e486ff8edc698604c9e,"{""distance"":7,""physical_error_rate"":5e-05}","{""detection_events"":877419,""detectors_checked"":4650670080}"
      2048,         1,         0,    45.0,exact_mw,a39d26a9c85ff1858873bfad720922f64799219ac1b945519c1902b92db90de0,"{""distance"":7,""physical_error_rate"":0.005}","{""detection_events"":30965,""detectors_checked"":1658880,""obs_mistake_mask=E"":1}"
      6272,         2,         0,    45.2,exact_mw,98ed6542f5a75ebddbda0ed622fb597fbc85d0a75d139587b6be9a08147ba42d,"{""distance"":7,""physical_error_rate"":0.002}","{""detection_events"":37596,""detectors_checked"":5080320,""obs_mistake_mask=E"":2}"
   1925120,         4,         0,    87.9,exact_mw,26ede523e6354ffb917e832246591ea54a1b9969785b9947b95e2ebb539e2476,"{""distance"":7,""physical_error_rate"":0.0002}","{""detection_events"":1169790,""detectors_checked"":1559347200,""obs_mistake_mask=E"":4}"
    257024,         5,         0,    88.3,exact_mw,8c54babb212143042928b0eca3852c18ac799bf66eb488a668303745c8494fc5,"{""distance"":7,""physical_error_rate"":0.0005}","{""detection_events"":391428,""detectors_checked"":208189440,""obs_mistake_mask=E"":5}"
     11840,         0,         0,    88.4,exact_mw,98ed6542f5a75ebddbda0ed622fb597fbc85d0a75d139587b6be9a08147ba42d,"{""distance"":7,""physical_error_rate"":0.002}","{""detection_events"":72079,""detectors_checked"":9590400}"
   2137088,         2,         0,    87.8,exact_mw,26ede523e6354ffb917e832246591ea54a1b9969785b9947b95e2ebb539e2476,"{""distance"":7,""physical_error_rate"":0.0002}","{""detection_events"":1303050,""detectors_checked"":1731041280,""obs_mistake_mask=E"":2}"
       832,        19,         0,    45.1,exact_mw,07230310c167a8a58090586f32b373a58fa307b800b0f38cc129dec8518e6258,"{""distance"":7,""physical_error_rate"":0.02}","{""detection_events"":46273,""detectors_checked"":673920,""obs_mistake_mask=E"":19}"
        64,         0,         0,    3.53,exact_mw,1713bc804565c0b42ca58c93310b033f01c41dd72e5e9cac9fe58a9188a19ab7,"{""distance"":7,""physical_error_rate"":0.01}","{""detection_events"":1902,""detectors_checked"":51840}"
     78976,         0,         0,    88.3,exact_mw,8c54babb212143042928b0eca3852c18ac799bf66eb488a668303745c8494fc5,"{""distance"":7,""physical_error_rate"":0.0005}","{""detection_events"":120725,""detectors_checked"":63970560}"
     10240,         0,         0,    4.54,exact_mw,8c54babb212143042928b0eca3852c18ac799bf66eb488a668303745c8494fc5,"{""distance"":7,""physical_error_rate"":0.0005}","{""detection_events"":15379,""detectors_checked"":8294400}"
      1856,        19,         0,    88.6,exact_mw,07230310c167a8a58090586f32b373a58fa307b800b0f38cc129dec8518e6258,"{""distance"":7,""physical_error_rate"":0.02}","{""detection_events"":103633,""detectors_checked"":1503360,""obs_mistake_mask=E"":19}"
      1792,        26,         0,    89.0,exact_mw,07230310c167a8a58090586f32b373a58fa307b800b0f38cc129dec8518e6258,"{""distance"":7,""physical_error_rate"":0.02}","{""detection_events"":100430,""detectors_checked"":1451520,""obs_mistake_mask=E"":26}"
    238592,         2,         0,    88.4,exact_mw,8c54babb212143042928b0eca3852c18ac799bf66eb488a668303745c8494fc5,"{""distance"":7,""physical_error_rate"":0.0005}","{""detection_events"":364463,""detectors_checked"":193259520,""obs_mistake_mask=E"":2}"
       624,         0,         0,    88.6,exact_mw,a39d26a9c85ff1858873bfad720922f64799219ac1b945519c1902b92db90de0,"{""distance"":7,""physical_error_rate"":0.005}","{""detection_events"":9482,""detectors_checked"":505440}"
       112,         0,         0,    4.89,exact_mw,1713bc804565c0b42ca58c93310b033f01c41dd72e5e9cac9fe58a9188a19ab7,"{""distance"":7,""physical_error_rate"":0.01}","{""detection_events"":3395,""detectors_checked"":90720}"
     15360,         0,         0,    6.03,exact_mw,8c54babb212143042928b0eca3852c18ac799bf66eb488a668303745c8494fc5,"{""distance"":7,""physical_error_rate"":0.0005}","{""detection_events"":23196,""detectors_checked"":12441600}"
      1664,        20,         0,    88.4,exact_mw,07230310c167a8a58090586f32b373a58fa307b800b0f38cc129dec8518e6258,"{""distance"":7,""physical_error_rate"":0.02}","{""detection_events"":92511,""detectors_checked"":1347840,""obs_mistake_mask=E"":20}"
      3536,         4,         0,    88.6,exact_mw,a39d26a9c85ff1858873bfad720922f64799219ac1b945519c1902b92db90de0,"{""distance"":7,""physical_error_rate"":0.005}","{""detection_events"":53124,""detectors_checked"":2864160,""obs_mistake_mask=E"":4}"
      2544,         7,         0,    88.2,exact_mw,1713bc804565c0b42ca58c93310b033f01c41dd72e5e9cac9fe58a9188a19ab7,"{""distance"":7,""physical_error_rate"":0.01}","{""detection_events"":74773,""detectors_checked"":2060640,""obs_mistake_mask=E"":7}"
     11136,         2,         0,    88.5,exact_mw,98ed6542f5a75ebddbda0ed622fb597fbc85d0a75d139587b6be9a08147ba42d,"{""distance"":7,""physical_error_rate"":0.002}","{""detection_events"":67982,""detectors_checked"":9020160,""obs_mistake_mask=E"":2}"
      2160,         0,         0,    88.3,exact_mw,98ed6542f5a75ebddbda0ed622fb597fbc85d0a75d139587b6be9a08147ba42d,"{""distance"":7,""physical_error_rate"":0.002}","{""detection_events"":13093,""detectors_checked"":1749600}"
     12160,         3,         0,    88.4,exact_mw,98ed6542f5a75ebddbda0ed622fb597fbc85d0a75d139587b6be9a08147ba42d,"{""distance"":7,""physical_error_rate"":0.002}","{""detection_events"":74088,""detectors_checked"":9849600,""obs_mistake_mask=E"":3}"
      1872,        23,         0,    88.9,exact_mw,07230310c167a8a58090586f32b373a58fa307b800b0f38cc129dec8518e6258,"{""distance"":7,""physical_error_rate"":0.02}","{""detection_events"":104331,""detectors_checked"":1516320,""obs_mistake_mask=E"":23}"
      2384,         9,         0,    88.4,exact_mw,1713bc804565c0b42ca58c93310b033f01c41dd72e5e9cac9fe58a9188a19ab7,"{""distance"":7,""physical_error_rate"":0.01}","{""detection_events"":69425,""detectors_checked"":1931040,""obs_mistake_mask=E"":9}"
      2724,         2,         0,    89.0,exact_mw,a39d26a9c85ff1858873bfad720922f64799219ac1b945519c1902b92db90de0,"{""distance"":7,""physical_error_rate"":0.005}","{""detection_events"":40238,""detectors_checked"":2206440,""obs_mistake_mask=E"":2}"
     42496,         3,         0,    88.2,exact_mw,d2cc2b129abad1f985b8639603638d6030a837aa2fe57172dffdf28919c1c286,"{""distance"":7,""physical_error_rate"":0.001}","{""detection_events"":128749,""detectors_checked"":34421760,""obs_mistake_mask=E"":3}"
     45568,         2,         0,    88.5,exact_mw,d2cc2b129abad1f985b8639603638d6030a837aa2fe57172dffdf28919c1c286,"{""distance"":7,""physical_error_rate"":0.001}","{""detection_events"":138287,""detectors_checked"":36910080,""obs_mistake_mask=E"":2}"
       160,         1,         0,    6.56,exact_mw,1713bc804565c0b42ca58c93310b033f01c41dd72e5e9cac9fe58a9188a19ab7,"{""distance"":7,""physical_error_rate"":0.01}","{""detection_events"":4807,""detectors_checked"":129600,""obs_mistake_mask=E"":1}"
   4033536,         0,         0,    62.6,exact_mw,a212c24da5b34f1b60580734e5e54c4073e302b219bc7e486ff8edc698604c9e,"{""distance"":7,""physical_error_rate"":5e-05}","{""detection_events"":617429,""detectors_checked"":3267164160}"
      8704,         0,         0,    8.51,exact_mw,8c54babb212143042928b0eca3852c18ac799bf66eb488a668303745c8494fc5,"{""distance"":7,""physical_error_rate"":0.0005}","{""detection_events"":13458,""detectors_checked"":7050240}"
   2803712,         1,         0,    62.6,exact_mw,92a9cd959715f3d5685c6265974e573ec36ff2f173f7490ff1393041d63371cf,"{""distance"":7,""physical_error_rate"":0.0001}","{""detection_events"":857382,""detectors_checked"":2271006720,""obs_mistake_mask=E"":1}"
    795648,         1,         0,    44.8,exact_mw,26ede523e6354ffb917e832246591ea54a1b9969785b9947b95e2ebb539e2476,"{""distance"":7,""physical_error_rate"":0.0002}","{""detection_events"":485013,""detectors_checked"":644474880,""obs_mistake_mask=E"":1}"
   2413568,         0,         0,    44.7,exact_mw,92a9cd959715f3d5685c6265974e573ec36ff2f173f7490ff1393041d63371cf,"{""distance"":7,""physical_error_rate"":0.0001}","{""detection_events"":734976,""detectors_checked"":1954990080}"
       176,         0,         0,    8.72,exact_mw,1713bc804565c0b42ca58c93310b033f01c41dd72e5e9cac9fe58a9188a19ab7,"{""distance"":7,""physical_error_rate"":0.01}","{""detection_events"":5225,""detectors_checked"":142560}"
      5504,         0,         0,    64.3,exact_mw,d2cc2b129abad1f985b8639603638d6030a837aa2fe57172dffdf28919c1c286,"{""distance"":7,""physical_error_rate"":0.001}","{""detection_events"":16789,""detectors_checked"":4458240}"
   1567744,         1,         0,    62.7,exact_mw,26ede523e6354ffb917e832246591ea54a1b9969785b9947b95e2ebb539e2476,"{""distance"":7,""physical_error_rate"":0.0002}","{""detection_events"":954563,""detectors_checked"":1269872640,""obs_mistake_mask=E"":1}"
   2920448,         0,         0,    44.7,exact_mw,a212c24da5b34f1b60580734e5e54c4073e302b219bc7e486ff8edc698604c9e,"{""distance"":7,""physical_error_rate"":5e-05}","{""detection_events"":444661,""detectors_checked"":2365562880}"
      1008,        19,         0,    88.4,exact_mw,07230310c167a8a58090586f32b373a58fa307b800b0f38cc129dec8518e6258,"{""distance"":7,""physical_error_rate"":0.02}","{""detection_events"":55816,""detectors_checked"":816480,""obs_mistake_mask=E"":19}"
     30080,         1,         0,    63.3,exact_mw,8c54babb212143042928b0eca3852c18ac799bf66eb488a668303745c8494fc5,"{""distance"":7,""physical_error_rate"":0.0005}","{""detection_events"":45707,""detectors_checked"":24364800,""obs_mistake_mask=E"":1}"
      5632,         0,         0,    11.9,exact_mw,8c54babb212143042928b0eca3852c18ac799bf66eb488a668303745c8494fc5,"{""distance"":7,""physical_error_rate"":0.0005}","{""detection_events"":8442,""detectors_checked"":4561920}"
      6144,         0,         0,    45.8,exact_mw,98ed6542f5a75ebddbda0ed622fb597fbc85d0a75d139587b6be9a08147ba42d,"{""distance"":7,""physical_error_rate"":0.002}","{""detection_events"":37228,""detectors_checked"":4976640}"
      1184,         1,         0,    32.3,exact_mw,a39d26a9c85ff1858873bfad720922f64799219ac1b945519c1902b92db90de0,"{""distance"":7,""physical_error_rate"":0.005}","{""detection_events"":18020,""detectors_checked"":959040,""obs_mistake_mask=E"":1}"
      1088,         3,         0,    45.5,exact_mw,1713bc804565c0b42ca58c93310b033f01c41dd72e5e9cac9fe58a9188a19ab7,"{""distance"":7,""physical_error_rate"":0.01}","{""detection_events"":31717,""detectors_checked"":881280,""obs_mistake_mask=E"":3}"
     24576,         2,         0,    45.1,exact_mw,d2cc2b129abad1f985b8639603638d6030a837aa2fe57172dffdf28919c1c286,"{""distance"":7,""physical_error_rate"":0.001}","{""detection_events"":75043,""detectors_checked"":19906560,""obs_mistake_mask=E"":2}"
     34304,         0,         0,    63.3,exact_mw,d2cc2b129abad1f985b8639603638d6030a837aa2fe57172dffdf28919c1c286,"{""distance"":7,""physical_error_rate"":0.001}","{""detection_events"":103759,""detectors_checked"":27786240}"
       304,         1,         0,    12.1,exact_mw,1713bc804565c0b42ca58c93310b033f01c41dd72e5e9cac9fe58a9188a19ab7,"{""distance"":7,""physical_error_rate"":0.01}","{""detection_events"":9068,""detectors_checked"":246240,""obs_mistake_mask=E"":1}"
      6144,         1,         0,    16.4,exact_mw,8c54babb212143042928b0eca3852c18ac799bf66eb488a668303745c8494fc5,"{""distance"":7,""physical_error_rate"":0.0005}","{""detection_events"":9395,""detectors_checked"":4976640,""obs_mistake_mask=E"":1}"
      3904,         5,         0,    88.4,exact_mw,a39d26a9c85ff1858873bfad720922f64799219ac1b945519c1902b92db90de0,"{""distance"":7,""physical_error_rate"":0.005}","{""detection_events"":58505,""detectors_checked"":3162240,""obs_mistake_mask=E"":5}"
       448,         1,         0,    16.6,exact_mw,1713bc804565c0b42ca58c93310b033f01c41dd72e5e9cac9fe58a9188a19ab7,"{""distance"":7,""physical_error_rate"":0.01}","{""detection_events"":12908,""detectors_checked"":362880,""obs_mistake_mask=E"":1}"
    240640,         1,         0,    63.1,exact_mw,26ede523e6354ffb917e832246591ea54a1b9969785b9947b95e2ebb539e2476,"{""distance"":7,""physical_error_rate"":0.0002}","{""detection_events"":146162,""detectors_checked"":194918400,""obs_mistake_mask=E"":1}"
    532480,         0,         0,    62.7,exact_mw,92a9cd959715f3d5685c6265974e573ec36ff2f173f7490ff1393041d63371cf,"{""distance"":7,""physical_error_rate"":0.0001}","{""detection_events"":163358,""detectors_checked"":431308800}"
   3610624,         1,         0,    62.6,exact_mw,a212c24da5b34f1b60580734e5e54c4073e302b219bc7e486ff8edc698604c9e,"{""distance"":7,""physical_error_rate"":5e-05}","{""detection_events"":550647,""detectors_checked"":2924605440,""obs_mistake_mask=E"":1}"
    180224,         0,         0,    63.1,exact_mw,8c54babb212143042928b0eca3852c18ac799bf66eb488a668303745c8494fc5,"{""distance"":7,""physical_error_rate"":0.0005}","{""detection_events"":273828,""detectors_checked"":145981440}"
   4761600,         1,         0,    87.6,exact_mw,92a9cd959715f3d5685c6265974e573ec36ff2f173f7490ff1393041d63371cf,"{""distance"":7,""physical_error_rate"":0.0001}","{""detection_events"":1449368,""detectors_checked"":3856896000,""obs_mistake_mask=E"":1}"
       284,         2,         0,    64.2,exact_mw,1713bc804565c0b42ca58c93310b033f01c41dd72e5e9cac9fe58a9188a19ab7,"{""distance"":7,""physical_error_rate"":0.01}","{""detection_events"":8409,""detectors_checked"":230040,""obs_mistake_mask=E"":2}"
      5056,         0,         0,    63.2,exact_mw,d2cc2b129abad1f985b8639603638d6030a837aa2fe57172dffdf28919c1c286,"{""distance"":7,""physical_error_rate"":0.001}","{""detection_events"":15648,""detectors_checked"":4095360}"
      1712,         6,         0,    63.1,exact_mw,1713bc804565c0b42ca58c93310b033f01c41dd72e5e9cac9fe58a9188a19ab7,"{""distance"":7,""physical_error_rate"":0.01}","{""detection_events"":49574,""detectors_checked"":1386720,""obs_mistake_mask=E"":6}"
      1304,        19,         0,    63.5,exact_mw,07230310c167a8a58090586f32b373a58fa307b800b0f38cc129dec8518e6258,"{""distance"":7,""physical_error_rate"":0.02}","{""detection_events"":72061,""detectors_checked"":1056240,""obs_mistake_mask=E"":19}"
      1214,         7,         0,    63.2,exact_mw,1713bc804565c0b42ca58c93310b033f01c41dd72e5e9cac9fe58a9188a19ab7,"{""distance"":7,""physical_error_rate"":0.01}","{""detection_events"":35316,""detectors_checked"":983340,""obs_mistake_mask=E"":7}"
      3040,         3,         0,    63.3,exact_mw,a39d26a9c85ff1858873bfad720922f64799219ac1b945519c1902b92db90de0,"{""distance"":7,""physical_error_rate"":0.005}","{""detection_events"":45057,""detectors_checked"":2462400,""obs_mistake_mask=E"":3}"
      8576,         0,         0,    63.7,exact_mw,98ed6542f5a75ebddbda0ed622fb597fbc85d0a75d139587b6be9a08147ba42d,"{""distance"":7,""physical_error_rate"":0.002}","{""detection_events"":51930,""detectors_checked"":6946560}"
      1224,        19,         0,    63.3,exact_mw,07230310c167a8a58090586f32b373a58fa307b800b0f38cc129dec8518e6258,"{""distance"":7,""physical_error_rate"":0.02}","{""detection_events"":68372,""detectors_checked"":991440,""obs_mistake_mask=E"":19}"
      8576,         0,         0,    23.2,exact_mw,8c54babb212143042928b0eca3852c18ac799bf66eb488a668303745c8494fc5,"{""distance"":7,""physical_error_rate"":0.0005}","{""detection_events"":12981,""detectors_checked"":6946560}"
       656,         4,         0,    23.1,exact_mw,1713bc804565c0b42ca58c93310b033f01c41dd72e5e9cac9fe58a9188a19ab7,"{""distance"":7,""physical_error_rate"":0.01}","{""detection_events"":19178,""detectors_checked"":531360,""obs_mistake_mask=E"":4}"
      1984,         3,         0,    45.2,exact_mw,a39d26a9c85ff1858873bfad720922f64799219ac1b945519c1902b92db90de0,"{""distance"":7,""physical_error_rate"":0.005}","{""detection_events"":29345,""detectors_checked"":1607040,""obs_mistake_mask=E"":3}"
    685056,         0,         0,    87.8,exact_mw,92a9cd959715f3d5685c6265974e573ec36ff2f173f7490ff1393041d63371cf,"{""distance"":7,""physical_error_rate"":0.0001}","{""detection_events"":209204,""detectors_checked"":554895360}"
   1483776,         1,         0,    62.8,exact_mw,26ede523e6354ffb917e832246591ea54a1b9969785b9947b95e2ebb539e2476,"{""distance"":7,""physical_error_rate"":0.0002}","{""detection_events"":906412,""detectors_checked"":1201858560,""obs_mistake_mask=E"":1}"
   3353600,         1,         0,    62.6,exact_mw,92a9cd959715f3d5685c6265974e573ec36ff2f173f7490ff1393041d63371cf,"{""distance"":7,""physical_error_rate"":0.0001}","{""detection_events"":1023039,""detectors_checked"":2716416000,""obs_mistake_mask=E"":1}"
   4076544,         0,         0,    62.6,exact_mw,a212c24da5b34f1b60580734e5e54c4073e302b219bc7e486ff8edc698604c9e,"{""distance"":7,""physical_error_rate"":5e-05}","{""detection_events"":621303,""detectors_checked"":3302000640}"
      8704,         1,         0,    63.7,exact_mw,98ed6542f5a75ebddbda0ed622fb597fbc85d0a75d139587b6be9a08147ba42d,"{""distance"":7,""physical_error_rate"":0.002}","{""detection_events"":52603,""detectors_checked"":7050240,""obs_mistake_mask=E"":1}"
      1632,         7,         0,    63.1,exact_mw,1713bc804565c0b42ca58c93310b033f01c41dd72e5e9cac9fe58a9188a19ab7,"{""distance"":7,""physical_error_rate"":0.01}","{""detection_events"":47181,""detectors_checked"":1321920,""obs_mistake_mask=E"":7}"
     33792,         2,         0,    63.1,exact_mw,d2cc2b129abad1f985b8639603638d6030a837aa2fe57172dffdf28919c1c286,"{""distance"":7,""physical_error_rate"":0.001}","{""detection_events"":103359,""detectors_checked"":27371520,""obs_mistake_mask=E"":2}"
     25088,         0,         0,    32.5,exact_mw,8c54babb212143042928b0eca3852c18ac799bf66eb488a668303745c8494fc5,"{""distance"":7,""physical_error_rate"":0.0005}","{""detection_events"":38011,""detectors_checked"":20321280}"
   5556224,         1,         0,    87.6,exact_mw,a212c24da5b34f1b60580734e5e54c4073e302b219bc7e486ff8edc698604c9e,"{""distance"":7,""physical_error_rate"":5e-05}","{""detection_events"":848660,""detectors_checked"":4500541440,""obs_mistake_mask=E"":1}"
   6369280,         1,         0,   119.3,exact_mw,92a9cd959715f3d5685c6265974e573ec36ff2f173f7490ff1393041d63371cf,"{""distance"":7,""physical_error_rate"":0.0001}","{""detection_events"":1941720,""detectors_checked"":5159116800,""obs_mistake_mask=E"":1}"
   7695360,         1,         0,   119.1,exact_mw,a212c24da5b34f1b60580734e5e54c4073e302b219bc7e486ff8edc698604c9e,"{""distance"":7,""physical_error_rate"":5e-05}","{""detection_events"":1171623,""detectors_checked"":6233241600,""obs_mistake_mask=E"":1}"
       912,         3,         0,    32.1,exact_mw,1713bc804565c0b42ca58c93310b033f01c41dd72e5e9cac9fe58a9188a19ab7,"{""distance"":7,""physical_error_rate"":0.01}","{""detection_events"":26975,""detectors_checked"":738720,""obs_mistake_mask=E"":3}"
   2911232,         2,         0,   119.6,exact_mw,26ede523e6354ffb917e832246591ea54a1b9969785b9947b95e2ebb539e2476,"{""distance"":7,""physical_error_rate"":0.0002}","{""detection_events"":1775051,""detectors_checked"":2358097920,""obs_mistake_mask=E"":2}"
   4329472,         2,         0,    87.6,exact_mw,92a9cd959715f3d5685c6265974e573ec36ff2f173f7490ff1393041d63371cf,"{""distance"":7,""physical_error_rate"":0.0001}","{""detection_events"":1318789,""detectors_checked"":3506872320,""obs_mistake_mask=E"":2}"
    351232,         2,         0,   120.1,exact_mw,8c54babb212143042928b0eca3852c18ac799bf66eb488a668303745c8494fc5,"{""distance"":7,""physical_error_rate"":0.0005}","{""detection_events"":533650,""detectors_checked"":284497920,""obs_mistake_mask=E"":2}"
   6232064,         1,         0,   119.4,exact_mw,92a9cd959715f3d5685c6265974e573ec36ff2f173f7490ff1393041d63371cf,"{""distance"":7,""physical_error_rate"":0.0001}","{""detection_events"":1896923,""detectors_checked"":5047971840,""obs_mistake_mask=E"":1}"
   2016256,         2,         0,    88.0,exact_mw,26ede523e6354ffb917e832246591ea54a1b9969785b9947b95e2ebb539e2476,"{""distance"":7,""physical_error_rate"":0.0002}","{""detection_events"":1230055,""detectors_checked"":1633167360,""obs_mistake_mask=E"":2}"
      7136,         0,         0,    88.5,exact_mw,d2cc2b129abad1f985b8639603638d6030a837aa2fe57172dffdf28919c1c286,"{""distance"":7,""physical_error_rate"":0.001}","{""detection_events"":21564,""detectors_checked"":5780160}"
     62976,         3,         0,   120.2,exact_mw,d2cc2b129abad1f985b8639603638d6030a837aa2fe57172dffdf28919c1c286,"{""distance"":7,""physical_error_rate"":0.001}","{""detection_events"":192357,""detectors_checked"":51010560,""obs_mistake_mask=E"":3}"
     38144,         0,         0,    88.1,exact_mw,8c54babb212143042928b0eca3852c18ac799bf66eb488a668303745c8494fc5,"{""distance"":7,""physical_error_rate"":0.0005}","{""detection_events"":58696,""detectors_checked"":30896640}"
      5536,         0,         0,   120.3,exact_mw,a39d26a9c85ff1858873bfad720922f64799219ac1b945519c1902b92db90de0,"{""distance"":7,""physical_error_rate"":0.005}","{""detection_events"":82647,""detectors_checked"":4484160}"
   1206272,         0,         0,   119.2,exact_mw,a212c24da5b34f1b60580734e5e54c4073e302b219bc7e486ff8edc698604c9e,"{""distance"":7,""physical_error_rate"":5e-05}","{""detection_events"":185222,""detectors_checked"":977080320}"
   2591744,         4,         0,   119.9,exact_mw,26ede523e6354ffb917e832246591ea54a1b9969785b9947b95e2ebb539e2476,"{""distance"":7,""physical_error_rate"":0.0002}","{""detection_events"":1578238,""detectors_checked"":2099312640,""obs_mistake_mask=E"":4}"
   1189888,         0,         0,   119.1,exact_mw,a212c24da5b34f1b60580734e5e54c4073e302b219bc7e486ff8edc698604c9e,"{""distance"":7,""physical_error_rate"":5e-05}","{""detection_events"":182105,""detectors_checked"":963809280}"
      3456,        14,         0,   120.4,exact_mw,1713bc804565c0b42ca58c93310b033f01c41dd72e5e9cac9fe58a9188a19ab7,"{""distance"":7,""physical_error_rate"":0.01}","{""detection_events"":100946,""detectors_checked"":2799360,""obs_mistake_mask=E"":14}"
     16000,         1,         0,   120.3,exact_mw,98ed6542f5a75ebddbda0ed622fb597fbc85d0a75d139587b6be9a08147ba42d,"{""distance"":7,""physical_error_rate"":0.002}","{""detection_events"":96823,""detectors_checked"":12960000,""obs_mistake_mask=E"":1}"
   7784448,         0,         0,   119.2,exact_mw,a212c24da5b34f1b60580734e5e54c4073e302b219bc7e486ff8edc698604c9e,"{""distance"":7,""physical_error_rate"":5e-05}","{""detection_events"":1186419,""detectors_checked"":6305402880}"
   2820096,         4,         0,   119.6,exact_mw,26ede523e6354ffb917e832246591ea54a1b9969785b9947b95e2ebb539e2476,"{""distance"":7,""physical_error_rate"":0.0002}","{""detection_events"":1720527,""detectors_checked"":2284277760,""obs_mistake_mask=E"":4}"
     47104,         1,         0,    88.4,exact_mw,d2cc2b129abad1f985b8639603638d6030a837aa2fe57172dffdf28919c1c286,"{""distance"":7,""physical_error_rate"":0.001}","{""detection_events"":143427,""detectors_checked"":38154240,""obs_mistake_mask=E"":1}"
   2894848,         9,         0,   119.6,exact_mw,26ede523e6354ffb917e832246591ea54a1b9969785b9947b95e2ebb539e2476,"{""distance"":7,""physical_error_rate"":0.0002}","{""detection_events"":1768031,""detectors_checked"":2344826880,""obs_mistake_mask=E"":9}"
    319488,         0,         0,   121.1,exact_mw,8c54babb212143042928b0eca3852c18ac799bf66eb488a668303745c8494fc5,"{""distance"":7,""physical_error_rate"":0.0005}","{""detection_events"":484146,""detectors_checked"":258785280}"
      5296,         0,         0,   121.2,exact_mw,98ed6542f5a75ebddbda0ed622fb597fbc85d0a75d139587b6be9a08147ba42d,"{""distance"":7,""physical_error_rate"":0.002}","{""detection_events"":32102,""detectors_checked"":4289760}"
    344064,         1,         0,   120.2,exact_mw,8c54babb212143042928b0eca3852c18ac799bf66eb488a668303745c8494fc5,"{""distance"":7,""physical_error_rate"":0.0005}","{""detection_events"":522522,""detectors_checked"":278691840,""obs_mistake_mask=E"":1}"
      2336,        27,         0,   120.6,exact_mw,07230310c167a8a58090586f32b373a58fa307b800b0f38cc129dec8518e6258,"{""distance"":7,""physical_error_rate"":0.02}","{""detection_events"":129718,""detectors_checked"":1892160,""obs_mistake_mask=E"":27}"
      2496,        54,         0,   120.4,exact_mw,07230310c167a8a58090586f32b373a58fa307b800b0f38cc129dec8518e6258,"{""distance"":7,""physical_error_rate"":0.02}","{""detection_events"":139133,""detectors_checked"":2021760,""obs_mistake_mask=E"":54}"
    340992,         2,         0,   120.1,exact_mw,8c54babb212143042928b0eca3852c18ac799bf66eb488a668303745c8494fc5,"{""distance"":7,""physical_error_rate"":0.0005}","{""detection_events"":518582,""detectors_checked"":276203520,""obs_mistake_mask=E"":2}"
      1330,         2,         0,   121.4,exact_mw,a39d26a9c85ff1858873bfad720922f64799219ac1b945519c1902b92db90de0,"{""distance"":7,""physical_error_rate"":0.005}","{""detection_events"":19668,""detectors_checked"":1077300,""obs_mistake_mask=E"":2}"
      5408,         3,         0,   120.2,exact_mw,a39d26a9c85ff1858873bfad720922f64799219ac1b945519c1902b92db90de0,"{""distance"":7,""physical_error_rate"":0.005}","{""detection_events"":80665,""detectors_checked"":4380480,""obs_mistake_mask=E"":3}"
      2400,        35,         0,   120.5,exact_mw,07230310c167a8a58090586f32b373a58fa307b800b0f38cc129dec8518e6258,"{""distance"":7,""physical_error_rate"":0.02}","{""detection_events"":133317,""detectors_checked"":1944000,""obs_mistake_mask=E"":35}"
      3440,         9,         0,   120.2,exact_mw,1713bc804565c0b42ca58c93310b033f01c41dd72e5e9cac9fe58a9188a19ab7,"{""distance"":7,""physical_error_rate"":0.01}","{""detection_events"":100693,""detectors_checked"":2786400,""obs_mistake_mask=E"":9}"
     16064,         2,         0,   120.2,exact_mw,98ed6542f5a75ebddbda0ed622fb597fbc85d0a75d139587b6be9a08147ba42d,"{""distance"":7,""physical_error_rate"":0.002}","{""detection_events"":96997,""detectors_checked"":13011840,""obs_mistake_mask=E"":2}"
     15232,         2,         0,   120.1,exact_mw,98ed6542f5a75ebddbda0ed622fb597fbc85d0a75d139587b6be9a08147ba42d,"{""distance"":7,""physical_error_rate"":0.002}","{""detection_events"":91857,""detectors_checked"":12337920,""obs_mistake_mask=E"":2}"
      2476,         0,         0,   120.2,exact_mw,98ed6542f5a75ebddbda0ed622fb597fbc85d0a75d139587b6be9a08147ba42d,"{""distance"":7,""physical_error_rate"":0.002}","{""detection_events"":14751,""detectors_checked"":2005560}"
      2512,        33,         0,   120.3,exact_mw,07230310c167a8a58090586f32b373a58fa307b800b0f38cc129dec8518e6258,"{""distance"":7,""physical_error_rate"":0.02}","{""detection_events"":140320,""detectors_checked"":2034720,""obs_mistake_mask=E"":33}"
      3456,        17,         0,   120.1,exact_mw,1713bc804565c0b42ca58c93310b033f01c41dd72e5e9cac9fe58a9188a19ab7,"{""distance"":7,""physical_error_rate"":0.01}","{""detection_events"":100997,""detectors_checked"":2799360,""obs_mistake_mask=E"":17}"
      1860,         1,         0,   120.7,exact_mw,a39d26a9c85ff1858873bfad720922f64799219ac1b945519c1902b92db90de0,"{""distance"":7,""physical_error_rate"":0.005}","{""detection_events"":27322,""detectors_checked"":1506600,""obs_mistake_mask=E"":1}"
     61952,         2,         0,   120.6,exact_mw,d2cc2b129abad1f985b8639603638d6030a837aa2fe57172dffdf28919c1c286,"{""distance"":7,""physical_error_rate"":0.001}","{""detection_events"":188471,""detectors_checked"":50181120,""obs_mistake_mask=E"":2}"
     65024,         1,         0,   120.6,exact_mw,d2cc2b129abad1f985b8639603638d6030a837aa2fe57172dffdf28919c1c286,"{""distance"":7,""physical_error_rate"":0.001}","{""detection_events"":198614,""detectors_checked"":52669440,""obs_mistake_mask=E"":1}"
      2912,         2,         0,    63.2,exact_mw,a39d26a9c85ff1858873bfad720922f64799219ac1b945519c1902b92db90de0,"{""distance"":7,""physical_error_rate"":0.005}","{""detection_events"":43030,""detectors_checked"":2358720,""obs_mistake_mask=E"":2}"
    320512,         0,         0,    88.5,exact_mw,26ede523e6354ffb917e832246591ea54a1b9969785b9947b95e2ebb539e2476,"{""distance"":7,""physical_error_rate"":0.0002}","{""detection_events"":195937,""detectors_checked"":259614720}"
    700416,         1,         0,    87.4,exact_mw,92a9cd959715f3d5685c6265974e573ec36ff2f173f7490ff1393041d63371cf,"{""distance"":7,""physical_error_rate"":0.0001}","{""detection_events"":213980,""detectors_checked"":567336960,""obs_mistake_mask=E"":1}"
   5786624,         1,         0,    87.5,exact_mw,a212c24da5b34f1b60580734e5e54c4073e302b219bc7e486ff8edc698604c9e,"{""distance"":7,""physical_error_rate"":5e-05}","{""detection_events"":880664,""detectors_checked"":4687165440,""obs_mistake_mask=E"":1}"
    258048,         2,         0,    88.3,exact_mw,8c54babb212143042928b0eca3852c18ac799bf66eb488a668303745c8494fc5,"{""distance"":7,""physical_error_rate"":0.0005}","{""detection_events"":392555,""detectors_checked"":209018880,""obs_mistake_mask=E"":2}"
      1632,        25,         0,   119.8,exact_mw,07230310c167a8a58090586f32b373a58fa307b800b0f38cc129dec8518e6258,"{""distance"":7,""physical_error_rate"":0.02}","{""detection_events"":91104,""detectors_checked"":1321920,""obs_mistake_mask=E"":25}"
     62976,         1,         0,    45.7,exact_mw,8c54babb212143042928b0eca3852c18ac799bf66eb488a668303745c8494fc5,"{""distance"":7,""physical_error_rate"":0.0005}","{""detection_events"":95885,""detectors_checked"":51010560,""obs_mistake_mask=E"":1}"
      1422,         7,         0,    88.1,exact_mw,1713bc804565c0b42ca58c93310b033f01c41dd72e5e9cac9fe58a9188a19ab7,"{""distance"":7,""physical_error_rate"":0.01}","{""detection_events"":41241,""detectors_checked"":1151820,""obs_mistake_mask=E"":7}"
     28640,         0,         0,    88.3,exact_mw,d2cc2b129abad1f985b8639603638d6030a837aa2fe57172dffdf28919c1c286,"{""distance"":7,""physical_error_rate"":0.001}","{""detection_events"":86735,""detectors_checked"":23198400}"
      2464,        10,         0,    88.7,exact_mw,1713bc804565c0b42ca58c93310b033f01c41dd72e5e9cac9fe58a9188a19ab7,"{""distance"":7,""physical_error_rate"":0.01}","{""detection_events"":71880,""detectors_checked"":1995840,""obs_mistake_mask=E"":10}"
      1584,        29,         0,    88.3,exact_mw,07230310c167a8a58090586f32b373a58fa307b800b0f38cc129dec8518e6258,"{""distance"":7,""physical_error_rate"":0.02}","{""detection_events"":88212,""detectors_checked"":1283040,""obs_mistake_mask=E"":29}"
      1312,         4,         0,    45.4,exact_mw,1713bc804565c0b42ca58c93310b033f01c41dd72e5e9cac9fe58a9188a19ab7,"{""distance"":7,""physical_error_rate"":0.01}","{""detection_events"":38654,""detectors_checked"":1062720,""obs_mistake_mask=E"":4}"
      3776,         2,         0,    88.2,exact_mw,a39d26a9c85ff1858873bfad720922f64799219ac1b945519c1902b92db90de0,"{""distance"":7,""physical_error_rate"":0.005}","{""detection_events"":56143,""detectors_checked"":3058560,""obs_mistake_mask=E"":2}"
       448,         3,         0,    88.5,exact_mw,1713bc804565c0b42ca58c93310b033f01c41dd72e5e9cac9fe58a9188a19ab7,"{""distance"":7,""physical_error_rate"":0.01}","{""detection_events"":13012,""detectors_checked"":362880,""obs_mistake_mask=E"":3}"
     11328,         1,         0,    88.5,exact_mw,98ed6542f5a75ebddbda0ed622fb597fbc85d0a75d139587b6be9a08147ba42d,"{""distance"":7,""physical_error_rate"":0.002}","{""detection_events"":68450,""detectors_checked"":9175680,""obs_mistake_mask=E"":1}"
      1832,        29,         0,    88.3,exact_mw,07230310c167a8a58090586f32b373a58fa307b800b0f38cc129dec8518e6258,"{""distance"":7,""physical_error_rate"":0.02}","{""detection_events"":102078,""detectors_checked"":1483920,""obs_mistake_mask=E"":29}"
      3364,         1,         0,   120.6,exact_mw,a39d26a9c85ff1858873bfad720922f64799219ac1b945519c1902b92db90de0,"{""distance"":7,""physical_error_rate"":0.005}","{""detection_events"":50158,""detectors_checked"":2724840,""obs_mistake_mask=E"":1}"
   2169856,         5,         0,    87.9,exact_mw,26ede523e6354ffb917e832246591ea54a1b9969785b9947b95e2ebb539e2476,"{""distance"":7,""physical_error_rate"":0.0002}","{""detection_events"":1325008,""detectors_checked"":1757583360,""obs_mistake_mask=E"":5}"
   4179968,         1,         0,    87.6,exact_mw,92a9cd959715f3d5685c6265974e573ec36ff2f173f7490ff1393041d63371cf,"{""distance"":7,""physical_error_rate"":0.0001}","{""detection_events"":1275460,""detectors_checked"":3385774080,""obs_mistake_mask=E"":1}"
   5340160,         1,         0,    87.6,exact_mw,a212c24da5b34f1b60580734e5e54c4073e302b219bc7e486ff8edc698604c9e,"{""distance"":7,""physical_error_rate"":5e-05}","{""detection_events"":811540,""detectors_checked"":4325529600,""obs_mistake_mask=E"":1}"
   5832704,         0,         0,   119.2,exact_mw,92a9cd959715f3d5685c6265974e573ec36ff2f173f7490ff1393041d63371cf,"{""distance"":7,""physical_error_rate"":0.0001}","{""detection_events"":1776672,""detectors_checked"":4724490240}"
     10688,         0,         0,    88.2,exact_mw,98ed6542f5a75ebddbda0ed622fb597fbc85d0a75d139587b6be9a08147ba42d,"{""distance"":7,""physical_error_rate"":0.002}","{""detection_events"":63984,""detectors_checked"":8657280}"
      2544,         9,         0,    88.2,exact_mw,1713bc804565c0b42ca58c93310b033f01c41dd72e5e9cac9fe58a9188a19ab7,"{""distance"":7,""physical_error_rate"":0.01}","{""detection_events"":73990,""detectors_checked"":2060640,""obs_mistake_mask=E"":9}"
     46080,         2,         0,    88.4,exact_mw,d2cc2b129abad1f985b8639603638d6030a837aa2fe57172dffdf28919c1c286,"{""distance"":7,""physical_error_rate"":0.001}","{""detection_events"":140382,""detectors_checked"":37324800,""obs_mistake_mask=E"":2}"
    992256,         0,         0,   119.3,exact_mw,92a9cd959715f3d5685c6265974e573ec36ff2f173f7490ff1393041d63371cf,"{""distance"":7,""physical_error_rate"":0.0001}","{""detection_events"":301834,""detectors_checked"":803727360}"
     70400,         1,         0,    63.5,exact_mw,8c54babb212143042928b0eca3852c18ac799bf66eb488a668303745c8494fc5,"{""distance"":7,""physical_error_rate"":0.0005}","{""detection_events"":106938,""detectors_checked"":57024000,""obs_mistake_mask=E"":1}"
      1536,         4,         0,    63.1,exact_mw,1713bc804565c0b42ca58c93310b033f01c41dd72e5e9cac9fe58a9188a19ab7,"{""distance"":7,""physical_error_rate"":0.01}","{""detection_events"":44805,""detectors_checked"":1244160,""obs_mistake_mask=E"":4}"
   7580672,         1,         0,   119.0,exact_mw,a212c24da5b34f1b60580734e5e54c4073e302b219bc7e486ff8edc698604c9e,"{""distance"":7,""physical_error_rate"":5e-05}","{""detection_events"":1157873,""detectors_checked"":6140344320,""obs_mistake_mask=E"":1}"
   6408192,         3,         0,   119.2,exact_mw,92a9cd959715f3d5685c6265974e573ec36ff2f173f7490ff1393041d63371cf,"{""distance"":7,""physical_error_rate"":0.0001}","{""detection_events"":1954314,""detectors_checked"":5190635520,""obs_mistake_mask=E"":3}"
   7707648,         0,         0,   119.0,exact_mw,a212c24da5b34f1b60580734e5e54c4073e302b219bc7e486ff8edc698604c9e,"{""distance"":7,""physical_error_rate"":5e-05}","{""detection_events"":1173327,""detectors_checked"":6243194880}"
   2904064,         9,         0,   119.6,exact_mw,26ede523e6354ffb917e832246591ea54a1b9969785b9947b95e2ebb539e2476,"{""distance"":7,""physical_error_rate"":0.0002}","{""detection_events"":1771739,""detectors_checked"":2352291840,""obs_mistake_mask=E"":9}"
   5708800,         1,         0,   119.2,exact_mw,92a9cd959715f3d5685c6265974e573ec36ff2f173f7490ff1393041d63371cf,"{""distance"":7,""physical_error_rate"":0.0001}","{""detection_events"":1739792,""detectors_checked"":4624128000,""obs_mistake_mask=E"":1}"
    346112,         1,         0,   120.3,exact_mw,8c54babb212143042928b0eca3852c18ac799bf66eb488a668303745c8494fc5,"{""distance"":7,""physical_error_rate"":0.0005}","{""detection_events"":526727,""detectors_checked"":280350720,""obs_mistake_mask=E"":1}"
      3680,         3,         0,    88.4,exact_mw,a39d26a9c85ff1858873bfad720922f64799219ac1b945519c1902b92db90de0,"{""distance"":7,""physical_error_rate"":0.005}","{""detection_events"":54863,""detectors_checked"":2980800,""obs_mistake_mask=E"":3}"
   6195200,         2,         0,   119.2,exact_mw,92a9cd959715f3d5685c6265974e573ec36ff2f173f7490ff1393041d63371cf,"{""distance"":7,""physical_error_rate"":0.0001}","{""detection_events"":1888091,""detectors_checked"":5018112000,""obs_mistake_mask=E"":2}"
   2814976,         4,         0,   119.6,exact_mw,26ede523e6354ffb917e832246591ea54a1b9969785b9947b95e2ebb539e2476,"{""distance"":7,""physical_error_rate"":0.0002}","{""detection_events"":1715417,""detectors_checked"":2280130560,""obs_mistake_mask=E"":4}"
     26848,         0,         0,   119.9,exact_mw,d2cc2b129abad1f985b8639603638d6030a837aa2fe57172dffdf28919c1c286,"{""distance"":7,""physical_error_rate"":0.001}","{""detection_events"":81944,""detectors_checked"":21746880}"
     62720,         4,         0,   120.2,exact_mw,d2cc2b129abad1f985b8639603638d6030a837aa2fe57172dffdf28919c1c286,"{""distance"":7,""physical_error_rate"":0.001}","{""detection_events"":191624,""detectors_checked"":50803200,""obs_mistake_mask=E"":4}"
    163968,         1,         0,   119.9,exact_mw,8c54babb212143042928b0eca3852c18ac799bf66eb488a668303745c8494fc5,"{""distance"":7,""physical_error_rate"":0.0005}","{""detection_events"":248867,""detectors_checked"":132814080,""obs_mistake_mask=E"":1}"
   1210368,         0,         0,   119.3,exact_mw,a212c24da5b34f1b60580734e5e54c4073e302b219bc7e486ff8edc698604c9e,"{""distance"":7,""physical_error_rate"":5e-05}","{""detection_events"":184464,""detectors_checked"":980398080}"
      5504,         5,         0,   120.1,exact_mw,a39d26a9c85ff1858873bfad720922f64799219ac1b945519c1902b92db90de0,"{""distance"":7,""physical_error_rate"":0.005}","{""detection_events"":82043,""detectors_checked"":4458240,""obs_mistake_mask=E"":5}"
    440320,         1,         0,   119.6,exact_mw,26ede523e6354ffb917e832246591ea54a1b9969785b9947b95e2ebb539e2476,"{""distance"":7,""physical_error_rate"":0.0002}","{""detection_events"":268231,""detectors_checked"":356659200,""obs_mistake_mask=E"":1}"
   1209344,         0,         0,   119.1,exact_mw,a212c24da5b34f1b60580734e5e54c4073e302b219bc7e486ff8edc698604c9e,"{""distance"":7,""physical_error_rate"":5e-05}","{""detection_events"":182892,""detectors_checked"":979568640}"
      3392,        12,         0,   120.5,exact_mw,1713bc804565c0b42ca58c93310b033f01c41dd72e5e9cac9fe58a9188a19ab7,"{""distance"":7,""physical_error_rate"":0.01}","{""detection_events"":99136,""detectors_checked"":2747520,""obs_mistake_mask=E"":12}"
     16448,         0,         0,   120.0,exact_mw,98ed6542f5a75ebddbda0ed622fb597fbc85d0a75d139587b6be9a08147ba42d,"{""distance"":7,""physical_error_rate"":0.002}","{""detection_events"":98641,""detectors_checked"":13322880}"
   6022144,         0,         0,   119.2,exact_mw,a212c24da5b34f1b60580734e5e54c4073e302b219bc7e486ff8edc698604c9e,"{""distance"":7,""physical_error_rate"":5e-05}","{""detection_events"":919761,""detectors_checked"":4877936640}"
   2691072,         1,         0,   119.6,exact_mw,26ede523e6354ffb917e832246591ea54a1b9969785b9947b95e2ebb539e2476,"{""distance"":7,""physical_error_rate"":0.0002}","{""detection_events"":1639045,""detectors_checked"":2179768320,""obs_mistake_mask=E"":1}"
     63488,         2,         0,   120.2,exact_mw,d2cc2b129abad1f985b8639603638d6030a837aa2fe57172dffdf28919c1c286,"{""distance"":7,""physical_error_rate"":0.001}","{""detection_events"":192591,""detectors_checked"":51425280,""obs_mistake_mask=E"":2}"
   2891776,         4,         0,   119.6,exact_mw,26ede523e6354ffb917e832246591ea54a1b9969785b9947b95e2ebb539e2476,"{""distance"":7,""physical_error_rate"":0.0002}","{""detection_events"":1763123,""detectors_checked"":2342338560,""obs_mistake_mask=E"":4}"
    191232,         0,         0,   120.1,exact_mw,8c54babb212143042928b0eca3852c18ac799bf66eb488a668303745c8494fc5,"{""distance"":7,""physical_error_rate"":0.0005}","{""detection_events"":291458,""detectors_checked"":154897920}"
      6544,         1,         0,   120.5,exact_mw,98ed6542f5a75ebddbda0ed622fb597fbc85d0a75d139587b6be9a08147ba42d,"{""distance"":7,""physical_error_rate"":0.002}","{""detection_events"":39349,""detectors_checked"":5300640,""obs_mistake_mask=E"":1}"
    347136,         4,         0,   120.4,exact_mw,8c54babb212143042928b0eca3852c18ac799bf66eb488a668303745c8494fc5,"{""distance"":7,""physical_error_rate"":0.0005}","{""detection_events"":528093,""detectors_checked"":281180160,""obs_mistake_mask=E"":4}"
      2464,        32,         0,   120.1,exact_mw,07230310c167a8a58090586f32b373a58fa307b800b0f38cc129dec8518e6258,"{""distance"":7,""physical_error_rate"":0.02}","{""detection_events"":136672,""detectors_checked"":1995840,""obs_mistake_mask=E"":32}"
      2480,        39,         0,   120.7,exact_mw,07230310c167a8a58090586f32b373a58fa307b800b0f38cc129dec8518e6258,"{""distance"":7,""physical_error_rate"":0.02}","{""detection_events"":137048,""detectors_checked"":2008800,""obs_mistake_mask=E"":39}"
    285696,         2,         0,   120.1,exact_mw,8c54babb212143042928b0eca3852c18ac799bf66eb488a668303745c8494fc5,"{""distance"":7,""physical_error_rate"":0.0005}","{""detection_events"":434308,""detectors_checked"":231413760,""obs_mistake_mask=E"":2}"
       822,         0,         0,   119.8,exact_mw,a39d26a9c85ff1858873bfad720922f64799219ac1b945519c1902b92db90de0,"{""distance"":7,""physical_error_rate"":0.005}","{""detection_events"":12124,""detectors_checked"":665820}"
      1540,        24,         0,   120.2,exact_mw,07230310c167a8a58090586f32b373a58fa307b800b0f38cc129dec8518e6258,"{""distance"":7,""physical_error_rate"":0.02}","{""detection_events"":86073,""detectors_checked"":1247400,""obs_mistake_mask=E"":24}"
      5408,         3,         0,   120.4,exact_mw,a39d26a9c85ff1858873bfad720922f64799219ac1b945519c1902b92db90de0,"{""distance"":7,""physical_error_rate"":0.005}","{""detection_events"":80427,""detectors_checked"":4380480,""obs_mistake_mask=E"":3}"
      3472,         6,         0,   120.2,exact_mw,1713bc804565c0b42ca58c93310b033f01c41dd72e5e9cac9fe58a9188a19ab7,"{""distance"":7,""physical_error_rate"":0.01}","{""detection_events"":100801,""detectors_checked"":2812320,""obs_mistake_mask=E"":6}"
     15360,         0,         0,   120.0,exact_mw,98ed6542f5a75ebddbda0ed622fb597fbc85d0a75d139587b6be9a08147ba42d,"{""distance"":7,""physical_error_rate"":0.002}","{""detection_events"":92734,""detectors_checked"":12441600}"
     14592,         2,         0,   120.1,exact_mw,98ed6542f5a75ebddbda0ed622fb597fbc85d0a75d139587b6be9a08147ba42d,"{""distance"":7,""physical_error_rate"":0.002}","{""detection_events"":88136,""detectors_checked"":11819520,""obs_mistake_mask=E"":2}"
      2560,         0,         0,   120.2,exact_mw,98ed6542f5a75ebddbda0ed622fb597fbc85d0a75d139587b6be9a08147ba42d,"{""distance"":7,""physical_error_rate"":0.002}","{""detection_events"":15671,""detectors_checked"":2073600}"
      3360,        17,         0,   120.0,exact_mw,1713bc804565c0b42ca58c93310b033f01c41dd72e5e9cac9fe58a9188a19ab7,"{""distance"":7,""physical_error_rate"":0.01}","{""detection_events"":97775,""detectors_checked"":2721600,""obs_mistake_mask=E"":17}"
     52992,         0,         0,   120.0,exact_mw,d2cc2b129abad1f985b8639603638d6030a837aa2fe57172dffdf28919c1c286,"{""distance"":7,""physical_error_rate"":0.001}","{""detection_events"":160041,""detectors_checked"":42923520}"
      1436,        23,         0,   121.1,exact_mw,07230310c167a8a58090586f32b373a58fa307b800b0f38cc129dec8518e6258,"{""distance"":7,""physical_error_rate"":0.02}","{""detection_events"":80042,""detectors_checked"":1163160,""obs_mistake_mask=E"":23}"
      5280,         9,         0,   120.5,exact_mw,a39d26a9c85ff1858873bfad720922f64799219ac1b945519c1902b92db90de0,"{""distance"":7,""physical_error_rate"":0.005}","{""detection_events"":78659,""detectors_checked"":4276800,""obs_mistake_mask=E"":9}"
     58624,         2,         0,   120.1,exact_mw,d2cc2b129abad1f985b8639603638d6030a837aa2fe57172dffdf28919c1c286,"{""distance"":7,""physical_error_rate"":0.001}","{""detection_events"":178324,""detectors_checked"":47485440,""obs_mistake_mask=E"":2}"
   1975296,         1,         0,   119.7,exact_mw,26ede523e6354ffb917e832246591ea54a1b9969785b9947b95e2ebb539e2476,"{""distance"":7,""physical_error_rate"":0.0002}","{""detection_events"":1206119,""detectors_checked"":1599989760,""obs_mistake_mask=E"":1}"
   1015808,         0,         0,   119.5,exact_mw,92a9cd959715f3d5685c6265974e573ec36ff2f173f7490ff1393041d63371cf,"{""distance"":7,""physical_error_rate"":0.0001}","{""detection_events"":311483,""detectors_checked"":822804480}"
   6970368,         0,         0,   119.0,exact_mw,a212c24da5b34f1b60580734e5e54c4073e302b219bc7e486ff8edc698604c9e,"{""distance"":7,""physical_error_rate"":5e-05}","{""detection_events"":1061372,""detectors_checked"":5645998080}"
    258304,         0,         0,   120.0,exact_mw,8c54babb212143042928b0eca3852c18ac799bf66eb488a668303745c8494fc5,"{""distance"":7,""physical_error_rate"":0.0005}","{""detection_events"":392825,""detectors_checked"":209226240}"
      2576,        43,         0,   120.4,exact_mw,07230310c167a8a58090586f32b373a58fa307b800b0f38cc129dec8518e6258,"{""distance"":7,""physical_error_rate"":0.02}","{""detection_events"":143403,""detectors_checked"":2086560,""obs_mistake_mask=E"":43}"
       496,         6,         0,    23.6,exact_mw,07230310c167a8a58090586f32b373a58fa307b800b0f38cc129dec8518e6258,"{""distance"":7,""physical_error_rate"":0.02}","{""detection_events"":27268,""detectors_checked"":401760,""obs_mistake_mask=E"":6}"
        48,         0,         0,    15.1,exact_mw,07230310c167a8a58090586f32b373a58fa307b800b0f38cc129dec8518e6258,"{""distance"":7,""physical_error_rate"":0.02}","{""detection_events"":2682,""detectors_checked"":38880}"
       448,         6,         0,    22.3,exact_mw,07230310c167a8a58090586f32b373a58fa307b800b0f38cc129dec8518e6258,"{""distance"":7,""physical_error_rate"":0.02}","{""detection_events"":24804,""detectors_checked"":362880,""obs_mistake_mask=E"":6}"
        56,         1,         0,    17.9,exact_mw,07230310c167a8a58090586f32b373a58fa307b800b0f38cc129dec8518e6258,"{""distance"":7,""physical_error_rate"":0.02}","{""detection_events"":3205,""detectors_checked"":45360,""obs_mistake_mask=E"":1}"
      2368,        35,         0,   116.1,exact_mw,07230310c167a8a58090586f32b373a58fa307b800b0f38cc129dec8518e6258,"{""distance"":7,""physical_error_rate"":0.02}","{""detection_events"":131949,""detectors_checked"":1918080,""obs_mistake_mask=E"":35}"
      3424,        10,         0,   120.0,exact_mw,1713bc804565c0b42ca58c93310b033f01c41dd72e5e9cac9fe58a9188a19ab7,"{""distance"":7,""physical_error_rate"":0.01}","{""detection_events"":99674,""detectors_checked"":2773440,""obs_mistake_mask=E"":10}"
      1290,        21,         0,   113.8,exact_mw,07230310c167a8a58090586f32b373a58fa307b800b0f38cc129dec8518e6258,"{""distance"":7,""physical_error_rate"":0.02}","{""detection_events"":71937,""detectors_checked"":1044900,""obs_mistake_mask=E"":21}"
     65024,         3,         0,   120.6,exact_mw,d2cc2b129abad1f985b8639603638d6030a837aa2fe57172dffdf28919c1c286,"{""distance"":7,""physical_error_rate"":0.001}","{""detection_events"":196663,""detectors_checked"":52669440,""obs_mistake_mask=E"":3}"
      3312,        10,         0,   120.4,exact_mw,1713bc804565c0b42ca58c93310b033f01c41dd72e5e9cac9fe58a9188a19ab7,"{""distance"":7,""physical_error_rate"":0.01}","{""detection_events"":96262,""detectors_checked"":2682720,""obs_mistake_mask=E"":10}"
      5504,         2,         0,   120.5,exact_mw,a39d26a9c85ff1858873bfad720922f64799219ac1b945519c1902b92db90de0,"{""distance"":7,""physical_error_rate"":0.005}","{""detection_events"":82486,""detectors_checked"":4458240,""obs_mistake_mask=E"":2}"
       524,         1,         0,   120.7,exact_mw,1713bc804565c0b42ca58c93310b033f01c41dd72e5e9cac9fe58a9188a19ab7,"{""distance"":7,""physical_error_rate"":0.01}","{""detection_events"":15257,""detectors_checked"":424440,""obs_mistake_mask=E"":1}"
     16256,         0,         0,   120.7,exact_mw,98ed6542f5a75ebddbda0ed622fb597fbc85d0a75d139587b6be9a08147ba42d,"{""distance"":7,""physical_error_rate"":0.002}","{""detection_events"":98220,""detectors_checked"":13167360}"
      1172,         0,         0,   120.1,exact_mw,a39d26a9c85ff1858873bfad720922f64799219ac1b945519c1902b92db90de0,"{""distance"":7,""physical_error_rate"":0.005}","{""detection_events"":17332,""detectors_checked"":949320}"
   2628608,         7,         0,   119.4,exact_mw,26ede523e6354ffb917e832246591ea54a1b9969785b9947b95e2ebb539e2476,"{""distance"":7,""physical_error_rate"":0.0002}","{""detection_events"":1600988,""detectors_checked"":2129172480,""obs_mistake_mask=E"":7}"
   6334464,         2,         0,   119.1,exact_mw,92a9cd959715f3d5685c6265974e573ec36ff2f173f7490ff1393041d63371cf,"{""distance"":7,""physical_error_rate"":0.0001}","{""detection_events"":1932586,""detectors_checked"":5130915840,""obs_mistake_mask=E"":2}"
   7371776,         2,         0,   119.1,exact_mw,a212c24da5b34f1b60580734e5e54c4073e302b219bc7e486ff8edc698604c9e,"{""distance"":7,""physical_error_rate"":5e-05}","{""detection_events"":1123640,""detectors_checked"":5971138560,""obs_mistake_mask=E"":2}"
   6008832,         1,         0,   119.2,exact_mw,92a9cd959715f3d5685c6265974e573ec36ff2f173f7490ff1393041d63371cf,"{""distance"":7,""physical_error_rate"":0.0001}","{""detection_events"":1829524,""detectors_checked"":4867153920,""obs_mistake_mask=E"":1}"
    187136,         0,         0,    88.3,exact_mw,8c54babb212143042928b0eca3852c18ac799bf66eb488a668303745c8494fc5,"{""distance"":7,""physical_error_rate"":0.0005}","{""detection_events"":284603,""detectors_checked"":151580160}"
         1,         0,         0,   0.001,exact_mw,92a9cd959715f3d5685c6265974e573ec36ff2f173f7490ff1393041d63371cf,"{""distance"":7,""physical_error_rate"":0.0001}","{""detectors_checked"":810}"
      2320,         0,         0,   0.036,exact_mw,92a9cd959715f3d5685c6265974e573ec36ff2f173f7490ff1393041d63371cf,"{""distance"":7,""physical_error_rate"":0.0001}","{""detection_events"":730,""detectors_checked"":1879200}"
      1024,         0,         0,   0.021,exact_mw,92a9cd959715f3d5685c6265974e573ec36ff2f173f7490ff1393041d63371cf,"{""distance"":7,""physical_error_rate"":0.0001}","{""detection_events"":329,""detectors_checked"":829440}"
      2048,         0,         0,   0.032,exact_mw,92a9cd959715f3d5685c6265974e573ec36ff2f173f7490ff1393041d63371cf,"{""distance"":7,""physical_error_rate"":0.0001}","{""detection_events"":562,""detectors_checked"":1658880}"
      3072,         0,         0,   0.061,exact_mw,92a9cd959715f3d5685c6265974e573ec36ff2f173f7490ff1393041d63371cf,"{""distance"":7,""physical_error_rate"":0.0001}","{""detection_events"":858,""detectors_checked"":2488320}"
         1,         0,         0,   0.001,exact_mw,a212c24da5b34f1b60580734e5e54c4073e302b219bc7e486ff8edc698604c9e,"{""distance"":7,""physical_error_rate"":5e-05}","{""detectors_checked"":810}"
      2048,         0,         0,   0.053,exact_mw,92a9cd959715f3d5685c6265974e573ec36ff2f173f7490ff1393041d63371cf,"{""distance"":7,""physical_error_rate"":0.0001}","{""detection_events"":698,""detectors_checked"":1658880}"
      2320,         0,         0,   0.041,exact_mw,a212c24da5b34f1b60580734e5e54c4073e302b219bc7e486ff8edc698604c9e,"{""distance"":7,""physical_error_rate"":5e-05}","{""detection_events"":314,""detectors_checked"":1879200}"
      1024,         0,         0,   0.021,exact_mw,a212c24da5b34f1b60580734e5e54c4073e302b219bc7e486ff8edc698604c9e,"{""distance"":7,""physical_error_rate"":5e-05}","{""detection_events"":154,""detectors_checked"":829440}"
      2048,         0,         0,   0.029,exact_mw,a212c24da5b34f1b60580734e5e54c4073e302b219bc7e486ff8edc698604c9e,"{""distance"":7,""physical_error_rate"":5e-05}","{""detection_events"":312,""detectors_checked"":1658880}"
      5120,         0,         0,   0.075,exact_mw,92a9cd959715f3d5685c6265974e573ec36ff2f173f7490ff1393041d63371cf,"{""distance"":7,""physical_error_rate"":0.0001}","{""detection_events"":1610,""detectors_checked"":4147200}"
      4096,         0,         0,   0.056,exact_mw,a212c24da5b34f1b60580734e5e54c4073e302b219bc7e486ff8edc698604c9e,"{""distance"":7,""physical_error_rate"":5e-05}","{""detection_events"":632,""detectors_checked"":3317760}"
      4096,         0,         0,   0.057,exact_mw,a212c24da5b34f1b60580734e5e54c4073e302b219bc7e486ff8edc698604c9e,"{""distance"":7,""physical_error_rate"":5e-05}","{""detection_events"":573,""detectors_checked"":3317760}"
      6144,         0,         0,   0.110,exact_mw,92a9cd959715f3d5685c6265974e573ec36ff2f173f7490ff1393041d63371cf,"{""distance"":7,""physical_error_rate"":0.0001}","{""detection_events"":1875,""detectors_checked"":4976640}"
      5120,         0,         0,   0.083,exact_mw,a212c24da5b34f1b60580734e5e54c4073e302b219bc7e486ff8edc698604c9e,"{""distance"":7,""physical_error_rate"":5e-05}","{""detection_events"":758,""detectors_checked"":4147200}"
      6144,         0,         0,   0.155,exact_mw,92a9cd959715f3d5685c6265974e573ec36ff2f173f7490ff1393041d63371cf,"{""distance"":7,""physical_error_rate"":0.0001}","{""detection_events"":1889,""detectors_checked"":4976640}"
      7168,         0,         0,   0.109,exact_mw,a212c24da5b34f1b60580734e5e54c4073e302b219bc7e486ff8edc698604c9e,"{""distance"":7,""physical_error_rate"":5e-05}","{""detection_events"":1103,""detectors_checked"":5806080}"
      9216,         0,         0,   0.170,exact_mw,a212c24da5b34f1b60580734e5e54c4073e302b219bc7e486ff8edc698604c9e,"{""distance"":7,""physical_error_rate"":5e-05}","{""detection_events"":1396,""detectors_checked"":7464960}"
     12288,         0,         0,   0.199,exact_mw,92a9cd959715f3d5685c6265974e573ec36ff2f173f7490ff1393041d63371cf,"{""distance"":7,""physical_error_rate"":0.0001}","{""detection_events"":3954,""detectors_checked"":9953280}"
     12288,         0,         0,   0.214,exact_mw,a212c24da5b34f1b60580734e5e54c4073e302b219bc7e486ff8edc698604c9e,"{""distance"":7,""physical_error_rate"":5e-05}","{""detection_events"":1895,""detectors_checked"":9953280}"
     15360,         0,         0,   0.310,exact_mw,92a9cd959715f3d5685c6265974e573ec36ff2f173f7490ff1393041d63371cf,"{""distance"":7,""physical_error_rate"":0.0001}","{""detection_events"":4858,""detectors_checked"":12441600}"
     16384,         0,         0,   0.292,exact_mw,a212c24da5b34f1b60580734e5e54c4073e302b219bc7e486ff8edc698604c9e,"{""distance"":7,""physical_error_rate"":5e-05}","{""detection_events"":2456,""detectors_checked"":13271040}"
     20480,         0,         0,   0.400,exact_mw,92a9cd959715f3d5685c6265974e573ec36ff2f173f7490ff1393041d63371cf,"{""distance"":7,""physical_error_rate"":0.0001}","{""detection_events"":6334,""detectors_checked"":16588800}"
     23552,         0,         0,   0.406,exact_mw,a212c24da5b34f1b60580734e5e54c4073e302b219bc7e486ff8edc698604c9e,"{""distance"":7,""physical_error_rate"":5e-05}","{""detection_events"":3663,""detectors_checked"":19077120}"
     15680,         2,         0,   120.2,exact_mw,98ed6542f5a75ebddbda0ed622fb597fbc85d0a75d139587b6be9a08147ba42d,"{""distance"":7,""physical_error_rate"":0.002}","{""detection_events"":95195,""detectors_checked"":12700800,""obs_mistake_mask=E"":2}"
     33792,         0,         0,   0.571,exact_mw,92a9cd959715f3d5685c6265974e573ec36ff2f173f7490ff1393041d63371cf,"{""distance"":7,""physical_error_rate"":0.0001}","{""detection_events"":10032,""detectors_checked"":27371520}"
     33792,         0,         0,   0.571,exact_mw,a212c24da5b34f1b60580734e5e54c4073e302b219bc7e486ff8edc698604c9e,"{""distance"":7,""physical_error_rate"":5e-05}","{""detection_events"":5163,""detectors_checked"":27371520}"
     45056,         0,         0,   0.797,exact_mw,92a9cd959715f3d5685c6265974e573ec36ff2f173f7490ff1393041d63371cf,"{""distance"":7,""physical_error_rate"":0.0001}","{""detection_events"":13753,""detectors_checked"":36495360}"
     46080,         0,         0,   0.775,exact_mw,a212c24da5b34f1b60580734e5e54c4073e302b219bc7e486ff8edc698604c9e,"{""distance"":7,""physical_error_rate"":5e-05}","{""detection_events"":7032,""detectors_checked"":37324800}"
      2848,        11,         0,   120.3,exact_mw,1713bc804565c0b42ca58c93310b033f01c41dd72e5e9cac9fe58a9188a19ab7,"{""distance"":7,""physical_error_rate"":0.01}","{""detection_events"":82754,""detectors_checked"":2306880,""obs_mistake_mask=E"":11}"
      1790,         7,         0,    88.9,exact_mw,1713bc804565c0b42ca58c93310b033f01c41dd72e5e9cac9fe58a9188a19ab7,"{""distance"":7,""physical_error_rate"":0.01}","{""detection_events"":52080,""detectors_checked"":1449900,""obs_mistake_mask=E"":7}"
     59392,         0,         0,    1.11,exact_mw,92a9cd959715f3d5685c6265974e573ec36ff2f173f7490ff1393041d63371cf,"{""distance"":7,""physical_error_rate"":0.0001}","{""detection_events"":18134,""detectors_checked"":48107520}"
     62464,         2,         0,   120.5,exact_mw,d2cc2b129abad1f985b8639603638d6030a837aa2fe57172dffdf28919c1c286,"{""distance"":7,""physical_error_rate"":0.001}","{""detection_events"":188518,""detectors_checked"":50595840,""obs_mistake_mask=E"":2}"
     62464,         0,         0,    1.13,exact_mw,a212c24da5b34f1b60580734e5e54c4073e302b219bc7e486ff8edc698604c9e,"{""distance"":7,""physical_error_rate"":5e-05}","{""detection_events"":9569,""detectors_checked"":50595840}"
        17,         0,         0,   0.106,exact_mw,d2cc2b129abad1f985b8639603638d6030a837aa2fe57172dffdf28919c1c286,"{""distance"":7,""physical_error_rate"":0.001}","{""detection_events"":54,""detectors_checked"":13770}"
        64,         0,         0,   0.192,exact_mw,d2cc2b129abad1f985b8639603638d6030a837aa2fe57172dffdf28919c1c286,"{""distance"":7,""physical_error_rate"":0.001}","{""detection_events"":185,""detectors_checked"":51840}"
       128,         0,         0,   0.214,exact_mw,d2cc2b129abad1f985b8639603638d6030a837aa2fe57172dffdf28919c1c286,"{""distance"":7,""physical_error_rate"":0.001}","{""detection_events"":381,""detectors_checked"":103680}"
       256,         0,         0,   0.464,exact_mw,d2cc2b129abad1f985b8639603638d6030a837aa2fe57172dffdf28919c1c286,"{""distance"":7,""physical_error_rate"":0.001}","{""detection_events"":772,""detectors_checked"":207360}"
        17,         0,         0,   0.397,exact_mw,a39d26a9c85ff1858873bfad720922f64799219ac1b945519c1902b92db90de0,"{""distance"":7,""physical_error_rate"":0.005}","{""detection_events"":249,""detectors_checked"":13770}"
       273,         0,         0,   0.060,exact_mw,8c54babb212143042928b0eca3852c18ac799bf66eb488a668303745c8494fc5,"{""distance"":7,""physical_error_rate"":0.0005}","{""detection_events"":400,""detectors_checked"":221130}"
     75776,         0,         0,    1.55,exact_mw,92a9cd959715f3d5685c6265974e573ec36ff2f173f7490ff1393041d63371cf,"{""distance"":7,""physical_error_rate"":0.0001}","{""detection_events"":23497,""detectors_checked"":61378560}"
        16,         0,         0,   0.369,exact_mw,a39d26a9c85ff1858873bfad720922f64799219ac1b945519c1902b92db90de0,"{""distance"":7,""physical_error_rate"":0.005}","{""detection_events"":240,""detectors_checked"":12960}"
     93184,         0,         0,    1.53,exact_mw,a212c24da5b34f1b60580734e5e54c4073e302b219bc7e486ff8edc698604c9e,"{""distance"":7,""physical_error_rate"":5e-05}","{""detection_events"":14236,""detectors_checked"":75479040}"
       256,         0,         0,   0.565,exact_mw,d2cc2b129abad1f985b8639603638d6030a837aa2fe57172dffdf28919c1c286,"{""distance"":7,""physical_error_rate"":0.001}","{""detection_events"":827,""detectors_checked"":207360}"
      1024,         0,         0,   0.484,exact_mw,8c54babb212143042928b0eca3852c18ac799bf66eb488a668303745c8494fc5,"{""distance"":7,""physical_error_rate"":0.0005}","{""detection_events"":1544,""detectors_checked"":829440}"
        16,         0,         0,   0.369,exact_mw,a39d26a9c85ff1858873bfad720922f64799219ac1b945519c1902b92db90de0,"{""distance"":7,""physical_error_rate"":0.005}","{""detection_events"":251,""detectors_checked"":12960}"
       256,         0,         0,   0.559,exact_mw,d2cc2b129abad1f985b8639603638d6030a837aa2fe57172dffdf28919c1c286,"{""distance"":7,""physical_error_rate"":0.001}","{""detection_events"":809,""detectors_checked"":207360}"
      1024,         0,         0,   0.375,exact_mw,8c54babb212143042928b0eca3852c18ac799bf66eb488a668303745c8494fc5,"{""distance"":7,""physical_error_rate"":0.0005}","{""detection_events"":1548,""detectors_checked"":829440}"
        16,         0,         0,   0.336,exact_mw,a39d26a9c85ff1858873bfad720922f64799219ac1b945519c1902b92db90de0,"{""distance"":7,""physical_error_rate"":0.005}","{""detection_events"":245,""detectors_checked"":12960}"
        16,         0,         0,   0.295,exact_mw,a39d26a9c85ff1858873bfad720922f64799219ac1b945519c1902b92db90de0,"{""distance"":7,""physical_error_rate"":0.005}","{""detection_events"":236,""detectors_checked"":12960}"
      1024,         0,         0,   0.415,exact_mw,8c54babb212143042928b0eca3852c18ac799bf66eb488a668303745c8494fc5,"{""distance"":7,""physical_error_rate"":0.0005}","{""detection_events"":1544,""detectors_checked"":829440}"
      1297,         0,         0,   0.039,exact_mw,26ede523e6354ffb917e832246591ea54a1b9969785b9947b95e2ebb539e2476,"{""distance"":7,""physical_error_rate"":0.0002}","{""detection_events"":795,""detectors_checked"":1050570}"
       256,         0,         0,   0.507,exact_mw,d2cc2b129abad1f985b8639603638d6030a837aa2fe57172dffdf28919c1c286,"{""distance"":7,""physical_error_rate"":0.001}","{""detection_events"":844,""detectors_checked"":207360}"
      1024,         0,         0,   0.109,exact_mw,26ede523e6354ffb917e832246591ea54a1b9969785b9947b95e2ebb539e2476,"{""distance"":7,""physical_error_rate"":0.0002}","{""detection_events"":636,""detectors_checked"":829440}"
      1024,         0,         0,   0.016,exact_mw,26ede523e6354ffb917e832246591ea54a1b9969785b9947b95e2ebb539e2476,"{""distance"":7,""physical_error_rate"":0.0002}","{""detection_events"":666,""detectors_checked"":829440}"
      1024,         0,         0,   0.084,exact_mw,26ede523e6354ffb917e832246591ea54a1b9969785b9947b95e2ebb539e2476,"{""distance"":7,""physical_error_rate"":0.0002}","{""detection_events"":645,""detectors_checked"":829440}"
      1024,         0,         0,   0.080,exact_mw,26ede523e6354ffb917e832246591ea54a1b9969785b9947b95e2ebb539e2476,"{""distance"":7,""physical_error_rate"":0.0002}","{""detection_events"":611,""detectors_checked"":829440}"
      1024,         0,         0,   0.400,exact_mw,8c54babb212143042928b0eca3852c18ac799bf66eb488a668303745c8494fc5,"{""distance"":7,""physical_error_rate"":0.0005}","{""detection_events"":1619,""detectors_checked"":829440}"
      2048,         0,         0,   0.099,exact_mw,26ede523e6354ffb917e832246591ea54a1b9969785b9947b95e2ebb539e2476,"{""distance"":7,""physical_error_rate"":0.0002}","{""detection_events"":1309,""detectors_checked"":1658880}"
      1024,         0,         0,   0.079,exact_mw,26ede523e6354ffb917e832246591ea54a1b9969785b9947b95e2ebb539e2476,"{""distance"":7,""physical_error_rate"":0.0002}","{""detection_events"":610,""detectors_checked"":829440}"
        32,         0,         0,   0.722,exact_mw,a39d26a9c85ff1858873bfad720922f64799219ac1b945519c1902b92db90de0,"{""distance"":7,""physical_error_rate"":0.005}","{""detection_events"":454,""detectors_checked"":25920}"
      1024,         0,         0,   0.259,exact_mw,8c54babb212143042928b0eca3852c18ac799bf66eb488a668303745c8494fc5,"{""distance"":7,""physical_error_rate"":0.0005}","{""detection_events"":1560,""detectors_checked"":829440}"
      2048,         0,         0,   0.163,exact_mw,26ede523e6354ffb917e832246591ea54a1b9969785b9947b95e2ebb539e2476,"{""distance"":7,""physical_error_rate"":0.0002}","{""detection_events"":1269,""detectors_checked"":1658880}"
       256,         0,         0,   0.699,exact_mw,d2cc2b129abad1f985b8639603638d6030a837aa2fe57172dffdf28919c1c286,"{""distance"":7,""physical_error_rate"":0.001}","{""detection_events"":834,""detectors_checked"":207360}"
      5120,         0,         0,   0.192,exact_mw,26ede523e6354ffb917e832246591ea54a1b9969785b9947b95e2ebb539e2476,"{""distance"":7,""physical_error_rate"":0.0002}","{""detection_events"":3206,""detectors_checked"":4147200}"
      1024,         0,         0,   0.253,exact_mw,8c54babb212143042928b0eca3852c18ac799bf66eb488a668303745c8494fc5,"{""distance"":7,""physical_error_rate"":0.0005}","{""detection_events"":1398,""detectors_checked"":829440}"
    115712,         0,         0,    2.17,exact_mw,92a9cd959715f3d5685c6265974e573ec36ff2f173f7490ff1393041d63371cf,"{""distance"":7,""physical_error_rate"":0.0001}","{""detection_events"":35609,""detectors_checked"":93726720}"
      5120,         0,         0,   0.244,exact_mw,26ede523e6354ffb917e832246591ea54a1b9969785b9947b95e2ebb539e2476,"{""distance"":7,""physical_error_rate"":0.0002}","{""detection_events"":3157,""detectors_checked"":4147200}"
    130048,         0,         0,    2.18,exact_mw,a212c24da5b34f1b60580734e5e54c4073e302b219bc7e486ff8edc698604c9e,"{""distance"":7,""physical_error_rate"":5e-05}","{""detection_events"":19877,""detectors_checked"":105338880}"
      1024,         0,         0,   0.311,exact_mw,8c54babb212143042928b0eca3852c18ac799bf66eb488a668303745c8494fc5,"{""distance"":7,""physical_error_rate"":0.0005}","{""detection_events"":1541,""detectors_checked"":829440}"
       256,         0,         0,   0.538,exact_mw,d2cc2b129abad1f985b8639603638d6030a837aa2fe57172dffdf28919c1c286,"{""distance"":7,""physical_error_rate"":0.001}","{""detection_events"":786,""detectors_checked"":207360}"
        32,         0,         0,   0.724,exact_mw,a39d26a9c85ff1858873bfad720922f64799219ac1b945519c1902b92db90de0,"{""distance"":7,""physical_error_rate"":0.005}","{""detection_events"":474,""detectors_checked"":25920}"
      8192,         0,         0,   0.285,exact_mw,26ede523e6354ffb917e832246591ea54a1b9969785b9947b95e2ebb539e2476,"{""distance"":7,""physical_error_rate"":0.0002}","{""detection_events"":4924,""detectors_checked"":6635520}"
      1024,         0,         0,   0.460,exact_mw,8c54babb212143042928b0eca3852c18ac799bf66eb488a668303745c8494fc5,"{""distance"":7,""physical_error_rate"":0.0005}","{""detection_events"":1559,""detectors_checked"":829440}"
      9216,         0,         0,   0.410,exact_mw,26ede523e6354ffb917e832246591ea54a1b9969785b9947b95e2ebb539e2476,"{""distance"":7,""physical_error_rate"":0.0002}","{""detection_events"":5487,""detectors_checked"":7464960}"
        32,         0,         0,   0.581,exact_mw,a39d26a9c85ff1858873bfad720922f64799219ac1b945519c1902b92db90de0,"{""distance"":7,""physical_error_rate"":0.005}","{""detection_events"":445,""detectors_checked"":25920}"
       256,         0,         0,   0.682,exact_mw,d2cc2b129abad1f985b8639603638d6030a837aa2fe57172dffdf28919c1c286,"{""distance"":7,""physical_error_rate"":0.001}","{""detection_events"":758,""detectors_checked"":207360}"
      1024,         0,         0,   0.430,exact_mw,8c54babb212143042928b0eca3852c18ac799bf66eb488a668303745c8494fc5,"{""distance"":7,""physical_error_rate"":0.0005}","{""detection_events"":1516,""detectors_checked"":829440}"
     13312,         0,         0,   0.638,exact_mw,26ede523e6354ffb917e832246591ea54a1b9969785b9947b95e2ebb539e2476,"{""distance"":7,""physical_error_rate"":0.0002}","{""detection_events"":8074,""detectors_checked"":10782720}"
      2048,         0,         0,   0.480,exact_mw,8c54babb212143042928b0eca3852c18ac799bf66eb488a668303745c8494fc5,"{""distance"":7,""physical_error_rate"":0.0005}","{""detection_events"":3025,""detectors_checked"":1658880}"
        32,         0,         0,   0.833,exact_mw,a39d26a9c85ff1858873bfad720922f64799219ac1b945519c1902b92db90de0,"{""distance"":7,""physical_error_rate"":0.005}","{""detection_events"":488,""detectors_checked"":25920}"
       256,         0,         0,   0.842,exact_mw,d2cc2b129abad1f985b8639603638d6030a837aa2fe57172dffdf28919c1c286,"{""distance"":7,""physical_error_rate"":0.001}","{""detection_events"":805,""detectors_checked"":207360}"
      1024,         0,         0,   0.432,exact_mw,8c54babb212143042928b0eca3852c18ac799bf66eb488a668303745c8494fc5,"{""distance"":7,""physical_error_rate"":0.0005}","{""detection_events"":1650,""detectors_checked"":829440}"
     18432,         0,         0,   0.810,exact_mw,26ede523e6354ffb917e832246591ea54a1b9969785b9947b95e2ebb539e2476,"{""distance"":7,""physical_error_rate"":0.0002}","{""detection_events"":11218,""detectors_checked"":14929920}"
       256,         0,         0,   0.566,exact_mw,d2cc2b129abad1f985b8639603638d6030a837aa2fe57172dffdf28919c1c286,"{""distance"":7,""physical_error_rate"":0.001}","{""detection_events"":739,""detectors_checked"":207360}"
        32,         0,         0,   0.656,exact_mw,a39d26a9c85ff1858873bfad720922f64799219ac1b945519c1902b92db90de0,"{""distance"":7,""physical_error_rate"":0.005}","{""detection_events"":482,""detectors_checked"":25920}"
      2048,         0,         0,   0.710,exact_mw,8c54babb212143042928b0eca3852c18ac799bf66eb488a668303745c8494fc5,"{""distance"":7,""physical_error_rate"":0.0005}","{""detection_events"":3067,""detectors_checked"":1658880}"
       256,         0,         0,   0.581,exact_mw,d2cc2b129abad1f985b8639603638d6030a837aa2fe57172dffdf28919c1c286,"{""distance"":7,""physical_error_rate"":0.001}","{""detection_events"":808,""detectors_checked"":207360}"
    154624,         0,         0,    3.03,exact_mw,92a9cd959715f3d5685c6265974e573ec36ff2f173f7490ff1393041d63371cf,"{""distance"":7,""physical_error_rate"":0.0001}","{""detection_events"":47292,""detectors_checked"":125245440}"
    193536,         0,         0,    3.02,exact_mw,a212c24da5b34f1b60580734e5e54c4073e302b219bc7e486ff8edc698604c9e,"{""distance"":7,""physical_error_rate"":5e-05}","{""detection_events"":29623,""detectors_checked"":156764160}"
        32,         0,         0,   0.951,exact_mw,a39d26a9c85ff1858873bfad720922f64799219ac1b945519c1902b92db90de0,"{""distance"":7,""physical_error_rate"":0.005}","{""detection_events"":495,""detectors_checked"":25920}"
     24576,         0,         0,    1.19,exact_mw,26ede523e6354ffb917e832246591ea54a1b9969785b9947b95e2ebb539e2476,"{""distance"":7,""physical_error_rate"":0.0002}","{""detection_events"":15305,""detectors_checked"":19906560}"
      2048,         0,         0,   0.896,exact_mw,8c54babb212143042928b0eca3852c18ac799bf66eb488a668303745c8494fc5,"{""distance"":7,""physical_error_rate"":0.0005}","{""detection_events"":3217,""detectors_checked"":1658880}"
        32,         0,         0,   0.694,exact_mw,a39d26a9c85ff1858873bfad720922f64799219ac1b945519c1902b92db90de0,"{""distance"":7,""physical_error_rate"":0.005}","{""detection_events"":480,""detectors_checked"":25920}"
       512,         0,         0,    1.26,exact_mw,d2cc2b129abad1f985b8639603638d6030a837aa2fe57172dffdf28919c1c286,"{""distance"":7,""physical_error_rate"":0.001}","{""detection_events"":1636,""detectors_checked"":414720}"
      3072,         0,         0,    1.39,exact_mw,8c54babb212143042928b0eca3852c18ac799bf66eb488a668303745c8494fc5,"{""distance"":7,""physical_error_rate"":0.0005}","{""detection_events"":4955,""detectors_checked"":2488320}"
     37888,         0,         0,    1.56,exact_mw,26ede523e6354ffb917e832246591ea54a1b9969785b9947b95e2ebb539e2476,"{""distance"":7,""physical_error_rate"":0.0002}","{""detection_events"":22909,""detectors_checked"":30689280}"
        32,         0,         0,   0.957,exact_mw,a39d26a9c85ff1858873bfad720922f64799219ac1b945519c1902b92db90de0,"{""distance"":7,""physical_error_rate"":0.005}","{""detection_events"":472,""detectors_checked"":25920}"
       768,         0,         0,    1.66,exact_mw,d2cc2b129abad1f985b8639603638d6030a837aa2fe57172dffdf28919c1c286,"{""distance"":7,""physical_error_rate"":0.001}","{""detection_events"":2417,""detectors_checked"":622080}"
        64,         0,         0,    1.36,exact_mw,a39d26a9c85ff1858873bfad720922f64799219ac1b945519c1902b92db90de0,"{""distance"":7,""physical_error_rate"":0.005}","{""detection_events"":867,""detectors_checked"":51840}"
      5120,         0,         0,    1.73,exact_mw,8c54babb212143042928b0eca3852c18ac799bf66eb488a668303745c8494fc5,"{""distance"":7,""physical_error_rate"":0.0005}","{""detection_events"":7897,""detectors_checked"":4147200}"
     48128,         0,         0,    2.18,exact_mw,26ede523e6354ffb917e832246591ea54a1b9969785b9947b95e2ebb539e2476,"{""distance"":7,""physical_error_rate"":0.0002}","{""detection_events"":29536,""detectors_checked"":38983680}"
    236544,         0,         0,    4.26,exact_mw,92a9cd959715f3d5685c6265974e573ec36ff2f173f7490ff1393041d63371cf,"{""distance"":7,""physical_error_rate"":0.0001}","{""detection_events"":72369,""detectors_checked"":191600640}"
    268288,         0,         0,    4.22,exact_mw,a212c24da5b34f1b60580734e5e54c4073e302b219bc7e486ff8edc698604c9e,"{""distance"":7,""physical_error_rate"":5e-05}","{""detection_events"":41414,""detectors_checked"":217313280}"
       768,         0,         0,    1.56,exact_mw,d2cc2b129abad1f985b8639603638d6030a837aa2fe57172dffdf28919c1c286,"{""distance"":7,""physical_error_rate"":0.001}","{""detection_events"":2215,""detectors_checked"":622080}"
        64,         0,         0,    1.69,exact_mw,a39d26a9c85ff1858873bfad720922f64799219ac1b945519c1902b92db90de0,"{""distance"":7,""physical_error_rate"":0.005}","{""detection_events"":939,""detectors_checked"":51840}"
      7168,         0,         0,    2.49,exact_mw,8c54babb212143042928b0eca3852c18ac799bf66eb488a668303745c8494fc5,"{""distance"":7,""physical_error_rate"":0.0005}","{""detection_events"":10680,""detectors_checked"":5806080}"
      1024,         0,         0,    2.45,exact_mw,d2cc2b129abad1f985b8639603638d6030a837aa2fe57172dffdf28919c1c286,"{""distance"":7,""physical_error_rate"":0.001}","{""detection_events"":3148,""detectors_checked"":829440}"
        96,         1,         0,    2.18,exact_mw,a39d26a9c85ff1858873bfad720922f64799219ac1b945519c1902b92db90de0,"{""distance"":7,""physical_error_rate"":0.005}","{""detection_events"":1469,""detectors_checked"":77760,""obs_mistake_mask=E"":1}"
     71680,         0,         0,    3.03,exact_mw,26ede523e6354ffb917e832246591ea54a1b9969785b9947b95e2ebb539e2476,"{""distance"":7,""physical_error_rate"":0.0002}","{""detection_events"":43785,""detectors_checked"":58060800}"
        96,         0,         0,    2.37,exact_mw,a39d26a9c85ff1858873bfad720922f64799219ac1b945519c1902b92db90de0,"{""distance"":7,""physical_error_rate"":0.005}","{""detection_events"":1376,""detectors_checked"":77760}"
     10240,         0,         0,    3.54,exact_mw,8c54babb212143042928b0eca3852c18ac799bf66eb488a668303745c8494fc5,"{""distance"":7,""physical_error_rate"":0.0005}","{""detection_events"":15383,""detectors_checked"":8294400}"
      1536,         0,         0,    3.19,exact_mw,d2cc2b129abad1f985b8639603638d6030a837aa2fe57172dffdf28919c1c286,"{""distance"":7,""physical_error_rate"":0.001}","{""detection_events"":4597,""detectors_checked"":1244160}"
    314368,         0,         0,    5.93,exact_mw,92a9cd959715f3d5685c6265974e573ec36ff2f173f7490ff1393041d63371cf,"{""distance"":7,""physical_error_rate"":0.0001}","{""detection_events"":96233,""detectors_checked"":254638080}"
    375808,         0,         0,    5.94,exact_mw,a212c24da5b34f1b60580734e5e54c4073e302b219bc7e486ff8edc698604c9e,"{""distance"":7,""physical_error_rate"":5e-05}","{""detection_events"":57042,""detectors_checked"":304404480}"
   2508800,         0,         0,   119.5,exact_mw,92a9cd959715f3d5685c6265974e573ec36ff2f173f7490ff1393041d63371cf,"{""distance"":7,""physical_error_rate"":0.0001}","{""detection_events"":765474,""detectors_checked"":2032128000}"
     87040,         1,         0,    4.27,exact_mw,26ede523e6354ffb917e832246591ea54a1b9969785b9947b95e2ebb539e2476,"{""distance"":7,""physical_error_rate"":0.0002}","{""detection_events"":53015,""detectors_checked"":70502400,""obs_mistake_mask=E"":1}"
       128,         1,         0,    3.17,exact_mw,a39d26a9c85ff1858873bfad720922f64799219ac1b945519c1902b92db90de0,"{""distance"":7,""physical_error_rate"":0.005}","{""detection_events"":1958,""detectors_checked"":103680,""obs_mistake_mask=E"":1}"
     10240,         0,         0,    4.30,exact_mw,8c54babb212143042928b0eca3852c18ac799bf66eb488a668303745c8494fc5,"{""distance"":7,""physical_error_rate"":0.0005}","{""detection_events"":15689,""detectors_checked"":8294400}"
      2304,         0,         0,    4.60,exact_mw,d2cc2b129abad1f985b8639603638d6030a837aa2fe57172dffdf28919c1c286,"{""distance"":7,""physical_error_rate"":0.001}","{""detection_events"":7055,""detectors_checked"":1866240}"
       160,         0,         0,    4.26,exact_mw,a39d26a9c85ff1858873bfad720922f64799219ac1b945519c1902b92db90de0,"{""distance"":7,""physical_error_rate"":0.005}","{""detection_events"":2490,""detectors_checked"":129600}"
    135168,         0,         0,    5.97,exact_mw,26ede523e6354ffb917e832246591ea54a1b9969785b9947b95e2ebb539e2476,"{""distance"":7,""physical_error_rate"":0.0002}","{""detection_events"":82254,""detectors_checked"":109486080}"
    446464,         0,         0,    8.35,exact_mw,92a9cd959715f3d5685c6265974e573ec36ff2f173f7490ff1393041d63371cf,"{""distance"":7,""physical_error_rate"":0.0001}","{""detection_events"":135921,""detectors_checked"":361635840}"
    525312,         0,         0,    8.32,exact_mw,a212c24da5b34f1b60580734e5e54c4073e302b219bc7e486ff8edc698604c9e,"{""distance"":7,""physical_error_rate"":5e-05}","{""detection_events"":80785,""detectors_checked"":425502720}"
     15360,         1,         0,    6.33,exact_mw,8c54babb212143042928b0eca3852c18ac799bf66eb488a668303745c8494fc5,"{""distance"":7,""physical_error_rate"":0.0005}","{""detection_events"":23652,""detectors_checked"":12441600,""obs_mistake_mask=E"":1}"
      3328,         0,         0,    6.10,exact_mw,d2cc2b129abad1f985b8639603638d6030a837aa2fe57172dffdf28919c1c286,"{""distance"":7,""physical_error_rate"":0.001}","{""detection_events"":9934,""detectors_checked"":2695680}"
       256,         0,         0,    6.00,exact_mw,a39d26a9c85ff1858873bfad720922f64799219ac1b945519c1902b92db90de0,"{""distance"":7,""physical_error_rate"":0.005}","{""detection_events"":3781,""detectors_checked"":207360}"
    189440,         1,         0,    8.34,exact_mw,26ede523e6354ffb917e832246591ea54a1b9969785b9947b95e2ebb539e2476,"{""distance"":7,""physical_error_rate"":0.0002}","{""detection_events"":114217,""detectors_checked"":153446400,""obs_mistake_mask=E"":1}"
     25600,         0,         0,    8.40,exact_mw,8c54babb212143042928b0eca3852c18ac799bf66eb488a668303745c8494fc5,"{""distance"":7,""physical_error_rate"":0.0005}","{""detection_events"":38357,""detectors_checked"":20736000}"
      4608,         0,         0,    8.80,exact_mw,d2cc2b129abad1f985b8639603638d6030a837aa2fe57172dffdf28919c1c286,"{""distance"":7,""physical_error_rate"":0.001}","{""detection_events"":14100,""detectors_checked"":3732480}"
    632832,         0,         0,    11.7,exact_mw,92a9cd959715f3d5685c6265974e573ec36ff2f173f7490ff1393041d63371cf,"{""distance"":7,""physical_error_rate"":0.0001}","{""detection_events"":193617,""detectors_checked"":512593920}"
    717824,         0,         0,    11.6,exact_mw,a212c24da5b34f1b60580734e5e54c4073e302b219bc7e486ff8edc698604c9e,"{""distance"":7,""physical_error_rate"":5e-05}","{""detection_events"":108451,""detectors_checked"":581437440}"
       352,         0,         0,    8.47,exact_mw,a39d26a9c85ff1858873bfad720922f64799219ac1b945519c1902b92db90de0,"{""distance"":7,""physical_error_rate"":0.005}","{""detection_events"":5217,""detectors_checked"":285120}"
   7319552,         0,         0,   119.1,exact_mw,a212c24da5b34f1b60580734e5e54c4073e302b219bc7e486ff8edc698604c9e,"{""distance"":7,""physical_error_rate"":5e-05}","{""detection_events"":1115406,""detectors_checked"":5928837120}"
   6412288,         4,         0,   119.3,exact_mw,92a9cd959715f3d5685c6265974e573ec36ff2f173f7490ff1393041d63371cf,"{""distance"":7,""physical_error_rate"":0.0001}","{""detection_events"":1956610,""detectors_checked"":5193953280,""obs_mistake_mask=E"":4}"
   7825408,         2,         0,   119.1,exact_mw,a212c24da5b34f1b60580734e5e54c4073e302b219bc7e486ff8edc698604c9e,"{""distance"":7,""physical_error_rate"":5e-05}","{""detection_events"":1193042,""detectors_checked"":6338580480,""obs_mistake_mask=E"":2}"
   2922496,         4,         0,   119.7,exact_mw,26ede523e6354ffb917e832246591ea54a1b9969785b9947b95e2ebb539e2476,"{""distance"":7,""physical_error_rate"":0.0002}","{""detection_events"":1784724,""detectors_checked"":2367221760,""obs_mistake_mask=E"":4}"
   5712896,         4,         0,   119.0,exact_mw,92a9cd959715f3d5685c6265974e573ec36ff2f173f7490ff1393041d63371cf,"{""distance"":7,""physical_error_rate"":0.0001}","{""detection_events"":1741278,""detectors_checked"":4627445760,""obs_mistake_mask=E"":4}"
    345088,         0,         0,   120.0,exact_mw,8c54babb212143042928b0eca3852c18ac799bf66eb488a668303745c8494fc5,"{""distance"":7,""physical_error_rate"":0.0005}","{""detection_events"":525051,""detectors_checked"":279521280}"
      5184,         7,         0,   120.2,exact_mw,a39d26a9c85ff1858873bfad720922f64799219ac1b945519c1902b92db90de0,"{""distance"":7,""physical_error_rate"":0.005}","{""detection_events"":77624,""detectors_checked"":4199040,""obs_mistake_mask=E"":7}"
    282624,         0,         0,    11.7,exact_mw,26ede523e6354ffb917e832246591ea54a1b9969785b9947b95e2ebb539e2476,"{""distance"":7,""physical_error_rate"":0.0002}","{""detection_events"":171770,""detectors_checked"":228925440}"
   3043328,         1,         0,   119.0,exact_mw,92a9cd959715f3d5685c6265974e573ec36ff2f173f7490ff1393041d63371cf,"{""distance"":7,""physical_error_rate"":0.0001}","{""detection_events"":927258,""detectors_checked"":2465095680,""obs_mistake_mask=E"":1}"
   1366016,         3,         0,   119.7,exact_mw,26ede523e6354ffb917e832246591ea54a1b9969785b9947b95e2ebb539e2476,"{""distance"":7,""physical_error_rate"":0.0002}","{""detection_events"":832130,""detectors_checked"":1106472960,""obs_mistake_mask=E"":3}"
     33792,         0,         0,    11.9,exact_mw,8c54babb212143042928b0eca3852c18ac799bf66eb488a668303745c8494fc5,"{""distance"":7,""physical_error_rate"":0.0005}","{""detection_events"":51686,""detectors_checked"":27371520}"
     59904,         0,         0,   120.2,exact_mw,d2cc2b129abad1f985b8639603638d6030a837aa2fe57172dffdf28919c1c286,"{""distance"":7,""physical_error_rate"":0.001}","{""detection_events"":181015,""detectors_checked"":48522240}"
     64000,         2,         0,   120.3,exact_mw,d2cc2b129abad1f985b8639603638d6030a837aa2fe57172dffdf28919c1c286,"{""distance"":7,""physical_error_rate"":0.001}","{""detection_events"":194604,""detectors_checked"":51840000,""obs_mistake_mask=E"":2}"
      6912,         0,         0,    12.1,exact_mw,d2cc2b129abad1f985b8639603638d6030a837aa2fe57172dffdf28919c1c286,"{""distance"":7,""physical_error_rate"":0.001}","{""detection_events"":21109,""detectors_checked"":5598720}"
       544,         0,         0,    12.1,exact_mw,a39d26a9c85ff1858873bfad720922f64799219ac1b945519c1902b92db90de0,"{""distance"":7,""physical_error_rate"":0.005}","{""detection_events"":8124,""detectors_checked"":440640}"
   1308672,         1,         0,   119.3,exact_mw,a212c24da5b34f1b60580734e5e54c4073e302b219bc7e486ff8edc698604c9e,"{""distance"":7,""physical_error_rate"":5e-05}","{""detection_events"":199912,""detectors_checked"":1060024320,""obs_mistake_mask=E"":1}"
      5440,         3,         0,   120.0,exact_mw,a39d26a9c85ff1858873bfad720922f64799219ac1b945519c1902b92db90de0,"{""distance"":7,""physical_error_rate"":0.005}","{""detection_events"":81968,""detectors_checked"":4406400,""obs_mistake_mask=E"":3}"
    359424,         3,         0,   120.2,exact_mw,8c54babb212143042928b0eca3852c18ac799bf66eb488a668303745c8494fc5,"{""distance"":7,""physical_error_rate"":0.0005}","{""detection_events"":547585,""detectors_checked"":291133440,""obs_mistake_mask=E"":3}"
   2252800,         3,         0,   119.7,exact_mw,26ede523e6354ffb917e832246591ea54a1b9969785b9947b95e2ebb539e2476,"{""distance"":7,""physical_error_rate"":0.0002}","{""detection_events"":1372493,""detectors_checked"":1824768000,""obs_mistake_mask=E"":3}"
   1338368,         0,         0,   118.8,exact_mw,a212c24da5b34f1b60580734e5e54c4073e302b219bc7e486ff8edc698604c9e,"{""distance"":7,""physical_error_rate"":5e-05}","{""detection_events"":203889,""detectors_checked"":1084078080}"
    860160,         0,         0,    16.3,exact_mw,92a9cd959715f3d5685c6265974e573ec36ff2f173f7490ff1393041d63371cf,"{""distance"":7,""physical_error_rate"":0.0001}","{""detection_events"":262677,""detectors_checked"":696729600}"
   1250304,         0,         0,    16.3,exact_mw,a212c24da5b34f1b60580734e5e54c4073e302b219bc7e486ff8edc698604c9e,"{""distance"":7,""physical_error_rate"":5e-05}","{""detection_events"":191387,""detectors_checked"":1012746240}"
      3456,        14,         0,   120.6,exact_mw,1713bc804565c0b42ca58c93310b033f01c41dd72e5e9cac9fe58a9188a19ab7,"{""distance"":7,""physical_error_rate"":0.01}","{""detection_events"":100253,""detectors_checked"":2799360,""obs_mistake_mask=E"":14}"
     16384,         3,         0,   120.6,exact_mw,98ed6542f5a75ebddbda0ed622fb597fbc85d0a75d139587b6be9a08147ba42d,"{""distance"":7,""physical_error_rate"":0.002}","{""detection_events"":98755,""detectors_checked"":13271040,""obs_mistake_mask=E"":3}"
   1254400,         0,         0,   119.2,exact_mw,a212c24da5b34f1b60580734e5e54c4073e302b219bc7e486ff8edc698604c9e,"{""distance"":7,""physical_error_rate"":5e-05}","{""detection_events"":190603,""detectors_checked"":1016064000}"
   2812928,         4,         0,   119.5,exact_mw,26ede523e6354ffb917e832246591ea54a1b9969785b9947b95e2ebb539e2476,"{""distance"":7,""physical_error_rate"":0.0002}","{""detection_events"":1712962,""detectors_checked"":2278471680,""obs_mistake_mask=E"":4}"
     65536,         1,         0,   120.0,exact_mw,d2cc2b129abad1f985b8639603638d6030a837aa2fe57172dffdf28919c1c286,"{""distance"":7,""physical_error_rate"":0.001}","{""detection_events"":198024,""detectors_checked"":53084160,""obs_mistake_mask=E"":1}"
   2923520,         5,         0,   119.6,exact_mw,26ede523e6354ffb917e832246591ea54a1b9969785b9947b95e2ebb539e2476,"{""distance"":7,""physical_error_rate"":0.0002}","{""detection_events"":1779736,""detectors_checked"":2368051200,""obs_mistake_mask=E"":5}"
    352256,         1,         0,   120.2,exact_mw,8c54babb212143042928b0eca3852c18ac799bf66eb488a668303745c8494fc5,"{""distance"":7,""physical_error_rate"":0.0005}","{""detection_events"":534774,""detectors_checked"":285327360,""obs_mistake_mask=E"":1}"
    350208,         2,         0,   120.1,exact_mw,8c54babb212143042928b0eca3852c18ac799bf66eb488a668303745c8494fc5,"{""distance"":7,""physical_error_rate"":0.0005}","{""detection_events"":533037,""detectors_checked"":283668480,""obs_mistake_mask=E"":2}"
     15296,         1,         0,   120.7,exact_mw,98ed6542f5a75ebddbda0ed622fb597fbc85d0a75d139587b6be9a08147ba42d,"{""distance"":7,""physical_error_rate"":0.002}","{""detection_events"":92455,""detectors_checked"":12389760,""obs_mistake_mask=E"":1}"
    374784,         0,         0,    16.4,exact_mw,26ede523e6354ffb917e832246591ea54a1b9969785b9947b95e2ebb539e2476,"{""distance"":7,""physical_error_rate"":0.0002}","{""detection_events"":228392,""detectors_checked"":303575040}"
    326656,         3,         0,   120.2,exact_mw,8c54babb212143042928b0eca3852c18ac799bf66eb488a668303745c8494fc5,"{""distance"":7,""physical_error_rate"":0.0005}","{""detection_events"":497802,""detectors_checked"":264591360,""obs_mistake_mask=E"":3}"
      1042,         0,         0,   120.1,exact_mw,a39d26a9c85ff1858873bfad720922f64799219ac1b945519c1902b92db90de0,"{""distance"":7,""physical_error_rate"":0.005}","{""detection_events"":15671,""detectors_checked"":844020}"
     40448,         0,         0,    16.6,exact_mw,8c54babb212143042928b0eca3852c18ac799bf66eb488a668303745c8494fc5,"{""distance"":7,""physical_error_rate"":0.0005}","{""detection_events"":61277,""detectors_checked"":32762880}"
      5472,         6,         0,   120.4,exact_mw,a39d26a9c85ff1858873bfad720922f64799219ac1b945519c1902b92db90de0,"{""distance"":7,""physical_error_rate"":0.005}","{""detection_events"":81273,""detectors_checked"":4432320,""obs_mistake_mask=E"":6}"
      6784,         0,         0,    17.1,exact_mw,d2cc2b129abad1f985b8639603638d6030a837aa2fe57172dffdf28919c1c286,"{""distance"":7,""physical_error_rate"":0.001}","{""detection_events"":20727,""detectors_checked"":5495040}"
      3456,         8,         0,   120.1,exact_mw,1713bc804565c0b42ca58c93310b033f01c41dd72e5e9cac9fe58a9188a19ab7,"{""distance"":7,""physical_error_rate"":0.01}","{""detection_events"":101010,""detectors_checked"":2799360,""obs_mistake_mask=E"":8}"
     15808,         2,         0,   120.1,exact_mw,98ed6542f5a75ebddbda0ed622fb597fbc85d0a75d139587b6be9a08147ba42d,"{""distance"":7,""physical_error_rate"":0.002}","{""detection_events"":96380,""detectors_checked"":12804480,""obs_mistake_mask=E"":2}"
      3312,         0,         0,   120.2,exact_mw,98ed6542f5a75ebddbda0ed622fb597fbc85d0a75d139587b6be9a08147ba42d,"{""distance"":7,""physical_error_rate"":0.002}","{""detection_events"":20420,""detectors_checked"":2682720}"
      5144,         0,         0,   120.7,exact_mw,98ed6542f5a75ebddbda0ed622fb597fbc85d0a75d139587b6be9a08147ba42d,"{""distance"":7,""physical_error_rate"":0.002}","{""detection_events"":31346,""detectors_checked"":4166640}"
       608,         0,         0,    16.4,exact_mw,a39d26a9c85ff1858873bfad720922f64799219ac1b945519c1902b92db90de0,"{""distance"":7,""physical_error_rate"":0.005}","{""detection_events"":9194,""detectors_checked"":492480}"
      3392,        11,         0,   120.1,exact_mw,1713bc804565c0b42ca58c93310b033f01c41dd72e5e9cac9fe58a9188a19ab7,"{""distance"":7,""physical_error_rate"":0.01}","{""detection_events"":98732,""detectors_checked"":2747520,""obs_mistake_mask=E"":11}"
      1690,         2,         0,   120.3,exact_mw,a39d26a9c85ff1858873bfad720922f64799219ac1b945519c1902b92db90de0,"{""distance"":7,""physical_error_rate"":0.005}","{""detection_events"":25428,""detectors_checked"":1368900,""obs_mistake_mask=E"":2}"
     62720,         4,         0,   120.7,exact_mw,d2cc2b129abad1f985b8639603638d6030a837aa2fe57172dffdf28919c1c286,"{""distance"":7,""physical_error_rate"":0.001}","{""detection_events"":190677,""detectors_checked"":50803200,""obs_mistake_mask=E"":4}"
     64000,         2,         0,   120.8,exact_mw,d2cc2b129abad1f985b8639603638d6030a837aa2fe57172dffdf28919c1c286,"{""distance"":7,""physical_error_rate"":0.001}","{""detection_events"":194366,""detectors_checked"":51840000,""obs_mistake_mask=E"":2}"
         1,         0,         0,   0.001,exact_mw,98ed6542f5a75ebddbda0ed622fb597fbc85d0a75d139587b6be9a08147ba42d,"{""distance"":7,""physical_error_rate"":0.002}","{""detection_events"":4,""detectors_checked"":810}"
        16,         0,         0,   0.143,exact_mw,98ed6542f5a75ebddbda0ed622fb597fbc85d0a75d139587b6be9a08147ba42d,"{""distance"":7,""physical_error_rate"":0.002}","{""detection_events"":97,""detectors_checked"":12960}"
        64,         0,         0,   0.812,exact_mw,98ed6542f5a75ebddbda0ed622fb597fbc85d0a75d139587b6be9a08147ba42d,"{""distance"":7,""physical_error_rate"":0.002}","{""detection_events"":321,""detectors_checked"":51840}"
        64,         0,         0,    1.02,exact_mw,98ed6542f5a75ebddbda0ed622fb597fbc85d0a75d139587b6be9a08147ba42d,"{""distance"":7,""physical_error_rate"":0.002}","{""detection_events"":355,""detectors_checked"":51840}"
   2910208,         4,         0,   119.7,exact_mw,26ede523e6354ffb917e832246591ea54a1b9969785b9947b95e2ebb539e2476,"{""distance"":7,""physical_error_rate"":0.0002}","{""detection_events"":1773099,""detectors_checked"":2357268480,""obs_mistake_mask=E"":4}"
        64,         0,         0,    1.03,exact_mw,98ed6542f5a75ebddbda0ed622fb597fbc85d0a75d139587b6be9a08147ba42d,"{""distance"":7,""physical_error_rate"":0.002}","{""detection_events"":445,""detectors_checked"":51840}"
   1138688,         0,         0,   119.1,exact_mw,92a9cd959715f3d5685c6265974e573ec36ff2f173f7490ff1393041d63371cf,"{""distance"":7,""physical_error_rate"":0.0001}","{""detection_events"":347247,""detectors_checked"":922337280}"
   1241088,         1,         0,    22.9,exact_mw,92a9cd959715f3d5685c6265974e573ec36ff2f173f7490ff1393041d63371cf,"{""distance"":7,""physical_error_rate"":0.0001}","{""detection_events"":378857,""detectors_checked"":1005281280,""obs_mistake_mask=E"":1}"
   1280000,         0,         0,    22.8,exact_mw,a212c24da5b34f1b60580734e5e54c4073e302b219bc7e486ff8edc698604c9e,"{""distance"":7,""physical_error_rate"":5e-05}","{""detection_events"":195544,""detectors_checked"":1036800000}"
        64,         0,         0,   0.888,exact_mw,98ed6542f5a75ebddbda0ed622fb597fbc85d0a75d139587b6be9a08147ba42d,"{""distance"":7,""physical_error_rate"":0.002}","{""detection_events"":397,""detectors_checked"":51840}"
   6278144,         0,         0,   118.9,exact_mw,a212c24da5b34f1b60580734e5e54c4073e302b219bc7e486ff8edc698604c9e,"{""distance"":7,""physical_error_rate"":5e-05}","{""detection_events"":957810,""detectors_checked"":5085296640}"
        64,         0,         0,   0.781,exact_mw,98ed6542f5a75ebddbda0ed622fb597fbc85d0a75d139587b6be9a08147ba42d,"{""distance"":7,""physical_error_rate"":0.002}","{""detection_events"":435,""detectors_checked"":51840}"
        64,         0,         0,   0.628,exact_mw,98ed6542f5a75ebddbda0ed622fb597fbc85d0a75d139587b6be9a08147ba42d,"{""distance"":7,""physical_error_rate"":0.002}","{""detection_events"":404,""detectors_checked"":51840}"
        64,         0,         0,   0.628,exact_mw,98ed6542f5a75ebddbda0ed622fb597fbc85d0a75d139587b6be9a08147ba42d,"{""distance"":7,""physical_error_rate"":0.002}","{""detection_events"":415,""detectors_checked"":51840}"
        64,         0,         0,   0.660,exact_mw,98ed6542f5a75ebddbda0ed622fb597fbc85d0a75d139587b6be9a08147ba42d,"{""distance"":7,""physical_error_rate"":0.002}","{""detection_events"":365,""detectors_checked"":51840}"
        64,         0,         0,   0.406,exact_mw,98ed6542f5a75ebddbda0ed622fb597fbc85d0a75d139587b6be9a08147ba42d,"{""distance"":7,""physical_error_rate"":0.002}","{""detection_events"":367,""detectors_checked"":51840}"
        64,         0,         0,   0.714,exact_mw,98ed6542f5a75ebddbda0ed622fb597fbc85d0a75d139587b6be9a08147ba42d,"{""distance"":7,""physical_error_rate"":0.002}","{""detection_events"":406,""detectors_checked"":51840}"
    350208,         3,         0,   120.0,exact_mw,8c54babb212143042928b0eca3852c18ac799bf66eb488a668303745c8494fc5,"{""distance"":7,""physical_error_rate"":0.0005}","{""detection_events"":532150,""detectors_checked"":283668480,""obs_mistake_mask=E"":3}"
        64,         0,         0,   0.619,exact_mw,98ed6542f5a75ebddbda0ed622fb597fbc85d0a75d139587b6be9a08147ba42d,"{""distance"":7,""physical_error_rate"":0.002}","{""detection_events"":383,""detectors_checked"":51840}"
        64,         0,         0,   0.983,exact_mw,98ed6542f5a75ebddbda0ed622fb597fbc85d0a75d139587b6be9a08147ba42d,"{""distance"":7,""physical_error_rate"":0.002}","{""detection_events"":403,""detectors_checked"":51840}"
      1358,         4,         0,   120.7,exact_mw,1713bc804565c0b42ca58c93310b033f01c41dd72e5e9cac9fe58a9188a19ab7,"{""distance"":7,""physical_error_rate"":0.01}","{""detection_events"":39070,""detectors_checked"":1099980,""obs_mistake_mask=E"":4}"
    422912,         2,         0,    22.9,exact_mw,26ede523e6354ffb917e832246591ea54a1b9969785b9947b95e2ebb539e2476,"{""distance"":7,""physical_error_rate"":0.0002}","{""detection_events"":256861,""detectors_checked"":342558720,""obs_mistake_mask=E"":2}"
       128,         0,         0,    1.74,exact_mw,98ed6542f5a75ebddbda0ed622fb597fbc85d0a75d139587b6be9a08147ba42d,"{""distance"":7,""physical_error_rate"":0.002}","{""detection_events"":780,""detectors_checked"":103680}"
       192,         0,         0,    1.89,exact_mw,98ed6542f5a75ebddbda0ed622fb597fbc85d0a75d139587b6be9a08147ba42d,"{""distance"":7,""physical_error_rate"":0.002}","{""detection_events"":1118,""detectors_checked"":155520}"
     28768,         1,         0,   120.4,exact_mw,d2cc2b129abad1f985b8639603638d6030a837aa2fe57172dffdf28919c1c286,"{""distance"":7,""physical_error_rate"":0.001}","{""detection_events"":86112,""detectors_checked"":23302080,""obs_mistake_mask=E"":1}"
     13824,         0,         0,    23.0,exact_mw,8c54babb212143042928b0eca3852c18ac799bf66eb488a668303745c8494fc5,"{""distance"":7,""physical_error_rate"":0.0005}","{""detection_events"":20643,""detectors_checked"":11197440}"
      3376,         8,         0,   120.2,exact_mw,1713bc804565c0b42ca58c93310b033f01c41dd72e5e9cac9fe58a9188a19ab7,"{""distance"":7,""physical_error_rate"":0.01}","{""detection_events"":97069,""detectors_checked"":2734560,""obs_mistake_mask=E"":8}"
       192,         0,         0,    2.17,exact_mw,98ed6542f5a75ebddbda0ed622fb597fbc85d0a75d139587b6be9a08147ba42d,"{""distance"":7,""physical_error_rate"":0.002}","{""detection_events"":1176,""detectors_checked"":155520}"
      5184,         2,         0,   120.3,exact_mw,a39d26a9c85ff1858873bfad720922f64799219ac1b945519c1902b92db90de0,"{""distance"":7,""physical_error_rate"":0.005}","{""detection_events"":77161,""detectors_checked"":4199040,""obs_mistake_mask=E"":2}"
      2224,         9,         0,   120.8,exact_mw,1713bc804565c0b42ca58c93310b033f01c41dd72e5e9cac9fe58a9188a19ab7,"{""distance"":7,""physical_error_rate"":0.01}","{""detection_events"":64291,""detectors_checked"":1801440,""obs_mistake_mask=E"":9}"
      2752,         0,         0,    23.4,exact_mw,d2cc2b129abad1f985b8639603638d6030a837aa2fe57172dffdf28919c1c286,"{""distance"":7,""physical_error_rate"":0.001}","{""detection_events"":8071,""detectors_checked"":2229120}"
     14560,         1,         0,   120.3,exact_mw,98ed6542f5a75ebddbda0ed622fb597fbc85d0a75d139587b6be9a08147ba42d,"{""distance"":7,""physical_error_rate"":0.002}","{""detection_events"":87556,""detectors_checked"":11793600,""obs_mistake_mask=E"":1}"
       736,         0,         0,    23.0,exact_mw,a39d26a9c85ff1858873bfad720922f64799219ac1b945519c1902b92db90de0,"{""distance"":7,""physical_error_rate"":0.005}","{""detection_events"":10915,""detectors_checked"":596160}"
       256,         0,         0,    3.30,exact_mw,98ed6542f5a75ebddbda0ed622fb597fbc85d0a75d139587b6be9a08147ba42d,"{""distance"":7,""physical_error_rate"":0.002}","{""detection_events"":1613,""detectors_checked"":207360}"
       512,         0,         0,    4.40,exact_mw,98ed6542f5a75ebddbda0ed622fb597fbc85d0a75d139587b6be9a08147ba42d,"{""distance"":7,""physical_error_rate"":0.002}","{""detection_events"":3043,""detectors_checked"":414720}"
       896,         0,         0,    6.70,exact_mw,98ed6542f5a75ebddbda0ed622fb597fbc85d0a75d139587b6be9a08147ba42d,"{""distance"":7,""physical_error_rate"":0.002}","{""detection_events"":5291,""detectors_checked"":725760}"
      4000,         2,         0,   120.4,exact_mw,a39d26a9c85ff1858873bfad720922f64799219ac1b945519c1902b92db90de0,"{""distance"":7,""physical_error_rate"":0.005}","{""detection_events"":59553,""detectors_checked"":3240000,""obs_mistake_mask=E"":2}"
   2921472,         4,         0,   119.6,exact_mw,26ede523e6354ffb917e832246591ea54a1b9969785b9947b95e2ebb539e2476,"{""distance"":7,""physical_error_rate"":0.0002}","{""detection_events"":1780169,""detectors_checked"":2366392320,""obs_mistake_mask=E"":4}"
   5984256,         2,         0,   119.0,exact_mw,92a9cd959715f3d5685c6265974e573ec36ff2f173f7490ff1393041d63371cf,"{""distance"":7,""physical_error_rate"":0.0001}","{""detection_events"":1824095,""detectors_checked"":4847247360,""obs_mistake_mask=E"":2}"
   1707008,         0,         0,    31.9,exact_mw,92a9cd959715f3d5685c6265974e573ec36ff2f173f7490ff1393041d63371cf,"{""distance"":7,""physical_error_rate"":0.0001}","{""detection_events"":520926,""detectors_checked"":1382676480}"
   1882112,         0,         0,    31.9,exact_mw,a212c24da5b34f1b60580734e5e54c4073e302b219bc7e486ff8edc698604c9e,"{""distance"":7,""physical_error_rate"":5e-05}","{""detection_events"":288142,""detectors_checked"":1524510720}"
   7365632,         0,         0,   119.2,exact_mw,a212c24da5b34f1b60580734e5e54c4073e302b219bc7e486ff8edc698604c9e,"{""distance"":7,""physical_error_rate"":5e-05}","{""detection_events"":1124339,""detectors_checked"":5966161920}"
      1024,         0,         0,    8.87,exact_mw,98ed6542f5a75ebddbda0ed622fb597fbc85d0a75d139587b6be9a08147ba42d,"{""distance"":7,""physical_error_rate"":0.002}","{""detection_events"":6182,""detectors_checked"":829440}"
   1001472,         0,         0,   119.2,exact_mw,92a9cd959715f3d5685c6265974e573ec36ff2f173f7490ff1393041d63371cf,"{""distance"":7,""physical_error_rate"":0.0001}","{""detection_events"":306720,""detectors_checked"":811192320}"
    146176,         0,         0,   120.1,exact_mw,8c54babb212143042928b0eca3852c18ac799bf66eb488a668303745c8494fc5,"{""distance"":7,""physical_error_rate"":0.0005}","{""detection_events"":222256,""detectors_checked"":118402560}"
    269312,         0,         0,    32.3,exact_mw,26ede523e6354ffb917e832246591ea54a1b9969785b9947b95e2ebb539e2476,"{""distance"":7,""physical_error_rate"":0.0002}","{""detection_events"":164279,""detectors_checked"":218142720}"
     14848,         3,         0,   120.8,exact_mw,98ed6542f5a75ebddbda0ed622fb597fbc85d0a75d139587b6be9a08147ba42d,"{""distance"":7,""physical_error_rate"":0.002}","{""detection_events"":89294,""detectors_checked"":12026880,""obs_mistake_mask=E"":3}"
      3472,        11,         0,   120.1,exact_mw,1713bc804565c0b42ca58c93310b033f01c41dd72e5e9cac9fe58a9188a19ab7,"{""distance"":7,""physical_error_rate"":0.01}","{""detection_events"":101613,""detectors_checked"":2812320,""obs_mistake_mask=E"":11}"
      2912,        16,         0,   120.3,exact_mw,1713bc804565c0b42ca58c93310b033f01c41dd72e5e9cac9fe58a9188a19ab7,"{""distance"":7,""physical_error_rate"":0.01}","{""detection_events"":84642,""detectors_checked"":2358720,""obs_mistake_mask=E"":16}"
     14080,         0,         0,    32.7,exact_mw,8c54babb212143042928b0eca3852c18ac799bf66eb488a668303745c8494fc5,"{""distance"":7,""physical_error_rate"":0.0005}","{""detection_events"":21673,""detectors_checked"":11404800}"
     56832,         1,         0,   120.1,exact_mw,d2cc2b129abad1f985b8639603638d6030a837aa2fe57172dffdf28919c1c286,"{""distance"":7,""physical_error_rate"":0.001}","{""detection_events"":172809,""detectors_checked"":46033920,""obs_mistake_mask=E"":1}"
     15424,         0,         0,    32.9,exact_mw,d2cc2b129abad1f985b8639603638d6030a837aa2fe57172dffdf28919c1c286,"{""distance"":7,""physical_error_rate"":0.001}","{""detection_events"":46787,""detectors_checked"":12493440}"
      1280,         1,         0,    32.7,exact_mw,a39d26a9c85ff1858873bfad720922f64799219ac1b945519c1902b92db90de0,"{""distance"":7,""physical_error_rate"":0.005}","{""detection_events"":19083,""detectors_checked"":1036800,""obs_mistake_mask=E"":1}"
      1600,         0,         0,    11.8,exact_mw,98ed6542f5a75ebddbda0ed622fb597fbc85d0a75d139587b6be9a08147ba42d,"{""distance"":7,""physical_error_rate"":0.002}","{""detection_events"":9613,""detectors_checked"":1296000}"
   1854464,         1,         0,   119.2,exact_mw,92a9cd959715f3d5685c6265974e573ec36ff2f173f7490ff1393041d63371cf,"{""distance"":7,""physical_error_rate"":0.0001}","{""detection_events"":565499,""detectors_checked"":1502115840,""obs_mistake_mask=E"":1}"
      2432,         0,         0,    16.5,exact_mw,98ed6542f5a75ebddbda0ed622fb597fbc85d0a75d139587b6be9a08147ba42d,"{""distance"":7,""physical_error_rate"":0.002}","{""detection_events"":14432,""detectors_checked"":1969920}"
   2407424,         0,         0,    44.7,exact_mw,92a9cd959715f3d5685c6265974e573ec36ff2f173f7490ff1393041d63371cf,"{""distance"":7,""physical_error_rate"":0.0001}","{""detection_events"":735077,""detectors_checked"":1950013440}"
   2919424,         0,         0,    44.7,exact_mw,a212c24da5b34f1b60580734e5e54c4073e302b219bc7e486ff8edc698604c9e,"{""distance"":7,""physical_error_rate"":5e-05}","{""detection_events"":446057,""detectors_checked"":2364733440}"
   7379968,         1,         0,   118.9,exact_mw,a212c24da5b34f1b60580734e5e54c4073e302b219bc7e486ff8edc698604c9e,"{""distance"":7,""physical_error_rate"":5e-05}","{""detection_events"":1125891,""detectors_checked"":5977774080,""obs_mistake_mask=E"":1}"
   6462464,         2,         0,   119.2,exact_mw,92a9cd959715f3d5685c6265974e573ec36ff2f173f7490ff1393041d63371cf,"{""distance"":7,""physical_error_rate"":0.0001}","{""detection_events"":1966188,""detectors_checked"":5234595840,""obs_mistake_mask=E"":2}"
   7804928,         0,         0,   119.0,exact_mw,a212c24da5b34f1b60580734e5e54c4073e302b219bc7e486ff8edc698604c9e,"{""distance"":7,""physical_error_rate"":5e-05}","{""detection_events"":1188243,""detectors_checked"":6321991680}"
    131072,         0,         0,    45.4,exact_mw,26ede523e6354ffb917e832246591ea54a1b9969785b9947b95e2ebb539e2476,"{""distance"":7,""physical_error_rate"":0.0002}","{""detection_events"":79984,""detectors_checked"":106168320}"
   2933760,         5,         0,   119.6,exact_mw,26ede523e6354ffb917e832246591ea54a1b9969785b9947b95e2ebb539e2476,"{""distance"":7,""physical_error_rate"":0.0002}","{""detection_events"":1784498,""detectors_checked"":2376345600,""obs_mistake_mask=E"":5}"
   6471680,         0,         0,   119.2,exact_mw,92a9cd959715f3d5685c6265974e573ec36ff2f173f7490ff1393041d63371cf,"{""distance"":7,""physical_error_rate"":0.0001}","{""detection_events"":1971190,""detectors_checked"":5242060800}"
      3328,         0,         0,    23.4,exact_mw,98ed6542f5a75ebddbda0ed622fb597fbc85d0a75d139587b6be9a08147ba42d,"{""distance"":7,""physical_error_rate"":0.002}","{""detection_events"":19910,""detectors_checked"":2695680}"
    345088,         1,         0,   120.2,exact_mw,8c54babb212143042928b0eca3852c18ac799bf66eb488a668303745c8494fc5,"{""distance"":7,""physical_error_rate"":0.0005}","{""detection_events"":523028,""detectors_checked"":279521280,""obs_mistake_mask=E"":1}"
      5472,         6,         0,   120.4,exact_mw,a39d26a9c85ff1858873bfad720922f64799219ac1b945519c1902b92db90de0,"{""distance"":7,""physical_error_rate"":0.005}","{""detection_events"":81457,""detectors_checked"":4432320,""obs_mistake_mask=E"":6}"
     16256,         0,         0,    45.1,exact_mw,8c54babb212143042928b0eca3852c18ac799bf66eb488a668303745c8494fc5,"{""distance"":7,""physical_error_rate"":0.0005}","{""detection_events"":24802,""detectors_checked"":13167360}"
   2600960,         3,         0,   119.0,exact_mw,92a9cd959715f3d5685c6265974e573ec36ff2f173f7490ff1393041d63371cf,"{""distance"":7,""physical_error_rate"":0.0001}","{""detection_events"":792111,""detectors_checked"":2106777600,""obs_mistake_mask=E"":3}"
   2417664,         3,         0,   119.7,exact_mw,26ede523e6354ffb917e832246591ea54a1b9969785b9947b95e2ebb539e2476,"{""distance"":7,""physical_error_rate"":0.0002}","{""detection_events"":1471181,""detectors_checked"":1958307840,""obs_mistake_mask=E"":3}"
     25600,         0,         0,    45.5,exact_mw,d2cc2b129abad1f985b8639603638d6030a837aa2fe57172dffdf28919c1c286,"{""distance"":7,""physical_error_rate"":0.001}","{""detection_events"":76913,""detectors_checked"":20736000}"
     65536,         3,         0,   120.2,exact_mw,d2cc2b129abad1f985b8639603638d6030a837aa2fe57172dffdf28919c1c286,"{""distance"":7,""physical_error_rate"":0.001}","{""detection_events"":198432,""detectors_checked"":53084160,""obs_mistake_mask=E"":3}"
      2144,         2,         0,    45.2,exact_mw,a39d26a9c85ff1858873bfad720922f64799219ac1b945519c1902b92db90de0,"{""distance"":7,""physical_error_rate"":0.005}","{""detection_events"":31858,""detectors_checked"":1736640,""obs_mistake_mask=E"":2}"
     65280,         3,         0,   120.4,exact_mw,d2cc2b129abad1f985b8639603638d6030a837aa2fe57172dffdf28919c1c286,"{""distance"":7,""physical_error_rate"":0.001}","{""detection_events"":197747,""detectors_checked"":52876800,""obs_mistake_mask=E"":3}"
   1200128,         0,         0,   118.8,exact_mw,a212c24da5b34f1b60580734e5e54c4073e302b219bc7e486ff8edc698604c9e,"{""distance"":7,""physical_error_rate"":5e-05}","{""detection_events"":181448,""detectors_checked"":972103680}"
    354304,         3,         0,   120.3,exact_mw,8c54babb212143042928b0eca3852c18ac799bf66eb488a668303745c8494fc5,"{""distance"":7,""physical_error_rate"":0.0005}","{""detection_events"":539902,""detectors_checked"":286986240,""obs_mistake_mask=E"":3}"
      5600,         8,         0,   120.6,exact_mw,a39d26a9c85ff1858873bfad720922f64799219ac1b945519c1902b92db90de0,"{""distance"":7,""physical_error_rate"":0.005}","{""detection_events"":83437,""detectors_checked"":4536000,""obs_mistake_mask=E"":8}"
   2917376,         5,         0,   119.6,exact_mw,26ede523e6354ffb917e832246591ea54a1b9969785b9947b95e2ebb539e2476,"{""distance"":7,""physical_error_rate"":0.0002}","{""detection_events"":1774828,""detectors_checked"":2363074560,""obs_mistake_mask=E"":5}"
   3302400,         0,         0,   119.5,exact_mw,a212c24da5b34f1b60580734e5e54c4073e302b219bc7e486ff8edc698604c9e,"{""distance"":7,""physical_error_rate"":5e-05}","{""detection_events"":502181,""detectors_checked"":2674944000}"
      3456,        17,         0,   120.4,exact_mw,1713bc804565c0b42ca58c93310b033f01c41dd72e5e9cac9fe58a9188a19ab7,"{""distance"":7,""physical_error_rate"":0.01}","{""detection_events"":100337,""detectors_checked"":2799360,""obs_mistake_mask=E"":17}"
   1826816,         0,         0,   118.9,exact_mw,a212c24da5b34f1b60580734e5e54c4073e302b219bc7e486ff8edc698604c9e,"{""distance"":7,""physical_error_rate"":5e-05}","{""detection_events"":279043,""detectors_checked"":1479720960}"
     16576,         0,         0,   120.5,exact_mw,98ed6542f5a75ebddbda0ed622fb597fbc85d0a75d139587b6be9a08147ba42d,"{""distance"":7,""physical_error_rate"":0.002}","{""detection_events"":99430,""detectors_checked"":13426560}"
   2837504,         2,         0,   119.6,exact_mw,26ede523e6354ffb917e832246591ea54a1b9969785b9947b95e2ebb539e2476,"{""distance"":7,""physical_error_rate"":0.0002}","{""detection_events"":1726826,""detectors_checked"":2298378240,""obs_mistake_mask=E"":2}"
     63744,         3,         0,   120.1,exact_mw,d2cc2b129abad1f985b8639603638d6030a837aa2fe57172dffdf28919c1c286,"{""distance"":7,""physical_error_rate"":0.001}","{""detection_events"":194658,""detectors_checked"":51632640,""obs_mistake_mask=E"":3}"
   2942976,         4,         0,   119.5,exact_mw,26ede523e6354ffb917e832246591ea54a1b9969785b9947b95e2ebb539e2476,"{""distance"":7,""physical_error_rate"":0.0002}","{""detection_events"":1793607,""detectors_checked"":2383810560,""obs_mistake_mask=E"":4}"
    349184,         3,         0,   120.0,exact_mw,8c54babb212143042928b0eca3852c18ac799bf66eb488a668303745c8494fc5,"{""distance"":7,""physical_error_rate"":0.0005}","{""detection_events"":529712,""detectors_checked"":282839040,""obs_mistake_mask=E"":3}"
    350208,         2,         0,   120.0,exact_mw,8c54babb212143042928b0eca3852c18ac799bf66eb488a668303745c8494fc5,"{""distance"":7,""physical_error_rate"":0.0005}","{""detection_events"":532698,""detectors_checked"":283668480,""obs_mistake_mask=E"":2}"
     16576,         0,         0,   120.4,exact_mw,98ed6542f5a75ebddbda0ed622fb597fbc85d0a75d139587b6be9a08147ba42d,"{""distance"":7,""physical_error_rate"":0.002}","{""detection_events"":100518,""detectors_checked"":13426560}"
    343040,         4,         0,   120.0,exact_mw,8c54babb212143042928b0eca3852c18ac799bf66eb488a668303745c8494fc5,"{""distance"":7,""physical_error_rate"":0.0005}","{""detection_events"":521583,""detectors_checked"":277862400,""obs_mistake_mask=E"":4}"
      4960,         5,         0,   120.4,exact_mw,a39d26a9c85ff1858873bfad720922f64799219ac1b945519c1902b92db90de0,"{""distance"":7,""physical_error_rate"":0.005}","{""detection_events"":73651,""detectors_checked"":4017600,""obs_mistake_mask=E"":5}"
      5568,         2,         0,   120.1,exact_mw,a39d26a9c85ff1858873bfad720922f64799219ac1b945519c1902b92db90de0,"{""distance"":7,""physical_error_rate"":0.005}","{""detection_events"":83665,""detectors_checked"":4510080,""obs_mistake_mask=E"":2}"
     16576,         1,         0,   119.9,exact_mw,98ed6542f5a75ebddbda0ed622fb597fbc85d0a75d139587b6be9a08147ba42d,"{""distance"":7,""physical_error_rate"":0.002}","{""detection_events"":99767,""detectors_checked"":13426560,""obs_mistake_mask=E"":1}"
      3488,        13,         0,   120.4,exact_mw,1713bc804565c0b42ca58c93310b033f01c41dd72e5e9cac9fe58a9188a19ab7,"{""distance"":7,""physical_error_rate"":0.01}","{""detection_events"":101256,""detectors_checked"":2825280,""obs_mistake_mask=E"":13}"
      2316,         0,         0,   119.9,exact_mw,98ed6542f5a75ebddbda0ed622fb597fbc85d0a75d139587b6be9a08147ba42d,"{""distance"":7,""physical_error_rate"":0.002}","{""detection_events"":13875,""detectors_checked"":1875960}"
      2232,         0,         0,   120.1,exact_mw,98ed6542f5a75ebddbda0ed622fb597fbc85d0a75d139587b6be9a08147ba42d,"{""distance"":7,""physical_error_rate"":0.002}","{""detection_events"":13547,""detectors_checked"":1807920}"
      3424,        13,         0,   120.2,exact_mw,1713bc804565c0b42ca58c93310b033f01c41dd72e5e9cac9fe58a9188a19ab7,"{""distance"":7,""physical_error_rate"":0.01}","{""detection_events"":98582,""detectors_checked"":2773440,""obs_mistake_mask=E"":13}"
       750,         1,         0,   120.2,exact_mw,a39d26a9c85ff1858873bfad720922f64799219ac1b945519c1902b92db90de0,"{""distance"":7,""physical_error_rate"":0.005}","{""detection_events"":11057,""detectors_checked"":607500,""obs_mistake_mask=E"":1}"
     63232,         4,         0,   120.1,exact_mw,d2cc2b129abad1f985b8639603638d6030a837aa2fe57172dffdf28919c1c286,"{""distance"":7,""physical_error_rate"":0.001}","{""detection_events"":193269,""detectors_checked"":51217920,""obs_mistake_mask=E"":4}"
     65024,         3,         0,   120.4,exact_mw,d2cc2b129abad1f985b8639603638d6030a837aa2fe57172dffdf28919c1c286,"{""distance"":7,""physical_error_rate"":0.001}","{""detection_events"":197423,""detectors_checked"":52669440,""obs_mistake_mask=E"":3}"
      4608,         2,         0,    32.5,exact_mw,98ed6542f5a75ebddbda0ed622fb597fbc85d0a75d139587b6be9a08147ba42d,"{""distance"":7,""physical_error_rate"":0.002}","{""detection_events"":27630,""detectors_checked"":3732480,""obs_mistake_mask=E"":2}"
   2920448,         4,         0,   119.5,exact_mw,26ede523e6354ffb917e832246591ea54a1b9969785b9947b95e2ebb539e2476,"{""distance"":7,""physical_error_rate"":0.0002}","{""detection_events"":1777585,""detectors_checked"":2365562880,""obs_mistake_mask=E"":4}"
    887808,         1,         0,   119.2,exact_mw,92a9cd959715f3d5685c6265974e573ec36ff2f173f7490ff1393041d63371cf,"{""distance"":7,""physical_error_rate"":0.0001}","{""detection_events"":270774,""detectors_checked"":719124480,""obs_mistake_mask=E"":1}"
   1626112,         0,         0,   118.9,exact_mw,a212c24da5b34f1b60580734e5e54c4073e302b219bc7e486ff8edc698604c9e,"{""distance"":7,""physical_error_rate"":5e-05}","{""detection_events"":247832,""detectors_checked"":1317150720}"
    349184,         2,         0,   119.9,exact_mw,8c54babb212143042928b0eca3852c18ac799bf66eb488a668303745c8494fc5,"{""distance"":7,""physical_error_rate"":0.0005}","{""detection_events"":530756,""detectors_checked"":282839040,""obs_mistake_mask=E"":2}"
       846,         4,         0,   119.9,exact_mw,1713bc804565c0b42ca58c93310b033f01c41dd72e5e9cac9fe58a9188a19ab7,"{""distance"":7,""physical_error_rate"":0.01}","{""detection_events"":24560,""detectors_checked"":685260,""obs_mistake_mask=E"":4}"
      3376,        13,         0,   120.3,exact_mw,1713bc804565c0b42ca58c93310b033f01c41dd72e5e9cac9fe58a9188a19ab7,"{""distance"":7,""physical_error_rate"":0.01}","{""detection_events"":99010,""detectors_checked"":2734560,""obs_mistake_mask=E"":13}"
      8752,         1,         0,   120.9,exact_mw,d2cc2b129abad1f985b8639603638d6030a837aa2fe57172dffdf28919c1c286,"{""distance"":7,""physical_error_rate"":0.001}","{""detection_events"":26485,""detectors_checked"":7089120,""obs_mistake_mask=E"":1}"
      5600,         3,         0,   120.2,exact_mw,a39d26a9c85ff1858873bfad720922f64799219ac1b945519c1902b92db90de0,"{""distance"":7,""physical_error_rate"":0.005}","{""detection_events"":83767,""detectors_checked"":4536000,""obs_mistake_mask=E"":3}"
      3248,        12,         0,   120.2,exact_mw,1713bc804565c0b42ca58c93310b033f01c41dd72e5e9cac9fe58a9188a19ab7,"{""distance"":7,""physical_error_rate"":0.01}","{""detection_events"":94359,""detectors_checked"":2630880,""obs_mistake_mask=E"":12}"
     15808,         0,         0,   120.6,exact_mw,98ed6542f5a75ebddbda0ed622fb597fbc85d0a75d139587b6be9a08147ba42d,"{""distance"":7,""physical_error_rate"":0.002}","{""detection_events"":95923,""detectors_checked"":12804480}"
   3358720,         3,         0,    62.5,exact_mw,92a9cd959715f3d5685c6265974e573ec36ff2f173f7490ff1393041d63371cf,"{""distance"":7,""physical_error_rate"":0.0001}","{""detection_events"":1025089,""detectors_checked"":2720563200,""obs_mistake_mask=E"":3}"
   4108288,         1,         0,    62.5,exact_mw,a212c24da5b34f1b60580734e5e54c4073e302b219bc7e486ff8edc698604c9e,"{""distance"":7,""physical_error_rate"":5e-05}","{""detection_events"":625381,""detectors_checked"":3327713280,""obs_mistake_mask=E"":1}"
    192512,         1,         0,    63.0,exact_mw,26ede523e6354ffb917e832246591ea54a1b9969785b9947b95e2ebb539e2476,"{""distance"":7,""physical_error_rate"":0.0002}","{""detection_events"":117334,""detectors_checked"":155934720,""obs_mistake_mask=E"":1}"
       698,         0,         0,   119.8,exact_mw,a39d26a9c85ff1858873bfad720922f64799219ac1b945519c1902b92db90de0,"{""distance"":7,""physical_error_rate"":0.005}","{""detection_events"":10468,""detectors_checked"":565380}"
   2923520,         1,         0,   119.6,exact_mw,26ede523e6354ffb917e832246591ea54a1b9969785b9947b95e2ebb539e2476,"{""distance"":7,""physical_error_rate"":0.0002}","{""detection_events"":1781551,""detectors_checked"":2368051200,""obs_mistake_mask=E"":1}"
   6484992,         4,         0,   119.3,exact_mw,92a9cd959715f3d5685c6265974e573ec36ff2f173f7490ff1393041d63371cf,"{""distance"":7,""physical_error_rate"":0.0001}","{""detection_events"":1978041,""detectors_checked"":5252843520,""obs_mistake_mask=E"":4}"
     24704,         0,         0,    63.4,exact_mw,8c54babb212143042928b0eca3852c18ac799bf66eb488a668303745c8494fc5,"{""distance"":7,""physical_error_rate"":0.0005}","{""detection_events"":37310,""detectors_checked"":20010240}"
     35328,         2,         0,    63.3,exact_mw,d2cc2b129abad1f985b8639603638d6030a837aa2fe57172dffdf28919c1c286,"{""distance"":7,""physical_error_rate"":0.001}","{""detection_events"":106643,""detectors_checked"":28615680,""obs_mistake_mask=E"":2}"
   7784448,         1,         0,   119.1,exact_mw,a212c24da5b34f1b60580734e5e54c4073e302b219bc7e486ff8edc698604c9e,"{""distance"":7,""physical_error_rate"":5e-05}","{""detection_events"":1189228,""detectors_checked"":6305402880,""obs_mistake_mask=E"":1}"
      2944,         4,         0,    63.0,exact_mw,a39d26a9c85ff1858873bfad720922f64799219ac1b945519c1902b92db90de0,"{""distance"":7,""physical_error_rate"":0.005}","{""detection_events"":43692,""detectors_checked"":2384640,""obs_mistake_mask=E"":4}"
    823296,         2,         0,   119.2,exact_mw,92a9cd959715f3d5685c6265974e573ec36ff2f173f7490ff1393041d63371cf,"{""distance"":7,""physical_error_rate"":0.0001}","{""detection_events"":251054,""detectors_checked"":666869760,""obs_mistake_mask=E"":2}"
    365568,         2,         0,   120.0,exact_mw,8c54babb212143042928b0eca3852c18ac799bf66eb488a668303745c8494fc5,"{""distance"":7,""physical_error_rate"":0.0005}","{""detection_events"":554468,""detectors_checked"":296110080,""obs_mistake_mask=E"":2}"
     16768,         1,         0,   120.7,exact_mw,98ed6542f5a75ebddbda0ed622fb597fbc85d0a75d139587b6be9a08147ba42d,"{""distance"":7,""physical_error_rate"":0.002}","{""detection_events"":101521,""detectors_checked"":13582080,""obs_mistake_mask=E"":1}"
      3456,        14,         0,   120.1,exact_mw,1713bc804565c0b42ca58c93310b033f01c41dd72e5e9cac9fe58a9188a19ab7,"{""distance"":7,""physical_error_rate"":0.01}","{""detection_events"":100638,""detectors_checked"":2799360,""obs_mistake_mask=E"":14}"
      3456,        15,         0,   120.2,exact_mw,1713bc804565c0b42ca58c93310b033f01c41dd72e5e9cac9fe58a9188a19ab7,"{""distance"":7,""physical_error_rate"":0.01}","{""detection_events"":100749,""detectors_checked"":2799360,""obs_mistake_mask=E"":15}"
     66560,         5,         0,   120.2,exact_mw,d2cc2b129abad1f985b8639603638d6030a837aa2fe57172dffdf28919c1c286,"{""distance"":7,""physical_error_rate"":0.001}","{""detection_events"":202607,""detectors_checked"":53913600,""obs_mistake_mask=E"":5}"
      6272,         3,         0,    45.7,exact_mw,98ed6542f5a75ebddbda0ed622fb597fbc85d0a75d139587b6be9a08147ba42d,"{""distance"":7,""physical_error_rate"":0.002}","{""detection_events"":38013,""detectors_checked"":5080320,""obs_mistake_mask=E"":3}"
    800768,         0,         0,   119.3,exact_mw,92a9cd959715f3d5685c6265974e573ec36ff2f173f7490ff1393041d63371cf,"{""distance"":7,""physical_error_rate"":0.0001}","{""detection_events"":244327,""detectors_checked"":648622080}"
   7697408,         2,         0,   119.0,exact_mw,a212c24da5b34f1b60580734e5e54c4073e302b219bc7e486ff8edc698604c9e,"{""distance"":7,""physical_error_rate"":5e-05}","{""detection_events"":1174715,""detectors_checked"":6234900480,""obs_mistake_mask=E"":2}"
   6423552,         2,         0,   119.2,exact_mw,92a9cd959715f3d5685c6265974e573ec36ff2f173f7490ff1393041d63371cf,"{""distance"":7,""physical_error_rate"":0.0001}","{""detection_events"":1959102,""detectors_checked"":5203077120,""obs_mistake_mask=E"":2}"
   7781376,         0,         0,   119.0,exact_mw,a212c24da5b34f1b60580734e5e54c4073e302b219bc7e486ff8edc698604c9e,"{""distance"":7,""physical_error_rate"":5e-05}","{""detection_events"":1187781,""detectors_checked"":6302914560}"
   2908160,         1,         0,   119.7,exact_mw,26ede523e6354ffb917e832246591ea54a1b9969785b9947b95e2ebb539e2476,"{""distance"":7,""physical_error_rate"":0.0002}","{""detection_events"":1772433,""detectors_checked"":2355609600,""obs_mistake_mask=E"":1}"
   6422528,         1,         0,   119.2,exact_mw,92a9cd959715f3d5685c6265974e573ec36ff2f173f7490ff1393041d63371cf,"{""distance"":7,""physical_error_rate"":0.0001}","{""detection_events"":1954819,""detectors_checked"":5202247680,""obs_mistake_mask=E"":1}"
    345088,         5,         0,   120.1,exact_mw,8c54babb212143042928b0eca3852c18ac799bf66eb488a668303745c8494fc5,"{""distance"":7,""physical_error_rate"":0.0005}","{""detection_events"":526269,""detectors_checked"":279521280,""obs_mistake_mask=E"":5}"
      5504,         6,         0,   120.6,exact_mw,a39d26a9c85ff1858873bfad720922f64799219ac1b945519c1902b92db90de0,"{""distance"":7,""physical_error_rate"":0.005}","{""detection_events"":81182,""detectors_checked"":4458240,""obs_mistake_mask=E"":6}"
    828416,         1,         0,   119.5,exact_mw,92a9cd959715f3d5685c6265974e573ec36ff2f173f7490ff1393041d63371cf,"{""distance"":7,""physical_error_rate"":0.0001}","{""detection_events"":252545,""detectors_checked"":671016960,""obs_mistake_mask=E"":1}"
   2919424,         2,         0,   119.6,exact_mw,26ede523e6354ffb917e832246591ea54a1b9969785b9947b95e2ebb539e2476,"{""distance"":7,""physical_error_rate"":0.0002}","{""detection_events"":1781052,""detectors_checked"":2364733440,""obs_mistake_mask=E"":2}"
     65280,         2,         0,   120.2,exact_mw,d2cc2b129abad1f985b8639603638d6030a837aa2fe57172dffdf28919c1c286,"{""distance"":7,""physical_error_rate"":0.001}","{""detection_events"":198383,""detectors_checked"":52876800,""obs_mistake_mask=E"":2}"
     64000,         0,         0,   120.8,exact_mw,d2cc2b129abad1f985b8639603638d6030a837aa2fe57172dffdf28919c1c286,"{""distance"":7,""physical_error_rate"":0.001}","{""detection_events"":195524,""detectors_checked"":51840000}"
    992256,         0,         0,   119.1,exact_mw,a212c24da5b34f1b60580734e5e54c4073e302b219bc7e486ff8edc698604c9e,"{""distance"":7,""physical_error_rate"":5e-05}","{""detection_events"":150866,""detectors_checked"":803727360}"
      5568,         0,         0,   120.0,exact_mw,a39d26a9c85ff1858873bfad720922f64799219ac1b945519c1902b92db90de0,"{""distance"":7,""physical_error_rate"":0.005}","{""detection_events"":82931,""detectors_checked"":4510080}"
    357376,         3,         0,   120.2,exact_mw,8c54babb212143042928b0eca3852c18ac799bf66eb488a668303745c8494fc5,"{""distance"":7,""physical_error_rate"":0.0005}","{""detection_events"":542246,""detectors_checked"":289474560,""obs_mistake_mask=E"":3}"
   2950144,         6,         0,   119.5,exact_mw,26ede523e6354ffb917e832246591ea54a1b9969785b9947b95e2ebb539e2476,"{""distance"":7,""physical_error_rate"":0.0002}","{""detection_events"":1795760,""detectors_checked"":2389616640,""obs_mistake_mask=E"":6}"
    995328,         0,         0,   119.3,exact_mw,a212c24da5b34f1b60580734e5e54c4073e302b219bc7e486ff8edc698604c9e,"{""distance"":7,""physical_error_rate"":5e-05}","{""detection_events"":152536,""detectors_checked"":806215680}"
      3408,        12,         0,   120.2,exact_mw,1713bc804565c0b42ca58c93310b033f01c41dd72e5e9cac9fe58a9188a19ab7,"{""distance"":7,""physical_error_rate"":0.01}","{""detection_events"":99640,""detectors_checked"":2760480,""obs_mistake_mask=E"":12}"
    995328,         0,         0,   119.2,exact_mw,a212c24da5b34f1b60580734e5e54c4073e302b219bc7e486ff8edc698604c9e,"{""distance"":7,""physical_error_rate"":5e-05}","{""detection_events"":151972,""detectors_checked"":806215680}"
     16064,         2,         0,   120.1,exact_mw,98ed6542f5a75ebddbda0ed622fb597fbc85d0a75d139587b6be9a08147ba42d,"{""distance"":7,""physical_error_rate"":0.002}","{""detection_events"":97112,""detectors_checked"":13011840,""obs_mistake_mask=E"":2}"
   2880512,         4,         0,   119.7,exact_mw,26ede523e6354ffb917e832246591ea54a1b9969785b9947b95e2ebb539e2476,"{""distance"":7,""physical_error_rate"":0.0002}","{""detection_events"":1754442,""detectors_checked"":2333214720,""obs_mistake_mask=E"":4}"
   2924544,         5,         0,   119.6,exact_mw,26ede523e6354ffb917e832246591ea54a1b9969785b9947b95e2ebb539e2476,"{""distance"":7,""physical_error_rate"":0.0002}","{""detection_events"":1780362,""detectors_checked"":2368880640,""obs_mistake_mask=E"":5}"
     65024,         1,         0,   120.8,exact_mw,d2cc2b129abad1f985b8639603638d6030a837aa2fe57172dffdf28919c1c286,"{""distance"":7,""physical_error_rate"":0.001}","{""detection_events"":198524,""detectors_checked"":52669440,""obs_mistake_mask=E"":1}"
    352256,         1,         0,   120.2,exact_mw,8c54babb212143042928b0eca3852c18ac799bf66eb488a668303745c8494fc5,"{""distance"":7,""physical_error_rate"":0.0005}","{""detection_events"":537238,""detectors_checked"":285327360,""obs_mistake_mask=E"":1}"
    350208,         2,         0,   120.1,exact_mw,8c54babb212143042928b0eca3852c18ac799bf66eb488a668303745c8494fc5,"{""distance"":7,""physical_error_rate"":0.0005}","{""detection_events"":531923,""detectors_checked"":283668480,""obs_mistake_mask=E"":2}"
     16768,         2,         0,   121.2,exact_mw,98ed6542f5a75ebddbda0ed622fb597fbc85d0a75d139587b6be9a08147ba42d,"{""distance"":7,""physical_error_rate"":0.002}","{""detection_events"":101030,""detectors_checked"":13582080,""obs_mistake_mask=E"":2}"
    342016,         4,         0,   120.0,exact_mw,8c54babb212143042928b0eca3852c18ac799bf66eb488a668303745c8494fc5,"{""distance"":7,""physical_error_rate"":0.0005}","{""detection_events"":519531,""detectors_checked"":277032960,""obs_mistake_mask=E"":4}"
      8448,         1,         0,    63.1,exact_mw,98ed6542f5a75ebddbda0ed622fb597fbc85d0a75d139587b6be9a08147ba42d,"{""distance"":7,""physical_error_rate"":0.002}","{""detection_events"":51617,""detectors_checked"":6842880,""obs_mistake_mask=E"":1}"
   4733952,         2,         0,    87.7,exact_mw,92a9cd959715f3d5685c6265974e573ec36ff2f173f7490ff1393041d63371cf,"{""distance"":7,""physical_error_rate"":0.0001}","{""detection_events"":1443466,""detectors_checked"":3834501120,""obs_mistake_mask=E"":2}"
      5568,         1,         0,   120.4,exact_mw,a39d26a9c85ff1858873bfad720922f64799219ac1b945519c1902b92db90de0,"{""distance"":7,""physical_error_rate"":0.005}","{""detection_events"":82671,""detectors_checked"":4510080,""obs_mistake_mask=E"":1}"
   5740544,         0,         0,    87.6,exact_mw,a212c24da5b34f1b60580734e5e54c4073e302b219bc7e486ff8edc698604c9e,"{""distance"":7,""physical_error_rate"":5e-05}","{""detection_events"":874066,""detectors_checked"":4649840640}"
      5504,         3,         0,   120.1,exact_mw,a39d26a9c85ff1858873bfad720922f64799219ac1b945519c1902b92db90de0,"{""distance"":7,""physical_error_rate"":0.005}","{""detection_events"":82283,""detectors_checked"":4458240,""obs_mistake_mask=E"":3}"
     16256,         0,         0,   120.2,exact_mw,98ed6542f5a75ebddbda0ed622fb597fbc85d0a75d139587b6be9a08147ba42d,"{""distance"":7,""physical_error_rate"":0.002}","{""detection_events"":98645,""detectors_checked"":13167360}"
      3456,        14,         0,   120.3,exact_mw,1713bc804565c0b42ca58c93310b033f01c41dd72e5e9cac9fe58a9188a19ab7,"{""distance"":7,""physical_error_rate"":0.01}","{""detection_events"":100308,""detectors_checked"":2799360,""obs_mistake_mask=E"":14}"
      1976,         0,         0,   120.5,exact_mw,98ed6542f5a75ebddbda0ed622fb597fbc85d0a75d139587b6be9a08147ba42d,"{""distance"":7,""physical_error_rate"":0.002}","{""detection_events"":12098,""detectors_checked"":1600560}"
      3504,         6,         0,   120.2,exact_mw,1713bc804565c0b42ca58c93310b033f01c41dd72e5e9cac9fe58a9188a19ab7,"{""distance"":7,""physical_error_rate"":0.01}","{""detection_events"":101305,""detectors_checked"":2838240,""obs_mistake_mask=E"":6}"
      2128,         0,         0,   120.6,exact_mw,98ed6542f5a75ebddbda0ed622fb597fbc85d0a75d139587b6be9a08147ba42d,"{""distance"":7,""physical_error_rate"":0.002}","{""detection_events"":12967,""detectors_checked"":1723680}"
     65024,         4,         0,   120.3,exact_mw,d2cc2b129abad1f985b8639603638d6030a837aa2fe57172dffdf28919c1c286,"{""distance"":7,""physical_error_rate"":0.001}","{""detection_events"":196871,""detectors_checked"":52669440,""obs_mistake_mask=E"":4}"
       676,         0,         0,   120.3,exact_mw,a39d26a9c85ff1858873bfad720922f64799219ac1b945519c1902b92db90de0,"{""distance"":7,""physical_error_rate"":0.005}","{""detection_events"":10145,""detectors_checked"":547560}"
     65280,         2,         0,   120.2,exact_mw,d2cc2b129abad1f985b8639603638d6030a837aa2fe57172dffdf28919c1c286,"{""distance"":7,""physical_error_rate"":0.001}","{""detection_events"":198201,""detectors_checked"":52876800,""obs_mistake_mask=E"":2}"
    278528,         0,         0,    88.2,exact_mw,26ede523e6354ffb917e832246591ea54a1b9969785b9947b95e2ebb539e2476,"{""distance"":7,""physical_error_rate"":0.0002}","{""detection_events"":169807,""detectors_checked"":225607680}"
   2915328,         5,         0,   119.6,exact_mw,26ede523e6354ffb917e832246591ea54a1b9969785b9947b95e2ebb539e2476,"{""distance"":7,""physical_error_rate"":0.0002}","{""detection_events"":1779721,""detectors_checked"":2361415680,""obs_mistake_mask=E"":5}"
    819200,         1,         0,   119.1,exact_mw,92a9cd959715f3d5685c6265974e573ec36ff2f173f7490ff1393041d63371cf,"{""distance"":7,""physical_error_rate"":0.0001}","{""detection_events"":250469,""detectors_checked"":663552000,""obs_mistake_mask=E"":1}"
    989184,         0,         0,   119.5,exact_mw,a212c24da5b34f1b60580734e5e54c4073e302b219bc7e486ff8edc698604c9e,"{""distance"":7,""physical_error_rate"":5e-05}","{""detection_events"":150336,""detectors_checked"":801239040}"
     32512,         0,         0,    89.1,exact_mw,8c54babb212143042928b0eca3852c18ac799bf66eb488a668303745c8494fc5,"{""distance"":7,""physical_error_rate"":0.0005}","{""detection_events"":49521,""detectors_checked"":26334720}"
      4160,         3,         0,    88.3,exact_mw,a39d26a9c85ff1858873bfad720922f64799219ac1b945519c1902b92db90de0,"{""distance"":7,""physical_error_rate"":0.005}","{""detection_events"":61692,""detectors_checked"":3369600,""obs_mistake_mask=E"":3}"
     47616,         1,         0,    89.0,exact_mw,d2cc2b129abad1f985b8639603638d6030a837aa2fe57172dffdf28919c1c286,"{""distance"":7,""physical_error_rate"":0.001}","{""detection_events"":146078,""detectors_checked"":38568960,""obs_mistake_mask=E"":1}"
    353280,         4,         0,   120.3,exact_mw,8c54babb212143042928b0eca3852c18ac799bf66eb488a668303745c8494fc5,"{""distance"":7,""physical_error_rate"":0.0005}","{""detection_events"":536201,""detectors_checked"":286156800,""obs_mistake_mask=E"":4}"
       424,         1,         0,   120.2,exact_mw,1713bc804565c0b42ca58c93310b033f01c41dd72e5e9cac9fe58a9188a19ab7,"{""distance"":7,""physical_error_rate"":0.01}","{""detection_events"":12423,""detectors_checked"":343440,""obs_mistake_mask=E"":1}"
      3360,        15,         0,   120.6,exact_mw,1713bc804565c0b42ca58c93310b033f01c41dd72e5e9cac9fe58a9188a19ab7,"{""distance"":7,""physical_error_rate"":0.01}","{""detection_events"":97934,""detectors_checked"":2721600,""obs_mistake_mask=E"":15}"
      5632,         3,         0,   120.1,exact_mw,a39d26a9c85ff1858873bfad720922f64799219ac1b945519c1902b92db90de0,"{""distance"":7,""physical_error_rate"":0.005}","{""detection_events"":83311,""detectors_checked"":4561920,""obs_mistake_mask=E"":3}"
      8000,         0,         0,   120.9,exact_mw,d2cc2b129abad1f985b8639603638d6030a837aa2fe57172dffdf28919c1c286,"{""distance"":7,""physical_error_rate"":0.001}","{""detection_events"":24591,""detectors_checked"":6480000}"
      3392,        12,         0,   120.4,exact_mw,1713bc804565c0b42ca58c93310b033f01c41dd72e5e9cac9fe58a9188a19ab7,"{""distance"":7,""physical_error_rate"":0.01}","{""detection_events"":99048,""detectors_checked"":2747520,""obs_mistake_mask=E"":12}"
     16768,         1,         0,   120.7,exact_mw,98ed6542f5a75ebddbda0ed622fb597fbc85d0a75d139587b6be9a08147ba42d,"{""distance"":7,""physical_error_rate"":0.002}","{""detection_events"":101465,""detectors_checked"":13582080,""obs_mistake_mask=E"":1}"
       668,         0,         0,   120.1,exact_mw,a39d26a9c85ff1858873bfad720922f64799219ac1b945519c1902b92db90de0,"{""distance"":7,""physical_error_rate"":0.005}","{""detection_events"":9787,""detectors_checked"":541080}"
   2970624,         3,         0,   119.5,exact_mw,26ede523e6354ffb917e832246591ea54a1b9969785b9947b95e2ebb539e2476,"{""distance"":7,""physical_error_rate"":0.0002}","{""detection_events"":1810236,""detectors_checked"":2406205440,""obs_mistake_mask=E"":3}"
   6463488,         4,         0,   119.2,exact_mw,92a9cd959715f3d5685c6265974e573ec36ff2f173f7490ff1393041d63371cf,"{""distance"":7,""physical_error_rate"":0.0001}","{""detection_events"":1973344,""detectors_checked"":5235425280,""obs_mistake_mask=E"":4}"
   7763968,         1,         0,   119.2,exact_mw,a212c24da5b34f1b60580734e5e54c4073e302b219bc7e486ff8edc698604c9e,"{""distance"":7,""physical_error_rate"":5e-05}","{""detection_events"":1182893,""detectors_checked"":6288814080,""obs_mistake_mask=E"":1}"
    800768,         0,         0,   119.4,exact_mw,92a9cd959715f3d5685c6265974e573ec36ff2f173f7490ff1393041d63371cf,"{""distance"":7,""physical_error_rate"":0.0001}","{""detection_events"":243986,""detectors_checked"":648622080}"
    354304,         2,         0,   120.3,exact_mw,8c54babb212143042928b0eca3852c18ac799bf66eb488a668303745c8494fc5,"{""distance"":7,""physical_error_rate"":0.0005}","{""detection_events"":540865,""detectors_checked"":286986240,""obs_mistake_mask=E"":2}"
      3440,        15,         0,   120.2,exact_mw,1713bc804565c0b42ca58c93310b033f01c41dd72e5e9cac9fe58a9188a19ab7,"{""distance"":7,""physical_error_rate"":0.01}","{""detection_events"":100544,""detectors_checked"":2786400,""obs_mistake_mask=E"":15}"
     16512,         3,         0,   120.9,exact_mw,98ed6542f5a75ebddbda0ed622fb597fbc85d0a75d139587b6be9a08147ba42d,"{""distance"":7,""physical_error_rate"":0.002}","{""detection_events"":99231,""detectors_checked"":13374720,""obs_mistake_mask=E"":3}"
      3440,        14,         0,   120.2,exact_mw,1713bc804565c0b42ca58c93310b033f01c41dd72e5e9cac9fe58a9188a19ab7,"{""distance"":7,""physical_error_rate"":0.01}","{""detection_events"":100604,""detectors_checked"":2786400,""obs_mistake_mask=E"":14}"
     66560,         1,         0,   120.7,exact_mw,d2cc2b129abad1f985b8639603638d6030a837aa2fe57172dffdf28919c1c286,"{""distance"":7,""physical_error_rate"":0.001}","{""detection_events"":202225,""detectors_checked"":53913600,""obs_mistake_mask=E"":1}"
    811008,         0,         0,   119.3,exact_mw,92a9cd959715f3d5685c6265974e573ec36ff2f173f7490ff1393041d63371cf,"{""distance"":7,""physical_error_rate"":0.0001}","{""detection_events"":248192,""detectors_checked"":656916480}"
     12416,         4,         0,    88.7,exact_mw,98ed6542f5a75ebddbda0ed622fb597fbc85d0a75d139587b6be9a08147ba42d,"{""distance"":7,""physical_error_rate"":0.002}","{""detection_events"":74550,""detectors_checked"":10056960,""obs_mistake_mask=E"":4}"
   7775232,         0,         0,   119.0,exact_mw,a212c24da5b34f1b60580734e5e54c4073e302b219bc7e486ff8edc698604c9e,"{""distance"":7,""physical_error_rate"":5e-05}","{""detection_events"":1186309,""detectors_checked"":6297937920}"
   6441984,         3,         0,   119.3,exact_mw,92a9cd959715f3d5685c6265974e573ec36ff2f173f7490ff1393041d63371cf,"{""distance"":7,""physical_error_rate"":0.0001}","{""detection_events"":1963089,""detectors_checked"":5218007040,""obs_mistake_mask=E"":3}"
   7763968,         0,         0,   119.1,exact_mw,a212c24da5b34f1b60580734e5e54c4073e302b219bc7e486ff8edc698604c9e,"{""distance"":7,""physical_error_rate"":5e-05}","{""detection_events"":1185770,""detectors_checked"":6288814080}"
   2949120,         7,         0,   119.6,exact_mw,26ede523e6354ffb917e832246591ea54a1b9969785b9947b95e2ebb539e2476,"{""distance"":7,""physical_error_rate"":0.0002}","{""detection_events"":1798841,""detectors_checked"":2388787200,""obs_mistake_mask=E"":7}"
   6481920,         1,         0,   119.2,exact_mw,92a9cd959715f3d5685c6265974e573ec36ff2f173f7490ff1393041d63371cf,"{""distance"":7,""physical_error_rate"":0.0001}","{""detection_events"":1976435,""detectors_checked"":5250355200,""obs_mistake_mask=E"":1}"
    342016,         2,         0,   120.2,exact_mw,8c54babb212143042928b0eca3852c18ac799bf66eb488a668303745c8494fc5,"{""distance"":7,""physical_error_rate"":0.0005}","{""detection_events"":522312,""detectors_checked"":277032960,""obs_mistake_mask=E"":2}"
      5472,         6,         0,   120.0,exact_mw,a39d26a9c85ff1858873bfad720922f64799219ac1b945519c1902b92db90de0,"{""distance"":7,""physical_error_rate"":0.005}","{""detection_events"":80906,""detectors_checked"":4432320,""obs_mistake_mask=E"":6}"
    817152,         1,         0,   118.8,exact_mw,92a9cd959715f3d5685c6265974e573ec36ff2f173f7490ff1393041d63371cf,"{""distance"":7,""physical_error_rate"":0.0001}","{""detection_events"":248630,""detectors_checked"":661893120,""obs_mistake_mask=E"":1}"
   2944000,         3,         0,   119.6,exact_mw,26ede523e6354ffb917e832246591ea54a1b9969785b9947b95e2ebb539e2476,"{""distance"":7,""physical_error_rate"":0.0002}","{""detection_events"":1795672,""detectors_checked"":2384640000,""obs_mistake_mask=E"":3}"
     65536,         5,         0,   120.3,exact_mw,d2cc2b129abad1f985b8639603638d6030a837aa2fe57172dffdf28919c1c286,"{""distance"":7,""physical_error_rate"":0.001}","{""detection_events"":199262,""detectors_checked"":53084160,""obs_mistake_mask=E"":5}"
     63488,         4,         0,   120.4,exact_mw,d2cc2b129abad1f985b8639603638d6030a837aa2fe57172dffdf28919c1c286,"{""distance"":7,""physical_error_rate"":0.001}","{""detection_events"":194601,""detectors_checked"":51425280,""obs_mistake_mask=E"":4}"
    993280,         0,         0,   119.2,exact_mw,a212c24da5b34f1b60580734e5e54c4073e302b219bc7e486ff8edc698604c9e,"{""distance"":7,""physical_error_rate"":5e-05}","{""detection_events"":151451,""detectors_checked"":804556800}"
    352256,         1,         0,   120.0,exact_mw,8c54babb212143042928b0eca3852c18ac799bf66eb488a668303745c8494fc5,"{""distance"":7,""physical_error_rate"":0.0005}","{""detection_events"":538704,""detectors_checked"":285327360,""obs_mistake_mask=E"":1}"
      5504,         6,         0,   120.4,exact_mw,a39d26a9c85ff1858873bfad720922f64799219ac1b945519c1902b92db90de0,"{""distance"":7,""physical_error_rate"":0.005}","{""detection_events"":82242,""detectors_checked"":4458240,""obs_mistake_mask=E"":6}"
   2906112,         3,         0,   119.6,exact_mw,26ede523e6354ffb917e832246591ea54a1b9969785b9947b95e2ebb539e2476,"{""distance"":7,""physical_error_rate"":0.0002}","{""detection_events"":1769238,""detectors_checked"":2353950720,""obs_mistake_mask=E"":3}"
    992256,         0,         0,   119.0,exact_mw,a212c24da5b34f1b60580734e5e54c4073e302b219bc7e486ff8edc698604c9e,"{""distance"":7,""physical_error_rate"":5e-05}","{""detection_events"":152337,""detectors_checked"":803727360}"
      3408,         9,         0,   120.2,exact_mw,1713bc804565c0b42ca58c93310b033f01c41dd72e5e9cac9fe58a9188a19ab7,"{""distance"":7,""physical_error_rate"":0.01}","{""detection_events"":99504,""detectors_checked"":2760480,""obs_mistake_mask=E"":9}"
    987136,         0,         0,   119.3,exact_mw,a212c24da5b34f1b60580734e5e54c4073e302b219bc7e486ff8edc698604c9e,"{""distance"":7,""physical_error_rate"":5e-05}","{""detection_events"":150574,""detectors_checked"":799580160}"
   2879488,         2,         0,   119.6,exact_mw,26ede523e6354ffb917e832246591ea54a1b9969785b9947b95e2ebb539e2476,"{""distance"":7,""physical_error_rate"":0.0002}","{""detection_events"":1756022,""detectors_checked"":2332385280,""obs_mistake_mask=E"":2}"
     16512,         2,         0,   120.6,exact_mw,98ed6542f5a75ebddbda0ed622fb597fbc85d0a75d139587b6be9a08147ba42d,"{""distance"":7,""physical_error_rate"":0.002}","{""detection_events"":100191,""detectors_checked"":13374720,""obs_mistake_mask=E"":2}"
   2945024,         8,         0,   119.6,exact_mw,26ede523e6354ffb917e832246591ea54a1b9969785b9947b95e2ebb539e2476,"{""distance"":7,""physical_error_rate"":0.0002}","{""detection_events"":1794412,""detectors_checked"":2385469440,""obs_mistake_mask=E"":8}"
     64000,         2,         0,   120.3,exact_mw,d2cc2b129abad1f985b8639603638d6030a837aa2fe57172dffdf28919c1c286,"{""distance"":7,""physical_error_rate"":0.001}","{""detection_events"":195277,""detectors_checked"":51840000,""obs_mistake_mask=E"":2}"
    351232,         2,         0,   120.0,exact_mw,8c54babb212143042928b0eca3852c18ac799bf66eb488a668303745c8494fc5,"{""distance"":7,""physical_error_rate"":0.0005}","{""detection_events"":535743,""detectors_checked"":284497920,""obs_mistake_mask=E"":2}"
    346112,         2,         0,   120.2,exact_mw,8c54babb212143042928b0eca3852c18ac799bf66eb488a668303745c8494fc5,"{""distance"":7,""physical_error_rate"":0.0005}","{""detection_events"":527361,""detectors_checked"":280350720,""obs_mistake_mask=E"":2}"
    337920,         4,         0,   120.1,exact_mw,8c54babb212143042928b0eca3852c18ac799bf66eb488a668303745c8494fc5,"{""distance"":7,""physical_error_rate"":0.0005}","{""detection_events"":515014,""detectors_checked"":273715200,""obs_mistake_mask=E"":4}"
     16384,         5,         0,   120.6,exact_mw,98ed6542f5a75ebddbda0ed622fb597fbc85d0a75d139587b6be9a08147ba42d,"{""distance"":7,""physical_error_rate"":0.002}","{""detection_events"":99524,""detectors_checked"":13271040,""obs_mistake_mask=E"":5}"
   6462464,         3,         0,   119.3,exact_mw,92a9cd959715f3d5685c6265974e573ec36ff2f173f7490ff1393041d63371cf,"{""distance"":7,""physical_error_rate"":0.0001}","{""detection_events"":1969931,""detectors_checked"":5234595840,""obs_mistake_mask=E"":3}"
   7792640,         0,         0,   119.1,exact_mw,a212c24da5b34f1b60580734e5e54c4073e302b219bc7e486ff8edc698604c9e,"{""distance"":7,""physical_error_rate"":5e-05}","{""detection_events"":1187301,""detectors_checked"":6312038400}"
      5568,         5,         0,   120.4,exact_mw,a39d26a9c85ff1858873bfad720922f64799219ac1b945519c1902b92db90de0,"{""distance"":7,""physical_error_rate"":0.005}","{""detection_events"":82493,""detectors_checked"":4510080,""obs_mistake_mask=E"":5}"
      5472,         5,         0,   120.0,exact_mw,a39d26a9c85ff1858873bfad720922f64799219ac1b945519c1902b92db90de0,"{""distance"":7,""physical_error_rate"":0.005}","{""detection_events"":81713,""detectors_checked"":4432320,""obs_mistake_mask=E"":5}"
     16384,         3,         0,   120.4,exact_mw,98ed6542f5a75ebddbda0ed622fb597fbc85d0a75d139587b6be9a08147ba42d,"{""distance"":7,""physical_error_rate"":0.002}","{""detection_events"":99065,""detectors_checked"":13271040,""obs_mistake_mask=E"":3}"
      3376,        10,         0,   120.7,exact_mw,1713bc804565c0b42ca58c93310b033f01c41dd72e5e9cac9fe58a9188a19ab7,"{""distance"":7,""physical_error_rate"":0.01}","{""detection_events"":98649,""detectors_checked"":2734560,""obs_mistake_mask=E"":10}"
      2680,         0,         0,   120.2,exact_mw,98ed6542f5a75ebddbda0ed622fb597fbc85d0a75d139587b6be9a08147ba42d,"{""distance"":7,""physical_error_rate"":0.002}","{""detection_events"":16307,""detectors_checked"":2170800}"
      3424,        13,         0,   120.4,exact_mw,1713bc804565c0b42ca58c93310b033f01c41dd72e5e9cac9fe58a9188a19ab7,"{""distance"":7,""physical_error_rate"":0.01}","{""detection_events"":99430,""detectors_checked"":2773440,""obs_mistake_mask=E"":13}"
      2228,         0,         0,   120.2,exact_mw,98ed6542f5a75ebddbda0ed622fb597fbc85d0a75d139587b6be9a08147ba42d,"{""distance"":7,""physical_error_rate"":0.002}","{""detection_events"":13344,""detectors_checked"":1804680}"
     65024,         4,         0,   120.7,exact_mw,d2cc2b129abad1f985b8639603638d6030a837aa2fe57172dffdf28919c1c286,"{""distance"":7,""physical_error_rate"":0.001}","{""detection_events"":197652,""detectors_checked"":52669440,""obs_mistake_mask=E"":4}"
       712,         0,         0,   120.7,exact_mw,a39d26a9c85ff1858873bfad720922f64799219ac1b945519c1902b92db90de0,"{""distance"":7,""physical_error_rate"":0.005}","{""detection_events"":10760,""detectors_checked"":576720}"
     64000,         3,         0,   120.6,exact_mw,d2cc2b129abad1f985b8639603638d6030a837aa2fe57172dffdf28919c1c286,"{""distance"":7,""physical_error_rate"":0.001}","{""detection_events"":194928,""detectors_checked"":51840000,""obs_mistake_mask=E"":3}"
    565248,         0,         0,   119.7,exact_mw,26ede523e6354ffb917e832246591ea54a1b9969785b9947b95e2ebb539e2476,"{""distance"":7,""physical_error_rate"":0.0002}","{""detection_events"":345182,""detectors_checked"":457850880}"
   2698240,         0,         0,   119.6,exact_mw,26ede523e6354ffb917e832246591ea54a1b9969785b9947b95e2ebb539e2476,"{""distance"":7,""physical_error_rate"":0.0002}","{""detection_events"":1644363,""detectors_checked"":2185574400}"
    921600,         0,         0,   118.5,exact_mw,92a9cd959715f3d5685c6265974e573ec36ff2f173f7490ff1393041d63371cf,"{""distance"":7,""physical_error_rate"":0.0001}","{""detection_events"":280348,""detectors_checked"":746496000}"
   1081344,         0,         0,   119.3,exact_mw,a212c24da5b34f1b60580734e5e54c4073e302b219bc7e486ff8edc698604c9e,"{""distance"":7,""physical_error_rate"":5e-05}","{""detection_events"":164363,""detectors_checked"":875888640}"
     72704,         2,         0,   120.2,exact_mw,8c54babb212143042928b0eca3852c18ac799bf66eb488a668303745c8494fc5,"{""distance"":7,""physical_error_rate"":0.0005}","{""detection_events"":110226,""detectors_checked"":58890240,""obs_mistake_mask=E"":2}"
      5600,         5,         0,   120.2,exact_mw,a39d26a9c85ff1858873bfad720922f64799219ac1b945519c1902b92db90de0,"{""distance"":7,""physical_error_rate"":0.005}","{""detection_events"":83501,""detectors_checked"":4536000,""obs_mistake_mask=E"":5}"
     65024,         4,         0,   120.7,exact_mw,d2cc2b129abad1f985b8639603638d6030a837aa2fe57172dffdf28919c1c286,"{""distance"":7,""physical_error_rate"":0.001}","{""detection_events"":197833,""detectors_checked"":52669440,""obs_mistake_mask=E"":4}"
    339968,         6,         0,   120.0,exact_mw,8c54babb212143042928b0eca3852c18ac799bf66eb488a668303745c8494fc5,"{""distance"":7,""physical_error_rate"":0.0005}","{""detection_events"":517423,""detectors_checked"":275374080,""obs_mistake_mask=E"":6}"
       642,         1,         0,   119.9,exact_mw,1713bc804565c0b42ca58c93310b033f01c41dd72e5e9cac9fe58a9188a19ab7,"{""distance"":7,""physical_error_rate"":0.01}","{""detection_events"":18574,""detectors_checked"":520020,""obs_mistake_mask=E"":1}"
      2844,        10,         0,   120.3,exact_mw,1713bc804565c0b42ca58c93310b033f01c41dd72e5e9cac9fe58a9188a19ab7,"{""distance"":7,""physical_error_rate"":0.01}","{""detection_events"":82689,""detectors_checked"":2303640,""obs_mistake_mask=E"":10}"
      5696,         5,         0,   120.4,exact_mw,a39d26a9c85ff1858873bfad720922f64799219ac1b945519c1902b92db90de0,"{""distance"":7,""physical_error_rate"":0.005}","{""detection_events"":84762,""detectors_checked"":4613760,""obs_mistake_mask=E"":5}"
      3360,         6,         0,   120.3,exact_mw,1713bc804565c0b42ca58c93310b033f01c41dd72e5e9cac9fe58a9188a19ab7,"{""distance"":7,""physical_error_rate"":0.01}","{""detection_events"":98538,""detectors_checked"":2721600,""obs_mistake_mask=E"":6}"
      8960,         0,         0,   120.7,exact_mw,d2cc2b129abad1f985b8639603638d6030a837aa2fe57172dffdf28919c1c286,"{""distance"":7,""physical_error_rate"":0.001}","{""detection_events"":27276,""detectors_checked"":7257600}"
     16512,         2,         0,   120.1,exact_mw,98ed6542f5a75ebddbda0ed622fb597fbc85d0a75d139587b6be9a08147ba42d,"{""distance"":7,""physical_error_rate"":0.002}","{""detection_events"":99594,""detectors_checked"":13374720,""obs_mistake_mask=E"":2}"
       828,         1,         0,   120.1,exact_mw,a39d26a9c85ff1858873bfad720922f64799219ac1b945519c1902b92db90de0,"{""distance"":7,""physical_error_rate"":0.005}","{""detection_events"":12527,""detectors_checked"":670680,""obs_mistake_mask=E"":1}"
   2865152,         1,         0,   119.7,exact_mw,26ede523e6354ffb917e832246591ea54a1b9969785b9947b95e2ebb539e2476,"{""distance"":7,""physical_error_rate"":0.0002}","{""detection_events"":1744215,""detectors_checked"":2320773120,""obs_mistake_mask=E"":1}"
   6429696,         2,         0,   119.1,exact_mw,92a9cd959715f3d5685c6265974e573ec36ff2f173f7490ff1393041d63371cf,"{""distance"":7,""physical_error_rate"":0.0001}","{""detection_events"":1954426,""detectors_checked"":5208053760,""obs_mistake_mask=E"":2}"
   7870464,         1,         0,   119.1,exact_mw,a212c24da5b34f1b60580734e5e54c4073e302b219bc7e486ff8edc698604c9e,"{""distance"":7,""physical_error_rate"":5e-05}","{""detection_events"":1201362,""detectors_checked"":6375075840,""obs_mistake_mask=E"":1}"
   2618368,         3,         0,   119.3,exact_mw,92a9cd959715f3d5685c6265974e573ec36ff2f173f7490ff1393041d63371cf,"{""distance"":7,""physical_error_rate"":0.0001}","{""detection_events"":796947,""detectors_checked"":2120878080,""obs_mistake_mask=E"":3}"
    352256,         3,         0,   120.2,exact_mw,8c54babb212143042928b0eca3852c18ac799bf66eb488a668303745c8494fc5,"{""distance"":7,""physical_error_rate"":0.0005}","{""detection_events"":535996,""detectors_checked"":285327360,""obs_mistake_mask=E"":3}"
      3376,        14,         0,   120.5,exact_mw,1713bc804565c0b42ca58c93310b033f01c41dd72e5e9cac9fe58a9188a19ab7,"{""distance"":7,""physical_error_rate"":0.01}","{""detection_events"":99424,""detectors_checked"":2734560,""obs_mistake_mask=E"":14}"
     16768,         2,         0,   120.2,exact_mw,98ed6542f5a75ebddbda0ed622fb597fbc85d0a75d139587b6be9a08147ba42d,"{""distance"":7,""physical_error_rate"":0.002}","{""detection_events"":100705,""detectors_checked"":13582080,""obs_mistake_mask=E"":2}"
      3488,         6,         0,   120.2,exact_mw,1713bc804565c0b42ca58c93310b033f01c41dd72e5e9cac9fe58a9188a19ab7,"{""distance"":7,""physical_error_rate"":0.01}","{""detection_events"":101525,""detectors_checked"":2825280,""obs_mistake_mask=E"":6}"
     66048,         3,         0,   120.6,exact_mw,d2cc2b129abad1f985b8639603638d6030a837aa2fe57172dffdf28919c1c286,"{""distance"":7,""physical_error_rate"":0.001}","{""detection_events"":200131,""detectors_checked"":53498880,""obs_mistake_mask=E"":3}"
    969728,         0,         0,   119.0,exact_mw,92a9cd959715f3d5685c6265974e573ec36ff2f173f7490ff1393041d63371cf,"{""distance"":7,""physical_error_rate"":0.0001}","{""detection_events"":295088,""detectors_checked"":785479680}"
     16512,         2,         0,   120.7,exact_mw,98ed6542f5a75ebddbda0ed622fb597fbc85d0a75d139587b6be9a08147ba42d,"{""distance"":7,""physical_error_rate"":0.002}","{""detection_events"":99368,""detectors_checked"":13374720,""obs_mistake_mask=E"":2}"
   7782400,         2,         0,   119.0,exact_mw,a212c24da5b34f1b60580734e5e54c4073e302b219bc7e486ff8edc698604c9e,"{""distance"":7,""physical_error_rate"":5e-05}","{""detection_events"":1186763,""detectors_checked"":6303744000,""obs_mistake_mask=E"":2}"
   5584896,         0,         0,   119.3,exact_mw,92a9cd959715f3d5685c6265974e573ec36ff2f173f7490ff1393041d63371cf,"{""distance"":7,""physical_error_rate"":0.0001}","{""detection_events"":1702223,""detectors_checked"":4523765760}"
   6780928,         2,         0,   119.0,exact_mw,a212c24da5b34f1b60580734e5e54c4073e302b219bc7e486ff8edc698604c9e,"{""distance"":7,""physical_error_rate"":5e-05}","{""detection_events"":1032946,""detectors_checked"":5492551680,""obs_mistake_mask=E"":2}"
   2805760,        10,         0,   119.5,exact_mw,26ede523e6354ffb917e832246591ea54a1b9969785b9947b95e2ebb539e2476,"{""distance"":7,""physical_error_rate"":0.0002}","{""detection_events"":1711277,""detectors_checked"":2272665600,""obs_mistake_mask=E"":10}"
   6386688,         0,         0,   119.1,exact_mw,92a9cd959715f3d5685c6265974e573ec36ff2f173f7490ff1393041d63371cf,"{""distance"":7,""physical_error_rate"":0.0001}","{""detection_events"":1951862,""detectors_checked"":5173217280}"
    335872,         3,         0,   120.2,exact_mw,8c54babb212143042928b0eca3852c18ac799bf66eb488a668303745c8494fc5,"{""distance"":7,""physical_error_rate"":0.0005}","{""detection_events"":510545,""detectors_checked"":272056320,""obs_mistake_mask=E"":3}"
      5280,         3,         0,   120.1,exact_mw,a39d26a9c85ff1858873bfad720922f64799219ac1b945519c1902b92db90de0,"{""distance"":7,""physical_error_rate"":0.005}","{""detection_events"":79102,""detectors_checked"":4276800,""obs_mistake_mask=E"":3}"
   5509120,         0,         0,   119.2,exact_mw,92a9cd959715f3d5685c6265974e573ec36ff2f173f7490ff1393041d63371cf,"{""distance"":7,""physical_error_rate"":0.0001}","{""detection_events"":1679154,""detectors_checked"":4462387200}"
   2968576,         4,         0,   119.6,exact_mw,26ede523e6354ffb917e832246591ea54a1b9969785b9947b95e2ebb539e2476,"{""distance"":7,""physical_error_rate"":0.0002}","{""detection_events"":1809147,""detectors_checked"":2404546560,""obs_mistake_mask=E"":4}"
     64768,         0,         0,   121.0,exact_mw,d2cc2b129abad1f985b8639603638d6030a837aa2fe57172dffdf28919c1c286,"{""distance"":7,""physical_error_rate"":0.001}","{""detection_events"":196935,""detectors_checked"":52462080}"
     61952,         1,         0,   120.4,exact_mw,d2cc2b129abad1f985b8639603638d6030a837aa2fe57172dffdf28919c1c286,"{""distance"":7,""physical_error_rate"":0.001}","{""detection_events"":188566,""detectors_checked"":50181120,""obs_mistake_mask=E"":1}"
   7020544,         0,         0,   118.9,exact_mw,a212c24da5b34f1b60580734e5e54c4073e302b219bc7e486ff8edc698604c9e,"{""distance"":7,""physical_error_rate"":5e-05}","{""detection_events"":1072445,""detectors_checked"":5686640640}"
    330752,         1,         0,   120.0,exact_mw,8c54babb212143042928b0eca3852c18ac799bf66eb488a668303745c8494fc5,"{""distance"":7,""physical_error_rate"":0.0005}","{""detection_events"":503003,""detectors_checked"":267909120,""obs_mistake_mask=E"":1}"
   1461248,         1,         0,   119.8,exact_mw,26ede523e6354ffb917e832246591ea54a1b9969785b9947b95e2ebb539e2476,"{""distance"":7,""physical_error_rate"":0.0002}","{""detection_events"":889697,""detectors_checked"":1183610880,""obs_mistake_mask=E"":1}"
      5152,         1,         0,   120.5,exact_mw,a39d26a9c85ff1858873bfad720922f64799219ac1b945519c1902b92db90de0,"{""distance"":7,""physical_error_rate"":0.005}","{""detection_events"":76908,""detectors_checked"":4173120,""obs_mistake_mask=E"":1}"
   3190784,         0,         0,   119.0,exact_mw,a212c24da5b34f1b60580734e5e54c4073e302b219bc7e486ff8edc698604c9e,"{""distance"":7,""physical_error_rate"":5e-05}","{""detection_events"":487116,""detectors_checked"":2584535040}"
      3168,        19,         0,   120.1,exact_mw,1713bc804565c0b42ca58c93310b033f01c41dd72e5e9cac9fe58a9188a19ab7,"{""distance"":7,""physical_error_rate"":0.01}","{""detection_events"":92197,""detectors_checked"":2566080,""obs_mistake_mask=E"":19}"
   2831360,         1,         0,   119.5,exact_mw,a212c24da5b34f1b60580734e5e54c4073e302b219bc7e486ff8edc698604c9e,"{""distance"":7,""physical_error_rate"":5e-05}","{""detection_events"":433734,""detectors_checked"":2293401600,""obs_mistake_mask=E"":1}"
   2869248,         4,         0,   119.6,exact_mw,26ede523e6354ffb917e832246591ea54a1b9969785b9947b95e2ebb539e2476,"{""distance"":7,""physical_error_rate"":0.0002}","{""detection_events"":1746634,""detectors_checked"":2324090880,""obs_mistake_mask=E"":4}"
     15360,         1,         0,   120.1,exact_mw,98ed6542f5a75ebddbda0ed622fb597fbc85d0a75d139587b6be9a08147ba42d,"{""distance"":7,""physical_error_rate"":0.002}","{""detection_events"":93268,""detectors_checked"":12441600,""obs_mistake_mask=E"":1}"
   2805760,         3,         0,   119.6,exact_mw,26ede523e6354ffb917e832246591ea54a1b9969785b9947b95e2ebb539e2476,"{""distance"":7,""physical_error_rate"":0.0002}","{""detection_events"":1712475,""detectors_checked"":2272665600,""obs_mistake_mask=E"":3}"
     55552,         2,         0,   120.4,exact_mw,d2cc2b129abad1f985b8639603638d6030a837aa2fe57172dffdf28919c1c286,"{""distance"":7,""physical_error_rate"":0.001}","{""detection_events"":169642,""detectors_checked"":44997120,""obs_mistake_mask=E"":2}"
     66176,         0,         0,   120.1,exact_mw,8c54babb212143042928b0eca3852c18ac799bf66eb488a668303745c8494fc5,"{""distance"":7,""physical_error_rate"":0.0005}","{""detection_events"":100733,""detectors_checked"":53602560}"
     52864,         0,         0,   120.1,exact_mw,8c54babb212143042928b0eca3852c18ac799bf66eb488a668303745c8494fc5,"{""distance"":7,""physical_error_rate"":0.0005}","{""detection_events"":80482,""detectors_checked"":42819840}"
    338944,         1,         0,   120.2,exact_mw,8c54babb212143042928b0eca3852c18ac799bf66eb488a668303745c8494fc5,"{""distance"":7,""physical_error_rate"":0.0005}","{""detection_events"":513317,""detectors_checked"":274544640,""obs_mistake_mask=E"":1}"
     16000,         4,         0,   120.0,exact_mw,98ed6542f5a75ebddbda0ed622fb597fbc85d0a75d139587b6be9a08147ba42d,"{""distance"":7,""physical_error_rate"":0.002}","{""detection_events"":96568,""detectors_checked"":12960000,""obs_mistake_mask=E"":4}"
   6386688,         4,         0,   119.2,exact_mw,92a9cd959715f3d5685c6265974e573ec36ff2f173f7490ff1393041d63371cf,"{""distance"":7,""physical_error_rate"":0.0001}","{""detection_events"":1947046,""detectors_checked"":5173217280,""obs_mistake_mask=E"":4}"
   7824384,         0,         0,   119.2,exact_mw,a212c24da5b34f1b60580734e5e54c4073e302b219bc7e486ff8edc698604c9e,"{""distance"":7,""physical_error_rate"":5e-05}","{""detection_events"":1189999,""detectors_checked"":6337751040}"
      5504,         0,         0,   120.4,exact_mw,a39d26a9c85ff1858873bfad720922f64799219ac1b945519c1902b92db90de0,"{""distance"":7,""physical_error_rate"":0.005}","{""detection_events"":81913,""detectors_checked"":4458240}"
      5440,         3,         0,   120.1,exact_mw,a39d26a9c85ff1858873bfad720922f64799219ac1b945519c1902b92db90de0,"{""distance"":7,""physical_error_rate"":0.005}","{""detection_events"":80747,""detectors_checked"":4406400,""obs_mistake_mask=E"":3}"
     16256,         1,         0,   120.4,exact_mw,98ed6542f5a75ebddbda0ed622fb597fbc85d0a75d139587b6be9a08147ba42d,"{""distance"":7,""physical_error_rate"":0.002}","{""detection_events"":97640,""detectors_checked"":13167360,""obs_mistake_mask=E"":1}"
      3088,         9,         0,   120.3,exact_mw,1713bc804565c0b42ca58c93310b033f01c41dd72e5e9cac9fe58a9188a19ab7,"{""distance"":7,""physical_error_rate"":0.01}","{""detection_events"":89966,""detectors_checked"":2501280,""obs_mistake_mask=E"":9}"
      3376,        14,         0,   120.3,exact_mw,1713bc804565c0b42ca58c93310b033f01c41dd72e5e9cac9fe58a9188a19ab7,"{""distance"":7,""physical_error_rate"":0.01}","{""detection_events"":98201,""detectors_checked"":2734560,""obs_mistake_mask=E"":14}"
      6224,         0,         0,   120.2,exact_mw,98ed6542f5a75ebddbda0ed622fb597fbc85d0a75d139587b6be9a08147ba42d,"{""distance"":7,""physical_error_rate"":0.002}","{""detection_events"":37185,""detectors_checked"":5041440}"
      2408,         0,         0,   120.4,exact_mw,98ed6542f5a75ebddbda0ed622fb597fbc85d0a75d139587b6be9a08147ba42d,"{""distance"":7,""physical_error_rate"":0.002}","{""detection_events"":14112,""detectors_checked"":1950480}"
     62720,         2,         0,   120.1,exact_mw,d2cc2b129abad1f985b8639603638d6030a837aa2fe57172dffdf28919c1c286,"{""distance"":7,""physical_error_rate"":0.001}","{""detection_events"":191389,""detectors_checked"":50803200,""obs_mistake_mask=E"":2}"
       736,         2,         0,   120.4,exact_mw,a39d26a9c85ff1858873bfad720922f64799219ac1b945519c1902b92db90de0,"{""distance"":7,""physical_error_rate"":0.005}","{""detection_events"":10862,""detectors_checked"":596160,""obs_mistake_mask=E"":2}"
     64512,         2,         0,   120.8,exact_mw,d2cc2b129abad1f985b8639603638d6030a837aa2fe57172dffdf28919c1c286,"{""distance"":7,""physical_error_rate"":0.001}","{""detection_events"":195886,""detectors_checked"":52254720,""obs_mistake_mask=E"":2}"
   2797568,         6,         0,   119.7,exact_mw,26ede523e6354ffb917e832246591ea54a1b9969785b9947b95e2ebb539e2476,"{""distance"":7,""physical_error_rate"":0.0002}","{""detection_events"":1705647,""detectors_checked"":2266030080,""obs_mistake_mask=E"":6}"
    883712,         0,         0,   119.5,exact_mw,92a9cd959715f3d5685c6265974e573ec36ff2f173f7490ff1393041d63371cf,"{""distance"":7,""physical_error_rate"":0.0001}","{""detection_events"":270871,""detectors_checked"":715806720}"
    405504,         0,         0,   120.2,exact_mw,26ede523e6354ffb917e832246591ea54a1b9969785b9947b95e2ebb539e2476,"{""distance"":7,""physical_error_rate"":0.0002}","{""detection_events"":246516,""detectors_checked"":328458240}"
   1062912,         0,         0,   119.0,exact_mw,a212c24da5b34f1b60580734e5e54c4073e302b219bc7e486ff8edc698604c9e,"{""distance"":7,""physical_error_rate"":5e-05}","{""detection_events"":163318,""detectors_checked"":860958720}"
    344064,         2,         0,   120.0,exact_mw,8c54babb212143042928b0eca3852c18ac799bf66eb488a668303745c8494fc5,"{""distance"":7,""physical_error_rate"":0.0005}","{""detection_events"":524212,""detectors_checked"":278691840,""obs_mistake_mask=E"":2}"
      5632,         5,         0,   120.3,exact_mw,a39d26a9c85ff1858873bfad720922f64799219ac1b945519c1902b92db90de0,"{""distance"":7,""physical_error_rate"":0.005}","{""detection_events"":84343,""detectors_checked"":4561920,""obs_mistake_mask=E"":5}"
     66304,         0,         0,   120.4,exact_mw,d2cc2b129abad1f985b8639603638d6030a837aa2fe57172dffdf28919c1c286,"{""distance"":7,""physical_error_rate"":0.001}","{""detection_events"":201576,""detectors_checked"":53706240}"
    347136,         5,         0,   120.1,exact_mw,8c54babb212143042928b0eca3852c18ac799bf66eb488a668303745c8494fc5,"{""distance"":7,""physical_error_rate"":0.0005}","{""detection_events"":527718,""detectors_checked"":281180160,""obs_mistake_mask=E"":5}"
       458,         2,         0,   120.2,exact_mw,1713bc804565c0b42ca58c93310b033f01c41dd72e5e9cac9fe58a9188a19ab7,"{""distance"":7,""physical_error_rate"":0.01}","{""detection_events"":13239,""detectors_checked"":370980,""obs_mistake_mask=E"":2}"
       434,         2,         0,   119.8,exact_mw,1713bc804565c0b42ca58c93310b033f01c41dd72e5e9cac9fe58a9188a19ab7,"{""distance"":7,""physical_error_rate"":0.01}","{""detection_events"":12536,""detectors_checked"":351540,""obs_mistake_mask=E"":2}"
      5696,         4,         0,   120.4,exact_mw,a39d26a9c85ff1858873bfad720922f64799219ac1b945519c1902b92db90de0,"{""distance"":7,""physical_error_rate"":0.005}","{""detection_events"":85171,""detectors_checked"":4613760,""obs_mistake_mask=E"":4}"
      3456,         9,         0,   120.5,exact_mw,1713bc804565c0b42ca58c93310b033f01c41dd72e5e9cac9fe58a9188a19ab7,"{""distance"":7,""physical_error_rate"":0.01}","{""detection_events"":100670,""detectors_checked"":2799360,""obs_mistake_mask=E"":9}"
     16448,         3,         0,   120.0,exact_mw,98ed6542f5a75ebddbda0ed622fb597fbc85d0a75d139587b6be9a08147ba42d,"{""distance"":7,""physical_error_rate"":0.002}","{""detection_events"":100664,""detectors_checked"":13322880,""obs_mistake_mask=E"":3}"
      8352,         0,         0,   120.6,exact_mw,d2cc2b129abad1f985b8639603638d6030a837aa2fe57172dffdf28919c1c286,"{""distance"":7,""physical_error_rate"":0.001}","{""detection_events"":25654,""detectors_checked"":6765120}"
       650,         0,         0,   121.0,exact_mw,a39d26a9c85ff1858873bfad720922f64799219ac1b945519c1902b92db90de0,"{""distance"":7,""physical_error_rate"":0.005}","{""detection_events"":9814,""detectors_checked"":526500}"
   2937856,         8,         0,   119.6,exact_mw,26ede523e6354ffb917e832246591ea54a1b9969785b9947b95e2ebb539e2476,"{""distance"":7,""physical_error_rate"":0.0002}","{""detection_events"":1790912,""detectors_checked"":2379663360,""obs_mistake_mask=E"":8}"
   6495232,         1,         0,   119.1,exact_mw,92a9cd959715f3d5685c6265974e573ec36ff2f173f7490ff1393041d63371cf,"{""distance"":7,""physical_error_rate"":0.0001}","{""detection_events"":1983227,""detectors_checked"":5261137920,""obs_mistake_mask=E"":1}"
   7868416,         3,         0,   119.0,exact_mw,a212c24da5b34f1b60580734e5e54c4073e302b219bc7e486ff8edc698604c9e,"{""distance"":7,""physical_error_rate"":5e-05}","{""detection_events"":1199718,""detectors_checked"":6373416960,""obs_mistake_mask=E"":3}"
   6421504,         1,         0,   119.2,exact_mw,92a9cd959715f3d5685c6265974e573ec36ff2f173f7490ff1393041d63371cf,"{""distance"":7,""physical_error_rate"":0.0001}","{""detection_events"":1962396,""detectors_checked"":5201418240,""obs_mistake_mask=E"":1}"
    365568,         5,         0,   120.0,exact_mw,8c54babb212143042928b0eca3852c18ac799bf66eb488a668303745c8494fc5,"{""distance"":7,""physical_error_rate"":0.0005}","{""detection_events"":555113,""detectors_checked"":296110080,""obs_mistake_mask=E"":5}"
      3472,        12,         0,   120.3,exact_mw,1713bc804565c0b42ca58c93310b033f01c41dd72e5e9cac9fe58a9188a19ab7,"{""distance"":7,""physical_error_rate"":0.01}","{""detection_events"":100988,""detectors_checked"":2812320,""obs_mistake_mask=E"":12}"
      3472,        13,         0,   120.3,exact_mw,1713bc804565c0b42ca58c93310b033f01c41dd72e5e9cac9fe58a9188a19ab7,"{""distance"":7,""physical_error_rate"":0.01}","{""detection_events"":100486,""detectors_checked"":2812320,""obs_mistake_mask=E"":13}"
     16512,         3,         0,   120.7,exact_mw,98ed6542f5a75ebddbda0ed622fb597fbc85d0a75d139587b6be9a08147ba42d,"{""distance"":7,""physical_error_rate"":0.002}","{""detection_events"":99928,""detectors_checked"":13374720,""obs_mistake_mask=E"":3}"
     66560,         5,         0,   120.2,exact_mw,d2cc2b129abad1f985b8639603638d6030a837aa2fe57172dffdf28919c1c286,"{""distance"":7,""physical_error_rate"":0.001}","{""detection_events"":201331,""detectors_checked"":53913600,""obs_mistake_mask=E"":5}"
    811008,         0,         0,   119.3,exact_mw,92a9cd959715f3d5685c6265974e573ec36ff2f173f7490ff1393041d63371cf,"{""distance"":7,""physical_error_rate"":0.0001}","{""detection_events"":247386,""detectors_checked"":656916480}"
     16768,         6,         0,   120.7,exact_mw,98ed6542f5a75ebddbda0ed622fb597fbc85d0a75d139587b6be9a08147ba42d,"{""distance"":7,""physical_error_rate"":0.002}","{""detection_events"":101738,""detectors_checked"":13582080,""obs_mistake_mask=E"":6}"
   7777280,         2,         0,   119.1,exact_mw,a212c24da5b34f1b60580734e5e54c4073e302b219bc7e486ff8edc698604c9e,"{""distance"":7,""physical_error_rate"":5e-05}","{""detection_events"":1186658,""detectors_checked"":6299596800,""obs_mistake_mask=E"":2}"
   6477824,         2,         0,   119.2,exact_mw,92a9cd959715f3d5685c6265974e573ec36ff2f173f7490ff1393041d63371cf,"{""distance"":7,""physical_error_rate"":0.0001}","{""detection_events"":1972658,""detectors_checked"":5247037440,""obs_mistake_mask=E"":2}"
   7844864,         0,         0,   119.1,exact_mw,a212c24da5b34f1b60580734e5e54c4073e302b219bc7e486ff8edc698604c9e,"{""distance"":7,""physical_error_rate"":5e-05}","{""detection_events"":1192889,""detectors_checked"":6354339840}"
   2927616,         2,         0,   119.6,exact_mw,26ede523e6354ffb917e832246591ea54a1b9969785b9947b95e2ebb539e2476,"{""distance"":7,""physical_error_rate"":0.0002}","{""detection_events"":1788662,""detectors_checked"":2371368960,""obs_mistake_mask=E"":2}"
   6432768,         1,         0,   119.3,exact_mw,92a9cd959715f3d5685c6265974e573ec36ff2f173f7490ff1393041d63371cf,"{""distance"":7,""physical_error_rate"":0.0001}","{""detection_events"":1960168,""detectors_checked"":5210542080,""obs_mistake_mask=E"":1}"
    343040,         3,         0,   120.1,exact_mw,8c54babb212143042928b0eca3852c18ac799bf66eb488a668303745c8494fc5,"{""distance"":7,""physical_error_rate"":0.0005}","{""detection_events"":521797,""detectors_checked"":277862400,""obs_mistake_mask=E"":3}"
      5472,         7,         0,   120.2,exact_mw,a39d26a9c85ff1858873bfad720922f64799219ac1b945519c1902b92db90de0,"{""distance"":7,""physical_error_rate"":0.005}","{""detection_events"":81879,""detectors_checked"":4432320,""obs_mistake_mask=E"":7}"
   6523904,         3,         0,   119.2,exact_mw,92a9cd959715f3d5685c6265974e573ec36ff2f173f7490ff1393041d63371cf,"{""distance"":7,""physical_error_rate"":0.0001}","{""detection_events"":1987132,""detectors_checked"":5284362240,""obs_mistake_mask=E"":3}"
   2907136,         3,         0,   119.5,exact_mw,26ede523e6354ffb917e832246591ea54a1b9969785b9947b95e2ebb539e2476,"{""distance"":7,""physical_error_rate"":0.0002}","{""detection_events"":1771152,""detectors_checked"":2354780160,""obs_mistake_mask=E"":3}"
     65536,         3,         0,   120.3,exact_mw,d2cc2b129abad1f985b8639603638d6030a837aa2fe57172dffdf28919c1c286,"{""distance"":7,""physical_error_rate"":0.001}","{""detection_events"":199271,""detectors_checked"":53084160,""obs_mistake_mask=E"":3}"
     64512,         1,         0,   120.4,exact_mw,d2cc2b129abad1f985b8639603638d6030a837aa2fe57172dffdf28919c1c286,"{""distance"":7,""physical_error_rate"":0.001}","{""detection_events"":195724,""detectors_checked"":52254720,""obs_mistake_mask=E"":1}"
   7863296,         0,         0,   119.0,exact_mw,a212c24da5b34f1b60580734e5e54c4073e302b219bc7e486ff8edc698604c9e,"{""distance"":7,""physical_error_rate"":5e-05}","{""detection_events"":1200788,""detectors_checked"":6369269760}"
    351232,         2,         0,   120.1,exact_mw,8c54babb212143042928b0eca3852c18ac799bf66eb488a668303745c8494fc5,"{""distance"":7,""physical_error_rate"":0.0005}","{""detection_events"":535437,""detectors_checked"":284497920,""obs_mistake_mask=E"":2}"
    417792,         0,         0,   119.5,exact_mw,26ede523e6354ffb917e832246591ea54a1b9969785b9947b95e2ebb539e2476,"{""distance"":7,""physical_error_rate"":0.0002}","{""detection_events"":253965,""detectors_checked"":338411520}"
      5344,         5,         0,   120.0,exact_mw,a39d26a9c85ff1858873bfad720922f64799219ac1b945519c1902b92db90de0,"{""distance"":7,""physical_error_rate"":0.005}","{""detection_events"":79697,""detectors_checked"":4328640,""obs_mistake_mask=E"":5}"
   1469440,         0,         0,   119.3,exact_mw,a212c24da5b34f1b60580734e5e54c4073e302b219bc7e486ff8edc698604c9e,"{""distance"":7,""physical_error_rate"":5e-05}","{""detection_events"":223861,""detectors_checked"":1190246400}"
      3408,        10,         0,   120.3,exact_mw,1713bc804565c0b42ca58c93310b033f01c41dd72e5e9cac9fe58a9188a19ab7,"{""distance"":7,""physical_error_rate"":0.01}","{""detection_events"":99367,""detectors_checked"":2760480,""obs_mistake_mask=E"":10}"
   1121280,         0,         0,   119.2,exact_mw,a212c24da5b34f1b60580734e5e54c4073e302b219bc7e486ff8edc698604c9e,"{""distance"":7,""physical_error_rate"":5e-05}","{""detection_events"":170339,""detectors_checked"":908236800}"
   2836480,         4,         0,   119.7,exact_mw,26ede523e6354ffb917e832246591ea54a1b9969785b9947b95e2ebb539e2476,"{""distance"":7,""physical_error_rate"":0.0002}","{""detection_events"":1728795,""detectors_checked"":2297548800,""obs_mistake_mask=E"":4}"
   2929664,         7,         0,   119.6,exact_mw,26ede523e6354ffb917e832246591ea54a1b9969785b9947b95e2ebb539e2476,"{""distance"":7,""physical_error_rate"":0.0002}","{""detection_events"":1786858,""detectors_checked"":2373027840,""obs_mistake_mask=E"":7}"
     16000,         0,         0,   120.6,exact_mw,98ed6542f5a75ebddbda0ed622fb597fbc85d0a75d139587b6be9a08147ba42d,"{""distance"":7,""physical_error_rate"":0.002}","{""detection_events"":97338,""detectors_checked"":12960000}"
     56704,         1,         0,   120.0,exact_mw,8c54babb212143042928b0eca3852c18ac799bf66eb488a668303745c8494fc5,"{""distance"":7,""physical_error_rate"":0.0005}","{""detection_events"":86063,""detectors_checked"":45930240,""obs_mistake_mask=E"":1}"
     65536,         2,         0,   120.3,exact_mw,d2cc2b129abad1f985b8639603638d6030a837aa2fe57172dffdf28919c1c286,"{""distance"":7,""physical_error_rate"":0.001}","{""detection_events"":198837,""detectors_checked"":53084160,""obs_mistake_mask=E"":2}"
     56448,         1,         0,   119.8,exact_mw,8c54babb212143042928b0eca3852c18ac799bf66eb488a668303745c8494fc5,"{""distance"":7,""physical_error_rate"":0.0005}","{""detection_events"":85919,""detectors_checked"":45722880,""obs_mistake_mask=E"":1}"
    344064,         1,         0,   120.1,exact_mw,8c54babb212143042928b0eca3852c18ac799bf66eb488a668303745c8494fc5,"{""distance"":7,""physical_error_rate"":0.0005}","{""detection_events"":522020,""detectors_checked"":278691840,""obs_mistake_mask=E"":1}"
     16320,         1,         0,   120.4,exact_mw,98ed6542f5a75ebddbda0ed622fb597fbc85d0a75d139587b6be9a08147ba42d,"{""distance"":7,""physical_error_rate"":0.002}","{""detection_events"":98874,""detectors_checked"":13219200,""obs_mistake_mask=E"":1}"
   6468608,         2,         0,   119.3,exact_mw,92a9cd959715f3d5685c6265974e573ec36ff2f173f7490ff1393041d63371cf,"{""distance"":7,""physical_error_rate"":0.0001}","{""detection_events"":1973397,""detectors_checked"":5239572480,""obs_mistake_mask=E"":2}"
   7534592,         1,         0,   119.1,exact_mw,a212c24da5b34f1b60580734e5e54c4073e302b219bc7e486ff8edc698604c9e,"{""distance"":7,""physical_error_rate"":5e-05}","{""detection_events"":1145469,""detectors_checked"":6103019520,""obs_mistake_mask=E"":1}"
      5168,         5,         0,   120.3,exact_mw,a39d26a9c85ff1858873bfad720922f64799219ac1b945519c1902b92db90de0,"{""distance"":7,""physical_error_rate"":0.005}","{""detection_events"":78114,""detectors_checked"":4186080,""obs_mistake_mask=E"":5}"
      5408,         2,         0,   120.4,exact_mw,a39d26a9c85ff1858873bfad720922f64799219ac1b945519c1902b92db90de0,"{""distance"":7,""physical_error_rate"":0.005}","{""detection_events"":81630,""detectors_checked"":4380480,""obs_mistake_mask=E"":2}"
     16512,         5,         0,   120.2,exact_mw,98ed6542f5a75ebddbda0ed622fb597fbc85d0a75d139587b6be9a08147ba42d,"{""distance"":7,""physical_error_rate"":0.002}","{""detection_events"":99318,""detectors_checked"":13374720,""obs_mistake_mask=E"":5}"
      3456,        12,         0,   120.4,exact_mw,1713bc804565c0b42ca58c93310b033f01c41dd72e5e9cac9fe58a9188a19ab7,"{""distance"":7,""physical_error_rate"":0.01}","{""detection_events"":101204,""detectors_checked"":2799360,""obs_mistake_mask=E"":12}"
      3488,        13,         0,   120.0,exact_mw,1713bc804565c0b42ca58c93310b033f01c41dd72e5e9cac9fe58a9188a19ab7,"{""distance"":7,""physical_error_rate"":0.01}","{""detection_events"":101494,""detectors_checked"":2825280,""obs_mistake_mask=E"":13}"
      4192,         0,         0,   120.6,exact_mw,98ed6542f5a75ebddbda0ed622fb597fbc85d0a75d139587b6be9a08147ba42d,"{""distance"":7,""physical_error_rate"":0.002}","{""detection_events"":25399,""detectors_checked"":3395520}"
      2360,         0,         0,   120.3,exact_mw,98ed6542f5a75ebddbda0ed622fb597fbc85d0a75d139587b6be9a08147ba42d,"{""distance"":7,""physical_error_rate"":0.002}","{""detection_events"":14326,""detectors_checked"":1911600}"
     65280,         2,         0,   120.8,exact_mw,d2cc2b129abad1f985b8639603638d6030a837aa2fe57172dffdf28919c1c286,"{""distance"":7,""physical_error_rate"":0.001}","{""detection_events"":198256,""detectors_checked"":52876800,""obs_mistake_mask=E"":2}"
      1538,         0,         0,   120.6,exact_mw,a39d26a9c85ff1858873bfad720922f64799219ac1b945519c1902b92db90de0,"{""distance"":7,""physical_error_rate"":0.005}","{""detection_events"":23103,""detectors_checked"":1245780}"
     64256,         5,         0,   120.0,exact_mw,d2cc2b129abad1f985b8639603638d6030a837aa2fe57172dffdf28919c1c286,"{""distance"":7,""physical_error_rate"":0.001}","{""detection_events"":195110,""detectors_checked"":52047360,""obs_mistake_mask=E"":5}"
   2912256,         3,         0,   119.6,exact_mw,26ede523e6354ffb917e832246591ea54a1b9969785b9947b95e2ebb539e2476,"{""distance"":7,""physical_error_rate"":0.0002}","{""detection_events"":1773839,""detectors_checked"":2358927360,""obs_mistake_mask=E"":3}"
   1000448,         0,         0,   119.2,exact_mw,92a9cd959715f3d5685c6265974e573ec36ff2f173f7490ff1393041d63371cf,"{""distance"":7,""physical_error_rate"":0.0001}","{""detection_events"":305053,""detectors_checked"":810362880}"
   1019904,         0,         0,   119.8,exact_mw,26ede523e6354ffb917e832246591ea54a1b9969785b9947b95e2ebb539e2476,"{""distance"":7,""physical_error_rate"":0.0002}","{""detection_events"":622386,""detectors_checked"":826122240}"
   2471936,         0,         0,   118.8,exact_mw,a212c24da5b34f1b60580734e5e54c4073e302b219bc7e486ff8edc698604c9e,"{""distance"":7,""physical_error_rate"":5e-05}","{""detection_events"":376723,""detectors_checked"":2002268160}"
    353280,         1,         0,   120.3,exact_mw,8c54babb212143042928b0eca3852c18ac799bf66eb488a668303745c8494fc5,"{""distance"":7,""physical_error_rate"":0.0005}","{""detection_events"":537969,""detectors_checked"":286156800,""obs_mistake_mask=E"":1}"
      4992,         3,         0,   120.2,exact_mw,a39d26a9c85ff1858873bfad720922f64799219ac1b945519c1902b92db90de0,"{""distance"":7,""physical_error_rate"":0.005}","{""detection_events"":74391,""detectors_checked"":4043520,""obs_mistake_mask=E"":3}"
     46976,         2,         0,   120.5,exact_mw,d2cc2b129abad1f985b8639603638d6030a837aa2fe57172dffdf28919c1c286,"{""distance"":7,""physical_error_rate"":0.001}","{""detection_events"":143765,""detectors_checked"":38050560,""obs_mistake_mask=E"":2}"
    354304,         2,         0,   120.3,exact_mw,8c54babb212143042928b0eca3852c18ac799bf66eb488a668303745c8494fc5,"{""distance"":7,""physical_error_rate"":0.0005}","{""detection_events"":539097,""detectors_checked"":286986240,""obs_mistake_mask=E"":2}"
       580,         4,         0,   120.3,exact_mw,1713bc804565c0b42ca58c93310b033f01c41dd72e5e9cac9fe58a9188a19ab7,"{""distance"":7,""physical_error_rate"":0.01}","{""detection_events"":17089,""detectors_checked"":469800,""obs_mistake_mask=E"":4}"
       544,         1,         0,   120.4,exact_mw,1713bc804565c0b42ca58c93310b033f01c41dd72e5e9cac9fe58a9188a19ab7,"{""distance"":7,""physical_error_rate"":0.01}","{""detection_events"":15593,""detectors_checked"":440640,""obs_mistake_mask=E"":1}"
      5408,         2,         0,   120.5,exact_mw,a39d26a9c85ff1858873bfad720922f64799219ac1b945519c1902b92db90de0,"{""distance"":7,""physical_error_rate"":0.005}","{""detection_events"":80528,""detectors_checked"":4380480,""obs_mistake_mask=E"":2}"
      2992,        10,         0,   120.3,exact_mw,1713bc804565c0b42ca58c93310b033f01c41dd72e5e9cac9fe58a9188a19ab7,"{""distance"":7,""physical_error_rate"":0.01}","{""detection_events"":87566,""detectors_checked"":2423520,""obs_mistake_mask=E"":10}"
     13760,         3,         0,   120.1,exact_mw,98ed6542f5a75ebddbda0ed622fb597fbc85d0a75d139587b6be9a08147ba42d,"{""distance"":7,""physical_error_rate"":0.002}","{""detection_events"":83293,""detectors_checked"":11145600,""obs_mistake_mask=E"":3}"
     24736,         0,         0,   120.4,exact_mw,d2cc2b129abad1f985b8639603638d6030a837aa2fe57172dffdf28919c1c286,"{""distance"":7,""physical_error_rate"":0.001}","{""detection_events"":75199,""detectors_checked"":20036160}"
      2496,         2,         0,   120.7,exact_mw,a39d26a9c85ff1858873bfad720922f64799219ac1b945519c1902b92db90de0,"{""distance"":7,""physical_error_rate"":0.005}","{""detection_events"":37473,""detectors_checked"":2021760,""obs_mistake_mask=E"":2}"
   2949120,         5,         0,   119.6,exact_mw,26ede523e6354ffb917e832246591ea54a1b9969785b9947b95e2ebb539e2476,"{""distance"":7,""physical_error_rate"":0.0002}","{""detection_events"":1793708,""detectors_checked"":2388787200,""obs_mistake_mask=E"":5}"
   5939200,         1,         0,   119.3,exact_mw,92a9cd959715f3d5685c6265974e573ec36ff2f173f7490ff1393041d63371cf,"{""distance"":7,""physical_error_rate"":0.0001}","{""detection_events"":1810030,""detectors_checked"":4810752000,""obs_mistake_mask=E"":1}"
   6284288,         1,         0,   119.1,exact_mw,a212c24da5b34f1b60580734e5e54c4073e302b219bc7e486ff8edc698604c9e,"{""distance"":7,""physical_error_rate"":5e-05}","{""detection_events"":955700,""detectors_checked"":5090273280,""obs_mistake_mask=E"":1}"
   5892096,         1,         0,   119.2,exact_mw,92a9cd959715f3d5685c6265974e573ec36ff2f173f7490ff1393041d63371cf,"{""distance"":7,""physical_error_rate"":0.0001}","{""detection_events"":1797650,""detectors_checked"":4772597760,""obs_mistake_mask=E"":1}"
    308224,         4,         0,   120.1,exact_mw,8c54babb212143042928b0eca3852c18ac799bf66eb488a668303745c8494fc5,"{""distance"":7,""physical_error_rate"":0.0005}","{""detection_events"":467589,""detectors_checked"":249661440,""obs_mistake_mask=E"":4}"
      3456,        15,         0,   120.1,exact_mw,1713bc804565c0b42ca58c93310b033f01c41dd72e5e9cac9fe58a9188a19ab7,"{""distance"":7,""physical_error_rate"":0.01}","{""detection_events"":100667,""detectors_checked"":2799360,""obs_mistake_mask=E"":15}"
     14592,         2,         0,   120.3,exact_mw,98ed6542f5a75ebddbda0ed622fb597fbc85d0a75d139587b6be9a08147ba42d,"{""distance"":7,""physical_error_rate"":0.002}","{""detection_events"":88329,""detectors_checked"":11819520,""obs_mistake_mask=E"":2}"
      2036,         5,         0,   120.8,exact_mw,1713bc804565c0b42ca58c93310b033f01c41dd72e5e9cac9fe58a9188a19ab7,"{""distance"":7,""physical_error_rate"":0.01}","{""detection_events"":59312,""detectors_checked"":1649160,""obs_mistake_mask=E"":5}"
     56576,         5,         0,   120.5,exact_mw,d2cc2b129abad1f985b8639603638d6030a837aa2fe57172dffdf28919c1c286,"{""distance"":7,""physical_error_rate"":0.001}","{""detection_events"":172515,""detectors_checked"":45826560,""obs_mistake_mask=E"":5}"
   4076544,         2,         0,   119.3,exact_mw,92a9cd959715f3d5685c6265974e573ec36ff2f173f7490ff1393041d63371cf,"{""distance"":7,""physical_error_rate"":0.0001}","{""detection_events"":1243943,""detectors_checked"":3302000640,""obs_mistake_mask=E"":2}"
      4104,         1,         0,   120.9,exact_mw,98ed6542f5a75ebddbda0ed622fb597fbc85d0a75d139587b6be9a08147ba42d,"{""distance"":7,""physical_error_rate"":0.002}","{""detection_events"":24512,""detectors_checked"":3324240,""obs_mistake_mask=E"":1}"
   6763520,         0,         0,   119.2,exact_mw,a212c24da5b34f1b60580734e5e54c4073e302b219bc7e486ff8edc698604c9e,"{""distance"":7,""physical_error_rate"":5e-05}","{""detection_events"":1036002,""detectors_checked"":5478451200}"
   6264832,         1,         0,   119.3,exact_mw,92a9cd959715f3d5685c6265974e573ec36ff2f173f7490ff1393041d63371cf,"{""distance"":7,""physical_error_rate"":0.0001}","{""detection_events"":1911010,""detectors_checked"":5074513920,""obs_mistake_mask=E"":1}"
   6492160,         1,         0,   118.9,exact_mw,a212c24da5b34f1b60580734e5e54c4073e302b219bc7e486ff8edc698604c9e,"{""distance"":7,""physical_error_rate"":5e-05}","{""detection_events"":987664,""detectors_checked"":5258649600,""obs_mistake_mask=E"":1}"
   2672640,         5,         0,   119.6,exact_mw,26ede523e6354ffb917e832246591ea54a1b9969785b9947b95e2ebb539e2476,"{""distance"":7,""physical_error_rate"":0.0002}","{""detection_events"":1631247,""detectors_checked"":2164838400,""obs_mistake_mask=E"":5}"
   6482944,         2,         0,   119.2,exact_mw,92a9cd959715f3d5685c6265974e573ec36ff2f173f7490ff1393041d63371cf,"{""distance"":7,""physical_error_rate"":0.0001}","{""detection_events"":1969446,""detectors_checked"":5251184640,""obs_mistake_mask=E"":2}"
    324608,         5,         0,   120.0,exact_mw,8c54babb212143042928b0eca3852c18ac799bf66eb488a668303745c8494fc5,"{""distance"":7,""physical_error_rate"":0.0005}","{""detection_events"":493909,""detectors_checked"":262932480,""obs_mistake_mask=E"":5}"
      5536,         2,         0,   120.0,exact_mw,a39d26a9c85ff1858873bfad720922f64799219ac1b945519c1902b92db90de0,"{""distance"":7,""physical_error_rate"":0.005}","{""detection_events"":82082,""detectors_checked"":4484160,""obs_mistake_mask=E"":2}"
   5728256,         2,         0,   119.1,exact_mw,92a9cd959715f3d5685c6265974e573ec36ff2f173f7490ff1393041d63371cf,"{""distance"":7,""physical_error_rate"":0.0001}","{""detection_events"":1744782,""detectors_checked"":4639887360,""obs_mistake_mask=E"":2}"
   2407424,         5,         0,   119.6,exact_mw,26ede523e6354ffb917e832246591ea54a1b9969785b9947b95e2ebb539e2476,"{""distance"":7,""physical_error_rate"":0.0002}","{""detection_events"":1466828,""detectors_checked"":1950013440,""obs_mistake_mask=E"":5}"
     64256,         2,         0,   120.1,exact_mw,d2cc2b129abad1f985b8639603638d6030a837aa2fe57172dffdf28919c1c286,"{""distance"":7,""physical_error_rate"":0.001}","{""detection_events"":196323,""detectors_checked"":52047360,""obs_mistake_mask=E"":2}"
   7796736,         0,         0,   119.1,exact_mw,a212c24da5b34f1b60580734e5e54c4073e302b219bc7e486ff8edc698604c9e,"{""distance"":7,""physical_error_rate"":5e-05}","{""detection_events"":1187278,""detectors_checked"":6315356160}"
     62208,         2,         0,   120.8,exact_mw,d2cc2b129abad1f985b8639603638d6030a837aa2fe57172dffdf28919c1c286,"{""distance"":7,""physical_error_rate"":0.001}","{""detection_events"":188363,""detectors_checked"":50388480,""obs_mistake_mask=E"":2}"
    324608,         2,         0,   120.2,exact_mw,8c54babb212143042928b0eca3852c18ac799bf66eb488a668303745c8494fc5,"{""distance"":7,""physical_error_rate"":0.0005}","{""detection_events"":492817,""detectors_checked"":262932480,""obs_mistake_mask=E"":2}"
    541696,         1,         0,   119.8,exact_mw,26ede523e6354ffb917e832246591ea54a1b9969785b9947b95e2ebb539e2476,"{""distance"":7,""physical_error_rate"":0.0002}","{""detection_events"":329427,""detectors_checked"":438773760,""obs_mistake_mask=E"":1}"
      5248,         2,         0,   120.0,exact_mw,a39d26a9c85ff1858873bfad720922f64799219ac1b945519c1902b92db90de0,"{""distance"":7,""physical_error_rate"":0.005}","{""detection_events"":77942,""detectors_checked"":4250880,""obs_mistake_mask=E"":2}"
   6381568,         1,         0,   119.0,exact_mw,a212c24da5b34f1b60580734e5e54c4073e302b219bc7e486ff8edc698604c9e,"{""distance"":7,""physical_error_rate"":5e-05}","{""detection_events"":970821,""detectors_checked"":5169070080,""obs_mistake_mask=E"":1}"
   1380352,         0,         0,   119.3,exact_mw,a212c24da5b34f1b60580734e5e54c4073e302b219bc7e486ff8edc698604c9e,"{""distance"":7,""physical_error_rate"":5e-05}","{""detection_events"":211160,""detectors_checked"":1118085120}"
      2848,         6,         0,   120.5,exact_mw,1713bc804565c0b42ca58c93310b033f01c41dd72e5e9cac9fe58a9188a19ab7,"{""distance"":7,""physical_error_rate"":0.01}","{""detection_events"":83017,""detectors_checked"":2306880,""obs_mistake_mask=E"":6}"
   2871296,         3,         0,   119.5,exact_mw,26ede523e6354ffb917e832246591ea54a1b9969785b9947b95e2ebb539e2476,"{""distance"":7,""physical_error_rate"":0.0002}","{""detection_events"":1746076,""detectors_checked"":2325749760,""obs_mistake_mask=E"":3}"
   2030592,         4,         0,   119.9,exact_mw,26ede523e6354ffb917e832246591ea54a1b9969785b9947b95e2ebb539e2476,"{""distance"":7,""physical_error_rate"":0.0002}","{""detection_events"":1235613,""detectors_checked"":1644779520,""obs_mistake_mask=E"":4}"
     15552,         3,         0,   120.0,exact_mw,98ed6542f5a75ebddbda0ed622fb597fbc85d0a75d139587b6be9a08147ba42d,"{""distance"":7,""physical_error_rate"":0.002}","{""detection_events"":93736,""detectors_checked"":12597120,""obs_mistake_mask=E"":3}"
     57344,         5,         0,   120.1,exact_mw,d2cc2b129abad1f985b8639603638d6030a837aa2fe57172dffdf28919c1c286,"{""distance"":7,""physical_error_rate"":0.001}","{""detection_events"":172321,""detectors_checked"":46448640,""obs_mistake_mask=E"":5}"
     63744,         0,         0,   120.3,exact_mw,8c54babb212143042928b0eca3852c18ac799bf66eb488a668303745c8494fc5,"{""distance"":7,""physical_error_rate"":0.0005}","{""detection_events"":96023,""detectors_checked"":51632640}"
     61824,         0,         0,   121.4,exact_mw,8c54babb212143042928b0eca3852c18ac799bf66eb488a668303745c8494fc5,"{""distance"":7,""physical_error_rate"":0.0005}","{""detection_events"":94438,""detectors_checked"":50077440}"
    332800,         7,         0,   120.1,exact_mw,8c54babb212143042928b0eca3852c18ac799bf66eb488a668303745c8494fc5,"{""distance"":7,""physical_error_rate"":0.0005}","{""detection_events"":506506,""detectors_checked"":269568000,""obs_mistake_mask=E"":7}"
     16640,         6,         0,   120.7,exact_mw,98ed6542f5a75ebddbda0ed622fb597fbc85d0a75d139587b6be9a08147ba42d,"{""distance"":7,""physical_error_rate"":0.002}","{""detection_events"":100296,""detectors_checked"":13478400,""obs_mistake_mask=E"":6}"
   6424576,         2,         0,   119.3,exact_mw,92a9cd959715f3d5685c6265974e573ec36ff2f173f7490ff1393041d63371cf,"{""distance"":7,""physical_error_rate"":0.0001}","{""detection_events"":1958387,""detectors_checked"":5203906560,""obs_mistake_mask=E"":2}"
   7561216,         0,         0,   119.0,exact_mw,a212c24da5b34f1b60580734e5e54c4073e302b219bc7e486ff8edc698604c9e,"{""distance"":7,""physical_error_rate"":5e-05}","{""detection_events"":1153393,""detectors_checked"":6124584960}"
      4340,         2,         0,   120.5,exact_mw,a39d26a9c85ff1858873bfad720922f64799219ac1b945519c1902b92db90de0,"{""distance"":7,""physical_error_rate"":0.005}","{""detection_events"":64634,""detectors_checked"":3515400,""obs_mistake_mask=E"":2}"
      5536,         3,         0,   120.5,exact_mw,a39d26a9c85ff1858873bfad720922f64799219ac1b945519c1902b92db90de0,"{""distance"":7,""physical_error_rate"":0.005}","{""detection_events"":82652,""detectors_checked"":4484160,""obs_mistake_mask=E"":3}"
     15680,         1,         0,   120.0,exact_mw,98ed6542f5a75ebddbda0ed622fb597fbc85d0a75d139587b6be9a08147ba42d,"{""distance"":7,""physical_error_rate"":0.002}","{""detection_events"":95493,""detectors_checked"":12700800,""obs_mistake_mask=E"":1}"
      3456,        15,         0,   120.0,exact_mw,1713bc804565c0b42ca58c93310b033f01c41dd72e5e9cac9fe58a9188a19ab7,"{""distance"":7,""physical_error_rate"":0.01}","{""detection_events"":100543,""detectors_checked"":2799360,""obs_mistake_mask=E"":15}"
      3104,         5,         0,   120.3,exact_mw,1713bc804565c0b42ca58c93310b033f01c41dd72e5e9cac9fe58a9188a19ab7,"{""distance"":7,""physical_error_rate"":0.01}","{""detection_events"":90920,""detectors_checked"":2514240,""obs_mistake_mask=E"":5}"
     15232,         2,         0,   120.5,exact_mw,98ed6542f5a75ebddbda0ed622fb597fbc85d0a75d139587b6be9a08147ba42d,"{""distance"":7,""physical_error_rate"":0.002}","{""detection_events"":92231,""detectors_checked"":12337920,""obs_mistake_mask=E"":2}"
      2800,         1,         0,   120.5,exact_mw,98ed6542f5a75ebddbda0ed622fb597fbc85d0a75d139587b6be9a08147ba42d,"{""distance"":7,""physical_error_rate"":0.002}","{""detection_events"":16883,""detectors_checked"":2268000,""obs_mistake_mask=E"":1}"
     63232,         4,         0,   120.3,exact_mw,d2cc2b129abad1f985b8639603638d6030a837aa2fe57172dffdf28919c1c286,"{""distance"":7,""physical_error_rate"":0.001}","{""detection_events"":192093,""detectors_checked"":51217920,""obs_mistake_mask=E"":4}"
      4928,         3,         0,   120.0,exact_mw,a39d26a9c85ff1858873bfad720922f64799219ac1b945519c1902b92db90de0,"{""distance"":7,""physical_error_rate"":0.005}","{""detection_events"":73745,""detectors_checked"":3991680,""obs_mistake_mask=E"":3}"
     65280,         1,         0,   120.3,exact_mw,d2cc2b129abad1f985b8639603638d6030a837aa2fe57172dffdf28919c1c286,"{""distance"":7,""physical_error_rate"":0.001}","{""detection_events"":198921,""detectors_checked"":52876800,""obs_mistake_mask=E"":1}"
   2681856,         2,         0,   119.5,exact_mw,26ede523e6354ffb917e832246591ea54a1b9969785b9947b95e2ebb539e2476,"{""distance"":7,""physical_error_rate"":0.0002}","{""detection_events"":1635146,""detectors_checked"":2172303360,""obs_mistake_mask=E"":2}"
   1073152,         0,         0,   119.1,exact_mw,92a9cd959715f3d5685c6265974e573ec36ff2f173f7490ff1393041d63371cf,"{""distance"":7,""physical_error_rate"":0.0001}","{""detection_events"":328532,""detectors_checked"":869253120}"
   2566144,         5,         0,   119.7,exact_mw,26ede523e6354ffb917e832246591ea54a1b9969785b9947b95e2ebb539e2476,"{""distance"":7,""physical_error_rate"":0.0002}","{""detection_events"":1564315,""detectors_checked"":2078576640,""obs_mistake_mask=E"":5}"
   7293952,         2,         0,   119.2,exact_mw,a212c24da5b34f1b60580734e5e54c4073e302b219bc7e486ff8edc698604c9e,"{""distance"":7,""physical_error_rate"":5e-05}","{""detection_events"":1112320,""detectors_checked"":5908101120,""obs_mistake_mask=E"":2}"
    290816,         0,         0,   120.1,exact_mw,8c54babb212143042928b0eca3852c18ac799bf66eb488a668303745c8494fc5,"{""distance"":7,""physical_error_rate"":0.0005}","{""detection_events"":442594,""detectors_checked"":235560960}"
      3884,         3,         0,   120.8,exact_mw,a39d26a9c85ff1858873bfad720922f64799219ac1b945519c1902b92db90de0,"{""distance"":7,""physical_error_rate"":0.005}","{""detection_events"":58437,""detectors_checked"":3146040,""obs_mistake_mask=E"":3}"
     10240,         0,         0,   120.1,exact_mw,d2cc2b129abad1f985b8639603638d6030a837aa2fe57172dffdf28919c1c286,"{""distance"":7,""physical_error_rate"":0.001}","{""detection_events"":31200,""detectors_checked"":8294400}"
    346112,         1,         0,   120.1,exact_mw,8c54babb212143042928b0eca3852c18ac799bf66eb488a668303745c8494fc5,"{""distance"":7,""physical_error_rate"":0.0005}","{""detection_events"":527118,""detectors_checked"":280350720,""obs_mistake_mask=E"":1}"
       556,         4,         0,   120.2,exact_mw,1713bc804565c0b42ca58c93310b033f01c41dd72e5e9cac9fe58a9188a19ab7,"{""distance"":7,""physical_error_rate"":0.01}","{""detection_events"":16103,""detectors_checked"":450360,""obs_mistake_mask=E"":4}"
       548,         3,         0,   120.1,exact_mw,1713bc804565c0b42ca58c93310b033f01c41dd72e5e9cac9fe58a9188a19ab7,"{""distance"":7,""physical_error_rate"":0.01}","{""detection_events"":15776,""detectors_checked"":443880,""obs_mistake_mask=E"":3}"
      5504,         2,         0,   120.7,exact_mw,a39d26a9c85ff1858873bfad720922f64799219ac1b945519c1902b92db90de0,"{""distance"":7,""physical_error_rate"":0.005}","{""detection_events"":81734,""detectors_checked"":4458240,""obs_mistake_mask=E"":2}"
      3200,        13,         0,   120.0,exact_mw,1713bc804565c0b42ca58c93310b033f01c41dd72e5e9cac9fe58a9188a19ab7,"{""distance"":7,""physical_error_rate"":0.01}","{""detection_events"":92293,""detectors_checked"":2592000,""obs_mistake_mask=E"":13}"
     15872,         0,         0,   120.2,exact_mw,98ed6542f5a75ebddbda0ed622fb597fbc85d0a75d139587b6be9a08147ba42d,"{""distance"":7,""physical_error_rate"":0.002}","{""detection_events"":95390,""detectors_checked"":12856320}"
     59904,         3,         0,   120.4,exact_mw,d2cc2b129abad1f985b8639603638d6030a837aa2fe57172dffdf28919c1c286,"{""distance"":7,""physical_error_rate"":0.001}","{""detection_events"":180812,""detectors_checked"":48522240,""obs_mistake_mask=E"":3}"
   2935808,         5,         0,   119.6,exact_mw,26ede523e6354ffb917e832246591ea54a1b9969785b9947b95e2ebb539e2476,"{""distance"":7,""physical_error_rate"":0.0002}","{""detection_events"":1789525,""detectors_checked"":2378004480,""obs_mistake_mask=E"":5}"
      5120,         5,         0,   120.6,exact_mw,a39d26a9c85ff1858873bfad720922f64799219ac1b945519c1902b92db90de0,"{""distance"":7,""physical_error_rate"":0.005}","{""detection_events"":76451,""detectors_checked"":4147200,""obs_mistake_mask=E"":5}"
   6387712,         2,         0,   119.2,exact_mw,92a9cd959715f3d5685c6265974e573ec36ff2f173f7490ff1393041d63371cf,"{""distance"":7,""physical_error_rate"":0.0001}","{""detection_events"":1950377,""detectors_checked"":5174046720,""obs_mistake_mask=E"":2}"
   7608320,         0,         0,   119.0,exact_mw,a212c24da5b34f1b60580734e5e54c4073e302b219bc7e486ff8edc698604c9e,"{""distance"":7,""physical_error_rate"":5e-05}","{""detection_events"":1163056,""detectors_checked"":6162739200}"
   5874688,         2,         0,   119.1,exact_mw,92a9cd959715f3d5685c6265974e573ec36ff2f173f7490ff1393041d63371cf,"{""distance"":7,""physical_error_rate"":0.0001}","{""detection_events"":1790965,""detectors_checked"":4758497280,""obs_mistake_mask=E"":2}"
    342016,         2,         0,   120.3,exact_mw,8c54babb212143042928b0eca3852c18ac799bf66eb488a668303745c8494fc5,"{""distance"":7,""physical_error_rate"":0.0005}","{""detection_events"":518502,""detectors_checked"":277032960,""obs_mistake_mask=E"":2}"
      3360,        15,         0,   120.0,exact_mw,1713bc804565c0b42ca58c93310b033f01c41dd72e5e9cac9fe58a9188a19ab7,"{""distance"":7,""physical_error_rate"":0.01}","{""detection_events"":97009,""detectors_checked"":2721600,""obs_mistake_mask=E"":15}"
     16192,         3,         0,   120.6,exact_mw,98ed6542f5a75ebddbda0ed622fb597fbc85d0a75d139587b6be9a08147ba42d,"{""distance"":7,""physical_error_rate"":0.002}","{""detection_events"":97624,""detectors_checked"":13115520,""obs_mistake_mask=E"":3}"
       480,         2,         0,   120.3,exact_mw,1713bc804565c0b42ca58c93310b033f01c41dd72e5e9cac9fe58a9188a19ab7,"{""distance"":7,""physical_error_rate"":0.01}","{""detection_events"":14058,""detectors_checked"":388800,""obs_mistake_mask=E"":2}"
     66048,         3,         0,   120.3,exact_mw,d2cc2b129abad1f985b8639603638d6030a837aa2fe57172dffdf28919c1c286,"{""distance"":7,""physical_error_rate"":0.001}","{""detection_events"":200440,""detectors_checked"":53498880,""obs_mistake_mask=E"":3}"
    865280,         0,         0,   119.4,exact_mw,92a9cd959715f3d5685c6265974e573ec36ff2f173f7490ff1393041d63371cf,"{""distance"":7,""physical_error_rate"":0.0001}","{""detection_events"":262736,""detectors_checked"":700876800}"
      2296,         0,         0,   121.4,exact_mw,98ed6542f5a75ebddbda0ed622fb597fbc85d0a75d139587b6be9a08147ba42d,"{""distance"":7,""physical_error_rate"":0.002}","{""detection_events"":13911,""detectors_checked"":1859760}"
   7772160,         1,         0,   119.2,exact_mw,a212c24da5b34f1b60580734e5e54c4073e302b219bc7e486ff8edc698604c9e,"{""distance"":7,""physical_error_rate"":5e-05}","{""detection_events"":1185219,""detectors_checked"":6295449600,""obs_mistake_mask=E"":1}"
   6434816,         2,         0,   119.2,exact_mw,92a9cd959715f3d5685c6265974e573ec36ff2f173f7490ff1393041d63371cf,"{""distance"":7,""physical_error_rate"":0.0001}","{""detection_events"":1961131,""detectors_checked"":5212200960,""obs_mistake_mask=E"":2}"
   7743488,         0,         0,   119.1,exact_mw,a212c24da5b34f1b60580734e5e54c4073e302b219bc7e486ff8edc698604c9e,"{""distance"":7,""physical_error_rate"":5e-05}","{""detection_events"":1179365,""detectors_checked"":6272225280}"
   2903040,         4,         0,   119.5,exact_mw,26ede523e6354ffb917e832246591ea54a1b9969785b9947b95e2ebb539e2476,"{""distance"":7,""physical_error_rate"":0.0002}","{""detection_events"":1768590,""detectors_checked"":2351462400,""obs_mistake_mask=E"":4}"
   6432768,         1,         0,   119.1,exact_mw,92a9cd959715f3d5685c6265974e573ec36ff2f173f7490ff1393041d63371cf,"{""distance"":7,""physical_error_rate"":0.0001}","{""detection_events"":1964436,""detectors_checked"":5210542080,""obs_mistake_mask=E"":1}"
    339968,         1,         0,   120.1,exact_mw,8c54babb212143042928b0eca3852c18ac799bf66eb488a668303745c8494fc5,"{""distance"":7,""physical_error_rate"":0.0005}","{""detection_events"":518366,""detectors_checked"":275374080,""obs_mistake_mask=E"":1}"
      5408,         5,         0,   120.4,exact_mw,a39d26a9c85ff1858873bfad720922f64799219ac1b945519c1902b92db90de0,"{""distance"":7,""physical_error_rate"":0.005}","{""detection_events"":80679,""detectors_checked"":4380480,""obs_mistake_mask=E"":5}"
   1906688,         1,         0,   119.0,exact_mw,92a9cd959715f3d5685c6265974e573ec36ff2f173f7490ff1393041d63371cf,"{""distance"":7,""physical_error_rate"":0.0001}","{""detection_events"":583469,""detectors_checked"":1544417280,""obs_mistake_mask=E"":1}"
   2953216,         6,         0,   119.6,exact_mw,26ede523e6354ffb917e832246591ea54a1b9969785b9947b95e2ebb539e2476,"{""distance"":7,""physical_error_rate"":0.0002}","{""detection_events"":1798058,""detectors_checked"":2392104960,""obs_mistake_mask=E"":6}"
     66304,         2,         0,   120.8,exact_mw,d2cc2b129abad1f985b8639603638d6030a837aa2fe57172dffdf28919c1c286,"{""distance"":7,""physical_error_rate"":0.001}","{""detection_events"":200548,""detectors_checked"":53706240,""obs_mistake_mask=E"":2}"
   7804928,         0,         0,   119.1,exact_mw,a212c24da5b34f1b60580734e5e54c4073e302b219bc7e486ff8edc698604c9e,"{""distance"":7,""physical_error_rate"":5e-05}","{""detection_events"":1192704,""detectors_checked"":6321991680}"
     63488,         2,         0,   120.4,exact_mw,d2cc2b129abad1f985b8639603638d6030a837aa2fe57172dffdf28919c1c286,"{""distance"":7,""physical_error_rate"":0.001}","{""detection_events"":193362,""detectors_checked"":51425280,""obs_mistake_mask=E"":2}"
    344064,         2,         0,   120.1,exact_mw,8c54babb212143042928b0eca3852c18ac799bf66eb488a668303745c8494fc5,"{""distance"":7,""physical_error_rate"":0.0005}","{""detection_events"":524655,""detectors_checked"":278691840,""obs_mistake_mask=E"":2}"
    376832,         0,         0,   119.9,exact_mw,26ede523e6354ffb917e832246591ea54a1b9969785b9947b95e2ebb539e2476,"{""distance"":7,""physical_error_rate"":0.0002}","{""detection_events"":229447,""detectors_checked"":305233920}"
      5472,         3,         0,   120.3,exact_mw,a39d26a9c85ff1858873bfad720922f64799219ac1b945519c1902b92db90de0,"{""distance"":7,""physical_error_rate"":0.005}","{""detection_events"":81060,""detectors_checked"":4432320,""obs_mistake_mask=E"":3}"
   7731200,         0,         0,   119.0,exact_mw,a212c24da5b34f1b60580734e5e54c4073e302b219bc7e486ff8edc698604c9e,"{""distance"":7,""physical_error_rate"":5e-05}","{""detection_events"":1179061,""detectors_checked"":6262272000}"
   1001472,         0,         0,   118.9,exact_mw,a212c24da5b34f1b60580734e5e54c4073e302b219bc7e486ff8edc698604c9e,"{""distance"":7,""physical_error_rate"":5e-05}","{""detection_events"":152985,""detectors_checked"":811192320}"
      3392,        12,         0,   120.0,exact_mw,1713bc804565c0b42ca58c93310b033f01c41dd72e5e9cac9fe58a9188a19ab7,"{""distance"":7,""physical_error_rate"":0.01}","{""detection_events"":98792,""detectors_checked"":2747520,""obs_mistake_mask=E"":12}"
   2857984,         2,         0,   119.6,exact_mw,26ede523e6354ffb917e832246591ea54a1b9969785b9947b95e2ebb539e2476,"{""distance"":7,""physical_error_rate"":0.0002}","{""detection_events"":1740140,""detectors_checked"":2314967040,""obs_mistake_mask=E"":2}"
     16192,         2,         0,   120.0,exact_mw,98ed6542f5a75ebddbda0ed622fb597fbc85d0a75d139587b6be9a08147ba42d,"{""distance"":7,""physical_error_rate"":0.002}","{""detection_events"":97596,""detectors_checked"":13115520,""obs_mistake_mask=E"":2}"
    372736,         0,         0,   120.0,exact_mw,26ede523e6354ffb917e832246591ea54a1b9969785b9947b95e2ebb539e2476,"{""distance"":7,""physical_error_rate"":0.0002}","{""detection_events"":226925,""detectors_checked"":301916160}"
     64512,         2,         0,   120.4,exact_mw,d2cc2b129abad1f985b8639603638d6030a837aa2fe57172dffdf28919c1c286,"{""distance"":7,""physical_error_rate"":0.001}","{""detection_events"":195409,""detectors_checked"":52254720,""obs_mistake_mask=E"":2}"
     43392,         0,         0,   120.5,exact_mw,8c54babb212143042928b0eca3852c18ac799bf66eb488a668303745c8494fc5,"{""distance"":7,""physical_error_rate"":0.0005}","{""detection_events"":66211,""detectors_checked"":35147520}"
     45056,         0,         0,   120.4,exact_mw,8c54babb212143042928b0eca3852c18ac799bf66eb488a668303745c8494fc5,"{""distance"":7,""physical_error_rate"":0.0005}","{""detection_events"":68773,""detectors_checked"":36495360}"
    340992,         2,         0,   120.1,exact_mw,8c54babb212143042928b0eca3852c18ac799bf66eb488a668303745c8494fc5,"{""distance"":7,""physical_error_rate"":0.0005}","{""detection_events"":519976,""detectors_checked"":276203520,""obs_mistake_mask=E"":2}"
     16384,         1,         0,   120.4,exact_mw,98ed6542f5a75ebddbda0ed622fb597fbc85d0a75d139587b6be9a08147ba42d,"{""distance"":7,""physical_error_rate"":0.002}","{""detection_events"":99180,""detectors_checked"":13271040,""obs_mistake_mask=E"":1}"
   6475776,         4,         0,   119.2,exact_mw,92a9cd959715f3d5685c6265974e573ec36ff2f173f7490ff1393041d63371cf,"{""distance"":7,""physical_error_rate"":0.0001}","{""detection_events"":1974253,""detectors_checked"":5245378560,""obs_mistake_mask=E"":4}"
   7864320,         2,         0,   119.1,exact_mw,a212c24da5b34f1b60580734e5e54c4073e302b219bc7e486ff8edc698604c9e,"{""distance"":7,""physical_error_rate"":5e-05}","{""detection_events"":1201679,""detectors_checked"":6370099200,""obs_mistake_mask=E"":2}"
       716,         1,         0,   120.2,exact_mw,a39d26a9c85ff1858873bfad720922f64799219ac1b945519c1902b92db90de0,"{""distance"":7,""physical_error_rate"":0.005}","{""detection_events"":10636,""detectors_checked"":579960,""obs_mistake_mask=E"":1}"
      5472,         3,         0,   120.3,exact_mw,a39d26a9c85ff1858873bfad720922f64799219ac1b945519c1902b92db90de0,"{""distance"":7,""physical_error_rate"":0.005}","{""detection_events"":82099,""detectors_checked"":4432320,""obs_mistake_mask=E"":3}"
     16128,         0,         0,   120.2,exact_mw,98ed6542f5a75ebddbda0ed622fb597fbc85d0a75d139587b6be9a08147ba42d,"{""distance"":7,""physical_error_rate"":0.002}","{""detection_events"":97496,""detectors_checked"":13063680}"
      3456,        10,         0,   120.0,exact_mw,1713bc804565c0b42ca58c93310b033f01c41dd72e5e9cac9fe58a9188a19ab7,"{""distance"":7,""physical_error_rate"":0.01}","{""detection_events"":100270,""detectors_checked"":2799360,""obs_mistake_mask=E"":10}"
      3424,        11,         0,   120.2,exact_mw,1713bc804565c0b42ca58c93310b033f01c41dd72e5e9cac9fe58a9188a19ab7,"{""distance"":7,""physical_error_rate"":0.01}","{""detection_events"":99019,""detectors_checked"":2773440,""obs_mistake_mask=E"":11}"
     16384,         0,         0,   120.0,exact_mw,98ed6542f5a75ebddbda0ed622fb597fbc85d0a75d139587b6be9a08147ba42d,"{""distance"":7,""physical_error_rate"":0.002}","{""detection_events"":99103,""detectors_checked"":13271040}"
      1984,         2,         0,   119.9,exact_mw,98ed6542f5a75ebddbda0ed622fb597fbc85d0a75d139587b6be9a08147ba42d,"{""distance"":7,""physical_error_rate"":0.002}","{""detection_events"":12004,""detectors_checked"":1607040,""obs_mistake_mask=E"":2}"
     65280,         1,         0,   120.1,exact_mw,d2cc2b129abad1f985b8639603638d6030a837aa2fe57172dffdf28919c1c286,"{""distance"":7,""physical_error_rate"":0.001}","{""detection_events"":196331,""detectors_checked"":52876800,""obs_mistake_mask=E"":1}"
      5440,         3,         0,   120.4,exact_mw,a39d26a9c85ff1858873bfad720922f64799219ac1b945519c1902b92db90de0,"{""distance"":7,""physical_error_rate"":0.005}","{""detection_events"":81466,""detectors_checked"":4406400,""obs_mistake_mask=E"":3}"
     64768,         5,         0,   120.5,exact_mw,d2cc2b129abad1f985b8639603638d6030a837aa2fe57172dffdf28919c1c286,"{""distance"":7,""physical_error_rate"":0.001}","{""detection_events"":196566,""detectors_checked"":52462080,""obs_mistake_mask=E"":5}"
   2920448,         6,         0,   119.6,exact_mw,26ede523e6354ffb917e832246591ea54a1b9969785b9947b95e2ebb539e2476,"{""distance"":7,""physical_error_rate"":0.0002}","{""detection_events"":1784436,""detectors_checked"":2365562880,""obs_mistake_mask=E"":6}"
    812032,         0,         0,   119.5,exact_mw,92a9cd959715f3d5685c6265974e573ec36ff2f173f7490ff1393041d63371cf,"{""distance"":7,""physical_error_rate"":0.0001}","{""detection_events"":247764,""detectors_checked"":657745920}"
   2897920,         6,         0,   119.5,exact_mw,26ede523e6354ffb917e832246591ea54a1b9969785b9947b95e2ebb539e2476,"{""distance"":7,""physical_error_rate"":0.0002}","{""detection_events"":1765415,""detectors_checked"":2347315200,""obs_mistake_mask=E"":6}"
   7864320,         0,         0,   119.2,exact_mw,a212c24da5b34f1b60580734e5e54c4073e302b219bc7e486ff8edc698604c9e,"{""distance"":7,""physical_error_rate"":5e-05}","{""detection_events"":1195535,""detectors_checked"":6370099200}"
    348160,         2,         0,   120.3,exact_mw,8c54babb212143042928b0eca3852c18ac799bf66eb488a668303745c8494fc5,"{""distance"":7,""physical_error_rate"":0.0005}","{""detection_events"":529114,""detectors_checked"":282009600,""obs_mistake_mask=E"":2}"
       694,         1,         0,   120.4,exact_mw,a39d26a9c85ff1858873bfad720922f64799219ac1b945519c1902b92db90de0,"{""distance"":7,""physical_error_rate"":0.005}","{""detection_events"":9895,""detectors_checked"":562140,""obs_mistake_mask=E"":1}"
    346112,         1,         0,   120.0,exact_mw,8c54babb212143042928b0eca3852c18ac799bf66eb488a668303745c8494fc5,"{""distance"":7,""physical_error_rate"":0.0005}","{""detection_events"":525621,""detectors_checked"":280350720,""obs_mistake_mask=E"":1}"
      8096,         0,         0,   120.2,exact_mw,d2cc2b129abad1f985b8639603638d6030a837aa2fe57172dffdf28919c1c286,"{""distance"":7,""physical_error_rate"":0.001}","{""detection_events"":24806,""detectors_checked"":6557760}"
       438,         3,         0,   120.2,exact_mw,1713bc804565c0b42ca58c93310b033f01c41dd72e5e9cac9fe58a9188a19ab7,"{""distance"":7,""physical_error_rate"":0.01}","{""detection_events"":12882,""detectors_checked"":354780,""obs_mistake_mask=E"":3}"
       426,         1,         0,   120.1,exact_mw,1713bc804565c0b42ca58c93310b033f01c41dd72e5e9cac9fe58a9188a19ab7,"{""distance"":7,""physical_error_rate"":0.01}","{""detection_events"":12443,""detectors_checked"":345060,""obs_mistake_mask=E"":1}"
      3360,         9,         0,   120.0,exact_mw,1713bc804565c0b42ca58c93310b033f01c41dd72e5e9cac9fe58a9188a19ab7,"{""distance"":7,""physical_error_rate"":0.01}","{""detection_events"":98556,""detectors_checked"":2721600,""obs_mistake_mask=E"":9}"
      5536,         4,         0,   120.1,exact_mw,a39d26a9c85ff1858873bfad720922f64799219ac1b945519c1902b92db90de0,"{""distance"":7,""physical_error_rate"":0.005}","{""detection_events"":82758,""detectors_checked"":4484160,""obs_mistake_mask=E"":4}"
     16256,         2,         0,   120.2,exact_mw,98ed6542f5a75ebddbda0ed622fb597fbc85d0a75d139587b6be9a08147ba42d,"{""distance"":7,""physical_error_rate"":0.002}","{""detection_events"":98431,""detectors_checked"":13167360,""obs_mistake_mask=E"":2}"
     64512,         2,         0,   120.4,exact_mw,d2cc2b129abad1f985b8639603638d6030a837aa2fe57172dffdf28919c1c286,"{""distance"":7,""physical_error_rate"":0.001}","{""detection_events"":196353,""detectors_checked"":52254720,""obs_mistake_mask=E"":2}"
   2966528,         2,         0,   119.6,exact_mw,26ede523e6354ffb917e832246591ea54a1b9969785b9947b95e2ebb539e2476,"{""distance"":7,""physical_error_rate"":0.0002}","{""detection_events"":1803341,""detectors_checked"":2402887680,""obs_mistake_mask=E"":2}"
   6182912,         3,         0,   119.1,exact_mw,92a9cd959715f3d5685c6265974e573ec36ff2f173f7490ff1393041d63371cf,"{""distance"":7,""physical_error_rate"":0.0001}","{""detection_events"":1884437,""detectors_checked"":5008158720,""obs_mistake_mask=E"":3}"
      5248,         5,         0,   120.4,exact_mw,a39d26a9c85ff1858873bfad720922f64799219ac1b945519c1902b92db90de0,"{""distance"":7,""physical_error_rate"":0.005}","{""detection_events"":77863,""detectors_checked"":4250880,""obs_mistake_mask=E"":5}"
   7681024,         0,         0,   119.1,exact_mw,a212c24da5b34f1b60580734e5e54c4073e302b219bc7e486ff8edc698604c9e,"{""distance"":7,""physical_error_rate"":5e-05}","{""detection_events"":1168804,""detectors_checked"":6221629440}"
   6470656,         2,         0,   119.2,exact_mw,92a9cd959715f3d5685c6265974e573ec36ff2f173f7490ff1393041d63371cf,"{""distance"":7,""physical_error_rate"":0.0001}","{""detection_events"":1977625,""detectors_checked"":5241231360,""obs_mistake_mask=E"":2}"
    333824,         1,         0,   120.0,exact_mw,8c54babb212143042928b0eca3852c18ac799bf66eb488a668303745c8494fc5,"{""distance"":7,""physical_error_rate"":0.0005}","{""detection_events"":508258,""detectors_checked"":270397440,""obs_mistake_mask=E"":1}"
      3456,        12,         0,   120.2,exact_mw,1713bc804565c0b42ca58c93310b033f01c41dd72e5e9cac9fe58a9188a19ab7,"{""distance"":7,""physical_error_rate"":0.01}","{""detection_events"":100841,""detectors_checked"":2799360,""obs_mistake_mask=E"":12}"
     15040,         0,         0,   120.1,exact_mw,98ed6542f5a75ebddbda0ed622fb597fbc85d0a75d139587b6be9a08147ba42d,"{""distance"":7,""physical_error_rate"":0.002}","{""detection_events"":90984,""detectors_checked"":12182400}"
       480,         1,         0,   120.1,exact_mw,1713bc804565c0b42ca58c93310b033f01c41dd72e5e9cac9fe58a9188a19ab7,"{""distance"":7,""physical_error_rate"":0.01}","{""detection_events"":14092,""detectors_checked"":388800,""obs_mistake_mask=E"":1}"
     62720,         0,         0,   120.4,exact_mw,d2cc2b129abad1f985b8639603638d6030a837aa2fe57172dffdf28919c1c286,"{""distance"":7,""physical_error_rate"":0.001}","{""detection_events"":192015,""detectors_checked"":50803200}"
   1888256,         0,         0,   119.3,exact_mw,92a9cd959715f3d5685c6265974e573ec36ff2f173f7490ff1393041d63371cf,"{""distance"":7,""physical_error_rate"":0.0001}","{""detection_events"":575390,""detectors_checked"":1529487360}"
      2432,         1,         0,   120.4,exact_mw,98ed6542f5a75ebddbda0ed622fb597fbc85d0a75d139587b6be9a08147ba42d,"{""distance"":7,""physical_error_rate"":0.002}","{""detection_events"":14537,""detectors_checked"":1969920,""obs_mistake_mask=E"":1}"
   7555072,         1,         0,   119.2,exact_mw,a212c24da5b34f1b60580734e5e54c4073e302b219bc7e486ff8edc698604c9e,"{""distance"":7,""physical_error_rate"":5e-05}","{""detection_events"":1150632,""detectors_checked"":6119608320,""obs_mistake_mask=E"":1}"
   6430720,         2,         0,   119.2,exact_mw,92a9cd959715f3d5685c6265974e573ec36ff2f173f7490ff1393041d63371cf,"{""distance"":7,""physical_error_rate"":0.0001}","{""detection_events"":1963136,""detectors_checked"":5208883200,""obs_mistake_mask=E"":2}"
   7829504,         0,         0,   119.2,exact_mw,a212c24da5b34f1b60580734e5e54c4073e302b219bc7e486ff8edc698604c9e,"{""distance"":7,""physical_error_rate"":5e-05}","{""detection_events"":1195378,""detectors_checked"":6341898240}"
   2960384,         7,         0,   119.6,exact_mw,26ede523e6354ffb917e832246591ea54a1b9969785b9947b95e2ebb539e2476,"{""distance"":7,""physical_error_rate"":0.0002}","{""detection_events"":1802905,""detectors_checked"":2397911040,""obs_mistake_mask=E"":7}"
   6478848,         0,         0,   119.1,exact_mw,92a9cd959715f3d5685c6265974e573ec36ff2f173f7490ff1393041d63371cf,"{""distance"":7,""physical_error_rate"":0.0001}","{""detection_events"":1978958,""detectors_checked"":5247866880}"
    346112,         2,         0,   120.0,exact_mw,8c54babb212143042928b0eca3852c18ac799bf66eb488a668303745c8494fc5,"{""distance"":7,""physical_error_rate"":0.0005}","{""detection_events"":526126,""detectors_checked"":280350720,""obs_mistake_mask=E"":2}"
      5504,         5,         0,   120.0,exact_mw,a39d26a9c85ff1858873bfad720922f64799219ac1b945519c1902b92db90de0,"{""distance"":7,""physical_error_rate"":0.005}","{""detection_events"":81756,""detectors_checked"":4458240,""obs_mistake_mask=E"":5}"
    928768,         0,         0,   119.5,exact_mw,92a9cd959715f3d5685c6265974e573ec36ff2f173f7490ff1393041d63371cf,"{""distance"":7,""physical_error_rate"":0.0001}","{""detection_events"":282986,""detectors_checked"":752302080}"
   2742272,         7,         0,   119.6,exact_mw,26ede523e6354ffb917e832246591ea54a1b9969785b9947b95e2ebb539e2476,"{""distance"":7,""physical_error_rate"":0.0002}","{""detection_events"":1668112,""detectors_checked"":2221240320,""obs_mistake_mask=E"":7}"
     66048,         4,         0,   120.0,exact_mw,d2cc2b129abad1f985b8639603638d6030a837aa2fe57172dffdf28919c1c286,"{""distance"":7,""physical_error_rate"":0.001}","{""detection_events"":200585,""detectors_checked"":53498880,""obs_mistake_mask=E"":4}"
   7874560,         0,         0,   119.0,exact_mw,a212c24da5b34f1b60580734e5e54c4073e302b219bc7e486ff8edc698604c9e,"{""distance"":7,""physical_error_rate"":5e-05}","{""detection_events"":1202072,""detectors_checked"":6378393600}"
     63488,         0,         0,   120.2,exact_mw,d2cc2b129abad1f985b8639603638d6030a837aa2fe57172dffdf28919c1c286,"{""distance"":7,""physical_error_rate"":0.001}","{""detection_events"":193564,""detectors_checked"":51425280}"
    353280,         6,         0,   120.0,exact_mw,8c54babb212143042928b0eca3852c18ac799bf66eb488a668303745c8494fc5,"{""distance"":7,""physical_error_rate"":0.0005}","{""detection_events"":538542,""detectors_checked"":286156800,""obs_mistake_mask=E"":6}"
   7836672,         0,         0,   119.0,exact_mw,a212c24da5b34f1b60580734e5e54c4073e302b219bc7e486ff8edc698604c9e,"{""distance"":7,""physical_error_rate"":5e-05}","{""detection_events"":1194887,""detectors_checked"":6347704320}"
    413696,         0,         0,   120.1,exact_mw,26ede523e6354ffb917e832246591ea54a1b9969785b9947b95e2ebb539e2476,"{""distance"":7,""physical_error_rate"":0.0002}","{""detection_events"":253541,""detectors_checked"":335093760}"
      5440,         3,         0,   120.6,exact_mw,a39d26a9c85ff1858873bfad720922f64799219ac1b945519c1902b92db90de0,"{""distance"":7,""physical_error_rate"":0.005}","{""detection_events"":80916,""detectors_checked"":4406400,""obs_mistake_mask=E"":3}"
   5265408,         0,         0,   119.0,exact_mw,a212c24da5b34f1b60580734e5e54c4073e302b219bc7e486ff8edc698604c9e,"{""distance"":7,""physical_error_rate"":5e-05}","{""detection_events"":804315,""detectors_checked"":4264980480}"
   2831360,         4,         0,   119.6,exact_mw,26ede523e6354ffb917e832246591ea54a1b9969785b9947b95e2ebb539e2476,"{""distance"":7,""physical_error_rate"":0.0002}","{""detection_events"":1726465,""detectors_checked"":2293401600,""obs_mistake_mask=E"":4}"
      3376,        11,         0,   120.2,exact_mw,1713bc804565c0b42ca58c93310b033f01c41dd72e5e9cac9fe58a9188a19ab7,"{""distance"":7,""physical_error_rate"":0.01}","{""detection_events"":98751,""detectors_checked"":2734560,""obs_mistake_mask=E"":11}"
    427008,         0,         0,   119.7,exact_mw,26ede523e6354ffb917e832246591ea54a1b9969785b9947b95e2ebb539e2476,"{""distance"":7,""physical_error_rate"":0.0002}","{""detection_events"":261048,""detectors_checked"":345876480}"
     16384,         0,         0,   120.4,exact_mw,98ed6542f5a75ebddbda0ed622fb597fbc85d0a75d139587b6be9a08147ba42d,"{""distance"":7,""physical_error_rate"":0.002}","{""detection_events"":97701,""detectors_checked"":13271040}"
     67072,         3,         0,   121.0,exact_mw,d2cc2b129abad1f985b8639603638d6030a837aa2fe57172dffdf28919c1c286,"{""distance"":7,""physical_error_rate"":0.001}","{""detection_events"":203108,""detectors_checked"":54328320,""obs_mistake_mask=E"":3}"
     52096,         0,         0,   120.2,exact_mw,8c54babb212143042928b0eca3852c18ac799bf66eb488a668303745c8494fc5,"{""distance"":7,""physical_error_rate"":0.0005}","{""detection_events"":79702,""detectors_checked"":42197760}"
    231680,         4,         0,   120.1,exact_mw,8c54babb212143042928b0eca3852c18ac799bf66eb488a668303745c8494fc5,"{""distance"":7,""physical_error_rate"":0.0005}","{""detection_events"":351145,""detectors_checked"":187660800,""obs_mistake_mask=E"":4}"
    337920,         1,         0,   120.5,exact_mw,8c54babb212143042928b0eca3852c18ac799bf66eb488a668303745c8494fc5,"{""distance"":7,""physical_error_rate"":0.0005}","{""detection_events"":515254,""detectors_checked"":273715200,""obs_mistake_mask=E"":1}"
      9328,         1,         0,   120.3,exact_mw,98ed6542f5a75ebddbda0ed622fb597fbc85d0a75d139587b6be9a08147ba42d,"{""distance"":7,""physical_error_rate"":0.002}","{""detection_events"":56099,""detectors_checked"":7555680,""obs_mistake_mask=E"":1}"
   6412288,         0,         0,   119.3,exact_mw,92a9cd959715f3d5685c6265974e573ec36ff2f173f7490ff1393041d63371cf,"{""distance"":7,""physical_error_rate"":0.0001}","{""detection_events"":1954584,""detectors_checked"":5193953280}"
   7057408,         0,         0,   119.2,exact_mw,a212c24da5b34f1b60580734e5e54c4073e302b219bc7e486ff8edc698604c9e,"{""distance"":7,""physical_error_rate"":5e-05}","{""detection_events"":1073836,""detectors_checked"":5716500480}"
       936,         0,         0,   120.6,exact_mw,a39d26a9c85ff1858873bfad720922f64799219ac1b945519c1902b92db90de0,"{""distance"":7,""physical_error_rate"":0.005}","{""detection_events"":14015,""detectors_checked"":758160}"
     16128,         2,         0,   120.4,exact_mw,98ed6542f5a75ebddbda0ed622fb597fbc85d0a75d139587b6be9a08147ba42d,"{""distance"":7,""physical_error_rate"":0.002}","{""detection_events"":97364,""detectors_checked"":13063680,""obs_mistake_mask=E"":2}"
      5504,         5,         0,   120.8,exact_mw,a39d26a9c85ff1858873bfad720922f64799219ac1b945519c1902b92db90de0,"{""distance"":7,""physical_error_rate"":0.005}","{""detection_events"":81438,""detectors_checked"":4458240,""obs_mistake_mask=E"":5}"
      3408,        16,         0,   120.4,exact_mw,1713bc804565c0b42ca58c93310b033f01c41dd72e5e9cac9fe58a9188a19ab7,"{""distance"":7,""physical_error_rate"":0.01}","{""detection_events"":98935,""detectors_checked"":2760480,""obs_mistake_mask=E"":16}"
      3408,         9,         0,   120.5,exact_mw,1713bc804565c0b42ca58c93310b033f01c41dd72e5e9cac9fe58a9188a19ab7,"{""distance"":7,""physical_error_rate"":0.01}","{""detection_events"":99173,""detectors_checked"":2760480,""obs_mistake_mask=E"":9}"
      6096,         2,         0,   120.4,exact_mw,98ed6542f5a75ebddbda0ed622fb597fbc85d0a75d139587b6be9a08147ba42d,"{""distance"":7,""physical_error_rate"":0.002}","{""detection_events"":36530,""detectors_checked"":4937760,""obs_mistake_mask=E"":2}"
     11656,         2,         0,   120.7,exact_mw,98ed6542f5a75ebddbda0ed622fb597fbc85d0a75d139587b6be9a08147ba42d,"{""distance"":7,""physical_error_rate"":0.002}","{""detection_events"":70201,""detectors_checked"":9441360,""obs_mistake_mask=E"":2}"
     62976,         1,         0,   120.3,exact_mw,d2cc2b129abad1f985b8639603638d6030a837aa2fe57172dffdf28919c1c286,"{""distance"":7,""physical_error_rate"":0.001}","{""detection_events"":192609,""detectors_checked"":51010560,""obs_mistake_mask=E"":1}"
      5184,         4,         0,   120.6,exact_mw,a39d26a9c85ff1858873bfad720922f64799219ac1b945519c1902b92db90de0,"{""distance"":7,""physical_error_rate"":0.005}","{""detection_events"":77082,""detectors_checked"":4199040,""obs_mistake_mask=E"":4}"
     64256,         6,         0,   120.1,exact_mw,d2cc2b129abad1f985b8639603638d6030a837aa2fe57172dffdf28919c1c286,"{""distance"":7,""physical_error_rate"":0.001}","{""detection_events"":194783,""detectors_checked"":52047360,""obs_mistake_mask=E"":6}"
   2898944,         7,         0,   119.6,exact_mw,26ede523e6354ffb917e832246591ea54a1b9969785b9947b95e2ebb539e2476,"{""distance"":7,""physical_error_rate"":0.0002}","{""detection_events"":1770053,""detectors_checked"":2348144640,""obs_mistake_mask=E"":7}"
   2852864,         3,         0,   119.7,exact_mw,26ede523e6354ffb917e832246591ea54a1b9969785b9947b95e2ebb539e2476,"{""distance"":7,""physical_error_rate"":0.0002}","{""detection_events"":1737888,""detectors_checked"":2310819840,""obs_mistake_mask=E"":3}"
   1167360,         2,         0,   119.2,exact_mw,92a9cd959715f3d5685c6265974e573ec36ff2f173f7490ff1393041d63371cf,"{""distance"":7,""physical_error_rate"":0.0001}","{""detection_events"":355251,""detectors_checked"":945561600,""obs_mistake_mask=E"":2}"
   2708480,         0,         0,   119.2,exact_mw,a212c24da5b34f1b60580734e5e54c4073e302b219bc7e486ff8edc698604c9e,"{""distance"":7,""physical_error_rate"":5e-05}","{""detection_events"":414327,""detectors_checked"":2193868800}"
    344064,         2,         0,   120.4,exact_mw,8c54babb212143042928b0eca3852c18ac799bf66eb488a668303745c8494fc5,"{""distance"":7,""physical_error_rate"":0.0005}","{""detection_events"":524256,""detectors_checked"":278691840,""obs_mistake_mask=E"":2}"
      4704,         2,         0,   120.2,exact_mw,a39d26a9c85ff1858873bfad720922f64799219ac1b945519c1902b92db90de0,"{""distance"":7,""physical_error_rate"":0.005}","{""detection_events"":69976,""detectors_checked"":3810240,""obs_mistake_mask=E"":2}"
    334848,         8,         0,   120.0,exact_mw,8c54babb212143042928b0eca3852c18ac799bf66eb488a668303745c8494fc5,"{""distance"":7,""physical_error_rate"":0.0005}","{""detection_events"":511168,""detectors_checked"":271226880,""obs_mistake_mask=E"":8}"
     52192,         0,         0,   121.0,exact_mw,d2cc2b129abad1f985b8639603638d6030a837aa2fe57172dffdf28919c1c286,"{""distance"":7,""physical_error_rate"":0.001}","{""detection_events"":158085,""detectors_checked"":42275520}"
      3038,        13,         0,   120.5,exact_mw,1713bc804565c0b42ca58c93310b033f01c41dd72e5e9cac9fe58a9188a19ab7,"{""distance"":7,""physical_error_rate"":0.01}","{""detection_events"":88503,""detectors_checked"":2460780,""obs_mistake_mask=E"":13}"
      1014,         4,         0,   119.9,exact_mw,1713bc804565c0b42ca58c93310b033f01c41dd72e5e9cac9fe58a9188a19ab7,"{""distance"":7,""physical_error_rate"":0.01}","{""detection_events"":29214,""detectors_checked"":821340,""obs_mistake_mask=E"":4}"
      1000,         3,         0,   120.3,exact_mw,1713bc804565c0b42ca58c93310b033f01c41dd72e5e9cac9fe58a9188a19ab7,"{""distance"":7,""physical_error_rate"":0.01}","{""detection_events"":29269,""detectors_checked"":810000,""obs_mistake_mask=E"":3}"
     15488,         1,         0,   120.1,exact_mw,98ed6542f5a75ebddbda0ed622fb597fbc85d0a75d139587b6be9a08147ba42d,"{""distance"":7,""physical_error_rate"":0.002}","{""detection_events"":93572,""detectors_checked"":12545280,""obs_mistake_mask=E"":1}"
      5376,         4,         0,   120.7,exact_mw,a39d26a9c85ff1858873bfad720922f64799219ac1b945519c1902b92db90de0,"{""distance"":7,""physical_error_rate"":0.005}","{""detection_events"":80230,""detectors_checked"":4354560,""obs_mistake_mask=E"":4}"
     59648,         3,         0,   120.6,exact_mw,d2cc2b129abad1f985b8639603638d6030a837aa2fe57172dffdf28919c1c286,"{""distance"":7,""physical_error_rate"":0.001}","{""detection_events"":180312,""detectors_checked"":48314880,""obs_mistake_mask=E"":3}"
   2072576,         4,         0,   119.8,exact_mw,26ede523e6354ffb917e832246591ea54a1b9969785b9947b95e2ebb539e2476,"{""distance"":7,""physical_error_rate"":0.0002}","{""detection_events"":1260903,""detectors_checked"":1678786560,""obs_mistake_mask=E"":4}"
   6337536,         3,         0,   119.1,exact_mw,92a9cd959715f3d5685c6265974e573ec36ff2f173f7490ff1393041d63371cf,"{""distance"":7,""physical_error_rate"":0.0001}","{""detection_events"":1928064,""detectors_checked"":5133404160,""obs_mistake_mask=E"":3}"
      2336,         1,         0,   120.2,exact_mw,a39d26a9c85ff1858873bfad720922f64799219ac1b945519c1902b92db90de0,"{""distance"":7,""physical_error_rate"":0.005}","{""detection_events"":34636,""detectors_checked"":1892160,""obs_mistake_mask=E"":1}"
   7580672,         0,         0,   119.2,exact_mw,a212c24da5b34f1b60580734e5e54c4073e302b219bc7e486ff8edc698604c9e,"{""distance"":7,""physical_error_rate"":5e-05}","{""detection_events"":1155812,""detectors_checked"":6140344320}"
   5849088,         2,         0,   119.2,exact_mw,92a9cd959715f3d5685c6265974e573ec36ff2f173f7490ff1393041d63371cf,"{""distance"":7,""physical_error_rate"":0.0001}","{""detection_events"":1784873,""detectors_checked"":4737761280,""obs_mistake_mask=E"":2}"
    322432,         1,         0,   121.0,exact_mw,8c54babb212143042928b0eca3852c18ac799bf66eb488a668303745c8494fc5,"{""distance"":7,""physical_error_rate"":0.0005}","{""detection_events"":489654,""detectors_checked"":261169920,""obs_mistake_mask=E"":1}"
      3312,        13,         0,   120.1,exact_mw,1713bc804565c0b42ca58c93310b033f01c41dd72e5e9cac9fe58a9188a19ab7,"{""distance"":7,""physical_error_rate"":0.01}","{""detection_events"":96104,""detectors_checked"":2682720,""obs_mistake_mask=E"":13}"
     16064,         1,         0,   120.0,exact_mw,98ed6542f5a75ebddbda0ed622fb597fbc85d0a75d139587b6be9a08147ba42d,"{""distance"":7,""physical_error_rate"":0.002}","{""detection_events"":97014,""detectors_checked"":13011840,""obs_mistake_mask=E"":1}"
       896,         3,         0,   119.9,exact_mw,1713bc804565c0b42ca58c93310b033f01c41dd72e5e9cac9fe58a9188a19ab7,"{""distance"":7,""physical_error_rate"":0.01}","{""detection_events"":26419,""detectors_checked"":725760,""obs_mistake_mask=E"":3}"
     64512,         2,         0,   120.4,exact_mw,d2cc2b129abad1f985b8639603638d6030a837aa2fe57172dffdf28919c1c286,"{""distance"":7,""physical_error_rate"":0.001}","{""detection_events"":195589,""detectors_checked"":52254720,""obs_mistake_mask=E"":2}"
   2378752,         0,         0,   119.4,exact_mw,92a9cd959715f3d5685c6265974e573ec36ff2f173f7490ff1393041d63371cf,"{""distance"":7,""physical_error_rate"":0.0001}","{""detection_events"":723950,""detectors_checked"":1926789120}"
      2800,         0,         0,   120.2,exact_mw,98ed6542f5a75ebddbda0ed622fb597fbc85d0a75d139587b6be9a08147ba42d,"{""distance"":7,""physical_error_rate"":0.002}","{""detection_events"":16992,""detectors_checked"":2268000}"
   7583744,         0,         0,   119.1,exact_mw,a212c24da5b34f1b60580734e5e54c4073e302b219bc7e486ff8edc698604c9e,"{""distance"":7,""physical_error_rate"":5e-05}","{""detection_events"":1156688,""detectors_checked"":6142832640}"
   6587392,         4,         0,   119.3,exact_mw,92a9cd959715f3d5685c6265974e573ec36ff2f173f7490ff1393041d63371cf,"{""distance"":7,""physical_error_rate"":0.0001}","{""detection_events"":1999869,""detectors_checked"":5335787520,""obs_mistake_mask=E"":4}"
   7401472,         2,         0,   119.2,exact_mw,a212c24da5b34f1b60580734e5e54c4073e302b219bc7e486ff8edc698604c9e,"{""distance"":7,""physical_error_rate"":5e-05}","{""detection_events"":1126299,""detectors_checked"":5995192320,""obs_mistake_mask=E"":2}"
   2980864,         4,         0,   119.6,exact_mw,26ede523e6354ffb917e832246591ea54a1b9969785b9947b95e2ebb539e2476,"{""distance"":7,""physical_error_rate"":0.0002}","{""detection_events"":1816767,""detectors_checked"":2414499840,""obs_mistake_mask=E"":4}"
   6313984,         3,         0,   119.1,exact_mw,92a9cd959715f3d5685c6265974e573ec36ff2f173f7490ff1393041d63371cf,"{""distance"":7,""physical_error_rate"":0.0001}","{""detection_events"":1923829,""detectors_checked"":5114327040,""obs_mistake_mask=E"":3}"
    373760,         4,         0,   120.2,exact_mw,8c54babb212143042928b0eca3852c18ac799bf66eb488a668303745c8494fc5,"{""distance"":7,""physical_error_rate"":0.0005}","{""detection_events"":568187,""detectors_checked"":302745600,""obs_mistake_mask=E"":4}"
      5184,         4,         0,   120.1,exact_mw,a39d26a9c85ff1858873bfad720922f64799219ac1b945519c1902b92db90de0,"{""distance"":7,""physical_error_rate"":0.005}","{""detection_events"":77170,""detectors_checked"":4199040,""obs_mistake_mask=E"":4}"
   3474432,         1,         0,   119.2,exact_mw,92a9cd959715f3d5685c6265974e573ec36ff2f173f7490ff1393041d63371cf,"{""distance"":7,""physical_error_rate"":0.0001}","{""detection_events"":1059147,""detectors_checked"":2814289920,""obs_mistake_mask=E"":1}"
    774144,         1,         0,   119.8,exact_mw,26ede523e6354ffb917e832246591ea54a1b9969785b9947b95e2ebb539e2476,"{""distance"":7,""physical_error_rate"":0.0002}","{""detection_events"":473303,""detectors_checked"":627056640,""obs_mistake_mask=E"":1}"
     18368,         3,         0,   119.9,exact_mw,d2cc2b129abad1f985b8639603638d6030a837aa2fe57172dffdf28919c1c286,"{""distance"":7,""physical_error_rate"":0.001}","{""detection_events"":55886,""detectors_checked"":14878080,""obs_mistake_mask=E"":3}"
   7495680,         1,         0,   119.0,exact_mw,a212c24da5b34f1b60580734e5e54c4073e302b219bc7e486ff8edc698604c9e,"{""distance"":7,""physical_error_rate"":5e-05}","{""detection_events"":1139158,""detectors_checked"":6071500800,""obs_mistake_mask=E"":1}"
    294400,         1,         0,   120.2,exact_mw,8c54babb212143042928b0eca3852c18ac799bf66eb488a668303745c8494fc5,"{""distance"":7,""physical_error_rate"":0.0005}","{""detection_events"":447872,""detectors_checked"":238464000,""obs_mistake_mask=E"":1}"
     69120,         4,         0,   120.6,exact_mw,d2cc2b129abad1f985b8639603638d6030a837aa2fe57172dffdf28919c1c286,"{""distance"":7,""physical_error_rate"":0.001}","{""detection_events"":210188,""detectors_checked"":55987200,""obs_mistake_mask=E"":4}"
   7512064,         0,         0,   119.1,exact_mw,a212c24da5b34f1b60580734e5e54c4073e302b219bc7e486ff8edc698604c9e,"{""distance"":7,""physical_error_rate"":5e-05}","{""detection_events"":1146952,""detectors_checked"":6084771840}"
   2580480,         2,         0,   119.5,exact_mw,26ede523e6354ffb917e832246591ea54a1b9969785b9947b95e2ebb539e2476,"{""distance"":7,""physical_error_rate"":0.0002}","{""detection_events"":1572863,""detectors_checked"":2090188800,""obs_mistake_mask=E"":2}"
      5728,         2,         0,   120.0,exact_mw,a39d26a9c85ff1858873bfad720922f64799219ac1b945519c1902b92db90de0,"{""distance"":7,""physical_error_rate"":0.005}","{""detection_events"":85314,""detectors_checked"":4639680,""obs_mistake_mask=E"":2}"
   5430272,         1,         0,   119.4,exact_mw,a212c24da5b34f1b60580734e5e54c4073e302b219bc7e486ff8edc698604c9e,"{""distance"":7,""physical_error_rate"":5e-05}","{""detection_events"":830098,""detectors_checked"":4398520320,""obs_mistake_mask=E"":1}"
   2787328,         4,         0,   119.7,exact_mw,26ede523e6354ffb917e832246591ea54a1b9969785b9947b95e2ebb539e2476,"{""distance"":7,""physical_error_rate"":0.0002}","{""detection_events"":1696111,""detectors_checked"":2257735680,""obs_mistake_mask=E"":4}"
      3440,        11,         0,   120.8,exact_mw,1713bc804565c0b42ca58c93310b033f01c41dd72e5e9cac9fe58a9188a19ab7,"{""distance"":7,""physical_error_rate"":0.01}","{""detection_events"":100156,""detectors_checked"":2786400,""obs_mistake_mask=E"":11}"
      1632,         2,         0,    56.6,exact_mw,1713bc804565c0b42ca58c93310b033f01c41dd72e5e9cac9fe58a9188a19ab7,"{""distance"":7,""physical_error_rate"":0.01}","{""detection_events"":47549,""detectors_checked"":1321920,""obs_mistake_mask=E"":2}"
      1440,         6,         0,    55.1,exact_mw,1713bc804565c0b42ca58c93310b033f01c41dd72e5e9cac9fe58a9188a19ab7,"{""distance"":7,""physical_error_rate"":0.01}","{""detection_events"":41689,""detectors_checked"":1166400,""obs_mistake_mask=E"":6}"
      1106,         5,         0,    88.2,exact_mw,1713bc804565c0b42ca58c93310b033f01c41dd72e5e9cac9fe58a9188a19ab7,"{""distance"":7,""physical_error_rate"":0.01}","{""detection_events"":32247,""detectors_checked"":895860,""obs_mistake_mask=E"":5}"
      2384,         6,         0,    91.3,exact_mw,1713bc804565c0b42ca58c93310b033f01c41dd72e5e9cac9fe58a9188a19ab7,"{""distance"":7,""physical_error_rate"":0.01}","{""detection_events"":68832,""detectors_checked"":1931040,""obs_mistake_mask=E"":6}"
       388,         0,         0,    86.6,exact_mw,1713bc804565c0b42ca58c93310b033f01c41dd72e5e9cac9fe58a9188a19ab7,"{""distance"":7,""physical_error_rate"":0.01}","{""detection_events"":10999,""detectors_checked"":314280}"
    505856,         0,         0,   119.8,exact_mw,26ede523e6354ffb917e832246591ea54a1b9969785b9947b95e2ebb539e2476,"{""distance"":7,""physical_error_rate"":0.0002}","{""detection_events"":309781,""detectors_checked"":409743360}"
      3120,        13,         0,   109.6,exact_mw,1713bc804565c0b42ca58c93310b033f01c41dd72e5e9cac9fe58a9188a19ab7,"{""distance"":7,""physical_error_rate"":0.01}","{""detection_events"":91037,""detectors_checked"":2527200,""obs_mistake_mask=E"":13}"
      2976,         4,         0,   109.3,exact_mw,1713bc804565c0b42ca58c93310b033f01c41dd72e5e9cac9fe58a9188a19ab7,"{""distance"":7,""physical_error_rate"":0.01}","{""detection_events"":87583,""detectors_checked"":2410560,""obs_mistake_mask=E"":4}"
     16896,         1,         0,   120.4,exact_mw,98ed6542f5a75ebddbda0ed622fb597fbc85d0a75d139587b6be9a08147ba42d,"{""distance"":7,""physical_error_rate"":0.002}","{""detection_events"":101087,""detectors_checked"":13685760,""obs_mistake_mask=E"":1}"
     60416,         4,         0,   120.3,exact_mw,d2cc2b129abad1f985b8639603638d6030a837aa2fe57172dffdf28919c1c286,"{""distance"":7,""physical_error_rate"":0.001}","{""detection_events"":185187,""detectors_checked"":48936960,""obs_mistake_mask=E"":4}"
    320768,         5,         0,   120.2,exact_mw,8c54babb212143042928b0eca3852c18ac799bf66eb488a668303745c8494fc5,"{""distance"":7,""physical_error_rate"":0.0005}","{""detection_events"":488094,""detectors_checked"":259822080,""obs_mistake_mask=E"":5}"
    330752,         4,         0,   120.1,exact_mw,8c54babb212143042928b0eca3852c18ac799bf66eb488a668303745c8494fc5,"{""distance"":7,""physical_error_rate"":0.0005}","{""detection_events"":502505,""detectors_checked"":267909120,""obs_mistake_mask=E"":4}"
    317440,         2,         0,   120.3,exact_mw,8c54babb212143042928b0eca3852c18ac799bf66eb488a668303745c8494fc5,"{""distance"":7,""physical_error_rate"":0.0005}","{""detection_events"":484964,""detectors_checked"":257126400,""obs_mistake_mask=E"":2}"
      2580,         0,         0,   120.0,exact_mw,98ed6542f5a75ebddbda0ed622fb597fbc85d0a75d139587b6be9a08147ba42d,"{""distance"":7,""physical_error_rate"":0.002}","{""detection_events"":15517,""detectors_checked"":2089800}"
   6360064,         2,         0,   119.4,exact_mw,92a9cd959715f3d5685c6265974e573ec36ff2f173f7490ff1393041d63371cf,"{""distance"":7,""physical_error_rate"":0.0001}","{""detection_events"":1938712,""detectors_checked"":5151651840,""obs_mistake_mask=E"":2}"
   7391232,         1,         0,   119.2,exact_mw,a212c24da5b34f1b60580734e5e54c4073e302b219bc7e486ff8edc698604c9e,"{""distance"":7,""physical_error_rate"":5e-05}","{""detection_events"":1126757,""detectors_checked"":5986897920,""obs_mistake_mask=E"":1}"
     15360,         3,         0,   120.5,exact_mw,98ed6542f5a75ebddbda0ed622fb597fbc85d0a75d139587b6be9a08147ba42d,"{""distance"":7,""physical_error_rate"":0.002}","{""detection_events"":93823,""detectors_checked"":12441600,""obs_mistake_mask=E"":3}"
      5472,         4,         0,   120.4,exact_mw,a39d26a9c85ff1858873bfad720922f64799219ac1b945519c1902b92db90de0,"{""distance"":7,""physical_error_rate"":0.005}","{""detection_events"":80763,""detectors_checked"":4432320,""obs_mistake_mask=E"":4}"
      1048,         0,         0,   121.0,exact_mw,a39d26a9c85ff1858873bfad720922f64799219ac1b945519c1902b92db90de0,"{""distance"":7,""physical_error_rate"":0.005}","{""detection_events"":15555,""detectors_checked"":848880}"
      4624,         1,         0,   120.0,exact_mw,98ed6542f5a75ebddbda0ed622fb597fbc85d0a75d139587b6be9a08147ba42d,"{""distance"":7,""physical_error_rate"":0.002}","{""detection_events"":27977,""detectors_checked"":3745440,""obs_mistake_mask=E"":1}"
     13360,         0,         0,   120.1,exact_mw,98ed6542f5a75ebddbda0ed622fb597fbc85d0a75d139587b6be9a08147ba42d,"{""distance"":7,""physical_error_rate"":0.002}","{""detection_events"":80587,""detectors_checked"":10821600}"
     60672,         1,         0,   120.7,exact_mw,d2cc2b129abad1f985b8639603638d6030a837aa2fe57172dffdf28919c1c286,"{""distance"":7,""physical_error_rate"":0.001}","{""detection_events"":184393,""detectors_checked"":49144320,""obs_mistake_mask=E"":1}"
      4784,         4,         0,   120.7,exact_mw,a39d26a9c85ff1858873bfad720922f64799219ac1b945519c1902b92db90de0,"{""distance"":7,""physical_error_rate"":0.005}","{""detection_events"":71306,""detectors_checked"":3875040,""obs_mistake_mask=E"":4}"
   2813952,         5,         0,   119.6,exact_mw,26ede523e6354ffb917e832246591ea54a1b9969785b9947b95e2ebb539e2476,"{""distance"":7,""physical_error_rate"":0.0002}","{""detection_events"":1711229,""detectors_checked"":2279301120,""obs_mistake_mask=E"":5}"
     63744,         3,         0,   120.8,exact_mw,d2cc2b129abad1f985b8639603638d6030a837aa2fe57172dffdf28919c1c286,"{""distance"":7,""physical_error_rate"":0.001}","{""detection_events"":192936,""detectors_checked"":51632640,""obs_mistake_mask=E"":3}"
   2781184,         2,         0,   119.5,exact_mw,26ede523e6354ffb917e832246591ea54a1b9969785b9947b95e2ebb539e2476,"{""distance"":7,""physical_error_rate"":0.0002}","{""detection_events"":1694243,""detectors_checked"":2252759040,""obs_mistake_mask=E"":2}"
    962560,         0,         0,   119.4,exact_mw,92a9cd959715f3d5685c6265974e573ec36ff2f173f7490ff1393041d63371cf,"{""distance"":7,""physical_error_rate"":0.0001}","{""detection_events"":292506,""detectors_checked"":779673600}"
   3665920,         0,         0,   119.2,exact_mw,a212c24da5b34f1b60580734e5e54c4073e302b219bc7e486ff8edc698604c9e,"{""distance"":7,""physical_error_rate"":5e-05}","{""detection_events"":556892,""detectors_checked"":2969395200}"
    339968,         1,         0,   119.9,exact_mw,8c54babb212143042928b0eca3852c18ac799bf66eb488a668303745c8494fc5,"{""distance"":7,""physical_error_rate"":0.0005}","{""detection_events"":517375,""detectors_checked"":275374080,""obs_mistake_mask=E"":1}"
    324608,         2,         0,   120.3,exact_mw,8c54babb212143042928b0eca3852c18ac799bf66eb488a668303745c8494fc5,"{""distance"":7,""physical_error_rate"":0.0005}","{""detection_events"":495489,""detectors_checked"":262932480,""obs_mistake_mask=E"":2}"
      1890,         0,         0,   120.9,exact_mw,a39d26a9c85ff1858873bfad720922f64799219ac1b945519c1902b92db90de0,"{""distance"":7,""physical_error_rate"":0.005}","{""detection_events"":28416,""detectors_checked"":1530900}"
     20928,         1,         0,   120.1,exact_mw,d2cc2b129abad1f985b8639603638d6030a837aa2fe57172dffdf28919c1c286,"{""distance"":7,""physical_error_rate"":0.001}","{""detection_events"":63313,""detectors_checked"":16951680,""obs_mistake_mask=E"":1}"
         1,         0,         0,   0.001,exact_mw,8c54babb212143042928b0eca3852c18ac799bf66eb488a668303745c8494fc5,"{""distance"":7,""physical_error_rate"":0.0005}","{""detectors_checked"":810}"
       272,         0,         0,   0.106,exact_mw,8c54babb212143042928b0eca3852c18ac799bf66eb488a668303745c8494fc5,"{""distance"":7,""physical_error_rate"":0.0005}","{""detection_events"":376,""detectors_checked"":220320}"
      1024,         0,         0,   0.416,exact_mw,8c54babb212143042928b0eca3852c18ac799bf66eb488a668303745c8494fc5,"{""distance"":7,""physical_error_rate"":0.0005}","{""detection_events"":1632,""detectors_checked"":829440}"
      1297,         0,         0,   0.011,exact_mw,a212c24da5b34f1b60580734e5e54c4073e302b219bc7e486ff8edc698604c9e,"{""distance"":7,""physical_error_rate"":5e-05}","{""detection_events"":199,""detectors_checked"":1050570}"
      1024,         0,         0,   0.008,exact_mw,a212c24da5b34f1b60580734e5e54c4073e302b219bc7e486ff8edc698604c9e,"{""distance"":7,""physical_error_rate"":5e-05}","{""detection_events"":204,""detectors_checked"":829440}"
      1024,         0,         0,   0.021,exact_mw,a212c24da5b34f1b60580734e5e54c4073e302b219bc7e486ff8edc698604c9e,"{""distance"":7,""physical_error_rate"":5e-05}","{""detection_events"":156,""detectors_checked"":829440}"
         1,         0,         0,   0.036,exact_mw,a39d26a9c85ff1858873bfad720922f64799219ac1b945519c1902b92db90de0,"{""distance"":7,""physical_error_rate"":0.005}","{""detection_events"":16,""detectors_checked"":810}"
      2048,         0,         0,   0.028,exact_mw,a212c24da5b34f1b60580734e5e54c4073e302b219bc7e486ff8edc698604c9e,"{""distance"":7,""physical_error_rate"":5e-05}","{""detection_events"":336,""detectors_checked"":1658880}"
      2048,         0,         0,   0.036,exact_mw,a212c24da5b34f1b60580734e5e54c4073e302b219bc7e486ff8edc698604c9e,"{""distance"":7,""physical_error_rate"":5e-05}","{""detection_events"":350,""detectors_checked"":1658880}"
         1,         0,         0,   0.001,exact_mw,d2cc2b129abad1f985b8639603638d6030a837aa2fe57172dffdf28919c1c286,"{""distance"":7,""physical_error_rate"":0.001}","{""detection_events"":2,""detectors_checked"":810}"
      4096,         0,         0,   0.057,exact_mw,a212c24da5b34f1b60580734e5e54c4073e302b219bc7e486ff8edc698604c9e,"{""distance"":7,""physical_error_rate"":5e-05}","{""detection_events"":634,""detectors_checked"":3317760}"
        16,         0,         0,   0.029,exact_mw,d2cc2b129abad1f985b8639603638d6030a837aa2fe57172dffdf28919c1c286,"{""distance"":7,""physical_error_rate"":0.001}","{""detection_events"":44,""detectors_checked"":12960}"
      5120,         0,         0,   0.064,exact_mw,a212c24da5b34f1b60580734e5e54c4073e302b219bc7e486ff8edc698604c9e,"{""distance"":7,""physical_error_rate"":5e-05}","{""detection_events"":744,""detectors_checked"":4147200}"
      7168,         0,         0,   0.123,exact_mw,a212c24da5b34f1b60580734e5e54c4073e302b219bc7e486ff8edc698604c9e,"{""distance"":7,""physical_error_rate"":5e-05}","{""detection_events"":1100,""detectors_checked"":5806080}"
      1024,         0,         0,   0.470,exact_mw,8c54babb212143042928b0eca3852c18ac799bf66eb488a668303745c8494fc5,"{""distance"":7,""physical_error_rate"":0.0005}","{""detection_events"":1685,""detectors_checked"":829440}"
     10240,         0,         0,   0.149,exact_mw,a212c24da5b34f1b60580734e5e54c4073e302b219bc7e486ff8edc698604c9e,"{""distance"":7,""physical_error_rate"":5e-05}","{""detection_events"":1574,""detectors_checked"":8294400}"
        16,         0,         0,   0.456,exact_mw,a39d26a9c85ff1858873bfad720922f64799219ac1b945519c1902b92db90de0,"{""distance"":7,""physical_error_rate"":0.005}","{""detection_events"":241,""detectors_checked"":12960}"
       256,         0,         0,   0.350,exact_mw,d2cc2b129abad1f985b8639603638d6030a837aa2fe57172dffdf28919c1c286,"{""distance"":7,""physical_error_rate"":0.001}","{""detection_events"":818,""detectors_checked"":207360}"
      1024,         0,         0,   0.221,exact_mw,8c54babb212143042928b0eca3852c18ac799bf66eb488a668303745c8494fc5,"{""distance"":7,""physical_error_rate"":0.0005}","{""detection_events"":1560,""detectors_checked"":829440}"
     13312,         0,         0,   0.198,exact_mw,a212c24da5b34f1b60580734e5e54c4073e302b219bc7e486ff8edc698604c9e,"{""distance"":7,""physical_error_rate"":5e-05}","{""detection_events"":2052,""detectors_checked"":10782720}"
      1024,         0,         0,   0.308,exact_mw,8c54babb212143042928b0eca3852c18ac799bf66eb488a668303745c8494fc5,"{""distance"":7,""physical_error_rate"":0.0005}","{""detection_events"":1668,""detectors_checked"":829440}"
        16,         0,         0,   0.424,exact_mw,a39d26a9c85ff1858873bfad720922f64799219ac1b945519c1902b92db90de0,"{""distance"":7,""physical_error_rate"":0.005}","{""detection_events"":251,""detectors_checked"":12960}"
       256,         0,         0,   0.423,exact_mw,d2cc2b129abad1f985b8639603638d6030a837aa2fe57172dffdf28919c1c286,"{""distance"":7,""physical_error_rate"":0.001}","{""detection_events"":803,""detectors_checked"":207360}"
     19456,         0,         0,   0.292,exact_mw,a212c24da5b34f1b60580734e5e54c4073e302b219bc7e486ff8edc698604c9e,"{""distance"":7,""physical_error_rate"":5e-05}","{""detection_events"":2862,""detectors_checked"":15759360}"
         1,         0,         0,   0.001,exact_mw,92a9cd959715f3d5685c6265974e573ec36ff2f173f7490ff1393041d63371cf,"{""distance"":7,""physical_error_rate"":0.0001}","{""detectors_checked"":810}"
      1296,         0,         0,   0.028,exact_mw,92a9cd959715f3d5685c6265974e573ec36ff2f173f7490ff1393041d63371cf,"{""distance"":7,""physical_error_rate"":0.0001}","{""detection_events"":418,""detectors_checked"":1049760}"
      2048,         0,         0,   0.029,exact_mw,92a9cd959715f3d5685c6265974e573ec36ff2f173f7490ff1393041d63371cf,"{""distance"":7,""physical_error_rate"":0.0001}","{""detection_events"":633,""detectors_checked"":1658880}"
      1024,         0,         0,   0.028,exact_mw,92a9cd959715f3d5685c6265974e573ec36ff2f173f7490ff1393041d63371cf,"{""distance"":7,""physical_error_rate"":0.0001}","{""detection_events"":316,""detectors_checked"":829440}"
      3072,         0,         0,   0.049,exact_mw,92a9cd959715f3d5685c6265974e573ec36ff2f173f7490ff1393041d63371cf,"{""distance"":7,""physical_error_rate"":0.0001}","{""detection_events"":946,""detectors_checked"":2488320}"
      3072,         0,         0,   0.054,exact_mw,92a9cd959715f3d5685c6265974e573ec36ff2f173f7490ff1393041d63371cf,"{""distance"":7,""physical_error_rate"":0.0001}","{""detection_events"":972,""detectors_checked"":2488320}"
        16,         0,         0,   0.352,exact_mw,a39d26a9c85ff1858873bfad720922f64799219ac1b945519c1902b92db90de0,"{""distance"":7,""physical_error_rate"":0.005}","{""detection_events"":232,""detectors_checked"":12960}"
      5120,         0,         0,   0.082,exact_mw,92a9cd959715f3d5685c6265974e573ec36ff2f173f7490ff1393041d63371cf,"{""distance"":7,""physical_error_rate"":0.0001}","{""detection_events"":1552,""detectors_checked"":4147200}"
      1024,         0,         0,   0.421,exact_mw,8c54babb212143042928b0eca3852c18ac799bf66eb488a668303745c8494fc5,"{""distance"":7,""physical_error_rate"":0.0005}","{""detection_events"":1495,""detectors_checked"":829440}"
     26624,         0,         0,   0.420,exact_mw,a212c24da5b34f1b60580734e5e54c4073e302b219bc7e486ff8edc698604c9e,"{""distance"":7,""physical_error_rate"":5e-05}","{""detection_events"":3937,""detectors_checked"":21565440}"
      7168,         0,         0,   0.128,exact_mw,92a9cd959715f3d5685c6265974e573ec36ff2f173f7490ff1393041d63371cf,"{""distance"":7,""physical_error_rate"":0.0001}","{""detection_events"":2178,""detectors_checked"":5806080}"
         1,         0,         0,   0.001,exact_mw,98ed6542f5a75ebddbda0ed622fb597fbc85d0a75d139587b6be9a08147ba42d,"{""distance"":7,""physical_error_rate"":0.002}","{""detection_events"":2,""detectors_checked"":810}"
      8192,         0,         0,   0.142,exact_mw,92a9cd959715f3d5685c6265974e573ec36ff2f173f7490ff1393041d63371cf,"{""distance"":7,""physical_error_rate"":0.0001}","{""detection_events"":2488,""detectors_checked"":6635520}"
       256,         0,         0,   0.670,exact_mw,d2cc2b129abad1f985b8639603638d6030a837aa2fe57172dffdf28919c1c286,"{""distance"":7,""physical_error_rate"":0.001}","{""detection_events"":757,""detectors_checked"":207360}"
      1024,         1,         0,   0.280,exact_mw,8c54babb212143042928b0eca3852c18ac799bf66eb488a668303745c8494fc5,"{""distance"":7,""physical_error_rate"":0.0005}","{""detection_events"":1583,""detectors_checked"":829440,""obs_mistake_mask=E"":1}"
        16,         0,         0,   0.166,exact_mw,98ed6542f5a75ebddbda0ed622fb597fbc85d0a75d139587b6be9a08147ba42d,"{""distance"":7,""physical_error_rate"":0.002}","{""detection_events"":91,""detectors_checked"":12960}"
        16,         0,         0,   0.401,exact_mw,a39d26a9c85ff1858873bfad720922f64799219ac1b945519c1902b92db90de0,"{""distance"":7,""physical_error_rate"":0.005}","{""detection_events"":253,""detectors_checked"":12960}"
     11264,         0,         0,   0.209,exact_mw,92a9cd959715f3d5685c6265974e573ec36ff2f173f7490ff1393041d63371cf,"{""distance"":7,""physical_error_rate"":0.0001}","{""detection_events"":3443,""detectors_checked"":9123840}"
        17,         0,         0,   0.424,exact_mw,a39d26a9c85ff1858873bfad720922f64799219ac1b945519c1902b92db90de0,"{""distance"":7,""physical_error_rate"":0.005}","{""detection_events"":262,""detectors_checked"":13770}"
        32,         0,         0,   0.243,exact_mw,98ed6542f5a75ebddbda0ed622fb597fbc85d0a75d139587b6be9a08147ba42d,"{""distance"":7,""physical_error_rate"":0.002}","{""detection_events"":213,""detectors_checked"":25920}"
      1024,         0,         0,   0.345,exact_mw,8c54babb212143042928b0eca3852c18ac799bf66eb488a668303745c8494fc5,"{""distance"":7,""physical_error_rate"":0.0005}","{""detection_events"":1563,""detectors_checked"":829440}"
     35840,         0,         0,   0.570,exact_mw,a212c24da5b34f1b60580734e5e54c4073e302b219bc7e486ff8edc698604c9e,"{""distance"":7,""physical_error_rate"":5e-05}","{""detection_events"":5465,""detectors_checked"":29030400}"
        16,         0,         0,   0.379,exact_mw,a39d26a9c85ff1858873bfad720922f64799219ac1b945519c1902b92db90de0,"{""distance"":7,""physical_error_rate"":0.005}","{""detection_events"":263,""detectors_checked"":12960}"
        16,         0,         0,   0.268,exact_mw,a39d26a9c85ff1858873bfad720922f64799219ac1b945519c1902b92db90de0,"{""distance"":7,""physical_error_rate"":0.005}","{""detection_events"":186,""detectors_checked"":12960}"
     13312,         0,         0,   0.293,exact_mw,92a9cd959715f3d5685c6265974e573ec36ff2f173f7490ff1393041d63371cf,"{""distance"":7,""physical_error_rate"":0.0001}","{""detection_events"":4086,""detectors_checked"":10782720}"
       256,         0,         0,   0.555,exact_mw,d2cc2b129abad1f985b8639603638d6030a837aa2fe57172dffdf28919c1c286,"{""distance"":7,""physical_error_rate"":0.001}","{""detection_events"":757,""detectors_checked"":207360}"
      1024,         0,         0,   0.339,exact_mw,8c54babb212143042928b0eca3852c18ac799bf66eb488a668303745c8494fc5,"{""distance"":7,""physical_error_rate"":0.0005}","{""detection_events"":1524,""detectors_checked"":829440}"
        16,         0,         0,   0.279,exact_mw,a39d26a9c85ff1858873bfad720922f64799219ac1b945519c1902b92db90de0,"{""distance"":7,""physical_error_rate"":0.005}","{""detection_events"":227,""detectors_checked"":12960}"
        64,         0,         0,   0.481,exact_mw,98ed6542f5a75ebddbda0ed622fb597fbc85d0a75d139587b6be9a08147ba42d,"{""distance"":7,""physical_error_rate"":0.002}","{""detection_events"":363,""detectors_checked"":51840}"
     23552,         0,         0,   0.394,exact_mw,92a9cd959715f3d5685c6265974e573ec36ff2f173f7490ff1393041d63371cf,"{""distance"":7,""physical_error_rate"":0.0001}","{""detection_events"":7110,""detectors_checked"":19077120}"
       256,         0,         0,   0.416,exact_mw,d2cc2b129abad1f985b8639603638d6030a837aa2fe57172dffdf28919c1c286,"{""distance"":7,""physical_error_rate"":0.001}","{""detection_events"":768,""detectors_checked"":207360}"
        32,         0,         0,   0.530,exact_mw,a39d26a9c85ff1858873bfad720922f64799219ac1b945519c1902b92db90de0,"{""distance"":7,""physical_error_rate"":0.005}","{""detection_events"":471,""detectors_checked"":25920}"
      1024,         0,         0,   0.394,exact_mw,8c54babb212143042928b0eca3852c18ac799bf66eb488a668303745c8494fc5,"{""distance"":7,""physical_error_rate"":0.0005}","{""detection_events"":1533,""detectors_checked"":829440}"
     53248,         0,         0,   0.796,exact_mw,a212c24da5b34f1b60580734e5e54c4073e302b219bc7e486ff8edc698604c9e,"{""distance"":7,""physical_error_rate"":5e-05}","{""detection_events"":8264,""detectors_checked"":43130880}"
        64,         0,         0,   0.441,exact_mw,98ed6542f5a75ebddbda0ed622fb597fbc85d0a75d139587b6be9a08147ba42d,"{""distance"":7,""physical_error_rate"":0.002}","{""detection_events"":332,""detectors_checked"":51840}"
       256,         0,         0,   0.350,exact_mw,d2cc2b129abad1f985b8639603638d6030a837aa2fe57172dffdf28919c1c286,"{""distance"":7,""physical_error_rate"":0.001}","{""detection_events"":770,""detectors_checked"":207360}"
     29696,         0,         0,   0.558,exact_mw,92a9cd959715f3d5685c6265974e573ec36ff2f173f7490ff1393041d63371cf,"{""distance"":7,""physical_error_rate"":0.0001}","{""detection_events"":9033,""detectors_checked"":24053760}"
        32,         0,         0,   0.879,exact_mw,a39d26a9c85ff1858873bfad720922f64799219ac1b945519c1902b92db90de0,"{""distance"":7,""physical_error_rate"":0.005}","{""detection_events"":473,""detectors_checked"":25920}"
      5120,         7,         0,   120.2,exact_mw,a39d26a9c85ff1858873bfad720922f64799219ac1b945519c1902b92db90de0,"{""distance"":7,""physical_error_rate"":0.005}","{""detection_events"":76212,""detectors_checked"":4147200,""obs_mistake_mask=E"":7}"
        32,         0,         0,   0.720,exact_mw,a39d26a9c85ff1858873bfad720922f64799219ac1b945519c1902b92db90de0,"{""distance"":7,""physical_error_rate"":0.005}","{""detection_events"":470,""detectors_checked"":25920}"
      2048,         0,         0,   0.625,exact_mw,8c54babb212143042928b0eca3852c18ac799bf66eb488a668303745c8494fc5,"{""distance"":7,""physical_error_rate"":0.0005}","{""detection_events"":3095,""detectors_checked"":1658880}"
        64,         0,         0,   0.526,exact_mw,98ed6542f5a75ebddbda0ed622fb597fbc85d0a75d139587b6be9a08147ba42d,"{""distance"":7,""physical_error_rate"":0.002}","{""detection_events"":366,""detectors_checked"":51840}"
       256,         0,         0,   0.529,exact_mw,d2cc2b129abad1f985b8639603638d6030a837aa2fe57172dffdf28919c1c286,"{""distance"":7,""physical_error_rate"":0.001}","{""detection_events"":818,""detectors_checked"":207360}"
        64,         0,         0,   0.390,exact_mw,98ed6542f5a75ebddbda0ed622fb597fbc85d0a75d139587b6be9a08147ba42d,"{""distance"":7,""physical_error_rate"":0.002}","{""detection_events"":387,""detectors_checked"":51840}"
     39936,         0,         0,   0.793,exact_mw,92a9cd959715f3d5685c6265974e573ec36ff2f173f7490ff1393041d63371cf,"{""distance"":7,""physical_error_rate"":0.0001}","{""detection_events"":12252,""detectors_checked"":32348160}"
     14848,         0,         0,   121.0,exact_mw,98ed6542f5a75ebddbda0ed622fb597fbc85d0a75d139587b6be9a08147ba42d,"{""distance"":7,""physical_error_rate"":0.002}","{""detection_events"":89261,""detectors_checked"":12026880}"
     72704,         0,         0,    1.11,exact_mw,a212c24da5b34f1b60580734e5e54c4073e302b219bc7e486ff8edc698604c9e,"{""distance"":7,""physical_error_rate"":5e-05}","{""detection_events"":10978,""detectors_checked"":58890240}"
       256,         0,         0,   0.526,exact_mw,d2cc2b129abad1f985b8639603638d6030a837aa2fe57172dffdf28919c1c286,"{""distance"":7,""physical_error_rate"":0.001}","{""detection_events"":755,""detectors_checked"":207360}"
        32,         0,         0,   0.783,exact_mw,a39d26a9c85ff1858873bfad720922f64799219ac1b945519c1902b92db90de0,"{""distance"":7,""physical_error_rate"":0.005}","{""detection_events"":450,""detectors_checked"":25920}"
      2048,         0,         0,   0.686,exact_mw,8c54babb212143042928b0eca3852c18ac799bf66eb488a668303745c8494fc5,"{""distance"":7,""physical_error_rate"":0.0005}","{""detection_events"":3162,""detectors_checked"":1658880}"
        32,         0,         0,   0.734,exact_mw,a39d26a9c85ff1858873bfad720922f64799219ac1b945519c1902b92db90de0,"{""distance"":7,""physical_error_rate"":0.005}","{""detection_events"":516,""detectors_checked"":25920}"
        64,         0,         0,   0.733,exact_mw,98ed6542f5a75ebddbda0ed622fb597fbc85d0a75d139587b6be9a08147ba42d,"{""distance"":7,""physical_error_rate"":0.002}","{""detection_events"":446,""detectors_checked"":51840}"
       256,         0,         0,   0.539,exact_mw,d2cc2b129abad1f985b8639603638d6030a837aa2fe57172dffdf28919c1c286,"{""distance"":7,""physical_error_rate"":0.001}","{""detection_events"":778,""detectors_checked"":207360}"
     58880,         2,         0,   120.4,exact_mw,d2cc2b129abad1f985b8639603638d6030a837aa2fe57172dffdf28919c1c286,"{""distance"":7,""physical_error_rate"":0.001}","{""detection_events"":178604,""detectors_checked"":47692800,""obs_mistake_mask=E"":2}"
        32,         0,         0,   0.651,exact_mw,a39d26a9c85ff1858873bfad720922f64799219ac1b945519c1902b92db90de0,"{""distance"":7,""physical_error_rate"":0.005}","{""detection_events"":432,""detectors_checked"":25920}"
        32,         0,         0,   0.615,exact_mw,a39d26a9c85ff1858873bfad720922f64799219ac1b945519c1902b92db90de0,"{""distance"":7,""physical_error_rate"":0.005}","{""detection_events"":485,""detectors_checked"":25920}"
      3072,         1,         0,   0.952,exact_mw,8c54babb212143042928b0eca3852c18ac799bf66eb488a668303745c8494fc5,"{""distance"":7,""physical_error_rate"":0.0005}","{""detection_events"":4575,""detectors_checked"":2488320,""obs_mistake_mask=E"":1}"
     54272,         0,         0,    1.10,exact_mw,92a9cd959715f3d5685c6265974e573ec36ff2f173f7490ff1393041d63371cf,"{""distance"":7,""physical_error_rate"":0.0001}","{""detection_events"":16327,""detectors_checked"":43960320}"
        64,         0,         0,   0.523,exact_mw,98ed6542f5a75ebddbda0ed622fb597fbc85d0a75d139587b6be9a08147ba42d,"{""distance"":7,""physical_error_rate"":0.002}","{""detection_events"":376,""detectors_checked"":51840}"
       256,         0,         0,   0.517,exact_mw,d2cc2b129abad1f985b8639603638d6030a837aa2fe57172dffdf28919c1c286,"{""distance"":7,""physical_error_rate"":0.001}","{""detection_events"":755,""detectors_checked"":207360}"
        32,         0,         0,   0.609,exact_mw,a39d26a9c85ff1858873bfad720922f64799219ac1b945519c1902b92db90de0,"{""distance"":7,""physical_error_rate"":0.005}","{""detection_events"":467,""detectors_checked"":25920}"
        32,         0,         0,   0.736,exact_mw,a39d26a9c85ff1858873bfad720922f64799219ac1b945519c1902b92db90de0,"{""distance"":7,""physical_error_rate"":0.005}","{""detection_events"":472,""detectors_checked"":25920}"
     99328,         0,         0,    1.53,exact_mw,a212c24da5b34f1b60580734e5e54c4073e302b219bc7e486ff8edc698604c9e,"{""distance"":7,""physical_error_rate"":5e-05}","{""detection_events"":14837,""detectors_checked"":80455680}"
        64,         0,         0,   0.458,exact_mw,98ed6542f5a75ebddbda0ed622fb597fbc85d0a75d139587b6be9a08147ba42d,"{""distance"":7,""physical_error_rate"":0.002}","{""detection_events"":364,""detectors_checked"":51840}"
        32,         0,         0,   0.509,exact_mw,a39d26a9c85ff1858873bfad720922f64799219ac1b945519c1902b92db90de0,"{""distance"":7,""physical_error_rate"":0.005}","{""detection_events"":522,""detectors_checked"":25920}"
       512,         0,         0,   0.803,exact_mw,d2cc2b129abad1f985b8639603638d6030a837aa2fe57172dffdf28919c1c286,"{""distance"":7,""physical_error_rate"":0.001}","{""detection_events"":1554,""detectors_checked"":414720}"
        64,         0,         0,   0.623,exact_mw,98ed6542f5a75ebddbda0ed622fb597fbc85d0a75d139587b6be9a08147ba42d,"{""distance"":7,""physical_error_rate"":0.002}","{""detection_events"":417,""detectors_checked"":51840}"
        32,         0,         0,   0.682,exact_mw,a39d26a9c85ff1858873bfad720922f64799219ac1b945519c1902b92db90de0,"{""distance"":7,""physical_error_rate"":0.005}","{""detection_events"":468,""detectors_checked"":25920}"
      4096,         0,         0,    1.29,exact_mw,8c54babb212143042928b0eca3852c18ac799bf66eb488a668303745c8494fc5,"{""distance"":7,""physical_error_rate"":0.0005}","{""detection_events"":6086,""detectors_checked"":3317760}"
        32,         0,         0,   0.637,exact_mw,a39d26a9c85ff1858873bfad720922f64799219ac1b945519c1902b92db90de0,"{""distance"":7,""physical_error_rate"":0.005}","{""detection_events"":468,""detectors_checked"":25920}"
     82944,         0,         0,    1.55,exact_mw,92a9cd959715f3d5685c6265974e573ec36ff2f173f7490ff1393041d63371cf,"{""distance"":7,""physical_error_rate"":0.0001}","{""detection_events"":25323,""detectors_checked"":67184640}"
        64,         0,         0,   0.548,exact_mw,98ed6542f5a75ebddbda0ed622fb597fbc85d0a75d139587b6be9a08147ba42d,"{""distance"":7,""physical_error_rate"":0.002}","{""detection_events"":397,""detectors_checked"":51840}"
        32,         0,         0,   0.739,exact_mw,a39d26a9c85ff1858873bfad720922f64799219ac1b945519c1902b92db90de0,"{""distance"":7,""physical_error_rate"":0.005}","{""detection_events"":454,""detectors_checked"":25920}"
       512,         0,         0,    1.06,exact_mw,d2cc2b129abad1f985b8639603638d6030a837aa2fe57172dffdf28919c1c286,"{""distance"":7,""physical_error_rate"":0.001}","{""detection_events"":1562,""detectors_checked"":414720}"
       128,         0,         0,   0.836,exact_mw,98ed6542f5a75ebddbda0ed622fb597fbc85d0a75d139587b6be9a08147ba42d,"{""distance"":7,""physical_error_rate"":0.002}","{""detection_events"":723,""detectors_checked"":103680}"
    130048,         0,         0,    2.18,exact_mw,a212c24da5b34f1b60580734e5e54c4073e302b219bc7e486ff8edc698604c9e,"{""distance"":7,""physical_error_rate"":5e-05}","{""detection_events"":19869,""detectors_checked"":105338880}"
        32,         0,         0,   0.775,exact_mw,a39d26a9c85ff1858873bfad720922f64799219ac1b945519c1902b92db90de0,"{""distance"":7,""physical_error_rate"":0.005}","{""detection_events"":478,""detectors_checked"":25920}"
        64,         0,         0,    1.35,exact_mw,a39d26a9c85ff1858873bfad720922f64799219ac1b945519c1902b92db90de0,"{""distance"":7,""physical_error_rate"":0.005}","{""detection_events"":976,""detectors_checked"":51840}"
      5120,         0,         0,    1.80,exact_mw,8c54babb212143042928b0eca3852c18ac799bf66eb488a668303745c8494fc5,"{""distance"":7,""physical_error_rate"":0.0005}","{""detection_events"":7707,""detectors_checked"":4147200}"
       768,         0,         0,    1.33,exact_mw,d2cc2b129abad1f985b8639603638d6030a837aa2fe57172dffdf28919c1c286,"{""distance"":7,""physical_error_rate"":0.001}","{""detection_events"":2302,""detectors_checked"":622080}"
        32,         0,         0,   0.679,exact_mw,a39d26a9c85ff1858873bfad720922f64799219ac1b945519c1902b92db90de0,"{""distance"":7,""physical_error_rate"":0.005}","{""detection_events"":477,""detectors_checked"":25920}"
       128,         0,         0,   0.895,exact_mw,98ed6542f5a75ebddbda0ed622fb597fbc85d0a75d139587b6be9a08147ba42d,"{""distance"":7,""physical_error_rate"":0.002}","{""detection_events"":698,""detectors_checked"":103680}"
    118784,         0,         0,    2.17,exact_mw,92a9cd959715f3d5685c6265974e573ec36ff2f173f7490ff1393041d63371cf,"{""distance"":7,""physical_error_rate"":0.0001}","{""detection_events"":36205,""detectors_checked"":96215040}"
        32,         0,         0,   0.914,exact_mw,a39d26a9c85ff1858873bfad720922f64799219ac1b945519c1902b92db90de0,"{""distance"":7,""physical_error_rate"":0.005}","{""detection_events"":494,""detectors_checked"":25920}"
        64,         0,         0,    1.53,exact_mw,a39d26a9c85ff1858873bfad720922f64799219ac1b945519c1902b92db90de0,"{""distance"":7,""physical_error_rate"":0.005}","{""detection_events"":946,""detectors_checked"":51840}"
       192,         0,         0,    1.51,exact_mw,98ed6542f5a75ebddbda0ed622fb597fbc85d0a75d139587b6be9a08147ba42d,"{""distance"":7,""physical_error_rate"":0.002}","{""detection_events"":1199,""detectors_checked"":155520}"
        32,         0,         0,   0.715,exact_mw,a39d26a9c85ff1858873bfad720922f64799219ac1b945519c1902b92db90de0,"{""distance"":7,""physical_error_rate"":0.005}","{""detection_events"":480,""detectors_checked"":25920}"
      1024,         0,         0,    1.95,exact_mw,d2cc2b129abad1f985b8639603638d6030a837aa2fe57172dffdf28919c1c286,"{""distance"":7,""physical_error_rate"":0.001}","{""detection_events"":3109,""detectors_checked"":829440}"
      6144,         0,         0,    2.17,exact_mw,8c54babb212143042928b0eca3852c18ac799bf66eb488a668303745c8494fc5,"{""distance"":7,""physical_error_rate"":0.0005}","{""detection_events"":9324,""detectors_checked"":4976640}"
    189440,         0,         0,    3.05,exact_mw,a212c24da5b34f1b60580734e5e54c4073e302b219bc7e486ff8edc698604c9e,"{""distance"":7,""physical_error_rate"":5e-05}","{""detection_events"":29000,""detectors_checked"":153446400}"
        32,         0,         0,   0.805,exact_mw,a39d26a9c85ff1858873bfad720922f64799219ac1b945519c1902b92db90de0,"{""distance"":7,""physical_error_rate"":0.005}","{""detection_events"":472,""detectors_checked"":25920}"
        64,         0,         0,    1.77,exact_mw,a39d26a9c85ff1858873bfad720922f64799219ac1b945519c1902b92db90de0,"{""distance"":7,""physical_error_rate"":0.005}","{""detection_events"":1012,""detectors_checked"":51840}"
       256,         0,         0,    1.86,exact_mw,98ed6542f5a75ebddbda0ed622fb597fbc85d0a75d139587b6be9a08147ba42d,"{""distance"":7,""physical_error_rate"":0.002}","{""detection_events"":1586,""detectors_checked"":207360}"
    165888,         0,         0,    3.04,exact_mw,92a9cd959715f3d5685c6265974e573ec36ff2f173f7490ff1393041d63371cf,"{""distance"":7,""physical_error_rate"":0.0001}","{""detection_events"":50490,""detectors_checked"":134369280}"
        64,         0,         0,    1.49,exact_mw,a39d26a9c85ff1858873bfad720922f64799219ac1b945519c1902b92db90de0,"{""distance"":7,""physical_error_rate"":0.005}","{""detection_events"":987,""detectors_checked"":51840}"
      1280,         0,         0,    2.69,exact_mw,d2cc2b129abad1f985b8639603638d6030a837aa2fe57172dffdf28919c1c286,"{""distance"":7,""physical_error_rate"":0.001}","{""detection_events"":3916,""detectors_checked"":1036800}"
        96,         0,         0,    2.39,exact_mw,a39d26a9c85ff1858873bfad720922f64799219ac1b945519c1902b92db90de0,"{""distance"":7,""physical_error_rate"":0.005}","{""detection_events"":1492,""detectors_checked"":77760}"
      9216,         0,         0,    3.25,exact_mw,8c54babb212143042928b0eca3852c18ac799bf66eb488a668303745c8494fc5,"{""distance"":7,""physical_error_rate"":0.0005}","{""detection_events"":14263,""detectors_checked"":7464960}"
       320,         0,         0,    2.23,exact_mw,98ed6542f5a75ebddbda0ed622fb597fbc85d0a75d139587b6be9a08147ba42d,"{""distance"":7,""physical_error_rate"":0.002}","{""detection_events"":2066,""detectors_checked"":259200}"
        96,         0,         0,    2.05,exact_mw,a39d26a9c85ff1858873bfad720922f64799219ac1b945519c1902b92db90de0,"{""distance"":7,""physical_error_rate"":0.005}","{""detection_events"":1324,""detectors_checked"":77760}"
    278528,         0,         0,    4.22,exact_mw,a212c24da5b34f1b60580734e5e54c4073e302b219bc7e486ff8edc698604c9e,"{""distance"":7,""physical_error_rate"":5e-05}","{""detection_events"":42731,""detectors_checked"":225607680}"
    230400,         0,         0,    4.23,exact_mw,92a9cd959715f3d5685c6265974e573ec36ff2f173f7490ff1393041d63371cf,"{""distance"":7,""physical_error_rate"":0.0001}","{""detection_events"":70231,""detectors_checked"":186624000}"
      1792,         0,         0,    3.26,exact_mw,d2cc2b129abad1f985b8639603638d6030a837aa2fe57172dffdf28919c1c286,"{""distance"":7,""physical_error_rate"":0.001}","{""detection_events"":5310,""detectors_checked"":1451520}"
       160,         0,         0,    3.44,exact_mw,a39d26a9c85ff1858873bfad720922f64799219ac1b945519c1902b92db90de0,"{""distance"":7,""physical_error_rate"":0.005}","{""detection_events"":2411,""detectors_checked"":129600}"
       448,         0,         0,    3.06,exact_mw,98ed6542f5a75ebddbda0ed622fb597fbc85d0a75d139587b6be9a08147ba42d,"{""distance"":7,""physical_error_rate"":0.002}","{""detection_events"":2648,""detectors_checked"":362880}"
       128,         0,         0,    2.96,exact_mw,a39d26a9c85ff1858873bfad720922f64799219ac1b945519c1902b92db90de0,"{""distance"":7,""physical_error_rate"":0.005}","{""detection_events"":1781,""detectors_checked"":103680}"
     13312,         0,         0,    4.44,exact_mw,8c54babb212143042928b0eca3852c18ac799bf66eb488a668303745c8494fc5,"{""distance"":7,""physical_error_rate"":0.0005}","{""detection_events"":20795,""detectors_checked"":10782720}"
    414720,         0,         0,   119.6,exact_mw,26ede523e6354ffb917e832246591ea54a1b9969785b9947b95e2ebb539e2476,"{""distance"":7,""physical_error_rate"":0.0002}","{""detection_events"":253645,""detectors_checked"":335923200}"
   6203392,         2,         0,   119.1,exact_mw,92a9cd959715f3d5685c6265974e573ec36ff2f173f7490ff1393041d63371cf,"{""distance"":7,""physical_error_rate"":0.0001}","{""detection_events"":1892505,""detectors_checked"":5024747520,""obs_mistake_mask=E"":2}"
      5248,         6,         0,   120.3,exact_mw,a39d26a9c85ff1858873bfad720922f64799219ac1b945519c1902b92db90de0,"{""distance"":7,""physical_error_rate"":0.005}","{""detection_events"":78017,""detectors_checked"":4250880,""obs_mistake_mask=E"":6}"
      2816,         0,         0,    4.51,exact_mw,d2cc2b129abad1f985b8639603638d6030a837aa2fe57172dffdf28919c1c286,"{""distance"":7,""physical_error_rate"":0.001}","{""detection_events"":8632,""detectors_checked"":2280960}"
       160,         0,         0,    3.40,exact_mw,a39d26a9c85ff1858873bfad720922f64799219ac1b945519c1902b92db90de0,"{""distance"":7,""physical_error_rate"":0.005}","{""detection_events"":2289,""detectors_checked"":129600}"
    387072,         0,         0,    5.95,exact_mw,a212c24da5b34f1b60580734e5e54c4073e302b219bc7e486ff8edc698604c9e,"{""distance"":7,""physical_error_rate"":5e-05}","{""detection_events"":59075,""detectors_checked"":313528320}"
       192,         0,         0,    4.34,exact_mw,a39d26a9c85ff1858873bfad720922f64799219ac1b945519c1902b92db90de0,"{""distance"":7,""physical_error_rate"":0.005}","{""detection_events"":2906,""detectors_checked"":155520}"
       576,         0,         0,    4.63,exact_mw,98ed6542f5a75ebddbda0ed622fb597fbc85d0a75d139587b6be9a08147ba42d,"{""distance"":7,""physical_error_rate"":0.002}","{""detection_events"":3450,""detectors_checked"":466560}"
    315392,         0,         0,    5.95,exact_mw,92a9cd959715f3d5685c6265974e573ec36ff2f173f7490ff1393041d63371cf,"{""distance"":7,""physical_error_rate"":0.0001}","{""detection_events"":96551,""detectors_checked"":255467520}"
   7270400,         0,         0,   119.0,exact_mw,a212c24da5b34f1b60580734e5e54c4073e302b219bc7e486ff8edc698604c9e,"{""distance"":7,""physical_error_rate"":5e-05}","{""detection_events"":1107594,""detectors_checked"":5889024000}"
     17408,         0,         0,    6.22,exact_mw,8c54babb212143042928b0eca3852c18ac799bf66eb488a668303745c8494fc5,"{""distance"":7,""physical_error_rate"":0.0005}","{""detection_events"":26166,""detectors_checked"":14100480}"
   6377472,         0,         0,   119.3,exact_mw,92a9cd959715f3d5685c6265974e573ec36ff2f173f7490ff1393041d63371cf,"{""distance"":7,""physical_error_rate"":0.0001}","{""detection_events"":1944378,""detectors_checked"":5165752320}"
       224,         0,         0,    5.13,exact_mw,a39d26a9c85ff1858873bfad720922f64799219ac1b945519c1902b92db90de0,"{""distance"":7,""physical_error_rate"":0.005}","{""detection_events"":3198,""detectors_checked"":181440}"
      3328,         0,         0,    5.98,exact_mw,d2cc2b129abad1f985b8639603638d6030a837aa2fe57172dffdf28919c1c286,"{""distance"":7,""physical_error_rate"":0.001}","{""detection_events"":9927,""detectors_checked"":2695680}"
       288,         0,         0,    6.31,exact_mw,a39d26a9c85ff1858873bfad720922f64799219ac1b945519c1902b92db90de0,"{""distance"":7,""physical_error_rate"":0.005}","{""detection_events"":4229,""detectors_checked"":233280}"
       768,         0,         0,    6.07,exact_mw,98ed6542f5a75ebddbda0ed622fb597fbc85d0a75d139587b6be9a08147ba42d,"{""distance"":7,""physical_error_rate"":0.002}","{""detection_events"":4656,""detectors_checked"":622080}"
    196992,         1,         0,   120.0,exact_mw,8c54babb212143042928b0eca3852c18ac799bf66eb488a668303745c8494fc5,"{""distance"":7,""physical_error_rate"":0.0005}","{""detection_events"":298602,""detectors_checked"":159563520,""obs_mistake_mask=E"":1}"
    543744,         0,         0,    8.34,exact_mw,a212c24da5b34f1b60580734e5e54c4073e302b219bc7e486ff8edc698604c9e,"{""distance"":7,""physical_error_rate"":5e-05}","{""detection_events"":82616,""detectors_checked"":440432640}"
    448512,         0,         0,    8.32,exact_mw,92a9cd959715f3d5685c6265974e573ec36ff2f173f7490ff1393041d63371cf,"{""distance"":7,""physical_error_rate"":0.0001}","{""detection_events"":136549,""detectors_checked"":363294720}"
       288,         1,         0,    6.14,exact_mw,a39d26a9c85ff1858873bfad720922f64799219ac1b945519c1902b92db90de0,"{""distance"":7,""physical_error_rate"":0.005}","{""detection_events"":4388,""detectors_checked"":233280,""obs_mistake_mask=E"":1}"
     24576,         0,         0,    8.42,exact_mw,8c54babb212143042928b0eca3852c18ac799bf66eb488a668303745c8494fc5,"{""distance"":7,""physical_error_rate"":0.0005}","{""detection_events"":37501,""detectors_checked"":19906560}"
     16128,         3,         0,   120.3,exact_mw,98ed6542f5a75ebddbda0ed622fb597fbc85d0a75d139587b6be9a08147ba42d,"{""distance"":7,""physical_error_rate"":0.002}","{""detection_events"":97270,""detectors_checked"":13063680,""obs_mistake_mask=E"":3}"
     66048,         1,         0,   120.2,exact_mw,d2cc2b129abad1f985b8639603638d6030a837aa2fe57172dffdf28919c1c286,"{""distance"":7,""physical_error_rate"":0.001}","{""detection_events"":199966,""detectors_checked"":53498880,""obs_mistake_mask=E"":1}"
      4608,         0,         0,    8.50,exact_mw,d2cc2b129abad1f985b8639603638d6030a837aa2fe57172dffdf28919c1c286,"{""distance"":7,""physical_error_rate"":0.001}","{""detection_events"":13985,""detectors_checked"":3732480}"
      1216,         0,         0,    8.46,exact_mw,98ed6542f5a75ebddbda0ed622fb597fbc85d0a75d139587b6be9a08147ba42d,"{""distance"":7,""physical_error_rate"":0.002}","{""detection_events"":7372,""detectors_checked"":984960}"
       384,         0,         0,    8.74,exact_mw,a39d26a9c85ff1858873bfad720922f64799219ac1b945519c1902b92db90de0,"{""distance"":7,""physical_error_rate"":0.005}","{""detection_events"":5654,""detectors_checked"":311040}"
    759808,         0,         0,    11.6,exact_mw,a212c24da5b34f1b60580734e5e54c4073e302b219bc7e486ff8edc698604c9e,"{""distance"":7,""physical_error_rate"":5e-05}","{""detection_events"":116950,""detectors_checked"":615444480}"
       416,         0,         0,    9.23,exact_mw,a39d26a9c85ff1858873bfad720922f64799219ac1b945519c1902b92db90de0,"{""distance"":7,""physical_error_rate"":0.005}","{""detection_events"":6159,""detectors_checked"":336960}"
    624640,         1,         0,    11.6,exact_mw,92a9cd959715f3d5685c6265974e573ec36ff2f173f7490ff1393041d63371cf,"{""distance"":7,""physical_error_rate"":0.0001}","{""detection_events"":190133,""detectors_checked"":505958400,""obs_mistake_mask=E"":1}"
     34816,         2,         0,    11.9,exact_mw,8c54babb212143042928b0eca3852c18ac799bf66eb488a668303745c8494fc5,"{""distance"":7,""physical_error_rate"":0.0005}","{""detection_events"":52725,""detectors_checked"":28200960,""obs_mistake_mask=E"":2}"
      6656,         0,         0,    12.2,exact_mw,d2cc2b129abad1f985b8639603638d6030a837aa2fe57172dffdf28919c1c286,"{""distance"":7,""physical_error_rate"":0.001}","{""detection_events"":19997,""detectors_checked"":5391360}"
       544,         0,         0,    12.0,exact_mw,a39d26a9c85ff1858873bfad720922f64799219ac1b945519c1902b92db90de0,"{""distance"":7,""physical_error_rate"":0.005}","{""detection_events"":8120,""detectors_checked"":440640}"
      1664,         0,         0,    12.2,exact_mw,98ed6542f5a75ebddbda0ed622fb597fbc85d0a75d139587b6be9a08147ba42d,"{""distance"":7,""physical_error_rate"":0.002}","{""detection_events"":9887,""detectors_checked"":1347840}"
   6160384,         3,         0,   119.3,exact_mw,92a9cd959715f3d5685c6265974e573ec36ff2f173f7490ff1393041d63371cf,"{""distance"":7,""physical_error_rate"":0.0001}","{""detection_events"":1879803,""detectors_checked"":4989911040,""obs_mistake_mask=E"":3}"
       576,         1,         0,    12.3,exact_mw,a39d26a9c85ff1858873bfad720922f64799219ac1b945519c1902b92db90de0,"{""distance"":7,""physical_error_rate"":0.005}","{""detection_events"":8628,""detectors_checked"":466560,""obs_mistake_mask=E"":1}"
   1059840,         1,         0,    16.3,exact_mw,a212c24da5b34f1b60580734e5e54c4073e302b219bc7e486ff8edc698604c9e,"{""distance"":7,""physical_error_rate"":5e-05}","{""detection_events"":161398,""detectors_checked"":858470400,""obs_mistake_mask=E"":1}"
    889856,         0,         0,    16.3,exact_mw,92a9cd959715f3d5685c6265974e573ec36ff2f173f7490ff1393041d63371cf,"{""distance"":7,""physical_error_rate"":0.0001}","{""detection_events"":271180,""detectors_checked"":720783360}"
     51200,         0,         0,    16.5,exact_mw,8c54babb212143042928b0eca3852c18ac799bf66eb488a668303745c8494fc5,"{""distance"":7,""physical_error_rate"":0.0005}","{""detection_events"":77494,""detectors_checked"":41472000}"
      9216,         0,         0,    16.8,exact_mw,d2cc2b129abad1f985b8639603638d6030a837aa2fe57172dffdf28919c1c286,"{""distance"":7,""physical_error_rate"":0.001}","{""detection_events"":27712,""detectors_checked"":7464960}"
       768,         2,         0,    16.8,exact_mw,a39d26a9c85ff1858873bfad720922f64799219ac1b945519c1902b92db90de0,"{""distance"":7,""physical_error_rate"":0.005}","{""detection_events"":11380,""detectors_checked"":622080,""obs_mistake_mask=E"":2}"
      2304,         0,         0,    16.9,exact_mw,98ed6542f5a75ebddbda0ed622fb597fbc85d0a75d139587b6be9a08147ba42d,"{""distance"":7,""physical_error_rate"":0.002}","{""detection_events"":14010,""detectors_checked"":1866240}"
      2296,         1,         0,   120.4,exact_mw,98ed6542f5a75ebddbda0ed622fb597fbc85d0a75d139587b6be9a08147ba42d,"{""distance"":7,""physical_error_rate"":0.002}","{""detection_events"":13993,""detectors_checked"":1859760,""obs_mistake_mask=E"":1}"
   7581696,         0,         0,   119.1,exact_mw,a212c24da5b34f1b60580734e5e54c4073e302b219bc7e486ff8edc698604c9e,"{""distance"":7,""physical_error_rate"":5e-05}","{""detection_events"":1157483,""detectors_checked"":6141173760}"
       800,         0,         0,    16.9,exact_mw,a39d26a9c85ff1858873bfad720922f64799219ac1b945519c1902b92db90de0,"{""distance"":7,""physical_error_rate"":0.005}","{""detection_events"":12118,""detectors_checked"":648000}"
   6612992,         4,         0,   119.3,exact_mw,92a9cd959715f3d5685c6265974e573ec36ff2f173f7490ff1393041d63371cf,"{""distance"":7,""physical_error_rate"":0.0001}","{""detection_events"":2015338,""detectors_checked"":5356523520,""obs_mistake_mask=E"":4}"
   7885824,         2,         0,   118.9,exact_mw,a212c24da5b34f1b60580734e5e54c4073e302b219bc7e486ff8edc698604c9e,"{""distance"":7,""physical_error_rate"":5e-05}","{""detection_events"":1203064,""detectors_checked"":6387517440,""obs_mistake_mask=E"":2}"
   2937856,         3,         0,   119.6,exact_mw,26ede523e6354ffb917e832246591ea54a1b9969785b9947b95e2ebb539e2476,"{""distance"":7,""physical_error_rate"":0.0002}","{""detection_events"":1788601,""detectors_checked"":2379663360,""obs_mistake_mask=E"":3}"
   6373376,         4,         0,   119.1,exact_mw,92a9cd959715f3d5685c6265974e573ec36ff2f173f7490ff1393041d63371cf,"{""distance"":7,""physical_error_rate"":0.0001}","{""detection_events"":1940174,""detectors_checked"":5162434560,""obs_mistake_mask=E"":4}"
    358400,         4,         0,   120.2,exact_mw,8c54babb212143042928b0eca3852c18ac799bf66eb488a668303745c8494fc5,"{""distance"":7,""physical_error_rate"":0.0005}","{""detection_events"":544512,""detectors_checked"":290304000,""obs_mistake_mask=E"":4}"
   6244352,         2,         0,   119.2,exact_mw,92a9cd959715f3d5685c6265974e573ec36ff2f173f7490ff1393041d63371cf,"{""distance"":7,""physical_error_rate"":0.0001}","{""detection_events"":1908934,""detectors_checked"":5057925120,""obs_mistake_mask=E"":2}"
      5376,         3,         0,   120.7,exact_mw,a39d26a9c85ff1858873bfad720922f64799219ac1b945519c1902b92db90de0,"{""distance"":7,""physical_error_rate"":0.005}","{""detection_events"":79604,""detectors_checked"":4354560,""obs_mistake_mask=E"":3}"
    404480,         0,         0,   119.4,exact_mw,26ede523e6354ffb917e832246591ea54a1b9969785b9947b95e2ebb539e2476,"{""distance"":7,""physical_error_rate"":0.0002}","{""detection_events"":246448,""detectors_checked"":327628800}"
   1480704,         0,         0,    22.7,exact_mw,a212c24da5b34f1b60580734e5e54c4073e302b219bc7e486ff8edc698604c9e,"{""distance"":7,""physical_error_rate"":5e-05}","{""detection_events"":224918,""detectors_checked"":1199370240}"
   1249280,         0,         0,    22.7,exact_mw,92a9cd959715f3d5685c6265974e573ec36ff2f173f7490ff1393041d63371cf,"{""distance"":7,""physical_error_rate"":0.0001}","{""detection_events"":378783,""detectors_checked"":1011916800}"
   7736320,         2,         0,   119.0,exact_mw,a212c24da5b34f1b60580734e5e54c4073e302b219bc7e486ff8edc698604c9e,"{""distance"":7,""physical_error_rate"":5e-05}","{""detection_events"":1181230,""detectors_checked"":6266419200,""obs_mistake_mask=E"":2}"
      9152,         0,         0,   121.1,exact_mw,d2cc2b129abad1f985b8639603638d6030a837aa2fe57172dffdf28919c1c286,"{""distance"":7,""physical_error_rate"":0.001}","{""detection_events"":27477,""detectors_checked"":7413120}"
     69632,         0,         0,    23.2,exact_mw,8c54babb212143042928b0eca3852c18ac799bf66eb488a668303745c8494fc5,"{""distance"":7,""physical_error_rate"":0.0005}","{""detection_events"":106001,""detectors_checked"":56401920}"
    344064,         4,         0,   120.2,exact_mw,8c54babb212143042928b0eca3852c18ac799bf66eb488a668303745c8494fc5,"{""distance"":7,""physical_error_rate"":0.0005}","{""detection_events"":523826,""detectors_checked"":278691840,""obs_mistake_mask=E"":4}"
     63488,         0,         0,   120.0,exact_mw,d2cc2b129abad1f985b8639603638d6030a837aa2fe57172dffdf28919c1c286,"{""distance"":7,""physical_error_rate"":0.001}","{""detection_events"":192164,""detectors_checked"":51425280}"
   7815168,         0,         0,   119.2,exact_mw,a212c24da5b34f1b60580734e5e54c4073e302b219bc7e486ff8edc698604c9e,"{""distance"":7,""physical_error_rate"":5e-05}","{""detection_events"":1191633,""detectors_checked"":6330286080}"
   2825216,         5,         0,   119.6,exact_mw,26ede523e6354ffb917e832246591ea54a1b9969785b9947b95e2ebb539e2476,"{""distance"":7,""physical_error_rate"":0.0002}","{""detection_events"":1721699,""detectors_checked"":2288424960,""obs_mistake_mask=E"":5}"
      5536,         5,         0,   120.5,exact_mw,a39d26a9c85ff1858873bfad720922f64799219ac1b945519c1902b92db90de0,"{""distance"":7,""physical_error_rate"":0.005}","{""detection_events"":82617,""detectors_checked"":4484160,""obs_mistake_mask=E"":5}"
     12544,         1,         0,    23.3,exact_mw,d2cc2b129abad1f985b8639603638d6030a837aa2fe57172dffdf28919c1c286,"{""distance"":7,""physical_error_rate"":0.001}","{""detection_events"":38522,""detectors_checked"":10160640,""obs_mistake_mask=E"":1}"
   1054720,         0,         0,   118.9,exact_mw,a212c24da5b34f1b60580734e5e54c4073e302b219bc7e486ff8edc698604c9e,"{""distance"":7,""physical_error_rate"":5e-05}","{""detection_events"":160839,""detectors_checked"":854323200}"
   2813952,         3,         0,   119.6,exact_mw,26ede523e6354ffb917e832246591ea54a1b9969785b9947b95e2ebb539e2476,"{""distance"":7,""physical_error_rate"":0.0002}","{""detection_events"":1716000,""detectors_checked"":2279301120,""obs_mistake_mask=E"":3}"
      1024,         0,         0,    23.1,exact_mw,a39d26a9c85ff1858873bfad720922f64799219ac1b945519c1902b92db90de0,"{""distance"":7,""physical_error_rate"":0.005}","{""detection_events"":15071,""detectors_checked"":829440}"
      3200,         0,         0,    23.2,exact_mw,98ed6542f5a75ebddbda0ed622fb597fbc85d0a75d139587b6be9a08147ba42d,"{""distance"":7,""physical_error_rate"":0.002}","{""detection_events"":19342,""detectors_checked"":2592000}"
    389120,         1,         0,   120.1,exact_mw,26ede523e6354ffb917e832246591ea54a1b9969785b9947b95e2ebb539e2476,"{""distance"":7,""physical_error_rate"":0.0002}","{""detection_events"":237716,""detectors_checked"":315187200,""obs_mistake_mask=E"":1}"
     16128,         1,         0,   120.7,exact_mw,98ed6542f5a75ebddbda0ed622fb597fbc85d0a75d139587b6be9a08147ba42d,"{""distance"":7,""physical_error_rate"":0.002}","{""detection_events"":98561,""detectors_checked"":13063680,""obs_mistake_mask=E"":1}"
     64256,         3,         0,   120.0,exact_mw,d2cc2b129abad1f985b8639603638d6030a837aa2fe57172dffdf28919c1c286,"{""distance"":7,""physical_error_rate"":0.001}","{""detection_events"":195480,""detectors_checked"":52047360,""obs_mistake_mask=E"":3}"
    346112,         2,         0,   120.1,exact_mw,8c54babb212143042928b0eca3852c18ac799bf66eb488a668303745c8494fc5,"{""distance"":7,""physical_error_rate"":0.0005}","{""detection_events"":527094,""detectors_checked"":280350720,""obs_mistake_mask=E"":2}"
    121472,         0,         0,   120.4,exact_mw,8c54babb212143042928b0eca3852c18ac799bf66eb488a668303745c8494fc5,"{""distance"":7,""physical_error_rate"":0.0005}","{""detection_events"":185050,""detectors_checked"":98392320}"
      1056,         1,         0,    23.1,exact_mw,a39d26a9c85ff1858873bfad720922f64799219ac1b945519c1902b92db90de0,"{""distance"":7,""physical_error_rate"":0.005}","{""detection_events"":15609,""detectors_checked"":855360,""obs_mistake_mask=E"":1}"
    342016,         4,         0,   120.4,exact_mw,8c54babb212143042928b0eca3852c18ac799bf66eb488a668303745c8494fc5,"{""distance"":7,""physical_error_rate"":0.0005}","{""detection_events"":519576,""detectors_checked"":277032960,""obs_mistake_mask=E"":4}"
   6342656,         1,         0,   119.2,exact_mw,92a9cd959715f3d5685c6265974e573ec36ff2f173f7490ff1393041d63371cf,"{""distance"":7,""physical_error_rate"":0.0001}","{""detection_events"":1935606,""detectors_checked"":5137551360,""obs_mistake_mask=E"":1}"
   7727104,         0,         0,   119.2,exact_mw,a212c24da5b34f1b60580734e5e54c4073e302b219bc7e486ff8edc698604c9e,"{""distance"":7,""physical_error_rate"":5e-05}","{""detection_events"":1178421,""detectors_checked"":6258954240}"
      2040,         1,         0,   121.3,exact_mw,98ed6542f5a75ebddbda0ed622fb597fbc85d0a75d139587b6be9a08147ba42d,"{""distance"":7,""physical_error_rate"":0.002}","{""detection_events"":12260,""detectors_checked"":1652400,""obs_mistake_mask=E"":1}"
     16384,         3,         0,   120.0,exact_mw,98ed6542f5a75ebddbda0ed622fb597fbc85d0a75d139587b6be9a08147ba42d,"{""distance"":7,""physical_error_rate"":0.002}","{""detection_events"":98695,""detectors_checked"":13271040,""obs_mistake_mask=E"":3}"
      5440,         9,         0,   120.1,exact_mw,a39d26a9c85ff1858873bfad720922f64799219ac1b945519c1902b92db90de0,"{""distance"":7,""physical_error_rate"":0.005}","{""detection_events"":80784,""detectors_checked"":4406400,""obs_mistake_mask=E"":9}"
      2056,         1,         0,   119.9,exact_mw,98ed6542f5a75ebddbda0ed622fb597fbc85d0a75d139587b6be9a08147ba42d,"{""distance"":7,""physical_error_rate"":0.002}","{""detection_events"":12752,""detectors_checked"":1665360,""obs_mistake_mask=E"":1}"
       704,         3,         0,   121.4,exact_mw,a39d26a9c85ff1858873bfad720922f64799219ac1b945519c1902b92db90de0,"{""distance"":7,""physical_error_rate"":0.005}","{""detection_events"":10348,""detectors_checked"":570240,""obs_mistake_mask=E"":3}"
     16128,         4,         0,   120.0,exact_mw,98ed6542f5a75ebddbda0ed622fb597fbc85d0a75d139587b6be9a08147ba42d,"{""distance"":7,""physical_error_rate"":0.002}","{""detection_events"":96754,""detectors_checked"":13063680,""obs_mistake_mask=E"":4}"
     63744,         0,         0,   120.3,exact_mw,d2cc2b129abad1f985b8639603638d6030a837aa2fe57172dffdf28919c1c286,"{""distance"":7,""physical_error_rate"":0.001}","{""detection_events"":193255,""detectors_checked"":51632640}"
      1298,         1,         0,   119.9,exact_mw,a39d26a9c85ff1858873bfad720922f64799219ac1b945519c1902b92db90de0,"{""distance"":7,""physical_error_rate"":0.005}","{""detection_events"":19176,""detectors_checked"":1051380,""obs_mistake_mask=E"":1}"
    488448,         0,         0,   119.7,exact_mw,26ede523e6354ffb917e832246591ea54a1b9969785b9947b95e2ebb539e2476,"{""distance"":7,""physical_error_rate"":0.0002}","{""detection_events"":295766,""detectors_checked"":395642880}"
     64000,         0,         0,   120.4,exact_mw,d2cc2b129abad1f985b8639603638d6030a837aa2fe57172dffdf28919c1c286,"{""distance"":7,""physical_error_rate"":0.001}","{""detection_events"":195468,""detectors_checked"":51840000}"
   2920448,         2,         0,   119.6,exact_mw,26ede523e6354ffb917e832246591ea54a1b9969785b9947b95e2ebb539e2476,"{""distance"":7,""physical_error_rate"":0.0002}","{""detection_events"":1775826,""detectors_checked"":2365562880,""obs_mistake_mask=E"":2}"
    818176,         0,         0,   119.2,exact_mw,92a9cd959715f3d5685c6265974e573ec36ff2f173f7490ff1393041d63371cf,"{""distance"":7,""physical_error_rate"":0.0001}","{""detection_events"":248894,""detectors_checked"":662722560}"
   7815168,         1,         0,   119.0,exact_mw,a212c24da5b34f1b60580734e5e54c4073e302b219bc7e486ff8edc698604c9e,"{""distance"":7,""physical_error_rate"":5e-05}","{""detection_events"":1191602,""detectors_checked"":6330286080,""obs_mistake_mask=E"":1}"
    352256,         0,         0,   120.0,exact_mw,8c54babb212143042928b0eca3852c18ac799bf66eb488a668303745c8494fc5,"{""distance"":7,""physical_error_rate"":0.0005}","{""detection_events"":535596,""detectors_checked"":285327360}"
   2075648,         0,         0,    32.0,exact_mw,a212c24da5b34f1b60580734e5e54c4073e302b219bc7e486ff8edc698604c9e,"{""distance"":7,""physical_error_rate"":5e-05}","{""detection_events"":315625,""detectors_checked"":1681274880}"
    349184,         2,         0,   120.1,exact_mw,8c54babb212143042928b0eca3852c18ac799bf66eb488a668303745c8494fc5,"{""distance"":7,""physical_error_rate"":0.0005}","{""detection_events"":531488,""detectors_checked"":282839040,""obs_mistake_mask=E"":2}"
   1697792,         1,         0,    32.0,exact_mw,92a9cd959715f3d5685c6265974e573ec36ff2f173f7490ff1393041d63371cf,"{""distance"":7,""physical_error_rate"":0.0001}","{""detection_events"":519139,""detectors_checked"":1375211520,""obs_mistake_mask=E"":1}"
       668,         1,         0,   119.8,exact_mw,a39d26a9c85ff1858873bfad720922f64799219ac1b945519c1902b92db90de0,"{""distance"":7,""physical_error_rate"":0.005}","{""detection_events"":10179,""detectors_checked"":541080,""obs_mistake_mask=E"":1}"
      8832,         0,         0,   120.5,exact_mw,d2cc2b129abad1f985b8639603638d6030a837aa2fe57172dffdf28919c1c286,"{""distance"":7,""physical_error_rate"":0.001}","{""detection_events"":26524,""detectors_checked"":7153920}"
     95232,         0,         0,    32.4,exact_mw,8c54babb212143042928b0eca3852c18ac799bf66eb488a668303745c8494fc5,"{""distance"":7,""physical_error_rate"":0.0005}","{""detection_events"":144980,""detectors_checked"":77137920}"
     16896,         0,         0,    32.6,exact_mw,d2cc2b129abad1f985b8639603638d6030a837aa2fe57172dffdf28919c1c286,"{""distance"":7,""physical_error_rate"":0.001}","{""detection_events"":51685,""detectors_checked"":13685760}"
      1504,         5,         0,    32.4,exact_mw,a39d26a9c85ff1858873bfad720922f64799219ac1b945519c1902b92db90de0,"{""distance"":7,""physical_error_rate"":0.005}","{""detection_events"":22389,""detectors_checked"":1218240,""obs_mistake_mask=E"":5}"
       273,         0,         0,   0.128,exact_mw,26ede523e6354ffb917e832246591ea54a1b9969785b9947b95e2ebb539e2476,"{""distance"":7,""physical_error_rate"":0.0002}","{""detection_events"":190,""detectors_checked"":221130}"
      1024,         0,         0,   0.255,exact_mw,26ede523e6354ffb917e832246591ea54a1b9969785b9947b95e2ebb539e2476,"{""distance"":7,""physical_error_rate"":0.0002}","{""detection_events"":610,""detectors_checked"":829440}"
      4480,         1,         0,    32.6,exact_mw,98ed6542f5a75ebddbda0ed622fb597fbc85d0a75d139587b6be9a08147ba42d,"{""distance"":7,""physical_error_rate"":0.002}","{""detection_events"":27047,""detectors_checked"":3628800,""obs_mistake_mask=E"":1}"
      1024,         0,         0,   0.255,exact_mw,26ede523e6354ffb917e832246591ea54a1b9969785b9947b95e2ebb539e2476,"{""distance"":7,""physical_error_rate"":0.0002}","{""detection_events"":600,""detectors_checked"":829440}"
      1024,         0,         0,   0.192,exact_mw,26ede523e6354ffb917e832246591ea54a1b9969785b9947b95e2ebb539e2476,"{""distance"":7,""physical_error_rate"":0.0002}","{""detection_events"":622,""detectors_checked"":829440}"
      1024,         0,         0,   0.192,exact_mw,26ede523e6354ffb917e832246591ea54a1b9969785b9947b95e2ebb539e2476,"{""distance"":7,""physical_error_rate"":0.0002}","{""detection_events"":630,""detectors_checked"":829440}"
      1024,         0,         0,   0.198,exact_mw,26ede523e6354ffb917e832246591ea54a1b9969785b9947b95e2ebb539e2476,"{""distance"":7,""physical_error_rate"":0.0002}","{""detection_events"":542,""detectors_checked"":829440}"
      1024,         0,         0,   0.259,exact_mw,26ede523e6354ffb917e832246591ea54a1b9969785b9947b95e2ebb539e2476,"{""distance"":7,""physical_error_rate"":0.0002}","{""detection_events"":597,""detectors_checked"":829440}"
      1024,         0,         0,   0.772,exact_mw,26ede523e6354ffb917e832246591ea54a1b9969785b9947b95e2ebb539e2476,"{""distance"":7,""physical_error_rate"":0.0002}","{""detection_events"":633,""detectors_checked"":829440}"
      1024,         0,         0,   0.192,exact_mw,26ede523e6354ffb917e832246591ea54a1b9969785b9947b95e2ebb539e2476,"{""distance"":7,""physical_error_rate"":0.0002}","{""detection_events"":634,""detectors_checked"":829440}"
      1024,         0,         0,   0.251,exact_mw,26ede523e6354ffb917e832246591ea54a1b9969785b9947b95e2ebb539e2476,"{""distance"":7,""physical_error_rate"":0.0002}","{""detection_events"":645,""detectors_checked"":829440}"
      1024,         0,         0,   0.319,exact_mw,26ede523e6354ffb917e832246591ea54a1b9969785b9947b95e2ebb539e2476,"{""distance"":7,""physical_error_rate"":0.0002}","{""detection_events"":671,""detectors_checked"":829440}"
      5728,         6,         0,   120.7,exact_mw,a39d26a9c85ff1858873bfad720922f64799219ac1b945519c1902b92db90de0,"{""distance"":7,""physical_error_rate"":0.005}","{""detection_events"":85351,""detectors_checked"":4639680,""obs_mistake_mask=E"":6}"
      2048,         0,         0,   0.960,exact_mw,26ede523e6354ffb917e832246591ea54a1b9969785b9947b95e2ebb539e2476,"{""distance"":7,""physical_error_rate"":0.0002}","{""detection_events"":1322,""detectors_checked"":1658880}"
     16512,         1,         0,   121.2,exact_mw,98ed6542f5a75ebddbda0ed622fb597fbc85d0a75d139587b6be9a08147ba42d,"{""distance"":7,""physical_error_rate"":0.002}","{""detection_events"":99038,""detectors_checked"":13374720,""obs_mistake_mask=E"":1}"
     63488,         2,         0,   120.7,exact_mw,d2cc2b129abad1f985b8639603638d6030a837aa2fe57172dffdf28919c1c286,"{""distance"":7,""physical_error_rate"":0.001}","{""detection_events"":193178,""detectors_checked"":51425280,""obs_mistake_mask=E"":2}"
      3072,         0,         0,   0.705,exact_mw,26ede523e6354ffb917e832246591ea54a1b9969785b9947b95e2ebb539e2476,"{""distance"":7,""physical_error_rate"":0.0002}","{""detection_events"":1876,""detectors_checked"":2488320}"
      1472,         0,         0,    32.6,exact_mw,a39d26a9c85ff1858873bfad720922f64799219ac1b945519c1902b92db90de0,"{""distance"":7,""physical_error_rate"":0.005}","{""detection_events"":21950,""detectors_checked"":1192320}"
      3072,         0,         0,   0.959,exact_mw,26ede523e6354ffb917e832246591ea54a1b9969785b9947b95e2ebb539e2476,"{""distance"":7,""physical_error_rate"":0.0002}","{""detection_events"":1780,""detectors_checked"":2488320}"
      4096,         0,         0,    1.21,exact_mw,26ede523e6354ffb917e832246591ea54a1b9969785b9947b95e2ebb539e2476,"{""distance"":7,""physical_error_rate"":0.0002}","{""detection_events"":2547,""detectors_checked"":3317760}"
      5120,         0,         0,    1.72,exact_mw,26ede523e6354ffb917e832246591ea54a1b9969785b9947b95e2ebb539e2476,"{""distance"":7,""physical_error_rate"":0.0002}","{""detection_events"":3147,""detectors_checked"":4147200}"
      8192,         0,         0,    2.31,exact_mw,26ede523e6354ffb917e832246591ea54a1b9969785b9947b95e2ebb539e2476,"{""distance"":7,""physical_error_rate"":0.0002}","{""detection_events"":5102,""detectors_checked"":6635520}"
      9216,         0,         0,    3.32,exact_mw,26ede523e6354ffb917e832246591ea54a1b9969785b9947b95e2ebb539e2476,"{""distance"":7,""physical_error_rate"":0.0002}","{""detection_events"":5476,""detectors_checked"":7464960}"
    371712,         0,         0,   119.7,exact_mw,26ede523e6354ffb917e832246591ea54a1b9969785b9947b95e2ebb539e2476,"{""distance"":7,""physical_error_rate"":0.0002}","{""detection_events"":226357,""detectors_checked"":301086720}"
     15360,         0,         0,    4.54,exact_mw,26ede523e6354ffb917e832246591ea54a1b9969785b9947b95e2ebb539e2476,"{""distance"":7,""physical_error_rate"":0.0002}","{""detection_events"":9272,""detectors_checked"":12441600}"
   6489088,         1,         0,   119.1,exact_mw,92a9cd959715f3d5685c6265974e573ec36ff2f173f7490ff1393041d63371cf,"{""distance"":7,""physical_error_rate"":0.0001}","{""detection_events"":1976812,""detectors_checked"":5256161280,""obs_mistake_mask=E"":1}"
      5376,         6,         0,   120.1,exact_mw,a39d26a9c85ff1858873bfad720922f64799219ac1b945519c1902b92db90de0,"{""distance"":7,""physical_error_rate"":0.005}","{""detection_events"":79870,""detectors_checked"":4354560,""obs_mistake_mask=E"":6}"
   7869440,         2,         0,   119.0,exact_mw,a212c24da5b34f1b60580734e5e54c4073e302b219bc7e486ff8edc698604c9e,"{""distance"":7,""physical_error_rate"":5e-05}","{""detection_events"":1198414,""detectors_checked"":6374246400,""obs_mistake_mask=E"":2}"
   6563840,         2,         0,   119.2,exact_mw,92a9cd959715f3d5685c6265974e573ec36ff2f173f7490ff1393041d63371cf,"{""distance"":7,""physical_error_rate"":0.0001}","{""detection_events"":1995452,""detectors_checked"":5316710400,""obs_mistake_mask=E"":2}"
     19456,         0,         0,    6.02,exact_mw,26ede523e6354ffb917e832246591ea54a1b9969785b9947b95e2ebb539e2476,"{""distance"":7,""physical_error_rate"":0.0002}","{""detection_events"":11882,""detectors_checked"":15759360}"
    352256,         0,         0,   120.0,exact_mw,8c54babb212143042928b0eca3852c18ac799bf66eb488a668303745c8494fc5,"{""distance"":7,""physical_error_rate"":0.0005}","{""detection_events"":536451,""detectors_checked"":285327360}"
     17088,         0,         0,   120.1,exact_mw,98ed6542f5a75ebddbda0ed622fb597fbc85d0a75d139587b6be9a08147ba42d,"{""distance"":7,""physical_error_rate"":0.002}","{""detection_events"":102530,""detectors_checked"":13841280}"
     27648,         0,         0,    8.37,exact_mw,26ede523e6354ffb917e832246591ea54a1b9969785b9947b95e2ebb539e2476,"{""distance"":7,""physical_error_rate"":0.0002}","{""detection_events"":16710,""detectors_checked"":22394880}"
     66048,         3,         0,   120.4,exact_mw,d2cc2b129abad1f985b8639603638d6030a837aa2fe57172dffdf28919c1c286,"{""distance"":7,""physical_error_rate"":0.001}","{""detection_events"":200236,""detectors_checked"":53498880,""obs_mistake_mask=E"":3}"
   2913280,         0,         0,    44.6,exact_mw,a212c24da5b34f1b60580734e5e54c4073e302b219bc7e486ff8edc698604c9e,"{""distance"":7,""physical_error_rate"":5e-05}","{""detection_events"":445211,""detectors_checked"":2359756800}"
   2409472,         3,         0,    44.7,exact_mw,92a9cd959715f3d5685c6265974e573ec36ff2f173f7490ff1393041d63371cf,"{""distance"":7,""physical_error_rate"":0.0001}","{""detection_events"":735712,""detectors_checked"":1951672320,""obs_mistake_mask=E"":3}"
    131072,         0,         0,    45.3,exact_mw,8c54babb212143042928b0eca3852c18ac799bf66eb488a668303745c8494fc5,"{""distance"":7,""physical_error_rate"":0.0005}","{""detection_events"":199560,""detectors_checked"":106168320}"
     24064,         0,         0,    45.2,exact_mw,d2cc2b129abad1f985b8639603638d6030a837aa2fe57172dffdf28919c1c286,"{""distance"":7,""physical_error_rate"":0.001}","{""detection_events"":73388,""detectors_checked"":19491840}"
    256000,         0,         0,    11.7,exact_mw,26ede523e6354ffb917e832246591ea54a1b9969785b9947b95e2ebb539e2476,"{""distance"":7,""physical_error_rate"":0.0002}","{""detection_events"":155937,""detectors_checked"":207360000}"
      2080,         0,         0,    45.3,exact_mw,a39d26a9c85ff1858873bfad720922f64799219ac1b945519c1902b92db90de0,"{""distance"":7,""physical_error_rate"":0.005}","{""detection_events"":31377,""detectors_checked"":1684800}"
      6144,         0,         0,    45.1,exact_mw,98ed6542f5a75ebddbda0ed622fb597fbc85d0a75d139587b6be9a08147ba42d,"{""distance"":7,""physical_error_rate"":0.002}","{""detection_events"":37787,""detectors_checked"":4976640}"
   6414336,         0,         0,   119.2,exact_mw,92a9cd959715f3d5685c6265974e573ec36ff2f173f7490ff1393041d63371cf,"{""distance"":7,""physical_error_rate"":0.0001}","{""detection_events"":1955265,""detectors_checked"":5195612160}"
      1952,         3,         0,    45.6,exact_mw,a39d26a9c85ff1858873bfad720922f64799219ac1b945519c1902b92db90de0,"{""distance"":7,""physical_error_rate"":0.005}","{""detection_events"":29182,""detectors_checked"":1581120,""obs_mistake_mask=E"":3}"
    359424,         2,         0,    16.3,exact_mw,26ede523e6354ffb917e832246591ea54a1b9969785b9947b95e2ebb539e2476,"{""distance"":7,""physical_error_rate"":0.0002}","{""detection_events"":219044,""detectors_checked"":291133440,""obs_mistake_mask=E"":2}"
      1968,         0,         0,   120.4,exact_mw,98ed6542f5a75ebddbda0ed622fb597fbc85d0a75d139587b6be9a08147ba42d,"{""distance"":7,""physical_error_rate"":0.002}","{""detection_events"":11936,""detectors_checked"":1594080}"
   7707648,         1,         0,   119.1,exact_mw,a212c24da5b34f1b60580734e5e54c4073e302b219bc7e486ff8edc698604c9e,"{""distance"":7,""physical_error_rate"":5e-05}","{""detection_events"":1175511,""detectors_checked"":6243194880,""obs_mistake_mask=E"":1}"
   6452224,         4,         0,   119.2,exact_mw,92a9cd959715f3d5685c6265974e573ec36ff2f173f7490ff1393041d63371cf,"{""distance"":7,""physical_error_rate"":0.0001}","{""detection_events"":1967876,""detectors_checked"":5226301440,""obs_mistake_mask=E"":4}"
   7831552,         0,         0,   119.0,exact_mw,a212c24da5b34f1b60580734e5e54c4073e302b219bc7e486ff8edc698604c9e,"{""distance"":7,""physical_error_rate"":5e-05}","{""detection_events"":1194659,""detectors_checked"":6343557120}"
   2975744,         0,         0,   119.6,exact_mw,26ede523e6354ffb917e832246591ea54a1b9969785b9947b95e2ebb539e2476,"{""distance"":7,""physical_error_rate"":0.0002}","{""detection_events"":1814139,""detectors_checked"":2410352640}"
   6455296,         0,         0,   119.1,exact_mw,92a9cd959715f3d5685c6265974e573ec36ff2f173f7490ff1393041d63371cf,"{""distance"":7,""physical_error_rate"":0.0001}","{""detection_events"":1969344,""detectors_checked"":5228789760}"
    350208,         2,         0,   120.2,exact_mw,8c54babb212143042928b0eca3852c18ac799bf66eb488a668303745c8494fc5,"{""distance"":7,""physical_error_rate"":0.0005}","{""detection_events"":533892,""detectors_checked"":283668480,""obs_mistake_mask=E"":2}"
   6338560,         2,         0,   119.2,exact_mw,92a9cd959715f3d5685c6265974e573ec36ff2f173f7490ff1393041d63371cf,"{""distance"":7,""physical_error_rate"":0.0001}","{""detection_events"":1930954,""detectors_checked"":5134233600,""obs_mistake_mask=E"":2}"
      5408,         7,         0,   120.5,exact_mw,a39d26a9c85ff1858873bfad720922f64799219ac1b945519c1902b92db90de0,"{""distance"":7,""physical_error_rate"":0.005}","{""detection_events"":80780,""detectors_checked"":4380480,""obs_mistake_mask=E"":7}"
    376832,         2,         0,   119.6,exact_mw,26ede523e6354ffb917e832246591ea54a1b9969785b9947b95e2ebb539e2476,"{""distance"":7,""physical_error_rate"":0.0002}","{""detection_events"":229471,""detectors_checked"":305233920,""obs_mistake_mask=E"":2}"
   7905280,         2,         0,   119.1,exact_mw,a212c24da5b34f1b60580734e5e54c4073e302b219bc7e486ff8edc698604c9e,"{""distance"":7,""physical_error_rate"":5e-05}","{""detection_events"":1205692,""detectors_checked"":6403276800,""obs_mistake_mask=E"":2}"
      8208,         0,         0,   120.3,exact_mw,d2cc2b129abad1f985b8639603638d6030a837aa2fe57172dffdf28919c1c286,"{""distance"":7,""physical_error_rate"":0.001}","{""detection_events"":24771,""detectors_checked"":6648480}"
    344064,         2,         0,   120.0,exact_mw,8c54babb212143042928b0eca3852c18ac799bf66eb488a668303745c8494fc5,"{""distance"":7,""physical_error_rate"":0.0005}","{""detection_events"":523438,""detectors_checked"":278691840,""obs_mistake_mask=E"":2}"
   7894016,         1,         0,   119.0,exact_mw,a212c24da5b34f1b60580734e5e54c4073e302b219bc7e486ff8edc698604c9e,"{""distance"":7,""physical_error_rate"":5e-05}","{""detection_events"":1205513,""detectors_checked"":6394152960,""obs_mistake_mask=E"":1}"
   2915328,         1,         0,   119.6,exact_mw,26ede523e6354ffb917e832246591ea54a1b9969785b9947b95e2ebb539e2476,"{""distance"":7,""physical_error_rate"":0.0002}","{""detection_events"":1775594,""detectors_checked"":2361415680,""obs_mistake_mask=E"":1}"
     63488,         0,         0,   120.3,exact_mw,d2cc2b129abad1f985b8639603638d6030a837aa2fe57172dffdf28919c1c286,"{""distance"":7,""physical_error_rate"":0.001}","{""detection_events"":193999,""detectors_checked"":51425280}"
    531456,         0,         0,    22.9,exact_mw,26ede523e6354ffb917e832246591ea54a1b9969785b9947b95e2ebb539e2476,"{""distance"":7,""physical_error_rate"":0.0002}","{""detection_events"":323586,""detectors_checked"":430479360}"
      5536,         5,         0,   120.2,exact_mw,a39d26a9c85ff1858873bfad720922f64799219ac1b945519c1902b92db90de0,"{""distance"":7,""physical_error_rate"":0.005}","{""detection_events"":82577,""detectors_checked"":4484160,""obs_mistake_mask=E"":5}"
   1012736,         0,         0,   119.2,exact_mw,a212c24da5b34f1b60580734e5e54c4073e302b219bc7e486ff8edc698604c9e,"{""distance"":7,""physical_error_rate"":5e-05}","{""detection_events"":155277,""detectors_checked"":820316160}"
   2841600,         7,         0,   119.4,exact_mw,26ede523e6354ffb917e832246591ea54a1b9969785b9947b95e2ebb539e2476,"{""distance"":7,""physical_error_rate"":0.0002}","{""detection_events"":1733862,""detectors_checked"":2301696000,""obs_mistake_mask=E"":7}"
    392192,         1,         0,   119.8,exact_mw,26ede523e6354ffb917e832246591ea54a1b9969785b9947b95e2ebb539e2476,"{""distance"":7,""physical_error_rate"":0.0002}","{""detection_events"":239274,""detectors_checked"":317675520,""obs_mistake_mask=E"":1}"
     16384,         1,         0,   120.1,exact_mw,98ed6542f5a75ebddbda0ed622fb597fbc85d0a75d139587b6be9a08147ba42d,"{""distance"":7,""physical_error_rate"":0.002}","{""detection_events"":98993,""detectors_checked"":13271040,""obs_mistake_mask=E"":1}"
     66048,         3,         0,   120.3,exact_mw,d2cc2b129abad1f985b8639603638d6030a837aa2fe57172dffdf28919c1c286,"{""distance"":7,""physical_error_rate"":0.001}","{""detection_events"":201241,""detectors_checked"":53498880,""obs_mistake_mask=E"":3}"
    311552,         2,         0,   120.2,exact_mw,8c54babb212143042928b0eca3852c18ac799bf66eb488a668303745c8494fc5,"{""distance"":7,""physical_error_rate"":0.0005}","{""detection_events"":473865,""detectors_checked"":252357120,""obs_mistake_mask=E"":2}"
     45312,         0,         0,   121.0,exact_mw,8c54babb212143042928b0eca3852c18ac799bf66eb488a668303745c8494fc5,"{""distance"":7,""physical_error_rate"":0.0005}","{""detection_events"":69137,""detectors_checked"":36702720}"
    336896,         1,         0,   120.2,exact_mw,8c54babb212143042928b0eca3852c18ac799bf66eb488a668303745c8494fc5,"{""distance"":7,""physical_error_rate"":0.0005}","{""detection_events"":514817,""detectors_checked"":272885760,""obs_mistake_mask=E"":1}"
   6401024,         1,         0,   119.2,exact_mw,92a9cd959715f3d5685c6265974e573ec36ff2f173f7490ff1393041d63371cf,"{""distance"":7,""physical_error_rate"":0.0001}","{""detection_events"":1950149,""detectors_checked"":5184829440,""obs_mistake_mask=E"":1}"
   7737344,         1,         0,   119.3,exact_mw,a212c24da5b34f1b60580734e5e54c4073e302b219bc7e486ff8edc698604c9e,"{""distance"":7,""physical_error_rate"":5e-05}","{""detection_events"":1180671,""detectors_checked"":6267248640,""obs_mistake_mask=E"":1}"
      1928,         2,         0,   120.5,exact_mw,98ed6542f5a75ebddbda0ed622fb597fbc85d0a75d139587b6be9a08147ba42d,"{""distance"":7,""physical_error_rate"":0.002}","{""detection_events"":11679,""detectors_checked"":1561680,""obs_mistake_mask=E"":2}"
      5536,         5,         0,   120.2,exact_mw,a39d26a9c85ff1858873bfad720922f64799219ac1b945519c1902b92db90de0,"{""distance"":7,""physical_error_rate"":0.005}","{""detection_events"":82282,""detectors_checked"":4484160,""obs_mistake_mask=E"":5}"
     16512,         1,         0,   120.6,exact_mw,98ed6542f5a75ebddbda0ed622fb597fbc85d0a75d139587b6be9a08147ba42d,"{""distance"":7,""physical_error_rate"":0.002}","{""detection_events"":99962,""detectors_checked"":13374720,""obs_mistake_mask=E"":1}"
   4076544,         0,         0,    62.5,exact_mw,a212c24da5b34f1b60580734e5e54c4073e302b219bc7e486ff8edc698604c9e,"{""distance"":7,""physical_error_rate"":5e-05}","{""detection_events"":621560,""detectors_checked"":3302000640}"
   3418112,         0,         0,    62.6,exact_mw,92a9cd959715f3d5685c6265974e573ec36ff2f173f7490ff1393041d63371cf,"{""distance"":7,""physical_error_rate"":0.0001}","{""detection_events"":1041595,""detectors_checked"":2768670720}"
       712,         1,         0,   120.2,exact_mw,a39d26a9c85ff1858873bfad720922f64799219ac1b945519c1902b92db90de0,"{""distance"":7,""physical_error_rate"":0.005}","{""detection_events"":10362,""detectors_checked"":576720,""obs_mistake_mask=E"":1}"
      2144,         0,         0,   121.3,exact_mw,98ed6542f5a75ebddbda0ed622fb597fbc85d0a75d139587b6be9a08147ba42d,"{""distance"":7,""physical_error_rate"":0.002}","{""detection_events"":12804,""detectors_checked"":1736640}"
     13120,         6,         0,   120.7,exact_mw,98ed6542f5a75ebddbda0ed622fb597fbc85d0a75d139587b6be9a08147ba42d,"{""distance"":7,""physical_error_rate"":0.002}","{""detection_events"":79647,""detectors_checked"":10627200,""obs_mistake_mask=E"":6}"
     66048,         2,         0,   120.2,exact_mw,d2cc2b129abad1f985b8639603638d6030a837aa2fe57172dffdf28919c1c286,"{""distance"":7,""physical_error_rate"":0.001}","{""detection_events"":199465,""detectors_checked"":53498880,""obs_mistake_mask=E"":2}"
       712,         1,         0,   120.1,exact_mw,a39d26a9c85ff1858873bfad720922f64799219ac1b945519c1902b92db90de0,"{""distance"":7,""physical_error_rate"":0.005}","{""detection_events"":10473,""detectors_checked"":576720,""obs_mistake_mask=E"":1}"
    377856,         0,         0,   119.7,exact_mw,26ede523e6354ffb917e832246591ea54a1b9969785b9947b95e2ebb539e2476,"{""distance"":7,""physical_error_rate"":0.0002}","{""detection_events"":229995,""detectors_checked"":306063360}"
    181248,         1,         0,    63.0,exact_mw,8c54babb212143042928b0eca3852c18ac799bf66eb488a668303745c8494fc5,"{""distance"":7,""physical_error_rate"":0.0005}","{""detection_events"":275878,""detectors_checked"":146810880,""obs_mistake_mask=E"":1}"
     65024,         1,         0,   120.3,exact_mw,d2cc2b129abad1f985b8639603638d6030a837aa2fe57172dffdf28919c1c286,"{""distance"":7,""physical_error_rate"":0.001}","{""detection_events"":196976,""detectors_checked"":52669440,""obs_mistake_mask=E"":1}"
   2853888,         8,         0,   119.6,exact_mw,26ede523e6354ffb917e832246591ea54a1b9969785b9947b95e2ebb539e2476,"{""distance"":7,""physical_error_rate"":0.0002}","{""detection_events"":1739150,""detectors_checked"":2311649280,""obs_mistake_mask=E"":8}"
    827392,         0,         0,   119.3,exact_mw,92a9cd959715f3d5685c6265974e573ec36ff2f173f7490ff1393041d63371cf,"{""distance"":7,""physical_error_rate"":0.0001}","{""detection_events"":251213,""detectors_checked"":670187520}"
   7842816,         0,         0,   119.0,exact_mw,a212c24da5b34f1b60580734e5e54c4073e302b219bc7e486ff8edc698604c9e,"{""distance"":7,""physical_error_rate"":5e-05}","{""detection_events"":1194997,""detectors_checked"":6352680960}"
     33792,         2,         0,    63.4,exact_mw,d2cc2b129abad1f985b8639603638d6030a837aa2fe57172dffdf28919c1c286,"{""distance"":7,""physical_error_rate"":0.001}","{""detection_events"":102568,""detectors_checked"":27371520,""obs_mistake_mask=E"":2}"
      2944,         3,         0,    63.2,exact_mw,a39d26a9c85ff1858873bfad720922f64799219ac1b945519c1902b92db90de0,"{""distance"":7,""physical_error_rate"":0.005}","{""detection_events"":43667,""detectors_checked"":2384640,""obs_mistake_mask=E"":3}"
      8832,         1,         0,    63.7,exact_mw,98ed6542f5a75ebddbda0ed622fb597fbc85d0a75d139587b6be9a08147ba42d,"{""distance"":7,""physical_error_rate"":0.002}","{""detection_events"":52856,""detectors_checked"":7153920,""obs_mistake_mask=E"":1}"
    359424,         6,         0,   120.1,exact_mw,8c54babb212143042928b0eca3852c18ac799bf66eb488a668303745c8494fc5,"{""distance"":7,""physical_error_rate"":0.0005}","{""detection_events"":546407,""detectors_checked"":291133440,""obs_mistake_mask=E"":6}"
    349184,         1,         0,   120.4,exact_mw,8c54babb212143042928b0eca3852c18ac799bf66eb488a668303745c8494fc5,"{""distance"":7,""physical_error_rate"":0.0005}","{""detection_events"":532446,""detectors_checked"":282839040,""obs_mistake_mask=E"":1}"
       722,         0,         0,   120.6,exact_mw,a39d26a9c85ff1858873bfad720922f64799219ac1b945519c1902b92db90de0,"{""distance"":7,""physical_error_rate"":0.005}","{""detection_events"":11024,""detectors_checked"":584820}"
      2848,         2,         0,    63.2,exact_mw,a39d26a9c85ff1858873bfad720922f64799219ac1b945519c1902b92db90de0,"{""distance"":7,""physical_error_rate"":0.005}","{""detection_events"":42298,""detectors_checked"":2306880,""obs_mistake_mask=E"":2}"
      8496,         1,         0,   120.9,exact_mw,d2cc2b129abad1f985b8639603638d6030a837aa2fe57172dffdf28919c1c286,"{""distance"":7,""physical_error_rate"":0.001}","{""detection_events"":25660,""detectors_checked"":6881760,""obs_mistake_mask=E"":1}"
    791552,         2,         0,    32.0,exact_mw,26ede523e6354ffb917e832246591ea54a1b9969785b9947b95e2ebb539e2476,"{""distance"":7,""physical_error_rate"":0.0002}","{""detection_events"":479988,""detectors_checked"":641157120,""obs_mistake_mask=E"":2}"
      5664,         3,         0,   120.2,exact_mw,a39d26a9c85ff1858873bfad720922f64799219ac1b945519c1902b92db90de0,"{""distance"":7,""physical_error_rate"":0.005}","{""detection_events"":84246,""detectors_checked"":4587840,""obs_mistake_mask=E"":3}"
     16640,         0,         0,   120.3,exact_mw,98ed6542f5a75ebddbda0ed622fb597fbc85d0a75d139587b6be9a08147ba42d,"{""distance"":7,""physical_error_rate"":0.002}","{""detection_events"":100539,""detectors_checked"":13478400}"
     62208,         2,         0,   120.7,exact_mw,d2cc2b129abad1f985b8639603638d6030a837aa2fe57172dffdf28919c1c286,"{""distance"":7,""physical_error_rate"":0.001}","{""detection_events"":189409,""detectors_checked"":50388480,""obs_mistake_mask=E"":2}"
    385024,         0,         0,   119.7,exact_mw,26ede523e6354ffb917e832246591ea54a1b9969785b9947b95e2ebb539e2476,"{""distance"":7,""physical_error_rate"":0.0002}","{""detection_events"":233266,""detectors_checked"":311869440}"
   6390784,         2,         0,   119.2,exact_mw,92a9cd959715f3d5685c6265974e573ec36ff2f173f7490ff1393041d63371cf,"{""distance"":7,""physical_error_rate"":0.0001}","{""detection_events"":1947497,""detectors_checked"":5176535040,""obs_mistake_mask=E"":2}"
      5312,         3,         0,   120.4,exact_mw,a39d26a9c85ff1858873bfad720922f64799219ac1b945519c1902b92db90de0,"{""distance"":7,""physical_error_rate"":0.005}","{""detection_events"":78984,""detectors_checked"":4302720,""obs_mistake_mask=E"":3}"
   7726080,         1,         0,   119.0,exact_mw,a212c24da5b34f1b60580734e5e54c4073e302b219bc7e486ff8edc698604c9e,"{""distance"":7,""physical_error_rate"":5e-05}","{""detection_events"":1178760,""detectors_checked"":6258124800,""obs_mistake_mask=E"":1}"
   6522880,         2,         0,   119.1,exact_mw,92a9cd959715f3d5685c6265974e573ec36ff2f173f7490ff1393041d63371cf,"{""distance"":7,""physical_error_rate"":0.0001}","{""detection_events"":1989743,""detectors_checked"":5283532800,""obs_mistake_mask=E"":2}"
    353280,         0,         0,   120.2,exact_mw,8c54babb212143042928b0eca3852c18ac799bf66eb488a668303745c8494fc5,"{""distance"":7,""physical_error_rate"":0.0005}","{""detection_events"":537696,""detectors_checked"":286156800}"
     16896,         3,         0,   120.8,exact_mw,98ed6542f5a75ebddbda0ed622fb597fbc85d0a75d139587b6be9a08147ba42d,"{""distance"":7,""physical_error_rate"":0.002}","{""detection_events"":102281,""detectors_checked"":13685760,""obs_mistake_mask=E"":3}"
     60160,         2,         0,   120.6,exact_mw,d2cc2b129abad1f985b8639603638d6030a837aa2fe57172dffdf28919c1c286,"{""distance"":7,""physical_error_rate"":0.001}","{""detection_events"":182190,""detectors_checked"":48729600,""obs_mistake_mask=E"":2}"
   1018880,         3,         0,    44.9,exact_mw,26ede523e6354ffb917e832246591ea54a1b9969785b9947b95e2ebb539e2476,"{""distance"":7,""physical_error_rate"":0.0002}","{""detection_events"":619560,""detectors_checked"":825292800,""obs_mistake_mask=E"":3}"
   6007808,         3,         0,   119.3,exact_mw,92a9cd959715f3d5685c6265974e573ec36ff2f173f7490ff1393041d63371cf,"{""distance"":7,""physical_error_rate"":0.0001}","{""detection_events"":1830997,""detectors_checked"":4866324480,""obs_mistake_mask=E"":3}"
   5654528,         0,         0,    87.6,exact_mw,a212c24da5b34f1b60580734e5e54c4073e302b219bc7e486ff8edc698604c9e,"{""distance"":7,""physical_error_rate"":5e-05}","{""detection_events"":864326,""detectors_checked"":4580167680}"
   4782080,         1,         0,    87.7,exact_mw,92a9cd959715f3d5685c6265974e573ec36ff2f173f7490ff1393041d63371cf,"{""distance"":7,""physical_error_rate"":0.0001}","{""detection_events"":1458385,""detectors_checked"":3873484800,""obs_mistake_mask=E"":1}"
   7740416,         0,         0,   119.0,exact_mw,a212c24da5b34f1b60580734e5e54c4073e302b219bc7e486ff8edc698604c9e,"{""distance"":7,""physical_error_rate"":5e-05}","{""detection_events"":1181000,""detectors_checked"":6269736960}"
      2480,         0,         0,   120.4,exact_mw,98ed6542f5a75ebddbda0ed622fb597fbc85d0a75d139587b6be9a08147ba42d,"{""distance"":7,""physical_error_rate"":0.002}","{""detection_events"":14795,""detectors_checked"":2008800}"
   6332416,         0,         0,   119.3,exact_mw,92a9cd959715f3d5685c6265974e573ec36ff2f173f7490ff1393041d63371cf,"{""distance"":7,""physical_error_rate"":0.0001}","{""detection_events"":1931677,""detectors_checked"":5129256960}"
   7715840,         0,         0,   119.1,exact_mw,a212c24da5b34f1b60580734e5e54c4073e302b219bc7e486ff8edc698604c9e,"{""distance"":7,""physical_error_rate"":5e-05}","{""detection_events"":1174875,""detectors_checked"":6249830400}"
    249856,         3,         0,    88.3,exact_mw,8c54babb212143042928b0eca3852c18ac799bf66eb488a668303745c8494fc5,"{""distance"":7,""physical_error_rate"":0.0005}","{""detection_events"":381059,""detectors_checked"":202383360,""obs_mistake_mask=E"":3}"
   2913280,         5,         0,   119.6,exact_mw,26ede523e6354ffb917e832246591ea54a1b9969785b9947b95e2ebb539e2476,"{""distance"":7,""physical_error_rate"":0.0002}","{""detection_events"":1775723,""detectors_checked"":2359756800,""obs_mistake_mask=E"":5}"
   6460416,         0,         0,   119.2,exact_mw,92a9cd959715f3d5685c6265974e573ec36ff2f173f7490ff1393041d63371cf,"{""distance"":7,""physical_error_rate"":0.0001}","{""detection_events"":1969416,""detectors_checked"":5232936960}"
    348160,         4,         0,   120.1,exact_mw,8c54babb212143042928b0eca3852c18ac799bf66eb488a668303745c8494fc5,"{""distance"":7,""physical_error_rate"":0.0005}","{""detection_events"":529349,""detectors_checked"":282009600,""obs_mistake_mask=E"":4}"
     47360,         1,         0,    88.6,exact_mw,d2cc2b129abad1f985b8639603638d6030a837aa2fe57172dffdf28919c1c286,"{""distance"":7,""physical_error_rate"":0.001}","{""detection_events"":144347,""detectors_checked"":38361600,""obs_mistake_mask=E"":1}"
      3904,         4,         0,    88.3,exact_mw,a39d26a9c85ff1858873bfad720922f64799219ac1b945519c1902b92db90de0,"{""distance"":7,""physical_error_rate"":0.005}","{""detection_events"":57979,""detectors_checked"":3162240,""obs_mistake_mask=E"":4}"
   5198848,         1,         0,   119.4,exact_mw,92a9cd959715f3d5685c6265974e573ec36ff2f173f7490ff1393041d63371cf,"{""distance"":7,""physical_error_rate"":0.0001}","{""detection_events"":1586004,""detectors_checked"":4211066880,""obs_mistake_mask=E"":1}"
     11776,         1,         0,    88.2,exact_mw,98ed6542f5a75ebddbda0ed622fb597fbc85d0a75d139587b6be9a08147ba42d,"{""distance"":7,""physical_error_rate"":0.002}","{""detection_events"":70665,""detectors_checked"":9538560,""obs_mistake_mask=E"":1}"
      5408,         2,         0,   120.0,exact_mw,a39d26a9c85ff1858873bfad720922f64799219ac1b945519c1902b92db90de0,"{""distance"":7,""physical_error_rate"":0.005}","{""detection_events"":80104,""detectors_checked"":4380480,""obs_mistake_mask=E"":2}"
    423936,         0,         0,   119.7,exact_mw,26ede523e6354ffb917e832246591ea54a1b9969785b9947b95e2ebb539e2476,"{""distance"":7,""physical_error_rate"":0.0002}","{""detection_events"":259180,""detectors_checked"":343388160}"
   7820288,         0,         0,   119.2,exact_mw,a212c24da5b34f1b60580734e5e54c4073e302b219bc7e486ff8edc698604c9e,"{""distance"":7,""physical_error_rate"":5e-05}","{""detection_events"":1195495,""detectors_checked"":6334433280}"
     53632,         2,         0,   119.9,exact_mw,d2cc2b129abad1f985b8639603638d6030a837aa2fe57172dffdf28919c1c286,"{""distance"":7,""physical_error_rate"":0.001}","{""detection_events"":163372,""detectors_checked"":43441920,""obs_mistake_mask=E"":2}"
      2084,         1,         0,    88.6,exact_mw,a39d26a9c85ff1858873bfad720922f64799219ac1b945519c1902b92db90de0,"{""distance"":7,""physical_error_rate"":0.005}","{""detection_events"":30774,""detectors_checked"":1688040,""obs_mistake_mask=E"":1}"
   7680000,         0,         0,   119.1,exact_mw,a212c24da5b34f1b60580734e5e54c4073e302b219bc7e486ff8edc698604c9e,"{""distance"":7,""physical_error_rate"":5e-05}","{""detection_events"":1169811,""detectors_checked"":6220800000}"
   2869248,         5,         0,   119.5,exact_mw,26ede523e6354ffb917e832246591ea54a1b9969785b9947b95e2ebb539e2476,"{""distance"":7,""physical_error_rate"":0.0002}","{""detection_events"":1748676,""detectors_checked"":2324090880,""obs_mistake_mask=E"":5}"
     63488,         1,         0,   120.1,exact_mw,d2cc2b129abad1f985b8639603638d6030a837aa2fe57172dffdf28919c1c286,"{""distance"":7,""physical_error_rate"":0.001}","{""detection_events"":191811,""detectors_checked"":51425280,""obs_mistake_mask=E"":1}"
      5280,         3,         0,   120.1,exact_mw,a39d26a9c85ff1858873bfad720922f64799219ac1b945519c1902b92db90de0,"{""distance"":7,""physical_error_rate"":0.005}","{""detection_events"":78849,""detectors_checked"":4276800,""obs_mistake_mask=E"":3}"
    210688,         1,         0,   121.5,exact_mw,8c54babb212143042928b0eca3852c18ac799bf66eb488a668303745c8494fc5,"{""distance"":7,""physical_error_rate"":0.0005}","{""detection_events"":320871,""detectors_checked"":170657280,""obs_mistake_mask=E"":1}"
   5423104,         1,         0,   119.2,exact_mw,a212c24da5b34f1b60580734e5e54c4073e302b219bc7e486ff8edc698604c9e,"{""distance"":7,""physical_error_rate"":5e-05}","{""detection_events"":824034,""detectors_checked"":4392714240,""obs_mistake_mask=E"":1}"
   2888704,         1,         0,   119.6,exact_mw,26ede523e6354ffb917e832246591ea54a1b9969785b9947b95e2ebb539e2476,"{""distance"":7,""physical_error_rate"":0.0002}","{""detection_events"":1761648,""detectors_checked"":2339850240,""obs_mistake_mask=E"":1}"
    417792,         1,         0,   120.0,exact_mw,26ede523e6354ffb917e832246591ea54a1b9969785b9947b95e2ebb539e2476,"{""distance"":7,""physical_error_rate"":0.0002}","{""detection_events"":254473,""detectors_checked"":338411520,""obs_mistake_mask=E"":1}"
     16128,         1,         0,   120.8,exact_mw,98ed6542f5a75ebddbda0ed622fb597fbc85d0a75d139587b6be9a08147ba42d,"{""distance"":7,""physical_error_rate"":0.002}","{""detection_events"":97024,""detectors_checked"":13063680,""obs_mistake_mask=E"":1}"
     63488,         0,         0,   120.1,exact_mw,d2cc2b129abad1f985b8639603638d6030a837aa2fe57172dffdf28919c1c286,"{""distance"":7,""physical_error_rate"":0.001}","{""detection_events"":192104,""detectors_checked"":51425280}"
     52096,         1,         0,   119.9,exact_mw,8c54babb212143042928b0eca3852c18ac799bf66eb488a668303745c8494fc5,"{""distance"":7,""physical_error_rate"":0.0005}","{""detection_events"":79032,""detectors_checked"":42197760,""obs_mistake_mask=E"":1}"
    242432,         3,         0,   120.1,exact_mw,8c54babb212143042928b0eca3852c18ac799bf66eb488a668303745c8494fc5,"{""distance"":7,""physical_error_rate"":0.0005}","{""detection_events"":368305,""detectors_checked"":196369920,""obs_mistake_mask=E"":3}"
    328704,         4,         0,   120.5,exact_mw,8c54babb212143042928b0eca3852c18ac799bf66eb488a668303745c8494fc5,"{""distance"":7,""physical_error_rate"":0.0005}","{""detection_events"":501966,""detectors_checked"":266250240,""obs_mistake_mask=E"":4}"
   6369280,         2,         0,   119.2,exact_mw,92a9cd959715f3d5685c6265974e573ec36ff2f173f7490ff1393041d63371cf,"{""distance"":7,""physical_error_rate"":0.0001}","{""detection_events"":1943522,""detectors_checked"":5159116800,""obs_mistake_mask=E"":2}"
   6998016,         1,         0,   119.3,exact_mw,a212c24da5b34f1b60580734e5e54c4073e302b219bc7e486ff8edc698604c9e,"{""distance"":7,""physical_error_rate"":5e-05}","{""detection_events"":1066220,""detectors_checked"":5668392960,""obs_mistake_mask=E"":1}"
     11984,         2,         0,   120.1,exact_mw,98ed6542f5a75ebddbda0ed622fb597fbc85d0a75d139587b6be9a08147ba42d,"{""distance"":7,""physical_error_rate"":0.002}","{""detection_events"":72456,""detectors_checked"":9707040,""obs_mistake_mask=E"":2}"
      5472,         3,         0,   120.1,exact_mw,a39d26a9c85ff1858873bfad720922f64799219ac1b945519c1902b92db90de0,"{""distance"":7,""physical_error_rate"":0.005}","{""detection_events"":81070,""detectors_checked"":4432320,""obs_mistake_mask=E"":3}"
     15744,         4,         0,   120.0,exact_mw,98ed6542f5a75ebddbda0ed622fb597fbc85d0a75d139587b6be9a08147ba42d,"{""distance"":7,""physical_error_rate"":0.002}","{""detection_events"":96205,""detectors_checked"":12752640,""obs_mistake_mask=E"":4}"
      1086,         2,         0,   120.0,exact_mw,a39d26a9c85ff1858873bfad720922f64799219ac1b945519c1902b92db90de0,"{""distance"":7,""physical_error_rate"":0.005}","{""detection_events"":16615,""detectors_checked"":879660,""obs_mistake_mask=E"":2}"
      3392,         2,         0,   120.3,exact_mw,98ed6542f5a75ebddbda0ed622fb597fbc85d0a75d139587b6be9a08147ba42d,"{""distance"":7,""physical_error_rate"":0.002}","{""detection_events"":20529,""detectors_checked"":2747520,""obs_mistake_mask=E"":2}"
      3068,         0,         0,   120.6,exact_mw,98ed6542f5a75ebddbda0ed622fb597fbc85d0a75d139587b6be9a08147ba42d,"{""distance"":7,""physical_error_rate"":0.002}","{""detection_events"":18471,""detectors_checked"":2485080}"
     62720,         6,         0,   120.3,exact_mw,d2cc2b129abad1f985b8639603638d6030a837aa2fe57172dffdf28919c1c286,"{""distance"":7,""physical_error_rate"":0.001}","{""detection_events"":189914,""detectors_checked"":50803200,""obs_mistake_mask=E"":6}"
      4024,         1,         0,   120.5,exact_mw,a39d26a9c85ff1858873bfad720922f64799219ac1b945519c1902b92db90de0,"{""distance"":7,""physical_error_rate"":0.005}","{""detection_events"":60242,""detectors_checked"":3259440,""obs_mistake_mask=E"":1}"
    588800,         0,         0,   119.5,exact_mw,26ede523e6354ffb917e832246591ea54a1b9969785b9947b95e2ebb539e2476,"{""distance"":7,""physical_error_rate"":0.0002}","{""detection_events"":359146,""detectors_checked"":476928000}"
   1303552,         0,         0,    63.0,exact_mw,26ede523e6354ffb917e832246591ea54a1b9969785b9947b95e2ebb539e2476,"{""distance"":7,""physical_error_rate"":0.0002}","{""detection_events"":795583,""detectors_checked"":1055877120}"
     62464,         0,         0,   120.0,exact_mw,d2cc2b129abad1f985b8639603638d6030a837aa2fe57172dffdf28919c1c286,"{""distance"":7,""physical_error_rate"":0.001}","{""detection_events"":189149,""detectors_checked"":50595840}"
   2595840,         2,         0,   119.6,exact_mw,26ede523e6354ffb917e832246591ea54a1b9969785b9947b95e2ebb539e2476,"{""distance"":7,""physical_error_rate"":0.0002}","{""detection_events"":1583445,""detectors_checked"":2102630400,""obs_mistake_mask=E"":2}"
   1092608,         0,         0,   119.3,exact_mw,92a9cd959715f3d5685c6265974e573ec36ff2f173f7490ff1393041d63371cf,"{""distance"":7,""physical_error_rate"":0.0001}","{""detection_events"":330670,""detectors_checked"":885012480}"
   7444480,         0,         0,   119.0,exact_mw,a212c24da5b34f1b60580734e5e54c4073e302b219bc7e486ff8edc698604c9e,"{""distance"":7,""physical_error_rate"":5e-05}","{""detection_events"":1137990,""detectors_checked"":6030028800}"
    344064,         2,         0,   120.2,exact_mw,8c54babb212143042928b0eca3852c18ac799bf66eb488a668303745c8494fc5,"{""distance"":7,""physical_error_rate"":0.0005}","{""detection_events"":521941,""detectors_checked"":278691840,""obs_mistake_mask=E"":2}"
    333824,         4,         0,   120.2,exact_mw,8c54babb212143042928b0eca3852c18ac799bf66eb488a668303745c8494fc5,"{""distance"":7,""physical_error_rate"":0.0005}","{""detection_events"":506974,""detectors_checked"":270397440,""obs_mistake_mask=E"":4}"
      1092,         2,         0,   120.7,exact_mw,a39d26a9c85ff1858873bfad720922f64799219ac1b945519c1902b92db90de0,"{""distance"":7,""physical_error_rate"":0.005}","{""detection_events"":16543,""detectors_checked"":884520,""obs_mistake_mask=E"":2}"
     18880,         1,         0,   120.1,exact_mw,d2cc2b129abad1f985b8639603638d6030a837aa2fe57172dffdf28919c1c286,"{""distance"":7,""physical_error_rate"":0.001}","{""detection_events"":57172,""detectors_checked"":15292800,""obs_mistake_mask=E"":1}"
      5376,         6,         0,   120.3,exact_mw,a39d26a9c85ff1858873bfad720922f64799219ac1b945519c1902b92db90de0,"{""distance"":7,""physical_error_rate"":0.005}","{""detection_events"":80268,""detectors_checked"":4354560,""obs_mistake_mask=E"":6}"
     59904,         0,         0,   120.0,exact_mw,d2cc2b129abad1f985b8639603638d6030a837aa2fe57172dffdf28919c1c286,"{""distance"":7,""physical_error_rate"":0.001}","{""detection_events"":181134,""detectors_checked"":48522240}"
     15872,         1,         0,   121.1,exact_mw,98ed6542f5a75ebddbda0ed622fb597fbc85d0a75d139587b6be9a08147ba42d,"{""distance"":7,""physical_error_rate"":0.002}","{""detection_events"":95398,""detectors_checked"":12856320,""obs_mistake_mask=E"":1}"
   1218560,         1,         0,   119.7,exact_mw,26ede523e6354ffb917e832246591ea54a1b9969785b9947b95e2ebb539e2476,"{""distance"":7,""physical_error_rate"":0.0002}","{""detection_events"":743227,""detectors_checked"":987033600,""obs_mistake_mask=E"":1}"
   6345728,         2,         0,   119.3,exact_mw,92a9cd959715f3d5685c6265974e573ec36ff2f173f7490ff1393041d63371cf,"{""distance"":7,""physical_error_rate"":0.0001}","{""detection_events"":1938671,""detectors_checked"":5140039680,""obs_mistake_mask=E"":2}"
      4816,         5,         0,   120.0,exact_mw,a39d26a9c85ff1858873bfad720922f64799219ac1b945519c1902b92db90de0,"{""distance"":7,""physical_error_rate"":0.005}","{""detection_events"":71898,""detectors_checked"":3900960,""obs_mistake_mask=E"":5}"
   7711744,         0,         0,   119.1,exact_mw,a212c24da5b34f1b60580734e5e54c4073e302b219bc7e486ff8edc698604c9e,"{""distance"":7,""physical_error_rate"":5e-05}","{""detection_events"":1175474,""detectors_checked"":6246512640}"
   6066176,         2,         0,   119.2,exact_mw,92a9cd959715f3d5685c6265974e573ec36ff2f173f7490ff1393041d63371cf,"{""distance"":7,""physical_error_rate"":0.0001}","{""detection_events"":1850825,""detectors_checked"":4913602560,""obs_mistake_mask=E"":2}"
    256000,         1,         0,   120.0,exact_mw,8c54babb212143042928b0eca3852c18ac799bf66eb488a668303745c8494fc5,"{""distance"":7,""physical_error_rate"":0.0005}","{""detection_events"":390092,""detectors_checked"":207360000,""obs_mistake_mask=E"":1}"
     15680,         2,         0,   120.3,exact_mw,98ed6542f5a75ebddbda0ed622fb597fbc85d0a75d139587b6be9a08147ba42d,"{""distance"":7,""physical_error_rate"":0.002}","{""detection_events"":95113,""detectors_checked"":12700800,""obs_mistake_mask=E"":2}"
     62208,         1,         0,   120.4,exact_mw,d2cc2b129abad1f985b8639603638d6030a837aa2fe57172dffdf28919c1c286,"{""distance"":7,""physical_error_rate"":0.001}","{""detection_events"":189244,""detectors_checked"":50388480,""obs_mistake_mask=E"":1}"
   6157312,         1,         0,   119.2,exact_mw,92a9cd959715f3d5685c6265974e573ec36ff2f173f7490ff1393041d63371cf,"{""distance"":7,""physical_error_rate"":0.0001}","{""detection_events"":1879935,""detectors_checked"":4987422720,""obs_mistake_mask=E"":1}"
   7050240,         0,         0,   119.0,exact_mw,a212c24da5b34f1b60580734e5e54c4073e302b219bc7e486ff8edc698604c9e,"{""distance"":7,""physical_error_rate"":5e-05}","{""detection_events"":1077036,""detectors_checked"":5710694400}"
   6181888,         1,         0,   119.2,exact_mw,92a9cd959715f3d5685c6265974e573ec36ff2f173f7490ff1393041d63371cf,"{""distance"":7,""physical_error_rate"":0.0001}","{""detection_events"":1880341,""detectors_checked"":5007329280,""obs_mistake_mask=E"":1}"
   7698432,         1,         0,   119.1,exact_mw,a212c24da5b34f1b60580734e5e54c4073e302b219bc7e486ff8edc698604c9e,"{""distance"":7,""physical_error_rate"":5e-05}","{""detection_events"":1172646,""detectors_checked"":6235729920,""obs_mistake_mask=E"":1}"
      3480,         0,         0,   120.0,exact_mw,98ed6542f5a75ebddbda0ed622fb597fbc85d0a75d139587b6be9a08147ba42d,"{""distance"":7,""physical_error_rate"":0.002}","{""detection_events"":21230,""detectors_checked"":2818800}"
   6051840,         3,         0,   119.1,exact_mw,92a9cd959715f3d5685c6265974e573ec36ff2f173f7490ff1393041d63371cf,"{""distance"":7,""physical_error_rate"":0.0001}","{""detection_events"":1845168,""detectors_checked"":4901990400,""obs_mistake_mask=E"":3}"
   7149568,         0,         0,   119.1,exact_mw,a212c24da5b34f1b60580734e5e54c4073e302b219bc7e486ff8edc698604c9e,"{""distance"":7,""physical_error_rate"":5e-05}","{""detection_events"":1088110,""detectors_checked"":5791150080}"
    123648,         2,         0,   120.1,exact_mw,8c54babb212143042928b0eca3852c18ac799bf66eb488a668303745c8494fc5,"{""distance"":7,""physical_error_rate"":0.0005}","{""detection_events"":187992,""detectors_checked"":100154880,""obs_mistake_mask=E"":2}"
    382976,         1,         0,    87.9,exact_mw,26ede523e6354ffb917e832246591ea54a1b9969785b9947b95e2ebb539e2476,"{""distance"":7,""physical_error_rate"":0.0002}","{""detection_events"":234215,""detectors_checked"":310210560,""obs_mistake_mask=E"":1}"
   2808832,         3,         0,   119.7,exact_mw,26ede523e6354ffb917e832246591ea54a1b9969785b9947b95e2ebb539e2476,"{""distance"":7,""physical_error_rate"":0.0002}","{""detection_events"":1709736,""detectors_checked"":2275153920,""obs_mistake_mask=E"":3}"
   5556224,         4,         0,   119.3,exact_mw,92a9cd959715f3d5685c6265974e573ec36ff2f173f7490ff1393041d63371cf,"{""distance"":7,""physical_error_rate"":0.0001}","{""detection_events"":1695403,""detectors_checked"":4500541440,""obs_mistake_mask=E"":4}"
    345088,         4,         0,   120.3,exact_mw,8c54babb212143042928b0eca3852c18ac799bf66eb488a668303745c8494fc5,"{""distance"":7,""physical_error_rate"":0.0005}","{""detection_events"":523049,""detectors_checked"":279521280,""obs_mistake_mask=E"":4}"
     18752,         1,         0,   120.3,exact_mw,d2cc2b129abad1f985b8639603638d6030a837aa2fe57172dffdf28919c1c286,"{""distance"":7,""physical_error_rate"":0.001}","{""detection_events"":56435,""detectors_checked"":15189120,""obs_mistake_mask=E"":1}"
      4992,         3,         0,   120.3,exact_mw,a39d26a9c85ff1858873bfad720922f64799219ac1b945519c1902b92db90de0,"{""distance"":7,""physical_error_rate"":0.005}","{""detection_events"":74506,""detectors_checked"":4043520,""obs_mistake_mask=E"":3}"
   1315840,         2,         0,   119.2,exact_mw,92a9cd959715f3d5685c6265974e573ec36ff2f173f7490ff1393041d63371cf,"{""distance"":7,""physical_error_rate"":0.0001}","{""detection_events"":401487,""detectors_checked"":1065830400,""obs_mistake_mask=E"":2}"
     15168,         0,         0,   120.7,exact_mw,98ed6542f5a75ebddbda0ed622fb597fbc85d0a75d139587b6be9a08147ba42d,"{""distance"":7,""physical_error_rate"":0.002}","{""detection_events"":91440,""detectors_checked"":12286080}"
   2308096,         3,         0,   119.7,exact_mw,26ede523e6354ffb917e832246591ea54a1b9969785b9947b95e2ebb539e2476,"{""distance"":7,""physical_error_rate"":0.0002}","{""detection_events"":1407910,""detectors_checked"":1869557760,""obs_mistake_mask=E"":3}"
      1508,         1,         0,   120.9,exact_mw,a39d26a9c85ff1858873bfad720922f64799219ac1b945519c1902b92db90de0,"{""distance"":7,""physical_error_rate"":0.005}","{""detection_events"":22225,""detectors_checked"":1221480,""obs_mistake_mask=E"":1}"
   6788096,         1,         0,   119.1,exact_mw,a212c24da5b34f1b60580734e5e54c4073e302b219bc7e486ff8edc698604c9e,"{""distance"":7,""physical_error_rate"":5e-05}","{""detection_events"":1034299,""detectors_checked"":5498357760,""obs_mistake_mask=E"":1}"
      4304,         6,         0,   120.1,exact_mw,a39d26a9c85ff1858873bfad720922f64799219ac1b945519c1902b92db90de0,"{""distance"":7,""physical_error_rate"":0.005}","{""detection_events"":64001,""detectors_checked"":3486240,""obs_mistake_mask=E"":6}"
     62208,         0,         0,   120.5,exact_mw,d2cc2b129abad1f985b8639603638d6030a837aa2fe57172dffdf28919c1c286,"{""distance"":7,""physical_error_rate"":0.001}","{""detection_events"":187815,""detectors_checked"":50388480}"
   6951936,         1,         0,   119.1,exact_mw,a212c24da5b34f1b60580734e5e54c4073e302b219bc7e486ff8edc698604c9e,"{""distance"":7,""physical_error_rate"":5e-05}","{""detection_events"":1059561,""detectors_checked"":5631068160,""obs_mistake_mask=E"":1}"
    731136,         2,         0,   119.6,exact_mw,26ede523e6354ffb917e832246591ea54a1b9969785b9947b95e2ebb539e2476,"{""distance"":7,""physical_error_rate"":0.0002}","{""detection_events"":445472,""detectors_checked"":592220160,""obs_mistake_mask=E"":2}"
     62720,         0,         0,   120.4,exact_mw,d2cc2b129abad1f985b8639603638d6030a837aa2fe57172dffdf28919c1c286,"{""distance"":7,""physical_error_rate"":0.001}","{""detection_events"":189382,""detectors_checked"":50803200}"
      5312,         5,         0,   120.3,exact_mw,a39d26a9c85ff1858873bfad720922f64799219ac1b945519c1902b92db90de0,"{""distance"":7,""physical_error_rate"":0.005}","{""detection_events"":78370,""detectors_checked"":4302720,""obs_mistake_mask=E"":5}"
    295424,         3,         0,   120.2,exact_mw,8c54babb212143042928b0eca3852c18ac799bf66eb488a668303745c8494fc5,"{""distance"":7,""physical_error_rate"":0.0005}","{""detection_events"":449094,""detectors_checked"":239293440,""obs_mistake_mask=E"":3}"
   7353344,         0,         0,   119.1,exact_mw,a212c24da5b34f1b60580734e5e54c4073e302b219bc7e486ff8edc698604c9e,"{""distance"":7,""physical_error_rate"":5e-05}","{""detection_events"":1117406,""detectors_checked"":5956208640}"
   2603008,         3,         0,   119.5,exact_mw,26ede523e6354ffb917e832246591ea54a1b9969785b9947b95e2ebb539e2476,"{""distance"":7,""physical_error_rate"":0.0002}","{""detection_events"":1589860,""detectors_checked"":2108436480,""obs_mistake_mask=E"":3}"
   2558976,         2,         0,   119.5,exact_mw,26ede523e6354ffb917e832246591ea54a1b9969785b9947b95e2ebb539e2476,"{""distance"":7,""physical_error_rate"":0.0002}","{""detection_events"":1560361,""detectors_checked"":2072770560,""obs_mistake_mask=E"":2}"
     14784,         0,         0,   120.2,exact_mw,98ed6542f5a75ebddbda0ed622fb597fbc85d0a75d139587b6be9a08147ba42d,"{""distance"":7,""physical_error_rate"":0.002}","{""detection_events"":89815,""detectors_checked"":11975040}"
     59392,         1,         0,   120.6,exact_mw,d2cc2b129abad1f985b8639603638d6030a837aa2fe57172dffdf28919c1c286,"{""distance"":7,""physical_error_rate"":0.001}","{""detection_events"":180084,""detectors_checked"":48107520,""obs_mistake_mask=E"":1}"
     68608,         0,         0,   120.6,exact_mw,8c54babb212143042928b0eca3852c18ac799bf66eb488a668303745c8494fc5,"{""distance"":7,""physical_error_rate"":0.0005}","{""detection_events"":103942,""detectors_checked"":55572480}"
    325632,         4,         0,   120.1,exact_mw,8c54babb212143042928b0eca3852c18ac799bf66eb488a668303745c8494fc5,"{""distance"":7,""physical_error_rate"":0.0005}","{""detection_events"":496732,""detectors_checked"":263761920,""obs_mistake_mask=E"":4}"
    313344,         5,         0,   120.4,exact_mw,8c54babb212143042928b0eca3852c18ac799bf66eb488a668303745c8494fc5,"{""distance"":7,""physical_error_rate"":0.0005}","{""detection_events"":475644,""detectors_checked"":253808640,""obs_mistake_mask=E"":5}"
   5842944,         0,         0,   119.2,exact_mw,92a9cd959715f3d5685c6265974e573ec36ff2f173f7490ff1393041d63371cf,"{""distance"":7,""physical_error_rate"":0.0001}","{""detection_events"":1783596,""detectors_checked"":4732784640}"
   7617536,         0,         0,   119.1,exact_mw,a212c24da5b34f1b60580734e5e54c4073e302b219bc7e486ff8edc698604c9e,"{""distance"":7,""physical_error_rate"":5e-05}","{""detection_events"":1164500,""detectors_checked"":6170204160}"
      2928,         0,         0,   121.6,exact_mw,98ed6542f5a75ebddbda0ed622fb597fbc85d0a75d139587b6be9a08147ba42d,"{""distance"":7,""physical_error_rate"":0.002}","{""detection_events"":18153,""detectors_checked"":2371680}"
      5344,         3,         0,   120.2,exact_mw,a39d26a9c85ff1858873bfad720922f64799219ac1b945519c1902b92db90de0,"{""distance"":7,""physical_error_rate"":0.005}","{""detection_events"":79002,""detectors_checked"":4328640,""obs_mistake_mask=E"":3}"
     14336,         1,         0,   120.2,exact_mw,98ed6542f5a75ebddbda0ed622fb597fbc85d0a75d139587b6be9a08147ba42d,"{""distance"":7,""physical_error_rate"":0.002}","{""detection_events"":86123,""detectors_checked"":11612160,""obs_mistake_mask=E"":1}"
      4624,         6,         0,   120.0,exact_mw,a39d26a9c85ff1858873bfad720922f64799219ac1b945519c1902b92db90de0,"{""distance"":7,""physical_error_rate"":0.005}","{""detection_events"":68910,""detectors_checked"":3745440,""obs_mistake_mask=E"":6}"
     14208,         3,         0,   120.3,exact_mw,98ed6542f5a75ebddbda0ed622fb597fbc85d0a75d139587b6be9a08147ba42d,"{""distance"":7,""physical_error_rate"":0.002}","{""detection_events"":86136,""detectors_checked"":11508480,""obs_mistake_mask=E"":3}"
     13488,         3,         0,   120.4,exact_mw,98ed6542f5a75ebddbda0ed622fb597fbc85d0a75d139587b6be9a08147ba42d,"{""distance"":7,""physical_error_rate"":0.002}","{""detection_events"":81440,""detectors_checked"":10925280,""obs_mistake_mask=E"":3}"
     54528,         2,         0,   120.3,exact_mw,d2cc2b129abad1f985b8639603638d6030a837aa2fe57172dffdf28919c1c286,"{""distance"":7,""physical_error_rate"":0.001}","{""detection_events"":166041,""detectors_checked"":44167680,""obs_mistake_mask=E"":2}"
   2799616,         6,         0,   119.6,exact_mw,26ede523e6354ffb917e832246591ea54a1b9969785b9947b95e2ebb539e2476,"{""distance"":7,""physical_error_rate"":0.0002}","{""detection_events"":1705474,""detectors_checked"":2267688960,""obs_mistake_mask=E"":6}"
      4096,         2,         0,   120.8,exact_mw,a39d26a9c85ff1858873bfad720922f64799219ac1b945519c1902b92db90de0,"{""distance"":7,""physical_error_rate"":0.005}","{""detection_events"":61275,""detectors_checked"":3317760,""obs_mistake_mask=E"":2}"
     59648,         2,         0,   120.1,exact_mw,d2cc2b129abad1f985b8639603638d6030a837aa2fe57172dffdf28919c1c286,"{""distance"":7,""physical_error_rate"":0.001}","{""detection_events"":180945,""detectors_checked"":48314880,""obs_mistake_mask=E"":2}"
   2757632,         4,         0,   119.6,exact_mw,26ede523e6354ffb917e832246591ea54a1b9969785b9947b95e2ebb539e2476,"{""distance"":7,""physical_error_rate"":0.0002}","{""detection_events"":1680754,""detectors_checked"":2233681920,""obs_mistake_mask=E"":4}"
   1106944,         0,         0,   118.7,exact_mw,92a9cd959715f3d5685c6265974e573ec36ff2f173f7490ff1393041d63371cf,"{""distance"":7,""physical_error_rate"":0.0001}","{""detection_events"":336256,""detectors_checked"":896624640}"
   7008256,         1,         0,   119.0,exact_mw,a212c24da5b34f1b60580734e5e54c4073e302b219bc7e486ff8edc698604c9e,"{""distance"":7,""physical_error_rate"":5e-05}","{""detection_events"":1069190,""detectors_checked"":5676687360,""obs_mistake_mask=E"":1}"
    302080,         4,         0,   120.1,exact_mw,8c54babb212143042928b0eca3852c18ac799bf66eb488a668303745c8494fc5,"{""distance"":7,""physical_error_rate"":0.0005}","{""detection_events"":459145,""detectors_checked"":244684800,""obs_mistake_mask=E"":4}"
    314368,         0,         0,   120.1,exact_mw,8c54babb212143042928b0eca3852c18ac799bf66eb488a668303745c8494fc5,"{""distance"":7,""physical_error_rate"":0.0005}","{""detection_events"":475529,""detectors_checked"":254638080}"
      1012,         0,         0,   120.2,exact_mw,a39d26a9c85ff1858873bfad720922f64799219ac1b945519c1902b92db90de0,"{""distance"":7,""physical_error_rate"":0.005}","{""detection_events"":14941,""detectors_checked"":819720}"
     37024,         1,         0,   120.1,exact_mw,d2cc2b129abad1f985b8639603638d6030a837aa2fe57172dffdf28919c1c286,"{""distance"":7,""physical_error_rate"":0.001}","{""detection_events"":111755,""detectors_checked"":29989440,""obs_mistake_mask=E"":1}"
      5440,         7,         0,   120.4,exact_mw,a39d26a9c85ff1858873bfad720922f64799219ac1b945519c1902b92db90de0,"{""distance"":7,""physical_error_rate"":0.005}","{""detection_events"":81296,""detectors_checked"":4406400,""obs_mistake_mask=E"":7}"
     61696,         2,         0,   120.1,exact_mw,d2cc2b129abad1f985b8639603638d6030a837aa2fe57172dffdf28919c1c286,"{""distance"":7,""physical_error_rate"":0.001}","{""detection_events"":186440,""detectors_checked"":49973760,""obs_mistake_mask=E"":2}"
     15808,         1,         0,   120.3,exact_mw,98ed6542f5a75ebddbda0ed622fb597fbc85d0a75d139587b6be9a08147ba42d,"{""distance"":7,""physical_error_rate"":0.002}","{""detection_events"":95768,""detectors_checked"":12804480,""obs_mistake_mask=E"":1}"
   6443008,         2,         0,   119.2,exact_mw,92a9cd959715f3d5685c6265974e573ec36ff2f173f7490ff1393041d63371cf,"{""distance"":7,""physical_error_rate"":0.0001}","{""detection_events"":1965061,""detectors_checked"":5218836480,""obs_mistake_mask=E"":2}"
   2555904,         2,         0,   119.6,exact_mw,26ede523e6354ffb917e832246591ea54a1b9969785b9947b95e2ebb539e2476,"{""distance"":7,""physical_error_rate"":0.0002}","{""detection_events"":1559652,""detectors_checked"":2070282240,""obs_mistake_mask=E"":2}"
      4864,         4,         0,   120.6,exact_mw,a39d26a9c85ff1858873bfad720922f64799219ac1b945519c1902b92db90de0,"{""distance"":7,""physical_error_rate"":0.005}","{""detection_events"":72209,""detectors_checked"":3939840,""obs_mistake_mask=E"":4}"
   7709696,         2,         0,   119.0,exact_mw,a212c24da5b34f1b60580734e5e54c4073e302b219bc7e486ff8edc698604c9e,"{""distance"":7,""physical_error_rate"":5e-05}","{""detection_events"":1173304,""detectors_checked"":6244853760,""obs_mistake_mask=E"":2}"
   6253568,         2,         0,   119.1,exact_mw,92a9cd959715f3d5685c6265974e573ec36ff2f173f7490ff1393041d63371cf,"{""distance"":7,""physical_error_rate"":0.0001}","{""detection_events"":1907593,""detectors_checked"":5065390080,""obs_mistake_mask=E"":2}"
    329728,         2,         0,   120.2,exact_mw,8c54babb212143042928b0eca3852c18ac799bf66eb488a668303745c8494fc5,"{""distance"":7,""physical_error_rate"":0.0005}","{""detection_events"":501843,""detectors_checked"":267079680,""obs_mistake_mask=E"":2}"
     16128,         1,         0,   120.0,exact_mw,98ed6542f5a75ebddbda0ed622fb597fbc85d0a75d139587b6be9a08147ba42d,"{""distance"":7,""physical_error_rate"":0.002}","{""detection_events"":97895,""detectors_checked"":13063680,""obs_mistake_mask=E"":1}"
     66304,         0,         0,   120.5,exact_mw,d2cc2b129abad1f985b8639603638d6030a837aa2fe57172dffdf28919c1c286,"{""distance"":7,""physical_error_rate"":0.001}","{""detection_events"":200976,""detectors_checked"":53706240}"
   6295552,         3,         0,   119.1,exact_mw,92a9cd959715f3d5685c6265974e573ec36ff2f173f7490ff1393041d63371cf,"{""distance"":7,""physical_error_rate"":0.0001}","{""detection_events"":1921586,""detectors_checked"":5099397120,""obs_mistake_mask=E"":3}"
   5058144,         0,         0,    78.4,exact_mw,a212c24da5b34f1b60580734e5e54c4073e302b219bc7e486ff8edc698604c9e,"{""distance"":7,""physical_error_rate"":5e-05}","{""detection_events"":770482,""detectors_checked"":4097096640}"
   7404544,         0,         0,   119.2,exact_mw,a212c24da5b34f1b60580734e5e54c4073e302b219bc7e486ff8edc698604c9e,"{""distance"":7,""physical_error_rate"":5e-05}","{""detection_events"":1130030,""detectors_checked"":5997680640}"
   6588416,         0,         0,   119.3,exact_mw,92a9cd959715f3d5685c6265974e573ec36ff2f173f7490ff1393041d63371cf,"{""distance"":7,""physical_error_rate"":0.0001}","{""detection_events"":2006362,""detectors_checked"":5336616960}"
   7715840,         0,         0,   119.1,exact_mw,a212c24da5b34f1b60580734e5e54c4073e302b219bc7e486ff8edc698604c9e,"{""distance"":7,""physical_error_rate"":5e-05}","{""detection_events"":1176964,""detectors_checked"":6249830400}"
   6295552,         0,         0,   119.1,exact_mw,92a9cd959715f3d5685c6265974e573ec36ff2f173f7490ff1393041d63371cf,"{""distance"":7,""physical_error_rate"":0.0001}","{""detection_events"":1922369,""detectors_checked"":5099397120}"
   7327744,         0,         0,   119.1,exact_mw,a212c24da5b34f1b60580734e5e54c4073e302b219bc7e486ff8edc698604c9e,"{""distance"":7,""physical_error_rate"":5e-05}","{""detection_events"":1118959,""detectors_checked"":5935472640}"
      2168,         0,         0,   120.5,exact_mw,98ed6542f5a75ebddbda0ed622fb597fbc85d0a75d139587b6be9a08147ba42d,"{""distance"":7,""physical_error_rate"":0.002}","{""detection_events"":12981,""detectors_checked"":1756080}"
    423936,         0,         0,   119.5,exact_mw,26ede523e6354ffb917e832246591ea54a1b9969785b9947b95e2ebb539e2476,"{""distance"":7,""physical_error_rate"":0.0002}","{""detection_events"":258474,""detectors_checked"":343388160}"
    323328,         3,         0,   120.2,exact_mw,8c54babb212143042928b0eca3852c18ac799bf66eb488a668303745c8494fc5,"{""distance"":7,""physical_error_rate"":0.0005}","{""detection_events"":491482,""detectors_checked"":261895680,""obs_mistake_mask=E"":3}"
   2851840,         3,         0,   119.6,exact_mw,26ede523e6354ffb917e832246591ea54a1b9969785b9947b95e2ebb539e2476,"{""distance"":7,""physical_error_rate"":0.0002}","{""detection_events"":1738004,""detectors_checked"":2309990400,""obs_mistake_mask=E"":3}"
   7154688,         1,         0,   119.2,exact_mw,92a9cd959715f3d5685c6265974e573ec36ff2f173f7490ff1393041d63371cf,"{""distance"":7,""physical_error_rate"":0.0001}","{""detection_events"":2182571,""detectors_checked"":5795297280,""obs_mistake_mask=E"":1}"
    333824,         4,         0,   120.0,exact_mw,8c54babb212143042928b0eca3852c18ac799bf66eb488a668303745c8494fc5,"{""distance"":7,""physical_error_rate"":0.0005}","{""detection_events"":508627,""detectors_checked"":270397440,""obs_mistake_mask=E"":4}"
   5951488,         3,         0,   119.2,exact_mw,92a9cd959715f3d5685c6265974e573ec36ff2f173f7490ff1393041d63371cf,"{""distance"":7,""physical_error_rate"":0.0001}","{""detection_events"":1813940,""detectors_checked"":4820705280,""obs_mistake_mask=E"":3}"
      5184,         3,         0,   120.5,exact_mw,a39d26a9c85ff1858873bfad720922f64799219ac1b945519c1902b92db90de0,"{""distance"":7,""physical_error_rate"":0.005}","{""detection_events"":76817,""detectors_checked"":4199040,""obs_mistake_mask=E"":3}"
      9728,         0,         0,   120.6,exact_mw,d2cc2b129abad1f985b8639603638d6030a837aa2fe57172dffdf28919c1c286,"{""distance"":7,""physical_error_rate"":0.001}","{""detection_events"":29237,""detectors_checked"":7879680}"
      4616,         0,         0,   119.9,exact_mw,98ed6542f5a75ebddbda0ed622fb597fbc85d0a75d139587b6be9a08147ba42d,"{""distance"":7,""physical_error_rate"":0.002}","{""detection_events"":28233,""detectors_checked"":3738960}"
    641024,         1,         0,   119.6,exact_mw,26ede523e6354ffb917e832246591ea54a1b9969785b9947b95e2ebb539e2476,"{""distance"":7,""physical_error_rate"":0.0002}","{""detection_events"":391411,""detectors_checked"":519229440,""obs_mistake_mask=E"":1}"
      5200,         6,         0,   120.4,exact_mw,a39d26a9c85ff1858873bfad720922f64799219ac1b945519c1902b92db90de0,"{""distance"":7,""physical_error_rate"":0.005}","{""detection_events"":76680,""detectors_checked"":4212000,""obs_mistake_mask=E"":6}"
   7425024,         0,         0,   119.1,exact_mw,a212c24da5b34f1b60580734e5e54c4073e302b219bc7e486ff8edc698604c9e,"{""distance"":7,""physical_error_rate"":5e-05}","{""detection_events"":1131208,""detectors_checked"":6014269440}"
      5408,         6,         0,   120.4,exact_mw,a39d26a9c85ff1858873bfad720922f64799219ac1b945519c1902b92db90de0,"{""distance"":7,""physical_error_rate"":0.005}","{""detection_events"":80366,""detectors_checked"":4380480,""obs_mistake_mask=E"":6}"
   1384448,         0,         0,   119.0,exact_mw,a212c24da5b34f1b60580734e5e54c4073e302b219bc7e486ff8edc698604c9e,"{""distance"":7,""physical_error_rate"":5e-05}","{""detection_events"":211408,""detectors_checked"":1121402880}"
     64256,         1,         0,   120.3,exact_mw,d2cc2b129abad1f985b8639603638d6030a837aa2fe57172dffdf28919c1c286,"{""distance"":7,""physical_error_rate"":0.001}","{""detection_events"":194339,""detectors_checked"":52047360,""obs_mistake_mask=E"":1}"
    533504,         0,         0,   119.6,exact_mw,26ede523e6354ffb917e832246591ea54a1b9969785b9947b95e2ebb539e2476,"{""distance"":7,""physical_error_rate"":0.0002}","{""detection_events"":324599,""detectors_checked"":432138240}"
     60928,         3,         0,   120.3,exact_mw,d2cc2b129abad1f985b8639603638d6030a837aa2fe57172dffdf28919c1c286,"{""distance"":7,""physical_error_rate"":0.001}","{""detection_events"":184260,""detectors_checked"":49351680,""obs_mistake_mask=E"":3}"
      5120,        11,         0,   120.4,exact_mw,a39d26a9c85ff1858873bfad720922f64799219ac1b945519c1902b92db90de0,"{""distance"":7,""physical_error_rate"":0.005}","{""detection_events"":76140,""detectors_checked"":4147200,""obs_mistake_mask=E"":11}"
    169856,         3,         0,   120.4,exact_mw,8c54babb212143042928b0eca3852c18ac799bf66eb488a668303745c8494fc5,"{""distance"":7,""physical_error_rate"":0.0005}","{""detection_events"":258166,""detectors_checked"":137583360,""obs_mistake_mask=E"":3}"
   7743488,         1,         0,   119.2,exact_mw,a212c24da5b34f1b60580734e5e54c4073e302b219bc7e486ff8edc698604c9e,"{""distance"":7,""physical_error_rate"":5e-05}","{""detection_events"":1180926,""detectors_checked"":6272225280,""obs_mistake_mask=E"":1}"
   3047424,         5,         0,   119.5,exact_mw,26ede523e6354ffb917e832246591ea54a1b9969785b9947b95e2ebb539e2476,"{""distance"":7,""physical_error_rate"":0.0002}","{""detection_events"":1858974,""detectors_checked"":2468413440,""obs_mistake_mask=E"":5}"
   2515968,         7,         0,   119.6,exact_mw,26ede523e6354ffb917e832246591ea54a1b9969785b9947b95e2ebb539e2476,"{""distance"":7,""physical_error_rate"":0.0002}","{""detection_events"":1531936,""detectors_checked"":2037934080,""obs_mistake_mask=E"":7}"
     14912,         2,         0,   120.2,exact_mw,98ed6542f5a75ebddbda0ed622fb597fbc85d0a75d139587b6be9a08147ba42d,"{""distance"":7,""physical_error_rate"":0.002}","{""detection_events"":90396,""detectors_checked"":12078720,""obs_mistake_mask=E"":2}"
      9920,         1,         0,   120.2,exact_mw,d2cc2b129abad1f985b8639603638d6030a837aa2fe57172dffdf28919c1c286,"{""distance"":7,""physical_error_rate"":0.001}","{""detection_events"":30101,""detectors_checked"":8035200,""obs_mistake_mask=E"":1}"
     76800,         0,         0,   119.9,exact_mw,8c54babb212143042928b0eca3852c18ac799bf66eb488a668303745c8494fc5,"{""distance"":7,""physical_error_rate"":0.0005}","{""detection_events"":116907,""detectors_checked"":62208000}"
    343040,         2,         0,   120.0,exact_mw,8c54babb212143042928b0eca3852c18ac799bf66eb488a668303745c8494fc5,"{""distance"":7,""physical_error_rate"":0.0005}","{""detection_events"":521231,""detectors_checked"":277862400,""obs_mistake_mask=E"":2}"
    373760,         1,         0,   120.2,exact_mw,8c54babb212143042928b0eca3852c18ac799bf66eb488a668303745c8494fc5,"{""distance"":7,""physical_error_rate"":0.0005}","{""detection_events"":569232,""detectors_checked"":302745600,""obs_mistake_mask=E"":1}"
   7060480,         2,         0,   119.3,exact_mw,92a9cd959715f3d5685c6265974e573ec36ff2f173f7490ff1393041d63371cf,"{""distance"":7,""physical_error_rate"":0.0001}","{""detection_events"":2151723,""detectors_checked"":5718988800,""obs_mistake_mask=E"":2}"
      4084,         0,         0,   120.3,exact_mw,98ed6542f5a75ebddbda0ed622fb597fbc85d0a75d139587b6be9a08147ba42d,"{""distance"":7,""physical_error_rate"":0.002}","{""detection_events"":24888,""detectors_checked"":3308040}"
     18240,         5,         0,   120.0,exact_mw,98ed6542f5a75ebddbda0ed622fb597fbc85d0a75d139587b6be9a08147ba42d,"{""distance"":7,""physical_error_rate"":0.002}","{""detection_events"":110397,""detectors_checked"":14774400,""obs_mistake_mask=E"":5}"
      5920,         4,         0,   120.8,exact_mw,a39d26a9c85ff1858873bfad720922f64799219ac1b945519c1902b92db90de0,"{""distance"":7,""physical_error_rate"":0.005}","{""detection_events"":88258,""detectors_checked"":4795200,""obs_mistake_mask=E"":4}"
      4668,         2,         0,   120.2,exact_mw,a39d26a9c85ff1858873bfad720922f64799219ac1b945519c1902b92db90de0,"{""distance"":7,""physical_error_rate"":0.005}","{""detection_events"":69419,""detectors_checked"":3781080,""obs_mistake_mask=E"":2}"
     14464,         4,         0,   120.0,exact_mw,98ed6542f5a75ebddbda0ed622fb597fbc85d0a75d139587b6be9a08147ba42d,"{""distance"":7,""physical_error_rate"":0.002}","{""detection_events"":87579,""detectors_checked"":11715840,""obs_mistake_mask=E"":4}"
      4700,         1,         0,   120.0,exact_mw,98ed6542f5a75ebddbda0ed622fb597fbc85d0a75d139587b6be9a08147ba42d,"{""distance"":7,""physical_error_rate"":0.002}","{""detection_events"":28482,""detectors_checked"":3807000,""obs_mistake_mask=E"":1}"
   2919424,         3,         0,   119.7,exact_mw,26ede523e6354ffb917e832246591ea54a1b9969785b9947b95e2ebb539e2476,"{""distance"":7,""physical_error_rate"":0.0002}","{""detection_events"":1777556,""detectors_checked"":2364733440,""obs_mistake_mask=E"":3}"
     63744,         2,         0,   120.8,exact_mw,d2cc2b129abad1f985b8639603638d6030a837aa2fe57172dffdf28919c1c286,"{""distance"":7,""physical_error_rate"":0.001}","{""detection_events"":194703,""detectors_checked"":51632640,""obs_mistake_mask=E"":2}"
      1108,         0,         0,   120.3,exact_mw,a39d26a9c85ff1858873bfad720922f64799219ac1b945519c1902b92db90de0,"{""distance"":7,""physical_error_rate"":0.005}","{""detection_events"":16698,""detectors_checked"":897480}"
     70656,         2,         0,   120.1,exact_mw,d2cc2b129abad1f985b8639603638d6030a837aa2fe57172dffdf28919c1c286,"{""distance"":7,""physical_error_rate"":0.001}","{""detection_events"":213796,""detectors_checked"":57231360,""obs_mistake_mask=E"":2}"
   2861056,         6,         0,   119.7,exact_mw,26ede523e6354ffb917e832246591ea54a1b9969785b9947b95e2ebb539e2476,"{""distance"":7,""physical_error_rate"":0.0002}","{""detection_events"":1744680,""detectors_checked"":2317455360,""obs_mistake_mask=E"":6}"
    984064,         0,         0,   119.3,exact_mw,92a9cd959715f3d5685c6265974e573ec36ff2f173f7490ff1393041d63371cf,"{""distance"":7,""physical_error_rate"":0.0001}","{""detection_events"":300820,""detectors_checked"":797091840}"
   7164928,         0,         0,   119.1,exact_mw,a212c24da5b34f1b60580734e5e54c4073e302b219bc7e486ff8edc698604c9e,"{""distance"":7,""physical_error_rate"":5e-05}","{""detection_events"":1092207,""detectors_checked"":5803591680}"
    334848,         6,         0,   120.2,exact_mw,8c54babb212143042928b0eca3852c18ac799bf66eb488a668303745c8494fc5,"{""distance"":7,""physical_error_rate"":0.0005}","{""detection_events"":510421,""detectors_checked"":271226880,""obs_mistake_mask=E"":6}"
    349184,         1,         0,   120.1,exact_mw,8c54babb212143042928b0eca3852c18ac799bf66eb488a668303745c8494fc5,"{""distance"":7,""physical_error_rate"":0.0005}","{""detection_events"":531637,""detectors_checked"":282839040,""obs_mistake_mask=E"":1}"
       870,         1,         0,   119.8,exact_mw,a39d26a9c85ff1858873bfad720922f64799219ac1b945519c1902b92db90de0,"{""distance"":7,""physical_error_rate"":0.005}","{""detection_events"":12891,""detectors_checked"":704700,""obs_mistake_mask=E"":1}"
     25504,         3,         0,   120.0,exact_mw,d2cc2b129abad1f985b8639603638d6030a837aa2fe57172dffdf28919c1c286,"{""distance"":7,""physical_error_rate"":0.001}","{""detection_events"":77677,""detectors_checked"":20658240,""obs_mistake_mask=E"":3}"
      5600,         3,         0,   120.6,exact_mw,a39d26a9c85ff1858873bfad720922f64799219ac1b945519c1902b92db90de0,"{""distance"":7,""physical_error_rate"":0.005}","{""detection_events"":83133,""detectors_checked"":4536000,""obs_mistake_mask=E"":3}"
     63488,         2,         0,   120.2,exact_mw,d2cc2b129abad1f985b8639603638d6030a837aa2fe57172dffdf28919c1c286,"{""distance"":7,""physical_error_rate"":0.001}","{""detection_events"":191983,""detectors_checked"":51425280,""obs_mistake_mask=E"":2}"
     16064,         0,         0,   120.3,exact_mw,98ed6542f5a75ebddbda0ed622fb597fbc85d0a75d139587b6be9a08147ba42d,"{""distance"":7,""physical_error_rate"":0.002}","{""detection_events"":96705,""detectors_checked"":13011840}"
   3892055,         0,         0,    59.1,exact_mw,a212c24da5b34f1b60580734e5e54c4073e302b219bc7e486ff8edc698604c9e,"{""distance"":7,""physical_error_rate"":5e-05}","{""detection_events"":593234,""detectors_checked"":3152564550}"
   6988800,         1,         0,   106.5,exact_mw,a212c24da5b34f1b60580734e5e54c4073e302b219bc7e486ff8edc698604c9e,"{""distance"":7,""physical_error_rate"":5e-05}","{""detection_events"":1062482,""detectors_checked"":5660928000,""obs_mistake_mask=E"":1}"
   6420480,         3,         0,   119.2,exact_mw,92a9cd959715f3d5685c6265974e573ec36ff2f173f7490ff1393041d63371cf,"{""distance"":7,""physical_error_rate"":0.0001}","{""detection_events"":1957180,""detectors_checked"":5200588800,""obs_mistake_mask=E"":3}"
   2987008,         1,         0,   119.7,exact_mw,26ede523e6354ffb917e832246591ea54a1b9969785b9947b95e2ebb539e2476,"{""distance"":7,""physical_error_rate"":0.0002}","{""detection_events"":1818800,""detectors_checked"":2419476480,""obs_mistake_mask=E"":1}"
      3182,         2,         0,   120.7,exact_mw,a39d26a9c85ff1858873bfad720922f64799219ac1b945519c1902b92db90de0,"{""distance"":7,""physical_error_rate"":0.005}","{""detection_events"":47358,""detectors_checked"":2577420,""obs_mistake_mask=E"":2}"
   6380544,         3,         0,   119.3,exact_mw,92a9cd959715f3d5685c6265974e573ec36ff2f173f7490ff1393041d63371cf,"{""distance"":7,""physical_error_rate"":0.0001}","{""detection_events"":1946025,""detectors_checked"":5168240640,""obs_mistake_mask=E"":3}"
   6045887,         0,         0,    92.3,exact_mw,a212c24da5b34f1b60580734e5e54c4073e302b219bc7e486ff8edc698604c9e,"{""distance"":7,""physical_error_rate"":5e-05}","{""detection_events"":921211,""detectors_checked"":4897168470}"
    166272,         2,         0,   120.1,exact_mw,8c54babb212143042928b0eca3852c18ac799bf66eb488a668303745c8494fc5,"{""distance"":7,""physical_error_rate"":0.0005}","{""detection_events"":253272,""detectors_checked"":134680320,""obs_mistake_mask=E"":2}"
   4597588,         0,         0,    80.7,exact_mw,a212c24da5b34f1b60580734e5e54c4073e302b219bc7e486ff8edc698604c9e,"{""distance"":7,""physical_error_rate"":5e-05}","{""detection_events"":701273,""detectors_checked"":3724046280}"
   4455424,         1,         0,    67.2,exact_mw,a212c24da5b34f1b60580734e5e54c4073e302b219bc7e486ff8edc698604c9e,"{""distance"":7,""physical_error_rate"":5e-05}","{""detection_events"":676970,""detectors_checked"":3608893440,""obs_mistake_mask=E"":1}"
   4343808,         0,         0,    78.4,exact_mw,a212c24da5b34f1b60580734e5e54c4073e302b219bc7e486ff8edc698604c9e,"{""distance"":7,""physical_error_rate"":5e-05}","{""detection_events"":663229,""detectors_checked"":3518484480}"
   4119552,         0,         0,    62.0,exact_mw,a212c24da5b34f1b60580734e5e54c4073e302b219bc7e486ff8edc698604c9e,"{""distance"":7,""physical_error_rate"":5e-05}","{""detection_events"":627224,""detectors_checked"":3336837120}"
     16256,         2,         0,   120.0,exact_mw,98ed6542f5a75ebddbda0ed622fb597fbc85d0a75d139587b6be9a08147ba42d,"{""distance"":7,""physical_error_rate"":0.002}","{""detection_events"":98614,""detectors_checked"":13167360,""obs_mistake_mask=E"":2}"
     64256,         0,         0,   120.1,exact_mw,d2cc2b129abad1f985b8639603638d6030a837aa2fe57172dffdf28919c1c286,"{""distance"":7,""physical_error_rate"":0.001}","{""detection_events"":195798,""detectors_checked"":52047360}"
    653007,         0,         0,    9.84,exact_mw,a212c24da5b34f1b60580734e5e54c4073e302b219bc7e486ff8edc698604c9e,"{""distance"":7,""physical_error_rate"":5e-05}","{""detection_events"":99697,""detectors_checked"":528935670}"
   3356672,         0,         0,    50.9,exact_mw,a212c24da5b34f1b60580734e5e54c4073e302b219bc7e486ff8edc698604c9e,"{""distance"":7,""physical_error_rate"":5e-05}","{""detection_events"":511338,""detectors_checked"":2718904320}"
   1832960,         0,         0,   119.5,exact_mw,92a9cd959715f3d5685c6265974e573ec36ff2f173f7490ff1393041d63371cf,"{""distance"":7,""physical_error_rate"":0.0001}","{""detection_events"":558284,""detectors_checked"":1484697600}"
   2578768,         0,         0,    40.8,exact_mw,a212c24da5b34f1b60580734e5e54c4073e302b219bc7e486ff8edc698604c9e,"{""distance"":7,""physical_error_rate"":5e-05}","{""detection_events"":392858,""detectors_checked"":2088802080}"
   2531328,         0,         0,    40.7,exact_mw,a212c24da5b34f1b60580734e5e54c4073e302b219bc7e486ff8edc698604c9e,"{""distance"":7,""physical_error_rate"":5e-05}","{""detection_events"":386402,""detectors_checked"":2050375680}"
   1411774,         0,         0,    24.5,exact_mw,a212c24da5b34f1b60580734e5e54c4073e302b219bc7e486ff8edc698604c9e,"{""distance"":7,""physical_error_rate"":5e-05}","{""detection_events"":215211,""detectors_checked"":1143536940}"
   1560576,         0,         0,    24.4,exact_mw,a212c24da5b34f1b60580734e5e54c4073e302b219bc7e486ff8edc698604c9e,"{""distance"":7,""physical_error_rate"":5e-05}","{""detection_events"":237407,""detectors_checked"":1264066560}"
   1481152,         0,         0,    25.5,exact_mw,a212c24da5b34f1b60580734e5e54c4073e302b219bc7e486ff8edc698604c9e,"{""distance"":7,""physical_error_rate"":5e-05}","{""detection_events"":225733,""detectors_checked"":1199733120}"
   1455104,         1,         0,    27.3,exact_mw,a212c24da5b34f1b60580734e5e54c4073e302b219bc7e486ff8edc698604c9e,"{""distance"":7,""physical_error_rate"":5e-05}","{""detection_events"":221758,""detectors_checked"":1178634240,""obs_mistake_mask=E"":1}"
   1143183,         0,         0,    17.4,exact_mw,a212c24da5b34f1b60580734e5e54c4073e302b219bc7e486ff8edc698604c9e,"{""distance"":7,""physical_error_rate"":5e-05}","{""detection_events"":174769,""detectors_checked"":925978230}"
   1105920,         0,         0,    92.3,exact_mw,a212c24da5b34f1b60580734e5e54c4073e302b219bc7e486ff8edc698604c9e,"{""distance"":7,""physical_error_rate"":5e-05}","{""detection_events"":168152,""detectors_checked"":895795200}"
   1132544,         0,         0,    17.3,exact_mw,a212c24da5b34f1b60580734e5e54c4073e302b219bc7e486ff8edc698604c9e,"{""distance"":7,""physical_error_rate"":5e-05}","{""detection_events"":172188,""detectors_checked"":917360640}"
    176443,         0,         0,    3.13,exact_mw,a212c24da5b34f1b60580734e5e54c4073e302b219bc7e486ff8edc698604c9e,"{""distance"":7,""physical_error_rate"":5e-05}","{""detection_events"":26785,""detectors_checked"":142918830}"
    637952,         0,         0,    10.0,exact_mw,a212c24da5b34f1b60580734e5e54c4073e302b219bc7e486ff8edc698604c9e,"{""distance"":7,""physical_error_rate"":5e-05}","{""detection_events"":95704,""detectors_checked"":516741120}"
    650240,         0,         0,    10.1,exact_mw,a212c24da5b34f1b60580734e5e54c4073e302b219bc7e486ff8edc698604c9e,"{""distance"":7,""physical_error_rate"":5e-05}","{""detection_events"":99769,""detectors_checked"":526694400}"
    288699,         0,         0,    4.56,exact_mw,a212c24da5b34f1b60580734e5e54c4073e302b219bc7e486ff8edc698604c9e,"{""distance"":7,""physical_error_rate"":5e-05}","{""detection_events"":43839,""detectors_checked"":233846190}"
    457728,         0,         0,    7.26,exact_mw,a212c24da5b34f1b60580734e5e54c4073e302b219bc7e486ff8edc698604c9e,"{""distance"":7,""physical_error_rate"":5e-05}","{""detection_events"":69883,""detectors_checked"":370759680}"
    454656,         0,         0,    7.37,exact_mw,a212c24da5b34f1b60580734e5e54c4073e302b219bc7e486ff8edc698604c9e,"{""distance"":7,""physical_error_rate"":5e-05}","{""detection_events"":69224,""detectors_checked"":368271360}"
    410951,         0,         0,    6.77,exact_mw,a212c24da5b34f1b60580734e5e54c4073e302b219bc7e486ff8edc698604c9e,"{""distance"":7,""physical_error_rate"":5e-05}","{""detection_events"":62529,""detectors_checked"":332870310}"
    297984,         0,         0,    6.65,exact_mw,a212c24da5b34f1b60580734e5e54c4073e302b219bc7e486ff8edc698604c9e,"{""distance"":7,""physical_error_rate"":5e-05}","{""detection_events"":45013,""detectors_checked"":241367040}"
    302080,         0,         0,    4.93,exact_mw,a212c24da5b34f1b60580734e5e54c4073e302b219bc7e486ff8edc698604c9e,"{""distance"":7,""physical_error_rate"":5e-05}","{""detection_events"":45877,""detectors_checked"":244684800}"
     23882,         0,         0,   0.365,exact_mw,a212c24da5b34f1b60580734e5e54c4073e302b219bc7e486ff8edc698604c9e,"{""distance"":7,""physical_error_rate"":5e-05}","{""detection_events"":3516,""detectors_checked"":19344420}"
    194586,         0,         0,    2.90,exact_mw,a212c24da5b34f1b60580734e5e54c4073e302b219bc7e486ff8edc698604c9e,"{""distance"":7,""physical_error_rate"":5e-05}","{""detection_events"":29706,""detectors_checked"":157614660}"
    178176,         0,         0,    2.94,exact_mw,a212c24da5b34f1b60580734e5e54c4073e302b219bc7e486ff8edc698604c9e,"{""distance"":7,""physical_error_rate"":5e-05}","{""detection_events"":27233,""detectors_checked"":144322560}"
    177152,         0,         0,    2.93,exact_mw,a212c24da5b34f1b60580734e5e54c4073e302b219bc7e486ff8edc698604c9e,"{""distance"":7,""physical_error_rate"":5e-05}","{""detection_events"":26900,""detectors_checked"":143493120}"
     17434,         0,         0,   0.237,exact_mw,a212c24da5b34f1b60580734e5e54c4073e302b219bc7e486ff8edc698604c9e,"{""distance"":7,""physical_error_rate"":5e-05}","{""detection_events"":2640,""detectors_checked"":14121540}"
    131548,         0,         0,    2.03,exact_mw,a212c24da5b34f1b60580734e5e54c4073e302b219bc7e486ff8edc698604c9e,"{""distance"":7,""physical_error_rate"":5e-05}","{""detection_events"":20092,""detectors_checked"":106553880}"
    128000,         0,         0,    2.13,exact_mw,a212c24da5b34f1b60580734e5e54c4073e302b219bc7e486ff8edc698604c9e,"{""distance"":7,""physical_error_rate"":5e-05}","{""detection_events"":19642,""detectors_checked"":103680000}"
    116931,         0,         0,    2.08,exact_mw,a212c24da5b34f1b60580734e5e54c4073e302b219bc7e486ff8edc698604c9e,"{""distance"":7,""physical_error_rate"":5e-05}","{""detection_events"":17807,""detectors_checked"":94714110}"
    111616,         0,         0,    1.78,exact_mw,a212c24da5b34f1b60580734e5e54c4073e302b219bc7e486ff8edc698604c9e,"{""distance"":7,""physical_error_rate"":5e-05}","{""detection_events"":16984,""detectors_checked"":90408960}"
     89717,         0,         0,    1.34,exact_mw,a212c24da5b34f1b60580734e5e54c4073e302b219bc7e486ff8edc698604c9e,"{""distance"":7,""physical_error_rate"":5e-05}","{""detection_events"":13555,""detectors_checked"":72670770}"
     89717,         0,         0,    1.77,exact_mw,a212c24da5b34f1b60580734e5e54c4073e302b219bc7e486ff8edc698604c9e,"{""distance"":7,""physical_error_rate"":5e-05}","{""detection_events"":13652,""detectors_checked"":72670770}"
     57378,         0,         0,   0.797,exact_mw,a212c24da5b34f1b60580734e5e54c4073e302b219bc7e486ff8edc698604c9e,"{""distance"":7,""physical_error_rate"":5e-05}","{""detection_events"":8679,""detectors_checked"":46476180}"
     51003,         0,         0,   0.908,exact_mw,a212c24da5b34f1b60580734e5e54c4073e302b219bc7e486ff8edc698604c9e,"{""distance"":7,""physical_error_rate"":5e-05}","{""detection_events"":7942,""detectors_checked"":41312430}"
     45336,         0,         0,   0.729,exact_mw,a212c24da5b34f1b60580734e5e54c4073e302b219bc7e486ff8edc698604c9e,"{""distance"":7,""physical_error_rate"":5e-05}","{""detection_events"":6885,""detectors_checked"":36722160}"
     40298,         0,         0,   0.583,exact_mw,a212c24da5b34f1b60580734e5e54c4073e302b219bc7e486ff8edc698604c9e,"{""distance"":7,""physical_error_rate"":5e-05}","{""detection_events"":6081,""detectors_checked"":32641380}"
     39936,         0,         0,   0.568,exact_mw,a212c24da5b34f1b60580734e5e54c4073e302b219bc7e486ff8edc698604c9e,"{""distance"":7,""physical_error_rate"":5e-05}","{""detection_events"":6052,""detectors_checked"":32348160}"
     40298,         0,         0,   0.657,exact_mw,a212c24da5b34f1b60580734e5e54c4073e302b219bc7e486ff8edc698604c9e,"{""distance"":7,""physical_error_rate"":5e-05}","{""detection_events"":6204,""detectors_checked"":32641380}"
     35821,         0,         0,   0.574,exact_mw,a212c24da5b34f1b60580734e5e54c4073e302b219bc7e486ff8edc698604c9e,"{""distance"":7,""physical_error_rate"":5e-05}","{""detection_events"":5375,""detectors_checked"":29015010}"
     34816,         0,         0,   0.563,exact_mw,a212c24da5b34f1b60580734e5e54c4073e302b219bc7e486ff8edc698604c9e,"{""distance"":7,""physical_error_rate"":5e-05}","{""detection_events"":5294,""detectors_checked"":28200960}"
     35840,         0,         0,   0.576,exact_mw,a212c24da5b34f1b60580734e5e54c4073e302b219bc7e486ff8edc698604c9e,"{""distance"":7,""physical_error_rate"":5e-05}","{""detection_events"":5439,""detectors_checked"":29030400}"
     28672,         0,         0,   0.415,exact_mw,a212c24da5b34f1b60580734e5e54c4073e302b219bc7e486ff8edc698604c9e,"{""distance"":7,""physical_error_rate"":5e-05}","{""detection_events"":4368,""detectors_checked"":23224320}"
     19456,         0,         0,   0.266,exact_mw,a212c24da5b34f1b60580734e5e54c4073e302b219bc7e486ff8edc698604c9e,"{""distance"":7,""physical_error_rate"":5e-05}","{""detection_events"":2757,""detectors_checked"":15759360}"
      1005,         0,         0,   0.011,exact_mw,a212c24da5b34f1b60580734e5e54c4073e302b219bc7e486ff8edc698604c9e,"{""distance"":7,""physical_error_rate"":5e-05}","{""detection_events"":150,""detectors_checked"":814050}"
       534,         0,         0,   0.004,exact_mw,a212c24da5b34f1b60580734e5e54c4073e302b219bc7e486ff8edc698604c9e,"{""distance"":7,""physical_error_rate"":5e-05}","{""detection_events"":67,""detectors_checked"":432540}"
      4458,         0,         0,   0.059,exact_mw,a212c24da5b34f1b60580734e5e54c4073e302b219bc7e486ff8edc698604c9e,"{""distance"":7,""physical_error_rate"":5e-05}","{""detection_events"":687,""detectors_checked"":3610980}"
     14336,         0,         0,   0.202,exact_mw,a212c24da5b34f1b60580734e5e54c4073e302b219bc7e486ff8edc698604c9e,"{""distance"":7,""physical_error_rate"":5e-05}","{""detection_events"":2224,""detectors_checked"":11612160}"
      9216,         0,         0,   0.137,exact_mw,a212c24da5b34f1b60580734e5e54c4073e302b219bc7e486ff8edc698604c9e,"{""distance"":7,""physical_error_rate"":5e-05}","{""detection_events"":1429,""detectors_checked"":7464960}"
      9216,         0,         0,   0.133,exact_mw,a212c24da5b34f1b60580734e5e54c4073e302b219bc7e486ff8edc698604c9e,"{""distance"":7,""physical_error_rate"":5e-05}","{""detection_events"":1454,""detectors_checked"":7464960}"
      7450,         0,         0,   0.112,exact_mw,a212c24da5b34f1b60580734e5e54c4073e302b219bc7e486ff8edc698604c9e,"{""distance"":7,""physical_error_rate"":5e-05}","{""detection_events"":1111,""detectors_checked"":6034500}"
      8192,         0,         0,   0.129,exact_mw,a212c24da5b34f1b60580734e5e54c4073e302b219bc7e486ff8edc698604c9e,"{""distance"":7,""physical_error_rate"":5e-05}","{""detection_events"":1283,""detectors_checked"":6635520}"
      9061,         0,         0,   0.149,exact_mw,a212c24da5b34f1b60580734e5e54c4073e302b219bc7e486ff8edc698604c9e,"{""distance"":7,""physical_error_rate"":5e-05}","{""detection_events"":1290,""detectors_checked"":7339410}"
      4266,         0,         0,   0.058,exact_mw,a212c24da5b34f1b60580734e5e54c4073e302b219bc7e486ff8edc698604c9e,"{""distance"":7,""physical_error_rate"":5e-05}","{""detection_events"":674,""detectors_checked"":3455460}"
      1502,         0,         0,   0.011,exact_mw,a212c24da5b34f1b60580734e5e54c4073e302b219bc7e486ff8edc698604c9e,"{""distance"":7,""physical_error_rate"":5e-05}","{""detection_events"":229,""detectors_checked"":1216620}"
      8192,         0,         0,   0.111,exact_mw,a212c24da5b34f1b60580734e5e54c4073e302b219bc7e486ff8edc698604c9e,"{""distance"":7,""physical_error_rate"":5e-05}","{""detection_events"":1231,""detectors_checked"":6635520}"
       655,         0,         0,   0.005,exact_mw,a212c24da5b34f1b60580734e5e54c4073e302b219bc7e486ff8edc698604c9e,"{""distance"":7,""physical_error_rate"":5e-05}","{""detection_events"":86,""detectors_checked"":530550}"
       400,         0,         0,   0.003,exact_mw,a212c24da5b34f1b60580734e5e54c4073e302b219bc7e486ff8edc698604c9e,"{""distance"":7,""physical_error_rate"":5e-05}","{""detection_events"":45,""detectors_checked"":324000}"
      4592,         0,         0,   0.060,exact_mw,a212c24da5b34f1b60580734e5e54c4073e302b219bc7e486ff8edc698604c9e,"{""distance"":7,""physical_error_rate"":5e-05}","{""detection_events"":683,""detectors_checked"":3719520}"
       497,         0,         0,   0.004,exact_mw,a212c24da5b34f1b60580734e5e54c4073e302b219bc7e486ff8edc698604c9e,"{""distance"":7,""physical_error_rate"":5e-05}","{""detection_events"":88,""detectors_checked"":402570}"
       497,         0,         0,   0.004,exact_mw,a212c24da5b34f1b60580734e5e54c4073e302b219bc7e486ff8edc698604c9e,"{""distance"":7,""physical_error_rate"":5e-05}","{""detection_events"":46,""detectors_checked"":402570}"
       226,         0,         0,   0.002,exact_mw,a212c24da5b34f1b60580734e5e54c4073e302b219bc7e486ff8edc698604c9e,"{""distance"":7,""physical_error_rate"":5e-05}","{""detection_events"":35,""detectors_checked"":183060}"
       497,         0,         0,   0.004,exact_mw,a212c24da5b34f1b60580734e5e54c4073e302b219bc7e486ff8edc698604c9e,"{""distance"":7,""physical_error_rate"":5e-05}","{""detection_events"":54,""detectors_checked"":402570}"
       386,         0,         0,   0.003,exact_mw,a212c24da5b34f1b60580734e5e54c4073e302b219bc7e486ff8edc698604c9e,"{""distance"":7,""physical_error_rate"":5e-05}","{""detection_events"":57,""detectors_checked"":312660}"
       497,         0,         0,   0.004,exact_mw,a212c24da5b34f1b60580734e5e54c4073e302b219bc7e486ff8edc698604c9e,"{""distance"":7,""physical_error_rate"":5e-05}","{""detection_events"":78,""detectors_checked"":402570}"
       306,         0,         0,   0.003,exact_mw,a212c24da5b34f1b60580734e5e54c4073e302b219bc7e486ff8edc698604c9e,"{""distance"":7,""physical_error_rate"":5e-05}","{""detection_events"":49,""detectors_checked"":247860}"
       361,         0,         0,   0.003,exact_mw,a212c24da5b34f1b60580734e5e54c4073e302b219bc7e486ff8edc698604c9e,"{""distance"":7,""physical_error_rate"":5e-05}","{""detection_events"":53,""detectors_checked"":292410}"
       361,         0,         0,   0.003,exact_mw,a212c24da5b34f1b60580734e5e54c4073e302b219bc7e486ff8edc698604c9e,"{""distance"":7,""physical_error_rate"":5e-05}","{""detection_events"":39,""detectors_checked"":292410}"
       361,         0,         0,   0.003,exact_mw,a212c24da5b34f1b60580734e5e54c4073e302b219bc7e486ff8edc698604c9e,"{""distance"":7,""physical_error_rate"":5e-05}","{""detection_events"":52,""detectors_checked"":292410}"
       386,         0,         0,   0.003,exact_mw,a212c24da5b34f1b60580734e5e54c4073e302b219bc7e486ff8edc698604c9e,"{""distance"":7,""physical_error_rate"":5e-05}","{""detection_events"":56,""detectors_checked"":312660}"
        11,         0,         0,   0.001,exact_mw,a212c24da5b34f1b60580734e5e54c4073e302b219bc7e486ff8edc698604c9e,"{""distance"":7,""physical_error_rate"":5e-05}","{""detectors_checked"":8910}"
        11,         0,         0,   0.001,exact_mw,a212c24da5b34f1b60580734e5e54c4073e302b219bc7e486ff8edc698604c9e,"{""distance"":7,""physical_error_rate"":5e-05}","{""detectors_checked"":8910}"
        10,         0,         0,   0.001,exact_mw,a212c24da5b34f1b60580734e5e54c4073e302b219bc7e486ff8edc698604c9e,"{""distance"":7,""physical_error_rate"":5e-05}","{""detectors_checked"":8100}"
        11,         0,         0,   0.001,exact_mw,a212c24da5b34f1b60580734e5e54c4073e302b219bc7e486ff8edc698604c9e,"{""distance"":7,""physical_error_rate"":5e-05}","{""detectors_checked"":8910}"
        11,         0,         0,   0.001,exact_mw,a212c24da5b34f1b60580734e5e54c4073e302b219bc7e486ff8edc698604c9e,"{""distance"":7,""physical_error_rate"":5e-05}","{""detectors_checked"":8910}"
        10,         0,         0,   0.001,exact_mw,a212c24da5b34f1b60580734e5e54c4073e302b219bc7e486ff8edc698604c9e,"{""distance"":7,""physical_error_rate"":5e-05}","{""detection_events"":4,""detectors_checked"":8100}"
         4,         0,         0,   0.001,exact_mw,a212c24da5b34f1b60580734e5e54c4073e302b219bc7e486ff8edc698604c9e,"{""distance"":7,""physical_error_rate"":5e-05}","{""detectors_checked"":3240}"
         7,         0,         0,   0.001,exact_mw,a212c24da5b34f1b60580734e5e54c4073e302b219bc7e486ff8edc698604c9e,"{""distance"":7,""physical_error_rate"":5e-05}","{""detectors_checked"":5670}"
         8,         0,         0,   0.001,exact_mw,a212c24da5b34f1b60580734e5e54c4073e302b219bc7e486ff8edc698604c9e,"{""distance"":7,""physical_error_rate"":5e-05}","{""detection_events"":3,""detectors_checked"":6480}"
         1,         0,         0,   0.001,exact_mw,a212c24da5b34f1b60580734e5e54c4073e302b219bc7e486ff8edc698604c9e,"{""distance"":7,""physical_error_rate"":5e-05}","{""detectors_checked"":810}"
         5,         0,         0,   0.001,exact_mw,a212c24da5b34f1b60580734e5e54c4073e302b219bc7e486ff8edc698604c9e,"{""distance"":7,""physical_error_rate"":5e-05}","{""detection_events"":1,""detectors_checked"":4050}"
         2,         0,         0,   0.001,exact_mw,a212c24da5b34f1b60580734e5e54c4073e302b219bc7e486ff8edc698604c9e,"{""distance"":7,""physical_error_rate"":5e-05}","{""detectors_checked"":1620}"
         1,         0,         0,   0.001,exact_mw,a212c24da5b34f1b60580734e5e54c4073e302b219bc7e486ff8edc698604c9e,"{""distance"":7,""physical_error_rate"":5e-05}","{""detectors_checked"":810}"
         1,         0,         0,   0.001,exact_mw,a212c24da5b34f1b60580734e5e54c4073e302b219bc7e486ff8edc698604c9e,"{""distance"":7,""physical_error_rate"":5e-05}","{""detectors_checked"":810}"
   6712320,         3,         0,   119.1,exact_mw,92a9cd959715f3d5685c6265974e573ec36ff2f173f7490ff1393041d63371cf,"{""distance"":7,""physical_error_rate"":0.0001}","{""detection_events"":2042467,""detectors_checked"":5436979200,""obs_mistake_mask=E"":3}"
   5339136,         1,         0,   119.3,exact_mw,92a9cd959715f3d5685c6265974e573ec36ff2f173f7490ff1393041d63371cf,"{""distance"":7,""physical_error_rate"":0.0001}","{""detection_events"":1625673,""detectors_checked"":4324700160,""obs_mistake_mask=E"":1}"
      6472,         1,         0,   120.3,exact_mw,98ed6542f5a75ebddbda0ed622fb597fbc85d0a75d139587b6be9a08147ba42d,"{""distance"":7,""physical_error_rate"":0.002}","{""detection_events"":39002,""detectors_checked"":5242320,""obs_mistake_mask=E"":1}"
   1415168,         2,         0,   119.6,exact_mw,26ede523e6354ffb917e832246591ea54a1b9969785b9947b95e2ebb539e2476,"{""distance"":7,""physical_error_rate"":0.0002}","{""detection_events"":863232,""detectors_checked"":1146286080,""obs_mistake_mask=E"":2}"
   2615296,         3,         0,   119.6,exact_mw,26ede523e6354ffb917e832246591ea54a1b9969785b9947b95e2ebb539e2476,"{""distance"":7,""physical_error_rate"":0.0002}","{""detection_events"":1592584,""detectors_checked"":2118389760,""obs_mistake_mask=E"":3}"
   6502400,         2,         0,   119.2,exact_mw,92a9cd959715f3d5685c6265974e573ec36ff2f173f7490ff1393041d63371cf,"{""distance"":7,""physical_error_rate"":0.0001}","{""detection_events"":1981957,""detectors_checked"":5266944000,""obs_mistake_mask=E"":2}"
    349184,         3,         0,   120.3,exact_mw,8c54babb212143042928b0eca3852c18ac799bf66eb488a668303745c8494fc5,"{""distance"":7,""physical_error_rate"":0.0005}","{""detection_events"":529877,""detectors_checked"":282839040,""obs_mistake_mask=E"":3}"
    328704,         3,         0,   120.2,exact_mw,8c54babb212143042928b0eca3852c18ac799bf66eb488a668303745c8494fc5,"{""distance"":7,""physical_error_rate"":0.0005}","{""detection_events"":499397,""detectors_checked"":266250240,""obs_mistake_mask=E"":3}"
   5598208,         1,         0,   119.1,exact_mw,92a9cd959715f3d5685c6265974e573ec36ff2f173f7490ff1393041d63371cf,"{""distance"":7,""physical_error_rate"":0.0001}","{""detection_events"":1706275,""detectors_checked"":4534548480,""obs_mistake_mask=E"":1}"
      4752,         4,         0,   120.5,exact_mw,a39d26a9c85ff1858873bfad720922f64799219ac1b945519c1902b92db90de0,"{""distance"":7,""physical_error_rate"":0.005}","{""detection_events"":70287,""detectors_checked"":3849120,""obs_mistake_mask=E"":4}"
     28064,         0,         0,   120.2,exact_mw,d2cc2b129abad1f985b8639603638d6030a837aa2fe57172dffdf28919c1c286,"{""distance"":7,""physical_error_rate"":0.001}","{""detection_events"":85258,""detectors_checked"":22731840}"
    508928,         2,         0,   119.6,exact_mw,26ede523e6354ffb917e832246591ea54a1b9969785b9947b95e2ebb539e2476,"{""distance"":7,""physical_error_rate"":0.0002}","{""detection_events"":309827,""detectors_checked"":412231680,""obs_mistake_mask=E"":2}"
     14528,         3,         0,   120.4,exact_mw,98ed6542f5a75ebddbda0ed622fb597fbc85d0a75d139587b6be9a08147ba42d,"{""distance"":7,""physical_error_rate"":0.002}","{""detection_events"":87716,""detectors_checked"":11767680,""obs_mistake_mask=E"":3}"
      5408,         4,         0,   120.4,exact_mw,a39d26a9c85ff1858873bfad720922f64799219ac1b945519c1902b92db90de0,"{""distance"":7,""physical_error_rate"":0.005}","{""detection_events"":80609,""detectors_checked"":4380480,""obs_mistake_mask=E"":4}"
     56064,         0,         0,   120.1,exact_mw,d2cc2b129abad1f985b8639603638d6030a837aa2fe57172dffdf28919c1c286,"{""distance"":7,""physical_error_rate"":0.001}","{""detection_events"":170997,""detectors_checked"":45411840}"
   2465792,         1,         0,   119.6,exact_mw,26ede523e6354ffb917e832246591ea54a1b9969785b9947b95e2ebb539e2476,"{""distance"":7,""physical_error_rate"":0.0002}","{""detection_events"":1503829,""detectors_checked"":1997291520,""obs_mistake_mask=E"":1}"
      5504,         2,         0,   120.3,exact_mw,a39d26a9c85ff1858873bfad720922f64799219ac1b945519c1902b92db90de0,"{""distance"":7,""physical_error_rate"":0.005}","{""detection_events"":82095,""detectors_checked"":4458240,""obs_mistake_mask=E"":2}"
     61952,         5,         0,   121.0,exact_mw,d2cc2b129abad1f985b8639603638d6030a837aa2fe57172dffdf28919c1c286,"{""distance"":7,""physical_error_rate"":0.001}","{""detection_events"":187818,""detectors_checked"":50181120,""obs_mistake_mask=E"":5}"
      5120,         2,         0,   120.2,exact_mw,a39d26a9c85ff1858873bfad720922f64799219ac1b945519c1902b92db90de0,"{""distance"":7,""physical_error_rate"":0.005}","{""detection_events"":76459,""detectors_checked"":4147200,""obs_mistake_mask=E"":2}"
    307200,         6,         0,   120.0,exact_mw,8c54babb212143042928b0eca3852c18ac799bf66eb488a668303745c8494fc5,"{""distance"":7,""physical_error_rate"":0.0005}","{""detection_events"":467879,""detectors_checked"":248832000,""obs_mistake_mask=E"":6}"
   2715648,         1,         0,   119.7,exact_mw,26ede523e6354ffb917e832246591ea54a1b9969785b9947b95e2ebb539e2476,"{""distance"":7,""physical_error_rate"":0.0002}","{""detection_events"":1652847,""detectors_checked"":2199674880,""obs_mistake_mask=E"":1}"
    489472,         1,         0,   119.8,exact_mw,26ede523e6354ffb917e832246591ea54a1b9969785b9947b95e2ebb539e2476,"{""distance"":7,""physical_error_rate"":0.0002}","{""detection_events"":298179,""detectors_checked"":396472320,""obs_mistake_mask=E"":1}"
     15296,         2,         0,   120.6,exact_mw,98ed6542f5a75ebddbda0ed622fb597fbc85d0a75d139587b6be9a08147ba42d,"{""distance"":7,""physical_error_rate"":0.002}","{""detection_events"":92780,""detectors_checked"":12389760,""obs_mistake_mask=E"":2}"
    306176,         1,         0,   120.1,exact_mw,8c54babb212143042928b0eca3852c18ac799bf66eb488a668303745c8494fc5,"{""distance"":7,""physical_error_rate"":0.0005}","{""detection_events"":465231,""detectors_checked"":248002560,""obs_mistake_mask=E"":1}"
     32256,         1,         0,   120.7,exact_mw,d2cc2b129abad1f985b8639603638d6030a837aa2fe57172dffdf28919c1c286,"{""distance"":7,""physical_error_rate"":0.001}","{""detection_events"":97468,""detectors_checked"":26127360,""obs_mistake_mask=E"":1}"
    317440,         2,         0,   119.9,exact_mw,8c54babb212143042928b0eca3852c18ac799bf66eb488a668303745c8494fc5,"{""distance"":7,""physical_error_rate"":0.0005}","{""detection_events"":483061,""detectors_checked"":257126400,""obs_mistake_mask=E"":2}"
        17,         0,         0,   0.024,exact_mw,8c54babb212143042928b0eca3852c18ac799bf66eb488a668303745c8494fc5,"{""distance"":7,""physical_error_rate"":0.0005}","{""detection_events"":27,""detectors_checked"":13770}"
       256,         0,         0,   0.057,exact_mw,8c54babb212143042928b0eca3852c18ac799bf66eb488a668303745c8494fc5,"{""distance"":7,""physical_error_rate"":0.0005}","{""detection_events"":353,""detectors_checked"":207360}"
        17,         0,         0,   0.019,exact_mw,26ede523e6354ffb917e832246591ea54a1b9969785b9947b95e2ebb539e2476,"{""distance"":7,""physical_error_rate"":0.0002}","{""detection_events"":10,""detectors_checked"":13770}"
       256,         0,         0,   0.028,exact_mw,26ede523e6354ffb917e832246591ea54a1b9969785b9947b95e2ebb539e2476,"{""distance"":7,""physical_error_rate"":0.0002}","{""detection_events"":158,""detectors_checked"":207360}"
      1024,         0,         0,   0.034,exact_mw,26ede523e6354ffb917e832246591ea54a1b9969785b9947b95e2ebb539e2476,"{""distance"":7,""physical_error_rate"":0.0002}","{""detection_events"":610,""detectors_checked"":829440}"
      1024,         0,         0,   0.121,exact_mw,26ede523e6354ffb917e832246591ea54a1b9969785b9947b95e2ebb539e2476,"{""distance"":7,""physical_error_rate"":0.0002}","{""detection_events"":607,""detectors_checked"":829440}"
      2048,         0,         0,   0.061,exact_mw,26ede523e6354ffb917e832246591ea54a1b9969785b9947b95e2ebb539e2476,"{""distance"":7,""physical_error_rate"":0.0002}","{""detection_events"":1280,""detectors_checked"":1658880}"
        17,         0,         0,   0.061,exact_mw,98ed6542f5a75ebddbda0ed622fb597fbc85d0a75d139587b6be9a08147ba42d,"{""distance"":7,""physical_error_rate"":0.002}","{""detection_events"":89,""detectors_checked"":13770}"
      1024,         0,         0,   0.090,exact_mw,26ede523e6354ffb917e832246591ea54a1b9969785b9947b95e2ebb539e2476,"{""distance"":7,""physical_error_rate"":0.0002}","{""detection_events"":655,""detectors_checked"":829440}"
      1024,         0,         0,   0.377,exact_mw,8c54babb212143042928b0eca3852c18ac799bf66eb488a668303745c8494fc5,"{""distance"":7,""physical_error_rate"":0.0005}","{""detection_events"":1493,""detectors_checked"":829440}"
      2048,         0,         0,   0.081,exact_mw,26ede523e6354ffb917e832246591ea54a1b9969785b9947b95e2ebb539e2476,"{""distance"":7,""physical_error_rate"":0.0002}","{""detection_events"":1210,""detectors_checked"":1658880}"
      2048,         0,         0,   0.118,exact_mw,26ede523e6354ffb917e832246591ea54a1b9969785b9947b95e2ebb539e2476,"{""distance"":7,""physical_error_rate"":0.0002}","{""detection_events"":1270,""detectors_checked"":1658880}"
      1297,         0,         0,   0.025,exact_mw,92a9cd959715f3d5685c6265974e573ec36ff2f173f7490ff1393041d63371cf,"{""distance"":7,""physical_error_rate"":0.0001}","{""detection_events"":426,""detectors_checked"":1050570}"
      1024,         0,         0,   0.021,exact_mw,92a9cd959715f3d5685c6265974e573ec36ff2f173f7490ff1393041d63371cf,"{""distance"":7,""physical_error_rate"":0.0001}","{""detection_events"":293,""detectors_checked"":829440}"
      2048,         0,         0,   0.029,exact_mw,92a9cd959715f3d5685c6265974e573ec36ff2f173f7490ff1393041d63371cf,"{""distance"":7,""physical_error_rate"":0.0001}","{""detection_events"":635,""detectors_checked"":1658880}"
      2048,         0,         0,   0.032,exact_mw,92a9cd959715f3d5685c6265974e573ec36ff2f173f7490ff1393041d63371cf,"{""distance"":7,""physical_error_rate"":0.0001}","{""detection_events"":624,""detectors_checked"":1658880}"
      4096,         0,         0,   0.152,exact_mw,26ede523e6354ffb917e832246591ea54a1b9969785b9947b95e2ebb539e2476,"{""distance"":7,""physical_error_rate"":0.0002}","{""detection_events"":2433,""detectors_checked"":3317760}"
      3072,         0,         0,   0.064,exact_mw,92a9cd959715f3d5685c6265974e573ec36ff2f173f7490ff1393041d63371cf,"{""distance"":7,""physical_error_rate"":0.0001}","{""detection_events"":971,""detectors_checked"":2488320}"
      3072,         0,         0,   0.057,exact_mw,92a9cd959715f3d5685c6265974e573ec36ff2f173f7490ff1393041d63371cf,"{""distance"":7,""physical_error_rate"":0.0001}","{""detection_events"":997,""detectors_checked"":2488320}"
      7168,         0,         0,   0.082,exact_mw,92a9cd959715f3d5685c6265974e573ec36ff2f173f7490ff1393041d63371cf,"{""distance"":7,""physical_error_rate"":0.0001}","{""detection_events"":2202,""detectors_checked"":5806080}"
    328704,         2,         0,   120.1,exact_mw,8c54babb212143042928b0eca3852c18ac799bf66eb488a668303745c8494fc5,"{""distance"":7,""physical_error_rate"":0.0005}","{""detection_events"":501550,""detectors_checked"":266250240,""obs_mistake_mask=E"":2}"
      1024,         0,         0,   0.541,exact_mw,8c54babb212143042928b0eca3852c18ac799bf66eb488a668303745c8494fc5,"{""distance"":7,""physical_error_rate"":0.0005}","{""detection_events"":1577,""detectors_checked"":829440}"
      6144,         1,         0,   0.262,exact_mw,26ede523e6354ffb917e832246591ea54a1b9969785b9947b95e2ebb539e2476,"{""distance"":7,""physical_error_rate"":0.0002}","{""detection_events"":3788,""detectors_checked"":4976640,""obs_mistake_mask=E"":1}"
     11264,         0,         0,   0.096,exact_mw,92a9cd959715f3d5685c6265974e573ec36ff2f173f7490ff1393041d63371cf,"{""distance"":7,""physical_error_rate"":0.0001}","{""detection_events"":3312,""detectors_checked"":9123840}"
   6410240,         0,         0,   119.2,exact_mw,92a9cd959715f3d5685c6265974e573ec36ff2f173f7490ff1393041d63371cf,"{""distance"":7,""physical_error_rate"":0.0001}","{""detection_events"":1955692,""detectors_checked"":5192294400}"
       128,         0,         0,   0.743,exact_mw,98ed6542f5a75ebddbda0ed622fb597fbc85d0a75d139587b6be9a08147ba42d,"{""distance"":7,""physical_error_rate"":0.002}","{""detection_events"":739,""detectors_checked"":103680}"
     17408,         0,         0,   0.165,exact_mw,92a9cd959715f3d5685c6265974e573ec36ff2f173f7490ff1393041d63371cf,"{""distance"":7,""physical_error_rate"":0.0001}","{""detection_events"":5368,""detectors_checked"":14100480}"
       273,         0,         0,   0.532,exact_mw,d2cc2b129abad1f985b8639603638d6030a837aa2fe57172dffdf28919c1c286,"{""distance"":7,""physical_error_rate"":0.001}","{""detection_events"":765,""detectors_checked"":221130}"
      8192,         0,         0,   0.301,exact_mw,26ede523e6354ffb917e832246591ea54a1b9969785b9947b95e2ebb539e2476,"{""distance"":7,""physical_error_rate"":0.0002}","{""detection_events"":5066,""detectors_checked"":6635520}"
     12288,         0,         0,   0.217,exact_mw,92a9cd959715f3d5685c6265974e573ec36ff2f173f7490ff1393041d63371cf,"{""distance"":7,""physical_error_rate"":0.0001}","{""detection_events"":3709,""detectors_checked"":9953280}"
      1024,         0,         0,   0.582,exact_mw,8c54babb212143042928b0eca3852c18ac799bf66eb488a668303745c8494fc5,"{""distance"":7,""physical_error_rate"":0.0005}","{""detection_events"":1579,""detectors_checked"":829440}"
     15360,         0,         0,   0.289,exact_mw,92a9cd959715f3d5685c6265974e573ec36ff2f173f7490ff1393041d63371cf,"{""distance"":7,""physical_error_rate"":0.0001}","{""detection_events"":4769,""detectors_checked"":12441600}"
     13312,         0,         0,   0.417,exact_mw,26ede523e6354ffb917e832246591ea54a1b9969785b9947b95e2ebb539e2476,"{""distance"":7,""physical_error_rate"":0.0002}","{""detection_events"":8018,""detectors_checked"":10782720}"
       256,         0,         0,   0.579,exact_mw,d2cc2b129abad1f985b8639603638d6030a837aa2fe57172dffdf28919c1c286,"{""distance"":7,""physical_error_rate"":0.001}","{""detection_events"":800,""detectors_checked"":207360}"
      1024,         0,         0,   0.490,exact_mw,8c54babb212143042928b0eca3852c18ac799bf66eb488a668303745c8494fc5,"{""distance"":7,""physical_error_rate"":0.0005}","{""detection_events"":1553,""detectors_checked"":829440}"
     20480,         0,         0,   0.424,exact_mw,92a9cd959715f3d5685c6265974e573ec36ff2f173f7490ff1393041d63371cf,"{""distance"":7,""physical_error_rate"":0.0001}","{""detection_events"":6290,""detectors_checked"":16588800}"
       256,         0,         0,   0.478,exact_mw,d2cc2b129abad1f985b8639603638d6030a837aa2fe57172dffdf28919c1c286,"{""distance"":7,""physical_error_rate"":0.001}","{""detection_events"":818,""detectors_checked"":207360}"
        17,         0,         0,   0.033,exact_mw,d2cc2b129abad1f985b8639603638d6030a837aa2fe57172dffdf28919c1c286,"{""distance"":7,""physical_error_rate"":0.001}","{""detection_events"":54,""detectors_checked"":13770}"
     15360,         0,         0,   0.579,exact_mw,26ede523e6354ffb917e832246591ea54a1b9969785b9947b95e2ebb539e2476,"{""distance"":7,""physical_error_rate"":0.0002}","{""detection_events"":9608,""detectors_checked"":12441600}"
       128,         0,         0,    1.31,exact_mw,98ed6542f5a75ebddbda0ed622fb597fbc85d0a75d139587b6be9a08147ba42d,"{""distance"":7,""physical_error_rate"":0.002}","{""detection_events"":774,""detectors_checked"":103680}"
      1024,         0,         0,   0.444,exact_mw,8c54babb212143042928b0eca3852c18ac799bf66eb488a668303745c8494fc5,"{""distance"":7,""physical_error_rate"":0.0005}","{""detection_events"":1548,""detectors_checked"":829440}"
      1297,         0,         0,   0.053,exact_mw,26ede523e6354ffb917e832246591ea54a1b9969785b9947b95e2ebb539e2476,"{""distance"":7,""physical_error_rate"":0.0002}","{""detection_events"":805,""detectors_checked"":1050570}"
      1024,         0,         0,   0.032,exact_mw,26ede523e6354ffb917e832246591ea54a1b9969785b9947b95e2ebb539e2476,"{""distance"":7,""physical_error_rate"":0.0002}","{""detection_events"":625,""detectors_checked"":829440}"
      1024,         0,         0,   0.028,exact_mw,26ede523e6354ffb917e832246591ea54a1b9969785b9947b95e2ebb539e2476,"{""distance"":7,""physical_error_rate"":0.0002}","{""detection_events"":626,""detectors_checked"":829440}"
      1024,         0,         0,   0.041,exact_mw,26ede523e6354ffb917e832246591ea54a1b9969785b9947b95e2ebb539e2476,"{""distance"":7,""physical_error_rate"":0.0002}","{""detection_events"":574,""detectors_checked"":829440}"
       256,         0,         0,   0.383,exact_mw,d2cc2b129abad1f985b8639603638d6030a837aa2fe57172dffdf28919c1c286,"{""distance"":7,""physical_error_rate"":0.001}","{""detection_events"":869,""detectors_checked"":207360}"
     24576,         0,         0,   0.536,exact_mw,92a9cd959715f3d5685c6265974e573ec36ff2f173f7490ff1393041d63371cf,"{""distance"":7,""physical_error_rate"":0.0001}","{""detection_events"":7282,""detectors_checked"":19906560}"
      2048,         0,         0,   0.075,exact_mw,26ede523e6354ffb917e832246591ea54a1b9969785b9947b95e2ebb539e2476,"{""distance"":7,""physical_error_rate"":0.0002}","{""detection_events"":1250,""detectors_checked"":1658880}"
        64,         0,         0,   0.382,exact_mw,98ed6542f5a75ebddbda0ed622fb597fbc85d0a75d139587b6be9a08147ba42d,"{""distance"":7,""physical_error_rate"":0.002}","{""detection_events"":352,""detectors_checked"":51840}"
      2048,         0,         0,   0.126,exact_mw,26ede523e6354ffb917e832246591ea54a1b9969785b9947b95e2ebb539e2476,"{""distance"":7,""physical_error_rate"":0.0002}","{""detection_events"":1373,""detectors_checked"":1658880}"
      2048,         0,         0,   0.077,exact_mw,26ede523e6354ffb917e832246591ea54a1b9969785b9947b95e2ebb539e2476,"{""distance"":7,""physical_error_rate"":0.0002}","{""detection_events"":1195,""detectors_checked"":1658880}"
      1024,         0,         0,   0.461,exact_mw,8c54babb212143042928b0eca3852c18ac799bf66eb488a668303745c8494fc5,"{""distance"":7,""physical_error_rate"":0.0005}","{""detection_events"":1566,""detectors_checked"":829440}"
       256,         0,         0,   0.697,exact_mw,d2cc2b129abad1f985b8639603638d6030a837aa2fe57172dffdf28919c1c286,"{""distance"":7,""physical_error_rate"":0.001}","{""detection_events"":839,""detectors_checked"":207360}"
      3072,         0,         0,   0.109,exact_mw,26ede523e6354ffb917e832246591ea54a1b9969785b9947b95e2ebb539e2476,"{""distance"":7,""physical_error_rate"":0.0002}","{""detection_events"":1906,""detectors_checked"":2488320}"
       256,         0,         0,   0.427,exact_mw,d2cc2b129abad1f985b8639603638d6030a837aa2fe57172dffdf28919c1c286,"{""distance"":7,""physical_error_rate"":0.001}","{""detection_events"":733,""detectors_checked"":207360}"
     19456,         0,         0,   0.787,exact_mw,26ede523e6354ffb917e832246591ea54a1b9969785b9947b95e2ebb539e2476,"{""distance"":7,""physical_error_rate"":0.0002}","{""detection_events"":11705,""detectors_checked"":15759360}"
      4096,         0,         0,   0.154,exact_mw,26ede523e6354ffb917e832246591ea54a1b9969785b9947b95e2ebb539e2476,"{""distance"":7,""physical_error_rate"":0.0002}","{""detection_events"":2541,""detectors_checked"":3317760}"
        64,         0,         0,   0.594,exact_mw,98ed6542f5a75ebddbda0ed622fb597fbc85d0a75d139587b6be9a08147ba42d,"{""distance"":7,""physical_error_rate"":0.002}","{""detection_events"":438,""detectors_checked"":51840}"
      4096,         0,         0,   0.218,exact_mw,26ede523e6354ffb917e832246591ea54a1b9969785b9947b95e2ebb539e2476,"{""distance"":7,""physical_error_rate"":0.0002}","{""detection_events"":2370,""detectors_checked"":3317760}"
     44032,         0,         0,   0.805,exact_mw,92a9cd959715f3d5685c6265974e573ec36ff2f173f7490ff1393041d63371cf,"{""distance"":7,""physical_error_rate"":0.0001}","{""detection_events"":13429,""detectors_checked"":35665920}"
      1024,         0,         0,   0.607,exact_mw,8c54babb212143042928b0eca3852c18ac799bf66eb488a668303745c8494fc5,"{""distance"":7,""physical_error_rate"":0.0005}","{""detection_events"":1559,""detectors_checked"":829440}"
       256,         0,         0,   0.652,exact_mw,d2cc2b129abad1f985b8639603638d6030a837aa2fe57172dffdf28919c1c286,"{""distance"":7,""physical_error_rate"":0.001}","{""detection_events"":805,""detectors_checked"":207360}"
      7168,         0,         0,   0.280,exact_mw,26ede523e6354ffb917e832246591ea54a1b9969785b9947b95e2ebb539e2476,"{""distance"":7,""physical_error_rate"":0.0002}","{""detection_events"":4283,""detectors_checked"":5806080}"
        64,         0,         0,   0.341,exact_mw,98ed6542f5a75ebddbda0ed622fb597fbc85d0a75d139587b6be9a08147ba42d,"{""distance"":7,""physical_error_rate"":0.002}","{""detection_events"":378,""detectors_checked"":51840}"
       256,         0,         0,   0.726,exact_mw,d2cc2b129abad1f985b8639603638d6030a837aa2fe57172dffdf28919c1c286,"{""distance"":7,""physical_error_rate"":0.001}","{""detection_events"":835,""detectors_checked"":207360}"
      1024,         0,         0,   0.543,exact_mw,8c54babb212143042928b0eca3852c18ac799bf66eb488a668303745c8494fc5,"{""distance"":7,""physical_error_rate"":0.0005}","{""detection_events"":1611,""detectors_checked"":829440}"
     10240,         0,         0,   0.423,exact_mw,26ede523e6354ffb917e832246591ea54a1b9969785b9947b95e2ebb539e2476,"{""distance"":7,""physical_error_rate"":0.0002}","{""detection_events"":6173,""detectors_checked"":8294400}"
       256,         0,         0,   0.501,exact_mw,d2cc2b129abad1f985b8639603638d6030a837aa2fe57172dffdf28919c1c286,"{""distance"":7,""physical_error_rate"":0.001}","{""detection_events"":847,""detectors_checked"":207360}"
        64,         0,         0,   0.499,exact_mw,98ed6542f5a75ebddbda0ed622fb597fbc85d0a75d139587b6be9a08147ba42d,"{""distance"":7,""physical_error_rate"":0.002}","{""detection_events"":390,""detectors_checked"":51840}"
     25600,         0,         0,    1.13,exact_mw,26ede523e6354ffb917e832246591ea54a1b9969785b9947b95e2ebb539e2476,"{""distance"":7,""physical_error_rate"":0.0002}","{""detection_events"":15616,""detectors_checked"":20736000}"
     12528,         1,         0,   120.1,exact_mw,98ed6542f5a75ebddbda0ed622fb597fbc85d0a75d139587b6be9a08147ba42d,"{""distance"":7,""physical_error_rate"":0.002}","{""detection_events"":75466,""detectors_checked"":10147680,""obs_mistake_mask=E"":1}"
       256,         0,         0,   0.564,exact_mw,d2cc2b129abad1f985b8639603638d6030a837aa2fe57172dffdf28919c1c286,"{""distance"":7,""physical_error_rate"":0.001}","{""detection_events"":783,""detectors_checked"":207360}"
      1024,         0,         0,   0.543,exact_mw,8c54babb212143042928b0eca3852c18ac799bf66eb488a668303745c8494fc5,"{""distance"":7,""physical_error_rate"":0.0005}","{""detection_events"":1510,""detectors_checked"":829440}"
     51200,         0,         0,    1.11,exact_mw,92a9cd959715f3d5685c6265974e573ec36ff2f173f7490ff1393041d63371cf,"{""distance"":7,""physical_error_rate"":0.0001}","{""detection_events"":15881,""detectors_checked"":41472000}"
       256,         0,         0,   0.539,exact_mw,d2cc2b129abad1f985b8639603638d6030a837aa2fe57172dffdf28919c1c286,"{""distance"":7,""physical_error_rate"":0.001}","{""detection_events"":870,""detectors_checked"":207360}"
     14336,         0,         0,   0.576,exact_mw,26ede523e6354ffb917e832246591ea54a1b9969785b9947b95e2ebb539e2476,"{""distance"":7,""physical_error_rate"":0.0002}","{""detection_events"":8563,""detectors_checked"":11612160}"
       256,         0,         0,   0.334,exact_mw,d2cc2b129abad1f985b8639603638d6030a837aa2fe57172dffdf28919c1c286,"{""distance"":7,""physical_error_rate"":0.001}","{""detection_events"":781,""detectors_checked"":207360}"
        64,         0,         0,   0.529,exact_mw,98ed6542f5a75ebddbda0ed622fb597fbc85d0a75d139587b6be9a08147ba42d,"{""distance"":7,""physical_error_rate"":0.002}","{""detection_events"":383,""detectors_checked"":51840}"
       256,         0,         0,   0.394,exact_mw,d2cc2b129abad1f985b8639603638d6030a837aa2fe57172dffdf28919c1c286,"{""distance"":7,""physical_error_rate"":0.001}","{""detection_events"":784,""detectors_checked"":207360}"
      1024,         0,         0,   0.547,exact_mw,8c54babb212143042928b0eca3852c18ac799bf66eb488a668303745c8494fc5,"{""distance"":7,""physical_error_rate"":0.0005}","{""detection_events"":1586,""detectors_checked"":829440}"
       256,         1,         0,   0.484,exact_mw,d2cc2b129abad1f985b8639603638d6030a837aa2fe57172dffdf28919c1c286,"{""distance"":7,""physical_error_rate"":0.001}","{""detection_events"":833,""detectors_checked"":207360,""obs_mistake_mask=E"":1}"
        64,         0,         0,   0.483,exact_mw,98ed6542f5a75ebddbda0ed622fb597fbc85d0a75d139587b6be9a08147ba42d,"{""distance"":7,""physical_error_rate"":0.002}","{""detection_events"":411,""detectors_checked"":51840}"
       256,         0,         0,   0.427,exact_mw,d2cc2b129abad1f985b8639603638d6030a837aa2fe57172dffdf28919c1c286,"{""distance"":7,""physical_error_rate"":0.001}","{""detection_events"":781,""detectors_checked"":207360}"
     17408,         0,         0,   0.816,exact_mw,26ede523e6354ffb917e832246591ea54a1b9969785b9947b95e2ebb539e2476,"{""distance"":7,""physical_error_rate"":0.0002}","{""detection_events"":10312,""detectors_checked"":14100480}"
        64,         0,         0,   0.388,exact_mw,98ed6542f5a75ebddbda0ed622fb597fbc85d0a75d139587b6be9a08147ba42d,"{""distance"":7,""physical_error_rate"":0.002}","{""detection_events"":362,""detectors_checked"":51840}"
     36864,         0,         0,    1.57,exact_mw,26ede523e6354ffb917e832246591ea54a1b9969785b9947b95e2ebb539e2476,"{""distance"":7,""physical_error_rate"":0.0002}","{""detection_events"":22313,""detectors_checked"":29859840}"
       256,         0,         0,   0.661,exact_mw,d2cc2b129abad1f985b8639603638d6030a837aa2fe57172dffdf28919c1c286,"{""distance"":7,""physical_error_rate"":0.001}","{""detection_events"":835,""detectors_checked"":207360}"
       256,         0,         0,   0.426,exact_mw,d2cc2b129abad1f985b8639603638d6030a837aa2fe57172dffdf28919c1c286,"{""distance"":7,""physical_error_rate"":0.001}","{""detection_events"":785,""detectors_checked"":207360}"
        64,         0,         0,   0.507,exact_mw,98ed6542f5a75ebddbda0ed622fb597fbc85d0a75d139587b6be9a08147ba42d,"{""distance"":7,""physical_error_rate"":0.002}","{""detection_events"":417,""detectors_checked"":51840}"
      2048,         0,         0,    1.01,exact_mw,8c54babb212143042928b0eca3852c18ac799bf66eb488a668303745c8494fc5,"{""distance"":7,""physical_error_rate"":0.0005}","{""detection_events"":3183,""detectors_checked"":1658880}"
     87040,         0,         0,    1.52,exact_mw,92a9cd959715f3d5685c6265974e573ec36ff2f173f7490ff1393041d63371cf,"{""distance"":7,""physical_error_rate"":0.0001}","{""detection_events"":26455,""detectors_checked"":70502400}"
     16384,         1,         0,   120.9,exact_mw,98ed6542f5a75ebddbda0ed622fb597fbc85d0a75d139587b6be9a08147ba42d,"{""distance"":7,""physical_error_rate"":0.002}","{""detection_events"":98867,""detectors_checked"":13271040,""obs_mistake_mask=E"":1}"
       256,         0,         0,   0.455,exact_mw,d2cc2b129abad1f985b8639603638d6030a837aa2fe57172dffdf28919c1c286,"{""distance"":7,""physical_error_rate"":0.001}","{""detection_events"":723,""detectors_checked"":207360}"
       256,         0,         0,   0.411,exact_mw,d2cc2b129abad1f985b8639603638d6030a837aa2fe57172dffdf28919c1c286,"{""distance"":7,""physical_error_rate"":0.001}","{""detection_events"":726,""detectors_checked"":207360}"
      5408,         3,         0,   120.3,exact_mw,a39d26a9c85ff1858873bfad720922f64799219ac1b945519c1902b92db90de0,"{""distance"":7,""physical_error_rate"":0.005}","{""detection_events"":81206,""detectors_checked"":4380480,""obs_mistake_mask=E"":3}"
     26624,         0,         0,    1.13,exact_mw,26ede523e6354ffb917e832246591ea54a1b9969785b9947b95e2ebb539e2476,"{""distance"":7,""physical_error_rate"":0.0002}","{""detection_events"":16124,""detectors_checked"":21565440}"
        64,         0,         0,   0.558,exact_mw,98ed6542f5a75ebddbda0ed622fb597fbc85d0a75d139587b6be9a08147ba42d,"{""distance"":7,""physical_error_rate"":0.002}","{""detection_events"":397,""detectors_checked"":51840}"
       256,         0,         0,   0.533,exact_mw,d2cc2b129abad1f985b8639603638d6030a837aa2fe57172dffdf28919c1c286,"{""distance"":7,""physical_error_rate"":0.001}","{""detection_events"":767,""detectors_checked"":207360}"
       256,         0,         0,   0.544,exact_mw,d2cc2b129abad1f985b8639603638d6030a837aa2fe57172dffdf28919c1c286,"{""distance"":7,""physical_error_rate"":0.001}","{""detection_events"":786,""detectors_checked"":207360}"
       256,         0,         0,   0.314,exact_mw,d2cc2b129abad1f985b8639603638d6030a837aa2fe57172dffdf28919c1c286,"{""distance"":7,""physical_error_rate"":0.001}","{""detection_events"":772,""detectors_checked"":207360}"
      2048,         0,         0,    1.12,exact_mw,8c54babb212143042928b0eca3852c18ac799bf66eb488a668303745c8494fc5,"{""distance"":7,""physical_error_rate"":0.0005}","{""detection_events"":3211,""detectors_checked"":1658880}"
       256,         0,         0,   0.444,exact_mw,d2cc2b129abad1f985b8639603638d6030a837aa2fe57172dffdf28919c1c286,"{""distance"":7,""physical_error_rate"":0.001}","{""detection_events"":761,""detectors_checked"":207360}"
       273,         0,         0,   0.091,exact_mw,8c54babb212143042928b0eca3852c18ac799bf66eb488a668303745c8494fc5,"{""distance"":7,""physical_error_rate"":0.0005}","{""detection_events"":432,""detectors_checked"":221130}"
       512,         0,         0,   0.888,exact_mw,d2cc2b129abad1f985b8639603638d6030a837aa2fe57172dffdf28919c1c286,"{""distance"":7,""physical_error_rate"":0.001}","{""detection_events"":1581,""detectors_checked"":414720}"
       128,         0,         0,    1.11,exact_mw,98ed6542f5a75ebddbda0ed622fb597fbc85d0a75d139587b6be9a08147ba42d,"{""distance"":7,""physical_error_rate"":0.002}","{""detection_events"":737,""detectors_checked"":103680}"
       884,         0,         0,   120.3,exact_mw,a39d26a9c85ff1858873bfad720922f64799219ac1b945519c1902b92db90de0,"{""distance"":7,""physical_error_rate"":0.005}","{""detection_events"":13378,""detectors_checked"":716040}"
      1024,         0,         0,   0.317,exact_mw,8c54babb212143042928b0eca3852c18ac799bf66eb488a668303745c8494fc5,"{""distance"":7,""physical_error_rate"":0.0005}","{""detection_events"":1611,""detectors_checked"":829440}"
     49152,         0,         0,    2.20,exact_mw,26ede523e6354ffb917e832246591ea54a1b9969785b9947b95e2ebb539e2476,"{""distance"":7,""physical_error_rate"":0.0002}","{""detection_events"":29653,""detectors_checked"":39813120}"
     37888,         0,         0,    1.55,exact_mw,26ede523e6354ffb917e832246591ea54a1b9969785b9947b95e2ebb539e2476,"{""distance"":7,""physical_error_rate"":0.0002}","{""detection_events"":22874,""detectors_checked"":30689280}"
      1024,         0,         0,   0.326,exact_mw,8c54babb212143042928b0eca3852c18ac799bf66eb488a668303745c8494fc5,"{""distance"":7,""physical_error_rate"":0.0005}","{""detection_events"":1588,""detectors_checked"":829440}"
    117760,         0,         0,    2.19,exact_mw,92a9cd959715f3d5685c6265974e573ec36ff2f173f7490ff1393041d63371cf,"{""distance"":7,""physical_error_rate"":0.0001}","{""detection_events"":36151,""detectors_checked"":95385600}"
      2048,         0,         0,    1.10,exact_mw,8c54babb212143042928b0eca3852c18ac799bf66eb488a668303745c8494fc5,"{""distance"":7,""physical_error_rate"":0.0005}","{""detection_events"":3103,""detectors_checked"":1658880}"
     15232,         3,         0,   120.2,exact_mw,98ed6542f5a75ebddbda0ed622fb597fbc85d0a75d139587b6be9a08147ba42d,"{""distance"":7,""physical_error_rate"":0.002}","{""detection_events"":91844,""detectors_checked"":12337920,""obs_mistake_mask=E"":3}"
       512,         0,         0,   0.932,exact_mw,d2cc2b129abad1f985b8639603638d6030a837aa2fe57172dffdf28919c1c286,"{""distance"":7,""physical_error_rate"":0.001}","{""detection_events"":1533,""detectors_checked"":414720}"
      1024,         0,         0,   0.289,exact_mw,8c54babb212143042928b0eca3852c18ac799bf66eb488a668303745c8494fc5,"{""distance"":7,""physical_error_rate"":0.0005}","{""detection_events"":1581,""detectors_checked"":829440}"
       128,         0,         0,   0.862,exact_mw,98ed6542f5a75ebddbda0ed622fb597fbc85d0a75d139587b6be9a08147ba42d,"{""distance"":7,""physical_error_rate"":0.002}","{""detection_events"":742,""detectors_checked"":103680}"
     10528,         3,         0,   120.4,exact_mw,98ed6542f5a75ebddbda0ed622fb597fbc85d0a75d139587b6be9a08147ba42d,"{""distance"":7,""physical_error_rate"":0.002}","{""detection_events"":62499,""detectors_checked"":8527680,""obs_mistake_mask=E"":3}"
       768,         0,         0,    1.09,exact_mw,d2cc2b129abad1f985b8639603638d6030a837aa2fe57172dffdf28919c1c286,"{""distance"":7,""physical_error_rate"":0.001}","{""detection_events"":2214,""detectors_checked"":622080}"
      1024,         0,         0,   0.400,exact_mw,8c54babb212143042928b0eca3852c18ac799bf66eb488a668303745c8494fc5,"{""distance"":7,""physical_error_rate"":0.0005}","{""detection_events"":1587,""detectors_checked"":829440}"
      1024,         0,         0,   0.243,exact_mw,8c54babb212143042928b0eca3852c18ac799bf66eb488a668303745c8494fc5,"{""distance"":7,""physical_error_rate"":0.0005}","{""detection_events"":1553,""detectors_checked"":829440}"
   2646016,         4,         0,   119.5,exact_mw,26ede523e6354ffb917e832246591ea54a1b9969785b9947b95e2ebb539e2476,"{""distance"":7,""physical_error_rate"":0.0002}","{""detection_events"":1610587,""detectors_checked"":2143272960,""obs_mistake_mask=E"":4}"
      1024,         0,         0,   0.342,exact_mw,8c54babb212143042928b0eca3852c18ac799bf66eb488a668303745c8494fc5,"{""distance"":7,""physical_error_rate"":0.0005}","{""detection_events"":1499,""detectors_checked"":829440}"
       512,         0,         0,    1.14,exact_mw,d2cc2b129abad1f985b8639603638d6030a837aa2fe57172dffdf28919c1c286,"{""distance"":7,""physical_error_rate"":0.001}","{""detection_events"":1634,""detectors_checked"":414720}"
      1024,         0,         0,   0.397,exact_mw,8c54babb212143042928b0eca3852c18ac799bf66eb488a668303745c8494fc5,"{""distance"":7,""physical_error_rate"":0.0005}","{""detection_events"":1581,""detectors_checked"":829440}"
     63232,         2,         0,   120.3,exact_mw,d2cc2b129abad1f985b8639603638d6030a837aa2fe57172dffdf28919c1c286,"{""distance"":7,""physical_error_rate"":0.001}","{""detection_events"":191179,""detectors_checked"":51217920,""obs_mistake_mask=E"":2}"
       192,         0,         0,    1.60,exact_mw,98ed6542f5a75ebddbda0ed622fb597fbc85d0a75d139587b6be9a08147ba42d,"{""distance"":7,""physical_error_rate"":0.002}","{""detection_events"":1178,""detectors_checked"":155520}"
       768,         0,         0,    1.47,exact_mw,d2cc2b129abad1f985b8639603638d6030a837aa2fe57172dffdf28919c1c286,"{""distance"":7,""physical_error_rate"":0.001}","{""detection_events"":2370,""detectors_checked"":622080}"
      4096,         0,         0,    2.00,exact_mw,8c54babb212143042928b0eca3852c18ac799bf66eb488a668303745c8494fc5,"{""distance"":7,""physical_error_rate"":0.0005}","{""detection_events"":6196,""detectors_checked"":3317760}"
     51200,         0,         0,    2.20,exact_mw,26ede523e6354ffb917e832246591ea54a1b9969785b9947b95e2ebb539e2476,"{""distance"":7,""physical_error_rate"":0.0002}","{""detection_events"":31102,""detectors_checked"":41472000}"
      1024,         0,         0,   0.419,exact_mw,8c54babb212143042928b0eca3852c18ac799bf66eb488a668303745c8494fc5,"{""distance"":7,""physical_error_rate"":0.0005}","{""detection_events"":1614,""detectors_checked"":829440}"
      1024,         0,         0,   0.327,exact_mw,8c54babb212143042928b0eca3852c18ac799bf66eb488a668303745c8494fc5,"{""distance"":7,""physical_error_rate"":0.0005}","{""detection_events"":1618,""detectors_checked"":829440}"
     64000,         3,         0,   120.4,exact_mw,d2cc2b129abad1f985b8639603638d6030a837aa2fe57172dffdf28919c1c286,"{""distance"":7,""physical_error_rate"":0.001}","{""detection_events"":192791,""detectors_checked"":51840000,""obs_mistake_mask=E"":3}"
     65536,         0,         0,    3.06,exact_mw,26ede523e6354ffb917e832246591ea54a1b9969785b9947b95e2ebb539e2476,"{""distance"":7,""physical_error_rate"":0.0002}","{""detection_events"":40267,""detectors_checked"":53084160}"
       768,         0,         0,    1.37,exact_mw,d2cc2b129abad1f985b8639603638d6030a837aa2fe57172dffdf28919c1c286,"{""distance"":7,""physical_error_rate"":0.001}","{""detection_events"":2294,""detectors_checked"":622080}"
       898,         0,         0,   120.5,exact_mw,a39d26a9c85ff1858873bfad720922f64799219ac1b945519c1902b92db90de0,"{""distance"":7,""physical_error_rate"":0.005}","{""detection_events"":13198,""detectors_checked"":727380}"
      2048,         0,         0,   0.502,exact_mw,8c54babb212143042928b0eca3852c18ac799bf66eb488a668303745c8494fc5,"{""distance"":7,""physical_error_rate"":0.0005}","{""detection_events"":2955,""detectors_checked"":1658880}"
    155648,         0,         0,    3.03,exact_mw,92a9cd959715f3d5685c6265974e573ec36ff2f173f7490ff1393041d63371cf,"{""distance"":7,""physical_error_rate"":0.0001}","{""detection_events"":47519,""detectors_checked"":126074880}"
       768,         0,         0,    1.64,exact_mw,d2cc2b129abad1f985b8639603638d6030a837aa2fe57172dffdf28919c1c286,"{""distance"":7,""physical_error_rate"":0.001}","{""detection_events"":2378,""detectors_checked"":622080}"
      2048,         0,         0,   0.679,exact_mw,8c54babb212143042928b0eca3852c18ac799bf66eb488a668303745c8494fc5,"{""distance"":7,""physical_error_rate"":0.0005}","{""detection_events"":3199,""detectors_checked"":1658880}"
       256,         0,         0,    2.01,exact_mw,98ed6542f5a75ebddbda0ed622fb597fbc85d0a75d139587b6be9a08147ba42d,"{""distance"":7,""physical_error_rate"":0.002}","{""detection_events"":1621,""detectors_checked"":207360}"
      2048,         0,         0,   0.687,exact_mw,8c54babb212143042928b0eca3852c18ac799bf66eb488a668303745c8494fc5,"{""distance"":7,""physical_error_rate"":0.0005}","{""detection_events"":3107,""detectors_checked"":1658880}"
   2585600,         3,         0,   119.5,exact_mw,26ede523e6354ffb917e832246591ea54a1b9969785b9947b95e2ebb539e2476,"{""distance"":7,""physical_error_rate"":0.0002}","{""detection_events"":1576630,""detectors_checked"":2094336000,""obs_mistake_mask=E"":3}"
      5120,         0,         0,    2.55,exact_mw,8c54babb212143042928b0eca3852c18ac799bf66eb488a668303745c8494fc5,"{""distance"":7,""physical_error_rate"":0.0005}","{""detection_events"":7761,""detectors_checked"":4147200}"
   1089536,         0,         0,   119.2,exact_mw,92a9cd959715f3d5685c6265974e573ec36ff2f173f7490ff1393041d63371cf,"{""distance"":7,""physical_error_rate"":0.0001}","{""detection_events"":332563,""detectors_checked"":882524160}"
     72704,         0,         0,    3.05,exact_mw,26ede523e6354ffb917e832246591ea54a1b9969785b9947b95e2ebb539e2476,"{""distance"":7,""physical_error_rate"":0.0002}","{""detection_events"":44465,""detectors_checked"":58890240}"
      1280,         0,         0,    2.46,exact_mw,d2cc2b129abad1f985b8639603638d6030a837aa2fe57172dffdf28919c1c286,"{""distance"":7,""physical_error_rate"":0.001}","{""detection_events"":3763,""detectors_checked"":1036800}"
      3072,         0,         0,    1.02,exact_mw,8c54babb212143042928b0eca3852c18ac799bf66eb488a668303745c8494fc5,"{""distance"":7,""physical_error_rate"":0.0005}","{""detection_events"":4697,""detectors_checked"":2488320}"
       320,         0,         0,    2.30,exact_mw,98ed6542f5a75ebddbda0ed622fb597fbc85d0a75d139587b6be9a08147ba42d,"{""distance"":7,""physical_error_rate"":0.002}","{""detection_events"":2015,""detectors_checked"":259200}"
      1536,         0,         0,    2.91,exact_mw,d2cc2b129abad1f985b8639603638d6030a837aa2fe57172dffdf28919c1c286,"{""distance"":7,""physical_error_rate"":0.001}","{""detection_events"":4734,""detectors_checked"":1244160}"
      4096,         0,         0,    1.30,exact_mw,8c54babb212143042928b0eca3852c18ac799bf66eb488a668303745c8494fc5,"{""distance"":7,""physical_error_rate"":0.0005}","{""detection_events"":6049,""detectors_checked"":3317760}"
     97280,         0,         0,    4.28,exact_mw,26ede523e6354ffb917e832246591ea54a1b9969785b9947b95e2ebb539e2476,"{""distance"":7,""physical_error_rate"":0.0002}","{""detection_events"":58809,""detectors_checked"":78796800}"
    216064,         0,         0,    4.21,exact_mw,92a9cd959715f3d5685c6265974e573ec36ff2f173f7490ff1393041d63371cf,"{""distance"":7,""physical_error_rate"":0.0001}","{""detection_events"":66144,""detectors_checked"":175011840}"
      6144,         0,         0,    3.21,exact_mw,8c54babb212143042928b0eca3852c18ac799bf66eb488a668303745c8494fc5,"{""distance"":7,""physical_error_rate"":0.0005}","{""detection_events"":9316,""detectors_checked"":4976640}"
      1536,         0,         0,    2.67,exact_mw,d2cc2b129abad1f985b8639603638d6030a837aa2fe57172dffdf28919c1c286,"{""distance"":7,""physical_error_rate"":0.001}","{""detection_events"":4611,""detectors_checked"":1244160}"
      5120,         0,         0,    1.81,exact_mw,8c54babb212143042928b0eca3852c18ac799bf66eb488a668303745c8494fc5,"{""distance"":7,""physical_error_rate"":0.0005}","{""detection_events"":8092,""detectors_checked"":4147200}"
    305152,         2,         0,   120.5,exact_mw,8c54babb212143042928b0eca3852c18ac799bf66eb488a668303745c8494fc5,"{""distance"":7,""physical_error_rate"":0.0005}","{""detection_events"":464383,""detectors_checked"":247173120,""obs_mistake_mask=E"":2}"
    106496,         0,         0,    4.26,exact_mw,26ede523e6354ffb917e832246591ea54a1b9969785b9947b95e2ebb539e2476,"{""distance"":7,""physical_error_rate"":0.0002}","{""detection_events"":65276,""detectors_checked"":86261760}"
       448,         0,         0,    3.26,exact_mw,98ed6542f5a75ebddbda0ed622fb597fbc85d0a75d139587b6be9a08147ba42d,"{""distance"":7,""physical_error_rate"":0.002}","{""detection_events"":2786,""detectors_checked"":362880}"
      1536,         0,         0,    3.33,exact_mw,d2cc2b129abad1f985b8639603638d6030a837aa2fe57172dffdf28919c1c286,"{""distance"":7,""physical_error_rate"":0.001}","{""detection_events"":4737,""detectors_checked"":1244160}"
      7168,         0,         0,    2.40,exact_mw,8c54babb212143042928b0eca3852c18ac799bf66eb488a668303745c8494fc5,"{""distance"":7,""physical_error_rate"":0.0005}","{""detection_events"":10975,""detectors_checked"":5806080}"
    343040,         2,         0,   120.0,exact_mw,8c54babb212143042928b0eca3852c18ac799bf66eb488a668303745c8494fc5,"{""distance"":7,""physical_error_rate"":0.0005}","{""detection_events"":518880,""detectors_checked"":277862400,""obs_mistake_mask=E"":2}"
      2048,         0,         0,    3.77,exact_mw,d2cc2b129abad1f985b8639603638d6030a837aa2fe57172dffdf28919c1c286,"{""distance"":7,""physical_error_rate"":0.001}","{""detection_events"":6188,""detectors_checked"":1658880}"
     13312,         0,         0,    4.63,exact_mw,8c54babb212143042928b0eca3852c18ac799bf66eb488a668303745c8494fc5,"{""distance"":7,""physical_error_rate"":0.0005}","{""detection_events"":20480,""detectors_checked"":10782720}"
      1036,         2,         0,   120.2,exact_mw,a39d26a9c85ff1858873bfad720922f64799219ac1b945519c1902b92db90de0,"{""distance"":7,""physical_error_rate"":0.005}","{""detection_events"":15569,""detectors_checked"":839160,""obs_mistake_mask=E"":2}"
    131072,         0,         0,    5.98,exact_mw,26ede523e6354ffb917e832246591ea54a1b9969785b9947b95e2ebb539e2476,"{""distance"":7,""physical_error_rate"":0.0002}","{""detection_events"":79712,""detectors_checked"":106168320}"
     59904,         2,         0,   120.0,exact_mw,d2cc2b129abad1f985b8639603638d6030a837aa2fe57172dffdf28919c1c286,"{""distance"":7,""physical_error_rate"":0.001}","{""detection_events"":182616,""detectors_checked"":48522240,""obs_mistake_mask=E"":2}"
    312320,         0,         0,    5.96,exact_mw,92a9cd959715f3d5685c6265974e573ec36ff2f173f7490ff1393041d63371cf,"{""distance"":7,""physical_error_rate"":0.0001}","{""detection_events"":95046,""detectors_checked"":252979200}"
       576,         0,         0,    4.36,exact_mw,98ed6542f5a75ebddbda0ed622fb597fbc85d0a75d139587b6be9a08147ba42d,"{""distance"":7,""physical_error_rate"":0.002}","{""detection_events"":3625,""detectors_checked"":466560}"
      9216,         0,         0,    3.26,exact_mw,8c54babb212143042928b0eca3852c18ac799bf66eb488a668303745c8494fc5,"{""distance"":7,""physical_error_rate"":0.0005}","{""detection_events"":14189,""detectors_checked"":7464960}"
      2560,         0,         0,    5.26,exact_mw,d2cc2b129abad1f985b8639603638d6030a837aa2fe57172dffdf28919c1c286,"{""distance"":7,""physical_error_rate"":0.001}","{""detection_events"":7655,""detectors_checked"":2073600}"
    149504,         0,         0,    5.95,exact_mw,26ede523e6354ffb917e832246591ea54a1b9969785b9947b95e2ebb539e2476,"{""distance"":7,""physical_error_rate"":0.0002}","{""detection_events"":91283,""detectors_checked"":121098240}"
      2560,         0,         0,    4.47,exact_mw,d2cc2b129abad1f985b8639603638d6030a837aa2fe57172dffdf28919c1c286,"{""distance"":7,""physical_error_rate"":0.001}","{""detection_events"":7476,""detectors_checked"":2073600}"
     12288,         1,         0,    4.31,exact_mw,8c54babb212143042928b0eca3852c18ac799bf66eb488a668303745c8494fc5,"{""distance"":7,""physical_error_rate"":0.0005}","{""detection_events"":18496,""detectors_checked"":9953280,""obs_mistake_mask=E"":1}"
     18432,         0,         0,    6.21,exact_mw,8c54babb212143042928b0eca3852c18ac799bf66eb488a668303745c8494fc5,"{""distance"":7,""physical_error_rate"":0.0005}","{""detection_events"":27920,""detectors_checked"":14929920}"
       896,         0,         0,    6.38,exact_mw,98ed6542f5a75ebddbda0ed622fb597fbc85d0a75d139587b6be9a08147ba42d,"{""distance"":7,""physical_error_rate"":0.002}","{""detection_events"":5373,""detectors_checked"":725760}"
    200704,         0,         0,    8.37,exact_mw,26ede523e6354ffb917e832246591ea54a1b9969785b9947b95e2ebb539e2476,"{""distance"":7,""physical_error_rate"":0.0002}","{""detection_events"":122371,""detectors_checked"":162570240}"
    441344,         0,         0,    8.34,exact_mw,92a9cd959715f3d5685c6265974e573ec36ff2f173f7490ff1393041d63371cf,"{""distance"":7,""physical_error_rate"":0.0001}","{""detection_events"":134787,""detectors_checked"":357488640}"
      3584,         0,         0,    7.04,exact_mw,d2cc2b129abad1f985b8639603638d6030a837aa2fe57172dffdf28919c1c286,"{""distance"":7,""physical_error_rate"":0.001}","{""detection_events"":10836,""detectors_checked"":2903040}"
      3584,         0,         0,    6.21,exact_mw,d2cc2b129abad1f985b8639603638d6030a837aa2fe57172dffdf28919c1c286,"{""distance"":7,""physical_error_rate"":0.001}","{""detection_events"":10728,""detectors_checked"":2903040}"
      4832,         3,         0,   120.6,exact_mw,a39d26a9c85ff1858873bfad720922f64799219ac1b945519c1902b92db90de0,"{""distance"":7,""physical_error_rate"":0.005}","{""detection_events"":73422,""detectors_checked"":3913920,""obs_mistake_mask=E"":3}"
     53504,         2,         0,   120.8,exact_mw,d2cc2b129abad1f985b8639603638d6030a837aa2fe57172dffdf28919c1c286,"{""distance"":7,""physical_error_rate"":0.001}","{""detection_events"":161846,""detectors_checked"":43338240,""obs_mistake_mask=E"":2}"
    200704,         0,         0,    8.36,exact_mw,26ede523e6354ffb917e832246591ea54a1b9969785b9947b95e2ebb539e2476,"{""distance"":7,""physical_error_rate"":0.0002}","{""detection_events"":122155,""detectors_checked"":162570240}"
     13632,         1,         0,   120.5,exact_mw,98ed6542f5a75ebddbda0ed622fb597fbc85d0a75d139587b6be9a08147ba42d,"{""distance"":7,""physical_error_rate"":0.002}","{""detection_events"":83154,""detectors_checked"":11041920,""obs_mistake_mask=E"":1}"
     19456,         0,         0,    6.15,exact_mw,8c54babb212143042928b0eca3852c18ac799bf66eb488a668303745c8494fc5,"{""distance"":7,""physical_error_rate"":0.0005}","{""detection_events"":29671,""detectors_checked"":15759360}"
     24576,         0,         0,    8.48,exact_mw,8c54babb212143042928b0eca3852c18ac799bf66eb488a668303745c8494fc5,"{""distance"":7,""physical_error_rate"":0.0005}","{""detection_events"":37141,""detectors_checked"":19906560}"
      1152,         0,         0,    8.83,exact_mw,98ed6542f5a75ebddbda0ed622fb597fbc85d0a75d139587b6be9a08147ba42d,"{""distance"":7,""physical_error_rate"":0.002}","{""detection_events"":7083,""detectors_checked"":933120}"
         1,         0,         0,   0.057,exact_mw,98ed6542f5a75ebddbda0ed622fb597fbc85d0a75d139587b6be9a08147ba42d,"{""distance"":7,""physical_error_rate"":0.002}","{""detection_events"":10,""detectors_checked"":810}"
         8,         0,         0,   0.504,exact_mw,98ed6542f5a75ebddbda0ed622fb597fbc85d0a75d139587b6be9a08147ba42d,"{""distance"":7,""physical_error_rate"":0.002}","{""detection_events"":50,""detectors_checked"":6480}"
      4608,         0,         0,    9.00,exact_mw,d2cc2b129abad1f985b8639603638d6030a837aa2fe57172dffdf28919c1c286,"{""distance"":7,""physical_error_rate"":0.001}","{""detection_events"":13922,""detectors_checked"":3732480}"
         8,         0,         0,   0.446,exact_mw,98ed6542f5a75ebddbda0ed622fb597fbc85d0a75d139587b6be9a08147ba42d,"{""distance"":7,""physical_error_rate"":0.002}","{""detection_events"":35,""detectors_checked"":6480}"
      4608,         0,         0,    8.90,exact_mw,d2cc2b129abad1f985b8639603638d6030a837aa2fe57172dffdf28919c1c286,"{""distance"":7,""physical_error_rate"":0.001}","{""detection_events"":14170,""detectors_checked"":3732480}"
         8,         0,         0,   0.112,exact_mw,98ed6542f5a75ebddbda0ed622fb597fbc85d0a75d139587b6be9a08147ba42d,"{""distance"":7,""physical_error_rate"":0.002}","{""detection_events"":34,""detectors_checked"":6480}"
    282624,         1,         0,    11.6,exact_mw,26ede523e6354ffb917e832246591ea54a1b9969785b9947b95e2ebb539e2476,"{""distance"":7,""physical_error_rate"":0.0002}","{""detection_events"":171717,""detectors_checked"":228925440,""obs_mistake_mask=E"":1}"
     25600,         0,         0,    8.68,exact_mw,8c54babb212143042928b0eca3852c18ac799bf66eb488a668303745c8494fc5,"{""distance"":7,""physical_error_rate"":0.0005}","{""detection_events"":38711,""detectors_checked"":20736000}"
    625664,         0,         0,    11.6,exact_mw,92a9cd959715f3d5685c6265974e573ec36ff2f173f7490ff1393041d63371cf,"{""distance"":7,""physical_error_rate"":0.0001}","{""detection_events"":190082,""detectors_checked"":506787840}"
        32,         0,         0,    2.51,exact_mw,98ed6542f5a75ebddbda0ed622fb597fbc85d0a75d139587b6be9a08147ba42d,"{""distance"":7,""physical_error_rate"":0.002}","{""detection_events"":231,""detectors_checked"":25920}"
        16,         1,         0,   0.717,exact_mw,98ed6542f5a75ebddbda0ed622fb597fbc85d0a75d139587b6be9a08147ba42d,"{""distance"":7,""physical_error_rate"":0.002}","{""detection_events"":115,""detectors_checked"":12960,""obs_mistake_mask=E"":1}"
    276480,         0,         0,    11.7,exact_mw,26ede523e6354ffb917e832246591ea54a1b9969785b9947b95e2ebb539e2476,"{""distance"":7,""physical_error_rate"":0.0002}","{""detection_events"":168154,""detectors_checked"":223948800}"
        16,         0,         0,    1.20,exact_mw,98ed6542f5a75ebddbda0ed622fb597fbc85d0a75d139587b6be9a08147ba42d,"{""distance"":7,""physical_error_rate"":0.002}","{""detection_events"":102,""detectors_checked"":12960}"
   5872640,         5,         0,   119.1,exact_mw,92a9cd959715f3d5685c6265974e573ec36ff2f173f7490ff1393041d63371cf,"{""distance"":7,""physical_error_rate"":0.0001}","{""detection_events"":1792425,""detectors_checked"":4756838400,""obs_mistake_mask=E"":5}"
   2844672,         4,         0,   119.6,exact_mw,26ede523e6354ffb917e832246591ea54a1b9969785b9947b95e2ebb539e2476,"{""distance"":7,""physical_error_rate"":0.0002}","{""detection_events"":1733728,""detectors_checked"":2304184320,""obs_mistake_mask=E"":4}"
        16,         0,         0,   0.483,exact_mw,98ed6542f5a75ebddbda0ed622fb597fbc85d0a75d139587b6be9a08147ba42d,"{""distance"":7,""physical_error_rate"":0.002}","{""detection_events"":86,""detectors_checked"":12960}"
        16,         0,         0,   0.597,exact_mw,98ed6542f5a75ebddbda0ed622fb597fbc85d0a75d139587b6be9a08147ba42d,"{""distance"":7,""physical_error_rate"":0.002}","{""detection_events"":85,""detectors_checked"":12960}"
        16,         0,         0,   0.918,exact_mw,98ed6542f5a75ebddbda0ed622fb597fbc85d0a75d139587b6be9a08147ba42d,"{""distance"":7,""physical_error_rate"":0.002}","{""detection_events"":118,""detectors_checked"":12960}"
        16,         0,         0,   0.478,exact_mw,98ed6542f5a75ebddbda0ed622fb597fbc85d0a75d139587b6be9a08147ba42d,"{""distance"":7,""physical_error_rate"":0.002}","{""detection_events"":85,""detectors_checked"":12960}"
        16,         0,         0,   0.536,exact_mw,98ed6542f5a75ebddbda0ed622fb597fbc85d0a75d139587b6be9a08147ba42d,"{""distance"":7,""physical_error_rate"":0.002}","{""detection_events"":92,""detectors_checked"":12960}"
     33792,         0,         0,    11.8,exact_mw,8c54babb212143042928b0eca3852c18ac799bf66eb488a668303745c8494fc5,"{""distance"":7,""physical_error_rate"":0.0005}","{""detection_events"":51506,""detectors_checked"":27371520}"
        16,         0,         0,   0.947,exact_mw,98ed6542f5a75ebddbda0ed622fb597fbc85d0a75d139587b6be9a08147ba42d,"{""distance"":7,""physical_error_rate"":0.002}","{""detection_events"":117,""detectors_checked"":12960}"
       918,         1,         0,   121.1,exact_mw,a39d26a9c85ff1858873bfad720922f64799219ac1b945519c1902b92db90de0,"{""distance"":7,""physical_error_rate"":0.005}","{""detection_events"":13888,""detectors_checked"":743580,""obs_mistake_mask=E"":1}"
        16,         0,         0,   0.905,exact_mw,98ed6542f5a75ebddbda0ed622fb597fbc85d0a75d139587b6be9a08147ba42d,"{""distance"":7,""physical_error_rate"":0.002}","{""detection_events"":112,""detectors_checked"":12960}"
      1664,         0,         0,    12.3,exact_mw,98ed6542f5a75ebddbda0ed622fb597fbc85d0a75d139587b6be9a08147ba42d,"{""distance"":7,""physical_error_rate"":0.002}","{""detection_events"":10230,""detectors_checked"":1347840}"
   1586176,         1,         0,   119.3,exact_mw,92a9cd959715f3d5685c6265974e573ec36ff2f173f7490ff1393041d63371cf,"{""distance"":7,""physical_error_rate"":0.0001}","{""detection_events"":484597,""detectors_checked"":1284802560,""obs_mistake_mask=E"":1}"
        32,         0,         0,    1.32,exact_mw,98ed6542f5a75ebddbda0ed622fb597fbc85d0a75d139587b6be9a08147ba42d,"{""distance"":7,""physical_error_rate"":0.002}","{""detection_events"":171,""detectors_checked"":25920}"
      6144,         0,         0,    11.9,exact_mw,d2cc2b129abad1f985b8639603638d6030a837aa2fe57172dffdf28919c1c286,"{""distance"":7,""physical_error_rate"":0.001}","{""detection_events"":18470,""detectors_checked"":4976640}"
      6656,         0,         0,    12.2,exact_mw,d2cc2b129abad1f985b8639603638d6030a837aa2fe57172dffdf28919c1c286,"{""distance"":7,""physical_error_rate"":0.001}","{""detection_events"":20316,""detectors_checked"":5391360}"
        32,         0,         0,    1.74,exact_mw,98ed6542f5a75ebddbda0ed622fb597fbc85d0a75d139587b6be9a08147ba42d,"{""distance"":7,""physical_error_rate"":0.002}","{""detection_events"":188,""detectors_checked"":25920}"
     33792,         0,         0,    12.0,exact_mw,8c54babb212143042928b0eca3852c18ac799bf66eb488a668303745c8494fc5,"{""distance"":7,""physical_error_rate"":0.0005}","{""detection_events"":51873,""detectors_checked"":27371520}"
        24,         0,         0,    2.22,exact_mw,98ed6542f5a75ebddbda0ed622fb597fbc85d0a75d139587b6be9a08147ba42d,"{""distance"":7,""physical_error_rate"":0.002}","{""detection_events"":132,""detectors_checked"":19440}"
     61440,         0,         0,   120.3,exact_mw,8c54babb212143042928b0eca3852c18ac799bf66eb488a668303745c8494fc5,"{""distance"":7,""physical_error_rate"":0.0005}","{""detection_events"":93410,""detectors_checked"":49766400}"
    406528,         1,         0,    16.4,exact_mw,26ede523e6354ffb917e832246591ea54a1b9969785b9947b95e2ebb539e2476,"{""distance"":7,""physical_error_rate"":0.0002}","{""detection_events"":247691,""detectors_checked"":329287680,""obs_mistake_mask=E"":1}"
    891904,         0,         0,    16.3,exact_mw,92a9cd959715f3d5685c6265974e573ec36ff2f173f7490ff1393041d63371cf,"{""distance"":7,""physical_error_rate"":0.0001}","{""detection_events"":272486,""detectors_checked"":722442240}"
       104,         0,         0,    4.97,exact_mw,98ed6542f5a75ebddbda0ed622fb597fbc85d0a75d139587b6be9a08147ba42d,"{""distance"":7,""physical_error_rate"":0.002}","{""detection_events"":608,""detectors_checked"":84240}"
     15168,         4,         0,   120.2,exact_mw,98ed6542f5a75ebddbda0ed622fb597fbc85d0a75d139587b6be9a08147ba42d,"{""distance"":7,""physical_error_rate"":0.002}","{""detection_events"":92134,""detectors_checked"":12286080,""obs_mistake_mask=E"":4}"
    380928,         0,         0,    16.4,exact_mw,26ede523e6354ffb917e832246591ea54a1b9969785b9947b95e2ebb539e2476,"{""distance"":7,""physical_error_rate"":0.0002}","{""detection_events"":231907,""detectors_checked"":308551680}"
     60160,         0,         0,   120.0,exact_mw,d2cc2b129abad1f985b8639603638d6030a837aa2fe57172dffdf28919c1c286,"{""distance"":7,""physical_error_rate"":0.001}","{""detection_events"":183045,""detectors_checked"":48729600}"
     48128,         1,         0,    16.4,exact_mw,8c54babb212143042928b0eca3852c18ac799bf66eb488a668303745c8494fc5,"{""distance"":7,""physical_error_rate"":0.0005}","{""detection_events"":72958,""detectors_checked"":38983680,""obs_mistake_mask=E"":1}"
        80,         0,         0,    4.68,exact_mw,98ed6542f5a75ebddbda0ed622fb597fbc85d0a75d139587b6be9a08147ba42d,"{""distance"":7,""physical_error_rate"":0.002}","{""detection_events"":518,""detectors_checked"":64800}"
      2176,         0,         0,    16.7,exact_mw,98ed6542f5a75ebddbda0ed622fb597fbc85d0a75d139587b6be9a08147ba42d,"{""distance"":7,""physical_error_rate"":0.002}","{""detection_events"":13332,""detectors_checked"":1762560}"
      9216,         0,         0,    17.3,exact_mw,d2cc2b129abad1f985b8639603638d6030a837aa2fe57172dffdf28919c1c286,"{""distance"":7,""physical_error_rate"":0.001}","{""detection_events"":27890,""detectors_checked"":7464960}"
      9216,         0,         0,    16.8,exact_mw,d2cc2b129abad1f985b8639603638d6030a837aa2fe57172dffdf28919c1c286,"{""distance"":7,""physical_error_rate"":0.001}","{""detection_events"":27948,""detectors_checked"":7464960}"
     49152,         1,         0,    16.6,exact_mw,8c54babb212143042928b0eca3852c18ac799bf66eb488a668303745c8494fc5,"{""distance"":7,""physical_error_rate"":0.0005}","{""detection_events"":74614,""detectors_checked"":39813120,""obs_mistake_mask=E"":1}"
       112,         0,         0,    6.99,exact_mw,98ed6542f5a75ebddbda0ed622fb597fbc85d0a75d139587b6be9a08147ba42d,"{""distance"":7,""physical_error_rate"":0.002}","{""detection_events"":717,""detectors_checked"":90720}"
   1030144,         0,         0,   119.4,exact_mw,92a9cd959715f3d5685c6265974e573ec36ff2f173f7490ff1393041d63371cf,"{""distance"":7,""physical_error_rate"":0.0001}","{""detection_events"":313287,""detectors_checked"":834416640}"
       208,         0,         0,    9.22,exact_mw,98ed6542f5a75ebddbda0ed622fb597fbc85d0a75d139587b6be9a08147ba42d,"{""distance"":7,""physical_error_rate"":0.002}","{""detection_events"":1178,""detectors_checked"":168480}"
    552960,         1,         0,    22.8,exact_mw,26ede523e6354ffb917e832246591ea54a1b9969785b9947b95e2ebb539e2476,"{""distance"":7,""physical_error_rate"":0.0002}","{""detection_events"":336159,""detectors_checked"":447897600,""obs_mistake_mask=E"":1}"
   1251328,         2,         0,    22.8,exact_mw,92a9cd959715f3d5685c6265974e573ec36ff2f173f7490ff1393041d63371cf,"{""distance"":7,""physical_error_rate"":0.0001}","{""detection_events"":381913,""detectors_checked"":1013575680,""obs_mistake_mask=E"":2}"
    572416,         1,         0,    22.9,exact_mw,26ede523e6354ffb917e832246591ea54a1b9969785b9947b95e2ebb539e2476,"{""distance"":7,""physical_error_rate"":0.0002}","{""detection_events"":349149,""detectors_checked"":463656960,""obs_mistake_mask=E"":1}"
     63488,         0,         0,    23.2,exact_mw,8c54babb212143042928b0eca3852c18ac799bf66eb488a668303745c8494fc5,"{""distance"":7,""physical_error_rate"":0.0005}","{""detection_events"":96248,""detectors_checked"":51425280}"
      3072,         2,         0,    23.1,exact_mw,98ed6542f5a75ebddbda0ed622fb597fbc85d0a75d139587b6be9a08147ba42d,"{""distance"":7,""physical_error_rate"":0.002}","{""detection_events"":18575,""detectors_checked"":2488320,""obs_mistake_mask=E"":2}"
     12288,         1,         0,    23.0,exact_mw,d2cc2b129abad1f985b8639603638d6030a837aa2fe57172dffdf28919c1c286,"{""distance"":7,""physical_error_rate"":0.001}","{""detection_events"":37859,""detectors_checked"":9953280,""obs_mistake_mask=E"":1}"
     11776,         1,         0,    23.3,exact_mw,d2cc2b129abad1f985b8639603638d6030a837aa2fe57172dffdf28919c1c286,"{""distance"":7,""physical_error_rate"":0.001}","{""detection_events"":36178,""detectors_checked"":9538560,""obs_mistake_mask=E"":1}"
       248,         0,         0,    11.8,exact_mw,98ed6542f5a75ebddbda0ed622fb597fbc85d0a75d139587b6be9a08147ba42d,"{""distance"":7,""physical_error_rate"":0.002}","{""detection_events"":1498,""detectors_checked"":200880}"
     68608,         0,         0,    23.0,exact_mw,8c54babb212143042928b0eca3852c18ac799bf66eb488a668303745c8494fc5,"{""distance"":7,""physical_error_rate"":0.0005}","{""detection_events"":103810,""detectors_checked"":55572480}"
   6412288,         3,         0,   119.1,exact_mw,92a9cd959715f3d5685c6265974e573ec36ff2f173f7490ff1393041d63371cf,"{""distance"":7,""physical_error_rate"":0.0001}","{""detection_events"":1957529,""detectors_checked"":5193953280,""obs_mistake_mask=E"":3}"
   6343680,         1,         0,   119.2,exact_mw,92a9cd959715f3d5685c6265974e573ec36ff2f173f7490ff1393041d63371cf,"{""distance"":7,""physical_error_rate"":0.0001}","{""detection_events"":1932280,""detectors_checked"":5138380800,""obs_mistake_mask=E"":1}"
     15104,         2,         0,   120.1,exact_mw,98ed6542f5a75ebddbda0ed622fb597fbc85d0a75d139587b6be9a08147ba42d,"{""distance"":7,""physical_error_rate"":0.002}","{""detection_events"":90954,""detectors_checked"":12234240,""obs_mistake_mask=E"":2}"
   2872320,         5,         0,   119.6,exact_mw,26ede523e6354ffb917e832246591ea54a1b9969785b9947b95e2ebb539e2476,"{""distance"":7,""physical_error_rate"":0.0002}","{""detection_events"":1749640,""detectors_checked"":2326579200,""obs_mistake_mask=E"":5}"
   2887680,         2,         0,   119.6,exact_mw,26ede523e6354ffb917e832246591ea54a1b9969785b9947b95e2ebb539e2476,"{""distance"":7,""physical_error_rate"":0.0002}","{""detection_events"":1756979,""detectors_checked"":2339020800,""obs_mistake_mask=E"":2}"
   6483968,         1,         0,   119.2,exact_mw,92a9cd959715f3d5685c6265974e573ec36ff2f173f7490ff1393041d63371cf,"{""distance"":7,""physical_error_rate"":0.0001}","{""detection_events"":1977959,""detectors_checked"":5252014080,""obs_mistake_mask=E"":1}"
    345088,         3,         0,   120.3,exact_mw,8c54babb212143042928b0eca3852c18ac799bf66eb488a668303745c8494fc5,"{""distance"":7,""physical_error_rate"":0.0005}","{""detection_events"":525501,""detectors_checked"":279521280,""obs_mistake_mask=E"":3}"
    340992,         5,         0,   120.0,exact_mw,8c54babb212143042928b0eca3852c18ac799bf66eb488a668303745c8494fc5,"{""distance"":7,""physical_error_rate"":0.0005}","{""detection_events"":517278,""detectors_checked"":276203520,""obs_mistake_mask=E"":5}"
   6423552,         3,         0,   119.1,exact_mw,92a9cd959715f3d5685c6265974e573ec36ff2f173f7490ff1393041d63371cf,"{""distance"":7,""physical_error_rate"":0.0001}","{""detection_events"":1958545,""detectors_checked"":5203077120,""obs_mistake_mask=E"":3}"
      5344,         6,         0,   120.1,exact_mw,a39d26a9c85ff1858873bfad720922f64799219ac1b945519c1902b92db90de0,"{""distance"":7,""physical_error_rate"":0.005}","{""detection_events"":79924,""detectors_checked"":4328640,""obs_mistake_mask=E"":6}"
    436224,         0,         0,   119.8,exact_mw,26ede523e6354ffb917e832246591ea54a1b9969785b9947b95e2ebb539e2476,"{""distance"":7,""physical_error_rate"":0.0002}","{""detection_events"":264557,""detectors_checked"":353341440}"
     55040,         1,         0,   120.6,exact_mw,d2cc2b129abad1f985b8639603638d6030a837aa2fe57172dffdf28919c1c286,"{""distance"":7,""physical_error_rate"":0.001}","{""detection_events"":166831,""detectors_checked"":44582400,""obs_mistake_mask=E"":1}"
     16000,         2,         0,   120.5,exact_mw,98ed6542f5a75ebddbda0ed622fb597fbc85d0a75d139587b6be9a08147ba42d,"{""distance"":7,""physical_error_rate"":0.002}","{""detection_events"":97015,""detectors_checked"":12960000,""obs_mistake_mask=E"":2}"
      4440,         3,         0,   120.7,exact_mw,a39d26a9c85ff1858873bfad720922f64799219ac1b945519c1902b92db90de0,"{""distance"":7,""physical_error_rate"":0.005}","{""detection_events"":65885,""detectors_checked"":3596400,""obs_mistake_mask=E"":3}"
       264,         0,         0,    16.5,exact_mw,98ed6542f5a75ebddbda0ed622fb597fbc85d0a75d139587b6be9a08147ba42d,"{""distance"":7,""physical_error_rate"":0.002}","{""detection_events"":1641,""detectors_checked"":213840}"
   2859008,         3,         0,   119.6,exact_mw,26ede523e6354ffb917e832246591ea54a1b9969785b9947b95e2ebb539e2476,"{""distance"":7,""physical_error_rate"":0.0002}","{""detection_events"":1740497,""detectors_checked"":2315796480,""obs_mistake_mask=E"":3}"
      5504,         2,         0,   120.0,exact_mw,a39d26a9c85ff1858873bfad720922f64799219ac1b945519c1902b92db90de0,"{""distance"":7,""physical_error_rate"":0.005}","{""detection_events"":82771,""detectors_checked"":4458240,""obs_mistake_mask=E"":2}"
     58368,         3,         0,   120.5,exact_mw,d2cc2b129abad1f985b8639603638d6030a837aa2fe57172dffdf28919c1c286,"{""distance"":7,""physical_error_rate"":0.001}","{""detection_events"":177843,""detectors_checked"":47278080,""obs_mistake_mask=E"":3}"
    107648,         3,         0,   120.0,exact_mw,8c54babb212143042928b0eca3852c18ac799bf66eb488a668303745c8494fc5,"{""distance"":7,""physical_error_rate"":0.0005}","{""detection_events"":163513,""detectors_checked"":87194880,""obs_mistake_mask=E"":3}"
      5536,         6,         0,   120.4,exact_mw,a39d26a9c85ff1858873bfad720922f64799219ac1b945519c1902b92db90de0,"{""distance"":7,""physical_error_rate"":0.005}","{""detection_events"":82623,""detectors_checked"":4484160,""obs_mistake_mask=E"":6}"
     65536,         1,         0,   120.9,exact_mw,d2cc2b129abad1f985b8639603638d6030a837aa2fe57172dffdf28919c1c286,"{""distance"":7,""physical_error_rate"":0.001}","{""detection_events"":198613,""detectors_checked"":53084160,""obs_mistake_mask=E"":1}"
   2847744,         5,         0,   119.7,exact_mw,26ede523e6354ffb917e832246591ea54a1b9969785b9947b95e2ebb539e2476,"{""distance"":7,""physical_error_rate"":0.0002}","{""detection_events"":1734007,""detectors_checked"":2306672640,""obs_mistake_mask=E"":5}"
    760832,         1,         0,    32.1,exact_mw,26ede523e6354ffb917e832246591ea54a1b9969785b9947b95e2ebb539e2476,"{""distance"":7,""physical_error_rate"":0.0002}","{""detection_events"":463885,""detectors_checked"":616273920,""obs_mistake_mask=E"":1}"
   1726464,         0,         0,    32.0,exact_mw,92a9cd959715f3d5685c6265974e573ec36ff2f173f7490ff1393041d63371cf,"{""distance"":7,""physical_error_rate"":0.0001}","{""detection_events"":527698,""detectors_checked"":1398435840}"
    425984,         1,         0,   119.7,exact_mw,26ede523e6354ffb917e832246591ea54a1b9969785b9947b95e2ebb539e2476,"{""distance"":7,""physical_error_rate"":0.0002}","{""detection_events"":259082,""detectors_checked"":345047040,""obs_mistake_mask=E"":1}"
    769024,         0,         0,    32.1,exact_mw,26ede523e6354ffb917e832246591ea54a1b9969785b9947b95e2ebb539e2476,"{""distance"":7,""physical_error_rate"":0.0002}","{""detection_events"":469510,""detectors_checked"":622909440}"
     16576,         4,         0,   120.5,exact_mw,98ed6542f5a75ebddbda0ed622fb597fbc85d0a75d139587b6be9a08147ba42d,"{""distance"":7,""physical_error_rate"":0.002}","{""detection_events"":99451,""detectors_checked"":13426560,""obs_mistake_mask=E"":4}"
    353280,         4,         0,   120.0,exact_mw,8c54babb212143042928b0eca3852c18ac799bf66eb488a668303745c8494fc5,"{""distance"":7,""physical_error_rate"":0.0005}","{""detection_events"":536066,""detectors_checked"":286156800,""obs_mistake_mask=E"":4}"
     89088,         1,         0,    32.3,exact_mw,8c54babb212143042928b0eca3852c18ac799bf66eb488a668303745c8494fc5,"{""distance"":7,""physical_error_rate"":0.0005}","{""detection_events"":135348,""detectors_checked"":72161280,""obs_mistake_mask=E"":1}"
    327680,         3,         0,   120.1,exact_mw,8c54babb212143042928b0eca3852c18ac799bf66eb488a668303745c8494fc5,"{""distance"":7,""physical_error_rate"":0.0005}","{""detection_events"":496608,""detectors_checked"":265420800,""obs_mistake_mask=E"":3}"
     58880,         1,         0,   120.6,exact_mw,d2cc2b129abad1f985b8639603638d6030a837aa2fe57172dffdf28919c1c286,"{""distance"":7,""physical_error_rate"":0.001}","{""detection_events"":179195,""detectors_checked"":47692800,""obs_mistake_mask=E"":1}"
   6491136,         1,         0,   119.3,exact_mw,92a9cd959715f3d5685c6265974e573ec36ff2f173f7490ff1393041d63371cf,"{""distance"":7,""physical_error_rate"":0.0001}","{""detection_events"":1979330,""detectors_checked"":5257820160,""obs_mistake_mask=E"":1}"
    340992,         1,         0,   120.4,exact_mw,8c54babb212143042928b0eca3852c18ac799bf66eb488a668303745c8494fc5,"{""distance"":7,""physical_error_rate"":0.0005}","{""detection_events"":519559,""detectors_checked"":276203520,""obs_mistake_mask=E"":1}"
      4096,         1,         0,    32.1,exact_mw,98ed6542f5a75ebddbda0ed622fb597fbc85d0a75d139587b6be9a08147ba42d,"{""distance"":7,""physical_error_rate"":0.002}","{""detection_events"":24558,""detectors_checked"":3317760,""obs_mistake_mask=E"":1}"
     16640,         0,         0,    32.3,exact_mw,d2cc2b129abad1f985b8639603638d6030a837aa2fe57172dffdf28919c1c286,"{""distance"":7,""physical_error_rate"":0.001}","{""detection_events"":50517,""detectors_checked"":13478400}"
     16640,         2,         0,    32.6,exact_mw,d2cc2b129abad1f985b8639603638d6030a837aa2fe57172dffdf28919c1c286,"{""distance"":7,""physical_error_rate"":0.001}","{""detection_events"":50038,""detectors_checked"":13478400,""obs_mistake_mask=E"":2}"
      3608,         1,         0,   120.2,exact_mw,98ed6542f5a75ebddbda0ed622fb597fbc85d0a75d139587b6be9a08147ba42d,"{""distance"":7,""physical_error_rate"":0.002}","{""detection_events"":21601,""detectors_checked"":2922480,""obs_mistake_mask=E"":1}"
     94208,         1,         0,    32.4,exact_mw,8c54babb212143042928b0eca3852c18ac799bf66eb488a668303745c8494fc5,"{""distance"":7,""physical_error_rate"":0.0005}","{""detection_events"":143567,""detectors_checked"":76308480,""obs_mistake_mask=E"":1}"
     16000,         0,         0,   120.0,exact_mw,98ed6542f5a75ebddbda0ed622fb597fbc85d0a75d139587b6be9a08147ba42d,"{""distance"":7,""physical_error_rate"":0.002}","{""detection_events"":96985,""detectors_checked"":12960000}"
      5376,         5,         0,   120.6,exact_mw,a39d26a9c85ff1858873bfad720922f64799219ac1b945519c1902b92db90de0,"{""distance"":7,""physical_error_rate"":0.005}","{""detection_events"":79821,""detectors_checked"":4354560,""obs_mistake_mask=E"":5}"
       764,         1,         0,   120.1,exact_mw,a39d26a9c85ff1858873bfad720922f64799219ac1b945519c1902b92db90de0,"{""distance"":7,""physical_error_rate"":0.005}","{""detection_events"":11433,""detectors_checked"":618840,""obs_mistake_mask=E"":1}"
      2296,         0,         0,   120.4,exact_mw,98ed6542f5a75ebddbda0ed622fb597fbc85d0a75d139587b6be9a08147ba42d,"{""distance"":7,""physical_error_rate"":0.002}","{""detection_events"":13692,""detectors_checked"":1859760}"
     16000,         3,         0,   120.8,exact_mw,98ed6542f5a75ebddbda0ed622fb597fbc85d0a75d139587b6be9a08147ba42d,"{""distance"":7,""physical_error_rate"":0.002}","{""detection_events"":96436,""detectors_checked"":12960000,""obs_mistake_mask=E"":3}"
   2691072,         6,         0,   119.6,exact_mw,26ede523e6354ffb917e832246591ea54a1b9969785b9947b95e2ebb539e2476,"{""distance"":7,""physical_error_rate"":0.0002}","{""detection_events"":1640161,""detectors_checked"":2179768320,""obs_mistake_mask=E"":6}"
     63744,         2,         0,   120.3,exact_mw,d2cc2b129abad1f985b8639603638d6030a837aa2fe57172dffdf28919c1c286,"{""distance"":7,""physical_error_rate"":0.001}","{""detection_events"":192918,""detectors_checked"":51632640,""obs_mistake_mask=E"":2}"
     65536,         2,         0,   120.1,exact_mw,d2cc2b129abad1f985b8639603638d6030a837aa2fe57172dffdf28919c1c286,"{""distance"":7,""physical_error_rate"":0.001}","{""detection_events"":198125,""detectors_checked"":53084160,""obs_mistake_mask=E"":2}"
      1872,         1,         0,    23.0,exact_mw,98ed6542f5a75ebddbda0ed622fb597fbc85d0a75d139587b6be9a08147ba42d,"{""distance"":7,""physical_error_rate"":0.002}","{""detection_events"":11287,""detectors_checked"":1516320,""obs_mistake_mask=E"":1}"
       800,         1,         0,   120.6,exact_mw,a39d26a9c85ff1858873bfad720922f64799219ac1b945519c1902b92db90de0,"{""distance"":7,""physical_error_rate"":0.005}","{""detection_events"":11629,""detectors_checked"":648000,""obs_mistake_mask=E"":1}"
   2689024,         3,         0,   119.5,exact_mw,26ede523e6354ffb917e832246591ea54a1b9969785b9947b95e2ebb539e2476,"{""distance"":7,""physical_error_rate"":0.0002}","{""detection_events"":1637570,""detectors_checked"":2178109440,""obs_mistake_mask=E"":3}"
    927744,         1,         0,   119.1,exact_mw,92a9cd959715f3d5685c6265974e573ec36ff2f173f7490ff1393041d63371cf,"{""distance"":7,""physical_error_rate"":0.0001}","{""detection_events"":282273,""detectors_checked"":751472640,""obs_mistake_mask=E"":1}"
    317440,         1,         0,   120.3,exact_mw,8c54babb212143042928b0eca3852c18ac799bf66eb488a668303745c8494fc5,"{""distance"":7,""physical_error_rate"":0.0005}","{""detection_events"":481883,""detectors_checked"":257126400,""obs_mistake_mask=E"":1}"
    348160,         2,         0,   120.0,exact_mw,8c54babb212143042928b0eca3852c18ac799bf66eb488a668303745c8494fc5,"{""distance"":7,""physical_error_rate"":0.0005}","{""detection_events"":529005,""detectors_checked"":282009600,""obs_mistake_mask=E"":2}"
     64512,         3,         0,   120.2,exact_mw,d2cc2b129abad1f985b8639603638d6030a837aa2fe57172dffdf28919c1c286,"{""distance"":7,""physical_error_rate"":0.001}","{""detection_events"":196057,""detectors_checked"":52254720,""obs_mistake_mask=E"":3}"
       796,         0,         0,   120.6,exact_mw,a39d26a9c85ff1858873bfad720922f64799219ac1b945519c1902b92db90de0,"{""distance"":7,""physical_error_rate"":0.005}","{""detection_events"":12020,""detectors_checked"":644760}"
      5408,         4,         0,   120.5,exact_mw,a39d26a9c85ff1858873bfad720922f64799219ac1b945519c1902b92db90de0,"{""distance"":7,""physical_error_rate"":0.005}","{""detection_events"":81112,""detectors_checked"":4380480,""obs_mistake_mask=E"":4}"
     12800,         0,         0,   120.4,exact_mw,d2cc2b129abad1f985b8639603638d6030a837aa2fe57172dffdf28919c1c286,"{""distance"":7,""physical_error_rate"":0.001}","{""detection_events"":38575,""detectors_checked"":10368000}"
     15616,         1,         0,   120.7,exact_mw,98ed6542f5a75ebddbda0ed622fb597fbc85d0a75d139587b6be9a08147ba42d,"{""distance"":7,""physical_error_rate"":0.002}","{""detection_events"":94356,""detectors_checked"":12648960,""obs_mistake_mask=E"":1}"
   1106944,         2,         0,    44.8,exact_mw,26ede523e6354ffb917e832246591ea54a1b9969785b9947b95e2ebb539e2476,"{""distance"":7,""physical_error_rate"":0.0002}","{""detection_events"":675495,""detectors_checked"":896624640,""obs_mistake_mask=E"":2}"
   2458624,         3,         0,    44.7,exact_mw,92a9cd959715f3d5685c6265974e573ec36ff2f173f7490ff1393041d63371cf,"{""distance"":7,""physical_error_rate"":0.0001}","{""detection_events"":751321,""detectors_checked"":1991485440,""obs_mistake_mask=E"":3}"
    909312,         1,         0,    44.8,exact_mw,26ede523e6354ffb917e832246591ea54a1b9969785b9947b95e2ebb539e2476,"{""distance"":7,""physical_error_rate"":0.0002}","{""detection_events"":554222,""detectors_checked"":736542720,""obs_mistake_mask=E"":1}"
      1672,         0,         0,    32.3,exact_mw,98ed6542f5a75ebddbda0ed622fb597fbc85d0a75d139587b6be9a08147ba42d,"{""distance"":7,""physical_error_rate"":0.002}","{""detection_events"":10099,""detectors_checked"":1354320}"
   6157312,         2,         0,   119.0,exact_mw,92a9cd959715f3d5685c6265974e573ec36ff2f173f7490ff1393041d63371cf,"{""distance"":7,""physical_error_rate"":0.0001}","{""detection_events"":1874488,""detectors_checked"":4987422720,""obs_mistake_mask=E"":2}"
    121856,         0,         0,    45.3,exact_mw,8c54babb212143042928b0eca3852c18ac799bf66eb488a668303745c8494fc5,"{""distance"":7,""physical_error_rate"":0.0005}","{""detection_events"":185491,""detectors_checked"":98703360}"
   2306048,         2,         0,   119.7,exact_mw,26ede523e6354ffb917e832246591ea54a1b9969785b9947b95e2ebb539e2476,"{""distance"":7,""physical_error_rate"":0.0002}","{""detection_events"":1404969,""detectors_checked"":1867898880,""obs_mistake_mask=E"":2}"
      5952,         0,         0,    45.3,exact_mw,98ed6542f5a75ebddbda0ed622fb597fbc85d0a75d139587b6be9a08147ba42d,"{""distance"":7,""physical_error_rate"":0.002}","{""detection_events"":36238,""detectors_checked"":4821120}"
       826,         1,         0,   120.6,exact_mw,a39d26a9c85ff1858873bfad720922f64799219ac1b945519c1902b92db90de0,"{""distance"":7,""physical_error_rate"":0.005}","{""detection_events"":12344,""detectors_checked"":669060,""obs_mistake_mask=E"":1}"
     20224,         3,         0,    45.7,exact_mw,d2cc2b129abad1f985b8639603638d6030a837aa2fe57172dffdf28919c1c286,"{""distance"":7,""physical_error_rate"":0.001}","{""detection_events"":60698,""detectors_checked"":16381440,""obs_mistake_mask=E"":3}"
     24064,         0,         0,    45.7,exact_mw,d2cc2b129abad1f985b8639603638d6030a837aa2fe57172dffdf28919c1c286,"{""distance"":7,""physical_error_rate"":0.001}","{""detection_events"":72942,""detectors_checked"":19491840}"
    990208,         0,         0,   119.5,exact_mw,92a9cd959715f3d5685c6265974e573ec36ff2f173f7490ff1393041d63371cf,"{""distance"":7,""physical_error_rate"":0.0001}","{""detection_events"":301798,""detectors_checked"":802068480}"
    117760,         2,         0,    45.4,exact_mw,8c54babb212143042928b0eca3852c18ac799bf66eb488a668303745c8494fc5,"{""distance"":7,""physical_error_rate"":0.0005}","{""detection_events"":178383,""detectors_checked"":95385600,""obs_mistake_mask=E"":2}"
    163456,         0,         0,   120.4,exact_mw,8c54babb212143042928b0eca3852c18ac799bf66eb488a668303745c8494fc5,"{""distance"":7,""physical_error_rate"":0.0005}","{""detection_events"":248078,""detectors_checked"":132399360}"
     16192,         4,         0,   120.2,exact_mw,98ed6542f5a75ebddbda0ed622fb597fbc85d0a75d139587b6be9a08147ba42d,"{""distance"":7,""physical_error_rate"":0.002}","{""detection_events"":98091,""detectors_checked"":13115520,""obs_mistake_mask=E"":4}"
     63232,         5,         0,   120.2,exact_mw,d2cc2b129abad1f985b8639603638d6030a837aa2fe57172dffdf28919c1c286,"{""distance"":7,""physical_error_rate"":0.001}","{""detection_events"":192119,""detectors_checked"":51217920,""obs_mistake_mask=E"":5}"
   3843072,         2,         0,   119.0,exact_mw,92a9cd959715f3d5685c6265974e573ec36ff2f173f7490ff1393041d63371cf,"{""distance"":7,""physical_error_rate"":0.0001}","{""detection_events"":1172454,""detectors_checked"":3112888320,""obs_mistake_mask=E"":2}"
      1216,         0,         0,    45.1,exact_mw,98ed6542f5a75ebddbda0ed622fb597fbc85d0a75d139587b6be9a08147ba42d,"{""distance"":7,""physical_error_rate"":0.002}","{""detection_events"":7282,""detectors_checked"":984960}"
   6206464,         2,         0,   119.0,exact_mw,92a9cd959715f3d5685c6265974e573ec36ff2f173f7490ff1393041d63371cf,"{""distance"":7,""physical_error_rate"":0.0001}","{""detection_events"":1892663,""detectors_checked"":5027235840,""obs_mistake_mask=E"":2}"
   6554624,         1,         0,   119.2,exact_mw,92a9cd959715f3d5685c6265974e573ec36ff2f173f7490ff1393041d63371cf,"{""distance"":7,""physical_error_rate"":0.0001}","{""detection_events"":1999666,""detectors_checked"":5309245440,""obs_mistake_mask=E"":1}"
     15552,         0,         0,   120.0,exact_mw,98ed6542f5a75ebddbda0ed622fb597fbc85d0a75d139587b6be9a08147ba42d,"{""distance"":7,""physical_error_rate"":0.002}","{""detection_events"":93684,""detectors_checked"":12597120}"
   2783232,         4,         0,   119.6,exact_mw,26ede523e6354ffb917e832246591ea54a1b9969785b9947b95e2ebb539e2476,"{""distance"":7,""physical_error_rate"":0.0002}","{""detection_events"":1698148,""detectors_checked"":2254417920,""obs_mistake_mask=E"":4}"
   2999296,         6,         0,   119.5,exact_mw,26ede523e6354ffb917e832246591ea54a1b9969785b9947b95e2ebb539e2476,"{""distance"":7,""physical_error_rate"":0.0002}","{""detection_events"":1825915,""detectors_checked"":2429429760,""obs_mistake_mask=E"":6}"
   5830656,         1,         0,   119.0,exact_mw,92a9cd959715f3d5685c6265974e573ec36ff2f173f7490ff1393041d63371cf,"{""distance"":7,""physical_error_rate"":0.0001}","{""detection_events"":1774819,""detectors_checked"":4722831360,""obs_mistake_mask=E"":1}"
    293888,         3,         0,   120.2,exact_mw,8c54babb212143042928b0eca3852c18ac799bf66eb488a668303745c8494fc5,"{""distance"":7,""physical_error_rate"":0.0005}","{""detection_events"":446118,""detectors_checked"":238049280,""obs_mistake_mask=E"":3}"
   1432576,         2,         0,    62.7,exact_mw,26ede523e6354ffb917e832246591ea54a1b9969785b9947b95e2ebb539e2476,"{""distance"":7,""physical_error_rate"":0.0002}","{""detection_events"":873899,""detectors_checked"":1160386560,""obs_mistake_mask=E"":2}"
   3173376,         0,         0,    62.6,exact_mw,92a9cd959715f3d5685c6265974e573ec36ff2f173f7490ff1393041d63371cf,"{""distance"":7,""physical_error_rate"":0.0001}","{""detection_events"":968011,""detectors_checked"":2570434560}"
    346112,         5,         0,   120.0,exact_mw,8c54babb212143042928b0eca3852c18ac799bf66eb488a668303745c8494fc5,"{""distance"":7,""physical_error_rate"":0.0005}","{""detection_events"":526854,""detectors_checked"":280350720,""obs_mistake_mask=E"":5}"
   6167552,         1,         0,   119.1,exact_mw,92a9cd959715f3d5685c6265974e573ec36ff2f173f7490ff1393041d63371cf,"{""distance"":7,""physical_error_rate"":0.0001}","{""detection_events"":1879355,""detectors_checked"":4995717120,""obs_mistake_mask=E"":1}"
   1041408,         1,         0,    62.8,exact_mw,26ede523e6354ffb917e832246591ea54a1b9969785b9947b95e2ebb539e2476,"{""distance"":7,""physical_error_rate"":0.0002}","{""detection_events"":633331,""detectors_checked"":843540480,""obs_mistake_mask=E"":1}"
      5152,         4,         0,   120.5,exact_mw,a39d26a9c85ff1858873bfad720922f64799219ac1b945519c1902b92db90de0,"{""distance"":7,""physical_error_rate"":0.005}","{""detection_events"":77219,""detectors_checked"":4173120,""obs_mistake_mask=E"":4}"
   1731584,         2,         0,   119.7,exact_mw,26ede523e6354ffb917e832246591ea54a1b9969785b9947b95e2ebb539e2476,"{""distance"":7,""physical_error_rate"":0.0002}","{""detection_events"":1054468,""detectors_checked"":1402583040,""obs_mistake_mask=E"":2}"
     61696,         3,         0,   120.4,exact_mw,d2cc2b129abad1f985b8639603638d6030a837aa2fe57172dffdf28919c1c286,"{""distance"":7,""physical_error_rate"":0.001}","{""detection_events"":186672,""detectors_checked"":49973760,""obs_mistake_mask=E"":3}"
     11904,         1,         0,   120.2,exact_mw,98ed6542f5a75ebddbda0ed622fb597fbc85d0a75d139587b6be9a08147ba42d,"{""distance"":7,""physical_error_rate"":0.002}","{""detection_events"":71730,""detectors_checked"":9642240,""obs_mistake_mask=E"":1}"
      4960,         1,         0,   120.8,exact_mw,a39d26a9c85ff1858873bfad720922f64799219ac1b945519c1902b92db90de0,"{""distance"":7,""physical_error_rate"":0.005}","{""detection_events"":74330,""detectors_checked"":4017600,""obs_mistake_mask=E"":1}"
    172032,         2,         0,    62.9,exact_mw,8c54babb212143042928b0eca3852c18ac799bf66eb488a668303745c8494fc5,"{""distance"":7,""physical_error_rate"":0.0005}","{""detection_events"":261708,""detectors_checked"":139345920,""obs_mistake_mask=E"":2}"
   2728960,         1,         0,   119.5,exact_mw,26ede523e6354ffb917e832246591ea54a1b9969785b9947b95e2ebb539e2476,"{""distance"":7,""physical_error_rate"":0.0002}","{""detection_events"":1663687,""detectors_checked"":2210457600,""obs_mistake_mask=E"":1}"
      3800,         5,         0,   120.2,exact_mw,a39d26a9c85ff1858873bfad720922f64799219ac1b945519c1902b92db90de0,"{""distance"":7,""physical_error_rate"":0.005}","{""detection_events"":56864,""detectors_checked"":3078000,""obs_mistake_mask=E"":5}"
      7936,         0,         0,    63.0,exact_mw,98ed6542f5a75ebddbda0ed622fb597fbc85d0a75d139587b6be9a08147ba42d,"{""distance"":7,""physical_error_rate"":0.002}","{""detection_events"":48069,""detectors_checked"":6428160}"
     60160,         2,         0,   120.5,exact_mw,d2cc2b129abad1f985b8639603638d6030a837aa2fe57172dffdf28919c1c286,"{""distance"":7,""physical_error_rate"":0.001}","{""detection_events"":182999,""detectors_checked"":48729600,""obs_mistake_mask=E"":2}"
     91904,         1,         0,   119.9,exact_mw,8c54babb212143042928b0eca3852c18ac799bf66eb488a668303745c8494fc5,"{""distance"":7,""physical_error_rate"":0.0005}","{""detection_events"":139742,""detectors_checked"":74442240,""obs_mistake_mask=E"":1}"
      5440,         8,         0,   120.3,exact_mw,a39d26a9c85ff1858873bfad720922f64799219ac1b945519c1902b92db90de0,"{""distance"":7,""physical_error_rate"":0.005}","{""detection_events"":81526,""detectors_checked"":4406400,""obs_mistake_mask=E"":8}"
   2317312,         1,         0,   119.5,exact_mw,26ede523e6354ffb917e832246591ea54a1b9969785b9947b95e2ebb539e2476,"{""distance"":7,""physical_error_rate"":0.0002}","{""detection_events"":1412294,""detectors_checked"":1877022720,""obs_mistake_mask=E"":1}"
     66048,         3,         0,   120.7,exact_mw,d2cc2b129abad1f985b8639603638d6030a837aa2fe57172dffdf28919c1c286,"{""distance"":7,""physical_error_rate"":0.001}","{""detection_events"":199323,""detectors_checked"":53498880,""obs_mistake_mask=E"":3}"
     28416,         1,         0,    63.6,exact_mw,d2cc2b129abad1f985b8639603638d6030a837aa2fe57172dffdf28919c1c286,"{""distance"":7,""physical_error_rate"":0.001}","{""detection_events"":84815,""detectors_checked"":23016960,""obs_mistake_mask=E"":1}"
     33792,         1,         0,    63.6,exact_mw,d2cc2b129abad1f985b8639603638d6030a837aa2fe57172dffdf28919c1c286,"{""distance"":7,""physical_error_rate"":0.001}","{""detection_events"":102323,""detectors_checked"":27371520,""obs_mistake_mask=E"":1}"
    147456,         1,         0,    63.1,exact_mw,8c54babb212143042928b0eca3852c18ac799bf66eb488a668303745c8494fc5,"{""distance"":7,""physical_error_rate"":0.0005}","{""detection_events"":225014,""detectors_checked"":119439360,""obs_mistake_mask=E"":1}"
   1108992,         2,         0,   119.4,exact_mw,26ede523e6354ffb917e832246591ea54a1b9969785b9947b95e2ebb539e2476,"{""distance"":7,""physical_error_rate"":0.0002}","{""detection_events"":677282,""detectors_checked"":898283520,""obs_mistake_mask=E"":2}"
     15872,         4,         0,   120.3,exact_mw,98ed6542f5a75ebddbda0ed622fb597fbc85d0a75d139587b6be9a08147ba42d,"{""distance"":7,""physical_error_rate"":0.002}","{""detection_events"":95441,""detectors_checked"":12856320,""obs_mistake_mask=E"":4}"
    336896,         6,         0,   120.2,exact_mw,8c54babb212143042928b0eca3852c18ac799bf66eb488a668303745c8494fc5,"{""distance"":7,""physical_error_rate"":0.0005}","{""detection_events"":512680,""detectors_checked"":272885760,""obs_mistake_mask=E"":6}"
    332800,         3,         0,   120.2,exact_mw,8c54babb212143042928b0eca3852c18ac799bf66eb488a668303745c8494fc5,"{""distance"":7,""physical_error_rate"":0.0005}","{""detection_events"":506295,""detectors_checked"":269568000,""obs_mistake_mask=E"":3}"
     59904,         2,         0,   120.8,exact_mw,d2cc2b129abad1f985b8639603638d6030a837aa2fe57172dffdf28919c1c286,"{""distance"":7,""physical_error_rate"":0.001}","{""detection_events"":180886,""detectors_checked"":48522240,""obs_mistake_mask=E"":2}"
   5750784,         2,         0,   119.3,exact_mw,92a9cd959715f3d5685c6265974e573ec36ff2f173f7490ff1393041d63371cf,"{""distance"":7,""physical_error_rate"":0.0001}","{""detection_events"":1755951,""detectors_checked"":4658135040,""obs_mistake_mask=E"":2}"
    296960,         3,         0,   120.2,exact_mw,8c54babb212143042928b0eca3852c18ac799bf66eb488a668303745c8494fc5,"{""distance"":7,""physical_error_rate"":0.0005}","{""detection_events"":451758,""detectors_checked"":240537600,""obs_mistake_mask=E"":3}"
      7648,         1,         0,   120.0,exact_mw,98ed6542f5a75ebddbda0ed622fb597fbc85d0a75d139587b6be9a08147ba42d,"{""distance"":7,""physical_error_rate"":0.002}","{""detection_events"":46175,""detectors_checked"":6194880,""obs_mistake_mask=E"":1}"
     13056,         1,         0,   120.1,exact_mw,98ed6542f5a75ebddbda0ed622fb597fbc85d0a75d139587b6be9a08147ba42d,"{""distance"":7,""physical_error_rate"":0.002}","{""detection_events"":78650,""detectors_checked"":10575360,""obs_mistake_mask=E"":1}"
      4992,         0,         0,   120.8,exact_mw,a39d26a9c85ff1858873bfad720922f64799219ac1b945519c1902b92db90de0,"{""distance"":7,""physical_error_rate"":0.005}","{""detection_events"":74798,""detectors_checked"":4043520}"
      2152,         2,         0,   120.4,exact_mw,a39d26a9c85ff1858873bfad720922f64799219ac1b945519c1902b92db90de0,"{""distance"":7,""physical_error_rate"":0.005}","{""detection_events"":31924,""detectors_checked"":1743120,""obs_mistake_mask=E"":2}"
   2852864,         3,         0,   119.6,exact_mw,26ede523e6354ffb917e832246591ea54a1b9969785b9947b95e2ebb539e2476,"{""distance"":7,""physical_error_rate"":0.0002}","{""detection_events"":1738349,""detectors_checked"":2310819840,""obs_mistake_mask=E"":3}"
     15424,         1,         0,   120.6,exact_mw,98ed6542f5a75ebddbda0ed622fb597fbc85d0a75d139587b6be9a08147ba42d,"{""distance"":7,""physical_error_rate"":0.002}","{""detection_events"":93479,""detectors_checked"":12493440,""obs_mistake_mask=E"":1}"
      7264,         1,         0,   120.6,exact_mw,98ed6542f5a75ebddbda0ed622fb597fbc85d0a75d139587b6be9a08147ba42d,"{""distance"":7,""physical_error_rate"":0.002}","{""detection_events"":44410,""detectors_checked"":5883840,""obs_mistake_mask=E"":1}"
     50944,         1,         0,   120.1,exact_mw,d2cc2b129abad1f985b8639603638d6030a837aa2fe57172dffdf28919c1c286,"{""distance"":7,""physical_error_rate"":0.001}","{""detection_events"":153739,""detectors_checked"":41264640,""obs_mistake_mask=E"":1}"
     47744,         5,         0,   120.7,exact_mw,d2cc2b129abad1f985b8639603638d6030a837aa2fe57172dffdf28919c1c286,"{""distance"":7,""physical_error_rate"":0.001}","{""detection_events"":143907,""detectors_checked"":38672640,""obs_mistake_mask=E"":5}"
   2795520,         7,         0,   119.5,exact_mw,26ede523e6354ffb917e832246591ea54a1b9969785b9947b95e2ebb539e2476,"{""distance"":7,""physical_error_rate"":0.0002}","{""detection_events"":1706254,""detectors_checked"":2264371200,""obs_mistake_mask=E"":7}"
      2548,         1,         0,   120.7,exact_mw,a39d26a9c85ff1858873bfad720922f64799219ac1b945519c1902b92db90de0,"{""distance"":7,""physical_error_rate"":0.005}","{""detection_events"":38437,""detectors_checked"":2063880,""obs_mistake_mask=E"":1}"
   1210368,         1,         0,   119.3,exact_mw,92a9cd959715f3d5685c6265974e573ec36ff2f173f7490ff1393041d63371cf,"{""distance"":7,""physical_error_rate"":0.0001}","{""detection_events"":369815,""detectors_checked"":980398080,""obs_mistake_mask=E"":1}"
    294912,         2,         0,   120.2,exact_mw,8c54babb212143042928b0eca3852c18ac799bf66eb488a668303745c8494fc5,"{""distance"":7,""physical_error_rate"":0.0005}","{""detection_events"":449689,""detectors_checked"":238878720,""obs_mistake_mask=E"":2}"
    274432,         4,         0,   120.2,exact_mw,8c54babb212143042928b0eca3852c18ac799bf66eb488a668303745c8494fc5,"{""distance"":7,""physical_error_rate"":0.0005}","{""detection_events"":416818,""detectors_checked"":222289920,""obs_mistake_mask=E"":4}"
      3680,         1,         0,   120.6,exact_mw,a39d26a9c85ff1858873bfad720922f64799219ac1b945519c1902b92db90de0,"{""distance"":7,""physical_error_rate"":0.005}","{""detection_events"":55509,""detectors_checked"":2980800,""obs_mistake_mask=E"":1}"
     61696,         3,         0,   120.7,exact_mw,d2cc2b129abad1f985b8639603638d6030a837aa2fe57172dffdf28919c1c286,"{""distance"":7,""physical_error_rate"":0.001}","{""detection_events"":187360,""detectors_checked"":49973760,""obs_mistake_mask=E"":3}"
      5504,         3,         0,   120.2,exact_mw,a39d26a9c85ff1858873bfad720922f64799219ac1b945519c1902b92db90de0,"{""distance"":7,""physical_error_rate"":0.005}","{""detection_events"":81941,""detectors_checked"":4458240,""obs_mistake_mask=E"":3}"
      1776,         0,         0,    63.1,exact_mw,98ed6542f5a75ebddbda0ed622fb597fbc85d0a75d139587b6be9a08147ba42d,"{""distance"":7,""physical_error_rate"":0.002}","{""detection_events"":10321,""detectors_checked"":1438560}"
     32704,         2,         0,   120.2,exact_mw,d2cc2b129abad1f985b8639603638d6030a837aa2fe57172dffdf28919c1c286,"{""distance"":7,""physical_error_rate"":0.001}","{""detection_events"":99348,""detectors_checked"":26490240,""obs_mistake_mask=E"":2}"
     16256,         2,         0,   120.8,exact_mw,98ed6542f5a75ebddbda0ed622fb597fbc85d0a75d139587b6be9a08147ba42d,"{""distance"":7,""physical_error_rate"":0.002}","{""detection_events"":98568,""detectors_checked"":13167360,""obs_mistake_mask=E"":2}"
   6388736,         1,         0,   119.2,exact_mw,92a9cd959715f3d5685c6265974e573ec36ff2f173f7490ff1393041d63371cf,"{""distance"":7,""physical_error_rate"":0.0001}","{""detection_events"":1949882,""detectors_checked"":5174876160,""obs_mistake_mask=E"":1}"
    578560,         0,         0,   120.2,exact_mw,26ede523e6354ffb917e832246591ea54a1b9969785b9947b95e2ebb539e2476,"{""distance"":7,""physical_error_rate"":0.0002}","{""detection_events"":352659,""detectors_checked"":468633600}"
      1052,         1,         0,   121.0,exact_mw,a39d26a9c85ff1858873bfad720922f64799219ac1b945519c1902b92db90de0,"{""distance"":7,""physical_error_rate"":0.005}","{""detection_events"":15645,""detectors_checked"":852120,""obs_mistake_mask=E"":1}"
   1244160,         0,         0,   119.3,exact_mw,92a9cd959715f3d5685c6265974e573ec36ff2f173f7490ff1393041d63371cf,"{""distance"":7,""physical_error_rate"":0.0001}","{""detection_events"":380159,""detectors_checked"":1007769600}"
    273408,         3,         0,   120.2,exact_mw,8c54babb212143042928b0eca3852c18ac799bf66eb488a668303745c8494fc5,"{""distance"":7,""physical_error_rate"":0.0005}","{""detection_events"":415442,""detectors_checked"":221460480,""obs_mistake_mask=E"":3}"
     15680,         0,         0,   120.1,exact_mw,98ed6542f5a75ebddbda0ed622fb597fbc85d0a75d139587b6be9a08147ba42d,"{""distance"":7,""physical_error_rate"":0.002}","{""detection_events"":95681,""detectors_checked"":12700800}"
     65024,         2,         0,   120.2,exact_mw,d2cc2b129abad1f985b8639603638d6030a837aa2fe57172dffdf28919c1c286,"{""distance"":7,""physical_error_rate"":0.001}","{""detection_events"":197396,""detectors_checked"":52669440,""obs_mistake_mask=E"":2}"
   1999872,         4,         0,    87.8,exact_mw,26ede523e6354ffb917e832246591ea54a1b9969785b9947b95e2ebb539e2476,"{""distance"":7,""physical_error_rate"":0.0002}","{""detection_events"":1217257,""detectors_checked"":1619896320,""obs_mistake_mask=E"":4}"
   4474880,         2,         0,    87.7,exact_mw,92a9cd959715f3d5685c6265974e573ec36ff2f173f7490ff1393041d63371cf,"{""distance"":7,""physical_error_rate"":0.0001}","{""detection_events"":1364073,""detectors_checked"":3624652800,""obs_mistake_mask=E"":2}"
   1990656,         2,         0,    87.9,exact_mw,26ede523e6354ffb917e832246591ea54a1b9969785b9947b95e2ebb539e2476,"{""distance"":7,""physical_error_rate"":0.0002}","{""detection_events"":1212823,""detectors_checked"":1612431360,""obs_mistake_mask=E"":2}"
   5011456,         0,         0,   119.2,exact_mw,92a9cd959715f3d5685c6265974e573ec36ff2f173f7490ff1393041d63371cf,"{""distance"":7,""physical_error_rate"":0.0001}","{""detection_events"":1531071,""detectors_checked"":4059279360}"
    257024,         3,         0,    88.3,exact_mw,8c54babb212143042928b0eca3852c18ac799bf66eb488a668303745c8494fc5,"{""distance"":7,""physical_error_rate"":0.0005}","{""detection_events"":391212,""detectors_checked"":208189440,""obs_mistake_mask=E"":3}"
     11392,         4,         0,    88.6,exact_mw,98ed6542f5a75ebddbda0ed622fb597fbc85d0a75d139587b6be9a08147ba42d,"{""distance"":7,""physical_error_rate"":0.002}","{""detection_events"":69780,""detectors_checked"":9227520,""obs_mistake_mask=E"":4}"
      8608,         1,         0,    88.3,exact_mw,d2cc2b129abad1f985b8639603638d6030a837aa2fe57172dffdf28919c1c286,"{""distance"":7,""physical_error_rate"":0.001}","{""detection_events"":26600,""detectors_checked"":6972480,""obs_mistake_mask=E"":1}"
     47616,         2,         0,    88.3,exact_mw,d2cc2b129abad1f985b8639603638d6030a837aa2fe57172dffdf28919c1c286,"{""distance"":7,""physical_error_rate"":0.001}","{""detection_events"":144562,""detectors_checked"":38568960,""obs_mistake_mask=E"":2}"
    205824,         1,         0,    88.3,exact_mw,8c54babb212143042928b0eca3852c18ac799bf66eb488a668303745c8494fc5,"{""distance"":7,""physical_error_rate"":0.0005}","{""detection_events"":312503,""detectors_checked"":166717440,""obs_mistake_mask=E"":1}"
   5407744,         0,         0,   119.2,exact_mw,92a9cd959715f3d5685c6265974e573ec36ff2f173f7490ff1393041d63371cf,"{""distance"":7,""physical_error_rate"":0.0001}","{""detection_events"":1647406,""detectors_checked"":4380272640}"
   6146048,         2,         0,   119.2,exact_mw,92a9cd959715f3d5685c6265974e573ec36ff2f173f7490ff1393041d63371cf,"{""distance"":7,""physical_error_rate"":0.0001}","{""detection_events"":1872637,""detectors_checked"":4978298880,""obs_mistake_mask=E"":2}"
     16256,         3,         0,   120.4,exact_mw,98ed6542f5a75ebddbda0ed622fb597fbc85d0a75d139587b6be9a08147ba42d,"{""distance"":7,""physical_error_rate"":0.002}","{""detection_events"":97771,""detectors_checked"":13167360,""obs_mistake_mask=E"":3}"
   2728960,         5,         0,   119.5,exact_mw,26ede523e6354ffb917e832246591ea54a1b9969785b9947b95e2ebb539e2476,"{""distance"":7,""physical_error_rate"":0.0002}","{""detection_events"":1665553,""detectors_checked"":2210457600,""obs_mistake_mask=E"":5}"
   2863104,         2,         0,   119.7,exact_mw,26ede523e6354ffb917e832246591ea54a1b9969785b9947b95e2ebb539e2476,"{""distance"":7,""physical_error_rate"":0.0002}","{""detection_events"":1747320,""detectors_checked"":2319114240,""obs_mistake_mask=E"":2}"
   5485568,         0,         0,   119.1,exact_mw,92a9cd959715f3d5685c6265974e573ec36ff2f173f7490ff1393041d63371cf,"{""distance"":7,""physical_error_rate"":0.0001}","{""detection_events"":1672309,""detectors_checked"":4443310080}"
    264192,         2,         0,   120.1,exact_mw,8c54babb212143042928b0eca3852c18ac799bf66eb488a668303745c8494fc5,"{""distance"":7,""physical_error_rate"":0.0005}","{""detection_events"":402425,""detectors_checked"":213995520,""obs_mistake_mask=E"":2}"
    347136,         3,         0,   120.3,exact_mw,8c54babb212143042928b0eca3852c18ac799bf66eb488a668303745c8494fc5,"{""distance"":7,""physical_error_rate"":0.0005}","{""detection_events"":527285,""detectors_checked"":281180160,""obs_mistake_mask=E"":3}"
   6014976,         2,         0,   119.2,exact_mw,92a9cd959715f3d5685c6265974e573ec36ff2f173f7490ff1393041d63371cf,"{""distance"":7,""physical_error_rate"":0.0001}","{""detection_events"":1835476,""detectors_checked"":4872130560,""obs_mistake_mask=E"":2}"
      5088,         2,         0,   120.0,exact_mw,a39d26a9c85ff1858873bfad720922f64799219ac1b945519c1902b92db90de0,"{""distance"":7,""physical_error_rate"":0.005}","{""detection_events"":75995,""detectors_checked"":4121280,""obs_mistake_mask=E"":2}"
    519168,         2,         0,   119.3,exact_mw,26ede523e6354ffb917e832246591ea54a1b9969785b9947b95e2ebb539e2476,"{""distance"":7,""physical_error_rate"":0.0002}","{""detection_events"":315969,""detectors_checked"":420526080,""obs_mistake_mask=E"":2}"
      8288,         1,         0,   120.0,exact_mw,98ed6542f5a75ebddbda0ed622fb597fbc85d0a75d139587b6be9a08147ba42d,"{""distance"":7,""physical_error_rate"":0.002}","{""detection_events"":50253,""detectors_checked"":6713280,""obs_mistake_mask=E"":1}"
     54528,         0,         0,   120.4,exact_mw,d2cc2b129abad1f985b8639603638d6030a837aa2fe57172dffdf28919c1c286,"{""distance"":7,""physical_error_rate"":0.001}","{""detection_events"":165972,""detectors_checked"":44167680}"
       964,         1,         0,   120.2,exact_mw,a39d26a9c85ff1858873bfad720922f64799219ac1b945519c1902b92db90de0,"{""distance"":7,""physical_error_rate"":0.005}","{""detection_events"":14152,""detectors_checked"":780840,""obs_mistake_mask=E"":1}"
   2606080,         2,         0,   119.7,exact_mw,26ede523e6354ffb917e832246591ea54a1b9969785b9947b95e2ebb539e2476,"{""distance"":7,""physical_error_rate"":0.0002}","{""detection_events"":1590715,""detectors_checked"":2110924800,""obs_mistake_mask=E"":2}"
      2808,         3,         0,   120.7,exact_mw,a39d26a9c85ff1858873bfad720922f64799219ac1b945519c1902b92db90de0,"{""distance"":7,""physical_error_rate"":0.005}","{""detection_events"":41676,""detectors_checked"":2274480,""obs_mistake_mask=E"":3}"
     61952,         5,         0,   120.5,exact_mw,d2cc2b129abad1f985b8639603638d6030a837aa2fe57172dffdf28919c1c286,"{""distance"":7,""physical_error_rate"":0.001}","{""detection_events"":188111,""detectors_checked"":50181120,""obs_mistake_mask=E"":5}"
      5536,         7,         0,   120.1,exact_mw,a39d26a9c85ff1858873bfad720922f64799219ac1b945519c1902b92db90de0,"{""distance"":7,""physical_error_rate"":0.005}","{""detection_events"":81935,""detectors_checked"":4484160,""obs_mistake_mask=E"":7}"
    123904,         0,         0,   120.5,exact_mw,8c54babb212143042928b0eca3852c18ac799bf66eb488a668303745c8494fc5,"{""distance"":7,""physical_error_rate"":0.0005}","{""detection_events"":188456,""detectors_checked"":100362240}"
   2490368,         5,         0,   119.6,exact_mw,26ede523e6354ffb917e832246591ea54a1b9969785b9947b95e2ebb539e2476,"{""distance"":7,""physical_error_rate"":0.0002}","{""detection_events"":1518170,""detectors_checked"":2017198080,""obs_mistake_mask=E"":5}"
     66048,         1,         0,   120.0,exact_mw,d2cc2b129abad1f985b8639603638d6030a837aa2fe57172dffdf28919c1c286,"{""distance"":7,""physical_error_rate"":0.001}","{""detection_events"":200894,""detectors_checked"":53498880,""obs_mistake_mask=E"":1}"
   2479104,         2,         0,   119.6,exact_mw,26ede523e6354ffb917e832246591ea54a1b9969785b9947b95e2ebb539e2476,"{""distance"":7,""physical_error_rate"":0.0002}","{""detection_events"":1513588,""detectors_checked"":2008074240,""obs_mistake_mask=E"":2}"
     16448,         1,         0,   120.0,exact_mw,98ed6542f5a75ebddbda0ed622fb597fbc85d0a75d139587b6be9a08147ba42d,"{""distance"":7,""physical_error_rate"":0.002}","{""detection_events"":98919,""detectors_checked"":13322880,""obs_mistake_mask=E"":1}"
    326656,         3,         0,   120.1,exact_mw,8c54babb212143042928b0eca3852c18ac799bf66eb488a668303745c8494fc5,"{""distance"":7,""physical_error_rate"":0.0005}","{""detection_events"":496757,""detectors_checked"":264591360,""obs_mistake_mask=E"":3}"
    320512,         4,         0,   120.3,exact_mw,8c54babb212143042928b0eca3852c18ac799bf66eb488a668303745c8494fc5,"{""distance"":7,""physical_error_rate"":0.0005}","{""detection_events"":486279,""detectors_checked"":259614720,""obs_mistake_mask=E"":4}"
     61440,         2,         0,   120.3,exact_mw,d2cc2b129abad1f985b8639603638d6030a837aa2fe57172dffdf28919c1c286,"{""distance"":7,""physical_error_rate"":0.001}","{""detection_events"":186927,""detectors_checked"":49766400,""obs_mistake_mask=E"":2}"
   5820416,         1,         0,   119.2,exact_mw,92a9cd959715f3d5685c6265974e573ec36ff2f173f7490ff1393041d63371cf,"{""distance"":7,""physical_error_rate"":0.0001}","{""detection_events"":1769650,""detectors_checked"":4714536960,""obs_mistake_mask=E"":1}"
      1928,         0,         0,    88.8,exact_mw,98ed6542f5a75ebddbda0ed622fb597fbc85d0a75d139587b6be9a08147ba42d,"{""distance"":7,""physical_error_rate"":0.002}","{""detection_events"":11459,""detectors_checked"":1561680}"
    335872,         4,         0,   120.0,exact_mw,8c54babb212143042928b0eca3852c18ac799bf66eb488a668303745c8494fc5,"{""distance"":7,""physical_error_rate"":0.0005}","{""detection_events"":510031,""detectors_checked"":272056320,""obs_mistake_mask=E"":4}"
   1536134,         0,         0,    28.9,exact_mw,92a9cd959715f3d5685c6265974e573ec36ff2f173f7490ff1393041d63371cf,"{""distance"":7,""physical_error_rate"":0.0001}","{""detection_events"":467623,""detectors_checked"":1244268540}"
     14528,         3,         0,   120.0,exact_mw,98ed6542f5a75ebddbda0ed622fb597fbc85d0a75d139587b6be9a08147ba42d,"{""distance"":7,""physical_error_rate"":0.002}","{""detection_events"":88013,""detectors_checked"":11767680,""obs_mistake_mask=E"":3}"
     13120,         1,         0,   120.0,exact_mw,98ed6542f5a75ebddbda0ed622fb597fbc85d0a75d139587b6be9a08147ba42d,"{""distance"":7,""physical_error_rate"":0.002}","{""detection_events"":79244,""detectors_checked"":10627200,""obs_mistake_mask=E"":1}"
      5344,         5,         0,   120.6,exact_mw,a39d26a9c85ff1858873bfad720922f64799219ac1b945519c1902b92db90de0,"{""distance"":7,""physical_error_rate"":0.005}","{""detection_events"":78949,""detectors_checked"":4328640,""obs_mistake_mask=E"":5}"
      5056,         4,         0,   120.0,exact_mw,a39d26a9c85ff1858873bfad720922f64799219ac1b945519c1902b92db90de0,"{""distance"":7,""physical_error_rate"":0.005}","{""detection_events"":76035,""detectors_checked"":4095360,""obs_mistake_mask=E"":4}"
   2697216,         3,         0,   119.5,exact_mw,26ede523e6354ffb917e832246591ea54a1b9969785b9947b95e2ebb539e2476,"{""distance"":7,""physical_error_rate"":0.0002}","{""detection_events"":1643976,""detectors_checked"":2184744960,""obs_mistake_mask=E"":3}"
      2544,         0,         0,   119.9,exact_mw,98ed6542f5a75ebddbda0ed622fb597fbc85d0a75d139587b6be9a08147ba42d,"{""distance"":7,""physical_error_rate"":0.002}","{""detection_events"":15777,""detectors_checked"":2060640}"
     15680,         0,         0,   120.1,exact_mw,98ed6542f5a75ebddbda0ed622fb597fbc85d0a75d139587b6be9a08147ba42d,"{""distance"":7,""physical_error_rate"":0.002}","{""detection_events"":94089,""detectors_checked"":12700800}"
     57536,         1,         0,   120.1,exact_mw,d2cc2b129abad1f985b8639603638d6030a837aa2fe57172dffdf28919c1c286,"{""distance"":7,""physical_error_rate"":0.001}","{""detection_events"":174560,""detectors_checked"":46604160,""obs_mistake_mask=E"":1}"
     61952,         3,         0,   120.5,exact_mw,d2cc2b129abad1f985b8639603638d6030a837aa2fe57172dffdf28919c1c286,"{""distance"":7,""physical_error_rate"":0.001}","{""detection_events"":188204,""detectors_checked"":50181120,""obs_mistake_mask=E"":3}"
   2741248,         2,         0,   119.6,exact_mw,26ede523e6354ffb917e832246591ea54a1b9969785b9947b95e2ebb539e2476,"{""distance"":7,""physical_error_rate"":0.0002}","{""detection_events"":1671087,""detectors_checked"":2220410880,""obs_mistake_mask=E"":2}"
   1087488,         0,         0,   119.2,exact_mw,92a9cd959715f3d5685c6265974e573ec36ff2f173f7490ff1393041d63371cf,"{""distance"":7,""physical_error_rate"":0.0001}","{""detection_events"":330855,""detectors_checked"":880865280}"
      4496,         6,         0,   120.7,exact_mw,a39d26a9c85ff1858873bfad720922f64799219ac1b945519c1902b92db90de0,"{""distance"":7,""physical_error_rate"":0.005}","{""detection_events"":67007,""detectors_checked"":3641760,""obs_mistake_mask=E"":6}"
    309248,         1,         0,   120.2,exact_mw,8c54babb212143042928b0eca3852c18ac799bf66eb488a668303745c8494fc5,"{""distance"":7,""physical_error_rate"":0.0005}","{""detection_events"":470462,""detectors_checked"":250490880,""obs_mistake_mask=E"":1}"
    177664,         2,         0,   120.5,exact_mw,8c54babb212143042928b0eca3852c18ac799bf66eb488a668303745c8494fc5,"{""distance"":7,""physical_error_rate"":0.0005}","{""detection_events"":271189,""detectors_checked"":143907840,""obs_mistake_mask=E"":2}"
     60672,         2,         0,   120.4,exact_mw,d2cc2b129abad1f985b8639603638d6030a837aa2fe57172dffdf28919c1c286,"{""distance"":7,""physical_error_rate"":0.001}","{""detection_events"":185173,""detectors_checked"":49144320,""obs_mistake_mask=E"":2}"
      1544,         1,         0,   120.3,exact_mw,a39d26a9c85ff1858873bfad720922f64799219ac1b945519c1902b92db90de0,"{""distance"":7,""physical_error_rate"":0.005}","{""detection_events"":23081,""detectors_checked"":1250640,""obs_mistake_mask=E"":1}"
      5072,         4,         0,   120.1,exact_mw,a39d26a9c85ff1858873bfad720922f64799219ac1b945519c1902b92db90de0,"{""distance"":7,""physical_error_rate"":0.005}","{""detection_events"":75280,""detectors_checked"":4108320,""obs_mistake_mask=E"":4}"
     54272,         1,         0,   119.9,exact_mw,d2cc2b129abad1f985b8639603638d6030a837aa2fe57172dffdf28919c1c286,"{""distance"":7,""physical_error_rate"":0.001}","{""detection_events"":165265,""detectors_checked"":43960320,""obs_mistake_mask=E"":1}"
     16000,         2,         0,   120.8,exact_mw,98ed6542f5a75ebddbda0ed622fb597fbc85d0a75d139587b6be9a08147ba42d,"{""distance"":7,""physical_error_rate"":0.002}","{""detection_events"":96307,""detectors_checked"":12960000,""obs_mistake_mask=E"":2}"
   6217728,         0,         0,   119.0,exact_mw,92a9cd959715f3d5685c6265974e573ec36ff2f173f7490ff1393041d63371cf,"{""distance"":7,""physical_error_rate"":0.0001}","{""detection_events"":1900076,""detectors_checked"":5036359680}"
    444416,         0,         0,   119.3,exact_mw,26ede523e6354ffb917e832246591ea54a1b9969785b9947b95e2ebb539e2476,"{""distance"":7,""physical_error_rate"":0.0002}","{""detection_events"":270160,""detectors_checked"":359976960}"
    962560,         0,         0,   119.2,exact_mw,92a9cd959715f3d5685c6265974e573ec36ff2f173f7490ff1393041d63371cf,"{""distance"":7,""physical_error_rate"":0.0001}","{""detection_events"":292797,""detectors_checked"":779673600}"
       780,         0,         0,   120.7,exact_mw,a39d26a9c85ff1858873bfad720922f64799219ac1b945519c1902b92db90de0,"{""distance"":7,""physical_error_rate"":0.005}","{""detection_events"":11705,""detectors_checked"":631800}"
    327680,         0,         0,   120.3,exact_mw,8c54babb212143042928b0eca3852c18ac799bf66eb488a668303745c8494fc5,"{""distance"":7,""physical_error_rate"":0.0005}","{""detection_events"":496730,""detectors_checked"":265420800}"
     16192,         2,         0,   120.6,exact_mw,98ed6542f5a75ebddbda0ed622fb597fbc85d0a75d139587b6be9a08147ba42d,"{""distance"":7,""physical_error_rate"":0.002}","{""detection_events"":97329,""detectors_checked"":13115520,""obs_mistake_mask=E"":2}"
     59904,         7,         0,   120.5,exact_mw,d2cc2b129abad1f985b8639603638d6030a837aa2fe57172dffdf28919c1c286,"{""distance"":7,""physical_error_rate"":0.001}","{""detection_events"":181860,""detectors_checked"":48522240,""obs_mistake_mask=E"":7}"
   2911232,         6,         0,   119.7,exact_mw,26ede523e6354ffb917e832246591ea54a1b9969785b9947b95e2ebb539e2476,"{""distance"":7,""physical_error_rate"":0.0002}","{""detection_events"":1773047,""detectors_checked"":2358097920,""obs_mistake_mask=E"":6}"
   6677504,         5,         0,   119.3,exact_mw,92a9cd959715f3d5685c6265974e573ec36ff2f173f7490ff1393041d63371cf,"{""distance"":7,""physical_error_rate"":0.0001}","{""detection_events"":2034503,""detectors_checked"":5408778240,""obs_mistake_mask=E"":5}"
   2807808,         2,         0,   119.7,exact_mw,26ede523e6354ffb917e832246591ea54a1b9969785b9947b95e2ebb539e2476,"{""distance"":7,""physical_error_rate"":0.0002}","{""detection_events"":1714681,""detectors_checked"":2274324480,""obs_mistake_mask=E"":2}"
   6095872,         1,         0,   119.1,exact_mw,92a9cd959715f3d5685c6265974e573ec36ff2f173f7490ff1393041d63371cf,"{""distance"":7,""physical_error_rate"":0.0001}","{""detection_events"":1860102,""detectors_checked"":4937656320,""obs_mistake_mask=E"":1}"
    328704,         4,         0,   120.3,exact_mw,8c54babb212143042928b0eca3852c18ac799bf66eb488a668303745c8494fc5,"{""distance"":7,""physical_error_rate"":0.0005}","{""detection_events"":499532,""detectors_checked"":266250240,""obs_mistake_mask=E"":4}"
     16128,         1,         0,   120.6,exact_mw,98ed6542f5a75ebddbda0ed622fb597fbc85d0a75d139587b6be9a08147ba42d,"{""distance"":7,""physical_error_rate"":0.002}","{""detection_events"":97451,""detectors_checked"":13063680,""obs_mistake_mask=E"":1}"
     17680,         0,         0,   120.2,exact_mw,d2cc2b129abad1f985b8639603638d6030a837aa2fe57172dffdf28919c1c286,"{""distance"":7,""physical_error_rate"":0.001}","{""detection_events"":53485,""detectors_checked"":14320800}"
    345088,         4,         0,   120.2,exact_mw,8c54babb212143042928b0eca3852c18ac799bf66eb488a668303745c8494fc5,"{""distance"":7,""physical_error_rate"":0.0005}","{""detection_events"":525205,""detectors_checked"":279521280,""obs_mistake_mask=E"":4}"
     64768,         1,         0,   120.8,exact_mw,d2cc2b129abad1f985b8639603638d6030a837aa2fe57172dffdf28919c1c286,"{""distance"":7,""physical_error_rate"":0.001}","{""detection_events"":196084,""detectors_checked"":52462080,""obs_mistake_mask=E"":1}"
   6438912,         1,         0,   119.2,exact_mw,92a9cd959715f3d5685c6265974e573ec36ff2f173f7490ff1393041d63371cf,"{""distance"":7,""physical_error_rate"":0.0001}","{""detection_events"":1969099,""detectors_checked"":5215518720,""obs_mistake_mask=E"":1}"
     14272,         1,         0,   119.9,exact_mw,98ed6542f5a75ebddbda0ed622fb597fbc85d0a75d139587b6be9a08147ba42d,"{""distance"":7,""physical_error_rate"":0.002}","{""detection_events"":86730,""detectors_checked"":11560320,""obs_mistake_mask=E"":1}"
   2811904,         4,         0,   119.7,exact_mw,26ede523e6354ffb917e832246591ea54a1b9969785b9947b95e2ebb539e2476,"{""distance"":7,""physical_error_rate"":0.0002}","{""detection_events"":1709859,""detectors_checked"":2277642240,""obs_mistake_mask=E"":4}"
   2914304,         6,         0,   119.6,exact_mw,26ede523e6354ffb917e832246591ea54a1b9969785b9947b95e2ebb539e2476,"{""distance"":7,""physical_error_rate"":0.0002}","{""detection_events"":1773488,""detectors_checked"":2360586240,""obs_mistake_mask=E"":6}"
   6440960,         3,         0,   119.2,exact_mw,92a9cd959715f3d5685c6265974e573ec36ff2f173f7490ff1393041d63371cf,"{""distance"":7,""physical_error_rate"":0.0001}","{""detection_events"":1965715,""detectors_checked"":5217177600,""obs_mistake_mask=E"":3}"
   2543394,         4,         0,    54.2,exact_mw,92a9cd959715f3d5685c6265974e573ec36ff2f173f7490ff1393041d63371cf,"{""distance"":7,""physical_error_rate"":0.0001}","{""detection_events"":774505,""detectors_checked"":2060149140,""obs_mistake_mask=E"":4}"
   5306368,         0,         0,    97.4,exact_mw,92a9cd959715f3d5685c6265974e573ec36ff2f173f7490ff1393041d63371cf,"{""distance"":7,""physical_error_rate"":0.0001}","{""detection_events"":1617066,""detectors_checked"":4298158080}"
   5278720,         0,         0,    94.3,exact_mw,92a9cd959715f3d5685c6265974e573ec36ff2f173f7490ff1393041d63371cf,"{""distance"":7,""physical_error_rate"":0.0001}","{""detection_events"":1609685,""detectors_checked"":4275763200}"
    332800,         3,         0,   120.0,exact_mw,8c54babb212143042928b0eca3852c18ac799bf66eb488a668303745c8494fc5,"{""distance"":7,""physical_error_rate"":0.0005}","{""detection_events"":506969,""detectors_checked"":269568000,""obs_mistake_mask=E"":3}"
    342016,         3,         0,   120.0,exact_mw,8c54babb212143042928b0eca3852c18ac799bf66eb488a668303745c8494fc5,"{""distance"":7,""physical_error_rate"":0.0005}","{""detection_events"":520003,""detectors_checked"":277032960,""obs_mistake_mask=E"":3}"
   4481024,         1,         0,   119.2,exact_mw,92a9cd959715f3d5685c6265974e573ec36ff2f173f7490ff1393041d63371cf,"{""distance"":7,""physical_error_rate"":0.0001}","{""detection_events"":1365523,""detectors_checked"":3629629440,""obs_mistake_mask=E"":1}"
      3764,         5,         0,   120.2,exact_mw,a39d26a9c85ff1858873bfad720922f64799219ac1b945519c1902b92db90de0,"{""distance"":7,""physical_error_rate"":0.005}","{""detection_events"":56236,""detectors_checked"":3048840,""obs_mistake_mask=E"":5}"
    486400,         2,         0,   119.7,exact_mw,26ede523e6354ffb917e832246591ea54a1b9969785b9947b95e2ebb539e2476,"{""distance"":7,""physical_error_rate"":0.0002}","{""detection_events"":297801,""detectors_checked"":393984000,""obs_mistake_mask=E"":2}"
     63744,         1,         0,   120.1,exact_mw,d2cc2b129abad1f985b8639603638d6030a837aa2fe57172dffdf28919c1c286,"{""distance"":7,""physical_error_rate"":0.001}","{""detection_events"":192926,""detectors_checked"":51632640,""obs_mistake_mask=E"":1}"
      5888,         0,         0,   120.1,exact_mw,98ed6542f5a75ebddbda0ed622fb597fbc85d0a75d139587b6be9a08147ba42d,"{""distance"":7,""physical_error_rate"":0.002}","{""detection_events"":35839,""detectors_checked"":4769280}"
      2234,         0,         0,   120.1,exact_mw,a39d26a9c85ff1858873bfad720922f64799219ac1b945519c1902b92db90de0,"{""distance"":7,""physical_error_rate"":0.005}","{""detection_events"":33161,""detectors_checked"":1809540}"
   1426432,         2,         0,   119.6,exact_mw,26ede523e6354ffb917e832246591ea54a1b9969785b9947b95e2ebb539e2476,"{""distance"":7,""physical_error_rate"":0.0002}","{""detection_events"":868908,""detectors_checked"":1155409920,""obs_mistake_mask=E"":2}"
     58112,         2,         0,   120.0,exact_mw,d2cc2b129abad1f985b8639603638d6030a837aa2fe57172dffdf28919c1c286,"{""distance"":7,""physical_error_rate"":0.001}","{""detection_events"":176872,""detectors_checked"":47070720,""obs_mistake_mask=E"":2}"
      5184,         5,         0,   120.5,exact_mw,a39d26a9c85ff1858873bfad720922f64799219ac1b945519c1902b92db90de0,"{""distance"":7,""physical_error_rate"":0.005}","{""detection_events"":77245,""detectors_checked"":4199040,""obs_mistake_mask=E"":5}"
      5376,         4,         0,   120.1,exact_mw,a39d26a9c85ff1858873bfad720922f64799219ac1b945519c1902b92db90de0,"{""distance"":7,""physical_error_rate"":0.005}","{""detection_events"":80099,""detectors_checked"":4354560,""obs_mistake_mask=E"":4}"
   2794496,         3,         0,   119.6,exact_mw,26ede523e6354ffb917e832246591ea54a1b9969785b9947b95e2ebb539e2476,"{""distance"":7,""physical_error_rate"":0.0002}","{""detection_events"":1702340,""detectors_checked"":2263541760,""obs_mistake_mask=E"":3}"
     65152,         0,         0,   120.5,exact_mw,8c54babb212143042928b0eca3852c18ac799bf66eb488a668303745c8494fc5,"{""distance"":7,""physical_error_rate"":0.0005}","{""detection_events"":99123,""detectors_checked"":52773120}"
     65792,         0,         0,   120.7,exact_mw,d2cc2b129abad1f985b8639603638d6030a837aa2fe57172dffdf28919c1c286,"{""distance"":7,""physical_error_rate"":0.001}","{""detection_events"":200337,""detectors_checked"":53291520}"
   2889728,         4,         0,   119.5,exact_mw,26ede523e6354ffb917e832246591ea54a1b9969785b9947b95e2ebb539e2476,"{""distance"":7,""physical_error_rate"":0.0002}","{""detection_events"":1756377,""detectors_checked"":2340679680,""obs_mistake_mask=E"":4}"
     14848,         4,         0,   120.0,exact_mw,98ed6542f5a75ebddbda0ed622fb597fbc85d0a75d139587b6be9a08147ba42d,"{""distance"":7,""physical_error_rate"":0.002}","{""detection_events"":89581,""detectors_checked"":12026880,""obs_mistake_mask=E"":4}"
    347136,         4,         0,   120.0,exact_mw,8c54babb212143042928b0eca3852c18ac799bf66eb488a668303745c8494fc5,"{""distance"":7,""physical_error_rate"":0.0005}","{""detection_events"":528342,""detectors_checked"":281180160,""obs_mistake_mask=E"":4}"
    329728,         2,         0,   120.1,exact_mw,8c54babb212143042928b0eca3852c18ac799bf66eb488a668303745c8494fc5,"{""distance"":7,""physical_error_rate"":0.0005}","{""detection_events"":499931,""detectors_checked"":267079680,""obs_mistake_mask=E"":2}"
     60416,         4,         0,   120.2,exact_mw,d2cc2b129abad1f985b8639603638d6030a837aa2fe57172dffdf28919c1c286,"{""distance"":7,""physical_error_rate"":0.001}","{""detection_events"":183207,""detectors_checked"":48936960,""obs_mistake_mask=E"":4}"
      2684,         0,         0,   120.1,exact_mw,98ed6542f5a75ebddbda0ed622fb597fbc85d0a75d139587b6be9a08147ba42d,"{""distance"":7,""physical_error_rate"":0.002}","{""detection_events"":16376,""detectors_checked"":2174040}"
    330752,         1,         0,   120.0,exact_mw,8c54babb212143042928b0eca3852c18ac799bf66eb488a668303745c8494fc5,"{""distance"":7,""physical_error_rate"":0.0005}","{""detection_events"":505252,""detectors_checked"":267909120,""obs_mistake_mask=E"":1}"
     14784,         1,         0,   120.4,exact_mw,98ed6542f5a75ebddbda0ed622fb597fbc85d0a75d139587b6be9a08147ba42d,"{""distance"":7,""physical_error_rate"":0.002}","{""detection_events"":90042,""detectors_checked"":11975040,""obs_mistake_mask=E"":1}"
     16640,         1,         0,   120.4,exact_mw,98ed6542f5a75ebddbda0ed622fb597fbc85d0a75d139587b6be9a08147ba42d,"{""distance"":7,""physical_error_rate"":0.002}","{""detection_events"":99872,""detectors_checked"":13478400,""obs_mistake_mask=E"":1}"
      5664,         8,         0,   120.2,exact_mw,a39d26a9c85ff1858873bfad720922f64799219ac1b945519c1902b92db90de0,"{""distance"":7,""physical_error_rate"":0.005}","{""detection_events"":83622,""detectors_checked"":4587840,""obs_mistake_mask=E"":8}"
      5056,         2,         0,   120.5,exact_mw,a39d26a9c85ff1858873bfad720922f64799219ac1b945519c1902b92db90de0,"{""distance"":7,""physical_error_rate"":0.005}","{""detection_events"":75859,""detectors_checked"":4095360,""obs_mistake_mask=E"":2}"
   2686976,         3,         0,   119.6,exact_mw,26ede523e6354ffb917e832246591ea54a1b9969785b9947b95e2ebb539e2476,"{""distance"":7,""physical_error_rate"":0.0002}","{""detection_events"":1637923,""detectors_checked"":2176450560,""obs_mistake_mask=E"":3}"
      2696,         1,         0,   119.9,exact_mw,98ed6542f5a75ebddbda0ed622fb597fbc85d0a75d139587b6be9a08147ba42d,"{""distance"":7,""physical_error_rate"":0.002}","{""detection_events"":16383,""detectors_checked"":2183760,""obs_mistake_mask=E"":1}"
      9152,         1,         0,   120.6,exact_mw,98ed6542f5a75ebddbda0ed622fb597fbc85d0a75d139587b6be9a08147ba42d,"{""distance"":7,""physical_error_rate"":0.002}","{""detection_events"":55503,""detectors_checked"":7413120,""obs_mistake_mask=E"":1}"
     38400,         1,         0,   120.4,exact_mw,d2cc2b129abad1f985b8639603638d6030a837aa2fe57172dffdf28919c1c286,"{""distance"":7,""physical_error_rate"":0.001}","{""detection_events"":116056,""detectors_checked"":31104000,""obs_mistake_mask=E"":1}"
     65024,         2,         0,   120.1,exact_mw,d2cc2b129abad1f985b8639603638d6030a837aa2fe57172dffdf28919c1c286,"{""distance"":7,""physical_error_rate"":0.001}","{""detection_events"":197440,""detectors_checked"":52669440,""obs_mistake_mask=E"":2}"
   2690048,         1,         0,   119.6,exact_mw,26ede523e6354ffb917e832246591ea54a1b9969785b9947b95e2ebb539e2476,"{""distance"":7,""physical_error_rate"":0.0002}","{""detection_events"":1636837,""detectors_checked"":2178938880,""obs_mistake_mask=E"":1}"
   1107968,         0,         0,   119.6,exact_mw,92a9cd959715f3d5685c6265974e573ec36ff2f173f7490ff1393041d63371cf,"{""distance"":7,""physical_error_rate"":0.0001}","{""detection_events"":337514,""detectors_checked"":897454080}"
      5344,         5,         0,   120.5,exact_mw,a39d26a9c85ff1858873bfad720922f64799219ac1b945519c1902b92db90de0,"{""distance"":7,""physical_error_rate"":0.005}","{""detection_events"":79135,""detectors_checked"":4328640,""obs_mistake_mask=E"":5}"
    309248,         2,         0,   120.0,exact_mw,8c54babb212143042928b0eca3852c18ac799bf66eb488a668303745c8494fc5,"{""distance"":7,""physical_error_rate"":0.0005}","{""detection_events"":470163,""detectors_checked"":250490880,""obs_mistake_mask=E"":2}"
    225792,         1,         0,   119.9,exact_mw,8c54babb212143042928b0eca3852c18ac799bf66eb488a668303745c8494fc5,"{""distance"":7,""physical_error_rate"":0.0005}","{""detection_events"":343518,""detectors_checked"":182891520,""obs_mistake_mask=E"":1}"
     55296,         0,         0,   119.9,exact_mw,d2cc2b129abad1f985b8639603638d6030a837aa2fe57172dffdf28919c1c286,"{""distance"":7,""physical_error_rate"":0.001}","{""detection_events"":166818,""detectors_checked"":44789760}"
       958,         1,         0,   119.9,exact_mw,a39d26a9c85ff1858873bfad720922f64799219ac1b945519c1902b92db90de0,"{""distance"":7,""physical_error_rate"":0.005}","{""detection_events"":14349,""detectors_checked"":775980,""obs_mistake_mask=E"":1}"
      5136,         6,         0,   120.1,exact_mw,a39d26a9c85ff1858873bfad720922f64799219ac1b945519c1902b92db90de0,"{""distance"":7,""physical_error_rate"":0.005}","{""detection_events"":76533,""detectors_checked"":4160160,""obs_mistake_mask=E"":6}"
     64768,         2,         0,   120.3,exact_mw,d2cc2b129abad1f985b8639603638d6030a837aa2fe57172dffdf28919c1c286,"{""distance"":7,""physical_error_rate"":0.001}","{""detection_events"":196036,""detectors_checked"":52462080,""obs_mistake_mask=E"":2}"
     15424,         2,         0,   121.0,exact_mw,98ed6542f5a75ebddbda0ed622fb597fbc85d0a75d139587b6be9a08147ba42d,"{""distance"":7,""physical_error_rate"":0.002}","{""detection_events"":93222,""detectors_checked"":12493440,""obs_mistake_mask=E"":2}"
   2906571,         0,         0,    56.9,exact_mw,92a9cd959715f3d5685c6265974e573ec36ff2f173f7490ff1393041d63371cf,"{""distance"":7,""physical_error_rate"":0.0001}","{""detection_events"":887079,""detectors_checked"":2354322510}"
   3340288,         2,         0,    85.9,exact_mw,92a9cd959715f3d5685c6265974e573ec36ff2f173f7490ff1393041d63371cf,"{""distance"":7,""physical_error_rate"":0.0001}","{""detection_events"":1017030,""detectors_checked"":2705633280,""obs_mistake_mask=E"":2}"
   3259392,         1,         0,    81.4,exact_mw,92a9cd959715f3d5685c6265974e573ec36ff2f173f7490ff1393041d63371cf,"{""distance"":7,""physical_error_rate"":0.0001}","{""detection_events"":995813,""detectors_checked"":2640107520,""obs_mistake_mask=E"":1}"
   3206623,         2,         0,    60.5,exact_mw,92a9cd959715f3d5685c6265974e573ec36ff2f173f7490ff1393041d63371cf,"{""distance"":7,""physical_error_rate"":0.0001}","{""detection_events"":976657,""detectors_checked"":2597364630,""obs_mistake_mask=E"":2}"
   3028992,         0,         0,    60.5,exact_mw,92a9cd959715f3d5685c6265974e573ec36ff2f173f7490ff1393041d63371cf,"{""distance"":7,""physical_error_rate"":0.0001}","{""detection_events"":922912,""detectors_checked"":2453483520}"
   3168256,         2,         0,    63.9,exact_mw,92a9cd959715f3d5685c6265974e573ec36ff2f173f7490ff1393041d63371cf,"{""distance"":7,""physical_error_rate"":0.0001}","{""detection_events"":964065,""detectors_checked"":2566287360,""obs_mistake_mask=E"":2}"
   3195904,         0,         0,    60.5,exact_mw,92a9cd959715f3d5685c6265974e573ec36ff2f173f7490ff1393041d63371cf,"{""distance"":7,""physical_error_rate"":0.0001}","{""detection_events"":974230,""detectors_checked"":2588682240}"
   2318336,         3,         0,   119.5,exact_mw,26ede523e6354ffb917e832246591ea54a1b9969785b9947b95e2ebb539e2476,"{""distance"":7,""physical_error_rate"":0.0002}","{""detection_events"":1414255,""detectors_checked"":1877852160,""obs_mistake_mask=E"":3}"
    408398,         0,         0,    7.75,exact_mw,92a9cd959715f3d5685c6265974e573ec36ff2f173f7490ff1393041d63371cf,"{""distance"":7,""physical_error_rate"":0.0001}","{""detection_events"":124449,""detectors_checked"":330802380}"
   1697792,         1,         0,   116.2,exact_mw,92a9cd959715f3d5685c6265974e573ec36ff2f173f7490ff1393041d63371cf,"{""distance"":7,""physical_error_rate"":0.0001}","{""detection_events"":516765,""detectors_checked"":1375211520,""obs_mistake_mask=E"":1}"
    756731,         0,         0,    13.7,exact_mw,92a9cd959715f3d5685c6265974e573ec36ff2f173f7490ff1393041d63371cf,"{""distance"":7,""physical_error_rate"":0.0001}","{""detection_events"":231477,""detectors_checked"":612952110}"
      1592,         0,         0,   119.9,exact_mw,a39d26a9c85ff1858873bfad720922f64799219ac1b945519c1902b92db90de0,"{""distance"":7,""physical_error_rate"":0.005}","{""detection_events"":23242,""detectors_checked"":1289520}"
    311296,         1,         0,   120.1,exact_mw,8c54babb212143042928b0eca3852c18ac799bf66eb488a668303745c8494fc5,"{""distance"":7,""physical_error_rate"":0.0005}","{""detection_events"":474020,""detectors_checked"":252149760,""obs_mistake_mask=E"":1}"
   1000385,         1,         0,    18.8,exact_mw,92a9cd959715f3d5685c6265974e573ec36ff2f173f7490ff1393041d63371cf,"{""distance"":7,""physical_error_rate"":0.0001}","{""detection_events"":305002,""detectors_checked"":810311850,""obs_mistake_mask=E"":1}"
    925696,         0,         0,    18.8,exact_mw,92a9cd959715f3d5685c6265974e573ec36ff2f173f7490ff1393041d63371cf,"{""distance"":7,""physical_error_rate"":0.0001}","{""detection_events"":281501,""detectors_checked"":749813760}"
    900347,         1,         0,    21.0,exact_mw,92a9cd959715f3d5685c6265974e573ec36ff2f173f7490ff1393041d63371cf,"{""distance"":7,""physical_error_rate"":0.0001}","{""detection_events"":274519,""detectors_checked"":729281070,""obs_mistake_mask=E"":1}"
    894976,         0,         0,    24.9,exact_mw,92a9cd959715f3d5685c6265974e573ec36ff2f173f7490ff1393041d63371cf,"{""distance"":7,""physical_error_rate"":0.0001}","{""detection_events"":272194,""detectors_checked"":724930560}"
    820224,         0,         0,    77.9,exact_mw,92a9cd959715f3d5685c6265974e573ec36ff2f173f7490ff1393041d63371cf,"{""distance"":7,""physical_error_rate"":0.0001}","{""detection_events"":249252,""detectors_checked"":664381440}"
     14144,         1,         0,   120.5,exact_mw,98ed6542f5a75ebddbda0ed622fb597fbc85d0a75d139587b6be9a08147ba42d,"{""distance"":7,""physical_error_rate"":0.002}","{""detection_events"":86155,""detectors_checked"":11456640,""obs_mistake_mask=E"":1}"
    717742,         1,         0,    13.7,exact_mw,92a9cd959715f3d5685c6265974e573ec36ff2f173f7490ff1393041d63371cf,"{""distance"":7,""physical_error_rate"":0.0001}","{""detection_events"":219533,""detectors_checked"":581371020,""obs_mistake_mask=E"":1}"
    598016,         1,         0,    11.5,exact_mw,92a9cd959715f3d5685c6265974e573ec36ff2f173f7490ff1393041d63371cf,"{""distance"":7,""physical_error_rate"":0.0001}","{""detection_events"":181302,""detectors_checked"":484392960,""obs_mistake_mask=E"":1}"
    589824,         0,         0,    13.7,exact_mw,92a9cd959715f3d5685c6265974e573ec36ff2f173f7490ff1393041d63371cf,"{""distance"":7,""physical_error_rate"":0.0001}","{""detection_events"":179637,""detectors_checked"":477757440}"
    512000,         0,         0,    48.1,exact_mw,92a9cd959715f3d5685c6265974e573ec36ff2f173f7490ff1393041d63371cf,"{""distance"":7,""physical_error_rate"":0.0001}","{""detection_events"":156237,""detectors_checked"":414720000}"
     61184,         0,         0,   120.1,exact_mw,d2cc2b129abad1f985b8639603638d6030a837aa2fe57172dffdf28919c1c286,"{""distance"":7,""physical_error_rate"":0.001}","{""detection_events"":185665,""detectors_checked"":49559040}"
    167255,         1,         0,    3.18,exact_mw,92a9cd959715f3d5685c6265974e573ec36ff2f173f7490ff1393041d63371cf,"{""distance"":7,""physical_error_rate"":0.0001}","{""detection_events"":51327,""detectors_checked"":135476550,""obs_mistake_mask=E"":1}"
    291840,         0,         0,    5.90,exact_mw,92a9cd959715f3d5685c6265974e573ec36ff2f173f7490ff1393041d63371cf,"{""distance"":7,""physical_error_rate"":0.0001}","{""detection_events"":88866,""detectors_checked"":236390400}"
    301056,         0,         0,    5.92,exact_mw,92a9cd959715f3d5685c6265974e573ec36ff2f173f7490ff1393041d63371cf,"{""distance"":7,""physical_error_rate"":0.0001}","{""detection_events"":91949,""detectors_checked"":243855360}"
    318464,         0,         0,    28.7,exact_mw,92a9cd959715f3d5685c6265974e573ec36ff2f173f7490ff1393041d63371cf,"{""distance"":7,""physical_error_rate"":0.0001}","{""detection_events"":97344,""detectors_checked"":257955840}"
    127918,         0,         0,    3.65,exact_mw,92a9cd959715f3d5685c6265974e573ec36ff2f173f7490ff1393041d63371cf,"{""distance"":7,""physical_error_rate"":0.0001}","{""detection_events"":38690,""detectors_checked"":103613580}"
    207872,         0,         0,    3.73,exact_mw,92a9cd959715f3d5685c6265974e573ec36ff2f173f7490ff1393041d63371cf,"{""distance"":7,""physical_error_rate"":0.0001}","{""detection_events"":62729,""detectors_checked"":168376320}"
    203776,         0,         0,    4.21,exact_mw,92a9cd959715f3d5685c6265974e573ec36ff2f173f7490ff1393041d63371cf,"{""distance"":7,""physical_error_rate"":0.0001}","{""detection_events"":62270,""detectors_checked"":165058560}"
    153490,         0,         0,    4.24,exact_mw,92a9cd959715f3d5685c6265974e573ec36ff2f173f7490ff1393041d63371cf,"{""distance"":7,""physical_error_rate"":0.0001}","{""detection_events"":47218,""detectors_checked"":124326900}"
    150528,         0,         0,    4.27,exact_mw,92a9cd959715f3d5685c6265974e573ec36ff2f173f7490ff1393041d63371cf,"{""distance"":7,""physical_error_rate"":0.0001}","{""detection_events"":45659,""detectors_checked"":121927680}"
     83963,         0,         0,    1.72,exact_mw,92a9cd959715f3d5685c6265974e573ec36ff2f173f7490ff1393041d63371cf,"{""distance"":7,""physical_error_rate"":0.0001}","{""detection_events"":25851,""detectors_checked"":68010030}"
    121856,         0,         0,    2.23,exact_mw,92a9cd959715f3d5685c6265974e573ec36ff2f173f7490ff1393041d63371cf,"{""distance"":7,""physical_error_rate"":0.0001}","{""detection_events"":36995,""detectors_checked"":98703360}"
    104448,         0,         0,    2.17,exact_mw,92a9cd959715f3d5685c6265974e573ec36ff2f173f7490ff1393041d63371cf,"{""distance"":7,""physical_error_rate"":0.0001}","{""detection_events"":31912,""detectors_checked"":84602880}"
    103848,         0,         0,    2.27,exact_mw,92a9cd959715f3d5685c6265974e573ec36ff2f173f7490ff1393041d63371cf,"{""distance"":7,""physical_error_rate"":0.0001}","{""detection_events"":31897,""detectors_checked"":84116880}"
      5441,         0,         0,   0.071,exact_mw,92a9cd959715f3d5685c6265974e573ec36ff2f173f7490ff1393041d63371cf,"{""distance"":7,""physical_error_rate"":0.0001}","{""detection_events"":1637,""detectors_checked"":4407210}"
    101376,         0,         0,    1.84,exact_mw,92a9cd959715f3d5685c6265974e573ec36ff2f173f7490ff1393041d63371cf,"{""distance"":7,""physical_error_rate"":0.0001}","{""detection_events"":31185,""detectors_checked"":82114560}"
     73728,         0,         0,    1.85,exact_mw,92a9cd959715f3d5685c6265974e573ec36ff2f173f7490ff1393041d63371cf,"{""distance"":7,""physical_error_rate"":0.0001}","{""detection_events"":22410,""detectors_checked"":59719680}"
     70833,         0,         0,    1.77,exact_mw,92a9cd959715f3d5685c6265974e573ec36ff2f173f7490ff1393041d63371cf,"{""distance"":7,""physical_error_rate"":0.0001}","{""detection_events"":21425,""detectors_checked"":57374730}"
     68608,         0,         0,    5.69,exact_mw,92a9cd959715f3d5685c6265974e573ec36ff2f173f7490ff1393041d63371cf,"{""distance"":7,""physical_error_rate"":0.0001}","{""detection_events"":21016,""detectors_checked"":55572480}"
     70289,         0,         0,    1.88,exact_mw,92a9cd959715f3d5685c6265974e573ec36ff2f173f7490ff1393041d63371cf,"{""distance"":7,""physical_error_rate"":0.0001}","{""detection_events"":21202,""detectors_checked"":56934090}"
     35840,         0,         0,    2.38,exact_mw,92a9cd959715f3d5685c6265974e573ec36ff2f173f7490ff1393041d63371cf,"{""distance"":7,""physical_error_rate"":0.0001}","{""detection_events"":11117,""detectors_checked"":29030400}"
     27408,         0,         0,   0.499,exact_mw,92a9cd959715f3d5685c6265974e573ec36ff2f173f7490ff1393041d63371cf,"{""distance"":7,""physical_error_rate"":0.0001}","{""detection_events"":8197,""detectors_checked"":22200480}"
     26624,         0,         0,   0.663,exact_mw,92a9cd959715f3d5685c6265974e573ec36ff2f173f7490ff1393041d63371cf,"{""distance"":7,""physical_error_rate"":0.0001}","{""detection_events"":8188,""detectors_checked"":21565440}"
     29696,         0,         0,   0.610,exact_mw,92a9cd959715f3d5685c6265974e573ec36ff2f173f7490ff1393041d63371cf,"{""distance"":7,""physical_error_rate"":0.0001}","{""detection_events"":8879,""detectors_checked"":24053760}"
     30720,         0,         0,   0.518,exact_mw,92a9cd959715f3d5685c6265974e573ec36ff2f173f7490ff1393041d63371cf,"{""distance"":7,""physical_error_rate"":0.0001}","{""detection_events"":9582,""detectors_checked"":24883200}"
     14041,         0,         0,   0.377,exact_mw,92a9cd959715f3d5685c6265974e573ec36ff2f173f7490ff1393041d63371cf,"{""distance"":7,""physical_error_rate"":0.0001}","{""detection_events"":4435,""detectors_checked"":11373210}"
      2553,         0,         0,   0.036,exact_mw,92a9cd959715f3d5685c6265974e573ec36ff2f173f7490ff1393041d63371cf,"{""distance"":7,""physical_error_rate"":0.0001}","{""detection_events"":845,""detectors_checked"":2067930}"
     21504,         0,         0,   0.531,exact_mw,92a9cd959715f3d5685c6265974e573ec36ff2f173f7490ff1393041d63371cf,"{""distance"":7,""physical_error_rate"":0.0001}","{""detection_events"":6653,""detectors_checked"":17418240}"
     21504,         0,         0,   0.564,exact_mw,92a9cd959715f3d5685c6265974e573ec36ff2f173f7490ff1393041d63371cf,"{""distance"":7,""physical_error_rate"":0.0001}","{""detection_events"":6581,""detectors_checked"":17418240}"
     15372,         0,         0,   0.440,exact_mw,92a9cd959715f3d5685c6265974e573ec36ff2f173f7490ff1393041d63371cf,"{""distance"":7,""physical_error_rate"":0.0001}","{""detection_events"":4712,""detectors_checked"":12451320}"
     23552,         0,         0,   0.574,exact_mw,92a9cd959715f3d5685c6265974e573ec36ff2f173f7490ff1393041d63371cf,"{""distance"":7,""physical_error_rate"":0.0001}","{""detection_events"":7356,""detectors_checked"":19077120}"
      1707,         0,         0,   0.031,exact_mw,92a9cd959715f3d5685c6265974e573ec36ff2f173f7490ff1393041d63371cf,"{""distance"":7,""physical_error_rate"":0.0001}","{""detection_events"":511,""detectors_checked"":1382670}"
      5181,         0,         0,   0.101,exact_mw,92a9cd959715f3d5685c6265974e573ec36ff2f173f7490ff1393041d63371cf,"{""distance"":7,""physical_error_rate"":0.0001}","{""detection_events"":1616,""detectors_checked"":4196610}"
      6753,         0,         0,   0.083,exact_mw,92a9cd959715f3d5685c6265974e573ec36ff2f173f7490ff1393041d63371cf,"{""distance"":7,""physical_error_rate"":0.0001}","{""detection_events"":1970,""detectors_checked"":5469930}"
      6325,         0,         0,   0.103,exact_mw,92a9cd959715f3d5685c6265974e573ec36ff2f173f7490ff1393041d63371cf,"{""distance"":7,""physical_error_rate"":0.0001}","{""detection_events"":2033,""detectors_checked"":5123250}"
      1928,         0,         0,   0.079,exact_mw,92a9cd959715f3d5685c6265974e573ec36ff2f173f7490ff1393041d63371cf,"{""distance"":7,""physical_error_rate"":0.0001}","{""detection_events"":618,""detectors_checked"":1561680}"
      3976,         0,         0,   0.106,exact_mw,92a9cd959715f3d5685c6265974e573ec36ff2f173f7490ff1393041d63371cf,"{""distance"":7,""physical_error_rate"":0.0001}","{""detection_events"":1264,""detectors_checked"":3220560}"
      6325,         0,         0,   0.136,exact_mw,92a9cd959715f3d5685c6265974e573ec36ff2f173f7490ff1393041d63371cf,"{""distance"":7,""physical_error_rate"":0.0001}","{""detection_events"":1766,""detectors_checked"":5123250}"
       171,         0,         0,   0.002,exact_mw,92a9cd959715f3d5685c6265974e573ec36ff2f173f7490ff1393041d63371cf,"{""distance"":7,""physical_error_rate"":0.0001}","{""detection_events"":52,""detectors_checked"":138510}"
      6235,         0,         0,   0.156,exact_mw,92a9cd959715f3d5685c6265974e573ec36ff2f173f7490ff1393041d63371cf,"{""distance"":7,""physical_error_rate"":0.0001}","{""detection_events"":1920,""detectors_checked"":5050350}"
       533,         0,         0,   0.004,exact_mw,92a9cd959715f3d5685c6265974e573ec36ff2f173f7490ff1393041d63371cf,"{""distance"":7,""physical_error_rate"":0.0001}","{""detection_events"":135,""detectors_checked"":431730}"
      2687,         0,         0,   0.020,exact_mw,92a9cd959715f3d5685c6265974e573ec36ff2f173f7490ff1393041d63371cf,"{""distance"":7,""physical_error_rate"":0.0001}","{""detection_events"":816,""detectors_checked"":2176470}"
       518,         0,         0,   0.004,exact_mw,92a9cd959715f3d5685c6265974e573ec36ff2f173f7490ff1393041d63371cf,"{""distance"":7,""physical_error_rate"":0.0001}","{""detection_events"":147,""detectors_checked"":419580}"
      5120,         0,         0,   0.137,exact_mw,92a9cd959715f3d5685c6265974e573ec36ff2f173f7490ff1393041d63371cf,"{""distance"":7,""physical_error_rate"":0.0001}","{""detection_events"":1689,""detectors_checked"":4147200}"
      2259,         0,         0,   0.042,exact_mw,92a9cd959715f3d5685c6265974e573ec36ff2f173f7490ff1393041d63371cf,"{""distance"":7,""physical_error_rate"":0.0001}","{""detection_events"":694,""detectors_checked"":1829790}"
      3704,         0,         0,   0.056,exact_mw,92a9cd959715f3d5685c6265974e573ec36ff2f173f7490ff1393041d63371cf,"{""distance"":7,""physical_error_rate"":0.0001}","{""detection_events"":1139,""detectors_checked"":3000240}"
      9216,         0,         0,   0.717,exact_mw,92a9cd959715f3d5685c6265974e573ec36ff2f173f7490ff1393041d63371cf,"{""distance"":7,""physical_error_rate"":0.0001}","{""detection_events"":2881,""detectors_checked"":7464960}"
      1024,         0,         0,   0.011,exact_mw,92a9cd959715f3d5685c6265974e573ec36ff2f173f7490ff1393041d63371cf,"{""distance"":7,""physical_error_rate"":0.0001}","{""detection_events"":342,""detectors_checked"":829440}"
        34,         0,         0,   0.001,exact_mw,92a9cd959715f3d5685c6265974e573ec36ff2f173f7490ff1393041d63371cf,"{""distance"":7,""physical_error_rate"":0.0001}","{""detection_events"":2,""detectors_checked"":27540}"
        63,         0,         0,   0.001,exact_mw,92a9cd959715f3d5685c6265974e573ec36ff2f173f7490ff1393041d63371cf,"{""distance"":7,""physical_error_rate"":0.0001}","{""detection_events"":18,""detectors_checked"":51030}"
      1024,         0,         0,   0.008,exact_mw,92a9cd959715f3d5685c6265974e573ec36ff2f173f7490ff1393041d63371cf,"{""distance"":7,""physical_error_rate"":0.0001}","{""detection_events"":311,""detectors_checked"":829440}"
       274,         0,         0,   0.003,exact_mw,92a9cd959715f3d5685c6265974e573ec36ff2f173f7490ff1393041d63371cf,"{""distance"":7,""physical_error_rate"":0.0001}","{""detection_events"":100,""detectors_checked"":221940}"
        51,         0,         0,   0.001,exact_mw,92a9cd959715f3d5685c6265974e573ec36ff2f173f7490ff1393041d63371cf,"{""distance"":7,""physical_error_rate"":0.0001}","{""detection_events"":18,""detectors_checked"":41310}"
      1024,         0,         0,   0.028,exact_mw,92a9cd959715f3d5685c6265974e573ec36ff2f173f7490ff1393041d63371cf,"{""distance"":7,""physical_error_rate"":0.0001}","{""detection_events"":302,""detectors_checked"":829440}"
       112,         0,         0,   0.001,exact_mw,92a9cd959715f3d5685c6265974e573ec36ff2f173f7490ff1393041d63371cf,"{""distance"":7,""physical_error_rate"":0.0001}","{""detection_events"":35,""detectors_checked"":90720}"
       418,         0,         0,   0.003,exact_mw,92a9cd959715f3d5685c6265974e573ec36ff2f173f7490ff1393041d63371cf,"{""distance"":7,""physical_error_rate"":0.0001}","{""detection_events"":134,""detectors_checked"":338580}"
       554,         0,         0,   0.005,exact_mw,92a9cd959715f3d5685c6265974e573ec36ff2f173f7490ff1393041d63371cf,"{""distance"":7,""physical_error_rate"":0.0001}","{""detection_events"":165,""detectors_checked"":448740}"
       202,         0,         0,   0.002,exact_mw,92a9cd959715f3d5685c6265974e573ec36ff2f173f7490ff1393041d63371cf,"{""distance"":7,""physical_error_rate"":0.0001}","{""detection_events"":69,""detectors_checked"":163620}"
       554,         0,         0,   0.005,exact_mw,92a9cd959715f3d5685c6265974e573ec36ff2f173f7490ff1393041d63371cf,"{""distance"":7,""physical_error_rate"":0.0001}","{""detection_events"":151,""detectors_checked"":448740}"
       311,         0,         0,   0.003,exact_mw,92a9cd959715f3d5685c6265974e573ec36ff2f173f7490ff1393041d63371cf,"{""distance"":7,""physical_error_rate"":0.0001}","{""detection_events"":99,""detectors_checked"":251910}"
         4,         0,         0,   0.001,exact_mw,92a9cd959715f3d5685c6265974e573ec36ff2f173f7490ff1393041d63371cf,"{""distance"":7,""physical_error_rate"":0.0001}","{""detectors_checked"":3240}"
        45,         0,         0,   0.001,exact_mw,92a9cd959715f3d5685c6265974e573ec36ff2f173f7490ff1393041d63371cf,"{""distance"":7,""physical_error_rate"":0.0001}","{""detection_events"":14,""detectors_checked"":36450}"
       299,         0,         0,   0.003,exact_mw,92a9cd959715f3d5685c6265974e573ec36ff2f173f7490ff1393041d63371cf,"{""distance"":7,""physical_error_rate"":0.0001}","{""detection_events"":85,""detectors_checked"":242190}"
        28,         0,         0,   0.001,exact_mw,92a9cd959715f3d5685c6265974e573ec36ff2f173f7490ff1393041d63371cf,"{""distance"":7,""physical_error_rate"":0.0001}","{""detectors_checked"":22680}"
         4,         0,         0,   0.001,exact_mw,92a9cd959715f3d5685c6265974e573ec36ff2f173f7490ff1393041d63371cf,"{""distance"":7,""physical_error_rate"":0.0001}","{""detection_events"":4,""detectors_checked"":3240}"
       554,         0,         0,   0.008,exact_mw,92a9cd959715f3d5685c6265974e573ec36ff2f173f7490ff1393041d63371cf,"{""distance"":7,""physical_error_rate"":0.0001}","{""detection_events"":173,""detectors_checked"":448740}"
         4,         0,         0,   0.001,exact_mw,92a9cd959715f3d5685c6265974e573ec36ff2f173f7490ff1393041d63371cf,"{""distance"":7,""physical_error_rate"":0.0001}","{""detection_events"":2,""detectors_checked"":3240}"
         2,         0,         0,   0.001,exact_mw,92a9cd959715f3d5685c6265974e573ec36ff2f173f7490ff1393041d63371cf,"{""distance"":7,""physical_error_rate"":0.0001}","{""detection_events"":2,""detectors_checked"":1620}"
         1,         0,         0,   0.001,exact_mw,92a9cd959715f3d5685c6265974e573ec36ff2f173f7490ff1393041d63371cf,"{""distance"":7,""physical_error_rate"":0.0001}","{""detectors_checked"":810}"
         1,         0,         0,   0.001,exact_mw,92a9cd959715f3d5685c6265974e573ec36ff2f173f7490ff1393041d63371cf,"{""distance"":7,""physical_error_rate"":0.0001}","{""detectors_checked"":810}"
         1,         0,         0,   0.001,exact_mw,92a9cd959715f3d5685c6265974e573ec36ff2f173f7490ff1393041d63371cf,"{""distance"":7,""physical_error_rate"":0.0001}","{""detectors_checked"":810}"
         1,         0,         0,   0.001,exact_mw,92a9cd959715f3d5685c6265974e573ec36ff2f173f7490ff1393041d63371cf,"{""distance"":7,""physical_error_rate"":0.0001}","{""detectors_checked"":810}"
         1,         0,         0,   0.001,exact_mw,92a9cd959715f3d5685c6265974e573ec36ff2f173f7490ff1393041d63371cf,"{""distance"":7,""physical_error_rate"":0.0001}","{""detectors_checked"":810}"
         1,         0,         0,   0.001,exact_mw,92a9cd959715f3d5685c6265974e573ec36ff2f173f7490ff1393041d63371cf,"{""distance"":7,""physical_error_rate"":0.0001}","{""detectors_checked"":810}"
         1,         0,         0,   0.001,exact_mw,92a9cd959715f3d5685c6265974e573ec36ff2f173f7490ff1393041d63371cf,"{""distance"":7,""physical_error_rate"":0.0001}","{""detectors_checked"":810}"
         1,         0,         0,   0.001,exact_mw,92a9cd959715f3d5685c6265974e573ec36ff2f173f7490ff1393041d63371cf,"{""distance"":7,""physical_error_rate"":0.0001}","{""detectors_checked"":810}"
         1,         0,         0,   0.001,exact_mw,92a9cd959715f3d5685c6265974e573ec36ff2f173f7490ff1393041d63371cf,"{""distance"":7,""physical_error_rate"":0.0001}","{""detection_events"":2,""detectors_checked"":810}"
         1,         0,         0,   0.001,exact_mw,92a9cd959715f3d5685c6265974e573ec36ff2f173f7490ff1393041d63371cf,"{""distance"":7,""physical_error_rate"":0.0001}","{""detectors_checked"":810}"
         1,         0,         0,   0.001,exact_mw,92a9cd959715f3d5685c6265974e573ec36ff2f173f7490ff1393041d63371cf,"{""distance"":7,""physical_error_rate"":0.0001}","{""detectors_checked"":810}"
   2644992,         3,         0,   119.7,exact_mw,26ede523e6354ffb917e832246591ea54a1b9969785b9947b95e2ebb539e2476,"{""distance"":7,""physical_error_rate"":0.0002}","{""detection_events"":1611272,""detectors_checked"":2142443520,""obs_mistake_mask=E"":3}"
   2449408,         4,         0,   119.7,exact_mw,26ede523e6354ffb917e832246591ea54a1b9969785b9947b95e2ebb539e2476,"{""distance"":7,""physical_error_rate"":0.0002}","{""detection_events"":1493108,""detectors_checked"":1984020480,""obs_mistake_mask=E"":4}"
    330752,         5,         0,   120.2,exact_mw,8c54babb212143042928b0eca3852c18ac799bf66eb488a668303745c8494fc5,"{""distance"":7,""physical_error_rate"":0.0005}","{""detection_events"":503456,""detectors_checked"":267909120,""obs_mistake_mask=E"":5}"
     15872,         3,         0,   120.1,exact_mw,98ed6542f5a75ebddbda0ed622fb597fbc85d0a75d139587b6be9a08147ba42d,"{""distance"":7,""physical_error_rate"":0.002}","{""detection_events"":95519,""detectors_checked"":12856320,""obs_mistake_mask=E"":3}"
     18656,         0,         0,   120.8,exact_mw,d2cc2b129abad1f985b8639603638d6030a837aa2fe57172dffdf28919c1c286,"{""distance"":7,""physical_error_rate"":0.001}","{""detection_events"":55970,""detectors_checked"":15111360}"
    321024,         3,         0,   120.2,exact_mw,8c54babb212143042928b0eca3852c18ac799bf66eb488a668303745c8494fc5,"{""distance"":7,""physical_error_rate"":0.0005}","{""detection_events"":486731,""detectors_checked"":260029440,""obs_mistake_mask=E"":3}"
     61440,         3,         0,   120.5,exact_mw,d2cc2b129abad1f985b8639603638d6030a837aa2fe57172dffdf28919c1c286,"{""distance"":7,""physical_error_rate"":0.001}","{""detection_events"":186085,""detectors_checked"":49766400,""obs_mistake_mask=E"":3}"
         1,         0,         0,   0.036,exact_mw,a39d26a9c85ff1858873bfad720922f64799219ac1b945519c1902b92db90de0,"{""distance"":7,""physical_error_rate"":0.005}","{""detection_events"":29,""detectors_checked"":810}"
        16,         0,         0,   0.295,exact_mw,a39d26a9c85ff1858873bfad720922f64799219ac1b945519c1902b92db90de0,"{""distance"":7,""physical_error_rate"":0.005}","{""detection_events"":250,""detectors_checked"":12960}"
        32,         0,         0,   0.735,exact_mw,a39d26a9c85ff1858873bfad720922f64799219ac1b945519c1902b92db90de0,"{""distance"":7,""physical_error_rate"":0.005}","{""detection_events"":490,""detectors_checked"":25920}"
        32,         0,         0,   0.573,exact_mw,a39d26a9c85ff1858873bfad720922f64799219ac1b945519c1902b92db90de0,"{""distance"":7,""physical_error_rate"":0.005}","{""detection_events"":485,""detectors_checked"":25920}"
         1,         0,         0,   0.001,exact_mw,26ede523e6354ffb917e832246591ea54a1b9969785b9947b95e2ebb539e2476,"{""distance"":7,""physical_error_rate"":0.0002}","{""detectors_checked"":810}"
     15296,         1,         0,   120.8,exact_mw,98ed6542f5a75ebddbda0ed622fb597fbc85d0a75d139587b6be9a08147ba42d,"{""distance"":7,""physical_error_rate"":0.002}","{""detection_events"":92551,""detectors_checked"":12389760,""obs_mistake_mask=E"":1}"
      1296,         0,         0,   0.057,exact_mw,26ede523e6354ffb917e832246591ea54a1b9969785b9947b95e2ebb539e2476,"{""distance"":7,""physical_error_rate"":0.0002}","{""detection_events"":741,""detectors_checked"":1049760}"
      1024,         0,         0,   0.058,exact_mw,26ede523e6354ffb917e832246591ea54a1b9969785b9947b95e2ebb539e2476,"{""distance"":7,""physical_error_rate"":0.0002}","{""detection_events"":617,""detectors_checked"":829440}"
      1024,         0,         0,   0.040,exact_mw,26ede523e6354ffb917e832246591ea54a1b9969785b9947b95e2ebb539e2476,"{""distance"":7,""physical_error_rate"":0.0002}","{""detection_events"":647,""detectors_checked"":829440}"
      1024,         0,         0,   0.064,exact_mw,26ede523e6354ffb917e832246591ea54a1b9969785b9947b95e2ebb539e2476,"{""distance"":7,""physical_error_rate"":0.0002}","{""detection_events"":608,""detectors_checked"":829440}"
      2048,         0,         0,   0.078,exact_mw,26ede523e6354ffb917e832246591ea54a1b9969785b9947b95e2ebb539e2476,"{""distance"":7,""physical_error_rate"":0.0002}","{""detection_events"":1254,""detectors_checked"":1658880}"
      3072,         0,         0,   0.089,exact_mw,26ede523e6354ffb917e832246591ea54a1b9969785b9947b95e2ebb539e2476,"{""distance"":7,""physical_error_rate"":0.0002}","{""detection_events"":1861,""detectors_checked"":2488320}"
      1024,         0,         0,   0.111,exact_mw,26ede523e6354ffb917e832246591ea54a1b9969785b9947b95e2ebb539e2476,"{""distance"":7,""physical_error_rate"":0.0002}","{""detection_events"":683,""detectors_checked"":829440}"
   2661376,         3,         0,   119.6,exact_mw,26ede523e6354ffb917e832246591ea54a1b9969785b9947b95e2ebb539e2476,"{""distance"":7,""physical_error_rate"":0.0002}","{""detection_events"":1626248,""detectors_checked"":2155714560,""obs_mistake_mask=E"":3}"
      5120,         0,         0,   0.184,exact_mw,26ede523e6354ffb917e832246591ea54a1b9969785b9947b95e2ebb539e2476,"{""distance"":7,""physical_error_rate"":0.0002}","{""detection_events"":3240,""detectors_checked"":4147200}"
        32,         0,         0,   0.865,exact_mw,a39d26a9c85ff1858873bfad720922f64799219ac1b945519c1902b92db90de0,"{""distance"":7,""physical_error_rate"":0.005}","{""detection_events"":492,""detectors_checked"":25920}"
   2807808,         2,         0,   119.6,exact_mw,26ede523e6354ffb917e832246591ea54a1b9969785b9947b95e2ebb539e2476,"{""distance"":7,""physical_error_rate"":0.0002}","{""detection_events"":1711459,""detectors_checked"":2274324480,""obs_mistake_mask=E"":2}"
      7168,         0,         0,   0.233,exact_mw,26ede523e6354ffb917e832246591ea54a1b9969785b9947b95e2ebb539e2476,"{""distance"":7,""physical_error_rate"":0.0002}","{""detection_events"":4280,""detectors_checked"":5806080}"
      7168,         0,         0,   0.304,exact_mw,26ede523e6354ffb917e832246591ea54a1b9969785b9947b95e2ebb539e2476,"{""distance"":7,""physical_error_rate"":0.0002}","{""detection_events"":4366,""detectors_checked"":5806080}"
        17,         0,         0,   0.024,exact_mw,d2cc2b129abad1f985b8639603638d6030a837aa2fe57172dffdf28919c1c286,"{""distance"":7,""physical_error_rate"":0.001}","{""detection_events"":40,""detectors_checked"":13770}"
        32,         0,         0,   0.704,exact_mw,a39d26a9c85ff1858873bfad720922f64799219ac1b945519c1902b92db90de0,"{""distance"":7,""physical_error_rate"":0.005}","{""detection_events"":463,""detectors_checked"":25920}"
      9216,         0,         0,   0.409,exact_mw,26ede523e6354ffb917e832246591ea54a1b9969785b9947b95e2ebb539e2476,"{""distance"":7,""physical_error_rate"":0.0002}","{""detection_events"":5559,""detectors_checked"":7464960}"
         1,         0,         0,   0.005,exact_mw,98ed6542f5a75ebddbda0ed622fb597fbc85d0a75d139587b6be9a08147ba42d,"{""distance"":7,""physical_error_rate"":0.002}","{""detection_events"":10,""detectors_checked"":810}"
    304128,         2,         0,   120.0,exact_mw,8c54babb212143042928b0eca3852c18ac799bf66eb488a668303745c8494fc5,"{""distance"":7,""physical_error_rate"":0.0005}","{""detection_events"":463468,""detectors_checked"":246343680,""obs_mistake_mask=E"":2}"
       256,         0,         0,   0.549,exact_mw,d2cc2b129abad1f985b8639603638d6030a837aa2fe57172dffdf28919c1c286,"{""distance"":7,""physical_error_rate"":0.001}","{""detection_events"":783,""detectors_checked"":207360}"
        16,         0,         0,   0.141,exact_mw,98ed6542f5a75ebddbda0ed622fb597fbc85d0a75d139587b6be9a08147ba42d,"{""distance"":7,""physical_error_rate"":0.002}","{""detection_events"":98,""detectors_checked"":12960}"
        32,         0,         0,   0.647,exact_mw,a39d26a9c85ff1858873bfad720922f64799219ac1b945519c1902b92db90de0,"{""distance"":7,""physical_error_rate"":0.005}","{""detection_events"":452,""detectors_checked"":25920}"
     15360,         0,         0,   0.613,exact_mw,26ede523e6354ffb917e832246591ea54a1b9969785b9947b95e2ebb539e2476,"{""distance"":7,""physical_error_rate"":0.0002}","{""detection_events"":9157,""detectors_checked"":12441600}"
        64,         0,         0,   0.405,exact_mw,98ed6542f5a75ebddbda0ed622fb597fbc85d0a75d139587b6be9a08147ba42d,"{""distance"":7,""physical_error_rate"":0.002}","{""detection_events"":378,""detectors_checked"":51840}"
       256,         0,         0,   0.503,exact_mw,d2cc2b129abad1f985b8639603638d6030a837aa2fe57172dffdf28919c1c286,"{""distance"":7,""physical_error_rate"":0.001}","{""detection_events"":771,""detectors_checked"":207360}"
       273,         0,         0,   0.084,exact_mw,8c54babb212143042928b0eca3852c18ac799bf66eb488a668303745c8494fc5,"{""distance"":7,""physical_error_rate"":0.0005}","{""detection_events"":394,""detectors_checked"":221130}"
       256,         0,         0,   0.436,exact_mw,d2cc2b129abad1f985b8639603638d6030a837aa2fe57172dffdf28919c1c286,"{""distance"":7,""physical_error_rate"":0.001}","{""detection_events"":760,""detectors_checked"":207360}"
        32,         0,         0,   0.783,exact_mw,a39d26a9c85ff1858873bfad720922f64799219ac1b945519c1902b92db90de0,"{""distance"":7,""physical_error_rate"":0.005}","{""detection_events"":550,""detectors_checked"":25920}"
      1024,         0,         0,   0.420,exact_mw,8c54babb212143042928b0eca3852c18ac799bf66eb488a668303745c8494fc5,"{""distance"":7,""physical_error_rate"":0.0005}","{""detection_events"":1526,""detectors_checked"":829440}"
        64,         0,         0,   0.598,exact_mw,98ed6542f5a75ebddbda0ed622fb597fbc85d0a75d139587b6be9a08147ba42d,"{""distance"":7,""physical_error_rate"":0.002}","{""detection_events"":381,""detectors_checked"":51840}"
     17408,         0,         0,   0.831,exact_mw,26ede523e6354ffb917e832246591ea54a1b9969785b9947b95e2ebb539e2476,"{""distance"":7,""physical_error_rate"":0.0002}","{""detection_events"":10627,""detectors_checked"":14100480}"
       256,         0,         0,   0.345,exact_mw,d2cc2b129abad1f985b8639603638d6030a837aa2fe57172dffdf28919c1c286,"{""distance"":7,""physical_error_rate"":0.001}","{""detection_events"":730,""detectors_checked"":207360}"
        64,         0,         0,   0.401,exact_mw,98ed6542f5a75ebddbda0ed622fb597fbc85d0a75d139587b6be9a08147ba42d,"{""distance"":7,""physical_error_rate"":0.002}","{""detection_events"":363,""detectors_checked"":51840}"
      1024,         0,         0,   0.437,exact_mw,8c54babb212143042928b0eca3852c18ac799bf66eb488a668303745c8494fc5,"{""distance"":7,""physical_error_rate"":0.0005}","{""detection_events"":1646,""detectors_checked"":829440}"
        32,         0,         0,   0.636,exact_mw,a39d26a9c85ff1858873bfad720922f64799219ac1b945519c1902b92db90de0,"{""distance"":7,""physical_error_rate"":0.005}","{""detection_events"":451,""detectors_checked"":25920}"
       256,         0,         0,   0.479,exact_mw,d2cc2b129abad1f985b8639603638d6030a837aa2fe57172dffdf28919c1c286,"{""distance"":7,""physical_error_rate"":0.001}","{""detection_events"":703,""detectors_checked"":207360}"
      1024,         0,         0,   0.348,exact_mw,8c54babb212143042928b0eca3852c18ac799bf66eb488a668303745c8494fc5,"{""distance"":7,""physical_error_rate"":0.0005}","{""detection_events"":1547,""detectors_checked"":829440}"
        64,         0,         0,   0.443,exact_mw,98ed6542f5a75ebddbda0ed622fb597fbc85d0a75d139587b6be9a08147ba42d,"{""distance"":7,""physical_error_rate"":0.002}","{""detection_events"":350,""detectors_checked"":51840}"
       256,         0,         0,   0.337,exact_mw,d2cc2b129abad1f985b8639603638d6030a837aa2fe57172dffdf28919c1c286,"{""distance"":7,""physical_error_rate"":0.001}","{""detection_events"":741,""detectors_checked"":207360}"
        32,         0,         0,   0.579,exact_mw,a39d26a9c85ff1858873bfad720922f64799219ac1b945519c1902b92db90de0,"{""distance"":7,""physical_error_rate"":0.005}","{""detection_events"":459,""detectors_checked"":25920}"
      1024,         0,         0,   0.431,exact_mw,8c54babb212143042928b0eca3852c18ac799bf66eb488a668303745c8494fc5,"{""distance"":7,""physical_error_rate"":0.0005}","{""detection_events"":1606,""detectors_checked"":829440}"
     28672,         1,         0,    1.14,exact_mw,26ede523e6354ffb917e832246591ea54a1b9969785b9947b95e2ebb539e2476,"{""distance"":7,""physical_error_rate"":0.0002}","{""detection_events"":17241,""detectors_checked"":23224320,""obs_mistake_mask=E"":1}"
        64,         0,         0,   0.579,exact_mw,98ed6542f5a75ebddbda0ed622fb597fbc85d0a75d139587b6be9a08147ba42d,"{""distance"":7,""physical_error_rate"":0.002}","{""detection_events"":412,""detectors_checked"":51840}"
      1024,         0,         0,   0.313,exact_mw,8c54babb212143042928b0eca3852c18ac799bf66eb488a668303745c8494fc5,"{""distance"":7,""physical_error_rate"":0.0005}","{""detection_events"":1591,""detectors_checked"":829440}"
        32,         0,         0,   0.597,exact_mw,a39d26a9c85ff1858873bfad720922f64799219ac1b945519c1902b92db90de0,"{""distance"":7,""physical_error_rate"":0.005}","{""detection_events"":482,""detectors_checked"":25920}"
      1024,         0,         0,   0.271,exact_mw,8c54babb212143042928b0eca3852c18ac799bf66eb488a668303745c8494fc5,"{""distance"":7,""physical_error_rate"":0.0005}","{""detection_events"":1579,""detectors_checked"":829440}"
       256,         0,         0,   0.763,exact_mw,d2cc2b129abad1f985b8639603638d6030a837aa2fe57172dffdf28919c1c286,"{""distance"":7,""physical_error_rate"":0.001}","{""detection_events"":802,""detectors_checked"":207360}"
        64,         0,         0,   0.445,exact_mw,98ed6542f5a75ebddbda0ed622fb597fbc85d0a75d139587b6be9a08147ba42d,"{""distance"":7,""physical_error_rate"":0.002}","{""detection_events"":373,""detectors_checked"":51840}"
    343040,         0,         0,   120.1,exact_mw,8c54babb212143042928b0eca3852c18ac799bf66eb488a668303745c8494fc5,"{""distance"":7,""physical_error_rate"":0.0005}","{""detection_events"":523269,""detectors_checked"":277862400}"
        17,         0,         0,   0.079,exact_mw,d2cc2b129abad1f985b8639603638d6030a837aa2fe57172dffdf28919c1c286,"{""distance"":7,""physical_error_rate"":0.001}","{""detection_events"":41,""detectors_checked"":13770}"
       256,         0,         0,   0.365,exact_mw,d2cc2b129abad1f985b8639603638d6030a837aa2fe57172dffdf28919c1c286,"{""distance"":7,""physical_error_rate"":0.001}","{""detection_events"":706,""detectors_checked"":207360}"
      1024,         0,         0,   0.436,exact_mw,8c54babb212143042928b0eca3852c18ac799bf66eb488a668303745c8494fc5,"{""distance"":7,""physical_error_rate"":0.0005}","{""detection_events"":1486,""detectors_checked"":829440}"
        64,         0,         0,   0.157,exact_mw,d2cc2b129abad1f985b8639603638d6030a837aa2fe57172dffdf28919c1c286,"{""distance"":7,""physical_error_rate"":0.001}","{""detection_events"":213,""detectors_checked"":51840}"
         1,         0,         0,   0.001,exact_mw,26ede523e6354ffb917e832246591ea54a1b9969785b9947b95e2ebb539e2476,"{""distance"":7,""physical_error_rate"":0.0002}","{""detectors_checked"":810}"
        64,         0,         0,   0.487,exact_mw,98ed6542f5a75ebddbda0ed622fb597fbc85d0a75d139587b6be9a08147ba42d,"{""distance"":7,""physical_error_rate"":0.002}","{""detection_events"":370,""detectors_checked"":51840}"
      1296,         0,         0,   0.060,exact_mw,26ede523e6354ffb917e832246591ea54a1b9969785b9947b95e2ebb539e2476,"{""distance"":7,""physical_error_rate"":0.0002}","{""detection_events"":824,""detectors_checked"":1049760}"
        32,         0,         0,   0.677,exact_mw,a39d26a9c85ff1858873bfad720922f64799219ac1b945519c1902b92db90de0,"{""distance"":7,""physical_error_rate"":0.005}","{""detection_events"":502,""detectors_checked"":25920}"
      1024,         0,         0,   0.095,exact_mw,26ede523e6354ffb917e832246591ea54a1b9969785b9947b95e2ebb539e2476,"{""distance"":7,""physical_error_rate"":0.0002}","{""detection_events"":671,""detectors_checked"":829440}"
      1024,         0,         0,   0.049,exact_mw,26ede523e6354ffb917e832246591ea54a1b9969785b9947b95e2ebb539e2476,"{""distance"":7,""physical_error_rate"":0.0002}","{""detection_events"":718,""detectors_checked"":829440}"
      1024,         0,         0,   0.367,exact_mw,8c54babb212143042928b0eca3852c18ac799bf66eb488a668303745c8494fc5,"{""distance"":7,""physical_error_rate"":0.0005}","{""detection_events"":1542,""detectors_checked"":829440}"
      1024,         0,         0,   0.056,exact_mw,26ede523e6354ffb917e832246591ea54a1b9969785b9947b95e2ebb539e2476,"{""distance"":7,""physical_error_rate"":0.0002}","{""detection_events"":663,""detectors_checked"":829440}"
       128,         0,         0,   0.345,exact_mw,d2cc2b129abad1f985b8639603638d6030a837aa2fe57172dffdf28919c1c286,"{""distance"":7,""physical_error_rate"":0.001}","{""detection_events"":384,""detectors_checked"":103680}"
       256,         0,         0,   0.455,exact_mw,d2cc2b129abad1f985b8639603638d6030a837aa2fe57172dffdf28919c1c286,"{""distance"":7,""physical_error_rate"":0.001}","{""detection_events"":769,""detectors_checked"":207360}"
      2048,         0,         0,   0.077,exact_mw,26ede523e6354ffb917e832246591ea54a1b9969785b9947b95e2ebb539e2476,"{""distance"":7,""physical_error_rate"":0.0002}","{""detection_events"":1322,""detectors_checked"":1658880}"
      3072,         0,         0,   0.106,exact_mw,26ede523e6354ffb917e832246591ea54a1b9969785b9947b95e2ebb539e2476,"{""distance"":7,""physical_error_rate"":0.0002}","{""detection_events"":1793,""detectors_checked"":2488320}"
     38912,         0,         0,    1.57,exact_mw,26ede523e6354ffb917e832246591ea54a1b9969785b9947b95e2ebb539e2476,"{""distance"":7,""physical_error_rate"":0.0002}","{""detection_events"":23829,""detectors_checked"":31518720}"
        64,         0,         0,   0.527,exact_mw,98ed6542f5a75ebddbda0ed622fb597fbc85d0a75d139587b6be9a08147ba42d,"{""distance"":7,""physical_error_rate"":0.002}","{""detection_events"":369,""detectors_checked"":51840}"
      1024,         0,         0,   0.317,exact_mw,8c54babb212143042928b0eca3852c18ac799bf66eb488a668303745c8494fc5,"{""distance"":7,""physical_error_rate"":0.0005}","{""detection_events"":1513,""detectors_checked"":829440}"
       128,         0,         0,   0.302,exact_mw,d2cc2b129abad1f985b8639603638d6030a837aa2fe57172dffdf28919c1c286,"{""distance"":7,""physical_error_rate"":0.001}","{""detection_events"":358,""detectors_checked"":103680}"
      2048,         0,         0,   0.140,exact_mw,26ede523e6354ffb917e832246591ea54a1b9969785b9947b95e2ebb539e2476,"{""distance"":7,""physical_error_rate"":0.0002}","{""detection_events"":1248,""detectors_checked"":1658880}"
      4096,         0,         0,   0.184,exact_mw,26ede523e6354ffb917e832246591ea54a1b9969785b9947b95e2ebb539e2476,"{""distance"":7,""physical_error_rate"":0.0002}","{""detection_events"":2496,""detectors_checked"":3317760}"
        32,         0,         0,   0.737,exact_mw,a39d26a9c85ff1858873bfad720922f64799219ac1b945519c1902b92db90de0,"{""distance"":7,""physical_error_rate"":0.005}","{""detection_events"":500,""detectors_checked"":25920}"
       256,         0,         0,   0.511,exact_mw,d2cc2b129abad1f985b8639603638d6030a837aa2fe57172dffdf28919c1c286,"{""distance"":7,""physical_error_rate"":0.001}","{""detection_events"":745,""detectors_checked"":207360}"
      1024,         0,         0,   0.334,exact_mw,8c54babb212143042928b0eca3852c18ac799bf66eb488a668303745c8494fc5,"{""distance"":7,""physical_error_rate"":0.0005}","{""detection_events"":1535,""detectors_checked"":829440}"
        64,         0,         0,   0.409,exact_mw,98ed6542f5a75ebddbda0ed622fb597fbc85d0a75d139587b6be9a08147ba42d,"{""distance"":7,""physical_error_rate"":0.002}","{""detection_events"":373,""detectors_checked"":51840}"
      6144,         0,         0,   0.211,exact_mw,26ede523e6354ffb917e832246591ea54a1b9969785b9947b95e2ebb539e2476,"{""distance"":7,""physical_error_rate"":0.0002}","{""detection_events"":3824,""detectors_checked"":4976640}"
       128,         0,         0,   0.407,exact_mw,d2cc2b129abad1f985b8639603638d6030a837aa2fe57172dffdf28919c1c286,"{""distance"":7,""physical_error_rate"":0.001}","{""detection_events"":395,""detectors_checked"":103680}"
      7168,         0,         0,   0.290,exact_mw,26ede523e6354ffb917e832246591ea54a1b9969785b9947b95e2ebb539e2476,"{""distance"":7,""physical_error_rate"":0.0002}","{""detection_events"":4305,""detectors_checked"":5806080}"
       128,         0,         0,   0.309,exact_mw,d2cc2b129abad1f985b8639603638d6030a837aa2fe57172dffdf28919c1c286,"{""distance"":7,""physical_error_rate"":0.001}","{""detection_events"":387,""detectors_checked"":103680}"
   1197056,         5,         0,   119.5,exact_mw,26ede523e6354ffb917e832246591ea54a1b9969785b9947b95e2ebb539e2476,"{""distance"":7,""physical_error_rate"":0.0002}","{""detection_events"":730923,""detectors_checked"":969615360,""obs_mistake_mask=E"":5}"
       128,         0,         0,   0.224,exact_mw,d2cc2b129abad1f985b8639603638d6030a837aa2fe57172dffdf28919c1c286,"{""distance"":7,""physical_error_rate"":0.001}","{""detection_events"":362,""detectors_checked"":103680}"
      1064,         2,         0,   120.2,exact_mw,a39d26a9c85ff1858873bfad720922f64799219ac1b945519c1902b92db90de0,"{""distance"":7,""physical_error_rate"":0.005}","{""detection_events"":15913,""detectors_checked"":861840,""obs_mistake_mask=E"":2}"
      2048,         0,         0,   0.754,exact_mw,8c54babb212143042928b0eca3852c18ac799bf66eb488a668303745c8494fc5,"{""distance"":7,""physical_error_rate"":0.0005}","{""detection_events"":2895,""detectors_checked"":1658880}"
     11264,         0,         0,   0.420,exact_mw,26ede523e6354ffb917e832246591ea54a1b9969785b9947b95e2ebb539e2476,"{""distance"":7,""physical_error_rate"":0.0002}","{""detection_events"":6839,""detectors_checked"":9123840}"
       512,         0,         0,    1.02,exact_mw,d2cc2b129abad1f985b8639603638d6030a837aa2fe57172dffdf28919c1c286,"{""distance"":7,""physical_error_rate"":0.001}","{""detection_events"":1592,""detectors_checked"":414720}"
       256,         0,         0,   0.345,exact_mw,d2cc2b129abad1f985b8639603638d6030a837aa2fe57172dffdf28919c1c286,"{""distance"":7,""physical_error_rate"":0.001}","{""detection_events"":682,""detectors_checked"":207360}"
       128,         0,         0,   0.968,exact_mw,98ed6542f5a75ebddbda0ed622fb597fbc85d0a75d139587b6be9a08147ba42d,"{""distance"":7,""physical_error_rate"":0.002}","{""detection_events"":757,""detectors_checked"":103680}"
     12288,         0,         0,   0.578,exact_mw,26ede523e6354ffb917e832246591ea54a1b9969785b9947b95e2ebb539e2476,"{""distance"":7,""physical_error_rate"":0.0002}","{""detection_events"":7389,""detectors_checked"":9953280}"
     55296,         3,         0,   120.2,exact_mw,d2cc2b129abad1f985b8639603638d6030a837aa2fe57172dffdf28919c1c286,"{""distance"":7,""physical_error_rate"":0.001}","{""detection_events"":167900,""detectors_checked"":44789760,""obs_mistake_mask=E"":3}"
        64,         0,         0,    1.54,exact_mw,a39d26a9c85ff1858873bfad720922f64799219ac1b945519c1902b92db90de0,"{""distance"":7,""physical_error_rate"":0.005}","{""detection_events"":978,""detectors_checked"":51840}"
       256,         0,         0,   0.482,exact_mw,d2cc2b129abad1f985b8639603638d6030a837aa2fe57172dffdf28919c1c286,"{""distance"":7,""physical_error_rate"":0.001}","{""detection_events"":762,""detectors_checked"":207360}"
      2048,         0,         0,   0.716,exact_mw,8c54babb212143042928b0eca3852c18ac799bf66eb488a668303745c8494fc5,"{""distance"":7,""physical_error_rate"":0.0005}","{""detection_events"":3164,""detectors_checked"":1658880}"
     15296,         3,         0,   120.3,exact_mw,98ed6542f5a75ebddbda0ed622fb597fbc85d0a75d139587b6be9a08147ba42d,"{""distance"":7,""physical_error_rate"":0.002}","{""detection_events"":92648,""detectors_checked"":12389760,""obs_mistake_mask=E"":3}"
        64,         0,         0,   0.655,exact_mw,98ed6542f5a75ebddbda0ed622fb597fbc85d0a75d139587b6be9a08147ba42d,"{""distance"":7,""physical_error_rate"":0.002}","{""detection_events"":423,""detectors_checked"":51840}"
       512,         0,         0,   0.903,exact_mw,d2cc2b129abad1f985b8639603638d6030a837aa2fe57172dffdf28919c1c286,"{""distance"":7,""physical_error_rate"":0.001}","{""detection_events"":1505,""detectors_checked"":414720}"
     53248,         0,         0,    2.20,exact_mw,26ede523e6354ffb917e832246591ea54a1b9969785b9947b95e2ebb539e2476,"{""distance"":7,""physical_error_rate"":0.0002}","{""detection_events"":32729,""detectors_checked"":43130880}"
     14336,         0,         0,   0.785,exact_mw,26ede523e6354ffb917e832246591ea54a1b9969785b9947b95e2ebb539e2476,"{""distance"":7,""physical_error_rate"":0.0002}","{""detection_events"":8638,""detectors_checked"":11612160}"
       256,         0,         0,   0.759,exact_mw,d2cc2b129abad1f985b8639603638d6030a837aa2fe57172dffdf28919c1c286,"{""distance"":7,""physical_error_rate"":0.001}","{""detection_events"":795,""detectors_checked"":207360}"
      3072,         0,         0,    1.09,exact_mw,8c54babb212143042928b0eca3852c18ac799bf66eb488a668303745c8494fc5,"{""distance"":7,""physical_error_rate"":0.0005}","{""detection_events"":4565,""detectors_checked"":2488320}"
       128,         0,         0,   0.946,exact_mw,98ed6542f5a75ebddbda0ed622fb597fbc85d0a75d139587b6be9a08147ba42d,"{""distance"":7,""physical_error_rate"":0.002}","{""detection_events"":744,""detectors_checked"":103680}"
       256,         0,         0,   0.556,exact_mw,d2cc2b129abad1f985b8639603638d6030a837aa2fe57172dffdf28919c1c286,"{""distance"":7,""physical_error_rate"":0.001}","{""detection_events"":746,""detectors_checked"":207360}"
         1,         0,         0,   0.049,exact_mw,a39d26a9c85ff1858873bfad720922f64799219ac1b945519c1902b92db90de0,"{""distance"":7,""physical_error_rate"":0.005}","{""detection_events"":15,""detectors_checked"":810}"
       512,         0,         0,    1.09,exact_mw,d2cc2b129abad1f985b8639603638d6030a837aa2fe57172dffdf28919c1c286,"{""distance"":7,""physical_error_rate"":0.001}","{""detection_events"":1454,""detectors_checked"":414720}"
        64,         0,         0,    1.47,exact_mw,a39d26a9c85ff1858873bfad720922f64799219ac1b945519c1902b92db90de0,"{""distance"":7,""physical_error_rate"":0.005}","{""detection_events"":974,""detectors_checked"":51840}"
         8,         0,         0,   0.128,exact_mw,a39d26a9c85ff1858873bfad720922f64799219ac1b945519c1902b92db90de0,"{""distance"":7,""physical_error_rate"":0.005}","{""detection_events"":125,""detectors_checked"":6480}"
       256,         0,         0,   0.425,exact_mw,d2cc2b129abad1f985b8639603638d6030a837aa2fe57172dffdf28919c1c286,"{""distance"":7,""physical_error_rate"":0.001}","{""detection_events"":736,""detectors_checked"":207360}"
       273,         0,         0,   0.059,exact_mw,8c54babb212143042928b0eca3852c18ac799bf66eb488a668303745c8494fc5,"{""distance"":7,""physical_error_rate"":0.0005}","{""detection_events"":386,""detectors_checked"":221130}"
     25600,         0,         0,    1.15,exact_mw,26ede523e6354ffb917e832246591ea54a1b9969785b9947b95e2ebb539e2476,"{""distance"":7,""physical_error_rate"":0.0002}","{""detection_events"":15435,""detectors_checked"":20736000}"
      1024,         0,         0,   0.409,exact_mw,8c54babb212143042928b0eca3852c18ac799bf66eb488a668303745c8494fc5,"{""distance"":7,""physical_error_rate"":0.0005}","{""detection_events"":1640,""detectors_checked"":829440}"
       256,         0,         0,   0.602,exact_mw,d2cc2b129abad1f985b8639603638d6030a837aa2fe57172dffdf28919c1c286,"{""distance"":7,""physical_error_rate"":0.001}","{""detection_events"":841,""detectors_checked"":207360}"
      3072,         0,         0,    1.27,exact_mw,8c54babb212143042928b0eca3852c18ac799bf66eb488a668303745c8494fc5,"{""distance"":7,""physical_error_rate"":0.0005}","{""detection_events"":4819,""detectors_checked"":2488320}"
      4928,         4,         0,   120.5,exact_mw,a39d26a9c85ff1858873bfad720922f64799219ac1b945519c1902b92db90de0,"{""distance"":7,""physical_error_rate"":0.005}","{""detection_events"":74274,""detectors_checked"":3991680,""obs_mistake_mask=E"":4}"
        32,         0,         0,   0.939,exact_mw,a39d26a9c85ff1858873bfad720922f64799219ac1b945519c1902b92db90de0,"{""distance"":7,""physical_error_rate"":0.005}","{""detection_events"":481,""detectors_checked"":25920}"
       192,         0,         0,    1.40,exact_mw,98ed6542f5a75ebddbda0ed622fb597fbc85d0a75d139587b6be9a08147ba42d,"{""distance"":7,""physical_error_rate"":0.002}","{""detection_events"":1016,""detectors_checked"":155520}"
       512,         0,         0,    1.15,exact_mw,d2cc2b129abad1f985b8639603638d6030a837aa2fe57172dffdf28919c1c286,"{""distance"":7,""physical_error_rate"":0.001}","{""detection_events"":1515,""detectors_checked"":414720}"
      1024,         0,         0,   0.457,exact_mw,8c54babb212143042928b0eca3852c18ac799bf66eb488a668303745c8494fc5,"{""distance"":7,""physical_error_rate"":0.0005}","{""detection_events"":1479,""detectors_checked"":829440}"
      1024,         0,         0,   0.449,exact_mw,8c54babb212143042928b0eca3852c18ac799bf66eb488a668303745c8494fc5,"{""distance"":7,""physical_error_rate"":0.0005}","{""detection_events"":1624,""detectors_checked"":829440}"
        96,         0,         0,    1.76,exact_mw,a39d26a9c85ff1858873bfad720922f64799219ac1b945519c1902b92db90de0,"{""distance"":7,""physical_error_rate"":0.005}","{""detection_events"":1475,""detectors_checked"":77760}"
        32,         0,         0,   0.737,exact_mw,a39d26a9c85ff1858873bfad720922f64799219ac1b945519c1902b92db90de0,"{""distance"":7,""physical_error_rate"":0.005}","{""detection_events"":532,""detectors_checked"":25920}"
     67584,         0,         0,    3.06,exact_mw,26ede523e6354ffb917e832246591ea54a1b9969785b9947b95e2ebb539e2476,"{""distance"":7,""physical_error_rate"":0.0002}","{""detection_events"":41079,""detectors_checked"":54743040}"
     30720,         0,         0,    1.56,exact_mw,26ede523e6354ffb917e832246591ea54a1b9969785b9947b95e2ebb539e2476,"{""distance"":7,""physical_error_rate"":0.0002}","{""detection_events"":18611,""detectors_checked"":24883200}"
      1024,         0,         0,   0.337,exact_mw,8c54babb212143042928b0eca3852c18ac799bf66eb488a668303745c8494fc5,"{""distance"":7,""physical_error_rate"":0.0005}","{""detection_events"":1552,""detectors_checked"":829440}"
       512,         0,         0,    1.23,exact_mw,d2cc2b129abad1f985b8639603638d6030a837aa2fe57172dffdf28919c1c286,"{""distance"":7,""physical_error_rate"":0.001}","{""detection_events"":1540,""detectors_checked"":414720}"
      1024,         0,         0,   0.308,exact_mw,8c54babb212143042928b0eca3852c18ac799bf66eb488a668303745c8494fc5,"{""distance"":7,""physical_error_rate"":0.0005}","{""detection_events"":1546,""detectors_checked"":829440}"
    729088,         1,         0,   119.9,exact_mw,26ede523e6354ffb917e832246591ea54a1b9969785b9947b95e2ebb539e2476,"{""distance"":7,""physical_error_rate"":0.0002}","{""detection_events"":445511,""detectors_checked"":590561280,""obs_mistake_mask=E"":1}"
       768,         0,         0,    1.56,exact_mw,d2cc2b129abad1f985b8639603638d6030a837aa2fe57172dffdf28919c1c286,"{""distance"":7,""physical_error_rate"":0.001}","{""detection_events"":2335,""detectors_checked"":622080}"
      5120,         0,         0,    1.80,exact_mw,8c54babb212143042928b0eca3852c18ac799bf66eb488a668303745c8494fc5,"{""distance"":7,""physical_error_rate"":0.0005}","{""detection_events"":7695,""detectors_checked"":4147200}"
        32,         0,         0,   0.958,exact_mw,a39d26a9c85ff1858873bfad720922f64799219ac1b945519c1902b92db90de0,"{""distance"":7,""physical_error_rate"":0.005}","{""detection_events"":494,""detectors_checked"":25920}"
      1024,         0,         0,   0.461,exact_mw,8c54babb212143042928b0eca3852c18ac799bf66eb488a668303745c8494fc5,"{""distance"":7,""physical_error_rate"":0.0005}","{""detection_events"":1741,""detectors_checked"":829440}"
       256,         0,         0,    1.93,exact_mw,98ed6542f5a75ebddbda0ed622fb597fbc85d0a75d139587b6be9a08147ba42d,"{""distance"":7,""physical_error_rate"":0.002}","{""detection_events"":1542,""detectors_checked"":207360}"
      1024,         0,         0,   0.350,exact_mw,8c54babb212143042928b0eca3852c18ac799bf66eb488a668303745c8494fc5,"{""distance"":7,""physical_error_rate"":0.0005}","{""detection_events"":1464,""detectors_checked"":829440}"
        32,         0,         0,   0.701,exact_mw,a39d26a9c85ff1858873bfad720922f64799219ac1b945519c1902b92db90de0,"{""distance"":7,""physical_error_rate"":0.005}","{""detection_events"":476,""detectors_checked"":25920}"
      1024,         0,         0,   0.316,exact_mw,8c54babb212143042928b0eca3852c18ac799bf66eb488a668303745c8494fc5,"{""distance"":7,""physical_error_rate"":0.0005}","{""detection_events"":1506,""detectors_checked"":829440}"
       768,         0,         0,    1.48,exact_mw,d2cc2b129abad1f985b8639603638d6030a837aa2fe57172dffdf28919c1c286,"{""distance"":7,""physical_error_rate"":0.001}","{""detection_events"":2324,""detectors_checked"":622080}"
      1024,         0,         0,   0.470,exact_mw,8c54babb212143042928b0eca3852c18ac799bf66eb488a668303745c8494fc5,"{""distance"":7,""physical_error_rate"":0.0005}","{""detection_events"":1569,""detectors_checked"":829440}"
     60416,         1,         0,   120.0,exact_mw,d2cc2b129abad1f985b8639603638d6030a837aa2fe57172dffdf28919c1c286,"{""distance"":7,""physical_error_rate"":0.001}","{""detection_events"":183688,""detectors_checked"":48936960,""obs_mistake_mask=E"":1}"
     45056,         0,         0,    2.21,exact_mw,26ede523e6354ffb917e832246591ea54a1b9969785b9947b95e2ebb539e2476,"{""distance"":7,""physical_error_rate"":0.0002}","{""detection_events"":27528,""detectors_checked"":36495360}"
        32,         0,         0,   0.773,exact_mw,a39d26a9c85ff1858873bfad720922f64799219ac1b945519c1902b92db90de0,"{""distance"":7,""physical_error_rate"":0.005}","{""detection_events"":481,""detectors_checked"":25920}"
      4608,         4,         0,   120.0,exact_mw,a39d26a9c85ff1858873bfad720922f64799219ac1b945519c1902b92db90de0,"{""distance"":7,""physical_error_rate"":0.005}","{""detection_events"":68792,""detectors_checked"":3732480,""obs_mistake_mask=E"":4}"
       128,         0,         0,    2.58,exact_mw,a39d26a9c85ff1858873bfad720922f64799219ac1b945519c1902b92db90de0,"{""distance"":7,""physical_error_rate"":0.005}","{""detection_events"":1850,""detectors_checked"":103680}"
      1024,         0,         0,   0.498,exact_mw,8c54babb212143042928b0eca3852c18ac799bf66eb488a668303745c8494fc5,"{""distance"":7,""physical_error_rate"":0.0005}","{""detection_events"":1682,""detectors_checked"":829440}"
      1024,         0,         0,   0.416,exact_mw,8c54babb212143042928b0eca3852c18ac799bf66eb488a668303745c8494fc5,"{""distance"":7,""physical_error_rate"":0.0005}","{""detection_events"":1585,""detectors_checked"":829440}"
      6144,         0,         0,    2.21,exact_mw,8c54babb212143042928b0eca3852c18ac799bf66eb488a668303745c8494fc5,"{""distance"":7,""physical_error_rate"":0.0005}","{""detection_events"":9594,""detectors_checked"":4976640}"
        32,         0,         0,   0.871,exact_mw,a39d26a9c85ff1858873bfad720922f64799219ac1b945519c1902b92db90de0,"{""distance"":7,""physical_error_rate"":0.005}","{""detection_events"":520,""detectors_checked"":25920}"
      1024,         0,         0,    1.56,exact_mw,d2cc2b129abad1f985b8639603638d6030a837aa2fe57172dffdf28919c1c286,"{""distance"":7,""physical_error_rate"":0.001}","{""detection_events"":2941,""detectors_checked"":829440}"
      1280,         0,         0,    2.64,exact_mw,d2cc2b129abad1f985b8639603638d6030a837aa2fe57172dffdf28919c1c286,"{""distance"":7,""physical_error_rate"":0.001}","{""detection_events"":4022,""detectors_checked"":1036800}"
      2048,         0,         0,   0.781,exact_mw,8c54babb212143042928b0eca3852c18ac799bf66eb488a668303745c8494fc5,"{""distance"":7,""physical_error_rate"":0.0005}","{""detection_events"":3127,""detectors_checked"":1658880}"
        32,         0,         0,   0.607,exact_mw,a39d26a9c85ff1858873bfad720922f64799219ac1b945519c1902b92db90de0,"{""distance"":7,""physical_error_rate"":0.005}","{""detection_events"":489,""detectors_checked"":25920}"
      5344,         6,         0,   120.4,exact_mw,a39d26a9c85ff1858873bfad720922f64799219ac1b945519c1902b92db90de0,"{""distance"":7,""physical_error_rate"":0.005}","{""detection_events"":79186,""detectors_checked"":4328640,""obs_mistake_mask=E"":6}"
   2458624,         3,         0,   119.6,exact_mw,26ede523e6354ffb917e832246591ea54a1b9969785b9947b95e2ebb539e2476,"{""distance"":7,""physical_error_rate"":0.0002}","{""detection_events"":1497993,""detectors_checked"":1991485440,""obs_mistake_mask=E"":3}"
       448,         0,         0,    2.95,exact_mw,98ed6542f5a75ebddbda0ed622fb597fbc85d0a75d139587b6be9a08147ba42d,"{""distance"":7,""physical_error_rate"":0.002}","{""detection_events"":2683,""detectors_checked"":362880}"
    164864,         2,         0,   120.0,exact_mw,8c54babb212143042928b0eca3852c18ac799bf66eb488a668303745c8494fc5,"{""distance"":7,""physical_error_rate"":0.0005}","{""detection_events"":250952,""detectors_checked"":133539840,""obs_mistake_mask=E"":2}"
     99328,         1,         0,    4.26,exact_mw,26ede523e6354ffb917e832246591ea54a1b9969785b9947b95e2ebb539e2476,"{""distance"":7,""physical_error_rate"":0.0002}","{""detection_events"":60245,""detectors_checked"":80455680,""obs_mistake_mask=E"":1}"
        32,         0,         0,   0.771,exact_mw,a39d26a9c85ff1858873bfad720922f64799219ac1b945519c1902b92db90de0,"{""distance"":7,""physical_error_rate"":0.005}","{""detection_events"":467,""detectors_checked"":25920}"
      3072,         0,         0,    1.16,exact_mw,8c54babb212143042928b0eca3852c18ac799bf66eb488a668303745c8494fc5,"{""distance"":7,""physical_error_rate"":0.0005}","{""detection_events"":4628,""detectors_checked"":2488320}"
        32,         0,         0,   0.742,exact_mw,a39d26a9c85ff1858873bfad720922f64799219ac1b945519c1902b92db90de0,"{""distance"":7,""physical_error_rate"":0.005}","{""detection_events"":487,""detectors_checked"":25920}"
     71680,         0,         0,    3.04,exact_mw,26ede523e6354ffb917e832246591ea54a1b9969785b9947b95e2ebb539e2476,"{""distance"":7,""physical_error_rate"":0.0002}","{""detection_events"":43643,""detectors_checked"":58060800}"
     64000,         2,         0,   120.6,exact_mw,d2cc2b129abad1f985b8639603638d6030a837aa2fe57172dffdf28919c1c286,"{""distance"":7,""physical_error_rate"":0.001}","{""detection_events"":194187,""detectors_checked"":51840000,""obs_mistake_mask=E"":2}"
      1024,         0,         0,    2.17,exact_mw,d2cc2b129abad1f985b8639603638d6030a837aa2fe57172dffdf28919c1c286,"{""distance"":7,""physical_error_rate"":0.001}","{""detection_events"":3034,""detectors_checked"":829440}"
       160,         0,         0,    3.09,exact_mw,a39d26a9c85ff1858873bfad720922f64799219ac1b945519c1902b92db90de0,"{""distance"":7,""physical_error_rate"":0.005}","{""detection_events"":2436,""detectors_checked"":129600}"
        32,         0,         0,   0.657,exact_mw,a39d26a9c85ff1858873bfad720922f64799219ac1b945519c1902b92db90de0,"{""distance"":7,""physical_error_rate"":0.005}","{""detection_events"":511,""detectors_checked"":25920}"
      8192,         0,         0,    3.17,exact_mw,8c54babb212143042928b0eca3852c18ac799bf66eb488a668303745c8494fc5,"{""distance"":7,""physical_error_rate"":0.0005}","{""detection_events"":12407,""detectors_checked"":6635520}"
      4096,         0,         0,    1.36,exact_mw,8c54babb212143042928b0eca3852c18ac799bf66eb488a668303745c8494fc5,"{""distance"":7,""physical_error_rate"":0.0005}","{""detection_events"":6210,""detectors_checked"":3317760}"
   2506752,         8,         0,   119.5,exact_mw,26ede523e6354ffb917e832246591ea54a1b9969785b9947b95e2ebb539e2476,"{""distance"":7,""physical_error_rate"":0.0002}","{""detection_events"":1526703,""detectors_checked"":2030469120,""obs_mistake_mask=E"":8}"
        32,         0,         0,   0.765,exact_mw,a39d26a9c85ff1858873bfad720922f64799219ac1b945519c1902b92db90de0,"{""distance"":7,""physical_error_rate"":0.005}","{""detection_events"":486,""detectors_checked"":25920}"
      1792,         0,         0,    3.45,exact_mw,d2cc2b129abad1f985b8639603638d6030a837aa2fe57172dffdf28919c1c286,"{""distance"":7,""physical_error_rate"":0.001}","{""detection_events"":5468,""detectors_checked"":1451520}"
       512,         0,         0,    3.79,exact_mw,98ed6542f5a75ebddbda0ed622fb597fbc85d0a75d139587b6be9a08147ba42d,"{""distance"":7,""physical_error_rate"":0.002}","{""detection_events"":3099,""detectors_checked"":414720}"
      5120,         0,         0,    1.81,exact_mw,8c54babb212143042928b0eca3852c18ac799bf66eb488a668303745c8494fc5,"{""distance"":7,""physical_error_rate"":0.0005}","{""detection_events"":7819,""detectors_checked"":4147200}"
        64,         0,         0,    1.56,exact_mw,a39d26a9c85ff1858873bfad720922f64799219ac1b945519c1902b92db90de0,"{""distance"":7,""physical_error_rate"":0.005}","{""detection_events"":920,""detectors_checked"":51840}"
      1792,         0,         0,    3.37,exact_mw,d2cc2b129abad1f985b8639603638d6030a837aa2fe57172dffdf28919c1c286,"{""distance"":7,""physical_error_rate"":0.001}","{""detection_events"":5571,""detectors_checked"":1451520}"
     15040,         0,         0,   120.0,exact_mw,98ed6542f5a75ebddbda0ed622fb597fbc85d0a75d139587b6be9a08147ba42d,"{""distance"":7,""physical_error_rate"":0.002}","{""detection_events"":90297,""detectors_checked"":12182400}"
     61440,         0,         0,    4.34,exact_mw,26ede523e6354ffb917e832246591ea54a1b9969785b9947b95e2ebb539e2476,"{""distance"":7,""physical_error_rate"":0.0002}","{""detection_events"":37815,""detectors_checked"":49766400}"
        64,         0,         0,    1.36,exact_mw,a39d26a9c85ff1858873bfad720922f64799219ac1b945519c1902b92db90de0,"{""distance"":7,""physical_error_rate"":0.005}","{""detection_events"":959,""detectors_checked"":51840}"
    131072,         0,         0,    5.95,exact_mw,26ede523e6354ffb917e832246591ea54a1b9969785b9947b95e2ebb539e2476,"{""distance"":7,""physical_error_rate"":0.0002}","{""detection_events"":80564,""detectors_checked"":106168320}"
       160,         0,         0,    4.85,exact_mw,a39d26a9c85ff1858873bfad720922f64799219ac1b945519c1902b92db90de0,"{""distance"":7,""physical_error_rate"":0.005}","{""detection_events"":2448,""detectors_checked"":129600}"
    214784,         0,         0,   120.1,exact_mw,8c54babb212143042928b0eca3852c18ac799bf66eb488a668303745c8494fc5,"{""distance"":7,""physical_error_rate"":0.0005}","{""detection_events"":327140,""detectors_checked"":173975040}"
      6144,         0,         0,    2.29,exact_mw,8c54babb212143042928b0eca3852c18ac799bf66eb488a668303745c8494fc5,"{""distance"":7,""physical_error_rate"":0.0005}","{""detection_events"":9297,""detectors_checked"":4976640}"
     12288,         0,         0,    4.59,exact_mw,8c54babb212143042928b0eca3852c18ac799bf66eb488a668303745c8494fc5,"{""distance"":7,""physical_error_rate"":0.0005}","{""detection_events"":18745,""detectors_checked"":9953280}"
      2304,         0,         0,    4.38,exact_mw,d2cc2b129abad1f985b8639603638d6030a837aa2fe57172dffdf28919c1c286,"{""distance"":7,""physical_error_rate"":0.001}","{""detection_events"":7102,""detectors_checked"":1866240}"
        64,         0,         0,    1.68,exact_mw,a39d26a9c85ff1858873bfad720922f64799219ac1b945519c1902b92db90de0,"{""distance"":7,""physical_error_rate"":0.005}","{""detection_events"":941,""detectors_checked"":51840}"
    324608,         0,         0,   120.5,exact_mw,8c54babb212143042928b0eca3852c18ac799bf66eb488a668303745c8494fc5,"{""distance"":7,""physical_error_rate"":0.0005}","{""detection_events"":494441,""detectors_checked"":262932480}"
     10864,         1,         0,   120.2,exact_mw,98ed6542f5a75ebddbda0ed622fb597fbc85d0a75d139587b6be9a08147ba42d,"{""distance"":7,""physical_error_rate"":0.002}","{""detection_events"":65064,""detectors_checked"":8799840,""obs_mistake_mask=E"":1}"
    324608,         1,         0,   120.1,exact_mw,8c54babb212143042928b0eca3852c18ac799bf66eb488a668303745c8494fc5,"{""distance"":7,""physical_error_rate"":0.0005}","{""detection_events"":493986,""detectors_checked"":262932480,""obs_mistake_mask=E"":1}"
       768,         0,         0,    5.03,exact_mw,98ed6542f5a75ebddbda0ed622fb597fbc85d0a75d139587b6be9a08147ba42d,"{""distance"":7,""physical_error_rate"":0.002}","{""detection_events"":4498,""detectors_checked"":622080}"
      2304,         0,         0,    4.40,exact_mw,d2cc2b129abad1f985b8639603638d6030a837aa2fe57172dffdf28919c1c286,"{""distance"":7,""physical_error_rate"":0.001}","{""detection_events"":6838,""detectors_checked"":1866240}"
     58624,         2,         0,   121.2,exact_mw,d2cc2b129abad1f985b8639603638d6030a837aa2fe57172dffdf28919c1c286,"{""distance"":7,""physical_error_rate"":0.001}","{""detection_events"":177512,""detectors_checked"":47485440,""obs_mistake_mask=E"":2}"
        96,         0,         0,    2.28,exact_mw,a39d26a9c85ff1858873bfad720922f64799219ac1b945519c1902b92db90de0,"{""distance"":7,""physical_error_rate"":0.005}","{""detection_events"":1446,""detectors_checked"":77760}"
      9216,         0,         0,    3.27,exact_mw,8c54babb212143042928b0eca3852c18ac799bf66eb488a668303745c8494fc5,"{""distance"":7,""physical_error_rate"":0.0005}","{""detection_events"":14333,""detectors_checked"":7464960}"
     99328,         0,         0,    5.99,exact_mw,26ede523e6354ffb917e832246591ea54a1b9969785b9947b95e2ebb539e2476,"{""distance"":7,""physical_error_rate"":0.0002}","{""detection_events"":60633,""detectors_checked"":80455680}"
     15296,         2,         0,   120.1,exact_mw,98ed6542f5a75ebddbda0ed622fb597fbc85d0a75d139587b6be9a08147ba42d,"{""distance"":7,""physical_error_rate"":0.002}","{""detection_events"":92590,""detectors_checked"":12389760,""obs_mistake_mask=E"":2}"
       128,         0,         0,    3.15,exact_mw,a39d26a9c85ff1858873bfad720922f64799219ac1b945519c1902b92db90de0,"{""distance"":7,""physical_error_rate"":0.005}","{""detection_events"":1906,""detectors_checked"":103680}"
     15360,         0,         0,    6.04,exact_mw,8c54babb212143042928b0eca3852c18ac799bf66eb488a668303745c8494fc5,"{""distance"":7,""physical_error_rate"":0.0005}","{""detection_events"":23258,""detectors_checked"":12441600}"
       240,         1,         0,    6.65,exact_mw,a39d26a9c85ff1858873bfad720922f64799219ac1b945519c1902b92db90de0,"{""distance"":7,""physical_error_rate"":0.005}","{""detection_events"":3574,""detectors_checked"":194400,""obs_mistake_mask=E"":1}"
      3584,         0,         0,    6.55,exact_mw,d2cc2b129abad1f985b8639603638d6030a837aa2fe57172dffdf28919c1c286,"{""distance"":7,""physical_error_rate"":0.001}","{""detection_events"":10703,""detectors_checked"":2903040}"
     12544,         2,         0,   120.1,exact_mw,98ed6542f5a75ebddbda0ed622fb597fbc85d0a75d139587b6be9a08147ba42d,"{""distance"":7,""physical_error_rate"":0.002}","{""detection_events"":75476,""detectors_checked"":10160640,""obs_mistake_mask=E"":2}"
     13312,         0,         0,    4.42,exact_mw,8c54babb212143042928b0eca3852c18ac799bf66eb488a668303745c8494fc5,"{""distance"":7,""physical_error_rate"":0.0005}","{""detection_events"":20185,""detectors_checked"":10782720}"
    190464,         2,         0,    8.35,exact_mw,26ede523e6354ffb917e832246591ea54a1b9969785b9947b95e2ebb539e2476,"{""distance"":7,""physical_error_rate"":0.0002}","{""detection_events"":115044,""detectors_checked"":154275840,""obs_mistake_mask=E"":2}"
       896,         0,         0,    6.63,exact_mw,98ed6542f5a75ebddbda0ed622fb597fbc85d0a75d139587b6be9a08147ba42d,"{""distance"":7,""physical_error_rate"":0.002}","{""detection_events"":5382,""detectors_checked"":725760}"
      3328,         1,         0,    6.29,exact_mw,d2cc2b129abad1f985b8639603638d6030a837aa2fe57172dffdf28919c1c286,"{""distance"":7,""physical_error_rate"":0.001}","{""detection_events"":10001,""detectors_checked"":2695680,""obs_mistake_mask=E"":1}"
      5184,         5,         0,   120.6,exact_mw,a39d26a9c85ff1858873bfad720922f64799219ac1b945519c1902b92db90de0,"{""distance"":7,""physical_error_rate"":0.005}","{""detection_events"":76773,""detectors_checked"":4199040,""obs_mistake_mask=E"":5}"
      3988,         3,         0,   120.2,exact_mw,a39d26a9c85ff1858873bfad720922f64799219ac1b945519c1902b92db90de0,"{""distance"":7,""physical_error_rate"":0.005}","{""detection_events"":59133,""detectors_checked"":3230280,""obs_mistake_mask=E"":3}"
   2523136,         5,         0,   119.7,exact_mw,26ede523e6354ffb917e832246591ea54a1b9969785b9947b95e2ebb539e2476,"{""distance"":7,""physical_error_rate"":0.0002}","{""detection_events"":1536798,""detectors_checked"":2043740160,""obs_mistake_mask=E"":5}"
       224,         0,         0,    4.65,exact_mw,a39d26a9c85ff1858873bfad720922f64799219ac1b945519c1902b92db90de0,"{""distance"":7,""physical_error_rate"":0.005}","{""detection_events"":3398,""detectors_checked"":181440}"
      5840,         2,         0,   120.5,exact_mw,98ed6542f5a75ebddbda0ed622fb597fbc85d0a75d139587b6be9a08147ba42d,"{""distance"":7,""physical_error_rate"":0.002}","{""detection_events"":35392,""detectors_checked"":4730400,""obs_mistake_mask=E"":2}"
     10000,         4,         0,   120.2,exact_mw,98ed6542f5a75ebddbda0ed622fb597fbc85d0a75d139587b6be9a08147ba42d,"{""distance"":7,""physical_error_rate"":0.002}","{""detection_events"":60217,""detectors_checked"":8100000,""obs_mistake_mask=E"":4}"
     59648,         4,         0,   120.0,exact_mw,d2cc2b129abad1f985b8639603638d6030a837aa2fe57172dffdf28919c1c286,"{""distance"":7,""physical_error_rate"":0.001}","{""detection_events"":180786,""detectors_checked"":48314880,""obs_mistake_mask=E"":4}"
     52480,         2,         0,   120.2,exact_mw,d2cc2b129abad1f985b8639603638d6030a837aa2fe57172dffdf28919c1c286,"{""distance"":7,""physical_error_rate"":0.001}","{""detection_events"":159181,""detectors_checked"":42508800,""obs_mistake_mask=E"":2}"
   2656256,         2,         0,   119.6,exact_mw,26ede523e6354ffb917e832246591ea54a1b9969785b9947b95e2ebb539e2476,"{""distance"":7,""physical_error_rate"":0.0002}","{""detection_events"":1622792,""detectors_checked"":2151567360,""obs_mistake_mask=E"":2}"
    163840,         0,         0,    8.36,exact_mw,26ede523e6354ffb917e832246591ea54a1b9969785b9947b95e2ebb539e2476,"{""distance"":7,""physical_error_rate"":0.0002}","{""detection_events"":99913,""detectors_checked"":132710400}"
     16384,         0,         0,    6.11,exact_mw,8c54babb212143042928b0eca3852c18ac799bf66eb488a668303745c8494fc5,"{""distance"":7,""physical_error_rate"":0.0005}","{""detection_events"":25070,""detectors_checked"":13271040}"
      4736,         4,         0,   120.0,exact_mw,a39d26a9c85ff1858873bfad720922f64799219ac1b945519c1902b92db90de0,"{""distance"":7,""physical_error_rate"":0.005}","{""detection_events"":70001,""detectors_checked"":3836160,""obs_mistake_mask=E"":4}"
     24576,         0,         0,    8.57,exact_mw,8c54babb212143042928b0eca3852c18ac799bf66eb488a668303745c8494fc5,"{""distance"":7,""physical_error_rate"":0.0005}","{""detection_events"":37236,""detectors_checked"":19906560}"
       384,         1,         0,    8.93,exact_mw,a39d26a9c85ff1858873bfad720922f64799219ac1b945519c1902b92db90de0,"{""distance"":7,""physical_error_rate"":0.005}","{""detection_events"":5890,""detectors_checked"":311040,""obs_mistake_mask=E"":1}"
      4352,         0,         0,    8.90,exact_mw,d2cc2b129abad1f985b8639603638d6030a837aa2fe57172dffdf28919c1c286,"{""distance"":7,""physical_error_rate"":0.001}","{""detection_events"":13282,""detectors_checked"":3525120}"
       288,         1,         0,    6.32,exact_mw,a39d26a9c85ff1858873bfad720922f64799219ac1b945519c1902b92db90de0,"{""distance"":7,""physical_error_rate"":0.005}","{""detection_events"":4217,""detectors_checked"":233280,""obs_mistake_mask=E"":1}"
      1152,         0,         0,    8.39,exact_mw,98ed6542f5a75ebddbda0ed622fb597fbc85d0a75d139587b6be9a08147ba42d,"{""distance"":7,""physical_error_rate"":0.002}","{""detection_events"":6892,""detectors_checked"":933120}"
      4608,         0,         0,    9.08,exact_mw,d2cc2b129abad1f985b8639603638d6030a837aa2fe57172dffdf28919c1c286,"{""distance"":7,""physical_error_rate"":0.001}","{""detection_events"":13933,""detectors_checked"":3732480}"
    233472,         2,         0,   121.0,exact_mw,8c54babb212143042928b0eca3852c18ac799bf66eb488a668303745c8494fc5,"{""distance"":7,""physical_error_rate"":0.0005}","{""detection_events"":357124,""detectors_checked"":189112320,""obs_mistake_mask=E"":2}"
    282624,         0,         0,    11.7,exact_mw,26ede523e6354ffb917e832246591ea54a1b9969785b9947b95e2ebb539e2476,"{""distance"":7,""physical_error_rate"":0.0002}","{""detection_events"":172905,""detectors_checked"":228925440}"
    237056,         1,         0,   120.5,exact_mw,8c54babb212143042928b0eca3852c18ac799bf66eb488a668303745c8494fc5,"{""distance"":7,""physical_error_rate"":0.0005}","{""detection_events"":360966,""detectors_checked"":192015360,""obs_mistake_mask=E"":1}"
     22528,         0,         0,    8.65,exact_mw,8c54babb212143042928b0eca3852c18ac799bf66eb488a668303745c8494fc5,"{""distance"":7,""physical_error_rate"":0.0005}","{""detection_events"":34493,""detectors_checked"":18247680}"
     15904,         0,         0,   119.9,exact_mw,d2cc2b129abad1f985b8639603638d6030a837aa2fe57172dffdf28919c1c286,"{""distance"":7,""physical_error_rate"":0.001}","{""detection_events"":48222,""detectors_checked"":12882240}"
      1124,         2,         0,   120.7,exact_mw,a39d26a9c85ff1858873bfad720922f64799219ac1b945519c1902b92db90de0,"{""distance"":7,""physical_error_rate"":0.005}","{""detection_events"":16823,""detectors_checked"":910440,""obs_mistake_mask=E"":2}"
    244736,         1,         0,    11.7,exact_mw,26ede523e6354ffb917e832246591ea54a1b9969785b9947b95e2ebb539e2476,"{""distance"":7,""physical_error_rate"":0.0002}","{""detection_events"":149899,""detectors_checked"":198236160,""obs_mistake_mask=E"":1}"
       384,         0,         0,    8.43,exact_mw,a39d26a9c85ff1858873bfad720922f64799219ac1b945519c1902b92db90de0,"{""distance"":7,""physical_error_rate"":0.005}","{""detection_events"":5615,""detectors_checked"":311040}"
     30720,         0,         0,    11.8,exact_mw,8c54babb212143042928b0eca3852c18ac799bf66eb488a668303745c8494fc5,"{""distance"":7,""physical_error_rate"":0.0005}","{""detection_events"":46892,""detectors_checked"":24883200}"
       512,         0,         0,    12.5,exact_mw,a39d26a9c85ff1858873bfad720922f64799219ac1b945519c1902b92db90de0,"{""distance"":7,""physical_error_rate"":0.005}","{""detection_events"":7608,""detectors_checked"":414720}"
      6144,         0,         0,    11.9,exact_mw,d2cc2b129abad1f985b8639603638d6030a837aa2fe57172dffdf28919c1c286,"{""distance"":7,""physical_error_rate"":0.001}","{""detection_events"":18803,""detectors_checked"":4976640}"
      1664,         0,         0,    12.3,exact_mw,98ed6542f5a75ebddbda0ed622fb597fbc85d0a75d139587b6be9a08147ba42d,"{""distance"":7,""physical_error_rate"":0.002}","{""detection_events"":10213,""detectors_checked"":1347840}"
      6144,         0,         0,    12.5,exact_mw,d2cc2b129abad1f985b8639603638d6030a837aa2fe57172dffdf28919c1c286,"{""distance"":7,""physical_error_rate"":0.001}","{""detection_events"":19025,""detectors_checked"":4976640}"
      5472,         3,         0,   120.6,exact_mw,a39d26a9c85ff1858873bfad720922f64799219ac1b945519c1902b92db90de0,"{""distance"":7,""physical_error_rate"":0.005}","{""detection_events"":81132,""detectors_checked"":4432320,""obs_mistake_mask=E"":3}"
     49408,         2,         0,   120.0,exact_mw,d2cc2b129abad1f985b8639603638d6030a837aa2fe57172dffdf28919c1c286,"{""distance"":7,""physical_error_rate"":0.001}","{""detection_events"":150290,""detectors_checked"":40020480,""obs_mistake_mask=E"":2}"
     33792,         0,         0,    12.0,exact_mw,8c54babb212143042928b0eca3852c18ac799bf66eb488a668303745c8494fc5,"{""distance"":7,""physical_error_rate"":0.0005}","{""detection_events"":50901,""detectors_checked"":27371520}"
    394240,         1,         0,    16.3,exact_mw,26ede523e6354ffb917e832246591ea54a1b9969785b9947b95e2ebb539e2476,"{""distance"":7,""physical_error_rate"":0.0002}","{""detection_events"":239531,""detectors_checked"":319334400,""obs_mistake_mask=E"":1}"
     15872,         2,         0,   120.2,exact_mw,98ed6542f5a75ebddbda0ed622fb597fbc85d0a75d139587b6be9a08147ba42d,"{""distance"":7,""physical_error_rate"":0.002}","{""detection_events"":95837,""detectors_checked"":12856320,""obs_mistake_mask=E"":2}"
       544,         0,         0,    12.2,exact_mw,a39d26a9c85ff1858873bfad720922f64799219ac1b945519c1902b92db90de0,"{""distance"":7,""physical_error_rate"":0.005}","{""detection_events"":8252,""detectors_checked"":440640}"
    360448,         1,         0,    16.4,exact_mw,26ede523e6354ffb917e832246591ea54a1b9969785b9947b95e2ebb539e2476,"{""distance"":7,""physical_error_rate"":0.0002}","{""detection_events"":218961,""detectors_checked"":291962880,""obs_mistake_mask=E"":1}"
     46080,         0,         0,    16.5,exact_mw,8c54babb212143042928b0eca3852c18ac799bf66eb488a668303745c8494fc5,"{""distance"":7,""physical_error_rate"":0.0005}","{""detection_events"":70196,""detectors_checked"":37324800}"
      8192,         0,         0,    16.6,exact_mw,d2cc2b129abad1f985b8639603638d6030a837aa2fe57172dffdf28919c1c286,"{""distance"":7,""physical_error_rate"":0.001}","{""detection_events"":25016,""detectors_checked"":6635520}"
       608,         0,         0,    16.9,exact_mw,a39d26a9c85ff1858873bfad720922f64799219ac1b945519c1902b92db90de0,"{""distance"":7,""physical_error_rate"":0.005}","{""detection_events"":9263,""detectors_checked"":492480}"
   2643968,         3,         0,   119.6,exact_mw,26ede523e6354ffb917e832246591ea54a1b9969785b9947b95e2ebb539e2476,"{""distance"":7,""physical_error_rate"":0.0002}","{""detection_events"":1610374,""detectors_checked"":2141614080,""obs_mistake_mask=E"":3}"
      2304,         0,         0,    17.1,exact_mw,98ed6542f5a75ebddbda0ed622fb597fbc85d0a75d139587b6be9a08147ba42d,"{""distance"":7,""physical_error_rate"":0.002}","{""detection_events"":14001,""detectors_checked"":1866240}"
      8192,         0,         0,    16.9,exact_mw,d2cc2b129abad1f985b8639603638d6030a837aa2fe57172dffdf28919c1c286,"{""distance"":7,""physical_error_rate"":0.001}","{""detection_events"":25269,""detectors_checked"":6635520}"
     45056,         0,         0,    16.6,exact_mw,8c54babb212143042928b0eca3852c18ac799bf66eb488a668303745c8494fc5,"{""distance"":7,""physical_error_rate"":0.0005}","{""detection_events"":68473,""detectors_checked"":36495360}"
      4448,         6,         0,   120.4,exact_mw,a39d26a9c85ff1858873bfad720922f64799219ac1b945519c1902b92db90de0,"{""distance"":7,""physical_error_rate"":0.005}","{""detection_events"":66899,""detectors_checked"":3602880,""obs_mistake_mask=E"":6}"
       736,         0,         0,    16.5,exact_mw,a39d26a9c85ff1858873bfad720922f64799219ac1b945519c1902b92db90de0,"{""distance"":7,""physical_error_rate"":0.005}","{""detection_events"":11393,""detectors_checked"":596160}"
    205568,         3,         0,   120.2,exact_mw,8c54babb212143042928b0eca3852c18ac799bf66eb488a668303745c8494fc5,"{""distance"":7,""physical_error_rate"":0.0005}","{""detection_events"":312895,""detectors_checked"":166510080,""obs_mistake_mask=E"":3}"
    544768,         0,         0,    22.9,exact_mw,26ede523e6354ffb917e832246591ea54a1b9969785b9947b95e2ebb539e2476,"{""distance"":7,""physical_error_rate"":0.0002}","{""detection_events"":332841,""detectors_checked"":441262080}"
     15488,         0,         0,   120.2,exact_mw,98ed6542f5a75ebddbda0ed622fb597fbc85d0a75d139587b6be9a08147ba42d,"{""distance"":7,""physical_error_rate"":0.002}","{""detection_events"":94144,""detectors_checked"":12545280}"
     63232,         4,         0,   120.4,exact_mw,d2cc2b129abad1f985b8639603638d6030a837aa2fe57172dffdf28919c1c286,"{""distance"":7,""physical_error_rate"":0.001}","{""detection_events"":193106,""detectors_checked"":51217920,""obs_mistake_mask=E"":4}"
    510976,         1,         0,    22.9,exact_mw,26ede523e6354ffb917e832246591ea54a1b9969785b9947b95e2ebb539e2476,"{""distance"":7,""physical_error_rate"":0.0002}","{""detection_events"":311127,""detectors_checked"":413890560,""obs_mistake_mask=E"":1}"
     68608,         0,         0,    23.1,exact_mw,8c54babb212143042928b0eca3852c18ac799bf66eb488a668303745c8494fc5,"{""distance"":7,""physical_error_rate"":0.0005}","{""detection_events"":103793,""detectors_checked"":55572480}"
      1056,         0,         0,    23.3,exact_mw,a39d26a9c85ff1858873bfad720922f64799219ac1b945519c1902b92db90de0,"{""distance"":7,""physical_error_rate"":0.005}","{""detection_events"":15669,""detectors_checked"":855360}"
     12800,         1,         0,    23.9,exact_mw,d2cc2b129abad1f985b8639603638d6030a837aa2fe57172dffdf28919c1c286,"{""distance"":7,""physical_error_rate"":0.001}","{""detection_events"":38518,""detectors_checked"":10368000,""obs_mistake_mask=E"":1}"
   2807808,         4,         0,   119.7,exact_mw,26ede523e6354ffb917e832246591ea54a1b9969785b9947b95e2ebb539e2476,"{""distance"":7,""physical_error_rate"":0.0002}","{""detection_events"":1706872,""detectors_checked"":2274324480,""obs_mistake_mask=E"":4}"
      3072,         0,         0,    23.4,exact_mw,98ed6542f5a75ebddbda0ed622fb597fbc85d0a75d139587b6be9a08147ba42d,"{""distance"":7,""physical_error_rate"":0.002}","{""detection_events"":19018,""detectors_checked"":2488320}"
     12800,         0,         0,    23.7,exact_mw,d2cc2b129abad1f985b8639603638d6030a837aa2fe57172dffdf28919c1c286,"{""distance"":7,""physical_error_rate"":0.001}","{""detection_events"":39156,""detectors_checked"":10368000}"
   2486272,         5,         0,   119.6,exact_mw,26ede523e6354ffb917e832246591ea54a1b9969785b9947b95e2ebb539e2476,"{""distance"":7,""physical_error_rate"":0.0002}","{""detection_events"":1517392,""detectors_checked"":2013880320,""obs_mistake_mask=E"":5}"
     64512,         0,         0,    23.0,exact_mw,8c54babb212143042928b0eca3852c18ac799bf66eb488a668303745c8494fc5,"{""distance"":7,""physical_error_rate"":0.0005}","{""detection_events"":98291,""detectors_checked"":52254720}"
    345088,         2,         0,   120.1,exact_mw,8c54babb212143042928b0eca3852c18ac799bf66eb488a668303745c8494fc5,"{""distance"":7,""physical_error_rate"":0.0005}","{""detection_events"":524509,""detectors_checked"":279521280,""obs_mistake_mask=E"":2}"
      1056,         0,         0,    23.3,exact_mw,a39d26a9c85ff1858873bfad720922f64799219ac1b945519c1902b92db90de0,"{""distance"":7,""physical_error_rate"":0.005}","{""detection_events"":15694,""detectors_checked"":855360}"
     16448,         2,         0,   120.4,exact_mw,98ed6542f5a75ebddbda0ed622fb597fbc85d0a75d139587b6be9a08147ba42d,"{""distance"":7,""physical_error_rate"":0.002}","{""detection_events"":98839,""detectors_checked"":13322880,""obs_mistake_mask=E"":2}"
     33504,         3,         0,   120.5,exact_mw,d2cc2b129abad1f985b8639603638d6030a837aa2fe57172dffdf28919c1c286,"{""distance"":7,""physical_error_rate"":0.001}","{""detection_events"":101524,""detectors_checked"":27138240,""obs_mistake_mask=E"":3}"
     54144,         1,         0,   120.5,exact_mw,8c54babb212143042928b0eca3852c18ac799bf66eb488a668303745c8494fc5,"{""distance"":7,""physical_error_rate"":0.0005}","{""detection_events"":83070,""detectors_checked"":43856640,""obs_mistake_mask=E"":1}"
     64768,         2,         0,   120.7,exact_mw,d2cc2b129abad1f985b8639603638d6030a837aa2fe57172dffdf28919c1c286,"{""distance"":7,""physical_error_rate"":0.001}","{""detection_events"":196900,""detectors_checked"":52462080,""obs_mistake_mask=E"":2}"
    738304,         0,         0,    32.1,exact_mw,26ede523e6354ffb917e832246591ea54a1b9969785b9947b95e2ebb539e2476,"{""distance"":7,""physical_error_rate"":0.0002}","{""detection_events"":449946,""detectors_checked"":598026240}"
    734208,         1,         0,    32.1,exact_mw,26ede523e6354ffb917e832246591ea54a1b9969785b9947b95e2ebb539e2476,"{""distance"":7,""physical_error_rate"":0.0002}","{""detection_events"":448116,""detectors_checked"":594708480,""obs_mistake_mask=E"":1}"
     89088,         0,         0,    32.3,exact_mw,8c54babb212143042928b0eca3852c18ac799bf66eb488a668303745c8494fc5,"{""distance"":7,""physical_error_rate"":0.0005}","{""detection_events"":134738,""detectors_checked"":72161280}"
     16320,         3,         0,   120.6,exact_mw,98ed6542f5a75ebddbda0ed622fb597fbc85d0a75d139587b6be9a08147ba42d,"{""distance"":7,""physical_error_rate"":0.002}","{""detection_events"":98759,""detectors_checked"":13219200,""obs_mistake_mask=E"":3}"
   2518016,         1,         0,   119.6,exact_mw,26ede523e6354ffb917e832246591ea54a1b9969785b9947b95e2ebb539e2476,"{""distance"":7,""physical_error_rate"":0.0002}","{""detection_events"":1533199,""detectors_checked"":2039592960,""obs_mistake_mask=E"":1}"
   2778112,         9,         0,   119.6,exact_mw,26ede523e6354ffb917e832246591ea54a1b9969785b9947b95e2ebb539e2476,"{""distance"":7,""physical_error_rate"":0.0002}","{""detection_events"":1691587,""detectors_checked"":2250270720,""obs_mistake_mask=E"":9}"
    178048,         1,         0,   120.1,exact_mw,8c54babb212143042928b0eca3852c18ac799bf66eb488a668303745c8494fc5,"{""distance"":7,""physical_error_rate"":0.0005}","{""detection_events"":271823,""detectors_checked"":144218880,""obs_mistake_mask=E"":1}"
      1472,         0,         0,    32.7,exact_mw,a39d26a9c85ff1858873bfad720922f64799219ac1b945519c1902b92db90de0,"{""distance"":7,""physical_error_rate"":0.005}","{""detection_events"":22049,""detectors_checked"":1192320}"
     15872,         0,         0,    32.3,exact_mw,d2cc2b129abad1f985b8639603638d6030a837aa2fe57172dffdf28919c1c286,"{""distance"":7,""physical_error_rate"":0.001}","{""detection_events"":48202,""detectors_checked"":12856320}"
      3968,         1,         0,    32.8,exact_mw,98ed6542f5a75ebddbda0ed622fb597fbc85d0a75d139587b6be9a08147ba42d,"{""distance"":7,""physical_error_rate"":0.002}","{""detection_events"":24091,""detectors_checked"":3214080,""obs_mistake_mask=E"":1}"
    315392,         3,         0,   120.0,exact_mw,8c54babb212143042928b0eca3852c18ac799bf66eb488a668303745c8494fc5,"{""distance"":7,""physical_error_rate"":0.0005}","{""detection_events"":478527,""detectors_checked"":255467520,""obs_mistake_mask=E"":3}"
     13952,         1,         0,    32.3,exact_mw,d2cc2b129abad1f985b8639603638d6030a837aa2fe57172dffdf28919c1c286,"{""distance"":7,""physical_error_rate"":0.001}","{""detection_events"":42084,""detectors_checked"":11301120,""obs_mistake_mask=E"":1}"
    484352,         1,         0,   119.6,exact_mw,26ede523e6354ffb917e832246591ea54a1b9969785b9947b95e2ebb539e2476,"{""distance"":7,""physical_error_rate"":0.0002}","{""detection_events"":294500,""detectors_checked"":392325120,""obs_mistake_mask=E"":1}"
       888,         0,         0,   120.0,exact_mw,a39d26a9c85ff1858873bfad720922f64799219ac1b945519c1902b92db90de0,"{""distance"":7,""physical_error_rate"":0.005}","{""detection_events"":13442,""detectors_checked"":719280}"
     80896,         0,         0,    32.2,exact_mw,8c54babb212143042928b0eca3852c18ac799bf66eb488a668303745c8494fc5,"{""distance"":7,""physical_error_rate"":0.0005}","{""detection_events"":122539,""detectors_checked"":65525760}"
     60928,         1,         0,   120.3,exact_mw,d2cc2b129abad1f985b8639603638d6030a837aa2fe57172dffdf28919c1c286,"{""distance"":7,""physical_error_rate"":0.001}","{""detection_events"":185488,""detectors_checked"":49351680,""obs_mistake_mask=E"":1}"
     15552,         2,         0,   120.6,exact_mw,98ed6542f5a75ebddbda0ed622fb597fbc85d0a75d139587b6be9a08147ba42d,"{""distance"":7,""physical_error_rate"":0.002}","{""detection_events"":95184,""detectors_checked"":12597120,""obs_mistake_mask=E"":2}"
      1858,         0,         0,   120.7,exact_mw,a39d26a9c85ff1858873bfad720922f64799219ac1b945519c1902b92db90de0,"{""distance"":7,""physical_error_rate"":0.005}","{""detection_events"":27486,""detectors_checked"":1504980}"
      1504,         0,         0,    32.5,exact_mw,a39d26a9c85ff1858873bfad720922f64799219ac1b945519c1902b92db90de0,"{""distance"":7,""physical_error_rate"":0.005}","{""detection_events"":22193,""detectors_checked"":1218240}"
    493568,         1,         0,   120.2,exact_mw,26ede523e6354ffb917e832246591ea54a1b9969785b9947b95e2ebb539e2476,"{""distance"":7,""physical_error_rate"":0.0002}","{""detection_events"":300729,""detectors_checked"":399790080,""obs_mistake_mask=E"":1}"
     62208,         4,         0,   120.2,exact_mw,d2cc2b129abad1f985b8639603638d6030a837aa2fe57172dffdf28919c1c286,"{""distance"":7,""physical_error_rate"":0.001}","{""detection_events"":188706,""detectors_checked"":50388480,""obs_mistake_mask=E"":4}"
         1,         0,         0,   0.053,exact_mw,98ed6542f5a75ebddbda0ed622fb597fbc85d0a75d139587b6be9a08147ba42d,"{""distance"":7,""physical_error_rate"":0.002}","{""detection_events"":11,""detectors_checked"":810}"
         8,         0,         0,   0.101,exact_mw,98ed6542f5a75ebddbda0ed622fb597fbc85d0a75d139587b6be9a08147ba42d,"{""distance"":7,""physical_error_rate"":0.002}","{""detection_events"":38,""detectors_checked"":6480}"
      5264,         7,         0,   120.5,exact_mw,a39d26a9c85ff1858873bfad720922f64799219ac1b945519c1902b92db90de0,"{""distance"":7,""physical_error_rate"":0.005}","{""detection_events"":77621,""detectors_checked"":4263840,""obs_mistake_mask=E"":7}"
        32,         0,         0,    1.09,exact_mw,98ed6542f5a75ebddbda0ed622fb597fbc85d0a75d139587b6be9a08147ba42d,"{""distance"":7,""physical_error_rate"":0.002}","{""detection_events"":185,""detectors_checked"":25920}"
      5344,         3,         0,   120.0,exact_mw,a39d26a9c85ff1858873bfad720922f64799219ac1b945519c1902b92db90de0,"{""distance"":7,""physical_error_rate"":0.005}","{""detection_events"":79629,""detectors_checked"":4328640,""obs_mistake_mask=E"":3}"
   2732032,         2,         0,   119.7,exact_mw,26ede523e6354ffb917e832246591ea54a1b9969785b9947b95e2ebb539e2476,"{""distance"":7,""physical_error_rate"":0.0002}","{""detection_events"":1663433,""detectors_checked"":2212945920,""obs_mistake_mask=E"":2}"
    311296,         1,         0,   120.5,exact_mw,8c54babb212143042928b0eca3852c18ac799bf66eb488a668303745c8494fc5,"{""distance"":7,""physical_error_rate"":0.0005}","{""detection_events"":474021,""detectors_checked"":252149760,""obs_mistake_mask=E"":1}"
        32,         0,         0,    1.30,exact_mw,98ed6542f5a75ebddbda0ed622fb597fbc85d0a75d139587b6be9a08147ba42d,"{""distance"":7,""physical_error_rate"":0.002}","{""detection_events"":187,""detectors_checked"":25920}"
     59904,         1,         0,   120.0,exact_mw,d2cc2b129abad1f985b8639603638d6030a837aa2fe57172dffdf28919c1c286,"{""distance"":7,""physical_error_rate"":0.001}","{""detection_events"":182016,""detectors_checked"":48522240,""obs_mistake_mask=E"":1}"
        16,         0,         0,   0.990,exact_mw,98ed6542f5a75ebddbda0ed622fb597fbc85d0a75d139587b6be9a08147ba42d,"{""distance"":7,""physical_error_rate"":0.002}","{""detection_events"":112,""detectors_checked"":12960}"
   2733056,         2,         0,   119.5,exact_mw,26ede523e6354ffb917e832246591ea54a1b9969785b9947b95e2ebb539e2476,"{""distance"":7,""physical_error_rate"":0.0002}","{""detection_events"":1666276,""detectors_checked"":2213775360,""obs_mistake_mask=E"":2}"
        16,         0,         0,   0.673,exact_mw,98ed6542f5a75ebddbda0ed622fb597fbc85d0a75d139587b6be9a08147ba42d,"{""distance"":7,""physical_error_rate"":0.002}","{""detection_events"":85,""detectors_checked"":12960}"
        16,         0,         0,   0.471,exact_mw,98ed6542f5a75ebddbda0ed622fb597fbc85d0a75d139587b6be9a08147ba42d,"{""distance"":7,""physical_error_rate"":0.002}","{""detection_events"":108,""detectors_checked"":12960}"
        16,         0,         0,   0.313,exact_mw,98ed6542f5a75ebddbda0ed622fb597fbc85d0a75d139587b6be9a08147ba42d,"{""distance"":7,""physical_error_rate"":0.002}","{""detection_events"":80,""detectors_checked"":12960}"
        16,         0,         0,   0.987,exact_mw,98ed6542f5a75ebddbda0ed622fb597fbc85d0a75d139587b6be9a08147ba42d,"{""distance"":7,""physical_error_rate"":0.002}","{""detection_events"":99,""detectors_checked"":12960}"
        16,         0,         0,   0.625,exact_mw,98ed6542f5a75ebddbda0ed622fb597fbc85d0a75d139587b6be9a08147ba42d,"{""distance"":7,""physical_error_rate"":0.002}","{""detection_events"":82,""detectors_checked"":12960}"
     15552,         4,         0,   120.5,exact_mw,98ed6542f5a75ebddbda0ed622fb597fbc85d0a75d139587b6be9a08147ba42d,"{""distance"":7,""physical_error_rate"":0.002}","{""detection_events"":93503,""detectors_checked"":12597120,""obs_mistake_mask=E"":4}"
        16,         0,         0,    1.14,exact_mw,98ed6542f5a75ebddbda0ed622fb597fbc85d0a75d139587b6be9a08147ba42d,"{""distance"":7,""physical_error_rate"":0.002}","{""detection_events"":95,""detectors_checked"":12960}"
    350208,         4,         0,   120.3,exact_mw,8c54babb212143042928b0eca3852c18ac799bf66eb488a668303745c8494fc5,"{""distance"":7,""physical_error_rate"":0.0005}","{""detection_events"":533294,""detectors_checked"":283668480,""obs_mistake_mask=E"":4}"
        16,         0,         0,   0.677,exact_mw,98ed6542f5a75ebddbda0ed622fb597fbc85d0a75d139587b6be9a08147ba42d,"{""distance"":7,""physical_error_rate"":0.002}","{""detection_events"":104,""detectors_checked"":12960}"
        16,         0,         0,   0.574,exact_mw,98ed6542f5a75ebddbda0ed622fb597fbc85d0a75d139587b6be9a08147ba42d,"{""distance"":7,""physical_error_rate"":0.002}","{""detection_events"":79,""detectors_checked"":12960}"
    345088,         2,         0,   120.1,exact_mw,8c54babb212143042928b0eca3852c18ac799bf66eb488a668303745c8494fc5,"{""distance"":7,""physical_error_rate"":0.0005}","{""detection_events"":524288,""detectors_checked"":279521280,""obs_mistake_mask=E"":2}"
        32,         0,         0,    1.24,exact_mw,98ed6542f5a75ebddbda0ed622fb597fbc85d0a75d139587b6be9a08147ba42d,"{""distance"":7,""physical_error_rate"":0.002}","{""detection_events"":180,""detectors_checked"":25920}"
    326656,         4,         0,   120.0,exact_mw,8c54babb212143042928b0eca3852c18ac799bf66eb488a668303745c8494fc5,"{""distance"":7,""physical_error_rate"":0.0005}","{""detection_events"":496599,""detectors_checked"":264591360,""obs_mistake_mask=E"":4}"
     14144,         4,         0,   120.2,exact_mw,98ed6542f5a75ebddbda0ed622fb597fbc85d0a75d139587b6be9a08147ba42d,"{""distance"":7,""physical_error_rate"":0.002}","{""detection_events"":85783,""detectors_checked"":11456640,""obs_mistake_mask=E"":4}"
     62464,         4,         0,   120.8,exact_mw,d2cc2b129abad1f985b8639603638d6030a837aa2fe57172dffdf28919c1c286,"{""distance"":7,""physical_error_rate"":0.001}","{""detection_events"":189170,""detectors_checked"":50595840,""obs_mistake_mask=E"":4}"
        32,         0,         0,    1.90,exact_mw,98ed6542f5a75ebddbda0ed622fb597fbc85d0a75d139587b6be9a08147ba42d,"{""distance"":7,""physical_error_rate"":0.002}","{""detection_events"":199,""detectors_checked"":25920}"
        32,         0,         0,    1.56,exact_mw,98ed6542f5a75ebddbda0ed622fb597fbc85d0a75d139587b6be9a08147ba42d,"{""distance"":7,""physical_error_rate"":0.002}","{""detection_events"":179,""detectors_checked"":25920}"
     15872,         2,         0,   120.1,exact_mw,98ed6542f5a75ebddbda0ed622fb597fbc85d0a75d139587b6be9a08147ba42d,"{""distance"":7,""physical_error_rate"":0.002}","{""detection_events"":94692,""detectors_checked"":12856320,""obs_mistake_mask=E"":2}"
     15296,         3,         0,   120.5,exact_mw,98ed6542f5a75ebddbda0ed622fb597fbc85d0a75d139587b6be9a08147ba42d,"{""distance"":7,""physical_error_rate"":0.002}","{""detection_events"":91609,""detectors_checked"":12389760,""obs_mistake_mask=E"":3}"
        64,         0,         0,    2.97,exact_mw,98ed6542f5a75ebddbda0ed622fb597fbc85d0a75d139587b6be9a08147ba42d,"{""distance"":7,""physical_error_rate"":0.002}","{""detection_events"":358,""detectors_checked"":51840}"
      5312,         7,         0,   120.0,exact_mw,a39d26a9c85ff1858873bfad720922f64799219ac1b945519c1902b92db90de0,"{""distance"":7,""physical_error_rate"":0.005}","{""detection_events"":79176,""detectors_checked"":4302720,""obs_mistake_mask=E"":7}"
   1043456,         0,         0,   119.6,exact_mw,26ede523e6354ffb917e832246591ea54a1b9969785b9947b95e2ebb539e2476,"{""distance"":7,""physical_error_rate"":0.0002}","{""detection_events"":636452,""detectors_checked"":845199360}"
      5376,         2,         0,   120.6,exact_mw,a39d26a9c85ff1858873bfad720922f64799219ac1b945519c1902b92db90de0,"{""distance"":7,""physical_error_rate"":0.005}","{""detection_events"":79990,""detectors_checked"":4354560,""obs_mistake_mask=E"":2}"
      2480,         0,         0,   120.1,exact_mw,98ed6542f5a75ebddbda0ed622fb597fbc85d0a75d139587b6be9a08147ba42d,"{""distance"":7,""physical_error_rate"":0.002}","{""detection_events"":15010,""detectors_checked"":2008800}"
     15552,         2,         0,   120.3,exact_mw,98ed6542f5a75ebddbda0ed622fb597fbc85d0a75d139587b6be9a08147ba42d,"{""distance"":7,""physical_error_rate"":0.002}","{""detection_events"":93397,""detectors_checked"":12597120,""obs_mistake_mask=E"":2}"
        80,         0,         0,    3.96,exact_mw,98ed6542f5a75ebddbda0ed622fb597fbc85d0a75d139587b6be9a08147ba42d,"{""distance"":7,""physical_error_rate"":0.002}","{""detection_events"":445,""detectors_checked"":64800}"
     59648,         4,         0,   120.0,exact_mw,d2cc2b129abad1f985b8639603638d6030a837aa2fe57172dffdf28919c1c286,"{""distance"":7,""physical_error_rate"":0.001}","{""detection_events"":181491,""detectors_checked"":48314880,""obs_mistake_mask=E"":4}"
   2827264,         6,         0,   119.6,exact_mw,26ede523e6354ffb917e832246591ea54a1b9969785b9947b95e2ebb539e2476,"{""distance"":7,""physical_error_rate"":0.0002}","{""detection_events"":1720499,""detectors_checked"":2290083840,""obs_mistake_mask=E"":6}"
     45952,         2,         0,   121.1,exact_mw,d2cc2b129abad1f985b8639603638d6030a837aa2fe57172dffdf28919c1c286,"{""distance"":7,""physical_error_rate"":0.001}","{""detection_events"":139517,""detectors_checked"":37221120,""obs_mistake_mask=E"":2}"
      4992,         6,         0,   120.3,exact_mw,a39d26a9c85ff1858873bfad720922f64799219ac1b945519c1902b92db90de0,"{""distance"":7,""physical_error_rate"":0.005}","{""detection_events"":74342,""detectors_checked"":4043520,""obs_mistake_mask=E"":6}"
   1021952,         1,         0,    44.9,exact_mw,26ede523e6354ffb917e832246591ea54a1b9969785b9947b95e2ebb539e2476,"{""distance"":7,""physical_error_rate"":0.0002}","{""detection_events"":622489,""detectors_checked"":827781120,""obs_mistake_mask=E"":1}"
       112,         0,         0,    4.30,exact_mw,98ed6542f5a75ebddbda0ed622fb597fbc85d0a75d139587b6be9a08147ba42d,"{""distance"":7,""physical_error_rate"":0.002}","{""detection_events"":671,""detectors_checked"":90720}"
    145152,         2,         0,   120.1,exact_mw,8c54babb212143042928b0eca3852c18ac799bf66eb488a668303745c8494fc5,"{""distance"":7,""physical_error_rate"":0.0005}","{""detection_events"":220294,""detectors_checked"":117573120,""obs_mistake_mask=E"":2}"
     70144,         0,         0,   120.3,exact_mw,8c54babb212143042928b0eca3852c18ac799bf66eb488a668303745c8494fc5,"{""distance"":7,""physical_error_rate"":0.0005}","{""detection_events"":106390,""detectors_checked"":56816640}"
   1040384,         1,         0,    44.8,exact_mw,26ede523e6354ffb917e832246591ea54a1b9969785b9947b95e2ebb539e2476,"{""distance"":7,""physical_error_rate"":0.0002}","{""detection_events"":634732,""detectors_checked"":842711040,""obs_mistake_mask=E"":1}"
       128,         0,         0,    6.38,exact_mw,98ed6542f5a75ebddbda0ed622fb597fbc85d0a75d139587b6be9a08147ba42d,"{""distance"":7,""physical_error_rate"":0.002}","{""detection_events"":812,""detectors_checked"":103680}"
    121856,         1,         0,    45.1,exact_mw,8c54babb212143042928b0eca3852c18ac799bf66eb488a668303745c8494fc5,"{""distance"":7,""physical_error_rate"":0.0005}","{""detection_events"":184292,""detectors_checked"":98703360,""obs_mistake_mask=E"":1}"
     19936,         0,         0,   120.4,exact_mw,d2cc2b129abad1f985b8639603638d6030a837aa2fe57172dffdf28919c1c286,"{""distance"":7,""physical_error_rate"":0.001}","{""detection_events"":60250,""detectors_checked"":16148160}"
       988,         0,         0,   120.9,exact_mw,a39d26a9c85ff1858873bfad720922f64799219ac1b945519c1902b92db90de0,"{""distance"":7,""physical_error_rate"":0.005}","{""detection_events"":14672,""detectors_checked"":800280}"
     20992,         0,         0,    45.2,exact_mw,d2cc2b129abad1f985b8639603638d6030a837aa2fe57172dffdf28919c1c286,"{""distance"":7,""physical_error_rate"":0.001}","{""detection_events"":63630,""detectors_checked"":17003520}"
      2144,         0,         0,    45.4,exact_mw,a39d26a9c85ff1858873bfad720922f64799219ac1b945519c1902b92db90de0,"{""distance"":7,""physical_error_rate"":0.005}","{""detection_events"":31614,""detectors_checked"":1736640}"
      5952,         2,         0,    45.2,exact_mw,98ed6542f5a75ebddbda0ed622fb597fbc85d0a75d139587b6be9a08147ba42d,"{""distance"":7,""physical_error_rate"":0.002}","{""detection_events"":35873,""detectors_checked"":4821120,""obs_mistake_mask=E"":2}"
      3744,         0,         0,    45.5,exact_mw,d2cc2b129abad1f985b8639603638d6030a837aa2fe57172dffdf28919c1c286,"{""distance"":7,""physical_error_rate"":0.001}","{""detection_events"":11672,""detectors_checked"":3032640}"
    114688,         1,         0,    45.2,exact_mw,8c54babb212143042928b0eca3852c18ac799bf66eb488a668303745c8494fc5,"{""distance"":7,""physical_error_rate"":0.0005}","{""detection_events"":174219,""detectors_checked"":92897280,""obs_mistake_mask=E"":1}"
       224,         0,         0,    8.74,exact_mw,98ed6542f5a75ebddbda0ed622fb597fbc85d0a75d139587b6be9a08147ba42d,"{""distance"":7,""physical_error_rate"":0.002}","{""detection_events"":1289,""detectors_checked"":181440}"
      5408,         2,         0,   120.4,exact_mw,a39d26a9c85ff1858873bfad720922f64799219ac1b945519c1902b92db90de0,"{""distance"":7,""physical_error_rate"":0.005}","{""detection_events"":80356,""detectors_checked"":4380480,""obs_mistake_mask=E"":2}"
     59648,         3,         0,   120.1,exact_mw,d2cc2b129abad1f985b8639603638d6030a837aa2fe57172dffdf28919c1c286,"{""distance"":7,""physical_error_rate"":0.001}","{""detection_events"":179968,""detectors_checked"":48314880,""obs_mistake_mask=E"":3}"
      2048,         0,         0,    45.1,exact_mw,a39d26a9c85ff1858873bfad720922f64799219ac1b945519c1902b92db90de0,"{""distance"":7,""physical_error_rate"":0.005}","{""detection_events"":30214,""detectors_checked"":1658880}"
     16064,         1,         0,   120.1,exact_mw,98ed6542f5a75ebddbda0ed622fb597fbc85d0a75d139587b6be9a08147ba42d,"{""distance"":7,""physical_error_rate"":0.002}","{""detection_events"":96171,""detectors_checked"":13011840,""obs_mistake_mask=E"":1}"
       240,         0,         0,    12.6,exact_mw,98ed6542f5a75ebddbda0ed622fb597fbc85d0a75d139587b6be9a08147ba42d,"{""distance"":7,""physical_error_rate"":0.002}","{""detection_events"":1444,""detectors_checked"":194400}"
   2827264,         2,         0,   119.6,exact_mw,26ede523e6354ffb917e832246591ea54a1b9969785b9947b95e2ebb539e2476,"{""distance"":7,""physical_error_rate"":0.0002}","{""detection_events"":1722148,""detectors_checked"":2290083840,""obs_mistake_mask=E"":2}"
      5072,         2,         0,   120.7,exact_mw,a39d26a9c85ff1858873bfad720922f64799219ac1b945519c1902b92db90de0,"{""distance"":7,""physical_error_rate"":0.005}","{""detection_events"":75248,""detectors_checked"":4108320,""obs_mistake_mask=E"":2}"
     54272,         1,         0,   120.1,exact_mw,8c54babb212143042928b0eca3852c18ac799bf66eb488a668303745c8494fc5,"{""distance"":7,""physical_error_rate"":0.0005}","{""detection_events"":82832,""detectors_checked"":43960320,""obs_mistake_mask=E"":1}"
       236,         0,         0,    16.6,exact_mw,98ed6542f5a75ebddbda0ed622fb597fbc85d0a75d139587b6be9a08147ba42d,"{""distance"":7,""physical_error_rate"":0.002}","{""detection_events"":1409,""detectors_checked"":191160}"
     16064,         3,         0,   120.7,exact_mw,98ed6542f5a75ebddbda0ed622fb597fbc85d0a75d139587b6be9a08147ba42d,"{""distance"":7,""physical_error_rate"":0.002}","{""detection_events"":96895,""detectors_checked"":13011840,""obs_mistake_mask=E"":3}"
     65792,         2,         0,   120.8,exact_mw,d2cc2b129abad1f985b8639603638d6030a837aa2fe57172dffdf28919c1c286,"{""distance"":7,""physical_error_rate"":0.001}","{""detection_events"":199436,""detectors_checked"":53291520,""obs_mistake_mask=E"":2}"
   2882560,         4,         0,   119.7,exact_mw,26ede523e6354ffb917e832246591ea54a1b9969785b9947b95e2ebb539e2476,"{""distance"":7,""physical_error_rate"":0.0002}","{""detection_events"":1754730,""detectors_checked"":2334873600,""obs_mistake_mask=E"":4}"
   2869248,         2,         0,   119.6,exact_mw,26ede523e6354ffb917e832246591ea54a1b9969785b9947b95e2ebb539e2476,"{""distance"":7,""physical_error_rate"":0.0002}","{""detection_events"":1752491,""detectors_checked"":2324090880,""obs_mistake_mask=E"":2}"
    344064,         5,         0,   120.1,exact_mw,8c54babb212143042928b0eca3852c18ac799bf66eb488a668303745c8494fc5,"{""distance"":7,""physical_error_rate"":0.0005}","{""detection_events"":521198,""detectors_checked"":278691840,""obs_mistake_mask=E"":5}"
   1507328,         1,         0,    62.9,exact_mw,26ede523e6354ffb917e832246591ea54a1b9969785b9947b95e2ebb539e2476,"{""distance"":7,""physical_error_rate"":0.0002}","{""detection_events"":918448,""detectors_checked"":1220935680,""obs_mistake_mask=E"":1}"
     16064,         1,         0,   120.8,exact_mw,98ed6542f5a75ebddbda0ed622fb597fbc85d0a75d139587b6be9a08147ba42d,"{""distance"":7,""physical_error_rate"":0.002}","{""detection_events"":96995,""detectors_checked"":13011840,""obs_mistake_mask=E"":1}"
     79616,         0,         0,   120.0,exact_mw,8c54babb212143042928b0eca3852c18ac799bf66eb488a668303745c8494fc5,"{""distance"":7,""physical_error_rate"":0.0005}","{""detection_events"":120397,""detectors_checked"":64488960}"
       352,         0,         0,    23.0,exact_mw,98ed6542f5a75ebddbda0ed622fb597fbc85d0a75d139587b6be9a08147ba42d,"{""distance"":7,""physical_error_rate"":0.002}","{""detection_events"":2163,""detectors_checked"":285120}"
     55360,         0,         0,   120.3,exact_mw,d2cc2b129abad1f985b8639603638d6030a837aa2fe57172dffdf28919c1c286,"{""distance"":7,""physical_error_rate"":0.001}","{""detection_events"":168060,""detectors_checked"":44841600}"
   1523712,         1,         0,    62.8,exact_mw,26ede523e6354ffb917e832246591ea54a1b9969785b9947b95e2ebb539e2476,"{""distance"":7,""physical_error_rate"":0.0002}","{""detection_events"":927533,""detectors_checked"":1234206720,""obs_mistake_mask=E"":1}"
     63488,         1,         0,   120.1,exact_mw,d2cc2b129abad1f985b8639603638d6030a837aa2fe57172dffdf28919c1c286,"{""distance"":7,""physical_error_rate"":0.001}","{""detection_events"":193523,""detectors_checked"":51425280,""obs_mistake_mask=E"":1}"
    199680,         0,         0,    63.2,exact_mw,8c54babb212143042928b0eca3852c18ac799bf66eb488a668303745c8494fc5,"{""distance"":7,""physical_error_rate"":0.0005}","{""detection_events"":304027,""detectors_checked"":161740800}"
      3008,         0,         0,    63.0,exact_mw,a39d26a9c85ff1858873bfad720922f64799219ac1b945519c1902b92db90de0,"{""distance"":7,""physical_error_rate"":0.005}","{""detection_events"":43910,""detectors_checked"":2436480}"
     38144,         2,         0,    63.7,exact_mw,d2cc2b129abad1f985b8639603638d6030a837aa2fe57172dffdf28919c1c286,"{""distance"":7,""physical_error_rate"":0.001}","{""detection_events"":116170,""detectors_checked"":30896640,""obs_mistake_mask=E"":2}"
      8960,         2,         0,    63.2,exact_mw,98ed6542f5a75ebddbda0ed622fb597fbc85d0a75d139587b6be9a08147ba42d,"{""distance"":7,""physical_error_rate"":0.002}","{""detection_events"":54031,""detectors_checked"":7257600,""obs_mistake_mask=E"":2}"
      4320,         1,         0,    63.2,exact_mw,d2cc2b129abad1f985b8639603638d6030a837aa2fe57172dffdf28919c1c286,"{""distance"":7,""physical_error_rate"":0.001}","{""detection_events"":13107,""detectors_checked"":3499200,""obs_mistake_mask=E"":1}"
    184320,         4,         0,    63.0,exact_mw,8c54babb212143042928b0eca3852c18ac799bf66eb488a668303745c8494fc5,"{""distance"":7,""physical_error_rate"":0.0005}","{""detection_events"":280348,""detectors_checked"":149299200,""obs_mistake_mask=E"":4}"
      2880,         5,         0,    63.3,exact_mw,a39d26a9c85ff1858873bfad720922f64799219ac1b945519c1902b92db90de0,"{""distance"":7,""physical_error_rate"":0.005}","{""detection_events"":43221,""detectors_checked"":2332800,""obs_mistake_mask=E"":5}"
    398336,         0,         0,   119.7,exact_mw,26ede523e6354ffb917e832246591ea54a1b9969785b9947b95e2ebb539e2476,"{""distance"":7,""physical_error_rate"":0.0002}","{""detection_events"":242224,""detectors_checked"":322652160}"
   2882560,         1,         0,   119.5,exact_mw,26ede523e6354ffb917e832246591ea54a1b9969785b9947b95e2ebb539e2476,"{""distance"":7,""physical_error_rate"":0.0002}","{""detection_events"":1758747,""detectors_checked"":2334873600,""obs_mistake_mask=E"":1}"
     15936,         2,         0,   120.4,exact_mw,98ed6542f5a75ebddbda0ed622fb597fbc85d0a75d139587b6be9a08147ba42d,"{""distance"":7,""physical_error_rate"":0.002}","{""detection_events"":97005,""detectors_checked"":12908160,""obs_mistake_mask=E"":2}"
     48640,         0,         0,   121.4,exact_mw,8c54babb212143042928b0eca3852c18ac799bf66eb488a668303745c8494fc5,"{""distance"":7,""physical_error_rate"":0.0005}","{""detection_events"":73666,""detectors_checked"":39398400}"
    346112,         4,         0,   120.3,exact_mw,8c54babb212143042928b0eca3852c18ac799bf66eb488a668303745c8494fc5,"{""distance"":7,""physical_error_rate"":0.0005}","{""detection_events"":527123,""detectors_checked"":280350720,""obs_mistake_mask=E"":4}"
    386048,         0,         0,   119.5,exact_mw,26ede523e6354ffb917e832246591ea54a1b9969785b9947b95e2ebb539e2476,"{""distance"":7,""physical_error_rate"":0.0002}","{""detection_events"":234002,""detectors_checked"":312698880}"
       686,         1,         0,   120.3,exact_mw,a39d26a9c85ff1858873bfad720922f64799219ac1b945519c1902b92db90de0,"{""distance"":7,""physical_error_rate"":0.005}","{""detection_events"":10372,""detectors_checked"":555660,""obs_mistake_mask=E"":1}"
     64768,         1,         0,   120.5,exact_mw,d2cc2b129abad1f985b8639603638d6030a837aa2fe57172dffdf28919c1c286,"{""distance"":7,""physical_error_rate"":0.001}","{""detection_events"":196682,""detectors_checked"":52462080,""obs_mistake_mask=E"":1}"
      7220,         1,         0,   120.9,exact_mw,98ed6542f5a75ebddbda0ed622fb597fbc85d0a75d139587b6be9a08147ba42d,"{""distance"":7,""physical_error_rate"":0.002}","{""detection_events"":43305,""detectors_checked"":5848200,""obs_mistake_mask=E"":1}"
      2814,         1,         0,   120.0,exact_mw,a39d26a9c85ff1858873bfad720922f64799219ac1b945519c1902b92db90de0,"{""distance"":7,""physical_error_rate"":0.005}","{""detection_events"":42317,""detectors_checked"":2279340,""obs_mistake_mask=E"":1}"
    377856,         0,         0,   119.8,exact_mw,26ede523e6354ffb917e832246591ea54a1b9969785b9947b95e2ebb539e2476,"{""distance"":7,""physical_error_rate"":0.0002}","{""detection_events"":229270,""detectors_checked"":306063360}"
     32064,         1,         0,   120.8,exact_mw,d2cc2b129abad1f985b8639603638d6030a837aa2fe57172dffdf28919c1c286,"{""distance"":7,""physical_error_rate"":0.001}","{""detection_events"":96867,""detectors_checked"":25971840,""obs_mistake_mask=E"":1}"
      5312,         5,         0,   120.5,exact_mw,a39d26a9c85ff1858873bfad720922f64799219ac1b945519c1902b92db90de0,"{""distance"":7,""physical_error_rate"":0.005}","{""detection_events"":79303,""detectors_checked"":4302720,""obs_mistake_mask=E"":5}"
   3007488,         4,         0,   119.7,exact_mw,26ede523e6354ffb917e832246591ea54a1b9969785b9947b95e2ebb539e2476,"{""distance"":7,""physical_error_rate"":0.0002}","{""detection_events"":1831778,""detectors_checked"":2436065280,""obs_mistake_mask=E"":4}"
      5504,         2,         0,   120.3,exact_mw,a39d26a9c85ff1858873bfad720922f64799219ac1b945519c1902b92db90de0,"{""distance"":7,""physical_error_rate"":0.005}","{""detection_events"":81958,""detectors_checked"":4458240,""obs_mistake_mask=E"":2}"
    356352,         3,         0,   120.3,exact_mw,8c54babb212143042928b0eca3852c18ac799bf66eb488a668303745c8494fc5,"{""distance"":7,""physical_error_rate"":0.0005}","{""detection_events"":540537,""detectors_checked"":288645120,""obs_mistake_mask=E"":3}"
     64256,         2,         0,   120.3,exact_mw,d2cc2b129abad1f985b8639603638d6030a837aa2fe57172dffdf28919c1c286,"{""distance"":7,""physical_error_rate"":0.001}","{""detection_events"":194533,""detectors_checked"":52047360,""obs_mistake_mask=E"":2}"
   2836480,         4,         0,   119.6,exact_mw,26ede523e6354ffb917e832246591ea54a1b9969785b9947b95e2ebb539e2476,"{""distance"":7,""physical_error_rate"":0.0002}","{""detection_events"":1727585,""detectors_checked"":2297548800,""obs_mistake_mask=E"":4}"
       552,         0,         0,    33.3,exact_mw,98ed6542f5a75ebddbda0ed622fb597fbc85d0a75d139587b6be9a08147ba42d,"{""distance"":7,""physical_error_rate"":0.002}","{""detection_events"":3209,""detectors_checked"":447120}"
     16704,         1,         0,   120.1,exact_mw,98ed6542f5a75ebddbda0ed622fb597fbc85d0a75d139587b6be9a08147ba42d,"{""distance"":7,""physical_error_rate"":0.002}","{""detection_events"":100131,""detectors_checked"":13530240,""obs_mistake_mask=E"":1}"
    349184,         4,         0,   120.2,exact_mw,8c54babb212143042928b0eca3852c18ac799bf66eb488a668303745c8494fc5,"{""distance"":7,""physical_error_rate"":0.0005}","{""detection_events"":530544,""detectors_checked"":282839040,""obs_mistake_mask=E"":4}"
    340992,         2,         0,   120.1,exact_mw,8c54babb212143042928b0eca3852c18ac799bf66eb488a668303745c8494fc5,"{""distance"":7,""physical_error_rate"":0.0005}","{""detection_events"":517657,""detectors_checked"":276203520,""obs_mistake_mask=E"":2}"
    360448,         1,         0,   120.0,exact_mw,8c54babb212143042928b0eca3852c18ac799bf66eb488a668303745c8494fc5,"{""distance"":7,""physical_error_rate"":0.0005}","{""detection_events"":549742,""detectors_checked"":291962880,""obs_mistake_mask=E"":1}"
     15872,         1,         0,   120.1,exact_mw,98ed6542f5a75ebddbda0ed622fb597fbc85d0a75d139587b6be9a08147ba42d,"{""distance"":7,""physical_error_rate"":0.002}","{""detection_events"":96252,""detectors_checked"":12856320,""obs_mistake_mask=E"":1}"
     65536,         8,         0,   120.7,exact_mw,d2cc2b129abad1f985b8639603638d6030a837aa2fe57172dffdf28919c1c286,"{""distance"":7,""physical_error_rate"":0.001}","{""detection_events"":200200,""detectors_checked"":53084160,""obs_mistake_mask=E"":8}"
     16000,         4,         0,   120.6,exact_mw,98ed6542f5a75ebddbda0ed622fb597fbc85d0a75d139587b6be9a08147ba42d,"{""distance"":7,""physical_error_rate"":0.002}","{""detection_events"":96574,""detectors_checked"":12960000,""obs_mistake_mask=E"":4}"
     17792,         5,         0,   120.1,exact_mw,98ed6542f5a75ebddbda0ed622fb597fbc85d0a75d139587b6be9a08147ba42d,"{""distance"":7,""physical_error_rate"":0.002}","{""detection_events"":107788,""detectors_checked"":14411520,""obs_mistake_mask=E"":5}"
      5440,         2,         0,   120.1,exact_mw,a39d26a9c85ff1858873bfad720922f64799219ac1b945519c1902b92db90de0,"{""distance"":7,""physical_error_rate"":0.005}","{""detection_events"":80869,""detectors_checked"":4406400,""obs_mistake_mask=E"":2}"
   2905088,         7,         0,   119.5,exact_mw,26ede523e6354ffb917e832246591ea54a1b9969785b9947b95e2ebb539e2476,"{""distance"":7,""physical_error_rate"":0.0002}","{""detection_events"":1774589,""detectors_checked"":2353121280,""obs_mistake_mask=E"":7}"
      5920,        10,         0,   120.2,exact_mw,a39d26a9c85ff1858873bfad720922f64799219ac1b945519c1902b92db90de0,"{""distance"":7,""physical_error_rate"":0.005}","{""detection_events"":87966,""detectors_checked"":4795200,""obs_mistake_mask=E"":10}"
      1988,         1,         0,   120.2,exact_mw,98ed6542f5a75ebddbda0ed622fb597fbc85d0a75d139587b6be9a08147ba42d,"{""distance"":7,""physical_error_rate"":0.002}","{""detection_events"":12029,""detectors_checked"":1610280,""obs_mistake_mask=E"":1}"
     16064,         4,         0,   120.2,exact_mw,98ed6542f5a75ebddbda0ed622fb597fbc85d0a75d139587b6be9a08147ba42d,"{""distance"":7,""physical_error_rate"":0.002}","{""detection_events"":97378,""detectors_checked"":13011840,""obs_mistake_mask=E"":4}"
     68352,         6,         0,   120.3,exact_mw,d2cc2b129abad1f985b8639603638d6030a837aa2fe57172dffdf28919c1c286,"{""distance"":7,""physical_error_rate"":0.001}","{""detection_events"":207084,""detectors_checked"":55365120,""obs_mistake_mask=E"":6}"
   2887680,         3,         0,   119.5,exact_mw,26ede523e6354ffb917e832246591ea54a1b9969785b9947b95e2ebb539e2476,"{""distance"":7,""physical_error_rate"":0.0002}","{""detection_events"":1759058,""detectors_checked"":2339020800,""obs_mistake_mask=E"":3}"
      8256,         0,         0,   120.0,exact_mw,d2cc2b129abad1f985b8639603638d6030a837aa2fe57172dffdf28919c1c286,"{""distance"":7,""physical_error_rate"":0.001}","{""detection_events"":25066,""detectors_checked"":6687360}"
      5408,         4,         0,   120.4,exact_mw,a39d26a9c85ff1858873bfad720922f64799219ac1b945519c1902b92db90de0,"{""distance"":7,""physical_error_rate"":0.005}","{""detection_events"":80256,""detectors_checked"":4380480,""obs_mistake_mask=E"":4}"
    352256,         2,         0,   120.2,exact_mw,8c54babb212143042928b0eca3852c18ac799bf66eb488a668303745c8494fc5,"{""distance"":7,""physical_error_rate"":0.0005}","{""detection_events"":535730,""detectors_checked"":285327360,""obs_mistake_mask=E"":2}"
     42624,         1,         0,   120.2,exact_mw,8c54babb212143042928b0eca3852c18ac799bf66eb488a668303745c8494fc5,"{""distance"":7,""physical_error_rate"":0.0005}","{""detection_events"":65190,""detectors_checked"":34525440,""obs_mistake_mask=E"":1}"
      8544,         0,         0,   120.2,exact_mw,d2cc2b129abad1f985b8639603638d6030a837aa2fe57172dffdf28919c1c286,"{""distance"":7,""physical_error_rate"":0.001}","{""detection_events"":25483,""detectors_checked"":6920640}"
       664,         0,         0,   120.4,exact_mw,a39d26a9c85ff1858873bfad720922f64799219ac1b945519c1902b92db90de0,"{""distance"":7,""physical_error_rate"":0.005}","{""detection_events"":9803,""detectors_checked"":537840}"
      5632,         1,         0,   120.0,exact_mw,a39d26a9c85ff1858873bfad720922f64799219ac1b945519c1902b92db90de0,"{""distance"":7,""physical_error_rate"":0.005}","{""detection_events"":84052,""detectors_checked"":4561920,""obs_mistake_mask=E"":1}"
     63744,         5,         0,   120.9,exact_mw,d2cc2b129abad1f985b8639603638d6030a837aa2fe57172dffdf28919c1c286,"{""distance"":7,""physical_error_rate"":0.001}","{""detection_events"":192956,""detectors_checked"":51632640,""obs_mistake_mask=E"":5}"
     16512,         1,         0,   120.6,exact_mw,98ed6542f5a75ebddbda0ed622fb597fbc85d0a75d139587b6be9a08147ba42d,"{""distance"":7,""physical_error_rate"":0.002}","{""detection_events"":99532,""detectors_checked"":13374720,""obs_mistake_mask=E"":1}"
       656,         0,         0,    45.6,exact_mw,98ed6542f5a75ebddbda0ed622fb597fbc85d0a75d139587b6be9a08147ba42d,"{""distance"":7,""physical_error_rate"":0.002}","{""detection_events"":4037,""detectors_checked"":531360}"
   2971648,         2,         0,   119.4,exact_mw,26ede523e6354ffb917e832246591ea54a1b9969785b9947b95e2ebb539e2476,"{""distance"":7,""physical_error_rate"":0.0002}","{""detection_events"":1810217,""detectors_checked"":2407034880,""obs_mistake_mask=E"":2}"
   2150400,         2,         0,    87.9,exact_mw,26ede523e6354ffb917e832246591ea54a1b9969785b9947b95e2ebb539e2476,"{""distance"":7,""physical_error_rate"":0.0002}","{""detection_events"":1310074,""detectors_checked"":1741824000,""obs_mistake_mask=E"":2}"
      5280,         4,         0,   120.2,exact_mw,a39d26a9c85ff1858873bfad720922f64799219ac1b945519c1902b92db90de0,"{""distance"":7,""physical_error_rate"":0.005}","{""detection_events"":78357,""detectors_checked"":4276800,""obs_mistake_mask=E"":4}"
   2107392,         1,         0,    87.9,exact_mw,26ede523e6354ffb917e832246591ea54a1b9969785b9947b95e2ebb539e2476,"{""distance"":7,""physical_error_rate"":0.0002}","{""detection_events"":1281435,""detectors_checked"":1706987520,""obs_mistake_mask=E"":1}"
    289792,         2,         0,    88.5,exact_mw,8c54babb212143042928b0eca3852c18ac799bf66eb488a668303745c8494fc5,"{""distance"":7,""physical_error_rate"":0.0005}","{""detection_events"":440562,""detectors_checked"":234731520,""obs_mistake_mask=E"":2}"
     41600,         0,         0,   120.5,exact_mw,8c54babb212143042928b0eca3852c18ac799bf66eb488a668303745c8494fc5,"{""distance"":7,""physical_error_rate"":0.0005}","{""detection_events"":63491,""detectors_checked"":33696000}"
      4160,         2,         0,    88.3,exact_mw,a39d26a9c85ff1858873bfad720922f64799219ac1b945519c1902b92db90de0,"{""distance"":7,""physical_error_rate"":0.005}","{""detection_events"":62260,""detectors_checked"":3369600,""obs_mistake_mask=E"":2}"
     54784,         1,         0,    88.2,exact_mw,d2cc2b129abad1f985b8639603638d6030a837aa2fe57172dffdf28919c1c286,"{""distance"":7,""physical_error_rate"":0.001}","{""detection_events"":166895,""detectors_checked"":44375040,""obs_mistake_mask=E"":1}"
     13440,         1,         0,    89.1,exact_mw,98ed6542f5a75ebddbda0ed622fb597fbc85d0a75d139587b6be9a08147ba42d,"{""distance"":7,""physical_error_rate"":0.002}","{""detection_events"":81305,""detectors_checked"":10886400,""obs_mistake_mask=E"":1}"
      5696,         0,         0,    88.3,exact_mw,d2cc2b129abad1f985b8639603638d6030a837aa2fe57172dffdf28919c1c286,"{""distance"":7,""physical_error_rate"":0.001}","{""detection_events"":17386,""detectors_checked"":4613760}"
    249856,         2,         0,    88.3,exact_mw,8c54babb212143042928b0eca3852c18ac799bf66eb488a668303745c8494fc5,"{""distance"":7,""physical_error_rate"":0.0005}","{""detection_events"":379961,""detectors_checked"":202383360,""obs_mistake_mask=E"":2}"
     16512,         3,         0,   120.6,exact_mw,98ed6542f5a75ebddbda0ed622fb597fbc85d0a75d139587b6be9a08147ba42d,"{""distance"":7,""physical_error_rate"":0.002}","{""detection_events"":99592,""detectors_checked"":13374720,""obs_mistake_mask=E"":3}"
     65536,         4,         0,   120.2,exact_mw,d2cc2b129abad1f985b8639603638d6030a837aa2fe57172dffdf28919c1c286,"{""distance"":7,""physical_error_rate"":0.001}","{""detection_events"":198819,""detectors_checked"":53084160,""obs_mistake_mask=E"":4}"
      4096,         3,         0,    88.7,exact_mw,a39d26a9c85ff1858873bfad720922f64799219ac1b945519c1902b92db90de0,"{""distance"":7,""physical_error_rate"":0.005}","{""detection_events"":61073,""detectors_checked"":3317760,""obs_mistake_mask=E"":3}"
   2902016,         3,         0,   119.6,exact_mw,26ede523e6354ffb917e832246591ea54a1b9969785b9947b95e2ebb539e2476,"{""distance"":7,""physical_error_rate"":0.0002}","{""detection_events"":1767516,""detectors_checked"":2350632960,""obs_mistake_mask=E"":3}"
   2935808,         8,         0,   119.6,exact_mw,26ede523e6354ffb917e832246591ea54a1b9969785b9947b95e2ebb539e2476,"{""distance"":7,""physical_error_rate"":0.0002}","{""detection_events"":1790611,""detectors_checked"":2378004480,""obs_mistake_mask=E"":8}"
    350208,         4,         0,   120.1,exact_mw,8c54babb212143042928b0eca3852c18ac799bf66eb488a668303745c8494fc5,"{""distance"":7,""physical_error_rate"":0.0005}","{""detection_events"":533329,""detectors_checked"":283668480,""obs_mistake_mask=E"":4}"
     16320,         1,         0,   120.7,exact_mw,98ed6542f5a75ebddbda0ed622fb597fbc85d0a75d139587b6be9a08147ba42d,"{""distance"":7,""physical_error_rate"":0.002}","{""detection_events"":99651,""detectors_checked"":13219200,""obs_mistake_mask=E"":1}"
     62208,         2,         0,   120.2,exact_mw,d2cc2b129abad1f985b8639603638d6030a837aa2fe57172dffdf28919c1c286,"{""distance"":7,""physical_error_rate"":0.001}","{""detection_events"":188655,""detectors_checked"":50388480,""obs_mistake_mask=E"":2}"
     50432,         1,         0,   120.2,exact_mw,8c54babb212143042928b0eca3852c18ac799bf66eb488a668303745c8494fc5,"{""distance"":7,""physical_error_rate"":0.0005}","{""detection_events"":76552,""detectors_checked"":40849920,""obs_mistake_mask=E"":1}"
     65536,         2,         0,   120.1,exact_mw,d2cc2b129abad1f985b8639603638d6030a837aa2fe57172dffdf28919c1c286,"{""distance"":7,""physical_error_rate"":0.001}","{""detection_events"":199135,""detectors_checked"":53084160,""obs_mistake_mask=E"":2}"
    953344,         0,         0,   119.7,exact_mw,26ede523e6354ffb917e832246591ea54a1b9969785b9947b95e2ebb539e2476,"{""distance"":7,""physical_error_rate"":0.0002}","{""detection_events"":578572,""detectors_checked"":772208640}"
   2889728,         5,         0,   119.5,exact_mw,26ede523e6354ffb917e832246591ea54a1b9969785b9947b95e2ebb539e2476,"{""distance"":7,""physical_error_rate"":0.0002}","{""detection_events"":1760717,""detectors_checked"":2340679680,""obs_mistake_mask=E"":5}"
     16768,         4,         0,   120.8,exact_mw,98ed6542f5a75ebddbda0ed622fb597fbc85d0a75d139587b6be9a08147ba42d,"{""distance"":7,""physical_error_rate"":0.002}","{""detection_events"":100692,""detectors_checked"":13582080,""obs_mistake_mask=E"":4}"
     53376,         1,         0,   120.1,exact_mw,8c54babb212143042928b0eca3852c18ac799bf66eb488a668303745c8494fc5,"{""distance"":7,""physical_error_rate"":0.0005}","{""detection_events"":81436,""detectors_checked"":43234560,""obs_mistake_mask=E"":1}"
    347136,         5,         0,   120.2,exact_mw,8c54babb212143042928b0eca3852c18ac799bf66eb488a668303745c8494fc5,"{""distance"":7,""physical_error_rate"":0.0005}","{""detection_events"":530343,""detectors_checked"":281180160,""obs_mistake_mask=E"":5}"
   1056768,         3,         0,   119.5,exact_mw,26ede523e6354ffb917e832246591ea54a1b9969785b9947b95e2ebb539e2476,"{""distance"":7,""physical_error_rate"":0.0002}","{""detection_events"":644788,""detectors_checked"":855982080,""obs_mistake_mask=E"":3}"
      2082,         0,         0,   120.0,exact_mw,a39d26a9c85ff1858873bfad720922f64799219ac1b945519c1902b92db90de0,"{""distance"":7,""physical_error_rate"":0.005}","{""detection_events"":31078,""detectors_checked"":1686420}"
      1504,         0,         0,    63.1,exact_mw,98ed6542f5a75ebddbda0ed622fb597fbc85d0a75d139587b6be9a08147ba42d,"{""distance"":7,""physical_error_rate"":0.002}","{""detection_events"":8945,""detectors_checked"":1218240}"
     65024,         4,         0,   120.4,exact_mw,d2cc2b129abad1f985b8639603638d6030a837aa2fe57172dffdf28919c1c286,"{""distance"":7,""physical_error_rate"":0.001}","{""detection_events"":197594,""detectors_checked"":52669440,""obs_mistake_mask=E"":4}"
      2432,         0,         0,   119.8,exact_mw,98ed6542f5a75ebddbda0ed622fb597fbc85d0a75d139587b6be9a08147ba42d,"{""distance"":7,""physical_error_rate"":0.002}","{""detection_events"":14919,""detectors_checked"":1969920}"
      2068,         2,         0,   120.1,exact_mw,a39d26a9c85ff1858873bfad720922f64799219ac1b945519c1902b92db90de0,"{""distance"":7,""physical_error_rate"":0.005}","{""detection_events"":30558,""detectors_checked"":1675080,""obs_mistake_mask=E"":2}"
    435200,         1,         0,   119.6,exact_mw,26ede523e6354ffb917e832246591ea54a1b9969785b9947b95e2ebb539e2476,"{""distance"":7,""physical_error_rate"":0.0002}","{""detection_events"":265368,""detectors_checked"":352512000,""obs_mistake_mask=E"":1}"
     28048,         0,         0,   120.2,exact_mw,d2cc2b129abad1f985b8639603638d6030a837aa2fe57172dffdf28919c1c286,"{""distance"":7,""physical_error_rate"":0.001}","{""detection_events"":85758,""detectors_checked"":22718880}"
      5056,         8,         0,   120.4,exact_mw,a39d26a9c85ff1858873bfad720922f64799219ac1b945519c1902b92db90de0,"{""distance"":7,""physical_error_rate"":0.005}","{""detection_events"":75281,""detectors_checked"":4095360,""obs_mistake_mask=E"":8}"
   2873344,         6,         0,   119.6,exact_mw,26ede523e6354ffb917e832246591ea54a1b9969785b9947b95e2ebb539e2476,"{""distance"":7,""physical_error_rate"":0.0002}","{""detection_events"":1748605,""detectors_checked"":2327408640,""obs_mistake_mask=E"":6}"
      5408,         5,         0,   120.2,exact_mw,a39d26a9c85ff1858873bfad720922f64799219ac1b945519c1902b92db90de0,"{""distance"":7,""physical_error_rate"":0.005}","{""detection_events"":80295,""detectors_checked"":4380480,""obs_mistake_mask=E"":5}"
    354304,         1,         0,   120.3,exact_mw,8c54babb212143042928b0eca3852c18ac799bf66eb488a668303745c8494fc5,"{""distance"":7,""physical_error_rate"":0.0005}","{""detection_events"":538000,""detectors_checked"":286986240,""obs_mistake_mask=E"":1}"
     65280,         3,         0,   120.5,exact_mw,d2cc2b129abad1f985b8639603638d6030a837aa2fe57172dffdf28919c1c286,"{""distance"":7,""physical_error_rate"":0.001}","{""detection_events"":199382,""detectors_checked"":52876800,""obs_mistake_mask=E"":3}"
   1803264,         4,         0,   119.7,exact_mw,26ede523e6354ffb917e832246591ea54a1b9969785b9947b95e2ebb539e2476,"{""distance"":7,""physical_error_rate"":0.0002}","{""detection_events"":1099163,""detectors_checked"":1460643840,""obs_mistake_mask=E"":4}"
     16256,         1,         0,   121.0,exact_mw,98ed6542f5a75ebddbda0ed622fb597fbc85d0a75d139587b6be9a08147ba42d,"{""distance"":7,""physical_error_rate"":0.002}","{""detection_events"":97852,""detectors_checked"":13167360,""obs_mistake_mask=E"":1}"
    350208,         4,         0,   120.2,exact_mw,8c54babb212143042928b0eca3852c18ac799bf66eb488a668303745c8494fc5,"{""distance"":7,""physical_error_rate"":0.0005}","{""detection_events"":533459,""detectors_checked"":283668480,""obs_mistake_mask=E"":4}"
    349184,         4,         0,   120.1,exact_mw,8c54babb212143042928b0eca3852c18ac799bf66eb488a668303745c8494fc5,"{""distance"":7,""physical_error_rate"":0.0005}","{""detection_events"":530705,""detectors_checked"":282839040,""obs_mistake_mask=E"":4}"
    345088,         1,         0,   120.2,exact_mw,8c54babb212143042928b0eca3852c18ac799bf66eb488a668303745c8494fc5,"{""distance"":7,""physical_error_rate"":0.0005}","{""detection_events"":524138,""detectors_checked"":279521280,""obs_mistake_mask=E"":1}"
     12336,         1,         0,   120.9,exact_mw,98ed6542f5a75ebddbda0ed622fb597fbc85d0a75d139587b6be9a08147ba42d,"{""distance"":7,""physical_error_rate"":0.002}","{""detection_events"":73884,""detectors_checked"":9992160,""obs_mistake_mask=E"":1}"
     64000,         0,         0,   120.0,exact_mw,d2cc2b129abad1f985b8639603638d6030a837aa2fe57172dffdf28919c1c286,"{""distance"":7,""physical_error_rate"":0.001}","{""detection_events"":194645,""detectors_checked"":51840000}"
     16384,         2,         0,   120.0,exact_mw,98ed6542f5a75ebddbda0ed622fb597fbc85d0a75d139587b6be9a08147ba42d,"{""distance"":7,""physical_error_rate"":0.002}","{""detection_events"":98078,""detectors_checked"":13271040,""obs_mistake_mask=E"":2}"
     14976,         1,         0,   120.2,exact_mw,98ed6542f5a75ebddbda0ed622fb597fbc85d0a75d139587b6be9a08147ba42d,"{""distance"":7,""physical_error_rate"":0.002}","{""detection_events"":90861,""detectors_checked"":12130560,""obs_mistake_mask=E"":1}"
      5472,         6,         0,   120.1,exact_mw,a39d26a9c85ff1858873bfad720922f64799219ac1b945519c1902b92db90de0,"{""distance"":7,""physical_error_rate"":0.005}","{""detection_events"":80797,""detectors_checked"":4432320,""obs_mistake_mask=E"":6}"
   2953216,         2,         0,   119.6,exact_mw,26ede523e6354ffb917e832246591ea54a1b9969785b9947b95e2ebb539e2476,"{""distance"":7,""physical_error_rate"":0.0002}","{""detection_events"":1801010,""detectors_checked"":2392104960,""obs_mistake_mask=E"":2}"
      5472,         4,         0,   120.4,exact_mw,a39d26a9c85ff1858873bfad720922f64799219ac1b945519c1902b92db90de0,"{""distance"":7,""physical_error_rate"":0.005}","{""detection_events"":81579,""detectors_checked"":4432320,""obs_mistake_mask=E"":4}"
     15872,         1,         0,   120.2,exact_mw,98ed6542f5a75ebddbda0ed622fb597fbc85d0a75d139587b6be9a08147ba42d,"{""distance"":7,""physical_error_rate"":0.002}","{""detection_events"":95700,""detectors_checked"":12856320,""obs_mistake_mask=E"":1}"
      7840,         0,         0,   120.6,exact_mw,98ed6542f5a75ebddbda0ed622fb597fbc85d0a75d139587b6be9a08147ba42d,"{""distance"":7,""physical_error_rate"":0.002}","{""detection_events"":47442,""detectors_checked"":6350400}"
     57344,         2,         0,   120.2,exact_mw,d2cc2b129abad1f985b8639603638d6030a837aa2fe57172dffdf28919c1c286,"{""distance"":7,""physical_error_rate"":0.001}","{""detection_events"":173867,""detectors_checked"":46448640,""obs_mistake_mask=E"":2}"
   2928640,         0,         0,   119.6,exact_mw,26ede523e6354ffb917e832246591ea54a1b9969785b9947b95e2ebb539e2476,"{""distance"":7,""physical_error_rate"":0.0002}","{""detection_events"":1788236,""detectors_checked"":2372198400}"
     10336,         0,         0,   120.1,exact_mw,d2cc2b129abad1f985b8639603638d6030a837aa2fe57172dffdf28919c1c286,"{""distance"":7,""physical_error_rate"":0.001}","{""detection_events"":31411,""detectors_checked"":8372160}"
      5280,         1,         0,   120.4,exact_mw,a39d26a9c85ff1858873bfad720922f64799219ac1b945519c1902b92db90de0,"{""distance"":7,""physical_error_rate"":0.005}","{""detection_events"":78772,""detectors_checked"":4276800,""obs_mistake_mask=E"":1}"
    155520,         0,         0,   120.2,exact_mw,8c54babb212143042928b0eca3852c18ac799bf66eb488a668303745c8494fc5,"{""distance"":7,""physical_error_rate"":0.0005}","{""detection_events"":236130,""detectors_checked"":125971200}"
     91008,         0,         0,   120.2,exact_mw,8c54babb212143042928b0eca3852c18ac799bf66eb488a668303745c8494fc5,"{""distance"":7,""physical_error_rate"":0.0005}","{""detection_events"":138224,""detectors_checked"":73716480}"
     41536,         4,         0,   120.4,exact_mw,d2cc2b129abad1f985b8639603638d6030a837aa2fe57172dffdf28919c1c286,"{""distance"":7,""physical_error_rate"":0.001}","{""detection_events"":125980,""detectors_checked"":33644160,""obs_mistake_mask=E"":4}"
      3362,         3,         0,   120.2,exact_mw,a39d26a9c85ff1858873bfad720922f64799219ac1b945519c1902b92db90de0,"{""distance"":7,""physical_error_rate"":0.005}","{""detection_events"":50080,""detectors_checked"":2723220,""obs_mistake_mask=E"":3}"
      5568,         6,         0,   120.0,exact_mw,a39d26a9c85ff1858873bfad720922f64799219ac1b945519c1902b92db90de0,"{""distance"":7,""physical_error_rate"":0.005}","{""detection_events"":83906,""detectors_checked"":4510080,""obs_mistake_mask=E"":6}"
     63488,         0,         0,   120.3,exact_mw,d2cc2b129abad1f985b8639603638d6030a837aa2fe57172dffdf28919c1c286,"{""distance"":7,""physical_error_rate"":0.001}","{""detection_events"":192374,""detectors_checked"":51425280}"
     16192,         2,         0,   120.1,exact_mw,98ed6542f5a75ebddbda0ed622fb597fbc85d0a75d139587b6be9a08147ba42d,"{""distance"":7,""physical_error_rate"":0.002}","{""detection_events"":97670,""detectors_checked"":13115520,""obs_mistake_mask=E"":2}"
   2741248,         3,         0,   119.6,exact_mw,26ede523e6354ffb917e832246591ea54a1b9969785b9947b95e2ebb539e2476,"{""distance"":7,""physical_error_rate"":0.0002}","{""detection_events"":1672533,""detectors_checked"":2220410880,""obs_mistake_mask=E"":3}"
   2924544,         4,         0,   119.6,exact_mw,26ede523e6354ffb917e832246591ea54a1b9969785b9947b95e2ebb539e2476,"{""distance"":7,""physical_error_rate"":0.0002}","{""detection_events"":1781433,""detectors_checked"":2368880640,""obs_mistake_mask=E"":4}"
      2768,         3,         0,   120.0,exact_mw,a39d26a9c85ff1858873bfad720922f64799219ac1b945519c1902b92db90de0,"{""distance"":7,""physical_error_rate"":0.005}","{""detection_events"":41409,""detectors_checked"":2242080,""obs_mistake_mask=E"":3}"
   2640896,         3,         0,   119.6,exact_mw,26ede523e6354ffb917e832246591ea54a1b9969785b9947b95e2ebb539e2476,"{""distance"":7,""physical_error_rate"":0.0002}","{""detection_events"":1607861,""detectors_checked"":2139125760,""obs_mistake_mask=E"":3}"
    303104,         0,         0,   120.0,exact_mw,8c54babb212143042928b0eca3852c18ac799bf66eb488a668303745c8494fc5,"{""distance"":7,""physical_error_rate"":0.0005}","{""detection_events"":461487,""detectors_checked"":245514240}"
    115840,         0,         0,   120.2,exact_mw,8c54babb212143042928b0eca3852c18ac799bf66eb488a668303745c8494fc5,"{""distance"":7,""physical_error_rate"":0.0005}","{""detection_events"":175467,""detectors_checked"":93830400}"
      5520,         4,         0,   120.6,exact_mw,a39d26a9c85ff1858873bfad720922f64799219ac1b945519c1902b92db90de0,"{""distance"":7,""physical_error_rate"":0.005}","{""detection_events"":82070,""detectors_checked"":4471200,""obs_mistake_mask=E"":4}"
     56832,         2,         0,   120.3,exact_mw,d2cc2b129abad1f985b8639603638d6030a837aa2fe57172dffdf28919c1c286,"{""distance"":7,""physical_error_rate"":0.001}","{""detection_events"":172763,""detectors_checked"":46033920,""obs_mistake_mask=E"":2}"
     15296,         2,         0,   120.4,exact_mw,98ed6542f5a75ebddbda0ed622fb597fbc85d0a75d139587b6be9a08147ba42d,"{""distance"":7,""physical_error_rate"":0.002}","{""detection_events"":92946,""detectors_checked"":12389760,""obs_mistake_mask=E"":2}"
     19584,         1,         0,   120.9,exact_mw,d2cc2b129abad1f985b8639603638d6030a837aa2fe57172dffdf28919c1c286,"{""distance"":7,""physical_error_rate"":0.001}","{""detection_events"":59837,""detectors_checked"":15863040,""obs_mistake_mask=E"":1}"
    119296,         0,         0,   120.1,exact_mw,8c54babb212143042928b0eca3852c18ac799bf66eb488a668303745c8494fc5,"{""distance"":7,""physical_error_rate"":0.0005}","{""detection_events"":182323,""detectors_checked"":96629760}"
     16384,         2,         0,   120.7,exact_mw,98ed6542f5a75ebddbda0ed622fb597fbc85d0a75d139587b6be9a08147ba42d,"{""distance"":7,""physical_error_rate"":0.002}","{""detection_events"":98163,""detectors_checked"":13271040,""obs_mistake_mask=E"":2}"
     65024,         2,         0,   120.6,exact_mw,d2cc2b129abad1f985b8639603638d6030a837aa2fe57172dffdf28919c1c286,"{""distance"":7,""physical_error_rate"":0.001}","{""detection_events"":198052,""detectors_checked"":52669440,""obs_mistake_mask=E"":2}"
      5360,         4,         0,   120.4,exact_mw,a39d26a9c85ff1858873bfad720922f64799219ac1b945519c1902b92db90de0,"{""distance"":7,""physical_error_rate"":0.005}","{""detection_events"":79680,""detectors_checked"":4341600,""obs_mistake_mask=E"":4}"
   2620416,         6,         0,   119.6,exact_mw,26ede523e6354ffb917e832246591ea54a1b9969785b9947b95e2ebb539e2476,"{""distance"":7,""physical_error_rate"":0.0002}","{""detection_events"":1598026,""detectors_checked"":2122536960,""obs_mistake_mask=E"":6}"
   2069504,         2,         0,   119.8,exact_mw,26ede523e6354ffb917e832246591ea54a1b9969785b9947b95e2ebb539e2476,"{""distance"":7,""physical_error_rate"":0.0002}","{""detection_events"":1260232,""detectors_checked"":1676298240,""obs_mistake_mask=E"":2}"
      2240,         0,         0,    88.5,exact_mw,98ed6542f5a75ebddbda0ed622fb597fbc85d0a75d139587b6be9a08147ba42d,"{""distance"":7,""physical_error_rate"":0.002}","{""detection_events"":13665,""detectors_checked"":1814400}"
    335872,         4,         0,   120.2,exact_mw,8c54babb212143042928b0eca3852c18ac799bf66eb488a668303745c8494fc5,"{""distance"":7,""physical_error_rate"":0.0005}","{""detection_events"":510678,""detectors_checked"":272056320,""obs_mistake_mask=E"":4}"
     16448,         1,         0,   120.6,exact_mw,98ed6542f5a75ebddbda0ed622fb597fbc85d0a75d139587b6be9a08147ba42d,"{""distance"":7,""physical_error_rate"":0.002}","{""detection_events"":99495,""detectors_checked"":13322880,""obs_mistake_mask=E"":1}"
     75904,         0,         0,   120.1,exact_mw,8c54babb212143042928b0eca3852c18ac799bf66eb488a668303745c8494fc5,"{""distance"":7,""physical_error_rate"":0.0005}","{""detection_events"":116261,""detectors_checked"":61482240}"
     56064,         0,         0,   120.4,exact_mw,d2cc2b129abad1f985b8639603638d6030a837aa2fe57172dffdf28919c1c286,"{""distance"":7,""physical_error_rate"":0.001}","{""detection_events"":170075,""detectors_checked"":45411840}"
     61696,         2,         0,   120.4,exact_mw,d2cc2b129abad1f985b8639603638d6030a837aa2fe57172dffdf28919c1c286,"{""distance"":7,""physical_error_rate"":0.001}","{""detection_events"":187627,""detectors_checked"":49973760,""obs_mistake_mask=E"":2}"
   2740224,         7,         0,   119.6,exact_mw,26ede523e6354ffb917e832246591ea54a1b9969785b9947b95e2ebb539e2476,"{""distance"":7,""physical_error_rate"":0.0002}","{""detection_events"":1668010,""detectors_checked"":2219581440,""obs_mistake_mask=E"":7}"
   2830336,         3,         0,   119.5,exact_mw,26ede523e6354ffb917e832246591ea54a1b9969785b9947b95e2ebb539e2476,"{""distance"":7,""physical_error_rate"":0.0002}","{""detection_events"":1728537,""detectors_checked"":2292572160,""obs_mistake_mask=E"":3}"
     16000,         2,         0,   120.5,exact_mw,98ed6542f5a75ebddbda0ed622fb597fbc85d0a75d139587b6be9a08147ba42d,"{""distance"":7,""physical_error_rate"":0.002}","{""detection_events"":96193,""detectors_checked"":12960000,""obs_mistake_mask=E"":2}"
     59904,         0,         0,   120.3,exact_mw,8c54babb212143042928b0eca3852c18ac799bf66eb488a668303745c8494fc5,"{""distance"":7,""physical_error_rate"":0.0005}","{""detection_events"":90908,""detectors_checked"":48522240}"
    333824,         2,         0,   120.2,exact_mw,8c54babb212143042928b0eca3852c18ac799bf66eb488a668303745c8494fc5,"{""distance"":7,""physical_error_rate"":0.0005}","{""detection_events"":507955,""detectors_checked"":270397440,""obs_mistake_mask=E"":2}"
   2391040,         2,         0,   119.5,exact_mw,26ede523e6354ffb917e832246591ea54a1b9969785b9947b95e2ebb539e2476,"{""distance"":7,""physical_error_rate"":0.0002}","{""detection_events"":1457184,""detectors_checked"":1936742400,""obs_mistake_mask=E"":2}"
      5120,         8,         0,   120.0,exact_mw,a39d26a9c85ff1858873bfad720922f64799219ac1b945519c1902b92db90de0,"{""distance"":7,""physical_error_rate"":0.005}","{""detection_events"":76528,""detectors_checked"":4147200,""obs_mistake_mask=E"":8}"
     46336,         0,         0,   120.3,exact_mw,d2cc2b129abad1f985b8639603638d6030a837aa2fe57172dffdf28919c1c286,"{""distance"":7,""physical_error_rate"":0.001}","{""detection_events"":139818,""detectors_checked"":37532160}"
     10936,         0,         0,   120.2,exact_mw,98ed6542f5a75ebddbda0ed622fb597fbc85d0a75d139587b6be9a08147ba42d,"{""distance"":7,""physical_error_rate"":0.002}","{""detection_events"":65407,""detectors_checked"":8858160}"
      5088,         5,         0,   120.1,exact_mw,a39d26a9c85ff1858873bfad720922f64799219ac1b945519c1902b92db90de0,"{""distance"":7,""physical_error_rate"":0.005}","{""detection_events"":75881,""detectors_checked"":4121280,""obs_mistake_mask=E"":5}"
    769024,         0,         0,   119.4,exact_mw,26ede523e6354ffb917e832246591ea54a1b9969785b9947b95e2ebb539e2476,"{""distance"":7,""physical_error_rate"":0.0002}","{""detection_events"":469374,""detectors_checked"":622909440}"
     61184,         2,         0,   120.2,exact_mw,d2cc2b129abad1f985b8639603638d6030a837aa2fe57172dffdf28919c1c286,"{""distance"":7,""physical_error_rate"":0.001}","{""detection_events"":185735,""detectors_checked"":49559040,""obs_mistake_mask=E"":2}"
   2799616,         5,         0,   119.6,exact_mw,26ede523e6354ffb917e832246591ea54a1b9969785b9947b95e2ebb539e2476,"{""distance"":7,""physical_error_rate"":0.0002}","{""detection_events"":1703595,""detectors_checked"":2267688960,""obs_mistake_mask=E"":5}"
      5248,         2,         0,   120.7,exact_mw,a39d26a9c85ff1858873bfad720922f64799219ac1b945519c1902b92db90de0,"{""distance"":7,""physical_error_rate"":0.005}","{""detection_events"":78451,""detectors_checked"":4250880,""obs_mistake_mask=E"":2}"
      5072,         6,         0,   120.3,exact_mw,a39d26a9c85ff1858873bfad720922f64799219ac1b945519c1902b92db90de0,"{""distance"":7,""physical_error_rate"":0.005}","{""detection_events"":75487,""detectors_checked"":4108320,""obs_mistake_mask=E"":6}"
    147328,         1,         0,   120.3,exact_mw,8c54babb212143042928b0eca3852c18ac799bf66eb488a668303745c8494fc5,"{""distance"":7,""physical_error_rate"":0.0005}","{""detection_events"":225543,""detectors_checked"":119335680,""obs_mistake_mask=E"":1}"
     64000,         3,         0,   120.1,exact_mw,d2cc2b129abad1f985b8639603638d6030a837aa2fe57172dffdf28919c1c286,"{""distance"":7,""physical_error_rate"":0.001}","{""detection_events"":193139,""detectors_checked"":51840000,""obs_mistake_mask=E"":3}"
   2063360,         1,         0,   119.5,exact_mw,26ede523e6354ffb917e832246591ea54a1b9969785b9947b95e2ebb539e2476,"{""distance"":7,""physical_error_rate"":0.0002}","{""detection_events"":1256275,""detectors_checked"":1671321600,""obs_mistake_mask=E"":1}"
    158592,         1,         0,   119.9,exact_mw,8c54babb212143042928b0eca3852c18ac799bf66eb488a668303745c8494fc5,"{""distance"":7,""physical_error_rate"":0.0005}","{""detection_events"":240797,""detectors_checked"":128459520,""obs_mistake_mask=E"":1}"
     15680,         3,         0,   120.4,exact_mw,98ed6542f5a75ebddbda0ed622fb597fbc85d0a75d139587b6be9a08147ba42d,"{""distance"":7,""physical_error_rate"":0.002}","{""detection_events"":94265,""detectors_checked"":12700800,""obs_mistake_mask=E"":3}"
    315392,         6,         0,   120.1,exact_mw,8c54babb212143042928b0eca3852c18ac799bf66eb488a668303745c8494fc5,"{""distance"":7,""physical_error_rate"":0.0005}","{""detection_events"":478646,""detectors_checked"":255467520,""obs_mistake_mask=E"":6}"
    345088,         4,         0,   120.4,exact_mw,8c54babb212143042928b0eca3852c18ac799bf66eb488a668303745c8494fc5,"{""distance"":7,""physical_error_rate"":0.0005}","{""detection_events"":525565,""detectors_checked"":279521280,""obs_mistake_mask=E"":4}"
      7800,         1,         0,   120.1,exact_mw,98ed6542f5a75ebddbda0ed622fb597fbc85d0a75d139587b6be9a08147ba42d,"{""distance"":7,""physical_error_rate"":0.002}","{""detection_events"":46778,""detectors_checked"":6318000,""obs_mistake_mask=E"":1}"
     60416,         2,         0,   120.0,exact_mw,d2cc2b129abad1f985b8639603638d6030a837aa2fe57172dffdf28919c1c286,"{""distance"":7,""physical_error_rate"":0.001}","{""detection_events"":183238,""detectors_checked"":48936960,""obs_mistake_mask=E"":2}"
     12752,         3,         0,   120.1,exact_mw,98ed6542f5a75ebddbda0ed622fb597fbc85d0a75d139587b6be9a08147ba42d,"{""distance"":7,""physical_error_rate"":0.002}","{""detection_events"":77420,""detectors_checked"":10329120,""obs_mistake_mask=E"":3}"
     16320,         3,         0,   120.8,exact_mw,98ed6542f5a75ebddbda0ed622fb597fbc85d0a75d139587b6be9a08147ba42d,"{""distance"":7,""physical_error_rate"":0.002}","{""detection_events"":98620,""detectors_checked"":13219200,""obs_mistake_mask=E"":3}"
   2283520,         1,         0,   119.7,exact_mw,26ede523e6354ffb917e832246591ea54a1b9969785b9947b95e2ebb539e2476,"{""distance"":7,""physical_error_rate"":0.0002}","{""detection_events"":1389933,""detectors_checked"":1849651200,""obs_mistake_mask=E"":1}"
      4928,         5,         0,   120.3,exact_mw,a39d26a9c85ff1858873bfad720922f64799219ac1b945519c1902b92db90de0,"{""distance"":7,""physical_error_rate"":0.005}","{""detection_events"":73167,""detectors_checked"":3991680,""obs_mistake_mask=E"":5}"
      5440,         2,         0,   120.5,exact_mw,a39d26a9c85ff1858873bfad720922f64799219ac1b945519c1902b92db90de0,"{""distance"":7,""physical_error_rate"":0.005}","{""detection_events"":80956,""detectors_checked"":4406400,""obs_mistake_mask=E"":2}"
     12816,         3,         0,   120.6,exact_mw,98ed6542f5a75ebddbda0ed622fb597fbc85d0a75d139587b6be9a08147ba42d,"{""distance"":7,""physical_error_rate"":0.002}","{""detection_events"":77563,""detectors_checked"":10380960,""obs_mistake_mask=E"":3}"
     13544,         0,         0,   120.0,exact_mw,98ed6542f5a75ebddbda0ed622fb597fbc85d0a75d139587b6be9a08147ba42d,"{""distance"":7,""physical_error_rate"":0.002}","{""detection_events"":81807,""detectors_checked"":10970640}"
     65024,         1,         0,   120.1,exact_mw,d2cc2b129abad1f985b8639603638d6030a837aa2fe57172dffdf28919c1c286,"{""distance"":7,""physical_error_rate"":0.001}","{""detection_events"":196624,""detectors_checked"":52669440,""obs_mistake_mask=E"":1}"
   2470912,         7,         0,   119.5,exact_mw,26ede523e6354ffb917e832246591ea54a1b9969785b9947b95e2ebb539e2476,"{""distance"":7,""physical_error_rate"":0.0002}","{""detection_events"":1507663,""detectors_checked"":2001438720,""obs_mistake_mask=E"":7}"
     49472,         2,         0,   120.0,exact_mw,d2cc2b129abad1f985b8639603638d6030a837aa2fe57172dffdf28919c1c286,"{""distance"":7,""physical_error_rate"":0.001}","{""detection_events"":150657,""detectors_checked"":40072320,""obs_mistake_mask=E"":2}"
      1698,         2,         0,   119.8,exact_mw,a39d26a9c85ff1858873bfad720922f64799219ac1b945519c1902b92db90de0,"{""distance"":7,""physical_error_rate"":0.005}","{""detection_events"":24641,""detectors_checked"":1375380,""obs_mistake_mask=E"":2}"
    101888,         1,         0,   119.8,exact_mw,8c54babb212143042928b0eca3852c18ac799bf66eb488a668303745c8494fc5,"{""distance"":7,""physical_error_rate"":0.0005}","{""detection_events"":156206,""detectors_checked"":82529280,""obs_mistake_mask=E"":1}"
    221952,         0,         0,   120.2,exact_mw,8c54babb212143042928b0eca3852c18ac799bf66eb488a668303745c8494fc5,"{""distance"":7,""physical_error_rate"":0.0005}","{""detection_events"":337169,""detectors_checked"":179781120}"
     40832,         1,         0,   120.1,exact_mw,d2cc2b129abad1f985b8639603638d6030a837aa2fe57172dffdf28919c1c286,"{""distance"":7,""physical_error_rate"":0.001}","{""detection_events"":123371,""detectors_checked"":33073920,""obs_mistake_mask=E"":1}"
      5216,         4,         0,   120.3,exact_mw,a39d26a9c85ff1858873bfad720922f64799219ac1b945519c1902b92db90de0,"{""distance"":7,""physical_error_rate"":0.005}","{""detection_events"":78021,""detectors_checked"":4224960,""obs_mistake_mask=E"":4}"
      5248,         5,         0,   120.6,exact_mw,a39d26a9c85ff1858873bfad720922f64799219ac1b945519c1902b92db90de0,"{""distance"":7,""physical_error_rate"":0.005}","{""detection_events"":78845,""detectors_checked"":4250880,""obs_mistake_mask=E"":5}"
     59392,         2,         0,   120.3,exact_mw,d2cc2b129abad1f985b8639603638d6030a837aa2fe57172dffdf28919c1c286,"{""distance"":7,""physical_error_rate"":0.001}","{""detection_events"":179516,""detectors_checked"":48107520,""obs_mistake_mask=E"":2}"
     15680,         0,         0,   120.6,exact_mw,98ed6542f5a75ebddbda0ed622fb597fbc85d0a75d139587b6be9a08147ba42d,"{""distance"":7,""physical_error_rate"":0.002}","{""detection_events"":94933,""detectors_checked"":12700800}"
   1377280,         1,         0,   119.5,exact_mw,26ede523e6354ffb917e832246591ea54a1b9969785b9947b95e2ebb539e2476,"{""distance"":7,""physical_error_rate"":0.0002}","{""detection_events"":840466,""detectors_checked"":1115596800,""obs_mistake_mask=E"":1}"
   2587648,         2,         0,   119.5,exact_mw,26ede523e6354ffb917e832246591ea54a1b9969785b9947b95e2ebb539e2476,"{""distance"":7,""physical_error_rate"":0.0002}","{""detection_events"":1578923,""detectors_checked"":2095994880,""obs_mistake_mask=E"":2}"
   2629632,         5,         0,   119.6,exact_mw,26ede523e6354ffb917e832246591ea54a1b9969785b9947b95e2ebb539e2476,"{""distance"":7,""physical_error_rate"":0.0002}","{""detection_events"":1605016,""detectors_checked"":2130001920,""obs_mistake_mask=E"":5}"
      5040,         7,         0,   120.3,exact_mw,a39d26a9c85ff1858873bfad720922f64799219ac1b945519c1902b92db90de0,"{""distance"":7,""physical_error_rate"":0.005}","{""detection_events"":74622,""detectors_checked"":4082400,""obs_mistake_mask=E"":7}"
    347136,         2,         0,   119.9,exact_mw,8c54babb212143042928b0eca3852c18ac799bf66eb488a668303745c8494fc5,"{""distance"":7,""physical_error_rate"":0.0005}","{""detection_events"":528939,""detectors_checked"":281180160,""obs_mistake_mask=E"":2}"
    319488,         3,         0,   120.0,exact_mw,8c54babb212143042928b0eca3852c18ac799bf66eb488a668303745c8494fc5,"{""distance"":7,""physical_error_rate"":0.0005}","{""detection_events"":486241,""detectors_checked"":258785280,""obs_mistake_mask=E"":3}"
      5232,         2,         0,   120.4,exact_mw,a39d26a9c85ff1858873bfad720922f64799219ac1b945519c1902b92db90de0,"{""distance"":7,""physical_error_rate"":0.005}","{""detection_events"":77599,""detectors_checked"":4237920,""obs_mistake_mask=E"":2}"
     66304,         3,         0,   120.7,exact_mw,d2cc2b129abad1f985b8639603638d6030a837aa2fe57172dffdf28919c1c286,"{""distance"":7,""physical_error_rate"":0.001}","{""detection_events"":200924,""detectors_checked"":53706240,""obs_mistake_mask=E"":3}"
     16448,         5,         0,   120.5,exact_mw,98ed6542f5a75ebddbda0ed622fb597fbc85d0a75d139587b6be9a08147ba42d,"{""distance"":7,""physical_error_rate"":0.002}","{""detection_events"":98549,""detectors_checked"":13322880,""obs_mistake_mask=E"":5}"
     11040,         0,         0,   120.1,exact_mw,d2cc2b129abad1f985b8639603638d6030a837aa2fe57172dffdf28919c1c286,"{""distance"":7,""physical_error_rate"":0.001}","{""detection_events"":33294,""detectors_checked"":8942400}"
    320512,         4,         0,   120.3,exact_mw,8c54babb212143042928b0eca3852c18ac799bf66eb488a668303745c8494fc5,"{""distance"":7,""physical_error_rate"":0.0005}","{""detection_events"":488560,""detectors_checked"":259614720,""obs_mistake_mask=E"":4}"
     14784,         0,         0,   120.4,exact_mw,98ed6542f5a75ebddbda0ed622fb597fbc85d0a75d139587b6be9a08147ba42d,"{""distance"":7,""physical_error_rate"":0.002}","{""detection_events"":88771,""detectors_checked"":11975040}"
     64512,         1,         0,   121.1,exact_mw,d2cc2b129abad1f985b8639603638d6030a837aa2fe57172dffdf28919c1c286,"{""distance"":7,""physical_error_rate"":0.001}","{""detection_events"":194665,""detectors_checked"":52254720,""obs_mistake_mask=E"":1}"
      5376,         2,         0,   120.1,exact_mw,a39d26a9c85ff1858873bfad720922f64799219ac1b945519c1902b92db90de0,"{""distance"":7,""physical_error_rate"":0.005}","{""detection_events"":80605,""detectors_checked"":4354560,""obs_mistake_mask=E"":2}"
   2590720,         0,         0,   119.6,exact_mw,26ede523e6354ffb917e832246591ea54a1b9969785b9947b95e2ebb539e2476,"{""distance"":7,""physical_error_rate"":0.0002}","{""detection_events"":1580955,""detectors_checked"":2098483200}"
    491520,         4,         0,   119.6,exact_mw,26ede523e6354ffb917e832246591ea54a1b9969785b9947b95e2ebb539e2476,"{""distance"":7,""physical_error_rate"":0.0002}","{""detection_events"":301251,""detectors_checked"":398131200,""obs_mistake_mask=E"":4}"
      2680,         0,         0,   120.5,exact_mw,98ed6542f5a75ebddbda0ed622fb597fbc85d0a75d139587b6be9a08147ba42d,"{""distance"":7,""physical_error_rate"":0.002}","{""detection_events"":16132,""detectors_checked"":2170800}"
    310272,         6,         0,   120.0,exact_mw,8c54babb212143042928b0eca3852c18ac799bf66eb488a668303745c8494fc5,"{""distance"":7,""physical_error_rate"":0.0005}","{""detection_events"":473479,""detectors_checked"":251320320,""obs_mistake_mask=E"":6}"
     15488,         1,         0,   120.4,exact_mw,98ed6542f5a75ebddbda0ed622fb597fbc85d0a75d139587b6be9a08147ba42d,"{""distance"":7,""physical_error_rate"":0.002}","{""detection_events"":93242,""detectors_checked"":12545280,""obs_mistake_mask=E"":1}"
    254720,         3,         0,   119.9,exact_mw,8c54babb212143042928b0eca3852c18ac799bf66eb488a668303745c8494fc5,"{""distance"":7,""physical_error_rate"":0.0005}","{""detection_events"":388458,""detectors_checked"":206323200,""obs_mistake_mask=E"":3}"
     63232,         0,         0,   120.3,exact_mw,d2cc2b129abad1f985b8639603638d6030a837aa2fe57172dffdf28919c1c286,"{""distance"":7,""physical_error_rate"":0.001}","{""detection_events"":191655,""detectors_checked"":51217920}"
     57856,         0,         0,   120.2,exact_mw,d2cc2b129abad1f985b8639603638d6030a837aa2fe57172dffdf28919c1c286,"{""distance"":7,""physical_error_rate"":0.001}","{""detection_events"":176237,""detectors_checked"":46863360}"
   2832384,         4,         0,   119.6,exact_mw,26ede523e6354ffb917e832246591ea54a1b9969785b9947b95e2ebb539e2476,"{""distance"":7,""physical_error_rate"":0.0002}","{""detection_events"":1727272,""detectors_checked"":2294231040,""obs_mistake_mask=E"":4}"
   1332224,         2,         0,   119.8,exact_mw,26ede523e6354ffb917e832246591ea54a1b9969785b9947b95e2ebb539e2476,"{""distance"":7,""physical_error_rate"":0.0002}","{""detection_events"":809812,""detectors_checked"":1079101440,""obs_mistake_mask=E"":2}"
     14464,         0,         0,   120.8,exact_mw,98ed6542f5a75ebddbda0ed622fb597fbc85d0a75d139587b6be9a08147ba42d,"{""distance"":7,""physical_error_rate"":0.002}","{""detection_events"":86856,""detectors_checked"":11715840}"
    264832,         0,         0,   120.1,exact_mw,8c54babb212143042928b0eca3852c18ac799bf66eb488a668303745c8494fc5,"{""distance"":7,""physical_error_rate"":0.0005}","{""detection_events"":403962,""detectors_checked"":214513920}"
    335872,         2,         0,   120.1,exact_mw,8c54babb212143042928b0eca3852c18ac799bf66eb488a668303745c8494fc5,"{""distance"":7,""physical_error_rate"":0.0005}","{""detection_events"":510824,""detectors_checked"":272056320,""obs_mistake_mask=E"":2}"
    537600,         0,         0,   120.0,exact_mw,26ede523e6354ffb917e832246591ea54a1b9969785b9947b95e2ebb539e2476,"{""distance"":7,""physical_error_rate"":0.0002}","{""detection_events"":327453,""detectors_checked"":435456000}"
      4372,         6,         0,   120.3,exact_mw,a39d26a9c85ff1858873bfad720922f64799219ac1b945519c1902b92db90de0,"{""distance"":7,""physical_error_rate"":0.005}","{""detection_events"":65142,""detectors_checked"":3541320,""obs_mistake_mask=E"":6}"
     63232,         1,         0,   120.0,exact_mw,d2cc2b129abad1f985b8639603638d6030a837aa2fe57172dffdf28919c1c286,"{""distance"":7,""physical_error_rate"":0.001}","{""detection_events"":190977,""detectors_checked"":51217920,""obs_mistake_mask=E"":1}"
      4008,         1,         0,   120.6,exact_mw,98ed6542f5a75ebddbda0ed622fb597fbc85d0a75d139587b6be9a08147ba42d,"{""distance"":7,""physical_error_rate"":0.002}","{""detection_events"":24086,""detectors_checked"":3246480,""obs_mistake_mask=E"":1}"
      5312,         5,         0,   120.3,exact_mw,a39d26a9c85ff1858873bfad720922f64799219ac1b945519c1902b92db90de0,"{""distance"":7,""physical_error_rate"":0.005}","{""detection_events"":79028,""detectors_checked"":4302720,""obs_mistake_mask=E"":5}"
    530432,         0,         0,   119.7,exact_mw,26ede523e6354ffb917e832246591ea54a1b9969785b9947b95e2ebb539e2476,"{""distance"":7,""physical_error_rate"":0.0002}","{""detection_events"":323497,""detectors_checked"":429649920}"
     22432,         0,         0,   120.0,exact_mw,d2cc2b129abad1f985b8639603638d6030a837aa2fe57172dffdf28919c1c286,"{""distance"":7,""physical_error_rate"":0.001}","{""detection_events"":67389,""detectors_checked"":18169920}"
   2779136,         2,         0,   119.6,exact_mw,26ede523e6354ffb917e832246591ea54a1b9969785b9947b95e2ebb539e2476,"{""distance"":7,""physical_error_rate"":0.0002}","{""detection_events"":1695318,""detectors_checked"":2251100160,""obs_mistake_mask=E"":2}"
      5376,         4,         0,   120.1,exact_mw,a39d26a9c85ff1858873bfad720922f64799219ac1b945519c1902b92db90de0,"{""distance"":7,""physical_error_rate"":0.005}","{""detection_events"":80149,""detectors_checked"":4354560,""obs_mistake_mask=E"":4}"
      5152,         5,         0,   120.9,exact_mw,a39d26a9c85ff1858873bfad720922f64799219ac1b945519c1902b92db90de0,"{""distance"":7,""physical_error_rate"":0.005}","{""detection_events"":76730,""detectors_checked"":4173120,""obs_mistake_mask=E"":5}"
     60544,         0,         0,   119.9,exact_mw,8c54babb212143042928b0eca3852c18ac799bf66eb488a668303745c8494fc5,"{""distance"":7,""physical_error_rate"":0.0005}","{""detection_events"":91685,""detectors_checked"":49040640}"
   2592768,         2,         0,   119.3,exact_mw,26ede523e6354ffb917e832246591ea54a1b9969785b9947b95e2ebb539e2476,"{""distance"":7,""physical_error_rate"":0.0002}","{""detection_events"":1578614,""detectors_checked"":2100142080,""obs_mistake_mask=E"":2}"
     62208,         3,         0,   120.4,exact_mw,d2cc2b129abad1f985b8639603638d6030a837aa2fe57172dffdf28919c1c286,"{""distance"":7,""physical_error_rate"":0.001}","{""detection_events"":188699,""detectors_checked"":50388480,""obs_mistake_mask=E"":3}"
     56320,         0,         0,   119.9,exact_mw,8c54babb212143042928b0eca3852c18ac799bf66eb488a668303745c8494fc5,"{""distance"":7,""physical_error_rate"":0.0005}","{""detection_events"":85822,""detectors_checked"":45619200}"
     14784,         1,         0,   120.4,exact_mw,98ed6542f5a75ebddbda0ed622fb597fbc85d0a75d139587b6be9a08147ba42d,"{""distance"":7,""physical_error_rate"":0.002}","{""detection_events"":89914,""detectors_checked"":11975040,""obs_mistake_mask=E"":1}"
    340992,         2,         0,   120.1,exact_mw,8c54babb212143042928b0eca3852c18ac799bf66eb488a668303745c8494fc5,"{""distance"":7,""physical_error_rate"":0.0005}","{""detection_events"":516138,""detectors_checked"":276203520,""obs_mistake_mask=E"":2}"
    320512,         2,         0,   120.2,exact_mw,8c54babb212143042928b0eca3852c18ac799bf66eb488a668303745c8494fc5,"{""distance"":7,""physical_error_rate"":0.0005}","{""detection_events"":487981,""detectors_checked"":259614720,""obs_mistake_mask=E"":2}"
      8136,         0,         0,   120.3,exact_mw,98ed6542f5a75ebddbda0ed622fb597fbc85d0a75d139587b6be9a08147ba42d,"{""distance"":7,""physical_error_rate"":0.002}","{""detection_events"":49081,""detectors_checked"":6590160}"
     59392,         3,         0,   120.2,exact_mw,d2cc2b129abad1f985b8639603638d6030a837aa2fe57172dffdf28919c1c286,"{""distance"":7,""physical_error_rate"":0.001}","{""detection_events"":180292,""detectors_checked"":48107520,""obs_mistake_mask=E"":3}"
     14848,         1,         0,   120.1,exact_mw,98ed6542f5a75ebddbda0ed622fb597fbc85d0a75d139587b6be9a08147ba42d,"{""distance"":7,""physical_error_rate"":0.002}","{""detection_events"":89811,""detectors_checked"":12026880,""obs_mistake_mask=E"":1}"
     16064,         1,         0,   120.0,exact_mw,98ed6542f5a75ebddbda0ed622fb597fbc85d0a75d139587b6be9a08147ba42d,"{""distance"":7,""physical_error_rate"":0.002}","{""detection_events"":96356,""detectors_checked"":13011840,""obs_mistake_mask=E"":1}"
   2793472,         1,         0,   119.5,exact_mw,26ede523e6354ffb917e832246591ea54a1b9969785b9947b95e2ebb539e2476,"{""distance"":7,""physical_error_rate"":0.0002}","{""detection_events"":1701383,""detectors_checked"":2262712320,""obs_mistake_mask=E"":1}"
      1438,         0,         0,   120.6,exact_mw,a39d26a9c85ff1858873bfad720922f64799219ac1b945519c1902b92db90de0,"{""distance"":7,""physical_error_rate"":0.005}","{""detection_events"":21487,""detectors_checked"":1164780}"
      5440,         2,         0,   120.5,exact_mw,a39d26a9c85ff1858873bfad720922f64799219ac1b945519c1902b92db90de0,"{""distance"":7,""physical_error_rate"":0.005}","{""detection_events"":80664,""detectors_checked"":4406400,""obs_mistake_mask=E"":2}"
     15680,         2,         0,   120.5,exact_mw,98ed6542f5a75ebddbda0ed622fb597fbc85d0a75d139587b6be9a08147ba42d,"{""distance"":7,""physical_error_rate"":0.002}","{""detection_events"":94518,""detectors_checked"":12700800,""obs_mistake_mask=E"":2}"
   2734080,         4,         0,   119.6,exact_mw,26ede523e6354ffb917e832246591ea54a1b9969785b9947b95e2ebb539e2476,"{""distance"":7,""physical_error_rate"":0.0002}","{""detection_events"":1667413,""detectors_checked"":2214604800,""obs_mistake_mask=E"":4}"
     14848,         2,         0,   120.9,exact_mw,98ed6542f5a75ebddbda0ed622fb597fbc85d0a75d139587b6be9a08147ba42d,"{""distance"":7,""physical_error_rate"":0.002}","{""detection_events"":90338,""detectors_checked"":12026880,""obs_mistake_mask=E"":2}"
     62976,         1,         0,   120.3,exact_mw,d2cc2b129abad1f985b8639603638d6030a837aa2fe57172dffdf28919c1c286,"{""distance"":7,""physical_error_rate"":0.001}","{""detection_events"":191760,""detectors_checked"":51010560,""obs_mistake_mask=E"":1}"
     58624,         1,         0,   120.6,exact_mw,d2cc2b129abad1f985b8639603638d6030a837aa2fe57172dffdf28919c1c286,"{""distance"":7,""physical_error_rate"":0.001}","{""detection_events"":178261,""detectors_checked"":47485440,""obs_mistake_mask=E"":1}"
       800,         1,         0,   120.1,exact_mw,a39d26a9c85ff1858873bfad720922f64799219ac1b945519c1902b92db90de0,"{""distance"":7,""physical_error_rate"":0.005}","{""detection_events"":11988,""detectors_checked"":648000,""obs_mistake_mask=E"":1}"
    355328,         2,         0,   120.2,exact_mw,8c54babb212143042928b0eca3852c18ac799bf66eb488a668303745c8494fc5,"{""distance"":7,""physical_error_rate"":0.0005}","{""detection_events"":540729,""detectors_checked"":287815680,""obs_mistake_mask=E"":2}"
    334848,         3,         0,   120.0,exact_mw,8c54babb212143042928b0eca3852c18ac799bf66eb488a668303745c8494fc5,"{""distance"":7,""physical_error_rate"":0.0005}","{""detection_events"":507732,""detectors_checked"":271226880,""obs_mistake_mask=E"":3}"
      9664,         1,         0,   120.4,exact_mw,d2cc2b129abad1f985b8639603638d6030a837aa2fe57172dffdf28919c1c286,"{""distance"":7,""physical_error_rate"":0.001}","{""detection_events"":29542,""detectors_checked"":7827840,""obs_mistake_mask=E"":1}"
      5632,         4,         0,   120.4,exact_mw,a39d26a9c85ff1858873bfad720922f64799219ac1b945519c1902b92db90de0,"{""distance"":7,""physical_error_rate"":0.005}","{""detection_events"":83551,""detectors_checked"":4561920,""obs_mistake_mask=E"":4}"
      5536,         6,         0,   120.5,exact_mw,a39d26a9c85ff1858873bfad720922f64799219ac1b945519c1902b92db90de0,"{""distance"":7,""physical_error_rate"":0.005}","{""detection_events"":81462,""detectors_checked"":4484160,""obs_mistake_mask=E"":6}"
     62464,         1,         0,   120.9,exact_mw,d2cc2b129abad1f985b8639603638d6030a837aa2fe57172dffdf28919c1c286,"{""distance"":7,""physical_error_rate"":0.001}","{""detection_events"":190065,""detectors_checked"":50595840,""obs_mistake_mask=E"":1}"
     16192,         1,         0,   120.1,exact_mw,98ed6542f5a75ebddbda0ed622fb597fbc85d0a75d139587b6be9a08147ba42d,"{""distance"":7,""physical_error_rate"":0.002}","{""detection_events"":97957,""detectors_checked"":13115520,""obs_mistake_mask=E"":1}"
   2823168,         6,         0,   119.5,exact_mw,26ede523e6354ffb917e832246591ea54a1b9969785b9947b95e2ebb539e2476,"{""distance"":7,""physical_error_rate"":0.0002}","{""detection_events"":1720642,""detectors_checked"":2286766080,""obs_mistake_mask=E"":6}"
   2857984,         4,         0,   119.6,exact_mw,26ede523e6354ffb917e832246591ea54a1b9969785b9947b95e2ebb539e2476,"{""distance"":7,""physical_error_rate"":0.0002}","{""detection_events"":1738717,""detectors_checked"":2314967040,""obs_mistake_mask=E"":4}"
   2744320,         1,         0,   119.5,exact_mw,26ede523e6354ffb917e832246591ea54a1b9969785b9947b95e2ebb539e2476,"{""distance"":7,""physical_error_rate"":0.0002}","{""detection_events"":1673151,""detectors_checked"":2222899200,""obs_mistake_mask=E"":1}"
      5120,         3,         0,   120.5,exact_mw,a39d26a9c85ff1858873bfad720922f64799219ac1b945519c1902b92db90de0,"{""distance"":7,""physical_error_rate"":0.005}","{""detection_events"":76737,""detectors_checked"":4147200,""obs_mistake_mask=E"":3}"
    342016,         3,         0,   120.2,exact_mw,8c54babb212143042928b0eca3852c18ac799bf66eb488a668303745c8494fc5,"{""distance"":7,""physical_error_rate"":0.0005}","{""detection_events"":521896,""detectors_checked"":277032960,""obs_mistake_mask=E"":3}"
    342016,         1,         0,   120.3,exact_mw,8c54babb212143042928b0eca3852c18ac799bf66eb488a668303745c8494fc5,"{""distance"":7,""physical_error_rate"":0.0005}","{""detection_events"":519488,""detectors_checked"":277032960,""obs_mistake_mask=E"":1}"
      5728,         5,         0,   120.5,exact_mw,a39d26a9c85ff1858873bfad720922f64799219ac1b945519c1902b92db90de0,"{""distance"":7,""physical_error_rate"":0.005}","{""detection_events"":85994,""detectors_checked"":4639680,""obs_mistake_mask=E"":5}"
     63232,         2,         0,   120.3,exact_mw,d2cc2b129abad1f985b8639603638d6030a837aa2fe57172dffdf28919c1c286,"{""distance"":7,""physical_error_rate"":0.001}","{""detection_events"":191430,""detectors_checked"":51217920,""obs_mistake_mask=E"":2}"
     16000,         3,         0,   120.9,exact_mw,98ed6542f5a75ebddbda0ed622fb597fbc85d0a75d139587b6be9a08147ba42d,"{""distance"":7,""physical_error_rate"":0.002}","{""detection_events"":96632,""detectors_checked"":12960000,""obs_mistake_mask=E"":3}"
      9248,         1,         0,   120.0,exact_mw,d2cc2b129abad1f985b8639603638d6030a837aa2fe57172dffdf28919c1c286,"{""distance"":7,""physical_error_rate"":0.001}","{""detection_events"":27745,""detectors_checked"":7490880,""obs_mistake_mask=E"":1}"
    333824,         0,         0,   120.0,exact_mw,8c54babb212143042928b0eca3852c18ac799bf66eb488a668303745c8494fc5,"{""distance"":7,""physical_error_rate"":0.0005}","{""detection_events"":508303,""detectors_checked"":270397440}"
     16384,         3,         0,   120.4,exact_mw,98ed6542f5a75ebddbda0ed622fb597fbc85d0a75d139587b6be9a08147ba42d,"{""distance"":7,""physical_error_rate"":0.002}","{""detection_events"":98956,""detectors_checked"":13271040,""obs_mistake_mask=E"":3}"
     65024,         1,         0,   120.4,exact_mw,d2cc2b129abad1f985b8639603638d6030a837aa2fe57172dffdf28919c1c286,"{""distance"":7,""physical_error_rate"":0.001}","{""detection_events"":197534,""detectors_checked"":52669440,""obs_mistake_mask=E"":1}"
      5536,         5,         0,   120.6,exact_mw,a39d26a9c85ff1858873bfad720922f64799219ac1b945519c1902b92db90de0,"{""distance"":7,""physical_error_rate"":0.005}","{""detection_events"":82215,""detectors_checked"":4484160,""obs_mistake_mask=E"":5}"
   2890752,         4,         0,   119.6,exact_mw,26ede523e6354ffb917e832246591ea54a1b9969785b9947b95e2ebb539e2476,"{""distance"":7,""physical_error_rate"":0.0002}","{""detection_events"":1761220,""detectors_checked"":2341509120,""obs_mistake_mask=E"":4}"
    390144,         2,         0,   119.7,exact_mw,26ede523e6354ffb917e832246591ea54a1b9969785b9947b95e2ebb539e2476,"{""distance"":7,""physical_error_rate"":0.0002}","{""detection_events"":237612,""detectors_checked"":316016640,""obs_mistake_mask=E"":2}"
      2168,         1,         0,   120.6,exact_mw,98ed6542f5a75ebddbda0ed622fb597fbc85d0a75d139587b6be9a08147ba42d,"{""distance"":7,""physical_error_rate"":0.002}","{""detection_events"":12993,""detectors_checked"":1756080,""obs_mistake_mask=E"":1}"
    346112,         3,         0,   120.2,exact_mw,8c54babb212143042928b0eca3852c18ac799bf66eb488a668303745c8494fc5,"{""distance"":7,""physical_error_rate"":0.0005}","{""detection_events"":525947,""detectors_checked"":280350720,""obs_mistake_mask=E"":3}"
     16512,         1,         0,   120.6,exact_mw,98ed6542f5a75ebddbda0ed622fb597fbc85d0a75d139587b6be9a08147ba42d,"{""distance"":7,""physical_error_rate"":0.002}","{""detection_events"":99796,""detectors_checked"":13374720,""obs_mistake_mask=E"":1}"
    334848,         1,         0,   120.1,exact_mw,8c54babb212143042928b0eca3852c18ac799bf66eb488a668303745c8494fc5,"{""distance"":7,""physical_error_rate"":0.0005}","{""detection_events"":509500,""detectors_checked"":271226880,""obs_mistake_mask=E"":1}"
     65024,         3,         0,   120.1,exact_mw,d2cc2b129abad1f985b8639603638d6030a837aa2fe57172dffdf28919c1c286,"{""distance"":7,""physical_error_rate"":0.001}","{""detection_events"":197683,""detectors_checked"":52669440,""obs_mistake_mask=E"":3}"
     64768,         2,         0,   121.2,exact_mw,d2cc2b129abad1f985b8639603638d6030a837aa2fe57172dffdf28919c1c286,"{""distance"":7,""physical_error_rate"":0.001}","{""detection_events"":196111,""detectors_checked"":52462080,""obs_mistake_mask=E"":2}"
   3176448,         5,         0,   119.6,exact_mw,26ede523e6354ffb917e832246591ea54a1b9969785b9947b95e2ebb539e2476,"{""distance"":7,""physical_error_rate"":0.0002}","{""detection_events"":1935674,""detectors_checked"":2572922880,""obs_mistake_mask=E"":5}"
    490496,         1,         0,   119.9,exact_mw,26ede523e6354ffb917e832246591ea54a1b9969785b9947b95e2ebb539e2476,"{""distance"":7,""physical_error_rate"":0.0002}","{""detection_events"":297886,""detectors_checked"":397301760,""obs_mistake_mask=E"":1}"
     15936,         2,         0,   120.1,exact_mw,98ed6542f5a75ebddbda0ed622fb597fbc85d0a75d139587b6be9a08147ba42d,"{""distance"":7,""physical_error_rate"":0.002}","{""detection_events"":96134,""detectors_checked"":12908160,""obs_mistake_mask=E"":2}"
    335872,         1,         0,   120.0,exact_mw,8c54babb212143042928b0eca3852c18ac799bf66eb488a668303745c8494fc5,"{""distance"":7,""physical_error_rate"":0.0005}","{""detection_events"":513551,""detectors_checked"":272056320,""obs_mistake_mask=E"":1}"
    366592,         1,         0,   120.2,exact_mw,8c54babb212143042928b0eca3852c18ac799bf66eb488a668303745c8494fc5,"{""distance"":7,""physical_error_rate"":0.0005}","{""detection_events"":558730,""detectors_checked"":296939520,""obs_mistake_mask=E"":1}"
    626688,         0,         0,   119.8,exact_mw,26ede523e6354ffb917e832246591ea54a1b9969785b9947b95e2ebb539e2476,"{""distance"":7,""physical_error_rate"":0.0002}","{""detection_events"":381021,""detectors_checked"":507617280}"
      1158,         1,         0,   120.1,exact_mw,a39d26a9c85ff1858873bfad720922f64799219ac1b945519c1902b92db90de0,"{""distance"":7,""physical_error_rate"":0.005}","{""detection_events"":16845,""detectors_checked"":937980,""obs_mistake_mask=E"":1}"
     40032,         2,         0,   120.3,exact_mw,d2cc2b129abad1f985b8639603638d6030a837aa2fe57172dffdf28919c1c286,"{""distance"":7,""physical_error_rate"":0.001}","{""detection_events"":122942,""detectors_checked"":32425920,""obs_mistake_mask=E"":2}"
      3620,         2,         0,   120.0,exact_mw,98ed6542f5a75ebddbda0ed622fb597fbc85d0a75d139587b6be9a08147ba42d,"{""distance"":7,""physical_error_rate"":0.002}","{""detection_events"":21557,""detectors_checked"":2932200,""obs_mistake_mask=E"":2}"
      5088,         3,         0,   120.3,exact_mw,a39d26a9c85ff1858873bfad720922f64799219ac1b945519c1902b92db90de0,"{""distance"":7,""physical_error_rate"":0.005}","{""detection_events"":76716,""detectors_checked"":4121280,""obs_mistake_mask=E"":3}"
    671744,         1,         0,   119.7,exact_mw,26ede523e6354ffb917e832246591ea54a1b9969785b9947b95e2ebb539e2476,"{""distance"":7,""physical_error_rate"":0.0002}","{""detection_events"":409711,""detectors_checked"":544112640,""obs_mistake_mask=E"":1}"
   2812928,         7,         0,   119.6,exact_mw,26ede523e6354ffb917e832246591ea54a1b9969785b9947b95e2ebb539e2476,"{""distance"":7,""physical_error_rate"":0.0002}","{""detection_events"":1716244,""detectors_checked"":2278471680,""obs_mistake_mask=E"":7}"
     16672,         5,         0,   120.8,exact_mw,d2cc2b129abad1f985b8639603638d6030a837aa2fe57172dffdf28919c1c286,"{""distance"":7,""physical_error_rate"":0.001}","{""detection_events"":50281,""detectors_checked"":13504320,""obs_mistake_mask=E"":5}"
      5120,         2,         0,   120.3,exact_mw,a39d26a9c85ff1858873bfad720922f64799219ac1b945519c1902b92db90de0,"{""distance"":7,""physical_error_rate"":0.005}","{""detection_events"":77021,""detectors_checked"":4147200,""obs_mistake_mask=E"":2}"
      5920,         4,         0,   120.2,exact_mw,a39d26a9c85ff1858873bfad720922f64799219ac1b945519c1902b92db90de0,"{""distance"":7,""physical_error_rate"":0.005}","{""detection_events"":88658,""detectors_checked"":4795200,""obs_mistake_mask=E"":4}"
     55424,         1,         0,   120.5,exact_mw,8c54babb212143042928b0eca3852c18ac799bf66eb488a668303745c8494fc5,"{""distance"":7,""physical_error_rate"":0.0005}","{""detection_events"":84336,""detectors_checked"":44893440,""obs_mistake_mask=E"":1}"
   2850816,         1,         0,   119.6,exact_mw,26ede523e6354ffb917e832246591ea54a1b9969785b9947b95e2ebb539e2476,"{""distance"":7,""physical_error_rate"":0.0002}","{""detection_events"":1737068,""detectors_checked"":2309160960,""obs_mistake_mask=E"":1}"
     65280,         4,         0,   120.6,exact_mw,d2cc2b129abad1f985b8639603638d6030a837aa2fe57172dffdf28919c1c286,"{""distance"":7,""physical_error_rate"":0.001}","{""detection_events"":198566,""detectors_checked"":52876800,""obs_mistake_mask=E"":4}"
     53120,         0,         0,   120.7,exact_mw,8c54babb212143042928b0eca3852c18ac799bf66eb488a668303745c8494fc5,"{""distance"":7,""physical_error_rate"":0.0005}","{""detection_events"":80850,""detectors_checked"":43027200}"
    323584,         3,         0,   120.0,exact_mw,8c54babb212143042928b0eca3852c18ac799bf66eb488a668303745c8494fc5,"{""distance"":7,""physical_error_rate"":0.0005}","{""detection_events"":492220,""detectors_checked"":262103040,""obs_mistake_mask=E"":3}"
     16448,         6,         0,   120.6,exact_mw,98ed6542f5a75ebddbda0ed622fb597fbc85d0a75d139587b6be9a08147ba42d,"{""distance"":7,""physical_error_rate"":0.002}","{""detection_events"":98670,""detectors_checked"":13322880,""obs_mistake_mask=E"":6}"
    323584,         1,         0,   120.0,exact_mw,8c54babb212143042928b0eca3852c18ac799bf66eb488a668303745c8494fc5,"{""distance"":7,""physical_error_rate"":0.0005}","{""detection_events"":491846,""detectors_checked"":262103040,""obs_mistake_mask=E"":1}"
      4728,         0,         0,   120.2,exact_mw,98ed6542f5a75ebddbda0ed622fb597fbc85d0a75d139587b6be9a08147ba42d,"{""distance"":7,""physical_error_rate"":0.002}","{""detection_events"":28234,""detectors_checked"":3829680}"
     64512,         0,         0,   120.3,exact_mw,d2cc2b129abad1f985b8639603638d6030a837aa2fe57172dffdf28919c1c286,"{""distance"":7,""physical_error_rate"":0.001}","{""detection_events"":195811,""detectors_checked"":52254720}"
     14976,         3,         0,   120.1,exact_mw,98ed6542f5a75ebddbda0ed622fb597fbc85d0a75d139587b6be9a08147ba42d,"{""distance"":7,""physical_error_rate"":0.002}","{""detection_events"":91366,""detectors_checked"":12130560,""obs_mistake_mask=E"":3}"
     15552,         2,         0,   120.6,exact_mw,98ed6542f5a75ebddbda0ed622fb597fbc85d0a75d139587b6be9a08147ba42d,"{""distance"":7,""physical_error_rate"":0.002}","{""detection_events"":94186,""detectors_checked"":12597120,""obs_mistake_mask=E"":2}"
   2849792,         3,         0,   119.5,exact_mw,26ede523e6354ffb917e832246591ea54a1b9969785b9947b95e2ebb539e2476,"{""distance"":7,""physical_error_rate"":0.0002}","{""detection_events"":1735851,""detectors_checked"":2308331520,""obs_mistake_mask=E"":3}"
       878,         1,         0,   120.2,exact_mw,a39d26a9c85ff1858873bfad720922f64799219ac1b945519c1902b92db90de0,"{""distance"":7,""physical_error_rate"":0.005}","{""detection_events"":13222,""detectors_checked"":711180,""obs_mistake_mask=E"":1}"
      5408,         3,         0,   120.1,exact_mw,a39d26a9c85ff1858873bfad720922f64799219ac1b945519c1902b92db90de0,"{""distance"":7,""physical_error_rate"":0.005}","{""detection_events"":80261,""detectors_checked"":4380480,""obs_mistake_mask=E"":3}"
   2285568,         3,         0,   119.6,exact_mw,26ede523e6354ffb917e832246591ea54a1b9969785b9947b95e2ebb539e2476,"{""distance"":7,""physical_error_rate"":0.0002}","{""detection_events"":1391760,""detectors_checked"":1851310080,""obs_mistake_mask=E"":3}"
     11512,         0,         0,   120.1,exact_mw,98ed6542f5a75ebddbda0ed622fb597fbc85d0a75d139587b6be9a08147ba42d,"{""distance"":7,""physical_error_rate"":0.002}","{""detection_events"":69549,""detectors_checked"":9324720}"
     62976,         2,         0,   120.2,exact_mw,d2cc2b129abad1f985b8639603638d6030a837aa2fe57172dffdf28919c1c286,"{""distance"":7,""physical_error_rate"":0.001}","{""detection_events"":190974,""detectors_checked"":51010560,""obs_mistake_mask=E"":2}"
     16256,         4,         0,   120.5,exact_mw,98ed6542f5a75ebddbda0ed622fb597fbc85d0a75d139587b6be9a08147ba42d,"{""distance"":7,""physical_error_rate"":0.002}","{""detection_events"":98226,""detectors_checked"":13167360,""obs_mistake_mask=E"":4}"
     59904,         2,         0,   120.3,exact_mw,d2cc2b129abad1f985b8639603638d6030a837aa2fe57172dffdf28919c1c286,"{""distance"":7,""physical_error_rate"":0.001}","{""detection_events"":182158,""detectors_checked"":48522240,""obs_mistake_mask=E"":2}"
      1814,         0,         0,   120.2,exact_mw,a39d26a9c85ff1858873bfad720922f64799219ac1b945519c1902b92db90de0,"{""distance"":7,""physical_error_rate"":0.005}","{""detection_events"":27088,""detectors_checked"":1469340}"
    344064,         3,         0,   120.6,exact_mw,8c54babb212143042928b0eca3852c18ac799bf66eb488a668303745c8494fc5,"{""distance"":7,""physical_error_rate"":0.0005}","{""detection_events"":521257,""detectors_checked"":278691840,""obs_mistake_mask=E"":3}"
    232448,         0,         0,   120.1,exact_mw,8c54babb212143042928b0eca3852c18ac799bf66eb488a668303745c8494fc5,"{""distance"":7,""physical_error_rate"":0.0005}","{""detection_events"":355465,""detectors_checked"":188282880}"
     13664,         2,         0,   120.1,exact_mw,d2cc2b129abad1f985b8639603638d6030a837aa2fe57172dffdf28919c1c286,"{""distance"":7,""physical_error_rate"":0.001}","{""detection_events"":41318,""detectors_checked"":11067840,""obs_mistake_mask=E"":2}"
      5440,         1,         0,   120.4,exact_mw,a39d26a9c85ff1858873bfad720922f64799219ac1b945519c1902b92db90de0,"{""distance"":7,""physical_error_rate"":0.005}","{""detection_events"":80573,""detectors_checked"":4406400,""obs_mistake_mask=E"":1}"
      4784,         3,         0,   120.5,exact_mw,a39d26a9c85ff1858873bfad720922f64799219ac1b945519c1902b92db90de0,"{""distance"":7,""physical_error_rate"":0.005}","{""detection_events"":71074,""detectors_checked"":3875040,""obs_mistake_mask=E"":3}"
     37792,         3,         0,   120.9,exact_mw,d2cc2b129abad1f985b8639603638d6030a837aa2fe57172dffdf28919c1c286,"{""distance"":7,""physical_error_rate"":0.001}","{""detection_events"":114837,""detectors_checked"":30611520,""obs_mistake_mask=E"":3}"
     15040,         3,         0,   120.4,exact_mw,98ed6542f5a75ebddbda0ed622fb597fbc85d0a75d139587b6be9a08147ba42d,"{""distance"":7,""physical_error_rate"":0.002}","{""detection_events"":91150,""detectors_checked"":12182400,""obs_mistake_mask=E"":3}"
   2832384,         3,         0,   119.6,exact_mw,26ede523e6354ffb917e832246591ea54a1b9969785b9947b95e2ebb539e2476,"{""distance"":7,""physical_error_rate"":0.0002}","{""detection_events"":1720475,""detectors_checked"":2294231040,""obs_mistake_mask=E"":3}"
   2540544,         2,         0,   119.5,exact_mw,26ede523e6354ffb917e832246591ea54a1b9969785b9947b95e2ebb539e2476,"{""distance"":7,""physical_error_rate"":0.0002}","{""detection_events"":1549810,""detectors_checked"":2057840640,""obs_mistake_mask=E"":2}"
   2778112,         3,         0,   119.7,exact_mw,26ede523e6354ffb917e832246591ea54a1b9969785b9947b95e2ebb539e2476,"{""distance"":7,""physical_error_rate"":0.0002}","{""detection_events"":1691584,""detectors_checked"":2250270720,""obs_mistake_mask=E"":3}"
      5344,         3,         0,   120.3,exact_mw,a39d26a9c85ff1858873bfad720922f64799219ac1b945519c1902b92db90de0,"{""distance"":7,""physical_error_rate"":0.005}","{""detection_events"":80076,""detectors_checked"":4328640,""obs_mistake_mask=E"":3}"
    336896,         5,         0,   120.2,exact_mw,8c54babb212143042928b0eca3852c18ac799bf66eb488a668303745c8494fc5,"{""distance"":7,""physical_error_rate"":0.0005}","{""detection_events"":512993,""detectors_checked"":272885760,""obs_mistake_mask=E"":5}"
    342016,         2,         0,   120.3,exact_mw,8c54babb212143042928b0eca3852c18ac799bf66eb488a668303745c8494fc5,"{""distance"":7,""physical_error_rate"":0.0005}","{""detection_events"":519036,""detectors_checked"":277032960,""obs_mistake_mask=E"":2}"
      5792,         5,         0,   120.4,exact_mw,a39d26a9c85ff1858873bfad720922f64799219ac1b945519c1902b92db90de0,"{""distance"":7,""physical_error_rate"":0.005}","{""detection_events"":85735,""detectors_checked"":4691520,""obs_mistake_mask=E"":5}"
     63232,         6,         0,   120.8,exact_mw,d2cc2b129abad1f985b8639603638d6030a837aa2fe57172dffdf28919c1c286,"{""distance"":7,""physical_error_rate"":0.001}","{""detection_events"":193031,""detectors_checked"":51217920,""obs_mistake_mask=E"":6}"
     15424,         2,         0,   120.1,exact_mw,98ed6542f5a75ebddbda0ed622fb597fbc85d0a75d139587b6be9a08147ba42d,"{""distance"":7,""physical_error_rate"":0.002}","{""detection_events"":94644,""detectors_checked"":12493440,""obs_mistake_mask=E"":2}"
     41248,         2,         0,   120.3,exact_mw,d2cc2b129abad1f985b8639603638d6030a837aa2fe57172dffdf28919c1c286,"{""distance"":7,""physical_error_rate"":0.001}","{""detection_events"":125391,""detectors_checked"":33410880,""obs_mistake_mask=E"":2}"
    337920,         4,         0,   120.2,exact_mw,8c54babb212143042928b0eca3852c18ac799bf66eb488a668303745c8494fc5,"{""distance"":7,""physical_error_rate"":0.0005}","{""detection_events"":512261,""detectors_checked"":273715200,""obs_mistake_mask=E"":4}"
     12928,         1,         0,   120.0,exact_mw,98ed6542f5a75ebddbda0ed622fb597fbc85d0a75d139587b6be9a08147ba42d,"{""distance"":7,""physical_error_rate"":0.002}","{""detection_events"":78371,""detectors_checked"":10471680,""obs_mistake_mask=E"":1}"
     60928,         3,         0,   120.3,exact_mw,d2cc2b129abad1f985b8639603638d6030a837aa2fe57172dffdf28919c1c286,"{""distance"":7,""physical_error_rate"":0.001}","{""detection_events"":185199,""detectors_checked"":49351680,""obs_mistake_mask=E"":3}"
      5376,         5,         0,   120.1,exact_mw,a39d26a9c85ff1858873bfad720922f64799219ac1b945519c1902b92db90de0,"{""distance"":7,""physical_error_rate"":0.005}","{""detection_events"":79435,""detectors_checked"":4354560,""obs_mistake_mask=E"":5}"
   2789376,         3,         0,   119.6,exact_mw,26ede523e6354ffb917e832246591ea54a1b9969785b9947b95e2ebb539e2476,"{""distance"":7,""physical_error_rate"":0.0002}","{""detection_events"":1697965,""detectors_checked"":2259394560,""obs_mistake_mask=E"":3}"
   1567744,         3,         0,   119.5,exact_mw,26ede523e6354ffb917e832246591ea54a1b9969785b9947b95e2ebb539e2476,"{""distance"":7,""physical_error_rate"":0.0002}","{""detection_events"":955851,""detectors_checked"":1269872640,""obs_mistake_mask=E"":3}"
      3496,         0,         0,   120.9,exact_mw,98ed6542f5a75ebddbda0ed622fb597fbc85d0a75d139587b6be9a08147ba42d,"{""distance"":7,""physical_error_rate"":0.002}","{""detection_events"":20895,""detectors_checked"":2831760}"
    320512,         6,         0,   120.1,exact_mw,8c54babb212143042928b0eca3852c18ac799bf66eb488a668303745c8494fc5,"{""distance"":7,""physical_error_rate"":0.0005}","{""detection_events"":486759,""detectors_checked"":259614720,""obs_mistake_mask=E"":6}"
     13696,         3,         0,   120.4,exact_mw,98ed6542f5a75ebddbda0ed622fb597fbc85d0a75d139587b6be9a08147ba42d,"{""distance"":7,""physical_error_rate"":0.002}","{""detection_events"":83938,""detectors_checked"":11093760,""obs_mistake_mask=E"":3}"
    237312,         2,         0,   120.4,exact_mw,8c54babb212143042928b0eca3852c18ac799bf66eb488a668303745c8494fc5,"{""distance"":7,""physical_error_rate"":0.0005}","{""detection_events"":361784,""detectors_checked"":192222720,""obs_mistake_mask=E"":2}"
     58880,         2,         0,   120.0,exact_mw,d2cc2b129abad1f985b8639603638d6030a837aa2fe57172dffdf28919c1c286,"{""distance"":7,""physical_error_rate"":0.001}","{""detection_events"":178829,""detectors_checked"":47692800,""obs_mistake_mask=E"":2}"
     57344,         2,         0,   120.8,exact_mw,d2cc2b129abad1f985b8639603638d6030a837aa2fe57172dffdf28919c1c286,"{""distance"":7,""physical_error_rate"":0.001}","{""detection_events"":175362,""detectors_checked"":46448640,""obs_mistake_mask=E"":2}"
   2787328,         2,         0,   119.6,exact_mw,26ede523e6354ffb917e832246591ea54a1b9969785b9947b95e2ebb539e2476,"{""distance"":7,""physical_error_rate"":0.0002}","{""detection_events"":1697663,""detectors_checked"":2257735680,""obs_mistake_mask=E"":2}"
   1092608,         2,         0,   119.5,exact_mw,26ede523e6354ffb917e832246591ea54a1b9969785b9947b95e2ebb539e2476,"{""distance"":7,""physical_error_rate"":0.0002}","{""detection_events"":665285,""detectors_checked"":885012480,""obs_mistake_mask=E"":2}"
     14144,         2,         0,   120.3,exact_mw,98ed6542f5a75ebddbda0ed622fb597fbc85d0a75d139587b6be9a08147ba42d,"{""distance"":7,""physical_error_rate"":0.002}","{""detection_events"":86187,""detectors_checked"":11456640,""obs_mistake_mask=E"":2}"
    301056,         6,         0,   120.2,exact_mw,8c54babb212143042928b0eca3852c18ac799bf66eb488a668303745c8494fc5,"{""distance"":7,""physical_error_rate"":0.0005}","{""detection_events"":458095,""detectors_checked"":243855360,""obs_mistake_mask=E"":6}"
    330752,         4,         0,   120.3,exact_mw,8c54babb212143042928b0eca3852c18ac799bf66eb488a668303745c8494fc5,"{""distance"":7,""physical_error_rate"":0.0005}","{""detection_events"":502439,""detectors_checked"":267909120,""obs_mistake_mask=E"":4}"
   2488320,         4,         0,   119.6,exact_mw,26ede523e6354ffb917e832246591ea54a1b9969785b9947b95e2ebb539e2476,"{""distance"":7,""physical_error_rate"":0.0002}","{""detection_events"":1517037,""detectors_checked"":2015539200,""obs_mistake_mask=E"":4}"
      1780,         1,         0,   121.0,exact_mw,a39d26a9c85ff1858873bfad720922f64799219ac1b945519c1902b92db90de0,"{""distance"":7,""physical_error_rate"":0.005}","{""detection_events"":26369,""detectors_checked"":1441800,""obs_mistake_mask=E"":1}"
     13856,         0,         0,   120.1,exact_mw,d2cc2b129abad1f985b8639603638d6030a837aa2fe57172dffdf28919c1c286,"{""distance"":7,""physical_error_rate"":0.001}","{""detection_events"":41952,""detectors_checked"":11223360}"
      5824,         1,         0,   120.4,exact_mw,98ed6542f5a75ebddbda0ed622fb597fbc85d0a75d139587b6be9a08147ba42d,"{""distance"":7,""physical_error_rate"":0.002}","{""detection_events"":35146,""detectors_checked"":4717440,""obs_mistake_mask=E"":1}"
   2404352,         3,         0,   119.5,exact_mw,26ede523e6354ffb917e832246591ea54a1b9969785b9947b95e2ebb539e2476,"{""distance"":7,""physical_error_rate"":0.0002}","{""detection_events"":1462987,""detectors_checked"":1947525120,""obs_mistake_mask=E"":3}"
      4672,         6,         0,   120.7,exact_mw,a39d26a9c85ff1858873bfad720922f64799219ac1b945519c1902b92db90de0,"{""distance"":7,""physical_error_rate"":0.005}","{""detection_events"":69792,""detectors_checked"":3784320,""obs_mistake_mask=E"":6}"
   2752512,         2,         0,   119.7,exact_mw,26ede523e6354ffb917e832246591ea54a1b9969785b9947b95e2ebb539e2476,"{""distance"":7,""physical_error_rate"":0.0002}","{""detection_events"":1677108,""detectors_checked"":2229534720,""obs_mistake_mask=E"":2}"
     55808,         3,         0,   120.2,exact_mw,d2cc2b129abad1f985b8639603638d6030a837aa2fe57172dffdf28919c1c286,"{""distance"":7,""physical_error_rate"":0.001}","{""detection_events"":169484,""detectors_checked"":45204480,""obs_mistake_mask=E"":3}"
      3580,         5,         0,   120.9,exact_mw,a39d26a9c85ff1858873bfad720922f64799219ac1b945519c1902b92db90de0,"{""distance"":7,""physical_error_rate"":0.005}","{""detection_events"":53462,""detectors_checked"":2899800,""obs_mistake_mask=E"":5}"
      5216,         5,         0,   120.4,exact_mw,a39d26a9c85ff1858873bfad720922f64799219ac1b945519c1902b92db90de0,"{""distance"":7,""physical_error_rate"":0.005}","{""detection_events"":77016,""detectors_checked"":4224960,""obs_mistake_mask=E"":5}"
   2809856,         9,         0,   119.6,exact_mw,26ede523e6354ffb917e832246591ea54a1b9969785b9947b95e2ebb539e2476,"{""distance"":7,""physical_error_rate"":0.0002}","{""detection_events"":1714955,""detectors_checked"":2275983360,""obs_mistake_mask=E"":9}"
    150272,         0,         0,   120.2,exact_mw,8c54babb212143042928b0eca3852c18ac799bf66eb488a668303745c8494fc5,"{""distance"":7,""physical_error_rate"":0.0005}","{""detection_events"":230207,""detectors_checked"":121720320}"
     56832,         1,         0,   120.3,exact_mw,d2cc2b129abad1f985b8639603638d6030a837aa2fe57172dffdf28919c1c286,"{""distance"":7,""physical_error_rate"":0.001}","{""detection_events"":171370,""detectors_checked"":46033920,""obs_mistake_mask=E"":1}"
    291840,         1,         0,   120.1,exact_mw,8c54babb212143042928b0eca3852c18ac799bf66eb488a668303745c8494fc5,"{""distance"":7,""physical_error_rate"":0.0005}","{""detection_events"":445391,""detectors_checked"":236390400,""obs_mistake_mask=E"":1}"
     12928,         0,         0,   120.2,exact_mw,98ed6542f5a75ebddbda0ed622fb597fbc85d0a75d139587b6be9a08147ba42d,"{""distance"":7,""physical_error_rate"":0.002}","{""detection_events"":78576,""detectors_checked"":10471680}"
    243712,         1,         0,   120.7,exact_mw,8c54babb212143042928b0eca3852c18ac799bf66eb488a668303745c8494fc5,"{""distance"":7,""physical_error_rate"":0.0005}","{""detection_events"":370506,""detectors_checked"":197406720,""obs_mistake_mask=E"":1}"
    327680,         2,         0,   120.2,exact_mw,8c54babb212143042928b0eca3852c18ac799bf66eb488a668303745c8494fc5,"{""distance"":7,""physical_error_rate"":0.0005}","{""detection_events"":499360,""detectors_checked"":265420800,""obs_mistake_mask=E"":2}"
      4400,         0,         0,   120.0,exact_mw,98ed6542f5a75ebddbda0ed622fb597fbc85d0a75d139587b6be9a08147ba42d,"{""distance"":7,""physical_error_rate"":0.002}","{""detection_events"":26574,""detectors_checked"":3564000}"
     55040,         0,         0,   120.8,exact_mw,d2cc2b129abad1f985b8639603638d6030a837aa2fe57172dffdf28919c1c286,"{""distance"":7,""physical_error_rate"":0.001}","{""detection_events"":167034,""detectors_checked"":44582400}"
      8600,         2,         0,   120.4,exact_mw,98ed6542f5a75ebddbda0ed622fb597fbc85d0a75d139587b6be9a08147ba42d,"{""distance"":7,""physical_error_rate"":0.002}","{""detection_events"":51911,""detectors_checked"":6966000,""obs_mistake_mask=E"":2}"
     15488,         2,         0,   120.4,exact_mw,98ed6542f5a75ebddbda0ed622fb597fbc85d0a75d139587b6be9a08147ba42d,"{""distance"":7,""physical_error_rate"":0.002}","{""detection_events"":93593,""detectors_checked"":12545280,""obs_mistake_mask=E"":2}"
   2763776,         6,         0,   119.6,exact_mw,26ede523e6354ffb917e832246591ea54a1b9969785b9947b95e2ebb539e2476,"{""distance"":7,""physical_error_rate"":0.0002}","{""detection_events"":1681327,""detectors_checked"":2238658560,""obs_mistake_mask=E"":6}"
      4056,         2,         0,   120.5,exact_mw,a39d26a9c85ff1858873bfad720922f64799219ac1b945519c1902b92db90de0,"{""distance"":7,""physical_error_rate"":0.005}","{""detection_events"":61130,""detectors_checked"":3285360,""obs_mistake_mask=E"":2}"
      5408,         6,         0,   120.6,exact_mw,a39d26a9c85ff1858873bfad720922f64799219ac1b945519c1902b92db90de0,"{""distance"":7,""physical_error_rate"":0.005}","{""detection_events"":80342,""detectors_checked"":4380480,""obs_mistake_mask=E"":6}"
   1553408,         2,         0,   119.7,exact_mw,26ede523e6354ffb917e832246591ea54a1b9969785b9947b95e2ebb539e2476,"{""distance"":7,""physical_error_rate"":0.0002}","{""detection_events"":949874,""detectors_checked"":1258260480,""obs_mistake_mask=E"":2}"
      7248,         1,         0,   120.1,exact_mw,98ed6542f5a75ebddbda0ed622fb597fbc85d0a75d139587b6be9a08147ba42d,"{""distance"":7,""physical_error_rate"":0.002}","{""detection_events"":43983,""detectors_checked"":5870880,""obs_mistake_mask=E"":1}"
     15424,         2,         0,   120.1,exact_mw,98ed6542f5a75ebddbda0ed622fb597fbc85d0a75d139587b6be9a08147ba42d,"{""distance"":7,""physical_error_rate"":0.002}","{""detection_events"":93032,""detectors_checked"":12493440,""obs_mistake_mask=E"":2}"
     64256,         1,         0,   120.7,exact_mw,d2cc2b129abad1f985b8639603638d6030a837aa2fe57172dffdf28919c1c286,"{""distance"":7,""physical_error_rate"":0.001}","{""detection_events"":194774,""detectors_checked"":52047360,""obs_mistake_mask=E"":1}"
     35520,         2,         0,   120.2,exact_mw,d2cc2b129abad1f985b8639603638d6030a837aa2fe57172dffdf28919c1c286,"{""distance"":7,""physical_error_rate"":0.001}","{""detection_events"":108347,""detectors_checked"":28771200,""obs_mistake_mask=E"":2}"
      4752,         2,         0,   120.6,exact_mw,a39d26a9c85ff1858873bfad720922f64799219ac1b945519c1902b92db90de0,"{""distance"":7,""physical_error_rate"":0.005}","{""detection_events"":70755,""detectors_checked"":3849120,""obs_mistake_mask=E"":2}"
    331776,         5,         0,   120.1,exact_mw,8c54babb212143042928b0eca3852c18ac799bf66eb488a668303745c8494fc5,"{""distance"":7,""physical_error_rate"":0.0005}","{""detection_events"":505793,""detectors_checked"":268738560,""obs_mistake_mask=E"":5}"
    303104,         5,         0,   120.4,exact_mw,8c54babb212143042928b0eca3852c18ac799bf66eb488a668303745c8494fc5,"{""distance"":7,""physical_error_rate"":0.0005}","{""detection_events"":462425,""detectors_checked"":245514240,""obs_mistake_mask=E"":5}"
     34592,         3,         0,   120.2,exact_mw,d2cc2b129abad1f985b8639603638d6030a837aa2fe57172dffdf28919c1c286,"{""distance"":7,""physical_error_rate"":0.001}","{""detection_events"":104042,""detectors_checked"":28019520,""obs_mistake_mask=E"":3}"
      5312,         2,         0,   120.5,exact_mw,a39d26a9c85ff1858873bfad720922f64799219ac1b945519c1902b92db90de0,"{""distance"":7,""physical_error_rate"":0.005}","{""detection_events"":79485,""detectors_checked"":4302720,""obs_mistake_mask=E"":2}"
      5408,         4,         0,   120.3,exact_mw,a39d26a9c85ff1858873bfad720922f64799219ac1b945519c1902b92db90de0,"{""distance"":7,""physical_error_rate"":0.005}","{""detection_events"":80574,""detectors_checked"":4380480,""obs_mistake_mask=E"":4}"
     45504,         0,         0,   120.3,exact_mw,d2cc2b129abad1f985b8639603638d6030a837aa2fe57172dffdf28919c1c286,"{""distance"":7,""physical_error_rate"":0.001}","{""detection_events"":137112,""detectors_checked"":36858240}"
     14592,         1,         0,   120.5,exact_mw,98ed6542f5a75ebddbda0ed622fb597fbc85d0a75d139587b6be9a08147ba42d,"{""distance"":7,""physical_error_rate"":0.002}","{""detection_events"":88419,""detectors_checked"":11819520,""obs_mistake_mask=E"":1}"
   2487296,         3,         0,   119.5,exact_mw,26ede523e6354ffb917e832246591ea54a1b9969785b9947b95e2ebb539e2476,"{""distance"":7,""physical_error_rate"":0.0002}","{""detection_events"":1517909,""detectors_checked"":2014709760,""obs_mistake_mask=E"":3}"
   2803712,         7,         0,   119.6,exact_mw,26ede523e6354ffb917e832246591ea54a1b9969785b9947b95e2ebb539e2476,"{""distance"":7,""physical_error_rate"":0.0002}","{""detection_events"":1706753,""detectors_checked"":2271006720,""obs_mistake_mask=E"":7}"
   2804736,         2,         0,   119.7,exact_mw,26ede523e6354ffb917e832246591ea54a1b9969785b9947b95e2ebb539e2476,"{""distance"":7,""physical_error_rate"":0.0002}","{""detection_events"":1708699,""detectors_checked"":2271836160,""obs_mistake_mask=E"":2}"
      4256,         1,         0,   120.0,exact_mw,a39d26a9c85ff1858873bfad720922f64799219ac1b945519c1902b92db90de0,"{""distance"":7,""physical_error_rate"":0.005}","{""detection_events"":63496,""detectors_checked"":3447360,""obs_mistake_mask=E"":1}"
    340992,         4,         0,   120.3,exact_mw,8c54babb212143042928b0eca3852c18ac799bf66eb488a668303745c8494fc5,"{""distance"":7,""physical_error_rate"":0.0005}","{""detection_events"":520525,""detectors_checked"":276203520,""obs_mistake_mask=E"":4}"
     77824,         1,         0,   121.2,exact_mw,8c54babb212143042928b0eca3852c18ac799bf66eb488a668303745c8494fc5,"{""distance"":7,""physical_error_rate"":0.0005}","{""detection_events"":118504,""detectors_checked"":63037440,""obs_mistake_mask=E"":1}"
      4128,         4,         0,   120.0,exact_mw,a39d26a9c85ff1858873bfad720922f64799219ac1b945519c1902b92db90de0,"{""distance"":7,""physical_error_rate"":0.005}","{""detection_events"":61906,""detectors_checked"":3343680,""obs_mistake_mask=E"":4}"
     62464,         2,         0,   120.4,exact_mw,d2cc2b129abad1f985b8639603638d6030a837aa2fe57172dffdf28919c1c286,"{""distance"":7,""physical_error_rate"":0.001}","{""detection_events"":189394,""detectors_checked"":50595840,""obs_mistake_mask=E"":2}"
     16192,         1,         0,   120.8,exact_mw,98ed6542f5a75ebddbda0ed622fb597fbc85d0a75d139587b6be9a08147ba42d,"{""distance"":7,""physical_error_rate"":0.002}","{""detection_events"":98328,""detectors_checked"":13115520,""obs_mistake_mask=E"":1}"
    311296,         2,         0,   120.2,exact_mw,8c54babb212143042928b0eca3852c18ac799bf66eb488a668303745c8494fc5,"{""distance"":7,""physical_error_rate"":0.0005}","{""detection_events"":472719,""detectors_checked"":252149760,""obs_mistake_mask=E"":2}"
     61696,         1,         0,   121.0,exact_mw,d2cc2b129abad1f985b8639603638d6030a837aa2fe57172dffdf28919c1c286,"{""distance"":7,""physical_error_rate"":0.001}","{""detection_events"":186804,""detectors_checked"":49973760,""obs_mistake_mask=E"":1}"
     15936,         0,         0,   120.7,exact_mw,98ed6542f5a75ebddbda0ed622fb597fbc85d0a75d139587b6be9a08147ba42d,"{""distance"":7,""physical_error_rate"":0.002}","{""detection_events"":97199,""detectors_checked"":12908160}"
     61952,         1,         0,   120.1,exact_mw,d2cc2b129abad1f985b8639603638d6030a837aa2fe57172dffdf28919c1c286,"{""distance"":7,""physical_error_rate"":0.001}","{""detection_events"":187575,""detectors_checked"":50181120,""obs_mistake_mask=E"":1}"
      4896,         3,         0,   120.6,exact_mw,a39d26a9c85ff1858873bfad720922f64799219ac1b945519c1902b92db90de0,"{""distance"":7,""physical_error_rate"":0.005}","{""detection_events"":73176,""detectors_checked"":3965760,""obs_mistake_mask=E"":3}"
   2679808,         9,         0,   119.5,exact_mw,26ede523e6354ffb917e832246591ea54a1b9969785b9947b95e2ebb539e2476,"{""distance"":7,""physical_error_rate"":0.0002}","{""detection_events"":1632283,""detectors_checked"":2170644480,""obs_mistake_mask=E"":9}"
   2864128,         5,         0,   119.7,exact_mw,26ede523e6354ffb917e832246591ea54a1b9969785b9947b95e2ebb539e2476,"{""distance"":7,""physical_error_rate"":0.0002}","{""detection_events"":1742778,""detectors_checked"":2319943680,""obs_mistake_mask=E"":5}"
      2544,         1,         0,   120.2,exact_mw,98ed6542f5a75ebddbda0ed622fb597fbc85d0a75d139587b6be9a08147ba42d,"{""distance"":7,""physical_error_rate"":0.002}","{""detection_events"":15839,""detectors_checked"":2060640,""obs_mistake_mask=E"":1}"
    336896,         0,         0,   120.1,exact_mw,8c54babb212143042928b0eca3852c18ac799bf66eb488a668303745c8494fc5,"{""distance"":7,""physical_error_rate"":0.0005}","{""detection_events"":513235,""detectors_checked"":272885760}"
     15744,         0,         0,   120.3,exact_mw,98ed6542f5a75ebddbda0ed622fb597fbc85d0a75d139587b6be9a08147ba42d,"{""distance"":7,""physical_error_rate"":0.002}","{""detection_events"":95713,""detectors_checked"":12752640}"
    216576,         1,         0,   120.5,exact_mw,8c54babb212143042928b0eca3852c18ac799bf66eb488a668303745c8494fc5,"{""distance"":7,""physical_error_rate"":0.0005}","{""detection_events"":330161,""detectors_checked"":175426560,""obs_mistake_mask=E"":1}"
     58112,         1,         0,   120.6,exact_mw,d2cc2b129abad1f985b8639603638d6030a837aa2fe57172dffdf28919c1c286,"{""distance"":7,""physical_error_rate"":0.001}","{""detection_events"":176518,""detectors_checked"":47070720,""obs_mistake_mask=E"":1}"
     62464,         3,         0,   120.5,exact_mw,d2cc2b129abad1f985b8639603638d6030a837aa2fe57172dffdf28919c1c286,"{""distance"":7,""physical_error_rate"":0.001}","{""detection_events"":189422,""detectors_checked"":50595840,""obs_mistake_mask=E"":3}"
   2841600,         2,         0,   119.6,exact_mw,26ede523e6354ffb917e832246591ea54a1b9969785b9947b95e2ebb539e2476,"{""distance"":7,""physical_error_rate"":0.0002}","{""detection_events"":1731658,""detectors_checked"":2301696000,""obs_mistake_mask=E"":2}"
   2783232,         2,         0,   119.6,exact_mw,26ede523e6354ffb917e832246591ea54a1b9969785b9947b95e2ebb539e2476,"{""distance"":7,""physical_error_rate"":0.0002}","{""detection_events"":1694148,""detectors_checked"":2254417920,""obs_mistake_mask=E"":2}"
      7416,         2,         0,   120.5,exact_mw,98ed6542f5a75ebddbda0ed622fb597fbc85d0a75d139587b6be9a08147ba42d,"{""distance"":7,""physical_error_rate"":0.002}","{""detection_events"":44434,""detectors_checked"":6006960,""obs_mistake_mask=E"":2}"
    332800,         4,         0,   120.2,exact_mw,8c54babb212143042928b0eca3852c18ac799bf66eb488a668303745c8494fc5,"{""distance"":7,""physical_error_rate"":0.0005}","{""detection_events"":507598,""detectors_checked"":269568000,""obs_mistake_mask=E"":4}"
    337920,         2,         0,   120.1,exact_mw,8c54babb212143042928b0eca3852c18ac799bf66eb488a668303745c8494fc5,"{""distance"":7,""physical_error_rate"":0.0005}","{""detection_events"":514603,""detectors_checked"":273715200,""obs_mistake_mask=E"":2}"
   2782208,         5,         0,   119.5,exact_mw,26ede523e6354ffb917e832246591ea54a1b9969785b9947b95e2ebb539e2476,"{""distance"":7,""physical_error_rate"":0.0002}","{""detection_events"":1696787,""detectors_checked"":2253588480,""obs_mistake_mask=E"":5}"
       818,         0,         0,   119.8,exact_mw,a39d26a9c85ff1858873bfad720922f64799219ac1b945519c1902b92db90de0,"{""distance"":7,""physical_error_rate"":0.005}","{""detection_events"":11892,""detectors_checked"":662580}"
      9120,         2,         0,   120.1,exact_mw,d2cc2b129abad1f985b8639603638d6030a837aa2fe57172dffdf28919c1c286,"{""distance"":7,""physical_error_rate"":0.001}","{""detection_events"":28060,""detectors_checked"":7387200,""obs_mistake_mask=E"":2}"
      2360,         1,         0,   120.2,exact_mw,98ed6542f5a75ebddbda0ed622fb597fbc85d0a75d139587b6be9a08147ba42d,"{""distance"":7,""physical_error_rate"":0.002}","{""detection_events"":14262,""detectors_checked"":1911600,""obs_mistake_mask=E"":1}"
   2785280,         2,         0,   119.5,exact_mw,26ede523e6354ffb917e832246591ea54a1b9969785b9947b95e2ebb539e2476,"{""distance"":7,""physical_error_rate"":0.0002}","{""detection_events"":1698759,""detectors_checked"":2256076800,""obs_mistake_mask=E"":2}"
      4832,         4,         0,   120.5,exact_mw,a39d26a9c85ff1858873bfad720922f64799219ac1b945519c1902b92db90de0,"{""distance"":7,""physical_error_rate"":0.005}","{""detection_events"":72764,""detectors_checked"":3913920,""obs_mistake_mask=E"":4}"
      2528,         3,         0,    52.1,exact_mw,a39d26a9c85ff1858873bfad720922f64799219ac1b945519c1902b92db90de0,"{""distance"":7,""physical_error_rate"":0.005}","{""detection_events"":37779,""detectors_checked"":2047680,""obs_mistake_mask=E"":3}"
      3904,         1,         0,    83.9,exact_mw,a39d26a9c85ff1858873bfad720922f64799219ac1b945519c1902b92db90de0,"{""distance"":7,""physical_error_rate"":0.005}","{""detection_events"":57692,""detectors_checked"":3162240,""obs_mistake_mask=E"":1}"
      4320,         3,         0,    99.8,exact_mw,a39d26a9c85ff1858873bfad720922f64799219ac1b945519c1902b92db90de0,"{""distance"":7,""physical_error_rate"":0.005}","{""detection_events"":64456,""detectors_checked"":3499200,""obs_mistake_mask=E"":3}"
      5280,         3,         0,   116.3,exact_mw,a39d26a9c85ff1858873bfad720922f64799219ac1b945519c1902b92db90de0,"{""distance"":7,""physical_error_rate"":0.005}","{""detection_events"":78960,""detectors_checked"":4276800,""obs_mistake_mask=E"":3}"
      2048,         3,         0,    43.0,exact_mw,a39d26a9c85ff1858873bfad720922f64799219ac1b945519c1902b92db90de0,"{""distance"":7,""physical_error_rate"":0.005}","{""detection_events"":30312,""detectors_checked"":1658880,""obs_mistake_mask=E"":3}"
      2560,         1,         0,    58.0,exact_mw,a39d26a9c85ff1858873bfad720922f64799219ac1b945519c1902b92db90de0,"{""distance"":7,""physical_error_rate"":0.005}","{""detection_events"":38185,""detectors_checked"":2073600,""obs_mistake_mask=E"":1}"
        32,         0,         0,   0.559,exact_mw,a39d26a9c85ff1858873bfad720922f64799219ac1b945519c1902b92db90de0,"{""distance"":7,""physical_error_rate"":0.005}","{""detection_events"":496,""detectors_checked"":25920}"
       940,         0,         0,   116.7,exact_mw,a39d26a9c85ff1858873bfad720922f64799219ac1b945519c1902b92db90de0,"{""distance"":7,""physical_error_rate"":0.005}","{""detection_events"":14028,""detectors_checked"":761400}"
      4576,         7,         0,    99.6,exact_mw,a39d26a9c85ff1858873bfad720922f64799219ac1b945519c1902b92db90de0,"{""distance"":7,""physical_error_rate"":0.005}","{""detection_events"":67908,""detectors_checked"":3706560,""obs_mistake_mask=E"":7}"
      3488,         1,         0,    76.8,exact_mw,a39d26a9c85ff1858873bfad720922f64799219ac1b945519c1902b92db90de0,"{""distance"":7,""physical_error_rate"":0.005}","{""detection_events"":52286,""detectors_checked"":2825280,""obs_mistake_mask=E"":1}"
      4032,         6,         0,    95.2,exact_mw,a39d26a9c85ff1858873bfad720922f64799219ac1b945519c1902b92db90de0,"{""distance"":7,""physical_error_rate"":0.005}","{""detection_events"":60188,""detectors_checked"":3265920,""obs_mistake_mask=E"":6}"
        24,         0,         0,    4.81,exact_mw,a39d26a9c85ff1858873bfad720922f64799219ac1b945519c1902b92db90de0,"{""distance"":7,""physical_error_rate"":0.005}","{""detection_events"":424,""detectors_checked"":19440}"
   2860032,         3,         0,   119.5,exact_mw,26ede523e6354ffb917e832246591ea54a1b9969785b9947b95e2ebb539e2476,"{""distance"":7,""physical_error_rate"":0.0002}","{""detection_events"":1744731,""detectors_checked"":2316625920,""obs_mistake_mask=E"":3}"
     49024,         4,         0,   120.2,exact_mw,d2cc2b129abad1f985b8639603638d6030a837aa2fe57172dffdf28919c1c286,"{""distance"":7,""physical_error_rate"":0.001}","{""detection_events"":148765,""detectors_checked"":39709440,""obs_mistake_mask=E"":4}"
   2900992,         8,         0,   119.7,exact_mw,26ede523e6354ffb917e832246591ea54a1b9969785b9947b95e2ebb539e2476,"{""distance"":7,""physical_error_rate"":0.0002}","{""detection_events"":1771194,""detectors_checked"":2349803520,""obs_mistake_mask=E"":8}"
    135680,         0,         0,   120.0,exact_mw,8c54babb212143042928b0eca3852c18ac799bf66eb488a668303745c8494fc5,"{""distance"":7,""physical_error_rate"":0.0005}","{""detection_events"":206559,""detectors_checked"":109900800}"
     63232,         0,         0,   120.7,exact_mw,d2cc2b129abad1f985b8639603638d6030a837aa2fe57172dffdf28919c1c286,"{""distance"":7,""physical_error_rate"":0.001}","{""detection_events"":193028,""detectors_checked"":51217920}"
    350208,         3,         0,   120.2,exact_mw,8c54babb212143042928b0eca3852c18ac799bf66eb488a668303745c8494fc5,"{""distance"":7,""physical_error_rate"":0.0005}","{""detection_events"":533455,""detectors_checked"":283668480,""obs_mistake_mask=E"":3}"
     15360,         3,         0,   120.5,exact_mw,98ed6542f5a75ebddbda0ed622fb597fbc85d0a75d139587b6be9a08147ba42d,"{""distance"":7,""physical_error_rate"":0.002}","{""detection_events"":92253,""detectors_checked"":12441600,""obs_mistake_mask=E"":3}"
    265216,         3,         0,   120.2,exact_mw,8c54babb212143042928b0eca3852c18ac799bf66eb488a668303745c8494fc5,"{""distance"":7,""physical_error_rate"":0.0005}","{""detection_events"":403180,""detectors_checked"":214824960,""obs_mistake_mask=E"":3}"
    337920,         0,         0,   120.0,exact_mw,8c54babb212143042928b0eca3852c18ac799bf66eb488a668303745c8494fc5,"{""distance"":7,""physical_error_rate"":0.0005}","{""detection_events"":514707,""detectors_checked"":273715200}"
      2344,         0,         0,   120.2,exact_mw,98ed6542f5a75ebddbda0ed622fb597fbc85d0a75d139587b6be9a08147ba42d,"{""distance"":7,""physical_error_rate"":0.002}","{""detection_events"":14099,""detectors_checked"":1898640}"
     62464,         1,         0,   121.1,exact_mw,d2cc2b129abad1f985b8639603638d6030a837aa2fe57172dffdf28919c1c286,"{""distance"":7,""physical_error_rate"":0.001}","{""detection_events"":190783,""detectors_checked"":50595840,""obs_mistake_mask=E"":1}"
      3440,         1,         0,   119.8,exact_mw,98ed6542f5a75ebddbda0ed622fb597fbc85d0a75d139587b6be9a08147ba42d,"{""distance"":7,""physical_error_rate"":0.002}","{""detection_events"":21240,""detectors_checked"":2786400,""obs_mistake_mask=E"":1}"
    751616,         1,         0,   119.5,exact_mw,26ede523e6354ffb917e832246591ea54a1b9969785b9947b95e2ebb539e2476,"{""distance"":7,""physical_error_rate"":0.0002}","{""detection_events"":458343,""detectors_checked"":608808960,""obs_mistake_mask=E"":1}"
     16512,         3,         0,   121.2,exact_mw,98ed6542f5a75ebddbda0ed622fb597fbc85d0a75d139587b6be9a08147ba42d,"{""distance"":7,""physical_error_rate"":0.002}","{""detection_events"":99869,""detectors_checked"":13374720,""obs_mistake_mask=E"":3}"
   2627584,         4,         0,   119.5,exact_mw,26ede523e6354ffb917e832246591ea54a1b9969785b9947b95e2ebb539e2476,"{""distance"":7,""physical_error_rate"":0.0002}","{""detection_events"":1598242,""detectors_checked"":2128343040,""obs_mistake_mask=E"":4}"
      2488,         0,         0,   120.3,exact_mw,98ed6542f5a75ebddbda0ed622fb597fbc85d0a75d139587b6be9a08147ba42d,"{""distance"":7,""physical_error_rate"":0.002}","{""detection_events"":15206,""detectors_checked"":2015280}"
     16192,         1,         0,   120.5,exact_mw,98ed6542f5a75ebddbda0ed622fb597fbc85d0a75d139587b6be9a08147ba42d,"{""distance"":7,""physical_error_rate"":0.002}","{""detection_events"":97592,""detectors_checked"":13115520,""obs_mistake_mask=E"":1}"
     61184,         2,         0,   120.9,exact_mw,d2cc2b129abad1f985b8639603638d6030a837aa2fe57172dffdf28919c1c286,"{""distance"":7,""physical_error_rate"":0.001}","{""detection_events"":185363,""detectors_checked"":49559040,""obs_mistake_mask=E"":2}"
      9568,         0,         0,   120.4,exact_mw,d2cc2b129abad1f985b8639603638d6030a837aa2fe57172dffdf28919c1c286,"{""distance"":7,""physical_error_rate"":0.001}","{""detection_events"":29005,""detectors_checked"":7750080}"
    350208,         3,         0,   120.1,exact_mw,8c54babb212143042928b0eca3852c18ac799bf66eb488a668303745c8494fc5,"{""distance"":7,""physical_error_rate"":0.0005}","{""detection_events"":531933,""detectors_checked"":283668480,""obs_mistake_mask=E"":3}"
         1,         0,         0,   0.001,exact_mw,8c54babb212143042928b0eca3852c18ac799bf66eb488a668303745c8494fc5,"{""distance"":7,""physical_error_rate"":0.0005}","{""detection_events"":2,""detectors_checked"":810}"
       272,         0,         0,   0.088,exact_mw,8c54babb212143042928b0eca3852c18ac799bf66eb488a668303745c8494fc5,"{""distance"":7,""physical_error_rate"":0.0005}","{""detection_events"":380,""detectors_checked"":220320}"
        17,         0,         0,   0.165,exact_mw,98ed6542f5a75ebddbda0ed622fb597fbc85d0a75d139587b6be9a08147ba42d,"{""distance"":7,""physical_error_rate"":0.002}","{""detection_events"":127,""detectors_checked"":13770}"
        32,         0,         0,   0.235,exact_mw,98ed6542f5a75ebddbda0ed622fb597fbc85d0a75d139587b6be9a08147ba42d,"{""distance"":7,""physical_error_rate"":0.002}","{""detection_events"":199,""detectors_checked"":25920}"
      1024,         0,         0,   0.375,exact_mw,8c54babb212143042928b0eca3852c18ac799bf66eb488a668303745c8494fc5,"{""distance"":7,""physical_error_rate"":0.0005}","{""detection_events"":1596,""detectors_checked"":829440}"
        17,         0,         0,   0.241,exact_mw,98ed6542f5a75ebddbda0ed622fb597fbc85d0a75d139587b6be9a08147ba42d,"{""distance"":7,""physical_error_rate"":0.002}","{""detection_events"":112,""detectors_checked"":13770}"
      1024,         0,         0,   0.526,exact_mw,8c54babb212143042928b0eca3852c18ac799bf66eb488a668303745c8494fc5,"{""distance"":7,""physical_error_rate"":0.0005}","{""detection_events"":1509,""detectors_checked"":829440}"
        64,         0,         0,   0.673,exact_mw,98ed6542f5a75ebddbda0ed622fb597fbc85d0a75d139587b6be9a08147ba42d,"{""distance"":7,""physical_error_rate"":0.002}","{""detection_events"":419,""detectors_checked"":51840}"
        32,         0,         0,   0.374,exact_mw,98ed6542f5a75ebddbda0ed622fb597fbc85d0a75d139587b6be9a08147ba42d,"{""distance"":7,""physical_error_rate"":0.002}","{""detection_events"":196,""detectors_checked"":25920}"
        32,         0,         0,   0.218,exact_mw,98ed6542f5a75ebddbda0ed622fb597fbc85d0a75d139587b6be9a08147ba42d,"{""distance"":7,""physical_error_rate"":0.002}","{""detection_events"":203,""detectors_checked"":25920}"
    328704,         0,         0,   120.2,exact_mw,8c54babb212143042928b0eca3852c18ac799bf66eb488a668303745c8494fc5,"{""distance"":7,""physical_error_rate"":0.0005}","{""detection_events"":501147,""detectors_checked"":266250240}"
      1024,         0,         0,   0.416,exact_mw,8c54babb212143042928b0eca3852c18ac799bf66eb488a668303745c8494fc5,"{""distance"":7,""physical_error_rate"":0.0005}","{""detection_events"":1483,""detectors_checked"":829440}"
        64,         0,         0,   0.540,exact_mw,98ed6542f5a75ebddbda0ed622fb597fbc85d0a75d139587b6be9a08147ba42d,"{""distance"":7,""physical_error_rate"":0.002}","{""detection_events"":410,""detectors_checked"":51840}"
      1024,         0,         0,   0.320,exact_mw,8c54babb212143042928b0eca3852c18ac799bf66eb488a668303745c8494fc5,"{""distance"":7,""physical_error_rate"":0.0005}","{""detection_events"":1632,""detectors_checked"":829440}"
        64,         0,         0,   0.452,exact_mw,98ed6542f5a75ebddbda0ed622fb597fbc85d0a75d139587b6be9a08147ba42d,"{""distance"":7,""physical_error_rate"":0.002}","{""detection_events"":396,""detectors_checked"":51840}"
      1024,         0,         0,   0.264,exact_mw,8c54babb212143042928b0eca3852c18ac799bf66eb488a668303745c8494fc5,"{""distance"":7,""physical_error_rate"":0.0005}","{""detection_events"":1496,""detectors_checked"":829440}"
        64,         0,         0,   0.547,exact_mw,98ed6542f5a75ebddbda0ed622fb597fbc85d0a75d139587b6be9a08147ba42d,"{""distance"":7,""physical_error_rate"":0.002}","{""detection_events"":397,""detectors_checked"":51840}"
      1024,         0,         0,   0.349,exact_mw,8c54babb212143042928b0eca3852c18ac799bf66eb488a668303745c8494fc5,"{""distance"":7,""physical_error_rate"":0.0005}","{""detection_events"":1518,""detectors_checked"":829440}"
        64,         0,         0,   0.700,exact_mw,98ed6542f5a75ebddbda0ed622fb597fbc85d0a75d139587b6be9a08147ba42d,"{""distance"":7,""physical_error_rate"":0.002}","{""detection_events"":408,""detectors_checked"":51840}"
        64,         0,         0,   0.428,exact_mw,98ed6542f5a75ebddbda0ed622fb597fbc85d0a75d139587b6be9a08147ba42d,"{""distance"":7,""physical_error_rate"":0.002}","{""detection_events"":370,""detectors_checked"":51840}"
      1024,         0,         0,   0.345,exact_mw,8c54babb212143042928b0eca3852c18ac799bf66eb488a668303745c8494fc5,"{""distance"":7,""physical_error_rate"":0.0005}","{""detection_events"":1594,""detectors_checked"":829440}"
        64,         0,         0,   0.379,exact_mw,98ed6542f5a75ebddbda0ed622fb597fbc85d0a75d139587b6be9a08147ba42d,"{""distance"":7,""physical_error_rate"":0.002}","{""detection_events"":364,""detectors_checked"":51840}"
        64,         1,         0,   0.501,exact_mw,98ed6542f5a75ebddbda0ed622fb597fbc85d0a75d139587b6be9a08147ba42d,"{""distance"":7,""physical_error_rate"":0.002}","{""detection_events"":386,""detectors_checked"":51840,""obs_mistake_mask=E"":1}"
      1024,         0,         0,   0.339,exact_mw,8c54babb212143042928b0eca3852c18ac799bf66eb488a668303745c8494fc5,"{""distance"":7,""physical_error_rate"":0.0005}","{""detection_events"":1608,""detectors_checked"":829440}"
         1,         0,         0,   0.001,exact_mw,26ede523e6354ffb917e832246591ea54a1b9969785b9947b95e2ebb539e2476,"{""distance"":7,""physical_error_rate"":0.0002}","{""detectors_checked"":810}"
       272,         0,         0,   0.010,exact_mw,26ede523e6354ffb917e832246591ea54a1b9969785b9947b95e2ebb539e2476,"{""distance"":7,""physical_error_rate"":0.0002}","{""detection_events"":175,""detectors_checked"":220320}"
        64,         0,         0,   0.466,exact_mw,98ed6542f5a75ebddbda0ed622fb597fbc85d0a75d139587b6be9a08147ba42d,"{""distance"":7,""physical_error_rate"":0.002}","{""detection_events"":421,""detectors_checked"":51840}"
      1024,         0,         0,   0.082,exact_mw,26ede523e6354ffb917e832246591ea54a1b9969785b9947b95e2ebb539e2476,"{""distance"":7,""physical_error_rate"":0.0002}","{""detection_events"":591,""detectors_checked"":829440}"
      1024,         0,         0,   0.030,exact_mw,26ede523e6354ffb917e832246591ea54a1b9969785b9947b95e2ebb539e2476,"{""distance"":7,""physical_error_rate"":0.0002}","{""detection_events"":664,""detectors_checked"":829440}"
      1024,         0,         0,   0.051,exact_mw,26ede523e6354ffb917e832246591ea54a1b9969785b9947b95e2ebb539e2476,"{""distance"":7,""physical_error_rate"":0.0002}","{""detection_events"":647,""detectors_checked"":829440}"
      1024,         0,         0,   0.386,exact_mw,8c54babb212143042928b0eca3852c18ac799bf66eb488a668303745c8494fc5,"{""distance"":7,""physical_error_rate"":0.0005}","{""detection_events"":1471,""detectors_checked"":829440}"
        64,         0,         0,   0.421,exact_mw,98ed6542f5a75ebddbda0ed622fb597fbc85d0a75d139587b6be9a08147ba42d,"{""distance"":7,""physical_error_rate"":0.002}","{""detection_events"":332,""detectors_checked"":51840}"
      1024,         0,         0,   0.055,exact_mw,26ede523e6354ffb917e832246591ea54a1b9969785b9947b95e2ebb539e2476,"{""distance"":7,""physical_error_rate"":0.0002}","{""detection_events"":665,""detectors_checked"":829440}"
     10208,         0,         0,   120.1,exact_mw,d2cc2b129abad1f985b8639603638d6030a837aa2fe57172dffdf28919c1c286,"{""distance"":7,""physical_error_rate"":0.001}","{""detection_events"":30562,""detectors_checked"":8268480}"
         1,         0,         0,   0.001,exact_mw,8c54babb212143042928b0eca3852c18ac799bf66eb488a668303745c8494fc5,"{""distance"":7,""physical_error_rate"":0.0005}","{""detectors_checked"":810}"
        17,         0,         0,   0.018,exact_mw,d2cc2b129abad1f985b8639603638d6030a837aa2fe57172dffdf28919c1c286,"{""distance"":7,""physical_error_rate"":0.001}","{""detection_events"":31,""detectors_checked"":13770}"
      2048,         0,         0,   0.091,exact_mw,26ede523e6354ffb917e832246591ea54a1b9969785b9947b95e2ebb539e2476,"{""distance"":7,""physical_error_rate"":0.0002}","{""detection_events"":1242,""detectors_checked"":1658880}"
       272,         0,         0,   0.052,exact_mw,8c54babb212143042928b0eca3852c18ac799bf66eb488a668303745c8494fc5,"{""distance"":7,""physical_error_rate"":0.0005}","{""detection_events"":354,""detectors_checked"":220320}"
      3072,         0,         0,   0.119,exact_mw,26ede523e6354ffb917e832246591ea54a1b9969785b9947b95e2ebb539e2476,"{""distance"":7,""physical_error_rate"":0.0002}","{""detection_events"":1959,""detectors_checked"":2488320}"
      3072,         0,         0,   0.143,exact_mw,26ede523e6354ffb917e832246591ea54a1b9969785b9947b95e2ebb539e2476,"{""distance"":7,""physical_error_rate"":0.0002}","{""detection_events"":1871,""detectors_checked"":2488320}"
        64,         0,         0,   0.601,exact_mw,98ed6542f5a75ebddbda0ed622fb597fbc85d0a75d139587b6be9a08147ba42d,"{""distance"":7,""physical_error_rate"":0.002}","{""detection_events"":398,""detectors_checked"":51840}"
      1024,         0,         0,   0.338,exact_mw,8c54babb212143042928b0eca3852c18ac799bf66eb488a668303745c8494fc5,"{""distance"":7,""physical_error_rate"":0.0005}","{""detection_events"":1508,""detectors_checked"":829440}"
       273,         0,         0,   0.025,exact_mw,26ede523e6354ffb917e832246591ea54a1b9969785b9947b95e2ebb539e2476,"{""distance"":7,""physical_error_rate"":0.0002}","{""detection_events"":163,""detectors_checked"":221130}"
        64,         0,         0,   0.523,exact_mw,98ed6542f5a75ebddbda0ed622fb597fbc85d0a75d139587b6be9a08147ba42d,"{""distance"":7,""physical_error_rate"":0.002}","{""detection_events"":336,""detectors_checked"":51840}"
       256,         0,         0,   0.444,exact_mw,d2cc2b129abad1f985b8639603638d6030a837aa2fe57172dffdf28919c1c286,"{""distance"":7,""physical_error_rate"":0.001}","{""detection_events"":805,""detectors_checked"":207360}"
      1024,         0,         0,   0.084,exact_mw,26ede523e6354ffb917e832246591ea54a1b9969785b9947b95e2ebb539e2476,"{""distance"":7,""physical_error_rate"":0.0002}","{""detection_events"":577,""detectors_checked"":829440}"
      1024,         0,         0,   0.030,exact_mw,26ede523e6354ffb917e832246591ea54a1b9969785b9947b95e2ebb539e2476,"{""distance"":7,""physical_error_rate"":0.0002}","{""detection_events"":577,""detectors_checked"":829440}"
      7168,         0,         0,   0.209,exact_mw,26ede523e6354ffb917e832246591ea54a1b9969785b9947b95e2ebb539e2476,"{""distance"":7,""physical_error_rate"":0.0002}","{""detection_events"":4257,""detectors_checked"":5806080}"
      1024,         0,         0,   0.059,exact_mw,26ede523e6354ffb917e832246591ea54a1b9969785b9947b95e2ebb539e2476,"{""distance"":7,""physical_error_rate"":0.0002}","{""detection_events"":591,""detectors_checked"":829440}"
      1024,         0,         0,   0.057,exact_mw,26ede523e6354ffb917e832246591ea54a1b9969785b9947b95e2ebb539e2476,"{""distance"":7,""physical_error_rate"":0.0002}","{""detection_events"":646,""detectors_checked"":829440}"
      1024,         0,         0,   0.134,exact_mw,26ede523e6354ffb917e832246591ea54a1b9969785b9947b95e2ebb539e2476,"{""distance"":7,""physical_error_rate"":0.0002}","{""detection_events"":663,""detectors_checked"":829440}"
      2048,         0,         0,   0.896,exact_mw,8c54babb212143042928b0eca3852c18ac799bf66eb488a668303745c8494fc5,"{""distance"":7,""physical_error_rate"":0.0005}","{""detection_events"":3302,""detectors_checked"":1658880}"
        64,         0,         0,   0.537,exact_mw,98ed6542f5a75ebddbda0ed622fb597fbc85d0a75d139587b6be9a08147ba42d,"{""distance"":7,""physical_error_rate"":0.002}","{""detection_events"":399,""detectors_checked"":51840}"
      9216,         0,         0,   0.341,exact_mw,26ede523e6354ffb917e832246591ea54a1b9969785b9947b95e2ebb539e2476,"{""distance"":7,""physical_error_rate"":0.0002}","{""detection_events"":5626,""detectors_checked"":7464960}"
      1024,         0,         0,   0.105,exact_mw,26ede523e6354ffb917e832246591ea54a1b9969785b9947b95e2ebb539e2476,"{""distance"":7,""physical_error_rate"":0.0002}","{""detection_events"":660,""detectors_checked"":829440}"
      1024,         0,         0,   0.577,exact_mw,8c54babb212143042928b0eca3852c18ac799bf66eb488a668303745c8494fc5,"{""distance"":7,""physical_error_rate"":0.0005}","{""detection_events"":1568,""detectors_checked"":829440}"
        64,         0,         0,   0.541,exact_mw,98ed6542f5a75ebddbda0ed622fb597fbc85d0a75d139587b6be9a08147ba42d,"{""distance"":7,""physical_error_rate"":0.002}","{""detection_events"":359,""detectors_checked"":51840}"
      2048,         0,         0,   0.110,exact_mw,26ede523e6354ffb917e832246591ea54a1b9969785b9947b95e2ebb539e2476,"{""distance"":7,""physical_error_rate"":0.0002}","{""detection_events"":1259,""detectors_checked"":1658880}"
       256,         0,         0,   0.559,exact_mw,d2cc2b129abad1f985b8639603638d6030a837aa2fe57172dffdf28919c1c286,"{""distance"":7,""physical_error_rate"":0.001}","{""detection_events"":749,""detectors_checked"":207360}"
         1,         0,         0,   0.001,exact_mw,d2cc2b129abad1f985b8639603638d6030a837aa2fe57172dffdf28919c1c286,"{""distance"":7,""physical_error_rate"":0.001}","{""detection_events"":4,""detectors_checked"":810}"
        16,         0,         0,   0.034,exact_mw,d2cc2b129abad1f985b8639603638d6030a837aa2fe57172dffdf28919c1c286,"{""distance"":7,""physical_error_rate"":0.001}","{""detection_events"":57,""detectors_checked"":12960}"
      3072,         0,         0,   0.178,exact_mw,26ede523e6354ffb917e832246591ea54a1b9969785b9947b95e2ebb539e2476,"{""distance"":7,""physical_error_rate"":0.0002}","{""detection_events"":1910,""detectors_checked"":2488320}"
     11264,         0,         0,   0.418,exact_mw,26ede523e6354ffb917e832246591ea54a1b9969785b9947b95e2ebb539e2476,"{""distance"":7,""physical_error_rate"":0.0002}","{""detection_events"":6981,""detectors_checked"":9123840}"
      1024,         0,         0,   0.354,exact_mw,8c54babb212143042928b0eca3852c18ac799bf66eb488a668303745c8494fc5,"{""distance"":7,""physical_error_rate"":0.0005}","{""detection_events"":1525,""detectors_checked"":829440}"
        64,         0,         0,   0.473,exact_mw,98ed6542f5a75ebddbda0ed622fb597fbc85d0a75d139587b6be9a08147ba42d,"{""distance"":7,""physical_error_rate"":0.002}","{""detection_events"":412,""detectors_checked"":51840}"
      4096,         0,         0,   0.255,exact_mw,26ede523e6354ffb917e832246591ea54a1b9969785b9947b95e2ebb539e2476,"{""distance"":7,""physical_error_rate"":0.0002}","{""detection_events"":2580,""detectors_checked"":3317760}"
        64,         0,         0,   0.467,exact_mw,98ed6542f5a75ebddbda0ed622fb597fbc85d0a75d139587b6be9a08147ba42d,"{""distance"":7,""physical_error_rate"":0.002}","{""detection_events"":370,""detectors_checked"":51840}"
      2048,         0,         0,   0.755,exact_mw,8c54babb212143042928b0eca3852c18ac799bf66eb488a668303745c8494fc5,"{""distance"":7,""physical_error_rate"":0.0005}","{""detection_events"":3151,""detectors_checked"":1658880}"
       256,         0,         0,   0.485,exact_mw,d2cc2b129abad1f985b8639603638d6030a837aa2fe57172dffdf28919c1c286,"{""distance"":7,""physical_error_rate"":0.001}","{""detection_events"":818,""detectors_checked"":207360}"
       256,         0,         0,   0.592,exact_mw,d2cc2b129abad1f985b8639603638d6030a837aa2fe57172dffdf28919c1c286,"{""distance"":7,""physical_error_rate"":0.001}","{""detection_events"":859,""detectors_checked"":207360}"
        17,         0,         0,   0.210,exact_mw,98ed6542f5a75ebddbda0ed622fb597fbc85d0a75d139587b6be9a08147ba42d,"{""distance"":7,""physical_error_rate"":0.002}","{""detection_events"":110,""detectors_checked"":13770}"
      1024,         0,         0,   0.334,exact_mw,8c54babb212143042928b0eca3852c18ac799bf66eb488a668303745c8494fc5,"{""distance"":7,""physical_error_rate"":0.0005}","{""detection_events"":1529,""detectors_checked"":829440}"
      6144,         0,         0,   0.304,exact_mw,26ede523e6354ffb917e832246591ea54a1b9969785b9947b95e2ebb539e2476,"{""distance"":7,""physical_error_rate"":0.0002}","{""detection_events"":3683,""detectors_checked"":4976640}"
     19456,         0,         0,   0.575,exact_mw,26ede523e6354ffb917e832246591ea54a1b9969785b9947b95e2ebb539e2476,"{""distance"":7,""physical_error_rate"":0.0002}","{""detection_events"":11439,""detectors_checked"":15759360}"
        32,         0,         0,   0.288,exact_mw,98ed6542f5a75ebddbda0ed622fb597fbc85d0a75d139587b6be9a08147ba42d,"{""distance"":7,""physical_error_rate"":0.002}","{""detection_events"":244,""detectors_checked"":25920}"
       256,         0,         0,   0.388,exact_mw,d2cc2b129abad1f985b8639603638d6030a837aa2fe57172dffdf28919c1c286,"{""distance"":7,""physical_error_rate"":0.001}","{""detection_events"":764,""detectors_checked"":207360}"
       273,         0,         0,   0.164,exact_mw,8c54babb212143042928b0eca3852c18ac799bf66eb488a668303745c8494fc5,"{""distance"":7,""physical_error_rate"":0.0005}","{""detection_events"":378,""detectors_checked"":221130}"
      1024,         0,         0,   0.386,exact_mw,8c54babb212143042928b0eca3852c18ac799bf66eb488a668303745c8494fc5,"{""distance"":7,""physical_error_rate"":0.0005}","{""detection_events"":1523,""detectors_checked"":829440}"
       256,         0,         0,   0.503,exact_mw,d2cc2b129abad1f985b8639603638d6030a837aa2fe57172dffdf28919c1c286,"{""distance"":7,""physical_error_rate"":0.001}","{""detection_events"":774,""detectors_checked"":207360}"
      7168,         0,         0,   0.457,exact_mw,26ede523e6354ffb917e832246591ea54a1b9969785b9947b95e2ebb539e2476,"{""distance"":7,""physical_error_rate"":0.0002}","{""detection_events"":4384,""detectors_checked"":5806080}"
       128,         0,         0,   0.880,exact_mw,98ed6542f5a75ebddbda0ed622fb597fbc85d0a75d139587b6be9a08147ba42d,"{""distance"":7,""physical_error_rate"":0.002}","{""detection_events"":744,""detectors_checked"":103680}"
       512,         0,         0,   0.294,exact_mw,8c54babb212143042928b0eca3852c18ac799bf66eb488a668303745c8494fc5,"{""distance"":7,""physical_error_rate"":0.0005}","{""detection_events"":734,""detectors_checked"":414720}"
      1024,         0,         0,   0.318,exact_mw,8c54babb212143042928b0eca3852c18ac799bf66eb488a668303745c8494fc5,"{""distance"":7,""physical_error_rate"":0.0005}","{""detection_events"":1571,""detectors_checked"":829440}"
        64,         0,         0,   0.474,exact_mw,98ed6542f5a75ebddbda0ed622fb597fbc85d0a75d139587b6be9a08147ba42d,"{""distance"":7,""physical_error_rate"":0.002}","{""detection_events"":406,""detectors_checked"":51840}"
       256,         0,         0,   0.333,exact_mw,d2cc2b129abad1f985b8639603638d6030a837aa2fe57172dffdf28919c1c286,"{""distance"":7,""physical_error_rate"":0.001}","{""detection_events"":722,""detectors_checked"":207360}"
       256,         0,         0,   0.427,exact_mw,d2cc2b129abad1f985b8639603638d6030a837aa2fe57172dffdf28919c1c286,"{""distance"":7,""physical_error_rate"":0.001}","{""detection_events"":731,""detectors_checked"":207360}"
       192,         0,         0,    1.16,exact_mw,98ed6542f5a75ebddbda0ed622fb597fbc85d0a75d139587b6be9a08147ba42d,"{""distance"":7,""physical_error_rate"":0.002}","{""detection_events"":1045,""detectors_checked"":155520}"
      1297,         0,         0,   0.050,exact_mw,26ede523e6354ffb917e832246591ea54a1b9969785b9947b95e2ebb539e2476,"{""distance"":7,""physical_error_rate"":0.0002}","{""detection_events"":791,""detectors_checked"":1050570}"
      1024,         0,         0,   0.263,exact_mw,8c54babb212143042928b0eca3852c18ac799bf66eb488a668303745c8494fc5,"{""distance"":7,""physical_error_rate"":0.0005}","{""detection_events"":1494,""detectors_checked"":829440}"
      3072,         0,         0,    1.12,exact_mw,8c54babb212143042928b0eca3852c18ac799bf66eb488a668303745c8494fc5,"{""distance"":7,""physical_error_rate"":0.0005}","{""detection_events"":4788,""detectors_checked"":2488320}"
      1024,         0,         0,   0.052,exact_mw,26ede523e6354ffb917e832246591ea54a1b9969785b9947b95e2ebb539e2476,"{""distance"":7,""physical_error_rate"":0.0002}","{""detection_events"":593,""detectors_checked"":829440}"
     16384,         0,         0,   0.813,exact_mw,26ede523e6354ffb917e832246591ea54a1b9969785b9947b95e2ebb539e2476,"{""distance"":7,""physical_error_rate"":0.0002}","{""detection_events"":9930,""detectors_checked"":13271040}"
      1024,         0,         0,   0.355,exact_mw,8c54babb212143042928b0eca3852c18ac799bf66eb488a668303745c8494fc5,"{""distance"":7,""physical_error_rate"":0.0005}","{""detection_events"":1504,""detectors_checked"":829440}"
      1024,         0,         0,   0.050,exact_mw,26ede523e6354ffb917e832246591ea54a1b9969785b9947b95e2ebb539e2476,"{""distance"":7,""physical_error_rate"":0.0002}","{""detection_events"":606,""detectors_checked"":829440}"
      1024,         0,         0,   0.030,exact_mw,26ede523e6354ffb917e832246591ea54a1b9969785b9947b95e2ebb539e2476,"{""distance"":7,""physical_error_rate"":0.0002}","{""detection_events"":597,""detectors_checked"":829440}"
     10240,         0,         0,   0.571,exact_mw,26ede523e6354ffb917e832246591ea54a1b9969785b9947b95e2ebb539e2476,"{""distance"":7,""physical_error_rate"":0.0002}","{""detection_events"":6071,""detectors_checked"":8294400}"
       256,         0,         0,   0.392,exact_mw,d2cc2b129abad1f985b8639603638d6030a837aa2fe57172dffdf28919c1c286,"{""distance"":7,""physical_error_rate"":0.001}","{""detection_events"":718,""detectors_checked"":207360}"
      2048,         0,         0,   0.074,exact_mw,26ede523e6354ffb917e832246591ea54a1b9969785b9947b95e2ebb539e2476,"{""distance"":7,""physical_error_rate"":0.0002}","{""detection_events"":1144,""detectors_checked"":1658880}"
       256,         0,         0,   0.444,exact_mw,d2cc2b129abad1f985b8639603638d6030a837aa2fe57172dffdf28919c1c286,"{""distance"":7,""physical_error_rate"":0.001}","{""detection_events"":769,""detectors_checked"":207360}"
      2048,         0,         0,   0.081,exact_mw,26ede523e6354ffb917e832246591ea54a1b9969785b9947b95e2ebb539e2476,"{""distance"":7,""physical_error_rate"":0.0002}","{""detection_events"":1342,""detectors_checked"":1658880}"
        64,         0,         0,   0.665,exact_mw,98ed6542f5a75ebddbda0ed622fb597fbc85d0a75d139587b6be9a08147ba42d,"{""distance"":7,""physical_error_rate"":0.002}","{""detection_events"":406,""detectors_checked"":51840}"
      1024,         0,         0,   0.293,exact_mw,8c54babb212143042928b0eca3852c18ac799bf66eb488a668303745c8494fc5,"{""distance"":7,""physical_error_rate"":0.0005}","{""detection_events"":1527,""detectors_checked"":829440}"
      3072,         1,         0,   0.105,exact_mw,26ede523e6354ffb917e832246591ea54a1b9969785b9947b95e2ebb539e2476,"{""distance"":7,""physical_error_rate"":0.0002}","{""detection_events"":1840,""detectors_checked"":2488320,""obs_mistake_mask=E"":1}"
        64,         0,         0,   0.682,exact_mw,98ed6542f5a75ebddbda0ed622fb597fbc85d0a75d139587b6be9a08147ba42d,"{""distance"":7,""physical_error_rate"":0.002}","{""detection_events"":395,""detectors_checked"":51840}"
      1024,         0,         0,   0.514,exact_mw,8c54babb212143042928b0eca3852c18ac799bf66eb488a668303745c8494fc5,"{""distance"":7,""physical_error_rate"":0.0005}","{""detection_events"":1535,""detectors_checked"":829440}"
      2048,         0,         0,   0.125,exact_mw,26ede523e6354ffb917e832246591ea54a1b9969785b9947b95e2ebb539e2476,"{""distance"":7,""physical_error_rate"":0.0002}","{""detection_events"":1223,""detectors_checked"":1658880}"
       256,         0,         0,   0.396,exact_mw,d2cc2b129abad1f985b8639603638d6030a837aa2fe57172dffdf28919c1c286,"{""distance"":7,""physical_error_rate"":0.001}","{""detection_events"":753,""detectors_checked"":207360}"
      4096,         0,         0,   0.162,exact_mw,26ede523e6354ffb917e832246591ea54a1b9969785b9947b95e2ebb539e2476,"{""distance"":7,""physical_error_rate"":0.0002}","{""detection_events"":2462,""detectors_checked"":3317760}"
      1024,         0,         0,   0.471,exact_mw,8c54babb212143042928b0eca3852c18ac799bf66eb488a668303745c8494fc5,"{""distance"":7,""physical_error_rate"":0.0005}","{""detection_events"":1603,""detectors_checked"":829440}"
      1024,         0,         0,   0.344,exact_mw,8c54babb212143042928b0eca3852c18ac799bf66eb488a668303745c8494fc5,"{""distance"":7,""physical_error_rate"":0.0005}","{""detection_events"":1539,""detectors_checked"":829440}"
       256,         0,         0,   0.680,exact_mw,d2cc2b129abad1f985b8639603638d6030a837aa2fe57172dffdf28919c1c286,"{""distance"":7,""physical_error_rate"":0.001}","{""detection_events"":802,""detectors_checked"":207360}"
       128,         0,         0,    1.02,exact_mw,98ed6542f5a75ebddbda0ed622fb597fbc85d0a75d139587b6be9a08147ba42d,"{""distance"":7,""physical_error_rate"":0.002}","{""detection_events"":773,""detectors_checked"":103680}"
      5120,         0,         0,   0.206,exact_mw,26ede523e6354ffb917e832246591ea54a1b9969785b9947b95e2ebb539e2476,"{""distance"":7,""physical_error_rate"":0.0002}","{""detection_events"":3045,""detectors_checked"":4147200}"
     19456,         0,         0,   0.823,exact_mw,26ede523e6354ffb917e832246591ea54a1b9969785b9947b95e2ebb539e2476,"{""distance"":7,""physical_error_rate"":0.0002}","{""detection_events"":11532,""detectors_checked"":15759360}"
        64,         0,         0,   0.611,exact_mw,98ed6542f5a75ebddbda0ed622fb597fbc85d0a75d139587b6be9a08147ba42d,"{""distance"":7,""physical_error_rate"":0.002}","{""detection_events"":484,""detectors_checked"":51840}"
     21504,         0,         0,    1.09,exact_mw,26ede523e6354ffb917e832246591ea54a1b9969785b9947b95e2ebb539e2476,"{""distance"":7,""physical_error_rate"":0.0002}","{""detection_events"":13176,""detectors_checked"":17418240}"
      8192,         0,         0,   0.276,exact_mw,26ede523e6354ffb917e832246591ea54a1b9969785b9947b95e2ebb539e2476,"{""distance"":7,""physical_error_rate"":0.0002}","{""detection_events"":4875,""detectors_checked"":6635520}"
      1024,         0,         0,   0.349,exact_mw,8c54babb212143042928b0eca3852c18ac799bf66eb488a668303745c8494fc5,"{""distance"":7,""physical_error_rate"":0.0005}","{""detection_events"":1543,""detectors_checked"":829440}"
       256,         0,         0,   0.590,exact_mw,d2cc2b129abad1f985b8639603638d6030a837aa2fe57172dffdf28919c1c286,"{""distance"":7,""physical_error_rate"":0.001}","{""detection_events"":795,""detectors_checked"":207360}"
       128,         0,         0,   0.918,exact_mw,98ed6542f5a75ebddbda0ed622fb597fbc85d0a75d139587b6be9a08147ba42d,"{""distance"":7,""physical_error_rate"":0.002}","{""detection_events"":745,""detectors_checked"":103680}"
       256,         0,         0,   0.552,exact_mw,d2cc2b129abad1f985b8639603638d6030a837aa2fe57172dffdf28919c1c286,"{""distance"":7,""physical_error_rate"":0.001}","{""detection_events"":818,""detectors_checked"":207360}"
      4096,         0,         0,    1.38,exact_mw,8c54babb212143042928b0eca3852c18ac799bf66eb488a668303745c8494fc5,"{""distance"":7,""physical_error_rate"":0.0005}","{""detection_events"":6173,""detectors_checked"":3317760}"
        64,         0,         0,   0.463,exact_mw,98ed6542f5a75ebddbda0ed622fb597fbc85d0a75d139587b6be9a08147ba42d,"{""distance"":7,""physical_error_rate"":0.002}","{""detection_events"":431,""detectors_checked"":51840}"
      2048,         0,         0,   0.711,exact_mw,8c54babb212143042928b0eca3852c18ac799bf66eb488a668303745c8494fc5,"{""distance"":7,""physical_error_rate"":0.0005}","{""detection_events"":3168,""detectors_checked"":1658880}"
     12288,         0,         0,   0.401,exact_mw,26ede523e6354ffb917e832246591ea54a1b9969785b9947b95e2ebb539e2476,"{""distance"":7,""physical_error_rate"":0.0002}","{""detection_events"":7407,""detectors_checked"":9953280}"
      1024,         0,         0,   0.420,exact_mw,8c54babb212143042928b0eca3852c18ac799bf66eb488a668303745c8494fc5,"{""distance"":7,""physical_error_rate"":0.0005}","{""detection_events"":1687,""detectors_checked"":829440}"
      1024,         0,         0,   0.277,exact_mw,8c54babb212143042928b0eca3852c18ac799bf66eb488a668303745c8494fc5,"{""distance"":7,""physical_error_rate"":0.0005}","{""detection_events"":1571,""detectors_checked"":829440}"
       256,         0,         0,   0.689,exact_mw,d2cc2b129abad1f985b8639603638d6030a837aa2fe57172dffdf28919c1c286,"{""distance"":7,""physical_error_rate"":0.001}","{""detection_events"":799,""detectors_checked"":207360}"
       256,         0,         0,   0.586,exact_mw,d2cc2b129abad1f985b8639603638d6030a837aa2fe57172dffdf28919c1c286,"{""distance"":7,""physical_error_rate"":0.001}","{""detection_events"":765,""detectors_checked"":207360}"
       128,         0,         0,    1.17,exact_mw,98ed6542f5a75ebddbda0ed622fb597fbc85d0a75d139587b6be9a08147ba42d,"{""distance"":7,""physical_error_rate"":0.002}","{""detection_events"":761,""detectors_checked"":103680}"
        64,         0,         0,   0.551,exact_mw,98ed6542f5a75ebddbda0ed622fb597fbc85d0a75d139587b6be9a08147ba42d,"{""distance"":7,""physical_error_rate"":0.002}","{""detection_events"":420,""detectors_checked"":51840}"
     26624,         0,         0,    1.14,exact_mw,26ede523e6354ffb917e832246591ea54a1b9969785b9947b95e2ebb539e2476,"{""distance"":7,""physical_error_rate"":0.0002}","{""detection_events"":16548,""detectors_checked"":21565440}"
     13312,         0,         0,   0.602,exact_mw,26ede523e6354ffb917e832246591ea54a1b9969785b9947b95e2ebb539e2476,"{""distance"":7,""physical_error_rate"":0.0002}","{""detection_events"":8174,""detectors_checked"":10782720}"
      1024,         0,         0,   0.300,exact_mw,8c54babb212143042928b0eca3852c18ac799bf66eb488a668303745c8494fc5,"{""distance"":7,""physical_error_rate"":0.0005}","{""detection_events"":1599,""detectors_checked"":829440}"
      2048,         0,         0,   0.723,exact_mw,8c54babb212143042928b0eca3852c18ac799bf66eb488a668303745c8494fc5,"{""distance"":7,""physical_error_rate"":0.0005}","{""detection_events"":3130,""detectors_checked"":1658880}"
       256,         0,         0,   0.465,exact_mw,d2cc2b129abad1f985b8639603638d6030a837aa2fe57172dffdf28919c1c286,"{""distance"":7,""physical_error_rate"":0.001}","{""detection_events"":796,""detectors_checked"":207360}"
       256,         0,         0,   0.425,exact_mw,d2cc2b129abad1f985b8639603638d6030a837aa2fe57172dffdf28919c1c286,"{""distance"":7,""physical_error_rate"":0.001}","{""detection_events"":825,""detectors_checked"":207360}"
        64,         1,         0,   0.413,exact_mw,98ed6542f5a75ebddbda0ed622fb597fbc85d0a75d139587b6be9a08147ba42d,"{""distance"":7,""physical_error_rate"":0.002}","{""detection_events"":347,""detectors_checked"":51840,""obs_mistake_mask=E"":1}"
       192,         0,         0,    1.36,exact_mw,98ed6542f5a75ebddbda0ed622fb597fbc85d0a75d139587b6be9a08147ba42d,"{""distance"":7,""physical_error_rate"":0.002}","{""detection_events"":1143,""detectors_checked"":155520}"
     33792,         0,         0,    1.54,exact_mw,26ede523e6354ffb917e832246591ea54a1b9969785b9947b95e2ebb539e2476,"{""distance"":7,""physical_error_rate"":0.0002}","{""detection_events"":20584,""detectors_checked"":27371520}"
      1024,         0,         0,   0.624,exact_mw,8c54babb212143042928b0eca3852c18ac799bf66eb488a668303745c8494fc5,"{""distance"":7,""physical_error_rate"":0.0005}","{""detection_events"":1649,""detectors_checked"":829440}"
       256,         0,         0,   0.497,exact_mw,d2cc2b129abad1f985b8639603638d6030a837aa2fe57172dffdf28919c1c286,"{""distance"":7,""physical_error_rate"":0.001}","{""detection_events"":792,""detectors_checked"":207360}"
     14336,         0,         0,   0.796,exact_mw,26ede523e6354ffb917e832246591ea54a1b9969785b9947b95e2ebb539e2476,"{""distance"":7,""physical_error_rate"":0.0002}","{""detection_events"":8721,""detectors_checked"":11612160}"
        64,         0,         0,   0.471,exact_mw,98ed6542f5a75ebddbda0ed622fb597fbc85d0a75d139587b6be9a08147ba42d,"{""distance"":7,""physical_error_rate"":0.002}","{""detection_events"":405,""detectors_checked"":51840}"
       256,         0,         0,   0.546,exact_mw,d2cc2b129abad1f985b8639603638d6030a837aa2fe57172dffdf28919c1c286,"{""distance"":7,""physical_error_rate"":0.001}","{""detection_events"":765,""detectors_checked"":207360}"
      5120,         0,         0,    1.75,exact_mw,8c54babb212143042928b0eca3852c18ac799bf66eb488a668303745c8494fc5,"{""distance"":7,""physical_error_rate"":0.0005}","{""detection_events"":7818,""detectors_checked"":4147200}"
       128,         0,         0,    1.16,exact_mw,98ed6542f5a75ebddbda0ed622fb597fbc85d0a75d139587b6be9a08147ba42d,"{""distance"":7,""physical_error_rate"":0.002}","{""detection_events"":779,""detectors_checked"":103680}"
      3072,         0,         0,   0.926,exact_mw,8c54babb212143042928b0eca3852c18ac799bf66eb488a668303745c8494fc5,"{""distance"":7,""physical_error_rate"":0.0005}","{""detection_events"":4757,""detectors_checked"":2488320}"
        64,         0,         0,   0.551,exact_mw,98ed6542f5a75ebddbda0ed622fb597fbc85d0a75d139587b6be9a08147ba42d,"{""distance"":7,""physical_error_rate"":0.002}","{""detection_events"":420,""detectors_checked"":51840}"
      2048,         0,         0,   0.774,exact_mw,8c54babb212143042928b0eca3852c18ac799bf66eb488a668303745c8494fc5,"{""distance"":7,""physical_error_rate"":0.0005}","{""detection_events"":3161,""detectors_checked"":1658880}"
     30720,         0,         0,    1.63,exact_mw,26ede523e6354ffb917e832246591ea54a1b9969785b9947b95e2ebb539e2476,"{""distance"":7,""physical_error_rate"":0.0002}","{""detection_events"":18605,""detectors_checked"":24883200}"
       512,         0,         0,    1.00,exact_mw,d2cc2b129abad1f985b8639603638d6030a837aa2fe57172dffdf28919c1c286,"{""distance"":7,""physical_error_rate"":0.001}","{""detection_events"":1546,""detectors_checked"":414720}"
        64,         0,         0,   0.422,exact_mw,98ed6542f5a75ebddbda0ed622fb597fbc85d0a75d139587b6be9a08147ba42d,"{""distance"":7,""physical_error_rate"":0.002}","{""detection_events"":324,""detectors_checked"":51840}"
       512,         0,         0,    1.06,exact_mw,d2cc2b129abad1f985b8639603638d6030a837aa2fe57172dffdf28919c1c286,"{""distance"":7,""physical_error_rate"":0.001}","{""detection_events"":1433,""detectors_checked"":414720}"
      2048,         0,         0,   0.494,exact_mw,8c54babb212143042928b0eca3852c18ac799bf66eb488a668303745c8494fc5,"{""distance"":7,""physical_error_rate"":0.0005}","{""detection_events"":3086,""detectors_checked"":1658880}"
     23552,         0,         0,    1.13,exact_mw,26ede523e6354ffb917e832246591ea54a1b9969785b9947b95e2ebb539e2476,"{""distance"":7,""physical_error_rate"":0.0002}","{""detection_events"":14181,""detectors_checked"":19077120}"
       128,         0,         0,    1.14,exact_mw,98ed6542f5a75ebddbda0ed622fb597fbc85d0a75d139587b6be9a08147ba42d,"{""distance"":7,""physical_error_rate"":0.002}","{""detection_events"":849,""detectors_checked"":103680}"
       256,         0,         0,    1.74,exact_mw,98ed6542f5a75ebddbda0ed622fb597fbc85d0a75d139587b6be9a08147ba42d,"{""distance"":7,""physical_error_rate"":0.002}","{""detection_events"":1547,""detectors_checked"":207360}"
      3072,         0,         0,    1.25,exact_mw,8c54babb212143042928b0eca3852c18ac799bf66eb488a668303745c8494fc5,"{""distance"":7,""physical_error_rate"":0.0005}","{""detection_events"":4673,""detectors_checked"":2488320}"
        64,         0,         0,   0.590,exact_mw,98ed6542f5a75ebddbda0ed622fb597fbc85d0a75d139587b6be9a08147ba42d,"{""distance"":7,""physical_error_rate"":0.002}","{""detection_events"":356,""detectors_checked"":51840}"
       512,         0,         0,   0.936,exact_mw,d2cc2b129abad1f985b8639603638d6030a837aa2fe57172dffdf28919c1c286,"{""distance"":7,""physical_error_rate"":0.001}","{""detection_events"":1609,""detectors_checked"":414720}"
     50176,         0,         0,    2.21,exact_mw,26ede523e6354ffb917e832246591ea54a1b9969785b9947b95e2ebb539e2476,"{""distance"":7,""physical_error_rate"":0.0002}","{""detection_events"":30283,""detectors_checked"":40642560}"
      2048,         0,         0,   0.861,exact_mw,8c54babb212143042928b0eca3852c18ac799bf66eb488a668303745c8494fc5,"{""distance"":7,""physical_error_rate"":0.0005}","{""detection_events"":3085,""detectors_checked"":1658880}"
       512,         0,         0,    1.03,exact_mw,d2cc2b129abad1f985b8639603638d6030a837aa2fe57172dffdf28919c1c286,"{""distance"":7,""physical_error_rate"":0.001}","{""detection_events"":1537,""detectors_checked"":414720}"
       128,         0,         0,   0.808,exact_mw,98ed6542f5a75ebddbda0ed622fb597fbc85d0a75d139587b6be9a08147ba42d,"{""distance"":7,""physical_error_rate"":0.002}","{""detection_events"":755,""detectors_checked"":103680}"
      6144,         0,         0,    2.24,exact_mw,8c54babb212143042928b0eca3852c18ac799bf66eb488a668303745c8494fc5,"{""distance"":7,""physical_error_rate"":0.0005}","{""detection_events"":9485,""detectors_checked"":4976640}"
     32768,         0,         0,    1.59,exact_mw,26ede523e6354ffb917e832246591ea54a1b9969785b9947b95e2ebb539e2476,"{""distance"":7,""physical_error_rate"":0.0002}","{""detection_events"":19964,""detectors_checked"":26542080}"
     51200,         1,         0,    2.14,exact_mw,26ede523e6354ffb917e832246591ea54a1b9969785b9947b95e2ebb539e2476,"{""distance"":7,""physical_error_rate"":0.0002}","{""detection_events"":30603,""detectors_checked"":41472000,""obs_mistake_mask=E"":1}"
       512,         0,         0,    1.04,exact_mw,d2cc2b129abad1f985b8639603638d6030a837aa2fe57172dffdf28919c1c286,"{""distance"":7,""physical_error_rate"":0.001}","{""detection_events"":1574,""detectors_checked"":414720}"
      3072,         0,         0,    1.04,exact_mw,8c54babb212143042928b0eca3852c18ac799bf66eb488a668303745c8494fc5,"{""distance"":7,""physical_error_rate"":0.0005}","{""detection_events"":4501,""detectors_checked"":2488320}"
       512,         0,         0,    1.14,exact_mw,d2cc2b129abad1f985b8639603638d6030a837aa2fe57172dffdf28919c1c286,"{""distance"":7,""physical_error_rate"":0.001}","{""detection_events"":1585,""detectors_checked"":414720}"
      5120,         0,         0,    1.78,exact_mw,8c54babb212143042928b0eca3852c18ac799bf66eb488a668303745c8494fc5,"{""distance"":7,""physical_error_rate"":0.0005}","{""detection_events"":7707,""detectors_checked"":4147200}"
       128,         0,         0,   0.990,exact_mw,98ed6542f5a75ebddbda0ed622fb597fbc85d0a75d139587b6be9a08147ba42d,"{""distance"":7,""physical_error_rate"":0.002}","{""detection_events"":773,""detectors_checked"":103680}"
       256,         0,         0,    2.05,exact_mw,98ed6542f5a75ebddbda0ed622fb597fbc85d0a75d139587b6be9a08147ba42d,"{""distance"":7,""physical_error_rate"":0.002}","{""detection_events"":1587,""detectors_checked"":207360}"
       256,         0,         0,    2.18,exact_mw,98ed6542f5a75ebddbda0ed622fb597fbc85d0a75d139587b6be9a08147ba42d,"{""distance"":7,""physical_error_rate"":0.002}","{""detection_events"":1591,""detectors_checked"":207360}"
      3072,         0,         0,    1.25,exact_mw,8c54babb212143042928b0eca3852c18ac799bf66eb488a668303745c8494fc5,"{""distance"":7,""physical_error_rate"":0.0005}","{""detection_events"":4562,""detectors_checked"":2488320}"
       768,         0,         0,    1.40,exact_mw,d2cc2b129abad1f985b8639603638d6030a837aa2fe57172dffdf28919c1c286,"{""distance"":7,""physical_error_rate"":0.001}","{""detection_events"":2279,""detectors_checked"":622080}"
     46080,         0,         0,    2.16,exact_mw,26ede523e6354ffb917e832246591ea54a1b9969785b9947b95e2ebb539e2476,"{""distance"":7,""physical_error_rate"":0.0002}","{""detection_events"":28228,""detectors_checked"":37324800}"
       192,         0,         0,    1.60,exact_mw,98ed6542f5a75ebddbda0ed622fb597fbc85d0a75d139587b6be9a08147ba42d,"{""distance"":7,""physical_error_rate"":0.002}","{""detection_events"":1151,""detectors_checked"":155520}"
      1024,         0,         0,    1.75,exact_mw,d2cc2b129abad1f985b8639603638d6030a837aa2fe57172dffdf28919c1c286,"{""distance"":7,""physical_error_rate"":0.001}","{""detection_events"":3108,""detectors_checked"":829440}"
     71680,         0,         0,    3.05,exact_mw,26ede523e6354ffb917e832246591ea54a1b9969785b9947b95e2ebb539e2476,"{""distance"":7,""physical_error_rate"":0.0002}","{""detection_events"":43806,""detectors_checked"":58060800}"
      6144,         0,         0,    2.22,exact_mw,8c54babb212143042928b0eca3852c18ac799bf66eb488a668303745c8494fc5,"{""distance"":7,""physical_error_rate"":0.0005}","{""detection_events"":9186,""detectors_checked"":4976640}"
      9216,         0,         0,    3.44,exact_mw,8c54babb212143042928b0eca3852c18ac799bf66eb488a668303745c8494fc5,"{""distance"":7,""physical_error_rate"":0.0005}","{""detection_events"":13899,""detectors_checked"":7464960}"
     75776,         0,         0,    3.03,exact_mw,26ede523e6354ffb917e832246591ea54a1b9969785b9947b95e2ebb539e2476,"{""distance"":7,""physical_error_rate"":0.0002}","{""detection_events"":46270,""detectors_checked"":61378560}"
      1024,         1,         0,    1.80,exact_mw,d2cc2b129abad1f985b8639603638d6030a837aa2fe57172dffdf28919c1c286,"{""distance"":7,""physical_error_rate"":0.001}","{""detection_events"":3004,""detectors_checked"":829440,""obs_mistake_mask=E"":1}"
      5120,         0,         0,    1.91,exact_mw,8c54babb212143042928b0eca3852c18ac799bf66eb488a668303745c8494fc5,"{""distance"":7,""physical_error_rate"":0.0005}","{""detection_events"":7945,""detectors_checked"":4147200}"
     59648,         2,         0,   120.1,exact_mw,d2cc2b129abad1f985b8639603638d6030a837aa2fe57172dffdf28919c1c286,"{""distance"":7,""physical_error_rate"":0.001}","{""detection_events"":181774,""detectors_checked"":48314880,""obs_mistake_mask=E"":2}"
       384,         0,         0,    2.83,exact_mw,98ed6542f5a75ebddbda0ed622fb597fbc85d0a75d139587b6be9a08147ba42d,"{""distance"":7,""physical_error_rate"":0.002}","{""detection_events"":2385,""detectors_checked"":311040}"
       192,         0,         0,    1.66,exact_mw,98ed6542f5a75ebddbda0ed622fb597fbc85d0a75d139587b6be9a08147ba42d,"{""distance"":7,""physical_error_rate"":0.002}","{""detection_events"":1197,""detectors_checked"":155520}"
       384,         0,         0,    3.09,exact_mw,98ed6542f5a75ebddbda0ed622fb597fbc85d0a75d139587b6be9a08147ba42d,"{""distance"":7,""physical_error_rate"":0.002}","{""detection_events"":2312,""detectors_checked"":311040}"
      1280,         0,         0,    2.21,exact_mw,d2cc2b129abad1f985b8639603638d6030a837aa2fe57172dffdf28919c1c286,"{""distance"":7,""physical_error_rate"":0.001}","{""detection_events"":3974,""detectors_checked"":1036800}"
     15360,         1,         0,   120.2,exact_mw,98ed6542f5a75ebddbda0ed622fb597fbc85d0a75d139587b6be9a08147ba42d,"{""distance"":7,""physical_error_rate"":0.002}","{""detection_events"":93236,""detectors_checked"":12441600,""obs_mistake_mask=E"":1}"
     60416,         0,         0,    3.13,exact_mw,26ede523e6354ffb917e832246591ea54a1b9969785b9947b95e2ebb539e2476,"{""distance"":7,""physical_error_rate"":0.0002}","{""detection_events"":36924,""detectors_checked"":48936960}"
      5120,         0,         0,    2.50,exact_mw,8c54babb212143042928b0eca3852c18ac799bf66eb488a668303745c8494fc5,"{""distance"":7,""physical_error_rate"":0.0005}","{""detection_events"":8077,""detectors_checked"":4147200}"
      1280,         0,         0,    2.62,exact_mw,d2cc2b129abad1f985b8639603638d6030a837aa2fe57172dffdf28919c1c286,"{""distance"":7,""physical_error_rate"":0.001}","{""detection_events"":3813,""detectors_checked"":1036800}"
      9216,         0,         0,    3.31,exact_mw,8c54babb212143042928b0eca3852c18ac799bf66eb488a668303745c8494fc5,"{""distance"":7,""physical_error_rate"":0.0005}","{""detection_events"":13945,""detectors_checked"":7464960}"
       256,         0,         0,    2.17,exact_mw,98ed6542f5a75ebddbda0ed622fb597fbc85d0a75d139587b6be9a08147ba42d,"{""distance"":7,""physical_error_rate"":0.002}","{""detection_events"":1507,""detectors_checked"":207360}"
     97280,         1,         0,    4.26,exact_mw,26ede523e6354ffb917e832246591ea54a1b9969785b9947b95e2ebb539e2476,"{""distance"":7,""physical_error_rate"":0.0002}","{""detection_events"":59703,""detectors_checked"":78796800,""obs_mistake_mask=E"":1}"
       384,         0,         0,    3.08,exact_mw,98ed6542f5a75ebddbda0ed622fb597fbc85d0a75d139587b6be9a08147ba42d,"{""distance"":7,""physical_error_rate"":0.002}","{""detection_events"":2206,""detectors_checked"":311040}"
    106496,         0,         0,    4.29,exact_mw,26ede523e6354ffb917e832246591ea54a1b9969785b9947b95e2ebb539e2476,"{""distance"":7,""physical_error_rate"":0.0002}","{""detection_events"":64764,""detectors_checked"":86261760}"
     11264,         0,         0,    4.40,exact_mw,8c54babb212143042928b0eca3852c18ac799bf66eb488a668303745c8494fc5,"{""distance"":7,""physical_error_rate"":0.0005}","{""detection_events"":17160,""detectors_checked"":9123840}"
      1536,         0,         0,    3.33,exact_mw,d2cc2b129abad1f985b8639603638d6030a837aa2fe57172dffdf28919c1c286,"{""distance"":7,""physical_error_rate"":0.001}","{""detection_events"":4599,""detectors_checked"":1244160}"
       640,         1,         0,    4.46,exact_mw,98ed6542f5a75ebddbda0ed622fb597fbc85d0a75d139587b6be9a08147ba42d,"{""distance"":7,""physical_error_rate"":0.002}","{""detection_events"":3689,""detectors_checked"":518400,""obs_mistake_mask=E"":1}"
      8192,         0,         0,    3.26,exact_mw,8c54babb212143042928b0eca3852c18ac799bf66eb488a668303745c8494fc5,"{""distance"":7,""physical_error_rate"":0.0005}","{""detection_events"":12337,""detectors_checked"":6635520}"
      1792,         0,         0,    3.22,exact_mw,d2cc2b129abad1f985b8639603638d6030a837aa2fe57172dffdf28919c1c286,"{""distance"":7,""physical_error_rate"":0.001}","{""detection_events"":5374,""detectors_checked"":1451520}"
       384,         0,         0,    3.20,exact_mw,98ed6542f5a75ebddbda0ed622fb597fbc85d0a75d139587b6be9a08147ba42d,"{""distance"":7,""physical_error_rate"":0.002}","{""detection_events"":2247,""detectors_checked"":311040}"
     95232,         0,         0,    4.29,exact_mw,26ede523e6354ffb917e832246591ea54a1b9969785b9947b95e2ebb539e2476,"{""distance"":7,""physical_error_rate"":0.0002}","{""detection_events"":58322,""detectors_checked"":77137920}"
         1,         0,         0,   0.048,exact_mw,d2cc2b129abad1f985b8639603638d6030a837aa2fe57172dffdf28919c1c286,"{""distance"":7,""physical_error_rate"":0.001}","{""detection_events"":8,""detectors_checked"":810}"
         8,         0,         0,   0.048,exact_mw,d2cc2b129abad1f985b8639603638d6030a837aa2fe57172dffdf28919c1c286,"{""distance"":7,""physical_error_rate"":0.001}","{""detection_events"":19,""detectors_checked"":6480}"
     13312,         0,         0,    4.26,exact_mw,8c54babb212143042928b0eca3852c18ac799bf66eb488a668303745c8494fc5,"{""distance"":7,""physical_error_rate"":0.0005}","{""detection_events"":19897,""detectors_checked"":10782720}"
        64,         0,         0,   0.517,exact_mw,d2cc2b129abad1f985b8639603638d6030a837aa2fe57172dffdf28919c1c286,"{""distance"":7,""physical_error_rate"":0.001}","{""detection_events"":189,""detectors_checked"":51840}"
        64,         0,         0,   0.831,exact_mw,d2cc2b129abad1f985b8639603638d6030a837aa2fe57172dffdf28919c1c286,"{""distance"":7,""physical_error_rate"":0.001}","{""detection_events"":196,""detectors_checked"":51840}"
       640,         0,         0,    4.91,exact_mw,98ed6542f5a75ebddbda0ed622fb597fbc85d0a75d139587b6be9a08147ba42d,"{""distance"":7,""physical_error_rate"":0.002}","{""detection_events"":3855,""detectors_checked"":518400}"
   2725888,         3,         0,   119.7,exact_mw,26ede523e6354ffb917e832246591ea54a1b9969785b9947b95e2ebb539e2476,"{""distance"":7,""physical_error_rate"":0.0002}","{""detection_events"":1661456,""detectors_checked"":2207969280,""obs_mistake_mask=E"":3}"
      2048,         0,         0,    4.31,exact_mw,d2cc2b129abad1f985b8639603638d6030a837aa2fe57172dffdf28919c1c286,"{""distance"":7,""physical_error_rate"":0.001}","{""detection_events"":6307,""detectors_checked"":1658880}"
    143360,         0,         0,    5.92,exact_mw,26ede523e6354ffb917e832246591ea54a1b9969785b9947b95e2ebb539e2476,"{""distance"":7,""physical_error_rate"":0.0002}","{""detection_events"":87890,""detectors_checked"":116121600}"
        64,         0,         0,    1.19,exact_mw,d2cc2b129abad1f985b8639603638d6030a837aa2fe57172dffdf28919c1c286,"{""distance"":7,""physical_error_rate"":0.001}","{""detection_events"":202,""detectors_checked"":51840}"
        64,         0,         0,   0.883,exact_mw,d2cc2b129abad1f985b8639603638d6030a837aa2fe57172dffdf28919c1c286,"{""distance"":7,""physical_error_rate"":0.001}","{""detection_events"":200,""detectors_checked"":51840}"
   2795520,         4,         0,   119.6,exact_mw,26ede523e6354ffb917e832246591ea54a1b9969785b9947b95e2ebb539e2476,"{""distance"":7,""physical_error_rate"":0.0002}","{""detection_events"":1706829,""detectors_checked"":2264371200,""obs_mistake_mask=E"":4}"
    143360,         0,         0,    5.94,exact_mw,26ede523e6354ffb917e832246591ea54a1b9969785b9947b95e2ebb539e2476,"{""distance"":7,""physical_error_rate"":0.0002}","{""detection_events"":86884,""detectors_checked"":116121600}"
     12288,         1,         0,    4.38,exact_mw,8c54babb212143042928b0eca3852c18ac799bf66eb488a668303745c8494fc5,"{""distance"":7,""physical_error_rate"":0.0005}","{""detection_events"":18859,""detectors_checked"":9953280,""obs_mistake_mask=E"":1}"
     15360,         1,         0,    6.08,exact_mw,8c54babb212143042928b0eca3852c18ac799bf66eb488a668303745c8494fc5,"{""distance"":7,""physical_error_rate"":0.0005}","{""detection_events"":23575,""detectors_checked"":12441600,""obs_mistake_mask=E"":1}"
      2048,         0,         0,    4.50,exact_mw,d2cc2b129abad1f985b8639603638d6030a837aa2fe57172dffdf28919c1c286,"{""distance"":7,""physical_error_rate"":0.001}","{""detection_events"":6130,""detectors_checked"":1658880}"
       640,         0,         0,    4.94,exact_mw,98ed6542f5a75ebddbda0ed622fb597fbc85d0a75d139587b6be9a08147ba42d,"{""distance"":7,""physical_error_rate"":0.002}","{""detection_events"":3818,""detectors_checked"":518400}"
        64,         0,         0,   0.927,exact_mw,d2cc2b129abad1f985b8639603638d6030a837aa2fe57172dffdf28919c1c286,"{""distance"":7,""physical_error_rate"":0.001}","{""detection_events"":203,""detectors_checked"":51840}"
       896,         0,         0,    6.26,exact_mw,98ed6542f5a75ebddbda0ed622fb597fbc85d0a75d139587b6be9a08147ba42d,"{""distance"":7,""physical_error_rate"":0.002}","{""detection_events"":5214,""detectors_checked"":725760}"
        64,         0,         0,   0.783,exact_mw,d2cc2b129abad1f985b8639603638d6030a837aa2fe57172dffdf28919c1c286,"{""distance"":7,""physical_error_rate"":0.001}","{""detection_events"":181,""detectors_checked"":51840}"
    132096,         0,         0,    5.99,exact_mw,26ede523e6354ffb917e832246591ea54a1b9969785b9947b95e2ebb539e2476,"{""distance"":7,""physical_error_rate"":0.0002}","{""detection_events"":80503,""detectors_checked"":106997760}"
        64,         0,         0,   0.832,exact_mw,d2cc2b129abad1f985b8639603638d6030a837aa2fe57172dffdf28919c1c286,"{""distance"":7,""physical_error_rate"":0.001}","{""detection_events"":183,""detectors_checked"":51840}"
     14336,         0,         0,    6.00,exact_mw,8c54babb212143042928b0eca3852c18ac799bf66eb488a668303745c8494fc5,"{""distance"":7,""physical_error_rate"":0.0005}","{""detection_events"":21685,""detectors_checked"":11612160}"
        64,         0,         0,   0.523,exact_mw,d2cc2b129abad1f985b8639603638d6030a837aa2fe57172dffdf28919c1c286,"{""distance"":7,""physical_error_rate"":0.001}","{""detection_events"":196,""detectors_checked"":51840}"
       832,         0,         0,    6.17,exact_mw,98ed6542f5a75ebddbda0ed622fb597fbc85d0a75d139587b6be9a08147ba42d,"{""distance"":7,""physical_error_rate"":0.002}","{""detection_events"":4983,""detectors_checked"":673920}"
        64,         0,         0,    1.57,exact_mw,d2cc2b129abad1f985b8639603638d6030a837aa2fe57172dffdf28919c1c286,"{""distance"":7,""physical_error_rate"":0.001}","{""detection_events"":217,""detectors_checked"":51840}"
      3328,         0,         0,    6.45,exact_mw,d2cc2b129abad1f985b8639603638d6030a837aa2fe57172dffdf28919c1c286,"{""distance"":7,""physical_error_rate"":0.001}","{""detection_events"":10005,""detectors_checked"":2695680}"
        32,         0,         0,   0.566,exact_mw,d2cc2b129abad1f985b8639603638d6030a837aa2fe57172dffdf28919c1c286,"{""distance"":7,""physical_error_rate"":0.001}","{""detection_events"":123,""detectors_checked"":25920}"
   2750464,         4,         0,   119.6,exact_mw,26ede523e6354ffb917e832246591ea54a1b9969785b9947b95e2ebb539e2476,"{""distance"":7,""physical_error_rate"":0.0002}","{""detection_events"":1672789,""detectors_checked"":2227875840,""obs_mistake_mask=E"":4}"
   1348608,         2,         0,    59.3,exact_mw,26ede523e6354ffb917e832246591ea54a1b9969785b9947b95e2ebb539e2476,"{""distance"":7,""physical_error_rate"":0.0002}","{""detection_events"":824065,""detectors_checked"":1092372480,""obs_mistake_mask=E"":2}"
     25600,         1,         0,    3.33,exact_mw,26ede523e6354ffb917e832246591ea54a1b9969785b9947b95e2ebb539e2476,"{""distance"":7,""physical_error_rate"":0.0002}","{""detection_events"":15354,""detectors_checked"":20736000,""obs_mistake_mask=E"":1}"
    133120,         1,         0,    5.41,exact_mw,26ede523e6354ffb917e832246591ea54a1b9969785b9947b95e2ebb539e2476,"{""distance"":7,""physical_error_rate"":0.0002}","{""detection_events"":81003,""detectors_checked"":107827200,""obs_mistake_mask=E"":1}"
   1747968,         0,         0,    73.5,exact_mw,26ede523e6354ffb917e832246591ea54a1b9969785b9947b95e2ebb539e2476,"{""distance"":7,""physical_error_rate"":0.0002}","{""detection_events"":1064342,""detectors_checked"":1415854080}"
   1476608,         2,         0,    67.2,exact_mw,26ede523e6354ffb917e832246591ea54a1b9969785b9947b95e2ebb539e2476,"{""distance"":7,""physical_error_rate"":0.0002}","{""detection_events"":901203,""detectors_checked"":1196052480,""obs_mistake_mask=E"":2}"
    947200,         2,         0,    42.7,exact_mw,26ede523e6354ffb917e832246591ea54a1b9969785b9947b95e2ebb539e2476,"{""distance"":7,""physical_error_rate"":0.0002}","{""detection_events"":577385,""detectors_checked"":767232000,""obs_mistake_mask=E"":2}"
    135168,         0,         0,    5.41,exact_mw,26ede523e6354ffb917e832246591ea54a1b9969785b9947b95e2ebb539e2476,"{""distance"":7,""physical_error_rate"":0.0002}","{""detection_events"":82356,""detectors_checked"":109486080}"
      1024,         0,         0,   0.025,exact_mw,26ede523e6354ffb917e832246591ea54a1b9969785b9947b95e2ebb539e2476,"{""distance"":7,""physical_error_rate"":0.0002}","{""detection_events"":617,""detectors_checked"":829440}"
    163840,         0,         0,    6.44,exact_mw,26ede523e6354ffb917e832246591ea54a1b9969785b9947b95e2ebb539e2476,"{""distance"":7,""physical_error_rate"":0.0002}","{""detection_events"":99545,""detectors_checked"":132710400}"
    838656,         2,         0,    39.6,exact_mw,26ede523e6354ffb917e832246591ea54a1b9969785b9947b95e2ebb539e2476,"{""distance"":7,""physical_error_rate"":0.0002}","{""detection_events"":512043,""detectors_checked"":679311360,""obs_mistake_mask=E"":2}"
    167936,         0,         0,    7.17,exact_mw,26ede523e6354ffb917e832246591ea54a1b9969785b9947b95e2ebb539e2476,"{""distance"":7,""physical_error_rate"":0.0002}","{""detection_events"":102358,""detectors_checked"":136028160}"
   2299904,         1,         0,   102.8,exact_mw,26ede523e6354ffb917e832246591ea54a1b9969785b9947b95e2ebb539e2476,"{""distance"":7,""physical_error_rate"":0.0002}","{""detection_events"":1401386,""detectors_checked"":1862922240,""obs_mistake_mask=E"":1}"
   2251776,         6,         0,   100.2,exact_mw,26ede523e6354ffb917e832246591ea54a1b9969785b9947b95e2ebb539e2476,"{""distance"":7,""physical_error_rate"":0.0002}","{""detection_events"":1367783,""detectors_checked"":1823938560,""obs_mistake_mask=E"":6}"
   1199104,         2,         0,    56.9,exact_mw,26ede523e6354ffb917e832246591ea54a1b9969785b9947b95e2ebb539e2476,"{""distance"":7,""physical_error_rate"":0.0002}","{""detection_events"":732536,""detectors_checked"":971274240,""obs_mistake_mask=E"":2}"
   1176576,         2,         0,    62.2,exact_mw,26ede523e6354ffb917e832246591ea54a1b9969785b9947b95e2ebb539e2476,"{""distance"":7,""physical_error_rate"":0.0002}","{""detection_events"":717176,""detectors_checked"":953026560,""obs_mistake_mask=E"":2}"
        32,         0,         0,   0.614,exact_mw,d2cc2b129abad1f985b8639603638d6030a837aa2fe57172dffdf28919c1c286,"{""distance"":7,""physical_error_rate"":0.001}","{""detection_events"":104,""detectors_checked"":25920}"
    643072,         0,         0,    74.0,exact_mw,26ede523e6354ffb917e832246591ea54a1b9969785b9947b95e2ebb539e2476,"{""distance"":7,""physical_error_rate"":0.0002}","{""detection_events"":391949,""detectors_checked"":520888320}"
      3072,         0,         0,    6.27,exact_mw,d2cc2b129abad1f985b8639603638d6030a837aa2fe57172dffdf28919c1c286,"{""distance"":7,""physical_error_rate"":0.001}","{""detection_events"":9336,""detectors_checked"":2488320}"
       320,         0,         0,    1.08,exact_mw,d2cc2b129abad1f985b8639603638d6030a837aa2fe57172dffdf28919c1c286,"{""distance"":7,""physical_error_rate"":0.001}","{""detection_events"":939,""detectors_checked"":259200}"
       896,         0,         0,    6.31,exact_mw,98ed6542f5a75ebddbda0ed622fb597fbc85d0a75d139587b6be9a08147ba42d,"{""distance"":7,""physical_error_rate"":0.002}","{""detection_events"":5366,""detectors_checked"":725760}"
     13312,         0,         0,    7.33,exact_mw,8c54babb212143042928b0eca3852c18ac799bf66eb488a668303745c8494fc5,"{""distance"":7,""physical_error_rate"":0.0005}","{""detection_events"":20279,""detectors_checked"":10782720}"
       768,         0,         0,    1.53,exact_mw,d2cc2b129abad1f985b8639603638d6030a837aa2fe57172dffdf28919c1c286,"{""distance"":7,""physical_error_rate"":0.001}","{""detection_events"":2260,""detectors_checked"":622080}"
    339968,         2,         0,   120.0,exact_mw,8c54babb212143042928b0eca3852c18ac799bf66eb488a668303745c8494fc5,"{""distance"":7,""physical_error_rate"":0.0005}","{""detection_events"":516279,""detectors_checked"":275374080,""obs_mistake_mask=E"":2}"
     26624,         0,         0,    8.62,exact_mw,8c54babb212143042928b0eca3852c18ac799bf66eb488a668303745c8494fc5,"{""distance"":7,""physical_error_rate"":0.0005}","{""detection_events"":40864,""detectors_checked"":21565440}"
       768,         0,         0,    1.58,exact_mw,d2cc2b129abad1f985b8639603638d6030a837aa2fe57172dffdf28919c1c286,"{""distance"":7,""physical_error_rate"":0.001}","{""detection_events"":2413,""detectors_checked"":622080}"
      1408,         0,         0,    8.89,exact_mw,98ed6542f5a75ebddbda0ed622fb597fbc85d0a75d139587b6be9a08147ba42d,"{""distance"":7,""physical_error_rate"":0.002}","{""detection_events"":8705,""detectors_checked"":1140480}"
     22528,         1,         0,    8.47,exact_mw,8c54babb212143042928b0eca3852c18ac799bf66eb488a668303745c8494fc5,"{""distance"":7,""physical_error_rate"":0.0005}","{""detection_events"":34458,""detectors_checked"":18247680,""obs_mistake_mask=E"":1}"
     58240,         1,         0,   120.2,exact_mw,8c54babb212143042928b0eca3852c18ac799bf66eb488a668303745c8494fc5,"{""distance"":7,""physical_error_rate"":0.0005}","{""detection_events"":88988,""detectors_checked"":47174400,""obs_mistake_mask=E"":1}"
      1280,         0,         0,    2.68,exact_mw,d2cc2b129abad1f985b8639603638d6030a837aa2fe57172dffdf28919c1c286,"{""distance"":7,""physical_error_rate"":0.001}","{""detection_events"":3881,""detectors_checked"":1036800}"
      1152,         0,         0,    8.62,exact_mw,98ed6542f5a75ebddbda0ed622fb597fbc85d0a75d139587b6be9a08147ba42d,"{""distance"":7,""physical_error_rate"":0.002}","{""detection_events"":6964,""detectors_checked"":933120}"
     62720,         2,         0,   120.1,exact_mw,d2cc2b129abad1f985b8639603638d6030a837aa2fe57172dffdf28919c1c286,"{""distance"":7,""physical_error_rate"":0.001}","{""detection_events"":189758,""detectors_checked"":50803200,""obs_mistake_mask=E"":2}"
      4864,         0,         0,    8.76,exact_mw,d2cc2b129abad1f985b8639603638d6030a837aa2fe57172dffdf28919c1c286,"{""distance"":7,""physical_error_rate"":0.001}","{""detection_events"":14788,""detectors_checked"":3939840}"
      4352,         0,         0,    8.47,exact_mw,d2cc2b129abad1f985b8639603638d6030a837aa2fe57172dffdf28919c1c286,"{""distance"":7,""physical_error_rate"":0.001}","{""detection_events"":12897,""detectors_checked"":3525120}"
     14848,         2,         0,   120.1,exact_mw,98ed6542f5a75ebddbda0ed622fb597fbc85d0a75d139587b6be9a08147ba42d,"{""distance"":7,""physical_error_rate"":0.002}","{""detection_events"":90109,""detectors_checked"":12026880,""obs_mistake_mask=E"":2}"
      1152,         0,         0,    8.78,exact_mw,98ed6542f5a75ebddbda0ed622fb597fbc85d0a75d139587b6be9a08147ba42d,"{""distance"":7,""physical_error_rate"":0.002}","{""detection_events"":6998,""detectors_checked"":933120}"
    304128,         1,         0,   120.0,exact_mw,8c54babb212143042928b0eca3852c18ac799bf66eb488a668303745c8494fc5,"{""distance"":7,""physical_error_rate"":0.0005}","{""detection_events"":462883,""detectors_checked"":246343680,""obs_mistake_mask=E"":1}"
     59392,         1,         0,   119.9,exact_mw,d2cc2b129abad1f985b8639603638d6030a837aa2fe57172dffdf28919c1c286,"{""distance"":7,""physical_error_rate"":0.001}","{""detection_events"":180446,""detectors_checked"":48107520,""obs_mistake_mask=E"":1}"
      1536,         0,         0,    3.44,exact_mw,d2cc2b129abad1f985b8639603638d6030a837aa2fe57172dffdf28919c1c286,"{""distance"":7,""physical_error_rate"":0.001}","{""detection_events"":4677,""detectors_checked"":1244160}"
      4864,         0,         0,    9.23,exact_mw,8c54babb212143042928b0eca3852c18ac799bf66eb488a668303745c8494fc5,"{""distance"":7,""physical_error_rate"":0.0005}","{""detection_events"":7367,""detectors_checked"":3939840}"
     15360,         2,         0,   120.8,exact_mw,98ed6542f5a75ebddbda0ed622fb597fbc85d0a75d139587b6be9a08147ba42d,"{""distance"":7,""physical_error_rate"":0.002}","{""detection_events"":92563,""detectors_checked"":12441600,""obs_mistake_mask=E"":2}"
     65792,         3,         0,   120.2,exact_mw,d2cc2b129abad1f985b8639603638d6030a837aa2fe57172dffdf28919c1c286,"{""distance"":7,""physical_error_rate"":0.001}","{""detection_events"":198138,""detectors_checked"":53291520,""obs_mistake_mask=E"":3}"
     29696,         1,         0,    11.8,exact_mw,8c54babb212143042928b0eca3852c18ac799bf66eb488a668303745c8494fc5,"{""distance"":7,""physical_error_rate"":0.0005}","{""detection_events"":45391,""detectors_checked"":24053760,""obs_mistake_mask=E"":1}"
      2048,         0,         0,    4.61,exact_mw,d2cc2b129abad1f985b8639603638d6030a837aa2fe57172dffdf28919c1c286,"{""distance"":7,""physical_error_rate"":0.001}","{""detection_events"":6377,""detectors_checked"":1658880}"
      1600,         0,         0,    12.4,exact_mw,98ed6542f5a75ebddbda0ed622fb597fbc85d0a75d139587b6be9a08147ba42d,"{""distance"":7,""physical_error_rate"":0.002}","{""detection_events"":9647,""detectors_checked"":1296000}"
     32768,         0,         0,    12.0,exact_mw,8c54babb212143042928b0eca3852c18ac799bf66eb488a668303745c8494fc5,"{""distance"":7,""physical_error_rate"":0.0005}","{""detection_events"":49679,""detectors_checked"":26542080}"
      1536,         0,         0,    12.2,exact_mw,98ed6542f5a75ebddbda0ed622fb597fbc85d0a75d139587b6be9a08147ba42d,"{""distance"":7,""physical_error_rate"":0.002}","{""detection_events"":9175,""detectors_checked"":1244160}"
      6144,         0,         0,    12.0,exact_mw,d2cc2b129abad1f985b8639603638d6030a837aa2fe57172dffdf28919c1c286,"{""distance"":7,""physical_error_rate"":0.001}","{""detection_events"":18456,""detectors_checked"":4976640}"
      5888,         1,         0,    11.9,exact_mw,d2cc2b129abad1f985b8639603638d6030a837aa2fe57172dffdf28919c1c286,"{""distance"":7,""physical_error_rate"":0.001}","{""detection_events"":17892,""detectors_checked"":4769280,""obs_mistake_mask=E"":1}"
      3328,         0,         0,    6.23,exact_mw,d2cc2b129abad1f985b8639603638d6030a837aa2fe57172dffdf28919c1c286,"{""distance"":7,""physical_error_rate"":0.001}","{""detection_events"":9912,""detectors_checked"":2695680}"
      1472,         1,         0,    12.1,exact_mw,98ed6542f5a75ebddbda0ed622fb597fbc85d0a75d139587b6be9a08147ba42d,"{""distance"":7,""physical_error_rate"":0.002}","{""detection_events"":8913,""detectors_checked"":1192320,""obs_mistake_mask=E"":1}"
      6656,         0,         0,    11.7,exact_mw,8c54babb212143042928b0eca3852c18ac799bf66eb488a668303745c8494fc5,"{""distance"":7,""physical_error_rate"":0.0005}","{""detection_events"":10190,""detectors_checked"":5391360}"
    333824,         3,         0,   120.2,exact_mw,8c54babb212143042928b0eca3852c18ac799bf66eb488a668303745c8494fc5,"{""distance"":7,""physical_error_rate"":0.0005}","{""detection_events"":505717,""detectors_checked"":270397440,""obs_mistake_mask=E"":3}"
      2728,         0,         0,   120.8,exact_mw,98ed6542f5a75ebddbda0ed622fb597fbc85d0a75d139587b6be9a08147ba42d,"{""distance"":7,""physical_error_rate"":0.002}","{""detection_events"":16467,""detectors_checked"":2209680}"
      4352,         0,         0,    8.50,exact_mw,d2cc2b129abad1f985b8639603638d6030a837aa2fe57172dffdf28919c1c286,"{""distance"":7,""physical_error_rate"":0.001}","{""detection_events"":13356,""detectors_checked"":3525120}"
        17,         0,         0,   0.137,exact_mw,98ed6542f5a75ebddbda0ed622fb597fbc85d0a75d139587b6be9a08147ba42d,"{""distance"":7,""physical_error_rate"":0.002}","{""detection_events"":99,""detectors_checked"":13770}"
        17,         0,         0,   0.087,exact_mw,98ed6542f5a75ebddbda0ed622fb597fbc85d0a75d139587b6be9a08147ba42d,"{""distance"":7,""physical_error_rate"":0.002}","{""detection_events"":84,""detectors_checked"":13770}"
     15552,         1,         0,   120.2,exact_mw,98ed6542f5a75ebddbda0ed622fb597fbc85d0a75d139587b6be9a08147ba42d,"{""distance"":7,""physical_error_rate"":0.002}","{""detection_events"":93968,""detectors_checked"":12597120,""obs_mistake_mask=E"":1}"
        64,         0,         0,   0.313,exact_mw,98ed6542f5a75ebddbda0ed622fb597fbc85d0a75d139587b6be9a08147ba42d,"{""distance"":7,""physical_error_rate"":0.002}","{""detection_events"":353,""detectors_checked"":51840}"
        64,         0,         0,   0.539,exact_mw,98ed6542f5a75ebddbda0ed622fb597fbc85d0a75d139587b6be9a08147ba42d,"{""distance"":7,""physical_error_rate"":0.002}","{""detection_events"":383,""detectors_checked"":51840}"
     44032,         1,         0,    16.7,exact_mw,8c54babb212143042928b0eca3852c18ac799bf66eb488a668303745c8494fc5,"{""distance"":7,""physical_error_rate"":0.0005}","{""detection_events"":67146,""detectors_checked"":35665920,""obs_mistake_mask=E"":1}"
        64,         0,         0,   0.507,exact_mw,98ed6542f5a75ebddbda0ed622fb597fbc85d0a75d139587b6be9a08147ba42d,"{""distance"":7,""physical_error_rate"":0.002}","{""detection_events"":376,""detectors_checked"":51840}"
       273,         0,         0,   0.087,exact_mw,8c54babb212143042928b0eca3852c18ac799bf66eb488a668303745c8494fc5,"{""distance"":7,""physical_error_rate"":0.0005}","{""detection_events"":400,""detectors_checked"":221130}"
        64,         0,         0,   0.457,exact_mw,98ed6542f5a75ebddbda0ed622fb597fbc85d0a75d139587b6be9a08147ba42d,"{""distance"":7,""physical_error_rate"":0.002}","{""detection_events"":335,""detectors_checked"":51840}"
      1024,         0,         0,   0.310,exact_mw,8c54babb212143042928b0eca3852c18ac799bf66eb488a668303745c8494fc5,"{""distance"":7,""physical_error_rate"":0.0005}","{""detection_events"":1537,""detectors_checked"":829440}"
        17,         0,         0,   0.264,exact_mw,98ed6542f5a75ebddbda0ed622fb597fbc85d0a75d139587b6be9a08147ba42d,"{""distance"":7,""physical_error_rate"":0.002}","{""detection_events"":115,""detectors_checked"":13770}"
        64,         0,         0,   0.341,exact_mw,98ed6542f5a75ebddbda0ed622fb597fbc85d0a75d139587b6be9a08147ba42d,"{""distance"":7,""physical_error_rate"":0.002}","{""detection_events"":363,""detectors_checked"":51840}"
        64,         0,         0,   0.595,exact_mw,98ed6542f5a75ebddbda0ed622fb597fbc85d0a75d139587b6be9a08147ba42d,"{""distance"":7,""physical_error_rate"":0.002}","{""detection_events"":408,""detectors_checked"":51840}"
      1024,         0,         0,   0.360,exact_mw,8c54babb212143042928b0eca3852c18ac799bf66eb488a668303745c8494fc5,"{""distance"":7,""physical_error_rate"":0.0005}","{""detection_events"":1503,""detectors_checked"":829440}"
        32,         0,         0,   0.217,exact_mw,98ed6542f5a75ebddbda0ed622fb597fbc85d0a75d139587b6be9a08147ba42d,"{""distance"":7,""physical_error_rate"":0.002}","{""detection_events"":174,""detectors_checked"":25920}"
         1,         0,         0,   0.001,exact_mw,8c54babb212143042928b0eca3852c18ac799bf66eb488a668303745c8494fc5,"{""distance"":7,""physical_error_rate"":0.0005}","{""detection_events"":4,""detectors_checked"":810}"
        64,         0,         0,   0.341,exact_mw,98ed6542f5a75ebddbda0ed622fb597fbc85d0a75d139587b6be9a08147ba42d,"{""distance"":7,""physical_error_rate"":0.002}","{""detection_events"":402,""detectors_checked"":51840}"
        17,         0,         0,   0.141,exact_mw,98ed6542f5a75ebddbda0ed622fb597fbc85d0a75d139587b6be9a08147ba42d,"{""distance"":7,""physical_error_rate"":0.002}","{""detection_events"":98,""detectors_checked"":13770}"
       272,         0,         0,   0.064,exact_mw,8c54babb212143042928b0eca3852c18ac799bf66eb488a668303745c8494fc5,"{""distance"":7,""physical_error_rate"":0.0005}","{""detection_events"":415,""detectors_checked"":220320}"
      1024,         0,         0,   0.373,exact_mw,8c54babb212143042928b0eca3852c18ac799bf66eb488a668303745c8494fc5,"{""distance"":7,""physical_error_rate"":0.0005}","{""detection_events"":1595,""detectors_checked"":829440}"
    267264,         1,         0,   120.1,exact_mw,8c54babb212143042928b0eca3852c18ac799bf66eb488a668303745c8494fc5,"{""distance"":7,""physical_error_rate"":0.0005}","{""detection_events"":404532,""detectors_checked"":216483840,""obs_mistake_mask=E"":1}"
        64,         0,         0,   0.589,exact_mw,98ed6542f5a75ebddbda0ed622fb597fbc85d0a75d139587b6be9a08147ba42d,"{""distance"":7,""physical_error_rate"":0.002}","{""detection_events"":397,""detectors_checked"":51840}"
        64,         0,         0,   0.495,exact_mw,98ed6542f5a75ebddbda0ed622fb597fbc85d0a75d139587b6be9a08147ba42d,"{""distance"":7,""physical_error_rate"":0.002}","{""detection_events"":422,""detectors_checked"":51840}"
      1024,         0,         0,   0.260,exact_mw,8c54babb212143042928b0eca3852c18ac799bf66eb488a668303745c8494fc5,"{""distance"":7,""physical_error_rate"":0.0005}","{""detection_events"":1515,""detectors_checked"":829440}"
        64,         0,         0,   0.510,exact_mw,98ed6542f5a75ebddbda0ed622fb597fbc85d0a75d139587b6be9a08147ba42d,"{""distance"":7,""physical_error_rate"":0.002}","{""detection_events"":361,""detectors_checked"":51840}"
      1024,         0,         0,   0.442,exact_mw,8c54babb212143042928b0eca3852c18ac799bf66eb488a668303745c8494fc5,"{""distance"":7,""physical_error_rate"":0.0005}","{""detection_events"":1514,""detectors_checked"":829440}"
        64,         0,         0,   0.344,exact_mw,98ed6542f5a75ebddbda0ed622fb597fbc85d0a75d139587b6be9a08147ba42d,"{""distance"":7,""physical_error_rate"":0.002}","{""detection_events"":357,""detectors_checked"":51840}"
      1024,         0,         0,   0.393,exact_mw,8c54babb212143042928b0eca3852c18ac799bf66eb488a668303745c8494fc5,"{""distance"":7,""physical_error_rate"":0.0005}","{""detection_events"":1593,""detectors_checked"":829440}"
        64,         0,         0,   0.536,exact_mw,98ed6542f5a75ebddbda0ed622fb597fbc85d0a75d139587b6be9a08147ba42d,"{""distance"":7,""physical_error_rate"":0.002}","{""detection_events"":399,""detectors_checked"":51840}"
        64,         0,         0,   0.740,exact_mw,98ed6542f5a75ebddbda0ed622fb597fbc85d0a75d139587b6be9a08147ba42d,"{""distance"":7,""physical_error_rate"":0.002}","{""detection_events"":380,""detectors_checked"":51840}"
      2240,         0,         0,    16.7,exact_mw,98ed6542f5a75ebddbda0ed622fb597fbc85d0a75d139587b6be9a08147ba42d,"{""distance"":7,""physical_error_rate"":0.002}","{""detection_events"":13674,""detectors_checked"":1814400}"
      1024,         0,         0,   0.293,exact_mw,8c54babb212143042928b0eca3852c18ac799bf66eb488a668303745c8494fc5,"{""distance"":7,""physical_error_rate"":0.0005}","{""detection_events"":1549,""detectors_checked"":829440}"
        64,         0,         0,   0.270,exact_mw,98ed6542f5a75ebddbda0ed622fb597fbc85d0a75d139587b6be9a08147ba42d,"{""distance"":7,""physical_error_rate"":0.002}","{""detection_events"":340,""detectors_checked"":51840}"
        64,         0,         0,   0.380,exact_mw,98ed6542f5a75ebddbda0ed622fb597fbc85d0a75d139587b6be9a08147ba42d,"{""distance"":7,""physical_error_rate"":0.002}","{""detection_events"":372,""detectors_checked"":51840}"
      1024,         0,         0,   0.300,exact_mw,8c54babb212143042928b0eca3852c18ac799bf66eb488a668303745c8494fc5,"{""distance"":7,""physical_error_rate"":0.0005}","{""detection_events"":1538,""detectors_checked"":829440}"
        17,         0,         0,   0.018,exact_mw,d2cc2b129abad1f985b8639603638d6030a837aa2fe57172dffdf28919c1c286,"{""distance"":7,""physical_error_rate"":0.001}","{""detection_events"":41,""detectors_checked"":13770}"
      1024,         0,         0,   0.275,exact_mw,8c54babb212143042928b0eca3852c18ac799bf66eb488a668303745c8494fc5,"{""distance"":7,""physical_error_rate"":0.0005}","{""detection_events"":1520,""detectors_checked"":829440}"
     58368,         2,         0,   120.0,exact_mw,d2cc2b129abad1f985b8639603638d6030a837aa2fe57172dffdf28919c1c286,"{""distance"":7,""physical_error_rate"":0.001}","{""detection_events"":176483,""detectors_checked"":47278080,""obs_mistake_mask=E"":2}"
        64,         0,         0,   0.485,exact_mw,98ed6542f5a75ebddbda0ed622fb597fbc85d0a75d139587b6be9a08147ba42d,"{""distance"":7,""physical_error_rate"":0.002}","{""detection_events"":385,""detectors_checked"":51840}"
        64,         0,         0,   0.465,exact_mw,98ed6542f5a75ebddbda0ed622fb597fbc85d0a75d139587b6be9a08147ba42d,"{""distance"":7,""physical_error_rate"":0.002}","{""detection_events"":395,""detectors_checked"":51840}"
        64,         1,         0,   0.363,exact_mw,98ed6542f5a75ebddbda0ed622fb597fbc85d0a75d139587b6be9a08147ba42d,"{""distance"":7,""physical_error_rate"":0.002}","{""detection_events"":352,""detectors_checked"":51840,""obs_mistake_mask=E"":1}"
      1024,         0,         0,   0.310,exact_mw,8c54babb212143042928b0eca3852c18ac799bf66eb488a668303745c8494fc5,"{""distance"":7,""physical_error_rate"":0.0005}","{""detection_events"":1560,""detectors_checked"":829440}"
     64256,         1,         0,   120.3,exact_mw,d2cc2b129abad1f985b8639603638d6030a837aa2fe57172dffdf28919c1c286,"{""distance"":7,""physical_error_rate"":0.001}","{""detection_events"":194974,""detectors_checked"":52047360,""obs_mistake_mask=E"":1}"
      1024,         0,         0,   0.351,exact_mw,8c54babb212143042928b0eca3852c18ac799bf66eb488a668303745c8494fc5,"{""distance"":7,""physical_error_rate"":0.0005}","{""detection_events"":1423,""detectors_checked"":829440}"
        64,         0,         0,   0.285,exact_mw,98ed6542f5a75ebddbda0ed622fb597fbc85d0a75d139587b6be9a08147ba42d,"{""distance"":7,""physical_error_rate"":0.002}","{""detection_events"":432,""detectors_checked"":51840}"
        17,         0,         0,   0.053,exact_mw,d2cc2b129abad1f985b8639603638d6030a837aa2fe57172dffdf28919c1c286,"{""distance"":7,""physical_error_rate"":0.001}","{""detection_events"":50,""detectors_checked"":13770}"
      1024,         0,         0,   0.212,exact_mw,8c54babb212143042928b0eca3852c18ac799bf66eb488a668303745c8494fc5,"{""distance"":7,""physical_error_rate"":0.0005}","{""detection_events"":1467,""detectors_checked"":829440}"
         1,         0,         0,   0.001,exact_mw,8c54babb212143042928b0eca3852c18ac799bf66eb488a668303745c8494fc5,"{""distance"":7,""physical_error_rate"":0.0005}","{""detection_events"":2,""detectors_checked"":810}"
      1024,         0,         0,   0.366,exact_mw,8c54babb212143042928b0eca3852c18ac799bf66eb488a668303745c8494fc5,"{""distance"":7,""physical_error_rate"":0.0005}","{""detection_events"":1572,""detectors_checked"":829440}"
        64,         0,         0,   0.455,exact_mw,98ed6542f5a75ebddbda0ed622fb597fbc85d0a75d139587b6be9a08147ba42d,"{""distance"":7,""physical_error_rate"":0.002}","{""detection_events"":338,""detectors_checked"":51840}"
       256,         0,         0,   0.602,exact_mw,d2cc2b129abad1f985b8639603638d6030a837aa2fe57172dffdf28919c1c286,"{""distance"":7,""physical_error_rate"":0.001}","{""detection_events"":831,""detectors_checked"":207360}"
       272,         0,         0,   0.134,exact_mw,8c54babb212143042928b0eca3852c18ac799bf66eb488a668303745c8494fc5,"{""distance"":7,""physical_error_rate"":0.0005}","{""detection_events"":413,""detectors_checked"":220320}"
       128,         0,         0,   0.269,exact_mw,d2cc2b129abad1f985b8639603638d6030a837aa2fe57172dffdf28919c1c286,"{""distance"":7,""physical_error_rate"":0.001}","{""detection_events"":393,""detectors_checked"":103680}"
     41984,         0,         0,    16.9,exact_mw,8c54babb212143042928b0eca3852c18ac799bf66eb488a668303745c8494fc5,"{""distance"":7,""physical_error_rate"":0.0005}","{""detection_events"":63964,""detectors_checked"":34007040}"
      1024,         0,         0,   0.236,exact_mw,8c54babb212143042928b0eca3852c18ac799bf66eb488a668303745c8494fc5,"{""distance"":7,""physical_error_rate"":0.0005}","{""detection_events"":1524,""detectors_checked"":829440}"
       128,         0,         0,    1.11,exact_mw,98ed6542f5a75ebddbda0ed622fb597fbc85d0a75d139587b6be9a08147ba42d,"{""distance"":7,""physical_error_rate"":0.002}","{""detection_events"":822,""detectors_checked"":103680}"
      1024,         0,         0,   0.271,exact_mw,8c54babb212143042928b0eca3852c18ac799bf66eb488a668303745c8494fc5,"{""distance"":7,""physical_error_rate"":0.0005}","{""detection_events"":1471,""detectors_checked"":829440}"
        64,         0,         0,   0.807,exact_mw,98ed6542f5a75ebddbda0ed622fb597fbc85d0a75d139587b6be9a08147ba42d,"{""distance"":7,""physical_error_rate"":0.002}","{""detection_events"":391,""detectors_checked"":51840}"
        64,         0,         0,   0.359,exact_mw,98ed6542f5a75ebddbda0ed622fb597fbc85d0a75d139587b6be9a08147ba42d,"{""distance"":7,""physical_error_rate"":0.002}","{""detection_events"":331,""detectors_checked"":51840}"
       256,         0,         0,   0.403,exact_mw,d2cc2b129abad1f985b8639603638d6030a837aa2fe57172dffdf28919c1c286,"{""distance"":7,""physical_error_rate"":0.001}","{""detection_events"":804,""detectors_checked"":207360}"
      1024,         0,         0,   0.420,exact_mw,8c54babb212143042928b0eca3852c18ac799bf66eb488a668303745c8494fc5,"{""distance"":7,""physical_error_rate"":0.0005}","{""detection_events"":1606,""detectors_checked"":829440}"
       128,         0,         0,   0.755,exact_mw,98ed6542f5a75ebddbda0ed622fb597fbc85d0a75d139587b6be9a08147ba42d,"{""distance"":7,""physical_error_rate"":0.002}","{""detection_events"":720,""detectors_checked"":103680}"
      1024,         0,         0,   0.349,exact_mw,8c54babb212143042928b0eca3852c18ac799bf66eb488a668303745c8494fc5,"{""distance"":7,""physical_error_rate"":0.0005}","{""detection_events"":1544,""detectors_checked"":829440}"
        64,         0,         0,   0.372,exact_mw,98ed6542f5a75ebddbda0ed622fb597fbc85d0a75d139587b6be9a08147ba42d,"{""distance"":7,""physical_error_rate"":0.002}","{""detection_events"":353,""detectors_checked"":51840}"
       273,         0,         0,   0.064,exact_mw,8c54babb212143042928b0eca3852c18ac799bf66eb488a668303745c8494fc5,"{""distance"":7,""physical_error_rate"":0.0005}","{""detection_events"":433,""detectors_checked"":221130}"
       256,         0,         0,   0.683,exact_mw,d2cc2b129abad1f985b8639603638d6030a837aa2fe57172dffdf28919c1c286,"{""distance"":7,""physical_error_rate"":0.001}","{""detection_events"":801,""detectors_checked"":207360}"
      2048,         0,         0,   0.563,exact_mw,8c54babb212143042928b0eca3852c18ac799bf66eb488a668303745c8494fc5,"{""distance"":7,""physical_error_rate"":0.0005}","{""detection_events"":3058,""detectors_checked"":1658880}"
        64,         0,         0,   0.501,exact_mw,98ed6542f5a75ebddbda0ed622fb597fbc85d0a75d139587b6be9a08147ba42d,"{""distance"":7,""physical_error_rate"":0.002}","{""detection_events"":347,""detectors_checked"":51840}"
      1024,         0,         0,   0.305,exact_mw,8c54babb212143042928b0eca3852c18ac799bf66eb488a668303745c8494fc5,"{""distance"":7,""physical_error_rate"":0.0005}","{""detection_events"":1599,""detectors_checked"":829440}"
      1024,         0,         0,   0.342,exact_mw,8c54babb212143042928b0eca3852c18ac799bf66eb488a668303745c8494fc5,"{""distance"":7,""physical_error_rate"":0.0005}","{""detection_events"":1557,""detectors_checked"":829440}"
      1024,         0,         0,   0.242,exact_mw,8c54babb212143042928b0eca3852c18ac799bf66eb488a668303745c8494fc5,"{""distance"":7,""physical_error_rate"":0.0005}","{""detection_events"":1483,""detectors_checked"":829440}"
        17,         0,         0,   0.027,exact_mw,d2cc2b129abad1f985b8639603638d6030a837aa2fe57172dffdf28919c1c286,"{""distance"":7,""physical_error_rate"":0.001}","{""detection_events"":42,""detectors_checked"":13770}"
        64,         0,         0,   0.418,exact_mw,98ed6542f5a75ebddbda0ed622fb597fbc85d0a75d139587b6be9a08147ba42d,"{""distance"":7,""physical_error_rate"":0.002}","{""detection_events"":403,""detectors_checked"":51840}"
      1024,         0,         0,   0.316,exact_mw,8c54babb212143042928b0eca3852c18ac799bf66eb488a668303745c8494fc5,"{""distance"":7,""physical_error_rate"":0.0005}","{""detection_events"":1563,""detectors_checked"":829440}"
       256,         0,         0,   0.786,exact_mw,d2cc2b129abad1f985b8639603638d6030a837aa2fe57172dffdf28919c1c286,"{""distance"":7,""physical_error_rate"":0.001}","{""detection_events"":826,""detectors_checked"":207360}"
       128,         0,         0,   0.976,exact_mw,98ed6542f5a75ebddbda0ed622fb597fbc85d0a75d139587b6be9a08147ba42d,"{""distance"":7,""physical_error_rate"":0.002}","{""detection_events"":726,""detectors_checked"":103680}"
      1024,         0,         0,   0.292,exact_mw,8c54babb212143042928b0eca3852c18ac799bf66eb488a668303745c8494fc5,"{""distance"":7,""physical_error_rate"":0.0005}","{""detection_events"":1617,""detectors_checked"":829440}"
        64,         0,         0,   0.449,exact_mw,98ed6542f5a75ebddbda0ed622fb597fbc85d0a75d139587b6be9a08147ba42d,"{""distance"":7,""physical_error_rate"":0.002}","{""detection_events"":387,""detectors_checked"":51840}"
       128,         0,         0,   0.816,exact_mw,98ed6542f5a75ebddbda0ed622fb597fbc85d0a75d139587b6be9a08147ba42d,"{""distance"":7,""physical_error_rate"":0.002}","{""detection_events"":739,""detectors_checked"":103680}"
      2048,         0,         0,   0.607,exact_mw,8c54babb212143042928b0eca3852c18ac799bf66eb488a668303745c8494fc5,"{""distance"":7,""physical_error_rate"":0.0005}","{""detection_events"":3085,""detectors_checked"":1658880}"
      2304,         0,         0,    16.5,exact_mw,98ed6542f5a75ebddbda0ed622fb597fbc85d0a75d139587b6be9a08147ba42d,"{""distance"":7,""physical_error_rate"":0.002}","{""detection_events"":13793,""detectors_checked"":1866240}"
      2048,         0,         0,   0.566,exact_mw,8c54babb212143042928b0eca3852c18ac799bf66eb488a668303745c8494fc5,"{""distance"":7,""physical_error_rate"":0.0005}","{""detection_events"":3078,""detectors_checked"":1658880}"
      1024,         0,         0,   0.341,exact_mw,8c54babb212143042928b0eca3852c18ac799bf66eb488a668303745c8494fc5,"{""distance"":7,""physical_error_rate"":0.0005}","{""detection_events"":1633,""detectors_checked"":829440}"
      1024,         0,         0,   0.358,exact_mw,8c54babb212143042928b0eca3852c18ac799bf66eb488a668303745c8494fc5,"{""distance"":7,""physical_error_rate"":0.0005}","{""detection_events"":1592,""detectors_checked"":829440}"
       256,         0,         0,   0.568,exact_mw,d2cc2b129abad1f985b8639603638d6030a837aa2fe57172dffdf28919c1c286,"{""distance"":7,""physical_error_rate"":0.001}","{""detection_events"":739,""detectors_checked"":207360}"
       256,         0,         0,   0.510,exact_mw,d2cc2b129abad1f985b8639603638d6030a837aa2fe57172dffdf28919c1c286,"{""distance"":7,""physical_error_rate"":0.001}","{""detection_events"":793,""detectors_checked"":207360}"
       256,         0,         0,   0.962,exact_mw,d2cc2b129abad1f985b8639603638d6030a837aa2fe57172dffdf28919c1c286,"{""distance"":7,""physical_error_rate"":0.001}","{""detection_events"":770,""detectors_checked"":207360}"
      1024,         0,         0,   0.341,exact_mw,8c54babb212143042928b0eca3852c18ac799bf66eb488a668303745c8494fc5,"{""distance"":7,""physical_error_rate"":0.0005}","{""detection_events"":1537,""detectors_checked"":829440}"
      1024,         0,         0,   0.417,exact_mw,8c54babb212143042928b0eca3852c18ac799bf66eb488a668303745c8494fc5,"{""distance"":7,""physical_error_rate"":0.0005}","{""detection_events"":1619,""detectors_checked"":829440}"
        64,         0,         0,   0.627,exact_mw,98ed6542f5a75ebddbda0ed622fb597fbc85d0a75d139587b6be9a08147ba42d,"{""distance"":7,""physical_error_rate"":0.002}","{""detection_events"":382,""detectors_checked"":51840}"
       128,         0,         0,   0.760,exact_mw,98ed6542f5a75ebddbda0ed622fb597fbc85d0a75d139587b6be9a08147ba42d,"{""distance"":7,""physical_error_rate"":0.002}","{""detection_events"":793,""detectors_checked"":103680}"
       128,         0,         0,   0.878,exact_mw,98ed6542f5a75ebddbda0ed622fb597fbc85d0a75d139587b6be9a08147ba42d,"{""distance"":7,""physical_error_rate"":0.002}","{""detection_events"":749,""detectors_checked"":103680}"
      1024,         0,         0,   0.379,exact_mw,8c54babb212143042928b0eca3852c18ac799bf66eb488a668303745c8494fc5,"{""distance"":7,""physical_error_rate"":0.0005}","{""detection_events"":1505,""detectors_checked"":829440}"
       256,         0,         0,   0.367,exact_mw,d2cc2b129abad1f985b8639603638d6030a837aa2fe57172dffdf28919c1c286,"{""distance"":7,""physical_error_rate"":0.001}","{""detection_events"":738,""detectors_checked"":207360}"
       256,         0,         0,   0.489,exact_mw,d2cc2b129abad1f985b8639603638d6030a837aa2fe57172dffdf28919c1c286,"{""distance"":7,""physical_error_rate"":0.001}","{""detection_events"":737,""detectors_checked"":207360}"
      2048,         0,         0,   0.758,exact_mw,8c54babb212143042928b0eca3852c18ac799bf66eb488a668303745c8494fc5,"{""distance"":7,""physical_error_rate"":0.0005}","{""detection_events"":3105,""detectors_checked"":1658880}"
       128,         0,         0,   0.819,exact_mw,98ed6542f5a75ebddbda0ed622fb597fbc85d0a75d139587b6be9a08147ba42d,"{""distance"":7,""physical_error_rate"":0.002}","{""detection_events"":757,""detectors_checked"":103680}"
      1024,         0,         0,   0.360,exact_mw,8c54babb212143042928b0eca3852c18ac799bf66eb488a668303745c8494fc5,"{""distance"":7,""physical_error_rate"":0.0005}","{""detection_events"":1492,""detectors_checked"":829440}"
      1024,         0,         0,   0.316,exact_mw,8c54babb212143042928b0eca3852c18ac799bf66eb488a668303745c8494fc5,"{""distance"":7,""physical_error_rate"":0.0005}","{""detection_events"":1539,""detectors_checked"":829440}"
      6144,         0,         0,    16.6,exact_mw,d2cc2b129abad1f985b8639603638d6030a837aa2fe57172dffdf28919c1c286,"{""distance"":7,""physical_error_rate"":0.001}","{""detection_events"":18752,""detectors_checked"":4976640}"
        64,         0,         0,   0.552,exact_mw,98ed6542f5a75ebddbda0ed622fb597fbc85d0a75d139587b6be9a08147ba42d,"{""distance"":7,""physical_error_rate"":0.002}","{""detection_events"":417,""detectors_checked"":51840}"
        17,         0,         0,   0.032,exact_mw,d2cc2b129abad1f985b8639603638d6030a837aa2fe57172dffdf28919c1c286,"{""distance"":7,""physical_error_rate"":0.001}","{""detection_events"":61,""detectors_checked"":13770}"
       256,         0,         0,   0.355,exact_mw,d2cc2b129abad1f985b8639603638d6030a837aa2fe57172dffdf28919c1c286,"{""distance"":7,""physical_error_rate"":0.001}","{""detection_events"":694,""detectors_checked"":207360}"
      1024,         0,         0,   0.391,exact_mw,8c54babb212143042928b0eca3852c18ac799bf66eb488a668303745c8494fc5,"{""distance"":7,""physical_error_rate"":0.0005}","{""detection_events"":1567,""detectors_checked"":829440}"
       256,         0,         0,   0.863,exact_mw,d2cc2b129abad1f985b8639603638d6030a837aa2fe57172dffdf28919c1c286,"{""distance"":7,""physical_error_rate"":0.001}","{""detection_events"":761,""detectors_checked"":207360}"
       256,         0,         0,   0.549,exact_mw,d2cc2b129abad1f985b8639603638d6030a837aa2fe57172dffdf28919c1c286,"{""distance"":7,""physical_error_rate"":0.001}","{""detection_events"":711,""detectors_checked"":207360}"
      3072,         0,         0,   0.854,exact_mw,8c54babb212143042928b0eca3852c18ac799bf66eb488a668303745c8494fc5,"{""distance"":7,""physical_error_rate"":0.0005}","{""detection_events"":4633,""detectors_checked"":2488320}"
      1024,         0,         0,   0.424,exact_mw,8c54babb212143042928b0eca3852c18ac799bf66eb488a668303745c8494fc5,"{""distance"":7,""physical_error_rate"":0.0005}","{""detection_events"":1526,""detectors_checked"":829440}"
       256,         0,         0,   0.300,exact_mw,d2cc2b129abad1f985b8639603638d6030a837aa2fe57172dffdf28919c1c286,"{""distance"":7,""physical_error_rate"":0.001}","{""detection_events"":717,""detectors_checked"":207360}"
       128,         0,         0,   0.934,exact_mw,98ed6542f5a75ebddbda0ed622fb597fbc85d0a75d139587b6be9a08147ba42d,"{""distance"":7,""physical_error_rate"":0.002}","{""detection_events"":801,""detectors_checked"":103680}"
       128,         0,         0,   0.951,exact_mw,98ed6542f5a75ebddbda0ed622fb597fbc85d0a75d139587b6be9a08147ba42d,"{""distance"":7,""physical_error_rate"":0.002}","{""detection_events"":758,""detectors_checked"":103680}"
       256,         0,         0,   0.380,exact_mw,d2cc2b129abad1f985b8639603638d6030a837aa2fe57172dffdf28919c1c286,"{""distance"":7,""physical_error_rate"":0.001}","{""detection_events"":717,""detectors_checked"":207360}"
      1024,         0,         0,   0.424,exact_mw,8c54babb212143042928b0eca3852c18ac799bf66eb488a668303745c8494fc5,"{""distance"":7,""physical_error_rate"":0.0005}","{""detection_events"":1533,""detectors_checked"":829440}"
      3072,         0,         0,   0.960,exact_mw,8c54babb212143042928b0eca3852c18ac799bf66eb488a668303745c8494fc5,"{""distance"":7,""physical_error_rate"":0.0005}","{""detection_events"":4653,""detectors_checked"":2488320}"
       256,         0,         0,   0.709,exact_mw,d2cc2b129abad1f985b8639603638d6030a837aa2fe57172dffdf28919c1c286,"{""distance"":7,""physical_error_rate"":0.001}","{""detection_events"":782,""detectors_checked"":207360}"
       256,         0,         0,   0.444,exact_mw,d2cc2b129abad1f985b8639603638d6030a837aa2fe57172dffdf28919c1c286,"{""distance"":7,""physical_error_rate"":0.001}","{""detection_events"":690,""detectors_checked"":207360}"
      1024,         0,         0,   0.511,exact_mw,8c54babb212143042928b0eca3852c18ac799bf66eb488a668303745c8494fc5,"{""distance"":7,""physical_error_rate"":0.0005}","{""detection_events"":1621,""detectors_checked"":829440}"
       128,         0,         0,    1.05,exact_mw,98ed6542f5a75ebddbda0ed622fb597fbc85d0a75d139587b6be9a08147ba42d,"{""distance"":7,""physical_error_rate"":0.002}","{""detection_events"":821,""detectors_checked"":103680}"
      1024,         0,         0,   0.475,exact_mw,8c54babb212143042928b0eca3852c18ac799bf66eb488a668303745c8494fc5,"{""distance"":7,""physical_error_rate"":0.0005}","{""detection_events"":1572,""detectors_checked"":829440}"
       256,         0,         0,   0.905,exact_mw,d2cc2b129abad1f985b8639603638d6030a837aa2fe57172dffdf28919c1c286,"{""distance"":7,""physical_error_rate"":0.001}","{""detection_events"":784,""detectors_checked"":207360}"
      1024,         0,         0,   0.325,exact_mw,8c54babb212143042928b0eca3852c18ac799bf66eb488a668303745c8494fc5,"{""distance"":7,""physical_error_rate"":0.0005}","{""detection_events"":1534,""detectors_checked"":829440}"
      7680,         0,         0,    16.8,exact_mw,d2cc2b129abad1f985b8639603638d6030a837aa2fe57172dffdf28919c1c286,"{""distance"":7,""physical_error_rate"":0.001}","{""detection_events"":23314,""detectors_checked"":6220800}"
       256,         0,         0,   0.602,exact_mw,d2cc2b129abad1f985b8639603638d6030a837aa2fe57172dffdf28919c1c286,"{""distance"":7,""physical_error_rate"":0.001}","{""detection_events"":757,""detectors_checked"":207360}"
       256,         0,         0,   0.504,exact_mw,d2cc2b129abad1f985b8639603638d6030a837aa2fe57172dffdf28919c1c286,"{""distance"":7,""physical_error_rate"":0.001}","{""detection_events"":743,""detectors_checked"":207360}"
      3072,         0,         0,   0.986,exact_mw,8c54babb212143042928b0eca3852c18ac799bf66eb488a668303745c8494fc5,"{""distance"":7,""physical_error_rate"":0.0005}","{""detection_events"":4713,""detectors_checked"":2488320}"
       128,         0,         0,    1.55,exact_mw,98ed6542f5a75ebddbda0ed622fb597fbc85d0a75d139587b6be9a08147ba42d,"{""distance"":7,""physical_error_rate"":0.002}","{""detection_events"":862,""detectors_checked"":103680}"
       256,         0,         0,   0.664,exact_mw,d2cc2b129abad1f985b8639603638d6030a837aa2fe57172dffdf28919c1c286,"{""distance"":7,""physical_error_rate"":0.001}","{""detection_events"":812,""detectors_checked"":207360}"
       128,         0,         0,    1.03,exact_mw,98ed6542f5a75ebddbda0ed622fb597fbc85d0a75d139587b6be9a08147ba42d,"{""distance"":7,""physical_error_rate"":0.002}","{""detection_events"":723,""detectors_checked"":103680}"
      1024,         0,         0,   0.354,exact_mw,8c54babb212143042928b0eca3852c18ac799bf66eb488a668303745c8494fc5,"{""distance"":7,""physical_error_rate"":0.0005}","{""detection_events"":1504,""detectors_checked"":829440}"
        17,         0,         0,   0.085,exact_mw,98ed6542f5a75ebddbda0ed622fb597fbc85d0a75d139587b6be9a08147ba42d,"{""distance"":7,""physical_error_rate"":0.002}","{""detection_events"":89,""detectors_checked"":13770}"
      2048,         0,         0,   0.649,exact_mw,8c54babb212143042928b0eca3852c18ac799bf66eb488a668303745c8494fc5,"{""distance"":7,""physical_error_rate"":0.0005}","{""detection_events"":3225,""detectors_checked"":1658880}"
       256,         0,         0,   0.450,exact_mw,d2cc2b129abad1f985b8639603638d6030a837aa2fe57172dffdf28919c1c286,"{""distance"":7,""physical_error_rate"":0.001}","{""detection_events"":782,""detectors_checked"":207360}"
       256,         0,         0,   0.582,exact_mw,d2cc2b129abad1f985b8639603638d6030a837aa2fe57172dffdf28919c1c286,"{""distance"":7,""physical_error_rate"":0.001}","{""detection_events"":820,""detectors_checked"":207360}"
        64,         0,         0,   0.524,exact_mw,98ed6542f5a75ebddbda0ed622fb597fbc85d0a75d139587b6be9a08147ba42d,"{""distance"":7,""physical_error_rate"":0.002}","{""detection_events"":473,""detectors_checked"":51840}"
       256,         0,         0,   0.510,exact_mw,d2cc2b129abad1f985b8639603638d6030a837aa2fe57172dffdf28919c1c286,"{""distance"":7,""physical_error_rate"":0.001}","{""detection_events"":763,""detectors_checked"":207360}"
       128,         0,         0,   0.855,exact_mw,98ed6542f5a75ebddbda0ed622fb597fbc85d0a75d139587b6be9a08147ba42d,"{""distance"":7,""physical_error_rate"":0.002}","{""detection_events"":754,""detectors_checked"":103680}"
      4096,         0,         0,    1.27,exact_mw,8c54babb212143042928b0eca3852c18ac799bf66eb488a668303745c8494fc5,"{""distance"":7,""physical_error_rate"":0.0005}","{""detection_events"":6116,""detectors_checked"":3317760}"
      1024,         0,         0,   0.456,exact_mw,8c54babb212143042928b0eca3852c18ac799bf66eb488a668303745c8494fc5,"{""distance"":7,""physical_error_rate"":0.0005}","{""detection_events"":1535,""detectors_checked"":829440}"
         1,         0,         0,   0.001,exact_mw,8c54babb212143042928b0eca3852c18ac799bf66eb488a668303745c8494fc5,"{""distance"":7,""physical_error_rate"":0.0005}","{""detectors_checked"":810}"
       256,         0,         0,   0.963,exact_mw,d2cc2b129abad1f985b8639603638d6030a837aa2fe57172dffdf28919c1c286,"{""distance"":7,""physical_error_rate"":0.001}","{""detection_events"":895,""detectors_checked"":207360}"
        64,         0,         0,   0.520,exact_mw,98ed6542f5a75ebddbda0ed622fb597fbc85d0a75d139587b6be9a08147ba42d,"{""distance"":7,""physical_error_rate"":0.002}","{""detection_events"":383,""detectors_checked"":51840}"
        64,         0,         0,   0.292,exact_mw,98ed6542f5a75ebddbda0ed622fb597fbc85d0a75d139587b6be9a08147ba42d,"{""distance"":7,""physical_error_rate"":0.002}","{""detection_events"":359,""detectors_checked"":51840}"
       272,         0,         0,   0.118,exact_mw,8c54babb212143042928b0eca3852c18ac799bf66eb488a668303745c8494fc5,"{""distance"":7,""physical_error_rate"":0.0005}","{""detection_events"":387,""detectors_checked"":220320}"
       256,         0,         0,   0.389,exact_mw,d2cc2b129abad1f985b8639603638d6030a837aa2fe57172dffdf28919c1c286,"{""distance"":7,""physical_error_rate"":0.001}","{""detection_events"":753,""detectors_checked"":207360}"
         1,         0,         0,   0.017,exact_mw,98ed6542f5a75ebddbda0ed622fb597fbc85d0a75d139587b6be9a08147ba42d,"{""distance"":7,""physical_error_rate"":0.002}","{""detection_events"":6,""detectors_checked"":810}"
       256,         0,         0,   0.513,exact_mw,d2cc2b129abad1f985b8639603638d6030a837aa2fe57172dffdf28919c1c286,"{""distance"":7,""physical_error_rate"":0.001}","{""detection_events"":745,""detectors_checked"":207360}"
       128,         0,         0,   0.860,exact_mw,98ed6542f5a75ebddbda0ed622fb597fbc85d0a75d139587b6be9a08147ba42d,"{""distance"":7,""physical_error_rate"":0.002}","{""detection_events"":763,""detectors_checked"":103680}"
        16,         0,         0,   0.154,exact_mw,98ed6542f5a75ebddbda0ed622fb597fbc85d0a75d139587b6be9a08147ba42d,"{""distance"":7,""physical_error_rate"":0.002}","{""detection_events"":69,""detectors_checked"":12960}"
       256,         0,         0,   0.484,exact_mw,d2cc2b129abad1f985b8639603638d6030a837aa2fe57172dffdf28919c1c286,"{""distance"":7,""physical_error_rate"":0.001}","{""detection_events"":788,""detectors_checked"":207360}"
      1472,         0,         0,    17.1,exact_mw,98ed6542f5a75ebddbda0ed622fb597fbc85d0a75d139587b6be9a08147ba42d,"{""distance"":7,""physical_error_rate"":0.002}","{""detection_events"":9143,""detectors_checked"":1192320}"
      2048,         0,         0,   0.789,exact_mw,8c54babb212143042928b0eca3852c18ac799bf66eb488a668303745c8494fc5,"{""distance"":7,""physical_error_rate"":0.0005}","{""detection_events"":3170,""detectors_checked"":1658880}"
        64,         0,         0,   0.450,exact_mw,98ed6542f5a75ebddbda0ed622fb597fbc85d0a75d139587b6be9a08147ba42d,"{""distance"":7,""physical_error_rate"":0.002}","{""detection_events"":414,""detectors_checked"":51840}"
      1024,         0,         0,   0.486,exact_mw,8c54babb212143042928b0eca3852c18ac799bf66eb488a668303745c8494fc5,"{""distance"":7,""physical_error_rate"":0.0005}","{""detection_events"":1485,""detectors_checked"":829440}"
      4096,         0,         0,    1.35,exact_mw,8c54babb212143042928b0eca3852c18ac799bf66eb488a668303745c8494fc5,"{""distance"":7,""physical_error_rate"":0.0005}","{""detection_events"":6138,""detectors_checked"":3317760}"
       320,         0,         0,    2.14,exact_mw,98ed6542f5a75ebddbda0ed622fb597fbc85d0a75d139587b6be9a08147ba42d,"{""distance"":7,""physical_error_rate"":0.002}","{""detection_events"":1849,""detectors_checked"":259200}"
       256,         0,         0,   0.404,exact_mw,d2cc2b129abad1f985b8639603638d6030a837aa2fe57172dffdf28919c1c286,"{""distance"":7,""physical_error_rate"":0.001}","{""detection_events"":775,""detectors_checked"":207360}"
      2048,         0,         0,   0.730,exact_mw,8c54babb212143042928b0eca3852c18ac799bf66eb488a668303745c8494fc5,"{""distance"":7,""physical_error_rate"":0.0005}","{""detection_events"":3122,""detectors_checked"":1658880}"
        32,         0,         0,   0.331,exact_mw,98ed6542f5a75ebddbda0ed622fb597fbc85d0a75d139587b6be9a08147ba42d,"{""distance"":7,""physical_error_rate"":0.002}","{""detection_events"":186,""detectors_checked"":25920}"
       256,         0,         0,   0.655,exact_mw,d2cc2b129abad1f985b8639603638d6030a837aa2fe57172dffdf28919c1c286,"{""distance"":7,""physical_error_rate"":0.001}","{""detection_events"":791,""detectors_checked"":207360}"
       256,         0,         0,   0.817,exact_mw,d2cc2b129abad1f985b8639603638d6030a837aa2fe57172dffdf28919c1c286,"{""distance"":7,""physical_error_rate"":0.001}","{""detection_events"":794,""detectors_checked"":207360}"
        64,         0,         0,   0.400,exact_mw,98ed6542f5a75ebddbda0ed622fb597fbc85d0a75d139587b6be9a08147ba42d,"{""distance"":7,""physical_error_rate"":0.002}","{""detection_events"":379,""detectors_checked"":51840}"
      9216,         0,         0,    17.1,exact_mw,8c54babb212143042928b0eca3852c18ac799bf66eb488a668303745c8494fc5,"{""distance"":7,""physical_error_rate"":0.0005}","{""detection_events"":13725,""detectors_checked"":7464960}"
        32,         0,         0,   0.347,exact_mw,98ed6542f5a75ebddbda0ed622fb597fbc85d0a75d139587b6be9a08147ba42d,"{""distance"":7,""physical_error_rate"":0.002}","{""detection_events"":240,""detectors_checked"":25920}"
       256,         0,         0,   0.430,exact_mw,d2cc2b129abad1f985b8639603638d6030a837aa2fe57172dffdf28919c1c286,"{""distance"":7,""physical_error_rate"":0.001}","{""detection_events"":723,""detectors_checked"":207360}"
        32,         0,         0,   0.126,exact_mw,98ed6542f5a75ebddbda0ed622fb597fbc85d0a75d139587b6be9a08147ba42d,"{""distance"":7,""physical_error_rate"":0.002}","{""detection_events"":167,""detectors_checked"":25920}"
      1024,         0,         0,   0.529,exact_mw,8c54babb212143042928b0eca3852c18ac799bf66eb488a668303745c8494fc5,"{""distance"":7,""physical_error_rate"":0.0005}","{""detection_events"":1594,""detectors_checked"":829440}"
       128,         0,         0,    1.06,exact_mw,98ed6542f5a75ebddbda0ed622fb597fbc85d0a75d139587b6be9a08147ba42d,"{""distance"":7,""physical_error_rate"":0.002}","{""detection_events"":730,""detectors_checked"":103680}"
      2048,         0,         0,   0.591,exact_mw,8c54babb212143042928b0eca3852c18ac799bf66eb488a668303745c8494fc5,"{""distance"":7,""physical_error_rate"":0.0005}","{""detection_events"":3130,""detectors_checked"":1658880}"
       256,         0,         0,   0.901,exact_mw,d2cc2b129abad1f985b8639603638d6030a837aa2fe57172dffdf28919c1c286,"{""distance"":7,""physical_error_rate"":0.001}","{""detection_events"":765,""detectors_checked"":207360}"
       192,         0,         0,    1.39,exact_mw,98ed6542f5a75ebddbda0ed622fb597fbc85d0a75d139587b6be9a08147ba42d,"{""distance"":7,""physical_error_rate"":0.002}","{""detection_events"":1168,""detectors_checked"":155520}"
       128,         0,         0,    1.05,exact_mw,98ed6542f5a75ebddbda0ed622fb597fbc85d0a75d139587b6be9a08147ba42d,"{""distance"":7,""physical_error_rate"":0.002}","{""detection_events"":776,""detectors_checked"":103680}"
      3072,         0,         0,   0.985,exact_mw,8c54babb212143042928b0eca3852c18ac799bf66eb488a668303745c8494fc5,"{""distance"":7,""physical_error_rate"":0.0005}","{""detection_events"":4612,""detectors_checked"":2488320}"
        64,         0,         0,   0.562,exact_mw,98ed6542f5a75ebddbda0ed622fb597fbc85d0a75d139587b6be9a08147ba42d,"{""distance"":7,""physical_error_rate"":0.002}","{""detection_events"":361,""detectors_checked"":51840}"
       256,         0,         0,   0.480,exact_mw,d2cc2b129abad1f985b8639603638d6030a837aa2fe57172dffdf28919c1c286,"{""distance"":7,""physical_error_rate"":0.001}","{""detection_events"":817,""detectors_checked"":207360}"
      1024,         0,         0,   0.435,exact_mw,8c54babb212143042928b0eca3852c18ac799bf66eb488a668303745c8494fc5,"{""distance"":7,""physical_error_rate"":0.0005}","{""detection_events"":1666,""detectors_checked"":829440}"
      5120,         0,         0,    1.73,exact_mw,8c54babb212143042928b0eca3852c18ac799bf66eb488a668303745c8494fc5,"{""distance"":7,""physical_error_rate"":0.0005}","{""detection_events"":7696,""detectors_checked"":4147200}"
       512,         0,         0,   0.876,exact_mw,d2cc2b129abad1f985b8639603638d6030a837aa2fe57172dffdf28919c1c286,"{""distance"":7,""physical_error_rate"":0.001}","{""detection_events"":1519,""detectors_checked"":414720}"
       256,         0,         0,   0.945,exact_mw,d2cc2b129abad1f985b8639603638d6030a837aa2fe57172dffdf28919c1c286,"{""distance"":7,""physical_error_rate"":0.001}","{""detection_events"":780,""detectors_checked"":207360}"
       256,         0,         0,   0.617,exact_mw,d2cc2b129abad1f985b8639603638d6030a837aa2fe57172dffdf28919c1c286,"{""distance"":7,""physical_error_rate"":0.001}","{""detection_events"":845,""detectors_checked"":207360}"
       128,         0,         0,   0.784,exact_mw,98ed6542f5a75ebddbda0ed622fb597fbc85d0a75d139587b6be9a08147ba42d,"{""distance"":7,""physical_error_rate"":0.002}","{""detection_events"":757,""detectors_checked"":103680}"
        64,         0,         0,   0.476,exact_mw,98ed6542f5a75ebddbda0ed622fb597fbc85d0a75d139587b6be9a08147ba42d,"{""distance"":7,""physical_error_rate"":0.002}","{""detection_events"":417,""detectors_checked"":51840}"
       128,         0,         0,   0.969,exact_mw,98ed6542f5a75ebddbda0ed622fb597fbc85d0a75d139587b6be9a08147ba42d,"{""distance"":7,""physical_error_rate"":0.002}","{""detection_events"":765,""detectors_checked"":103680}"
      1024,         0,         0,   0.592,exact_mw,8c54babb212143042928b0eca3852c18ac799bf66eb488a668303745c8494fc5,"{""distance"":7,""physical_error_rate"":0.0005}","{""detection_events"":1696,""detectors_checked"":829440}"
       256,         0,         0,   0.426,exact_mw,d2cc2b129abad1f985b8639603638d6030a837aa2fe57172dffdf28919c1c286,"{""distance"":7,""physical_error_rate"":0.001}","{""detection_events"":798,""detectors_checked"":207360}"
      2048,         0,         0,   1.000,exact_mw,8c54babb212143042928b0eca3852c18ac799bf66eb488a668303745c8494fc5,"{""distance"":7,""physical_error_rate"":0.0005}","{""detection_events"":3303,""detectors_checked"":1658880}"
       128,         0,         0,   0.911,exact_mw,98ed6542f5a75ebddbda0ed622fb597fbc85d0a75d139587b6be9a08147ba42d,"{""distance"":7,""physical_error_rate"":0.002}","{""detection_events"":832,""detectors_checked"":103680}"
      5120,         0,         0,    1.73,exact_mw,8c54babb212143042928b0eca3852c18ac799bf66eb488a668303745c8494fc5,"{""distance"":7,""physical_error_rate"":0.0005}","{""detection_events"":7648,""detectors_checked"":4147200}"
      1024,         0,         0,   0.226,exact_mw,8c54babb212143042928b0eca3852c18ac799bf66eb488a668303745c8494fc5,"{""distance"":7,""physical_error_rate"":0.0005}","{""detection_events"":1532,""detectors_checked"":829440}"
       512,         0,         0,   0.875,exact_mw,d2cc2b129abad1f985b8639603638d6030a837aa2fe57172dffdf28919c1c286,"{""distance"":7,""physical_error_rate"":0.001}","{""detection_events"":1564,""detectors_checked"":414720}"
       256,         0,         0,   0.635,exact_mw,d2cc2b129abad1f985b8639603638d6030a837aa2fe57172dffdf28919c1c286,"{""distance"":7,""physical_error_rate"":0.001}","{""detection_events"":809,""detectors_checked"":207360}"
        64,         0,         0,   0.623,exact_mw,98ed6542f5a75ebddbda0ed622fb597fbc85d0a75d139587b6be9a08147ba42d,"{""distance"":7,""physical_error_rate"":0.002}","{""detection_events"":413,""detectors_checked"":51840}"
      1024,         0,         0,   0.191,exact_mw,8c54babb212143042928b0eca3852c18ac799bf66eb488a668303745c8494fc5,"{""distance"":7,""physical_error_rate"":0.0005}","{""detection_events"":1525,""detectors_checked"":829440}"
      6144,         0,         0,    11.7,exact_mw,d2cc2b129abad1f985b8639603638d6030a837aa2fe57172dffdf28919c1c286,"{""distance"":7,""physical_error_rate"":0.001}","{""detection_events"":18641,""detectors_checked"":4976640}"
       256,         0,         0,   0.491,exact_mw,d2cc2b129abad1f985b8639603638d6030a837aa2fe57172dffdf28919c1c286,"{""distance"":7,""physical_error_rate"":0.001}","{""detection_events"":734,""detectors_checked"":207360}"
       512,         0,         0,    1.05,exact_mw,d2cc2b129abad1f985b8639603638d6030a837aa2fe57172dffdf28919c1c286,"{""distance"":7,""physical_error_rate"":0.001}","{""detection_events"":1588,""detectors_checked"":414720}"
       256,         0,         0,    2.12,exact_mw,98ed6542f5a75ebddbda0ed622fb597fbc85d0a75d139587b6be9a08147ba42d,"{""distance"":7,""physical_error_rate"":0.002}","{""detection_events"":1518,""detectors_checked"":207360}"
       128,         0,         0,   0.840,exact_mw,98ed6542f5a75ebddbda0ed622fb597fbc85d0a75d139587b6be9a08147ba42d,"{""distance"":7,""physical_error_rate"":0.002}","{""detection_events"":758,""detectors_checked"":103680}"
      4096,         0,         0,    1.38,exact_mw,8c54babb212143042928b0eca3852c18ac799bf66eb488a668303745c8494fc5,"{""distance"":7,""physical_error_rate"":0.0005}","{""detection_events"":5998,""detectors_checked"":3317760}"
      1024,         0,         0,   0.287,exact_mw,8c54babb212143042928b0eca3852c18ac799bf66eb488a668303745c8494fc5,"{""distance"":7,""physical_error_rate"":0.0005}","{""detection_events"":1509,""detectors_checked"":829440}"
       256,         0,         0,   0.503,exact_mw,d2cc2b129abad1f985b8639603638d6030a837aa2fe57172dffdf28919c1c286,"{""distance"":7,""physical_error_rate"":0.001}","{""detection_events"":773,""detectors_checked"":207360}"
       128,         0,         0,   0.828,exact_mw,98ed6542f5a75ebddbda0ed622fb597fbc85d0a75d139587b6be9a08147ba42d,"{""distance"":7,""physical_error_rate"":0.002}","{""detection_events"":797,""detectors_checked"":103680}"
        64,         0,         0,   0.529,exact_mw,98ed6542f5a75ebddbda0ed622fb597fbc85d0a75d139587b6be9a08147ba42d,"{""distance"":7,""physical_error_rate"":0.002}","{""detection_events"":365,""detectors_checked"":51840}"
       128,         0,         0,    1.20,exact_mw,98ed6542f5a75ebddbda0ed622fb597fbc85d0a75d139587b6be9a08147ba42d,"{""distance"":7,""physical_error_rate"":0.002}","{""detection_events"":800,""detectors_checked"":103680}"
      2048,         0,         0,    1.16,exact_mw,8c54babb212143042928b0eca3852c18ac799bf66eb488a668303745c8494fc5,"{""distance"":7,""physical_error_rate"":0.0005}","{""detection_events"":3076,""detectors_checked"":1658880}"
       512,         0,         0,   0.759,exact_mw,d2cc2b129abad1f985b8639603638d6030a837aa2fe57172dffdf28919c1c286,"{""distance"":7,""physical_error_rate"":0.001}","{""detection_events"":1529,""detectors_checked"":414720}"
        64,         0,         0,   0.362,exact_mw,98ed6542f5a75ebddbda0ed622fb597fbc85d0a75d139587b6be9a08147ba42d,"{""distance"":7,""physical_error_rate"":0.002}","{""detection_events"":343,""detectors_checked"":51840}"
      1024,         0,         0,   0.572,exact_mw,8c54babb212143042928b0eca3852c18ac799bf66eb488a668303745c8494fc5,"{""distance"":7,""physical_error_rate"":0.0005}","{""detection_events"":1628,""detectors_checked"":829440}"
       512,         0,         0,    1.21,exact_mw,d2cc2b129abad1f985b8639603638d6030a837aa2fe57172dffdf28919c1c286,"{""distance"":7,""physical_error_rate"":0.001}","{""detection_events"":1553,""detectors_checked"":414720}"
       128,         0,         0,   0.894,exact_mw,98ed6542f5a75ebddbda0ed622fb597fbc85d0a75d139587b6be9a08147ba42d,"{""distance"":7,""physical_error_rate"":0.002}","{""detection_events"":758,""detectors_checked"":103680}"
       256,         0,         0,   0.703,exact_mw,d2cc2b129abad1f985b8639603638d6030a837aa2fe57172dffdf28919c1c286,"{""distance"":7,""physical_error_rate"":0.001}","{""detection_events"":736,""detectors_checked"":207360}"
      1024,         0,         0,   0.373,exact_mw,8c54babb212143042928b0eca3852c18ac799bf66eb488a668303745c8494fc5,"{""distance"":7,""physical_error_rate"":0.0005}","{""detection_events"":1591,""detectors_checked"":829440}"
       320,         0,         0,    2.72,exact_mw,98ed6542f5a75ebddbda0ed622fb597fbc85d0a75d139587b6be9a08147ba42d,"{""distance"":7,""physical_error_rate"":0.002}","{""detection_events"":1839,""detectors_checked"":259200}"
       256,         0,         0,   0.364,exact_mw,d2cc2b129abad1f985b8639603638d6030a837aa2fe57172dffdf28919c1c286,"{""distance"":7,""physical_error_rate"":0.001}","{""detection_events"":729,""detectors_checked"":207360}"
       768,         0,         0,    1.41,exact_mw,d2cc2b129abad1f985b8639603638d6030a837aa2fe57172dffdf28919c1c286,"{""distance"":7,""physical_error_rate"":0.001}","{""detection_events"":2359,""detectors_checked"":622080}"
        64,         0,         0,   0.646,exact_mw,98ed6542f5a75ebddbda0ed622fb597fbc85d0a75d139587b6be9a08147ba42d,"{""distance"":7,""physical_error_rate"":0.002}","{""detection_events"":400,""detectors_checked"":51840}"
      6144,         0,         0,    2.62,exact_mw,8c54babb212143042928b0eca3852c18ac799bf66eb488a668303745c8494fc5,"{""distance"":7,""physical_error_rate"":0.0005}","{""detection_events"":9727,""detectors_checked"":4976640}"
      1024,         0,         0,   0.446,exact_mw,8c54babb212143042928b0eca3852c18ac799bf66eb488a668303745c8494fc5,"{""distance"":7,""physical_error_rate"":0.0005}","{""detection_events"":1497,""detectors_checked"":829440}"
       512,         0,         0,   0.958,exact_mw,d2cc2b129abad1f985b8639603638d6030a837aa2fe57172dffdf28919c1c286,"{""distance"":7,""physical_error_rate"":0.001}","{""detection_events"":1463,""detectors_checked"":414720}"
       128,         0,         0,    1.12,exact_mw,98ed6542f5a75ebddbda0ed622fb597fbc85d0a75d139587b6be9a08147ba42d,"{""distance"":7,""physical_error_rate"":0.002}","{""detection_events"":785,""detectors_checked"":103680}"
      4096,         1,         0,    1.77,exact_mw,8c54babb212143042928b0eca3852c18ac799bf66eb488a668303745c8494fc5,"{""distance"":7,""physical_error_rate"":0.0005}","{""detection_events"":6361,""detectors_checked"":3317760,""obs_mistake_mask=E"":1}"
      7168,         0,         0,    2.29,exact_mw,8c54babb212143042928b0eca3852c18ac799bf66eb488a668303745c8494fc5,"{""distance"":7,""physical_error_rate"":0.0005}","{""detection_events"":10661,""detectors_checked"":5806080}"
        64,         0,         0,   0.505,exact_mw,98ed6542f5a75ebddbda0ed622fb597fbc85d0a75d139587b6be9a08147ba42d,"{""distance"":7,""physical_error_rate"":0.002}","{""detection_events"":414,""detectors_checked"":51840}"
       256,         0,         0,   0.730,exact_mw,d2cc2b129abad1f985b8639603638d6030a837aa2fe57172dffdf28919c1c286,"{""distance"":7,""physical_error_rate"":0.001}","{""detection_events"":781,""detectors_checked"":207360}"
       256,         0,         0,    1.83,exact_mw,98ed6542f5a75ebddbda0ed622fb597fbc85d0a75d139587b6be9a08147ba42d,"{""distance"":7,""physical_error_rate"":0.002}","{""detection_events"":1470,""detectors_checked"":207360}"
      2048,         0,         0,   0.746,exact_mw,8c54babb212143042928b0eca3852c18ac799bf66eb488a668303745c8494fc5,"{""distance"":7,""physical_error_rate"":0.0005}","{""detection_events"":3068,""detectors_checked"":1658880}"
        64,         0,         0,   0.459,exact_mw,98ed6542f5a75ebddbda0ed622fb597fbc85d0a75d139587b6be9a08147ba42d,"{""distance"":7,""physical_error_rate"":0.002}","{""detection_events"":368,""detectors_checked"":51840}"
      4096,         0,         0,    1.95,exact_mw,8c54babb212143042928b0eca3852c18ac799bf66eb488a668303745c8494fc5,"{""distance"":7,""physical_error_rate"":0.0005}","{""detection_events"":6121,""detectors_checked"":3317760}"
       128,         0,         0,   0.962,exact_mw,98ed6542f5a75ebddbda0ed622fb597fbc85d0a75d139587b6be9a08147ba42d,"{""distance"":7,""physical_error_rate"":0.002}","{""detection_events"":847,""detectors_checked"":103680}"
      1024,         0,         0,    1.76,exact_mw,d2cc2b129abad1f985b8639603638d6030a837aa2fe57172dffdf28919c1c286,"{""distance"":7,""physical_error_rate"":0.001}","{""detection_events"":3028,""detectors_checked"":829440}"
       512,         1,         0,    1.03,exact_mw,d2cc2b129abad1f985b8639603638d6030a837aa2fe57172dffdf28919c1c286,"{""distance"":7,""physical_error_rate"":0.001}","{""detection_events"":1504,""detectors_checked"":414720,""obs_mistake_mask=E"":1}"
       256,         0,         0,    1.83,exact_mw,98ed6542f5a75ebddbda0ed622fb597fbc85d0a75d139587b6be9a08147ba42d,"{""distance"":7,""physical_error_rate"":0.002}","{""detection_events"":1441,""detectors_checked"":207360}"
       384,         0,         0,    2.92,exact_mw,98ed6542f5a75ebddbda0ed622fb597fbc85d0a75d139587b6be9a08147ba42d,"{""distance"":7,""physical_error_rate"":0.002}","{""detection_events"":2240,""detectors_checked"":311040}"
       512,         0,         0,   0.855,exact_mw,d2cc2b129abad1f985b8639603638d6030a837aa2fe57172dffdf28919c1c286,"{""distance"":7,""physical_error_rate"":0.001}","{""detection_events"":1512,""detectors_checked"":414720}"
       768,         0,         0,    1.70,exact_mw,d2cc2b129abad1f985b8639603638d6030a837aa2fe57172dffdf28919c1c286,"{""distance"":7,""physical_error_rate"":0.001}","{""detection_events"":2366,""detectors_checked"":622080}"
       128,         0,         0,    1.06,exact_mw,98ed6542f5a75ebddbda0ed622fb597fbc85d0a75d139587b6be9a08147ba42d,"{""distance"":7,""physical_error_rate"":0.002}","{""detection_events"":794,""detectors_checked"":103680}"
      3072,         0,         0,    1.33,exact_mw,8c54babb212143042928b0eca3852c18ac799bf66eb488a668303745c8494fc5,"{""distance"":7,""physical_error_rate"":0.0005}","{""detection_events"":4842,""detectors_checked"":2488320}"
       128,         0,         0,    1.09,exact_mw,98ed6542f5a75ebddbda0ed622fb597fbc85d0a75d139587b6be9a08147ba42d,"{""distance"":7,""physical_error_rate"":0.002}","{""detection_events"":813,""detectors_checked"":103680}"
       320,         0,         0,    2.52,exact_mw,98ed6542f5a75ebddbda0ed622fb597fbc85d0a75d139587b6be9a08147ba42d,"{""distance"":7,""physical_error_rate"":0.002}","{""detection_events"":1938,""detectors_checked"":259200}"
       512,         0,         0,   0.887,exact_mw,d2cc2b129abad1f985b8639603638d6030a837aa2fe57172dffdf28919c1c286,"{""distance"":7,""physical_error_rate"":0.001}","{""detection_events"":1606,""detectors_checked"":414720}"
       768,         0,         0,    1.39,exact_mw,d2cc2b129abad1f985b8639603638d6030a837aa2fe57172dffdf28919c1c286,"{""distance"":7,""physical_error_rate"":0.001}","{""detection_events"":2245,""detectors_checked"":622080}"
       256,         0,         0,    1.94,exact_mw,98ed6542f5a75ebddbda0ed622fb597fbc85d0a75d139587b6be9a08147ba42d,"{""distance"":7,""physical_error_rate"":0.002}","{""detection_events"":1550,""detectors_checked"":207360}"
      6144,         1,         0,    2.28,exact_mw,8c54babb212143042928b0eca3852c18ac799bf66eb488a668303745c8494fc5,"{""distance"":7,""physical_error_rate"":0.0005}","{""detection_events"":9384,""detectors_checked"":4976640,""obs_mistake_mask=E"":1}"
      1024,         0,         0,    1.65,exact_mw,d2cc2b129abad1f985b8639603638d6030a837aa2fe57172dffdf28919c1c286,"{""distance"":7,""physical_error_rate"":0.001}","{""detection_events"":3036,""detectors_checked"":829440}"
       128,         0,         0,   0.957,exact_mw,98ed6542f5a75ebddbda0ed622fb597fbc85d0a75d139587b6be9a08147ba42d,"{""distance"":7,""physical_error_rate"":0.002}","{""detection_events"":756,""detectors_checked"":103680}"
       128,         0,         0,   0.911,exact_mw,98ed6542f5a75ebddbda0ed622fb597fbc85d0a75d139587b6be9a08147ba42d,"{""distance"":7,""physical_error_rate"":0.002}","{""detection_events"":722,""detectors_checked"":103680}"
     10240,         0,         0,    3.31,exact_mw,8c54babb212143042928b0eca3852c18ac799bf66eb488a668303745c8494fc5,"{""distance"":7,""physical_error_rate"":0.0005}","{""detection_events"":15422,""detectors_checked"":8294400}"
      4096,         0,         0,    2.26,exact_mw,8c54babb212143042928b0eca3852c18ac799bf66eb488a668303745c8494fc5,"{""distance"":7,""physical_error_rate"":0.0005}","{""detection_events"":6302,""detectors_checked"":3317760}"
      4096,         0,         0,    1.24,exact_mw,8c54babb212143042928b0eca3852c18ac799bf66eb488a668303745c8494fc5,"{""distance"":7,""physical_error_rate"":0.0005}","{""detection_events"":6025,""detectors_checked"":3317760}"
       256,         0,         0,    2.17,exact_mw,98ed6542f5a75ebddbda0ed622fb597fbc85d0a75d139587b6be9a08147ba42d,"{""distance"":7,""physical_error_rate"":0.002}","{""detection_events"":1591,""detectors_checked"":207360}"
     10240,         1,         0,    3.39,exact_mw,8c54babb212143042928b0eca3852c18ac799bf66eb488a668303745c8494fc5,"{""distance"":7,""physical_error_rate"":0.0005}","{""detection_events"":15524,""detectors_checked"":8294400,""obs_mistake_mask=E"":1}"
      1280,         0,         0,    2.25,exact_mw,d2cc2b129abad1f985b8639603638d6030a837aa2fe57172dffdf28919c1c286,"{""distance"":7,""physical_error_rate"":0.001}","{""detection_events"":3732,""detectors_checked"":1036800}"
       768,         0,         0,    1.54,exact_mw,d2cc2b129abad1f985b8639603638d6030a837aa2fe57172dffdf28919c1c286,"{""distance"":7,""physical_error_rate"":0.001}","{""detection_events"":2325,""detectors_checked"":622080}"
       128,         0,         0,   0.776,exact_mw,98ed6542f5a75ebddbda0ed622fb597fbc85d0a75d139587b6be9a08147ba42d,"{""distance"":7,""physical_error_rate"":0.002}","{""detection_events"":812,""detectors_checked"":103680}"
       768,         0,         0,    1.60,exact_mw,d2cc2b129abad1f985b8639603638d6030a837aa2fe57172dffdf28919c1c286,"{""distance"":7,""physical_error_rate"":0.001}","{""detection_events"":2398,""detectors_checked"":622080}"
       192,         0,         0,    1.60,exact_mw,98ed6542f5a75ebddbda0ed622fb597fbc85d0a75d139587b6be9a08147ba42d,"{""distance"":7,""physical_error_rate"":0.002}","{""detection_events"":1126,""detectors_checked"":155520}"
       512,         0,         0,    3.44,exact_mw,98ed6542f5a75ebddbda0ed622fb597fbc85d0a75d139587b6be9a08147ba42d,"{""distance"":7,""physical_error_rate"":0.002}","{""detection_events"":3059,""detectors_checked"":414720}"
       128,         0,         0,    1.04,exact_mw,98ed6542f5a75ebddbda0ed622fb597fbc85d0a75d139587b6be9a08147ba42d,"{""distance"":7,""physical_error_rate"":0.002}","{""detection_events"":784,""detectors_checked"":103680}"
      4096,         0,         0,    1.59,exact_mw,8c54babb212143042928b0eca3852c18ac799bf66eb488a668303745c8494fc5,"{""distance"":7,""physical_error_rate"":0.0005}","{""detection_events"":6261,""detectors_checked"":3317760}"
      1024,         0,         0,    2.22,exact_mw,d2cc2b129abad1f985b8639603638d6030a837aa2fe57172dffdf28919c1c286,"{""distance"":7,""physical_error_rate"":0.001}","{""detection_events"":3076,""detectors_checked"":829440}"
       384,         0,         0,    2.80,exact_mw,98ed6542f5a75ebddbda0ed622fb597fbc85d0a75d139587b6be9a08147ba42d,"{""distance"":7,""physical_error_rate"":0.002}","{""detection_events"":2454,""detectors_checked"":311040}"
       384,         0,         0,    3.21,exact_mw,98ed6542f5a75ebddbda0ed622fb597fbc85d0a75d139587b6be9a08147ba42d,"{""distance"":7,""physical_error_rate"":0.002}","{""detection_events"":2227,""detectors_checked"":311040}"
      1024,         0,         0,    1.85,exact_mw,d2cc2b129abad1f985b8639603638d6030a837aa2fe57172dffdf28919c1c286,"{""distance"":7,""physical_error_rate"":0.001}","{""detection_events"":3128,""detectors_checked"":829440}"
       256,         0,         0,    2.31,exact_mw,98ed6542f5a75ebddbda0ed622fb597fbc85d0a75d139587b6be9a08147ba42d,"{""distance"":7,""physical_error_rate"":0.002}","{""detection_events"":1580,""detectors_checked"":207360}"
      9216,         0,         0,    3.17,exact_mw,8c54babb212143042928b0eca3852c18ac799bf66eb488a668303745c8494fc5,"{""distance"":7,""physical_error_rate"":0.0005}","{""detection_events"":13890,""detectors_checked"":7464960}"
       128,         0,         0,    1.24,exact_mw,98ed6542f5a75ebddbda0ed622fb597fbc85d0a75d139587b6be9a08147ba42d,"{""distance"":7,""physical_error_rate"":0.002}","{""detection_events"":789,""detectors_checked"":103680}"
       192,         0,         0,    1.85,exact_mw,98ed6542f5a75ebddbda0ed622fb597fbc85d0a75d139587b6be9a08147ba42d,"{""distance"":7,""physical_error_rate"":0.002}","{""detection_events"":1292,""detectors_checked"":155520}"
      2848,         1,         0,   120.3,exact_mw,98ed6542f5a75ebddbda0ed622fb597fbc85d0a75d139587b6be9a08147ba42d,"{""distance"":7,""physical_error_rate"":0.002}","{""detection_events"":16922,""detectors_checked"":2306880,""obs_mistake_mask=E"":1}"
      6144,         1,         0,    3.10,exact_mw,8c54babb212143042928b0eca3852c18ac799bf66eb488a668303745c8494fc5,"{""distance"":7,""physical_error_rate"":0.0005}","{""detection_events"":9522,""detectors_checked"":4976640,""obs_mistake_mask=E"":1}"
      1280,         0,         0,    2.31,exact_mw,d2cc2b129abad1f985b8639603638d6030a837aa2fe57172dffdf28919c1c286,"{""distance"":7,""physical_error_rate"":0.001}","{""detection_events"":3873,""detectors_checked"":1036800}"
    331776,         3,         0,   120.1,exact_mw,8c54babb212143042928b0eca3852c18ac799bf66eb488a668303745c8494fc5,"{""distance"":7,""physical_error_rate"":0.0005}","{""detection_events"":502700,""detectors_checked"":268738560,""obs_mistake_mask=E"":3}"
      1536,         0,         0,    3.26,exact_mw,d2cc2b129abad1f985b8639603638d6030a837aa2fe57172dffdf28919c1c286,"{""distance"":7,""physical_error_rate"":0.001}","{""detection_events"":4596,""detectors_checked"":1244160}"
      6144,         0,         0,    2.30,exact_mw,8c54babb212143042928b0eca3852c18ac799bf66eb488a668303745c8494fc5,"{""distance"":7,""physical_error_rate"":0.0005}","{""detection_events"":9120,""detectors_checked"":4976640}"
       128,         0,         0,    1.15,exact_mw,98ed6542f5a75ebddbda0ed622fb597fbc85d0a75d139587b6be9a08147ba42d,"{""distance"":7,""physical_error_rate"":0.002}","{""detection_events"":732,""detectors_checked"":103680}"
     12288,         0,         0,    4.29,exact_mw,8c54babb212143042928b0eca3852c18ac799bf66eb488a668303745c8494fc5,"{""distance"":7,""physical_error_rate"":0.0005}","{""detection_events"":18558,""detectors_checked"":9953280}"
     13312,         0,         0,    4.48,exact_mw,8c54babb212143042928b0eca3852c18ac799bf66eb488a668303745c8494fc5,"{""distance"":7,""physical_error_rate"":0.0005}","{""detection_events"":20531,""detectors_checked"":10782720}"
      1280,         0,         0,    2.67,exact_mw,d2cc2b129abad1f985b8639603638d6030a837aa2fe57172dffdf28919c1c286,"{""distance"":7,""physical_error_rate"":0.001}","{""detection_events"":3977,""detectors_checked"":1036800}"
      1536,         0,         0,    3.37,exact_mw,d2cc2b129abad1f985b8639603638d6030a837aa2fe57172dffdf28919c1c286,"{""distance"":7,""physical_error_rate"":0.001}","{""detection_events"":4876,""detectors_checked"":1244160}"
    331776,         0,         0,   120.1,exact_mw,8c54babb212143042928b0eca3852c18ac799bf66eb488a668303745c8494fc5,"{""distance"":7,""physical_error_rate"":0.0005}","{""detection_events"":505150,""detectors_checked"":268738560}"
       384,         0,         0,    3.10,exact_mw,98ed6542f5a75ebddbda0ed622fb597fbc85d0a75d139587b6be9a08147ba42d,"{""distance"":7,""physical_error_rate"":0.002}","{""detection_events"":2381,""detectors_checked"":311040}"
       512,         0,         0,    3.55,exact_mw,98ed6542f5a75ebddbda0ed622fb597fbc85d0a75d139587b6be9a08147ba42d,"{""distance"":7,""physical_error_rate"":0.002}","{""detection_events"":2954,""detectors_checked"":414720}"
       320,         0,         0,    2.70,exact_mw,98ed6542f5a75ebddbda0ed622fb597fbc85d0a75d139587b6be9a08147ba42d,"{""distance"":7,""physical_error_rate"":0.002}","{""detection_events"":1957,""detectors_checked"":259200}"
       640,         0,         0,    4.90,exact_mw,98ed6542f5a75ebddbda0ed622fb597fbc85d0a75d139587b6be9a08147ba42d,"{""distance"":7,""physical_error_rate"":0.002}","{""detection_events"":3922,""detectors_checked"":518400}"
       256,         0,         0,    2.41,exact_mw,98ed6542f5a75ebddbda0ed622fb597fbc85d0a75d139587b6be9a08147ba42d,"{""distance"":7,""physical_error_rate"":0.002}","{""detection_events"":1630,""detectors_checked"":207360}"
      1792,         0,         0,    3.47,exact_mw,d2cc2b129abad1f985b8639603638d6030a837aa2fe57172dffdf28919c1c286,"{""distance"":7,""physical_error_rate"":0.001}","{""detection_events"":5259,""detectors_checked"":1451520}"
       512,         0,         0,    4.76,exact_mw,98ed6542f5a75ebddbda0ed622fb597fbc85d0a75d139587b6be9a08147ba42d,"{""distance"":7,""physical_error_rate"":0.002}","{""detection_events"":3083,""detectors_checked"":414720}"
     12288,         0,         0,    4.48,exact_mw,8c54babb212143042928b0eca3852c18ac799bf66eb488a668303745c8494fc5,"{""distance"":7,""physical_error_rate"":0.0005}","{""detection_events"":18775,""detectors_checked"":9953280}"
      9216,         0,         0,    3.09,exact_mw,8c54babb212143042928b0eca3852c18ac799bf66eb488a668303745c8494fc5,"{""distance"":7,""physical_error_rate"":0.0005}","{""detection_events"":13954,""detectors_checked"":7464960}"
      9216,         0,         0,    4.40,exact_mw,8c54babb212143042928b0eca3852c18ac799bf66eb488a668303745c8494fc5,"{""distance"":7,""physical_error_rate"":0.0005}","{""detection_events"":14039,""detectors_checked"":7464960}"
      1536,         0,         0,    3.16,exact_mw,d2cc2b129abad1f985b8639603638d6030a837aa2fe57172dffdf28919c1c286,"{""distance"":7,""physical_error_rate"":0.001}","{""detection_events"":4669,""detectors_checked"":1244160}"
     64512,         1,         0,    23.1,exact_mw,8c54babb212143042928b0eca3852c18ac799bf66eb488a668303745c8494fc5,"{""distance"":7,""physical_error_rate"":0.0005}","{""detection_events"":98273,""detectors_checked"":52254720,""obs_mistake_mask=E"":1}"
      2048,         0,         0,    4.61,exact_mw,d2cc2b129abad1f985b8639603638d6030a837aa2fe57172dffdf28919c1c286,"{""distance"":7,""physical_error_rate"":0.001}","{""detection_events"":6308,""detectors_checked"":1658880}"
     54464,         2,         0,   120.3,exact_mw,d2cc2b129abad1f985b8639603638d6030a837aa2fe57172dffdf28919c1c286,"{""distance"":7,""physical_error_rate"":0.001}","{""detection_events"":165215,""detectors_checked"":44115840,""obs_mistake_mask=E"":2}"
       320,         0,         0,    3.34,exact_mw,98ed6542f5a75ebddbda0ed622fb597fbc85d0a75d139587b6be9a08147ba42d,"{""distance"":7,""physical_error_rate"":0.002}","{""detection_events"":2024,""detectors_checked"":259200}"
       384,         0,         0,    2.77,exact_mw,98ed6542f5a75ebddbda0ed622fb597fbc85d0a75d139587b6be9a08147ba42d,"{""distance"":7,""physical_error_rate"":0.002}","{""detection_events"":2272,""detectors_checked"":311040}"
      1792,         0,         0,    4.56,exact_mw,d2cc2b129abad1f985b8639603638d6030a837aa2fe57172dffdf28919c1c286,"{""distance"":7,""physical_error_rate"":0.001}","{""detection_events"":5511,""detectors_checked"":1451520}"
      3136,         1,         0,    22.9,exact_mw,98ed6542f5a75ebddbda0ed622fb597fbc85d0a75d139587b6be9a08147ba42d,"{""distance"":7,""physical_error_rate"":0.002}","{""detection_events"":18878,""detectors_checked"":2540160,""obs_mistake_mask=E"":1}"
       576,         0,         0,    4.65,exact_mw,98ed6542f5a75ebddbda0ed622fb597fbc85d0a75d139587b6be9a08147ba42d,"{""distance"":7,""physical_error_rate"":0.002}","{""detection_events"":3441,""detectors_checked"":466560}"
      3024,         0,         0,   120.3,exact_mw,98ed6542f5a75ebddbda0ed622fb597fbc85d0a75d139587b6be9a08147ba42d,"{""distance"":7,""physical_error_rate"":0.002}","{""detection_events"":18672,""detectors_checked"":2449440}"
       768,         0,         0,    4.96,exact_mw,98ed6542f5a75ebddbda0ed622fb597fbc85d0a75d139587b6be9a08147ba42d,"{""distance"":7,""physical_error_rate"":0.002}","{""detection_events"":4470,""detectors_checked"":622080}"
     19456,         0,         0,    6.32,exact_mw,8c54babb212143042928b0eca3852c18ac799bf66eb488a668303745c8494fc5,"{""distance"":7,""physical_error_rate"":0.0005}","{""detection_events"":29581,""detectors_checked"":15759360}"
      2048,         0,         0,    4.50,exact_mw,d2cc2b129abad1f985b8639603638d6030a837aa2fe57172dffdf28919c1c286,"{""distance"":7,""physical_error_rate"":0.001}","{""detection_events"":6482,""detectors_checked"":1658880}"
     62464,         0,         0,    23.1,exact_mw,8c54babb212143042928b0eca3852c18ac799bf66eb488a668303745c8494fc5,"{""distance"":7,""physical_error_rate"":0.0005}","{""detection_events"":95100,""detectors_checked"":50595840}"
     17408,         0,         0,    6.34,exact_mw,8c54babb212143042928b0eca3852c18ac799bf66eb488a668303745c8494fc5,"{""distance"":7,""physical_error_rate"":0.0005}","{""detection_events"":27078,""detectors_checked"":14100480}"
     12288,         0,         0,    4.55,exact_mw,8c54babb212143042928b0eca3852c18ac799bf66eb488a668303745c8494fc5,"{""distance"":7,""physical_error_rate"":0.0005}","{""detection_events"":18850,""detectors_checked"":9953280}"
      8960,         0,         0,    17.1,exact_mw,d2cc2b129abad1f985b8639603638d6030a837aa2fe57172dffdf28919c1c286,"{""distance"":7,""physical_error_rate"":0.001}","{""detection_events"":26930,""detectors_checked"":7257600}"
       384,         0,         0,    3.12,exact_mw,98ed6542f5a75ebddbda0ed622fb597fbc85d0a75d139587b6be9a08147ba42d,"{""distance"":7,""physical_error_rate"":0.002}","{""detection_events"":2286,""detectors_checked"":311040}"
      2048,         1,         0,    4.38,exact_mw,d2cc2b129abad1f985b8639603638d6030a837aa2fe57172dffdf28919c1c286,"{""distance"":7,""physical_error_rate"":0.001}","{""detection_events"":6212,""detectors_checked"":1658880,""obs_mistake_mask=E"":1}"
      3200,         0,         0,    23.5,exact_mw,98ed6542f5a75ebddbda0ed622fb597fbc85d0a75d139587b6be9a08147ba42d,"{""distance"":7,""physical_error_rate"":0.002}","{""detection_events"":19614,""detectors_checked"":2592000}"
     17408,         0,         0,    5.98,exact_mw,8c54babb212143042928b0eca3852c18ac799bf66eb488a668303745c8494fc5,"{""distance"":7,""physical_error_rate"":0.0005}","{""detection_events"":26384,""detectors_checked"":14100480}"
       704,         0,         0,    6.11,exact_mw,98ed6542f5a75ebddbda0ed622fb597fbc85d0a75d139587b6be9a08147ba42d,"{""distance"":7,""physical_error_rate"":0.002}","{""detection_events"":4283,""detectors_checked"":570240}"
       896,         0,         0,    6.79,exact_mw,98ed6542f5a75ebddbda0ed622fb597fbc85d0a75d139587b6be9a08147ba42d,"{""distance"":7,""physical_error_rate"":0.002}","{""detection_events"":5453,""detectors_checked"":725760}"
       448,         1,         0,    4.44,exact_mw,98ed6542f5a75ebddbda0ed622fb597fbc85d0a75d139587b6be9a08147ba42d,"{""distance"":7,""physical_error_rate"":0.002}","{""detection_events"":2655,""detectors_checked"":362880,""obs_mistake_mask=E"":1}"
     11008,         0,         0,    23.1,exact_mw,d2cc2b129abad1f985b8639603638d6030a837aa2fe57172dffdf28919c1c286,"{""distance"":7,""physical_error_rate"":0.001}","{""detection_events"":33179,""detectors_checked"":8916480}"
     16384,         1,         0,    6.21,exact_mw,8c54babb212143042928b0eca3852c18ac799bf66eb488a668303745c8494fc5,"{""distance"":7,""physical_error_rate"":0.0005}","{""detection_events"":25308,""detectors_checked"":13271040,""obs_mistake_mask=E"":1}"
      2816,         0,         0,    6.10,exact_mw,d2cc2b129abad1f985b8639603638d6030a837aa2fe57172dffdf28919c1c286,"{""distance"":7,""physical_error_rate"":0.001}","{""detection_events"":8571,""detectors_checked"":2280960}"
      9984,         0,         0,    23.6,exact_mw,d2cc2b129abad1f985b8639603638d6030a837aa2fe57172dffdf28919c1c286,"{""distance"":7,""physical_error_rate"":0.001}","{""detection_events"":30348,""detectors_checked"":8087040}"
     11584,         1,         0,   120.6,exact_mw,d2cc2b129abad1f985b8639603638d6030a837aa2fe57172dffdf28919c1c286,"{""distance"":7,""physical_error_rate"":0.001}","{""detection_events"":34793,""detectors_checked"":9383040,""obs_mistake_mask=E"":1}"
      2304,         0,         0,    6.14,exact_mw,d2cc2b129abad1f985b8639603638d6030a837aa2fe57172dffdf28919c1c286,"{""distance"":7,""physical_error_rate"":0.001}","{""detection_events"":6869,""detectors_checked"":1866240}"
      2816,         0,         0,    23.4,exact_mw,98ed6542f5a75ebddbda0ed622fb597fbc85d0a75d139587b6be9a08147ba42d,"{""distance"":7,""physical_error_rate"":0.002}","{""detection_events"":16971,""detectors_checked"":2280960}"
       768,         0,         0,    6.12,exact_mw,98ed6542f5a75ebddbda0ed622fb597fbc85d0a75d139587b6be9a08147ba42d,"{""distance"":7,""physical_error_rate"":0.002}","{""detection_events"":4529,""detectors_checked"":622080}"
       896,         0,         0,    5.97,exact_mw,98ed6542f5a75ebddbda0ed622fb597fbc85d0a75d139587b6be9a08147ba42d,"{""distance"":7,""physical_error_rate"":0.002}","{""detection_events"":5147,""detectors_checked"":725760}"
    316416,         2,         0,   120.3,exact_mw,8c54babb212143042928b0eca3852c18ac799bf66eb488a668303745c8494fc5,"{""distance"":7,""physical_error_rate"":0.0005}","{""detection_events"":479851,""detectors_checked"":256296960,""obs_mistake_mask=E"":2}"
     10496,         0,         0,    23.3,exact_mw,8c54babb212143042928b0eca3852c18ac799bf66eb488a668303745c8494fc5,"{""distance"":7,""physical_error_rate"":0.0005}","{""detection_events"":15957,""detectors_checked"":8501760}"
       576,         0,         0,    4.58,exact_mw,98ed6542f5a75ebddbda0ed622fb597fbc85d0a75d139587b6be9a08147ba42d,"{""distance"":7,""physical_error_rate"":0.002}","{""detection_events"":3506,""detectors_checked"":466560}"
      3072,         0,         0,    6.10,exact_mw,d2cc2b129abad1f985b8639603638d6030a837aa2fe57172dffdf28919c1c286,"{""distance"":7,""physical_error_rate"":0.001}","{""detection_events"":9370,""detectors_checked"":2488320}"
     17408,         0,         0,    6.02,exact_mw,8c54babb212143042928b0eca3852c18ac799bf66eb488a668303745c8494fc5,"{""distance"":7,""physical_error_rate"":0.0005}","{""detection_events"":26542,""detectors_checked"":14100480}"
     56832,         3,         0,   120.0,exact_mw,d2cc2b129abad1f985b8639603638d6030a837aa2fe57172dffdf28919c1c286,"{""distance"":7,""physical_error_rate"":0.001}","{""detection_events"":173272,""detectors_checked"":46033920,""obs_mistake_mask=E"":3}"
      3072,         0,         0,    6.02,exact_mw,d2cc2b129abad1f985b8639603638d6030a837aa2fe57172dffdf28919c1c286,"{""distance"":7,""physical_error_rate"":0.001}","{""detection_events"":9513,""detectors_checked"":2488320}"
     24576,         1,         0,    8.41,exact_mw,8c54babb212143042928b0eca3852c18ac799bf66eb488a668303745c8494fc5,"{""distance"":7,""physical_error_rate"":0.0005}","{""detection_events"":37218,""detectors_checked"":19906560,""obs_mistake_mask=E"":1}"
       576,         0,         0,    6.30,exact_mw,98ed6542f5a75ebddbda0ed622fb597fbc85d0a75d139587b6be9a08147ba42d,"{""distance"":7,""physical_error_rate"":0.002}","{""detection_events"":3350,""detectors_checked"":466560}"
     25600,         0,         0,    8.58,exact_mw,8c54babb212143042928b0eca3852c18ac799bf66eb488a668303745c8494fc5,"{""distance"":7,""physical_error_rate"":0.0005}","{""detection_events"":38671,""detectors_checked"":20736000}"
     24576,         0,         0,    8.41,exact_mw,8c54babb212143042928b0eca3852c18ac799bf66eb488a668303745c8494fc5,"{""distance"":7,""physical_error_rate"":0.0005}","{""detection_events"":37484,""detectors_checked"":19906560}"
      1152,         0,         0,    8.83,exact_mw,98ed6542f5a75ebddbda0ed622fb597fbc85d0a75d139587b6be9a08147ba42d,"{""distance"":7,""physical_error_rate"":0.002}","{""detection_events"":6826,""detectors_checked"":933120}"
      1152,         0,         0,    8.87,exact_mw,98ed6542f5a75ebddbda0ed622fb597fbc85d0a75d139587b6be9a08147ba42d,"{""distance"":7,""physical_error_rate"":0.002}","{""detection_events"":6983,""detectors_checked"":933120}"
     22528,         0,         0,    8.52,exact_mw,8c54babb212143042928b0eca3852c18ac799bf66eb488a668303745c8494fc5,"{""distance"":7,""physical_error_rate"":0.0005}","{""detection_events"":34256,""detectors_checked"":18247680}"
     15296,         1,         0,   120.2,exact_mw,98ed6542f5a75ebddbda0ed622fb597fbc85d0a75d139587b6be9a08147ba42d,"{""distance"":7,""physical_error_rate"":0.002}","{""detection_events"":92004,""detectors_checked"":12389760,""obs_mistake_mask=E"":1}"
    241408,         3,         0,   120.8,exact_mw,8c54babb212143042928b0eca3852c18ac799bf66eb488a668303745c8494fc5,"{""distance"":7,""physical_error_rate"":0.0005}","{""detection_events"":368072,""detectors_checked"":195540480,""obs_mistake_mask=E"":3}"
      4352,         1,         0,    8.70,exact_mw,d2cc2b129abad1f985b8639603638d6030a837aa2fe57172dffdf28919c1c286,"{""distance"":7,""physical_error_rate"":0.001}","{""detection_events"":13092,""detectors_checked"":3525120,""obs_mistake_mask=E"":1}"
    297984,         1,         0,   120.1,exact_mw,8c54babb212143042928b0eca3852c18ac799bf66eb488a668303745c8494fc5,"{""distance"":7,""physical_error_rate"":0.0005}","{""detection_events"":452464,""detectors_checked"":241367040,""obs_mistake_mask=E"":1}"
       832,         0,         0,    6.35,exact_mw,98ed6542f5a75ebddbda0ed622fb597fbc85d0a75d139587b6be9a08147ba42d,"{""distance"":7,""physical_error_rate"":0.002}","{""detection_events"":4924,""detectors_checked"":673920}"
    320512,         2,         0,   120.0,exact_mw,8c54babb212143042928b0eca3852c18ac799bf66eb488a668303745c8494fc5,"{""distance"":7,""physical_error_rate"":0.0005}","{""detection_events"":487278,""detectors_checked"":259614720,""obs_mistake_mask=E"":2}"
      3072,         0,         0,    8.49,exact_mw,d2cc2b129abad1f985b8639603638d6030a837aa2fe57172dffdf28919c1c286,"{""distance"":7,""physical_error_rate"":0.001}","{""detection_events"":9267,""detectors_checked"":2488320}"
      1152,         0,         0,    8.71,exact_mw,98ed6542f5a75ebddbda0ed622fb597fbc85d0a75d139587b6be9a08147ba42d,"{""distance"":7,""physical_error_rate"":0.002}","{""detection_events"":6906,""detectors_checked"":933120}"
      1152,         1,         0,    8.48,exact_mw,98ed6542f5a75ebddbda0ed622fb597fbc85d0a75d139587b6be9a08147ba42d,"{""distance"":7,""physical_error_rate"":0.002}","{""detection_events"":7151,""detectors_checked"":933120,""obs_mistake_mask=E"":1}"
      2880,         0,         0,   120.3,exact_mw,98ed6542f5a75ebddbda0ed622fb597fbc85d0a75d139587b6be9a08147ba42d,"{""distance"":7,""physical_error_rate"":0.002}","{""detection_events"":17328,""detectors_checked"":2332800}"
      4608,         0,         0,    8.86,exact_mw,d2cc2b129abad1f985b8639603638d6030a837aa2fe57172dffdf28919c1c286,"{""distance"":7,""physical_error_rate"":0.001}","{""detection_events"":13754,""detectors_checked"":3732480}"
     22528,         1,         0,    8.63,exact_mw,8c54babb212143042928b0eca3852c18ac799bf66eb488a668303745c8494fc5,"{""distance"":7,""physical_error_rate"":0.0005}","{""detection_events"":34100,""detectors_checked"":18247680,""obs_mistake_mask=E"":1}"
      4608,         0,         0,    8.53,exact_mw,d2cc2b129abad1f985b8639603638d6030a837aa2fe57172dffdf28919c1c286,"{""distance"":7,""physical_error_rate"":0.001}","{""detection_events"":13865,""detectors_checked"":3732480}"
     29216,         1,         0,   119.9,exact_mw,d2cc2b129abad1f985b8639603638d6030a837aa2fe57172dffdf28919c1c286,"{""distance"":7,""physical_error_rate"":0.001}","{""detection_events"":89116,""detectors_checked"":23664960,""obs_mistake_mask=E"":1}"
     14976,         2,         0,   120.2,exact_mw,98ed6542f5a75ebddbda0ed622fb597fbc85d0a75d139587b6be9a08147ba42d,"{""distance"":7,""physical_error_rate"":0.002}","{""detection_events"":90297,""detectors_checked"":12130560,""obs_mistake_mask=E"":2}"
       832,         0,         0,    8.37,exact_mw,98ed6542f5a75ebddbda0ed622fb597fbc85d0a75d139587b6be9a08147ba42d,"{""distance"":7,""physical_error_rate"":0.002}","{""detection_events"":4979,""detectors_checked"":673920}"
     34816,         0,         0,    11.8,exact_mw,8c54babb212143042928b0eca3852c18ac799bf66eb488a668303745c8494fc5,"{""distance"":7,""physical_error_rate"":0.0005}","{""detection_events"":52792,""detectors_checked"":28200960}"
      1088,         0,         0,    8.62,exact_mw,98ed6542f5a75ebddbda0ed622fb597fbc85d0a75d139587b6be9a08147ba42d,"{""distance"":7,""physical_error_rate"":0.002}","{""detection_events"":6317,""detectors_checked"":881280}"
     37888,         0,         0,    12.1,exact_mw,8c54babb212143042928b0eca3852c18ac799bf66eb488a668303745c8494fc5,"{""distance"":7,""physical_error_rate"":0.0005}","{""detection_events"":57521,""detectors_checked"":30689280}"
     15616,         1,         0,   120.6,exact_mw,98ed6542f5a75ebddbda0ed622fb597fbc85d0a75d139587b6be9a08147ba42d,"{""distance"":7,""physical_error_rate"":0.002}","{""detection_events"":93831,""detectors_checked"":12648960,""obs_mistake_mask=E"":1}"
     33792,         0,         0,    12.0,exact_mw,8c54babb212143042928b0eca3852c18ac799bf66eb488a668303745c8494fc5,"{""distance"":7,""physical_error_rate"":0.0005}","{""detection_events"":51705,""detectors_checked"":27371520}"
         1,         0,         0,   0.056,exact_mw,d2cc2b129abad1f985b8639603638d6030a837aa2fe57172dffdf28919c1c286,"{""distance"":7,""physical_error_rate"":0.001}","{""detection_events"":7,""detectors_checked"":810}"
         8,         0,         0,   0.056,exact_mw,d2cc2b129abad1f985b8639603638d6030a837aa2fe57172dffdf28919c1c286,"{""distance"":7,""physical_error_rate"":0.001}","{""detection_events"":16,""detectors_checked"":6480}"
      1536,         0,         0,    11.9,exact_mw,98ed6542f5a75ebddbda0ed622fb597fbc85d0a75d139587b6be9a08147ba42d,"{""distance"":7,""physical_error_rate"":0.002}","{""detection_events"":9067,""detectors_checked"":1244160}"
     31744,         0,         0,    11.8,exact_mw,8c54babb212143042928b0eca3852c18ac799bf66eb488a668303745c8494fc5,"{""distance"":7,""physical_error_rate"":0.0005}","{""detection_events"":48814,""detectors_checked"":25712640}"
      1664,         0,         0,    12.6,exact_mw,98ed6542f5a75ebddbda0ed622fb597fbc85d0a75d139587b6be9a08147ba42d,"{""distance"":7,""physical_error_rate"":0.002}","{""detection_events"":10259,""detectors_checked"":1347840}"
        64,         0,         0,    1.07,exact_mw,d2cc2b129abad1f985b8639603638d6030a837aa2fe57172dffdf28919c1c286,"{""distance"":7,""physical_error_rate"":0.001}","{""detection_events"":189,""detectors_checked"":51840}"
        64,         0,         0,   0.087,exact_mw,d2cc2b129abad1f985b8639603638d6030a837aa2fe57172dffdf28919c1c286,"{""distance"":7,""physical_error_rate"":0.001}","{""detection_events"":195,""detectors_checked"":51840}"
      2752,         0,         0,   120.7,exact_mw,98ed6542f5a75ebddbda0ed622fb597fbc85d0a75d139587b6be9a08147ba42d,"{""distance"":7,""physical_error_rate"":0.002}","{""detection_events"":16865,""detectors_checked"":2229120}"
       256,         0,         0,   0.543,exact_mw,d2cc2b129abad1f985b8639603638d6030a837aa2fe57172dffdf28919c1c286,"{""distance"":7,""physical_error_rate"":0.001}","{""detection_events"":782,""detectors_checked"":207360}"
     12800,         2,         0,    23.3,exact_mw,d2cc2b129abad1f985b8639603638d6030a837aa2fe57172dffdf28919c1c286,"{""distance"":7,""physical_error_rate"":0.001}","{""detection_events"":38748,""detectors_checked"":10368000,""obs_mistake_mask=E"":2}"
      1504,         0,         0,    12.3,exact_mw,d2cc2b129abad1f985b8639603638d6030a837aa2fe57172dffdf28919c1c286,"{""distance"":7,""physical_error_rate"":0.001}","{""detection_events"":4647,""detectors_checked"":1218240}"
     14784,         2,         0,   120.4,exact_mw,98ed6542f5a75ebddbda0ed622fb597fbc85d0a75d139587b6be9a08147ba42d,"{""distance"":7,""physical_error_rate"":0.002}","{""detection_events"":88677,""detectors_checked"":11975040,""obs_mistake_mask=E"":2}"
     57088,         0,         0,   120.2,exact_mw,d2cc2b129abad1f985b8639603638d6030a837aa2fe57172dffdf28919c1c286,"{""distance"":7,""physical_error_rate"":0.001}","{""detection_events"":173568,""detectors_checked"":46241280}"
     10944,         1,         0,   119.9,exact_mw,d2cc2b129abad1f985b8639603638d6030a837aa2fe57172dffdf28919c1c286,"{""distance"":7,""physical_error_rate"":0.001}","{""detection_events"":33208,""detectors_checked"":8864640,""obs_mistake_mask=E"":1}"
       256,         0,         0,   0.616,exact_mw,d2cc2b129abad1f985b8639603638d6030a837aa2fe57172dffdf28919c1c286,"{""distance"":7,""physical_error_rate"":0.001}","{""detection_events"":816,""detectors_checked"":207360}"
      5376,         2,         0,    11.7,exact_mw,d2cc2b129abad1f985b8639603638d6030a837aa2fe57172dffdf28919c1c286,"{""distance"":7,""physical_error_rate"":0.001}","{""detection_events"":16469,""detectors_checked"":4354560,""obs_mistake_mask=E"":2}"
       256,         0,         0,   0.463,exact_mw,d2cc2b129abad1f985b8639603638d6030a837aa2fe57172dffdf28919c1c286,"{""distance"":7,""physical_error_rate"":0.001}","{""detection_events"":803,""detectors_checked"":207360}"
       256,         0,         0,   0.560,exact_mw,d2cc2b129abad1f985b8639603638d6030a837aa2fe57172dffdf28919c1c286,"{""distance"":7,""physical_error_rate"":0.001}","{""detection_events"":801,""detectors_checked"":207360}"
      1664,         0,         0,    12.2,exact_mw,98ed6542f5a75ebddbda0ed622fb597fbc85d0a75d139587b6be9a08147ba42d,"{""distance"":7,""physical_error_rate"":0.002}","{""detection_events"":9951,""detectors_checked"":1347840}"
       256,         0,         0,   0.396,exact_mw,d2cc2b129abad1f985b8639603638d6030a837aa2fe57172dffdf28919c1c286,"{""distance"":7,""physical_error_rate"":0.001}","{""detection_events"":783,""detectors_checked"":207360}"
      1664,         0,         0,    12.5,exact_mw,98ed6542f5a75ebddbda0ed622fb597fbc85d0a75d139587b6be9a08147ba42d,"{""distance"":7,""physical_error_rate"":0.002}","{""detection_events"":10233,""detectors_checked"":1347840}"
       256,         0,         0,   0.449,exact_mw,d2cc2b129abad1f985b8639603638d6030a837aa2fe57172dffdf28919c1c286,"{""distance"":7,""physical_error_rate"":0.001}","{""detection_events"":765,""detectors_checked"":207360}"
      6144,         0,         0,    11.8,exact_mw,d2cc2b129abad1f985b8639603638d6030a837aa2fe57172dffdf28919c1c286,"{""distance"":7,""physical_error_rate"":0.001}","{""detection_events"":18802,""detectors_checked"":4976640}"
     30720,         0,         0,    11.9,exact_mw,8c54babb212143042928b0eca3852c18ac799bf66eb488a668303745c8494fc5,"{""distance"":7,""physical_error_rate"":0.0005}","{""detection_events"":46930,""detectors_checked"":24883200}"
       256,         0,         0,   0.492,exact_mw,d2cc2b129abad1f985b8639603638d6030a837aa2fe57172dffdf28919c1c286,"{""distance"":7,""physical_error_rate"":0.001}","{""detection_events"":836,""detectors_checked"":207360}"
       256,         0,         0,   0.546,exact_mw,d2cc2b129abad1f985b8639603638d6030a837aa2fe57172dffdf28919c1c286,"{""distance"":7,""physical_error_rate"":0.001}","{""detection_events"":831,""detectors_checked"":207360}"
       512,         0,         0,   0.691,exact_mw,d2cc2b129abad1f985b8639603638d6030a837aa2fe57172dffdf28919c1c286,"{""distance"":7,""physical_error_rate"":0.001}","{""detection_events"":1614,""detectors_checked"":414720}"
      6656,         0,         0,    12.6,exact_mw,d2cc2b129abad1f985b8639603638d6030a837aa2fe57172dffdf28919c1c286,"{""distance"":7,""physical_error_rate"":0.001}","{""detection_events"":20004,""detectors_checked"":5391360}"
      1472,         1,         0,    11.8,exact_mw,98ed6542f5a75ebddbda0ed622fb597fbc85d0a75d139587b6be9a08147ba42d,"{""distance"":7,""physical_error_rate"":0.002}","{""detection_events"":8846,""detectors_checked"":1192320,""obs_mistake_mask=E"":1}"
     90112,         1,         0,    32.4,exact_mw,8c54babb212143042928b0eca3852c18ac799bf66eb488a668303745c8494fc5,"{""distance"":7,""physical_error_rate"":0.0005}","{""detection_events"":138024,""detectors_checked"":72990720,""obs_mistake_mask=E"":1}"
       512,         0,         0,    1.11,exact_mw,d2cc2b129abad1f985b8639603638d6030a837aa2fe57172dffdf28919c1c286,"{""distance"":7,""physical_error_rate"":0.001}","{""detection_events"":1674,""detectors_checked"":414720}"
    307200,         4,         0,   120.2,exact_mw,8c54babb212143042928b0eca3852c18ac799bf66eb488a668303745c8494fc5,"{""distance"":7,""physical_error_rate"":0.0005}","{""detection_events"":467927,""detectors_checked"":248832000,""obs_mistake_mask=E"":4}"
       512,         0,         0,    1.10,exact_mw,d2cc2b129abad1f985b8639603638d6030a837aa2fe57172dffdf28919c1c286,"{""distance"":7,""physical_error_rate"":0.001}","{""detection_events"":1534,""detectors_checked"":414720}"
      4352,         0,         0,    32.4,exact_mw,98ed6542f5a75ebddbda0ed622fb597fbc85d0a75d139587b6be9a08147ba42d,"{""distance"":7,""physical_error_rate"":0.002}","{""detection_events"":26524,""detectors_checked"":3525120}"
     88064,         0,         0,    32.4,exact_mw,8c54babb212143042928b0eca3852c18ac799bf66eb488a668303745c8494fc5,"{""distance"":7,""physical_error_rate"":0.0005}","{""detection_events"":134360,""detectors_checked"":71331840}"
    327680,         4,         0,   120.1,exact_mw,8c54babb212143042928b0eca3852c18ac799bf66eb488a668303745c8494fc5,"{""distance"":7,""physical_error_rate"":0.0005}","{""detection_events"":497708,""detectors_checked"":265420800,""obs_mistake_mask=E"":4}"
      1024,         0,         0,    2.20,exact_mw,d2cc2b129abad1f985b8639603638d6030a837aa2fe57172dffdf28919c1c286,"{""distance"":7,""physical_error_rate"":0.001}","{""detection_events"":3117,""detectors_checked"":829440}"
      1472,         1,         0,    12.3,exact_mw,98ed6542f5a75ebddbda0ed622fb597fbc85d0a75d139587b6be9a08147ba42d,"{""distance"":7,""physical_error_rate"":0.002}","{""detection_events"":8980,""detectors_checked"":1192320,""obs_mistake_mask=E"":1}"
      4288,         0,         0,    32.5,exact_mw,98ed6542f5a75ebddbda0ed622fb597fbc85d0a75d139587b6be9a08147ba42d,"{""distance"":7,""physical_error_rate"":0.002}","{""detection_events"":26007,""detectors_checked"":3473280}"
     14336,         2,         0,    32.4,exact_mw,d2cc2b129abad1f985b8639603638d6030a837aa2fe57172dffdf28919c1c286,"{""distance"":7,""physical_error_rate"":0.001}","{""detection_events"":44013,""detectors_checked"":11612160,""obs_mistake_mask=E"":2}"
     10912,         0,         0,   120.2,exact_mw,d2cc2b129abad1f985b8639603638d6030a837aa2fe57172dffdf28919c1c286,"{""distance"":7,""physical_error_rate"":0.001}","{""detection_events"":33367,""detectors_checked"":8838720}"
      1536,         0,         0,    2.74,exact_mw,d2cc2b129abad1f985b8639603638d6030a837aa2fe57172dffdf28919c1c286,"{""distance"":7,""physical_error_rate"":0.001}","{""detection_events"":4577,""detectors_checked"":1244160}"
     46080,         0,         0,    16.5,exact_mw,8c54babb212143042928b0eca3852c18ac799bf66eb488a668303745c8494fc5,"{""distance"":7,""physical_error_rate"":0.0005}","{""detection_events"":69587,""detectors_checked"":37324800}"
     14592,         0,         0,    32.5,exact_mw,d2cc2b129abad1f985b8639603638d6030a837aa2fe57172dffdf28919c1c286,"{""distance"":7,""physical_error_rate"":0.001}","{""detection_events"":44125,""detectors_checked"":11819520}"
      4160,         0,         0,    32.1,exact_mw,98ed6542f5a75ebddbda0ed622fb597fbc85d0a75d139587b6be9a08147ba42d,"{""distance"":7,""physical_error_rate"":0.002}","{""detection_events"":25386,""detectors_checked"":3369600}"
     46080,         1,         0,    16.5,exact_mw,8c54babb212143042928b0eca3852c18ac799bf66eb488a668303745c8494fc5,"{""distance"":7,""physical_error_rate"":0.0005}","{""detection_events"":69695,""detectors_checked"":37324800,""obs_mistake_mask=E"":1}"
     15616,         0,         0,    32.2,exact_mw,8c54babb212143042928b0eca3852c18ac799bf66eb488a668303745c8494fc5,"{""distance"":7,""physical_error_rate"":0.0005}","{""detection_events"":23437,""detectors_checked"":12648960}"
     46080,         0,         0,    16.5,exact_mw,8c54babb212143042928b0eca3852c18ac799bf66eb488a668303745c8494fc5,"{""distance"":7,""physical_error_rate"":0.0005}","{""detection_events"":69952,""detectors_checked"":37324800}"
      2304,         0,         0,    16.8,exact_mw,98ed6542f5a75ebddbda0ed622fb597fbc85d0a75d139587b6be9a08147ba42d,"{""distance"":7,""physical_error_rate"":0.002}","{""detection_events"":13790,""detectors_checked"":1866240}"
      2048,         0,         0,    3.82,exact_mw,d2cc2b129abad1f985b8639603638d6030a837aa2fe57172dffdf28919c1c286,"{""distance"":7,""physical_error_rate"":0.001}","{""detection_events"":6225,""detectors_checked"":1658880}"
     43008,         0,         0,    16.6,exact_mw,8c54babb212143042928b0eca3852c18ac799bf66eb488a668303745c8494fc5,"{""distance"":7,""physical_error_rate"":0.0005}","{""detection_events"":65606,""detectors_checked"":34836480}"
      2304,         1,         0,    16.7,exact_mw,98ed6542f5a75ebddbda0ed622fb597fbc85d0a75d139587b6be9a08147ba42d,"{""distance"":7,""physical_error_rate"":0.002}","{""detection_events"":14161,""detectors_checked"":1866240,""obs_mistake_mask=E"":1}"
      1312,         0,         0,    16.6,exact_mw,d2cc2b129abad1f985b8639603638d6030a837aa2fe57172dffdf28919c1c286,"{""distance"":7,""physical_error_rate"":0.001}","{""detection_events"":4145,""detectors_checked"":1062720}"
      8192,         1,         0,    17.0,exact_mw,d2cc2b129abad1f985b8639603638d6030a837aa2fe57172dffdf28919c1c286,"{""distance"":7,""physical_error_rate"":0.001}","{""detection_events"":24875,""detectors_checked"":6635520,""obs_mistake_mask=E"":1}"
      2048,         0,         0,    16.5,exact_mw,98ed6542f5a75ebddbda0ed622fb597fbc85d0a75d139587b6be9a08147ba42d,"{""distance"":7,""physical_error_rate"":0.002}","{""detection_events"":12799,""detectors_checked"":1658880}"
      5632,         0,         0,    16.6,exact_mw,d2cc2b129abad1f985b8639603638d6030a837aa2fe57172dffdf28919c1c286,"{""distance"":7,""physical_error_rate"":0.001}","{""detection_events"":16978,""detectors_checked"":4561920}"
      2304,         0,         0,    17.1,exact_mw,98ed6542f5a75ebddbda0ed622fb597fbc85d0a75d139587b6be9a08147ba42d,"{""distance"":7,""physical_error_rate"":0.002}","{""detection_events"":13822,""detectors_checked"":1866240}"
     45056,         0,         0,    16.6,exact_mw,8c54babb212143042928b0eca3852c18ac799bf66eb488a668303745c8494fc5,"{""distance"":7,""physical_error_rate"":0.0005}","{""detection_events"":68662,""detectors_checked"":36495360}"
      2560,         0,         0,    4.86,exact_mw,d2cc2b129abad1f985b8639603638d6030a837aa2fe57172dffdf28919c1c286,"{""distance"":7,""physical_error_rate"":0.001}","{""detection_events"":7911,""detectors_checked"":2073600}"
      2176,         0,         0,    16.7,exact_mw,98ed6542f5a75ebddbda0ed622fb597fbc85d0a75d139587b6be9a08147ba42d,"{""distance"":7,""physical_error_rate"":0.002}","{""detection_events"":13193,""detectors_checked"":1762560}"
      8704,         0,         0,    17.4,exact_mw,d2cc2b129abad1f985b8639603638d6030a837aa2fe57172dffdf28919c1c286,"{""distance"":7,""physical_error_rate"":0.001}","{""detection_events"":26699,""detectors_checked"":7050240}"
     57088,         0,         0,   120.4,exact_mw,d2cc2b129abad1f985b8639603638d6030a837aa2fe57172dffdf28919c1c286,"{""distance"":7,""physical_error_rate"":0.001}","{""detection_events"":173534,""detectors_checked"":46241280}"
     16256,         4,         0,   120.6,exact_mw,98ed6542f5a75ebddbda0ed622fb597fbc85d0a75d139587b6be9a08147ba42d,"{""distance"":7,""physical_error_rate"":0.002}","{""detection_events"":98195,""detectors_checked"":13167360,""obs_mistake_mask=E"":4}"
      1984,         0,         0,    16.7,exact_mw,98ed6542f5a75ebddbda0ed622fb597fbc85d0a75d139587b6be9a08147ba42d,"{""distance"":7,""physical_error_rate"":0.002}","{""detection_events"":12098,""detectors_checked"":1607040}"
      3584,         0,         0,    6.34,exact_mw,d2cc2b129abad1f985b8639603638d6030a837aa2fe57172dffdf28919c1c286,"{""distance"":7,""physical_error_rate"":0.001}","{""detection_events"":10651,""detectors_checked"":2903040}"
     17408,         0,         0,    33.1,exact_mw,d2cc2b129abad1f985b8639603638d6030a837aa2fe57172dffdf28919c1c286,"{""distance"":7,""physical_error_rate"":0.001}","{""detection_events"":53014,""detectors_checked"":14100480}"
     68608,         1,         0,    23.3,exact_mw,8c54babb212143042928b0eca3852c18ac799bf66eb488a668303745c8494fc5,"{""distance"":7,""physical_error_rate"":0.0005}","{""detection_events"":103707,""detectors_checked"":55572480,""obs_mistake_mask=E"":1}"
      4608,         0,         0,    8.86,exact_mw,d2cc2b129abad1f985b8639603638d6030a837aa2fe57172dffdf28919c1c286,"{""distance"":7,""physical_error_rate"":0.001}","{""detection_events"":13788,""detectors_checked"":3732480}"
     68608,         0,         0,    23.2,exact_mw,8c54babb212143042928b0eca3852c18ac799bf66eb488a668303745c8494fc5,"{""distance"":7,""physical_error_rate"":0.0005}","{""detection_events"":104706,""detectors_checked"":55572480}"
     64512,         0,         0,    23.0,exact_mw,8c54babb212143042928b0eca3852c18ac799bf66eb488a668303745c8494fc5,"{""distance"":7,""physical_error_rate"":0.0005}","{""detection_events"":98513,""detectors_checked"":52254720}"
      2752,         2,         0,    23.1,exact_mw,98ed6542f5a75ebddbda0ed622fb597fbc85d0a75d139587b6be9a08147ba42d,"{""distance"":7,""physical_error_rate"":0.002}","{""detection_events"":17070,""detectors_checked"":2229120,""obs_mistake_mask=E"":2}"
     62464,         1,         0,    23.4,exact_mw,8c54babb212143042928b0eca3852c18ac799bf66eb488a668303745c8494fc5,"{""distance"":7,""physical_error_rate"":0.0005}","{""detection_events"":95121,""detectors_checked"":50595840,""obs_mistake_mask=E"":1}"
      3328,         0,         0,    23.1,exact_mw,98ed6542f5a75ebddbda0ed622fb597fbc85d0a75d139587b6be9a08147ba42d,"{""distance"":7,""physical_error_rate"":0.002}","{""detection_events"":20364,""detectors_checked"":2695680}"
      2016,         0,         0,    23.6,exact_mw,d2cc2b129abad1f985b8639603638d6030a837aa2fe57172dffdf28919c1c286,"{""distance"":7,""physical_error_rate"":0.001}","{""detection_events"":6086,""detectors_checked"":1632960}"
     11520,         0,         0,    23.2,exact_mw,d2cc2b129abad1f985b8639603638d6030a837aa2fe57172dffdf28919c1c286,"{""distance"":7,""physical_error_rate"":0.001}","{""detection_events"":34443,""detectors_checked"":9331200}"
    303104,         5,         0,   120.1,exact_mw,8c54babb212143042928b0eca3852c18ac799bf66eb488a668303745c8494fc5,"{""distance"":7,""physical_error_rate"":0.0005}","{""detection_events"":461944,""detectors_checked"":245514240,""obs_mistake_mask=E"":5}"
      2944,         0,         0,    23.2,exact_mw,98ed6542f5a75ebddbda0ed622fb597fbc85d0a75d139587b6be9a08147ba42d,"{""distance"":7,""physical_error_rate"":0.002}","{""detection_events"":18250,""detectors_checked"":2384640}"
      3200,         2,         0,    23.3,exact_mw,98ed6542f5a75ebddbda0ed622fb597fbc85d0a75d139587b6be9a08147ba42d,"{""distance"":7,""physical_error_rate"":0.002}","{""detection_events"":19321,""detectors_checked"":2592000,""obs_mistake_mask=E"":2}"
     62464,         0,         0,    23.2,exact_mw,8c54babb212143042928b0eca3852c18ac799bf66eb488a668303745c8494fc5,"{""distance"":7,""physical_error_rate"":0.0005}","{""detection_events"":95342,""detectors_checked"":50595840}"
     12544,         0,         0,    23.7,exact_mw,d2cc2b129abad1f985b8639603638d6030a837aa2fe57172dffdf28919c1c286,"{""distance"":7,""physical_error_rate"":0.001}","{""detection_events"":38620,""detectors_checked"":10160640}"
      2880,         0,         0,    23.3,exact_mw,98ed6542f5a75ebddbda0ed622fb597fbc85d0a75d139587b6be9a08147ba42d,"{""distance"":7,""physical_error_rate"":0.002}","{""detection_events"":17180,""detectors_checked"":2332800}"
     57856,         0,         0,   120.2,exact_mw,8c54babb212143042928b0eca3852c18ac799bf66eb488a668303745c8494fc5,"{""distance"":7,""physical_error_rate"":0.0005}","{""detection_events"":87619,""detectors_checked"":46863360}"
     12288,         1,         0,    23.1,exact_mw,d2cc2b129abad1f985b8639603638d6030a837aa2fe57172dffdf28919c1c286,"{""distance"":7,""physical_error_rate"":0.001}","{""detection_events"":37272,""detectors_checked"":9953280,""obs_mistake_mask=E"":1}"
     60672,         0,         0,   120.9,exact_mw,d2cc2b129abad1f985b8639603638d6030a837aa2fe57172dffdf28919c1c286,"{""distance"":7,""physical_error_rate"":0.001}","{""detection_events"":185038,""detectors_checked"":49144320}"
      6656,         1,         0,    12.1,exact_mw,d2cc2b129abad1f985b8639603638d6030a837aa2fe57172dffdf28919c1c286,"{""distance"":7,""physical_error_rate"":0.001}","{""detection_events"":20097,""detectors_checked"":5391360,""obs_mistake_mask=E"":1}"
     15104,         4,         0,   120.1,exact_mw,98ed6542f5a75ebddbda0ed622fb597fbc85d0a75d139587b6be9a08147ba42d,"{""distance"":7,""physical_error_rate"":0.002}","{""detection_events"":91548,""detectors_checked"":12234240,""obs_mistake_mask=E"":4}"
    325632,         2,         0,   120.3,exact_mw,8c54babb212143042928b0eca3852c18ac799bf66eb488a668303745c8494fc5,"{""distance"":7,""physical_error_rate"":0.0005}","{""detection_events"":495631,""detectors_checked"":263761920,""obs_mistake_mask=E"":2}"
      3072,         0,         0,    23.3,exact_mw,98ed6542f5a75ebddbda0ed622fb597fbc85d0a75d139587b6be9a08147ba42d,"{""distance"":7,""physical_error_rate"":0.002}","{""detection_events"":18364,""detectors_checked"":2488320}"
     58624,         1,         0,   120.4,exact_mw,d2cc2b129abad1f985b8639603638d6030a837aa2fe57172dffdf28919c1c286,"{""distance"":7,""physical_error_rate"":0.001}","{""detection_events"":178026,""detectors_checked"":47485440,""obs_mistake_mask=E"":1}"
    123904,         0,         0,    45.3,exact_mw,8c54babb212143042928b0eca3852c18ac799bf66eb488a668303745c8494fc5,"{""distance"":7,""physical_error_rate"":0.0005}","{""detection_events"":189067,""detectors_checked"":100362240}"
     17024,         1,         0,   120.5,exact_mw,98ed6542f5a75ebddbda0ed622fb597fbc85d0a75d139587b6be9a08147ba42d,"{""distance"":7,""physical_error_rate"":0.002}","{""detection_events"":102027,""detectors_checked"":13789440,""obs_mistake_mask=E"":1}"
      6528,         2,         0,    45.0,exact_mw,98ed6542f5a75ebddbda0ed622fb597fbc85d0a75d139587b6be9a08147ba42d,"{""distance"":7,""physical_error_rate"":0.002}","{""detection_events"":39556,""detectors_checked"":5287680,""obs_mistake_mask=E"":2}"
    125952,         0,         0,    45.0,exact_mw,8c54babb212143042928b0eca3852c18ac799bf66eb488a668303745c8494fc5,"{""distance"":7,""physical_error_rate"":0.0005}","{""detection_events"":191600,""detectors_checked"":102021120}"
     66304,         2,         0,   120.8,exact_mw,d2cc2b129abad1f985b8639603638d6030a837aa2fe57172dffdf28919c1c286,"{""distance"":7,""physical_error_rate"":0.001}","{""detection_events"":201365,""detectors_checked"":53706240,""obs_mistake_mask=E"":2}"
      6016,         1,         0,    45.3,exact_mw,98ed6542f5a75ebddbda0ed622fb597fbc85d0a75d139587b6be9a08147ba42d,"{""distance"":7,""physical_error_rate"":0.002}","{""detection_events"":36520,""detectors_checked"":4872960,""obs_mistake_mask=E"":1}"
     24064,         1,         0,    45.3,exact_mw,d2cc2b129abad1f985b8639603638d6030a837aa2fe57172dffdf28919c1c286,"{""distance"":7,""physical_error_rate"":0.001}","{""detection_events"":73471,""detectors_checked"":19491840,""obs_mistake_mask=E"":1}"
      6368,         0,         0,    45.4,exact_mw,d2cc2b129abad1f985b8639603638d6030a837aa2fe57172dffdf28919c1c286,"{""distance"":7,""physical_error_rate"":0.001}","{""detection_events"":19232,""detectors_checked"":5158080}"
      5568,         1,         0,    45.0,exact_mw,98ed6542f5a75ebddbda0ed622fb597fbc85d0a75d139587b6be9a08147ba42d,"{""distance"":7,""physical_error_rate"":0.002}","{""detection_events"":33495,""detectors_checked"":4510080,""obs_mistake_mask=E"":1}"
     19072,         0,         0,    45.5,exact_mw,8c54babb212143042928b0eca3852c18ac799bf66eb488a668303745c8494fc5,"{""distance"":7,""physical_error_rate"":0.0005}","{""detection_events"":29341,""detectors_checked"":15448320}"
    348160,         4,         0,   120.1,exact_mw,8c54babb212143042928b0eca3852c18ac799bf66eb488a668303745c8494fc5,"{""distance"":7,""physical_error_rate"":0.0005}","{""detection_events"":530743,""detectors_checked"":282009600,""obs_mistake_mask=E"":4}"
      9216,         0,         0,    16.9,exact_mw,d2cc2b129abad1f985b8639603638d6030a837aa2fe57172dffdf28919c1c286,"{""distance"":7,""physical_error_rate"":0.001}","{""detection_events"":28307,""detectors_checked"":7464960}"
      2528,         2,         0,   121.1,exact_mw,98ed6542f5a75ebddbda0ed622fb597fbc85d0a75d139587b6be9a08147ba42d,"{""distance"":7,""physical_error_rate"":0.002}","{""detection_events"":15120,""detectors_checked"":2047680,""obs_mistake_mask=E"":2}"
     92160,         0,         0,    32.1,exact_mw,8c54babb212143042928b0eca3852c18ac799bf66eb488a668303745c8494fc5,"{""distance"":7,""physical_error_rate"":0.0005}","{""detection_events"":139987,""detectors_checked"":74649600}"
     92160,         1,         0,    32.3,exact_mw,8c54babb212143042928b0eca3852c18ac799bf66eb488a668303745c8494fc5,"{""distance"":7,""physical_error_rate"":0.0005}","{""detection_events"":139835,""detectors_checked"":74649600,""obs_mistake_mask=E"":1}"
     17024,         3,         0,   120.6,exact_mw,98ed6542f5a75ebddbda0ed622fb597fbc85d0a75d139587b6be9a08147ba42d,"{""distance"":7,""physical_error_rate"":0.002}","{""detection_events"":102227,""detectors_checked"":13789440,""obs_mistake_mask=E"":3}"
     99328,         0,         0,    32.4,exact_mw,8c54babb212143042928b0eca3852c18ac799bf66eb488a668303745c8494fc5,"{""distance"":7,""physical_error_rate"":0.0005}","{""detection_events"":150565,""detectors_checked"":80455680}"
     95232,         1,         0,    32.3,exact_mw,8c54babb212143042928b0eca3852c18ac799bf66eb488a668303745c8494fc5,"{""distance"":7,""physical_error_rate"":0.0005}","{""detection_events"":145218,""detectors_checked"":77137920,""obs_mistake_mask=E"":1}"
    343040,         4,         0,   119.9,exact_mw,8c54babb212143042928b0eca3852c18ac799bf66eb488a668303745c8494fc5,"{""distance"":7,""physical_error_rate"":0.0005}","{""detection_events"":521772,""detectors_checked"":277862400,""obs_mistake_mask=E"":4}"
      4160,         0,         0,    33.0,exact_mw,98ed6542f5a75ebddbda0ed622fb597fbc85d0a75d139587b6be9a08147ba42d,"{""distance"":7,""physical_error_rate"":0.002}","{""detection_events"":24871,""detectors_checked"":3369600}"
      4352,         0,         0,    32.2,exact_mw,98ed6542f5a75ebddbda0ed622fb597fbc85d0a75d139587b6be9a08147ba42d,"{""distance"":7,""physical_error_rate"":0.002}","{""detection_events"":25937,""detectors_checked"":3525120}"
     59904,         1,         0,   120.2,exact_mw,d2cc2b129abad1f985b8639603638d6030a837aa2fe57172dffdf28919c1c286,"{""distance"":7,""physical_error_rate"":0.001}","{""detection_events"":182029,""detectors_checked"":48522240,""obs_mistake_mask=E"":1}"
      2432,         0,         0,    32.2,exact_mw,d2cc2b129abad1f985b8639603638d6030a837aa2fe57172dffdf28919c1c286,"{""distance"":7,""physical_error_rate"":0.001}","{""detection_events"":7258,""detectors_checked"":1969920}"
     17408,         0,         0,    32.2,exact_mw,d2cc2b129abad1f985b8639603638d6030a837aa2fe57172dffdf28919c1c286,"{""distance"":7,""physical_error_rate"":0.001}","{""detection_events"":52446,""detectors_checked"":14100480}"
     67840,         1,         0,   121.0,exact_mw,d2cc2b129abad1f985b8639603638d6030a837aa2fe57172dffdf28919c1c286,"{""distance"":7,""physical_error_rate"":0.001}","{""detection_events"":205696,""detectors_checked"":54950400,""obs_mistake_mask=E"":1}"
      4352,         1,         0,    32.3,exact_mw,98ed6542f5a75ebddbda0ed622fb597fbc85d0a75d139587b6be9a08147ba42d,"{""distance"":7,""physical_error_rate"":0.002}","{""detection_events"":25974,""detectors_checked"":3525120,""obs_mistake_mask=E"":1}"
     93184,         0,         0,    32.4,exact_mw,8c54babb212143042928b0eca3852c18ac799bf66eb488a668303745c8494fc5,"{""distance"":7,""physical_error_rate"":0.0005}","{""detection_events"":143216,""detectors_checked"":75479040}"
      4480,         0,         0,    32.9,exact_mw,98ed6542f5a75ebddbda0ed622fb597fbc85d0a75d139587b6be9a08147ba42d,"{""distance"":7,""physical_error_rate"":0.002}","{""detection_events"":27056,""detectors_checked"":3628800}"
     17920,         0,         0,    33.0,exact_mw,d2cc2b129abad1f985b8639603638d6030a837aa2fe57172dffdf28919c1c286,"{""distance"":7,""physical_error_rate"":0.001}","{""detection_events"":54623,""detectors_checked"":14515200}"
      4480,         0,         0,    32.7,exact_mw,98ed6542f5a75ebddbda0ed622fb597fbc85d0a75d139587b6be9a08147ba42d,"{""distance"":7,""physical_error_rate"":0.002}","{""detection_events"":27307,""detectors_checked"":3628800}"
     16896,         0,         0,    32.7,exact_mw,d2cc2b129abad1f985b8639603638d6030a837aa2fe57172dffdf28919c1c286,"{""distance"":7,""physical_error_rate"":0.001}","{""detection_events"":51253,""detectors_checked"":13685760}"
     24064,         1,         0,    45.4,exact_mw,d2cc2b129abad1f985b8639603638d6030a837aa2fe57172dffdf28919c1c286,"{""distance"":7,""physical_error_rate"":0.001}","{""detection_events"":73462,""detectors_checked"":19491840,""obs_mistake_mask=E"":1}"
      4288,         0,         0,    32.3,exact_mw,98ed6542f5a75ebddbda0ed622fb597fbc85d0a75d139587b6be9a08147ba42d,"{""distance"":7,""physical_error_rate"":0.002}","{""detection_events"":25878,""detectors_checked"":3473280}"
     13312,         0,         0,    23.7,exact_mw,d2cc2b129abad1f985b8639603638d6030a837aa2fe57172dffdf28919c1c286,"{""distance"":7,""physical_error_rate"":0.001}","{""detection_events"":40083,""detectors_checked"":10782720}"
      2408,         0,         0,   120.3,exact_mw,98ed6542f5a75ebddbda0ed622fb597fbc85d0a75d139587b6be9a08147ba42d,"{""distance"":7,""physical_error_rate"":0.002}","{""detection_events"":14492,""detectors_checked"":1950480}"
    327680,         1,         0,   120.2,exact_mw,8c54babb212143042928b0eca3852c18ac799bf66eb488a668303745c8494fc5,"{""distance"":7,""physical_error_rate"":0.0005}","{""detection_events"":499116,""detectors_checked"":265420800,""obs_mistake_mask=E"":1}"
    334848,         2,         0,   119.9,exact_mw,8c54babb212143042928b0eca3852c18ac799bf66eb488a668303745c8494fc5,"{""distance"":7,""physical_error_rate"":0.0005}","{""detection_events"":508917,""detectors_checked"":271226880,""obs_mistake_mask=E"":2}"
     57088,         2,         0,   120.5,exact_mw,d2cc2b129abad1f985b8639603638d6030a837aa2fe57172dffdf28919c1c286,"{""distance"":7,""physical_error_rate"":0.001}","{""detection_events"":173361,""detectors_checked"":46241280,""obs_mistake_mask=E"":2}"
      2296,         1,         0,   120.0,exact_mw,98ed6542f5a75ebddbda0ed622fb597fbc85d0a75d139587b6be9a08147ba42d,"{""distance"":7,""physical_error_rate"":0.002}","{""detection_events"":14073,""detectors_checked"":1859760,""obs_mistake_mask=E"":1}"
      9152,         0,         0,   120.1,exact_mw,d2cc2b129abad1f985b8639603638d6030a837aa2fe57172dffdf28919c1c286,"{""distance"":7,""physical_error_rate"":0.001}","{""detection_events"":28018,""detectors_checked"":7413120}"
    204544,         2,         0,   120.5,exact_mw,8c54babb212143042928b0eca3852c18ac799bf66eb488a668303745c8494fc5,"{""distance"":7,""physical_error_rate"":0.0005}","{""detection_events"":311536,""detectors_checked"":165680640,""obs_mistake_mask=E"":2}"
     64000,         2,         0,   120.4,exact_mw,d2cc2b129abad1f985b8639603638d6030a837aa2fe57172dffdf28919c1c286,"{""distance"":7,""physical_error_rate"":0.001}","{""detection_events"":193927,""detectors_checked"":51840000,""obs_mistake_mask=E"":2}"
     49536,         1,         0,   120.0,exact_mw,8c54babb212143042928b0eca3852c18ac799bf66eb488a668303745c8494fc5,"{""distance"":7,""physical_error_rate"":0.0005}","{""detection_events"":75494,""detectors_checked"":40124160,""obs_mistake_mask=E"":1}"
    332800,         2,         0,   120.1,exact_mw,8c54babb212143042928b0eca3852c18ac799bf66eb488a668303745c8494fc5,"{""distance"":7,""physical_error_rate"":0.0005}","{""detection_events"":506832,""detectors_checked"":269568000,""obs_mistake_mask=E"":2}"
     16192,         0,         0,   120.5,exact_mw,98ed6542f5a75ebddbda0ed622fb597fbc85d0a75d139587b6be9a08147ba42d,"{""distance"":7,""physical_error_rate"":0.002}","{""detection_events"":98273,""detectors_checked"":13115520}"
    332800,         4,         0,   120.0,exact_mw,8c54babb212143042928b0eca3852c18ac799bf66eb488a668303745c8494fc5,"{""distance"":7,""physical_error_rate"":0.0005}","{""detection_events"":507728,""detectors_checked"":269568000,""obs_mistake_mask=E"":4}"
      2304,         0,         0,   120.3,exact_mw,98ed6542f5a75ebddbda0ed622fb597fbc85d0a75d139587b6be9a08147ba42d,"{""distance"":7,""physical_error_rate"":0.002}","{""detection_events"":14027,""detectors_checked"":1866240}"
      9456,         1,         0,   119.9,exact_mw,d2cc2b129abad1f985b8639603638d6030a837aa2fe57172dffdf28919c1c286,"{""distance"":7,""physical_error_rate"":0.001}","{""detection_events"":28232,""detectors_checked"":7659360,""obs_mistake_mask=E"":1}"
    134144,         1,         0,    45.0,exact_mw,8c54babb212143042928b0eca3852c18ac799bf66eb488a668303745c8494fc5,"{""distance"":7,""physical_error_rate"":0.0005}","{""detection_events"":203794,""detectors_checked"":108656640,""obs_mistake_mask=E"":1}"
     14400,         1,         0,   120.9,exact_mw,98ed6542f5a75ebddbda0ed622fb597fbc85d0a75d139587b6be9a08147ba42d,"{""distance"":7,""physical_error_rate"":0.002}","{""detection_events"":86942,""detectors_checked"":11664000,""obs_mistake_mask=E"":1}"
    181248,         1,         0,    63.2,exact_mw,8c54babb212143042928b0eca3852c18ac799bf66eb488a668303745c8494fc5,"{""distance"":7,""physical_error_rate"":0.0005}","{""detection_events"":276779,""detectors_checked"":146810880,""obs_mistake_mask=E"":1}"
    130048,         0,         0,    45.1,exact_mw,8c54babb212143042928b0eca3852c18ac799bf66eb488a668303745c8494fc5,"{""distance"":7,""physical_error_rate"":0.0005}","{""detection_events"":198188,""detectors_checked"":105338880}"
    133120,         1,         0,    45.2,exact_mw,8c54babb212143042928b0eca3852c18ac799bf66eb488a668303745c8494fc5,"{""distance"":7,""physical_error_rate"":0.0005}","{""detection_events"":202839,""detectors_checked"":107827200,""obs_mistake_mask=E"":1}"
      8512,         1,         0,    63.4,exact_mw,98ed6542f5a75ebddbda0ed622fb597fbc85d0a75d139587b6be9a08147ba42d,"{""distance"":7,""physical_error_rate"":0.002}","{""detection_events"":51698,""detectors_checked"":6894720,""obs_mistake_mask=E"":1}"
    137216,         1,         0,    45.2,exact_mw,8c54babb212143042928b0eca3852c18ac799bf66eb488a668303745c8494fc5,"{""distance"":7,""physical_error_rate"":0.0005}","{""detection_events"":209460,""detectors_checked"":111144960,""obs_mistake_mask=E"":1}"
    188416,         1,         0,    63.0,exact_mw,8c54babb212143042928b0eca3852c18ac799bf66eb488a668303745c8494fc5,"{""distance"":7,""physical_error_rate"":0.0005}","{""detection_events"":287280,""detectors_checked"":152616960,""obs_mistake_mask=E"":1}"
     15424,         0,         0,   120.1,exact_mw,98ed6542f5a75ebddbda0ed622fb597fbc85d0a75d139587b6be9a08147ba42d,"{""distance"":7,""physical_error_rate"":0.002}","{""detection_events"":93938,""detectors_checked"":12493440}"
      5696,         3,         0,    45.7,exact_mw,98ed6542f5a75ebddbda0ed622fb597fbc85d0a75d139587b6be9a08147ba42d,"{""distance"":7,""physical_error_rate"":0.002}","{""detection_events"":34004,""detectors_checked"":4613760,""obs_mistake_mask=E"":3}"
      6144,         0,         0,    45.7,exact_mw,98ed6542f5a75ebddbda0ed622fb597fbc85d0a75d139587b6be9a08147ba42d,"{""distance"":7,""physical_error_rate"":0.002}","{""detection_events"":37129,""detectors_checked"":4976640}"
      2960,         0,         0,    45.4,exact_mw,d2cc2b129abad1f985b8639603638d6030a837aa2fe57172dffdf28919c1c286,"{""distance"":7,""physical_error_rate"":0.001}","{""detection_events"":9135,""detectors_checked"":2397600}"
     24064,         1,         0,    45.6,exact_mw,d2cc2b129abad1f985b8639603638d6030a837aa2fe57172dffdf28919c1c286,"{""distance"":7,""physical_error_rate"":0.001}","{""detection_events"":73293,""detectors_checked"":19491840,""obs_mistake_mask=E"":1}"
      8064,         2,         0,    63.6,exact_mw,98ed6542f5a75ebddbda0ed622fb597fbc85d0a75d139587b6be9a08147ba42d,"{""distance"":7,""physical_error_rate"":0.002}","{""detection_events"":48104,""detectors_checked"":6531840,""obs_mistake_mask=E"":2}"
      6144,         1,         0,    45.3,exact_mw,98ed6542f5a75ebddbda0ed622fb597fbc85d0a75d139587b6be9a08147ba42d,"{""distance"":7,""physical_error_rate"":0.002}","{""detection_events"":36999,""detectors_checked"":4976640,""obs_mistake_mask=E"":1}"
     34304,         2,         0,    63.7,exact_mw,d2cc2b129abad1f985b8639603638d6030a837aa2fe57172dffdf28919c1c286,"{""distance"":7,""physical_error_rate"":0.001}","{""detection_events"":104791,""detectors_checked"":27786240,""obs_mistake_mask=E"":2}"
      2344,         0,         0,   119.8,exact_mw,98ed6542f5a75ebddbda0ed622fb597fbc85d0a75d139587b6be9a08147ba42d,"{""distance"":7,""physical_error_rate"":0.002}","{""detection_events"":14261,""detectors_checked"":1898640}"
    130048,         3,         0,    45.1,exact_mw,8c54babb212143042928b0eca3852c18ac799bf66eb488a668303745c8494fc5,"{""distance"":7,""physical_error_rate"":0.0005}","{""detection_events"":197803,""detectors_checked"":105338880,""obs_mistake_mask=E"":3}"
     15168,         2,         0,   120.3,exact_mw,98ed6542f5a75ebddbda0ed622fb597fbc85d0a75d139587b6be9a08147ba42d,"{""distance"":7,""physical_error_rate"":0.002}","{""detection_events"":92167,""detectors_checked"":12286080,""obs_mistake_mask=E"":2}"
     18432,         2,         0,    32.7,exact_mw,d2cc2b129abad1f985b8639603638d6030a837aa2fe57172dffdf28919c1c286,"{""distance"":7,""physical_error_rate"":0.001}","{""detection_events"":55560,""detectors_checked"":14929920,""obs_mistake_mask=E"":2}"
     60672,         1,         0,   120.4,exact_mw,d2cc2b129abad1f985b8639603638d6030a837aa2fe57172dffdf28919c1c286,"{""distance"":7,""physical_error_rate"":0.001}","{""detection_events"":184183,""detectors_checked"":49144320,""obs_mistake_mask=E"":1}"
      8800,         0,         0,   120.3,exact_mw,d2cc2b129abad1f985b8639603638d6030a837aa2fe57172dffdf28919c1c286,"{""distance"":7,""physical_error_rate"":0.001}","{""detection_events"":26909,""detectors_checked"":7128000}"
      4576,         0,         0,    63.2,exact_mw,d2cc2b129abad1f985b8639603638d6030a837aa2fe57172dffdf28919c1c286,"{""distance"":7,""physical_error_rate"":0.001}","{""detection_events"":13968,""detectors_checked"":3706560}"
      8128,         0,         0,    63.0,exact_mw,98ed6542f5a75ebddbda0ed622fb597fbc85d0a75d139587b6be9a08147ba42d,"{""distance"":7,""physical_error_rate"":0.002}","{""detection_events"":49186,""detectors_checked"":6583680}"
     23552,         1,         0,    45.6,exact_mw,d2cc2b129abad1f985b8639603638d6030a837aa2fe57172dffdf28919c1c286,"{""distance"":7,""physical_error_rate"":0.001}","{""detection_events"":72188,""detectors_checked"":19077120,""obs_mistake_mask=E"":1}"
      6400,         1,         0,    46.0,exact_mw,98ed6542f5a75ebddbda0ed622fb597fbc85d0a75d139587b6be9a08147ba42d,"{""distance"":7,""physical_error_rate"":0.002}","{""detection_events"":38133,""detectors_checked"":5184000,""obs_mistake_mask=E"":1}"
     24832,         0,         0,    63.2,exact_mw,8c54babb212143042928b0eca3852c18ac799bf66eb488a668303745c8494fc5,"{""distance"":7,""physical_error_rate"":0.0005}","{""detection_events"":37549,""detectors_checked"":20113920}"
      6144,         0,         0,    45.6,exact_mw,98ed6542f5a75ebddbda0ed622fb597fbc85d0a75d139587b6be9a08147ba42d,"{""distance"":7,""physical_error_rate"":0.002}","{""detection_events"":37560,""detectors_checked"":4976640}"
     22784,         2,         0,    45.7,exact_mw,d2cc2b129abad1f985b8639603638d6030a837aa2fe57172dffdf28919c1c286,"{""distance"":7,""physical_error_rate"":0.001}","{""detection_events"":69397,""detectors_checked"":18455040,""obs_mistake_mask=E"":2}"
      6016,         0,         0,    45.3,exact_mw,98ed6542f5a75ebddbda0ed622fb597fbc85d0a75d139587b6be9a08147ba42d,"{""distance"":7,""physical_error_rate"":0.002}","{""detection_events"":36307,""detectors_checked"":4872960}"
    333824,         3,         0,   120.2,exact_mw,8c54babb212143042928b0eca3852c18ac799bf66eb488a668303745c8494fc5,"{""distance"":7,""physical_error_rate"":0.0005}","{""detection_events"":508085,""detectors_checked"":270397440,""obs_mistake_mask=E"":3}"
    353280,         0,         0,   120.1,exact_mw,8c54babb212143042928b0eca3852c18ac799bf66eb488a668303745c8494fc5,"{""distance"":7,""physical_error_rate"":0.0005}","{""detection_events"":537296,""detectors_checked"":286156800}"
      8992,         0,         0,   120.0,exact_mw,d2cc2b129abad1f985b8639603638d6030a837aa2fe57172dffdf28919c1c286,"{""distance"":7,""physical_error_rate"":0.001}","{""detection_events"":27283,""detectors_checked"":7283520}"
     34816,         0,         0,    63.9,exact_mw,d2cc2b129abad1f985b8639603638d6030a837aa2fe57172dffdf28919c1c286,"{""distance"":7,""physical_error_rate"":0.001}","{""detection_events"":105948,""detectors_checked"":28200960}"
     64512,         4,         0,   120.7,exact_mw,d2cc2b129abad1f985b8639603638d6030a837aa2fe57172dffdf28919c1c286,"{""distance"":7,""physical_error_rate"":0.001}","{""detection_events"":195217,""detectors_checked"":52254720,""obs_mistake_mask=E"":4}"
     17152,         4,         0,   120.8,exact_mw,98ed6542f5a75ebddbda0ed622fb597fbc85d0a75d139587b6be9a08147ba42d,"{""distance"":7,""physical_error_rate"":0.002}","{""detection_events"":102781,""detectors_checked"":13893120,""obs_mistake_mask=E"":4}"
    340992,         2,         0,   120.3,exact_mw,8c54babb212143042928b0eca3852c18ac799bf66eb488a668303745c8494fc5,"{""distance"":7,""physical_error_rate"":0.0005}","{""detection_events"":518520,""detectors_checked"":276203520,""obs_mistake_mask=E"":2}"
     50176,         0,         0,   120.4,exact_mw,8c54babb212143042928b0eca3852c18ac799bf66eb488a668303745c8494fc5,"{""distance"":7,""physical_error_rate"":0.0005}","{""detection_events"":75468,""detectors_checked"":40642560}"
     25088,         1,         0,    45.1,exact_mw,d2cc2b129abad1f985b8639603638d6030a837aa2fe57172dffdf28919c1c286,"{""distance"":7,""physical_error_rate"":0.001}","{""detection_events"":76309,""detectors_checked"":20321280,""obs_mistake_mask=E"":1}"
     60160,         3,         0,   120.1,exact_mw,d2cc2b129abad1f985b8639603638d6030a837aa2fe57172dffdf28919c1c286,"{""distance"":7,""physical_error_rate"":0.001}","{""detection_events"":184076,""detectors_checked"":48729600,""obs_mistake_mask=E"":3}"
     59392,         0,         0,   120.0,exact_mw,d2cc2b129abad1f985b8639603638d6030a837aa2fe57172dffdf28919c1c286,"{""distance"":7,""physical_error_rate"":0.001}","{""detection_events"":180365,""detectors_checked"":48107520}"
    319488,         5,         0,   120.0,exact_mw,8c54babb212143042928b0eca3852c18ac799bf66eb488a668303745c8494fc5,"{""distance"":7,""physical_error_rate"":0.0005}","{""detection_events"":486019,""detectors_checked"":258785280,""obs_mistake_mask=E"":5}"
     15488,         5,         0,   120.7,exact_mw,98ed6542f5a75ebddbda0ed622fb597fbc85d0a75d139587b6be9a08147ba42d,"{""distance"":7,""physical_error_rate"":0.002}","{""detection_events"":93736,""detectors_checked"":12545280,""obs_mistake_mask=E"":5}"
     16576,         3,         0,   120.7,exact_mw,98ed6542f5a75ebddbda0ed622fb597fbc85d0a75d139587b6be9a08147ba42d,"{""distance"":7,""physical_error_rate"":0.002}","{""detection_events"":100463,""detectors_checked"":13426560,""obs_mistake_mask=E"":3}"
     65792,         1,         0,   120.6,exact_mw,d2cc2b129abad1f985b8639603638d6030a837aa2fe57172dffdf28919c1c286,"{""distance"":7,""physical_error_rate"":0.001}","{""detection_events"":200246,""detectors_checked"":53291520,""obs_mistake_mask=E"":1}"
    185344,         3,         0,    63.3,exact_mw,8c54babb212143042928b0eca3852c18ac799bf66eb488a668303745c8494fc5,"{""distance"":7,""physical_error_rate"":0.0005}","{""detection_events"":282135,""detectors_checked"":150128640,""obs_mistake_mask=E"":3}"
    181248,         4,         0,    63.0,exact_mw,8c54babb212143042928b0eca3852c18ac799bf66eb488a668303745c8494fc5,"{""distance"":7,""physical_error_rate"":0.0005}","{""detection_events"":274176,""detectors_checked"":146810880,""obs_mistake_mask=E"":4}"
    190464,         1,         0,    63.2,exact_mw,8c54babb212143042928b0eca3852c18ac799bf66eb488a668303745c8494fc5,"{""distance"":7,""physical_error_rate"":0.0005}","{""detection_events"":289869,""detectors_checked"":154275840,""obs_mistake_mask=E"":1}"
    185344,         0,         0,    63.1,exact_mw,8c54babb212143042928b0eca3852c18ac799bf66eb488a668303745c8494fc5,"{""distance"":7,""physical_error_rate"":0.0005}","{""detection_events"":281980,""detectors_checked"":150128640}"
      8448,         1,         0,    63.1,exact_mw,98ed6542f5a75ebddbda0ed622fb597fbc85d0a75d139587b6be9a08147ba42d,"{""distance"":7,""physical_error_rate"":0.002}","{""detection_events"":50474,""detectors_checked"":6842880,""obs_mistake_mask=E"":1}"
      8064,         1,         0,    63.4,exact_mw,98ed6542f5a75ebddbda0ed622fb597fbc85d0a75d139587b6be9a08147ba42d,"{""distance"":7,""physical_error_rate"":0.002}","{""detection_events"":48252,""detectors_checked"":6531840,""obs_mistake_mask=E"":1}"
      4352,         0,         0,    62.9,exact_mw,d2cc2b129abad1f985b8639603638d6030a837aa2fe57172dffdf28919c1c286,"{""distance"":7,""physical_error_rate"":0.001}","{""detection_events"":13322,""detectors_checked"":3525120}"
     34560,         1,         0,    63.9,exact_mw,d2cc2b129abad1f985b8639603638d6030a837aa2fe57172dffdf28919c1c286,"{""distance"":7,""physical_error_rate"":0.001}","{""detection_events"":105049,""detectors_checked"":27993600,""obs_mistake_mask=E"":1}"
      8704,         1,         0,    63.8,exact_mw,98ed6542f5a75ebddbda0ed622fb597fbc85d0a75d139587b6be9a08147ba42d,"{""distance"":7,""physical_error_rate"":0.002}","{""detection_events"":52653,""detectors_checked"":7050240,""obs_mistake_mask=E"":1}"
    184320,         4,         0,    63.1,exact_mw,8c54babb212143042928b0eca3852c18ac799bf66eb488a668303745c8494fc5,"{""distance"":7,""physical_error_rate"":0.0005}","{""detection_events"":280315,""detectors_checked"":149299200,""obs_mistake_mask=E"":4}"
    349184,         1,         0,   120.1,exact_mw,8c54babb212143042928b0eca3852c18ac799bf66eb488a668303745c8494fc5,"{""distance"":7,""physical_error_rate"":0.0005}","{""detection_events"":530376,""detectors_checked"":282839040,""obs_mistake_mask=E"":1}"
     33536,         1,         0,    63.6,exact_mw,d2cc2b129abad1f985b8639603638d6030a837aa2fe57172dffdf28919c1c286,"{""distance"":7,""physical_error_rate"":0.001}","{""detection_events"":101735,""detectors_checked"":27164160,""obs_mistake_mask=E"":1}"
      8704,         0,         0,    63.8,exact_mw,98ed6542f5a75ebddbda0ed622fb597fbc85d0a75d139587b6be9a08147ba42d,"{""distance"":7,""physical_error_rate"":0.002}","{""detection_events"":52635,""detectors_checked"":7050240}"
      8704,         0,         0,    63.0,exact_mw,98ed6542f5a75ebddbda0ed622fb597fbc85d0a75d139587b6be9a08147ba42d,"{""distance"":7,""physical_error_rate"":0.002}","{""detection_events"":52341,""detectors_checked"":7050240}"
     31488,         0,         0,    63.2,exact_mw,d2cc2b129abad1f985b8639603638d6030a837aa2fe57172dffdf28919c1c286,"{""distance"":7,""physical_error_rate"":0.001}","{""detection_events"":95231,""detectors_checked"":25505280}"
      2184,         0,         0,   122.2,exact_mw,98ed6542f5a75ebddbda0ed622fb597fbc85d0a75d139587b6be9a08147ba42d,"{""distance"":7,""physical_error_rate"":0.002}","{""detection_events"":13491,""detectors_checked"":1769040}"
      8384,         3,         0,    63.4,exact_mw,98ed6542f5a75ebddbda0ed622fb597fbc85d0a75d139587b6be9a08147ba42d,"{""distance"":7,""physical_error_rate"":0.002}","{""detection_events"":50441,""detectors_checked"":6791040,""obs_mistake_mask=E"":3}"
     16128,         3,         0,   120.2,exact_mw,98ed6542f5a75ebddbda0ed622fb597fbc85d0a75d139587b6be9a08147ba42d,"{""distance"":7,""physical_error_rate"":0.002}","{""detection_events"":98148,""detectors_checked"":13063680,""obs_mistake_mask=E"":3}"
    347136,         2,         0,   120.2,exact_mw,8c54babb212143042928b0eca3852c18ac799bf66eb488a668303745c8494fc5,"{""distance"":7,""physical_error_rate"":0.0005}","{""detection_events"":529096,""detectors_checked"":281180160,""obs_mistake_mask=E"":2}"
     66048,         4,         0,   120.2,exact_mw,d2cc2b129abad1f985b8639603638d6030a837aa2fe57172dffdf28919c1c286,"{""distance"":7,""physical_error_rate"":0.001}","{""detection_events"":200179,""detectors_checked"":53498880,""obs_mistake_mask=E"":4}"
     65536,         3,         0,   120.5,exact_mw,d2cc2b129abad1f985b8639603638d6030a837aa2fe57172dffdf28919c1c286,"{""distance"":7,""physical_error_rate"":0.001}","{""detection_events"":199512,""detectors_checked"":53084160,""obs_mistake_mask=E"":3}"
    252928,         1,         0,    88.3,exact_mw,8c54babb212143042928b0eca3852c18ac799bf66eb488a668303745c8494fc5,"{""distance"":7,""physical_error_rate"":0.0005}","{""detection_events"":384317,""detectors_checked"":204871680,""obs_mistake_mask=E"":1}"
     12288,         1,         0,    88.8,exact_mw,98ed6542f5a75ebddbda0ed622fb597fbc85d0a75d139587b6be9a08147ba42d,"{""distance"":7,""physical_error_rate"":0.002}","{""detection_events"":73967,""detectors_checked"":9953280,""obs_mistake_mask=E"":1}"
    260096,         4,         0,    88.4,exact_mw,8c54babb212143042928b0eca3852c18ac799bf66eb488a668303745c8494fc5,"{""distance"":7,""physical_error_rate"":0.0005}","{""detection_events"":394233,""detectors_checked"":210677760,""obs_mistake_mask=E"":4}"
     11776,         3,         0,    88.5,exact_mw,98ed6542f5a75ebddbda0ed622fb597fbc85d0a75d139587b6be9a08147ba42d,"{""distance"":7,""physical_error_rate"":0.002}","{""detection_events"":71366,""detectors_checked"":9538560,""obs_mistake_mask=E"":3}"
     48640,         2,         0,    88.9,exact_mw,d2cc2b129abad1f985b8639603638d6030a837aa2fe57172dffdf28919c1c286,"{""distance"":7,""physical_error_rate"":0.001}","{""detection_events"":146883,""detectors_checked"":39398400,""obs_mistake_mask=E"":2}"
    325632,         3,         0,   120.1,exact_mw,8c54babb212143042928b0eca3852c18ac799bf66eb488a668303745c8494fc5,"{""distance"":7,""physical_error_rate"":0.0005}","{""detection_events"":495664,""detectors_checked"":263761920,""obs_mistake_mask=E"":3}"
      2152,         0,         0,   120.9,exact_mw,98ed6542f5a75ebddbda0ed622fb597fbc85d0a75d139587b6be9a08147ba42d,"{""distance"":7,""physical_error_rate"":0.002}","{""detection_events"":13032,""detectors_checked"":1743120}"
      6112,         0,         0,    88.1,exact_mw,d2cc2b129abad1f985b8639603638d6030a837aa2fe57172dffdf28919c1c286,"{""distance"":7,""physical_error_rate"":0.001}","{""detection_events"":18157,""detectors_checked"":4950720}"
     11648,         3,         0,    88.3,exact_mw,98ed6542f5a75ebddbda0ed622fb597fbc85d0a75d139587b6be9a08147ba42d,"{""distance"":7,""physical_error_rate"":0.002}","{""detection_events"":69987,""detectors_checked"":9434880,""obs_mistake_mask=E"":3}"
    343040,         1,         0,   120.0,exact_mw,8c54babb212143042928b0eca3852c18ac799bf66eb488a668303745c8494fc5,"{""distance"":7,""physical_error_rate"":0.0005}","{""detection_events"":522155,""detectors_checked"":277862400,""obs_mistake_mask=E"":1}"
     34944,         0,         0,    88.3,exact_mw,8c54babb212143042928b0eca3852c18ac799bf66eb488a668303745c8494fc5,"{""distance"":7,""physical_error_rate"":0.0005}","{""detection_events"":52731,""detectors_checked"":28304640}"
     61184,         3,         0,   120.1,exact_mw,d2cc2b129abad1f985b8639603638d6030a837aa2fe57172dffdf28919c1c286,"{""distance"":7,""physical_error_rate"":0.001}","{""detection_events"":186529,""detectors_checked"":49559040,""obs_mistake_mask=E"":3}"
      2032,         1,         0,   120.0,exact_mw,98ed6542f5a75ebddbda0ed622fb597fbc85d0a75d139587b6be9a08147ba42d,"{""distance"":7,""physical_error_rate"":0.002}","{""detection_events"":12309,""detectors_checked"":1645920,""obs_mistake_mask=E"":1}"
      8416,         0,         0,   120.1,exact_mw,d2cc2b129abad1f985b8639603638d6030a837aa2fe57172dffdf28919c1c286,"{""distance"":7,""physical_error_rate"":0.001}","{""detection_events"":25602,""detectors_checked"":6816960}"
     47232,         1,         0,   120.1,exact_mw,8c54babb212143042928b0eca3852c18ac799bf66eb488a668303745c8494fc5,"{""distance"":7,""physical_error_rate"":0.0005}","{""detection_events"":71668,""detectors_checked"":38257920,""obs_mistake_mask=E"":1}"
     66304,         0,         0,   120.8,exact_mw,d2cc2b129abad1f985b8639603638d6030a837aa2fe57172dffdf28919c1c286,"{""distance"":7,""physical_error_rate"":0.001}","{""detection_events"":200843,""detectors_checked"":53706240}"
     48256,         1,         0,   120.3,exact_mw,8c54babb212143042928b0eca3852c18ac799bf66eb488a668303745c8494fc5,"{""distance"":7,""physical_error_rate"":0.0005}","{""detection_events"":73866,""detectors_checked"":39087360,""obs_mistake_mask=E"":1}"
    341504,         5,         0,   120.4,exact_mw,8c54babb212143042928b0eca3852c18ac799bf66eb488a668303745c8494fc5,"{""distance"":7,""physical_error_rate"":0.0005}","{""detection_events"":517543,""detectors_checked"":276618240,""obs_mistake_mask=E"":5}"
     16512,         2,         0,   120.4,exact_mw,98ed6542f5a75ebddbda0ed622fb597fbc85d0a75d139587b6be9a08147ba42d,"{""distance"":7,""physical_error_rate"":0.002}","{""detection_events"":99704,""detectors_checked"":13374720,""obs_mistake_mask=E"":2}"
    328704,         2,         0,   120.1,exact_mw,8c54babb212143042928b0eca3852c18ac799bf66eb488a668303745c8494fc5,"{""distance"":7,""physical_error_rate"":0.0005}","{""detection_events"":499439,""detectors_checked"":266250240,""obs_mistake_mask=E"":2}"
     32768,         1,         0,    63.5,exact_mw,d2cc2b129abad1f985b8639603638d6030a837aa2fe57172dffdf28919c1c286,"{""distance"":7,""physical_error_rate"":0.001}","{""detection_events"":100787,""detectors_checked"":26542080,""obs_mistake_mask=E"":1}"
     46592,         1,         0,    88.5,exact_mw,d2cc2b129abad1f985b8639603638d6030a837aa2fe57172dffdf28919c1c286,"{""distance"":7,""physical_error_rate"":0.001}","{""detection_events"":142098,""detectors_checked"":37739520,""obs_mistake_mask=E"":1}"
      2296,         1,         0,   120.3,exact_mw,98ed6542f5a75ebddbda0ed622fb597fbc85d0a75d139587b6be9a08147ba42d,"{""distance"":7,""physical_error_rate"":0.002}","{""detection_events"":13258,""detectors_checked"":1859760,""obs_mistake_mask=E"":1}"
     11072,         0,         0,   120.5,exact_mw,d2cc2b129abad1f985b8639603638d6030a837aa2fe57172dffdf28919c1c286,"{""distance"":7,""physical_error_rate"":0.001}","{""detection_events"":33647,""detectors_checked"":8968320}"
      8608,         0,         0,   120.5,exact_mw,98ed6542f5a75ebddbda0ed622fb597fbc85d0a75d139587b6be9a08147ba42d,"{""distance"":7,""physical_error_rate"":0.002}","{""detection_events"":51796,""detectors_checked"":6972480}"
     16192,         1,         0,   120.3,exact_mw,98ed6542f5a75ebddbda0ed622fb597fbc85d0a75d139587b6be9a08147ba42d,"{""distance"":7,""physical_error_rate"":0.002}","{""detection_events"":96936,""detectors_checked"":13115520,""obs_mistake_mask=E"":1}"
      3884,         1,         0,   119.9,exact_mw,98ed6542f5a75ebddbda0ed622fb597fbc85d0a75d139587b6be9a08147ba42d,"{""distance"":7,""physical_error_rate"":0.002}","{""detection_events"":23210,""detectors_checked"":3146040,""obs_mistake_mask=E"":1}"
      8688,         0,         0,   119.8,exact_mw,d2cc2b129abad1f985b8639603638d6030a837aa2fe57172dffdf28919c1c286,"{""distance"":7,""physical_error_rate"":0.001}","{""detection_events"":26284,""detectors_checked"":7037280}"
     15552,         0,         0,   120.5,exact_mw,98ed6542f5a75ebddbda0ed622fb597fbc85d0a75d139587b6be9a08147ba42d,"{""distance"":7,""physical_error_rate"":0.002}","{""detection_events"":94449,""detectors_checked"":12597120}"
     64512,         0,         0,   120.4,exact_mw,d2cc2b129abad1f985b8639603638d6030a837aa2fe57172dffdf28919c1c286,"{""distance"":7,""physical_error_rate"":0.001}","{""detection_events"":195499,""detectors_checked"":52254720}"
    345088,         3,         0,   120.1,exact_mw,8c54babb212143042928b0eca3852c18ac799bf66eb488a668303745c8494fc5,"{""distance"":7,""physical_error_rate"":0.0005}","{""detection_events"":524917,""detectors_checked"":279521280,""obs_mistake_mask=E"":3}"
    335872,         6,         0,   120.2,exact_mw,8c54babb212143042928b0eca3852c18ac799bf66eb488a668303745c8494fc5,"{""distance"":7,""physical_error_rate"":0.0005}","{""detection_events"":511286,""detectors_checked"":272056320,""obs_mistake_mask=E"":6}"
      8896,         1,         0,   119.9,exact_mw,d2cc2b129abad1f985b8639603638d6030a837aa2fe57172dffdf28919c1c286,"{""distance"":7,""physical_error_rate"":0.001}","{""detection_events"":27122,""detectors_checked"":7205760,""obs_mistake_mask=E"":1}"
     63488,         4,         0,   120.3,exact_mw,d2cc2b129abad1f985b8639603638d6030a837aa2fe57172dffdf28919c1c286,"{""distance"":7,""physical_error_rate"":0.001}","{""detection_events"":193266,""detectors_checked"":51425280,""obs_mistake_mask=E"":4}"
    246784,         2,         0,    88.2,exact_mw,8c54babb212143042928b0eca3852c18ac799bf66eb488a668303745c8494fc5,"{""distance"":7,""physical_error_rate"":0.0005}","{""detection_events"":375757,""detectors_checked"":199895040,""obs_mistake_mask=E"":2}"
    243712,         3,         0,    88.4,exact_mw,8c54babb212143042928b0eca3852c18ac799bf66eb488a668303745c8494fc5,"{""distance"":7,""physical_error_rate"":0.0005}","{""detection_events"":372687,""detectors_checked"":197406720,""obs_mistake_mask=E"":3}"
     15360,         1,         0,   120.8,exact_mw,98ed6542f5a75ebddbda0ed622fb597fbc85d0a75d139587b6be9a08147ba42d,"{""distance"":7,""physical_error_rate"":0.002}","{""detection_events"":93072,""detectors_checked"":12441600,""obs_mistake_mask=E"":1}"
    261120,         2,         0,    88.3,exact_mw,8c54babb212143042928b0eca3852c18ac799bf66eb488a668303745c8494fc5,"{""distance"":7,""physical_error_rate"":0.0005}","{""detection_events"":399735,""detectors_checked"":211507200,""obs_mistake_mask=E"":2}"
    262144,         1,         0,    88.4,exact_mw,8c54babb212143042928b0eca3852c18ac799bf66eb488a668303745c8494fc5,"{""distance"":7,""physical_error_rate"":0.0005}","{""detection_events"":398855,""detectors_checked"":212336640,""obs_mistake_mask=E"":1}"
     11328,         1,         0,    88.6,exact_mw,98ed6542f5a75ebddbda0ed622fb597fbc85d0a75d139587b6be9a08147ba42d,"{""distance"":7,""physical_error_rate"":0.002}","{""detection_events"":68176,""detectors_checked"":9175680,""obs_mistake_mask=E"":1}"
     11712,         3,         0,    88.6,exact_mw,98ed6542f5a75ebddbda0ed622fb597fbc85d0a75d139587b6be9a08147ba42d,"{""distance"":7,""physical_error_rate"":0.002}","{""detection_events"":70076,""detectors_checked"":9486720,""obs_mistake_mask=E"":3}"
     24160,         1,         0,    88.2,exact_mw,d2cc2b129abad1f985b8639603638d6030a837aa2fe57172dffdf28919c1c286,"{""distance"":7,""physical_error_rate"":0.001}","{""detection_events"":73300,""detectors_checked"":19569600,""obs_mistake_mask=E"":1}"
     48128,         3,         0,    88.5,exact_mw,d2cc2b129abad1f985b8639603638d6030a837aa2fe57172dffdf28919c1c286,"{""distance"":7,""physical_error_rate"":0.001}","{""detection_events"":145533,""detectors_checked"":38983680,""obs_mistake_mask=E"":3}"
    252928,         0,         0,    88.2,exact_mw,8c54babb212143042928b0eca3852c18ac799bf66eb488a668303745c8494fc5,"{""distance"":7,""physical_error_rate"":0.0005}","{""detection_events"":386338,""detectors_checked"":204871680}"
     12288,         1,         0,    89.0,exact_mw,98ed6542f5a75ebddbda0ed622fb597fbc85d0a75d139587b6be9a08147ba42d,"{""distance"":7,""physical_error_rate"":0.002}","{""detection_events"":73734,""detectors_checked"":9953280,""obs_mistake_mask=E"":1}"
     46848,         4,         0,    88.6,exact_mw,d2cc2b129abad1f985b8639603638d6030a837aa2fe57172dffdf28919c1c286,"{""distance"":7,""physical_error_rate"":0.001}","{""detection_events"":142136,""detectors_checked"":37946880,""obs_mistake_mask=E"":4}"
     11200,         2,         0,    88.9,exact_mw,98ed6542f5a75ebddbda0ed622fb597fbc85d0a75d139587b6be9a08147ba42d,"{""distance"":7,""physical_error_rate"":0.002}","{""detection_events"":67559,""detectors_checked"":9072000,""obs_mistake_mask=E"":2}"
     47360,         2,         0,    88.7,exact_mw,d2cc2b129abad1f985b8639603638d6030a837aa2fe57172dffdf28919c1c286,"{""distance"":7,""physical_error_rate"":0.001}","{""detection_events"":143790,""detectors_checked"":38361600,""obs_mistake_mask=E"":2}"
     11904,         2,         0,    89.4,exact_mw,98ed6542f5a75ebddbda0ed622fb597fbc85d0a75d139587b6be9a08147ba42d,"{""distance"":7,""physical_error_rate"":0.002}","{""detection_events"":71927,""detectors_checked"":9642240,""obs_mistake_mask=E"":2}"
     12032,         1,         0,    88.2,exact_mw,98ed6542f5a75ebddbda0ed622fb597fbc85d0a75d139587b6be9a08147ba42d,"{""distance"":7,""physical_error_rate"":0.002}","{""detection_events"":72316,""detectors_checked"":9745920,""obs_mistake_mask=E"":1}"
    349184,         4,         0,   120.0,exact_mw,8c54babb212143042928b0eca3852c18ac799bf66eb488a668303745c8494fc5,"{""distance"":7,""physical_error_rate"":0.0005}","{""detection_events"":531242,""detectors_checked"":282839040,""obs_mistake_mask=E"":4}"
     48256,         0,         0,   119.9,exact_mw,8c54babb212143042928b0eca3852c18ac799bf66eb488a668303745c8494fc5,"{""distance"":7,""physical_error_rate"":0.0005}","{""detection_events"":73367,""detectors_checked"":39087360}"
     65536,         3,         0,   120.6,exact_mw,d2cc2b129abad1f985b8639603638d6030a837aa2fe57172dffdf28919c1c286,"{""distance"":7,""physical_error_rate"":0.001}","{""detection_events"":199111,""detectors_checked"":53084160,""obs_mistake_mask=E"":3}"
    339968,         1,         0,   119.9,exact_mw,8c54babb212143042928b0eca3852c18ac799bf66eb488a668303745c8494fc5,"{""distance"":7,""physical_error_rate"":0.0005}","{""detection_events"":516708,""detectors_checked"":275374080,""obs_mistake_mask=E"":1}"
     64768,         2,         0,   120.2,exact_mw,d2cc2b129abad1f985b8639603638d6030a837aa2fe57172dffdf28919c1c286,"{""distance"":7,""physical_error_rate"":0.001}","{""detection_events"":196546,""detectors_checked"":52462080,""obs_mistake_mask=E"":2}"
     16768,         2,         0,   120.5,exact_mw,98ed6542f5a75ebddbda0ed622fb597fbc85d0a75d139587b6be9a08147ba42d,"{""distance"":7,""physical_error_rate"":0.002}","{""detection_events"":100411,""detectors_checked"":13582080,""obs_mistake_mask=E"":2}"
     16000,         1,         0,   120.1,exact_mw,98ed6542f5a75ebddbda0ed622fb597fbc85d0a75d139587b6be9a08147ba42d,"{""distance"":7,""physical_error_rate"":0.002}","{""detection_events"":96500,""detectors_checked"":12960000,""obs_mistake_mask=E"":1}"
     64512,         2,         0,   120.6,exact_mw,d2cc2b129abad1f985b8639603638d6030a837aa2fe57172dffdf28919c1c286,"{""distance"":7,""physical_error_rate"":0.001}","{""detection_events"":194841,""detectors_checked"":52254720,""obs_mistake_mask=E"":2}"
    333824,         4,         0,   120.1,exact_mw,8c54babb212143042928b0eca3852c18ac799bf66eb488a668303745c8494fc5,"{""distance"":7,""physical_error_rate"":0.0005}","{""detection_events"":509711,""detectors_checked"":270397440,""obs_mistake_mask=E"":4}"
      2184,         0,         0,   119.9,exact_mw,98ed6542f5a75ebddbda0ed622fb597fbc85d0a75d139587b6be9a08147ba42d,"{""distance"":7,""physical_error_rate"":0.002}","{""detection_events"":13750,""detectors_checked"":1769040}"
     14912,         5,         0,   120.3,exact_mw,98ed6542f5a75ebddbda0ed622fb597fbc85d0a75d139587b6be9a08147ba42d,"{""distance"":7,""physical_error_rate"":0.002}","{""detection_events"":90218,""detectors_checked"":12078720,""obs_mistake_mask=E"":5}"
    314368,         4,         0,   120.1,exact_mw,8c54babb212143042928b0eca3852c18ac799bf66eb488a668303745c8494fc5,"{""distance"":7,""physical_error_rate"":0.0005}","{""detection_events"":478507,""detectors_checked"":254638080,""obs_mistake_mask=E"":4}"
     63488,         1,         0,   120.4,exact_mw,d2cc2b129abad1f985b8639603638d6030a837aa2fe57172dffdf28919c1c286,"{""distance"":7,""physical_error_rate"":0.001}","{""detection_events"":192251,""detectors_checked"":51425280,""obs_mistake_mask=E"":1}"
     57856,         1,         0,   120.7,exact_mw,d2cc2b129abad1f985b8639603638d6030a837aa2fe57172dffdf28919c1c286,"{""distance"":7,""physical_error_rate"":0.001}","{""detection_events"":175741,""detectors_checked"":46863360,""obs_mistake_mask=E"":1}"
     41088,         2,         0,    88.9,exact_mw,d2cc2b129abad1f985b8639603638d6030a837aa2fe57172dffdf28919c1c286,"{""distance"":7,""physical_error_rate"":0.001}","{""detection_events"":124971,""detectors_checked"":33281280,""obs_mistake_mask=E"":2}"
    339968,         5,         0,   120.3,exact_mw,8c54babb212143042928b0eca3852c18ac799bf66eb488a668303745c8494fc5,"{""distance"":7,""physical_error_rate"":0.0005}","{""detection_events"":516779,""detectors_checked"":275374080,""obs_mistake_mask=E"":5}"
     15936,         2,         0,   120.4,exact_mw,98ed6542f5a75ebddbda0ed622fb597fbc85d0a75d139587b6be9a08147ba42d,"{""distance"":7,""physical_error_rate"":0.002}","{""detection_events"":96374,""detectors_checked"":12908160,""obs_mistake_mask=E"":2}"
    320512,         0,         0,   120.0,exact_mw,8c54babb212143042928b0eca3852c18ac799bf66eb488a668303745c8494fc5,"{""distance"":7,""physical_error_rate"":0.0005}","{""detection_events"":488117,""detectors_checked"":259614720}"
     17024,         2,         0,   120.4,exact_mw,98ed6542f5a75ebddbda0ed622fb597fbc85d0a75d139587b6be9a08147ba42d,"{""distance"":7,""physical_error_rate"":0.002}","{""detection_events"":102741,""detectors_checked"":13789440,""obs_mistake_mask=E"":2}"
    347136,         3,         0,   120.0,exact_mw,8c54babb212143042928b0eca3852c18ac799bf66eb488a668303745c8494fc5,"{""distance"":7,""physical_error_rate"":0.0005}","{""detection_events"":528839,""detectors_checked"":281180160,""obs_mistake_mask=E"":3}"
     64000,         2,         0,   120.3,exact_mw,d2cc2b129abad1f985b8639603638d6030a837aa2fe57172dffdf28919c1c286,"{""distance"":7,""physical_error_rate"":0.001}","{""detection_events"":194223,""detectors_checked"":51840000,""obs_mistake_mask=E"":2}"
      9152,         1,         0,   120.0,exact_mw,d2cc2b129abad1f985b8639603638d6030a837aa2fe57172dffdf28919c1c286,"{""distance"":7,""physical_error_rate"":0.001}","{""detection_events"":27466,""detectors_checked"":7413120,""obs_mistake_mask=E"":1}"
      2408,         0,         0,   120.4,exact_mw,98ed6542f5a75ebddbda0ed622fb597fbc85d0a75d139587b6be9a08147ba42d,"{""distance"":7,""physical_error_rate"":0.002}","{""detection_events"":14384,""detectors_checked"":1950480}"
     16128,         3,         0,   120.2,exact_mw,98ed6542f5a75ebddbda0ed622fb597fbc85d0a75d139587b6be9a08147ba42d,"{""distance"":7,""physical_error_rate"":0.002}","{""detection_events"":97898,""detectors_checked"":13063680,""obs_mistake_mask=E"":3}"
    338944,         2,         0,   120.2,exact_mw,8c54babb212143042928b0eca3852c18ac799bf66eb488a668303745c8494fc5,"{""distance"":7,""physical_error_rate"":0.0005}","{""detection_events"":515474,""detectors_checked"":274544640,""obs_mistake_mask=E"":2}"
    281088,         3,         0,   120.0,exact_mw,8c54babb212143042928b0eca3852c18ac799bf66eb488a668303745c8494fc5,"{""distance"":7,""physical_error_rate"":0.0005}","{""detection_events"":428033,""detectors_checked"":227681280,""obs_mistake_mask=E"":3}"
     65536,         4,         0,   120.1,exact_mw,d2cc2b129abad1f985b8639603638d6030a837aa2fe57172dffdf28919c1c286,"{""distance"":7,""physical_error_rate"":0.001}","{""detection_events"":197675,""detectors_checked"":53084160,""obs_mistake_mask=E"":4}"
      2240,         1,         0,   120.2,exact_mw,98ed6542f5a75ebddbda0ed622fb597fbc85d0a75d139587b6be9a08147ba42d,"{""distance"":7,""physical_error_rate"":0.002}","{""detection_events"":13664,""detectors_checked"":1814400,""obs_mistake_mask=E"":1}"
     10688,         0,         0,   120.8,exact_mw,d2cc2b129abad1f985b8639603638d6030a837aa2fe57172dffdf28919c1c286,"{""distance"":7,""physical_error_rate"":0.001}","{""detection_events"":32478,""detectors_checked"":8657280}"
    323584,         0,         0,   120.1,exact_mw,8c54babb212143042928b0eca3852c18ac799bf66eb488a668303745c8494fc5,"{""distance"":7,""physical_error_rate"":0.0005}","{""detection_events"":493322,""detectors_checked"":262103040}"
     64512,         2,         0,   120.3,exact_mw,d2cc2b129abad1f985b8639603638d6030a837aa2fe57172dffdf28919c1c286,"{""distance"":7,""physical_error_rate"":0.001}","{""detection_events"":196145,""detectors_checked"":52254720,""obs_mistake_mask=E"":2}"
     48512,         0,         0,   120.0,exact_mw,8c54babb212143042928b0eca3852c18ac799bf66eb488a668303745c8494fc5,"{""distance"":7,""physical_error_rate"":0.0005}","{""detection_events"":73617,""detectors_checked"":39294720}"
     48640,         1,         0,   120.3,exact_mw,8c54babb212143042928b0eca3852c18ac799bf66eb488a668303745c8494fc5,"{""distance"":7,""physical_error_rate"":0.0005}","{""detection_events"":74236,""detectors_checked"":39398400,""obs_mistake_mask=E"":1}"
    361472,         3,         0,   120.1,exact_mw,8c54babb212143042928b0eca3852c18ac799bf66eb488a668303745c8494fc5,"{""distance"":7,""physical_error_rate"":0.0005}","{""detection_events"":549947,""detectors_checked"":292792320,""obs_mistake_mask=E"":3}"
     16128,         2,         0,   120.7,exact_mw,98ed6542f5a75ebddbda0ed622fb597fbc85d0a75d139587b6be9a08147ba42d,"{""distance"":7,""physical_error_rate"":0.002}","{""detection_events"":97055,""detectors_checked"":13063680,""obs_mistake_mask=E"":2}"
      2288,         0,         0,   120.2,exact_mw,98ed6542f5a75ebddbda0ed622fb597fbc85d0a75d139587b6be9a08147ba42d,"{""distance"":7,""physical_error_rate"":0.002}","{""detection_events"":13359,""detectors_checked"":1853280}"
     58880,         2,         0,   120.1,exact_mw,d2cc2b129abad1f985b8639603638d6030a837aa2fe57172dffdf28919c1c286,"{""distance"":7,""physical_error_rate"":0.001}","{""detection_events"":178951,""detectors_checked"":47692800,""obs_mistake_mask=E"":2}"
      9408,         0,         0,   121.8,exact_mw,d2cc2b129abad1f985b8639603638d6030a837aa2fe57172dffdf28919c1c286,"{""distance"":7,""physical_error_rate"":0.001}","{""detection_events"":28011,""detectors_checked"":7620480}"
      2128,         0,         0,   121.6,exact_mw,98ed6542f5a75ebddbda0ed622fb597fbc85d0a75d139587b6be9a08147ba42d,"{""distance"":7,""physical_error_rate"":0.002}","{""detection_events"":12770,""detectors_checked"":1723680}"
     17600,         3,         0,   120.6,exact_mw,98ed6542f5a75ebddbda0ed622fb597fbc85d0a75d139587b6be9a08147ba42d,"{""distance"":7,""physical_error_rate"":0.002}","{""detection_events"":107062,""detectors_checked"":14256000,""obs_mistake_mask=E"":3}"
      3632,         1,         0,   120.3,exact_mw,98ed6542f5a75ebddbda0ed622fb597fbc85d0a75d139587b6be9a08147ba42d,"{""distance"":7,""physical_error_rate"":0.002}","{""detection_events"":22077,""detectors_checked"":2941920,""obs_mistake_mask=E"":1}"
     70144,         0,         0,   120.2,exact_mw,d2cc2b129abad1f985b8639603638d6030a837aa2fe57172dffdf28919c1c286,"{""distance"":7,""physical_error_rate"":0.001}","{""detection_events"":213575,""detectors_checked"":56816640}"
     16192,         1,         0,   120.7,exact_mw,98ed6542f5a75ebddbda0ed622fb597fbc85d0a75d139587b6be9a08147ba42d,"{""distance"":7,""physical_error_rate"":0.002}","{""detection_events"":97605,""detectors_checked"":13115520,""obs_mistake_mask=E"":1}"
      9376,         0,         0,   120.7,exact_mw,d2cc2b129abad1f985b8639603638d6030a837aa2fe57172dffdf28919c1c286,"{""distance"":7,""physical_error_rate"":0.001}","{""detection_events"":28822,""detectors_checked"":7594560}"
    322560,         4,         0,   120.4,exact_mw,8c54babb212143042928b0eca3852c18ac799bf66eb488a668303745c8494fc5,"{""distance"":7,""physical_error_rate"":0.0005}","{""detection_events"":490984,""detectors_checked"":261273600,""obs_mistake_mask=E"":4}"
    164992,         0,         0,   120.4,exact_mw,8c54babb212143042928b0eca3852c18ac799bf66eb488a668303745c8494fc5,"{""distance"":7,""physical_error_rate"":0.0005}","{""detection_events"":251214,""detectors_checked"":133643520}"
     11776,         0,         0,   120.9,exact_mw,d2cc2b129abad1f985b8639603638d6030a837aa2fe57172dffdf28919c1c286,"{""distance"":7,""physical_error_rate"":0.001}","{""detection_events"":35783,""detectors_checked"":9538560}"
     39296,         0,         0,   120.8,exact_mw,d2cc2b129abad1f985b8639603638d6030a837aa2fe57172dffdf28919c1c286,"{""distance"":7,""physical_error_rate"":0.001}","{""detection_events"":119818,""detectors_checked"":31829760}"
    278016,         3,         0,   120.9,exact_mw,8c54babb212143042928b0eca3852c18ac799bf66eb488a668303745c8494fc5,"{""distance"":7,""physical_error_rate"":0.0005}","{""detection_events"":423167,""detectors_checked"":225192960,""obs_mistake_mask=E"":3}"
    273664,         3,         0,   120.5,exact_mw,8c54babb212143042928b0eca3852c18ac799bf66eb488a668303745c8494fc5,"{""distance"":7,""physical_error_rate"":0.0005}","{""detection_events"":416592,""detectors_checked"":221667840,""obs_mistake_mask=E"":3}"
    320512,         3,         0,   120.1,exact_mw,8c54babb212143042928b0eca3852c18ac799bf66eb488a668303745c8494fc5,"{""distance"":7,""physical_error_rate"":0.0005}","{""detection_events"":487136,""detectors_checked"":259614720,""obs_mistake_mask=E"":3}"
     16320,         3,         0,   121.0,exact_mw,98ed6542f5a75ebddbda0ed622fb597fbc85d0a75d139587b6be9a08147ba42d,"{""distance"":7,""physical_error_rate"":0.002}","{""detection_events"":98092,""detectors_checked"":13219200,""obs_mistake_mask=E"":3}"
    308224,         1,         0,   120.0,exact_mw,8c54babb212143042928b0eca3852c18ac799bf66eb488a668303745c8494fc5,"{""distance"":7,""physical_error_rate"":0.0005}","{""detection_events"":467163,""detectors_checked"":249661440,""obs_mistake_mask=E"":1}"
     15296,         4,         0,   120.0,exact_mw,98ed6542f5a75ebddbda0ed622fb597fbc85d0a75d139587b6be9a08147ba42d,"{""distance"":7,""physical_error_rate"":0.002}","{""detection_events"":91878,""detectors_checked"":12389760,""obs_mistake_mask=E"":4}"
     15040,         1,         0,   120.3,exact_mw,98ed6542f5a75ebddbda0ed622fb597fbc85d0a75d139587b6be9a08147ba42d,"{""distance"":7,""physical_error_rate"":0.002}","{""detection_events"":90922,""detectors_checked"":12182400,""obs_mistake_mask=E"":1}"
     36832,         2,         0,   120.3,exact_mw,d2cc2b129abad1f985b8639603638d6030a837aa2fe57172dffdf28919c1c286,"{""distance"":7,""physical_error_rate"":0.001}","{""detection_events"":112298,""detectors_checked"":29833920,""obs_mistake_mask=E"":2}"
    346112,         6,         0,   120.1,exact_mw,8c54babb212143042928b0eca3852c18ac799bf66eb488a668303745c8494fc5,"{""distance"":7,""physical_error_rate"":0.0005}","{""detection_events"":527519,""detectors_checked"":280350720,""obs_mistake_mask=E"":6}"
     62208,         0,         0,   120.7,exact_mw,d2cc2b129abad1f985b8639603638d6030a837aa2fe57172dffdf28919c1c286,"{""distance"":7,""physical_error_rate"":0.001}","{""detection_events"":188061,""detectors_checked"":50388480}"
     16448,         1,         0,   120.3,exact_mw,98ed6542f5a75ebddbda0ed622fb597fbc85d0a75d139587b6be9a08147ba42d,"{""distance"":7,""physical_error_rate"":0.002}","{""detection_events"":98489,""detectors_checked"":13322880,""obs_mistake_mask=E"":1}"
     65024,         0,         0,   120.5,exact_mw,d2cc2b129abad1f985b8639603638d6030a837aa2fe57172dffdf28919c1c286,"{""distance"":7,""physical_error_rate"":0.001}","{""detection_events"":196874,""detectors_checked"":52669440}"
     16576,         0,         0,   120.4,exact_mw,98ed6542f5a75ebddbda0ed622fb597fbc85d0a75d139587b6be9a08147ba42d,"{""distance"":7,""physical_error_rate"":0.002}","{""detection_events"":100707,""detectors_checked"":13426560}"
     15744,         2,         0,   120.1,exact_mw,98ed6542f5a75ebddbda0ed622fb597fbc85d0a75d139587b6be9a08147ba42d,"{""distance"":7,""physical_error_rate"":0.002}","{""detection_events"":94953,""detectors_checked"":12752640,""obs_mistake_mask=E"":2}"
     72192,         5,         0,   120.4,exact_mw,d2cc2b129abad1f985b8639603638d6030a837aa2fe57172dffdf28919c1c286,"{""distance"":7,""physical_error_rate"":0.001}","{""detection_events"":218514,""detectors_checked"":58475520,""obs_mistake_mask=E"":5}"
     15744,         1,         0,   120.5,exact_mw,98ed6542f5a75ebddbda0ed622fb597fbc85d0a75d139587b6be9a08147ba42d,"{""distance"":7,""physical_error_rate"":0.002}","{""detection_events"":94958,""detectors_checked"":12752640,""obs_mistake_mask=E"":1}"
    369664,         4,         0,   120.1,exact_mw,8c54babb212143042928b0eca3852c18ac799bf66eb488a668303745c8494fc5,"{""distance"":7,""physical_error_rate"":0.0005}","{""detection_events"":562600,""detectors_checked"":299427840,""obs_mistake_mask=E"":4}"
    140672,         0,         0,   120.0,exact_mw,8c54babb212143042928b0eca3852c18ac799bf66eb488a668303745c8494fc5,"{""distance"":7,""physical_error_rate"":0.0005}","{""detection_events"":213587,""detectors_checked"":113944320}"
     66304,         3,         0,   120.6,exact_mw,d2cc2b129abad1f985b8639603638d6030a837aa2fe57172dffdf28919c1c286,"{""distance"":7,""physical_error_rate"":0.001}","{""detection_events"":202304,""detectors_checked"":53706240,""obs_mistake_mask=E"":3}"
    342016,         4,         0,   120.0,exact_mw,8c54babb212143042928b0eca3852c18ac799bf66eb488a668303745c8494fc5,"{""distance"":7,""physical_error_rate"":0.0005}","{""detection_events"":518650,""detectors_checked"":277032960,""obs_mistake_mask=E"":4}"
     64000,         4,         0,   120.2,exact_mw,d2cc2b129abad1f985b8639603638d6030a837aa2fe57172dffdf28919c1c286,"{""distance"":7,""physical_error_rate"":0.001}","{""detection_events"":195131,""detectors_checked"":51840000,""obs_mistake_mask=E"":4}"
     17408,         6,         0,   120.2,exact_mw,98ed6542f5a75ebddbda0ed622fb597fbc85d0a75d139587b6be9a08147ba42d,"{""distance"":7,""physical_error_rate"":0.002}","{""detection_events"":105116,""detectors_checked"":14100480,""obs_mistake_mask=E"":6}"
     16256,         7,         0,   120.0,exact_mw,98ed6542f5a75ebddbda0ed622fb597fbc85d0a75d139587b6be9a08147ba42d,"{""distance"":7,""physical_error_rate"":0.002}","{""detection_events"":97542,""detectors_checked"":13167360,""obs_mistake_mask=E"":7}"
     60928,         2,         0,   120.2,exact_mw,d2cc2b129abad1f985b8639603638d6030a837aa2fe57172dffdf28919c1c286,"{""distance"":7,""physical_error_rate"":0.001}","{""detection_events"":184008,""detectors_checked"":49351680,""obs_mistake_mask=E"":2}"
    335872,         0,         0,   120.0,exact_mw,8c54babb212143042928b0eca3852c18ac799bf66eb488a668303745c8494fc5,"{""distance"":7,""physical_error_rate"":0.0005}","{""detection_events"":512116,""detectors_checked"":272056320}"
      2532,         0,         0,   121.0,exact_mw,98ed6542f5a75ebddbda0ed622fb597fbc85d0a75d139587b6be9a08147ba42d,"{""distance"":7,""physical_error_rate"":0.002}","{""detection_events"":15233,""detectors_checked"":2050920}"
     15168,         2,         0,   120.1,exact_mw,98ed6542f5a75ebddbda0ed622fb597fbc85d0a75d139587b6be9a08147ba42d,"{""distance"":7,""physical_error_rate"":0.002}","{""detection_events"":91859,""detectors_checked"":12286080,""obs_mistake_mask=E"":2}"
    315392,         3,         0,   120.0,exact_mw,8c54babb212143042928b0eca3852c18ac799bf66eb488a668303745c8494fc5,"{""distance"":7,""physical_error_rate"":0.0005}","{""detection_events"":480298,""detectors_checked"":255467520,""obs_mistake_mask=E"":3}"
     65536,         1,         0,   120.0,exact_mw,d2cc2b129abad1f985b8639603638d6030a837aa2fe57172dffdf28919c1c286,"{""distance"":7,""physical_error_rate"":0.001}","{""detection_events"":199379,""detectors_checked"":53084160,""obs_mistake_mask=E"":1}"
     62720,         2,         0,   120.4,exact_mw,d2cc2b129abad1f985b8639603638d6030a837aa2fe57172dffdf28919c1c286,"{""distance"":7,""physical_error_rate"":0.001}","{""detection_events"":190018,""detectors_checked"":50803200,""obs_mistake_mask=E"":2}"
      9536,         0,         0,   121.3,exact_mw,d2cc2b129abad1f985b8639603638d6030a837aa2fe57172dffdf28919c1c286,"{""distance"":7,""physical_error_rate"":0.001}","{""detection_events"":28913,""detectors_checked"":7724160}"
    350208,         2,         0,   120.2,exact_mw,8c54babb212143042928b0eca3852c18ac799bf66eb488a668303745c8494fc5,"{""distance"":7,""physical_error_rate"":0.0005}","{""detection_events"":530869,""detectors_checked"":283668480,""obs_mistake_mask=E"":2}"
     14784,         3,         0,   120.1,exact_mw,98ed6542f5a75ebddbda0ed622fb597fbc85d0a75d139587b6be9a08147ba42d,"{""distance"":7,""physical_error_rate"":0.002}","{""detection_events"":89529,""detectors_checked"":11975040,""obs_mistake_mask=E"":3}"
    347136,         2,         0,   120.0,exact_mw,8c54babb212143042928b0eca3852c18ac799bf66eb488a668303745c8494fc5,"{""distance"":7,""physical_error_rate"":0.0005}","{""detection_events"":528586,""detectors_checked"":281180160,""obs_mistake_mask=E"":2}"
    343040,         2,         0,   120.0,exact_mw,8c54babb212143042928b0eca3852c18ac799bf66eb488a668303745c8494fc5,"{""distance"":7,""physical_error_rate"":0.0005}","{""detection_events"":521524,""detectors_checked"":277862400,""obs_mistake_mask=E"":2}"
     17408,         3,         0,   120.8,exact_mw,98ed6542f5a75ebddbda0ed622fb597fbc85d0a75d139587b6be9a08147ba42d,"{""distance"":7,""physical_error_rate"":0.002}","{""detection_events"":104470,""detectors_checked"":14100480,""obs_mistake_mask=E"":3}"
     64512,         1,         0,   120.9,exact_mw,d2cc2b129abad1f985b8639603638d6030a837aa2fe57172dffdf28919c1c286,"{""distance"":7,""physical_error_rate"":0.001}","{""detection_events"":195884,""detectors_checked"":52254720,""obs_mistake_mask=E"":1}"
      8944,         0,         0,   120.4,exact_mw,d2cc2b129abad1f985b8639603638d6030a837aa2fe57172dffdf28919c1c286,"{""distance"":7,""physical_error_rate"":0.001}","{""detection_events"":27316,""detectors_checked"":7244640}"
    346112,         4,         0,   120.0,exact_mw,8c54babb212143042928b0eca3852c18ac799bf66eb488a668303745c8494fc5,"{""distance"":7,""physical_error_rate"":0.0005}","{""detection_events"":526903,""detectors_checked"":280350720,""obs_mistake_mask=E"":4}"
      3548,         1,         0,   120.8,exact_mw,98ed6542f5a75ebddbda0ed622fb597fbc85d0a75d139587b6be9a08147ba42d,"{""distance"":7,""physical_error_rate"":0.002}","{""detection_events"":21691,""detectors_checked"":2873880,""obs_mistake_mask=E"":1}"
      9824,         3,         0,   121.1,exact_mw,98ed6542f5a75ebddbda0ed622fb597fbc85d0a75d139587b6be9a08147ba42d,"{""distance"":7,""physical_error_rate"":0.002}","{""detection_events"":59590,""detectors_checked"":7957440,""obs_mistake_mask=E"":3}"
    119040,         0,         0,   120.0,exact_mw,8c54babb212143042928b0eca3852c18ac799bf66eb488a668303745c8494fc5,"{""distance"":7,""physical_error_rate"":0.0005}","{""detection_events"":181083,""detectors_checked"":96422400}"
     52832,         1,         0,   120.8,exact_mw,d2cc2b129abad1f985b8639603638d6030a837aa2fe57172dffdf28919c1c286,"{""distance"":7,""physical_error_rate"":0.001}","{""detection_events"":160743,""detectors_checked"":42793920,""obs_mistake_mask=E"":1}"
     12448,         0,         0,   120.5,exact_mw,98ed6542f5a75ebddbda0ed622fb597fbc85d0a75d139587b6be9a08147ba42d,"{""distance"":7,""physical_error_rate"":0.002}","{""detection_events"":74924,""detectors_checked"":10082880}"
      9808,         0,         0,   120.2,exact_mw,d2cc2b129abad1f985b8639603638d6030a837aa2fe57172dffdf28919c1c286,"{""distance"":7,""physical_error_rate"":0.001}","{""detection_events"":29163,""detectors_checked"":7944480}"
    317440,         1,         0,   120.0,exact_mw,8c54babb212143042928b0eca3852c18ac799bf66eb488a668303745c8494fc5,"{""distance"":7,""physical_error_rate"":0.0005}","{""detection_events"":483002,""detectors_checked"":257126400,""obs_mistake_mask=E"":1}"
     66560,         3,         0,   120.4,exact_mw,d2cc2b129abad1f985b8639603638d6030a837aa2fe57172dffdf28919c1c286,"{""distance"":7,""physical_error_rate"":0.001}","{""detection_events"":202285,""detectors_checked"":53913600,""obs_mistake_mask=E"":3}"
    285568,         2,         0,   120.0,exact_mw,8c54babb212143042928b0eca3852c18ac799bf66eb488a668303745c8494fc5,"{""distance"":7,""physical_error_rate"":0.0005}","{""detection_events"":435437,""detectors_checked"":231310080,""obs_mistake_mask=E"":2}"
     99072,         1,         0,   120.1,exact_mw,8c54babb212143042928b0eca3852c18ac799bf66eb488a668303745c8494fc5,"{""distance"":7,""physical_error_rate"":0.0005}","{""detection_events"":151282,""detectors_checked"":80248320,""obs_mistake_mask=E"":1}"
    353280,         4,         0,   120.4,exact_mw,8c54babb212143042928b0eca3852c18ac799bf66eb488a668303745c8494fc5,"{""distance"":7,""physical_error_rate"":0.0005}","{""detection_events"":538842,""detectors_checked"":286156800,""obs_mistake_mask=E"":4}"
     16192,         3,         0,   120.2,exact_mw,98ed6542f5a75ebddbda0ed622fb597fbc85d0a75d139587b6be9a08147ba42d,"{""distance"":7,""physical_error_rate"":0.002}","{""detection_events"":98117,""detectors_checked"":13115520,""obs_mistake_mask=E"":3}"
     13984,         2,         0,   120.2,exact_mw,98ed6542f5a75ebddbda0ed622fb597fbc85d0a75d139587b6be9a08147ba42d,"{""distance"":7,""physical_error_rate"":0.002}","{""detection_events"":84699,""detectors_checked"":11327040,""obs_mistake_mask=E"":2}"
     57856,         1,         0,   120.3,exact_mw,d2cc2b129abad1f985b8639603638d6030a837aa2fe57172dffdf28919c1c286,"{""distance"":7,""physical_error_rate"":0.001}","{""detection_events"":175746,""detectors_checked"":46863360,""obs_mistake_mask=E"":1}"
     56256,         2,         0,   120.8,exact_mw,d2cc2b129abad1f985b8639603638d6030a837aa2fe57172dffdf28919c1c286,"{""distance"":7,""physical_error_rate"":0.001}","{""detection_events"":171653,""detectors_checked"":45567360,""obs_mistake_mask=E"":2}"
      6024,         1,         0,   120.7,exact_mw,98ed6542f5a75ebddbda0ed622fb597fbc85d0a75d139587b6be9a08147ba42d,"{""distance"":7,""physical_error_rate"":0.002}","{""detection_events"":36763,""detectors_checked"":4879440,""obs_mistake_mask=E"":1}"
     16064,         2,         0,   120.1,exact_mw,98ed6542f5a75ebddbda0ed622fb597fbc85d0a75d139587b6be9a08147ba42d,"{""distance"":7,""physical_error_rate"":0.002}","{""detection_events"":97617,""detectors_checked"":13011840,""obs_mistake_mask=E"":2}"
     15936,         1,         0,   120.3,exact_mw,98ed6542f5a75ebddbda0ed622fb597fbc85d0a75d139587b6be9a08147ba42d,"{""distance"":7,""physical_error_rate"":0.002}","{""detection_events"":96194,""detectors_checked"":12908160,""obs_mistake_mask=E"":1}"
     63744,         3,         0,   120.4,exact_mw,d2cc2b129abad1f985b8639603638d6030a837aa2fe57172dffdf28919c1c286,"{""distance"":7,""physical_error_rate"":0.001}","{""detection_events"":192845,""detectors_checked"":51632640,""obs_mistake_mask=E"":3}"
     15936,         1,         0,   120.8,exact_mw,98ed6542f5a75ebddbda0ed622fb597fbc85d0a75d139587b6be9a08147ba42d,"{""distance"":7,""physical_error_rate"":0.002}","{""detection_events"":96766,""detectors_checked"":12908160,""obs_mistake_mask=E"":1}"
     60416,         3,         0,   120.8,exact_mw,d2cc2b129abad1f985b8639603638d6030a837aa2fe57172dffdf28919c1c286,"{""distance"":7,""physical_error_rate"":0.001}","{""detection_events"":182265,""detectors_checked"":48936960,""obs_mistake_mask=E"":3}"
    328704,         3,         0,   120.0,exact_mw,8c54babb212143042928b0eca3852c18ac799bf66eb488a668303745c8494fc5,"{""distance"":7,""physical_error_rate"":0.0005}","{""detection_events"":501583,""detectors_checked"":266250240,""obs_mistake_mask=E"":3}"
    325632,         4,         0,   120.1,exact_mw,8c54babb212143042928b0eca3852c18ac799bf66eb488a668303745c8494fc5,"{""distance"":7,""physical_error_rate"":0.0005}","{""detection_events"":495381,""detectors_checked"":263761920,""obs_mistake_mask=E"":4}"
      9216,         0,         0,   120.2,exact_mw,d2cc2b129abad1f985b8639603638d6030a837aa2fe57172dffdf28919c1c286,"{""distance"":7,""physical_error_rate"":0.001}","{""detection_events"":27933,""detectors_checked"":7464960}"
      8448,         1,         0,   119.9,exact_mw,d2cc2b129abad1f985b8639603638d6030a837aa2fe57172dffdf28919c1c286,"{""distance"":7,""physical_error_rate"":0.001}","{""detection_events"":25557,""detectors_checked"":6842880,""obs_mistake_mask=E"":1}"
     45824,         1,         0,   120.3,exact_mw,8c54babb212143042928b0eca3852c18ac799bf66eb488a668303745c8494fc5,"{""distance"":7,""physical_error_rate"":0.0005}","{""detection_events"":69890,""detectors_checked"":37117440,""obs_mistake_mask=E"":1}"
     46080,         1,         0,   120.7,exact_mw,8c54babb212143042928b0eca3852c18ac799bf66eb488a668303745c8494fc5,"{""distance"":7,""physical_error_rate"":0.0005}","{""detection_events"":69640,""detectors_checked"":37324800,""obs_mistake_mask=E"":1}"
    356352,         7,         0,   120.0,exact_mw,8c54babb212143042928b0eca3852c18ac799bf66eb488a668303745c8494fc5,"{""distance"":7,""physical_error_rate"":0.0005}","{""detection_events"":541294,""detectors_checked"":288645120,""obs_mistake_mask=E"":7}"
     16128,         3,         0,   120.0,exact_mw,98ed6542f5a75ebddbda0ed622fb597fbc85d0a75d139587b6be9a08147ba42d,"{""distance"":7,""physical_error_rate"":0.002}","{""detection_events"":97710,""detectors_checked"":13063680,""obs_mistake_mask=E"":3}"
    134400,         0,         0,   120.4,exact_mw,8c54babb212143042928b0eca3852c18ac799bf66eb488a668303745c8494fc5,"{""distance"":7,""physical_error_rate"":0.0005}","{""detection_events"":205366,""detectors_checked"":108864000}"
     15680,         4,         0,   120.3,exact_mw,98ed6542f5a75ebddbda0ed622fb597fbc85d0a75d139587b6be9a08147ba42d,"{""distance"":7,""physical_error_rate"":0.002}","{""detection_events"":95221,""detectors_checked"":12700800,""obs_mistake_mask=E"":4}"
     15680,         3,         0,   120.7,exact_mw,98ed6542f5a75ebddbda0ed622fb597fbc85d0a75d139587b6be9a08147ba42d,"{""distance"":7,""physical_error_rate"":0.002}","{""detection_events"":94848,""detectors_checked"":12700800,""obs_mistake_mask=E"":3}"
      8800,         0,         0,   121.3,exact_mw,d2cc2b129abad1f985b8639603638d6030a837aa2fe57172dffdf28919c1c286,"{""distance"":7,""physical_error_rate"":0.001}","{""detection_events"":26647,""detectors_checked"":7128000}"
    352256,         3,         0,   120.2,exact_mw,8c54babb212143042928b0eca3852c18ac799bf66eb488a668303745c8494fc5,"{""distance"":7,""physical_error_rate"":0.0005}","{""detection_events"":536013,""detectors_checked"":285327360,""obs_mistake_mask=E"":3}"
     64256,         2,         0,   120.8,exact_mw,d2cc2b129abad1f985b8639603638d6030a837aa2fe57172dffdf28919c1c286,"{""distance"":7,""physical_error_rate"":0.001}","{""detection_events"":195879,""detectors_checked"":52047360,""obs_mistake_mask=E"":2}"
     16512,         2,         0,   120.8,exact_mw,98ed6542f5a75ebddbda0ed622fb597fbc85d0a75d139587b6be9a08147ba42d,"{""distance"":7,""physical_error_rate"":0.002}","{""detection_events"":100054,""detectors_checked"":13374720,""obs_mistake_mask=E"":2}"
     16000,         4,         0,   120.1,exact_mw,98ed6542f5a75ebddbda0ed622fb597fbc85d0a75d139587b6be9a08147ba42d,"{""distance"":7,""physical_error_rate"":0.002}","{""detection_events"":96971,""detectors_checked"":12960000,""obs_mistake_mask=E"":4}"
     65536,         0,         0,   120.6,exact_mw,d2cc2b129abad1f985b8639603638d6030a837aa2fe57172dffdf28919c1c286,"{""distance"":7,""physical_error_rate"":0.001}","{""detection_events"":198386,""detectors_checked"":53084160}"
     16000,         2,         0,   120.1,exact_mw,98ed6542f5a75ebddbda0ed622fb597fbc85d0a75d139587b6be9a08147ba42d,"{""distance"":7,""physical_error_rate"":0.002}","{""detection_events"":97216,""detectors_checked"":12960000,""obs_mistake_mask=E"":2}"
     65536,         2,         0,   120.4,exact_mw,d2cc2b129abad1f985b8639603638d6030a837aa2fe57172dffdf28919c1c286,"{""distance"":7,""physical_error_rate"":0.001}","{""detection_events"":198365,""detectors_checked"":53084160,""obs_mistake_mask=E"":2}"
     16320,         0,         0,   120.1,exact_mw,98ed6542f5a75ebddbda0ed622fb597fbc85d0a75d139587b6be9a08147ba42d,"{""distance"":7,""physical_error_rate"":0.002}","{""detection_events"":98624,""detectors_checked"":13219200}"
    338944,         3,         0,   120.2,exact_mw,8c54babb212143042928b0eca3852c18ac799bf66eb488a668303745c8494fc5,"{""distance"":7,""physical_error_rate"":0.0005}","{""detection_events"":517243,""detectors_checked"":274544640,""obs_mistake_mask=E"":3}"
    353280,         2,         0,   120.1,exact_mw,8c54babb212143042928b0eca3852c18ac799bf66eb488a668303745c8494fc5,"{""distance"":7,""physical_error_rate"":0.0005}","{""detection_events"":538017,""detectors_checked"":286156800,""obs_mistake_mask=E"":2}"
     65792,         2,         0,   120.0,exact_mw,d2cc2b129abad1f985b8639603638d6030a837aa2fe57172dffdf28919c1c286,"{""distance"":7,""physical_error_rate"":0.001}","{""detection_events"":198909,""detectors_checked"":53291520,""obs_mistake_mask=E"":2}"
    339968,         1,         0,   120.1,exact_mw,8c54babb212143042928b0eca3852c18ac799bf66eb488a668303745c8494fc5,"{""distance"":7,""physical_error_rate"":0.0005}","{""detection_events"":517127,""detectors_checked"":275374080,""obs_mistake_mask=E"":1}"
     16000,         2,         0,   120.0,exact_mw,98ed6542f5a75ebddbda0ed622fb597fbc85d0a75d139587b6be9a08147ba42d,"{""distance"":7,""physical_error_rate"":0.002}","{""detection_events"":97250,""detectors_checked"":12960000,""obs_mistake_mask=E"":2}"
     19136,         0,         0,   120.4,exact_mw,d2cc2b129abad1f985b8639603638d6030a837aa2fe57172dffdf28919c1c286,"{""distance"":7,""physical_error_rate"":0.001}","{""detection_events"":57657,""detectors_checked"":15500160}"
     16576,         2,         0,   120.9,exact_mw,98ed6542f5a75ebddbda0ed622fb597fbc85d0a75d139587b6be9a08147ba42d,"{""distance"":7,""physical_error_rate"":0.002}","{""detection_events"":100256,""detectors_checked"":13426560,""obs_mistake_mask=E"":2}"
     66560,         2,         0,   120.1,exact_mw,d2cc2b129abad1f985b8639603638d6030a837aa2fe57172dffdf28919c1c286,"{""distance"":7,""physical_error_rate"":0.001}","{""detection_events"":202316,""detectors_checked"":53913600,""obs_mistake_mask=E"":2}"
    354304,         2,         0,   120.0,exact_mw,8c54babb212143042928b0eca3852c18ac799bf66eb488a668303745c8494fc5,"{""distance"":7,""physical_error_rate"":0.0005}","{""detection_events"":537783,""detectors_checked"":286986240,""obs_mistake_mask=E"":2}"
      2092,         0,         0,   121.1,exact_mw,98ed6542f5a75ebddbda0ed622fb597fbc85d0a75d139587b6be9a08147ba42d,"{""distance"":7,""physical_error_rate"":0.002}","{""detection_events"":12255,""detectors_checked"":1694520}"
     16640,         1,         0,   120.2,exact_mw,98ed6542f5a75ebddbda0ed622fb597fbc85d0a75d139587b6be9a08147ba42d,"{""distance"":7,""physical_error_rate"":0.002}","{""detection_events"":100351,""detectors_checked"":13478400,""obs_mistake_mask=E"":1}"
    347136,         2,         0,   120.2,exact_mw,8c54babb212143042928b0eca3852c18ac799bf66eb488a668303745c8494fc5,"{""distance"":7,""physical_error_rate"":0.0005}","{""detection_events"":528946,""detectors_checked"":281180160,""obs_mistake_mask=E"":2}"
     65536,         1,         0,   120.1,exact_mw,d2cc2b129abad1f985b8639603638d6030a837aa2fe57172dffdf28919c1c286,"{""distance"":7,""physical_error_rate"":0.001}","{""detection_events"":198722,""detectors_checked"":53084160,""obs_mistake_mask=E"":1}"
     65536,         1,         0,   120.6,exact_mw,d2cc2b129abad1f985b8639603638d6030a837aa2fe57172dffdf28919c1c286,"{""distance"":7,""physical_error_rate"":0.001}","{""detection_events"":198642,""detectors_checked"":53084160,""obs_mistake_mask=E"":1}"
      8224,         1,         0,   120.1,exact_mw,d2cc2b129abad1f985b8639603638d6030a837aa2fe57172dffdf28919c1c286,"{""distance"":7,""physical_error_rate"":0.001}","{""detection_events"":24928,""detectors_checked"":6661440,""obs_mistake_mask=E"":1}"
    347136,         1,         0,   120.2,exact_mw,8c54babb212143042928b0eca3852c18ac799bf66eb488a668303745c8494fc5,"{""distance"":7,""physical_error_rate"":0.0005}","{""detection_events"":527039,""detectors_checked"":281180160,""obs_mistake_mask=E"":1}"
     16960,         2,         0,   120.2,exact_mw,98ed6542f5a75ebddbda0ed622fb597fbc85d0a75d139587b6be9a08147ba42d,"{""distance"":7,""physical_error_rate"":0.002}","{""detection_events"":101427,""detectors_checked"":13737600,""obs_mistake_mask=E"":2}"
    351232,         1,         0,   120.0,exact_mw,8c54babb212143042928b0eca3852c18ac799bf66eb488a668303745c8494fc5,"{""distance"":7,""physical_error_rate"":0.0005}","{""detection_events"":533773,""detectors_checked"":284497920,""obs_mistake_mask=E"":1}"
    351232,         3,         0,   120.0,exact_mw,8c54babb212143042928b0eca3852c18ac799bf66eb488a668303745c8494fc5,"{""distance"":7,""physical_error_rate"":0.0005}","{""detection_events"":533485,""detectors_checked"":284497920,""obs_mistake_mask=E"":3}"
     16896,         7,         0,   120.7,exact_mw,98ed6542f5a75ebddbda0ed622fb597fbc85d0a75d139587b6be9a08147ba42d,"{""distance"":7,""physical_error_rate"":0.002}","{""detection_events"":102093,""detectors_checked"":13685760,""obs_mistake_mask=E"":7}"
      8160,         0,         0,   120.1,exact_mw,d2cc2b129abad1f985b8639603638d6030a837aa2fe57172dffdf28919c1c286,"{""distance"":7,""physical_error_rate"":0.001}","{""detection_events"":25272,""detectors_checked"":6609600}"
     65536,         3,         0,   120.8,exact_mw,d2cc2b129abad1f985b8639603638d6030a837aa2fe57172dffdf28919c1c286,"{""distance"":7,""physical_error_rate"":0.001}","{""detection_events"":198283,""detectors_checked"":53084160,""obs_mistake_mask=E"":3}"
    347136,         5,         0,   120.3,exact_mw,8c54babb212143042928b0eca3852c18ac799bf66eb488a668303745c8494fc5,"{""distance"":7,""physical_error_rate"":0.0005}","{""detection_events"":526144,""detectors_checked"":281180160,""obs_mistake_mask=E"":5}"
      2024,         1,         0,   120.0,exact_mw,98ed6542f5a75ebddbda0ed622fb597fbc85d0a75d139587b6be9a08147ba42d,"{""distance"":7,""physical_error_rate"":0.002}","{""detection_events"":12172,""detectors_checked"":1639440,""obs_mistake_mask=E"":1}"
      1992,         0,         0,   120.5,exact_mw,98ed6542f5a75ebddbda0ed622fb597fbc85d0a75d139587b6be9a08147ba42d,"{""distance"":7,""physical_error_rate"":0.002}","{""detection_events"":12160,""detectors_checked"":1613520}"
     43648,         0,         0,   120.4,exact_mw,8c54babb212143042928b0eca3852c18ac799bf66eb488a668303745c8494fc5,"{""distance"":7,""physical_error_rate"":0.0005}","{""detection_events"":66469,""detectors_checked"":35354880}"
      8480,         0,         0,   120.5,exact_mw,d2cc2b129abad1f985b8639603638d6030a837aa2fe57172dffdf28919c1c286,"{""distance"":7,""physical_error_rate"":0.001}","{""detection_events"":25310,""detectors_checked"":6868800}"
     16192,         2,         0,   120.7,exact_mw,98ed6542f5a75ebddbda0ed622fb597fbc85d0a75d139587b6be9a08147ba42d,"{""distance"":7,""physical_error_rate"":0.002}","{""detection_events"":98792,""detectors_checked"":13115520,""obs_mistake_mask=E"":2}"
    355328,         5,         0,   120.0,exact_mw,8c54babb212143042928b0eca3852c18ac799bf66eb488a668303745c8494fc5,"{""distance"":7,""physical_error_rate"":0.0005}","{""detection_events"":539646,""detectors_checked"":287815680,""obs_mistake_mask=E"":5}"
      8224,         1,         0,   120.4,exact_mw,d2cc2b129abad1f985b8639603638d6030a837aa2fe57172dffdf28919c1c286,"{""distance"":7,""physical_error_rate"":0.001}","{""detection_events"":24951,""detectors_checked"":6661440,""obs_mistake_mask=E"":1}"
     66560,         3,         0,   120.7,exact_mw,d2cc2b129abad1f985b8639603638d6030a837aa2fe57172dffdf28919c1c286,"{""distance"":7,""physical_error_rate"":0.001}","{""detection_events"":201591,""detectors_checked"":53913600,""obs_mistake_mask=E"":3}"
    350208,         4,         0,   120.2,exact_mw,8c54babb212143042928b0eca3852c18ac799bf66eb488a668303745c8494fc5,"{""distance"":7,""physical_error_rate"":0.0005}","{""detection_events"":531594,""detectors_checked"":283668480,""obs_mistake_mask=E"":4}"
     45184,         0,         0,   119.7,exact_mw,8c54babb212143042928b0eca3852c18ac799bf66eb488a668303745c8494fc5,"{""distance"":7,""physical_error_rate"":0.0005}","{""detection_events"":68810,""detectors_checked"":36599040}"
    343040,         1,         0,   120.3,exact_mw,8c54babb212143042928b0eca3852c18ac799bf66eb488a668303745c8494fc5,"{""distance"":7,""physical_error_rate"":0.0005}","{""detection_events"":521600,""detectors_checked"":277862400,""obs_mistake_mask=E"":1}"
     16128,         3,         0,   120.4,exact_mw,98ed6542f5a75ebddbda0ed622fb597fbc85d0a75d139587b6be9a08147ba42d,"{""distance"":7,""physical_error_rate"":0.002}","{""detection_events"":97505,""detectors_checked"":13063680,""obs_mistake_mask=E"":3}"
     16128,         4,         0,   120.3,exact_mw,98ed6542f5a75ebddbda0ed622fb597fbc85d0a75d139587b6be9a08147ba42d,"{""distance"":7,""physical_error_rate"":0.002}","{""detection_events"":96918,""detectors_checked"":13063680,""obs_mistake_mask=E"":4}"
     64512,         3,         0,   120.2,exact_mw,d2cc2b129abad1f985b8639603638d6030a837aa2fe57172dffdf28919c1c286,"{""distance"":7,""physical_error_rate"":0.001}","{""detection_events"":196851,""detectors_checked"":52254720,""obs_mistake_mask=E"":3}"
     65536,         0,         0,   120.4,exact_mw,d2cc2b129abad1f985b8639603638d6030a837aa2fe57172dffdf28919c1c286,"{""distance"":7,""physical_error_rate"":0.001}","{""detection_events"":198151,""detectors_checked"":53084160}"
     16064,         1,         0,   120.0,exact_mw,98ed6542f5a75ebddbda0ed622fb597fbc85d0a75d139587b6be9a08147ba42d,"{""distance"":7,""physical_error_rate"":0.002}","{""detection_events"":97539,""detectors_checked"":13011840,""obs_mistake_mask=E"":1}"
     16320,         1,         0,   120.5,exact_mw,98ed6542f5a75ebddbda0ed622fb597fbc85d0a75d139587b6be9a08147ba42d,"{""distance"":7,""physical_error_rate"":0.002}","{""detection_events"":98619,""detectors_checked"":13219200,""obs_mistake_mask=E"":1}"
     16768,         3,         0,   120.1,exact_mw,98ed6542f5a75ebddbda0ed622fb597fbc85d0a75d139587b6be9a08147ba42d,"{""distance"":7,""physical_error_rate"":0.002}","{""detection_events"":100618,""detectors_checked"":13582080,""obs_mistake_mask=E"":3}"
     64256,         1,         0,   120.3,exact_mw,d2cc2b129abad1f985b8639603638d6030a837aa2fe57172dffdf28919c1c286,"{""distance"":7,""physical_error_rate"":0.001}","{""detection_events"":195784,""detectors_checked"":52047360,""obs_mistake_mask=E"":1}"
     16192,         4,         0,   120.1,exact_mw,98ed6542f5a75ebddbda0ed622fb597fbc85d0a75d139587b6be9a08147ba42d,"{""distance"":7,""physical_error_rate"":0.002}","{""detection_events"":97899,""detectors_checked"":13115520,""obs_mistake_mask=E"":4}"
     63744,         2,         0,   120.5,exact_mw,d2cc2b129abad1f985b8639603638d6030a837aa2fe57172dffdf28919c1c286,"{""distance"":7,""physical_error_rate"":0.001}","{""detection_events"":193686,""detectors_checked"":51632640,""obs_mistake_mask=E"":2}"
    351232,         4,         0,   120.0,exact_mw,8c54babb212143042928b0eca3852c18ac799bf66eb488a668303745c8494fc5,"{""distance"":7,""physical_error_rate"":0.0005}","{""detection_events"":534314,""detectors_checked"":284497920,""obs_mistake_mask=E"":4}"
    350208,         1,         0,   120.4,exact_mw,8c54babb212143042928b0eca3852c18ac799bf66eb488a668303745c8494fc5,"{""distance"":7,""physical_error_rate"":0.0005}","{""detection_events"":531137,""detectors_checked"":283668480,""obs_mistake_mask=E"":1}"
      8192,         1,         0,   120.1,exact_mw,d2cc2b129abad1f985b8639603638d6030a837aa2fe57172dffdf28919c1c286,"{""distance"":7,""physical_error_rate"":0.001}","{""detection_events"":25213,""detectors_checked"":6635520,""obs_mistake_mask=E"":1}"
      8064,         0,         0,   120.1,exact_mw,d2cc2b129abad1f985b8639603638d6030a837aa2fe57172dffdf28919c1c286,"{""distance"":7,""physical_error_rate"":0.001}","{""detection_events"":24343,""detectors_checked"":6531840}"
     42752,         1,         0,   120.4,exact_mw,8c54babb212143042928b0eca3852c18ac799bf66eb488a668303745c8494fc5,"{""distance"":7,""physical_error_rate"":0.0005}","{""detection_events"":64914,""detectors_checked"":34629120,""obs_mistake_mask=E"":1}"
    360448,         3,         0,   119.9,exact_mw,8c54babb212143042928b0eca3852c18ac799bf66eb488a668303745c8494fc5,"{""distance"":7,""physical_error_rate"":0.0005}","{""detection_events"":548479,""detectors_checked"":291962880,""obs_mistake_mask=E"":3}"
     44160,         0,         0,   120.4,exact_mw,8c54babb212143042928b0eca3852c18ac799bf66eb488a668303745c8494fc5,"{""distance"":7,""physical_error_rate"":0.0005}","{""detection_events"":67783,""detectors_checked"":35769600}"
     16256,         2,         0,   120.1,exact_mw,98ed6542f5a75ebddbda0ed622fb597fbc85d0a75d139587b6be9a08147ba42d,"{""distance"":7,""physical_error_rate"":0.002}","{""detection_events"":98745,""detectors_checked"":13167360,""obs_mistake_mask=E"":2}"
     43904,         0,         0,   120.3,exact_mw,8c54babb212143042928b0eca3852c18ac799bf66eb488a668303745c8494fc5,"{""distance"":7,""physical_error_rate"":0.0005}","{""detection_events"":66554,""detectors_checked"":35562240}"
     15744,         3,         0,   120.1,exact_mw,98ed6542f5a75ebddbda0ed622fb597fbc85d0a75d139587b6be9a08147ba42d,"{""distance"":7,""physical_error_rate"":0.002}","{""detection_events"":95504,""detectors_checked"":12752640,""obs_mistake_mask=E"":3}"
     15744,         2,         0,   120.8,exact_mw,98ed6542f5a75ebddbda0ed622fb597fbc85d0a75d139587b6be9a08147ba42d,"{""distance"":7,""physical_error_rate"":0.002}","{""detection_events"":95701,""detectors_checked"":12752640,""obs_mistake_mask=E"":2}"
      7936,         1,         0,   120.3,exact_mw,d2cc2b129abad1f985b8639603638d6030a837aa2fe57172dffdf28919c1c286,"{""distance"":7,""physical_error_rate"":0.001}","{""detection_events"":24417,""detectors_checked"":6428160,""obs_mistake_mask=E"":1}"
    357376,         1,         0,   120.2,exact_mw,8c54babb212143042928b0eca3852c18ac799bf66eb488a668303745c8494fc5,"{""distance"":7,""physical_error_rate"":0.0005}","{""detection_events"":543663,""detectors_checked"":289474560,""obs_mistake_mask=E"":1}"
     16128,         1,         0,   120.2,exact_mw,98ed6542f5a75ebddbda0ed622fb597fbc85d0a75d139587b6be9a08147ba42d,"{""distance"":7,""physical_error_rate"":0.002}","{""detection_events"":98315,""detectors_checked"":13063680,""obs_mistake_mask=E"":1}"
     65024,         1,         0,   120.6,exact_mw,d2cc2b129abad1f985b8639603638d6030a837aa2fe57172dffdf28919c1c286,"{""distance"":7,""physical_error_rate"":0.001}","{""detection_events"":197595,""detectors_checked"":52669440,""obs_mistake_mask=E"":1}"
     64512,         1,         0,   120.1,exact_mw,d2cc2b129abad1f985b8639603638d6030a837aa2fe57172dffdf28919c1c286,"{""distance"":7,""physical_error_rate"":0.001}","{""detection_events"":197048,""detectors_checked"":52254720,""obs_mistake_mask=E"":1}"
     16128,         5,         0,   120.6,exact_mw,98ed6542f5a75ebddbda0ed622fb597fbc85d0a75d139587b6be9a08147ba42d,"{""distance"":7,""physical_error_rate"":0.002}","{""detection_events"":98429,""detectors_checked"":13063680,""obs_mistake_mask=E"":5}"
     15872,         2,         0,   120.3,exact_mw,98ed6542f5a75ebddbda0ed622fb597fbc85d0a75d139587b6be9a08147ba42d,"{""distance"":7,""physical_error_rate"":0.002}","{""detection_events"":95995,""detectors_checked"":12856320,""obs_mistake_mask=E"":2}"
     62976,         2,         0,   120.9,exact_mw,d2cc2b129abad1f985b8639603638d6030a837aa2fe57172dffdf28919c1c286,"{""distance"":7,""physical_error_rate"":0.001}","{""detection_events"":192377,""detectors_checked"":51010560,""obs_mistake_mask=E"":2}"
     16128,         3,         0,   120.0,exact_mw,98ed6542f5a75ebddbda0ed622fb597fbc85d0a75d139587b6be9a08147ba42d,"{""distance"":7,""physical_error_rate"":0.002}","{""detection_events"":97578,""detectors_checked"":13063680,""obs_mistake_mask=E"":3}"
    349184,         4,         0,   120.0,exact_mw,8c54babb212143042928b0eca3852c18ac799bf66eb488a668303745c8494fc5,"{""distance"":7,""physical_error_rate"":0.0005}","{""detection_events"":532502,""detectors_checked"":282839040,""obs_mistake_mask=E"":4}"
    349184,         1,         0,   120.0,exact_mw,8c54babb212143042928b0eca3852c18ac799bf66eb488a668303745c8494fc5,"{""distance"":7,""physical_error_rate"":0.0005}","{""detection_events"":530092,""detectors_checked"":282839040,""obs_mistake_mask=E"":1}"
     63488,         3,         0,   120.2,exact_mw,d2cc2b129abad1f985b8639603638d6030a837aa2fe57172dffdf28919c1c286,"{""distance"":7,""physical_error_rate"":0.001}","{""detection_events"":193254,""detectors_checked"":51425280,""obs_mistake_mask=E"":3}"
    337920,         3,         0,   120.1,exact_mw,8c54babb212143042928b0eca3852c18ac799bf66eb488a668303745c8494fc5,"{""distance"":7,""physical_error_rate"":0.0005}","{""detection_events"":513778,""detectors_checked"":273715200,""obs_mistake_mask=E"":3}"
     15872,         6,         0,   120.6,exact_mw,98ed6542f5a75ebddbda0ed622fb597fbc85d0a75d139587b6be9a08147ba42d,"{""distance"":7,""physical_error_rate"":0.002}","{""detection_events"":95796,""detectors_checked"":12856320,""obs_mistake_mask=E"":6}"
      8448,         0,         0,   121.8,exact_mw,d2cc2b129abad1f985b8639603638d6030a837aa2fe57172dffdf28919c1c286,"{""distance"":7,""physical_error_rate"":0.001}","{""detection_events"":25404,""detectors_checked"":6842880}"
     16384,         2,         0,   120.8,exact_mw,98ed6542f5a75ebddbda0ed622fb597fbc85d0a75d139587b6be9a08147ba42d,"{""distance"":7,""physical_error_rate"":0.002}","{""detection_events"":99990,""detectors_checked"":13271040,""obs_mistake_mask=E"":2}"
     65536,         2,         0,   120.8,exact_mw,d2cc2b129abad1f985b8639603638d6030a837aa2fe57172dffdf28919c1c286,"{""distance"":7,""physical_error_rate"":0.001}","{""detection_events"":198656,""detectors_checked"":53084160,""obs_mistake_mask=E"":2}"
    350208,         1,         0,   120.2,exact_mw,8c54babb212143042928b0eca3852c18ac799bf66eb488a668303745c8494fc5,"{""distance"":7,""physical_error_rate"":0.0005}","{""detection_events"":531518,""detectors_checked"":283668480,""obs_mistake_mask=E"":1}"
      2068,         1,         0,   120.7,exact_mw,98ed6542f5a75ebddbda0ed622fb597fbc85d0a75d139587b6be9a08147ba42d,"{""distance"":7,""physical_error_rate"":0.002}","{""detection_events"":12598,""detectors_checked"":1675080,""obs_mistake_mask=E"":1}"
     17024,         1,         0,   120.6,exact_mw,98ed6542f5a75ebddbda0ed622fb597fbc85d0a75d139587b6be9a08147ba42d,"{""distance"":7,""physical_error_rate"":0.002}","{""detection_events"":102166,""detectors_checked"":13789440,""obs_mistake_mask=E"":1}"
    354304,         1,         0,   120.0,exact_mw,8c54babb212143042928b0eca3852c18ac799bf66eb488a668303745c8494fc5,"{""distance"":7,""physical_error_rate"":0.0005}","{""detection_events"":539126,""detectors_checked"":286986240,""obs_mistake_mask=E"":1}"
     65792,         1,         0,   120.8,exact_mw,d2cc2b129abad1f985b8639603638d6030a837aa2fe57172dffdf28919c1c286,"{""distance"":7,""physical_error_rate"":0.001}","{""detection_events"":198580,""detectors_checked"":53291520,""obs_mistake_mask=E"":1}"
     65536,         3,         0,   120.0,exact_mw,d2cc2b129abad1f985b8639603638d6030a837aa2fe57172dffdf28919c1c286,"{""distance"":7,""physical_error_rate"":0.001}","{""detection_events"":199901,""detectors_checked"":53084160,""obs_mistake_mask=E"":3}"
      8000,         1,         0,   120.2,exact_mw,d2cc2b129abad1f985b8639603638d6030a837aa2fe57172dffdf28919c1c286,"{""distance"":7,""physical_error_rate"":0.001}","{""detection_events"":24376,""detectors_checked"":6480000,""obs_mistake_mask=E"":1}"
    344064,         1,         0,   120.1,exact_mw,8c54babb212143042928b0eca3852c18ac799bf66eb488a668303745c8494fc5,"{""distance"":7,""physical_error_rate"":0.0005}","{""detection_events"":523305,""detectors_checked"":278691840,""obs_mistake_mask=E"":1}"
    349184,         1,         0,   120.2,exact_mw,8c54babb212143042928b0eca3852c18ac799bf66eb488a668303745c8494fc5,"{""distance"":7,""physical_error_rate"":0.0005}","{""detection_events"":531207,""detectors_checked"":282839040,""obs_mistake_mask=E"":1}"
     16512,         1,         0,   120.9,exact_mw,98ed6542f5a75ebddbda0ed622fb597fbc85d0a75d139587b6be9a08147ba42d,"{""distance"":7,""physical_error_rate"":0.002}","{""detection_events"":99711,""detectors_checked"":13374720,""obs_mistake_mask=E"":1}"
    351232,         2,         0,   120.3,exact_mw,8c54babb212143042928b0eca3852c18ac799bf66eb488a668303745c8494fc5,"{""distance"":7,""physical_error_rate"":0.0005}","{""detection_events"":536645,""detectors_checked"":284497920,""obs_mistake_mask=E"":2}"
     16064,         2,         0,   120.1,exact_mw,98ed6542f5a75ebddbda0ed622fb597fbc85d0a75d139587b6be9a08147ba42d,"{""distance"":7,""physical_error_rate"":0.002}","{""detection_events"":97837,""detectors_checked"":13011840,""obs_mistake_mask=E"":2}"
    354304,         1,         0,   120.0,exact_mw,8c54babb212143042928b0eca3852c18ac799bf66eb488a668303745c8494fc5,"{""distance"":7,""physical_error_rate"":0.0005}","{""detection_events"":537459,""detectors_checked"":286986240,""obs_mistake_mask=E"":1}"
     63488,         3,         0,   120.7,exact_mw,d2cc2b129abad1f985b8639603638d6030a837aa2fe57172dffdf28919c1c286,"{""distance"":7,""physical_error_rate"":0.001}","{""detection_events"":193664,""detectors_checked"":51425280,""obs_mistake_mask=E"":3}"
      1916,         0,         0,   120.1,exact_mw,98ed6542f5a75ebddbda0ed622fb597fbc85d0a75d139587b6be9a08147ba42d,"{""distance"":7,""physical_error_rate"":0.002}","{""detection_events"":11765,""detectors_checked"":1551960}"
      2016,         0,         0,   120.2,exact_mw,98ed6542f5a75ebddbda0ed622fb597fbc85d0a75d139587b6be9a08147ba42d,"{""distance"":7,""physical_error_rate"":0.002}","{""detection_events"":12369,""detectors_checked"":1632960}"
      9152,         0,         0,   120.8,exact_mw,d2cc2b129abad1f985b8639603638d6030a837aa2fe57172dffdf28919c1c286,"{""distance"":7,""physical_error_rate"":0.001}","{""detection_events"":27199,""detectors_checked"":7413120}"
     42112,         1,         0,   120.1,exact_mw,8c54babb212143042928b0eca3852c18ac799bf66eb488a668303745c8494fc5,"{""distance"":7,""physical_error_rate"":0.0005}","{""detection_events"":64863,""detectors_checked"":34110720,""obs_mistake_mask=E"":1}"
      7968,         0,         0,   120.9,exact_mw,d2cc2b129abad1f985b8639603638d6030a837aa2fe57172dffdf28919c1c286,"{""distance"":7,""physical_error_rate"":0.001}","{""detection_events"":24159,""detectors_checked"":6454080}"
     16320,         0,         0,   120.3,exact_mw,98ed6542f5a75ebddbda0ed622fb597fbc85d0a75d139587b6be9a08147ba42d,"{""distance"":7,""physical_error_rate"":0.002}","{""detection_events"":99260,""detectors_checked"":13219200}"
    348160,         1,         0,   120.2,exact_mw,8c54babb212143042928b0eca3852c18ac799bf66eb488a668303745c8494fc5,"{""distance"":7,""physical_error_rate"":0.0005}","{""detection_events"":529791,""detectors_checked"":282009600,""obs_mistake_mask=E"":1}"
      8416,         0,         0,   119.9,exact_mw,d2cc2b129abad1f985b8639603638d6030a837aa2fe57172dffdf28919c1c286,"{""distance"":7,""physical_error_rate"":0.001}","{""detection_events"":25224,""detectors_checked"":6816960}"
     64768,         1,         0,   120.1,exact_mw,d2cc2b129abad1f985b8639603638d6030a837aa2fe57172dffdf28919c1c286,"{""distance"":7,""physical_error_rate"":0.001}","{""detection_events"":197608,""detectors_checked"":52462080,""obs_mistake_mask=E"":1}"
    348160,         4,         0,   120.0,exact_mw,8c54babb212143042928b0eca3852c18ac799bf66eb488a668303745c8494fc5,"{""distance"":7,""physical_error_rate"":0.0005}","{""detection_events"":528859,""detectors_checked"":282009600,""obs_mistake_mask=E"":4}"
     43008,         1,         0,   120.5,exact_mw,8c54babb212143042928b0eca3852c18ac799bf66eb488a668303745c8494fc5,"{""distance"":7,""physical_error_rate"":0.0005}","{""detection_events"":65779,""detectors_checked"":34836480,""obs_mistake_mask=E"":1}"
    336896,         3,         0,   120.0,exact_mw,8c54babb212143042928b0eca3852c18ac799bf66eb488a668303745c8494fc5,"{""distance"":7,""physical_error_rate"":0.0005}","{""detection_events"":511245,""detectors_checked"":272885760,""obs_mistake_mask=E"":3}"
     15808,         1,         0,   120.5,exact_mw,98ed6542f5a75ebddbda0ed622fb597fbc85d0a75d139587b6be9a08147ba42d,"{""distance"":7,""physical_error_rate"":0.002}","{""detection_events"":96347,""detectors_checked"":12804480,""obs_mistake_mask=E"":1}"
     16384,         2,         0,   120.0,exact_mw,98ed6542f5a75ebddbda0ed622fb597fbc85d0a75d139587b6be9a08147ba42d,"{""distance"":7,""physical_error_rate"":0.002}","{""detection_events"":98459,""detectors_checked"":13271040,""obs_mistake_mask=E"":2}"
     67072,         1,         0,   120.9,exact_mw,d2cc2b129abad1f985b8639603638d6030a837aa2fe57172dffdf28919c1c286,"{""distance"":7,""physical_error_rate"":0.001}","{""detection_events"":203349,""detectors_checked"":54328320,""obs_mistake_mask=E"":1}"
     65536,         0,         0,   120.3,exact_mw,d2cc2b129abad1f985b8639603638d6030a837aa2fe57172dffdf28919c1c286,"{""distance"":7,""physical_error_rate"":0.001}","{""detection_events"":198364,""detectors_checked"":53084160}"
     16384,         1,         0,   121.0,exact_mw,98ed6542f5a75ebddbda0ed622fb597fbc85d0a75d139587b6be9a08147ba42d,"{""distance"":7,""physical_error_rate"":0.002}","{""detection_events"":99243,""detectors_checked"":13271040,""obs_mistake_mask=E"":1}"
     16384,         3,         0,   120.0,exact_mw,98ed6542f5a75ebddbda0ed622fb597fbc85d0a75d139587b6be9a08147ba42d,"{""distance"":7,""physical_error_rate"":0.002}","{""detection_events"":98862,""detectors_checked"":13271040,""obs_mistake_mask=E"":3}"
     16576,         2,         0,   120.5,exact_mw,98ed6542f5a75ebddbda0ed622fb597fbc85d0a75d139587b6be9a08147ba42d,"{""distance"":7,""physical_error_rate"":0.002}","{""detection_events"":100338,""detectors_checked"":13426560,""obs_mistake_mask=E"":2}"
     65024,         3,         0,   120.3,exact_mw,d2cc2b129abad1f985b8639603638d6030a837aa2fe57172dffdf28919c1c286,"{""distance"":7,""physical_error_rate"":0.001}","{""detection_events"":197369,""detectors_checked"":52669440,""obs_mistake_mask=E"":3}"
     10392,         1,         0,   120.5,exact_mw,98ed6542f5a75ebddbda0ed622fb597fbc85d0a75d139587b6be9a08147ba42d,"{""distance"":7,""physical_error_rate"":0.002}","{""detection_events"":63240,""detectors_checked"":8417520,""obs_mistake_mask=E"":1}"
     65024,         3,         0,   120.1,exact_mw,d2cc2b129abad1f985b8639603638d6030a837aa2fe57172dffdf28919c1c286,"{""distance"":7,""physical_error_rate"":0.001}","{""detection_events"":196546,""detectors_checked"":52669440,""obs_mistake_mask=E"":3}"
    356352,         1,         0,   120.0,exact_mw,8c54babb212143042928b0eca3852c18ac799bf66eb488a668303745c8494fc5,"{""distance"":7,""physical_error_rate"":0.0005}","{""detection_events"":540853,""detectors_checked"":288645120,""obs_mistake_mask=E"":1}"
    350208,         0,         0,   120.1,exact_mw,8c54babb212143042928b0eca3852c18ac799bf66eb488a668303745c8494fc5,"{""distance"":7,""physical_error_rate"":0.0005}","{""detection_events"":532395,""detectors_checked"":283668480}"
      8224,         0,         0,   120.6,exact_mw,d2cc2b129abad1f985b8639603638d6030a837aa2fe57172dffdf28919c1c286,"{""distance"":7,""physical_error_rate"":0.001}","{""detection_events"":24941,""detectors_checked"":6661440}"
      8352,         0,         0,   120.4,exact_mw,d2cc2b129abad1f985b8639603638d6030a837aa2fe57172dffdf28919c1c286,"{""distance"":7,""physical_error_rate"":0.001}","{""detection_events"":25435,""detectors_checked"":6765120}"
     44416,         0,         0,   120.2,exact_mw,8c54babb212143042928b0eca3852c18ac799bf66eb488a668303745c8494fc5,"{""distance"":7,""physical_error_rate"":0.0005}","{""detection_events"":68039,""detectors_checked"":35976960}"
    361472,         3,         0,   120.2,exact_mw,8c54babb212143042928b0eca3852c18ac799bf66eb488a668303745c8494fc5,"{""distance"":7,""physical_error_rate"":0.0005}","{""detection_events"":550036,""detectors_checked"":292792320,""obs_mistake_mask=E"":3}"
    263296,         1,         0,   120.1,exact_mw,8c54babb212143042928b0eca3852c18ac799bf66eb488a668303745c8494fc5,"{""distance"":7,""physical_error_rate"":0.0005}","{""detection_events"":398947,""detectors_checked"":213269760,""obs_mistake_mask=E"":1}"
     46976,         0,         0,    37.9,exact_mw,8c54babb212143042928b0eca3852c18ac799bf66eb488a668303745c8494fc5,"{""distance"":7,""physical_error_rate"":0.0005}","{""detection_events"":71475,""detectors_checked"":38050560}"
    161792,         2,         0,    56.6,exact_mw,8c54babb212143042928b0eca3852c18ac799bf66eb488a668303745c8494fc5,"{""distance"":7,""physical_error_rate"":0.0005}","{""detection_events"":247279,""detectors_checked"":131051520,""obs_mistake_mask=E"":2}"
    334848,         5,         0,   115.2,exact_mw,8c54babb212143042928b0eca3852c18ac799bf66eb488a668303745c8494fc5,"{""distance"":7,""physical_error_rate"":0.0005}","{""detection_events"":510773,""detectors_checked"":271226880,""obs_mistake_mask=E"":5}"
    296960,         2,         0,   101.6,exact_mw,8c54babb212143042928b0eca3852c18ac799bf66eb488a668303745c8494fc5,"{""distance"":7,""physical_error_rate"":0.0005}","{""detection_events"":451248,""detectors_checked"":240537600,""obs_mistake_mask=E"":2}"
      1024,         0,         0,   0.290,exact_mw,8c54babb212143042928b0eca3852c18ac799bf66eb488a668303745c8494fc5,"{""distance"":7,""physical_error_rate"":0.0005}","{""detection_events"":1469,""detectors_checked"":829440}"
    164864,         0,         0,    58.2,exact_mw,8c54babb212143042928b0eca3852c18ac799bf66eb488a668303745c8494fc5,"{""distance"":7,""physical_error_rate"":0.0005}","{""detection_events"":251248,""detectors_checked"":133539840}"
    196608,         4,         0,    64.3,exact_mw,8c54babb212143042928b0eca3852c18ac799bf66eb488a668303745c8494fc5,"{""distance"":7,""physical_error_rate"":0.0005}","{""detection_events"":298802,""detectors_checked"":159252480,""obs_mistake_mask=E"":4}"
    304128,         4,         0,   105.5,exact_mw,8c54babb212143042928b0eca3852c18ac799bf66eb488a668303745c8494fc5,"{""distance"":7,""physical_error_rate"":0.0005}","{""detection_events"":463756,""detectors_checked"":246343680,""obs_mistake_mask=E"":4}"
     44160,         0,         0,   118.5,exact_mw,8c54babb212143042928b0eca3852c18ac799bf66eb488a668303745c8494fc5,"{""distance"":7,""physical_error_rate"":0.0005}","{""detection_events"":67961,""detectors_checked"":35769600}"
    111616,         3,         0,    38.6,exact_mw,8c54babb212143042928b0eca3852c18ac799bf66eb488a668303745c8494fc5,"{""distance"":7,""physical_error_rate"":0.0005}","{""detection_events"":169211,""detectors_checked"":90408960,""obs_mistake_mask=E"":3}"
    148736,         0,         0,    62.3,exact_mw,8c54babb212143042928b0eca3852c18ac799bf66eb488a668303745c8494fc5,"{""distance"":7,""physical_error_rate"":0.0005}","{""detection_events"":226968,""detectors_checked"":120476160}"
    107520,         0,         0,    37.8,exact_mw,8c54babb212143042928b0eca3852c18ac799bf66eb488a668303745c8494fc5,"{""distance"":7,""physical_error_rate"":0.0005}","{""detection_events"":163677,""detectors_checked"":87091200}"
    218112,         3,         0,    75.9,exact_mw,8c54babb212143042928b0eca3852c18ac799bf66eb488a668303745c8494fc5,"{""distance"":7,""physical_error_rate"":0.0005}","{""detection_events"":333697,""detectors_checked"":176670720,""obs_mistake_mask=E"":3}"
      1024,         0,         0,   0.353,exact_mw,8c54babb212143042928b0eca3852c18ac799bf66eb488a668303745c8494fc5,"{""distance"":7,""physical_error_rate"":0.0005}","{""detection_events"":1458,""detectors_checked"":829440}"
    131072,         3,         0,    45.4,exact_mw,8c54babb212143042928b0eca3852c18ac799bf66eb488a668303745c8494fc5,"{""distance"":7,""physical_error_rate"":0.0005}","{""detection_events"":198312,""detectors_checked"":106168320,""obs_mistake_mask=E"":3}"
     40960,         0,         0,    17.6,exact_mw,8c54babb212143042928b0eca3852c18ac799bf66eb488a668303745c8494fc5,"{""distance"":7,""physical_error_rate"":0.0005}","{""detection_events"":61877,""detectors_checked"":33177600}"
     54272,         1,         0,    20.2,exact_mw,8c54babb212143042928b0eca3852c18ac799bf66eb488a668303745c8494fc5,"{""distance"":7,""physical_error_rate"":0.0005}","{""detection_events"":82481,""detectors_checked"":43960320,""obs_mistake_mask=E"":1}"
    244736,         1,         0,    83.5,exact_mw,8c54babb212143042928b0eca3852c18ac799bf66eb488a668303745c8494fc5,"{""distance"":7,""physical_error_rate"":0.0005}","{""detection_events"":371345,""detectors_checked"":198236160,""obs_mistake_mask=E"":1}"
       768,         0,         0,    1.38,exact_mw,8c54babb212143042928b0eca3852c18ac799bf66eb488a668303745c8494fc5,"{""distance"":7,""physical_error_rate"":0.0005}","{""detection_events"":1196,""detectors_checked"":622080}"
     22016,         1,         0,    56.2,exact_mw,8c54babb212143042928b0eca3852c18ac799bf66eb488a668303745c8494fc5,"{""distance"":7,""physical_error_rate"":0.0005}","{""detection_events"":33346,""detectors_checked"":17832960,""obs_mistake_mask=E"":1}"
    281600,         2,         0,    98.5,exact_mw,8c54babb212143042928b0eca3852c18ac799bf66eb488a668303745c8494fc5,"{""distance"":7,""physical_error_rate"":0.0005}","{""detection_events"":427936,""detectors_checked"":228096000,""obs_mistake_mask=E"":2}"
     16256,         0,         0,   120.2,exact_mw,98ed6542f5a75ebddbda0ed622fb597fbc85d0a75d139587b6be9a08147ba42d,"{""distance"":7,""physical_error_rate"":0.002}","{""detection_events"":98146,""detectors_checked"":13167360}"
     16064,         3,         0,   120.1,exact_mw,98ed6542f5a75ebddbda0ed622fb597fbc85d0a75d139587b6be9a08147ba42d,"{""distance"":7,""physical_error_rate"":0.002}","{""detection_events"":97224,""detectors_checked"":13011840,""obs_mistake_mask=E"":3}"
     15360,         0,         0,   120.0,exact_mw,98ed6542f5a75ebddbda0ed622fb597fbc85d0a75d139587b6be9a08147ba42d,"{""distance"":7,""physical_error_rate"":0.002}","{""detection_events"":92651,""detectors_checked"":12441600}"
      8320,         0,         0,   120.0,exact_mw,d2cc2b129abad1f985b8639603638d6030a837aa2fe57172dffdf28919c1c286,"{""distance"":7,""physical_error_rate"":0.001}","{""detection_events"":25018,""detectors_checked"":6739200}"
     16384,         1,         0,   120.2,exact_mw,98ed6542f5a75ebddbda0ed622fb597fbc85d0a75d139587b6be9a08147ba42d,"{""distance"":7,""physical_error_rate"":0.002}","{""detection_events"":99724,""detectors_checked"":13271040,""obs_mistake_mask=E"":1}"
     62464,         2,         0,   120.3,exact_mw,d2cc2b129abad1f985b8639603638d6030a837aa2fe57172dffdf28919c1c286,"{""distance"":7,""physical_error_rate"":0.001}","{""detection_events"":190722,""detectors_checked"":50595840,""obs_mistake_mask=E"":2}"
     66560,         1,         0,   120.8,exact_mw,d2cc2b129abad1f985b8639603638d6030a837aa2fe57172dffdf28919c1c286,"{""distance"":7,""physical_error_rate"":0.001}","{""detection_events"":201758,""detectors_checked"":53913600,""obs_mistake_mask=E"":1}"
     16192,         1,         0,   120.7,exact_mw,98ed6542f5a75ebddbda0ed622fb597fbc85d0a75d139587b6be9a08147ba42d,"{""distance"":7,""physical_error_rate"":0.002}","{""detection_events"":97655,""detectors_checked"":13115520,""obs_mistake_mask=E"":1}"
     16064,         1,         0,   120.3,exact_mw,98ed6542f5a75ebddbda0ed622fb597fbc85d0a75d139587b6be9a08147ba42d,"{""distance"":7,""physical_error_rate"":0.002}","{""detection_events"":97233,""detectors_checked"":13011840,""obs_mistake_mask=E"":1}"
     64000,         1,         0,   120.8,exact_mw,d2cc2b129abad1f985b8639603638d6030a837aa2fe57172dffdf28919c1c286,"{""distance"":7,""physical_error_rate"":0.001}","{""detection_events"":194046,""detectors_checked"":51840000,""obs_mistake_mask=E"":1}"
     15680,         0,         0,   120.1,exact_mw,98ed6542f5a75ebddbda0ed622fb597fbc85d0a75d139587b6be9a08147ba42d,"{""distance"":7,""physical_error_rate"":0.002}","{""detection_events"":94847,""detectors_checked"":12700800}"
     60672,         3,         0,   120.1,exact_mw,d2cc2b129abad1f985b8639603638d6030a837aa2fe57172dffdf28919c1c286,"{""distance"":7,""physical_error_rate"":0.001}","{""detection_events"":184144,""detectors_checked"":49144320,""obs_mistake_mask=E"":3}"
     15296,         2,         0,   120.2,exact_mw,98ed6542f5a75ebddbda0ed622fb597fbc85d0a75d139587b6be9a08147ba42d,"{""distance"":7,""physical_error_rate"":0.002}","{""detection_events"":93272,""detectors_checked"":12389760,""obs_mistake_mask=E"":2}"
     24576,         1,         0,   120.4,exact_mw,d2cc2b129abad1f985b8639603638d6030a837aa2fe57172dffdf28919c1c286,"{""distance"":7,""physical_error_rate"":0.001}","{""detection_events"":74080,""detectors_checked"":19906560,""obs_mistake_mask=E"":1}"
     16192,         1,         0,   120.0,exact_mw,98ed6542f5a75ebddbda0ed622fb597fbc85d0a75d139587b6be9a08147ba42d,"{""distance"":7,""physical_error_rate"":0.002}","{""detection_events"":97877,""detectors_checked"":13115520,""obs_mistake_mask=E"":1}"
     65536,         1,         0,   120.0,exact_mw,d2cc2b129abad1f985b8639603638d6030a837aa2fe57172dffdf28919c1c286,"{""distance"":7,""physical_error_rate"":0.001}","{""detection_events"":199062,""detectors_checked"":53084160,""obs_mistake_mask=E"":1}"
         1,         0,         0,   0.001,exact_mw,98ed6542f5a75ebddbda0ed622fb597fbc85d0a75d139587b6be9a08147ba42d,"{""distance"":7,""physical_error_rate"":0.002}","{""detection_events"":1,""detectors_checked"":810}"
        16,         0,         0,   0.165,exact_mw,98ed6542f5a75ebddbda0ed622fb597fbc85d0a75d139587b6be9a08147ba42d,"{""distance"":7,""physical_error_rate"":0.002}","{""detection_events"":89,""detectors_checked"":12960}"
         1,         0,         0,   0.001,exact_mw,d2cc2b129abad1f985b8639603638d6030a837aa2fe57172dffdf28919c1c286,"{""distance"":7,""physical_error_rate"":0.001}","{""detection_events"":4,""detectors_checked"":810}"
        32,         0,         0,   0.353,exact_mw,98ed6542f5a75ebddbda0ed622fb597fbc85d0a75d139587b6be9a08147ba42d,"{""distance"":7,""physical_error_rate"":0.002}","{""detection_events"":213,""detectors_checked"":25920}"
        17,         0,         0,   0.010,exact_mw,d2cc2b129abad1f985b8639603638d6030a837aa2fe57172dffdf28919c1c286,"{""distance"":7,""physical_error_rate"":0.001}","{""detection_events"":51,""detectors_checked"":13770}"
        32,         0,         0,   0.188,exact_mw,98ed6542f5a75ebddbda0ed622fb597fbc85d0a75d139587b6be9a08147ba42d,"{""distance"":7,""physical_error_rate"":0.002}","{""detection_events"":153,""detectors_checked"":25920}"
       272,         0,         0,   0.535,exact_mw,d2cc2b129abad1f985b8639603638d6030a837aa2fe57172dffdf28919c1c286,"{""distance"":7,""physical_error_rate"":0.001}","{""detection_events"":844,""detectors_checked"":220320}"
       256,         0,         0,   0.522,exact_mw,d2cc2b129abad1f985b8639603638d6030a837aa2fe57172dffdf28919c1c286,"{""distance"":7,""physical_error_rate"":0.001}","{""detection_events"":822,""detectors_checked"":207360}"
        64,         0,         0,   0.543,exact_mw,98ed6542f5a75ebddbda0ed622fb597fbc85d0a75d139587b6be9a08147ba42d,"{""distance"":7,""physical_error_rate"":0.002}","{""detection_events"":421,""detectors_checked"":51840}"
       256,         0,         0,   0.504,exact_mw,d2cc2b129abad1f985b8639603638d6030a837aa2fe57172dffdf28919c1c286,"{""distance"":7,""physical_error_rate"":0.001}","{""detection_events"":760,""detectors_checked"":207360}"
        17,         0,         0,   0.222,exact_mw,98ed6542f5a75ebddbda0ed622fb597fbc85d0a75d139587b6be9a08147ba42d,"{""distance"":7,""physical_error_rate"":0.002}","{""detection_events"":128,""detectors_checked"":13770}"
        17,         0,         0,   0.026,exact_mw,d2cc2b129abad1f985b8639603638d6030a837aa2fe57172dffdf28919c1c286,"{""distance"":7,""physical_error_rate"":0.001}","{""detection_events"":54,""detectors_checked"":13770}"
       256,         0,         0,   0.429,exact_mw,d2cc2b129abad1f985b8639603638d6030a837aa2fe57172dffdf28919c1c286,"{""distance"":7,""physical_error_rate"":0.001}","{""detection_events"":770,""detectors_checked"":207360}"
       256,         0,         0,   0.365,exact_mw,d2cc2b129abad1f985b8639603638d6030a837aa2fe57172dffdf28919c1c286,"{""distance"":7,""physical_error_rate"":0.001}","{""detection_events"":767,""detectors_checked"":207360}"
        32,         0,         0,   0.387,exact_mw,98ed6542f5a75ebddbda0ed622fb597fbc85d0a75d139587b6be9a08147ba42d,"{""distance"":7,""physical_error_rate"":0.002}","{""detection_events"":189,""detectors_checked"":25920}"
       256,         0,         0,   0.376,exact_mw,d2cc2b129abad1f985b8639603638d6030a837aa2fe57172dffdf28919c1c286,"{""distance"":7,""physical_error_rate"":0.001}","{""detection_events"":726,""detectors_checked"":207360}"
         1,         0,         0,   0.001,exact_mw,d2cc2b129abad1f985b8639603638d6030a837aa2fe57172dffdf28919c1c286,"{""distance"":7,""physical_error_rate"":0.001}","{""detection_events"":2,""detectors_checked"":810}"
         1,         0,         0,   0.001,exact_mw,d2cc2b129abad1f985b8639603638d6030a837aa2fe57172dffdf28919c1c286,"{""distance"":7,""physical_error_rate"":0.001}","{""detectors_checked"":810}"
        16,         0,         0,   0.026,exact_mw,d2cc2b129abad1f985b8639603638d6030a837aa2fe57172dffdf28919c1c286,"{""distance"":7,""physical_error_rate"":0.001}","{""detection_events"":45,""detectors_checked"":12960}"
        32,         0,         0,   0.248,exact_mw,98ed6542f5a75ebddbda0ed622fb597fbc85d0a75d139587b6be9a08147ba42d,"{""distance"":7,""physical_error_rate"":0.002}","{""detection_events"":196,""detectors_checked"":25920}"
        16,         0,         0,   0.060,exact_mw,d2cc2b129abad1f985b8639603638d6030a837aa2fe57172dffdf28919c1c286,"{""distance"":7,""physical_error_rate"":0.001}","{""detection_events"":47,""detectors_checked"":12960}"
       256,         0,         0,   0.481,exact_mw,d2cc2b129abad1f985b8639603638d6030a837aa2fe57172dffdf28919c1c286,"{""distance"":7,""physical_error_rate"":0.001}","{""detection_events"":775,""detectors_checked"":207360}"
        64,         0,         0,   0.791,exact_mw,98ed6542f5a75ebddbda0ed622fb597fbc85d0a75d139587b6be9a08147ba42d,"{""distance"":7,""physical_error_rate"":0.002}","{""detection_events"":421,""detectors_checked"":51840}"
       256,         0,         0,   0.437,exact_mw,d2cc2b129abad1f985b8639603638d6030a837aa2fe57172dffdf28919c1c286,"{""distance"":7,""physical_error_rate"":0.001}","{""detection_events"":707,""detectors_checked"":207360}"
        17,         0,         0,   0.026,exact_mw,d2cc2b129abad1f985b8639603638d6030a837aa2fe57172dffdf28919c1c286,"{""distance"":7,""physical_error_rate"":0.001}","{""detection_events"":51,""detectors_checked"":13770}"
        17,         0,         0,   0.168,exact_mw,98ed6542f5a75ebddbda0ed622fb597fbc85d0a75d139587b6be9a08147ba42d,"{""distance"":7,""physical_error_rate"":0.002}","{""detection_events"":92,""detectors_checked"":13770}"
        17,         0,         0,   0.123,exact_mw,98ed6542f5a75ebddbda0ed622fb597fbc85d0a75d139587b6be9a08147ba42d,"{""distance"":7,""physical_error_rate"":0.002}","{""detection_events"":92,""detectors_checked"":13770}"
       128,         0,         0,   0.428,exact_mw,d2cc2b129abad1f985b8639603638d6030a837aa2fe57172dffdf28919c1c286,"{""distance"":7,""physical_error_rate"":0.001}","{""detection_events"":420,""detectors_checked"":103680}"
        64,         0,         0,   0.464,exact_mw,98ed6542f5a75ebddbda0ed622fb597fbc85d0a75d139587b6be9a08147ba42d,"{""distance"":7,""physical_error_rate"":0.002}","{""detection_events"":393,""detectors_checked"":51840}"
       256,         0,         0,   0.711,exact_mw,d2cc2b129abad1f985b8639603638d6030a837aa2fe57172dffdf28919c1c286,"{""distance"":7,""physical_error_rate"":0.001}","{""detection_events"":790,""detectors_checked"":207360}"
        32,         0,         0,   0.139,exact_mw,98ed6542f5a75ebddbda0ed622fb597fbc85d0a75d139587b6be9a08147ba42d,"{""distance"":7,""physical_error_rate"":0.002}","{""detection_events"":204,""detectors_checked"":25920}"
       256,         0,         0,   0.561,exact_mw,d2cc2b129abad1f985b8639603638d6030a837aa2fe57172dffdf28919c1c286,"{""distance"":7,""physical_error_rate"":0.001}","{""detection_events"":776,""detectors_checked"":207360}"
       256,         0,         0,   0.518,exact_mw,d2cc2b129abad1f985b8639603638d6030a837aa2fe57172dffdf28919c1c286,"{""distance"":7,""physical_error_rate"":0.001}","{""detection_events"":774,""detectors_checked"":207360}"
        64,         0,         0,   0.583,exact_mw,98ed6542f5a75ebddbda0ed622fb597fbc85d0a75d139587b6be9a08147ba42d,"{""distance"":7,""physical_error_rate"":0.002}","{""detection_events"":413,""detectors_checked"":51840}"
       128,         0,         0,   0.214,exact_mw,d2cc2b129abad1f985b8639603638d6030a837aa2fe57172dffdf28919c1c286,"{""distance"":7,""physical_error_rate"":0.001}","{""detection_events"":348,""detectors_checked"":103680}"
       256,         0,         0,   0.635,exact_mw,d2cc2b129abad1f985b8639603638d6030a837aa2fe57172dffdf28919c1c286,"{""distance"":7,""physical_error_rate"":0.001}","{""detection_events"":819,""detectors_checked"":207360}"
       256,         0,         0,   0.560,exact_mw,d2cc2b129abad1f985b8639603638d6030a837aa2fe57172dffdf28919c1c286,"{""distance"":7,""physical_error_rate"":0.001}","{""detection_events"":756,""detectors_checked"":207360}"
        64,         0,         0,   0.453,exact_mw,98ed6542f5a75ebddbda0ed622fb597fbc85d0a75d139587b6be9a08147ba42d,"{""distance"":7,""physical_error_rate"":0.002}","{""detection_events"":417,""detectors_checked"":51840}"
        64,         0,         0,   0.512,exact_mw,98ed6542f5a75ebddbda0ed622fb597fbc85d0a75d139587b6be9a08147ba42d,"{""distance"":7,""physical_error_rate"":0.002}","{""detection_events"":379,""detectors_checked"":51840}"
       256,         0,         0,   0.449,exact_mw,d2cc2b129abad1f985b8639603638d6030a837aa2fe57172dffdf28919c1c286,"{""distance"":7,""physical_error_rate"":0.001}","{""detection_events"":857,""detectors_checked"":207360}"
       256,         0,         0,   0.496,exact_mw,d2cc2b129abad1f985b8639603638d6030a837aa2fe57172dffdf28919c1c286,"{""distance"":7,""physical_error_rate"":0.001}","{""detection_events"":801,""detectors_checked"":207360}"
       256,         0,         0,   0.526,exact_mw,d2cc2b129abad1f985b8639603638d6030a837aa2fe57172dffdf28919c1c286,"{""distance"":7,""physical_error_rate"":0.001}","{""detection_events"":832,""detectors_checked"":207360}"
       256,         0,         0,   0.419,exact_mw,d2cc2b129abad1f985b8639603638d6030a837aa2fe57172dffdf28919c1c286,"{""distance"":7,""physical_error_rate"":0.001}","{""detection_events"":801,""detectors_checked"":207360}"
        17,         0,         0,   0.037,exact_mw,d2cc2b129abad1f985b8639603638d6030a837aa2fe57172dffdf28919c1c286,"{""distance"":7,""physical_error_rate"":0.001}","{""detection_events"":62,""detectors_checked"":13770}"
        64,         0,         0,   0.501,exact_mw,98ed6542f5a75ebddbda0ed622fb597fbc85d0a75d139587b6be9a08147ba42d,"{""distance"":7,""physical_error_rate"":0.002}","{""detection_events"":382,""detectors_checked"":51840}"
       256,         0,         0,   0.496,exact_mw,d2cc2b129abad1f985b8639603638d6030a837aa2fe57172dffdf28919c1c286,"{""distance"":7,""physical_error_rate"":0.001}","{""detection_events"":711,""detectors_checked"":207360}"
       256,         0,         0,   0.449,exact_mw,d2cc2b129abad1f985b8639603638d6030a837aa2fe57172dffdf28919c1c286,"{""distance"":7,""physical_error_rate"":0.001}","{""detection_events"":775,""detectors_checked"":207360}"
        64,         0,         0,   0.440,exact_mw,98ed6542f5a75ebddbda0ed622fb597fbc85d0a75d139587b6be9a08147ba42d,"{""distance"":7,""physical_error_rate"":0.002}","{""detection_events"":388,""detectors_checked"":51840}"
       256,         0,         0,   0.385,exact_mw,d2cc2b129abad1f985b8639603638d6030a837aa2fe57172dffdf28919c1c286,"{""distance"":7,""physical_error_rate"":0.001}","{""detection_events"":760,""detectors_checked"":207360}"
       256,         0,         0,   0.428,exact_mw,d2cc2b129abad1f985b8639603638d6030a837aa2fe57172dffdf28919c1c286,"{""distance"":7,""physical_error_rate"":0.001}","{""detection_events"":782,""detectors_checked"":207360}"
        64,         0,         0,   0.544,exact_mw,98ed6542f5a75ebddbda0ed622fb597fbc85d0a75d139587b6be9a08147ba42d,"{""distance"":7,""physical_error_rate"":0.002}","{""detection_events"":383,""detectors_checked"":51840}"
        64,         0,         0,   0.367,exact_mw,98ed6542f5a75ebddbda0ed622fb597fbc85d0a75d139587b6be9a08147ba42d,"{""distance"":7,""physical_error_rate"":0.002}","{""detection_events"":400,""detectors_checked"":51840}"
       256,         0,         0,   0.421,exact_mw,d2cc2b129abad1f985b8639603638d6030a837aa2fe57172dffdf28919c1c286,"{""distance"":7,""physical_error_rate"":0.001}","{""detection_events"":730,""detectors_checked"":207360}"
       256,         0,         0,   0.467,exact_mw,d2cc2b129abad1f985b8639603638d6030a837aa2fe57172dffdf28919c1c286,"{""distance"":7,""physical_error_rate"":0.001}","{""detection_events"":803,""detectors_checked"":207360}"
       256,         0,         0,   0.561,exact_mw,d2cc2b129abad1f985b8639603638d6030a837aa2fe57172dffdf28919c1c286,"{""distance"":7,""physical_error_rate"":0.001}","{""detection_events"":781,""detectors_checked"":207360}"
       256,         0,         0,   0.450,exact_mw,d2cc2b129abad1f985b8639603638d6030a837aa2fe57172dffdf28919c1c286,"{""distance"":7,""physical_error_rate"":0.001}","{""detection_events"":795,""detectors_checked"":207360}"
       128,         0,         0,    1.16,exact_mw,98ed6542f5a75ebddbda0ed622fb597fbc85d0a75d139587b6be9a08147ba42d,"{""distance"":7,""physical_error_rate"":0.002}","{""detection_events"":805,""detectors_checked"":103680}"
       256,         0,         0,   0.676,exact_mw,d2cc2b129abad1f985b8639603638d6030a837aa2fe57172dffdf28919c1c286,"{""distance"":7,""physical_error_rate"":0.001}","{""detection_events"":794,""detectors_checked"":207360}"
        64,         1,         0,   0.525,exact_mw,98ed6542f5a75ebddbda0ed622fb597fbc85d0a75d139587b6be9a08147ba42d,"{""distance"":7,""physical_error_rate"":0.002}","{""detection_events"":372,""detectors_checked"":51840,""obs_mistake_mask=E"":1}"
       256,         0,         0,   0.458,exact_mw,d2cc2b129abad1f985b8639603638d6030a837aa2fe57172dffdf28919c1c286,"{""distance"":7,""physical_error_rate"":0.001}","{""detection_events"":771,""detectors_checked"":207360}"
        17,         0,         0,   0.085,exact_mw,98ed6542f5a75ebddbda0ed622fb597fbc85d0a75d139587b6be9a08147ba42d,"{""distance"":7,""physical_error_rate"":0.002}","{""detection_events"":75,""detectors_checked"":13770}"
       256,         0,         0,   0.390,exact_mw,d2cc2b129abad1f985b8639603638d6030a837aa2fe57172dffdf28919c1c286,"{""distance"":7,""physical_error_rate"":0.001}","{""detection_events"":790,""detectors_checked"":207360}"
       256,         0,         0,   0.339,exact_mw,d2cc2b129abad1f985b8639603638d6030a837aa2fe57172dffdf28919c1c286,"{""distance"":7,""physical_error_rate"":0.001}","{""detection_events"":757,""detectors_checked"":207360}"
       256,         0,         0,   0.689,exact_mw,d2cc2b129abad1f985b8639603638d6030a837aa2fe57172dffdf28919c1c286,"{""distance"":7,""physical_error_rate"":0.001}","{""detection_events"":837,""detectors_checked"":207360}"
       273,         0,         0,   0.445,exact_mw,d2cc2b129abad1f985b8639603638d6030a837aa2fe57172dffdf28919c1c286,"{""distance"":7,""physical_error_rate"":0.001}","{""detection_events"":823,""detectors_checked"":221130}"
        64,         0,         0,   0.707,exact_mw,98ed6542f5a75ebddbda0ed622fb597fbc85d0a75d139587b6be9a08147ba42d,"{""distance"":7,""physical_error_rate"":0.002}","{""detection_events"":376,""detectors_checked"":51840}"
       256,         0,         0,   0.604,exact_mw,d2cc2b129abad1f985b8639603638d6030a837aa2fe57172dffdf28919c1c286,"{""distance"":7,""physical_error_rate"":0.001}","{""detection_events"":833,""detectors_checked"":207360}"
        64,         0,         0,   0.735,exact_mw,98ed6542f5a75ebddbda0ed622fb597fbc85d0a75d139587b6be9a08147ba42d,"{""distance"":7,""physical_error_rate"":0.002}","{""detection_events"":391,""detectors_checked"":51840}"
       256,         0,         0,   0.392,exact_mw,d2cc2b129abad1f985b8639603638d6030a837aa2fe57172dffdf28919c1c286,"{""distance"":7,""physical_error_rate"":0.001}","{""detection_events"":748,""detectors_checked"":207360}"
       256,         0,         0,   0.460,exact_mw,d2cc2b129abad1f985b8639603638d6030a837aa2fe57172dffdf28919c1c286,"{""distance"":7,""physical_error_rate"":0.001}","{""detection_events"":773,""detectors_checked"":207360}"
       256,         0,         0,   0.336,exact_mw,d2cc2b129abad1f985b8639603638d6030a837aa2fe57172dffdf28919c1c286,"{""distance"":7,""physical_error_rate"":0.001}","{""detection_events"":735,""detectors_checked"":207360}"
       256,         0,         0,   0.777,exact_mw,d2cc2b129abad1f985b8639603638d6030a837aa2fe57172dffdf28919c1c286,"{""distance"":7,""physical_error_rate"":0.001}","{""detection_events"":860,""detectors_checked"":207360}"
        64,         0,         0,   0.454,exact_mw,98ed6542f5a75ebddbda0ed622fb597fbc85d0a75d139587b6be9a08147ba42d,"{""distance"":7,""physical_error_rate"":0.002}","{""detection_events"":379,""detectors_checked"":51840}"
       273,         0,         0,   0.698,exact_mw,d2cc2b129abad1f985b8639603638d6030a837aa2fe57172dffdf28919c1c286,"{""distance"":7,""physical_error_rate"":0.001}","{""detection_events"":865,""detectors_checked"":221130}"
         1,         0,         0,   0.017,exact_mw,98ed6542f5a75ebddbda0ed622fb597fbc85d0a75d139587b6be9a08147ba42d,"{""distance"":7,""physical_error_rate"":0.002}","{""detection_events"":5,""detectors_checked"":810}"
       256,         0,         0,   0.352,exact_mw,d2cc2b129abad1f985b8639603638d6030a837aa2fe57172dffdf28919c1c286,"{""distance"":7,""physical_error_rate"":0.001}","{""detection_events"":741,""detectors_checked"":207360}"
       256,         0,         0,   0.319,exact_mw,d2cc2b129abad1f985b8639603638d6030a837aa2fe57172dffdf28919c1c286,"{""distance"":7,""physical_error_rate"":0.001}","{""detection_events"":766,""detectors_checked"":207360}"
       256,         0,         0,   0.579,exact_mw,d2cc2b129abad1f985b8639603638d6030a837aa2fe57172dffdf28919c1c286,"{""distance"":7,""physical_error_rate"":0.001}","{""detection_events"":780,""detectors_checked"":207360}"
       128,         0,         0,   0.926,exact_mw,98ed6542f5a75ebddbda0ed622fb597fbc85d0a75d139587b6be9a08147ba42d,"{""distance"":7,""physical_error_rate"":0.002}","{""detection_events"":710,""detectors_checked"":103680}"
        64,         0,         0,   0.479,exact_mw,98ed6542f5a75ebddbda0ed622fb597fbc85d0a75d139587b6be9a08147ba42d,"{""distance"":7,""physical_error_rate"":0.002}","{""detection_events"":407,""detectors_checked"":51840}"
       256,         0,         0,   0.573,exact_mw,d2cc2b129abad1f985b8639603638d6030a837aa2fe57172dffdf28919c1c286,"{""distance"":7,""physical_error_rate"":0.001}","{""detection_events"":778,""detectors_checked"":207360}"
       256,         0,         0,   0.400,exact_mw,d2cc2b129abad1f985b8639603638d6030a837aa2fe57172dffdf28919c1c286,"{""distance"":7,""physical_error_rate"":0.001}","{""detection_events"":791,""detectors_checked"":207360}"
        64,         0,         0,   0.468,exact_mw,98ed6542f5a75ebddbda0ed622fb597fbc85d0a75d139587b6be9a08147ba42d,"{""distance"":7,""physical_error_rate"":0.002}","{""detection_events"":370,""detectors_checked"":51840}"
        16,         0,         0,   0.273,exact_mw,98ed6542f5a75ebddbda0ed622fb597fbc85d0a75d139587b6be9a08147ba42d,"{""distance"":7,""physical_error_rate"":0.002}","{""detection_events"":104,""detectors_checked"":12960}"
       256,         0,         0,   0.366,exact_mw,d2cc2b129abad1f985b8639603638d6030a837aa2fe57172dffdf28919c1c286,"{""distance"":7,""physical_error_rate"":0.001}","{""detection_events"":751,""detectors_checked"":207360}"
       256,         0,         0,   0.466,exact_mw,d2cc2b129abad1f985b8639603638d6030a837aa2fe57172dffdf28919c1c286,"{""distance"":7,""physical_error_rate"":0.001}","{""detection_events"":789,""detectors_checked"":207360}"
       256,         0,         0,   0.298,exact_mw,d2cc2b129abad1f985b8639603638d6030a837aa2fe57172dffdf28919c1c286,"{""distance"":7,""physical_error_rate"":0.001}","{""detection_events"":694,""detectors_checked"":207360}"
       256,         0,         0,   0.525,exact_mw,d2cc2b129abad1f985b8639603638d6030a837aa2fe57172dffdf28919c1c286,"{""distance"":7,""physical_error_rate"":0.001}","{""detection_events"":753,""detectors_checked"":207360}"
        64,         0,         0,   0.824,exact_mw,98ed6542f5a75ebddbda0ed622fb597fbc85d0a75d139587b6be9a08147ba42d,"{""distance"":7,""physical_error_rate"":0.002}","{""detection_events"":430,""detectors_checked"":51840}"
        64,         0,         0,   0.486,exact_mw,98ed6542f5a75ebddbda0ed622fb597fbc85d0a75d139587b6be9a08147ba42d,"{""distance"":7,""physical_error_rate"":0.002}","{""detection_events"":397,""detectors_checked"":51840}"
       256,         0,         0,   0.500,exact_mw,d2cc2b129abad1f985b8639603638d6030a837aa2fe57172dffdf28919c1c286,"{""distance"":7,""physical_error_rate"":0.001}","{""detection_events"":825,""detectors_checked"":207360}"
         1,         0,         0,   0.001,exact_mw,98ed6542f5a75ebddbda0ed622fb597fbc85d0a75d139587b6be9a08147ba42d,"{""distance"":7,""physical_error_rate"":0.002}","{""detection_events"":2,""detectors_checked"":810}"
       256,         0,         0,   0.491,exact_mw,d2cc2b129abad1f985b8639603638d6030a837aa2fe57172dffdf28919c1c286,"{""distance"":7,""physical_error_rate"":0.001}","{""detection_events"":727,""detectors_checked"":207360}"
        32,         0,         0,   0.301,exact_mw,98ed6542f5a75ebddbda0ed622fb597fbc85d0a75d139587b6be9a08147ba42d,"{""distance"":7,""physical_error_rate"":0.002}","{""detection_events"":217,""detectors_checked"":25920}"
       256,         0,         0,   0.381,exact_mw,d2cc2b129abad1f985b8639603638d6030a837aa2fe57172dffdf28919c1c286,"{""distance"":7,""physical_error_rate"":0.001}","{""detection_events"":804,""detectors_checked"":207360}"
        16,         0,         0,   0.158,exact_mw,98ed6542f5a75ebddbda0ed622fb597fbc85d0a75d139587b6be9a08147ba42d,"{""distance"":7,""physical_error_rate"":0.002}","{""detection_events"":108,""detectors_checked"":12960}"
       256,         0,         0,   0.456,exact_mw,d2cc2b129abad1f985b8639603638d6030a837aa2fe57172dffdf28919c1c286,"{""distance"":7,""physical_error_rate"":0.001}","{""detection_events"":828,""detectors_checked"":207360}"
        64,         0,         0,   0.465,exact_mw,98ed6542f5a75ebddbda0ed622fb597fbc85d0a75d139587b6be9a08147ba42d,"{""distance"":7,""physical_error_rate"":0.002}","{""detection_events"":469,""detectors_checked"":51840}"
       256,         0,         0,   0.453,exact_mw,d2cc2b129abad1f985b8639603638d6030a837aa2fe57172dffdf28919c1c286,"{""distance"":7,""physical_error_rate"":0.001}","{""detection_events"":799,""detectors_checked"":207360}"
        64,         0,         0,   0.643,exact_mw,98ed6542f5a75ebddbda0ed622fb597fbc85d0a75d139587b6be9a08147ba42d,"{""distance"":7,""physical_error_rate"":0.002}","{""detection_events"":385,""detectors_checked"":51840}"
       256,         0,         0,   0.672,exact_mw,d2cc2b129abad1f985b8639603638d6030a837aa2fe57172dffdf28919c1c286,"{""distance"":7,""physical_error_rate"":0.001}","{""detection_events"":797,""detectors_checked"":207360}"
        64,         0,         0,   0.464,exact_mw,98ed6542f5a75ebddbda0ed622fb597fbc85d0a75d139587b6be9a08147ba42d,"{""distance"":7,""physical_error_rate"":0.002}","{""detection_events"":370,""detectors_checked"":51840}"
        32,         0,         0,   0.241,exact_mw,98ed6542f5a75ebddbda0ed622fb597fbc85d0a75d139587b6be9a08147ba42d,"{""distance"":7,""physical_error_rate"":0.002}","{""detection_events"":186,""detectors_checked"":25920}"
       256,         0,         0,   0.551,exact_mw,d2cc2b129abad1f985b8639603638d6030a837aa2fe57172dffdf28919c1c286,"{""distance"":7,""physical_error_rate"":0.001}","{""detection_events"":805,""detectors_checked"":207360}"
        32,         0,         0,   0.321,exact_mw,98ed6542f5a75ebddbda0ed622fb597fbc85d0a75d139587b6be9a08147ba42d,"{""distance"":7,""physical_error_rate"":0.002}","{""detection_events"":181,""detectors_checked"":25920}"
       256,         0,         0,   0.548,exact_mw,d2cc2b129abad1f985b8639603638d6030a837aa2fe57172dffdf28919c1c286,"{""distance"":7,""physical_error_rate"":0.001}","{""detection_events"":802,""detectors_checked"":207360}"
       256,         0,         0,   0.594,exact_mw,d2cc2b129abad1f985b8639603638d6030a837aa2fe57172dffdf28919c1c286,"{""distance"":7,""physical_error_rate"":0.001}","{""detection_events"":838,""detectors_checked"":207360}"
       128,         0,         0,   0.883,exact_mw,98ed6542f5a75ebddbda0ed622fb597fbc85d0a75d139587b6be9a08147ba42d,"{""distance"":7,""physical_error_rate"":0.002}","{""detection_events"":764,""detectors_checked"":103680}"
        64,         0,         0,   0.673,exact_mw,98ed6542f5a75ebddbda0ed622fb597fbc85d0a75d139587b6be9a08147ba42d,"{""distance"":7,""physical_error_rate"":0.002}","{""detection_events"":387,""detectors_checked"":51840}"
        64,         0,         0,   0.232,exact_mw,98ed6542f5a75ebddbda0ed622fb597fbc85d0a75d139587b6be9a08147ba42d,"{""distance"":7,""physical_error_rate"":0.002}","{""detection_events"":313,""detectors_checked"":51840}"
       256,         0,         0,   0.483,exact_mw,d2cc2b129abad1f985b8639603638d6030a837aa2fe57172dffdf28919c1c286,"{""distance"":7,""physical_error_rate"":0.001}","{""detection_events"":690,""detectors_checked"":207360}"
        32,         0,         0,   0.206,exact_mw,98ed6542f5a75ebddbda0ed622fb597fbc85d0a75d139587b6be9a08147ba42d,"{""distance"":7,""physical_error_rate"":0.002}","{""detection_events"":207,""detectors_checked"":25920}"
       256,         0,         0,   0.457,exact_mw,d2cc2b129abad1f985b8639603638d6030a837aa2fe57172dffdf28919c1c286,"{""distance"":7,""physical_error_rate"":0.001}","{""detection_events"":778,""detectors_checked"":207360}"
       256,         0,         0,   0.605,exact_mw,d2cc2b129abad1f985b8639603638d6030a837aa2fe57172dffdf28919c1c286,"{""distance"":7,""physical_error_rate"":0.001}","{""detection_events"":800,""detectors_checked"":207360}"
        64,         0,         0,   0.394,exact_mw,98ed6542f5a75ebddbda0ed622fb597fbc85d0a75d139587b6be9a08147ba42d,"{""distance"":7,""physical_error_rate"":0.002}","{""detection_events"":389,""detectors_checked"":51840}"
       512,         0,         0,   0.944,exact_mw,d2cc2b129abad1f985b8639603638d6030a837aa2fe57172dffdf28919c1c286,"{""distance"":7,""physical_error_rate"":0.001}","{""detection_events"":1558,""detectors_checked"":414720}"
       256,         0,         0,   0.539,exact_mw,d2cc2b129abad1f985b8639603638d6030a837aa2fe57172dffdf28919c1c286,"{""distance"":7,""physical_error_rate"":0.001}","{""detection_events"":771,""detectors_checked"":207360}"
        64,         0,         0,   0.561,exact_mw,98ed6542f5a75ebddbda0ed622fb597fbc85d0a75d139587b6be9a08147ba42d,"{""distance"":7,""physical_error_rate"":0.002}","{""detection_events"":376,""detectors_checked"":51840}"
       256,         0,         0,   0.501,exact_mw,d2cc2b129abad1f985b8639603638d6030a837aa2fe57172dffdf28919c1c286,"{""distance"":7,""physical_error_rate"":0.001}","{""detection_events"":764,""detectors_checked"":207360}"
       256,         0,         0,   0.437,exact_mw,d2cc2b129abad1f985b8639603638d6030a837aa2fe57172dffdf28919c1c286,"{""distance"":7,""physical_error_rate"":0.001}","{""detection_events"":813,""detectors_checked"":207360}"
       256,         0,         0,   0.502,exact_mw,d2cc2b129abad1f985b8639603638d6030a837aa2fe57172dffdf28919c1c286,"{""distance"":7,""physical_error_rate"":0.001}","{""detection_events"":745,""detectors_checked"":207360}"
        64,         0,         0,   0.323,exact_mw,98ed6542f5a75ebddbda0ed622fb597fbc85d0a75d139587b6be9a08147ba42d,"{""distance"":7,""physical_error_rate"":0.002}","{""detection_events"":366,""detectors_checked"":51840}"
       256,         0,         0,   0.560,exact_mw,d2cc2b129abad1f985b8639603638d6030a837aa2fe57172dffdf28919c1c286,"{""distance"":7,""physical_error_rate"":0.001}","{""detection_events"":817,""detectors_checked"":207360}"
        64,         0,         0,   0.657,exact_mw,98ed6542f5a75ebddbda0ed622fb597fbc85d0a75d139587b6be9a08147ba42d,"{""distance"":7,""physical_error_rate"":0.002}","{""detection_events"":406,""detectors_checked"":51840}"
        64,         0,         0,   0.444,exact_mw,98ed6542f5a75ebddbda0ed622fb597fbc85d0a75d139587b6be9a08147ba42d,"{""distance"":7,""physical_error_rate"":0.002}","{""detection_events"":403,""detectors_checked"":51840}"
        17,         0,         0,   0.196,exact_mw,98ed6542f5a75ebddbda0ed622fb597fbc85d0a75d139587b6be9a08147ba42d,"{""distance"":7,""physical_error_rate"":0.002}","{""detection_events"":123,""detectors_checked"":13770}"
       256,         0,         0,   0.501,exact_mw,d2cc2b129abad1f985b8639603638d6030a837aa2fe57172dffdf28919c1c286,"{""distance"":7,""physical_error_rate"":0.001}","{""detection_events"":756,""detectors_checked"":207360}"
        64,         0,         0,   0.446,exact_mw,98ed6542f5a75ebddbda0ed622fb597fbc85d0a75d139587b6be9a08147ba42d,"{""distance"":7,""physical_error_rate"":0.002}","{""detection_events"":347,""detectors_checked"":51840}"
       256,         0,         0,   0.538,exact_mw,d2cc2b129abad1f985b8639603638d6030a837aa2fe57172dffdf28919c1c286,"{""distance"":7,""physical_error_rate"":0.001}","{""detection_events"":806,""detectors_checked"":207360}"
       256,         0,         0,   0.373,exact_mw,d2cc2b129abad1f985b8639603638d6030a837aa2fe57172dffdf28919c1c286,"{""distance"":7,""physical_error_rate"":0.001}","{""detection_events"":769,""detectors_checked"":207360}"
        32,         0,         0,   0.269,exact_mw,98ed6542f5a75ebddbda0ed622fb597fbc85d0a75d139587b6be9a08147ba42d,"{""distance"":7,""physical_error_rate"":0.002}","{""detection_events"":215,""detectors_checked"":25920}"
       256,         0,         0,   0.487,exact_mw,d2cc2b129abad1f985b8639603638d6030a837aa2fe57172dffdf28919c1c286,"{""distance"":7,""physical_error_rate"":0.001}","{""detection_events"":775,""detectors_checked"":207360}"
       128,         0,         0,   0.751,exact_mw,98ed6542f5a75ebddbda0ed622fb597fbc85d0a75d139587b6be9a08147ba42d,"{""distance"":7,""physical_error_rate"":0.002}","{""detection_events"":753,""detectors_checked"":103680}"
       256,         0,         0,   0.692,exact_mw,d2cc2b129abad1f985b8639603638d6030a837aa2fe57172dffdf28919c1c286,"{""distance"":7,""physical_error_rate"":0.001}","{""detection_events"":815,""detectors_checked"":207360}"
        64,         0,         0,   0.391,exact_mw,98ed6542f5a75ebddbda0ed622fb597fbc85d0a75d139587b6be9a08147ba42d,"{""distance"":7,""physical_error_rate"":0.002}","{""detection_events"":359,""detectors_checked"":51840}"
        64,         0,         0,   0.492,exact_mw,98ed6542f5a75ebddbda0ed622fb597fbc85d0a75d139587b6be9a08147ba42d,"{""distance"":7,""physical_error_rate"":0.002}","{""detection_events"":422,""detectors_checked"":51840}"
       256,         0,         0,   0.688,exact_mw,d2cc2b129abad1f985b8639603638d6030a837aa2fe57172dffdf28919c1c286,"{""distance"":7,""physical_error_rate"":0.001}","{""detection_events"":801,""detectors_checked"":207360}"
       128,         0,         0,   0.976,exact_mw,98ed6542f5a75ebddbda0ed622fb597fbc85d0a75d139587b6be9a08147ba42d,"{""distance"":7,""physical_error_rate"":0.002}","{""detection_events"":790,""detectors_checked"":103680}"
       256,         0,         0,   0.484,exact_mw,d2cc2b129abad1f985b8639603638d6030a837aa2fe57172dffdf28919c1c286,"{""distance"":7,""physical_error_rate"":0.001}","{""detection_events"":750,""detectors_checked"":207360}"
       256,         0,         0,   0.667,exact_mw,d2cc2b129abad1f985b8639603638d6030a837aa2fe57172dffdf28919c1c286,"{""distance"":7,""physical_error_rate"":0.001}","{""detection_events"":799,""detectors_checked"":207360}"
        64,         0,         0,   0.696,exact_mw,98ed6542f5a75ebddbda0ed622fb597fbc85d0a75d139587b6be9a08147ba42d,"{""distance"":7,""physical_error_rate"":0.002}","{""detection_events"":402,""detectors_checked"":51840}"
       256,         0,         0,   0.416,exact_mw,d2cc2b129abad1f985b8639603638d6030a837aa2fe57172dffdf28919c1c286,"{""distance"":7,""physical_error_rate"":0.001}","{""detection_events"":790,""detectors_checked"":207360}"
        64,         0,         0,   0.278,exact_mw,98ed6542f5a75ebddbda0ed622fb597fbc85d0a75d139587b6be9a08147ba42d,"{""distance"":7,""physical_error_rate"":0.002}","{""detection_events"":349,""detectors_checked"":51840}"
       512,         0,         0,   0.984,exact_mw,d2cc2b129abad1f985b8639603638d6030a837aa2fe57172dffdf28919c1c286,"{""distance"":7,""physical_error_rate"":0.001}","{""detection_events"":1483,""detectors_checked"":414720}"
        64,         0,         0,   0.517,exact_mw,98ed6542f5a75ebddbda0ed622fb597fbc85d0a75d139587b6be9a08147ba42d,"{""distance"":7,""physical_error_rate"":0.002}","{""detection_events"":382,""detectors_checked"":51840}"
        64,         0,         0,   0.457,exact_mw,98ed6542f5a75ebddbda0ed622fb597fbc85d0a75d139587b6be9a08147ba42d,"{""distance"":7,""physical_error_rate"":0.002}","{""detection_events"":380,""detectors_checked"":51840}"
       256,         0,         0,   0.344,exact_mw,d2cc2b129abad1f985b8639603638d6030a837aa2fe57172dffdf28919c1c286,"{""distance"":7,""physical_error_rate"":0.001}","{""detection_events"":724,""detectors_checked"":207360}"
       256,         0,         0,   0.614,exact_mw,d2cc2b129abad1f985b8639603638d6030a837aa2fe57172dffdf28919c1c286,"{""distance"":7,""physical_error_rate"":0.001}","{""detection_events"":814,""detectors_checked"":207360}"
       256,         0,         0,   0.631,exact_mw,d2cc2b129abad1f985b8639603638d6030a837aa2fe57172dffdf28919c1c286,"{""distance"":7,""physical_error_rate"":0.001}","{""detection_events"":814,""detectors_checked"":207360}"
       128,         0,         0,    1.12,exact_mw,98ed6542f5a75ebddbda0ed622fb597fbc85d0a75d139587b6be9a08147ba42d,"{""distance"":7,""physical_error_rate"":0.002}","{""detection_events"":768,""detectors_checked"":103680}"
       256,         0,         0,   0.429,exact_mw,d2cc2b129abad1f985b8639603638d6030a837aa2fe57172dffdf28919c1c286,"{""distance"":7,""physical_error_rate"":0.001}","{""detection_events"":816,""detectors_checked"":207360}"
        64,         0,         0,   0.838,exact_mw,98ed6542f5a75ebddbda0ed622fb597fbc85d0a75d139587b6be9a08147ba42d,"{""distance"":7,""physical_error_rate"":0.002}","{""detection_events"":438,""detectors_checked"":51840}"
       512,         0,         0,    1.09,exact_mw,d2cc2b129abad1f985b8639603638d6030a837aa2fe57172dffdf28919c1c286,"{""distance"":7,""physical_error_rate"":0.001}","{""detection_events"":1496,""detectors_checked"":414720}"
       256,         0,         0,   0.546,exact_mw,d2cc2b129abad1f985b8639603638d6030a837aa2fe57172dffdf28919c1c286,"{""distance"":7,""physical_error_rate"":0.001}","{""detection_events"":738,""detectors_checked"":207360}"
        64,         0,         0,   0.464,exact_mw,98ed6542f5a75ebddbda0ed622fb597fbc85d0a75d139587b6be9a08147ba42d,"{""distance"":7,""physical_error_rate"":0.002}","{""detection_events"":425,""detectors_checked"":51840}"
       256,         0,         0,   0.430,exact_mw,d2cc2b129abad1f985b8639603638d6030a837aa2fe57172dffdf28919c1c286,"{""distance"":7,""physical_error_rate"":0.001}","{""detection_events"":774,""detectors_checked"":207360}"
       128,         0,         0,   0.890,exact_mw,98ed6542f5a75ebddbda0ed622fb597fbc85d0a75d139587b6be9a08147ba42d,"{""distance"":7,""physical_error_rate"":0.002}","{""detection_events"":683,""detectors_checked"":103680}"
       512,         0,         0,   0.973,exact_mw,d2cc2b129abad1f985b8639603638d6030a837aa2fe57172dffdf28919c1c286,"{""distance"":7,""physical_error_rate"":0.001}","{""detection_events"":1548,""detectors_checked"":414720}"
        64,         0,         0,   0.327,exact_mw,98ed6542f5a75ebddbda0ed622fb597fbc85d0a75d139587b6be9a08147ba42d,"{""distance"":7,""physical_error_rate"":0.002}","{""detection_events"":282,""detectors_checked"":51840}"
        64,         0,         0,   0.596,exact_mw,98ed6542f5a75ebddbda0ed622fb597fbc85d0a75d139587b6be9a08147ba42d,"{""distance"":7,""physical_error_rate"":0.002}","{""detection_events"":405,""detectors_checked"":51840}"
       256,         0,         0,   0.654,exact_mw,d2cc2b129abad1f985b8639603638d6030a837aa2fe57172dffdf28919c1c286,"{""distance"":7,""physical_error_rate"":0.001}","{""detection_events"":842,""detectors_checked"":207360}"
        64,         0,         0,   0.372,exact_mw,98ed6542f5a75ebddbda0ed622fb597fbc85d0a75d139587b6be9a08147ba42d,"{""distance"":7,""physical_error_rate"":0.002}","{""detection_events"":353,""detectors_checked"":51840}"
       256,         0,         0,   0.659,exact_mw,d2cc2b129abad1f985b8639603638d6030a837aa2fe57172dffdf28919c1c286,"{""distance"":7,""physical_error_rate"":0.001}","{""detection_events"":790,""detectors_checked"":207360}"
       128,         0,         0,    1.07,exact_mw,98ed6542f5a75ebddbda0ed622fb597fbc85d0a75d139587b6be9a08147ba42d,"{""distance"":7,""physical_error_rate"":0.002}","{""detection_events"":763,""detectors_checked"":103680}"
       256,         0,         0,   0.572,exact_mw,d2cc2b129abad1f985b8639603638d6030a837aa2fe57172dffdf28919c1c286,"{""distance"":7,""physical_error_rate"":0.001}","{""detection_events"":730,""detectors_checked"":207360}"
       128,         0,         0,   0.874,exact_mw,98ed6542f5a75ebddbda0ed622fb597fbc85d0a75d139587b6be9a08147ba42d,"{""distance"":7,""physical_error_rate"":0.002}","{""detection_events"":811,""detectors_checked"":103680}"
       256,         0,         0,   0.574,exact_mw,d2cc2b129abad1f985b8639603638d6030a837aa2fe57172dffdf28919c1c286,"{""distance"":7,""physical_error_rate"":0.001}","{""detection_events"":746,""detectors_checked"":207360}"
       512,         0,         0,    1.02,exact_mw,d2cc2b129abad1f985b8639603638d6030a837aa2fe57172dffdf28919c1c286,"{""distance"":7,""physical_error_rate"":0.001}","{""detection_events"":1535,""detectors_checked"":414720}"
        64,         0,         0,   0.377,exact_mw,98ed6542f5a75ebddbda0ed622fb597fbc85d0a75d139587b6be9a08147ba42d,"{""distance"":7,""physical_error_rate"":0.002}","{""detection_events"":377,""detectors_checked"":51840}"
       128,         0,         0,    1.16,exact_mw,98ed6542f5a75ebddbda0ed622fb597fbc85d0a75d139587b6be9a08147ba42d,"{""distance"":7,""physical_error_rate"":0.002}","{""detection_events"":730,""detectors_checked"":103680}"
       256,         0,         0,   0.426,exact_mw,d2cc2b129abad1f985b8639603638d6030a837aa2fe57172dffdf28919c1c286,"{""distance"":7,""physical_error_rate"":0.001}","{""detection_events"":740,""detectors_checked"":207360}"
       512,         0,         0,    1.11,exact_mw,d2cc2b129abad1f985b8639603638d6030a837aa2fe57172dffdf28919c1c286,"{""distance"":7,""physical_error_rate"":0.001}","{""detection_events"":1582,""detectors_checked"":414720}"
        64,         0,         0,   0.641,exact_mw,98ed6542f5a75ebddbda0ed622fb597fbc85d0a75d139587b6be9a08147ba42d,"{""distance"":7,""physical_error_rate"":0.002}","{""detection_events"":401,""detectors_checked"":51840}"
       512,         0,         0,   0.968,exact_mw,d2cc2b129abad1f985b8639603638d6030a837aa2fe57172dffdf28919c1c286,"{""distance"":7,""physical_error_rate"":0.001}","{""detection_events"":1490,""detectors_checked"":414720}"
       256,         0,         0,   0.546,exact_mw,d2cc2b129abad1f985b8639603638d6030a837aa2fe57172dffdf28919c1c286,"{""distance"":7,""physical_error_rate"":0.001}","{""detection_events"":760,""detectors_checked"":207360}"
       512,         0,         0,    1.15,exact_mw,d2cc2b129abad1f985b8639603638d6030a837aa2fe57172dffdf28919c1c286,"{""distance"":7,""physical_error_rate"":0.001}","{""detection_events"":1562,""detectors_checked"":414720}"
        64,         0,         0,   0.867,exact_mw,98ed6542f5a75ebddbda0ed622fb597fbc85d0a75d139587b6be9a08147ba42d,"{""distance"":7,""physical_error_rate"":0.002}","{""detection_events"":364,""detectors_checked"":51840}"
       512,         0,         0,   0.990,exact_mw,d2cc2b129abad1f985b8639603638d6030a837aa2fe57172dffdf28919c1c286,"{""distance"":7,""physical_error_rate"":0.001}","{""detection_events"":1537,""detectors_checked"":414720}"
       192,         1,         0,    1.42,exact_mw,98ed6542f5a75ebddbda0ed622fb597fbc85d0a75d139587b6be9a08147ba42d,"{""distance"":7,""physical_error_rate"":0.002}","{""detection_events"":1109,""detectors_checked"":155520,""obs_mistake_mask=E"":1}"
        17,         0,         0,   0.032,exact_mw,d2cc2b129abad1f985b8639603638d6030a837aa2fe57172dffdf28919c1c286,"{""distance"":7,""physical_error_rate"":0.001}","{""detection_events"":51,""detectors_checked"":13770}"
       128,         0,         0,    1.22,exact_mw,98ed6542f5a75ebddbda0ed622fb597fbc85d0a75d139587b6be9a08147ba42d,"{""distance"":7,""physical_error_rate"":0.002}","{""detection_events"":818,""detectors_checked"":103680}"
       256,         0,         0,   0.505,exact_mw,d2cc2b129abad1f985b8639603638d6030a837aa2fe57172dffdf28919c1c286,"{""distance"":7,""physical_error_rate"":0.001}","{""detection_events"":724,""detectors_checked"":207360}"
        64,         0,         0,   0.669,exact_mw,98ed6542f5a75ebddbda0ed622fb597fbc85d0a75d139587b6be9a08147ba42d,"{""distance"":7,""physical_error_rate"":0.002}","{""detection_events"":408,""detectors_checked"":51840}"
        64,         0,         0,   0.568,exact_mw,98ed6542f5a75ebddbda0ed622fb597fbc85d0a75d139587b6be9a08147ba42d,"{""distance"":7,""physical_error_rate"":0.002}","{""detection_events"":409,""detectors_checked"":51840}"
       512,         0,         0,   0.895,exact_mw,d2cc2b129abad1f985b8639603638d6030a837aa2fe57172dffdf28919c1c286,"{""distance"":7,""physical_error_rate"":0.001}","{""detection_events"":1507,""detectors_checked"":414720}"
       512,         0,         0,    1.10,exact_mw,d2cc2b129abad1f985b8639603638d6030a837aa2fe57172dffdf28919c1c286,"{""distance"":7,""physical_error_rate"":0.001}","{""detection_events"":1692,""detectors_checked"":414720}"
       256,         0,         0,   0.558,exact_mw,d2cc2b129abad1f985b8639603638d6030a837aa2fe57172dffdf28919c1c286,"{""distance"":7,""physical_error_rate"":0.001}","{""detection_events"":812,""detectors_checked"":207360}"
       128,         0,         0,    1.09,exact_mw,98ed6542f5a75ebddbda0ed622fb597fbc85d0a75d139587b6be9a08147ba42d,"{""distance"":7,""physical_error_rate"":0.002}","{""detection_events"":777,""detectors_checked"":103680}"
        64,         0,         0,   0.548,exact_mw,98ed6542f5a75ebddbda0ed622fb597fbc85d0a75d139587b6be9a08147ba42d,"{""distance"":7,""physical_error_rate"":0.002}","{""detection_events"":420,""detectors_checked"":51840}"
       512,         0,         0,    1.01,exact_mw,d2cc2b129abad1f985b8639603638d6030a837aa2fe57172dffdf28919c1c286,"{""distance"":7,""physical_error_rate"":0.001}","{""detection_events"":1537,""detectors_checked"":414720}"
       128,         0,         0,    1.30,exact_mw,98ed6542f5a75ebddbda0ed622fb597fbc85d0a75d139587b6be9a08147ba42d,"{""distance"":7,""physical_error_rate"":0.002}","{""detection_events"":748,""detectors_checked"":103680}"
       512,         0,         0,   0.917,exact_mw,d2cc2b129abad1f985b8639603638d6030a837aa2fe57172dffdf28919c1c286,"{""distance"":7,""physical_error_rate"":0.001}","{""detection_events"":1457,""detectors_checked"":414720}"
       256,         0,         0,   0.563,exact_mw,d2cc2b129abad1f985b8639603638d6030a837aa2fe57172dffdf28919c1c286,"{""distance"":7,""physical_error_rate"":0.001}","{""detection_events"":744,""detectors_checked"":207360}"
       128,         0,         0,    1.21,exact_mw,98ed6542f5a75ebddbda0ed622fb597fbc85d0a75d139587b6be9a08147ba42d,"{""distance"":7,""physical_error_rate"":0.002}","{""detection_events"":818,""detectors_checked"":103680}"
       512,         0,         0,    1.16,exact_mw,d2cc2b129abad1f985b8639603638d6030a837aa2fe57172dffdf28919c1c286,"{""distance"":7,""physical_error_rate"":0.001}","{""detection_events"":1646,""detectors_checked"":414720}"
        64,         0,         0,   0.369,exact_mw,98ed6542f5a75ebddbda0ed622fb597fbc85d0a75d139587b6be9a08147ba42d,"{""distance"":7,""physical_error_rate"":0.002}","{""detection_events"":354,""detectors_checked"":51840}"
        64,         0,         0,   0.587,exact_mw,98ed6542f5a75ebddbda0ed622fb597fbc85d0a75d139587b6be9a08147ba42d,"{""distance"":7,""physical_error_rate"":0.002}","{""detection_events"":408,""detectors_checked"":51840}"
       256,         0,         0,   0.973,exact_mw,d2cc2b129abad1f985b8639603638d6030a837aa2fe57172dffdf28919c1c286,"{""distance"":7,""physical_error_rate"":0.001}","{""detection_events"":815,""detectors_checked"":207360}"
       512,         0,         0,    1.12,exact_mw,d2cc2b129abad1f985b8639603638d6030a837aa2fe57172dffdf28919c1c286,"{""distance"":7,""physical_error_rate"":0.001}","{""detection_events"":1589,""detectors_checked"":414720}"
        64,         0,         0,   0.563,exact_mw,98ed6542f5a75ebddbda0ed622fb597fbc85d0a75d139587b6be9a08147ba42d,"{""distance"":7,""physical_error_rate"":0.002}","{""detection_events"":372,""detectors_checked"":51840}"
       128,         0,         0,    1.01,exact_mw,98ed6542f5a75ebddbda0ed622fb597fbc85d0a75d139587b6be9a08147ba42d,"{""distance"":7,""physical_error_rate"":0.002}","{""detection_events"":823,""detectors_checked"":103680}"
       512,         0,         0,   0.861,exact_mw,d2cc2b129abad1f985b8639603638d6030a837aa2fe57172dffdf28919c1c286,"{""distance"":7,""physical_error_rate"":0.001}","{""detection_events"":1533,""detectors_checked"":414720}"
       128,         0,         0,   0.984,exact_mw,98ed6542f5a75ebddbda0ed622fb597fbc85d0a75d139587b6be9a08147ba42d,"{""distance"":7,""physical_error_rate"":0.002}","{""detection_events"":730,""detectors_checked"":103680}"
       768,         0,         0,    1.42,exact_mw,d2cc2b129abad1f985b8639603638d6030a837aa2fe57172dffdf28919c1c286,"{""distance"":7,""physical_error_rate"":0.001}","{""detection_events"":2301,""detectors_checked"":622080}"
       256,         0,         0,   0.628,exact_mw,d2cc2b129abad1f985b8639603638d6030a837aa2fe57172dffdf28919c1c286,"{""distance"":7,""physical_error_rate"":0.001}","{""detection_events"":830,""detectors_checked"":207360}"
        64,         0,         0,   0.475,exact_mw,98ed6542f5a75ebddbda0ed622fb597fbc85d0a75d139587b6be9a08147ba42d,"{""distance"":7,""physical_error_rate"":0.002}","{""detection_events"":366,""detectors_checked"":51840}"
       512,         0,         0,    1.01,exact_mw,d2cc2b129abad1f985b8639603638d6030a837aa2fe57172dffdf28919c1c286,"{""distance"":7,""physical_error_rate"":0.001}","{""detection_events"":1561,""detectors_checked"":414720}"
         1,         0,         0,   0.005,exact_mw,98ed6542f5a75ebddbda0ed622fb597fbc85d0a75d139587b6be9a08147ba42d,"{""distance"":7,""physical_error_rate"":0.002}","{""detection_events"":5,""detectors_checked"":810}"
        16,         0,         0,   0.108,exact_mw,98ed6542f5a75ebddbda0ed622fb597fbc85d0a75d139587b6be9a08147ba42d,"{""distance"":7,""physical_error_rate"":0.002}","{""detection_events"":98,""detectors_checked"":12960}"
        64,         0,         0,   0.658,exact_mw,98ed6542f5a75ebddbda0ed622fb597fbc85d0a75d139587b6be9a08147ba42d,"{""distance"":7,""physical_error_rate"":0.002}","{""detection_events"":416,""detectors_checked"":51840}"
       512,         0,         0,    1.07,exact_mw,d2cc2b129abad1f985b8639603638d6030a837aa2fe57172dffdf28919c1c286,"{""distance"":7,""physical_error_rate"":0.001}","{""detection_events"":1582,""detectors_checked"":414720}"
       128,         0,         0,   0.779,exact_mw,98ed6542f5a75ebddbda0ed622fb597fbc85d0a75d139587b6be9a08147ba42d,"{""distance"":7,""physical_error_rate"":0.002}","{""detection_events"":696,""detectors_checked"":103680}"
       192,         0,         0,    1.57,exact_mw,98ed6542f5a75ebddbda0ed622fb597fbc85d0a75d139587b6be9a08147ba42d,"{""distance"":7,""physical_error_rate"":0.002}","{""detection_events"":1149,""detectors_checked"":155520}"
        64,         0,         0,   0.497,exact_mw,98ed6542f5a75ebddbda0ed622fb597fbc85d0a75d139587b6be9a08147ba42d,"{""distance"":7,""physical_error_rate"":0.002}","{""detection_events"":401,""detectors_checked"":51840}"
       256,         0,         0,   0.723,exact_mw,d2cc2b129abad1f985b8639603638d6030a837aa2fe57172dffdf28919c1c286,"{""distance"":7,""physical_error_rate"":0.001}","{""detection_events"":752,""detectors_checked"":207360}"
       192,         0,         0,    1.25,exact_mw,98ed6542f5a75ebddbda0ed622fb597fbc85d0a75d139587b6be9a08147ba42d,"{""distance"":7,""physical_error_rate"":0.002}","{""detection_events"":1188,""detectors_checked"":155520}"
        64,         0,         0,   0.417,exact_mw,98ed6542f5a75ebddbda0ed622fb597fbc85d0a75d139587b6be9a08147ba42d,"{""distance"":7,""physical_error_rate"":0.002}","{""detection_events"":391,""detectors_checked"":51840}"
       512,         0,         0,    1.13,exact_mw,d2cc2b129abad1f985b8639603638d6030a837aa2fe57172dffdf28919c1c286,"{""distance"":7,""physical_error_rate"":0.001}","{""detection_events"":1515,""detectors_checked"":414720}"
        64,         0,         0,   0.597,exact_mw,98ed6542f5a75ebddbda0ed622fb597fbc85d0a75d139587b6be9a08147ba42d,"{""distance"":7,""physical_error_rate"":0.002}","{""detection_events"":428,""detectors_checked"":51840}"
       768,         0,         0,    1.55,exact_mw,d2cc2b129abad1f985b8639603638d6030a837aa2fe57172dffdf28919c1c286,"{""distance"":7,""physical_error_rate"":0.001}","{""detection_events"":2400,""detectors_checked"":622080}"
       256,         0,         0,   0.561,exact_mw,d2cc2b129abad1f985b8639603638d6030a837aa2fe57172dffdf28919c1c286,"{""distance"":7,""physical_error_rate"":0.001}","{""detection_events"":813,""detectors_checked"":207360}"
        64,         0,         0,   0.500,exact_mw,98ed6542f5a75ebddbda0ed622fb597fbc85d0a75d139587b6be9a08147ba42d,"{""distance"":7,""physical_error_rate"":0.002}","{""detection_events"":434,""detectors_checked"":51840}"
        64,         0,         0,   0.453,exact_mw,98ed6542f5a75ebddbda0ed622fb597fbc85d0a75d139587b6be9a08147ba42d,"{""distance"":7,""physical_error_rate"":0.002}","{""detection_events"":391,""detectors_checked"":51840}"
        64,         0,         0,   0.678,exact_mw,98ed6542f5a75ebddbda0ed622fb597fbc85d0a75d139587b6be9a08147ba42d,"{""distance"":7,""physical_error_rate"":0.002}","{""detection_events"":367,""detectors_checked"":51840}"
       768,         0,         0,    1.38,exact_mw,d2cc2b129abad1f985b8639603638d6030a837aa2fe57172dffdf28919c1c286,"{""distance"":7,""physical_error_rate"":0.001}","{""detection_events"":2370,""detectors_checked"":622080}"
       512,         0,         0,   0.889,exact_mw,d2cc2b129abad1f985b8639603638d6030a837aa2fe57172dffdf28919c1c286,"{""distance"":7,""physical_error_rate"":0.001}","{""detection_events"":1562,""detectors_checked"":414720}"
       256,         0,         0,   0.579,exact_mw,d2cc2b129abad1f985b8639603638d6030a837aa2fe57172dffdf28919c1c286,"{""distance"":7,""physical_error_rate"":0.001}","{""detection_events"":754,""detectors_checked"":207360}"
        64,         0,         0,   0.578,exact_mw,98ed6542f5a75ebddbda0ed622fb597fbc85d0a75d139587b6be9a08147ba42d,"{""distance"":7,""physical_error_rate"":0.002}","{""detection_events"":360,""detectors_checked"":51840}"
       128,         0,         0,    1.22,exact_mw,98ed6542f5a75ebddbda0ed622fb597fbc85d0a75d139587b6be9a08147ba42d,"{""distance"":7,""physical_error_rate"":0.002}","{""detection_events"":828,""detectors_checked"":103680}"
       512,         0,         0,   0.878,exact_mw,d2cc2b129abad1f985b8639603638d6030a837aa2fe57172dffdf28919c1c286,"{""distance"":7,""physical_error_rate"":0.001}","{""detection_events"":1557,""detectors_checked"":414720}"
        64,         0,         0,   0.454,exact_mw,98ed6542f5a75ebddbda0ed622fb597fbc85d0a75d139587b6be9a08147ba42d,"{""distance"":7,""physical_error_rate"":0.002}","{""detection_events"":389,""detectors_checked"":51840}"
       128,         0,         0,   0.981,exact_mw,98ed6542f5a75ebddbda0ed622fb597fbc85d0a75d139587b6be9a08147ba42d,"{""distance"":7,""physical_error_rate"":0.002}","{""detection_events"":777,""detectors_checked"":103680}"
       512,         0,         0,    1.43,exact_mw,d2cc2b129abad1f985b8639603638d6030a837aa2fe57172dffdf28919c1c286,"{""distance"":7,""physical_error_rate"":0.001}","{""detection_events"":1574,""detectors_checked"":414720}"
       768,         0,         0,    1.61,exact_mw,d2cc2b129abad1f985b8639603638d6030a837aa2fe57172dffdf28919c1c286,"{""distance"":7,""physical_error_rate"":0.001}","{""detection_events"":2432,""detectors_checked"":622080}"
        64,         0,         0,   0.601,exact_mw,98ed6542f5a75ebddbda0ed622fb597fbc85d0a75d139587b6be9a08147ba42d,"{""distance"":7,""physical_error_rate"":0.002}","{""detection_events"":400,""detectors_checked"":51840}"
       512,         1,         0,   0.949,exact_mw,d2cc2b129abad1f985b8639603638d6030a837aa2fe57172dffdf28919c1c286,"{""distance"":7,""physical_error_rate"":0.001}","{""detection_events"":1554,""detectors_checked"":414720,""obs_mistake_mask=E"":1}"
       128,         0,         0,    1.01,exact_mw,98ed6542f5a75ebddbda0ed622fb597fbc85d0a75d139587b6be9a08147ba42d,"{""distance"":7,""physical_error_rate"":0.002}","{""detection_events"":834,""detectors_checked"":103680}"
       256,         0,         0,   0.594,exact_mw,d2cc2b129abad1f985b8639603638d6030a837aa2fe57172dffdf28919c1c286,"{""distance"":7,""physical_error_rate"":0.001}","{""detection_events"":749,""detectors_checked"":207360}"
        64,         0,         0,   0.495,exact_mw,98ed6542f5a75ebddbda0ed622fb597fbc85d0a75d139587b6be9a08147ba42d,"{""distance"":7,""physical_error_rate"":0.002}","{""detection_events"":384,""detectors_checked"":51840}"
       768,         0,         0,    1.77,exact_mw,d2cc2b129abad1f985b8639603638d6030a837aa2fe57172dffdf28919c1c286,"{""distance"":7,""physical_error_rate"":0.001}","{""detection_events"":2293,""detectors_checked"":622080}"
        17,         0,         0,   0.059,exact_mw,d2cc2b129abad1f985b8639603638d6030a837aa2fe57172dffdf28919c1c286,"{""distance"":7,""physical_error_rate"":0.001}","{""detection_events"":42,""detectors_checked"":13770}"
        64,         0,         0,    1.07,exact_mw,98ed6542f5a75ebddbda0ed622fb597fbc85d0a75d139587b6be9a08147ba42d,"{""distance"":7,""physical_error_rate"":0.002}","{""detection_events"":398,""detectors_checked"":51840}"
       256,         1,         0,    1.56,exact_mw,98ed6542f5a75ebddbda0ed622fb597fbc85d0a75d139587b6be9a08147ba42d,"{""distance"":7,""physical_error_rate"":0.002}","{""detection_events"":1479,""detectors_checked"":207360,""obs_mistake_mask=E"":1}"
       256,         0,         0,   0.434,exact_mw,d2cc2b129abad1f985b8639603638d6030a837aa2fe57172dffdf28919c1c286,"{""distance"":7,""physical_error_rate"":0.001}","{""detection_events"":709,""detectors_checked"":207360}"
       768,         0,         0,    1.56,exact_mw,d2cc2b129abad1f985b8639603638d6030a837aa2fe57172dffdf28919c1c286,"{""distance"":7,""physical_error_rate"":0.001}","{""detection_events"":2385,""detectors_checked"":622080}"
       128,         0,         0,    1.01,exact_mw,98ed6542f5a75ebddbda0ed622fb597fbc85d0a75d139587b6be9a08147ba42d,"{""distance"":7,""physical_error_rate"":0.002}","{""detection_events"":768,""detectors_checked"":103680}"
        64,         0,         0,   0.403,exact_mw,98ed6542f5a75ebddbda0ed622fb597fbc85d0a75d139587b6be9a08147ba42d,"{""distance"":7,""physical_error_rate"":0.002}","{""detection_events"":388,""detectors_checked"":51840}"
       128,         0,         0,   0.322,exact_mw,d2cc2b129abad1f985b8639603638d6030a837aa2fe57172dffdf28919c1c286,"{""distance"":7,""physical_error_rate"":0.001}","{""detection_events"":364,""detectors_checked"":103680}"
       512,         0,         0,    1.04,exact_mw,d2cc2b129abad1f985b8639603638d6030a837aa2fe57172dffdf28919c1c286,"{""distance"":7,""physical_error_rate"":0.001}","{""detection_events"":1583,""detectors_checked"":414720}"
       128,         0,         0,   0.935,exact_mw,98ed6542f5a75ebddbda0ed622fb597fbc85d0a75d139587b6be9a08147ba42d,"{""distance"":7,""physical_error_rate"":0.002}","{""detection_events"":767,""detectors_checked"":103680}"
       192,         1,         0,    1.18,exact_mw,98ed6542f5a75ebddbda0ed622fb597fbc85d0a75d139587b6be9a08147ba42d,"{""distance"":7,""physical_error_rate"":0.002}","{""detection_events"":1195,""detectors_checked"":155520,""obs_mistake_mask=E"":1}"
      1024,         0,         0,    1.75,exact_mw,d2cc2b129abad1f985b8639603638d6030a837aa2fe57172dffdf28919c1c286,"{""distance"":7,""physical_error_rate"":0.001}","{""detection_events"":2911,""detectors_checked"":829440}"
       128,         0,         0,   0.998,exact_mw,98ed6542f5a75ebddbda0ed622fb597fbc85d0a75d139587b6be9a08147ba42d,"{""distance"":7,""physical_error_rate"":0.002}","{""detection_events"":894,""detectors_checked"":103680}"
       512,         0,         0,   0.861,exact_mw,d2cc2b129abad1f985b8639603638d6030a837aa2fe57172dffdf28919c1c286,"{""distance"":7,""physical_error_rate"":0.001}","{""detection_events"":1517,""detectors_checked"":414720}"
       768,         0,         0,    1.49,exact_mw,d2cc2b129abad1f985b8639603638d6030a837aa2fe57172dffdf28919c1c286,"{""distance"":7,""physical_error_rate"":0.001}","{""detection_events"":2380,""detectors_checked"":622080}"
       256,         0,         0,    2.31,exact_mw,98ed6542f5a75ebddbda0ed622fb597fbc85d0a75d139587b6be9a08147ba42d,"{""distance"":7,""physical_error_rate"":0.002}","{""detection_events"":1680,""detectors_checked"":207360}"
        64,         0,         0,   0.572,exact_mw,98ed6542f5a75ebddbda0ed622fb597fbc85d0a75d139587b6be9a08147ba42d,"{""distance"":7,""physical_error_rate"":0.002}","{""detection_events"":385,""detectors_checked"":51840}"
      2632,         0,         0,   120.8,exact_mw,98ed6542f5a75ebddbda0ed622fb597fbc85d0a75d139587b6be9a08147ba42d,"{""distance"":7,""physical_error_rate"":0.002}","{""detection_events"":15916,""detectors_checked"":2131920}"
        64,         0,         0,   0.725,exact_mw,98ed6542f5a75ebddbda0ed622fb597fbc85d0a75d139587b6be9a08147ba42d,"{""distance"":7,""physical_error_rate"":0.002}","{""detection_events"":357,""detectors_checked"":51840}"
       128,         0,         0,   0.594,exact_mw,d2cc2b129abad1f985b8639603638d6030a837aa2fe57172dffdf28919c1c286,"{""distance"":7,""physical_error_rate"":0.001}","{""detection_events"":440,""detectors_checked"":103680}"
       256,         0,         0,   0.786,exact_mw,d2cc2b129abad1f985b8639603638d6030a837aa2fe57172dffdf28919c1c286,"{""distance"":7,""physical_error_rate"":0.001}","{""detection_events"":778,""detectors_checked"":207360}"
      1024,         0,         0,    1.93,exact_mw,d2cc2b129abad1f985b8639603638d6030a837aa2fe57172dffdf28919c1c286,"{""distance"":7,""physical_error_rate"":0.001}","{""detection_events"":3205,""detectors_checked"":829440}"
     15808,         0,         0,   120.3,exact_mw,98ed6542f5a75ebddbda0ed622fb597fbc85d0a75d139587b6be9a08147ba42d,"{""distance"":7,""physical_error_rate"":0.002}","{""detection_events"":95775,""detectors_checked"":12804480}"
       192,         0,         0,    1.52,exact_mw,98ed6542f5a75ebddbda0ed622fb597fbc85d0a75d139587b6be9a08147ba42d,"{""distance"":7,""physical_error_rate"":0.002}","{""detection_events"":1127,""detectors_checked"":155520}"
       128,         0,         0,   0.407,exact_mw,d2cc2b129abad1f985b8639603638d6030a837aa2fe57172dffdf28919c1c286,"{""distance"":7,""physical_error_rate"":0.001}","{""detection_events"":452,""detectors_checked"":103680}"
       128,         0,         0,   0.975,exact_mw,98ed6542f5a75ebddbda0ed622fb597fbc85d0a75d139587b6be9a08147ba42d,"{""distance"":7,""physical_error_rate"":0.002}","{""detection_events"":715,""detectors_checked"":103680}"
      1024,         0,         0,    1.87,exact_mw,d2cc2b129abad1f985b8639603638d6030a837aa2fe57172dffdf28919c1c286,"{""distance"":7,""physical_error_rate"":0.001}","{""detection_events"":3103,""detectors_checked"":829440}"
       128,         0,         0,   0.787,exact_mw,98ed6542f5a75ebddbda0ed622fb597fbc85d0a75d139587b6be9a08147ba42d,"{""distance"":7,""physical_error_rate"":0.002}","{""detection_events"":741,""detectors_checked"":103680}"
       512,         0,         0,    1.02,exact_mw,d2cc2b129abad1f985b8639603638d6030a837aa2fe57172dffdf28919c1c286,"{""distance"":7,""physical_error_rate"":0.001}","{""detection_events"":1551,""detectors_checked"":414720}"
        64,         0,         0,   0.562,exact_mw,98ed6542f5a75ebddbda0ed622fb597fbc85d0a75d139587b6be9a08147ba42d,"{""distance"":7,""physical_error_rate"":0.002}","{""detection_events"":373,""detectors_checked"":51840}"
       256,         0,         0,   0.529,exact_mw,d2cc2b129abad1f985b8639603638d6030a837aa2fe57172dffdf28919c1c286,"{""distance"":7,""physical_error_rate"":0.001}","{""detection_events"":742,""detectors_checked"":207360}"
       128,         0,         0,    1.19,exact_mw,98ed6542f5a75ebddbda0ed622fb597fbc85d0a75d139587b6be9a08147ba42d,"{""distance"":7,""physical_error_rate"":0.002}","{""detection_events"":778,""detectors_checked"":103680}"
       128,         0,         0,   0.432,exact_mw,d2cc2b129abad1f985b8639603638d6030a837aa2fe57172dffdf28919c1c286,"{""distance"":7,""physical_error_rate"":0.001}","{""detection_events"":430,""detectors_checked"":103680}"
       128,         0,         0,   0.922,exact_mw,98ed6542f5a75ebddbda0ed622fb597fbc85d0a75d139587b6be9a08147ba42d,"{""distance"":7,""physical_error_rate"":0.002}","{""detection_events"":751,""detectors_checked"":103680}"
       128,         0,         0,   0.220,exact_mw,d2cc2b129abad1f985b8639603638d6030a837aa2fe57172dffdf28919c1c286,"{""distance"":7,""physical_error_rate"":0.001}","{""detection_events"":359,""detectors_checked"":103680}"
        64,         0,         0,   0.563,exact_mw,98ed6542f5a75ebddbda0ed622fb597fbc85d0a75d139587b6be9a08147ba42d,"{""distance"":7,""physical_error_rate"":0.002}","{""detection_events"":356,""detectors_checked"":51840}"
      1280,         0,         0,    2.64,exact_mw,d2cc2b129abad1f985b8639603638d6030a837aa2fe57172dffdf28919c1c286,"{""distance"":7,""physical_error_rate"":0.001}","{""detection_events"":3904,""detectors_checked"":1036800}"
       128,         0,         0,   0.879,exact_mw,98ed6542f5a75ebddbda0ed622fb597fbc85d0a75d139587b6be9a08147ba42d,"{""distance"":7,""physical_error_rate"":0.002}","{""detection_events"":734,""detectors_checked"":103680}"
       256,         0,         0,    1.99,exact_mw,98ed6542f5a75ebddbda0ed622fb597fbc85d0a75d139587b6be9a08147ba42d,"{""distance"":7,""physical_error_rate"":0.002}","{""detection_events"":1593,""detectors_checked"":207360}"
       256,         0,         0,   0.707,exact_mw,d2cc2b129abad1f985b8639603638d6030a837aa2fe57172dffdf28919c1c286,"{""distance"":7,""physical_error_rate"":0.001}","{""detection_events"":784,""detectors_checked"":207360}"
       512,         0,         0,   0.982,exact_mw,d2cc2b129abad1f985b8639603638d6030a837aa2fe57172dffdf28919c1c286,"{""distance"":7,""physical_error_rate"":0.001}","{""detection_events"":1513,""detectors_checked"":414720}"
      1024,         0,         0,    1.88,exact_mw,d2cc2b129abad1f985b8639603638d6030a837aa2fe57172dffdf28919c1c286,"{""distance"":7,""physical_error_rate"":0.001}","{""detection_events"":3134,""detectors_checked"":829440}"
      1024,         0,         0,    2.28,exact_mw,d2cc2b129abad1f985b8639603638d6030a837aa2fe57172dffdf28919c1c286,"{""distance"":7,""physical_error_rate"":0.001}","{""detection_events"":3129,""detectors_checked"":829440}"
        64,         0,         0,   0.503,exact_mw,98ed6542f5a75ebddbda0ed622fb597fbc85d0a75d139587b6be9a08147ba42d,"{""distance"":7,""physical_error_rate"":0.002}","{""detection_events"":358,""detectors_checked"":51840}"
      1024,         0,         0,    1.93,exact_mw,d2cc2b129abad1f985b8639603638d6030a837aa2fe57172dffdf28919c1c286,"{""distance"":7,""physical_error_rate"":0.001}","{""detection_events"":3086,""detectors_checked"":829440}"
      1280,         0,         0,    2.79,exact_mw,d2cc2b129abad1f985b8639603638d6030a837aa2fe57172dffdf28919c1c286,"{""distance"":7,""physical_error_rate"":0.001}","{""detection_events"":4013,""detectors_checked"":1036800}"
       256,         0,         0,   0.564,exact_mw,d2cc2b129abad1f985b8639603638d6030a837aa2fe57172dffdf28919c1c286,"{""distance"":7,""physical_error_rate"":0.001}","{""detection_events"":795,""detectors_checked"":207360}"
       192,         0,         0,    1.49,exact_mw,98ed6542f5a75ebddbda0ed622fb597fbc85d0a75d139587b6be9a08147ba42d,"{""distance"":7,""physical_error_rate"":0.002}","{""detection_events"":1152,""detectors_checked"":155520}"
      1280,         0,         0,    2.38,exact_mw,d2cc2b129abad1f985b8639603638d6030a837aa2fe57172dffdf28919c1c286,"{""distance"":7,""physical_error_rate"":0.001}","{""detection_events"":3729,""detectors_checked"":1036800}"
       256,         0,         0,   0.889,exact_mw,d2cc2b129abad1f985b8639603638d6030a837aa2fe57172dffdf28919c1c286,"{""distance"":7,""physical_error_rate"":0.001}","{""detection_events"":866,""detectors_checked"":207360}"
       384,         0,         0,    2.78,exact_mw,98ed6542f5a75ebddbda0ed622fb597fbc85d0a75d139587b6be9a08147ba42d,"{""distance"":7,""physical_error_rate"":0.002}","{""detection_events"":2283,""detectors_checked"":311040}"
       256,         0,         0,    1.91,exact_mw,98ed6542f5a75ebddbda0ed622fb597fbc85d0a75d139587b6be9a08147ba42d,"{""distance"":7,""physical_error_rate"":0.002}","{""detection_events"":1508,""detectors_checked"":207360}"
       256,         0,         0,   0.414,exact_mw,d2cc2b129abad1f985b8639603638d6030a837aa2fe57172dffdf28919c1c286,"{""distance"":7,""physical_error_rate"":0.001}","{""detection_events"":767,""detectors_checked"":207360}"
       128,         0,         0,    1.03,exact_mw,98ed6542f5a75ebddbda0ed622fb597fbc85d0a75d139587b6be9a08147ba42d,"{""distance"":7,""physical_error_rate"":0.002}","{""detection_events"":834,""detectors_checked"":103680}"
       192,         0,         0,    1.49,exact_mw,98ed6542f5a75ebddbda0ed622fb597fbc85d0a75d139587b6be9a08147ba42d,"{""distance"":7,""physical_error_rate"":0.002}","{""detection_events"":1151,""detectors_checked"":155520}"
       192,         0,         0,    1.80,exact_mw,98ed6542f5a75ebddbda0ed622fb597fbc85d0a75d139587b6be9a08147ba42d,"{""distance"":7,""physical_error_rate"":0.002}","{""detection_events"":1230,""detectors_checked"":155520}"
       256,         0,         0,   0.512,exact_mw,d2cc2b129abad1f985b8639603638d6030a837aa2fe57172dffdf28919c1c286,"{""distance"":7,""physical_error_rate"":0.001}","{""detection_events"":804,""detectors_checked"":207360}"
       512,         0,         0,    1.03,exact_mw,d2cc2b129abad1f985b8639603638d6030a837aa2fe57172dffdf28919c1c286,"{""distance"":7,""physical_error_rate"":0.001}","{""detection_events"":1574,""detectors_checked"":414720}"
      1280,         0,         0,    2.40,exact_mw,d2cc2b129abad1f985b8639603638d6030a837aa2fe57172dffdf28919c1c286,"{""distance"":7,""physical_error_rate"":0.001}","{""detection_events"":3739,""detectors_checked"":1036800}"
        64,         0,         0,   0.978,exact_mw,98ed6542f5a75ebddbda0ed622fb597fbc85d0a75d139587b6be9a08147ba42d,"{""distance"":7,""physical_error_rate"":0.002}","{""detection_events"":441,""detectors_checked"":51840}"
      1024,         0,         0,    2.33,exact_mw,d2cc2b129abad1f985b8639603638d6030a837aa2fe57172dffdf28919c1c286,"{""distance"":7,""physical_error_rate"":0.001}","{""detection_events"":3088,""detectors_checked"":829440}"
     63744,         2,         0,   120.7,exact_mw,d2cc2b129abad1f985b8639603638d6030a837aa2fe57172dffdf28919c1c286,"{""distance"":7,""physical_error_rate"":0.001}","{""detection_events"":193084,""detectors_checked"":51632640,""obs_mistake_mask=E"":2}"
       448,         0,         0,    3.05,exact_mw,98ed6542f5a75ebddbda0ed622fb597fbc85d0a75d139587b6be9a08147ba42d,"{""distance"":7,""physical_error_rate"":0.002}","{""detection_events"":2675,""detectors_checked"":362880}"
       512,         0,         0,   0.778,exact_mw,d2cc2b129abad1f985b8639603638d6030a837aa2fe57172dffdf28919c1c286,"{""distance"":7,""physical_error_rate"":0.001}","{""detection_events"":1509,""detectors_checked"":414720}"
       256,         0,         0,   0.779,exact_mw,d2cc2b129abad1f985b8639603638d6030a837aa2fe57172dffdf28919c1c286,"{""distance"":7,""physical_error_rate"":0.001}","{""detection_events"":784,""detectors_checked"":207360}"
       256,         0,         0,    2.04,exact_mw,98ed6542f5a75ebddbda0ed622fb597fbc85d0a75d139587b6be9a08147ba42d,"{""distance"":7,""physical_error_rate"":0.002}","{""detection_events"":1644,""detectors_checked"":207360}"
        64,         0,         0,   0.877,exact_mw,98ed6542f5a75ebddbda0ed622fb597fbc85d0a75d139587b6be9a08147ba42d,"{""distance"":7,""physical_error_rate"":0.002}","{""detection_events"":348,""detectors_checked"":51840}"
      1024,         0,         0,    2.09,exact_mw,d2cc2b129abad1f985b8639603638d6030a837aa2fe57172dffdf28919c1c286,"{""distance"":7,""physical_error_rate"":0.001}","{""detection_events"":3215,""detectors_checked"":829440}"
       512,         0,         0,    1.32,exact_mw,d2cc2b129abad1f985b8639603638d6030a837aa2fe57172dffdf28919c1c286,"{""distance"":7,""physical_error_rate"":0.001}","{""detection_events"":1559,""detectors_checked"":414720}"
       256,         0,         0,    1.97,exact_mw,98ed6542f5a75ebddbda0ed622fb597fbc85d0a75d139587b6be9a08147ba42d,"{""distance"":7,""physical_error_rate"":0.002}","{""detection_events"":1601,""detectors_checked"":207360}"
       256,         0,         0,   0.719,exact_mw,d2cc2b129abad1f985b8639603638d6030a837aa2fe57172dffdf28919c1c286,"{""distance"":7,""physical_error_rate"":0.001}","{""detection_events"":817,""detectors_checked"":207360}"
       512,         0,         0,   0.859,exact_mw,d2cc2b129abad1f985b8639603638d6030a837aa2fe57172dffdf28919c1c286,"{""distance"":7,""physical_error_rate"":0.001}","{""detection_events"":1513,""detectors_checked"":414720}"
      1280,         0,         0,    2.32,exact_mw,d2cc2b129abad1f985b8639603638d6030a837aa2fe57172dffdf28919c1c286,"{""distance"":7,""physical_error_rate"":0.001}","{""detection_events"":3696,""detectors_checked"":1036800}"
       256,         0,         0,    1.78,exact_mw,98ed6542f5a75ebddbda0ed622fb597fbc85d0a75d139587b6be9a08147ba42d,"{""distance"":7,""physical_error_rate"":0.002}","{""detection_events"":1555,""detectors_checked"":207360}"
     64512,         0,         0,   120.4,exact_mw,d2cc2b129abad1f985b8639603638d6030a837aa2fe57172dffdf28919c1c286,"{""distance"":7,""physical_error_rate"":0.001}","{""detection_events"":194653,""detectors_checked"":52254720}"
       256,         0,         0,    2.00,exact_mw,98ed6542f5a75ebddbda0ed622fb597fbc85d0a75d139587b6be9a08147ba42d,"{""distance"":7,""physical_error_rate"":0.002}","{""detection_events"":1576,""detectors_checked"":207360}"
       256,         0,         0,    2.18,exact_mw,98ed6542f5a75ebddbda0ed622fb597fbc85d0a75d139587b6be9a08147ba42d,"{""distance"":7,""physical_error_rate"":0.002}","{""detection_events"":1577,""detectors_checked"":207360}"
        64,         0,         0,    1.02,exact_mw,98ed6542f5a75ebddbda0ed622fb597fbc85d0a75d139587b6be9a08147ba42d,"{""distance"":7,""physical_error_rate"":0.002}","{""detection_events"":429,""detectors_checked"":51840}"
       256,         0,         0,   0.619,exact_mw,d2cc2b129abad1f985b8639603638d6030a837aa2fe57172dffdf28919c1c286,"{""distance"":7,""physical_error_rate"":0.001}","{""detection_events"":785,""detectors_checked"":207360}"
      1280,         0,         0,    3.40,exact_mw,d2cc2b129abad1f985b8639603638d6030a837aa2fe57172dffdf28919c1c286,"{""distance"":7,""physical_error_rate"":0.001}","{""detection_events"":3918,""detectors_checked"":1036800}"
      1024,         0,         0,    3.19,exact_mw,d2cc2b129abad1f985b8639603638d6030a837aa2fe57172dffdf28919c1c286,"{""distance"":7,""physical_error_rate"":0.001}","{""detection_events"":3135,""detectors_checked"":829440}"
       320,         0,         0,    2.44,exact_mw,98ed6542f5a75ebddbda0ed622fb597fbc85d0a75d139587b6be9a08147ba42d,"{""distance"":7,""physical_error_rate"":0.002}","{""detection_events"":1971,""detectors_checked"":259200}"
       512,         0,         0,    1.01,exact_mw,d2cc2b129abad1f985b8639603638d6030a837aa2fe57172dffdf28919c1c286,"{""distance"":7,""physical_error_rate"":0.001}","{""detection_events"":1483,""detectors_checked"":414720}"
        64,         0,         0,   0.618,exact_mw,98ed6542f5a75ebddbda0ed622fb597fbc85d0a75d139587b6be9a08147ba42d,"{""distance"":7,""physical_error_rate"":0.002}","{""detection_events"":396,""detectors_checked"":51840}"
       256,         0,         0,   0.614,exact_mw,d2cc2b129abad1f985b8639603638d6030a837aa2fe57172dffdf28919c1c286,"{""distance"":7,""physical_error_rate"":0.001}","{""detection_events"":739,""detectors_checked"":207360}"
       768,         0,         0,    1.42,exact_mw,d2cc2b129abad1f985b8639603638d6030a837aa2fe57172dffdf28919c1c286,"{""distance"":7,""physical_error_rate"":0.001}","{""detection_events"":2316,""detectors_checked"":622080}"
      1792,         0,         0,    3.43,exact_mw,d2cc2b129abad1f985b8639603638d6030a837aa2fe57172dffdf28919c1c286,"{""distance"":7,""physical_error_rate"":0.001}","{""detection_events"":5468,""detectors_checked"":1451520}"
      1792,         0,         0,    3.65,exact_mw,d2cc2b129abad1f985b8639603638d6030a837aa2fe57172dffdf28919c1c286,"{""distance"":7,""physical_error_rate"":0.001}","{""detection_events"":5454,""detectors_checked"":1451520}"
       512,         0,         0,    3.60,exact_mw,98ed6542f5a75ebddbda0ed622fb597fbc85d0a75d139587b6be9a08147ba42d,"{""distance"":7,""physical_error_rate"":0.002}","{""detection_events"":3018,""detectors_checked"":414720}"
      1536,         0,         0,    3.23,exact_mw,d2cc2b129abad1f985b8639603638d6030a837aa2fe57172dffdf28919c1c286,"{""distance"":7,""physical_error_rate"":0.001}","{""detection_events"":4820,""detectors_checked"":1244160}"
       256,         0,         0,    2.44,exact_mw,98ed6542f5a75ebddbda0ed622fb597fbc85d0a75d139587b6be9a08147ba42d,"{""distance"":7,""physical_error_rate"":0.002}","{""detection_events"":1624,""detectors_checked"":207360}"
       256,         0,         0,   0.741,exact_mw,d2cc2b129abad1f985b8639603638d6030a837aa2fe57172dffdf28919c1c286,"{""distance"":7,""physical_error_rate"":0.001}","{""detection_events"":784,""detectors_checked"":207360}"
      1536,         0,         0,    3.22,exact_mw,d2cc2b129abad1f985b8639603638d6030a837aa2fe57172dffdf28919c1c286,"{""distance"":7,""physical_error_rate"":0.001}","{""detection_events"":4843,""detectors_checked"":1244160}"
        64,         0,         0,    1.03,exact_mw,98ed6542f5a75ebddbda0ed622fb597fbc85d0a75d139587b6be9a08147ba42d,"{""distance"":7,""physical_error_rate"":0.002}","{""detection_events"":445,""detectors_checked"":51840}"
       320,         0,         0,    2.30,exact_mw,98ed6542f5a75ebddbda0ed622fb597fbc85d0a75d139587b6be9a08147ba42d,"{""distance"":7,""physical_error_rate"":0.002}","{""detection_events"":1975,""detectors_checked"":259200}"
       512,         0,         0,    1.26,exact_mw,d2cc2b129abad1f985b8639603638d6030a837aa2fe57172dffdf28919c1c286,"{""distance"":7,""physical_error_rate"":0.001}","{""detection_events"":1618,""detectors_checked"":414720}"
       256,         0,         0,    2.07,exact_mw,98ed6542f5a75ebddbda0ed622fb597fbc85d0a75d139587b6be9a08147ba42d,"{""distance"":7,""physical_error_rate"":0.002}","{""detection_events"":1548,""detectors_checked"":207360}"
       256,         0,         0,    2.35,exact_mw,98ed6542f5a75ebddbda0ed622fb597fbc85d0a75d139587b6be9a08147ba42d,"{""distance"":7,""physical_error_rate"":0.002}","{""detection_events"":1562,""detectors_checked"":207360}"
      1536,         1,         0,    2.86,exact_mw,d2cc2b129abad1f985b8639603638d6030a837aa2fe57172dffdf28919c1c286,"{""distance"":7,""physical_error_rate"":0.001}","{""detection_events"":4614,""detectors_checked"":1244160,""obs_mistake_mask=E"":1}"
      1536,         0,         0,    3.09,exact_mw,d2cc2b129abad1f985b8639603638d6030a837aa2fe57172dffdf28919c1c286,"{""distance"":7,""physical_error_rate"":0.001}","{""detection_events"":4743,""detectors_checked"":1244160}"
       512,         0,         0,    4.29,exact_mw,98ed6542f5a75ebddbda0ed622fb597fbc85d0a75d139587b6be9a08147ba42d,"{""distance"":7,""physical_error_rate"":0.002}","{""detection_events"":3076,""detectors_checked"":414720}"
       512,         0,         0,    1.40,exact_mw,d2cc2b129abad1f985b8639603638d6030a837aa2fe57172dffdf28919c1c286,"{""distance"":7,""physical_error_rate"":0.001}","{""detection_events"":1524,""detectors_checked"":414720}"
       128,         0,         0,    1.27,exact_mw,98ed6542f5a75ebddbda0ed622fb597fbc85d0a75d139587b6be9a08147ba42d,"{""distance"":7,""physical_error_rate"":0.002}","{""detection_events"":784,""detectors_checked"":103680}"
       384,         0,         0,    3.14,exact_mw,98ed6542f5a75ebddbda0ed622fb597fbc85d0a75d139587b6be9a08147ba42d,"{""distance"":7,""physical_error_rate"":0.002}","{""detection_events"":2287,""detectors_checked"":311040}"
      1536,         0,         0,    2.44,exact_mw,d2cc2b129abad1f985b8639603638d6030a837aa2fe57172dffdf28919c1c286,"{""distance"":7,""physical_error_rate"":0.001}","{""detection_events"":4477,""detectors_checked"":1244160}"
       384,         0,         0,    3.08,exact_mw,98ed6542f5a75ebddbda0ed622fb597fbc85d0a75d139587b6be9a08147ba42d,"{""distance"":7,""physical_error_rate"":0.002}","{""detection_events"":2233,""detectors_checked"":311040}"
      1024,         0,         0,    1.94,exact_mw,d2cc2b129abad1f985b8639603638d6030a837aa2fe57172dffdf28919c1c286,"{""distance"":7,""physical_error_rate"":0.001}","{""detection_events"":3082,""detectors_checked"":829440}"
       512,         0,         0,    1.19,exact_mw,d2cc2b129abad1f985b8639603638d6030a837aa2fe57172dffdf28919c1c286,"{""distance"":7,""physical_error_rate"":0.001}","{""detection_events"":1503,""detectors_checked"":414720}"
       128,         0,         0,    1.26,exact_mw,98ed6542f5a75ebddbda0ed622fb597fbc85d0a75d139587b6be9a08147ba42d,"{""distance"":7,""physical_error_rate"":0.002}","{""detection_events"":808,""detectors_checked"":103680}"
       384,         0,         0,    3.29,exact_mw,98ed6542f5a75ebddbda0ed622fb597fbc85d0a75d139587b6be9a08147ba42d,"{""distance"":7,""physical_error_rate"":0.002}","{""detection_events"":2348,""detectors_checked"":311040}"
     37536,         0,         0,   120.3,exact_mw,d2cc2b129abad1f985b8639603638d6030a837aa2fe57172dffdf28919c1c286,"{""distance"":7,""physical_error_rate"":0.001}","{""detection_events"":113267,""detectors_checked"":30404160}"
      1792,         0,         0,    4.86,exact_mw,d2cc2b129abad1f985b8639603638d6030a837aa2fe57172dffdf28919c1c286,"{""distance"":7,""physical_error_rate"":0.001}","{""detection_events"":5474,""detectors_checked"":1451520}"
       384,         0,         0,    3.10,exact_mw,98ed6542f5a75ebddbda0ed622fb597fbc85d0a75d139587b6be9a08147ba42d,"{""distance"":7,""physical_error_rate"":0.002}","{""detection_events"":2309,""detectors_checked"":311040}"
      1792,         0,         0,    4.82,exact_mw,d2cc2b129abad1f985b8639603638d6030a837aa2fe57172dffdf28919c1c286,"{""distance"":7,""physical_error_rate"":0.001}","{""detection_events"":5351,""detectors_checked"":1451520}"
       384,         0,         0,    3.31,exact_mw,98ed6542f5a75ebddbda0ed622fb597fbc85d0a75d139587b6be9a08147ba42d,"{""distance"":7,""physical_error_rate"":0.002}","{""detection_events"":2457,""detectors_checked"":311040}"
      2304,         0,         0,    4.33,exact_mw,d2cc2b129abad1f985b8639603638d6030a837aa2fe57172dffdf28919c1c286,"{""distance"":7,""physical_error_rate"":0.001}","{""detection_events"":6659,""detectors_checked"":1866240}"
      2560,         0,         0,    4.46,exact_mw,d2cc2b129abad1f985b8639603638d6030a837aa2fe57172dffdf28919c1c286,"{""distance"":7,""physical_error_rate"":0.001}","{""detection_events"":7516,""detectors_checked"":2073600}"
       448,         0,         0,    3.63,exact_mw,98ed6542f5a75ebddbda0ed622fb597fbc85d0a75d139587b6be9a08147ba42d,"{""distance"":7,""physical_error_rate"":0.002}","{""detection_events"":2667,""detectors_checked"":362880}"
      2048,         0,         0,    4.31,exact_mw,d2cc2b129abad1f985b8639603638d6030a837aa2fe57172dffdf28919c1c286,"{""distance"":7,""physical_error_rate"":0.001}","{""detection_events"":6143,""detectors_checked"":1658880}"
      1024,         0,         0,    2.59,exact_mw,d2cc2b129abad1f985b8639603638d6030a837aa2fe57172dffdf28919c1c286,"{""distance"":7,""physical_error_rate"":0.001}","{""detection_events"":3209,""detectors_checked"":829440}"
      2048,         0,         0,    3.81,exact_mw,d2cc2b129abad1f985b8639603638d6030a837aa2fe57172dffdf28919c1c286,"{""distance"":7,""physical_error_rate"":0.001}","{""detection_events"":6256,""detectors_checked"":1658880}"
      2304,         0,         0,    4.46,exact_mw,d2cc2b129abad1f985b8639603638d6030a837aa2fe57172dffdf28919c1c286,"{""distance"":7,""physical_error_rate"":0.001}","{""detection_events"":6879,""detectors_checked"":1866240}"
       512,         1,         0,    4.86,exact_mw,98ed6542f5a75ebddbda0ed622fb597fbc85d0a75d139587b6be9a08147ba42d,"{""distance"":7,""physical_error_rate"":0.002}","{""detection_events"":3112,""detectors_checked"":414720,""obs_mistake_mask=E"":1}"
       768,         0,         0,    1.92,exact_mw,d2cc2b129abad1f985b8639603638d6030a837aa2fe57172dffdf28919c1c286,"{""distance"":7,""physical_error_rate"":0.001}","{""detection_events"":2223,""detectors_checked"":622080}"
      1280,         0,         0,    2.56,exact_mw,d2cc2b129abad1f985b8639603638d6030a837aa2fe57172dffdf28919c1c286,"{""distance"":7,""physical_error_rate"":0.001}","{""detection_events"":3809,""detectors_checked"":1036800}"
       192,         0,         0,    2.22,exact_mw,98ed6542f5a75ebddbda0ed622fb597fbc85d0a75d139587b6be9a08147ba42d,"{""distance"":7,""physical_error_rate"":0.002}","{""detection_events"":1176,""detectors_checked"":155520}"
       576,         0,         0,    4.59,exact_mw,98ed6542f5a75ebddbda0ed622fb597fbc85d0a75d139587b6be9a08147ba42d,"{""distance"":7,""physical_error_rate"":0.002}","{""detection_events"":3486,""detectors_checked"":466560}"
      2560,         0,         0,    5.10,exact_mw,d2cc2b129abad1f985b8639603638d6030a837aa2fe57172dffdf28919c1c286,"{""distance"":7,""physical_error_rate"":0.001}","{""detection_events"":7718,""detectors_checked"":2073600}"
       448,         0,         0,    5.11,exact_mw,98ed6542f5a75ebddbda0ed622fb597fbc85d0a75d139587b6be9a08147ba42d,"{""distance"":7,""physical_error_rate"":0.002}","{""detection_events"":2835,""detectors_checked"":362880}"
      1024,         0,         0,    2.73,exact_mw,d2cc2b129abad1f985b8639603638d6030a837aa2fe57172dffdf28919c1c286,"{""distance"":7,""physical_error_rate"":0.001}","{""detection_events"":3052,""detectors_checked"":829440}"
      1536,         0,         0,    3.11,exact_mw,d2cc2b129abad1f985b8639603638d6030a837aa2fe57172dffdf28919c1c286,"{""distance"":7,""physical_error_rate"":0.001}","{""detection_events"":4686,""detectors_checked"":1244160}"
       640,         0,         0,    4.35,exact_mw,98ed6542f5a75ebddbda0ed622fb597fbc85d0a75d139587b6be9a08147ba42d,"{""distance"":7,""physical_error_rate"":0.002}","{""detection_events"":3889,""detectors_checked"":518400}"
       832,         1,         0,    6.39,exact_mw,98ed6542f5a75ebddbda0ed622fb597fbc85d0a75d139587b6be9a08147ba42d,"{""distance"":7,""physical_error_rate"":0.002}","{""detection_events"":5001,""detectors_checked"":673920,""obs_mistake_mask=E"":1}"
       512,         0,         0,    3.98,exact_mw,98ed6542f5a75ebddbda0ed622fb597fbc85d0a75d139587b6be9a08147ba42d,"{""distance"":7,""physical_error_rate"":0.002}","{""detection_events"":3134,""detectors_checked"":414720}"
       256,         0,         0,    3.02,exact_mw,98ed6542f5a75ebddbda0ed622fb597fbc85d0a75d139587b6be9a08147ba42d,"{""distance"":7,""physical_error_rate"":0.002}","{""detection_events"":1561,""detectors_checked"":207360}"
       576,         0,         0,    4.52,exact_mw,98ed6542f5a75ebddbda0ed622fb597fbc85d0a75d139587b6be9a08147ba42d,"{""distance"":7,""physical_error_rate"":0.002}","{""detection_events"":3420,""detectors_checked"":466560}"
      1792,         0,         0,    3.39,exact_mw,d2cc2b129abad1f985b8639603638d6030a837aa2fe57172dffdf28919c1c286,"{""distance"":7,""physical_error_rate"":0.001}","{""detection_events"":5375,""detectors_checked"":1451520}"
       576,         0,         0,    4.44,exact_mw,98ed6542f5a75ebddbda0ed622fb597fbc85d0a75d139587b6be9a08147ba42d,"{""distance"":7,""physical_error_rate"":0.002}","{""detection_events"":3467,""detectors_checked"":466560}"
     16128,         0,         0,   120.3,exact_mw,98ed6542f5a75ebddbda0ed622fb597fbc85d0a75d139587b6be9a08147ba42d,"{""distance"":7,""physical_error_rate"":0.002}","{""detection_events"":97349,""detectors_checked"":13063680}"
      2560,         0,         0,    4.85,exact_mw,d2cc2b129abad1f985b8639603638d6030a837aa2fe57172dffdf28919c1c286,"{""distance"":7,""physical_error_rate"":0.001}","{""detection_events"":7438,""detectors_checked"":2073600}"
      3072,         0,         0,    6.07,exact_mw,d2cc2b129abad1f985b8639603638d6030a837aa2fe57172dffdf28919c1c286,"{""distance"":7,""physical_error_rate"":0.001}","{""detection_events"":9314,""detectors_checked"":2488320}"
      2816,         0,         0,    6.07,exact_mw,d2cc2b129abad1f985b8639603638d6030a837aa2fe57172dffdf28919c1c286,"{""distance"":7,""physical_error_rate"":0.001}","{""detection_events"":8432,""detectors_checked"":2280960}"
      3328,         0,         0,    6.43,exact_mw,d2cc2b129abad1f985b8639603638d6030a837aa2fe57172dffdf28919c1c286,"{""distance"":7,""physical_error_rate"":0.001}","{""detection_events"":9932,""detectors_checked"":2695680}"
      3328,         0,         0,    6.36,exact_mw,d2cc2b129abad1f985b8639603638d6030a837aa2fe57172dffdf28919c1c286,"{""distance"":7,""physical_error_rate"":0.001}","{""detection_events"":10152,""detectors_checked"":2695680}"
      3328,         0,         0,    6.60,exact_mw,d2cc2b129abad1f985b8639603638d6030a837aa2fe57172dffdf28919c1c286,"{""distance"":7,""physical_error_rate"":0.001}","{""detection_events"":10315,""detectors_checked"":2695680}"
      2816,         0,         0,    6.20,exact_mw,d2cc2b129abad1f985b8639603638d6030a837aa2fe57172dffdf28919c1c286,"{""distance"":7,""physical_error_rate"":0.001}","{""detection_events"":8804,""detectors_checked"":2280960}"
       832,         0,         0,    6.19,exact_mw,98ed6542f5a75ebddbda0ed622fb597fbc85d0a75d139587b6be9a08147ba42d,"{""distance"":7,""physical_error_rate"":0.002}","{""detection_events"":5068,""detectors_checked"":673920}"
      1536,         0,         0,    3.53,exact_mw,d2cc2b129abad1f985b8639603638d6030a837aa2fe57172dffdf28919c1c286,"{""distance"":7,""physical_error_rate"":0.001}","{""detection_events"":4614,""detectors_checked"":1244160}"
       320,         0,         0,    3.53,exact_mw,98ed6542f5a75ebddbda0ed622fb597fbc85d0a75d139587b6be9a08147ba42d,"{""distance"":7,""physical_error_rate"":0.002}","{""detection_events"":1989,""detectors_checked"":259200}"
      2048,         0,         0,    4.64,exact_mw,d2cc2b129abad1f985b8639603638d6030a837aa2fe57172dffdf28919c1c286,"{""distance"":7,""physical_error_rate"":0.001}","{""detection_events"":6165,""detectors_checked"":1658880}"
       768,         0,         0,    6.09,exact_mw,98ed6542f5a75ebddbda0ed622fb597fbc85d0a75d139587b6be9a08147ba42d,"{""distance"":7,""physical_error_rate"":0.002}","{""detection_events"":4669,""detectors_checked"":622080}"
     14592,         2,         0,   120.3,exact_mw,98ed6542f5a75ebddbda0ed622fb597fbc85d0a75d139587b6be9a08147ba42d,"{""distance"":7,""physical_error_rate"":0.002}","{""detection_events"":87250,""detectors_checked"":11819520,""obs_mistake_mask=E"":2}"
      3584,         0,         0,    6.36,exact_mw,d2cc2b129abad1f985b8639603638d6030a837aa2fe57172dffdf28919c1c286,"{""distance"":7,""physical_error_rate"":0.001}","{""detection_events"":10886,""detectors_checked"":2903040}"
      2048,         0,         0,    4.54,exact_mw,d2cc2b129abad1f985b8639603638d6030a837aa2fe57172dffdf28919c1c286,"{""distance"":7,""physical_error_rate"":0.001}","{""detection_events"":6151,""detectors_checked"":1658880}"
       640,         0,         0,    5.14,exact_mw,98ed6542f5a75ebddbda0ed622fb597fbc85d0a75d139587b6be9a08147ba42d,"{""distance"":7,""physical_error_rate"":0.002}","{""detection_events"":3971,""detectors_checked"":518400}"
       704,         0,         0,    6.30,exact_mw,98ed6542f5a75ebddbda0ed622fb597fbc85d0a75d139587b6be9a08147ba42d,"{""distance"":7,""physical_error_rate"":0.002}","{""detection_events"":4209,""detectors_checked"":570240}"
      8536,         0,         0,   120.1,exact_mw,98ed6542f5a75ebddbda0ed622fb597fbc85d0a75d139587b6be9a08147ba42d,"{""distance"":7,""physical_error_rate"":0.002}","{""detection_events"":51527,""detectors_checked"":6914160}"
     64256,         2,         0,   120.2,exact_mw,d2cc2b129abad1f985b8639603638d6030a837aa2fe57172dffdf28919c1c286,"{""distance"":7,""physical_error_rate"":0.001}","{""detection_events"":194391,""detectors_checked"":52047360,""obs_mistake_mask=E"":2}"
      2792,         0,         0,   120.3,exact_mw,98ed6542f5a75ebddbda0ed622fb597fbc85d0a75d139587b6be9a08147ba42d,"{""distance"":7,""physical_error_rate"":0.002}","{""detection_events"":17025,""detectors_checked"":2261520}"
       832,         0,         0,    6.15,exact_mw,98ed6542f5a75ebddbda0ed622fb597fbc85d0a75d139587b6be9a08147ba42d,"{""distance"":7,""physical_error_rate"":0.002}","{""detection_events"":5016,""detectors_checked"":673920}"
       896,         0,         0,    6.88,exact_mw,98ed6542f5a75ebddbda0ed622fb597fbc85d0a75d139587b6be9a08147ba42d,"{""distance"":7,""physical_error_rate"":0.002}","{""detection_events"":5340,""detectors_checked"":725760}"
       640,         0,         0,    6.09,exact_mw,98ed6542f5a75ebddbda0ed622fb597fbc85d0a75d139587b6be9a08147ba42d,"{""distance"":7,""physical_error_rate"":0.002}","{""detection_events"":3815,""detectors_checked"":518400}"
     10560,         0,         0,   121.0,exact_mw,d2cc2b129abad1f985b8639603638d6030a837aa2fe57172dffdf28919c1c286,"{""distance"":7,""physical_error_rate"":0.001}","{""detection_events"":32579,""detectors_checked"":8553600}"
      2560,         0,         0,    4.61,exact_mw,d2cc2b129abad1f985b8639603638d6030a837aa2fe57172dffdf28919c1c286,"{""distance"":7,""physical_error_rate"":0.001}","{""detection_events"":7743,""detectors_checked"":2073600}"
       576,         0,         0,    4.44,exact_mw,98ed6542f5a75ebddbda0ed622fb597fbc85d0a75d139587b6be9a08147ba42d,"{""distance"":7,""physical_error_rate"":0.002}","{""detection_events"":3559,""detectors_checked"":466560}"
      3584,         0,         0,    7.02,exact_mw,d2cc2b129abad1f985b8639603638d6030a837aa2fe57172dffdf28919c1c286,"{""distance"":7,""physical_error_rate"":0.001}","{""detection_events"":11074,""detectors_checked"":2903040}"
      1088,         0,         0,    8.63,exact_mw,98ed6542f5a75ebddbda0ed622fb597fbc85d0a75d139587b6be9a08147ba42d,"{""distance"":7,""physical_error_rate"":0.002}","{""detection_events"":6386,""detectors_checked"":881280}"
      4096,         0,         0,    8.58,exact_mw,d2cc2b129abad1f985b8639603638d6030a837aa2fe57172dffdf28919c1c286,"{""distance"":7,""physical_error_rate"":0.001}","{""detection_events"":12618,""detectors_checked"":3317760}"
      4608,         0,         0,    8.49,exact_mw,d2cc2b129abad1f985b8639603638d6030a837aa2fe57172dffdf28919c1c286,"{""distance"":7,""physical_error_rate"":0.001}","{""detection_events"":13831,""detectors_checked"":3732480}"
      3328,         0,         0,    6.48,exact_mw,d2cc2b129abad1f985b8639603638d6030a837aa2fe57172dffdf28919c1c286,"{""distance"":7,""physical_error_rate"":0.001}","{""detection_events"":10018,""detectors_checked"":2695680}"
      4096,         0,         0,    8.75,exact_mw,d2cc2b129abad1f985b8639603638d6030a837aa2fe57172dffdf28919c1c286,"{""distance"":7,""physical_error_rate"":0.001}","{""detection_events"":12440,""detectors_checked"":3317760}"
      4352,         0,         0,    8.46,exact_mw,d2cc2b129abad1f985b8639603638d6030a837aa2fe57172dffdf28919c1c286,"{""distance"":7,""physical_error_rate"":0.001}","{""detection_events"":13231,""detectors_checked"":3525120}"
      4352,         0,         0,    8.38,exact_mw,d2cc2b129abad1f985b8639603638d6030a837aa2fe57172dffdf28919c1c286,"{""distance"":7,""physical_error_rate"":0.001}","{""detection_events"":13508,""detectors_checked"":3525120}"
      3072,         0,         0,    6.36,exact_mw,d2cc2b129abad1f985b8639603638d6030a837aa2fe57172dffdf28919c1c286,"{""distance"":7,""physical_error_rate"":0.001}","{""detection_events"":9323,""detectors_checked"":2488320}"
     10560,         0,         0,   120.1,exact_mw,d2cc2b129abad1f985b8639603638d6030a837aa2fe57172dffdf28919c1c286,"{""distance"":7,""physical_error_rate"":0.001}","{""detection_events"":32203,""detectors_checked"":8553600}"
       768,         0,         0,    6.56,exact_mw,98ed6542f5a75ebddbda0ed622fb597fbc85d0a75d139587b6be9a08147ba42d,"{""distance"":7,""physical_error_rate"":0.002}","{""detection_events"":4738,""detectors_checked"":622080}"
      5120,         0,         0,    9.01,exact_mw,d2cc2b129abad1f985b8639603638d6030a837aa2fe57172dffdf28919c1c286,"{""distance"":7,""physical_error_rate"":0.001}","{""detection_events"":15472,""detectors_checked"":4147200}"
     15424,         2,         0,   120.0,exact_mw,98ed6542f5a75ebddbda0ed622fb597fbc85d0a75d139587b6be9a08147ba42d,"{""distance"":7,""physical_error_rate"":0.002}","{""detection_events"":93124,""detectors_checked"":12493440,""obs_mistake_mask=E"":2}"
      1152,         0,         0,    9.00,exact_mw,98ed6542f5a75ebddbda0ed622fb597fbc85d0a75d139587b6be9a08147ba42d,"{""distance"":7,""physical_error_rate"":0.002}","{""detection_events"":6701,""detectors_checked"":933120}"
      4608,         0,         0,    8.44,exact_mw,d2cc2b129abad1f985b8639603638d6030a837aa2fe57172dffdf28919c1c286,"{""distance"":7,""physical_error_rate"":0.001}","{""detection_events"":13969,""detectors_checked"":3732480}"
       832,         0,         0,    8.82,exact_mw,98ed6542f5a75ebddbda0ed622fb597fbc85d0a75d139587b6be9a08147ba42d,"{""distance"":7,""physical_error_rate"":0.002}","{""detection_events"":5009,""detectors_checked"":673920}"
      3072,         0,         0,    6.13,exact_mw,d2cc2b129abad1f985b8639603638d6030a837aa2fe57172dffdf28919c1c286,"{""distance"":7,""physical_error_rate"":0.001}","{""detection_events"":9164,""detectors_checked"":2488320}"
       768,         0,         0,    6.05,exact_mw,98ed6542f5a75ebddbda0ed622fb597fbc85d0a75d139587b6be9a08147ba42d,"{""distance"":7,""physical_error_rate"":0.002}","{""detection_events"":4639,""detectors_checked"":622080}"
      1280,         0,         0,    8.94,exact_mw,98ed6542f5a75ebddbda0ed622fb597fbc85d0a75d139587b6be9a08147ba42d,"{""distance"":7,""physical_error_rate"":0.002}","{""detection_events"":7517,""detectors_checked"":1036800}"
      1024,         0,         0,    8.37,exact_mw,98ed6542f5a75ebddbda0ed622fb597fbc85d0a75d139587b6be9a08147ba42d,"{""distance"":7,""physical_error_rate"":0.002}","{""detection_events"":6025,""detectors_checked"":829440}"
      1088,         0,         0,    8.77,exact_mw,98ed6542f5a75ebddbda0ed622fb597fbc85d0a75d139587b6be9a08147ba42d,"{""distance"":7,""physical_error_rate"":0.002}","{""detection_events"":6643,""detectors_checked"":881280}"
      1280,         1,         0,    9.41,exact_mw,98ed6542f5a75ebddbda0ed622fb597fbc85d0a75d139587b6be9a08147ba42d,"{""distance"":7,""physical_error_rate"":0.002}","{""detection_events"":7689,""detectors_checked"":1036800,""obs_mistake_mask=E"":1}"
      4608,         0,         0,    8.70,exact_mw,d2cc2b129abad1f985b8639603638d6030a837aa2fe57172dffdf28919c1c286,"{""distance"":7,""physical_error_rate"":0.001}","{""detection_events"":13849,""detectors_checked"":3732480}"
     10784,         1,         0,   120.6,exact_mw,d2cc2b129abad1f985b8639603638d6030a837aa2fe57172dffdf28919c1c286,"{""distance"":7,""physical_error_rate"":0.001}","{""detection_events"":32523,""detectors_checked"":8735040,""obs_mistake_mask=E"":1}"
      4096,         0,         0,    8.71,exact_mw,d2cc2b129abad1f985b8639603638d6030a837aa2fe57172dffdf28919c1c286,"{""distance"":7,""physical_error_rate"":0.001}","{""detection_events"":12404,""detectors_checked"":3317760}"
      4352,         0,         0,    8.73,exact_mw,d2cc2b129abad1f985b8639603638d6030a837aa2fe57172dffdf28919c1c286,"{""distance"":7,""physical_error_rate"":0.001}","{""detection_events"":13205,""detectors_checked"":3525120}"
      1024,         1,         0,    8.62,exact_mw,98ed6542f5a75ebddbda0ed622fb597fbc85d0a75d139587b6be9a08147ba42d,"{""distance"":7,""physical_error_rate"":0.002}","{""detection_events"":6160,""detectors_checked"":829440,""obs_mistake_mask=E"":1}"
     66816,         3,         0,   120.4,exact_mw,d2cc2b129abad1f985b8639603638d6030a837aa2fe57172dffdf28919c1c286,"{""distance"":7,""physical_error_rate"":0.001}","{""detection_events"":202354,""detectors_checked"":54120960,""obs_mistake_mask=E"":3}"
      1600,         0,         0,    12.1,exact_mw,98ed6542f5a75ebddbda0ed622fb597fbc85d0a75d139587b6be9a08147ba42d,"{""distance"":7,""physical_error_rate"":0.002}","{""detection_events"":9603,""detectors_checked"":1296000}"
      6400,         0,         0,    11.8,exact_mw,d2cc2b129abad1f985b8639603638d6030a837aa2fe57172dffdf28919c1c286,"{""distance"":7,""physical_error_rate"":0.001}","{""detection_events"":19501,""detectors_checked"":5184000}"
      4352,         0,         0,    8.50,exact_mw,d2cc2b129abad1f985b8639603638d6030a837aa2fe57172dffdf28919c1c286,"{""distance"":7,""physical_error_rate"":0.001}","{""detection_events"":13218,""detectors_checked"":3525120}"
      6400,         0,         0,    11.8,exact_mw,d2cc2b129abad1f985b8639603638d6030a837aa2fe57172dffdf28919c1c286,"{""distance"":7,""physical_error_rate"":0.001}","{""detection_events"":19276,""detectors_checked"":5184000}"
      6400,         0,         0,    11.8,exact_mw,d2cc2b129abad1f985b8639603638d6030a837aa2fe57172dffdf28919c1c286,"{""distance"":7,""physical_error_rate"":0.001}","{""detection_events"":19579,""detectors_checked"":5184000}"
      1088,         0,         0,    8.79,exact_mw,98ed6542f5a75ebddbda0ed622fb597fbc85d0a75d139587b6be9a08147ba42d,"{""distance"":7,""physical_error_rate"":0.002}","{""detection_events"":6544,""detectors_checked"":881280}"
      6656,         0,         0,    12.0,exact_mw,d2cc2b129abad1f985b8639603638d6030a837aa2fe57172dffdf28919c1c286,"{""distance"":7,""physical_error_rate"":0.001}","{""detection_events"":20041,""detectors_checked"":5391360}"
      3968,         0,         0,    12.5,exact_mw,d2cc2b129abad1f985b8639603638d6030a837aa2fe57172dffdf28919c1c286,"{""distance"":7,""physical_error_rate"":0.001}","{""detection_events"":12046,""detectors_checked"":3214080}"
      5888,         0,         0,    12.0,exact_mw,d2cc2b129abad1f985b8639603638d6030a837aa2fe57172dffdf28919c1c286,"{""distance"":7,""physical_error_rate"":0.001}","{""detection_events"":18200,""detectors_checked"":4769280}"
      1664,         0,         0,    12.3,exact_mw,98ed6542f5a75ebddbda0ed622fb597fbc85d0a75d139587b6be9a08147ba42d,"{""distance"":7,""physical_error_rate"":0.002}","{""detection_events"":10227,""detectors_checked"":1347840}"
      1472,         0,         0,    11.8,exact_mw,98ed6542f5a75ebddbda0ed622fb597fbc85d0a75d139587b6be9a08147ba42d,"{""distance"":7,""physical_error_rate"":0.002}","{""detection_events"":8829,""detectors_checked"":1192320}"
     16256,         1,         0,   120.4,exact_mw,98ed6542f5a75ebddbda0ed622fb597fbc85d0a75d139587b6be9a08147ba42d,"{""distance"":7,""physical_error_rate"":0.002}","{""detection_events"":98989,""detectors_checked"":13167360,""obs_mistake_mask=E"":1}"
      6656,         0,         0,    12.3,exact_mw,d2cc2b129abad1f985b8639603638d6030a837aa2fe57172dffdf28919c1c286,"{""distance"":7,""physical_error_rate"":0.001}","{""detection_events"":20466,""detectors_checked"":5391360}"
      1664,         0,         0,    11.8,exact_mw,98ed6542f5a75ebddbda0ed622fb597fbc85d0a75d139587b6be9a08147ba42d,"{""distance"":7,""physical_error_rate"":0.002}","{""detection_events"":10060,""detectors_checked"":1347840}"
      1600,         0,         0,    11.9,exact_mw,98ed6542f5a75ebddbda0ed622fb597fbc85d0a75d139587b6be9a08147ba42d,"{""distance"":7,""physical_error_rate"":0.002}","{""detection_events"":9616,""detectors_checked"":1296000}"
     12400,         3,         0,   120.5,exact_mw,98ed6542f5a75ebddbda0ed622fb597fbc85d0a75d139587b6be9a08147ba42d,"{""distance"":7,""physical_error_rate"":0.002}","{""detection_events"":74431,""detectors_checked"":10044000,""obs_mistake_mask=E"":3}"
      1664,         0,         0,    12.2,exact_mw,98ed6542f5a75ebddbda0ed622fb597fbc85d0a75d139587b6be9a08147ba42d,"{""distance"":7,""physical_error_rate"":0.002}","{""detection_events"":10288,""detectors_checked"":1347840}"
      1664,         2,         0,    11.8,exact_mw,98ed6542f5a75ebddbda0ed622fb597fbc85d0a75d139587b6be9a08147ba42d,"{""distance"":7,""physical_error_rate"":0.002}","{""detection_events"":9891,""detectors_checked"":1347840,""obs_mistake_mask=E"":2}"
      6144,         0,         0,    11.7,exact_mw,d2cc2b129abad1f985b8639603638d6030a837aa2fe57172dffdf28919c1c286,"{""distance"":7,""physical_error_rate"":0.001}","{""detection_events"":18544,""detectors_checked"":4976640}"
     27808,         1,         0,   120.4,exact_mw,d2cc2b129abad1f985b8639603638d6030a837aa2fe57172dffdf28919c1c286,"{""distance"":7,""physical_error_rate"":0.001}","{""detection_events"":83981,""detectors_checked"":22524480,""obs_mistake_mask=E"":1}"
     59904,         2,         0,   120.1,exact_mw,d2cc2b129abad1f985b8639603638d6030a837aa2fe57172dffdf28919c1c286,"{""distance"":7,""physical_error_rate"":0.001}","{""detection_events"":181861,""detectors_checked"":48522240,""obs_mistake_mask=E"":2}"
      5632,         0,         0,    11.9,exact_mw,d2cc2b129abad1f985b8639603638d6030a837aa2fe57172dffdf28919c1c286,"{""distance"":7,""physical_error_rate"":0.001}","{""detection_events"":17082,""detectors_checked"":4561920}"
      6144,         0,         0,    11.7,exact_mw,d2cc2b129abad1f985b8639603638d6030a837aa2fe57172dffdf28919c1c286,"{""distance"":7,""physical_error_rate"":0.001}","{""detection_events"":18659,""detectors_checked"":4976640}"
      1472,         0,         0,    11.8,exact_mw,98ed6542f5a75ebddbda0ed622fb597fbc85d0a75d139587b6be9a08147ba42d,"{""distance"":7,""physical_error_rate"":0.002}","{""detection_events"":8885,""detectors_checked"":1192320}"
     11256,         1,         0,   121.1,exact_mw,98ed6542f5a75ebddbda0ed622fb597fbc85d0a75d139587b6be9a08147ba42d,"{""distance"":7,""physical_error_rate"":0.002}","{""detection_events"":67976,""detectors_checked"":9117360,""obs_mistake_mask=E"":1}"
     16128,         1,         0,   120.6,exact_mw,98ed6542f5a75ebddbda0ed622fb597fbc85d0a75d139587b6be9a08147ba42d,"{""distance"":7,""physical_error_rate"":0.002}","{""detection_events"":97121,""detectors_checked"":13063680,""obs_mistake_mask=E"":1}"
      6144,         0,         0,    12.0,exact_mw,d2cc2b129abad1f985b8639603638d6030a837aa2fe57172dffdf28919c1c286,"{""distance"":7,""physical_error_rate"":0.001}","{""detection_events"":18308,""detectors_checked"":4976640}"
      1536,         0,         0,    12.6,exact_mw,98ed6542f5a75ebddbda0ed622fb597fbc85d0a75d139587b6be9a08147ba42d,"{""distance"":7,""physical_error_rate"":0.002}","{""detection_events"":9469,""detectors_checked"":1244160}"
      6912,         1,         0,   120.1,exact_mw,98ed6542f5a75ebddbda0ed622fb597fbc85d0a75d139587b6be9a08147ba42d,"{""distance"":7,""physical_error_rate"":0.002}","{""detection_events"":41438,""detectors_checked"":5598720,""obs_mistake_mask=E"":1}"
      2304,         1,         0,    16.8,exact_mw,98ed6542f5a75ebddbda0ed622fb597fbc85d0a75d139587b6be9a08147ba42d,"{""distance"":7,""physical_error_rate"":0.002}","{""detection_events"":14025,""detectors_checked"":1866240,""obs_mistake_mask=E"":1}"
     61440,         1,         0,   120.4,exact_mw,d2cc2b129abad1f985b8639603638d6030a837aa2fe57172dffdf28919c1c286,"{""distance"":7,""physical_error_rate"":0.001}","{""detection_events"":185795,""detectors_checked"":49766400,""obs_mistake_mask=E"":1}"
     12344,         3,         0,   120.1,exact_mw,98ed6542f5a75ebddbda0ed622fb597fbc85d0a75d139587b6be9a08147ba42d,"{""distance"":7,""physical_error_rate"":0.002}","{""detection_events"":74649,""detectors_checked"":9998640,""obs_mistake_mask=E"":3}"
     47392,         2,         0,   120.7,exact_mw,d2cc2b129abad1f985b8639603638d6030a837aa2fe57172dffdf28919c1c286,"{""distance"":7,""physical_error_rate"":0.001}","{""detection_events"":144469,""detectors_checked"":38387520,""obs_mistake_mask=E"":2}"
      8448,         0,         0,    16.4,exact_mw,d2cc2b129abad1f985b8639603638d6030a837aa2fe57172dffdf28919c1c286,"{""distance"":7,""physical_error_rate"":0.001}","{""detection_events"":26330,""detectors_checked"":6842880}"
      9472,         0,         0,    16.9,exact_mw,d2cc2b129abad1f985b8639603638d6030a837aa2fe57172dffdf28919c1c286,"{""distance"":7,""physical_error_rate"":0.001}","{""detection_events"":28564,""detectors_checked"":7672320}"
      9216,         0,         0,    16.4,exact_mw,d2cc2b129abad1f985b8639603638d6030a837aa2fe57172dffdf28919c1c286,"{""distance"":7,""physical_error_rate"":0.001}","{""detection_events"":28105,""detectors_checked"":7464960}"
      9216,         0,         0,    16.7,exact_mw,d2cc2b129abad1f985b8639603638d6030a837aa2fe57172dffdf28919c1c286,"{""distance"":7,""physical_error_rate"":0.001}","{""detection_events"":28354,""detectors_checked"":7464960}"
      8704,         0,         0,    16.9,exact_mw,d2cc2b129abad1f985b8639603638d6030a837aa2fe57172dffdf28919c1c286,"{""distance"":7,""physical_error_rate"":0.001}","{""detection_events"":26990,""detectors_checked"":7050240}"
      1152,         0,         0,    17.3,exact_mw,d2cc2b129abad1f985b8639603638d6030a837aa2fe57172dffdf28919c1c286,"{""distance"":7,""physical_error_rate"":0.001}","{""detection_events"":3617,""detectors_checked"":933120}"
      2304,         0,         0,    17.1,exact_mw,98ed6542f5a75ebddbda0ed622fb597fbc85d0a75d139587b6be9a08147ba42d,"{""distance"":7,""physical_error_rate"":0.002}","{""detection_events"":13897,""detectors_checked"":1866240}"
      1024,         0,         0,    16.5,exact_mw,98ed6542f5a75ebddbda0ed622fb597fbc85d0a75d139587b6be9a08147ba42d,"{""distance"":7,""physical_error_rate"":0.002}","{""detection_events"":6211,""detectors_checked"":829440}"
      9216,         0,         0,    17.2,exact_mw,d2cc2b129abad1f985b8639603638d6030a837aa2fe57172dffdf28919c1c286,"{""distance"":7,""physical_error_rate"":0.001}","{""detection_events"":28098,""detectors_checked"":7464960}"
      2304,         1,         0,    16.8,exact_mw,98ed6542f5a75ebddbda0ed622fb597fbc85d0a75d139587b6be9a08147ba42d,"{""distance"":7,""physical_error_rate"":0.002}","{""detection_events"":14400,""detectors_checked"":1866240,""obs_mistake_mask=E"":1}"
      2176,         0,         0,    16.5,exact_mw,98ed6542f5a75ebddbda0ed622fb597fbc85d0a75d139587b6be9a08147ba42d,"{""distance"":7,""physical_error_rate"":0.002}","{""detection_events"":12933,""detectors_checked"":1762560}"
      2304,         1,         0,    16.5,exact_mw,98ed6542f5a75ebddbda0ed622fb597fbc85d0a75d139587b6be9a08147ba42d,"{""distance"":7,""physical_error_rate"":0.002}","{""detection_events"":13898,""detectors_checked"":1866240,""obs_mistake_mask=E"":1}"
      2368,         0,         0,    17.2,exact_mw,98ed6542f5a75ebddbda0ed622fb597fbc85d0a75d139587b6be9a08147ba42d,"{""distance"":7,""physical_error_rate"":0.002}","{""detection_events"":14390,""detectors_checked"":1918080}"
      9216,         0,         0,    17.0,exact_mw,d2cc2b129abad1f985b8639603638d6030a837aa2fe57172dffdf28919c1c286,"{""distance"":7,""physical_error_rate"":0.001}","{""detection_events"":27589,""detectors_checked"":7464960}"
         1,         0,         0,   0.068,exact_mw,98ed6542f5a75ebddbda0ed622fb597fbc85d0a75d139587b6be9a08147ba42d,"{""distance"":7,""physical_error_rate"":0.002}","{""detection_events"":6,""detectors_checked"":810}"
         8,         0,         0,   0.036,exact_mw,98ed6542f5a75ebddbda0ed622fb597fbc85d0a75d139587b6be9a08147ba42d,"{""distance"":7,""physical_error_rate"":0.002}","{""detection_events"":29,""detectors_checked"":6480}"
      8960,         0,         0,    16.5,exact_mw,d2cc2b129abad1f985b8639603638d6030a837aa2fe57172dffdf28919c1c286,"{""distance"":7,""physical_error_rate"":0.001}","{""detection_events"":27279,""detectors_checked"":7257600}"
     10368,         0,         0,   120.2,exact_mw,d2cc2b129abad1f985b8639603638d6030a837aa2fe57172dffdf28919c1c286,"{""distance"":7,""physical_error_rate"":0.001}","{""detection_events"":32113,""detectors_checked"":8398080}"
      2240,         1,         0,    17.2,exact_mw,98ed6542f5a75ebddbda0ed622fb597fbc85d0a75d139587b6be9a08147ba42d,"{""distance"":7,""physical_error_rate"":0.002}","{""detection_events"":13425,""detectors_checked"":1814400,""obs_mistake_mask=E"":1}"
      1888,         0,         0,    19.0,exact_mw,d2cc2b129abad1f985b8639603638d6030a837aa2fe57172dffdf28919c1c286,"{""distance"":7,""physical_error_rate"":0.001}","{""detection_events"":5701,""detectors_checked"":1529280}"
      9728,         0,         0,    17.0,exact_mw,d2cc2b129abad1f985b8639603638d6030a837aa2fe57172dffdf28919c1c286,"{""distance"":7,""physical_error_rate"":0.001}","{""detection_events"":28881,""detectors_checked"":7879680}"
      2304,         1,         0,    16.8,exact_mw,98ed6542f5a75ebddbda0ed622fb597fbc85d0a75d139587b6be9a08147ba42d,"{""distance"":7,""physical_error_rate"":0.002}","{""detection_events"":13605,""detectors_checked"":1866240,""obs_mistake_mask=E"":1}"
       128,         0,         0,    5.12,exact_mw,98ed6542f5a75ebddbda0ed622fb597fbc85d0a75d139587b6be9a08147ba42d,"{""distance"":7,""physical_error_rate"":0.002}","{""detection_events"":859,""detectors_checked"":103680}"
        64,         0,         0,    3.04,exact_mw,98ed6542f5a75ebddbda0ed622fb597fbc85d0a75d139587b6be9a08147ba42d,"{""distance"":7,""physical_error_rate"":0.002}","{""detection_events"":407,""detectors_checked"":51840}"
        32,         0,         0,   0.965,exact_mw,98ed6542f5a75ebddbda0ed622fb597fbc85d0a75d139587b6be9a08147ba42d,"{""distance"":7,""physical_error_rate"":0.002}","{""detection_events"":166,""detectors_checked"":25920}"
        32,         0,         0,    1.04,exact_mw,98ed6542f5a75ebddbda0ed622fb597fbc85d0a75d139587b6be9a08147ba42d,"{""distance"":7,""physical_error_rate"":0.002}","{""detection_events"":175,""detectors_checked"":25920}"
        32,         0,         0,    1.44,exact_mw,98ed6542f5a75ebddbda0ed622fb597fbc85d0a75d139587b6be9a08147ba42d,"{""distance"":7,""physical_error_rate"":0.002}","{""detection_events"":189,""detectors_checked"":25920}"
     15168,         0,         0,   119.9,exact_mw,d2cc2b129abad1f985b8639603638d6030a837aa2fe57172dffdf28919c1c286,"{""distance"":7,""physical_error_rate"":0.001}","{""detection_events"":46361,""detectors_checked"":12286080}"
        16,         0,         0,   0.960,exact_mw,98ed6542f5a75ebddbda0ed622fb597fbc85d0a75d139587b6be9a08147ba42d,"{""distance"":7,""physical_error_rate"":0.002}","{""detection_events"":113,""detectors_checked"":12960}"
      3456,         0,         0,    23.5,exact_mw,98ed6542f5a75ebddbda0ed622fb597fbc85d0a75d139587b6be9a08147ba42d,"{""distance"":7,""physical_error_rate"":0.002}","{""detection_events"":21128,""detectors_checked"":2799360}"
        16,         0,         0,   0.481,exact_mw,98ed6542f5a75ebddbda0ed622fb597fbc85d0a75d139587b6be9a08147ba42d,"{""distance"":7,""physical_error_rate"":0.002}","{""detection_events"":96,""detectors_checked"":12960}"
        16,         0,         0,   0.520,exact_mw,98ed6542f5a75ebddbda0ed622fb597fbc85d0a75d139587b6be9a08147ba42d,"{""distance"":7,""physical_error_rate"":0.002}","{""detection_events"":86,""detectors_checked"":12960}"
     11520,         1,         0,    23.2,exact_mw,d2cc2b129abad1f985b8639603638d6030a837aa2fe57172dffdf28919c1c286,"{""distance"":7,""physical_error_rate"":0.001}","{""detection_events"":34603,""detectors_checked"":9331200,""obs_mistake_mask=E"":1}"
     11520,         0,         0,    23.4,exact_mw,d2cc2b129abad1f985b8639603638d6030a837aa2fe57172dffdf28919c1c286,"{""distance"":7,""physical_error_rate"":0.001}","{""detection_events"":35441,""detectors_checked"":9331200}"
        16,         0,         0,   0.758,exact_mw,98ed6542f5a75ebddbda0ed622fb597fbc85d0a75d139587b6be9a08147ba42d,"{""distance"":7,""physical_error_rate"":0.002}","{""detection_events"":111,""detectors_checked"":12960}"
      9216,         1,         0,    23.3,exact_mw,d2cc2b129abad1f985b8639603638d6030a837aa2fe57172dffdf28919c1c286,"{""distance"":7,""physical_error_rate"":0.001}","{""detection_events"":28201,""detectors_checked"":7464960,""obs_mistake_mask=E"":1}"
      9728,         0,         0,    23.1,exact_mw,d2cc2b129abad1f985b8639603638d6030a837aa2fe57172dffdf28919c1c286,"{""distance"":7,""physical_error_rate"":0.001}","{""detection_events"":29735,""detectors_checked"":7879680}"
     15296,         3,         0,   120.7,exact_mw,98ed6542f5a75ebddbda0ed622fb597fbc85d0a75d139587b6be9a08147ba42d,"{""distance"":7,""physical_error_rate"":0.002}","{""detection_events"":93000,""detectors_checked"":12389760,""obs_mistake_mask=E"":3}"
     10496,         0,         0,    23.1,exact_mw,d2cc2b129abad1f985b8639603638d6030a837aa2fe57172dffdf28919c1c286,"{""distance"":7,""physical_error_rate"":0.001}","{""detection_events"":31907,""detectors_checked"":8501760}"
        16,         0,         0,    1.08,exact_mw,98ed6542f5a75ebddbda0ed622fb597fbc85d0a75d139587b6be9a08147ba42d,"{""distance"":7,""physical_error_rate"":0.002}","{""detection_events"":124,""detectors_checked"":12960}"
      8512,         1,         0,    23.1,exact_mw,d2cc2b129abad1f985b8639603638d6030a837aa2fe57172dffdf28919c1c286,"{""distance"":7,""physical_error_rate"":0.001}","{""detection_events"":26134,""detectors_checked"":6894720,""obs_mistake_mask=E"":1}"
      2496,         2,         0,    23.0,exact_mw,98ed6542f5a75ebddbda0ed622fb597fbc85d0a75d139587b6be9a08147ba42d,"{""distance"":7,""physical_error_rate"":0.002}","{""detection_events"":15516,""detectors_checked"":2021760,""obs_mistake_mask=E"":2}"
       560,         0,         0,    23.2,exact_mw,98ed6542f5a75ebddbda0ed622fb597fbc85d0a75d139587b6be9a08147ba42d,"{""distance"":7,""physical_error_rate"":0.002}","{""detection_events"":3377,""detectors_checked"":453600}"
     13888,         1,         0,   120.8,exact_mw,98ed6542f5a75ebddbda0ed622fb597fbc85d0a75d139587b6be9a08147ba42d,"{""distance"":7,""physical_error_rate"":0.002}","{""detection_events"":83581,""detectors_checked"":11249280,""obs_mistake_mask=E"":1}"
        48,         0,         0,    1.44,exact_mw,98ed6542f5a75ebddbda0ed622fb597fbc85d0a75d139587b6be9a08147ba42d,"{""distance"":7,""physical_error_rate"":0.002}","{""detection_events"":250,""detectors_checked"":38880}"
     14464,         2,         0,   120.7,exact_mw,98ed6542f5a75ebddbda0ed622fb597fbc85d0a75d139587b6be9a08147ba42d,"{""distance"":7,""physical_error_rate"":0.002}","{""detection_events"":86707,""detectors_checked"":11715840,""obs_mistake_mask=E"":2}"
     12288,         0,         0,    23.7,exact_mw,d2cc2b129abad1f985b8639603638d6030a837aa2fe57172dffdf28919c1c286,"{""distance"":7,""physical_error_rate"":0.001}","{""detection_events"":37514,""detectors_checked"":9953280}"
     15168,         0,         0,   120.1,exact_mw,d2cc2b129abad1f985b8639603638d6030a837aa2fe57172dffdf28919c1c286,"{""distance"":7,""physical_error_rate"":0.001}","{""detection_events"":45918,""detectors_checked"":12286080}"
        32,         0,         0,    1.40,exact_mw,98ed6542f5a75ebddbda0ed622fb597fbc85d0a75d139587b6be9a08147ba42d,"{""distance"":7,""physical_error_rate"":0.002}","{""detection_events"":184,""detectors_checked"":25920}"
      3072,         0,         0,    23.4,exact_mw,98ed6542f5a75ebddbda0ed622fb597fbc85d0a75d139587b6be9a08147ba42d,"{""distance"":7,""physical_error_rate"":0.002}","{""detection_events"":18543,""detectors_checked"":2488320}"
      3072,         0,         0,    23.7,exact_mw,98ed6542f5a75ebddbda0ed622fb597fbc85d0a75d139587b6be9a08147ba42d,"{""distance"":7,""physical_error_rate"":0.002}","{""detection_events"":18976,""detectors_checked"":2488320}"
      2816,         1,         0,    23.2,exact_mw,98ed6542f5a75ebddbda0ed622fb597fbc85d0a75d139587b6be9a08147ba42d,"{""distance"":7,""physical_error_rate"":0.002}","{""detection_events"":16856,""detectors_checked"":2280960,""obs_mistake_mask=E"":1}"
      2304,         0,         0,    23.0,exact_mw,98ed6542f5a75ebddbda0ed622fb597fbc85d0a75d139587b6be9a08147ba42d,"{""distance"":7,""physical_error_rate"":0.002}","{""detection_events"":13706,""detectors_checked"":1866240}"
        32,         0,         0,    1.16,exact_mw,98ed6542f5a75ebddbda0ed622fb597fbc85d0a75d139587b6be9a08147ba42d,"{""distance"":7,""physical_error_rate"":0.002}","{""detection_events"":201,""detectors_checked"":25920}"
     15360,         0,         0,   120.2,exact_mw,98ed6542f5a75ebddbda0ed622fb597fbc85d0a75d139587b6be9a08147ba42d,"{""distance"":7,""physical_error_rate"":0.002}","{""detection_events"":92406,""detectors_checked"":12441600}"
     59136,         5,         0,   120.5,exact_mw,d2cc2b129abad1f985b8639603638d6030a837aa2fe57172dffdf28919c1c286,"{""distance"":7,""physical_error_rate"":0.001}","{""detection_events"":180294,""detectors_checked"":47900160,""obs_mistake_mask=E"":5}"
     13312,         0,         0,    23.6,exact_mw,d2cc2b129abad1f985b8639603638d6030a837aa2fe57172dffdf28919c1c286,"{""distance"":7,""physical_error_rate"":0.001}","{""detection_events"":40229,""detectors_checked"":10782720}"
        32,         0,         0,    2.26,exact_mw,98ed6542f5a75ebddbda0ed622fb597fbc85d0a75d139587b6be9a08147ba42d,"{""distance"":7,""physical_error_rate"":0.002}","{""detection_events"":216,""detectors_checked"":25920}"
     60672,         5,         0,   120.0,exact_mw,d2cc2b129abad1f985b8639603638d6030a837aa2fe57172dffdf28919c1c286,"{""distance"":7,""physical_error_rate"":0.001}","{""detection_events"":184244,""detectors_checked"":49144320,""obs_mistake_mask=E"":5}"
     14912,         3,         0,   120.0,exact_mw,98ed6542f5a75ebddbda0ed622fb597fbc85d0a75d139587b6be9a08147ba42d,"{""distance"":7,""physical_error_rate"":0.002}","{""detection_events"":89052,""detectors_checked"":12078720,""obs_mistake_mask=E"":3}"
     14976,         4,         0,   120.0,exact_mw,98ed6542f5a75ebddbda0ed622fb597fbc85d0a75d139587b6be9a08147ba42d,"{""distance"":7,""physical_error_rate"":0.002}","{""detection_events"":90158,""detectors_checked"":12130560,""obs_mistake_mask=E"":4}"
     11008,         1,         0,    23.0,exact_mw,d2cc2b129abad1f985b8639603638d6030a837aa2fe57172dffdf28919c1c286,"{""distance"":7,""physical_error_rate"":0.001}","{""detection_events"":33410,""detectors_checked"":8916480,""obs_mistake_mask=E"":1}"
      3072,         0,         0,    23.1,exact_mw,98ed6542f5a75ebddbda0ed622fb597fbc85d0a75d139587b6be9a08147ba42d,"{""distance"":7,""physical_error_rate"":0.002}","{""detection_events"":18334,""detectors_checked"":2488320}"
        48,         0,         0,    2.69,exact_mw,98ed6542f5a75ebddbda0ed622fb597fbc85d0a75d139587b6be9a08147ba42d,"{""distance"":7,""physical_error_rate"":0.002}","{""detection_events"":334,""detectors_checked"":38880}"
     63488,         5,         0,   120.4,exact_mw,d2cc2b129abad1f985b8639603638d6030a837aa2fe57172dffdf28919c1c286,"{""distance"":7,""physical_error_rate"":0.001}","{""detection_events"":191756,""detectors_checked"":51425280,""obs_mistake_mask=E"":5}"
     13424,         1,         0,   120.2,exact_mw,98ed6542f5a75ebddbda0ed622fb597fbc85d0a75d139587b6be9a08147ba42d,"{""distance"":7,""physical_error_rate"":0.002}","{""detection_events"":80629,""detectors_checked"":10873440,""obs_mistake_mask=E"":1}"
      2432,         0,         0,    23.6,exact_mw,d2cc2b129abad1f985b8639603638d6030a837aa2fe57172dffdf28919c1c286,"{""distance"":7,""physical_error_rate"":0.001}","{""detection_events"":7359,""detectors_checked"":1969920}"
     11520,         0,         0,    23.4,exact_mw,d2cc2b129abad1f985b8639603638d6030a837aa2fe57172dffdf28919c1c286,"{""distance"":7,""physical_error_rate"":0.001}","{""detection_events"":34938,""detectors_checked"":9331200}"
      2816,         0,         0,    23.2,exact_mw,98ed6542f5a75ebddbda0ed622fb597fbc85d0a75d139587b6be9a08147ba42d,"{""distance"":7,""physical_error_rate"":0.002}","{""detection_events"":17457,""detectors_checked"":2280960}"
        80,         0,         0,    3.26,exact_mw,98ed6542f5a75ebddbda0ed622fb597fbc85d0a75d139587b6be9a08147ba42d,"{""distance"":7,""physical_error_rate"":0.002}","{""detection_events"":544,""detectors_checked"":64800}"
        80,         0,         0,    5.30,exact_mw,98ed6542f5a75ebddbda0ed622fb597fbc85d0a75d139587b6be9a08147ba42d,"{""distance"":7,""physical_error_rate"":0.002}","{""detection_events"":529,""detectors_checked"":64800}"
     59136,         4,         0,   120.2,exact_mw,d2cc2b129abad1f985b8639603638d6030a837aa2fe57172dffdf28919c1c286,"{""distance"":7,""physical_error_rate"":0.001}","{""detection_events"":179977,""detectors_checked"":47900160,""obs_mistake_mask=E"":4}"
     15488,         3,         0,   120.1,exact_mw,98ed6542f5a75ebddbda0ed622fb597fbc85d0a75d139587b6be9a08147ba42d,"{""distance"":7,""physical_error_rate"":0.002}","{""detection_events"":92554,""detectors_checked"":12545280,""obs_mistake_mask=E"":3}"
     61184,         0,         0,   120.4,exact_mw,d2cc2b129abad1f985b8639603638d6030a837aa2fe57172dffdf28919c1c286,"{""distance"":7,""physical_error_rate"":0.001}","{""detection_events"":186470,""detectors_checked"":49559040}"
       136,         0,         0,    6.93,exact_mw,98ed6542f5a75ebddbda0ed622fb597fbc85d0a75d139587b6be9a08147ba42d,"{""distance"":7,""physical_error_rate"":0.002}","{""detection_events"":826,""detectors_checked"":110160}"
     15808,         0,         0,   120.1,exact_mw,98ed6542f5a75ebddbda0ed622fb597fbc85d0a75d139587b6be9a08147ba42d,"{""distance"":7,""physical_error_rate"":0.002}","{""detection_events"":96391,""detectors_checked"":12804480}"
     61696,         2,         0,   120.1,exact_mw,d2cc2b129abad1f985b8639603638d6030a837aa2fe57172dffdf28919c1c286,"{""distance"":7,""physical_error_rate"":0.001}","{""detection_events"":188328,""detectors_checked"":49973760,""obs_mistake_mask=E"":2}"
      4224,         0,         0,    32.4,exact_mw,98ed6542f5a75ebddbda0ed622fb597fbc85d0a75d139587b6be9a08147ba42d,"{""distance"":7,""physical_error_rate"":0.002}","{""detection_events"":25413,""detectors_checked"":3421440}"
     16128,         2,         0,    32.2,exact_mw,d2cc2b129abad1f985b8639603638d6030a837aa2fe57172dffdf28919c1c286,"{""distance"":7,""physical_error_rate"":0.001}","{""detection_events"":48653,""detectors_checked"":13063680,""obs_mistake_mask=E"":2}"
     15104,         0,         0,    32.7,exact_mw,d2cc2b129abad1f985b8639603638d6030a837aa2fe57172dffdf28919c1c286,"{""distance"":7,""physical_error_rate"":0.001}","{""detection_events"":45583,""detectors_checked"":12234240}"
     17664,         0,         0,    33.1,exact_mw,d2cc2b129abad1f985b8639603638d6030a837aa2fe57172dffdf28919c1c286,"{""distance"":7,""physical_error_rate"":0.001}","{""detection_events"":53421,""detectors_checked"":14307840}"
     16384,         0,         0,    32.3,exact_mw,d2cc2b129abad1f985b8639603638d6030a837aa2fe57172dffdf28919c1c286,"{""distance"":7,""physical_error_rate"":0.001}","{""detection_events"":49796,""detectors_checked"":13271040}"
      8576,         2,         0,    32.9,exact_mw,d2cc2b129abad1f985b8639603638d6030a837aa2fe57172dffdf28919c1c286,"{""distance"":7,""physical_error_rate"":0.001}","{""detection_events"":25710,""detectors_checked"":6946560,""obs_mistake_mask=E"":2}"
      8800,         0,         0,    32.4,exact_mw,d2cc2b129abad1f985b8639603638d6030a837aa2fe57172dffdf28919c1c286,"{""distance"":7,""physical_error_rate"":0.001}","{""detection_events"":26694,""detectors_checked"":7128000}"
       152,         0,         0,    8.56,exact_mw,98ed6542f5a75ebddbda0ed622fb597fbc85d0a75d139587b6be9a08147ba42d,"{""distance"":7,""physical_error_rate"":0.002}","{""detection_events"":936,""detectors_checked"":123120}"
      4224,         0,         0,    32.4,exact_mw,98ed6542f5a75ebddbda0ed622fb597fbc85d0a75d139587b6be9a08147ba42d,"{""distance"":7,""physical_error_rate"":0.002}","{""detection_events"":25539,""detectors_checked"":3421440}"
       624,         0,         0,    33.3,exact_mw,98ed6542f5a75ebddbda0ed622fb597fbc85d0a75d139587b6be9a08147ba42d,"{""distance"":7,""physical_error_rate"":0.002}","{""detection_events"":3778,""detectors_checked"":505440}"
     17664,         1,         0,    32.4,exact_mw,d2cc2b129abad1f985b8639603638d6030a837aa2fe57172dffdf28919c1c286,"{""distance"":7,""physical_error_rate"":0.001}","{""detection_events"":53700,""detectors_checked"":14307840,""obs_mistake_mask=E"":1}"
      4352,         1,         0,    32.5,exact_mw,98ed6542f5a75ebddbda0ed622fb597fbc85d0a75d139587b6be9a08147ba42d,"{""distance"":7,""physical_error_rate"":0.002}","{""detection_events"":26219,""detectors_checked"":3525120,""obs_mistake_mask=E"":1}"
      4224,         0,         0,    32.2,exact_mw,98ed6542f5a75ebddbda0ed622fb597fbc85d0a75d139587b6be9a08147ba42d,"{""distance"":7,""physical_error_rate"":0.002}","{""detection_events"":25487,""detectors_checked"":3421440}"
      4224,         1,         0,    32.4,exact_mw,98ed6542f5a75ebddbda0ed622fb597fbc85d0a75d139587b6be9a08147ba42d,"{""distance"":7,""physical_error_rate"":0.002}","{""detection_events"":25615,""detectors_checked"":3421440,""obs_mistake_mask=E"":1}"
      1536,         1,         0,    33.3,exact_mw,98ed6542f5a75ebddbda0ed622fb597fbc85d0a75d139587b6be9a08147ba42d,"{""distance"":7,""physical_error_rate"":0.002}","{""detection_events"":9649,""detectors_checked"":1244160,""obs_mistake_mask=E"":1}"
     17408,         0,         0,    32.5,exact_mw,d2cc2b129abad1f985b8639603638d6030a837aa2fe57172dffdf28919c1c286,"{""distance"":7,""physical_error_rate"":0.001}","{""detection_events"":53377,""detectors_checked"":14100480}"
     16896,         0,         0,    32.5,exact_mw,d2cc2b129abad1f985b8639603638d6030a837aa2fe57172dffdf28919c1c286,"{""distance"":7,""physical_error_rate"":0.001}","{""detection_events"":51257,""detectors_checked"":13685760}"
      4480,         0,         0,    32.7,exact_mw,98ed6542f5a75ebddbda0ed622fb597fbc85d0a75d139587b6be9a08147ba42d,"{""distance"":7,""physical_error_rate"":0.002}","{""detection_events"":27114,""detectors_checked"":3628800}"
      2144,         1,         0,    32.2,exact_mw,d2cc2b129abad1f985b8639603638d6030a837aa2fe57172dffdf28919c1c286,"{""distance"":7,""physical_error_rate"":0.001}","{""detection_events"":6418,""detectors_checked"":1736640,""obs_mistake_mask=E"":1}"
      2584,         0,         0,   120.7,exact_mw,98ed6542f5a75ebddbda0ed622fb597fbc85d0a75d139587b6be9a08147ba42d,"{""distance"":7,""physical_error_rate"":0.002}","{""detection_events"":15593,""detectors_checked"":2093040}"
     17408,         2,         0,    32.2,exact_mw,d2cc2b129abad1f985b8639603638d6030a837aa2fe57172dffdf28919c1c286,"{""distance"":7,""physical_error_rate"":0.001}","{""detection_events"":53487,""detectors_checked"":14100480,""obs_mistake_mask=E"":2}"
     16576,         3,         0,   120.7,exact_mw,98ed6542f5a75ebddbda0ed622fb597fbc85d0a75d139587b6be9a08147ba42d,"{""distance"":7,""physical_error_rate"":0.002}","{""detection_events"":100418,""detectors_checked"":13426560,""obs_mistake_mask=E"":3}"
       796,         0,         0,    32.9,exact_mw,98ed6542f5a75ebddbda0ed622fb597fbc85d0a75d139587b6be9a08147ba42d,"{""distance"":7,""physical_error_rate"":0.002}","{""detection_events"":4711,""detectors_checked"":644760}"
     63232,         5,         0,   120.5,exact_mw,d2cc2b129abad1f985b8639603638d6030a837aa2fe57172dffdf28919c1c286,"{""distance"":7,""physical_error_rate"":0.001}","{""detection_events"":192130,""detectors_checked"":51217920,""obs_mistake_mask=E"":5}"
       232,         0,         0,    13.9,exact_mw,98ed6542f5a75ebddbda0ed622fb597fbc85d0a75d139587b6be9a08147ba42d,"{""distance"":7,""physical_error_rate"":0.002}","{""detection_events"":1326,""detectors_checked"":187920}"
     66560,         1,         0,   120.8,exact_mw,d2cc2b129abad1f985b8639603638d6030a837aa2fe57172dffdf28919c1c286,"{""distance"":7,""physical_error_rate"":0.001}","{""detection_events"":202959,""detectors_checked"":53913600,""obs_mistake_mask=E"":1}"
     59648,         2,         0,   120.3,exact_mw,d2cc2b129abad1f985b8639603638d6030a837aa2fe57172dffdf28919c1c286,"{""distance"":7,""physical_error_rate"":0.001}","{""detection_events"":181762,""detectors_checked"":48314880,""obs_mistake_mask=E"":2}"
     17408,         5,         0,   120.3,exact_mw,98ed6542f5a75ebddbda0ed622fb597fbc85d0a75d139587b6be9a08147ba42d,"{""distance"":7,""physical_error_rate"":0.002}","{""detection_events"":104748,""detectors_checked"":14100480,""obs_mistake_mask=E"":5}"
     16384,         3,         0,   120.6,exact_mw,98ed6542f5a75ebddbda0ed622fb597fbc85d0a75d139587b6be9a08147ba42d,"{""distance"":7,""physical_error_rate"":0.002}","{""detection_events"":98851,""detectors_checked"":13271040,""obs_mistake_mask=E"":3}"
     16256,         2,         0,   120.2,exact_mw,98ed6542f5a75ebddbda0ed622fb597fbc85d0a75d139587b6be9a08147ba42d,"{""distance"":7,""physical_error_rate"":0.002}","{""detection_events"":97785,""detectors_checked"":13167360,""obs_mistake_mask=E"":2}"
      2432,         0,         0,   120.0,exact_mw,98ed6542f5a75ebddbda0ed622fb597fbc85d0a75d139587b6be9a08147ba42d,"{""distance"":7,""physical_error_rate"":0.002}","{""detection_events"":14706,""detectors_checked"":1969920}"
     65536,         2,         0,   120.5,exact_mw,d2cc2b129abad1f985b8639603638d6030a837aa2fe57172dffdf28919c1c286,"{""distance"":7,""physical_error_rate"":0.001}","{""detection_events"":197427,""detectors_checked"":53084160,""obs_mistake_mask=E"":2}"
       288,         0,         0,    16.7,exact_mw,98ed6542f5a75ebddbda0ed622fb597fbc85d0a75d139587b6be9a08147ba42d,"{""distance"":7,""physical_error_rate"":0.002}","{""detection_events"":1655,""detectors_checked"":233280}"
     40192,         2,         0,   120.2,exact_mw,d2cc2b129abad1f985b8639603638d6030a837aa2fe57172dffdf28919c1c286,"{""distance"":7,""physical_error_rate"":0.001}","{""detection_events"":122142,""detectors_checked"":32555520,""obs_mistake_mask=E"":2}"
      8800,         0,         0,   120.4,exact_mw,d2cc2b129abad1f985b8639603638d6030a837aa2fe57172dffdf28919c1c286,"{""distance"":7,""physical_error_rate"":0.001}","{""detection_events"":26824,""detectors_checked"":7128000}"
     15808,         2,         0,   120.7,exact_mw,98ed6542f5a75ebddbda0ed622fb597fbc85d0a75d139587b6be9a08147ba42d,"{""distance"":7,""physical_error_rate"":0.002}","{""detection_events"":95326,""detectors_checked"":12804480,""obs_mistake_mask=E"":2}"
     48320,         0,         0,   120.3,exact_mw,d2cc2b129abad1f985b8639603638d6030a837aa2fe57172dffdf28919c1c286,"{""distance"":7,""physical_error_rate"":0.001}","{""detection_events"":146688,""detectors_checked"":39139200}"
      6784,         0,         0,    45.5,exact_mw,98ed6542f5a75ebddbda0ed622fb597fbc85d0a75d139587b6be9a08147ba42d,"{""distance"":7,""physical_error_rate"":0.002}","{""detection_events"":41536,""detectors_checked"":5495040}"
     24576,         1,         0,    46.0,exact_mw,d2cc2b129abad1f985b8639603638d6030a837aa2fe57172dffdf28919c1c286,"{""distance"":7,""physical_error_rate"":0.001}","{""detection_events"":74309,""detectors_checked"":19906560,""obs_mistake_mask=E"":1}"
     57600,         1,         0,   120.1,exact_mw,d2cc2b129abad1f985b8639603638d6030a837aa2fe57172dffdf28919c1c286,"{""distance"":7,""physical_error_rate"":0.001}","{""detection_events"":174962,""detectors_checked"":46656000,""obs_mistake_mask=E"":1}"
     24576,         0,         0,    45.4,exact_mw,d2cc2b129abad1f985b8639603638d6030a837aa2fe57172dffdf28919c1c286,"{""distance"":7,""physical_error_rate"":0.001}","{""detection_events"":74846,""detectors_checked"":19906560}"
     23552,         1,         0,    45.4,exact_mw,d2cc2b129abad1f985b8639603638d6030a837aa2fe57172dffdf28919c1c286,"{""distance"":7,""physical_error_rate"":0.001}","{""detection_events"":71468,""detectors_checked"":19077120,""obs_mistake_mask=E"":1}"
     24832,         1,         0,    45.4,exact_mw,d2cc2b129abad1f985b8639603638d6030a837aa2fe57172dffdf28919c1c286,"{""distance"":7,""physical_error_rate"":0.001}","{""detection_events"":74484,""detectors_checked"":20113920,""obs_mistake_mask=E"":1}"
      2912,         0,         0,    45.6,exact_mw,d2cc2b129abad1f985b8639603638d6030a837aa2fe57172dffdf28919c1c286,"{""distance"":7,""physical_error_rate"":0.001}","{""detection_events"":8953,""detectors_checked"":2358720}"
      5888,         1,         0,    45.1,exact_mw,98ed6542f5a75ebddbda0ed622fb597fbc85d0a75d139587b6be9a08147ba42d,"{""distance"":7,""physical_error_rate"":0.002}","{""detection_events"":35564,""detectors_checked"":4769280,""obs_mistake_mask=E"":1}"
      4192,         0,         0,    45.5,exact_mw,d2cc2b129abad1f985b8639603638d6030a837aa2fe57172dffdf28919c1c286,"{""distance"":7,""physical_error_rate"":0.001}","{""detection_events"":12712,""detectors_checked"":3395520}"
       768,         0,         0,    45.9,exact_mw,98ed6542f5a75ebddbda0ed622fb597fbc85d0a75d139587b6be9a08147ba42d,"{""distance"":7,""physical_error_rate"":0.002}","{""detection_events"":4704,""detectors_checked"":622080}"
     24320,         0,         0,    45.1,exact_mw,d2cc2b129abad1f985b8639603638d6030a837aa2fe57172dffdf28919c1c286,"{""distance"":7,""physical_error_rate"":0.001}","{""detection_events"":74048,""detectors_checked"":19699200}"
      6272,         3,         0,    45.0,exact_mw,98ed6542f5a75ebddbda0ed622fb597fbc85d0a75d139587b6be9a08147ba42d,"{""distance"":7,""physical_error_rate"":0.002}","{""detection_events"":38091,""detectors_checked"":5080320,""obs_mistake_mask=E"":3}"
      6016,         2,         0,    45.1,exact_mw,98ed6542f5a75ebddbda0ed622fb597fbc85d0a75d139587b6be9a08147ba42d,"{""distance"":7,""physical_error_rate"":0.002}","{""detection_events"":36077,""detectors_checked"":4872960,""obs_mistake_mask=E"":2}"
      6208,         1,         0,    45.3,exact_mw,98ed6542f5a75ebddbda0ed622fb597fbc85d0a75d139587b6be9a08147ba42d,"{""distance"":7,""physical_error_rate"":0.002}","{""detection_events"":37612,""detectors_checked"":5028480,""obs_mistake_mask=E"":1}"
     15744,         1,         0,   120.0,exact_mw,98ed6542f5a75ebddbda0ed622fb597fbc85d0a75d139587b6be9a08147ba42d,"{""distance"":7,""physical_error_rate"":0.002}","{""detection_events"":94346,""detectors_checked"":12752640,""obs_mistake_mask=E"":1}"
      1456,         0,         0,    45.2,exact_mw,98ed6542f5a75ebddbda0ed622fb597fbc85d0a75d139587b6be9a08147ba42d,"{""distance"":7,""physical_error_rate"":0.002}","{""detection_events"":8957,""detectors_checked"":1179360}"
      2440,         1,         0,   119.9,exact_mw,98ed6542f5a75ebddbda0ed622fb597fbc85d0a75d139587b6be9a08147ba42d,"{""distance"":7,""physical_error_rate"":0.002}","{""detection_events"":14434,""detectors_checked"":1976400,""obs_mistake_mask=E"":1}"
     25088,         0,         0,    45.9,exact_mw,d2cc2b129abad1f985b8639603638d6030a837aa2fe57172dffdf28919c1c286,"{""distance"":7,""physical_error_rate"":0.001}","{""detection_events"":75613,""detectors_checked"":20321280}"
     23552,         1,         0,    45.5,exact_mw,d2cc2b129abad1f985b8639603638d6030a837aa2fe57172dffdf28919c1c286,"{""distance"":7,""physical_error_rate"":0.001}","{""detection_events"":71875,""detectors_checked"":19077120,""obs_mistake_mask=E"":1}"
     26000,         0,         0,   120.1,exact_mw,d2cc2b129abad1f985b8639603638d6030a837aa2fe57172dffdf28919c1c286,"{""distance"":7,""physical_error_rate"":0.001}","{""detection_events"":80218,""detectors_checked"":21060000}"
     21984,         0,         0,   120.9,exact_mw,d2cc2b129abad1f985b8639603638d6030a837aa2fe57172dffdf28919c1c286,"{""distance"":7,""physical_error_rate"":0.001}","{""detection_events"":66361,""detectors_checked"":17807040}"
      6272,         1,         0,    45.1,exact_mw,98ed6542f5a75ebddbda0ed622fb597fbc85d0a75d139587b6be9a08147ba42d,"{""distance"":7,""physical_error_rate"":0.002}","{""detection_events"":37747,""detectors_checked"":5080320,""obs_mistake_mask=E"":1}"
       528,         0,         0,    23.2,exact_mw,98ed6542f5a75ebddbda0ed622fb597fbc85d0a75d139587b6be9a08147ba42d,"{""distance"":7,""physical_error_rate"":0.002}","{""detection_events"":3130,""detectors_checked"":427680}"
      5856,         2,         0,    45.4,exact_mw,d2cc2b129abad1f985b8639603638d6030a837aa2fe57172dffdf28919c1c286,"{""distance"":7,""physical_error_rate"":0.001}","{""detection_events"":17677,""detectors_checked"":4743360,""obs_mistake_mask=E"":2}"
     24576,         0,         0,    45.2,exact_mw,d2cc2b129abad1f985b8639603638d6030a837aa2fe57172dffdf28919c1c286,"{""distance"":7,""physical_error_rate"":0.001}","{""detection_events"":74511,""detectors_checked"":19906560}"
      1584,         0,         0,    45.3,exact_mw,98ed6542f5a75ebddbda0ed622fb597fbc85d0a75d139587b6be9a08147ba42d,"{""distance"":7,""physical_error_rate"":0.002}","{""detection_events"":9623,""detectors_checked"":1283040}"
     15616,         3,         0,   120.1,exact_mw,98ed6542f5a75ebddbda0ed622fb597fbc85d0a75d139587b6be9a08147ba42d,"{""distance"":7,""physical_error_rate"":0.002}","{""detection_events"":94455,""detectors_checked"":12648960,""obs_mistake_mask=E"":3}"
      3064,         0,         0,   120.5,exact_mw,98ed6542f5a75ebddbda0ed622fb597fbc85d0a75d139587b6be9a08147ba42d,"{""distance"":7,""physical_error_rate"":0.002}","{""detection_events"":18288,""detectors_checked"":2481840}"
     14368,         1,         0,   120.5,exact_mw,98ed6542f5a75ebddbda0ed622fb597fbc85d0a75d139587b6be9a08147ba42d,"{""distance"":7,""physical_error_rate"":0.002}","{""detection_events"":86845,""detectors_checked"":11638080,""obs_mistake_mask=E"":1}"
     63744,         2,         0,   120.3,exact_mw,d2cc2b129abad1f985b8639603638d6030a837aa2fe57172dffdf28919c1c286,"{""distance"":7,""physical_error_rate"":0.001}","{""detection_events"":193189,""detectors_checked"":51632640,""obs_mistake_mask=E"":2}"
     14016,         1,         0,   120.5,exact_mw,98ed6542f5a75ebddbda0ed622fb597fbc85d0a75d139587b6be9a08147ba42d,"{""distance"":7,""physical_error_rate"":0.002}","{""detection_events"":84872,""detectors_checked"":11352960,""obs_mistake_mask=E"":1}"
      8960,         1,         0,   119.9,exact_mw,d2cc2b129abad1f985b8639603638d6030a837aa2fe57172dffdf28919c1c286,"{""distance"":7,""physical_error_rate"":0.001}","{""detection_events"":27355,""detectors_checked"":7257600,""obs_mistake_mask=E"":1}"
     62464,         4,         0,   120.7,exact_mw,d2cc2b129abad1f985b8639603638d6030a837aa2fe57172dffdf28919c1c286,"{""distance"":7,""physical_error_rate"":0.001}","{""detection_events"":189713,""detectors_checked"":50595840,""obs_mistake_mask=E"":4}"
     62720,         2,         0,   120.7,exact_mw,d2cc2b129abad1f985b8639603638d6030a837aa2fe57172dffdf28919c1c286,"{""distance"":7,""physical_error_rate"":0.001}","{""detection_events"":189723,""detectors_checked"":50803200,""obs_mistake_mask=E"":2}"
       712,         0,         0,    32.7,exact_mw,98ed6542f5a75ebddbda0ed622fb597fbc85d0a75d139587b6be9a08147ba42d,"{""distance"":7,""physical_error_rate"":0.002}","{""detection_events"":4112,""detectors_checked"":576720}"
     18304,         2,         0,   120.7,exact_mw,98ed6542f5a75ebddbda0ed622fb597fbc85d0a75d139587b6be9a08147ba42d,"{""distance"":7,""physical_error_rate"":0.002}","{""detection_events"":109921,""detectors_checked"":14826240,""obs_mistake_mask=E"":2}"
     17920,         1,         0,   120.2,exact_mw,98ed6542f5a75ebddbda0ed622fb597fbc85d0a75d139587b6be9a08147ba42d,"{""distance"":7,""physical_error_rate"":0.002}","{""detection_events"":107903,""detectors_checked"":14515200,""obs_mistake_mask=E"":1}"
     61696,         1,         0,   120.7,exact_mw,d2cc2b129abad1f985b8639603638d6030a837aa2fe57172dffdf28919c1c286,"{""distance"":7,""physical_error_rate"":0.001}","{""detection_events"":188402,""detectors_checked"":49973760,""obs_mistake_mask=E"":1}"
     12504,         2,         0,   121.2,exact_mw,98ed6542f5a75ebddbda0ed622fb597fbc85d0a75d139587b6be9a08147ba42d,"{""distance"":7,""physical_error_rate"":0.002}","{""detection_events"":75978,""detectors_checked"":10128240,""obs_mistake_mask=E"":2}"
     15872,         1,         0,   120.7,exact_mw,98ed6542f5a75ebddbda0ed622fb597fbc85d0a75d139587b6be9a08147ba42d,"{""distance"":7,""physical_error_rate"":0.002}","{""detection_events"":96188,""detectors_checked"":12856320,""obs_mistake_mask=E"":1}"
     60928,         1,         0,   120.4,exact_mw,d2cc2b129abad1f985b8639603638d6030a837aa2fe57172dffdf28919c1c286,"{""distance"":7,""physical_error_rate"":0.001}","{""detection_events"":184585,""detectors_checked"":49351680,""obs_mistake_mask=E"":1}"
     63232,         0,         0,   120.0,exact_mw,d2cc2b129abad1f985b8639603638d6030a837aa2fe57172dffdf28919c1c286,"{""distance"":7,""physical_error_rate"":0.001}","{""detection_events"":191965,""detectors_checked"":51217920}"
      3008,         0,         0,   120.0,exact_mw,98ed6542f5a75ebddbda0ed622fb597fbc85d0a75d139587b6be9a08147ba42d,"{""distance"":7,""physical_error_rate"":0.002}","{""detection_events"":18043,""detectors_checked"":2436480}"
     14784,         3,         0,   120.7,exact_mw,98ed6542f5a75ebddbda0ed622fb597fbc85d0a75d139587b6be9a08147ba42d,"{""distance"":7,""physical_error_rate"":0.002}","{""detection_events"":89391,""detectors_checked"":11975040,""obs_mistake_mask=E"":3}"
     58624,         2,         0,   120.4,exact_mw,d2cc2b129abad1f985b8639603638d6030a837aa2fe57172dffdf28919c1c286,"{""distance"":7,""physical_error_rate"":0.001}","{""detection_events"":179036,""detectors_checked"":47485440,""obs_mistake_mask=E"":2}"
      6656,         1,         0,   120.8,exact_mw,98ed6542f5a75ebddbda0ed622fb597fbc85d0a75d139587b6be9a08147ba42d,"{""distance"":7,""physical_error_rate"":0.002}","{""detection_events"":39909,""detectors_checked"":5391360,""obs_mistake_mask=E"":1}"
      9792,         1,         0,    63.4,exact_mw,98ed6542f5a75ebddbda0ed622fb597fbc85d0a75d139587b6be9a08147ba42d,"{""distance"":7,""physical_error_rate"":0.002}","{""detection_events"":58626,""detectors_checked"":7931520,""obs_mistake_mask=E"":1}"
     34304,         0,         0,    63.1,exact_mw,d2cc2b129abad1f985b8639603638d6030a837aa2fe57172dffdf28919c1c286,"{""distance"":7,""physical_error_rate"":0.001}","{""detection_events"":104218,""detectors_checked"":27786240}"
     60416,         2,         0,   120.5,exact_mw,d2cc2b129abad1f985b8639603638d6030a837aa2fe57172dffdf28919c1c286,"{""distance"":7,""physical_error_rate"":0.001}","{""detection_events"":183406,""detectors_checked"":48936960,""obs_mistake_mask=E"":2}"
     27648,         1,         0,    63.1,exact_mw,d2cc2b129abad1f985b8639603638d6030a837aa2fe57172dffdf28919c1c286,"{""distance"":7,""physical_error_rate"":0.001}","{""detection_events"":84045,""detectors_checked"":22394880,""obs_mistake_mask=E"":1}"
     31232,         2,         0,    63.3,exact_mw,d2cc2b129abad1f985b8639603638d6030a837aa2fe57172dffdf28919c1c286,"{""distance"":7,""physical_error_rate"":0.001}","{""detection_events"":94512,""detectors_checked"":25297920,""obs_mistake_mask=E"":2}"
     10080,         0,         0,    63.1,exact_mw,d2cc2b129abad1f985b8639603638d6030a837aa2fe57172dffdf28919c1c286,"{""distance"":7,""physical_error_rate"":0.001}","{""detection_events"":30529,""detectors_checked"":8164800}"
      8384,         0,         0,    63.2,exact_mw,98ed6542f5a75ebddbda0ed622fb597fbc85d0a75d139587b6be9a08147ba42d,"{""distance"":7,""physical_error_rate"":0.002}","{""detection_events"":50615,""detectors_checked"":6791040}"
     34048,         1,         0,    64.1,exact_mw,d2cc2b129abad1f985b8639603638d6030a837aa2fe57172dffdf28919c1c286,"{""distance"":7,""physical_error_rate"":0.001}","{""detection_events"":103021,""detectors_checked"":27578880,""obs_mistake_mask=E"":1}"
      5344,         0,         0,    63.3,exact_mw,d2cc2b129abad1f985b8639603638d6030a837aa2fe57172dffdf28919c1c286,"{""distance"":7,""physical_error_rate"":0.001}","{""detection_events"":16478,""detectors_checked"":4328640}"
     13696,         1,         0,   120.3,exact_mw,98ed6542f5a75ebddbda0ed622fb597fbc85d0a75d139587b6be9a08147ba42d,"{""distance"":7,""physical_error_rate"":0.002}","{""detection_events"":83315,""detectors_checked"":11093760,""obs_mistake_mask=E"":1}"
      1312,         0,         0,    63.1,exact_mw,98ed6542f5a75ebddbda0ed622fb597fbc85d0a75d139587b6be9a08147ba42d,"{""distance"":7,""physical_error_rate"":0.002}","{""detection_events"":8056,""detectors_checked"":1062720}"
     54272,         2,         0,   120.0,exact_mw,d2cc2b129abad1f985b8639603638d6030a837aa2fe57172dffdf28919c1c286,"{""distance"":7,""physical_error_rate"":0.001}","{""detection_events"":164854,""detectors_checked"":43960320,""obs_mistake_mask=E"":2}"
     35328,         1,         0,    63.6,exact_mw,d2cc2b129abad1f985b8639603638d6030a837aa2fe57172dffdf28919c1c286,"{""distance"":7,""physical_error_rate"":0.001}","{""detection_events"":107418,""detectors_checked"":28615680,""obs_mistake_mask=E"":1}"
      8320,         0,         0,    63.1,exact_mw,98ed6542f5a75ebddbda0ed622fb597fbc85d0a75d139587b6be9a08147ba42d,"{""distance"":7,""physical_error_rate"":0.002}","{""detection_events"":50574,""detectors_checked"":6739200}"
      8704,         3,         0,    63.9,exact_mw,98ed6542f5a75ebddbda0ed622fb597fbc85d0a75d139587b6be9a08147ba42d,"{""distance"":7,""physical_error_rate"":0.002}","{""detection_events"":52679,""detectors_checked"":7050240,""obs_mistake_mask=E"":3}"
      8576,         0,         0,    63.8,exact_mw,98ed6542f5a75ebddbda0ed622fb597fbc85d0a75d139587b6be9a08147ba42d,"{""distance"":7,""physical_error_rate"":0.002}","{""detection_events"":51954,""detectors_checked"":6946560}"
      8704,         2,         0,    64.0,exact_mw,98ed6542f5a75ebddbda0ed622fb597fbc85d0a75d139587b6be9a08147ba42d,"{""distance"":7,""physical_error_rate"":0.002}","{""detection_events"":53097,""detectors_checked"":7050240,""obs_mistake_mask=E"":2}"
     18432,         1,         0,   120.4,exact_mw,98ed6542f5a75ebddbda0ed622fb597fbc85d0a75d139587b6be9a08147ba42d,"{""distance"":7,""physical_error_rate"":0.002}","{""detection_events"":111320,""detectors_checked"":14929920,""obs_mistake_mask=E"":1}"
     71168,         0,         0,   120.1,exact_mw,d2cc2b129abad1f985b8639603638d6030a837aa2fe57172dffdf28919c1c286,"{""distance"":7,""physical_error_rate"":0.001}","{""detection_events"":215783,""detectors_checked"":57646080}"
     33792,         0,         0,    63.1,exact_mw,d2cc2b129abad1f985b8639603638d6030a837aa2fe57172dffdf28919c1c286,"{""distance"":7,""physical_error_rate"":0.001}","{""detection_events"":102549,""detectors_checked"":27371520}"
     29184,         3,         0,    63.4,exact_mw,d2cc2b129abad1f985b8639603638d6030a837aa2fe57172dffdf28919c1c286,"{""distance"":7,""physical_error_rate"":0.001}","{""detection_events"":88534,""detectors_checked"":23639040,""obs_mistake_mask=E"":3}"
      8832,         1,         0,    63.8,exact_mw,98ed6542f5a75ebddbda0ed622fb597fbc85d0a75d139587b6be9a08147ba42d,"{""distance"":7,""physical_error_rate"":0.002}","{""detection_events"":53673,""detectors_checked"":7153920,""obs_mistake_mask=E"":1}"
     29696,         0,         0,    63.2,exact_mw,d2cc2b129abad1f985b8639603638d6030a837aa2fe57172dffdf28919c1c286,"{""distance"":7,""physical_error_rate"":0.001}","{""detection_events"":90354,""detectors_checked"":24053760}"
     33792,         0,         0,    63.3,exact_mw,d2cc2b129abad1f985b8639603638d6030a837aa2fe57172dffdf28919c1c286,"{""distance"":7,""physical_error_rate"":0.001}","{""detection_events"":103079,""detectors_checked"":27371520}"
      6976,         1,         0,    63.2,exact_mw,98ed6542f5a75ebddbda0ed622fb597fbc85d0a75d139587b6be9a08147ba42d,"{""distance"":7,""physical_error_rate"":0.002}","{""detection_events"":41830,""detectors_checked"":5650560,""obs_mistake_mask=E"":1}"
      2432,         0,         0,   119.9,exact_mw,98ed6542f5a75ebddbda0ed622fb597fbc85d0a75d139587b6be9a08147ba42d,"{""distance"":7,""physical_error_rate"":0.002}","{""detection_events"":14436,""detectors_checked"":1969920}"
     18432,         0,         0,   120.3,exact_mw,98ed6542f5a75ebddbda0ed622fb597fbc85d0a75d139587b6be9a08147ba42d,"{""distance"":7,""physical_error_rate"":0.002}","{""detection_events"":110849,""detectors_checked"":14929920}"
       764,         0,         0,    45.9,exact_mw,98ed6542f5a75ebddbda0ed622fb597fbc85d0a75d139587b6be9a08147ba42d,"{""distance"":7,""physical_error_rate"":0.002}","{""detection_events"":4765,""detectors_checked"":618840}"
     66048,         2,         0,   120.6,exact_mw,d2cc2b129abad1f985b8639603638d6030a837aa2fe57172dffdf28919c1c286,"{""distance"":7,""physical_error_rate"":0.001}","{""detection_events"":199745,""detectors_checked"":53498880,""obs_mistake_mask=E"":2}"
     69632,         5,         0,   120.3,exact_mw,d2cc2b129abad1f985b8639603638d6030a837aa2fe57172dffdf28919c1c286,"{""distance"":7,""physical_error_rate"":0.001}","{""detection_events"":211866,""detectors_checked"":56401920,""obs_mistake_mask=E"":5}"
     22816,         1,         0,   120.3,exact_mw,d2cc2b129abad1f985b8639603638d6030a837aa2fe57172dffdf28919c1c286,"{""distance"":7,""physical_error_rate"":0.001}","{""detection_events"":69946,""detectors_checked"":18480960,""obs_mistake_mask=E"":1}"
     17152,         1,         0,   120.4,exact_mw,98ed6542f5a75ebddbda0ed622fb597fbc85d0a75d139587b6be9a08147ba42d,"{""distance"":7,""physical_error_rate"":0.002}","{""detection_events"":103550,""detectors_checked"":13893120,""obs_mistake_mask=E"":1}"
     14656,         1,         0,   121.0,exact_mw,98ed6542f5a75ebddbda0ed622fb597fbc85d0a75d139587b6be9a08147ba42d,"{""distance"":7,""physical_error_rate"":0.002}","{""detection_events"":88637,""detectors_checked"":11871360,""obs_mistake_mask=E"":1}"
     12800,         1,         0,   120.1,exact_mw,98ed6542f5a75ebddbda0ed622fb597fbc85d0a75d139587b6be9a08147ba42d,"{""distance"":7,""physical_error_rate"":0.002}","{""detection_events"":76975,""detectors_checked"":10368000,""obs_mistake_mask=E"":1}"
     65024,         0,         0,   120.0,exact_mw,d2cc2b129abad1f985b8639603638d6030a837aa2fe57172dffdf28919c1c286,"{""distance"":7,""physical_error_rate"":0.001}","{""detection_events"":197482,""detectors_checked"":52669440}"
     65024,         5,         0,   120.5,exact_mw,d2cc2b129abad1f985b8639603638d6030a837aa2fe57172dffdf28919c1c286,"{""distance"":7,""physical_error_rate"":0.001}","{""detection_events"":196827,""detectors_checked"":52669440,""obs_mistake_mask=E"":5}"
      3648,         0,         0,   121.6,exact_mw,98ed6542f5a75ebddbda0ed622fb597fbc85d0a75d139587b6be9a08147ba42d,"{""distance"":7,""physical_error_rate"":0.002}","{""detection_events"":22026,""detectors_checked"":2954880}"
     51776,         2,         0,   120.2,exact_mw,d2cc2b129abad1f985b8639603638d6030a837aa2fe57172dffdf28919c1c286,"{""distance"":7,""physical_error_rate"":0.001}","{""detection_events"":158908,""detectors_checked"":41938560,""obs_mistake_mask=E"":2}"
     16256,         2,         0,   120.7,exact_mw,98ed6542f5a75ebddbda0ed622fb597fbc85d0a75d139587b6be9a08147ba42d,"{""distance"":7,""physical_error_rate"":0.002}","{""detection_events"":98152,""detectors_checked"":13167360,""obs_mistake_mask=E"":2}"
     64768,         2,         0,   121.0,exact_mw,d2cc2b129abad1f985b8639603638d6030a837aa2fe57172dffdf28919c1c286,"{""distance"":7,""physical_error_rate"":0.001}","{""detection_events"":196669,""detectors_checked"":52462080,""obs_mistake_mask=E"":2}"
     64256,         1,         0,   120.6,exact_mw,d2cc2b129abad1f985b8639603638d6030a837aa2fe57172dffdf28919c1c286,"{""distance"":7,""physical_error_rate"":0.001}","{""detection_events"":195267,""detectors_checked"":52047360,""obs_mistake_mask=E"":1}"
     16512,         0,         0,   120.0,exact_mw,98ed6542f5a75ebddbda0ed622fb597fbc85d0a75d139587b6be9a08147ba42d,"{""distance"":7,""physical_error_rate"":0.002}","{""detection_events"":99487,""detectors_checked"":13374720}"
      2236,         1,         0,   120.1,exact_mw,98ed6542f5a75ebddbda0ed622fb597fbc85d0a75d139587b6be9a08147ba42d,"{""distance"":7,""physical_error_rate"":0.002}","{""detection_events"":13445,""detectors_checked"":1811160,""obs_mistake_mask=E"":1}"
     59904,         5,         0,   120.8,exact_mw,d2cc2b129abad1f985b8639603638d6030a837aa2fe57172dffdf28919c1c286,"{""distance"":7,""physical_error_rate"":0.001}","{""detection_events"":181969,""detectors_checked"":48522240,""obs_mistake_mask=E"":5}"
      8960,         0,         0,   120.5,exact_mw,d2cc2b129abad1f985b8639603638d6030a837aa2fe57172dffdf28919c1c286,"{""distance"":7,""physical_error_rate"":0.001}","{""detection_events"":27363,""detectors_checked"":7257600}"
     15104,         0,         0,   120.4,exact_mw,98ed6542f5a75ebddbda0ed622fb597fbc85d0a75d139587b6be9a08147ba42d,"{""distance"":7,""physical_error_rate"":0.002}","{""detection_events"":91642,""detectors_checked"":12234240}"
      2320,         0,         0,   120.9,exact_mw,98ed6542f5a75ebddbda0ed622fb597fbc85d0a75d139587b6be9a08147ba42d,"{""distance"":7,""physical_error_rate"":0.002}","{""detection_events"":14054,""detectors_checked"":1879200}"
     15488,         2,         0,   120.8,exact_mw,98ed6542f5a75ebddbda0ed622fb597fbc85d0a75d139587b6be9a08147ba42d,"{""distance"":7,""physical_error_rate"":0.002}","{""detection_events"":93535,""detectors_checked"":12545280,""obs_mistake_mask=E"":2}"
     61440,         0,         0,   120.4,exact_mw,d2cc2b129abad1f985b8639603638d6030a837aa2fe57172dffdf28919c1c286,"{""distance"":7,""physical_error_rate"":0.001}","{""detection_events"":186656,""detectors_checked"":49766400}"
      8496,         0,         0,   120.3,exact_mw,d2cc2b129abad1f985b8639603638d6030a837aa2fe57172dffdf28919c1c286,"{""distance"":7,""physical_error_rate"":0.001}","{""detection_events"":25864,""detectors_checked"":6881760}"
      2240,         0,         0,   120.9,exact_mw,98ed6542f5a75ebddbda0ed622fb597fbc85d0a75d139587b6be9a08147ba42d,"{""distance"":7,""physical_error_rate"":0.002}","{""detection_events"":13596,""detectors_checked"":1814400}"
     65024,         0,         0,   120.8,exact_mw,d2cc2b129abad1f985b8639603638d6030a837aa2fe57172dffdf28919c1c286,"{""distance"":7,""physical_error_rate"":0.001}","{""detection_events"":197862,""detectors_checked"":52669440}"
     11904,         1,         0,    88.4,exact_mw,98ed6542f5a75ebddbda0ed622fb597fbc85d0a75d139587b6be9a08147ba42d,"{""distance"":7,""physical_error_rate"":0.002}","{""detection_events"":71966,""detectors_checked"":9642240,""obs_mistake_mask=E"":1}"
     47616,         1,         0,    88.8,exact_mw,d2cc2b129abad1f985b8639603638d6030a837aa2fe57172dffdf28919c1c286,"{""distance"":7,""physical_error_rate"":0.001}","{""detection_events"":146107,""detectors_checked"":38568960,""obs_mistake_mask=E"":1}"
     46592,         1,         0,    88.4,exact_mw,d2cc2b129abad1f985b8639603638d6030a837aa2fe57172dffdf28919c1c286,"{""distance"":7,""physical_error_rate"":0.001}","{""detection_events"":141296,""detectors_checked"":37739520,""obs_mistake_mask=E"":1}"
     47104,         1,         0,    88.2,exact_mw,d2cc2b129abad1f985b8639603638d6030a837aa2fe57172dffdf28919c1c286,"{""distance"":7,""physical_error_rate"":0.001}","{""detection_events"":142978,""detectors_checked"":38154240,""obs_mistake_mask=E"":1}"
      1096,         0,         0,    63.2,exact_mw,98ed6542f5a75ebddbda0ed622fb597fbc85d0a75d139587b6be9a08147ba42d,"{""distance"":7,""physical_error_rate"":0.002}","{""detection_events"":6728,""detectors_checked"":887760}"
     11840,         1,         0,    88.2,exact_mw,98ed6542f5a75ebddbda0ed622fb597fbc85d0a75d139587b6be9a08147ba42d,"{""distance"":7,""physical_error_rate"":0.002}","{""detection_events"":71223,""detectors_checked"":9590400,""obs_mistake_mask=E"":1}"
      6496,         1,         0,    88.7,exact_mw,d2cc2b129abad1f985b8639603638d6030a837aa2fe57172dffdf28919c1c286,"{""distance"":7,""physical_error_rate"":0.001}","{""detection_events"":19433,""detectors_checked"":5261760,""obs_mistake_mask=E"":1}"
     46848,         4,         0,    88.4,exact_mw,d2cc2b129abad1f985b8639603638d6030a837aa2fe57172dffdf28919c1c286,"{""distance"":7,""physical_error_rate"":0.001}","{""detection_events"":142355,""detectors_checked"":37946880,""obs_mistake_mask=E"":4}"
      5888,         0,         0,    89.2,exact_mw,d2cc2b129abad1f985b8639603638d6030a837aa2fe57172dffdf28919c1c286,"{""distance"":7,""physical_error_rate"":0.001}","{""detection_events"":18009,""detectors_checked"":4769280}"
      1560,         0,         0,    88.3,exact_mw,98ed6542f5a75ebddbda0ed622fb597fbc85d0a75d139587b6be9a08147ba42d,"{""distance"":7,""physical_error_rate"":0.002}","{""detection_events"":9329,""detectors_checked"":1263600}"
     50176,         3,         0,    89.0,exact_mw,d2cc2b129abad1f985b8639603638d6030a837aa2fe57172dffdf28919c1c286,"{""distance"":7,""physical_error_rate"":0.001}","{""detection_events"":152315,""detectors_checked"":40642560,""obs_mistake_mask=E"":3}"
      6600,         3,         0,    88.5,exact_mw,98ed6542f5a75ebddbda0ed622fb597fbc85d0a75d139587b6be9a08147ba42d,"{""distance"":7,""physical_error_rate"":0.002}","{""detection_events"":39608,""detectors_checked"":5346000,""obs_mistake_mask=E"":3}"
     11904,         1,         0,    89.3,exact_mw,98ed6542f5a75ebddbda0ed622fb597fbc85d0a75d139587b6be9a08147ba42d,"{""distance"":7,""physical_error_rate"":0.002}","{""detection_events"":71463,""detectors_checked"":9642240,""obs_mistake_mask=E"":1}"
     12160,         0,         0,    88.3,exact_mw,98ed6542f5a75ebddbda0ed622fb597fbc85d0a75d139587b6be9a08147ba42d,"{""distance"":7,""physical_error_rate"":0.002}","{""detection_events"":73464,""detectors_checked"":9849600}"
     12032,         4,         0,    88.5,exact_mw,98ed6542f5a75ebddbda0ed622fb597fbc85d0a75d139587b6be9a08147ba42d,"{""distance"":7,""physical_error_rate"":0.002}","{""detection_events"":72781,""detectors_checked"":9745920,""obs_mistake_mask=E"":4}"
     48128,         2,         0,    88.9,exact_mw,d2cc2b129abad1f985b8639603638d6030a837aa2fe57172dffdf28919c1c286,"{""distance"":7,""physical_error_rate"":0.001}","{""detection_events"":144865,""detectors_checked"":38983680,""obs_mistake_mask=E"":2}"
     45568,         3,         0,    88.4,exact_mw,d2cc2b129abad1f985b8639603638d6030a837aa2fe57172dffdf28919c1c286,"{""distance"":7,""physical_error_rate"":0.001}","{""detection_events"":140278,""detectors_checked"":36910080,""obs_mistake_mask=E"":3}"
     66048,         2,         0,   120.8,exact_mw,d2cc2b129abad1f985b8639603638d6030a837aa2fe57172dffdf28919c1c286,"{""distance"":7,""physical_error_rate"":0.001}","{""detection_events"":199863,""detectors_checked"":53498880,""obs_mistake_mask=E"":2}"
     11968,         2,         0,    88.7,exact_mw,98ed6542f5a75ebddbda0ed622fb597fbc85d0a75d139587b6be9a08147ba42d,"{""distance"":7,""physical_error_rate"":0.002}","{""detection_events"":72097,""detectors_checked"":9694080,""obs_mistake_mask=E"":2}"
     46848,         1,         0,    88.3,exact_mw,d2cc2b129abad1f985b8639603638d6030a837aa2fe57172dffdf28919c1c286,"{""distance"":7,""physical_error_rate"":0.001}","{""detection_events"":141623,""detectors_checked"":37946880,""obs_mistake_mask=E"":1}"
     16320,         0,         0,   120.4,exact_mw,98ed6542f5a75ebddbda0ed622fb597fbc85d0a75d139587b6be9a08147ba42d,"{""distance"":7,""physical_error_rate"":0.002}","{""detection_events"":99137,""detectors_checked"":13219200}"
     47616,         1,         0,    88.9,exact_mw,d2cc2b129abad1f985b8639603638d6030a837aa2fe57172dffdf28919c1c286,"{""distance"":7,""physical_error_rate"":0.001}","{""detection_events"":144936,""detectors_checked"":38568960,""obs_mistake_mask=E"":1}"
     16256,         2,         0,   120.0,exact_mw,98ed6542f5a75ebddbda0ed622fb597fbc85d0a75d139587b6be9a08147ba42d,"{""distance"":7,""physical_error_rate"":0.002}","{""detection_events"":98023,""detectors_checked"":13167360,""obs_mistake_mask=E"":2}"
     11392,         1,         0,    88.3,exact_mw,98ed6542f5a75ebddbda0ed622fb597fbc85d0a75d139587b6be9a08147ba42d,"{""distance"":7,""physical_error_rate"":0.002}","{""detection_events"":68929,""detectors_checked"":9227520,""obs_mistake_mask=E"":1}"
      2176,         0,         0,   120.0,exact_mw,98ed6542f5a75ebddbda0ed622fb597fbc85d0a75d139587b6be9a08147ba42d,"{""distance"":7,""physical_error_rate"":0.002}","{""detection_events"":13308,""detectors_checked"":1762560}"
     64000,         1,         0,   120.9,exact_mw,d2cc2b129abad1f985b8639603638d6030a837aa2fe57172dffdf28919c1c286,"{""distance"":7,""physical_error_rate"":0.001}","{""detection_events"":194740,""detectors_checked"":51840000,""obs_mistake_mask=E"":1}"
     16512,         1,         0,   120.0,exact_mw,98ed6542f5a75ebddbda0ed622fb597fbc85d0a75d139587b6be9a08147ba42d,"{""distance"":7,""physical_error_rate"":0.002}","{""detection_events"":100036,""detectors_checked"":13374720,""obs_mistake_mask=E"":1}"
     65792,         4,         0,   120.2,exact_mw,d2cc2b129abad1f985b8639603638d6030a837aa2fe57172dffdf28919c1c286,"{""distance"":7,""physical_error_rate"":0.001}","{""detection_events"":199014,""detectors_checked"":53291520,""obs_mistake_mask=E"":4}"
      2256,         0,         0,   120.0,exact_mw,98ed6542f5a75ebddbda0ed622fb597fbc85d0a75d139587b6be9a08147ba42d,"{""distance"":7,""physical_error_rate"":0.002}","{""detection_events"":13234,""detectors_checked"":1827360}"
     65024,         1,         0,   120.7,exact_mw,d2cc2b129abad1f985b8639603638d6030a837aa2fe57172dffdf28919c1c286,"{""distance"":7,""physical_error_rate"":0.001}","{""detection_events"":197722,""detectors_checked"":52669440,""obs_mistake_mask=E"":1}"
      2172,         0,         0,   120.1,exact_mw,98ed6542f5a75ebddbda0ed622fb597fbc85d0a75d139587b6be9a08147ba42d,"{""distance"":7,""physical_error_rate"":0.002}","{""detection_events"":12945,""detectors_checked"":1759320}"
     62464,         2,         0,   120.6,exact_mw,d2cc2b129abad1f985b8639603638d6030a837aa2fe57172dffdf28919c1c286,"{""distance"":7,""physical_error_rate"":0.001}","{""detection_events"":189923,""detectors_checked"":50595840,""obs_mistake_mask=E"":2}"
     15552,         3,         0,   120.8,exact_mw,98ed6542f5a75ebddbda0ed622fb597fbc85d0a75d139587b6be9a08147ba42d,"{""distance"":7,""physical_error_rate"":0.002}","{""detection_events"":94317,""detectors_checked"":12597120,""obs_mistake_mask=E"":3}"
     61184,         1,         0,   120.3,exact_mw,d2cc2b129abad1f985b8639603638d6030a837aa2fe57172dffdf28919c1c286,"{""distance"":7,""physical_error_rate"":0.001}","{""detection_events"":186063,""detectors_checked"":49559040,""obs_mistake_mask=E"":1}"
     16512,         3,         0,   120.5,exact_mw,98ed6542f5a75ebddbda0ed622fb597fbc85d0a75d139587b6be9a08147ba42d,"{""distance"":7,""physical_error_rate"":0.002}","{""detection_events"":99496,""detectors_checked"":13374720,""obs_mistake_mask=E"":3}"
     61952,         2,         0,   120.1,exact_mw,d2cc2b129abad1f985b8639603638d6030a837aa2fe57172dffdf28919c1c286,"{""distance"":7,""physical_error_rate"":0.001}","{""detection_events"":187572,""detectors_checked"":50181120,""obs_mistake_mask=E"":2}"
     16384,         3,         0,   120.2,exact_mw,98ed6542f5a75ebddbda0ed622fb597fbc85d0a75d139587b6be9a08147ba42d,"{""distance"":7,""physical_error_rate"":0.002}","{""detection_events"":99381,""detectors_checked"":13271040,""obs_mistake_mask=E"":3}"
     63744,         1,         0,   120.1,exact_mw,d2cc2b129abad1f985b8639603638d6030a837aa2fe57172dffdf28919c1c286,"{""distance"":7,""physical_error_rate"":0.001}","{""detection_events"":195195,""detectors_checked"":51632640,""obs_mistake_mask=E"":1}"
      2432,         0,         0,   120.1,exact_mw,98ed6542f5a75ebddbda0ed622fb597fbc85d0a75d139587b6be9a08147ba42d,"{""distance"":7,""physical_error_rate"":0.002}","{""detection_events"":14474,""detectors_checked"":1969920}"
     15680,         4,         0,   120.3,exact_mw,98ed6542f5a75ebddbda0ed622fb597fbc85d0a75d139587b6be9a08147ba42d,"{""distance"":7,""physical_error_rate"":0.002}","{""detection_events"":96252,""detectors_checked"":12700800,""obs_mistake_mask=E"":4}"
     63488,         7,         0,   120.2,exact_mw,d2cc2b129abad1f985b8639603638d6030a837aa2fe57172dffdf28919c1c286,"{""distance"":7,""physical_error_rate"":0.001}","{""detection_events"":193001,""detectors_checked"":51425280,""obs_mistake_mask=E"":7}"
     61952,         1,         0,   120.5,exact_mw,d2cc2b129abad1f985b8639603638d6030a837aa2fe57172dffdf28919c1c286,"{""distance"":7,""physical_error_rate"":0.001}","{""detection_events"":188972,""detectors_checked"":50181120,""obs_mistake_mask=E"":1}"
     52576,         2,         0,   120.5,exact_mw,d2cc2b129abad1f985b8639603638d6030a837aa2fe57172dffdf28919c1c286,"{""distance"":7,""physical_error_rate"":0.001}","{""detection_events"":160106,""detectors_checked"":42586560,""obs_mistake_mask=E"":2}"
     16704,         5,         0,   120.4,exact_mw,98ed6542f5a75ebddbda0ed622fb597fbc85d0a75d139587b6be9a08147ba42d,"{""distance"":7,""physical_error_rate"":0.002}","{""detection_events"":100129,""detectors_checked"":13530240,""obs_mistake_mask=E"":5}"
     16448,         3,         0,   120.1,exact_mw,98ed6542f5a75ebddbda0ed622fb597fbc85d0a75d139587b6be9a08147ba42d,"{""distance"":7,""physical_error_rate"":0.002}","{""detection_events"":99826,""detectors_checked"":13322880,""obs_mistake_mask=E"":3}"
     64768,         4,         0,   120.1,exact_mw,d2cc2b129abad1f985b8639603638d6030a837aa2fe57172dffdf28919c1c286,"{""distance"":7,""physical_error_rate"":0.001}","{""detection_events"":197166,""detectors_checked"":52462080,""obs_mistake_mask=E"":4}"
      5184,         0,         0,   120.8,exact_mw,98ed6542f5a75ebddbda0ed622fb597fbc85d0a75d139587b6be9a08147ba42d,"{""distance"":7,""physical_error_rate"":0.002}","{""detection_events"":31336,""detectors_checked"":4199040}"
      7408,         1,         0,   120.1,exact_mw,98ed6542f5a75ebddbda0ed622fb597fbc85d0a75d139587b6be9a08147ba42d,"{""distance"":7,""physical_error_rate"":0.002}","{""detection_events"":45111,""detectors_checked"":6000480,""obs_mistake_mask=E"":1}"
     60672,         2,         0,   120.5,exact_mw,d2cc2b129abad1f985b8639603638d6030a837aa2fe57172dffdf28919c1c286,"{""distance"":7,""physical_error_rate"":0.001}","{""detection_events"":184654,""detectors_checked"":49144320,""obs_mistake_mask=E"":2}"
     61440,         2,         0,   120.3,exact_mw,d2cc2b129abad1f985b8639603638d6030a837aa2fe57172dffdf28919c1c286,"{""distance"":7,""physical_error_rate"":0.001}","{""detection_events"":187029,""detectors_checked"":49766400,""obs_mistake_mask=E"":2}"
     15616,         3,         0,   120.3,exact_mw,98ed6542f5a75ebddbda0ed622fb597fbc85d0a75d139587b6be9a08147ba42d,"{""distance"":7,""physical_error_rate"":0.002}","{""detection_events"":94942,""detectors_checked"":12648960,""obs_mistake_mask=E"":3}"
     64000,         3,         0,   120.4,exact_mw,d2cc2b129abad1f985b8639603638d6030a837aa2fe57172dffdf28919c1c286,"{""distance"":7,""physical_error_rate"":0.001}","{""detection_events"":194928,""detectors_checked"":51840000,""obs_mistake_mask=E"":3}"
     66560,         1,         0,   120.0,exact_mw,d2cc2b129abad1f985b8639603638d6030a837aa2fe57172dffdf28919c1c286,"{""distance"":7,""physical_error_rate"":0.001}","{""detection_events"":201604,""detectors_checked"":53913600,""obs_mistake_mask=E"":1}"
      1856,         0,         0,    88.4,exact_mw,98ed6542f5a75ebddbda0ed622fb597fbc85d0a75d139587b6be9a08147ba42d,"{""distance"":7,""physical_error_rate"":0.002}","{""detection_events"":11289,""detectors_checked"":1503360}"
     16384,         1,         0,   120.2,exact_mw,98ed6542f5a75ebddbda0ed622fb597fbc85d0a75d139587b6be9a08147ba42d,"{""distance"":7,""physical_error_rate"":0.002}","{""detection_events"":98810,""detectors_checked"":13271040,""obs_mistake_mask=E"":1}"
      9136,         1,         0,   120.1,exact_mw,98ed6542f5a75ebddbda0ed622fb597fbc85d0a75d139587b6be9a08147ba42d,"{""distance"":7,""physical_error_rate"":0.002}","{""detection_events"":55414,""detectors_checked"":7400160,""obs_mistake_mask=E"":1}"
     40064,         0,         0,   120.6,exact_mw,d2cc2b129abad1f985b8639603638d6030a837aa2fe57172dffdf28919c1c286,"{""distance"":7,""physical_error_rate"":0.001}","{""detection_events"":121899,""detectors_checked"":32451840}"
     10880,         0,         0,   122.6,exact_mw,d2cc2b129abad1f985b8639603638d6030a837aa2fe57172dffdf28919c1c286,"{""distance"":7,""physical_error_rate"":0.001}","{""detection_events"":33368,""detectors_checked"":8812800}"
     16064,         1,         0,   120.5,exact_mw,98ed6542f5a75ebddbda0ed622fb597fbc85d0a75d139587b6be9a08147ba42d,"{""distance"":7,""physical_error_rate"":0.002}","{""detection_events"":97260,""detectors_checked"":13011840,""obs_mistake_mask=E"":1}"
      2656,         0,         0,   119.9,exact_mw,98ed6542f5a75ebddbda0ed622fb597fbc85d0a75d139587b6be9a08147ba42d,"{""distance"":7,""physical_error_rate"":0.002}","{""detection_events"":16256,""detectors_checked"":2151360}"
      8128,         0,         0,   120.8,exact_mw,98ed6542f5a75ebddbda0ed622fb597fbc85d0a75d139587b6be9a08147ba42d,"{""distance"":7,""physical_error_rate"":0.002}","{""detection_events"":49357,""detectors_checked"":6583680}"
     63744,         5,         0,   120.3,exact_mw,d2cc2b129abad1f985b8639603638d6030a837aa2fe57172dffdf28919c1c286,"{""distance"":7,""physical_error_rate"":0.001}","{""detection_events"":193309,""detectors_checked"":51632640,""obs_mistake_mask=E"":5}"
     43392,         1,         0,   120.4,exact_mw,d2cc2b129abad1f985b8639603638d6030a837aa2fe57172dffdf28919c1c286,"{""distance"":7,""physical_error_rate"":0.001}","{""detection_events"":132208,""detectors_checked"":35147520,""obs_mistake_mask=E"":1}"
      2568,         1,         0,   120.4,exact_mw,98ed6542f5a75ebddbda0ed622fb597fbc85d0a75d139587b6be9a08147ba42d,"{""distance"":7,""physical_error_rate"":0.002}","{""detection_events"":15322,""detectors_checked"":2080080,""obs_mistake_mask=E"":1}"
     60928,         1,         0,   120.4,exact_mw,d2cc2b129abad1f985b8639603638d6030a837aa2fe57172dffdf28919c1c286,"{""distance"":7,""physical_error_rate"":0.001}","{""detection_events"":185750,""detectors_checked"":49351680,""obs_mistake_mask=E"":1}"
     15872,         0,         0,   120.1,exact_mw,98ed6542f5a75ebddbda0ed622fb597fbc85d0a75d139587b6be9a08147ba42d,"{""distance"":7,""physical_error_rate"":0.002}","{""detection_events"":95408,""detectors_checked"":12856320}"
     63232,         3,         0,   120.0,exact_mw,d2cc2b129abad1f985b8639603638d6030a837aa2fe57172dffdf28919c1c286,"{""distance"":7,""physical_error_rate"":0.001}","{""detection_events"":192563,""detectors_checked"":51217920,""obs_mistake_mask=E"":3}"
     62208,         2,         0,   120.3,exact_mw,d2cc2b129abad1f985b8639603638d6030a837aa2fe57172dffdf28919c1c286,"{""distance"":7,""physical_error_rate"":0.001}","{""detection_events"":188278,""detectors_checked"":50388480,""obs_mistake_mask=E"":2}"
     63232,         1,         0,   120.4,exact_mw,d2cc2b129abad1f985b8639603638d6030a837aa2fe57172dffdf28919c1c286,"{""distance"":7,""physical_error_rate"":0.001}","{""detection_events"":191719,""detectors_checked"":51217920,""obs_mistake_mask=E"":1}"
     50432,         3,         0,   120.0,exact_mw,d2cc2b129abad1f985b8639603638d6030a837aa2fe57172dffdf28919c1c286,"{""distance"":7,""physical_error_rate"":0.001}","{""detection_events"":152586,""detectors_checked"":40849920,""obs_mistake_mask=E"":3}"
     15808,         1,         0,   120.4,exact_mw,98ed6542f5a75ebddbda0ed622fb597fbc85d0a75d139587b6be9a08147ba42d,"{""distance"":7,""physical_error_rate"":0.002}","{""detection_events"":94586,""detectors_checked"":12804480,""obs_mistake_mask=E"":1}"
     58368,         1,         0,   120.0,exact_mw,d2cc2b129abad1f985b8639603638d6030a837aa2fe57172dffdf28919c1c286,"{""distance"":7,""physical_error_rate"":0.001}","{""detection_events"":176531,""detectors_checked"":47278080,""obs_mistake_mask=E"":1}"
      9344,         0,         0,   120.1,exact_mw,d2cc2b129abad1f985b8639603638d6030a837aa2fe57172dffdf28919c1c286,"{""distance"":7,""physical_error_rate"":0.001}","{""detection_events"":28558,""detectors_checked"":7568640}"
     12832,         1,         0,   120.1,exact_mw,98ed6542f5a75ebddbda0ed622fb597fbc85d0a75d139587b6be9a08147ba42d,"{""distance"":7,""physical_error_rate"":0.002}","{""detection_events"":77226,""detectors_checked"":10393920,""obs_mistake_mask=E"":1}"
     64512,         1,         0,   120.0,exact_mw,d2cc2b129abad1f985b8639603638d6030a837aa2fe57172dffdf28919c1c286,"{""distance"":7,""physical_error_rate"":0.001}","{""detection_events"":196440,""detectors_checked"":52254720,""obs_mistake_mask=E"":1}"
      2552,         0,         0,   120.2,exact_mw,98ed6542f5a75ebddbda0ed622fb597fbc85d0a75d139587b6be9a08147ba42d,"{""distance"":7,""physical_error_rate"":0.002}","{""detection_events"":15400,""detectors_checked"":2067120}"
     15488,         4,         0,   120.1,exact_mw,98ed6542f5a75ebddbda0ed622fb597fbc85d0a75d139587b6be9a08147ba42d,"{""distance"":7,""physical_error_rate"":0.002}","{""detection_events"":93530,""detectors_checked"":12545280,""obs_mistake_mask=E"":4}"
     15936,         0,         0,   120.7,exact_mw,98ed6542f5a75ebddbda0ed622fb597fbc85d0a75d139587b6be9a08147ba42d,"{""distance"":7,""physical_error_rate"":0.002}","{""detection_events"":96864,""detectors_checked"":12908160}"
     16320,         2,         0,   120.4,exact_mw,98ed6542f5a75ebddbda0ed622fb597fbc85d0a75d139587b6be9a08147ba42d,"{""distance"":7,""physical_error_rate"":0.002}","{""detection_events"":97621,""detectors_checked"":13219200,""obs_mistake_mask=E"":2}"
     59392,         1,         0,   120.0,exact_mw,d2cc2b129abad1f985b8639603638d6030a837aa2fe57172dffdf28919c1c286,"{""distance"":7,""physical_error_rate"":0.001}","{""detection_events"":180178,""detectors_checked"":48107520,""obs_mistake_mask=E"":1}"
     17280,         1,         0,   120.1,exact_mw,d2cc2b129abad1f985b8639603638d6030a837aa2fe57172dffdf28919c1c286,"{""distance"":7,""physical_error_rate"":0.001}","{""detection_events"":52740,""detectors_checked"":13996800,""obs_mistake_mask=E"":1}"
     29648,         1,         0,   120.1,exact_mw,d2cc2b129abad1f985b8639603638d6030a837aa2fe57172dffdf28919c1c286,"{""distance"":7,""physical_error_rate"":0.001}","{""detection_events"":89784,""detectors_checked"":24014880,""obs_mistake_mask=E"":1}"
     14480,         3,         0,   120.1,exact_mw,98ed6542f5a75ebddbda0ed622fb597fbc85d0a75d139587b6be9a08147ba42d,"{""distance"":7,""physical_error_rate"":0.002}","{""detection_events"":87211,""detectors_checked"":11728800,""obs_mistake_mask=E"":3}"
     63232,         2,         0,   120.3,exact_mw,d2cc2b129abad1f985b8639603638d6030a837aa2fe57172dffdf28919c1c286,"{""distance"":7,""physical_error_rate"":0.001}","{""detection_events"":191147,""detectors_checked"":51217920,""obs_mistake_mask=E"":2}"
     64000,         2,         0,   120.3,exact_mw,d2cc2b129abad1f985b8639603638d6030a837aa2fe57172dffdf28919c1c286,"{""distance"":7,""physical_error_rate"":0.001}","{""detection_events"":194922,""detectors_checked"":51840000,""obs_mistake_mask=E"":2}"
     15680,         1,         0,   120.4,exact_mw,98ed6542f5a75ebddbda0ed622fb597fbc85d0a75d139587b6be9a08147ba42d,"{""distance"":7,""physical_error_rate"":0.002}","{""detection_events"":94910,""detectors_checked"":12700800,""obs_mistake_mask=E"":1}"
     22016,         0,         0,    45.0,exact_mw,d2cc2b129abad1f985b8639603638d6030a837aa2fe57172dffdf28919c1c286,"{""distance"":7,""physical_error_rate"":0.001}","{""detection_events"":67349,""detectors_checked"":17832960}"
      6144,         0,         0,    11.6,exact_mw,d2cc2b129abad1f985b8639603638d6030a837aa2fe57172dffdf28919c1c286,"{""distance"":7,""physical_error_rate"":0.001}","{""detection_events"":18750,""detectors_checked"":4976640}"
     52480,         0,         0,   100.7,exact_mw,d2cc2b129abad1f985b8639603638d6030a837aa2fe57172dffdf28919c1c286,"{""distance"":7,""physical_error_rate"":0.001}","{""detection_events"":159569,""detectors_checked"":42508800}"
       192,         0,         0,    2.39,exact_mw,d2cc2b129abad1f985b8639603638d6030a837aa2fe57172dffdf28919c1c286,"{""distance"":7,""physical_error_rate"":0.001}","{""detection_events"":583,""detectors_checked"":155520}"
       512,         0,         0,    1.02,exact_mw,d2cc2b129abad1f985b8639603638d6030a837aa2fe57172dffdf28919c1c286,"{""distance"":7,""physical_error_rate"":0.001}","{""detection_events"":1653,""detectors_checked"":414720}"
      5376,         0,         0,    10.9,exact_mw,d2cc2b129abad1f985b8639603638d6030a837aa2fe57172dffdf28919c1c286,"{""distance"":7,""physical_error_rate"":0.001}","{""detection_events"":16258,""detectors_checked"":4354560}"
     60672,         1,         0,   113.4,exact_mw,d2cc2b129abad1f985b8639603638d6030a837aa2fe57172dffdf28919c1c286,"{""distance"":7,""physical_error_rate"":0.001}","{""detection_events"":183197,""detectors_checked"":49144320,""obs_mistake_mask=E"":1}"
      2304,         0,         0,    4.68,exact_mw,d2cc2b129abad1f985b8639603638d6030a837aa2fe57172dffdf28919c1c286,"{""distance"":7,""physical_error_rate"":0.001}","{""detection_events"":7094,""detectors_checked"":1866240}"
      5632,         1,         0,    11.2,exact_mw,d2cc2b129abad1f985b8639603638d6030a837aa2fe57172dffdf28919c1c286,"{""distance"":7,""physical_error_rate"":0.001}","{""detection_events"":16966,""detectors_checked"":4561920,""obs_mistake_mask=E"":1}"
      4608,         0,         0,    8.08,exact_mw,d2cc2b129abad1f985b8639603638d6030a837aa2fe57172dffdf28919c1c286,"{""distance"":7,""physical_error_rate"":0.001}","{""detection_events"":13822,""detectors_checked"":3732480}"
     23040,         0,         0,    43.8,exact_mw,d2cc2b129abad1f985b8639603638d6030a837aa2fe57172dffdf28919c1c286,"{""distance"":7,""physical_error_rate"":0.001}","{""detection_events"":69825,""detectors_checked"":18662400}"
     29184,         0,         0,    56.4,exact_mw,d2cc2b129abad1f985b8639603638d6030a837aa2fe57172dffdf28919c1c286,"{""distance"":7,""physical_error_rate"":0.001}","{""detection_events"":88422,""detectors_checked"":23639040}"
     47360,         0,         0,    94.0,exact_mw,d2cc2b129abad1f985b8639603638d6030a837aa2fe57172dffdf28919c1c286,"{""distance"":7,""physical_error_rate"":0.001}","{""detection_events"":142341,""detectors_checked"":38361600}"
     34304,         1,         0,    67.9,exact_mw,d2cc2b129abad1f985b8639603638d6030a837aa2fe57172dffdf28919c1c286,"{""distance"":7,""physical_error_rate"":0.001}","{""detection_events"":103841,""detectors_checked"":27786240,""obs_mistake_mask=E"":1}"
     28160,         2,         0,    52.4,exact_mw,d2cc2b129abad1f985b8639603638d6030a837aa2fe57172dffdf28919c1c286,"{""distance"":7,""physical_error_rate"":0.001}","{""detection_events"":86015,""detectors_checked"":22809600,""obs_mistake_mask=E"":2}"
     52352,         3,         0,   115.5,exact_mw,d2cc2b129abad1f985b8639603638d6030a837aa2fe57172dffdf28919c1c286,"{""distance"":7,""physical_error_rate"":0.001}","{""detection_events"":158374,""detectors_checked"":42405120,""obs_mistake_mask=E"":3}"
     30208,         0,         0,    58.2,exact_mw,d2cc2b129abad1f985b8639603638d6030a837aa2fe57172dffdf28919c1c286,"{""distance"":7,""physical_error_rate"":0.001}","{""detection_events"":92207,""detectors_checked"":24468480}"
     14336,         1,         0,    26.2,exact_mw,d2cc2b129abad1f985b8639603638d6030a837aa2fe57172dffdf28919c1c286,"{""distance"":7,""physical_error_rate"":0.001}","{""detection_events"":43467,""detectors_checked"":11612160,""obs_mistake_mask=E"":1}"
     51712,         1,         0,    97.6,exact_mw,d2cc2b129abad1f985b8639603638d6030a837aa2fe57172dffdf28919c1c286,"{""distance"":7,""physical_error_rate"":0.001}","{""detection_events"":155746,""detectors_checked"":41886720,""obs_mistake_mask=E"":1}"
     37888,         1,         0,    74.7,exact_mw,d2cc2b129abad1f985b8639603638d6030a837aa2fe57172dffdf28919c1c286,"{""distance"":7,""physical_error_rate"":0.001}","{""detection_events"":115067,""detectors_checked"":30689280,""obs_mistake_mask=E"":1}"
     13312,         1,         0,    25.5,exact_mw,d2cc2b129abad1f985b8639603638d6030a837aa2fe57172dffdf28919c1c286,"{""distance"":7,""physical_error_rate"":0.001}","{""detection_events"":40584,""detectors_checked"":10782720,""obs_mistake_mask=E"":1}"
     55296,         5,         0,   111.4,exact_mw,d2cc2b129abad1f985b8639603638d6030a837aa2fe57172dffdf28919c1c286,"{""distance"":7,""physical_error_rate"":0.001}","{""detection_events"":167826,""detectors_checked"":44789760,""obs_mistake_mask=E"":5}"
      6656,         1,         0,    12.3,exact_mw,d2cc2b129abad1f985b8639603638d6030a837aa2fe57172dffdf28919c1c286,"{""distance"":7,""physical_error_rate"":0.001}","{""detection_events"":20433,""detectors_checked"":5391360,""obs_mistake_mask=E"":1}"
       768,         0,         0,    10.1,exact_mw,d2cc2b129abad1f985b8639603638d6030a837aa2fe57172dffdf28919c1c286,"{""distance"":7,""physical_error_rate"":0.001}","{""detection_events"":2412,""detectors_checked"":622080}"
     15680,         2,         0,   120.0,exact_mw,98ed6542f5a75ebddbda0ed622fb597fbc85d0a75d139587b6be9a08147ba42d,"{""distance"":7,""physical_error_rate"":0.002}","{""detection_events"":95058,""detectors_checked"":12700800,""obs_mistake_mask=E"":2}"
      7936,         1,         0,    14.9,exact_mw,d2cc2b129abad1f985b8639603638d6030a837aa2fe57172dffdf28919c1c286,"{""distance"":7,""physical_error_rate"":0.001}","{""detection_events"":23876,""detectors_checked"":6428160,""obs_mistake_mask=E"":1}"
     59392,         1,         0,   116.9,exact_mw,d2cc2b129abad1f985b8639603638d6030a837aa2fe57172dffdf28919c1c286,"{""distance"":7,""physical_error_rate"":0.001}","{""detection_events"":180193,""detectors_checked"":48107520,""obs_mistake_mask=E"":1}"
      2688,         0,         0,    31.4,exact_mw,d2cc2b129abad1f985b8639603638d6030a837aa2fe57172dffdf28919c1c286,"{""distance"":7,""physical_error_rate"":0.001}","{""detection_events"":8033,""detectors_checked"":2177280}"
       256,         0,         0,    4.08,exact_mw,d2cc2b129abad1f985b8639603638d6030a837aa2fe57172dffdf28919c1c286,"{""distance"":7,""physical_error_rate"":0.001}","{""detection_events"":744,""detectors_checked"":207360}"
      2656,         0,         0,    34.0,exact_mw,d2cc2b129abad1f985b8639603638d6030a837aa2fe57172dffdf28919c1c286,"{""distance"":7,""physical_error_rate"":0.001}","{""detection_events"":8264,""detectors_checked"":2151360}"
      7168,         1,         0,    13.1,exact_mw,d2cc2b129abad1f985b8639603638d6030a837aa2fe57172dffdf28919c1c286,"{""distance"":7,""physical_error_rate"":0.001}","{""detection_events"":21852,""detectors_checked"":5806080,""obs_mistake_mask=E"":1}"
     38400,         1,         0,    73.2,exact_mw,d2cc2b129abad1f985b8639603638d6030a837aa2fe57172dffdf28919c1c286,"{""distance"":7,""physical_error_rate"":0.001}","{""detection_events"":116107,""detectors_checked"":31104000,""obs_mistake_mask=E"":1}"
     14400,         1,         0,   120.3,exact_mw,98ed6542f5a75ebddbda0ed622fb597fbc85d0a75d139587b6be9a08147ba42d,"{""distance"":7,""physical_error_rate"":0.002}","{""detection_events"":87522,""detectors_checked"":11664000,""obs_mistake_mask=E"":1}"
      4392,         1,         0,   120.3,exact_mw,98ed6542f5a75ebddbda0ed622fb597fbc85d0a75d139587b6be9a08147ba42d,"{""distance"":7,""physical_error_rate"":0.002}","{""detection_events"":26206,""detectors_checked"":3557520,""obs_mistake_mask=E"":1}"
     15872,         4,         0,   120.7,exact_mw,98ed6542f5a75ebddbda0ed622fb597fbc85d0a75d139587b6be9a08147ba42d,"{""distance"":7,""physical_error_rate"":0.002}","{""detection_events"":95979,""detectors_checked"":12856320,""obs_mistake_mask=E"":4}"
      5280,         1,         0,   120.9,exact_mw,98ed6542f5a75ebddbda0ed622fb597fbc85d0a75d139587b6be9a08147ba42d,"{""distance"":7,""physical_error_rate"":0.002}","{""detection_events"":32103,""detectors_checked"":4276800,""obs_mistake_mask=E"":1}"
      4936,         1,         0,   120.2,exact_mw,98ed6542f5a75ebddbda0ed622fb597fbc85d0a75d139587b6be9a08147ba42d,"{""distance"":7,""physical_error_rate"":0.002}","{""detection_events"":29787,""detectors_checked"":3998160,""obs_mistake_mask=E"":1}"
     14688,         1,         0,   120.5,exact_mw,98ed6542f5a75ebddbda0ed622fb597fbc85d0a75d139587b6be9a08147ba42d,"{""distance"":7,""physical_error_rate"":0.002}","{""detection_events"":89156,""detectors_checked"":11897280,""obs_mistake_mask=E"":1}"
     15680,         0,         0,   120.4,exact_mw,98ed6542f5a75ebddbda0ed622fb597fbc85d0a75d139587b6be9a08147ba42d,"{""distance"":7,""physical_error_rate"":0.002}","{""detection_events"":94625,""detectors_checked"":12700800}"
     15744,         1,         0,   120.3,exact_mw,98ed6542f5a75ebddbda0ed622fb597fbc85d0a75d139587b6be9a08147ba42d,"{""distance"":7,""physical_error_rate"":0.002}","{""detection_events"":94923,""detectors_checked"":12752640,""obs_mistake_mask=E"":1}"
        17,         0,         0,   0.104,exact_mw,98ed6542f5a75ebddbda0ed622fb597fbc85d0a75d139587b6be9a08147ba42d,"{""distance"":7,""physical_error_rate"":0.002}","{""detection_events"":102,""detectors_checked"":13770}"
         1,         0,         0,   0.001,exact_mw,98ed6542f5a75ebddbda0ed622fb597fbc85d0a75d139587b6be9a08147ba42d,"{""distance"":7,""physical_error_rate"":0.002}","{""detection_events"":6,""detectors_checked"":810}"
        16,         0,         0,   0.052,exact_mw,98ed6542f5a75ebddbda0ed622fb597fbc85d0a75d139587b6be9a08147ba42d,"{""distance"":7,""physical_error_rate"":0.002}","{""detection_events"":84,""detectors_checked"":12960}"
        64,         0,         0,   0.499,exact_mw,98ed6542f5a75ebddbda0ed622fb597fbc85d0a75d139587b6be9a08147ba42d,"{""distance"":7,""physical_error_rate"":0.002}","{""detection_events"":381,""detectors_checked"":51840}"
        17,         0,         0,   0.089,exact_mw,98ed6542f5a75ebddbda0ed622fb597fbc85d0a75d139587b6be9a08147ba42d,"{""distance"":7,""physical_error_rate"":0.002}","{""detection_events"":97,""detectors_checked"":13770}"
        17,         0,         0,   0.158,exact_mw,98ed6542f5a75ebddbda0ed622fb597fbc85d0a75d139587b6be9a08147ba42d,"{""distance"":7,""physical_error_rate"":0.002}","{""detection_events"":88,""detectors_checked"":13770}"
        64,         0,         0,   0.576,exact_mw,98ed6542f5a75ebddbda0ed622fb597fbc85d0a75d139587b6be9a08147ba42d,"{""distance"":7,""physical_error_rate"":0.002}","{""detection_events"":414,""detectors_checked"":51840}"
        64,         0,         0,   0.631,exact_mw,98ed6542f5a75ebddbda0ed622fb597fbc85d0a75d139587b6be9a08147ba42d,"{""distance"":7,""physical_error_rate"":0.002}","{""detection_events"":429,""detectors_checked"":51840}"
        32,         0,         0,   0.245,exact_mw,98ed6542f5a75ebddbda0ed622fb597fbc85d0a75d139587b6be9a08147ba42d,"{""distance"":7,""physical_error_rate"":0.002}","{""detection_events"":201,""detectors_checked"":25920}"
       128,         0,         0,   0.938,exact_mw,98ed6542f5a75ebddbda0ed622fb597fbc85d0a75d139587b6be9a08147ba42d,"{""distance"":7,""physical_error_rate"":0.002}","{""detection_events"":785,""detectors_checked"":103680}"
        64,         0,         0,   0.427,exact_mw,98ed6542f5a75ebddbda0ed622fb597fbc85d0a75d139587b6be9a08147ba42d,"{""distance"":7,""physical_error_rate"":0.002}","{""detection_events"":355,""detectors_checked"":51840}"
        64,         1,         0,   0.499,exact_mw,98ed6542f5a75ebddbda0ed622fb597fbc85d0a75d139587b6be9a08147ba42d,"{""distance"":7,""physical_error_rate"":0.002}","{""detection_events"":380,""detectors_checked"":51840,""obs_mistake_mask=E"":1}"
        64,         0,         0,   0.449,exact_mw,98ed6542f5a75ebddbda0ed622fb597fbc85d0a75d139587b6be9a08147ba42d,"{""distance"":7,""physical_error_rate"":0.002}","{""detection_events"":390,""detectors_checked"":51840}"
         1,         0,         0,   0.005,exact_mw,98ed6542f5a75ebddbda0ed622fb597fbc85d0a75d139587b6be9a08147ba42d,"{""distance"":7,""physical_error_rate"":0.002}","{""detection_events"":8,""detectors_checked"":810}"
        64,         0,         0,   0.388,exact_mw,98ed6542f5a75ebddbda0ed622fb597fbc85d0a75d139587b6be9a08147ba42d,"{""distance"":7,""physical_error_rate"":0.002}","{""detection_events"":364,""detectors_checked"":51840}"
        16,         0,         0,   0.165,exact_mw,98ed6542f5a75ebddbda0ed622fb597fbc85d0a75d139587b6be9a08147ba42d,"{""distance"":7,""physical_error_rate"":0.002}","{""detection_events"":126,""detectors_checked"":12960}"
        17,         0,         0,   0.152,exact_mw,98ed6542f5a75ebddbda0ed622fb597fbc85d0a75d139587b6be9a08147ba42d,"{""distance"":7,""physical_error_rate"":0.002}","{""detection_events"":124,""detectors_checked"":13770}"
        64,         0,         0,   0.426,exact_mw,98ed6542f5a75ebddbda0ed622fb597fbc85d0a75d139587b6be9a08147ba42d,"{""distance"":7,""physical_error_rate"":0.002}","{""detection_events"":426,""detectors_checked"":51840}"
        64,         0,         0,   0.557,exact_mw,98ed6542f5a75ebddbda0ed622fb597fbc85d0a75d139587b6be9a08147ba42d,"{""distance"":7,""physical_error_rate"":0.002}","{""detection_events"":378,""detectors_checked"":51840}"
        32,         0,         0,   0.330,exact_mw,98ed6542f5a75ebddbda0ed622fb597fbc85d0a75d139587b6be9a08147ba42d,"{""distance"":7,""physical_error_rate"":0.002}","{""detection_events"":172,""detectors_checked"":25920}"
       128,         0,         0,   0.916,exact_mw,98ed6542f5a75ebddbda0ed622fb597fbc85d0a75d139587b6be9a08147ba42d,"{""distance"":7,""physical_error_rate"":0.002}","{""detection_events"":786,""detectors_checked"":103680}"
        17,         0,         0,   0.080,exact_mw,98ed6542f5a75ebddbda0ed622fb597fbc85d0a75d139587b6be9a08147ba42d,"{""distance"":7,""physical_error_rate"":0.002}","{""detection_events"":91,""detectors_checked"":13770}"
        17,         0,         0,   0.098,exact_mw,98ed6542f5a75ebddbda0ed622fb597fbc85d0a75d139587b6be9a08147ba42d,"{""distance"":7,""physical_error_rate"":0.002}","{""detection_events"":102,""detectors_checked"":13770}"
        64,         0,         0,   0.569,exact_mw,98ed6542f5a75ebddbda0ed622fb597fbc85d0a75d139587b6be9a08147ba42d,"{""distance"":7,""physical_error_rate"":0.002}","{""detection_events"":386,""detectors_checked"":51840}"
        32,         0,         0,   0.239,exact_mw,98ed6542f5a75ebddbda0ed622fb597fbc85d0a75d139587b6be9a08147ba42d,"{""distance"":7,""physical_error_rate"":0.002}","{""detection_events"":208,""detectors_checked"":25920}"
        64,         0,         0,   0.530,exact_mw,98ed6542f5a75ebddbda0ed622fb597fbc85d0a75d139587b6be9a08147ba42d,"{""distance"":7,""physical_error_rate"":0.002}","{""detection_events"":397,""detectors_checked"":51840}"
        64,         0,         0,   0.261,exact_mw,98ed6542f5a75ebddbda0ed622fb597fbc85d0a75d139587b6be9a08147ba42d,"{""distance"":7,""physical_error_rate"":0.002}","{""detection_events"":398,""detectors_checked"":51840}"
        64,         1,         0,   0.647,exact_mw,98ed6542f5a75ebddbda0ed622fb597fbc85d0a75d139587b6be9a08147ba42d,"{""distance"":7,""physical_error_rate"":0.002}","{""detection_events"":398,""detectors_checked"":51840,""obs_mistake_mask=E"":1}"
        64,         0,         0,   0.513,exact_mw,98ed6542f5a75ebddbda0ed622fb597fbc85d0a75d139587b6be9a08147ba42d,"{""distance"":7,""physical_error_rate"":0.002}","{""detection_events"":361,""detectors_checked"":51840}"
        17,         0,         0,   0.090,exact_mw,98ed6542f5a75ebddbda0ed622fb597fbc85d0a75d139587b6be9a08147ba42d,"{""distance"":7,""physical_error_rate"":0.002}","{""detection_events"":94,""detectors_checked"":13770}"
        64,         0,         0,   0.521,exact_mw,98ed6542f5a75ebddbda0ed622fb597fbc85d0a75d139587b6be9a08147ba42d,"{""distance"":7,""physical_error_rate"":0.002}","{""detection_events"":404,""detectors_checked"":51840}"
        64,         0,         0,   0.503,exact_mw,98ed6542f5a75ebddbda0ed622fb597fbc85d0a75d139587b6be9a08147ba42d,"{""distance"":7,""physical_error_rate"":0.002}","{""detection_events"":415,""detectors_checked"":51840}"
        17,         0,         0,   0.178,exact_mw,98ed6542f5a75ebddbda0ed622fb597fbc85d0a75d139587b6be9a08147ba42d,"{""distance"":7,""physical_error_rate"":0.002}","{""detection_events"":121,""detectors_checked"":13770}"
        64,         0,         0,   0.426,exact_mw,98ed6542f5a75ebddbda0ed622fb597fbc85d0a75d139587b6be9a08147ba42d,"{""distance"":7,""physical_error_rate"":0.002}","{""detection_events"":382,""detectors_checked"":51840}"
        64,         0,         0,   0.600,exact_mw,98ed6542f5a75ebddbda0ed622fb597fbc85d0a75d139587b6be9a08147ba42d,"{""distance"":7,""physical_error_rate"":0.002}","{""detection_events"":339,""detectors_checked"":51840}"
        17,         0,         0,   0.140,exact_mw,98ed6542f5a75ebddbda0ed622fb597fbc85d0a75d139587b6be9a08147ba42d,"{""distance"":7,""physical_error_rate"":0.002}","{""detection_events"":101,""detectors_checked"":13770}"
        64,         0,         0,   0.567,exact_mw,98ed6542f5a75ebddbda0ed622fb597fbc85d0a75d139587b6be9a08147ba42d,"{""distance"":7,""physical_error_rate"":0.002}","{""detection_events"":428,""detectors_checked"":51840}"
        32,         0,         0,   0.166,exact_mw,98ed6542f5a75ebddbda0ed622fb597fbc85d0a75d139587b6be9a08147ba42d,"{""distance"":7,""physical_error_rate"":0.002}","{""detection_events"":191,""detectors_checked"":25920}"
       128,         0,         0,   0.615,exact_mw,98ed6542f5a75ebddbda0ed622fb597fbc85d0a75d139587b6be9a08147ba42d,"{""distance"":7,""physical_error_rate"":0.002}","{""detection_events"":834,""detectors_checked"":103680}"
        64,         0,         0,   0.534,exact_mw,98ed6542f5a75ebddbda0ed622fb597fbc85d0a75d139587b6be9a08147ba42d,"{""distance"":7,""physical_error_rate"":0.002}","{""detection_events"":400,""detectors_checked"":51840}"
         1,         0,         0,   0.005,exact_mw,98ed6542f5a75ebddbda0ed622fb597fbc85d0a75d139587b6be9a08147ba42d,"{""distance"":7,""physical_error_rate"":0.002}","{""detection_events"":4,""detectors_checked"":810}"
       128,         0,         0,   0.941,exact_mw,98ed6542f5a75ebddbda0ed622fb597fbc85d0a75d139587b6be9a08147ba42d,"{""distance"":7,""physical_error_rate"":0.002}","{""detection_events"":808,""detectors_checked"":103680}"
        64,         0,         0,   0.438,exact_mw,98ed6542f5a75ebddbda0ed622fb597fbc85d0a75d139587b6be9a08147ba42d,"{""distance"":7,""physical_error_rate"":0.002}","{""detection_events"":404,""detectors_checked"":51840}"
        64,         0,         0,   0.399,exact_mw,98ed6542f5a75ebddbda0ed622fb597fbc85d0a75d139587b6be9a08147ba42d,"{""distance"":7,""physical_error_rate"":0.002}","{""detection_events"":355,""detectors_checked"":51840}"
        16,         0,         0,   0.130,exact_mw,98ed6542f5a75ebddbda0ed622fb597fbc85d0a75d139587b6be9a08147ba42d,"{""distance"":7,""physical_error_rate"":0.002}","{""detection_events"":74,""detectors_checked"":12960}"
        64,         0,         0,   0.369,exact_mw,98ed6542f5a75ebddbda0ed622fb597fbc85d0a75d139587b6be9a08147ba42d,"{""distance"":7,""physical_error_rate"":0.002}","{""detection_events"":339,""detectors_checked"":51840}"
        64,         0,         0,   0.537,exact_mw,98ed6542f5a75ebddbda0ed622fb597fbc85d0a75d139587b6be9a08147ba42d,"{""distance"":7,""physical_error_rate"":0.002}","{""detection_events"":368,""detectors_checked"":51840}"
        64,         0,         0,   0.304,exact_mw,98ed6542f5a75ebddbda0ed622fb597fbc85d0a75d139587b6be9a08147ba42d,"{""distance"":7,""physical_error_rate"":0.002}","{""detection_events"":342,""detectors_checked"":51840}"
        64,         0,         0,   0.659,exact_mw,98ed6542f5a75ebddbda0ed622fb597fbc85d0a75d139587b6be9a08147ba42d,"{""distance"":7,""physical_error_rate"":0.002}","{""detection_events"":395,""detectors_checked"":51840}"
        64,         0,         0,   0.476,exact_mw,98ed6542f5a75ebddbda0ed622fb597fbc85d0a75d139587b6be9a08147ba42d,"{""distance"":7,""physical_error_rate"":0.002}","{""detection_events"":380,""detectors_checked"":51840}"
        64,         0,         0,   0.609,exact_mw,98ed6542f5a75ebddbda0ed622fb597fbc85d0a75d139587b6be9a08147ba42d,"{""distance"":7,""physical_error_rate"":0.002}","{""detection_events"":385,""detectors_checked"":51840}"
        64,         0,         0,   0.539,exact_mw,98ed6542f5a75ebddbda0ed622fb597fbc85d0a75d139587b6be9a08147ba42d,"{""distance"":7,""physical_error_rate"":0.002}","{""detection_events"":392,""detectors_checked"":51840}"
        64,         0,         0,   0.501,exact_mw,98ed6542f5a75ebddbda0ed622fb597fbc85d0a75d139587b6be9a08147ba42d,"{""distance"":7,""physical_error_rate"":0.002}","{""detection_events"":425,""detectors_checked"":51840}"
         1,         0,         0,   0.047,exact_mw,98ed6542f5a75ebddbda0ed622fb597fbc85d0a75d139587b6be9a08147ba42d,"{""distance"":7,""physical_error_rate"":0.002}","{""detection_events"":9,""detectors_checked"":810}"
         8,         0,         0,   0.035,exact_mw,98ed6542f5a75ebddbda0ed622fb597fbc85d0a75d139587b6be9a08147ba42d,"{""distance"":7,""physical_error_rate"":0.002}","{""detection_events"":59,""detectors_checked"":6480}"
        64,         0,         0,   0.522,exact_mw,98ed6542f5a75ebddbda0ed622fb597fbc85d0a75d139587b6be9a08147ba42d,"{""distance"":7,""physical_error_rate"":0.002}","{""detection_events"":394,""detectors_checked"":51840}"
       128,         0,         0,   0.630,exact_mw,98ed6542f5a75ebddbda0ed622fb597fbc85d0a75d139587b6be9a08147ba42d,"{""distance"":7,""physical_error_rate"":0.002}","{""detection_events"":838,""detectors_checked"":103680}"
        64,         0,         0,   0.541,exact_mw,98ed6542f5a75ebddbda0ed622fb597fbc85d0a75d139587b6be9a08147ba42d,"{""distance"":7,""physical_error_rate"":0.002}","{""detection_events"":346,""detectors_checked"":51840}"
        64,         0,         0,   0.335,exact_mw,98ed6542f5a75ebddbda0ed622fb597fbc85d0a75d139587b6be9a08147ba42d,"{""distance"":7,""physical_error_rate"":0.002}","{""detection_events"":367,""detectors_checked"":51840}"
        64,         0,         0,   0.372,exact_mw,98ed6542f5a75ebddbda0ed622fb597fbc85d0a75d139587b6be9a08147ba42d,"{""distance"":7,""physical_error_rate"":0.002}","{""detection_events"":358,""detectors_checked"":51840}"
        17,         0,         0,   0.213,exact_mw,98ed6542f5a75ebddbda0ed622fb597fbc85d0a75d139587b6be9a08147ba42d,"{""distance"":7,""physical_error_rate"":0.002}","{""detection_events"":93,""detectors_checked"":13770}"
        64,         0,         0,   0.530,exact_mw,98ed6542f5a75ebddbda0ed622fb597fbc85d0a75d139587b6be9a08147ba42d,"{""distance"":7,""physical_error_rate"":0.002}","{""detection_events"":413,""detectors_checked"":51840}"
        64,         0,         0,   0.402,exact_mw,98ed6542f5a75ebddbda0ed622fb597fbc85d0a75d139587b6be9a08147ba42d,"{""distance"":7,""physical_error_rate"":0.002}","{""detection_events"":364,""detectors_checked"":51840}"
        64,         0,         0,   0.534,exact_mw,98ed6542f5a75ebddbda0ed622fb597fbc85d0a75d139587b6be9a08147ba42d,"{""distance"":7,""physical_error_rate"":0.002}","{""detection_events"":395,""detectors_checked"":51840}"
         1,         0,         0,   0.006,exact_mw,98ed6542f5a75ebddbda0ed622fb597fbc85d0a75d139587b6be9a08147ba42d,"{""distance"":7,""physical_error_rate"":0.002}","{""detection_events"":14,""detectors_checked"":810}"
        64,         0,         0,   0.465,exact_mw,98ed6542f5a75ebddbda0ed622fb597fbc85d0a75d139587b6be9a08147ba42d,"{""distance"":7,""physical_error_rate"":0.002}","{""detection_events"":388,""detectors_checked"":51840}"
        64,         0,         0,   0.396,exact_mw,98ed6542f5a75ebddbda0ed622fb597fbc85d0a75d139587b6be9a08147ba42d,"{""distance"":7,""physical_error_rate"":0.002}","{""detection_events"":352,""detectors_checked"":51840}"
        64,         0,         0,   0.680,exact_mw,98ed6542f5a75ebddbda0ed622fb597fbc85d0a75d139587b6be9a08147ba42d,"{""distance"":7,""physical_error_rate"":0.002}","{""detection_events"":435,""detectors_checked"":51840}"
        64,         0,         0,   0.571,exact_mw,98ed6542f5a75ebddbda0ed622fb597fbc85d0a75d139587b6be9a08147ba42d,"{""distance"":7,""physical_error_rate"":0.002}","{""detection_events"":402,""detectors_checked"":51840}"
        16,         0,         0,   0.167,exact_mw,98ed6542f5a75ebddbda0ed622fb597fbc85d0a75d139587b6be9a08147ba42d,"{""distance"":7,""physical_error_rate"":0.002}","{""detection_events"":86,""detectors_checked"":12960}"
        32,         0,         0,   0.274,exact_mw,98ed6542f5a75ebddbda0ed622fb597fbc85d0a75d139587b6be9a08147ba42d,"{""distance"":7,""physical_error_rate"":0.002}","{""detection_events"":205,""detectors_checked"":25920}"
        64,         0,         0,   0.468,exact_mw,98ed6542f5a75ebddbda0ed622fb597fbc85d0a75d139587b6be9a08147ba42d,"{""distance"":7,""physical_error_rate"":0.002}","{""detection_events"":428,""detectors_checked"":51840}"
       128,         0,         0,    1.12,exact_mw,98ed6542f5a75ebddbda0ed622fb597fbc85d0a75d139587b6be9a08147ba42d,"{""distance"":7,""physical_error_rate"":0.002}","{""detection_events"":780,""detectors_checked"":103680}"
       128,         0,         0,   0.567,exact_mw,98ed6542f5a75ebddbda0ed622fb597fbc85d0a75d139587b6be9a08147ba42d,"{""distance"":7,""physical_error_rate"":0.002}","{""detection_events"":832,""detectors_checked"":103680}"
        64,         0,         0,   0.241,exact_mw,98ed6542f5a75ebddbda0ed622fb597fbc85d0a75d139587b6be9a08147ba42d,"{""distance"":7,""physical_error_rate"":0.002}","{""detection_events"":370,""detectors_checked"":51840}"
        64,         0,         0,   0.567,exact_mw,98ed6542f5a75ebddbda0ed622fb597fbc85d0a75d139587b6be9a08147ba42d,"{""distance"":7,""physical_error_rate"":0.002}","{""detection_events"":363,""detectors_checked"":51840}"
        64,         0,         0,   0.467,exact_mw,98ed6542f5a75ebddbda0ed622fb597fbc85d0a75d139587b6be9a08147ba42d,"{""distance"":7,""physical_error_rate"":0.002}","{""detection_events"":429,""detectors_checked"":51840}"
         1,         0,         0,   0.005,exact_mw,98ed6542f5a75ebddbda0ed622fb597fbc85d0a75d139587b6be9a08147ba42d,"{""distance"":7,""physical_error_rate"":0.002}","{""detection_events"":6,""detectors_checked"":810}"
        32,         0,         0,   0.243,exact_mw,98ed6542f5a75ebddbda0ed622fb597fbc85d0a75d139587b6be9a08147ba42d,"{""distance"":7,""physical_error_rate"":0.002}","{""detection_events"":221,""detectors_checked"":25920}"
         1,         0,         0,   0.035,exact_mw,98ed6542f5a75ebddbda0ed622fb597fbc85d0a75d139587b6be9a08147ba42d,"{""distance"":7,""physical_error_rate"":0.002}","{""detection_events"":8,""detectors_checked"":810}"
        64,         0,         0,   0.484,exact_mw,98ed6542f5a75ebddbda0ed622fb597fbc85d0a75d139587b6be9a08147ba42d,"{""distance"":7,""physical_error_rate"":0.002}","{""detection_events"":350,""detectors_checked"":51840}"
        64,         0,         0,   0.478,exact_mw,98ed6542f5a75ebddbda0ed622fb597fbc85d0a75d139587b6be9a08147ba42d,"{""distance"":7,""physical_error_rate"":0.002}","{""detection_events"":403,""detectors_checked"":51840}"
        16,         0,         0,   0.107,exact_mw,98ed6542f5a75ebddbda0ed622fb597fbc85d0a75d139587b6be9a08147ba42d,"{""distance"":7,""physical_error_rate"":0.002}","{""detection_events"":109,""detectors_checked"":12960}"
        16,         0,         0,   0.120,exact_mw,98ed6542f5a75ebddbda0ed622fb597fbc85d0a75d139587b6be9a08147ba42d,"{""distance"":7,""physical_error_rate"":0.002}","{""detection_events"":100,""detectors_checked"":12960}"
        64,         0,         0,   0.510,exact_mw,98ed6542f5a75ebddbda0ed622fb597fbc85d0a75d139587b6be9a08147ba42d,"{""distance"":7,""physical_error_rate"":0.002}","{""detection_events"":396,""detectors_checked"":51840}"
        64,         0,         0,   0.580,exact_mw,98ed6542f5a75ebddbda0ed622fb597fbc85d0a75d139587b6be9a08147ba42d,"{""distance"":7,""physical_error_rate"":0.002}","{""detection_events"":395,""detectors_checked"":51840}"
        64,         0,         0,   0.413,exact_mw,98ed6542f5a75ebddbda0ed622fb597fbc85d0a75d139587b6be9a08147ba42d,"{""distance"":7,""physical_error_rate"":0.002}","{""detection_events"":359,""detectors_checked"":51840}"
        64,         0,         0,   0.373,exact_mw,98ed6542f5a75ebddbda0ed622fb597fbc85d0a75d139587b6be9a08147ba42d,"{""distance"":7,""physical_error_rate"":0.002}","{""detection_events"":397,""detectors_checked"":51840}"
        64,         0,         0,   0.634,exact_mw,98ed6542f5a75ebddbda0ed622fb597fbc85d0a75d139587b6be9a08147ba42d,"{""distance"":7,""physical_error_rate"":0.002}","{""detection_events"":383,""detectors_checked"":51840}"
        64,         0,         0,   0.656,exact_mw,98ed6542f5a75ebddbda0ed622fb597fbc85d0a75d139587b6be9a08147ba42d,"{""distance"":7,""physical_error_rate"":0.002}","{""detection_events"":402,""detectors_checked"":51840}"
       128,         0,         0,    1.19,exact_mw,98ed6542f5a75ebddbda0ed622fb597fbc85d0a75d139587b6be9a08147ba42d,"{""distance"":7,""physical_error_rate"":0.002}","{""detection_events"":814,""detectors_checked"":103680}"
        64,         0,         0,   0.476,exact_mw,98ed6542f5a75ebddbda0ed622fb597fbc85d0a75d139587b6be9a08147ba42d,"{""distance"":7,""physical_error_rate"":0.002}","{""detection_events"":383,""detectors_checked"":51840}"
        17,         0,         0,   0.241,exact_mw,98ed6542f5a75ebddbda0ed622fb597fbc85d0a75d139587b6be9a08147ba42d,"{""distance"":7,""physical_error_rate"":0.002}","{""detection_events"":114,""detectors_checked"":13770}"
        64,         0,         0,   0.527,exact_mw,98ed6542f5a75ebddbda0ed622fb597fbc85d0a75d139587b6be9a08147ba42d,"{""distance"":7,""physical_error_rate"":0.002}","{""detection_events"":391,""detectors_checked"":51840}"
         1,         0,         0,   0.005,exact_mw,98ed6542f5a75ebddbda0ed622fb597fbc85d0a75d139587b6be9a08147ba42d,"{""distance"":7,""physical_error_rate"":0.002}","{""detection_events"":10,""detectors_checked"":810}"
        64,         0,         0,   0.393,exact_mw,98ed6542f5a75ebddbda0ed622fb597fbc85d0a75d139587b6be9a08147ba42d,"{""distance"":7,""physical_error_rate"":0.002}","{""detection_events"":343,""detectors_checked"":51840}"
        64,         0,         0,   0.545,exact_mw,98ed6542f5a75ebddbda0ed622fb597fbc85d0a75d139587b6be9a08147ba42d,"{""distance"":7,""physical_error_rate"":0.002}","{""detection_events"":391,""detectors_checked"":51840}"
        64,         0,         0,   0.393,exact_mw,98ed6542f5a75ebddbda0ed622fb597fbc85d0a75d139587b6be9a08147ba42d,"{""distance"":7,""physical_error_rate"":0.002}","{""detection_events"":364,""detectors_checked"":51840}"
       128,         0,         0,   0.729,exact_mw,98ed6542f5a75ebddbda0ed622fb597fbc85d0a75d139587b6be9a08147ba42d,"{""distance"":7,""physical_error_rate"":0.002}","{""detection_events"":792,""detectors_checked"":103680}"
        16,         0,         0,   0.062,exact_mw,98ed6542f5a75ebddbda0ed622fb597fbc85d0a75d139587b6be9a08147ba42d,"{""distance"":7,""physical_error_rate"":0.002}","{""detection_events"":97,""detectors_checked"":12960}"
        64,         0,         0,   0.414,exact_mw,98ed6542f5a75ebddbda0ed622fb597fbc85d0a75d139587b6be9a08147ba42d,"{""distance"":7,""physical_error_rate"":0.002}","{""detection_events"":378,""detectors_checked"":51840}"
        64,         0,         0,   0.506,exact_mw,98ed6542f5a75ebddbda0ed622fb597fbc85d0a75d139587b6be9a08147ba42d,"{""distance"":7,""physical_error_rate"":0.002}","{""detection_events"":395,""detectors_checked"":51840}"
        64,         0,         0,   0.637,exact_mw,98ed6542f5a75ebddbda0ed622fb597fbc85d0a75d139587b6be9a08147ba42d,"{""distance"":7,""physical_error_rate"":0.002}","{""detection_events"":403,""detectors_checked"":51840}"
        64,         0,         0,   0.480,exact_mw,98ed6542f5a75ebddbda0ed622fb597fbc85d0a75d139587b6be9a08147ba42d,"{""distance"":7,""physical_error_rate"":0.002}","{""detection_events"":387,""detectors_checked"":51840}"
       128,         0,         0,   0.838,exact_mw,98ed6542f5a75ebddbda0ed622fb597fbc85d0a75d139587b6be9a08147ba42d,"{""distance"":7,""physical_error_rate"":0.002}","{""detection_events"":764,""detectors_checked"":103680}"
        64,         0,         0,   0.600,exact_mw,98ed6542f5a75ebddbda0ed622fb597fbc85d0a75d139587b6be9a08147ba42d,"{""distance"":7,""physical_error_rate"":0.002}","{""detection_events"":383,""detectors_checked"":51840}"
        64,         0,         0,   0.460,exact_mw,98ed6542f5a75ebddbda0ed622fb597fbc85d0a75d139587b6be9a08147ba42d,"{""distance"":7,""physical_error_rate"":0.002}","{""detection_events"":420,""detectors_checked"":51840}"
        64,         0,         0,   0.438,exact_mw,98ed6542f5a75ebddbda0ed622fb597fbc85d0a75d139587b6be9a08147ba42d,"{""distance"":7,""physical_error_rate"":0.002}","{""detection_events"":342,""detectors_checked"":51840}"
        17,         0,         0,   0.108,exact_mw,98ed6542f5a75ebddbda0ed622fb597fbc85d0a75d139587b6be9a08147ba42d,"{""distance"":7,""physical_error_rate"":0.002}","{""detection_events"":92,""detectors_checked"":13770}"
        32,         0,         0,   0.433,exact_mw,98ed6542f5a75ebddbda0ed622fb597fbc85d0a75d139587b6be9a08147ba42d,"{""distance"":7,""physical_error_rate"":0.002}","{""detection_events"":201,""detectors_checked"":25920}"
        17,         0,         0,   0.057,exact_mw,98ed6542f5a75ebddbda0ed622fb597fbc85d0a75d139587b6be9a08147ba42d,"{""distance"":7,""physical_error_rate"":0.002}","{""detection_events"":114,""detectors_checked"":13770}"
       192,         0,         0,   0.889,exact_mw,98ed6542f5a75ebddbda0ed622fb597fbc85d0a75d139587b6be9a08147ba42d,"{""distance"":7,""physical_error_rate"":0.002}","{""detection_events"":1062,""detectors_checked"":155520}"
       128,         0,         0,    1.02,exact_mw,98ed6542f5a75ebddbda0ed622fb597fbc85d0a75d139587b6be9a08147ba42d,"{""distance"":7,""physical_error_rate"":0.002}","{""detection_events"":764,""detectors_checked"":103680}"
        64,         0,         0,   0.415,exact_mw,98ed6542f5a75ebddbda0ed622fb597fbc85d0a75d139587b6be9a08147ba42d,"{""distance"":7,""physical_error_rate"":0.002}","{""detection_events"":437,""detectors_checked"":51840}"
        64,         0,         0,   0.536,exact_mw,98ed6542f5a75ebddbda0ed622fb597fbc85d0a75d139587b6be9a08147ba42d,"{""distance"":7,""physical_error_rate"":0.002}","{""detection_events"":393,""detectors_checked"":51840}"
        64,         0,         0,   0.370,exact_mw,98ed6542f5a75ebddbda0ed622fb597fbc85d0a75d139587b6be9a08147ba42d,"{""distance"":7,""physical_error_rate"":0.002}","{""detection_events"":336,""detectors_checked"":51840}"
        64,         0,         0,   0.522,exact_mw,98ed6542f5a75ebddbda0ed622fb597fbc85d0a75d139587b6be9a08147ba42d,"{""distance"":7,""physical_error_rate"":0.002}","{""detection_events"":394,""detectors_checked"":51840}"
        32,         0,         0,   0.190,exact_mw,98ed6542f5a75ebddbda0ed622fb597fbc85d0a75d139587b6be9a08147ba42d,"{""distance"":7,""physical_error_rate"":0.002}","{""detection_events"":203,""detectors_checked"":25920}"
        64,         0,         0,   0.656,exact_mw,98ed6542f5a75ebddbda0ed622fb597fbc85d0a75d139587b6be9a08147ba42d,"{""distance"":7,""physical_error_rate"":0.002}","{""detection_events"":377,""detectors_checked"":51840}"
        64,         0,         0,   0.440,exact_mw,98ed6542f5a75ebddbda0ed622fb597fbc85d0a75d139587b6be9a08147ba42d,"{""distance"":7,""physical_error_rate"":0.002}","{""detection_events"":363,""detectors_checked"":51840}"
        64,         0,         0,   0.524,exact_mw,98ed6542f5a75ebddbda0ed622fb597fbc85d0a75d139587b6be9a08147ba42d,"{""distance"":7,""physical_error_rate"":0.002}","{""detection_events"":390,""detectors_checked"":51840}"
         1,         0,         0,   0.011,exact_mw,98ed6542f5a75ebddbda0ed622fb597fbc85d0a75d139587b6be9a08147ba42d,"{""distance"":7,""physical_error_rate"":0.002}","{""detection_events"":11,""detectors_checked"":810}"
        64,         0,         0,   0.314,exact_mw,98ed6542f5a75ebddbda0ed622fb597fbc85d0a75d139587b6be9a08147ba42d,"{""distance"":7,""physical_error_rate"":0.002}","{""detection_events"":414,""detectors_checked"":51840}"
        64,         0,         0,   0.529,exact_mw,98ed6542f5a75ebddbda0ed622fb597fbc85d0a75d139587b6be9a08147ba42d,"{""distance"":7,""physical_error_rate"":0.002}","{""detection_events"":436,""detectors_checked"":51840}"
        64,         0,         0,   0.507,exact_mw,98ed6542f5a75ebddbda0ed622fb597fbc85d0a75d139587b6be9a08147ba42d,"{""distance"":7,""physical_error_rate"":0.002}","{""detection_events"":359,""detectors_checked"":51840}"
        64,         0,         0,   0.474,exact_mw,98ed6542f5a75ebddbda0ed622fb597fbc85d0a75d139587b6be9a08147ba42d,"{""distance"":7,""physical_error_rate"":0.002}","{""detection_events"":403,""detectors_checked"":51840}"
        64,         0,         0,   0.673,exact_mw,98ed6542f5a75ebddbda0ed622fb597fbc85d0a75d139587b6be9a08147ba42d,"{""distance"":7,""physical_error_rate"":0.002}","{""detection_events"":424,""detectors_checked"":51840}"
        64,         0,         0,   0.439,exact_mw,98ed6542f5a75ebddbda0ed622fb597fbc85d0a75d139587b6be9a08147ba42d,"{""distance"":7,""physical_error_rate"":0.002}","{""detection_events"":383,""detectors_checked"":51840}"
        16,         0,         0,   0.219,exact_mw,98ed6542f5a75ebddbda0ed622fb597fbc85d0a75d139587b6be9a08147ba42d,"{""distance"":7,""physical_error_rate"":0.002}","{""detection_events"":99,""detectors_checked"":12960}"
       128,         0,         0,   0.946,exact_mw,98ed6542f5a75ebddbda0ed622fb597fbc85d0a75d139587b6be9a08147ba42d,"{""distance"":7,""physical_error_rate"":0.002}","{""detection_events"":789,""detectors_checked"":103680}"
       128,         0,         0,   0.802,exact_mw,98ed6542f5a75ebddbda0ed622fb597fbc85d0a75d139587b6be9a08147ba42d,"{""distance"":7,""physical_error_rate"":0.002}","{""detection_events"":789,""detectors_checked"":103680}"
        64,         0,         0,   0.348,exact_mw,98ed6542f5a75ebddbda0ed622fb597fbc85d0a75d139587b6be9a08147ba42d,"{""distance"":7,""physical_error_rate"":0.002}","{""detection_events"":359,""detectors_checked"":51840}"
       128,         0,         0,   0.554,exact_mw,98ed6542f5a75ebddbda0ed622fb597fbc85d0a75d139587b6be9a08147ba42d,"{""distance"":7,""physical_error_rate"":0.002}","{""detection_events"":843,""detectors_checked"":103680}"
        64,         0,         0,   0.425,exact_mw,98ed6542f5a75ebddbda0ed622fb597fbc85d0a75d139587b6be9a08147ba42d,"{""distance"":7,""physical_error_rate"":0.002}","{""detection_events"":392,""detectors_checked"":51840}"
        64,         0,         0,   0.456,exact_mw,98ed6542f5a75ebddbda0ed622fb597fbc85d0a75d139587b6be9a08147ba42d,"{""distance"":7,""physical_error_rate"":0.002}","{""detection_events"":404,""detectors_checked"":51840}"
        32,         0,         0,   0.232,exact_mw,98ed6542f5a75ebddbda0ed622fb597fbc85d0a75d139587b6be9a08147ba42d,"{""distance"":7,""physical_error_rate"":0.002}","{""detection_events"":165,""detectors_checked"":25920}"
        64,         0,         0,   0.537,exact_mw,98ed6542f5a75ebddbda0ed622fb597fbc85d0a75d139587b6be9a08147ba42d,"{""distance"":7,""physical_error_rate"":0.002}","{""detection_events"":347,""detectors_checked"":51840}"
        64,         0,         0,   0.467,exact_mw,98ed6542f5a75ebddbda0ed622fb597fbc85d0a75d139587b6be9a08147ba42d,"{""distance"":7,""physical_error_rate"":0.002}","{""detection_events"":406,""detectors_checked"":51840}"
        64,         0,         0,   0.418,exact_mw,98ed6542f5a75ebddbda0ed622fb597fbc85d0a75d139587b6be9a08147ba42d,"{""distance"":7,""physical_error_rate"":0.002}","{""detection_events"":389,""detectors_checked"":51840}"
        64,         0,         0,   0.394,exact_mw,98ed6542f5a75ebddbda0ed622fb597fbc85d0a75d139587b6be9a08147ba42d,"{""distance"":7,""physical_error_rate"":0.002}","{""detection_events"":371,""detectors_checked"":51840}"
        64,         0,         0,   0.692,exact_mw,98ed6542f5a75ebddbda0ed622fb597fbc85d0a75d139587b6be9a08147ba42d,"{""distance"":7,""physical_error_rate"":0.002}","{""detection_events"":397,""detectors_checked"":51840}"
        64,         0,         0,   0.496,exact_mw,98ed6542f5a75ebddbda0ed622fb597fbc85d0a75d139587b6be9a08147ba42d,"{""distance"":7,""physical_error_rate"":0.002}","{""detection_events"":380,""detectors_checked"":51840}"
       128,         0,         0,    1.04,exact_mw,98ed6542f5a75ebddbda0ed622fb597fbc85d0a75d139587b6be9a08147ba42d,"{""distance"":7,""physical_error_rate"":0.002}","{""detection_events"":776,""detectors_checked"":103680}"
        64,         0,         0,   0.472,exact_mw,98ed6542f5a75ebddbda0ed622fb597fbc85d0a75d139587b6be9a08147ba42d,"{""distance"":7,""physical_error_rate"":0.002}","{""detection_events"":408,""detectors_checked"":51840}"
        64,         0,         0,   0.709,exact_mw,98ed6542f5a75ebddbda0ed622fb597fbc85d0a75d139587b6be9a08147ba42d,"{""distance"":7,""physical_error_rate"":0.002}","{""detection_events"":446,""detectors_checked"":51840}"
        64,         0,         0,   0.672,exact_mw,98ed6542f5a75ebddbda0ed622fb597fbc85d0a75d139587b6be9a08147ba42d,"{""distance"":7,""physical_error_rate"":0.002}","{""detection_events"":397,""detectors_checked"":51840}"
       128,         0,         0,    1.20,exact_mw,98ed6542f5a75ebddbda0ed622fb597fbc85d0a75d139587b6be9a08147ba42d,"{""distance"":7,""physical_error_rate"":0.002}","{""detection_events"":906,""detectors_checked"":103680}"
        64,         0,         0,   0.673,exact_mw,98ed6542f5a75ebddbda0ed622fb597fbc85d0a75d139587b6be9a08147ba42d,"{""distance"":7,""physical_error_rate"":0.002}","{""detection_events"":398,""detectors_checked"":51840}"
        64,         0,         0,   0.630,exact_mw,98ed6542f5a75ebddbda0ed622fb597fbc85d0a75d139587b6be9a08147ba42d,"{""distance"":7,""physical_error_rate"":0.002}","{""detection_events"":389,""detectors_checked"":51840}"
       128,         0,         0,   0.896,exact_mw,98ed6542f5a75ebddbda0ed622fb597fbc85d0a75d139587b6be9a08147ba42d,"{""distance"":7,""physical_error_rate"":0.002}","{""detection_events"":874,""detectors_checked"":103680}"
        64,         0,         0,   0.455,exact_mw,98ed6542f5a75ebddbda0ed622fb597fbc85d0a75d139587b6be9a08147ba42d,"{""distance"":7,""physical_error_rate"":0.002}","{""detection_events"":396,""detectors_checked"":51840}"
        17,         0,         0,   0.131,exact_mw,98ed6542f5a75ebddbda0ed622fb597fbc85d0a75d139587b6be9a08147ba42d,"{""distance"":7,""physical_error_rate"":0.002}","{""detection_events"":111,""detectors_checked"":13770}"
        64,         0,         0,   0.400,exact_mw,98ed6542f5a75ebddbda0ed622fb597fbc85d0a75d139587b6be9a08147ba42d,"{""distance"":7,""physical_error_rate"":0.002}","{""detection_events"":331,""detectors_checked"":51840}"
       128,         0,         0,   0.510,exact_mw,98ed6542f5a75ebddbda0ed622fb597fbc85d0a75d139587b6be9a08147ba42d,"{""distance"":7,""physical_error_rate"":0.002}","{""detection_events"":801,""detectors_checked"":103680}"
       128,         0,         0,    1.05,exact_mw,98ed6542f5a75ebddbda0ed622fb597fbc85d0a75d139587b6be9a08147ba42d,"{""distance"":7,""physical_error_rate"":0.002}","{""detection_events"":827,""detectors_checked"":103680}"
         1,         0,         0,   0.004,exact_mw,98ed6542f5a75ebddbda0ed622fb597fbc85d0a75d139587b6be9a08147ba42d,"{""distance"":7,""physical_error_rate"":0.002}","{""detection_events"":8,""detectors_checked"":810}"
        64,         0,         0,   0.306,exact_mw,98ed6542f5a75ebddbda0ed622fb597fbc85d0a75d139587b6be9a08147ba42d,"{""distance"":7,""physical_error_rate"":0.002}","{""detection_events"":358,""detectors_checked"":51840}"
        64,         0,         0,   0.460,exact_mw,98ed6542f5a75ebddbda0ed622fb597fbc85d0a75d139587b6be9a08147ba42d,"{""distance"":7,""physical_error_rate"":0.002}","{""detection_events"":370,""detectors_checked"":51840}"
       128,         0,         0,   0.776,exact_mw,98ed6542f5a75ebddbda0ed622fb597fbc85d0a75d139587b6be9a08147ba42d,"{""distance"":7,""physical_error_rate"":0.002}","{""detection_events"":765,""detectors_checked"":103680}"
       128,         0,         0,   0.791,exact_mw,98ed6542f5a75ebddbda0ed622fb597fbc85d0a75d139587b6be9a08147ba42d,"{""distance"":7,""physical_error_rate"":0.002}","{""detection_events"":811,""detectors_checked"":103680}"
        64,         0,         0,   0.415,exact_mw,98ed6542f5a75ebddbda0ed622fb597fbc85d0a75d139587b6be9a08147ba42d,"{""distance"":7,""physical_error_rate"":0.002}","{""detection_events"":357,""detectors_checked"":51840}"
        16,         0,         0,   0.138,exact_mw,98ed6542f5a75ebddbda0ed622fb597fbc85d0a75d139587b6be9a08147ba42d,"{""distance"":7,""physical_error_rate"":0.002}","{""detection_events"":92,""detectors_checked"":12960}"
        64,         0,         0,   0.427,exact_mw,98ed6542f5a75ebddbda0ed622fb597fbc85d0a75d139587b6be9a08147ba42d,"{""distance"":7,""physical_error_rate"":0.002}","{""detection_events"":375,""detectors_checked"":51840}"
        64,         0,         0,   0.453,exact_mw,98ed6542f5a75ebddbda0ed622fb597fbc85d0a75d139587b6be9a08147ba42d,"{""distance"":7,""physical_error_rate"":0.002}","{""detection_events"":368,""detectors_checked"":51840}"
        64,         0,         0,   0.644,exact_mw,98ed6542f5a75ebddbda0ed622fb597fbc85d0a75d139587b6be9a08147ba42d,"{""distance"":7,""physical_error_rate"":0.002}","{""detection_events"":367,""detectors_checked"":51840}"
        64,         0,         0,   0.343,exact_mw,98ed6542f5a75ebddbda0ed622fb597fbc85d0a75d139587b6be9a08147ba42d,"{""distance"":7,""physical_error_rate"":0.002}","{""detection_events"":358,""detectors_checked"":51840}"
        64,         0,         0,   0.489,exact_mw,98ed6542f5a75ebddbda0ed622fb597fbc85d0a75d139587b6be9a08147ba42d,"{""distance"":7,""physical_error_rate"":0.002}","{""detection_events"":373,""detectors_checked"":51840}"
        64,         0,         0,   0.731,exact_mw,98ed6542f5a75ebddbda0ed622fb597fbc85d0a75d139587b6be9a08147ba42d,"{""distance"":7,""physical_error_rate"":0.002}","{""detection_events"":386,""detectors_checked"":51840}"
        64,         0,         0,   0.458,exact_mw,98ed6542f5a75ebddbda0ed622fb597fbc85d0a75d139587b6be9a08147ba42d,"{""distance"":7,""physical_error_rate"":0.002}","{""detection_events"":359,""detectors_checked"":51840}"
        64,         0,         0,   0.759,exact_mw,98ed6542f5a75ebddbda0ed622fb597fbc85d0a75d139587b6be9a08147ba42d,"{""distance"":7,""physical_error_rate"":0.002}","{""detection_events"":422,""detectors_checked"":51840}"
       128,         0,         0,   0.435,exact_mw,98ed6542f5a75ebddbda0ed622fb597fbc85d0a75d139587b6be9a08147ba42d,"{""distance"":7,""physical_error_rate"":0.002}","{""detection_events"":729,""detectors_checked"":103680}"
        64,         0,         0,   0.726,exact_mw,98ed6542f5a75ebddbda0ed622fb597fbc85d0a75d139587b6be9a08147ba42d,"{""distance"":7,""physical_error_rate"":0.002}","{""detection_events"":408,""detectors_checked"":51840}"
       128,         0,         0,   0.813,exact_mw,98ed6542f5a75ebddbda0ed622fb597fbc85d0a75d139587b6be9a08147ba42d,"{""distance"":7,""physical_error_rate"":0.002}","{""detection_events"":761,""detectors_checked"":103680}"
        64,         0,         0,   0.633,exact_mw,98ed6542f5a75ebddbda0ed622fb597fbc85d0a75d139587b6be9a08147ba42d,"{""distance"":7,""physical_error_rate"":0.002}","{""detection_events"":326,""detectors_checked"":51840}"
        64,         0,         0,   0.415,exact_mw,98ed6542f5a75ebddbda0ed622fb597fbc85d0a75d139587b6be9a08147ba42d,"{""distance"":7,""physical_error_rate"":0.002}","{""detection_events"":378,""detectors_checked"":51840}"
       128,         0,         0,   0.898,exact_mw,98ed6542f5a75ebddbda0ed622fb597fbc85d0a75d139587b6be9a08147ba42d,"{""distance"":7,""physical_error_rate"":0.002}","{""detection_events"":705,""detectors_checked"":103680}"
        64,         0,         0,   0.618,exact_mw,98ed6542f5a75ebddbda0ed622fb597fbc85d0a75d139587b6be9a08147ba42d,"{""distance"":7,""physical_error_rate"":0.002}","{""detection_events"":420,""detectors_checked"":51840}"
       128,         0,         0,   0.818,exact_mw,98ed6542f5a75ebddbda0ed622fb597fbc85d0a75d139587b6be9a08147ba42d,"{""distance"":7,""physical_error_rate"":0.002}","{""detection_events"":775,""detectors_checked"":103680}"
        64,         0,         0,   0.440,exact_mw,98ed6542f5a75ebddbda0ed622fb597fbc85d0a75d139587b6be9a08147ba42d,"{""distance"":7,""physical_error_rate"":0.002}","{""detection_events"":377,""detectors_checked"":51840}"
        64,         0,         0,   0.341,exact_mw,98ed6542f5a75ebddbda0ed622fb597fbc85d0a75d139587b6be9a08147ba42d,"{""distance"":7,""physical_error_rate"":0.002}","{""detection_events"":397,""detectors_checked"":51840}"
        64,         0,         0,   0.379,exact_mw,98ed6542f5a75ebddbda0ed622fb597fbc85d0a75d139587b6be9a08147ba42d,"{""distance"":7,""physical_error_rate"":0.002}","{""detection_events"":362,""detectors_checked"":51840}"
       128,         0,         0,   0.832,exact_mw,98ed6542f5a75ebddbda0ed622fb597fbc85d0a75d139587b6be9a08147ba42d,"{""distance"":7,""physical_error_rate"":0.002}","{""detection_events"":714,""detectors_checked"":103680}"
       128,         0,         0,   0.864,exact_mw,98ed6542f5a75ebddbda0ed622fb597fbc85d0a75d139587b6be9a08147ba42d,"{""distance"":7,""physical_error_rate"":0.002}","{""detection_events"":775,""detectors_checked"":103680}"
        64,         0,         0,   0.488,exact_mw,98ed6542f5a75ebddbda0ed622fb597fbc85d0a75d139587b6be9a08147ba42d,"{""distance"":7,""physical_error_rate"":0.002}","{""detection_events"":406,""detectors_checked"":51840}"
         1,         0,         0,   0.001,exact_mw,98ed6542f5a75ebddbda0ed622fb597fbc85d0a75d139587b6be9a08147ba42d,"{""distance"":7,""physical_error_rate"":0.002}","{""detectors_checked"":810}"
        64,         0,         0,   0.599,exact_mw,98ed6542f5a75ebddbda0ed622fb597fbc85d0a75d139587b6be9a08147ba42d,"{""distance"":7,""physical_error_rate"":0.002}","{""detection_events"":398,""detectors_checked"":51840}"
        16,         0,         0,   0.038,exact_mw,98ed6542f5a75ebddbda0ed622fb597fbc85d0a75d139587b6be9a08147ba42d,"{""distance"":7,""physical_error_rate"":0.002}","{""detection_events"":71,""detectors_checked"":12960}"
        64,         0,         0,   0.485,exact_mw,98ed6542f5a75ebddbda0ed622fb597fbc85d0a75d139587b6be9a08147ba42d,"{""distance"":7,""physical_error_rate"":0.002}","{""detection_events"":358,""detectors_checked"":51840}"
        64,         0,         0,   0.653,exact_mw,98ed6542f5a75ebddbda0ed622fb597fbc85d0a75d139587b6be9a08147ba42d,"{""distance"":7,""physical_error_rate"":0.002}","{""detection_events"":384,""detectors_checked"":51840}"
       128,         0,         0,   0.467,exact_mw,98ed6542f5a75ebddbda0ed622fb597fbc85d0a75d139587b6be9a08147ba42d,"{""distance"":7,""physical_error_rate"":0.002}","{""detection_events"":761,""detectors_checked"":103680}"
        64,         0,         0,   0.411,exact_mw,98ed6542f5a75ebddbda0ed622fb597fbc85d0a75d139587b6be9a08147ba42d,"{""distance"":7,""physical_error_rate"":0.002}","{""detection_events"":308,""detectors_checked"":51840}"
        64,         0,         0,   0.565,exact_mw,98ed6542f5a75ebddbda0ed622fb597fbc85d0a75d139587b6be9a08147ba42d,"{""distance"":7,""physical_error_rate"":0.002}","{""detection_events"":417,""detectors_checked"":51840}"
        64,         0,         0,   0.697,exact_mw,98ed6542f5a75ebddbda0ed622fb597fbc85d0a75d139587b6be9a08147ba42d,"{""distance"":7,""physical_error_rate"":0.002}","{""detection_events"":365,""detectors_checked"":51840}"
        64,         0,         0,   0.566,exact_mw,98ed6542f5a75ebddbda0ed622fb597fbc85d0a75d139587b6be9a08147ba42d,"{""distance"":7,""physical_error_rate"":0.002}","{""detection_events"":389,""detectors_checked"":51840}"
        64,         0,         0,   0.611,exact_mw,98ed6542f5a75ebddbda0ed622fb597fbc85d0a75d139587b6be9a08147ba42d,"{""distance"":7,""physical_error_rate"":0.002}","{""detection_events"":379,""detectors_checked"":51840}"
       128,         0,         0,   0.952,exact_mw,98ed6542f5a75ebddbda0ed622fb597fbc85d0a75d139587b6be9a08147ba42d,"{""distance"":7,""physical_error_rate"":0.002}","{""detection_events"":788,""detectors_checked"":103680}"
        64,         0,         0,   0.415,exact_mw,98ed6542f5a75ebddbda0ed622fb597fbc85d0a75d139587b6be9a08147ba42d,"{""distance"":7,""physical_error_rate"":0.002}","{""detection_events"":321,""detectors_checked"":51840}"
        64,         0,         0,   0.610,exact_mw,98ed6542f5a75ebddbda0ed622fb597fbc85d0a75d139587b6be9a08147ba42d,"{""distance"":7,""physical_error_rate"":0.002}","{""detection_events"":439,""detectors_checked"":51840}"
        64,         0,         0,   0.503,exact_mw,98ed6542f5a75ebddbda0ed622fb597fbc85d0a75d139587b6be9a08147ba42d,"{""distance"":7,""physical_error_rate"":0.002}","{""detection_events"":406,""detectors_checked"":51840}"
       128,         0,         0,   0.866,exact_mw,98ed6542f5a75ebddbda0ed622fb597fbc85d0a75d139587b6be9a08147ba42d,"{""distance"":7,""physical_error_rate"":0.002}","{""detection_events"":720,""detectors_checked"":103680}"
        64,         0,         0,   0.611,exact_mw,98ed6542f5a75ebddbda0ed622fb597fbc85d0a75d139587b6be9a08147ba42d,"{""distance"":7,""physical_error_rate"":0.002}","{""detection_events"":399,""detectors_checked"":51840}"
        64,         0,         0,   0.545,exact_mw,98ed6542f5a75ebddbda0ed622fb597fbc85d0a75d139587b6be9a08147ba42d,"{""distance"":7,""physical_error_rate"":0.002}","{""detection_events"":416,""detectors_checked"":51840}"
        64,         0,         0,   0.405,exact_mw,98ed6542f5a75ebddbda0ed622fb597fbc85d0a75d139587b6be9a08147ba42d,"{""distance"":7,""physical_error_rate"":0.002}","{""detection_events"":323,""detectors_checked"":51840}"
         1,         0,         0,   0.004,exact_mw,98ed6542f5a75ebddbda0ed622fb597fbc85d0a75d139587b6be9a08147ba42d,"{""distance"":7,""physical_error_rate"":0.002}","{""detection_events"":6,""detectors_checked"":810}"
        64,         0,         0,   0.379,exact_mw,98ed6542f5a75ebddbda0ed622fb597fbc85d0a75d139587b6be9a08147ba42d,"{""distance"":7,""physical_error_rate"":0.002}","{""detection_events"":406,""detectors_checked"":51840}"
       128,         0,         0,   0.762,exact_mw,98ed6542f5a75ebddbda0ed622fb597fbc85d0a75d139587b6be9a08147ba42d,"{""distance"":7,""physical_error_rate"":0.002}","{""detection_events"":733,""detectors_checked"":103680}"
        64,         0,         0,   0.472,exact_mw,98ed6542f5a75ebddbda0ed622fb597fbc85d0a75d139587b6be9a08147ba42d,"{""distance"":7,""physical_error_rate"":0.002}","{""detection_events"":375,""detectors_checked"":51840}"
       128,         0,         0,   0.474,exact_mw,98ed6542f5a75ebddbda0ed622fb597fbc85d0a75d139587b6be9a08147ba42d,"{""distance"":7,""physical_error_rate"":0.002}","{""detection_events"":737,""detectors_checked"":103680}"
         1,         0,         0,   0.004,exact_mw,98ed6542f5a75ebddbda0ed622fb597fbc85d0a75d139587b6be9a08147ba42d,"{""distance"":7,""physical_error_rate"":0.002}","{""detection_events"":8,""detectors_checked"":810}"
        16,         0,         0,   0.113,exact_mw,98ed6542f5a75ebddbda0ed622fb597fbc85d0a75d139587b6be9a08147ba42d,"{""distance"":7,""physical_error_rate"":0.002}","{""detection_events"":91,""detectors_checked"":12960}"
       128,         0,         0,    1.19,exact_mw,98ed6542f5a75ebddbda0ed622fb597fbc85d0a75d139587b6be9a08147ba42d,"{""distance"":7,""physical_error_rate"":0.002}","{""detection_events"":788,""detectors_checked"":103680}"
        16,         0,         0,   0.069,exact_mw,98ed6542f5a75ebddbda0ed622fb597fbc85d0a75d139587b6be9a08147ba42d,"{""distance"":7,""physical_error_rate"":0.002}","{""detection_events"":77,""detectors_checked"":12960}"
        64,         0,         0,   0.502,exact_mw,98ed6542f5a75ebddbda0ed622fb597fbc85d0a75d139587b6be9a08147ba42d,"{""distance"":7,""physical_error_rate"":0.002}","{""detection_events"":394,""detectors_checked"":51840}"
        64,         0,         0,   0.571,exact_mw,98ed6542f5a75ebddbda0ed622fb597fbc85d0a75d139587b6be9a08147ba42d,"{""distance"":7,""physical_error_rate"":0.002}","{""detection_events"":347,""detectors_checked"":51840}"
        64,         0,         0,   0.474,exact_mw,98ed6542f5a75ebddbda0ed622fb597fbc85d0a75d139587b6be9a08147ba42d,"{""distance"":7,""physical_error_rate"":0.002}","{""detection_events"":406,""detectors_checked"":51840}"
       128,         0,         0,   0.859,exact_mw,98ed6542f5a75ebddbda0ed622fb597fbc85d0a75d139587b6be9a08147ba42d,"{""distance"":7,""physical_error_rate"":0.002}","{""detection_events"":749,""detectors_checked"":103680}"
        64,         0,         0,   0.457,exact_mw,98ed6542f5a75ebddbda0ed622fb597fbc85d0a75d139587b6be9a08147ba42d,"{""distance"":7,""physical_error_rate"":0.002}","{""detection_events"":411,""detectors_checked"":51840}"
       128,         0,         0,   0.864,exact_mw,98ed6542f5a75ebddbda0ed622fb597fbc85d0a75d139587b6be9a08147ba42d,"{""distance"":7,""physical_error_rate"":0.002}","{""detection_events"":810,""detectors_checked"":103680}"
        64,         0,         0,   0.688,exact_mw,98ed6542f5a75ebddbda0ed622fb597fbc85d0a75d139587b6be9a08147ba42d,"{""distance"":7,""physical_error_rate"":0.002}","{""detection_events"":429,""detectors_checked"":51840}"
        64,         0,         0,   0.398,exact_mw,98ed6542f5a75ebddbda0ed622fb597fbc85d0a75d139587b6be9a08147ba42d,"{""distance"":7,""physical_error_rate"":0.002}","{""detection_events"":370,""detectors_checked"":51840}"
        64,         0,         0,   0.543,exact_mw,98ed6542f5a75ebddbda0ed622fb597fbc85d0a75d139587b6be9a08147ba42d,"{""distance"":7,""physical_error_rate"":0.002}","{""detection_events"":341,""detectors_checked"":51840}"
        64,         0,         0,   0.485,exact_mw,98ed6542f5a75ebddbda0ed622fb597fbc85d0a75d139587b6be9a08147ba42d,"{""distance"":7,""physical_error_rate"":0.002}","{""detection_events"":349,""detectors_checked"":51840}"
        64,         0,         0,   0.715,exact_mw,98ed6542f5a75ebddbda0ed622fb597fbc85d0a75d139587b6be9a08147ba42d,"{""distance"":7,""physical_error_rate"":0.002}","{""detection_events"":419,""detectors_checked"":51840}"
        64,         0,         0,   0.504,exact_mw,98ed6542f5a75ebddbda0ed622fb597fbc85d0a75d139587b6be9a08147ba42d,"{""distance"":7,""physical_error_rate"":0.002}","{""detection_events"":393,""detectors_checked"":51840}"
       192,         0,         0,    1.18,exact_mw,98ed6542f5a75ebddbda0ed622fb597fbc85d0a75d139587b6be9a08147ba42d,"{""distance"":7,""physical_error_rate"":0.002}","{""detection_events"":1195,""detectors_checked"":155520}"
       128,         0,         0,   0.919,exact_mw,98ed6542f5a75ebddbda0ed622fb597fbc85d0a75d139587b6be9a08147ba42d,"{""distance"":7,""physical_error_rate"":0.002}","{""detection_events"":758,""detectors_checked"":103680}"
        64,         0,         0,   0.285,exact_mw,98ed6542f5a75ebddbda0ed622fb597fbc85d0a75d139587b6be9a08147ba42d,"{""distance"":7,""physical_error_rate"":0.002}","{""detection_events"":400,""detectors_checked"":51840}"
       128,         0,         0,   0.836,exact_mw,98ed6542f5a75ebddbda0ed622fb597fbc85d0a75d139587b6be9a08147ba42d,"{""distance"":7,""physical_error_rate"":0.002}","{""detection_events"":783,""detectors_checked"":103680}"
        64,         0,         0,   0.866,exact_mw,98ed6542f5a75ebddbda0ed622fb597fbc85d0a75d139587b6be9a08147ba42d,"{""distance"":7,""physical_error_rate"":0.002}","{""detection_events"":423,""detectors_checked"":51840}"
        64,         0,         0,   0.417,exact_mw,98ed6542f5a75ebddbda0ed622fb597fbc85d0a75d139587b6be9a08147ba42d,"{""distance"":7,""physical_error_rate"":0.002}","{""detection_events"":370,""detectors_checked"":51840}"
       128,         0,         0,    1.24,exact_mw,98ed6542f5a75ebddbda0ed622fb597fbc85d0a75d139587b6be9a08147ba42d,"{""distance"":7,""physical_error_rate"":0.002}","{""detection_events"":819,""detectors_checked"":103680}"
       128,         0,         0,   0.801,exact_mw,98ed6542f5a75ebddbda0ed622fb597fbc85d0a75d139587b6be9a08147ba42d,"{""distance"":7,""physical_error_rate"":0.002}","{""detection_events"":782,""detectors_checked"":103680}"
        64,         0,         0,   0.440,exact_mw,98ed6542f5a75ebddbda0ed622fb597fbc85d0a75d139587b6be9a08147ba42d,"{""distance"":7,""physical_error_rate"":0.002}","{""detection_events"":354,""detectors_checked"":51840}"
        64,         0,         0,   0.329,exact_mw,98ed6542f5a75ebddbda0ed622fb597fbc85d0a75d139587b6be9a08147ba42d,"{""distance"":7,""physical_error_rate"":0.002}","{""detection_events"":375,""detectors_checked"":51840}"
        64,         0,         0,   0.637,exact_mw,98ed6542f5a75ebddbda0ed622fb597fbc85d0a75d139587b6be9a08147ba42d,"{""distance"":7,""physical_error_rate"":0.002}","{""detection_events"":389,""detectors_checked"":51840}"
        64,         0,         0,   0.524,exact_mw,98ed6542f5a75ebddbda0ed622fb597fbc85d0a75d139587b6be9a08147ba42d,"{""distance"":7,""physical_error_rate"":0.002}","{""detection_events"":351,""detectors_checked"":51840}"
       128,         0,         0,   0.654,exact_mw,98ed6542f5a75ebddbda0ed622fb597fbc85d0a75d139587b6be9a08147ba42d,"{""distance"":7,""physical_error_rate"":0.002}","{""detection_events"":780,""detectors_checked"":103680}"
        64,         0,         0,   0.475,exact_mw,98ed6542f5a75ebddbda0ed622fb597fbc85d0a75d139587b6be9a08147ba42d,"{""distance"":7,""physical_error_rate"":0.002}","{""detection_events"":373,""detectors_checked"":51840}"
        64,         0,         0,   0.510,exact_mw,98ed6542f5a75ebddbda0ed622fb597fbc85d0a75d139587b6be9a08147ba42d,"{""distance"":7,""physical_error_rate"":0.002}","{""detection_events"":393,""detectors_checked"":51840}"
        64,         0,         0,    1.18,exact_mw,98ed6542f5a75ebddbda0ed622fb597fbc85d0a75d139587b6be9a08147ba42d,"{""distance"":7,""physical_error_rate"":0.002}","{""detection_events"":458,""detectors_checked"":51840}"
       128,         0,         0,    1.04,exact_mw,98ed6542f5a75ebddbda0ed622fb597fbc85d0a75d139587b6be9a08147ba42d,"{""distance"":7,""physical_error_rate"":0.002}","{""detection_events"":811,""detectors_checked"":103680}"
        64,         0,         0,   0.523,exact_mw,98ed6542f5a75ebddbda0ed622fb597fbc85d0a75d139587b6be9a08147ba42d,"{""distance"":7,""physical_error_rate"":0.002}","{""detection_events"":443,""detectors_checked"":51840}"
        64,         0,         0,   0.661,exact_mw,98ed6542f5a75ebddbda0ed622fb597fbc85d0a75d139587b6be9a08147ba42d,"{""distance"":7,""physical_error_rate"":0.002}","{""detection_events"":437,""detectors_checked"":51840}"
        64,         0,         0,   0.577,exact_mw,98ed6542f5a75ebddbda0ed622fb597fbc85d0a75d139587b6be9a08147ba42d,"{""distance"":7,""physical_error_rate"":0.002}","{""detection_events"":398,""detectors_checked"":51840}"
        64,         0,         0,   0.294,exact_mw,98ed6542f5a75ebddbda0ed622fb597fbc85d0a75d139587b6be9a08147ba42d,"{""distance"":7,""physical_error_rate"":0.002}","{""detection_events"":378,""detectors_checked"":51840}"
       128,         0,         0,   0.864,exact_mw,98ed6542f5a75ebddbda0ed622fb597fbc85d0a75d139587b6be9a08147ba42d,"{""distance"":7,""physical_error_rate"":0.002}","{""detection_events"":729,""detectors_checked"":103680}"
        64,         0,         0,   0.443,exact_mw,98ed6542f5a75ebddbda0ed622fb597fbc85d0a75d139587b6be9a08147ba42d,"{""distance"":7,""physical_error_rate"":0.002}","{""detection_events"":380,""detectors_checked"":51840}"
        64,         0,         0,   0.464,exact_mw,98ed6542f5a75ebddbda0ed622fb597fbc85d0a75d139587b6be9a08147ba42d,"{""distance"":7,""physical_error_rate"":0.002}","{""detection_events"":364,""detectors_checked"":51840}"
       128,         0,         0,   0.952,exact_mw,98ed6542f5a75ebddbda0ed622fb597fbc85d0a75d139587b6be9a08147ba42d,"{""distance"":7,""physical_error_rate"":0.002}","{""detection_events"":816,""detectors_checked"":103680}"
       128,         0,         0,    1.10,exact_mw,98ed6542f5a75ebddbda0ed622fb597fbc85d0a75d139587b6be9a08147ba42d,"{""distance"":7,""physical_error_rate"":0.002}","{""detection_events"":847,""detectors_checked"":103680}"
       128,         0,         0,   0.953,exact_mw,98ed6542f5a75ebddbda0ed622fb597fbc85d0a75d139587b6be9a08147ba42d,"{""distance"":7,""physical_error_rate"":0.002}","{""detection_events"":791,""detectors_checked"":103680}"
       128,         0,         0,   0.933,exact_mw,98ed6542f5a75ebddbda0ed622fb597fbc85d0a75d139587b6be9a08147ba42d,"{""distance"":7,""physical_error_rate"":0.002}","{""detection_events"":746,""detectors_checked"":103680}"
        64,         0,         0,   0.571,exact_mw,98ed6542f5a75ebddbda0ed622fb597fbc85d0a75d139587b6be9a08147ba42d,"{""distance"":7,""physical_error_rate"":0.002}","{""detection_events"":417,""detectors_checked"":51840}"
       128,         0,         0,   0.716,exact_mw,98ed6542f5a75ebddbda0ed622fb597fbc85d0a75d139587b6be9a08147ba42d,"{""distance"":7,""physical_error_rate"":0.002}","{""detection_events"":714,""detectors_checked"":103680}"
        64,         0,         0,   0.776,exact_mw,98ed6542f5a75ebddbda0ed622fb597fbc85d0a75d139587b6be9a08147ba42d,"{""distance"":7,""physical_error_rate"":0.002}","{""detection_events"":401,""detectors_checked"":51840}"
       128,         0,         0,    1.14,exact_mw,98ed6542f5a75ebddbda0ed622fb597fbc85d0a75d139587b6be9a08147ba42d,"{""distance"":7,""physical_error_rate"":0.002}","{""detection_events"":864,""detectors_checked"":103680}"
        64,         0,         0,   0.458,exact_mw,98ed6542f5a75ebddbda0ed622fb597fbc85d0a75d139587b6be9a08147ba42d,"{""distance"":7,""physical_error_rate"":0.002}","{""detection_events"":373,""detectors_checked"":51840}"
        64,         0,         0,   0.505,exact_mw,98ed6542f5a75ebddbda0ed622fb597fbc85d0a75d139587b6be9a08147ba42d,"{""distance"":7,""physical_error_rate"":0.002}","{""detection_events"":345,""detectors_checked"":51840}"
        64,         0,         0,   0.468,exact_mw,98ed6542f5a75ebddbda0ed622fb597fbc85d0a75d139587b6be9a08147ba42d,"{""distance"":7,""physical_error_rate"":0.002}","{""detection_events"":439,""detectors_checked"":51840}"
        64,         0,         0,   0.481,exact_mw,98ed6542f5a75ebddbda0ed622fb597fbc85d0a75d139587b6be9a08147ba42d,"{""distance"":7,""physical_error_rate"":0.002}","{""detection_events"":428,""detectors_checked"":51840}"
       128,         0,         0,    1.06,exact_mw,98ed6542f5a75ebddbda0ed622fb597fbc85d0a75d139587b6be9a08147ba42d,"{""distance"":7,""physical_error_rate"":0.002}","{""detection_events"":725,""detectors_checked"":103680}"
       128,         0,         0,    1.37,exact_mw,98ed6542f5a75ebddbda0ed622fb597fbc85d0a75d139587b6be9a08147ba42d,"{""distance"":7,""physical_error_rate"":0.002}","{""detection_events"":717,""detectors_checked"":103680}"
       128,         0,         0,    1.15,exact_mw,98ed6542f5a75ebddbda0ed622fb597fbc85d0a75d139587b6be9a08147ba42d,"{""distance"":7,""physical_error_rate"":0.002}","{""detection_events"":729,""detectors_checked"":103680}"
       128,         0,         0,    1.07,exact_mw,98ed6542f5a75ebddbda0ed622fb597fbc85d0a75d139587b6be9a08147ba42d,"{""distance"":7,""physical_error_rate"":0.002}","{""detection_events"":733,""detectors_checked"":103680}"
        64,         0,         0,   0.769,exact_mw,98ed6542f5a75ebddbda0ed622fb597fbc85d0a75d139587b6be9a08147ba42d,"{""distance"":7,""physical_error_rate"":0.002}","{""detection_events"":393,""detectors_checked"":51840}"
       128,         0,         0,    1.19,exact_mw,98ed6542f5a75ebddbda0ed622fb597fbc85d0a75d139587b6be9a08147ba42d,"{""distance"":7,""physical_error_rate"":0.002}","{""detection_events"":873,""detectors_checked"":103680}"
       128,         0,         0,   0.929,exact_mw,98ed6542f5a75ebddbda0ed622fb597fbc85d0a75d139587b6be9a08147ba42d,"{""distance"":7,""physical_error_rate"":0.002}","{""detection_events"":757,""detectors_checked"":103680}"
        64,         0,         0,   0.517,exact_mw,98ed6542f5a75ebddbda0ed622fb597fbc85d0a75d139587b6be9a08147ba42d,"{""distance"":7,""physical_error_rate"":0.002}","{""detection_events"":333,""detectors_checked"":51840}"
       128,         0,         0,   0.890,exact_mw,98ed6542f5a75ebddbda0ed622fb597fbc85d0a75d139587b6be9a08147ba42d,"{""distance"":7,""physical_error_rate"":0.002}","{""detection_events"":760,""detectors_checked"":103680}"
        64,         0,         0,   0.539,exact_mw,98ed6542f5a75ebddbda0ed622fb597fbc85d0a75d139587b6be9a08147ba42d,"{""distance"":7,""physical_error_rate"":0.002}","{""detection_events"":349,""detectors_checked"":51840}"
       128,         0,         0,    1.02,exact_mw,98ed6542f5a75ebddbda0ed622fb597fbc85d0a75d139587b6be9a08147ba42d,"{""distance"":7,""physical_error_rate"":0.002}","{""detection_events"":793,""detectors_checked"":103680}"
        64,         0,         0,   0.455,exact_mw,98ed6542f5a75ebddbda0ed622fb597fbc85d0a75d139587b6be9a08147ba42d,"{""distance"":7,""physical_error_rate"":0.002}","{""detection_events"":373,""detectors_checked"":51840}"
       256,         0,         0,    1.51,exact_mw,98ed6542f5a75ebddbda0ed622fb597fbc85d0a75d139587b6be9a08147ba42d,"{""distance"":7,""physical_error_rate"":0.002}","{""detection_events"":1550,""detectors_checked"":207360}"
       256,         0,         0,    1.45,exact_mw,98ed6542f5a75ebddbda0ed622fb597fbc85d0a75d139587b6be9a08147ba42d,"{""distance"":7,""physical_error_rate"":0.002}","{""detection_events"":1501,""detectors_checked"":207360}"
       128,         0,         0,   0.916,exact_mw,98ed6542f5a75ebddbda0ed622fb597fbc85d0a75d139587b6be9a08147ba42d,"{""distance"":7,""physical_error_rate"":0.002}","{""detection_events"":713,""detectors_checked"":103680}"
       128,         0,         0,   0.818,exact_mw,98ed6542f5a75ebddbda0ed622fb597fbc85d0a75d139587b6be9a08147ba42d,"{""distance"":7,""physical_error_rate"":0.002}","{""detection_events"":834,""detectors_checked"":103680}"
        64,         0,         0,   0.798,exact_mw,98ed6542f5a75ebddbda0ed622fb597fbc85d0a75d139587b6be9a08147ba42d,"{""distance"":7,""physical_error_rate"":0.002}","{""detection_events"":376,""detectors_checked"":51840}"
       128,         0,         0,    1.04,exact_mw,98ed6542f5a75ebddbda0ed622fb597fbc85d0a75d139587b6be9a08147ba42d,"{""distance"":7,""physical_error_rate"":0.002}","{""detection_events"":809,""detectors_checked"":103680}"
        64,         0,         0,   0.407,exact_mw,98ed6542f5a75ebddbda0ed622fb597fbc85d0a75d139587b6be9a08147ba42d,"{""distance"":7,""physical_error_rate"":0.002}","{""detection_events"":373,""detectors_checked"":51840}"
       128,         0,         0,   0.903,exact_mw,98ed6542f5a75ebddbda0ed622fb597fbc85d0a75d139587b6be9a08147ba42d,"{""distance"":7,""physical_error_rate"":0.002}","{""detection_events"":794,""detectors_checked"":103680}"
       128,         0,         0,   0.981,exact_mw,98ed6542f5a75ebddbda0ed622fb597fbc85d0a75d139587b6be9a08147ba42d,"{""distance"":7,""physical_error_rate"":0.002}","{""detection_events"":795,""detectors_checked"":103680}"
       192,         0,         0,    1.06,exact_mw,98ed6542f5a75ebddbda0ed622fb597fbc85d0a75d139587b6be9a08147ba42d,"{""distance"":7,""physical_error_rate"":0.002}","{""detection_events"":1065,""detectors_checked"":155520}"
       128,         0,         0,    1.06,exact_mw,98ed6542f5a75ebddbda0ed622fb597fbc85d0a75d139587b6be9a08147ba42d,"{""distance"":7,""physical_error_rate"":0.002}","{""detection_events"":791,""detectors_checked"":103680}"
       128,         0,         0,    1.03,exact_mw,98ed6542f5a75ebddbda0ed622fb597fbc85d0a75d139587b6be9a08147ba42d,"{""distance"":7,""physical_error_rate"":0.002}","{""detection_events"":740,""detectors_checked"":103680}"
        64,         0,         0,   0.726,exact_mw,98ed6542f5a75ebddbda0ed622fb597fbc85d0a75d139587b6be9a08147ba42d,"{""distance"":7,""physical_error_rate"":0.002}","{""detection_events"":388,""detectors_checked"":51840}"
       128,         0,         0,    1.32,exact_mw,98ed6542f5a75ebddbda0ed622fb597fbc85d0a75d139587b6be9a08147ba42d,"{""distance"":7,""physical_error_rate"":0.002}","{""detection_events"":859,""detectors_checked"":103680}"
       128,         0,         0,   0.984,exact_mw,98ed6542f5a75ebddbda0ed622fb597fbc85d0a75d139587b6be9a08147ba42d,"{""distance"":7,""physical_error_rate"":0.002}","{""detection_events"":809,""detectors_checked"":103680}"
        64,         0,         0,   0.462,exact_mw,98ed6542f5a75ebddbda0ed622fb597fbc85d0a75d139587b6be9a08147ba42d,"{""distance"":7,""physical_error_rate"":0.002}","{""detection_events"":333,""detectors_checked"":51840}"
       128,         0,         0,    1.10,exact_mw,98ed6542f5a75ebddbda0ed622fb597fbc85d0a75d139587b6be9a08147ba42d,"{""distance"":7,""physical_error_rate"":0.002}","{""detection_events"":771,""detectors_checked"":103680}"
        64,         0,         0,   0.848,exact_mw,98ed6542f5a75ebddbda0ed622fb597fbc85d0a75d139587b6be9a08147ba42d,"{""distance"":7,""physical_error_rate"":0.002}","{""detection_events"":349,""detectors_checked"":51840}"
       128,         0,         0,   0.857,exact_mw,98ed6542f5a75ebddbda0ed622fb597fbc85d0a75d139587b6be9a08147ba42d,"{""distance"":7,""physical_error_rate"":0.002}","{""detection_events"":738,""detectors_checked"":103680}"
        64,         0,         0,   0.710,exact_mw,98ed6542f5a75ebddbda0ed622fb597fbc85d0a75d139587b6be9a08147ba42d,"{""distance"":7,""physical_error_rate"":0.002}","{""detection_events"":412,""detectors_checked"":51840}"
       128,         0,         0,    1.30,exact_mw,98ed6542f5a75ebddbda0ed622fb597fbc85d0a75d139587b6be9a08147ba42d,"{""distance"":7,""physical_error_rate"":0.002}","{""detection_events"":760,""detectors_checked"":103680}"
        64,         0,         0,   0.531,exact_mw,98ed6542f5a75ebddbda0ed622fb597fbc85d0a75d139587b6be9a08147ba42d,"{""distance"":7,""physical_error_rate"":0.002}","{""detection_events"":376,""detectors_checked"":51840}"
       128,         0,         0,    1.14,exact_mw,98ed6542f5a75ebddbda0ed622fb597fbc85d0a75d139587b6be9a08147ba42d,"{""distance"":7,""physical_error_rate"":0.002}","{""detection_events"":820,""detectors_checked"":103680}"
       128,         0,         0,   0.977,exact_mw,98ed6542f5a75ebddbda0ed622fb597fbc85d0a75d139587b6be9a08147ba42d,"{""distance"":7,""physical_error_rate"":0.002}","{""detection_events"":783,""detectors_checked"":103680}"
        64,         0,         0,   0.558,exact_mw,98ed6542f5a75ebddbda0ed622fb597fbc85d0a75d139587b6be9a08147ba42d,"{""distance"":7,""physical_error_rate"":0.002}","{""detection_events"":384,""detectors_checked"":51840}"
       128,         0,         0,   0.811,exact_mw,98ed6542f5a75ebddbda0ed622fb597fbc85d0a75d139587b6be9a08147ba42d,"{""distance"":7,""physical_error_rate"":0.002}","{""detection_events"":742,""detectors_checked"":103680}"
        64,         0,         0,   0.529,exact_mw,98ed6542f5a75ebddbda0ed622fb597fbc85d0a75d139587b6be9a08147ba42d,"{""distance"":7,""physical_error_rate"":0.002}","{""detection_events"":404,""detectors_checked"":51840}"
       128,         0,         0,   0.792,exact_mw,98ed6542f5a75ebddbda0ed622fb597fbc85d0a75d139587b6be9a08147ba42d,"{""distance"":7,""physical_error_rate"":0.002}","{""detection_events"":733,""detectors_checked"":103680}"
        64,         0,         0,   0.468,exact_mw,98ed6542f5a75ebddbda0ed622fb597fbc85d0a75d139587b6be9a08147ba42d,"{""distance"":7,""physical_error_rate"":0.002}","{""detection_events"":325,""detectors_checked"":51840}"
        64,         0,         0,   0.622,exact_mw,98ed6542f5a75ebddbda0ed622fb597fbc85d0a75d139587b6be9a08147ba42d,"{""distance"":7,""physical_error_rate"":0.002}","{""detection_events"":377,""detectors_checked"":51840}"
        64,         0,         0,   0.630,exact_mw,98ed6542f5a75ebddbda0ed622fb597fbc85d0a75d139587b6be9a08147ba42d,"{""distance"":7,""physical_error_rate"":0.002}","{""detection_events"":444,""detectors_checked"":51840}"
       128,         0,         0,    1.00,exact_mw,98ed6542f5a75ebddbda0ed622fb597fbc85d0a75d139587b6be9a08147ba42d,"{""distance"":7,""physical_error_rate"":0.002}","{""detection_events"":730,""detectors_checked"":103680}"
        64,         0,         0,   0.469,exact_mw,98ed6542f5a75ebddbda0ed622fb597fbc85d0a75d139587b6be9a08147ba42d,"{""distance"":7,""physical_error_rate"":0.002}","{""detection_events"":400,""detectors_checked"":51840}"
       128,         0,         0,   0.949,exact_mw,98ed6542f5a75ebddbda0ed622fb597fbc85d0a75d139587b6be9a08147ba42d,"{""distance"":7,""physical_error_rate"":0.002}","{""detection_events"":759,""detectors_checked"":103680}"
       128,         0,         0,   0.841,exact_mw,98ed6542f5a75ebddbda0ed622fb597fbc85d0a75d139587b6be9a08147ba42d,"{""distance"":7,""physical_error_rate"":0.002}","{""detection_events"":739,""detectors_checked"":103680}"
       192,         0,         0,    1.25,exact_mw,98ed6542f5a75ebddbda0ed622fb597fbc85d0a75d139587b6be9a08147ba42d,"{""distance"":7,""physical_error_rate"":0.002}","{""detection_events"":1091,""detectors_checked"":155520}"
       128,         0,         0,    1.14,exact_mw,98ed6542f5a75ebddbda0ed622fb597fbc85d0a75d139587b6be9a08147ba42d,"{""distance"":7,""physical_error_rate"":0.002}","{""detection_events"":825,""detectors_checked"":103680}"
        64,         0,         0,   0.687,exact_mw,98ed6542f5a75ebddbda0ed622fb597fbc85d0a75d139587b6be9a08147ba42d,"{""distance"":7,""physical_error_rate"":0.002}","{""detection_events"":412,""detectors_checked"":51840}"
        64,         0,         0,   0.291,exact_mw,98ed6542f5a75ebddbda0ed622fb597fbc85d0a75d139587b6be9a08147ba42d,"{""distance"":7,""physical_error_rate"":0.002}","{""detection_events"":360,""detectors_checked"":51840}"
        64,         0,         0,   0.569,exact_mw,98ed6542f5a75ebddbda0ed622fb597fbc85d0a75d139587b6be9a08147ba42d,"{""distance"":7,""physical_error_rate"":0.002}","{""detection_events"":433,""detectors_checked"":51840}"
       128,         0,         0,    1.21,exact_mw,98ed6542f5a75ebddbda0ed622fb597fbc85d0a75d139587b6be9a08147ba42d,"{""distance"":7,""physical_error_rate"":0.002}","{""detection_events"":771,""detectors_checked"":103680}"
       256,         0,         0,    1.75,exact_mw,98ed6542f5a75ebddbda0ed622fb597fbc85d0a75d139587b6be9a08147ba42d,"{""distance"":7,""physical_error_rate"":0.002}","{""detection_events"":1469,""detectors_checked"":207360}"
       128,         0,         0,    1.19,exact_mw,98ed6542f5a75ebddbda0ed622fb597fbc85d0a75d139587b6be9a08147ba42d,"{""distance"":7,""physical_error_rate"":0.002}","{""detection_events"":758,""detectors_checked"":103680}"
        64,         0,         0,   0.373,exact_mw,98ed6542f5a75ebddbda0ed622fb597fbc85d0a75d139587b6be9a08147ba42d,"{""distance"":7,""physical_error_rate"":0.002}","{""detection_events"":398,""detectors_checked"":51840}"
        64,         0,         0,   0.850,exact_mw,98ed6542f5a75ebddbda0ed622fb597fbc85d0a75d139587b6be9a08147ba42d,"{""distance"":7,""physical_error_rate"":0.002}","{""detection_events"":430,""detectors_checked"":51840}"
       128,         0,         0,   0.832,exact_mw,98ed6542f5a75ebddbda0ed622fb597fbc85d0a75d139587b6be9a08147ba42d,"{""distance"":7,""physical_error_rate"":0.002}","{""detection_events"":722,""detectors_checked"":103680}"
        64,         0,         0,   0.650,exact_mw,98ed6542f5a75ebddbda0ed622fb597fbc85d0a75d139587b6be9a08147ba42d,"{""distance"":7,""physical_error_rate"":0.002}","{""detection_events"":377,""detectors_checked"":51840}"
       256,         0,         0,    1.62,exact_mw,98ed6542f5a75ebddbda0ed622fb597fbc85d0a75d139587b6be9a08147ba42d,"{""distance"":7,""physical_error_rate"":0.002}","{""detection_events"":1507,""detectors_checked"":207360}"
       128,         0,         0,   0.891,exact_mw,98ed6542f5a75ebddbda0ed622fb597fbc85d0a75d139587b6be9a08147ba42d,"{""distance"":7,""physical_error_rate"":0.002}","{""detection_events"":707,""detectors_checked"":103680}"
       128,         0,         0,    1.08,exact_mw,98ed6542f5a75ebddbda0ed622fb597fbc85d0a75d139587b6be9a08147ba42d,"{""distance"":7,""physical_error_rate"":0.002}","{""detection_events"":764,""detectors_checked"":103680}"
       128,         0,         0,   0.981,exact_mw,98ed6542f5a75ebddbda0ed622fb597fbc85d0a75d139587b6be9a08147ba42d,"{""distance"":7,""physical_error_rate"":0.002}","{""detection_events"":748,""detectors_checked"":103680}"
       128,         0,         0,    1.13,exact_mw,98ed6542f5a75ebddbda0ed622fb597fbc85d0a75d139587b6be9a08147ba42d,"{""distance"":7,""physical_error_rate"":0.002}","{""detection_events"":731,""detectors_checked"":103680}"
       128,         0,         0,   0.885,exact_mw,98ed6542f5a75ebddbda0ed622fb597fbc85d0a75d139587b6be9a08147ba42d,"{""distance"":7,""physical_error_rate"":0.002}","{""detection_events"":802,""detectors_checked"":103680}"
       192,         0,         0,    1.50,exact_mw,98ed6542f5a75ebddbda0ed622fb597fbc85d0a75d139587b6be9a08147ba42d,"{""distance"":7,""physical_error_rate"":0.002}","{""detection_events"":1230,""detectors_checked"":155520}"
        64,         0,         0,   0.628,exact_mw,98ed6542f5a75ebddbda0ed622fb597fbc85d0a75d139587b6be9a08147ba42d,"{""distance"":7,""physical_error_rate"":0.002}","{""detection_events"":385,""detectors_checked"":51840}"
        64,         0,         0,   0.544,exact_mw,98ed6542f5a75ebddbda0ed622fb597fbc85d0a75d139587b6be9a08147ba42d,"{""distance"":7,""physical_error_rate"":0.002}","{""detection_events"":386,""detectors_checked"":51840}"
       128,         0,         0,    1.02,exact_mw,98ed6542f5a75ebddbda0ed622fb597fbc85d0a75d139587b6be9a08147ba42d,"{""distance"":7,""physical_error_rate"":0.002}","{""detection_events"":775,""detectors_checked"":103680}"
       256,         0,         0,    1.49,exact_mw,98ed6542f5a75ebddbda0ed622fb597fbc85d0a75d139587b6be9a08147ba42d,"{""distance"":7,""physical_error_rate"":0.002}","{""detection_events"":1497,""detectors_checked"":207360}"
        64,         0,         0,   0.529,exact_mw,98ed6542f5a75ebddbda0ed622fb597fbc85d0a75d139587b6be9a08147ba42d,"{""distance"":7,""physical_error_rate"":0.002}","{""detection_events"":340,""detectors_checked"":51840}"
       128,         0,         0,    1.01,exact_mw,98ed6542f5a75ebddbda0ed622fb597fbc85d0a75d139587b6be9a08147ba42d,"{""distance"":7,""physical_error_rate"":0.002}","{""detection_events"":771,""detectors_checked"":103680}"
       128,         0,         0,    1.06,exact_mw,98ed6542f5a75ebddbda0ed622fb597fbc85d0a75d139587b6be9a08147ba42d,"{""distance"":7,""physical_error_rate"":0.002}","{""detection_events"":853,""detectors_checked"":103680}"
        64,         0,         0,   0.601,exact_mw,98ed6542f5a75ebddbda0ed622fb597fbc85d0a75d139587b6be9a08147ba42d,"{""distance"":7,""physical_error_rate"":0.002}","{""detection_events"":356,""detectors_checked"":51840}"
       128,         0,         0,   0.969,exact_mw,98ed6542f5a75ebddbda0ed622fb597fbc85d0a75d139587b6be9a08147ba42d,"{""distance"":7,""physical_error_rate"":0.002}","{""detection_events"":850,""detectors_checked"":103680}"
       320,         0,         0,    2.47,exact_mw,98ed6542f5a75ebddbda0ed622fb597fbc85d0a75d139587b6be9a08147ba42d,"{""distance"":7,""physical_error_rate"":0.002}","{""detection_events"":1954,""detectors_checked"":259200}"
       128,         0,         0,   0.813,exact_mw,98ed6542f5a75ebddbda0ed622fb597fbc85d0a75d139587b6be9a08147ba42d,"{""distance"":7,""physical_error_rate"":0.002}","{""detection_events"":755,""detectors_checked"":103680}"
       256,         0,         0,    2.04,exact_mw,98ed6542f5a75ebddbda0ed622fb597fbc85d0a75d139587b6be9a08147ba42d,"{""distance"":7,""physical_error_rate"":0.002}","{""detection_events"":1511,""detectors_checked"":207360}"
        64,         0,         0,   0.919,exact_mw,98ed6542f5a75ebddbda0ed622fb597fbc85d0a75d139587b6be9a08147ba42d,"{""distance"":7,""physical_error_rate"":0.002}","{""detection_events"":427,""detectors_checked"":51840}"
        64,         0,         0,   0.424,exact_mw,98ed6542f5a75ebddbda0ed622fb597fbc85d0a75d139587b6be9a08147ba42d,"{""distance"":7,""physical_error_rate"":0.002}","{""detection_events"":374,""detectors_checked"":51840}"
        64,         0,         0,   0.553,exact_mw,98ed6542f5a75ebddbda0ed622fb597fbc85d0a75d139587b6be9a08147ba42d,"{""distance"":7,""physical_error_rate"":0.002}","{""detection_events"":445,""detectors_checked"":51840}"
       128,         0,         0,   0.936,exact_mw,98ed6542f5a75ebddbda0ed622fb597fbc85d0a75d139587b6be9a08147ba42d,"{""distance"":7,""physical_error_rate"":0.002}","{""detection_events"":713,""detectors_checked"":103680}"
       192,         0,         0,    1.29,exact_mw,98ed6542f5a75ebddbda0ed622fb597fbc85d0a75d139587b6be9a08147ba42d,"{""distance"":7,""physical_error_rate"":0.002}","{""detection_events"":1136,""detectors_checked"":155520}"
        64,         0,         0,   0.609,exact_mw,98ed6542f5a75ebddbda0ed622fb597fbc85d0a75d139587b6be9a08147ba42d,"{""distance"":7,""physical_error_rate"":0.002}","{""detection_events"":381,""detectors_checked"":51840}"
       128,         0,         0,   0.867,exact_mw,98ed6542f5a75ebddbda0ed622fb597fbc85d0a75d139587b6be9a08147ba42d,"{""distance"":7,""physical_error_rate"":0.002}","{""detection_events"":704,""detectors_checked"":103680}"
       128,         0,         0,   0.876,exact_mw,98ed6542f5a75ebddbda0ed622fb597fbc85d0a75d139587b6be9a08147ba42d,"{""distance"":7,""physical_error_rate"":0.002}","{""detection_events"":788,""detectors_checked"":103680}"
       128,         0,         0,   0.865,exact_mw,98ed6542f5a75ebddbda0ed622fb597fbc85d0a75d139587b6be9a08147ba42d,"{""distance"":7,""physical_error_rate"":0.002}","{""detection_events"":777,""detectors_checked"":103680}"
       128,         0,         0,    1.04,exact_mw,98ed6542f5a75ebddbda0ed622fb597fbc85d0a75d139587b6be9a08147ba42d,"{""distance"":7,""physical_error_rate"":0.002}","{""detection_events"":777,""detectors_checked"":103680}"
      2432,         0,         0,   120.7,exact_mw,98ed6542f5a75ebddbda0ed622fb597fbc85d0a75d139587b6be9a08147ba42d,"{""distance"":7,""physical_error_rate"":0.002}","{""detection_events"":14864,""detectors_checked"":1969920}"
        64,         0,         0,   0.681,exact_mw,98ed6542f5a75ebddbda0ed622fb597fbc85d0a75d139587b6be9a08147ba42d,"{""distance"":7,""physical_error_rate"":0.002}","{""detection_events"":353,""detectors_checked"":51840}"
       128,         0,         0,   0.984,exact_mw,98ed6542f5a75ebddbda0ed622fb597fbc85d0a75d139587b6be9a08147ba42d,"{""distance"":7,""physical_error_rate"":0.002}","{""detection_events"":730,""detectors_checked"":103680}"
        64,         0,         0,   0.448,exact_mw,98ed6542f5a75ebddbda0ed622fb597fbc85d0a75d139587b6be9a08147ba42d,"{""distance"":7,""physical_error_rate"":0.002}","{""detection_events"":354,""detectors_checked"":51840}"
       256,         1,         0,    1.76,exact_mw,98ed6542f5a75ebddbda0ed622fb597fbc85d0a75d139587b6be9a08147ba42d,"{""distance"":7,""physical_error_rate"":0.002}","{""detection_events"":1481,""detectors_checked"":207360,""obs_mistake_mask=E"":1}"
     15680,         1,         0,   120.3,exact_mw,98ed6542f5a75ebddbda0ed622fb597fbc85d0a75d139587b6be9a08147ba42d,"{""distance"":7,""physical_error_rate"":0.002}","{""detection_events"":94263,""detectors_checked"":12700800,""obs_mistake_mask=E"":1}"
        64,         0,         0,   0.596,exact_mw,98ed6542f5a75ebddbda0ed622fb597fbc85d0a75d139587b6be9a08147ba42d,"{""distance"":7,""physical_error_rate"":0.002}","{""detection_events"":425,""detectors_checked"":51840}"
        64,         0,         0,   0.617,exact_mw,98ed6542f5a75ebddbda0ed622fb597fbc85d0a75d139587b6be9a08147ba42d,"{""distance"":7,""physical_error_rate"":0.002}","{""detection_events"":410,""detectors_checked"":51840}"
       256,         0,         0,    1.91,exact_mw,98ed6542f5a75ebddbda0ed622fb597fbc85d0a75d139587b6be9a08147ba42d,"{""distance"":7,""physical_error_rate"":0.002}","{""detection_events"":1508,""detectors_checked"":207360}"
       128,         0,         0,    1.39,exact_mw,98ed6542f5a75ebddbda0ed622fb597fbc85d0a75d139587b6be9a08147ba42d,"{""distance"":7,""physical_error_rate"":0.002}","{""detection_events"":796,""detectors_checked"":103680}"
        64,         0,         0,   0.298,exact_mw,98ed6542f5a75ebddbda0ed622fb597fbc85d0a75d139587b6be9a08147ba42d,"{""distance"":7,""physical_error_rate"":0.002}","{""detection_events"":364,""detectors_checked"":51840}"
       128,         0,         0,    1.16,exact_mw,98ed6542f5a75ebddbda0ed622fb597fbc85d0a75d139587b6be9a08147ba42d,"{""distance"":7,""physical_error_rate"":0.002}","{""detection_events"":757,""detectors_checked"":103680}"
       192,         0,         0,    1.13,exact_mw,98ed6542f5a75ebddbda0ed622fb597fbc85d0a75d139587b6be9a08147ba42d,"{""distance"":7,""physical_error_rate"":0.002}","{""detection_events"":1142,""detectors_checked"":155520}"
       256,         0,         0,    1.88,exact_mw,98ed6542f5a75ebddbda0ed622fb597fbc85d0a75d139587b6be9a08147ba42d,"{""distance"":7,""physical_error_rate"":0.002}","{""detection_events"":1541,""detectors_checked"":207360}"
       128,         0,         0,   0.890,exact_mw,98ed6542f5a75ebddbda0ed622fb597fbc85d0a75d139587b6be9a08147ba42d,"{""distance"":7,""physical_error_rate"":0.002}","{""detection_events"":743,""detectors_checked"":103680}"
        64,         0,         0,   0.546,exact_mw,98ed6542f5a75ebddbda0ed622fb597fbc85d0a75d139587b6be9a08147ba42d,"{""distance"":7,""physical_error_rate"":0.002}","{""detection_events"":391,""detectors_checked"":51840}"
       128,         0,         0,    1.28,exact_mw,98ed6542f5a75ebddbda0ed622fb597fbc85d0a75d139587b6be9a08147ba42d,"{""distance"":7,""physical_error_rate"":0.002}","{""detection_events"":817,""detectors_checked"":103680}"
       128,         0,         0,    1.01,exact_mw,98ed6542f5a75ebddbda0ed622fb597fbc85d0a75d139587b6be9a08147ba42d,"{""distance"":7,""physical_error_rate"":0.002}","{""detection_events"":768,""detectors_checked"":103680}"
       128,         0,         0,   0.988,exact_mw,98ed6542f5a75ebddbda0ed622fb597fbc85d0a75d139587b6be9a08147ba42d,"{""distance"":7,""physical_error_rate"":0.002}","{""detection_events"":823,""detectors_checked"":103680}"
       128,         0,         0,   0.853,exact_mw,98ed6542f5a75ebddbda0ed622fb597fbc85d0a75d139587b6be9a08147ba42d,"{""distance"":7,""physical_error_rate"":0.002}","{""detection_events"":807,""detectors_checked"":103680}"
       256,         0,         0,    1.79,exact_mw,98ed6542f5a75ebddbda0ed622fb597fbc85d0a75d139587b6be9a08147ba42d,"{""distance"":7,""physical_error_rate"":0.002}","{""detection_events"":1503,""detectors_checked"":207360}"
       128,         0,         0,   0.815,exact_mw,98ed6542f5a75ebddbda0ed622fb597fbc85d0a75d139587b6be9a08147ba42d,"{""distance"":7,""physical_error_rate"":0.002}","{""detection_events"":798,""detectors_checked"":103680}"
       256,         0,         0,    1.70,exact_mw,98ed6542f5a75ebddbda0ed622fb597fbc85d0a75d139587b6be9a08147ba42d,"{""distance"":7,""physical_error_rate"":0.002}","{""detection_events"":1511,""detectors_checked"":207360}"
        64,         0,         0,   0.504,exact_mw,98ed6542f5a75ebddbda0ed622fb597fbc85d0a75d139587b6be9a08147ba42d,"{""distance"":7,""physical_error_rate"":0.002}","{""detection_events"":414,""detectors_checked"":51840}"
       256,         0,         0,    1.94,exact_mw,98ed6542f5a75ebddbda0ed622fb597fbc85d0a75d139587b6be9a08147ba42d,"{""distance"":7,""physical_error_rate"":0.002}","{""detection_events"":1477,""detectors_checked"":207360}"
       192,         0,         0,    1.23,exact_mw,98ed6542f5a75ebddbda0ed622fb597fbc85d0a75d139587b6be9a08147ba42d,"{""distance"":7,""physical_error_rate"":0.002}","{""detection_events"":1184,""detectors_checked"":155520}"
       128,         1,         0,   0.939,exact_mw,98ed6542f5a75ebddbda0ed622fb597fbc85d0a75d139587b6be9a08147ba42d,"{""distance"":7,""physical_error_rate"":0.002}","{""detection_events"":815,""detectors_checked"":103680,""obs_mistake_mask=E"":1}"
       320,         1,         0,    2.61,exact_mw,98ed6542f5a75ebddbda0ed622fb597fbc85d0a75d139587b6be9a08147ba42d,"{""distance"":7,""physical_error_rate"":0.002}","{""detection_events"":1977,""detectors_checked"":259200,""obs_mistake_mask=E"":1}"
       128,         0,         0,   0.880,exact_mw,98ed6542f5a75ebddbda0ed622fb597fbc85d0a75d139587b6be9a08147ba42d,"{""distance"":7,""physical_error_rate"":0.002}","{""detection_events"":742,""detectors_checked"":103680}"
       128,         0,         0,   0.887,exact_mw,98ed6542f5a75ebddbda0ed622fb597fbc85d0a75d139587b6be9a08147ba42d,"{""distance"":7,""physical_error_rate"":0.002}","{""detection_events"":730,""detectors_checked"":103680}"
       256,         0,         0,    1.86,exact_mw,98ed6542f5a75ebddbda0ed622fb597fbc85d0a75d139587b6be9a08147ba42d,"{""distance"":7,""physical_error_rate"":0.002}","{""detection_events"":1651,""detectors_checked"":207360}"
       256,         0,         0,    1.78,exact_mw,98ed6542f5a75ebddbda0ed622fb597fbc85d0a75d139587b6be9a08147ba42d,"{""distance"":7,""physical_error_rate"":0.002}","{""detection_events"":1503,""detectors_checked"":207360}"
        64,         0,         0,   0.373,exact_mw,98ed6542f5a75ebddbda0ed622fb597fbc85d0a75d139587b6be9a08147ba42d,"{""distance"":7,""physical_error_rate"":0.002}","{""detection_events"":390,""detectors_checked"":51840}"
       128,         0,         0,    1.21,exact_mw,98ed6542f5a75ebddbda0ed622fb597fbc85d0a75d139587b6be9a08147ba42d,"{""distance"":7,""physical_error_rate"":0.002}","{""detection_events"":784,""detectors_checked"":103680}"
       384,         1,         0,    2.93,exact_mw,98ed6542f5a75ebddbda0ed622fb597fbc85d0a75d139587b6be9a08147ba42d,"{""distance"":7,""physical_error_rate"":0.002}","{""detection_events"":2313,""detectors_checked"":311040,""obs_mistake_mask=E"":1}"
       128,         0,         0,   0.880,exact_mw,98ed6542f5a75ebddbda0ed622fb597fbc85d0a75d139587b6be9a08147ba42d,"{""distance"":7,""physical_error_rate"":0.002}","{""detection_events"":700,""detectors_checked"":103680}"
       256,         0,         0,    1.86,exact_mw,98ed6542f5a75ebddbda0ed622fb597fbc85d0a75d139587b6be9a08147ba42d,"{""distance"":7,""physical_error_rate"":0.002}","{""detection_events"":1587,""detectors_checked"":207360}"
       128,         0,         0,    1.03,exact_mw,98ed6542f5a75ebddbda0ed622fb597fbc85d0a75d139587b6be9a08147ba42d,"{""distance"":7,""physical_error_rate"":0.002}","{""detection_events"":786,""detectors_checked"":103680}"
       128,         0,         0,   0.855,exact_mw,98ed6542f5a75ebddbda0ed622fb597fbc85d0a75d139587b6be9a08147ba42d,"{""distance"":7,""physical_error_rate"":0.002}","{""detection_events"":802,""detectors_checked"":103680}"
       128,         0,         0,   0.813,exact_mw,98ed6542f5a75ebddbda0ed622fb597fbc85d0a75d139587b6be9a08147ba42d,"{""distance"":7,""physical_error_rate"":0.002}","{""detection_events"":752,""detectors_checked"":103680}"
       384,         0,         0,    3.08,exact_mw,98ed6542f5a75ebddbda0ed622fb597fbc85d0a75d139587b6be9a08147ba42d,"{""distance"":7,""physical_error_rate"":0.002}","{""detection_events"":2369,""detectors_checked"":311040}"
        64,         0,         0,   0.462,exact_mw,98ed6542f5a75ebddbda0ed622fb597fbc85d0a75d139587b6be9a08147ba42d,"{""distance"":7,""physical_error_rate"":0.002}","{""detection_events"":368,""detectors_checked"":51840}"
       192,         0,         0,    1.59,exact_mw,98ed6542f5a75ebddbda0ed622fb597fbc85d0a75d139587b6be9a08147ba42d,"{""distance"":7,""physical_error_rate"":0.002}","{""detection_events"":1239,""detectors_checked"":155520}"
       128,         0,         0,    1.29,exact_mw,98ed6542f5a75ebddbda0ed622fb597fbc85d0a75d139587b6be9a08147ba42d,"{""distance"":7,""physical_error_rate"":0.002}","{""detection_events"":794,""detectors_checked"":103680}"
       256,         0,         0,    1.73,exact_mw,98ed6542f5a75ebddbda0ed622fb597fbc85d0a75d139587b6be9a08147ba42d,"{""distance"":7,""physical_error_rate"":0.002}","{""detection_events"":1506,""detectors_checked"":207360}"
       128,         0,         0,    1.11,exact_mw,98ed6542f5a75ebddbda0ed622fb597fbc85d0a75d139587b6be9a08147ba42d,"{""distance"":7,""physical_error_rate"":0.002}","{""detection_events"":779,""detectors_checked"":103680}"
       256,         0,         0,    2.01,exact_mw,98ed6542f5a75ebddbda0ed622fb597fbc85d0a75d139587b6be9a08147ba42d,"{""distance"":7,""physical_error_rate"":0.002}","{""detection_events"":1501,""detectors_checked"":207360}"
       320,         0,         0,    2.37,exact_mw,98ed6542f5a75ebddbda0ed622fb597fbc85d0a75d139587b6be9a08147ba42d,"{""distance"":7,""physical_error_rate"":0.002}","{""detection_events"":1959,""detectors_checked"":259200}"
       128,         0,         0,   0.919,exact_mw,98ed6542f5a75ebddbda0ed622fb597fbc85d0a75d139587b6be9a08147ba42d,"{""distance"":7,""physical_error_rate"":0.002}","{""detection_events"":792,""detectors_checked"":103680}"
       128,         0,         0,    1.20,exact_mw,98ed6542f5a75ebddbda0ed622fb597fbc85d0a75d139587b6be9a08147ba42d,"{""distance"":7,""physical_error_rate"":0.002}","{""detection_events"":829,""detectors_checked"":103680}"
       192,         0,         0,    1.52,exact_mw,98ed6542f5a75ebddbda0ed622fb597fbc85d0a75d139587b6be9a08147ba42d,"{""distance"":7,""physical_error_rate"":0.002}","{""detection_events"":1178,""detectors_checked"":155520}"
       128,         0,         0,   0.792,exact_mw,98ed6542f5a75ebddbda0ed622fb597fbc85d0a75d139587b6be9a08147ba42d,"{""distance"":7,""physical_error_rate"":0.002}","{""detection_events"":778,""detectors_checked"":103680}"
       192,         0,         0,    1.32,exact_mw,98ed6542f5a75ebddbda0ed622fb597fbc85d0a75d139587b6be9a08147ba42d,"{""distance"":7,""physical_error_rate"":0.002}","{""detection_events"":1144,""detectors_checked"":155520}"
       128,         0,         0,    1.01,exact_mw,98ed6542f5a75ebddbda0ed622fb597fbc85d0a75d139587b6be9a08147ba42d,"{""distance"":7,""physical_error_rate"":0.002}","{""detection_events"":758,""detectors_checked"":103680}"
       128,         0,         0,    1.09,exact_mw,98ed6542f5a75ebddbda0ed622fb597fbc85d0a75d139587b6be9a08147ba42d,"{""distance"":7,""physical_error_rate"":0.002}","{""detection_events"":777,""detectors_checked"":103680}"
       320,         0,         0,    2.32,exact_mw,98ed6542f5a75ebddbda0ed622fb597fbc85d0a75d139587b6be9a08147ba42d,"{""distance"":7,""physical_error_rate"":0.002}","{""detection_events"":1823,""detectors_checked"":259200}"
       128,         0,         0,    1.08,exact_mw,98ed6542f5a75ebddbda0ed622fb597fbc85d0a75d139587b6be9a08147ba42d,"{""distance"":7,""physical_error_rate"":0.002}","{""detection_events"":805,""detectors_checked"":103680}"
       256,         0,         0,    2.02,exact_mw,98ed6542f5a75ebddbda0ed622fb597fbc85d0a75d139587b6be9a08147ba42d,"{""distance"":7,""physical_error_rate"":0.002}","{""detection_events"":1594,""detectors_checked"":207360}"
       256,         0,         0,    1.97,exact_mw,98ed6542f5a75ebddbda0ed622fb597fbc85d0a75d139587b6be9a08147ba42d,"{""distance"":7,""physical_error_rate"":0.002}","{""detection_events"":1576,""detectors_checked"":207360}"
       384,         1,         0,    2.90,exact_mw,98ed6542f5a75ebddbda0ed622fb597fbc85d0a75d139587b6be9a08147ba42d,"{""distance"":7,""physical_error_rate"":0.002}","{""detection_events"":2295,""detectors_checked"":311040,""obs_mistake_mask=E"":1}"
       256,         0,         0,    1.70,exact_mw,98ed6542f5a75ebddbda0ed622fb597fbc85d0a75d139587b6be9a08147ba42d,"{""distance"":7,""physical_error_rate"":0.002}","{""detection_events"":1476,""detectors_checked"":207360}"
       256,         0,         0,    1.68,exact_mw,98ed6542f5a75ebddbda0ed622fb597fbc85d0a75d139587b6be9a08147ba42d,"{""distance"":7,""physical_error_rate"":0.002}","{""detection_events"":1472,""detectors_checked"":207360}"
       320,         0,         0,    2.27,exact_mw,98ed6542f5a75ebddbda0ed622fb597fbc85d0a75d139587b6be9a08147ba42d,"{""distance"":7,""physical_error_rate"":0.002}","{""detection_events"":1866,""detectors_checked"":259200}"
       320,         0,         0,    2.56,exact_mw,98ed6542f5a75ebddbda0ed622fb597fbc85d0a75d139587b6be9a08147ba42d,"{""distance"":7,""physical_error_rate"":0.002}","{""detection_events"":1958,""detectors_checked"":259200}"
        64,         0,         0,    4.12,exact_mw,98ed6542f5a75ebddbda0ed622fb597fbc85d0a75d139587b6be9a08147ba42d,"{""distance"":7,""physical_error_rate"":0.002}","{""detection_events"":333,""detectors_checked"":51840}"
       128,         0,         0,    1.10,exact_mw,98ed6542f5a75ebddbda0ed622fb597fbc85d0a75d139587b6be9a08147ba42d,"{""distance"":7,""physical_error_rate"":0.002}","{""detection_events"":803,""detectors_checked"":103680}"
       128,         0,         0,   0.738,exact_mw,98ed6542f5a75ebddbda0ed622fb597fbc85d0a75d139587b6be9a08147ba42d,"{""distance"":7,""physical_error_rate"":0.002}","{""detection_events"":761,""detectors_checked"":103680}"
       384,         0,         0,    2.54,exact_mw,98ed6542f5a75ebddbda0ed622fb597fbc85d0a75d139587b6be9a08147ba42d,"{""distance"":7,""physical_error_rate"":0.002}","{""detection_events"":2255,""detectors_checked"":311040}"
       128,         0,         0,    1.30,exact_mw,98ed6542f5a75ebddbda0ed622fb597fbc85d0a75d139587b6be9a08147ba42d,"{""distance"":7,""physical_error_rate"":0.002}","{""detection_events"":825,""detectors_checked"":103680}"
       128,         0,         0,    1.13,exact_mw,98ed6542f5a75ebddbda0ed622fb597fbc85d0a75d139587b6be9a08147ba42d,"{""distance"":7,""physical_error_rate"":0.002}","{""detection_events"":789,""detectors_checked"":103680}"
       320,         0,         0,    2.55,exact_mw,98ed6542f5a75ebddbda0ed622fb597fbc85d0a75d139587b6be9a08147ba42d,"{""distance"":7,""physical_error_rate"":0.002}","{""detection_events"":1995,""detectors_checked"":259200}"
       192,         0,         0,    1.29,exact_mw,98ed6542f5a75ebddbda0ed622fb597fbc85d0a75d139587b6be9a08147ba42d,"{""distance"":7,""physical_error_rate"":0.002}","{""detection_events"":1099,""detectors_checked"":155520}"
        64,         0,         0,   0.473,exact_mw,98ed6542f5a75ebddbda0ed622fb597fbc85d0a75d139587b6be9a08147ba42d,"{""distance"":7,""physical_error_rate"":0.002}","{""detection_events"":395,""detectors_checked"":51840}"
       192,         0,         0,    1.63,exact_mw,98ed6542f5a75ebddbda0ed622fb597fbc85d0a75d139587b6be9a08147ba42d,"{""distance"":7,""physical_error_rate"":0.002}","{""detection_events"":1255,""detectors_checked"":155520}"
       384,         0,         0,    2.93,exact_mw,98ed6542f5a75ebddbda0ed622fb597fbc85d0a75d139587b6be9a08147ba42d,"{""distance"":7,""physical_error_rate"":0.002}","{""detection_events"":2286,""detectors_checked"":311040}"
       256,         0,         0,    1.82,exact_mw,98ed6542f5a75ebddbda0ed622fb597fbc85d0a75d139587b6be9a08147ba42d,"{""distance"":7,""physical_error_rate"":0.002}","{""detection_events"":1542,""detectors_checked"":207360}"
       128,         0,         0,   0.799,exact_mw,98ed6542f5a75ebddbda0ed622fb597fbc85d0a75d139587b6be9a08147ba42d,"{""distance"":7,""physical_error_rate"":0.002}","{""detection_events"":782,""detectors_checked"":103680}"
       256,         0,         0,    1.82,exact_mw,98ed6542f5a75ebddbda0ed622fb597fbc85d0a75d139587b6be9a08147ba42d,"{""distance"":7,""physical_error_rate"":0.002}","{""detection_events"":1505,""detectors_checked"":207360}"
       384,         0,         0,    2.76,exact_mw,98ed6542f5a75ebddbda0ed622fb597fbc85d0a75d139587b6be9a08147ba42d,"{""distance"":7,""physical_error_rate"":0.002}","{""detection_events"":2329,""detectors_checked"":311040}"
       256,         0,         0,    2.05,exact_mw,98ed6542f5a75ebddbda0ed622fb597fbc85d0a75d139587b6be9a08147ba42d,"{""distance"":7,""physical_error_rate"":0.002}","{""detection_events"":1576,""detectors_checked"":207360}"
       320,         0,         0,    2.42,exact_mw,98ed6542f5a75ebddbda0ed622fb597fbc85d0a75d139587b6be9a08147ba42d,"{""distance"":7,""physical_error_rate"":0.002}","{""detection_events"":1867,""detectors_checked"":259200}"
       384,         0,         0,    2.74,exact_mw,98ed6542f5a75ebddbda0ed622fb597fbc85d0a75d139587b6be9a08147ba42d,"{""distance"":7,""physical_error_rate"":0.002}","{""detection_events"":2293,""detectors_checked"":311040}"
       128,         0,         0,   0.746,exact_mw,98ed6542f5a75ebddbda0ed622fb597fbc85d0a75d139587b6be9a08147ba42d,"{""distance"":7,""physical_error_rate"":0.002}","{""detection_events"":757,""detectors_checked"":103680}"
       512,         0,         0,    3.34,exact_mw,98ed6542f5a75ebddbda0ed622fb597fbc85d0a75d139587b6be9a08147ba42d,"{""distance"":7,""physical_error_rate"":0.002}","{""detection_events"":3015,""detectors_checked"":414720}"
       256,         0,         0,    1.89,exact_mw,98ed6542f5a75ebddbda0ed622fb597fbc85d0a75d139587b6be9a08147ba42d,"{""distance"":7,""physical_error_rate"":0.002}","{""detection_events"":1606,""detectors_checked"":207360}"
       256,         0,         0,    1.80,exact_mw,98ed6542f5a75ebddbda0ed622fb597fbc85d0a75d139587b6be9a08147ba42d,"{""distance"":7,""physical_error_rate"":0.002}","{""detection_events"":1565,""detectors_checked"":207360}"
       192,         0,         0,    1.34,exact_mw,98ed6542f5a75ebddbda0ed622fb597fbc85d0a75d139587b6be9a08147ba42d,"{""distance"":7,""physical_error_rate"":0.002}","{""detection_events"":1239,""detectors_checked"":155520}"
       256,         0,         0,    2.27,exact_mw,98ed6542f5a75ebddbda0ed622fb597fbc85d0a75d139587b6be9a08147ba42d,"{""distance"":7,""physical_error_rate"":0.002}","{""detection_events"":1533,""detectors_checked"":207360}"
       512,         0,         0,    3.96,exact_mw,98ed6542f5a75ebddbda0ed622fb597fbc85d0a75d139587b6be9a08147ba42d,"{""distance"":7,""physical_error_rate"":0.002}","{""detection_events"":3074,""detectors_checked"":414720}"
       256,         0,         0,    1.75,exact_mw,98ed6542f5a75ebddbda0ed622fb597fbc85d0a75d139587b6be9a08147ba42d,"{""distance"":7,""physical_error_rate"":0.002}","{""detection_events"":1489,""detectors_checked"":207360}"
       128,         0,         0,    1.09,exact_mw,98ed6542f5a75ebddbda0ed622fb597fbc85d0a75d139587b6be9a08147ba42d,"{""distance"":7,""physical_error_rate"":0.002}","{""detection_events"":756,""detectors_checked"":103680}"
       448,         0,         0,    3.20,exact_mw,98ed6542f5a75ebddbda0ed622fb597fbc85d0a75d139587b6be9a08147ba42d,"{""distance"":7,""physical_error_rate"":0.002}","{""detection_events"":2740,""detectors_checked"":362880}"
       384,         0,         0,    2.58,exact_mw,98ed6542f5a75ebddbda0ed622fb597fbc85d0a75d139587b6be9a08147ba42d,"{""distance"":7,""physical_error_rate"":0.002}","{""detection_events"":2249,""detectors_checked"":311040}"
       320,         0,         0,    2.53,exact_mw,98ed6542f5a75ebddbda0ed622fb597fbc85d0a75d139587b6be9a08147ba42d,"{""distance"":7,""physical_error_rate"":0.002}","{""detection_events"":2005,""detectors_checked"":259200}"
        48,         0,         0,    2.52,exact_mw,98ed6542f5a75ebddbda0ed622fb597fbc85d0a75d139587b6be9a08147ba42d,"{""distance"":7,""physical_error_rate"":0.002}","{""detection_events"":291,""detectors_checked"":38880}"
       448,         0,         0,    3.32,exact_mw,98ed6542f5a75ebddbda0ed622fb597fbc85d0a75d139587b6be9a08147ba42d,"{""distance"":7,""physical_error_rate"":0.002}","{""detection_events"":2696,""detectors_checked"":362880}"
       128,         0,         0,    1.24,exact_mw,98ed6542f5a75ebddbda0ed622fb597fbc85d0a75d139587b6be9a08147ba42d,"{""distance"":7,""physical_error_rate"":0.002}","{""detection_events"":829,""detectors_checked"":103680}"
       384,         0,         0,    3.27,exact_mw,98ed6542f5a75ebddbda0ed622fb597fbc85d0a75d139587b6be9a08147ba42d,"{""distance"":7,""physical_error_rate"":0.002}","{""detection_events"":2414,""detectors_checked"":311040}"
       256,         0,         0,    2.04,exact_mw,98ed6542f5a75ebddbda0ed622fb597fbc85d0a75d139587b6be9a08147ba42d,"{""distance"":7,""physical_error_rate"":0.002}","{""detection_events"":1496,""detectors_checked"":207360}"
       128,         0,         0,   0.984,exact_mw,98ed6542f5a75ebddbda0ed622fb597fbc85d0a75d139587b6be9a08147ba42d,"{""distance"":7,""physical_error_rate"":0.002}","{""detection_events"":702,""detectors_checked"":103680}"
       448,         0,         0,    3.53,exact_mw,98ed6542f5a75ebddbda0ed622fb597fbc85d0a75d139587b6be9a08147ba42d,"{""distance"":7,""physical_error_rate"":0.002}","{""detection_events"":2665,""detectors_checked"":362880}"
       192,         0,         0,    1.58,exact_mw,98ed6542f5a75ebddbda0ed622fb597fbc85d0a75d139587b6be9a08147ba42d,"{""distance"":7,""physical_error_rate"":0.002}","{""detection_events"":1109,""detectors_checked"":155520}"
       320,         0,         0,    2.65,exact_mw,98ed6542f5a75ebddbda0ed622fb597fbc85d0a75d139587b6be9a08147ba42d,"{""distance"":7,""physical_error_rate"":0.002}","{""detection_events"":1962,""detectors_checked"":259200}"
       320,         0,         0,    2.60,exact_mw,98ed6542f5a75ebddbda0ed622fb597fbc85d0a75d139587b6be9a08147ba42d,"{""distance"":7,""physical_error_rate"":0.002}","{""detection_events"":1957,""detectors_checked"":259200}"
       512,         0,         0,    3.95,exact_mw,98ed6542f5a75ebddbda0ed622fb597fbc85d0a75d139587b6be9a08147ba42d,"{""distance"":7,""physical_error_rate"":0.002}","{""detection_events"":3089,""detectors_checked"":414720}"
       256,         0,         0,    1.86,exact_mw,98ed6542f5a75ebddbda0ed622fb597fbc85d0a75d139587b6be9a08147ba42d,"{""distance"":7,""physical_error_rate"":0.002}","{""detection_events"":1422,""detectors_checked"":207360}"
       256,         0,         0,    1.77,exact_mw,98ed6542f5a75ebddbda0ed622fb597fbc85d0a75d139587b6be9a08147ba42d,"{""distance"":7,""physical_error_rate"":0.002}","{""detection_events"":1573,""detectors_checked"":207360}"
       512,         0,         0,    3.58,exact_mw,98ed6542f5a75ebddbda0ed622fb597fbc85d0a75d139587b6be9a08147ba42d,"{""distance"":7,""physical_error_rate"":0.002}","{""detection_events"":2978,""detectors_checked"":414720}"
       320,         1,         0,    2.64,exact_mw,98ed6542f5a75ebddbda0ed622fb597fbc85d0a75d139587b6be9a08147ba42d,"{""distance"":7,""physical_error_rate"":0.002}","{""detection_events"":1955,""detectors_checked"":259200,""obs_mistake_mask=E"":1}"
       512,         0,         0,    3.31,exact_mw,98ed6542f5a75ebddbda0ed622fb597fbc85d0a75d139587b6be9a08147ba42d,"{""distance"":7,""physical_error_rate"":0.002}","{""detection_events"":3011,""detectors_checked"":414720}"
       512,         0,         0,    3.66,exact_mw,98ed6542f5a75ebddbda0ed622fb597fbc85d0a75d139587b6be9a08147ba42d,"{""distance"":7,""physical_error_rate"":0.002}","{""detection_events"":3116,""detectors_checked"":414720}"
       192,         0,         0,    1.62,exact_mw,98ed6542f5a75ebddbda0ed622fb597fbc85d0a75d139587b6be9a08147ba42d,"{""distance"":7,""physical_error_rate"":0.002}","{""detection_events"":1224,""detectors_checked"":155520}"
       384,         0,         0,    2.85,exact_mw,98ed6542f5a75ebddbda0ed622fb597fbc85d0a75d139587b6be9a08147ba42d,"{""distance"":7,""physical_error_rate"":0.002}","{""detection_events"":2283,""detectors_checked"":311040}"
       448,         0,         0,    3.42,exact_mw,98ed6542f5a75ebddbda0ed622fb597fbc85d0a75d139587b6be9a08147ba42d,"{""distance"":7,""physical_error_rate"":0.002}","{""detection_events"":2662,""detectors_checked"":362880}"
       448,         0,         0,    3.30,exact_mw,98ed6542f5a75ebddbda0ed622fb597fbc85d0a75d139587b6be9a08147ba42d,"{""distance"":7,""physical_error_rate"":0.002}","{""detection_events"":2723,""detectors_checked"":362880}"
       512,         0,         0,    3.42,exact_mw,98ed6542f5a75ebddbda0ed622fb597fbc85d0a75d139587b6be9a08147ba42d,"{""distance"":7,""physical_error_rate"":0.002}","{""detection_events"":3064,""detectors_checked"":414720}"
       256,         0,         0,    1.87,exact_mw,98ed6542f5a75ebddbda0ed622fb597fbc85d0a75d139587b6be9a08147ba42d,"{""distance"":7,""physical_error_rate"":0.002}","{""detection_events"":1550,""detectors_checked"":207360}"
       512,         0,         0,    3.62,exact_mw,98ed6542f5a75ebddbda0ed622fb597fbc85d0a75d139587b6be9a08147ba42d,"{""distance"":7,""physical_error_rate"":0.002}","{""detection_events"":3112,""detectors_checked"":414720}"
       448,         0,         0,    3.07,exact_mw,98ed6542f5a75ebddbda0ed622fb597fbc85d0a75d139587b6be9a08147ba42d,"{""distance"":7,""physical_error_rate"":0.002}","{""detection_events"":2690,""detectors_checked"":362880}"
       256,         0,         0,    2.18,exact_mw,98ed6542f5a75ebddbda0ed622fb597fbc85d0a75d139587b6be9a08147ba42d,"{""distance"":7,""physical_error_rate"":0.002}","{""detection_events"":1625,""detectors_checked"":207360}"
       512,         0,         0,    3.51,exact_mw,98ed6542f5a75ebddbda0ed622fb597fbc85d0a75d139587b6be9a08147ba42d,"{""distance"":7,""physical_error_rate"":0.002}","{""detection_events"":3051,""detectors_checked"":414720}"
       384,         0,         0,    3.03,exact_mw,98ed6542f5a75ebddbda0ed622fb597fbc85d0a75d139587b6be9a08147ba42d,"{""distance"":7,""physical_error_rate"":0.002}","{""detection_events"":2463,""detectors_checked"":311040}"
       640,         0,         0,    4.60,exact_mw,98ed6542f5a75ebddbda0ed622fb597fbc85d0a75d139587b6be9a08147ba42d,"{""distance"":7,""physical_error_rate"":0.002}","{""detection_events"":3749,""detectors_checked"":518400}"
       256,         0,         0,    1.86,exact_mw,98ed6542f5a75ebddbda0ed622fb597fbc85d0a75d139587b6be9a08147ba42d,"{""distance"":7,""physical_error_rate"":0.002}","{""detection_events"":1590,""detectors_checked"":207360}"
        48,         0,         0,    3.96,exact_mw,98ed6542f5a75ebddbda0ed622fb597fbc85d0a75d139587b6be9a08147ba42d,"{""distance"":7,""physical_error_rate"":0.002}","{""detection_events"":346,""detectors_checked"":38880}"
       384,         0,         0,    2.68,exact_mw,98ed6542f5a75ebddbda0ed622fb597fbc85d0a75d139587b6be9a08147ba42d,"{""distance"":7,""physical_error_rate"":0.002}","{""detection_events"":2355,""detectors_checked"":311040}"
       512,         0,         0,    3.86,exact_mw,98ed6542f5a75ebddbda0ed622fb597fbc85d0a75d139587b6be9a08147ba42d,"{""distance"":7,""physical_error_rate"":0.002}","{""detection_events"":3085,""detectors_checked"":414720}"
       384,         0,         0,    3.26,exact_mw,98ed6542f5a75ebddbda0ed622fb597fbc85d0a75d139587b6be9a08147ba42d,"{""distance"":7,""physical_error_rate"":0.002}","{""detection_events"":2344,""detectors_checked"":311040}"
       448,         0,         0,    3.46,exact_mw,98ed6542f5a75ebddbda0ed622fb597fbc85d0a75d139587b6be9a08147ba42d,"{""distance"":7,""physical_error_rate"":0.002}","{""detection_events"":2738,""detectors_checked"":362880}"
       256,         0,         0,    1.94,exact_mw,98ed6542f5a75ebddbda0ed622fb597fbc85d0a75d139587b6be9a08147ba42d,"{""distance"":7,""physical_error_rate"":0.002}","{""detection_events"":1521,""detectors_checked"":207360}"
       576,         0,         0,    4.38,exact_mw,98ed6542f5a75ebddbda0ed622fb597fbc85d0a75d139587b6be9a08147ba42d,"{""distance"":7,""physical_error_rate"":0.002}","{""detection_events"":3578,""detectors_checked"":466560}"
       704,         0,         0,    4.80,exact_mw,98ed6542f5a75ebddbda0ed622fb597fbc85d0a75d139587b6be9a08147ba42d,"{""distance"":7,""physical_error_rate"":0.002}","{""detection_events"":4235,""detectors_checked"":570240}"
       640,         0,         0,    5.06,exact_mw,98ed6542f5a75ebddbda0ed622fb597fbc85d0a75d139587b6be9a08147ba42d,"{""distance"":7,""physical_error_rate"":0.002}","{""detection_events"":3976,""detectors_checked"":518400}"
       384,         0,         0,    3.52,exact_mw,98ed6542f5a75ebddbda0ed622fb597fbc85d0a75d139587b6be9a08147ba42d,"{""distance"":7,""physical_error_rate"":0.002}","{""detection_events"":2405,""detectors_checked"":311040}"
       448,         0,         0,    3.22,exact_mw,98ed6542f5a75ebddbda0ed622fb597fbc85d0a75d139587b6be9a08147ba42d,"{""distance"":7,""physical_error_rate"":0.002}","{""detection_events"":2585,""detectors_checked"":362880}"
       640,         0,         0,    4.45,exact_mw,98ed6542f5a75ebddbda0ed622fb597fbc85d0a75d139587b6be9a08147ba42d,"{""distance"":7,""physical_error_rate"":0.002}","{""detection_events"":3726,""detectors_checked"":518400}"
       640,         0,         0,    4.35,exact_mw,98ed6542f5a75ebddbda0ed622fb597fbc85d0a75d139587b6be9a08147ba42d,"{""distance"":7,""physical_error_rate"":0.002}","{""detection_events"":3857,""detectors_checked"":518400}"
       512,         0,         0,    3.73,exact_mw,98ed6542f5a75ebddbda0ed622fb597fbc85d0a75d139587b6be9a08147ba42d,"{""distance"":7,""physical_error_rate"":0.002}","{""detection_events"":3062,""detectors_checked"":414720}"
       768,         0,         0,    5.02,exact_mw,98ed6542f5a75ebddbda0ed622fb597fbc85d0a75d139587b6be9a08147ba42d,"{""distance"":7,""physical_error_rate"":0.002}","{""detection_events"":4698,""detectors_checked"":622080}"
       640,         0,         0,    4.43,exact_mw,98ed6542f5a75ebddbda0ed622fb597fbc85d0a75d139587b6be9a08147ba42d,"{""distance"":7,""physical_error_rate"":0.002}","{""detection_events"":3782,""detectors_checked"":518400}"
       448,         0,         0,    3.25,exact_mw,98ed6542f5a75ebddbda0ed622fb597fbc85d0a75d139587b6be9a08147ba42d,"{""distance"":7,""physical_error_rate"":0.002}","{""detection_events"":2658,""detectors_checked"":362880}"
       320,         0,         0,    2.53,exact_mw,98ed6542f5a75ebddbda0ed622fb597fbc85d0a75d139587b6be9a08147ba42d,"{""distance"":7,""physical_error_rate"":0.002}","{""detection_events"":1965,""detectors_checked"":259200}"
       640,         0,         0,    4.78,exact_mw,98ed6542f5a75ebddbda0ed622fb597fbc85d0a75d139587b6be9a08147ba42d,"{""distance"":7,""physical_error_rate"":0.002}","{""detection_events"":3919,""detectors_checked"":518400}"
       576,         0,         0,    4.41,exact_mw,98ed6542f5a75ebddbda0ed622fb597fbc85d0a75d139587b6be9a08147ba42d,"{""distance"":7,""physical_error_rate"":0.002}","{""detection_events"":3395,""detectors_checked"":466560}"
       576,         0,         0,    4.41,exact_mw,98ed6542f5a75ebddbda0ed622fb597fbc85d0a75d139587b6be9a08147ba42d,"{""distance"":7,""physical_error_rate"":0.002}","{""detection_events"":3515,""detectors_checked"":466560}"
       576,         0,         0,    4.31,exact_mw,98ed6542f5a75ebddbda0ed622fb597fbc85d0a75d139587b6be9a08147ba42d,"{""distance"":7,""physical_error_rate"":0.002}","{""detection_events"":3444,""detectors_checked"":466560}"
       512,         0,         0,    3.66,exact_mw,98ed6542f5a75ebddbda0ed622fb597fbc85d0a75d139587b6be9a08147ba42d,"{""distance"":7,""physical_error_rate"":0.002}","{""detection_events"":3068,""detectors_checked"":414720}"
       576,         0,         0,    4.48,exact_mw,98ed6542f5a75ebddbda0ed622fb597fbc85d0a75d139587b6be9a08147ba42d,"{""distance"":7,""physical_error_rate"":0.002}","{""detection_events"":3547,""detectors_checked"":466560}"
       384,         0,         0,    3.09,exact_mw,98ed6542f5a75ebddbda0ed622fb597fbc85d0a75d139587b6be9a08147ba42d,"{""distance"":7,""physical_error_rate"":0.002}","{""detection_events"":2265,""detectors_checked"":311040}"
       384,         0,         0,    3.15,exact_mw,98ed6542f5a75ebddbda0ed622fb597fbc85d0a75d139587b6be9a08147ba42d,"{""distance"":7,""physical_error_rate"":0.002}","{""detection_events"":2347,""detectors_checked"":311040}"
       768,         0,         0,    4.88,exact_mw,98ed6542f5a75ebddbda0ed622fb597fbc85d0a75d139587b6be9a08147ba42d,"{""distance"":7,""physical_error_rate"":0.002}","{""detection_events"":4443,""detectors_checked"":622080}"
       512,         0,         0,    3.86,exact_mw,98ed6542f5a75ebddbda0ed622fb597fbc85d0a75d139587b6be9a08147ba42d,"{""distance"":7,""physical_error_rate"":0.002}","{""detection_events"":2971,""detectors_checked"":414720}"
       640,         1,         0,    5.30,exact_mw,98ed6542f5a75ebddbda0ed622fb597fbc85d0a75d139587b6be9a08147ba42d,"{""distance"":7,""physical_error_rate"":0.002}","{""detection_events"":3998,""detectors_checked"":518400,""obs_mistake_mask=E"":1}"
        96,         0,         0,    4.73,exact_mw,98ed6542f5a75ebddbda0ed622fb597fbc85d0a75d139587b6be9a08147ba42d,"{""distance"":7,""physical_error_rate"":0.002}","{""detection_events"":512,""detectors_checked"":77760}"
     15680,         5,         0,   120.7,exact_mw,98ed6542f5a75ebddbda0ed622fb597fbc85d0a75d139587b6be9a08147ba42d,"{""distance"":7,""physical_error_rate"":0.002}","{""detection_events"":94237,""detectors_checked"":12700800,""obs_mistake_mask=E"":5}"
       576,         0,         0,    4.55,exact_mw,98ed6542f5a75ebddbda0ed622fb597fbc85d0a75d139587b6be9a08147ba42d,"{""distance"":7,""physical_error_rate"":0.002}","{""detection_events"":3473,""detectors_checked"":466560}"
       576,         0,         0,    4.85,exact_mw,98ed6542f5a75ebddbda0ed622fb597fbc85d0a75d139587b6be9a08147ba42d,"{""distance"":7,""physical_error_rate"":0.002}","{""detection_events"":3548,""detectors_checked"":466560}"
       576,         0,         0,    4.71,exact_mw,98ed6542f5a75ebddbda0ed622fb597fbc85d0a75d139587b6be9a08147ba42d,"{""distance"":7,""physical_error_rate"":0.002}","{""detection_events"":3588,""detectors_checked"":466560}"
       320,         0,         0,    3.11,exact_mw,98ed6542f5a75ebddbda0ed622fb597fbc85d0a75d139587b6be9a08147ba42d,"{""distance"":7,""physical_error_rate"":0.002}","{""detection_events"":2053,""detectors_checked"":259200}"
       640,         0,         0,    4.87,exact_mw,98ed6542f5a75ebddbda0ed622fb597fbc85d0a75d139587b6be9a08147ba42d,"{""distance"":7,""physical_error_rate"":0.002}","{""detection_events"":3749,""detectors_checked"":518400}"
       896,         0,         0,    6.58,exact_mw,98ed6542f5a75ebddbda0ed622fb597fbc85d0a75d139587b6be9a08147ba42d,"{""distance"":7,""physical_error_rate"":0.002}","{""detection_events"":5516,""detectors_checked"":725760}"
       640,         0,         0,    4.92,exact_mw,98ed6542f5a75ebddbda0ed622fb597fbc85d0a75d139587b6be9a08147ba42d,"{""distance"":7,""physical_error_rate"":0.002}","{""detection_events"":3805,""detectors_checked"":518400}"
       896,         0,         0,    6.26,exact_mw,98ed6542f5a75ebddbda0ed622fb597fbc85d0a75d139587b6be9a08147ba42d,"{""distance"":7,""physical_error_rate"":0.002}","{""detection_events"":5226,""detectors_checked"":725760}"
       576,         0,         0,    4.50,exact_mw,98ed6542f5a75ebddbda0ed622fb597fbc85d0a75d139587b6be9a08147ba42d,"{""distance"":7,""physical_error_rate"":0.002}","{""detection_events"":3484,""detectors_checked"":466560}"
       896,         0,         0,    6.51,exact_mw,98ed6542f5a75ebddbda0ed622fb597fbc85d0a75d139587b6be9a08147ba42d,"{""distance"":7,""physical_error_rate"":0.002}","{""detection_events"":5509,""detectors_checked"":725760}"
       896,         0,         0,    6.61,exact_mw,98ed6542f5a75ebddbda0ed622fb597fbc85d0a75d139587b6be9a08147ba42d,"{""distance"":7,""physical_error_rate"":0.002}","{""detection_events"":5318,""detectors_checked"":725760}"
       512,         0,         0,    3.85,exact_mw,98ed6542f5a75ebddbda0ed622fb597fbc85d0a75d139587b6be9a08147ba42d,"{""distance"":7,""physical_error_rate"":0.002}","{""detection_events"":3065,""detectors_checked"":414720}"
       768,         0,         0,    6.01,exact_mw,98ed6542f5a75ebddbda0ed622fb597fbc85d0a75d139587b6be9a08147ba42d,"{""distance"":7,""physical_error_rate"":0.002}","{""detection_events"":4727,""detectors_checked"":622080}"
       512,         0,         0,    4.35,exact_mw,98ed6542f5a75ebddbda0ed622fb597fbc85d0a75d139587b6be9a08147ba42d,"{""distance"":7,""physical_error_rate"":0.002}","{""detection_events"":3251,""detectors_checked"":414720}"
       640,         0,         0,    4.86,exact_mw,98ed6542f5a75ebddbda0ed622fb597fbc85d0a75d139587b6be9a08147ba42d,"{""distance"":7,""physical_error_rate"":0.002}","{""detection_events"":4007,""detectors_checked"":518400}"
     16320,         1,         0,   120.0,exact_mw,98ed6542f5a75ebddbda0ed622fb597fbc85d0a75d139587b6be9a08147ba42d,"{""distance"":7,""physical_error_rate"":0.002}","{""detection_events"":98822,""detectors_checked"":13219200,""obs_mistake_mask=E"":1}"
       896,         0,         0,    6.25,exact_mw,98ed6542f5a75ebddbda0ed622fb597fbc85d0a75d139587b6be9a08147ba42d,"{""distance"":7,""physical_error_rate"":0.002}","{""detection_events"":5284,""detectors_checked"":725760}"
       896,         0,         0,    6.84,exact_mw,98ed6542f5a75ebddbda0ed622fb597fbc85d0a75d139587b6be9a08147ba42d,"{""distance"":7,""physical_error_rate"":0.002}","{""detection_events"":5457,""detectors_checked"":725760}"
       512,         0,         0,    4.48,exact_mw,98ed6542f5a75ebddbda0ed622fb597fbc85d0a75d139587b6be9a08147ba42d,"{""distance"":7,""physical_error_rate"":0.002}","{""detection_events"":3125,""detectors_checked"":414720}"
       896,         1,         0,    6.74,exact_mw,98ed6542f5a75ebddbda0ed622fb597fbc85d0a75d139587b6be9a08147ba42d,"{""distance"":7,""physical_error_rate"":0.002}","{""detection_events"":5311,""detectors_checked"":725760,""obs_mistake_mask=E"":1}"
       896,         1,         0,    6.50,exact_mw,98ed6542f5a75ebddbda0ed622fb597fbc85d0a75d139587b6be9a08147ba42d,"{""distance"":7,""physical_error_rate"":0.002}","{""detection_events"":5460,""detectors_checked"":725760,""obs_mistake_mask=E"":1}"
       896,         0,         0,    6.35,exact_mw,98ed6542f5a75ebddbda0ed622fb597fbc85d0a75d139587b6be9a08147ba42d,"{""distance"":7,""physical_error_rate"":0.002}","{""detection_events"":5529,""detectors_checked"":725760}"
       832,         0,         0,    6.51,exact_mw,98ed6542f5a75ebddbda0ed622fb597fbc85d0a75d139587b6be9a08147ba42d,"{""distance"":7,""physical_error_rate"":0.002}","{""detection_events"":5080,""detectors_checked"":673920}"
       832,         0,         0,    6.46,exact_mw,98ed6542f5a75ebddbda0ed622fb597fbc85d0a75d139587b6be9a08147ba42d,"{""distance"":7,""physical_error_rate"":0.002}","{""detection_events"":4854,""detectors_checked"":673920}"
      4576,         1,         0,   119.9,exact_mw,98ed6542f5a75ebddbda0ed622fb597fbc85d0a75d139587b6be9a08147ba42d,"{""distance"":7,""physical_error_rate"":0.002}","{""detection_events"":27624,""detectors_checked"":3706560,""obs_mistake_mask=E"":1}"
       832,         0,         0,    6.01,exact_mw,98ed6542f5a75ebddbda0ed622fb597fbc85d0a75d139587b6be9a08147ba42d,"{""distance"":7,""physical_error_rate"":0.002}","{""detection_events"":4852,""detectors_checked"":673920}"
       576,         0,         0,    4.42,exact_mw,98ed6542f5a75ebddbda0ed622fb597fbc85d0a75d139587b6be9a08147ba42d,"{""distance"":7,""physical_error_rate"":0.002}","{""detection_events"":3462,""detectors_checked"":466560}"
       896,         0,         0,    6.46,exact_mw,98ed6542f5a75ebddbda0ed622fb597fbc85d0a75d139587b6be9a08147ba42d,"{""distance"":7,""physical_error_rate"":0.002}","{""detection_events"":5456,""detectors_checked"":725760}"
     16128,         1,         0,   120.3,exact_mw,98ed6542f5a75ebddbda0ed622fb597fbc85d0a75d139587b6be9a08147ba42d,"{""distance"":7,""physical_error_rate"":0.002}","{""detection_events"":97989,""detectors_checked"":13063680,""obs_mistake_mask=E"":1}"
        96,         0,         0,    6.20,exact_mw,98ed6542f5a75ebddbda0ed622fb597fbc85d0a75d139587b6be9a08147ba42d,"{""distance"":7,""physical_error_rate"":0.002}","{""detection_events"":614,""detectors_checked"":77760}"
       832,         0,         0,    5.97,exact_mw,98ed6542f5a75ebddbda0ed622fb597fbc85d0a75d139587b6be9a08147ba42d,"{""distance"":7,""physical_error_rate"":0.002}","{""detection_events"":4884,""detectors_checked"":673920}"
       832,         0,         0,    6.33,exact_mw,98ed6542f5a75ebddbda0ed622fb597fbc85d0a75d139587b6be9a08147ba42d,"{""distance"":7,""physical_error_rate"":0.002}","{""detection_events"":5073,""detectors_checked"":673920}"
       768,         1,         0,    6.11,exact_mw,98ed6542f5a75ebddbda0ed622fb597fbc85d0a75d139587b6be9a08147ba42d,"{""distance"":7,""physical_error_rate"":0.002}","{""detection_events"":4706,""detectors_checked"":622080,""obs_mistake_mask=E"":1}"
       768,         0,         0,    6.46,exact_mw,98ed6542f5a75ebddbda0ed622fb597fbc85d0a75d139587b6be9a08147ba42d,"{""distance"":7,""physical_error_rate"":0.002}","{""detection_events"":4514,""detectors_checked"":622080}"
       448,         0,         0,    4.29,exact_mw,98ed6542f5a75ebddbda0ed622fb597fbc85d0a75d139587b6be9a08147ba42d,"{""distance"":7,""physical_error_rate"":0.002}","{""detection_events"":2722,""detectors_checked"":362880}"
       960,         1,         0,    6.59,exact_mw,98ed6542f5a75ebddbda0ed622fb597fbc85d0a75d139587b6be9a08147ba42d,"{""distance"":7,""physical_error_rate"":0.002}","{""detection_events"":5930,""detectors_checked"":777600,""obs_mistake_mask=E"":1}"
       832,         0,         0,    6.02,exact_mw,98ed6542f5a75ebddbda0ed622fb597fbc85d0a75d139587b6be9a08147ba42d,"{""distance"":7,""physical_error_rate"":0.002}","{""detection_events"":5084,""detectors_checked"":673920}"
       640,         0,         0,    6.42,exact_mw,98ed6542f5a75ebddbda0ed622fb597fbc85d0a75d139587b6be9a08147ba42d,"{""distance"":7,""physical_error_rate"":0.002}","{""detection_events"":3955,""detectors_checked"":518400}"
       768,         0,         0,    6.10,exact_mw,98ed6542f5a75ebddbda0ed622fb597fbc85d0a75d139587b6be9a08147ba42d,"{""distance"":7,""physical_error_rate"":0.002}","{""detection_events"":4793,""detectors_checked"":622080}"
      1024,         0,         0,    6.55,exact_mw,98ed6542f5a75ebddbda0ed622fb597fbc85d0a75d139587b6be9a08147ba42d,"{""distance"":7,""physical_error_rate"":0.002}","{""detection_events"":6104,""detectors_checked"":829440}"
      1152,         0,         0,    8.38,exact_mw,98ed6542f5a75ebddbda0ed622fb597fbc85d0a75d139587b6be9a08147ba42d,"{""distance"":7,""physical_error_rate"":0.002}","{""detection_events"":6998,""detectors_checked"":933120}"
       704,         0,         0,    6.48,exact_mw,98ed6542f5a75ebddbda0ed622fb597fbc85d0a75d139587b6be9a08147ba42d,"{""distance"":7,""physical_error_rate"":0.002}","{""detection_events"":4210,""detectors_checked"":570240}"
      1088,         0,         0,    8.87,exact_mw,98ed6542f5a75ebddbda0ed622fb597fbc85d0a75d139587b6be9a08147ba42d,"{""distance"":7,""physical_error_rate"":0.002}","{""detection_events"":6477,""detectors_checked"":881280}"
       960,         0,         0,    8.60,exact_mw,98ed6542f5a75ebddbda0ed622fb597fbc85d0a75d139587b6be9a08147ba42d,"{""distance"":7,""physical_error_rate"":0.002}","{""detection_events"":5800,""detectors_checked"":777600}"
      8536,         0,         0,   120.2,exact_mw,98ed6542f5a75ebddbda0ed622fb597fbc85d0a75d139587b6be9a08147ba42d,"{""distance"":7,""physical_error_rate"":0.002}","{""detection_events"":51804,""detectors_checked"":6914160}"
      1280,         0,         0,    9.22,exact_mw,98ed6542f5a75ebddbda0ed622fb597fbc85d0a75d139587b6be9a08147ba42d,"{""distance"":7,""physical_error_rate"":0.002}","{""detection_events"":7502,""detectors_checked"":1036800}"
       960,         0,         0,    6.40,exact_mw,98ed6542f5a75ebddbda0ed622fb597fbc85d0a75d139587b6be9a08147ba42d,"{""distance"":7,""physical_error_rate"":0.002}","{""detection_events"":5636,""detectors_checked"":777600}"
      1152,         0,         0,    8.68,exact_mw,98ed6542f5a75ebddbda0ed622fb597fbc85d0a75d139587b6be9a08147ba42d,"{""distance"":7,""physical_error_rate"":0.002}","{""detection_events"":6865,""detectors_checked"":933120}"
      1152,         0,         0,    8.63,exact_mw,98ed6542f5a75ebddbda0ed622fb597fbc85d0a75d139587b6be9a08147ba42d,"{""distance"":7,""physical_error_rate"":0.002}","{""detection_events"":7019,""detectors_checked"":933120}"
      1152,         0,         0,    8.55,exact_mw,98ed6542f5a75ebddbda0ed622fb597fbc85d0a75d139587b6be9a08147ba42d,"{""distance"":7,""physical_error_rate"":0.002}","{""detection_events"":7097,""detectors_checked"":933120}"
      1152,         0,         0,    8.46,exact_mw,98ed6542f5a75ebddbda0ed622fb597fbc85d0a75d139587b6be9a08147ba42d,"{""distance"":7,""physical_error_rate"":0.002}","{""detection_events"":7103,""detectors_checked"":933120}"
      1024,         0,         0,    8.56,exact_mw,98ed6542f5a75ebddbda0ed622fb597fbc85d0a75d139587b6be9a08147ba42d,"{""distance"":7,""physical_error_rate"":0.002}","{""detection_events"":6359,""detectors_checked"":829440}"
      1152,         0,         0,    8.57,exact_mw,98ed6542f5a75ebddbda0ed622fb597fbc85d0a75d139587b6be9a08147ba42d,"{""distance"":7,""physical_error_rate"":0.002}","{""detection_events"":7108,""detectors_checked"":933120}"
      1088,         1,         0,    8.68,exact_mw,98ed6542f5a75ebddbda0ed622fb597fbc85d0a75d139587b6be9a08147ba42d,"{""distance"":7,""physical_error_rate"":0.002}","{""detection_events"":6623,""detectors_checked"":881280,""obs_mistake_mask=E"":1}"
      1152,         0,         0,    8.70,exact_mw,98ed6542f5a75ebddbda0ed622fb597fbc85d0a75d139587b6be9a08147ba42d,"{""distance"":7,""physical_error_rate"":0.002}","{""detection_events"":7031,""detectors_checked"":933120}"
      1088,         0,         0,    8.42,exact_mw,98ed6542f5a75ebddbda0ed622fb597fbc85d0a75d139587b6be9a08147ba42d,"{""distance"":7,""physical_error_rate"":0.002}","{""detection_events"":6391,""detectors_checked"":881280}"
       768,         0,         0,    6.35,exact_mw,98ed6542f5a75ebddbda0ed622fb597fbc85d0a75d139587b6be9a08147ba42d,"{""distance"":7,""physical_error_rate"":0.002}","{""detection_events"":4784,""detectors_checked"":622080}"
      1152,         0,         0,    9.11,exact_mw,98ed6542f5a75ebddbda0ed622fb597fbc85d0a75d139587b6be9a08147ba42d,"{""distance"":7,""physical_error_rate"":0.002}","{""detection_events"":7119,""detectors_checked"":933120}"
      1088,         1,         0,    8.42,exact_mw,98ed6542f5a75ebddbda0ed622fb597fbc85d0a75d139587b6be9a08147ba42d,"{""distance"":7,""physical_error_rate"":0.002}","{""detection_events"":6641,""detectors_checked"":881280,""obs_mistake_mask=E"":1}"
      1024,         0,         0,    8.49,exact_mw,98ed6542f5a75ebddbda0ed622fb597fbc85d0a75d139587b6be9a08147ba42d,"{""distance"":7,""physical_error_rate"":0.002}","{""detection_events"":6217,""detectors_checked"":829440}"
      1216,         0,         0,    8.53,exact_mw,98ed6542f5a75ebddbda0ed622fb597fbc85d0a75d139587b6be9a08147ba42d,"{""distance"":7,""physical_error_rate"":0.002}","{""detection_events"":7385,""detectors_checked"":984960}"
       184,         0,         0,    9.05,exact_mw,98ed6542f5a75ebddbda0ed622fb597fbc85d0a75d139587b6be9a08147ba42d,"{""distance"":7,""physical_error_rate"":0.002}","{""detection_events"":1060,""detectors_checked"":149040}"
      1280,         0,         0,    9.85,exact_mw,98ed6542f5a75ebddbda0ed622fb597fbc85d0a75d139587b6be9a08147ba42d,"{""distance"":7,""physical_error_rate"":0.002}","{""detection_events"":7738,""detectors_checked"":1036800}"
      1408,         0,         0,    8.94,exact_mw,98ed6542f5a75ebddbda0ed622fb597fbc85d0a75d139587b6be9a08147ba42d,"{""distance"":7,""physical_error_rate"":0.002}","{""detection_events"":8298,""detectors_checked"":1140480}"
      1280,         0,         0,    9.10,exact_mw,98ed6542f5a75ebddbda0ed622fb597fbc85d0a75d139587b6be9a08147ba42d,"{""distance"":7,""physical_error_rate"":0.002}","{""detection_events"":7696,""detectors_checked"":1036800}"
      1088,         0,         0,    8.86,exact_mw,98ed6542f5a75ebddbda0ed622fb597fbc85d0a75d139587b6be9a08147ba42d,"{""distance"":7,""physical_error_rate"":0.002}","{""detection_events"":6496,""detectors_checked"":881280}"
      1024,         0,         0,    8.68,exact_mw,98ed6542f5a75ebddbda0ed622fb597fbc85d0a75d139587b6be9a08147ba42d,"{""distance"":7,""physical_error_rate"":0.002}","{""detection_events"":6276,""detectors_checked"":829440}"
      1152,         0,         0,    8.53,exact_mw,98ed6542f5a75ebddbda0ed622fb597fbc85d0a75d139587b6be9a08147ba42d,"{""distance"":7,""physical_error_rate"":0.002}","{""detection_events"":7120,""detectors_checked"":933120}"
      2616,         0,         0,   120.2,exact_mw,98ed6542f5a75ebddbda0ed622fb597fbc85d0a75d139587b6be9a08147ba42d,"{""distance"":7,""physical_error_rate"":0.002}","{""detection_events"":15747,""detectors_checked"":2118960}"
      1024,         0,         0,    8.98,exact_mw,98ed6542f5a75ebddbda0ed622fb597fbc85d0a75d139587b6be9a08147ba42d,"{""distance"":7,""physical_error_rate"":0.002}","{""detection_events"":6022,""detectors_checked"":829440}"
      1280,         0,         0,    8.37,exact_mw,98ed6542f5a75ebddbda0ed622fb597fbc85d0a75d139587b6be9a08147ba42d,"{""distance"":7,""physical_error_rate"":0.002}","{""detection_events"":7612,""detectors_checked"":1036800}"
      1216,         0,         0,    11.7,exact_mw,98ed6542f5a75ebddbda0ed622fb597fbc85d0a75d139587b6be9a08147ba42d,"{""distance"":7,""physical_error_rate"":0.002}","{""detection_events"":7268,""detectors_checked"":984960}"
       960,         0,         0,    8.51,exact_mw,98ed6542f5a75ebddbda0ed622fb597fbc85d0a75d139587b6be9a08147ba42d,"{""distance"":7,""physical_error_rate"":0.002}","{""detection_events"":5758,""detectors_checked"":777600}"
      1472,         0,         0,    11.8,exact_mw,98ed6542f5a75ebddbda0ed622fb597fbc85d0a75d139587b6be9a08147ba42d,"{""distance"":7,""physical_error_rate"":0.002}","{""detection_events"":8625,""detectors_checked"":1192320}"
     15616,         1,         0,   120.1,exact_mw,98ed6542f5a75ebddbda0ed622fb597fbc85d0a75d139587b6be9a08147ba42d,"{""distance"":7,""physical_error_rate"":0.002}","{""detection_events"":94489,""detectors_checked"":12648960,""obs_mistake_mask=E"":1}"
      1472,         0,         0,    12.3,exact_mw,98ed6542f5a75ebddbda0ed622fb597fbc85d0a75d139587b6be9a08147ba42d,"{""distance"":7,""physical_error_rate"":0.002}","{""detection_events"":8989,""detectors_checked"":1192320}"
      1536,         0,         0,    12.0,exact_mw,98ed6542f5a75ebddbda0ed622fb597fbc85d0a75d139587b6be9a08147ba42d,"{""distance"":7,""physical_error_rate"":0.002}","{""detection_events"":9066,""detectors_checked"":1244160}"
      1216,         0,         0,    11.7,exact_mw,98ed6542f5a75ebddbda0ed622fb597fbc85d0a75d139587b6be9a08147ba42d,"{""distance"":7,""physical_error_rate"":0.002}","{""detection_events"":7090,""detectors_checked"":984960}"
      1152,         0,         0,    11.8,exact_mw,98ed6542f5a75ebddbda0ed622fb597fbc85d0a75d139587b6be9a08147ba42d,"{""distance"":7,""physical_error_rate"":0.002}","{""detection_events"":7028,""detectors_checked"":933120}"
      1152,         0,         0,    11.7,exact_mw,98ed6542f5a75ebddbda0ed622fb597fbc85d0a75d139587b6be9a08147ba42d,"{""distance"":7,""physical_error_rate"":0.002}","{""detection_events"":7003,""detectors_checked"":933120}"
      1536,         0,         0,    12.5,exact_mw,98ed6542f5a75ebddbda0ed622fb597fbc85d0a75d139587b6be9a08147ba42d,"{""distance"":7,""physical_error_rate"":0.002}","{""detection_events"":9241,""detectors_checked"":1244160}"
      1088,         0,         0,    11.9,exact_mw,98ed6542f5a75ebddbda0ed622fb597fbc85d0a75d139587b6be9a08147ba42d,"{""distance"":7,""physical_error_rate"":0.002}","{""detection_events"":6492,""detectors_checked"":881280}"
      1472,         0,         0,    11.9,exact_mw,98ed6542f5a75ebddbda0ed622fb597fbc85d0a75d139587b6be9a08147ba42d,"{""distance"":7,""physical_error_rate"":0.002}","{""detection_events"":9095,""detectors_checked"":1192320}"
     13504,         2,         0,   120.6,exact_mw,98ed6542f5a75ebddbda0ed622fb597fbc85d0a75d139587b6be9a08147ba42d,"{""distance"":7,""physical_error_rate"":0.002}","{""detection_events"":82782,""detectors_checked"":10938240,""obs_mistake_mask=E"":2}"
      1216,         0,         0,    12.4,exact_mw,98ed6542f5a75ebddbda0ed622fb597fbc85d0a75d139587b6be9a08147ba42d,"{""distance"":7,""physical_error_rate"":0.002}","{""detection_events"":7414,""detectors_checked"":984960}"
      1664,         0,         0,    12.3,exact_mw,98ed6542f5a75ebddbda0ed622fb597fbc85d0a75d139587b6be9a08147ba42d,"{""distance"":7,""physical_error_rate"":0.002}","{""detection_events"":10017,""detectors_checked"":1347840}"
      1728,         1,         0,    12.4,exact_mw,98ed6542f5a75ebddbda0ed622fb597fbc85d0a75d139587b6be9a08147ba42d,"{""distance"":7,""physical_error_rate"":0.002}","{""detection_events"":10423,""detectors_checked"":1399680,""obs_mistake_mask=E"":1}"
        17,         0,         0,   0.205,exact_mw,98ed6542f5a75ebddbda0ed622fb597fbc85d0a75d139587b6be9a08147ba42d,"{""distance"":7,""physical_error_rate"":0.002}","{""detection_events"":98,""detectors_checked"":13770}"
        32,         0,         0,   0.353,exact_mw,98ed6542f5a75ebddbda0ed622fb597fbc85d0a75d139587b6be9a08147ba42d,"{""distance"":7,""physical_error_rate"":0.002}","{""detection_events"":213,""detectors_checked"":25920}"
        32,         0,         0,   0.368,exact_mw,98ed6542f5a75ebddbda0ed622fb597fbc85d0a75d139587b6be9a08147ba42d,"{""distance"":7,""physical_error_rate"":0.002}","{""detection_events"":181,""detectors_checked"":25920}"
      1600,         0,         0,    12.1,exact_mw,98ed6542f5a75ebddbda0ed622fb597fbc85d0a75d139587b6be9a08147ba42d,"{""distance"":7,""physical_error_rate"":0.002}","{""detection_events"":9644,""detectors_checked"":1296000}"
      1360,         0,         0,    11.7,exact_mw,98ed6542f5a75ebddbda0ed622fb597fbc85d0a75d139587b6be9a08147ba42d,"{""distance"":7,""physical_error_rate"":0.002}","{""detection_events"":8173,""detectors_checked"":1101600}"
      1152,         0,         0,    12.4,exact_mw,98ed6542f5a75ebddbda0ed622fb597fbc85d0a75d139587b6be9a08147ba42d,"{""distance"":7,""physical_error_rate"":0.002}","{""detection_events"":6806,""detectors_checked"":933120}"
      1472,         0,         0,    12.0,exact_mw,98ed6542f5a75ebddbda0ed622fb597fbc85d0a75d139587b6be9a08147ba42d,"{""distance"":7,""physical_error_rate"":0.002}","{""detection_events"":8869,""detectors_checked"":1192320}"
        32,         0,         0,   0.543,exact_mw,98ed6542f5a75ebddbda0ed622fb597fbc85d0a75d139587b6be9a08147ba42d,"{""distance"":7,""physical_error_rate"":0.002}","{""detection_events"":195,""detectors_checked"":25920}"
      1664,         0,         0,    12.2,exact_mw,98ed6542f5a75ebddbda0ed622fb597fbc85d0a75d139587b6be9a08147ba42d,"{""distance"":7,""physical_error_rate"":0.002}","{""detection_events"":10178,""detectors_checked"":1347840}"
        32,         0,         0,   0.543,exact_mw,98ed6542f5a75ebddbda0ed622fb597fbc85d0a75d139587b6be9a08147ba42d,"{""distance"":7,""physical_error_rate"":0.002}","{""detection_events"":195,""detectors_checked"":25920}"
       960,         0,         0,    11.9,exact_mw,98ed6542f5a75ebddbda0ed622fb597fbc85d0a75d139587b6be9a08147ba42d,"{""distance"":7,""physical_error_rate"":0.002}","{""detection_events"":5875,""detectors_checked"":777600}"
      2048,         0,         0,    11.8,exact_mw,98ed6542f5a75ebddbda0ed622fb597fbc85d0a75d139587b6be9a08147ba42d,"{""distance"":7,""physical_error_rate"":0.002}","{""detection_events"":12411,""detectors_checked"":1658880}"
        32,         0,         0,   0.317,exact_mw,98ed6542f5a75ebddbda0ed622fb597fbc85d0a75d139587b6be9a08147ba42d,"{""distance"":7,""physical_error_rate"":0.002}","{""detection_events"":184,""detectors_checked"":25920}"
        32,         0,         0,   0.270,exact_mw,98ed6542f5a75ebddbda0ed622fb597fbc85d0a75d139587b6be9a08147ba42d,"{""distance"":7,""physical_error_rate"":0.002}","{""detection_events"":174,""detectors_checked"":25920}"
      1472,         0,         0,    11.8,exact_mw,98ed6542f5a75ebddbda0ed622fb597fbc85d0a75d139587b6be9a08147ba42d,"{""distance"":7,""physical_error_rate"":0.002}","{""detection_events"":8766,""detectors_checked"":1192320}"
        64,         0,         0,   0.633,exact_mw,98ed6542f5a75ebddbda0ed622fb597fbc85d0a75d139587b6be9a08147ba42d,"{""distance"":7,""physical_error_rate"":0.002}","{""detection_events"":375,""detectors_checked"":51840}"
         1,         0,         0,   0.076,exact_mw,98ed6542f5a75ebddbda0ed622fb597fbc85d0a75d139587b6be9a08147ba42d,"{""distance"":7,""physical_error_rate"":0.002}","{""detection_events"":6,""detectors_checked"":810}"
        64,         0,         0,   0.638,exact_mw,98ed6542f5a75ebddbda0ed622fb597fbc85d0a75d139587b6be9a08147ba42d,"{""distance"":7,""physical_error_rate"":0.002}","{""detection_events"":358,""detectors_checked"":51840}"
        68,         0,         0,   0.629,exact_mw,98ed6542f5a75ebddbda0ed622fb597fbc85d0a75d139587b6be9a08147ba42d,"{""distance"":7,""physical_error_rate"":0.002}","{""detection_events"":414,""detectors_checked"":55080}"
      1792,         0,         0,    12.6,exact_mw,98ed6542f5a75ebddbda0ed622fb597fbc85d0a75d139587b6be9a08147ba42d,"{""distance"":7,""physical_error_rate"":0.002}","{""detection_events"":10806,""detectors_checked"":1451520}"
      1600,         0,         0,    11.7,exact_mw,98ed6542f5a75ebddbda0ed622fb597fbc85d0a75d139587b6be9a08147ba42d,"{""distance"":7,""physical_error_rate"":0.002}","{""detection_events"":9403,""detectors_checked"":1296000}"
        64,         0,         0,   0.739,exact_mw,98ed6542f5a75ebddbda0ed622fb597fbc85d0a75d139587b6be9a08147ba42d,"{""distance"":7,""physical_error_rate"":0.002}","{""detection_events"":357,""detectors_checked"":51840}"
        64,         0,         0,   0.845,exact_mw,98ed6542f5a75ebddbda0ed622fb597fbc85d0a75d139587b6be9a08147ba42d,"{""distance"":7,""physical_error_rate"":0.002}","{""detection_events"":391,""detectors_checked"":51840}"
      1920,         0,         0,    12.3,exact_mw,98ed6542f5a75ebddbda0ed622fb597fbc85d0a75d139587b6be9a08147ba42d,"{""distance"":7,""physical_error_rate"":0.002}","{""detection_events"":11494,""detectors_checked"":1555200}"
        64,         0,         0,   0.545,exact_mw,98ed6542f5a75ebddbda0ed622fb597fbc85d0a75d139587b6be9a08147ba42d,"{""distance"":7,""physical_error_rate"":0.002}","{""detection_events"":381,""detectors_checked"":51840}"
      1472,         0,         0,    12.0,exact_mw,98ed6542f5a75ebddbda0ed622fb597fbc85d0a75d139587b6be9a08147ba42d,"{""distance"":7,""physical_error_rate"":0.002}","{""detection_events"":9020,""detectors_checked"":1192320}"
        64,         0,         0,   0.722,exact_mw,98ed6542f5a75ebddbda0ed622fb597fbc85d0a75d139587b6be9a08147ba42d,"{""distance"":7,""physical_error_rate"":0.002}","{""detection_events"":369,""detectors_checked"":51840}"
        64,         0,         0,   0.566,exact_mw,98ed6542f5a75ebddbda0ed622fb597fbc85d0a75d139587b6be9a08147ba42d,"{""distance"":7,""physical_error_rate"":0.002}","{""detection_events"":410,""detectors_checked"":51840}"
      1664,         1,         0,    12.0,exact_mw,98ed6542f5a75ebddbda0ed622fb597fbc85d0a75d139587b6be9a08147ba42d,"{""distance"":7,""physical_error_rate"":0.002}","{""detection_events"":9883,""detectors_checked"":1347840,""obs_mistake_mask=E"":1}"
        64,         0,         0,   0.780,exact_mw,98ed6542f5a75ebddbda0ed622fb597fbc85d0a75d139587b6be9a08147ba42d,"{""distance"":7,""physical_error_rate"":0.002}","{""detection_events"":357,""detectors_checked"":51840}"
     15744,         3,         0,   120.0,exact_mw,98ed6542f5a75ebddbda0ed622fb597fbc85d0a75d139587b6be9a08147ba42d,"{""distance"":7,""physical_error_rate"":0.002}","{""detection_events"":95710,""detectors_checked"":12752640,""obs_mistake_mask=E"":3}"
        64,         0,         0,   0.488,exact_mw,98ed6542f5a75ebddbda0ed622fb597fbc85d0a75d139587b6be9a08147ba42d,"{""distance"":7,""physical_error_rate"":0.002}","{""detection_events"":360,""detectors_checked"":51840}"
     12944,         0,         0,   120.3,exact_mw,98ed6542f5a75ebddbda0ed622fb597fbc85d0a75d139587b6be9a08147ba42d,"{""distance"":7,""physical_error_rate"":0.002}","{""detection_events"":77986,""detectors_checked"":10484640}"
        64,         0,         0,   0.623,exact_mw,98ed6542f5a75ebddbda0ed622fb597fbc85d0a75d139587b6be9a08147ba42d,"{""distance"":7,""physical_error_rate"":0.002}","{""detection_events"":369,""detectors_checked"":51840}"
        64,         0,         0,   0.813,exact_mw,98ed6542f5a75ebddbda0ed622fb597fbc85d0a75d139587b6be9a08147ba42d,"{""distance"":7,""physical_error_rate"":0.002}","{""detection_events"":431,""detectors_checked"":51840}"
        64,         0,         0,   0.894,exact_mw,98ed6542f5a75ebddbda0ed622fb597fbc85d0a75d139587b6be9a08147ba42d,"{""distance"":7,""physical_error_rate"":0.002}","{""detection_events"":360,""detectors_checked"":51840}"
      1600,         1,         0,    12.2,exact_mw,98ed6542f5a75ebddbda0ed622fb597fbc85d0a75d139587b6be9a08147ba42d,"{""distance"":7,""physical_error_rate"":0.002}","{""detection_events"":9619,""detectors_checked"":1296000,""obs_mistake_mask=E"":1}"
       128,         0,         0,    1.25,exact_mw,98ed6542f5a75ebddbda0ed622fb597fbc85d0a75d139587b6be9a08147ba42d,"{""distance"":7,""physical_error_rate"":0.002}","{""detection_events"":705,""detectors_checked"":103680}"
        64,         0,         0,   0.620,exact_mw,98ed6542f5a75ebddbda0ed622fb597fbc85d0a75d139587b6be9a08147ba42d,"{""distance"":7,""physical_error_rate"":0.002}","{""detection_events"":365,""detectors_checked"":51840}"
        64,         0,         0,   0.592,exact_mw,98ed6542f5a75ebddbda0ed622fb597fbc85d0a75d139587b6be9a08147ba42d,"{""distance"":7,""physical_error_rate"":0.002}","{""detection_events"":364,""detectors_checked"":51840}"
       128,         0,         0,    1.32,exact_mw,98ed6542f5a75ebddbda0ed622fb597fbc85d0a75d139587b6be9a08147ba42d,"{""distance"":7,""physical_error_rate"":0.002}","{""detection_events"":793,""detectors_checked"":103680}"
        64,         0,         0,   0.518,exact_mw,98ed6542f5a75ebddbda0ed622fb597fbc85d0a75d139587b6be9a08147ba42d,"{""distance"":7,""physical_error_rate"":0.002}","{""detection_events"":381,""detectors_checked"":51840}"
     12040,         0,         0,   120.2,exact_mw,98ed6542f5a75ebddbda0ed622fb597fbc85d0a75d139587b6be9a08147ba42d,"{""distance"":7,""physical_error_rate"":0.002}","{""detection_events"":73439,""detectors_checked"":9752400}"
        64,         0,         0,   0.486,exact_mw,98ed6542f5a75ebddbda0ed622fb597fbc85d0a75d139587b6be9a08147ba42d,"{""distance"":7,""physical_error_rate"":0.002}","{""detection_events"":376,""detectors_checked"":51840}"
       128,         0,         0,   0.998,exact_mw,98ed6542f5a75ebddbda0ed622fb597fbc85d0a75d139587b6be9a08147ba42d,"{""distance"":7,""physical_error_rate"":0.002}","{""detection_events"":747,""detectors_checked"":103680}"
       192,         0,         0,    1.56,exact_mw,98ed6542f5a75ebddbda0ed622fb597fbc85d0a75d139587b6be9a08147ba42d,"{""distance"":7,""physical_error_rate"":0.002}","{""detection_events"":1096,""detectors_checked"":155520}"
      2728,         0,         0,   120.7,exact_mw,98ed6542f5a75ebddbda0ed622fb597fbc85d0a75d139587b6be9a08147ba42d,"{""distance"":7,""physical_error_rate"":0.002}","{""detection_events"":16731,""detectors_checked"":2209680}"
       128,         0,         0,    1.11,exact_mw,98ed6542f5a75ebddbda0ed622fb597fbc85d0a75d139587b6be9a08147ba42d,"{""distance"":7,""physical_error_rate"":0.002}","{""detection_events"":776,""detectors_checked"":103680}"
      1664,         0,         0,    16.4,exact_mw,98ed6542f5a75ebddbda0ed622fb597fbc85d0a75d139587b6be9a08147ba42d,"{""distance"":7,""physical_error_rate"":0.002}","{""detection_events"":10160,""detectors_checked"":1347840}"
       128,         0,         0,    1.11,exact_mw,98ed6542f5a75ebddbda0ed622fb597fbc85d0a75d139587b6be9a08147ba42d,"{""distance"":7,""physical_error_rate"":0.002}","{""detection_events"":800,""detectors_checked"":103680}"
       256,         0,         0,    2.25,exact_mw,98ed6542f5a75ebddbda0ed622fb597fbc85d0a75d139587b6be9a08147ba42d,"{""distance"":7,""physical_error_rate"":0.002}","{""detection_events"":1566,""detectors_checked"":207360}"
      2176,         0,         0,    16.5,exact_mw,98ed6542f5a75ebddbda0ed622fb597fbc85d0a75d139587b6be9a08147ba42d,"{""distance"":7,""physical_error_rate"":0.002}","{""detection_events"":13016,""detectors_checked"":1762560}"
      2176,         0,         0,    17.0,exact_mw,98ed6542f5a75ebddbda0ed622fb597fbc85d0a75d139587b6be9a08147ba42d,"{""distance"":7,""physical_error_rate"":0.002}","{""detection_events"":13036,""detectors_checked"":1762560}"
      2304,         0,         0,    16.7,exact_mw,98ed6542f5a75ebddbda0ed622fb597fbc85d0a75d139587b6be9a08147ba42d,"{""distance"":7,""physical_error_rate"":0.002}","{""detection_events"":13707,""detectors_checked"":1866240}"
        17,         0,         0,   0.273,exact_mw,98ed6542f5a75ebddbda0ed622fb597fbc85d0a75d139587b6be9a08147ba42d,"{""distance"":7,""physical_error_rate"":0.002}","{""detection_events"":123,""detectors_checked"":13770}"
       192,         0,         0,    1.56,exact_mw,98ed6542f5a75ebddbda0ed622fb597fbc85d0a75d139587b6be9a08147ba42d,"{""distance"":7,""physical_error_rate"":0.002}","{""detection_events"":1209,""detectors_checked"":155520}"
      1856,         0,         0,    16.8,exact_mw,98ed6542f5a75ebddbda0ed622fb597fbc85d0a75d139587b6be9a08147ba42d,"{""distance"":7,""physical_error_rate"":0.002}","{""detection_events"":11141,""detectors_checked"":1503360}"
        32,         0,         0,   0.535,exact_mw,98ed6542f5a75ebddbda0ed622fb597fbc85d0a75d139587b6be9a08147ba42d,"{""distance"":7,""physical_error_rate"":0.002}","{""detection_events"":222,""detectors_checked"":25920}"
      2048,         0,         0,    16.7,exact_mw,98ed6542f5a75ebddbda0ed622fb597fbc85d0a75d139587b6be9a08147ba42d,"{""distance"":7,""physical_error_rate"":0.002}","{""detection_events"":12549,""detectors_checked"":1658880}"
       480,         0,         0,    16.8,exact_mw,98ed6542f5a75ebddbda0ed622fb597fbc85d0a75d139587b6be9a08147ba42d,"{""distance"":7,""physical_error_rate"":0.002}","{""detection_events"":2728,""detectors_checked"":388800}"
      1856,         0,         0,    17.0,exact_mw,98ed6542f5a75ebddbda0ed622fb597fbc85d0a75d139587b6be9a08147ba42d,"{""distance"":7,""physical_error_rate"":0.002}","{""detection_events"":11157,""detectors_checked"":1503360}"
        32,         0,         0,   0.272,exact_mw,98ed6542f5a75ebddbda0ed622fb597fbc85d0a75d139587b6be9a08147ba42d,"{""distance"":7,""physical_error_rate"":0.002}","{""detection_events"":192,""detectors_checked"":25920}"
      2112,         0,         0,    16.6,exact_mw,98ed6542f5a75ebddbda0ed622fb597fbc85d0a75d139587b6be9a08147ba42d,"{""distance"":7,""physical_error_rate"":0.002}","{""detection_events"":12887,""detectors_checked"":1710720}"
      2176,         0,         0,    16.9,exact_mw,98ed6542f5a75ebddbda0ed622fb597fbc85d0a75d139587b6be9a08147ba42d,"{""distance"":7,""physical_error_rate"":0.002}","{""detection_events"":13416,""detectors_checked"":1762560}"
      1792,         0,         0,    16.6,exact_mw,98ed6542f5a75ebddbda0ed622fb597fbc85d0a75d139587b6be9a08147ba42d,"{""distance"":7,""physical_error_rate"":0.002}","{""detection_events"":10842,""detectors_checked"":1451520}"
      2176,         0,         0,    16.6,exact_mw,98ed6542f5a75ebddbda0ed622fb597fbc85d0a75d139587b6be9a08147ba42d,"{""distance"":7,""physical_error_rate"":0.002}","{""detection_events"":12479,""detectors_checked"":1762560}"
        64,         0,         0,   0.977,exact_mw,98ed6542f5a75ebddbda0ed622fb597fbc85d0a75d139587b6be9a08147ba42d,"{""distance"":7,""physical_error_rate"":0.002}","{""detection_events"":410,""detectors_checked"":51840}"
       448,         0,         0,    3.49,exact_mw,98ed6542f5a75ebddbda0ed622fb597fbc85d0a75d139587b6be9a08147ba42d,"{""distance"":7,""physical_error_rate"":0.002}","{""detection_events"":2764,""detectors_checked"":362880}"
      2432,         0,         0,    17.3,exact_mw,98ed6542f5a75ebddbda0ed622fb597fbc85d0a75d139587b6be9a08147ba42d,"{""distance"":7,""physical_error_rate"":0.002}","{""detection_events"":14546,""detectors_checked"":1969920}"
        64,         0,         0,   0.766,exact_mw,98ed6542f5a75ebddbda0ed622fb597fbc85d0a75d139587b6be9a08147ba42d,"{""distance"":7,""physical_error_rate"":0.002}","{""detection_events"":402,""detectors_checked"":51840}"
       320,         0,         0,    2.31,exact_mw,98ed6542f5a75ebddbda0ed622fb597fbc85d0a75d139587b6be9a08147ba42d,"{""distance"":7,""physical_error_rate"":0.002}","{""detection_events"":1841,""detectors_checked"":259200}"
      1984,         0,         0,    16.7,exact_mw,98ed6542f5a75ebddbda0ed622fb597fbc85d0a75d139587b6be9a08147ba42d,"{""distance"":7,""physical_error_rate"":0.002}","{""detection_events"":11794,""detectors_checked"":1607040}"
      2112,         0,         0,    16.7,exact_mw,98ed6542f5a75ebddbda0ed622fb597fbc85d0a75d139587b6be9a08147ba42d,"{""distance"":7,""physical_error_rate"":0.002}","{""detection_events"":12567,""detectors_checked"":1710720}"
        64,         1,         0,   0.856,exact_mw,98ed6542f5a75ebddbda0ed622fb597fbc85d0a75d139587b6be9a08147ba42d,"{""distance"":7,""physical_error_rate"":0.002}","{""detection_events"":411,""detectors_checked"":51840,""obs_mistake_mask=E"":1}"
      1472,         0,         0,    16.7,exact_mw,98ed6542f5a75ebddbda0ed622fb597fbc85d0a75d139587b6be9a08147ba42d,"{""distance"":7,""physical_error_rate"":0.002}","{""detection_events"":8990,""detectors_checked"":1192320}"
      2240,         0,         0,    16.7,exact_mw,98ed6542f5a75ebddbda0ed622fb597fbc85d0a75d139587b6be9a08147ba42d,"{""distance"":7,""physical_error_rate"":0.002}","{""detection_events"":13445,""detectors_checked"":1814400}"
        64,         0,         0,   0.598,exact_mw,98ed6542f5a75ebddbda0ed622fb597fbc85d0a75d139587b6be9a08147ba42d,"{""distance"":7,""physical_error_rate"":0.002}","{""detection_events"":347,""detectors_checked"":51840}"
      2432,         0,         0,    17.1,exact_mw,98ed6542f5a75ebddbda0ed622fb597fbc85d0a75d139587b6be9a08147ba42d,"{""distance"":7,""physical_error_rate"":0.002}","{""detection_events"":14624,""detectors_checked"":1969920}"
       976,         0,         0,    16.7,exact_mw,98ed6542f5a75ebddbda0ed622fb597fbc85d0a75d139587b6be9a08147ba42d,"{""distance"":7,""physical_error_rate"":0.002}","{""detection_events"":5784,""detectors_checked"":790560}"
        64,         0,         0,   0.660,exact_mw,98ed6542f5a75ebddbda0ed622fb597fbc85d0a75d139587b6be9a08147ba42d,"{""distance"":7,""physical_error_rate"":0.002}","{""detection_events"":377,""detectors_checked"":51840}"
      2560,         0,         0,    17.4,exact_mw,98ed6542f5a75ebddbda0ed622fb597fbc85d0a75d139587b6be9a08147ba42d,"{""distance"":7,""physical_error_rate"":0.002}","{""detection_events"":15328,""detectors_checked"":2073600}"
        64,         0,         0,   0.468,exact_mw,98ed6542f5a75ebddbda0ed622fb597fbc85d0a75d139587b6be9a08147ba42d,"{""distance"":7,""physical_error_rate"":0.002}","{""detection_events"":370,""detectors_checked"":51840}"
      2112,         0,         0,    16.6,exact_mw,98ed6542f5a75ebddbda0ed622fb597fbc85d0a75d139587b6be9a08147ba42d,"{""distance"":7,""physical_error_rate"":0.002}","{""detection_events"":12775,""detectors_checked"":1710720}"
        64,         0,         0,   0.493,exact_mw,98ed6542f5a75ebddbda0ed622fb597fbc85d0a75d139587b6be9a08147ba42d,"{""distance"":7,""physical_error_rate"":0.002}","{""detection_events"":366,""detectors_checked"":51840}"
       384,         0,         0,    3.29,exact_mw,98ed6542f5a75ebddbda0ed622fb597fbc85d0a75d139587b6be9a08147ba42d,"{""distance"":7,""physical_error_rate"":0.002}","{""detection_events"":2364,""detectors_checked"":311040}"
      1984,         0,         0,    16.4,exact_mw,98ed6542f5a75ebddbda0ed622fb597fbc85d0a75d139587b6be9a08147ba42d,"{""distance"":7,""physical_error_rate"":0.002}","{""detection_events"":12385,""detectors_checked"":1607040}"
        64,         0,         0,   0.544,exact_mw,98ed6542f5a75ebddbda0ed622fb597fbc85d0a75d139587b6be9a08147ba42d,"{""distance"":7,""physical_error_rate"":0.002}","{""detection_events"":379,""detectors_checked"":51840}"
      2304,         1,         0,    17.1,exact_mw,98ed6542f5a75ebddbda0ed622fb597fbc85d0a75d139587b6be9a08147ba42d,"{""distance"":7,""physical_error_rate"":0.002}","{""detection_events"":14248,""detectors_checked"":1866240,""obs_mistake_mask=E"":1}"
       576,         0,         0,    4.43,exact_mw,98ed6542f5a75ebddbda0ed622fb597fbc85d0a75d139587b6be9a08147ba42d,"{""distance"":7,""physical_error_rate"":0.002}","{""detection_events"":3506,""detectors_checked"":466560}"
       128,         0,         0,   0.773,exact_mw,98ed6542f5a75ebddbda0ed622fb597fbc85d0a75d139587b6be9a08147ba42d,"{""distance"":7,""physical_error_rate"":0.002}","{""detection_events"":704,""detectors_checked"":103680}"
      2432,         1,         0,    17.3,exact_mw,98ed6542f5a75ebddbda0ed622fb597fbc85d0a75d139587b6be9a08147ba42d,"{""distance"":7,""physical_error_rate"":0.002}","{""detection_events"":14708,""detectors_checked"":1969920,""obs_mistake_mask=E"":1}"
      2048,         0,         0,    17.0,exact_mw,98ed6542f5a75ebddbda0ed622fb597fbc85d0a75d139587b6be9a08147ba42d,"{""distance"":7,""physical_error_rate"":0.002}","{""detection_events"":12415,""detectors_checked"":1658880}"
     15552,         2,         0,   120.1,exact_mw,98ed6542f5a75ebddbda0ed622fb597fbc85d0a75d139587b6be9a08147ba42d,"{""distance"":7,""physical_error_rate"":0.002}","{""detection_events"":93538,""detectors_checked"":12597120,""obs_mistake_mask=E"":2}"
       128,         0,         0,   0.911,exact_mw,98ed6542f5a75ebddbda0ed622fb597fbc85d0a75d139587b6be9a08147ba42d,"{""distance"":7,""physical_error_rate"":0.002}","{""detection_events"":805,""detectors_checked"":103680}"
      2432,         0,         0,    16.7,exact_mw,98ed6542f5a75ebddbda0ed622fb597fbc85d0a75d139587b6be9a08147ba42d,"{""distance"":7,""physical_error_rate"":0.002}","{""detection_events"":14528,""detectors_checked"":1969920}"
       128,         0,         0,   0.849,exact_mw,98ed6542f5a75ebddbda0ed622fb597fbc85d0a75d139587b6be9a08147ba42d,"{""distance"":7,""physical_error_rate"":0.002}","{""detection_events"":803,""detectors_checked"":103680}"
       128,         0,         0,    1.24,exact_mw,98ed6542f5a75ebddbda0ed622fb597fbc85d0a75d139587b6be9a08147ba42d,"{""distance"":7,""physical_error_rate"":0.002}","{""detection_events"":784,""detectors_checked"":103680}"
      2048,         0,         0,    16.5,exact_mw,98ed6542f5a75ebddbda0ed622fb597fbc85d0a75d139587b6be9a08147ba42d,"{""distance"":7,""physical_error_rate"":0.002}","{""detection_events"":12382,""detectors_checked"":1658880}"
       576,         0,         0,    4.27,exact_mw,98ed6542f5a75ebddbda0ed622fb597fbc85d0a75d139587b6be9a08147ba42d,"{""distance"":7,""physical_error_rate"":0.002}","{""detection_events"":3368,""detectors_checked"":466560}"
     13952,         2,         0,   120.2,exact_mw,98ed6542f5a75ebddbda0ed622fb597fbc85d0a75d139587b6be9a08147ba42d,"{""distance"":7,""physical_error_rate"":0.002}","{""detection_events"":84547,""detectors_checked"":11301120,""obs_mistake_mask=E"":2}"
       192,         0,         0,    1.92,exact_mw,98ed6542f5a75ebddbda0ed622fb597fbc85d0a75d139587b6be9a08147ba42d,"{""distance"":7,""physical_error_rate"":0.002}","{""detection_events"":1165,""detectors_checked"":155520}"
       704,         0,         0,    6.00,exact_mw,98ed6542f5a75ebddbda0ed622fb597fbc85d0a75d139587b6be9a08147ba42d,"{""distance"":7,""physical_error_rate"":0.002}","{""detection_events"":4190,""detectors_checked"":570240}"
     11888,         2,         0,   120.7,exact_mw,98ed6542f5a75ebddbda0ed622fb597fbc85d0a75d139587b6be9a08147ba42d,"{""distance"":7,""physical_error_rate"":0.002}","{""detection_events"":70960,""detectors_checked"":9629280,""obs_mistake_mask=E"":2}"
     13056,         1,         0,   120.2,exact_mw,98ed6542f5a75ebddbda0ed622fb597fbc85d0a75d139587b6be9a08147ba42d,"{""distance"":7,""physical_error_rate"":0.002}","{""detection_events"":79242,""detectors_checked"":10575360,""obs_mistake_mask=E"":1}"
       192,         0,         0,    2.41,exact_mw,98ed6542f5a75ebddbda0ed622fb597fbc85d0a75d139587b6be9a08147ba42d,"{""distance"":7,""physical_error_rate"":0.002}","{""detection_events"":1189,""detectors_checked"":155520}"
     13824,         2,         0,   120.3,exact_mw,98ed6542f5a75ebddbda0ed622fb597fbc85d0a75d139587b6be9a08147ba42d,"{""distance"":7,""physical_error_rate"":0.002}","{""detection_events"":83537,""detectors_checked"":11197440,""obs_mistake_mask=E"":2}"
     14976,         1,         0,   120.4,exact_mw,98ed6542f5a75ebddbda0ed622fb597fbc85d0a75d139587b6be9a08147ba42d,"{""distance"":7,""physical_error_rate"":0.002}","{""detection_events"":90251,""detectors_checked"":12130560,""obs_mistake_mask=E"":1}"
      7512,         1,         0,   120.4,exact_mw,98ed6542f5a75ebddbda0ed622fb597fbc85d0a75d139587b6be9a08147ba42d,"{""distance"":7,""physical_error_rate"":0.002}","{""detection_events"":45249,""detectors_checked"":6084720,""obs_mistake_mask=E"":1}"
       768,         1,         0,    5.98,exact_mw,98ed6542f5a75ebddbda0ed622fb597fbc85d0a75d139587b6be9a08147ba42d,"{""distance"":7,""physical_error_rate"":0.002}","{""detection_events"":4679,""detectors_checked"":622080,""obs_mistake_mask=E"":1}"
       448,         0,         0,    3.27,exact_mw,98ed6542f5a75ebddbda0ed622fb597fbc85d0a75d139587b6be9a08147ba42d,"{""distance"":7,""physical_error_rate"":0.002}","{""detection_events"":2704,""detectors_checked"":362880}"
      3032,         0,         0,   120.0,exact_mw,98ed6542f5a75ebddbda0ed622fb597fbc85d0a75d139587b6be9a08147ba42d,"{""distance"":7,""physical_error_rate"":0.002}","{""detection_events"":18403,""detectors_checked"":2455920}"
      3072,         1,         0,    23.0,exact_mw,98ed6542f5a75ebddbda0ed622fb597fbc85d0a75d139587b6be9a08147ba42d,"{""distance"":7,""physical_error_rate"":0.002}","{""detection_events"":18489,""detectors_checked"":2488320,""obs_mistake_mask=E"":1}"
      1024,         0,         0,    8.69,exact_mw,98ed6542f5a75ebddbda0ed622fb597fbc85d0a75d139587b6be9a08147ba42d,"{""distance"":7,""physical_error_rate"":0.002}","{""detection_events"":6167,""detectors_checked"":829440}"
     16704,         2,         0,   120.1,exact_mw,98ed6542f5a75ebddbda0ed622fb597fbc85d0a75d139587b6be9a08147ba42d,"{""distance"":7,""physical_error_rate"":0.002}","{""detection_events"":101500,""detectors_checked"":13530240,""obs_mistake_mask=E"":2}"
       576,         0,         0,    4.70,exact_mw,98ed6542f5a75ebddbda0ed622fb597fbc85d0a75d139587b6be9a08147ba42d,"{""distance"":7,""physical_error_rate"":0.002}","{""detection_events"":3713,""detectors_checked"":466560}"
      2160,         0,         0,    23.1,exact_mw,98ed6542f5a75ebddbda0ed622fb597fbc85d0a75d139587b6be9a08147ba42d,"{""distance"":7,""physical_error_rate"":0.002}","{""detection_events"":12975,""detectors_checked"":1749600}"
      2944,         2,         0,    23.1,exact_mw,98ed6542f5a75ebddbda0ed622fb597fbc85d0a75d139587b6be9a08147ba42d,"{""distance"":7,""physical_error_rate"":0.002}","{""detection_events"":17788,""detectors_checked"":2384640,""obs_mistake_mask=E"":2}"
     15040,         1,         0,   120.0,exact_mw,98ed6542f5a75ebddbda0ed622fb597fbc85d0a75d139587b6be9a08147ba42d,"{""distance"":7,""physical_error_rate"":0.002}","{""detection_events"":90791,""detectors_checked"":12182400,""obs_mistake_mask=E"":1}"
     15488,         1,         0,   120.5,exact_mw,98ed6542f5a75ebddbda0ed622fb597fbc85d0a75d139587b6be9a08147ba42d,"{""distance"":7,""physical_error_rate"":0.002}","{""detection_events"":92908,""detectors_checked"":12545280,""obs_mistake_mask=E"":1}"
      3008,         0,         0,    23.2,exact_mw,98ed6542f5a75ebddbda0ed622fb597fbc85d0a75d139587b6be9a08147ba42d,"{""distance"":7,""physical_error_rate"":0.002}","{""detection_events"":18284,""detectors_checked"":2436480}"
       448,         0,         0,    23.1,exact_mw,98ed6542f5a75ebddbda0ed622fb597fbc85d0a75d139587b6be9a08147ba42d,"{""distance"":7,""physical_error_rate"":0.002}","{""detection_events"":2645,""detectors_checked"":362880}"
      2944,         0,         0,    24.0,exact_mw,98ed6542f5a75ebddbda0ed622fb597fbc85d0a75d139587b6be9a08147ba42d,"{""distance"":7,""physical_error_rate"":0.002}","{""detection_events"":17888,""detectors_checked"":2384640}"
      3264,         0,         0,    23.2,exact_mw,98ed6542f5a75ebddbda0ed622fb597fbc85d0a75d139587b6be9a08147ba42d,"{""distance"":7,""physical_error_rate"":0.002}","{""detection_events"":19243,""detectors_checked"":2643840}"
      3136,         0,         0,    23.5,exact_mw,98ed6542f5a75ebddbda0ed622fb597fbc85d0a75d139587b6be9a08147ba42d,"{""distance"":7,""physical_error_rate"":0.002}","{""detection_events"":18782,""detectors_checked"":2540160}"
      1344,         0,         0,    23.7,exact_mw,98ed6542f5a75ebddbda0ed622fb597fbc85d0a75d139587b6be9a08147ba42d,"{""distance"":7,""physical_error_rate"":0.002}","{""detection_events"":8051,""detectors_checked"":1088640}"
      2944,         0,         0,    23.0,exact_mw,98ed6542f5a75ebddbda0ed622fb597fbc85d0a75d139587b6be9a08147ba42d,"{""distance"":7,""physical_error_rate"":0.002}","{""detection_events"":18055,""detectors_checked"":2384640}"
      2944,         0,         0,    23.0,exact_mw,98ed6542f5a75ebddbda0ed622fb597fbc85d0a75d139587b6be9a08147ba42d,"{""distance"":7,""physical_error_rate"":0.002}","{""detection_events"":17919,""detectors_checked"":2384640}"
     10104,         2,         0,   120.0,exact_mw,98ed6542f5a75ebddbda0ed622fb597fbc85d0a75d139587b6be9a08147ba42d,"{""distance"":7,""physical_error_rate"":0.002}","{""detection_events"":60686,""detectors_checked"":8184240,""obs_mistake_mask=E"":2}"
      1920,         0,         0,    14.7,exact_mw,98ed6542f5a75ebddbda0ed622fb597fbc85d0a75d139587b6be9a08147ba42d,"{""distance"":7,""physical_error_rate"":0.002}","{""detection_events"":11809,""detectors_checked"":1555200}"
      1088,         0,         0,    9.33,exact_mw,98ed6542f5a75ebddbda0ed622fb597fbc85d0a75d139587b6be9a08147ba42d,"{""distance"":7,""physical_error_rate"":0.002}","{""detection_events"":6504,""detectors_checked"":881280}"
       128,         0,         0,   0.802,exact_mw,98ed6542f5a75ebddbda0ed622fb597fbc85d0a75d139587b6be9a08147ba42d,"{""distance"":7,""physical_error_rate"":0.002}","{""detection_events"":765,""detectors_checked"":103680}"
      7808,         3,         0,    59.5,exact_mw,98ed6542f5a75ebddbda0ed622fb597fbc85d0a75d139587b6be9a08147ba42d,"{""distance"":7,""physical_error_rate"":0.002}","{""detection_events"":47182,""detectors_checked"":6324480,""obs_mistake_mask=E"":3}"
      1920,         0,         0,    14.2,exact_mw,98ed6542f5a75ebddbda0ed622fb597fbc85d0a75d139587b6be9a08147ba42d,"{""distance"":7,""physical_error_rate"":0.002}","{""detection_events"":11376,""detectors_checked"":1555200}"
       128,         0,         0,   0.854,exact_mw,98ed6542f5a75ebddbda0ed622fb597fbc85d0a75d139587b6be9a08147ba42d,"{""distance"":7,""physical_error_rate"":0.002}","{""detection_events"":768,""detectors_checked"":103680}"
      2752,         0,         0,    21.9,exact_mw,98ed6542f5a75ebddbda0ed622fb597fbc85d0a75d139587b6be9a08147ba42d,"{""distance"":7,""physical_error_rate"":0.002}","{""detection_events"":16831,""detectors_checked"":2229120}"
     13376,         0,         0,    97.8,exact_mw,98ed6542f5a75ebddbda0ed622fb597fbc85d0a75d139587b6be9a08147ba42d,"{""distance"":7,""physical_error_rate"":0.002}","{""detection_events"":81188,""detectors_checked"":10834560}"
       576,         0,         0,    4.19,exact_mw,98ed6542f5a75ebddbda0ed622fb597fbc85d0a75d139587b6be9a08147ba42d,"{""distance"":7,""physical_error_rate"":0.002}","{""detection_events"":3404,""detectors_checked"":466560}"
       256,         0,         0,    2.47,exact_mw,98ed6542f5a75ebddbda0ed622fb597fbc85d0a75d139587b6be9a08147ba42d,"{""distance"":7,""physical_error_rate"":0.002}","{""detection_events"":1518,""detectors_checked"":207360}"
       384,         0,         0,    2.64,exact_mw,98ed6542f5a75ebddbda0ed622fb597fbc85d0a75d139587b6be9a08147ba42d,"{""distance"":7,""physical_error_rate"":0.002}","{""detection_events"":2211,""detectors_checked"":311040}"
      4544,         0,         0,    42.2,exact_mw,98ed6542f5a75ebddbda0ed622fb597fbc85d0a75d139587b6be9a08147ba42d,"{""distance"":7,""physical_error_rate"":0.002}","{""detection_events"":27301,""detectors_checked"":3680640}"
      2624,         1,         0,    19.0,exact_mw,98ed6542f5a75ebddbda0ed622fb597fbc85d0a75d139587b6be9a08147ba42d,"{""distance"":7,""physical_error_rate"":0.002}","{""detection_events"":15627,""detectors_checked"":2125440,""obs_mistake_mask=E"":1}"
       552,         0,         0,    21.7,exact_mw,98ed6542f5a75ebddbda0ed622fb597fbc85d0a75d139587b6be9a08147ba42d,"{""distance"":7,""physical_error_rate"":0.002}","{""detection_events"":3217,""detectors_checked"":447120}"
     15040,         0,         0,   118.3,exact_mw,98ed6542f5a75ebddbda0ed622fb597fbc85d0a75d139587b6be9a08147ba42d,"{""distance"":7,""physical_error_rate"":0.002}","{""detection_events"":90250,""detectors_checked"":12182400}"
      7824,         1,         0,   116.2,exact_mw,98ed6542f5a75ebddbda0ed622fb597fbc85d0a75d139587b6be9a08147ba42d,"{""distance"":7,""physical_error_rate"":0.002}","{""detection_events"":46663,""detectors_checked"":6337440,""obs_mistake_mask=E"":1}"
      1216,         0,         0,    9.45,exact_mw,98ed6542f5a75ebddbda0ed622fb597fbc85d0a75d139587b6be9a08147ba42d,"{""distance"":7,""physical_error_rate"":0.002}","{""detection_events"":7533,""detectors_checked"":984960}"
      5944,         0,         0,    60.9,exact_mw,98ed6542f5a75ebddbda0ed622fb597fbc85d0a75d139587b6be9a08147ba42d,"{""distance"":7,""physical_error_rate"":0.002}","{""detection_events"":35915,""detectors_checked"":4814640}"
       880,         0,         0,    40.1,exact_mw,98ed6542f5a75ebddbda0ed622fb597fbc85d0a75d139587b6be9a08147ba42d,"{""distance"":7,""physical_error_rate"":0.002}","{""detection_events"":5324,""detectors_checked"":712800}"
       192,         0,         0,    1.43,exact_mw,98ed6542f5a75ebddbda0ed622fb597fbc85d0a75d139587b6be9a08147ba42d,"{""distance"":7,""physical_error_rate"":0.002}","{""detection_events"":1219,""detectors_checked"":155520}"
       448,         1,         0,    3.41,exact_mw,98ed6542f5a75ebddbda0ed622fb597fbc85d0a75d139587b6be9a08147ba42d,"{""distance"":7,""physical_error_rate"":0.002}","{""detection_events"":2718,""detectors_checked"":362880,""obs_mistake_mask=E"":1}"
      8000,         1,         0,    61.9,exact_mw,98ed6542f5a75ebddbda0ed622fb597fbc85d0a75d139587b6be9a08147ba42d,"{""distance"":7,""physical_error_rate"":0.002}","{""detection_events"":48303,""detectors_checked"":6480000,""obs_mistake_mask=E"":1}"
      2304,         0,         0,    17.5,exact_mw,98ed6542f5a75ebddbda0ed622fb597fbc85d0a75d139587b6be9a08147ba42d,"{""distance"":7,""physical_error_rate"":0.002}","{""detection_events"":14375,""detectors_checked"":1866240}"
       112,         0,         0,    5.03,exact_mw,98ed6542f5a75ebddbda0ed622fb597fbc85d0a75d139587b6be9a08147ba42d,"{""distance"":7,""physical_error_rate"":0.002}","{""detection_events"":597,""detectors_checked"":90720}"
        16,         0,         0,   0.800,exact_mw,98ed6542f5a75ebddbda0ed622fb597fbc85d0a75d139587b6be9a08147ba42d,"{""distance"":7,""physical_error_rate"":0.002}","{""detection_events"":91,""detectors_checked"":12960}"
      1984,         1,         0,    80.2,exact_mw,98ed6542f5a75ebddbda0ed622fb597fbc85d0a75d139587b6be9a08147ba42d,"{""distance"":7,""physical_error_rate"":0.002}","{""detection_events"":11947,""detectors_checked"":1607040,""obs_mistake_mask=E"":1}"
      2496,         1,         0,    20.9,exact_mw,98ed6542f5a75ebddbda0ed622fb597fbc85d0a75d139587b6be9a08147ba42d,"{""distance"":7,""physical_error_rate"":0.002}","{""detection_events"":15412,""detectors_checked"":2021760,""obs_mistake_mask=E"":1}"
        64,         0,         0,   0.508,exact_mw,98ed6542f5a75ebddbda0ed622fb597fbc85d0a75d139587b6be9a08147ba42d,"{""distance"":7,""physical_error_rate"":0.002}","{""detection_events"":446,""detectors_checked"":51840}"
         8,         0,         0,   0.229,exact_mw,98ed6542f5a75ebddbda0ed622fb597fbc85d0a75d139587b6be9a08147ba42d,"{""distance"":7,""physical_error_rate"":0.002}","{""detection_events"":56,""detectors_checked"":6480}"
       384,         0,         0,    2.61,exact_mw,98ed6542f5a75ebddbda0ed622fb597fbc85d0a75d139587b6be9a08147ba42d,"{""distance"":7,""physical_error_rate"":0.002}","{""detection_events"":2271,""detectors_checked"":311040}"
       384,         0,         0,    20.8,exact_mw,98ed6542f5a75ebddbda0ed622fb597fbc85d0a75d139587b6be9a08147ba42d,"{""distance"":7,""physical_error_rate"":0.002}","{""detection_events"":2392,""detectors_checked"":311040}"
      2616,         0,         0,   112.1,exact_mw,98ed6542f5a75ebddbda0ed622fb597fbc85d0a75d139587b6be9a08147ba42d,"{""distance"":7,""physical_error_rate"":0.002}","{""detection_events"":15676,""detectors_checked"":2118960}"
      2944,         0,         0,    21.7,exact_mw,98ed6542f5a75ebddbda0ed622fb597fbc85d0a75d139587b6be9a08147ba42d,"{""distance"":7,""physical_error_rate"":0.002}","{""detection_events"":17558,""detectors_checked"":2384640}"
      4416,         0,         0,    32.9,exact_mw,98ed6542f5a75ebddbda0ed622fb597fbc85d0a75d139587b6be9a08147ba42d,"{""distance"":7,""physical_error_rate"":0.002}","{""detection_events"":26612,""detectors_checked"":3576960}"
      3904,         2,         0,    29.7,exact_mw,98ed6542f5a75ebddbda0ed622fb597fbc85d0a75d139587b6be9a08147ba42d,"{""distance"":7,""physical_error_rate"":0.002}","{""detection_events"":23342,""detectors_checked"":3162240,""obs_mistake_mask=E"":2}"
      1216,         0,         0,    8.92,exact_mw,98ed6542f5a75ebddbda0ed622fb597fbc85d0a75d139587b6be9a08147ba42d,"{""distance"":7,""physical_error_rate"":0.002}","{""detection_events"":7397,""detectors_checked"":984960}"
        48,         0,         0,    1.50,exact_mw,98ed6542f5a75ebddbda0ed622fb597fbc85d0a75d139587b6be9a08147ba42d,"{""distance"":7,""physical_error_rate"":0.002}","{""detection_events"":293,""detectors_checked"":38880}"
        48,         0,         0,    2.74,exact_mw,98ed6542f5a75ebddbda0ed622fb597fbc85d0a75d139587b6be9a08147ba42d,"{""distance"":7,""physical_error_rate"":0.002}","{""detection_events"":287,""detectors_checked"":38880}"
      2432,         0,         0,    20.0,exact_mw,98ed6542f5a75ebddbda0ed622fb597fbc85d0a75d139587b6be9a08147ba42d,"{""distance"":7,""physical_error_rate"":0.002}","{""detection_events"":14539,""detectors_checked"":1969920}"
      2688,         1,         0,    21.6,exact_mw,98ed6542f5a75ebddbda0ed622fb597fbc85d0a75d139587b6be9a08147ba42d,"{""distance"":7,""physical_error_rate"":0.002}","{""detection_events"":15984,""detectors_checked"":2177280,""obs_mistake_mask=E"":1}"
      5264,         0,         0,    54.4,exact_mw,98ed6542f5a75ebddbda0ed622fb597fbc85d0a75d139587b6be9a08147ba42d,"{""distance"":7,""physical_error_rate"":0.002}","{""detection_events"":31860,""detectors_checked"":4263840}"
       584,         0,         0,    27.8,exact_mw,98ed6542f5a75ebddbda0ed622fb597fbc85d0a75d139587b6be9a08147ba42d,"{""distance"":7,""physical_error_rate"":0.002}","{""detection_events"":3658,""detectors_checked"":473040}"
       248,         0,         0,    11.8,exact_mw,98ed6542f5a75ebddbda0ed622fb597fbc85d0a75d139587b6be9a08147ba42d,"{""distance"":7,""physical_error_rate"":0.002}","{""detection_events"":1512,""detectors_checked"":200880}"
     13504,         2,         0,   116.2,exact_mw,98ed6542f5a75ebddbda0ed622fb597fbc85d0a75d139587b6be9a08147ba42d,"{""distance"":7,""physical_error_rate"":0.002}","{""detection_events"":82227,""detectors_checked"":10938240,""obs_mistake_mask=E"":2}"
     13504,         2,         0,   101.6,exact_mw,98ed6542f5a75ebddbda0ed622fb597fbc85d0a75d139587b6be9a08147ba42d,"{""distance"":7,""physical_error_rate"":0.002}","{""detection_events"":82271,""detectors_checked"":10938240,""obs_mistake_mask=E"":2}"
      2112,         0,         0,    23.9,exact_mw,98ed6542f5a75ebddbda0ed622fb597fbc85d0a75d139587b6be9a08147ba42d,"{""distance"":7,""physical_error_rate"":0.002}","{""detection_events"":12665,""detectors_checked"":1710720}"
      4608,         2,         0,    33.5,exact_mw,98ed6542f5a75ebddbda0ed622fb597fbc85d0a75d139587b6be9a08147ba42d,"{""distance"":7,""physical_error_rate"":0.002}","{""detection_events"":27619,""detectors_checked"":3732480,""obs_mistake_mask=E"":2}"
      2880,         0,         0,    22.9,exact_mw,98ed6542f5a75ebddbda0ed622fb597fbc85d0a75d139587b6be9a08147ba42d,"{""distance"":7,""physical_error_rate"":0.002}","{""detection_events"":17098,""detectors_checked"":2332800}"
      1408,         0,         0,    10.6,exact_mw,98ed6542f5a75ebddbda0ed622fb597fbc85d0a75d139587b6be9a08147ba42d,"{""distance"":7,""physical_error_rate"":0.002}","{""detection_events"":8801,""detectors_checked"":1140480}"
      1536,         0,         0,    11.2,exact_mw,98ed6542f5a75ebddbda0ed622fb597fbc85d0a75d139587b6be9a08147ba42d,"{""distance"":7,""physical_error_rate"":0.002}","{""detection_events"":9355,""detectors_checked"":1244160}"
      2432,         1,         0,    17.4,exact_mw,98ed6542f5a75ebddbda0ed622fb597fbc85d0a75d139587b6be9a08147ba42d,"{""distance"":7,""physical_error_rate"":0.002}","{""detection_events"":14579,""detectors_checked"":1969920,""obs_mistake_mask=E"":1}"
     10944,         4,         0,    80.3,exact_mw,98ed6542f5a75ebddbda0ed622fb597fbc85d0a75d139587b6be9a08147ba42d,"{""distance"":7,""physical_error_rate"":0.002}","{""detection_events"":66342,""detectors_checked"":8864640,""obs_mistake_mask=E"":4}"
       384,         0,         0,    2.90,exact_mw,98ed6542f5a75ebddbda0ed622fb597fbc85d0a75d139587b6be9a08147ba42d,"{""distance"":7,""physical_error_rate"":0.002}","{""detection_events"":2373,""detectors_checked"":311040}"
      2688,         0,         0,    18.7,exact_mw,98ed6542f5a75ebddbda0ed622fb597fbc85d0a75d139587b6be9a08147ba42d,"{""distance"":7,""physical_error_rate"":0.002}","{""detection_events"":15901,""detectors_checked"":2177280}"
      2816,         2,         0,    20.3,exact_mw,98ed6542f5a75ebddbda0ed622fb597fbc85d0a75d139587b6be9a08147ba42d,"{""distance"":7,""physical_error_rate"":0.002}","{""detection_events"":16726,""detectors_checked"":2280960,""obs_mistake_mask=E"":2}"
       128,         0,         0,   0.708,exact_mw,98ed6542f5a75ebddbda0ed622fb597fbc85d0a75d139587b6be9a08147ba42d,"{""distance"":7,""physical_error_rate"":0.002}","{""detection_events"":783,""detectors_checked"":103680}"
       256,         0,         0,    1.49,exact_mw,98ed6542f5a75ebddbda0ed622fb597fbc85d0a75d139587b6be9a08147ba42d,"{""distance"":7,""physical_error_rate"":0.002}","{""detection_events"":1590,""detectors_checked"":207360}"
      9088,         1,         0,    65.8,exact_mw,98ed6542f5a75ebddbda0ed622fb597fbc85d0a75d139587b6be9a08147ba42d,"{""distance"":7,""physical_error_rate"":0.002}","{""detection_events"":55047,""detectors_checked"":7361280,""obs_mistake_mask=E"":1}"
      5376,         2,         0,    47.1,exact_mw,98ed6542f5a75ebddbda0ed622fb597fbc85d0a75d139587b6be9a08147ba42d,"{""distance"":7,""physical_error_rate"":0.002}","{""detection_events"":32721,""detectors_checked"":4354560,""obs_mistake_mask=E"":2}"
      2304,         0,         0,    17.2,exact_mw,98ed6542f5a75ebddbda0ed622fb597fbc85d0a75d139587b6be9a08147ba42d,"{""distance"":7,""physical_error_rate"":0.002}","{""detection_events"":13974,""detectors_checked"":1866240}"
       576,         0,         0,    3.91,exact_mw,98ed6542f5a75ebddbda0ed622fb597fbc85d0a75d139587b6be9a08147ba42d,"{""distance"":7,""physical_error_rate"":0.002}","{""detection_events"":3593,""detectors_checked"":466560}"
      2240,         0,         0,    17.7,exact_mw,98ed6542f5a75ebddbda0ed622fb597fbc85d0a75d139587b6be9a08147ba42d,"{""distance"":7,""physical_error_rate"":0.002}","{""detection_events"":13705,""detectors_checked"":1814400}"
