     shots,    errors,  discards, seconds,decoder,strong_id,json_metadata,custom_counts
         1,         0,         0,   0.014,standalone_exact_mw,92b54e65e02348d69d576d30c5ee32a4b051d35bca771a809ea02b8102fceb74,"{""distance"":7,""physical_error_rate"":0.02}","{""detection_events"":71,""detectors_checked"":810}"
       272,         0,         0,   0.034,standalone_exact_mw,92b54e65e02348d69d576d30c5ee32a4b051d35bca771a809ea02b8102fceb74,"{""distance"":7,""physical_error_rate"":0.02}","{""detection_events"":15402,""detectors_checked"":220320}"
      1024,         2,         0,   0.119,standalone_exact_mw,92b54e65e02348d69d576d30c5ee32a4b051d35bca771a809ea02b8102fceb74,"{""distance"":7,""physical_error_rate"":0.02}","{""detection_events"":57741,""detectors_checked"":829440,""obs_mistake_mask=E"":2}"
      1024,         1,         0,   0.118,standalone_exact_mw,92b54e65e02348d69d576d30c5ee32a4b051d35bca771a809ea02b8102fceb74,"{""distance"":7,""physical_error_rate"":0.02}","{""detection_events"":57995,""detectors_checked"":829440,""obs_mistake_mask=E"":1}"
      1024,         2,         0,   0.119,standalone_exact_mw,92b54e65e02348d69d576d30c5ee32a4b051d35bca771a809ea02b8102fceb74,"{""distance"":7,""physical_error_rate"":0.02}","{""detection_events"":58365,""detectors_checked"":829440,""obs_mistake_mask=E"":2}"
      1024,         1,         0,   0.119,standalone_exact_mw,92b54e65e02348d69d576d30c5ee32a4b051d35bca771a809ea02b8102fceb74,"{""distance"":7,""physical_error_rate"":0.02}","{""detection_events"":58161,""detectors_checked"":829440,""obs_mistake_mask=E"":1}"
         1,         0,         0,   0.016,standalone_exact_mw,a9d9675b1321ece7cfc097fb15bc34ed24757e8c4c3c164f9c59c08d4efd1ba2,"{""distance"":7,""physical_error_rate"":0.01}","{""detection_events"":38,""detectors_checked"":810}"
       272,         0,         0,   0.035,standalone_exact_mw,a9d9675b1321ece7cfc097fb15bc34ed24757e8c4c3c164f9c59c08d4efd1ba2,"{""distance"":7,""physical_error_rate"":0.01}","{""detection_events"":8038,""detectors_checked"":220320}"
       273,        11,         0,   0.058,standalone_exact_mw,0bbd4741334b2b0fe4be38d9505c70678bb29ca4e2cfd2df2f8a7ec43d2d4ac5,"{""distance"":7,""physical_error_rate"":0.05}","{""detection_events"":33708,""detectors_checked"":221130,""obs_mistake_mask=E"":11}"
      1024,         0,         0,   0.118,standalone_exact_mw,92b54e65e02348d69d576d30c5ee32a4b051d35bca771a809ea02b8102fceb74,"{""distance"":7,""physical_error_rate"":0.02}","{""detection_events"":57968,""detectors_checked"":829440}"
      1024,         0,         0,   0.092,standalone_exact_mw,a9d9675b1321ece7cfc097fb15bc34ed24757e8c4c3c164f9c59c08d4efd1ba2,"{""distance"":7,""physical_error_rate"":0.01}","{""detection_events"":30601,""detectors_checked"":829440}"
      1024,         1,         0,   0.119,standalone_exact_mw,92b54e65e02348d69d576d30c5ee32a4b051d35bca771a809ea02b8102fceb74,"{""distance"":7,""physical_error_rate"":0.02}","{""detection_events"":58219,""detectors_checked"":829440,""obs_mistake_mask=E"":1}"
      1024,         0,         0,   0.093,standalone_exact_mw,a9d9675b1321ece7cfc097fb15bc34ed24757e8c4c3c164f9c59c08d4efd1ba2,"{""distance"":7,""physical_error_rate"":0.01}","{""detection_events"":31124,""detectors_checked"":829440}"
      1024,        68,         0,   0.189,standalone_exact_mw,0bbd4741334b2b0fe4be38d9505c70678bb29ca4e2cfd2df2f8a7ec43d2d4ac5,"{""distance"":7,""physical_error_rate"":0.05}","{""detection_events"":126151,""detectors_checked"":829440,""obs_mistake_mask=E"":68}"
      1024,         0,         0,   0.092,standalone_exact_mw,a9d9675b1321ece7cfc097fb15bc34ed24757e8c4c3c164f9c59c08d4efd1ba2,"{""distance"":7,""physical_error_rate"":0.01}","{""detection_events"":30913,""detectors_checked"":829440}"
      1024,        63,         0,   0.190,standalone_exact_mw,0bbd4741334b2b0fe4be38d9505c70678bb29ca4e2cfd2df2f8a7ec43d2d4ac5,"{""distance"":7,""physical_error_rate"":0.05}","{""detection_events"":126302,""detectors_checked"":829440,""obs_mistake_mask=E"":63}"
      1024,         0,         0,   0.119,standalone_exact_mw,a9d9675b1321ece7cfc097fb15bc34ed24757e8c4c3c164f9c59c08d4efd1ba2,"{""distance"":7,""physical_error_rate"":0.01}","{""detection_events"":30430,""detectors_checked"":829440}"
      2048,         1,         0,   0.238,standalone_exact_mw,92b54e65e02348d69d576d30c5ee32a4b051d35bca771a809ea02b8102fceb74,"{""distance"":7,""physical_error_rate"":0.02}","{""detection_events"":115836,""detectors_checked"":1658880,""obs_mistake_mask=E"":1}"
      1024,         0,         0,   0.120,standalone_exact_mw,a9d9675b1321ece7cfc097fb15bc34ed24757e8c4c3c164f9c59c08d4efd1ba2,"{""distance"":7,""physical_error_rate"":0.01}","{""detection_events"":30451,""detectors_checked"":829440}"
      1024,        57,         0,   0.216,standalone_exact_mw,0bbd4741334b2b0fe4be38d9505c70678bb29ca4e2cfd2df2f8a7ec43d2d4ac5,"{""distance"":7,""physical_error_rate"":0.05}","{""detection_events"":125067,""detectors_checked"":829440,""obs_mistake_mask=E"":57}"
      2048,         2,         0,   0.235,standalone_exact_mw,92b54e65e02348d69d576d30c5ee32a4b051d35bca771a809ea02b8102fceb74,"{""distance"":7,""physical_error_rate"":0.02}","{""detection_events"":116138,""detectors_checked"":1658880,""obs_mistake_mask=E"":2}"
      2048,         0,         0,   0.184,standalone_exact_mw,a9d9675b1321ece7cfc097fb15bc34ed24757e8c4c3c164f9c59c08d4efd1ba2,"{""distance"":7,""physical_error_rate"":0.01}","{""detection_events"":60875,""detectors_checked"":1658880}"
      1024,        53,         0,   0.243,standalone_exact_mw,0bbd4741334b2b0fe4be38d9505c70678bb29ca4e2cfd2df2f8a7ec43d2d4ac5,"{""distance"":7,""physical_error_rate"":0.05}","{""detection_events"":125902,""detectors_checked"":829440,""obs_mistake_mask=E"":53}"
      2048,         0,         0,   0.184,standalone_exact_mw,a9d9675b1321ece7cfc097fb15bc34ed24757e8c4c3c164f9c59c08d4efd1ba2,"{""distance"":7,""physical_error_rate"":0.01}","{""detection_events"":61288,""detectors_checked"":1658880}"
      3072,         0,         0,   0.354,standalone_exact_mw,92b54e65e02348d69d576d30c5ee32a4b051d35bca771a809ea02b8102fceb74,"{""distance"":7,""physical_error_rate"":0.02}","{""detection_events"":172667,""detectors_checked"":2488320}"
      1024,        55,         0,   0.243,standalone_exact_mw,0bbd4741334b2b0fe4be38d9505c70678bb29ca4e2cfd2df2f8a7ec43d2d4ac5,"{""distance"":7,""physical_error_rate"":0.05}","{""detection_events"":125989,""detectors_checked"":829440,""obs_mistake_mask=E"":55}"
      3072,         1,         0,   0.275,standalone_exact_mw,a9d9675b1321ece7cfc097fb15bc34ed24757e8c4c3c164f9c59c08d4efd1ba2,"{""distance"":7,""physical_error_rate"":0.01}","{""detection_events"":91750,""detectors_checked"":2488320,""obs_mistake_mask=E"":1}"
       273,         0,         0,   0.027,standalone_exact_mw,3f3e41bc6b36ed0cfc2fad9d3557a7870f4e21d551182548e920bf13e0232e34,"{""distance"":7,""physical_error_rate"":0.005}","{""detection_events"":4300,""detectors_checked"":221130}"
      1024,        59,         0,   0.190,standalone_exact_mw,0bbd4741334b2b0fe4be38d9505c70678bb29ca4e2cfd2df2f8a7ec43d2d4ac5,"{""distance"":7,""physical_error_rate"":0.05}","{""detection_events"":126236,""detectors_checked"":829440,""obs_mistake_mask=E"":59}"
      1024,         0,         0,   0.079,standalone_exact_mw,3f3e41bc6b36ed0cfc2fad9d3557a7870f4e21d551182548e920bf13e0232e34,"{""distance"":7,""physical_error_rate"":0.005}","{""detection_events"":15909,""detectors_checked"":829440}"
      1024,         0,         0,   0.078,standalone_exact_mw,3f3e41bc6b36ed0cfc2fad9d3557a7870f4e21d551182548e920bf13e0232e34,"{""distance"":7,""physical_error_rate"":0.005}","{""detection_events"":15254,""detectors_checked"":829440}"
      3072,         0,         0,   0.291,standalone_exact_mw,a9d9675b1321ece7cfc097fb15bc34ed24757e8c4c3c164f9c59c08d4efd1ba2,"{""distance"":7,""physical_error_rate"":0.01}","{""detection_events"":91972,""detectors_checked"":2488320}"
      1024,        67,         0,   0.189,standalone_exact_mw,0bbd4741334b2b0fe4be38d9505c70678bb29ca4e2cfd2df2f8a7ec43d2d4ac5,"{""distance"":7,""physical_error_rate"":0.05}","{""detection_events"":125877,""detectors_checked"":829440,""obs_mistake_mask=E"":67}"
      4096,        12,         0,   0.488,standalone_exact_mw,92b54e65e02348d69d576d30c5ee32a4b051d35bca771a809ea02b8102fceb74,"{""distance"":7,""physical_error_rate"":0.02}","{""detection_events"":232783,""detectors_checked"":3317760,""obs_mistake_mask=E"":12}"
      1024,         0,         0,   0.078,standalone_exact_mw,3f3e41bc6b36ed0cfc2fad9d3557a7870f4e21d551182548e920bf13e0232e34,"{""distance"":7,""physical_error_rate"":0.005}","{""detection_events"":16082,""detectors_checked"":829440}"
      1024,         0,         0,   0.078,standalone_exact_mw,3f3e41bc6b36ed0cfc2fad9d3557a7870f4e21d551182548e920bf13e0232e34,"{""distance"":7,""physical_error_rate"":0.005}","{""detection_events"":15741,""detectors_checked"":829440}"
      1024,         0,         0,   0.078,standalone_exact_mw,3f3e41bc6b36ed0cfc2fad9d3557a7870f4e21d551182548e920bf13e0232e34,"{""distance"":7,""physical_error_rate"":0.005}","{""detection_events"":15710,""detectors_checked"":829440}"
      1024,        52,         0,   0.188,standalone_exact_mw,0bbd4741334b2b0fe4be38d9505c70678bb29ca4e2cfd2df2f8a7ec43d2d4ac5,"{""distance"":7,""physical_error_rate"":0.05}","{""detection_events"":125304,""detectors_checked"":829440,""obs_mistake_mask=E"":52}"
      1024,         0,         0,   0.079,standalone_exact_mw,3f3e41bc6b36ed0cfc2fad9d3557a7870f4e21d551182548e920bf13e0232e34,"{""distance"":7,""physical_error_rate"":0.005}","{""detection_events"":15694,""detectors_checked"":829440}"
      2048,         0,         0,   0.156,standalone_exact_mw,3f3e41bc6b36ed0cfc2fad9d3557a7870f4e21d551182548e920bf13e0232e34,"{""distance"":7,""physical_error_rate"":0.005}","{""detection_events"":30869,""detectors_checked"":1658880}"
        17,         6,         0,   0.011,standalone_exact_mw,61ba2da4e84b3e91101e4924408c93415e2a26086560d20464cfd8dd64756352,"{""distance"":7,""physical_error_rate"":0.1}","{""detection_events"":3451,""detectors_checked"":13770,""obs_mistake_mask=E"":6}"
      5120,         0,         0,   0.462,standalone_exact_mw,a9d9675b1321ece7cfc097fb15bc34ed24757e8c4c3c164f9c59c08d4efd1ba2,"{""distance"":7,""physical_error_rate"":0.01}","{""detection_events"":153571,""detectors_checked"":4147200}"
       256,       104,         0,   0.081,standalone_exact_mw,61ba2da4e84b3e91101e4924408c93415e2a26086560d20464cfd8dd64756352,"{""distance"":7,""physical_error_rate"":0.1}","{""detection_events"":51781,""detectors_checked"":207360,""obs_mistake_mask=E"":104}"
      2048,        96,         0,   0.377,standalone_exact_mw,0bbd4741334b2b0fe4be38d9505c70678bb29ca4e2cfd2df2f8a7ec43d2d4ac5,"{""distance"":7,""physical_error_rate"":0.05}","{""detection_events"":250552,""detectors_checked"":1658880,""obs_mistake_mask=E"":96}"
      2048,         0,         0,   0.156,standalone_exact_mw,3f3e41bc6b36ed0cfc2fad9d3557a7870f4e21d551182548e920bf13e0232e34,"{""distance"":7,""physical_error_rate"":0.005}","{""detection_events"":31443,""detectors_checked"":1658880}"
      5120,         6,         0,   0.594,standalone_exact_mw,92b54e65e02348d69d576d30c5ee32a4b051d35bca771a809ea02b8102fceb74,"{""distance"":7,""physical_error_rate"":0.02}","{""detection_events"":289783,""detectors_checked"":4147200,""obs_mistake_mask=E"":6}"
         1,         0,         0,   0.015,standalone_exact_mw,fda2987d55bc44b1f134321ce2b28aef823ea795e5566e59442c7ee33cabe546,"{""distance"":7,""physical_error_rate"":0.2}","{""detection_events"":300,""detectors_checked"":810}"
      3072,         0,         0,   0.233,standalone_exact_mw,3f3e41bc6b36ed0cfc2fad9d3557a7870f4e21d551182548e920bf13e0232e34,"{""distance"":7,""physical_error_rate"":0.005}","{""detection_events"":47407,""detectors_checked"":2488320}"
      1024,       397,         0,   0.363,standalone_exact_mw,61ba2da4e84b3e91101e4924408c93415e2a26086560d20464cfd8dd64756352,"{""distance"":7,""physical_error_rate"":0.1}","{""detection_events"":207529,""detectors_checked"":829440,""obs_mistake_mask=E"":397}"
       272,       140,         0,   0.157,standalone_exact_mw,fda2987d55bc44b1f134321ce2b28aef823ea795e5566e59442c7ee33cabe546,"{""distance"":7,""physical_error_rate"":0.2}","{""detection_events"":81272,""detectors_checked"":220320,""obs_mistake_mask=E"":140}"
      2048,       109,         0,   0.390,standalone_exact_mw,0bbd4741334b2b0fe4be38d9505c70678bb29ca4e2cfd2df2f8a7ec43d2d4ac5,"{""distance"":7,""physical_error_rate"":0.05}","{""detection_events"":251236,""detectors_checked"":1658880,""obs_mistake_mask=E"":109}"
      6144,         1,         0,   0.579,standalone_exact_mw,a9d9675b1321ece7cfc097fb15bc34ed24757e8c4c3c164f9c59c08d4efd1ba2,"{""distance"":7,""physical_error_rate"":0.01}","{""detection_events"":184107,""detectors_checked"":4976640,""obs_mistake_mask=E"":1}"
      1024,       420,         0,   0.322,standalone_exact_mw,61ba2da4e84b3e91101e4924408c93415e2a26086560d20464cfd8dd64756352,"{""distance"":7,""physical_error_rate"":0.1}","{""detection_events"":207797,""detectors_checked"":829440,""obs_mistake_mask=E"":420}"
      4096,         0,         0,   0.390,standalone_exact_mw,3f3e41bc6b36ed0cfc2fad9d3557a7870f4e21d551182548e920bf13e0232e34,"{""distance"":7,""physical_error_rate"":0.005}","{""detection_events"":63306,""detectors_checked"":3317760}"
      2048,       101,         0,   0.418,standalone_exact_mw,0bbd4741334b2b0fe4be38d9505c70678bb29ca4e2cfd2df2f8a7ec43d2d4ac5,"{""distance"":7,""physical_error_rate"":0.05}","{""detection_events"":251428,""detectors_checked"":1658880,""obs_mistake_mask=E"":101}"
      1024,       512,         0,   0.512,standalone_exact_mw,fda2987d55bc44b1f134321ce2b28aef823ea795e5566e59442c7ee33cabe546,"{""distance"":7,""physical_error_rate"":0.2}","{""detection_events"":306850,""detectors_checked"":829440,""obs_mistake_mask=E"":512}"
        17,         6,         0,   0.019,standalone_exact_mw,36e3022766be5fdff041c211706680015a6f9d7221a2516ca901a5f078641d24,"{""distance"":7,""physical_error_rate"":0.5}","{""detection_events"":6485,""detectors_checked"":13770,""obs_mistake_mask=E"":6}"
      7168,        13,         0,   0.870,standalone_exact_mw,92b54e65e02348d69d576d30c5ee32a4b051d35bca771a809ea02b8102fceb74,"{""distance"":7,""physical_error_rate"":0.02}","{""detection_events"":405178,""detectors_checked"":5806080,""obs_mistake_mask=E"":13}"
      1024,       434,         0,   0.363,standalone_exact_mw,61ba2da4e84b3e91101e4924408c93415e2a26086560d20464cfd8dd64756352,"{""distance"":7,""physical_error_rate"":0.1}","{""detection_events"":207697,""detectors_checked"":829440,""obs_mistake_mask=E"":434}"
       256,       117,         0,   0.189,standalone_exact_mw,36e3022766be5fdff041c211706680015a6f9d7221a2516ca901a5f078641d24,"{""distance"":7,""physical_error_rate"":0.5}","{""detection_events"":98289,""detectors_checked"":207360,""obs_mistake_mask=E"":117}"
      6144,         0,         0,   0.467,standalone_exact_mw,3f3e41bc6b36ed0cfc2fad9d3557a7870f4e21d551182548e920bf13e0232e34,"{""distance"":7,""physical_error_rate"":0.005}","{""detection_events"":94504,""detectors_checked"":4976640}"
      9216,         0,         0,   0.830,standalone_exact_mw,a9d9675b1321ece7cfc097fb15bc34ed24757e8c4c3c164f9c59c08d4efd1ba2,"{""distance"":7,""physical_error_rate"":0.01}","{""detection_events"":276048,""detectors_checked"":7464960}"
      1024,       522,         0,   0.525,standalone_exact_mw,fda2987d55bc44b1f134321ce2b28aef823ea795e5566e59442c7ee33cabe546,"{""distance"":7,""physical_error_rate"":0.2}","{""detection_events"":306587,""detectors_checked"":829440,""obs_mistake_mask=E"":522}"
       512,       239,         0,   0.377,standalone_exact_mw,36e3022766be5fdff041c211706680015a6f9d7221a2516ca901a5f078641d24,"{""distance"":7,""physical_error_rate"":0.5}","{""detection_events"":196441,""detectors_checked"":414720,""obs_mistake_mask=E"":239}"
      4096,       215,         0,   0.752,standalone_exact_mw,0bbd4741334b2b0fe4be38d9505c70678bb29ca4e2cfd2df2f8a7ec43d2d4ac5,"{""distance"":7,""physical_error_rate"":0.05}","{""detection_events"":502786,""detectors_checked"":3317760,""obs_mistake_mask=E"":215}"
      8192,         0,         0,   0.623,standalone_exact_mw,3f3e41bc6b36ed0cfc2fad9d3557a7870f4e21d551182548e920bf13e0232e34,"{""distance"":7,""physical_error_rate"":0.005}","{""detection_events"":126218,""detectors_checked"":6635520}"
       512,       261,         0,   0.379,standalone_exact_mw,36e3022766be5fdff041c211706680015a6f9d7221a2516ca901a5f078641d24,"{""distance"":7,""physical_error_rate"":0.5}","{""detection_events"":196798,""detectors_checked"":414720,""obs_mistake_mask=E"":261}"
     10240,        11,         0,    1.18,standalone_exact_mw,92b54e65e02348d69d576d30c5ee32a4b051d35bca771a809ea02b8102fceb74,"{""distance"":7,""physical_error_rate"":0.02}","{""detection_events"":580005,""detectors_checked"":8294400,""obs_mistake_mask=E"":11}"
       512,       254,         0,   0.381,standalone_exact_mw,36e3022766be5fdff041c211706680015a6f9d7221a2516ca901a5f078641d24,"{""distance"":7,""physical_error_rate"":0.5}","{""detection_events"":196960,""detectors_checked"":414720,""obs_mistake_mask=E"":254}"
     13312,         1,         0,    1.20,standalone_exact_mw,a9d9675b1321ece7cfc097fb15bc34ed24757e8c4c3c164f9c59c08d4efd1ba2,"{""distance"":7,""physical_error_rate"":0.01}","{""detection_events"":398052,""detectors_checked"":10782720,""obs_mistake_mask=E"":1}"
       512,       268,         0,   0.381,standalone_exact_mw,36e3022766be5fdff041c211706680015a6f9d7221a2516ca901a5f078641d24,"{""distance"":7,""physical_error_rate"":0.5}","{""detection_events"":197108,""detectors_checked"":414720,""obs_mistake_mask=E"":268}"
     11264,         0,         0,   0.860,standalone_exact_mw,3f3e41bc6b36ed0cfc2fad9d3557a7870f4e21d551182548e920bf13e0232e34,"{""distance"":7,""physical_error_rate"":0.005}","{""detection_events"":173697,""detectors_checked"":9123840}"
     15360,         0,         0,    1.17,standalone_exact_mw,3f3e41bc6b36ed0cfc2fad9d3557a7870f4e21d551182548e920bf13e0232e34,"{""distance"":7,""physical_error_rate"":0.005}","{""detection_events"":237661,""detectors_checked"":12441600}"
     14336,        19,         0,    1.66,standalone_exact_mw,92b54e65e02348d69d576d30c5ee32a4b051d35bca771a809ea02b8102fceb74,"{""distance"":7,""physical_error_rate"":0.02}","{""detection_events"":813684,""detectors_checked"":11612160,""obs_mistake_mask=E"":19}"
     17408,         0,         0,    1.57,standalone_exact_mw,a9d9675b1321ece7cfc097fb15bc34ed24757e8c4c3c164f9c59c08d4efd1ba2,"{""distance"":7,""physical_error_rate"":0.01}","{""detection_events"":520403,""detectors_checked"":14100480}"
     20480,         0,         0,    1.56,standalone_exact_mw,3f3e41bc6b36ed0cfc2fad9d3557a7870f4e21d551182548e920bf13e0232e34,"{""distance"":7,""physical_error_rate"":0.005}","{""detection_events"":314412,""detectors_checked"":16588800}"
     19456,        28,         0,    2.26,standalone_exact_mw,92b54e65e02348d69d576d30c5ee32a4b051d35bca771a809ea02b8102fceb74,"{""distance"":7,""physical_error_rate"":0.02}","{""detection_events"":1102452,""detectors_checked"":15759360,""obs_mistake_mask=E"":28}"
     24576,         2,         0,    2.21,standalone_exact_mw,a9d9675b1321ece7cfc097fb15bc34ed24757e8c4c3c164f9c59c08d4efd1ba2,"{""distance"":7,""physical_error_rate"":0.01}","{""detection_events"":734626,""detectors_checked"":19906560,""obs_mistake_mask=E"":2}"
     28672,         1,         0,    2.18,standalone_exact_mw,3f3e41bc6b36ed0cfc2fad9d3557a7870f4e21d551182548e920bf13e0232e34,"{""distance"":7,""physical_error_rate"":0.005}","{""detection_events"":443219,""detectors_checked"":23224320,""obs_mistake_mask=E"":1}"
     26624,        40,         0,    3.09,standalone_exact_mw,92b54e65e02348d69d576d30c5ee32a4b051d35bca771a809ea02b8102fceb74,"{""distance"":7,""physical_error_rate"":0.02}","{""detection_events"":1510709,""detectors_checked"":21565440,""obs_mistake_mask=E"":40}"
     34816,         3,         0,    3.14,standalone_exact_mw,a9d9675b1321ece7cfc097fb15bc34ed24757e8c4c3c164f9c59c08d4efd1ba2,"{""distance"":7,""physical_error_rate"":0.01}","{""detection_events"":1043037,""detectors_checked"":28200960,""obs_mistake_mask=E"":3}"
     40960,         1,         0,    3.11,standalone_exact_mw,3f3e41bc6b36ed0cfc2fad9d3557a7870f4e21d551182548e920bf13e0232e34,"{""distance"":7,""physical_error_rate"":0.005}","{""detection_events"":630990,""detectors_checked"":33177600,""obs_mistake_mask=E"":1}"
     36864,        45,         0,    4.28,standalone_exact_mw,92b54e65e02348d69d576d30c5ee32a4b051d35bca771a809ea02b8102fceb74,"{""distance"":7,""physical_error_rate"":0.02}","{""detection_events"":2093010,""detectors_checked"":29859840,""obs_mistake_mask=E"":45}"
     48128,         2,         0,    4.33,standalone_exact_mw,a9d9675b1321ece7cfc097fb15bc34ed24757e8c4c3c164f9c59c08d4efd1ba2,"{""distance"":7,""physical_error_rate"":0.01}","{""detection_events"":1441902,""detectors_checked"":38983680,""obs_mistake_mask=E"":2}"
     56320,         1,         0,    4.28,standalone_exact_mw,3f3e41bc6b36ed0cfc2fad9d3557a7870f4e21d551182548e920bf13e0232e34,"{""distance"":7,""physical_error_rate"":0.005}","{""detection_events"":866066,""detectors_checked"":45619200,""obs_mistake_mask=E"":1}"
     52224,        68,         0,    6.05,standalone_exact_mw,92b54e65e02348d69d576d30c5ee32a4b051d35bca771a809ea02b8102fceb74,"{""distance"":7,""physical_error_rate"":0.02}","{""detection_events"":2959230,""detectors_checked"":42301440,""obs_mistake_mask=E"":68}"
     66560,         3,         0,    5.99,standalone_exact_mw,a9d9675b1321ece7cfc097fb15bc34ed24757e8c4c3c164f9c59c08d4efd1ba2,"{""distance"":7,""physical_error_rate"":0.01}","{""detection_events"":1988031,""detectors_checked"":53913600,""obs_mistake_mask=E"":3}"
     78848,         2,         0,    6.00,standalone_exact_mw,3f3e41bc6b36ed0cfc2fad9d3557a7870f4e21d551182548e920bf13e0232e34,"{""distance"":7,""physical_error_rate"":0.005}","{""detection_events"":1213844,""detectors_checked"":63866880,""obs_mistake_mask=E"":2}"
         1,         0,         0,   0.012,standalone_exact_mw,20c8daca17953576b13a32f59e5f9cb54485b277119f4e6925e9023b8dd1f351,"{""distance"":7,""physical_error_rate"":0.002}","{""detection_events"":13,""detectors_checked"":810}"
       272,         0,         0,   0.026,standalone_exact_mw,20c8daca17953576b13a32f59e5f9cb54485b277119f4e6925e9023b8dd1f351,"{""distance"":7,""physical_error_rate"":0.002}","{""detection_events"":1664,""detectors_checked"":220320}"
      1024,         0,         0,   0.131,standalone_exact_mw,20c8daca17953576b13a32f59e5f9cb54485b277119f4e6925e9023b8dd1f351,"{""distance"":7,""physical_error_rate"":0.002}","{""detection_events"":6256,""detectors_checked"":829440}"
      1024,         0,         0,   0.115,standalone_exact_mw,20c8daca17953576b13a32f59e5f9cb54485b277119f4e6925e9023b8dd1f351,"{""distance"":7,""physical_error_rate"":0.002}","{""detection_events"":6446,""detectors_checked"":829440}"
      1024,         0,         0,   0.128,standalone_exact_mw,20c8daca17953576b13a32f59e5f9cb54485b277119f4e6925e9023b8dd1f351,"{""distance"":7,""physical_error_rate"":0.002}","{""detection_events"":6598,""detectors_checked"":829440}"
      1024,         0,         0,   0.129,standalone_exact_mw,20c8daca17953576b13a32f59e5f9cb54485b277119f4e6925e9023b8dd1f351,"{""distance"":7,""physical_error_rate"":0.002}","{""detection_events"":6496,""detectors_checked"":829440}"
      1024,         0,         0,   0.123,standalone_exact_mw,20c8daca17953576b13a32f59e5f9cb54485b277119f4e6925e9023b8dd1f351,"{""distance"":7,""physical_error_rate"":0.002}","{""detection_events"":6561,""detectors_checked"":829440}"
      1024,         0,         0,   0.129,standalone_exact_mw,20c8daca17953576b13a32f59e5f9cb54485b277119f4e6925e9023b8dd1f351,"{""distance"":7,""physical_error_rate"":0.002}","{""detection_events"":6576,""detectors_checked"":829440}"
      2048,         0,         0,   0.256,standalone_exact_mw,20c8daca17953576b13a32f59e5f9cb54485b277119f4e6925e9023b8dd1f351,"{""distance"":7,""physical_error_rate"":0.002}","{""detection_events"":12822,""detectors_checked"":1658880}"
      3072,         0,         0,   0.215,standalone_exact_mw,20c8daca17953576b13a32f59e5f9cb54485b277119f4e6925e9023b8dd1f351,"{""distance"":7,""physical_error_rate"":0.002}","{""detection_events"":19549,""detectors_checked"":2488320}"
      5120,         0,         0,   0.313,standalone_exact_mw,20c8daca17953576b13a32f59e5f9cb54485b277119f4e6925e9023b8dd1f351,"{""distance"":7,""physical_error_rate"":0.002}","{""detection_events"":32229,""detectors_checked"":4147200}"
      7168,         0,         0,   0.433,standalone_exact_mw,20c8daca17953576b13a32f59e5f9cb54485b277119f4e6925e9023b8dd1f351,"{""distance"":7,""physical_error_rate"":0.002}","{""detection_events"":44479,""detectors_checked"":5806080}"
     72704,       103,         0,    8.44,standalone_exact_mw,92b54e65e02348d69d576d30c5ee32a4b051d35bca771a809ea02b8102fceb74,"{""distance"":7,""physical_error_rate"":0.02}","{""detection_events"":4123210,""detectors_checked"":58890240,""obs_mistake_mask=E"":103}"
     93184,         8,         0,    8.38,standalone_exact_mw,a9d9675b1321ece7cfc097fb15bc34ed24757e8c4c3c164f9c59c08d4efd1ba2,"{""distance"":7,""physical_error_rate"":0.01}","{""detection_events"":2788543,""detectors_checked"":75479040,""obs_mistake_mask=E"":8}"
     10240,         0,         0,   0.619,standalone_exact_mw,20c8daca17953576b13a32f59e5f9cb54485b277119f4e6925e9023b8dd1f351,"{""distance"":7,""physical_error_rate"":0.002}","{""detection_events"":64067,""detectors_checked"":8294400}"
     13312,         0,         0,   0.805,standalone_exact_mw,20c8daca17953576b13a32f59e5f9cb54485b277119f4e6925e9023b8dd1f351,"{""distance"":7,""physical_error_rate"":0.002}","{""detection_events"":83223,""detectors_checked"":10782720}"
    109568,         0,         0,    8.36,standalone_exact_mw,3f3e41bc6b36ed0cfc2fad9d3557a7870f4e21d551182548e920bf13e0232e34,"{""distance"":7,""physical_error_rate"":0.005}","{""detection_events"":1688053,""detectors_checked"":88750080}"
     18432,         0,         0,    1.12,standalone_exact_mw,20c8daca17953576b13a32f59e5f9cb54485b277119f4e6925e9023b8dd1f351,"{""distance"":7,""physical_error_rate"":0.002}","{""detection_events"":115419,""detectors_checked"":14929920}"
     18432,         0,         0,    1.61,standalone_exact_mw,20c8daca17953576b13a32f59e5f9cb54485b277119f4e6925e9023b8dd1f351,"{""distance"":7,""physical_error_rate"":0.002}","{""detection_events"":115727,""detectors_checked"":14929920}"
     35840,         0,         0,    2.21,standalone_exact_mw,20c8daca17953576b13a32f59e5f9cb54485b277119f4e6925e9023b8dd1f351,"{""distance"":7,""physical_error_rate"":0.002}","{""detection_events"":223999,""detectors_checked"":29030400}"
     41984,         0,         0,    3.10,standalone_exact_mw,20c8daca17953576b13a32f59e5f9cb54485b277119f4e6925e9023b8dd1f351,"{""distance"":7,""physical_error_rate"":0.002}","{""detection_events"":263200,""detectors_checked"":34007040}"
    101376,       132,         0,    11.8,standalone_exact_mw,92b54e65e02348d69d576d30c5ee32a4b051d35bca771a809ea02b8102fceb74,"{""distance"":7,""physical_error_rate"":0.02}","{""detection_events"":5750319,""detectors_checked"":82114560,""obs_mistake_mask=E"":132}"
    130048,        12,         0,    11.7,standalone_exact_mw,a9d9675b1321ece7cfc097fb15bc34ed24757e8c4c3c164f9c59c08d4efd1ba2,"{""distance"":7,""physical_error_rate"":0.01}","{""detection_events"":3890329,""detectors_checked"":105338880,""obs_mistake_mask=E"":12}"
    154624,         1,         0,    11.8,standalone_exact_mw,3f3e41bc6b36ed0cfc2fad9d3557a7870f4e21d551182548e920bf13e0232e34,"{""distance"":7,""physical_error_rate"":0.005}","{""detection_events"":2383938,""detectors_checked"":125245440,""obs_mistake_mask=E"":1}"
     53248,         0,         0,    4.38,standalone_exact_mw,20c8daca17953576b13a32f59e5f9cb54485b277119f4e6925e9023b8dd1f351,"{""distance"":7,""physical_error_rate"":0.002}","{""detection_events"":333295,""detectors_checked"":43130880}"
       273,         1,         0,   0.068,standalone_exact_mw,92b54e65e02348d69d576d30c5ee32a4b051d35bca771a809ea02b8102fceb74,"{""distance"":7,""physical_error_rate"":0.02}","{""detection_events"":15670,""detectors_checked"":221130,""obs_mistake_mask=E"":1}"
      1024,         1,         0,   0.236,standalone_exact_mw,92b54e65e02348d69d576d30c5ee32a4b051d35bca771a809ea02b8102fceb74,"{""distance"":7,""physical_error_rate"":0.02}","{""detection_events"":57606,""detectors_checked"":829440,""obs_mistake_mask=E"":1}"
      1024,         4,         0,   0.158,standalone_exact_mw,92b54e65e02348d69d576d30c5ee32a4b051d35bca771a809ea02b8102fceb74,"{""distance"":7,""physical_error_rate"":0.02}","{""detection_events"":58174,""detectors_checked"":829440,""obs_mistake_mask=E"":4}"
      1024,         1,         0,   0.119,standalone_exact_mw,92b54e65e02348d69d576d30c5ee32a4b051d35bca771a809ea02b8102fceb74,"{""distance"":7,""physical_error_rate"":0.02}","{""detection_events"":58295,""detectors_checked"":829440,""obs_mistake_mask=E"":1}"
      1024,         0,         0,   0.158,standalone_exact_mw,92b54e65e02348d69d576d30c5ee32a4b051d35bca771a809ea02b8102fceb74,"{""distance"":7,""physical_error_rate"":0.02}","{""detection_events"":58637,""detectors_checked"":829440}"
      1024,         1,         0,   0.131,standalone_exact_mw,92b54e65e02348d69d576d30c5ee32a4b051d35bca771a809ea02b8102fceb74,"{""distance"":7,""physical_error_rate"":0.02}","{""detection_events"":58451,""detectors_checked"":829440,""obs_mistake_mask=E"":1}"
      1024,         0,         0,   0.171,standalone_exact_mw,92b54e65e02348d69d576d30c5ee32a4b051d35bca771a809ea02b8102fceb74,"{""distance"":7,""physical_error_rate"":0.02}","{""detection_events"":57805,""detectors_checked"":829440}"
      1024,         0,         0,   0.236,standalone_exact_mw,92b54e65e02348d69d576d30c5ee32a4b051d35bca771a809ea02b8102fceb74,"{""distance"":7,""physical_error_rate"":0.02}","{""detection_events"":57702,""detectors_checked"":829440}"
      1024,         3,         0,   0.171,standalone_exact_mw,92b54e65e02348d69d576d30c5ee32a4b051d35bca771a809ea02b8102fceb74,"{""distance"":7,""physical_error_rate"":0.02}","{""detection_events"":57834,""detectors_checked"":829440,""obs_mistake_mask=E"":3}"
      2048,         3,         0,   0.290,standalone_exact_mw,92b54e65e02348d69d576d30c5ee32a4b051d35bca771a809ea02b8102fceb74,"{""distance"":7,""physical_error_rate"":0.02}","{""detection_events"":116249,""detectors_checked"":1658880,""obs_mistake_mask=E"":3}"
      3072,         5,         0,   0.397,standalone_exact_mw,92b54e65e02348d69d576d30c5ee32a4b051d35bca771a809ea02b8102fceb74,"{""distance"":7,""physical_error_rate"":0.02}","{""detection_events"":174455,""detectors_checked"":2488320,""obs_mistake_mask=E"":5}"
     77824,         0,         0,    6.02,standalone_exact_mw,20c8daca17953576b13a32f59e5f9cb54485b277119f4e6925e9023b8dd1f351,"{""distance"":7,""physical_error_rate"":0.002}","{""detection_events"":486578,""detectors_checked"":63037440}"
      3072,         6,         0,   0.395,standalone_exact_mw,92b54e65e02348d69d576d30c5ee32a4b051d35bca771a809ea02b8102fceb74,"{""distance"":7,""physical_error_rate"":0.02}","{""detection_events"":174540,""detectors_checked"":2488320,""obs_mistake_mask=E"":6}"
      5120,         3,         0,   0.691,standalone_exact_mw,92b54e65e02348d69d576d30c5ee32a4b051d35bca771a809ea02b8102fceb74,"{""distance"":7,""physical_error_rate"":0.02}","{""detection_events"":290683,""detectors_checked"":4147200,""obs_mistake_mask=E"":3}"
      6144,         9,         0,   0.947,standalone_exact_mw,92b54e65e02348d69d576d30c5ee32a4b051d35bca771a809ea02b8102fceb74,"{""distance"":7,""physical_error_rate"":0.02}","{""detection_events"":348710,""detectors_checked"":4976640,""obs_mistake_mask=E"":9}"
      9216,         9,         0,    1.22,standalone_exact_mw,92b54e65e02348d69d576d30c5ee32a4b051d35bca771a809ea02b8102fceb74,"{""distance"":7,""physical_error_rate"":0.02}","{""detection_events"":522786,""detectors_checked"":7464960,""obs_mistake_mask=E"":9}"
     12288,        20,         0,    1.62,standalone_exact_mw,92b54e65e02348d69d576d30c5ee32a4b051d35bca771a809ea02b8102fceb74,"{""distance"":7,""physical_error_rate"":0.02}","{""detection_events"":694100,""detectors_checked"":9953280,""obs_mistake_mask=E"":20}"
     10240,        19,         0,    2.24,standalone_exact_mw,92b54e65e02348d69d576d30c5ee32a4b051d35bca771a809ea02b8102fceb74,"{""distance"":7,""physical_error_rate"":0.02}","{""detection_events"":578995,""detectors_checked"":8294400,""obs_mistake_mask=E"":19}"
    133120,         0,         0,    8.40,standalone_exact_mw,20c8daca17953576b13a32f59e5f9cb54485b277119f4e6925e9023b8dd1f351,"{""distance"":7,""physical_error_rate"":0.002}","{""detection_events"":833585,""detectors_checked"":107827200}"
    142336,       188,         0,    16.5,standalone_exact_mw,92b54e65e02348d69d576d30c5ee32a4b051d35bca771a809ea02b8102fceb74,"{""distance"":7,""physical_error_rate"":0.02}","{""detection_events"":8074353,""detectors_checked"":115292160,""obs_mistake_mask=E"":188}"
    182272,        19,         0,    16.4,standalone_exact_mw,a9d9675b1321ece7cfc097fb15bc34ed24757e8c4c3c164f9c59c08d4efd1ba2,"{""distance"":7,""physical_error_rate"":0.01}","{""detection_events"":5455715,""detectors_checked"":147640320,""obs_mistake_mask=E"":19}"
         1,         0,         0,   0.014,standalone_exact_mw,92b54e65e02348d69d576d30c5ee32a4b051d35bca771a809ea02b8102fceb74,"{""distance"":7,""physical_error_rate"":0.02}","{""detection_events"":76,""detectors_checked"":810}"
       272,         0,         0,   0.055,standalone_exact_mw,92b54e65e02348d69d576d30c5ee32a4b051d35bca771a809ea02b8102fceb74,"{""distance"":7,""physical_error_rate"":0.02}","{""detection_events"":15723,""detectors_checked"":220320}"
     13312,        14,         0,    3.13,standalone_exact_mw,92b54e65e02348d69d576d30c5ee32a4b051d35bca771a809ea02b8102fceb74,"{""distance"":7,""physical_error_rate"":0.02}","{""detection_events"":753629,""detectors_checked"":10782720,""obs_mistake_mask=E"":14}"
      1024,         3,         0,   0.250,standalone_exact_mw,92b54e65e02348d69d576d30c5ee32a4b051d35bca771a809ea02b8102fceb74,"{""distance"":7,""physical_error_rate"":0.02}","{""detection_events"":58026,""detectors_checked"":829440,""obs_mistake_mask=E"":3}"
    216064,         0,         0,    16.5,standalone_exact_mw,3f3e41bc6b36ed0cfc2fad9d3557a7870f4e21d551182548e920bf13e0232e34,"{""distance"":7,""physical_error_rate"":0.005}","{""detection_events"":3321543,""detectors_checked"":175011840}"
      1024,         0,         0,   0.236,standalone_exact_mw,92b54e65e02348d69d576d30c5ee32a4b051d35bca771a809ea02b8102fceb74,"{""distance"":7,""physical_error_rate"":0.02}","{""detection_events"":57650,""detectors_checked"":829440}"
      1024,         0,         0,   0.235,standalone_exact_mw,92b54e65e02348d69d576d30c5ee32a4b051d35bca771a809ea02b8102fceb74,"{""distance"":7,""physical_error_rate"":0.02}","{""detection_events"":57816,""detectors_checked"":829440}"
      1024,         3,         0,   0.237,standalone_exact_mw,92b54e65e02348d69d576d30c5ee32a4b051d35bca771a809ea02b8102fceb74,"{""distance"":7,""physical_error_rate"":0.02}","{""detection_events"":58679,""detectors_checked"":829440,""obs_mistake_mask=E"":3}"
      1024,         1,         0,   0.237,standalone_exact_mw,92b54e65e02348d69d576d30c5ee32a4b051d35bca771a809ea02b8102fceb74,"{""distance"":7,""physical_error_rate"":0.02}","{""detection_events"":58672,""detectors_checked"":829440,""obs_mistake_mask=E"":1}"
      1024,         2,         0,   0.236,standalone_exact_mw,92b54e65e02348d69d576d30c5ee32a4b051d35bca771a809ea02b8102fceb74,"{""distance"":7,""physical_error_rate"":0.02}","{""detection_events"":58197,""detectors_checked"":829440,""obs_mistake_mask=E"":2}"
       273,         0,         0,   0.020,standalone_exact_mw,c63d9dbf283cbe8d7d2c9891770aca900c170ab5c3de0408fa399997170cec3d,"{""distance"":7,""physical_error_rate"":0.001}","{""detection_events"":819,""detectors_checked"":221130}"
      1024,         0,         0,   0.049,standalone_exact_mw,c63d9dbf283cbe8d7d2c9891770aca900c170ab5c3de0408fa399997170cec3d,"{""distance"":7,""physical_error_rate"":0.001}","{""detection_events"":3130,""detectors_checked"":829440}"
      1024,         1,         0,   0.237,standalone_exact_mw,92b54e65e02348d69d576d30c5ee32a4b051d35bca771a809ea02b8102fceb74,"{""distance"":7,""physical_error_rate"":0.02}","{""detection_events"":58303,""detectors_checked"":829440,""obs_mistake_mask=E"":1}"
      1024,         0,         0,   0.049,standalone_exact_mw,c63d9dbf283cbe8d7d2c9891770aca900c170ab5c3de0408fa399997170cec3d,"{""distance"":7,""physical_error_rate"":0.001}","{""detection_events"":3030,""detectors_checked"":829440}"
      1024,         0,         0,   0.048,standalone_exact_mw,c63d9dbf283cbe8d7d2c9891770aca900c170ab5c3de0408fa399997170cec3d,"{""distance"":7,""physical_error_rate"":0.001}","{""detection_events"":3037,""detectors_checked"":829440}"
      1024,         0,         0,   0.050,standalone_exact_mw,c63d9dbf283cbe8d7d2c9891770aca900c170ab5c3de0408fa399997170cec3d,"{""distance"":7,""physical_error_rate"":0.001}","{""detection_events"":3268,""detectors_checked"":829440}"
      1024,         3,         0,   0.239,standalone_exact_mw,92b54e65e02348d69d576d30c5ee32a4b051d35bca771a809ea02b8102fceb74,"{""distance"":7,""physical_error_rate"":0.02}","{""detection_events"":57901,""detectors_checked"":829440,""obs_mistake_mask=E"":3}"
      2048,         0,         0,   0.100,standalone_exact_mw,c63d9dbf283cbe8d7d2c9891770aca900c170ab5c3de0408fa399997170cec3d,"{""distance"":7,""physical_error_rate"":0.001}","{""detection_events"":6375,""detectors_checked"":1658880}"
      2048,         0,         0,   0.099,standalone_exact_mw,c63d9dbf283cbe8d7d2c9891770aca900c170ab5c3de0408fa399997170cec3d,"{""distance"":7,""physical_error_rate"":0.001}","{""detection_events"":6431,""detectors_checked"":1658880}"
      3072,         0,         0,   0.148,standalone_exact_mw,c63d9dbf283cbe8d7d2c9891770aca900c170ab5c3de0408fa399997170cec3d,"{""distance"":7,""physical_error_rate"":0.001}","{""detection_events"":9571,""detectors_checked"":2488320}"
      3072,         0,         0,   0.150,standalone_exact_mw,c63d9dbf283cbe8d7d2c9891770aca900c170ab5c3de0408fa399997170cec3d,"{""distance"":7,""physical_error_rate"":0.001}","{""detection_events"":9741,""detectors_checked"":2488320}"
      2048,         1,         0,   0.472,standalone_exact_mw,92b54e65e02348d69d576d30c5ee32a4b051d35bca771a809ea02b8102fceb74,"{""distance"":7,""physical_error_rate"":0.02}","{""detection_events"":116579,""detectors_checked"":1658880,""obs_mistake_mask=E"":1}"
      5120,         0,         0,   0.251,standalone_exact_mw,c63d9dbf283cbe8d7d2c9891770aca900c170ab5c3de0408fa399997170cec3d,"{""distance"":7,""physical_error_rate"":0.001}","{""detection_events"":16219,""detectors_checked"":4147200}"
      6144,         0,         0,   0.293,standalone_exact_mw,c63d9dbf283cbe8d7d2c9891770aca900c170ab5c3de0408fa399997170cec3d,"{""distance"":7,""physical_error_rate"":0.001}","{""detection_events"":19008,""detectors_checked"":4976640}"
      2048,         0,         0,   0.482,standalone_exact_mw,92b54e65e02348d69d576d30c5ee32a4b051d35bca771a809ea02b8102fceb74,"{""distance"":7,""physical_error_rate"":0.02}","{""detection_events"":115585,""detectors_checked"":1658880}"
      9216,         0,         0,   0.444,standalone_exact_mw,c63d9dbf283cbe8d7d2c9891770aca900c170ab5c3de0408fa399997170cec3d,"{""distance"":7,""physical_error_rate"":0.001}","{""detection_events"":28814,""detectors_checked"":7464960}"
      3072,         3,         0,   0.709,standalone_exact_mw,92b54e65e02348d69d576d30c5ee32a4b051d35bca771a809ea02b8102fceb74,"{""distance"":7,""physical_error_rate"":0.02}","{""detection_events"":173917,""detectors_checked"":2488320,""obs_mistake_mask=E"":3}"
     12288,         0,         0,   0.595,standalone_exact_mw,c63d9dbf283cbe8d7d2c9891770aca900c170ab5c3de0408fa399997170cec3d,"{""distance"":7,""physical_error_rate"":0.001}","{""detection_events"":38809,""detectors_checked"":9953280}"
      4096,         6,         0,   0.949,standalone_exact_mw,92b54e65e02348d69d576d30c5ee32a4b051d35bca771a809ea02b8102fceb74,"{""distance"":7,""physical_error_rate"":0.02}","{""detection_events"":231714,""detectors_checked"":3317760,""obs_mistake_mask=E"":6}"
     18432,        24,         0,    4.37,standalone_exact_mw,92b54e65e02348d69d576d30c5ee32a4b051d35bca771a809ea02b8102fceb74,"{""distance"":7,""physical_error_rate"":0.02}","{""detection_events"":1043533,""detectors_checked"":14929920,""obs_mistake_mask=E"":24}"
     16384,         0,         0,   0.797,standalone_exact_mw,c63d9dbf283cbe8d7d2c9891770aca900c170ab5c3de0408fa399997170cec3d,"{""distance"":7,""physical_error_rate"":0.001}","{""detection_events"":52056,""detectors_checked"":13271040}"
      5120,         6,         0,    1.19,standalone_exact_mw,92b54e65e02348d69d576d30c5ee32a4b051d35bca771a809ea02b8102fceb74,"{""distance"":7,""physical_error_rate"":0.02}","{""detection_events"":290938,""detectors_checked"":4147200,""obs_mistake_mask=E"":6}"
     14336,         0,         0,    1.19,standalone_exact_mw,c63d9dbf283cbe8d7d2c9891770aca900c170ab5c3de0408fa399997170cec3d,"{""distance"":7,""physical_error_rate"":0.001}","{""detection_events"":45621,""detectors_checked"":11612160}"
      7168,         7,         0,    1.69,standalone_exact_mw,92b54e65e02348d69d576d30c5ee32a4b051d35bca771a809ea02b8102fceb74,"{""distance"":7,""physical_error_rate"":0.02}","{""detection_events"":406921,""detectors_checked"":5806080,""obs_mistake_mask=E"":7}"
      8192,         0,         0,    1.56,standalone_exact_mw,c63d9dbf283cbe8d7d2c9891770aca900c170ab5c3de0408fa399997170cec3d,"{""distance"":7,""physical_error_rate"":0.001}","{""detection_events"":26139,""detectors_checked"":6635520}"
     11264,         0,         0,    2.30,standalone_exact_mw,c63d9dbf283cbe8d7d2c9891770aca900c170ab5c3de0408fa399997170cec3d,"{""distance"":7,""physical_error_rate"":0.001}","{""detection_events"":35677,""detectors_checked"":9123840}"
     10240,         6,         0,    2.37,standalone_exact_mw,92b54e65e02348d69d576d30c5ee32a4b051d35bca771a809ea02b8102fceb74,"{""distance"":7,""physical_error_rate"":0.02}","{""detection_events"":580517,""detectors_checked"":8294400,""obs_mistake_mask=E"":6}"
    167936,         0,         0,    11.7,standalone_exact_mw,20c8daca17953576b13a32f59e5f9cb54485b277119f4e6925e9023b8dd1f351,"{""distance"":7,""physical_error_rate"":0.002}","{""detection_events"":1053442,""detectors_checked"":136028160}"
     37888,        44,         0,    6.15,standalone_exact_mw,92b54e65e02348d69d576d30c5ee32a4b051d35bca771a809ea02b8102fceb74,"{""distance"":7,""physical_error_rate"":0.02}","{""detection_events"":2150591,""detectors_checked"":30689280,""obs_mistake_mask=E"":44}"
         1,         0,         0,   0.017,standalone_exact_mw,a9d9675b1321ece7cfc097fb15bc34ed24757e8c4c3c164f9c59c08d4efd1ba2,"{""distance"":7,""physical_error_rate"":0.01}","{""detection_events"":19,""detectors_checked"":810}"
       272,         0,         0,   0.049,standalone_exact_mw,a9d9675b1321ece7cfc097fb15bc34ed24757e8c4c3c164f9c59c08d4efd1ba2,"{""distance"":7,""physical_error_rate"":0.01}","{""detection_events"":7860,""detectors_checked"":220320}"
      1024,         1,         0,   0.186,standalone_exact_mw,a9d9675b1321ece7cfc097fb15bc34ed24757e8c4c3c164f9c59c08d4efd1ba2,"{""distance"":7,""physical_error_rate"":0.01}","{""detection_events"":31075,""detectors_checked"":829440,""obs_mistake_mask=E"":1}"
      1024,         0,         0,   0.187,standalone_exact_mw,a9d9675b1321ece7cfc097fb15bc34ed24757e8c4c3c164f9c59c08d4efd1ba2,"{""distance"":7,""physical_error_rate"":0.01}","{""detection_events"":30596,""detectors_checked"":829440}"
      1024,         0,         0,   0.186,standalone_exact_mw,a9d9675b1321ece7cfc097fb15bc34ed24757e8c4c3c164f9c59c08d4efd1ba2,"{""distance"":7,""physical_error_rate"":0.01}","{""detection_events"":31001,""detectors_checked"":829440}"
      1024,         0,         0,   0.186,standalone_exact_mw,a9d9675b1321ece7cfc097fb15bc34ed24757e8c4c3c164f9c59c08d4efd1ba2,"{""distance"":7,""physical_error_rate"":0.01}","{""detection_events"":30656,""detectors_checked"":829440}"
      1024,         0,         0,   0.187,standalone_exact_mw,a9d9675b1321ece7cfc097fb15bc34ed24757e8c4c3c164f9c59c08d4efd1ba2,"{""distance"":7,""physical_error_rate"":0.01}","{""detection_events"":30724,""detectors_checked"":829440}"
      1024,         0,         0,   0.186,standalone_exact_mw,a9d9675b1321ece7cfc097fb15bc34ed24757e8c4c3c164f9c59c08d4efd1ba2,"{""distance"":7,""physical_error_rate"":0.01}","{""detection_events"":30411,""detectors_checked"":829440}"
         1,         0,         0,   0.017,standalone_exact_mw,c63d9dbf283cbe8d7d2c9891770aca900c170ab5c3de0408fa399997170cec3d,"{""distance"":7,""physical_error_rate"":0.001}","{""detection_events"":6,""detectors_checked"":810}"
      1024,         0,         0,   0.191,standalone_exact_mw,a9d9675b1321ece7cfc097fb15bc34ed24757e8c4c3c164f9c59c08d4efd1ba2,"{""distance"":7,""physical_error_rate"":0.01}","{""detection_events"":30692,""detectors_checked"":829440}"
       272,         0,         0,   0.023,standalone_exact_mw,c63d9dbf283cbe8d7d2c9891770aca900c170ab5c3de0408fa399997170cec3d,"{""distance"":7,""physical_error_rate"":0.001}","{""detection_events"":845,""detectors_checked"":220320}"
      1024,         0,         0,   0.093,standalone_exact_mw,c63d9dbf283cbe8d7d2c9891770aca900c170ab5c3de0408fa399997170cec3d,"{""distance"":7,""physical_error_rate"":0.001}","{""detection_events"":3147,""detectors_checked"":829440}"
      1024,         0,         0,   0.049,standalone_exact_mw,c63d9dbf283cbe8d7d2c9891770aca900c170ab5c3de0408fa399997170cec3d,"{""distance"":7,""physical_error_rate"":0.001}","{""detection_events"":3241,""detectors_checked"":829440}"
      1024,         0,         0,   0.049,standalone_exact_mw,c63d9dbf283cbe8d7d2c9891770aca900c170ab5c3de0408fa399997170cec3d,"{""distance"":7,""physical_error_rate"":0.001}","{""detection_events"":3192,""detectors_checked"":829440}"
      2048,         0,         0,   0.098,standalone_exact_mw,c63d9dbf283cbe8d7d2c9891770aca900c170ab5c3de0408fa399997170cec3d,"{""distance"":7,""physical_error_rate"":0.001}","{""detection_events"":6527,""detectors_checked"":1658880}"
      2048,         0,         0,   0.371,standalone_exact_mw,a9d9675b1321ece7cfc097fb15bc34ed24757e8c4c3c164f9c59c08d4efd1ba2,"{""distance"":7,""physical_error_rate"":0.01}","{""detection_events"":60586,""detectors_checked"":1658880}"
      2048,         0,         0,   0.099,standalone_exact_mw,c63d9dbf283cbe8d7d2c9891770aca900c170ab5c3de0408fa399997170cec3d,"{""distance"":7,""physical_error_rate"":0.001}","{""detection_events"":6345,""detectors_checked"":1658880}"
     14336,         0,         0,    3.05,standalone_exact_mw,c63d9dbf283cbe8d7d2c9891770aca900c170ab5c3de0408fa399997170cec3d,"{""distance"":7,""physical_error_rate"":0.001}","{""detection_events"":44954,""detectors_checked"":11612160}"
      3072,         0,         0,   0.148,standalone_exact_mw,c63d9dbf283cbe8d7d2c9891770aca900c170ab5c3de0408fa399997170cec3d,"{""distance"":7,""physical_error_rate"":0.001}","{""detection_events"":9486,""detectors_checked"":2488320}"
     13312,        28,         0,    3.16,standalone_exact_mw,92b54e65e02348d69d576d30c5ee32a4b051d35bca771a809ea02b8102fceb74,"{""distance"":7,""physical_error_rate"":0.02}","{""detection_events"":756805,""detectors_checked"":10782720,""obs_mistake_mask=E"":28}"
      3072,         0,         0,   0.147,standalone_exact_mw,c63d9dbf283cbe8d7d2c9891770aca900c170ab5c3de0408fa399997170cec3d,"{""distance"":7,""physical_error_rate"":0.001}","{""detection_events"":9589,""detectors_checked"":2488320}"
      2048,         1,         0,   0.385,standalone_exact_mw,a9d9675b1321ece7cfc097fb15bc34ed24757e8c4c3c164f9c59c08d4efd1ba2,"{""distance"":7,""physical_error_rate"":0.01}","{""detection_events"":61846,""detectors_checked"":1658880,""obs_mistake_mask=E"":1}"
      3072,         0,         0,   0.267,standalone_exact_mw,c63d9dbf283cbe8d7d2c9891770aca900c170ab5c3de0408fa399997170cec3d,"{""distance"":7,""physical_error_rate"":0.001}","{""detection_events"":9610,""detectors_checked"":2488320}"
      4096,         1,         0,   0.439,standalone_exact_mw,a9d9675b1321ece7cfc097fb15bc34ed24757e8c4c3c164f9c59c08d4efd1ba2,"{""distance"":7,""physical_error_rate"":0.01}","{""detection_events"":121963,""detectors_checked"":3317760,""obs_mistake_mask=E"":1}"
      3072,         0,         0,   0.294,standalone_exact_mw,c63d9dbf283cbe8d7d2c9891770aca900c170ab5c3de0408fa399997170cec3d,"{""distance"":7,""physical_error_rate"":0.001}","{""detection_events"":9891,""detectors_checked"":2488320}"
      5120,         0,         0,   0.479,standalone_exact_mw,c63d9dbf283cbe8d7d2c9891770aca900c170ab5c3de0408fa399997170cec3d,"{""distance"":7,""physical_error_rate"":0.001}","{""detection_events"":16074,""detectors_checked"":4147200}"
         1,         0,         0,   0.012,standalone_exact_mw,8e8e16d7b7d10172304dc167922b352ab88e75bca590a4202cfa41b2b9ea2794,"{""distance"":7,""physical_error_rate"":0.0002}","{""detectors_checked"":810}"
      1296,         0,         0,   0.037,standalone_exact_mw,8e8e16d7b7d10172304dc167922b352ab88e75bca590a4202cfa41b2b9ea2794,"{""distance"":7,""physical_error_rate"":0.0002}","{""detection_events"":835,""detectors_checked"":1049760}"
      1024,         0,         0,   0.026,standalone_exact_mw,8e8e16d7b7d10172304dc167922b352ab88e75bca590a4202cfa41b2b9ea2794,"{""distance"":7,""physical_error_rate"":0.0002}","{""detection_events"":663,""detectors_checked"":829440}"
         1,         0,         0,   0.016,standalone_exact_mw,92b54e65e02348d69d576d30c5ee32a4b051d35bca771a809ea02b8102fceb74,"{""distance"":7,""physical_error_rate"":0.02}","{""detection_events"":56,""detectors_checked"":810}"
      2048,         0,         0,   0.051,standalone_exact_mw,8e8e16d7b7d10172304dc167922b352ab88e75bca590a4202cfa41b2b9ea2794,"{""distance"":7,""physical_error_rate"":0.0002}","{""detection_events"":1274,""detectors_checked"":1658880}"
       272,         2,         0,   0.041,standalone_exact_mw,92b54e65e02348d69d576d30c5ee32a4b051d35bca771a809ea02b8102fceb74,"{""distance"":7,""physical_error_rate"":0.02}","{""detection_events"":15424,""detectors_checked"":220320,""obs_mistake_mask=E"":2}"
      5120,         1,         0,   0.756,standalone_exact_mw,a9d9675b1321ece7cfc097fb15bc34ed24757e8c4c3c164f9c59c08d4efd1ba2,"{""distance"":7,""physical_error_rate"":0.01}","{""detection_events"":153547,""detectors_checked"":4147200,""obs_mistake_mask=E"":1}"
      2048,         0,         0,   0.051,standalone_exact_mw,8e8e16d7b7d10172304dc167922b352ab88e75bca590a4202cfa41b2b9ea2794,"{""distance"":7,""physical_error_rate"":0.0002}","{""detection_events"":1283,""detectors_checked"":1658880}"
      3072,         0,         0,   0.077,standalone_exact_mw,8e8e16d7b7d10172304dc167922b352ab88e75bca590a4202cfa41b2b9ea2794,"{""distance"":7,""physical_error_rate"":0.0002}","{""detection_events"":1959,""detectors_checked"":2488320}"
      1024,         1,         0,   0.120,standalone_exact_mw,92b54e65e02348d69d576d30c5ee32a4b051d35bca771a809ea02b8102fceb74,"{""distance"":7,""physical_error_rate"":0.02}","{""detection_events"":58274,""detectors_checked"":829440,""obs_mistake_mask=E"":1}"
      3072,         0,         0,   0.093,standalone_exact_mw,8e8e16d7b7d10172304dc167922b352ab88e75bca590a4202cfa41b2b9ea2794,"{""distance"":7,""physical_error_rate"":0.0002}","{""detection_events"":2032,""detectors_checked"":2488320}"
      1024,         1,         0,   0.120,standalone_exact_mw,92b54e65e02348d69d576d30c5ee32a4b051d35bca771a809ea02b8102fceb74,"{""distance"":7,""physical_error_rate"":0.02}","{""detection_events"":58085,""detectors_checked"":829440,""obs_mistake_mask=E"":1}"
      3072,         0,         0,   0.117,standalone_exact_mw,8e8e16d7b7d10172304dc167922b352ab88e75bca590a4202cfa41b2b9ea2794,"{""distance"":7,""physical_error_rate"":0.0002}","{""detection_events"":2026,""detectors_checked"":2488320}"
     11264,         0,         0,   0.571,standalone_exact_mw,c63d9dbf283cbe8d7d2c9891770aca900c170ab5c3de0408fa399997170cec3d,"{""distance"":7,""physical_error_rate"":0.001}","{""detection_events"":35618,""detectors_checked"":9123840}"
      1024,         0,         0,   0.160,standalone_exact_mw,92b54e65e02348d69d576d30c5ee32a4b051d35bca771a809ea02b8102fceb74,"{""distance"":7,""physical_error_rate"":0.02}","{""detection_events"":58191,""detectors_checked"":829440}"
      6144,         0,         0,   0.154,standalone_exact_mw,8e8e16d7b7d10172304dc167922b352ab88e75bca590a4202cfa41b2b9ea2794,"{""distance"":7,""physical_error_rate"":0.0002}","{""detection_events"":3903,""detectors_checked"":4976640}"
      1024,         3,         0,   0.173,standalone_exact_mw,92b54e65e02348d69d576d30c5ee32a4b051d35bca771a809ea02b8102fceb74,"{""distance"":7,""physical_error_rate"":0.02}","{""detection_events"":58362,""detectors_checked"":829440,""obs_mistake_mask=E"":3}"
      1024,         2,         0,   0.120,standalone_exact_mw,92b54e65e02348d69d576d30c5ee32a4b051d35bca771a809ea02b8102fceb74,"{""distance"":7,""physical_error_rate"":0.02}","{""detection_events"":58741,""detectors_checked"":829440,""obs_mistake_mask=E"":2}"
      9216,         0,         0,   0.227,standalone_exact_mw,8e8e16d7b7d10172304dc167922b352ab88e75bca590a4202cfa41b2b9ea2794,"{""distance"":7,""physical_error_rate"":0.0002}","{""detection_events"":5662,""detectors_checked"":7464960}"
      1024,         1,         0,   0.120,standalone_exact_mw,92b54e65e02348d69d576d30c5ee32a4b051d35bca771a809ea02b8102fceb74,"{""distance"":7,""physical_error_rate"":0.02}","{""detection_events"":57022,""detectors_checked"":829440,""obs_mistake_mask=E"":1}"
      5120,         0,         0,   0.947,standalone_exact_mw,a9d9675b1321ece7cfc097fb15bc34ed24757e8c4c3c164f9c59c08d4efd1ba2,"{""distance"":7,""physical_error_rate"":0.01}","{""detection_events"":152658,""detectors_checked"":4147200}"
     10240,         0,         0,   0.309,standalone_exact_mw,8e8e16d7b7d10172304dc167922b352ab88e75bca590a4202cfa41b2b9ea2794,"{""distance"":7,""physical_error_rate"":0.0002}","{""detection_events"":6628,""detectors_checked"":8294400}"
      2048,         3,         0,   0.267,standalone_exact_mw,92b54e65e02348d69d576d30c5ee32a4b051d35bca771a809ea02b8102fceb74,"{""distance"":7,""physical_error_rate"":0.02}","{""detection_events"":116174,""detectors_checked"":1658880,""obs_mistake_mask=E"":3}"
      8192,         0,         0,   0.794,standalone_exact_mw,c63d9dbf283cbe8d7d2c9891770aca900c170ab5c3de0408fa399997170cec3d,"{""distance"":7,""physical_error_rate"":0.001}","{""detection_events"":26032,""detectors_checked"":6635520}"
      2048,         4,         0,   0.347,standalone_exact_mw,92b54e65e02348d69d576d30c5ee32a4b051d35bca771a809ea02b8102fceb74,"{""distance"":7,""physical_error_rate"":0.02}","{""detection_events"":116889,""detectors_checked"":1658880,""obs_mistake_mask=E"":4}"
     11264,         0,         0,   0.410,standalone_exact_mw,8e8e16d7b7d10172304dc167922b352ab88e75bca590a4202cfa41b2b9ea2794,"{""distance"":7,""physical_error_rate"":0.0002}","{""detection_events"":6997,""detectors_checked"":9123840}"
      3072,         2,         0,   0.400,standalone_exact_mw,92b54e65e02348d69d576d30c5ee32a4b051d35bca771a809ea02b8102fceb74,"{""distance"":7,""physical_error_rate"":0.02}","{""detection_events"":174490,""detectors_checked"":2488320,""obs_mistake_mask=E"":2}"
     12288,         0,         0,   0.610,standalone_exact_mw,8e8e16d7b7d10172304dc167922b352ab88e75bca590a4202cfa41b2b9ea2794,"{""distance"":7,""physical_error_rate"":0.0002}","{""detection_events"":7876,""detectors_checked"":9953280}"
      6144,         0,         0,    1.12,standalone_exact_mw,a9d9675b1321ece7cfc097fb15bc34ed24757e8c4c3c164f9c59c08d4efd1ba2,"{""distance"":7,""physical_error_rate"":0.01}","{""detection_events"":183211,""detectors_checked"":4976640}"
     18432,         0,         0,    1.13,standalone_exact_mw,c63d9dbf283cbe8d7d2c9891770aca900c170ab5c3de0408fa399997170cec3d,"{""distance"":7,""physical_error_rate"":0.001}","{""detection_events"":58774,""detectors_checked"":14929920}"
      3072,         4,         0,   0.453,standalone_exact_mw,92b54e65e02348d69d576d30c5ee32a4b051d35bca771a809ea02b8102fceb74,"{""distance"":7,""physical_error_rate"":0.02}","{""detection_events"":174230,""detectors_checked"":2488320,""obs_mistake_mask=E"":4}"
     18432,         0,         0,    4.27,standalone_exact_mw,c63d9dbf283cbe8d7d2c9891770aca900c170ab5c3de0408fa399997170cec3d,"{""distance"":7,""physical_error_rate"":0.001}","{""detection_events"":56787,""detectors_checked"":14929920}"
     16384,         0,         0,   0.827,standalone_exact_mw,8e8e16d7b7d10172304dc167922b352ab88e75bca590a4202cfa41b2b9ea2794,"{""distance"":7,""physical_error_rate"":0.0002}","{""detection_events"":10366,""detectors_checked"":13271040}"
      5120,         7,         0,   0.625,standalone_exact_mw,92b54e65e02348d69d576d30c5ee32a4b051d35bca771a809ea02b8102fceb74,"{""distance"":7,""physical_error_rate"":0.02}","{""detection_events"":290175,""detectors_checked"":4147200,""obs_mistake_mask=E"":7}"
     18432,        27,         0,    4.28,standalone_exact_mw,92b54e65e02348d69d576d30c5ee32a4b051d35bca771a809ea02b8102fceb74,"{""distance"":7,""physical_error_rate"":0.02}","{""detection_events"":1044304,""detectors_checked"":14929920,""obs_mistake_mask=E"":27}"
         1,         0,         0,   0.004,standalone_exact_mw,20c8daca17953576b13a32f59e5f9cb54485b277119f4e6925e9023b8dd1f351,"{""distance"":7,""physical_error_rate"":0.002}","{""detection_events"":6,""detectors_checked"":810}"
       272,         0,         0,   0.039,standalone_exact_mw,20c8daca17953576b13a32f59e5f9cb54485b277119f4e6925e9023b8dd1f351,"{""distance"":7,""physical_error_rate"":0.002}","{""detection_events"":1726,""detectors_checked"":220320}"
         1,         0,         0,   0.014,standalone_exact_mw,8e8e16d7b7d10172304dc167922b352ab88e75bca590a4202cfa41b2b9ea2794,"{""distance"":7,""physical_error_rate"":0.0002}","{""detectors_checked"":810}"
      1024,         0,         0,   0.130,standalone_exact_mw,20c8daca17953576b13a32f59e5f9cb54485b277119f4e6925e9023b8dd1f351,"{""distance"":7,""physical_error_rate"":0.002}","{""detection_events"":6396,""detectors_checked"":829440}"
      9216,         1,         0,    1.71,standalone_exact_mw,a9d9675b1321ece7cfc097fb15bc34ed24757e8c4c3c164f9c59c08d4efd1ba2,"{""distance"":7,""physical_error_rate"":0.01}","{""detection_events"":275815,""detectors_checked"":7464960,""obs_mistake_mask=E"":1}"
      1296,         0,         0,   0.058,standalone_exact_mw,8e8e16d7b7d10172304dc167922b352ab88e75bca590a4202cfa41b2b9ea2794,"{""distance"":7,""physical_error_rate"":0.0002}","{""detection_events"":799,""detectors_checked"":1049760}"
     26624,         0,         0,    1.57,standalone_exact_mw,c63d9dbf283cbe8d7d2c9891770aca900c170ab5c3de0408fa399997170cec3d,"{""distance"":7,""physical_error_rate"":0.001}","{""detection_events"":84093,""detectors_checked"":21565440}"
      1024,         0,         0,   0.052,standalone_exact_mw,8e8e16d7b7d10172304dc167922b352ab88e75bca590a4202cfa41b2b9ea2794,"{""distance"":7,""physical_error_rate"":0.0002}","{""detection_events"":694,""detectors_checked"":829440}"
      1024,         0,         0,   0.052,standalone_exact_mw,8e8e16d7b7d10172304dc167922b352ab88e75bca590a4202cfa41b2b9ea2794,"{""distance"":7,""physical_error_rate"":0.0002}","{""detection_events"":663,""detectors_checked"":829440}"
      1024,         0,         0,   0.131,standalone_exact_mw,20c8daca17953576b13a32f59e5f9cb54485b277119f4e6925e9023b8dd1f351,"{""distance"":7,""physical_error_rate"":0.002}","{""detection_events"":6683,""detectors_checked"":829440}"
      6144,         4,         0,    1.02,standalone_exact_mw,92b54e65e02348d69d576d30c5ee32a4b051d35bca771a809ea02b8102fceb74,"{""distance"":7,""physical_error_rate"":0.02}","{""detection_events"":348126,""detectors_checked"":4976640,""obs_mistake_mask=E"":4}"
      1024,         0,         0,   0.051,standalone_exact_mw,8e8e16d7b7d10172304dc167922b352ab88e75bca590a4202cfa41b2b9ea2794,"{""distance"":7,""physical_error_rate"":0.0002}","{""detection_events"":606,""detectors_checked"":829440}"
     22528,         0,         0,    1.12,standalone_exact_mw,8e8e16d7b7d10172304dc167922b352ab88e75bca590a4202cfa41b2b9ea2794,"{""distance"":7,""physical_error_rate"":0.0002}","{""detection_events"":14135,""detectors_checked"":18247680}"
      1024,         0,         0,   0.129,standalone_exact_mw,20c8daca17953576b13a32f59e5f9cb54485b277119f4e6925e9023b8dd1f351,"{""distance"":7,""physical_error_rate"":0.002}","{""detection_events"":6375,""detectors_checked"":829440}"
      2048,         0,         0,   0.103,standalone_exact_mw,8e8e16d7b7d10172304dc167922b352ab88e75bca590a4202cfa41b2b9ea2794,"{""distance"":7,""physical_error_rate"":0.0002}","{""detection_events"":1231,""detectors_checked"":1658880}"
      3072,         0,         0,   0.089,standalone_exact_mw,8e8e16d7b7d10172304dc167922b352ab88e75bca590a4202cfa41b2b9ea2794,"{""distance"":7,""physical_error_rate"":0.0002}","{""detection_events"":1933,""detectors_checked"":2488320}"
      1024,         0,         0,   0.130,standalone_exact_mw,20c8daca17953576b13a32f59e5f9cb54485b277119f4e6925e9023b8dd1f351,"{""distance"":7,""physical_error_rate"":0.002}","{""detection_events"":6495,""detectors_checked"":829440}"
      5120,         0,         0,   0.126,standalone_exact_mw,8e8e16d7b7d10172304dc167922b352ab88e75bca590a4202cfa41b2b9ea2794,"{""distance"":7,""physical_error_rate"":0.0002}","{""detection_events"":3201,""detectors_checked"":4147200}"
      1024,         0,         0,   0.130,standalone_exact_mw,20c8daca17953576b13a32f59e5f9cb54485b277119f4e6925e9023b8dd1f351,"{""distance"":7,""physical_error_rate"":0.002}","{""detection_events"":6629,""detectors_checked"":829440}"
      1024,         0,         0,   0.130,standalone_exact_mw,20c8daca17953576b13a32f59e5f9cb54485b277119f4e6925e9023b8dd1f351,"{""distance"":7,""physical_error_rate"":0.002}","{""detection_events"":6555,""detectors_checked"":829440}"
      6144,         0,         0,   0.151,standalone_exact_mw,8e8e16d7b7d10172304dc167922b352ab88e75bca590a4202cfa41b2b9ea2794,"{""distance"":7,""physical_error_rate"":0.0002}","{""detection_events"":3719,""detectors_checked"":4976640}"
      9216,         0,         0,   0.225,standalone_exact_mw,8e8e16d7b7d10172304dc167922b352ab88e75bca590a4202cfa41b2b9ea2794,"{""distance"":7,""physical_error_rate"":0.0002}","{""detection_events"":5647,""detectors_checked"":7464960}"
      2048,         0,         0,   0.257,standalone_exact_mw,20c8daca17953576b13a32f59e5f9cb54485b277119f4e6925e9023b8dd1f351,"{""distance"":7,""physical_error_rate"":0.002}","{""detection_events"":12840,""detectors_checked"":1658880}"
      2048,         0,         0,   0.258,standalone_exact_mw,20c8daca17953576b13a32f59e5f9cb54485b277119f4e6925e9023b8dd1f351,"{""distance"":7,""physical_error_rate"":0.002}","{""detection_events"":12811,""detectors_checked"":1658880}"
     12288,         0,         0,   0.330,standalone_exact_mw,8e8e16d7b7d10172304dc167922b352ab88e75bca590a4202cfa41b2b9ea2794,"{""distance"":7,""physical_error_rate"":0.0002}","{""detection_events"":7716,""detectors_checked"":9953280}"
     52224,        70,         0,    8.61,standalone_exact_mw,92b54e65e02348d69d576d30c5ee32a4b051d35bca771a809ea02b8102fceb74,"{""distance"":7,""physical_error_rate"":0.02}","{""detection_events"":2965577,""detectors_checked"":42301440,""obs_mistake_mask=E"":70}"
    173056,       217,         0,    20.4,standalone_exact_mw,92b54e65e02348d69d576d30c5ee32a4b051d35bca771a809ea02b8102fceb74,"{""distance"":7,""physical_error_rate"":0.02}","{""detection_events"":9807494,""detectors_checked"":140175360,""obs_mistake_mask=E"":217}"
      8192,        12,         0,    1.18,standalone_exact_mw,92b54e65e02348d69d576d30c5ee32a4b051d35bca771a809ea02b8102fceb74,"{""distance"":7,""physical_error_rate"":0.02}","{""detection_events"":463476,""detectors_checked"":6635520,""obs_mistake_mask=E"":12}"
      9216,        15,         0,    2.13,standalone_exact_mw,92b54e65e02348d69d576d30c5ee32a4b051d35bca771a809ea02b8102fceb74,"{""distance"":7,""physical_error_rate"":0.02}","{""detection_events"":522583,""detectors_checked"":7464960,""obs_mistake_mask=E"":15}"
      1024,         1,         0,   0.276,standalone_exact_mw,92b54e65e02348d69d576d30c5ee32a4b051d35bca771a809ea02b8102fceb74,"{""distance"":7,""physical_error_rate"":0.02}","{""detection_events"":58380,""detectors_checked"":829440,""obs_mistake_mask=E"":1}"
      3072,         0,         0,   0.378,standalone_exact_mw,20c8daca17953576b13a32f59e5f9cb54485b277119f4e6925e9023b8dd1f351,"{""distance"":7,""physical_error_rate"":0.002}","{""detection_events"":19437,""detectors_checked"":2488320}"
      8192,         0,         0,   0.409,standalone_exact_mw,8e8e16d7b7d10172304dc167922b352ab88e75bca590a4202cfa41b2b9ea2794,"{""distance"":7,""physical_error_rate"":0.0002}","{""detection_events"":5119,""detectors_checked"":6635520}"
       273,         0,         0,   0.015,standalone_exact_mw,b0cacb7fc707c2734ebeeceefd47b6bd6784bf6b65d0613559eb8dd3ed8bcfbc,"{""distance"":7,""physical_error_rate"":0.0005}","{""detection_events"":415,""detectors_checked"":221130}"
      1024,         0,         0,   0.036,standalone_exact_mw,b0cacb7fc707c2734ebeeceefd47b6bd6784bf6b65d0613559eb8dd3ed8bcfbc,"{""distance"":7,""physical_error_rate"":0.0005}","{""detection_events"":1656,""detectors_checked"":829440}"
      1024,         0,         0,   0.036,standalone_exact_mw,b0cacb7fc707c2734ebeeceefd47b6bd6784bf6b65d0613559eb8dd3ed8bcfbc,"{""distance"":7,""physical_error_rate"":0.0005}","{""detection_events"":1655,""detectors_checked"":829440}"
      1024,         0,         0,   0.035,standalone_exact_mw,b0cacb7fc707c2734ebeeceefd47b6bd6784bf6b65d0613559eb8dd3ed8bcfbc,"{""distance"":7,""physical_error_rate"":0.0005}","{""detection_events"":1551,""detectors_checked"":829440}"
     39936,         0,         0,    1.56,standalone_exact_mw,8e8e16d7b7d10172304dc167922b352ab88e75bca590a4202cfa41b2b9ea2794,"{""distance"":7,""physical_error_rate"":0.0002}","{""detection_events"":25276,""detectors_checked"":32348160}"
      2048,         0,         0,   0.071,standalone_exact_mw,b0cacb7fc707c2734ebeeceefd47b6bd6784bf6b65d0613559eb8dd3ed8bcfbc,"{""distance"":7,""physical_error_rate"":0.0005}","{""detection_events"":3122,""detectors_checked"":1658880}"
      2048,         0,         0,   0.072,standalone_exact_mw,b0cacb7fc707c2734ebeeceefd47b6bd6784bf6b65d0613559eb8dd3ed8bcfbc,"{""distance"":7,""physical_error_rate"":0.0005}","{""detection_events"":3250,""detectors_checked"":1658880}"
       273,         0,         0,   0.029,standalone_exact_mw,b0cacb7fc707c2734ebeeceefd47b6bd6784bf6b65d0613559eb8dd3ed8bcfbc,"{""distance"":7,""physical_error_rate"":0.0005}","{""detection_events"":460,""detectors_checked"":221130}"
         1,         0,         0,   0.014,standalone_exact_mw,3f3e41bc6b36ed0cfc2fad9d3557a7870f4e21d551182548e920bf13e0232e34,"{""distance"":7,""physical_error_rate"":0.005}","{""detection_events"":26,""detectors_checked"":810}"
       272,         0,         0,   0.030,standalone_exact_mw,3f3e41bc6b36ed0cfc2fad9d3557a7870f4e21d551182548e920bf13e0232e34,"{""distance"":7,""physical_error_rate"":0.005}","{""detection_events"":4283,""detectors_checked"":220320}"
      3072,         0,         0,   0.108,standalone_exact_mw,b0cacb7fc707c2734ebeeceefd47b6bd6784bf6b65d0613559eb8dd3ed8bcfbc,"{""distance"":7,""physical_error_rate"":0.0005}","{""detection_events"":5102,""detectors_checked"":2488320}"
      1024,         0,         0,   0.076,standalone_exact_mw,b0cacb7fc707c2734ebeeceefd47b6bd6784bf6b65d0613559eb8dd3ed8bcfbc,"{""distance"":7,""physical_error_rate"":0.0005}","{""detection_events"":1626,""detectors_checked"":829440}"
      4096,         0,         0,   0.517,standalone_exact_mw,20c8daca17953576b13a32f59e5f9cb54485b277119f4e6925e9023b8dd1f351,"{""distance"":7,""physical_error_rate"":0.002}","{""detection_events"":25499,""detectors_checked"":3317760}"
      1024,         0,         0,   0.063,standalone_exact_mw,b0cacb7fc707c2734ebeeceefd47b6bd6784bf6b65d0613559eb8dd3ed8bcfbc,"{""distance"":7,""physical_error_rate"":0.0005}","{""detection_events"":1608,""detectors_checked"":829440}"
      1024,         0,         0,   0.036,standalone_exact_mw,b0cacb7fc707c2734ebeeceefd47b6bd6784bf6b65d0613559eb8dd3ed8bcfbc,"{""distance"":7,""physical_error_rate"":0.0005}","{""detection_events"":1591,""detectors_checked"":829440}"
      2048,         0,         0,   0.133,standalone_exact_mw,b0cacb7fc707c2734ebeeceefd47b6bd6784bf6b65d0613559eb8dd3ed8bcfbc,"{""distance"":7,""physical_error_rate"":0.0005}","{""detection_events"":3275,""detectors_checked"":1658880}"
     20480,         0,         0,   0.581,standalone_exact_mw,8e8e16d7b7d10172304dc167922b352ab88e75bca590a4202cfa41b2b9ea2794,"{""distance"":7,""physical_error_rate"":0.0002}","{""detection_events"":12797,""detectors_checked"":16588800}"
      1024,         0,         0,   0.161,standalone_exact_mw,3f3e41bc6b36ed0cfc2fad9d3557a7870f4e21d551182548e920bf13e0232e34,"{""distance"":7,""physical_error_rate"":0.005}","{""detection_events"":15867,""detectors_checked"":829440}"
      2048,         0,         0,   0.073,standalone_exact_mw,b0cacb7fc707c2734ebeeceefd47b6bd6784bf6b65d0613559eb8dd3ed8bcfbc,"{""distance"":7,""physical_error_rate"":0.0005}","{""detection_events"":3184,""detectors_checked"":1658880}"
     38912,         0,         0,    2.20,standalone_exact_mw,c63d9dbf283cbe8d7d2c9891770aca900c170ab5c3de0408fa399997170cec3d,"{""distance"":7,""physical_error_rate"":0.001}","{""detection_events"":122536,""detectors_checked"":31518720}"
     12288,         1,         0,    2.28,standalone_exact_mw,a9d9675b1321ece7cfc097fb15bc34ed24757e8c4c3c164f9c59c08d4efd1ba2,"{""distance"":7,""physical_error_rate"":0.01}","{""detection_events"":365750,""detectors_checked"":9953280,""obs_mistake_mask=E"":1}"
      2048,         0,         0,   0.072,standalone_exact_mw,b0cacb7fc707c2734ebeeceefd47b6bd6784bf6b65d0613559eb8dd3ed8bcfbc,"{""distance"":7,""physical_error_rate"":0.0005}","{""detection_events"":3143,""detectors_checked"":1658880}"
      1024,         1,         0,   0.160,standalone_exact_mw,3f3e41bc6b36ed0cfc2fad9d3557a7870f4e21d551182548e920bf13e0232e34,"{""distance"":7,""physical_error_rate"":0.005}","{""detection_events"":15447,""detectors_checked"":829440,""obs_mistake_mask=E"":1}"
      2048,         0,         0,   0.075,standalone_exact_mw,b0cacb7fc707c2734ebeeceefd47b6bd6784bf6b65d0613559eb8dd3ed8bcfbc,"{""distance"":7,""physical_error_rate"":0.0005}","{""detection_events"":3333,""detectors_checked"":1658880}"
      3072,         0,         0,   0.220,standalone_exact_mw,b0cacb7fc707c2734ebeeceefd47b6bd6784bf6b65d0613559eb8dd3ed8bcfbc,"{""distance"":7,""physical_error_rate"":0.0005}","{""detection_events"":4946,""detectors_checked"":2488320}"
      3072,         0,         0,   0.150,standalone_exact_mw,b0cacb7fc707c2734ebeeceefd47b6bd6784bf6b65d0613559eb8dd3ed8bcfbc,"{""distance"":7,""physical_error_rate"":0.0005}","{""detection_events"":4866,""detectors_checked"":2488320}"
      1024,         0,         0,   0.174,standalone_exact_mw,3f3e41bc6b36ed0cfc2fad9d3557a7870f4e21d551182548e920bf13e0232e34,"{""distance"":7,""physical_error_rate"":0.005}","{""detection_events"":15929,""detectors_checked"":829440}"
      5120,         0,         0,   0.207,standalone_exact_mw,b0cacb7fc707c2734ebeeceefd47b6bd6784bf6b65d0613559eb8dd3ed8bcfbc,"{""distance"":7,""physical_error_rate"":0.0005}","{""detection_events"":7949,""detectors_checked"":4147200}"
      3072,         0,         0,   0.162,standalone_exact_mw,b0cacb7fc707c2734ebeeceefd47b6bd6784bf6b65d0613559eb8dd3ed8bcfbc,"{""distance"":7,""physical_error_rate"":0.0005}","{""detection_events"":4871,""detectors_checked"":2488320}"
      1024,         0,         0,   0.161,standalone_exact_mw,3f3e41bc6b36ed0cfc2fad9d3557a7870f4e21d551182548e920bf13e0232e34,"{""distance"":7,""physical_error_rate"":0.005}","{""detection_events"":15438,""detectors_checked"":829440}"
      5120,         0,         0,   0.633,standalone_exact_mw,20c8daca17953576b13a32f59e5f9cb54485b277119f4e6925e9023b8dd1f351,"{""distance"":7,""physical_error_rate"":0.002}","{""detection_events"":32422,""detectors_checked"":4147200}"
      1024,         0,         0,   0.161,standalone_exact_mw,3f3e41bc6b36ed0cfc2fad9d3557a7870f4e21d551182548e920bf13e0232e34,"{""distance"":7,""physical_error_rate"":0.005}","{""detection_events"":15737,""detectors_checked"":829440}"
      6144,         0,         0,   0.220,standalone_exact_mw,b0cacb7fc707c2734ebeeceefd47b6bd6784bf6b65d0613559eb8dd3ed8bcfbc,"{""distance"":7,""physical_error_rate"":0.0005}","{""detection_events"":9827,""detectors_checked"":4976640}"
      9216,         0,         0,   0.320,standalone_exact_mw,b0cacb7fc707c2734ebeeceefd47b6bd6784bf6b65d0613559eb8dd3ed8bcfbc,"{""distance"":7,""physical_error_rate"":0.0005}","{""detection_events"":14570,""detectors_checked"":7464960}"
     23552,         0,         0,   0.817,standalone_exact_mw,8e8e16d7b7d10172304dc167922b352ab88e75bca590a4202cfa41b2b9ea2794,"{""distance"":7,""physical_error_rate"":0.0002}","{""detection_events"":15069,""detectors_checked"":19077120}"
      1024,         0,         0,   0.163,standalone_exact_mw,3f3e41bc6b36ed0cfc2fad9d3557a7870f4e21d551182548e920bf13e0232e34,"{""distance"":7,""physical_error_rate"":0.005}","{""detection_events"":15738,""detectors_checked"":829440}"
      1024,         0,         0,   0.160,standalone_exact_mw,3f3e41bc6b36ed0cfc2fad9d3557a7870f4e21d551182548e920bf13e0232e34,"{""distance"":7,""physical_error_rate"":0.005}","{""detection_events"":15722,""detectors_checked"":829440}"
      7168,         0,         0,   0.349,standalone_exact_mw,b0cacb7fc707c2734ebeeceefd47b6bd6784bf6b65d0613559eb8dd3ed8bcfbc,"{""distance"":7,""physical_error_rate"":0.0005}","{""detection_events"":11405,""detectors_checked"":5806080}"
     12288,         0,         0,   0.433,standalone_exact_mw,b0cacb7fc707c2734ebeeceefd47b6bd6784bf6b65d0613559eb8dd3ed8bcfbc,"{""distance"":7,""physical_error_rate"":0.0005}","{""detection_events"":19732,""detectors_checked"":9953280}"
      2048,         0,         0,   0.321,standalone_exact_mw,3f3e41bc6b36ed0cfc2fad9d3557a7870f4e21d551182548e920bf13e0232e34,"{""distance"":7,""physical_error_rate"":0.005}","{""detection_events"":31564,""detectors_checked"":1658880}"
      7168,         0,         0,   0.892,standalone_exact_mw,20c8daca17953576b13a32f59e5f9cb54485b277119f4e6925e9023b8dd1f351,"{""distance"":7,""physical_error_rate"":0.002}","{""detection_events"":44454,""detectors_checked"":5806080}"
     10240,         0,         0,   0.405,standalone_exact_mw,b0cacb7fc707c2734ebeeceefd47b6bd6784bf6b65d0613559eb8dd3ed8bcfbc,"{""distance"":7,""physical_error_rate"":0.0005}","{""detection_events"":16067,""detectors_checked"":8294400}"
      2048,         0,         0,   0.334,standalone_exact_mw,3f3e41bc6b36ed0cfc2fad9d3557a7870f4e21d551182548e920bf13e0232e34,"{""distance"":7,""physical_error_rate"":0.005}","{""detection_events"":31572,""detectors_checked"":1658880}"
     84992,         0,         0,    2.18,standalone_exact_mw,8e8e16d7b7d10172304dc167922b352ab88e75bca590a4202cfa41b2b9ea2794,"{""distance"":7,""physical_error_rate"":0.0002}","{""detection_events"":54084,""detectors_checked"":68843520}"
     13312,         0,         0,   0.626,standalone_exact_mw,b0cacb7fc707c2734ebeeceefd47b6bd6784bf6b65d0613559eb8dd3ed8bcfbc,"{""distance"":7,""physical_error_rate"":0.0005}","{""detection_events"":21140,""detectors_checked"":10782720}"
    252928,        18,         0,    23.0,standalone_exact_mw,a9d9675b1321ece7cfc097fb15bc34ed24757e8c4c3c164f9c59c08d4efd1ba2,"{""distance"":7,""physical_error_rate"":0.01}","{""detection_events"":7572659,""detectors_checked"":204871680,""obs_mistake_mask=E"":18}"
     39936,         0,         0,    1.13,standalone_exact_mw,8e8e16d7b7d10172304dc167922b352ab88e75bca590a4202cfa41b2b9ea2794,"{""distance"":7,""physical_error_rate"":0.0002}","{""detection_events"":25858,""detectors_checked"":32348160}"
      8192,         0,         0,   0.587,standalone_exact_mw,b0cacb7fc707c2734ebeeceefd47b6bd6784bf6b65d0613559eb8dd3ed8bcfbc,"{""distance"":7,""physical_error_rate"":0.0005}","{""detection_events"":13244,""detectors_checked"":6635520}"
      3072,         0,         0,   0.494,standalone_exact_mw,3f3e41bc6b36ed0cfc2fad9d3557a7870f4e21d551182548e920bf13e0232e34,"{""distance"":7,""physical_error_rate"":0.005}","{""detection_events"":47197,""detectors_checked"":2488320}"
         1,         0,         0,   0.014,standalone_exact_mw,a9d9675b1321ece7cfc097fb15bc34ed24757e8c4c3c164f9c59c08d4efd1ba2,"{""distance"":7,""physical_error_rate"":0.01}","{""detection_events"":48,""detectors_checked"":810}"
       272,         0,         0,   0.047,standalone_exact_mw,a9d9675b1321ece7cfc097fb15bc34ed24757e8c4c3c164f9c59c08d4efd1ba2,"{""distance"":7,""physical_error_rate"":0.01}","{""detection_events"":8136,""detectors_checked"":220320}"
      9216,         0,         0,    1.15,standalone_exact_mw,20c8daca17953576b13a32f59e5f9cb54485b277119f4e6925e9023b8dd1f351,"{""distance"":7,""physical_error_rate"":0.002}","{""detection_events"":58166,""detectors_checked"":7464960}"
     17408,         0,         0,   0.799,standalone_exact_mw,b0cacb7fc707c2734ebeeceefd47b6bd6784bf6b65d0613559eb8dd3ed8bcfbc,"{""distance"":7,""physical_error_rate"":0.0005}","{""detection_events"":27398,""detectors_checked"":14100480}"
      1024,         0,         0,   0.187,standalone_exact_mw,a9d9675b1321ece7cfc097fb15bc34ed24757e8c4c3c164f9c59c08d4efd1ba2,"{""distance"":7,""physical_error_rate"":0.01}","{""detection_events"":30705,""detectors_checked"":829440}"
      4096,         0,         0,   0.668,standalone_exact_mw,3f3e41bc6b36ed0cfc2fad9d3557a7870f4e21d551182548e920bf13e0232e34,"{""distance"":7,""physical_error_rate"":0.005}","{""detection_events"":63413,""detectors_checked"":3317760}"
      1024,         0,         0,   0.200,standalone_exact_mw,a9d9675b1321ece7cfc097fb15bc34ed24757e8c4c3c164f9c59c08d4efd1ba2,"{""distance"":7,""physical_error_rate"":0.01}","{""detection_events"":30872,""detectors_checked"":829440}"
     60416,         0,         0,    5.98,standalone_exact_mw,c63d9dbf283cbe8d7d2c9891770aca900c170ab5c3de0408fa399997170cec3d,"{""distance"":7,""physical_error_rate"":0.001}","{""detection_events"":190607,""detectors_checked"":48936960}"
     16384,         0,         0,   0.806,standalone_exact_mw,b0cacb7fc707c2734ebeeceefd47b6bd6784bf6b65d0613559eb8dd3ed8bcfbc,"{""distance"":7,""physical_error_rate"":0.0005}","{""detection_events"":25750,""detectors_checked"":13271040}"
      1024,         0,         0,   0.185,standalone_exact_mw,a9d9675b1321ece7cfc097fb15bc34ed24757e8c4c3c164f9c59c08d4efd1ba2,"{""distance"":7,""physical_error_rate"":0.01}","{""detection_events"":30105,""detectors_checked"":829440}"
    295936,         2,         0,    23.0,standalone_exact_mw,3f3e41bc6b36ed0cfc2fad9d3557a7870f4e21d551182548e920bf13e0232e34,"{""distance"":7,""physical_error_rate"":0.005}","{""detection_events"":4556415,""detectors_checked"":239708160,""obs_mistake_mask=E"":2}"
     62464,         0,         0,    3.07,standalone_exact_mw,c63d9dbf283cbe8d7d2c9891770aca900c170ab5c3de0408fa399997170cec3d,"{""distance"":7,""physical_error_rate"":0.001}","{""detection_events"":197019,""detectors_checked"":50595840}"
      1024,         0,         0,   0.187,standalone_exact_mw,a9d9675b1321ece7cfc097fb15bc34ed24757e8c4c3c164f9c59c08d4efd1ba2,"{""distance"":7,""physical_error_rate"":0.01}","{""detection_events"":30768,""detectors_checked"":829440}"
     17408,         2,         0,    3.21,standalone_exact_mw,a9d9675b1321ece7cfc097fb15bc34ed24757e8c4c3c164f9c59c08d4efd1ba2,"{""distance"":7,""physical_error_rate"":0.01}","{""detection_events"":520972,""detectors_checked"":14100480,""obs_mistake_mask=E"":2}"
      1024,         0,         0,   0.200,standalone_exact_mw,a9d9675b1321ece7cfc097fb15bc34ed24757e8c4c3c164f9c59c08d4efd1ba2,"{""distance"":7,""physical_error_rate"":0.01}","{""detection_events"":31059,""detectors_checked"":829440}"
     55296,         0,         0,    1.58,standalone_exact_mw,8e8e16d7b7d10172304dc167922b352ab88e75bca590a4202cfa41b2b9ea2794,"{""distance"":7,""physical_error_rate"":0.0002}","{""detection_events"":34952,""detectors_checked"":44789760}"
      2048,         0,         0,   0.188,standalone_exact_mw,a9d9675b1321ece7cfc097fb15bc34ed24757e8c4c3c164f9c59c08d4efd1ba2,"{""distance"":7,""physical_error_rate"":0.01}","{""detection_events"":60852,""detectors_checked"":1658880}"
      5120,         0,         0,   0.814,standalone_exact_mw,3f3e41bc6b36ed0cfc2fad9d3557a7870f4e21d551182548e920bf13e0232e34,"{""distance"":7,""physical_error_rate"":0.005}","{""detection_events"":78876,""detectors_checked"":4147200}"
     31744,         0,         0,    1.11,standalone_exact_mw,b0cacb7fc707c2734ebeeceefd47b6bd6784bf6b65d0613559eb8dd3ed8bcfbc,"{""distance"":7,""physical_error_rate"":0.0005}","{""detection_events"":50306,""detectors_checked"":25712640}"
        17,         0,         0,   0.011,standalone_exact_mw,8e8e16d7b7d10172304dc167922b352ab88e75bca590a4202cfa41b2b9ea2794,"{""distance"":7,""physical_error_rate"":0.0002}","{""detection_events"":18,""detectors_checked"":13770}"
       256,         0,         0,   0.019,standalone_exact_mw,8e8e16d7b7d10172304dc167922b352ab88e75bca590a4202cfa41b2b9ea2794,"{""distance"":7,""physical_error_rate"":0.0002}","{""detection_events"":153,""detectors_checked"":207360}"
      1024,         0,         0,   0.039,standalone_exact_mw,8e8e16d7b7d10172304dc167922b352ab88e75bca590a4202cfa41b2b9ea2794,"{""distance"":7,""physical_error_rate"":0.0002}","{""detection_events"":677,""detectors_checked"":829440}"
      1024,         0,         0,   0.052,standalone_exact_mw,8e8e16d7b7d10172304dc167922b352ab88e75bca590a4202cfa41b2b9ea2794,"{""distance"":7,""physical_error_rate"":0.0002}","{""detection_events"":669,""detectors_checked"":829440}"
      1024,         0,         0,   0.052,standalone_exact_mw,8e8e16d7b7d10172304dc167922b352ab88e75bca590a4202cfa41b2b9ea2794,"{""distance"":7,""physical_error_rate"":0.0002}","{""detection_events"":680,""detectors_checked"":829440}"
      2048,         0,         0,   0.268,standalone_exact_mw,a9d9675b1321ece7cfc097fb15bc34ed24757e8c4c3c164f9c59c08d4efd1ba2,"{""distance"":7,""physical_error_rate"":0.01}","{""detection_events"":61839,""detectors_checked"":1658880}"
      2048,         0,         0,   0.103,standalone_exact_mw,8e8e16d7b7d10172304dc167922b352ab88e75bca590a4202cfa41b2b9ea2794,"{""distance"":7,""physical_error_rate"":0.0002}","{""detection_events"":1259,""detectors_checked"":1658880}"
     25600,         0,         0,    1.17,standalone_exact_mw,b0cacb7fc707c2734ebeeceefd47b6bd6784bf6b65d0613559eb8dd3ed8bcfbc,"{""distance"":7,""physical_error_rate"":0.0005}","{""detection_events"":40331,""detectors_checked"":20736000}"
      2048,         0,         0,   0.104,standalone_exact_mw,8e8e16d7b7d10172304dc167922b352ab88e75bca590a4202cfa41b2b9ea2794,"{""distance"":7,""physical_error_rate"":0.0002}","{""detection_events"":1342,""detectors_checked"":1658880}"
      3072,         0,         0,   0.141,standalone_exact_mw,8e8e16d7b7d10172304dc167922b352ab88e75bca590a4202cfa41b2b9ea2794,"{""distance"":7,""physical_error_rate"":0.0002}","{""detection_events"":1894,""detectors_checked"":2488320}"
     13312,         0,         0,    1.68,standalone_exact_mw,20c8daca17953576b13a32f59e5f9cb54485b277119f4e6925e9023b8dd1f351,"{""distance"":7,""physical_error_rate"":0.002}","{""detection_events"":82534,""detectors_checked"":10782720}"
      3072,         0,         0,   0.386,standalone_exact_mw,a9d9675b1321ece7cfc097fb15bc34ed24757e8c4c3c164f9c59c08d4efd1ba2,"{""distance"":7,""physical_error_rate"":0.01}","{""detection_events"":91773,""detectors_checked"":2488320}"
      6144,         0,         0,   0.157,standalone_exact_mw,8e8e16d7b7d10172304dc167922b352ab88e75bca590a4202cfa41b2b9ea2794,"{""distance"":7,""physical_error_rate"":0.0002}","{""detection_events"":4018,""detectors_checked"":4976640}"
      9216,         0,         0,   0.225,standalone_exact_mw,8e8e16d7b7d10172304dc167922b352ab88e75bca590a4202cfa41b2b9ea2794,"{""distance"":7,""physical_error_rate"":0.0002}","{""detection_events"":5514,""detectors_checked"":7464960}"
      2048,         1,         0,   0.374,standalone_exact_mw,a9d9675b1321ece7cfc097fb15bc34ed24757e8c4c3c164f9c59c08d4efd1ba2,"{""distance"":7,""physical_error_rate"":0.01}","{""detection_events"":61230,""detectors_checked"":1658880,""obs_mistake_mask=E"":1}"
      7168,         0,         0,    1.16,standalone_exact_mw,3f3e41bc6b36ed0cfc2fad9d3557a7870f4e21d551182548e920bf13e0232e34,"{""distance"":7,""physical_error_rate"":0.005}","{""detection_events"":109813,""detectors_checked"":5806080}"
       273,         0,         0,   0.030,standalone_exact_mw,3f3e41bc6b36ed0cfc2fad9d3557a7870f4e21d551182548e920bf13e0232e34,"{""distance"":7,""physical_error_rate"":0.005}","{""detection_events"":4262,""detectors_checked"":221130}"
    119808,         0,         0,    3.06,standalone_exact_mw,8e8e16d7b7d10172304dc167922b352ab88e75bca590a4202cfa41b2b9ea2794,"{""distance"":7,""physical_error_rate"":0.0002}","{""detection_events"":75856,""detectors_checked"":97044480}"
      1024,         0,         0,   0.085,standalone_exact_mw,3f3e41bc6b36ed0cfc2fad9d3557a7870f4e21d551182548e920bf13e0232e34,"{""distance"":7,""physical_error_rate"":0.005}","{""detection_events"":15854,""detectors_checked"":829440}"
     12288,         0,         0,   0.304,standalone_exact_mw,8e8e16d7b7d10172304dc167922b352ab88e75bca590a4202cfa41b2b9ea2794,"{""distance"":7,""physical_error_rate"":0.0002}","{""detection_events"":7624,""detectors_checked"":9953280}"
      1024,         0,         0,   0.084,standalone_exact_mw,3f3e41bc6b36ed0cfc2fad9d3557a7870f4e21d551182548e920bf13e0232e34,"{""distance"":7,""physical_error_rate"":0.005}","{""detection_events"":15729,""detectors_checked"":829440}"
      1024,         0,         0,   0.084,standalone_exact_mw,3f3e41bc6b36ed0cfc2fad9d3557a7870f4e21d551182548e920bf13e0232e34,"{""distance"":7,""physical_error_rate"":0.005}","{""detection_events"":15960,""detectors_checked"":829440}"
      1024,         0,         0,   0.083,standalone_exact_mw,3f3e41bc6b36ed0cfc2fad9d3557a7870f4e21d551182548e920bf13e0232e34,"{""distance"":7,""physical_error_rate"":0.005}","{""detection_events"":15647,""detectors_checked"":829440}"
      3072,         0,         0,   0.574,standalone_exact_mw,a9d9675b1321ece7cfc097fb15bc34ed24757e8c4c3c164f9c59c08d4efd1ba2,"{""distance"":7,""physical_error_rate"":0.01}","{""detection_events"":92759,""detectors_checked"":2488320}"
      1024,         0,         0,   0.084,standalone_exact_mw,3f3e41bc6b36ed0cfc2fad9d3557a7870f4e21d551182548e920bf13e0232e34,"{""distance"":7,""physical_error_rate"":0.005}","{""detection_events"":15684,""detectors_checked"":829440}"
     45056,         0,         0,    1.58,standalone_exact_mw,b0cacb7fc707c2734ebeeceefd47b6bd6784bf6b65d0613559eb8dd3ed8bcfbc,"{""distance"":7,""physical_error_rate"":0.0005}","{""detection_events"":71412,""detectors_checked"":36495360}"
      1024,         0,         0,   0.084,standalone_exact_mw,3f3e41bc6b36ed0cfc2fad9d3557a7870f4e21d551182548e920bf13e0232e34,"{""distance"":7,""physical_error_rate"":0.005}","{""detection_events"":15978,""detectors_checked"":829440}"
       273,         0,         0,   0.032,standalone_exact_mw,20c8daca17953576b13a32f59e5f9cb54485b277119f4e6925e9023b8dd1f351,"{""distance"":7,""physical_error_rate"":0.002}","{""detection_events"":1662,""detectors_checked"":221130}"
     15360,         0,         0,   0.447,standalone_exact_mw,8e8e16d7b7d10172304dc167922b352ab88e75bca590a4202cfa41b2b9ea2794,"{""distance"":7,""physical_error_rate"":0.0002}","{""detection_events"":9813,""detectors_checked"":12441600}"
      1024,         0,         0,   0.133,standalone_exact_mw,20c8daca17953576b13a32f59e5f9cb54485b277119f4e6925e9023b8dd1f351,"{""distance"":7,""physical_error_rate"":0.002}","{""detection_events"":6407,""detectors_checked"":829440}"
      2048,         0,         0,   0.169,standalone_exact_mw,3f3e41bc6b36ed0cfc2fad9d3557a7870f4e21d551182548e920bf13e0232e34,"{""distance"":7,""physical_error_rate"":0.005}","{""detection_events"":31326,""detectors_checked"":1658880}"
      1024,         0,         0,   0.130,standalone_exact_mw,20c8daca17953576b13a32f59e5f9cb54485b277119f4e6925e9023b8dd1f351,"{""distance"":7,""physical_error_rate"":0.002}","{""detection_events"":6387,""detectors_checked"":829440}"
         1,         0,         0,   0.017,standalone_exact_mw,3f3e41bc6b36ed0cfc2fad9d3557a7870f4e21d551182548e920bf13e0232e34,"{""distance"":7,""physical_error_rate"":0.005}","{""detection_events"":13,""detectors_checked"":810}"
      2048,         0,         0,   0.169,standalone_exact_mw,3f3e41bc6b36ed0cfc2fad9d3557a7870f4e21d551182548e920bf13e0232e34,"{""distance"":7,""physical_error_rate"":0.005}","{""detection_events"":31497,""detectors_checked"":1658880}"
     37888,         0,         0,    1.61,standalone_exact_mw,b0cacb7fc707c2734ebeeceefd47b6bd6784bf6b65d0613559eb8dd3ed8bcfbc,"{""distance"":7,""physical_error_rate"":0.0005}","{""detection_events"":60709,""detectors_checked"":30689280}"
       272,         0,         0,   0.041,standalone_exact_mw,3f3e41bc6b36ed0cfc2fad9d3557a7870f4e21d551182548e920bf13e0232e34,"{""distance"":7,""physical_error_rate"":0.005}","{""detection_events"":4070,""detectors_checked"":220320}"
      1024,         0,         0,   0.125,standalone_exact_mw,20c8daca17953576b13a32f59e5f9cb54485b277119f4e6925e9023b8dd1f351,"{""distance"":7,""physical_error_rate"":0.002}","{""detection_events"":6263,""detectors_checked"":829440}"
     71680,         0,         0,    2.19,standalone_exact_mw,8e8e16d7b7d10172304dc167922b352ab88e75bca590a4202cfa41b2b9ea2794,"{""distance"":7,""physical_error_rate"":0.0002}","{""detection_events"":45524,""detectors_checked"":58060800}"
      3072,         0,         0,   0.570,standalone_exact_mw,a9d9675b1321ece7cfc097fb15bc34ed24757e8c4c3c164f9c59c08d4efd1ba2,"{""distance"":7,""physical_error_rate"":0.01}","{""detection_events"":92446,""detectors_checked"":2488320}"
      1024,         0,         0,   0.160,standalone_exact_mw,3f3e41bc6b36ed0cfc2fad9d3557a7870f4e21d551182548e920bf13e0232e34,"{""distance"":7,""physical_error_rate"":0.005}","{""detection_events"":15470,""detectors_checked"":829440}"
      1024,         0,         0,   0.130,standalone_exact_mw,20c8daca17953576b13a32f59e5f9cb54485b277119f4e6925e9023b8dd1f351,"{""distance"":7,""physical_error_rate"":0.002}","{""detection_events"":6387,""detectors_checked"":829440}"
      3072,         0,         0,   0.250,standalone_exact_mw,3f3e41bc6b36ed0cfc2fad9d3557a7870f4e21d551182548e920bf13e0232e34,"{""distance"":7,""physical_error_rate"":0.005}","{""detection_events"":46963,""detectors_checked"":2488320}"
     12288,         0,         0,   0.611,standalone_exact_mw,8e8e16d7b7d10172304dc167922b352ab88e75bca590a4202cfa41b2b9ea2794,"{""distance"":7,""physical_error_rate"":0.0002}","{""detection_events"":7571,""detectors_checked"":9953280}"
         1,         0,         0,   0.013,standalone_exact_mw,c63d9dbf283cbe8d7d2c9891770aca900c170ab5c3de0408fa399997170cec3d,"{""distance"":7,""physical_error_rate"":0.001}","{""detection_events"":2,""detectors_checked"":810}"
      1024,         0,         0,   0.130,standalone_exact_mw,20c8daca17953576b13a32f59e5f9cb54485b277119f4e6925e9023b8dd1f351,"{""distance"":7,""physical_error_rate"":0.002}","{""detection_events"":6453,""detectors_checked"":829440}"
      1024,         0,         0,   0.162,standalone_exact_mw,3f3e41bc6b36ed0cfc2fad9d3557a7870f4e21d551182548e920bf13e0232e34,"{""distance"":7,""physical_error_rate"":0.005}","{""detection_events"":16021,""detectors_checked"":829440}"
       272,         0,         0,   0.024,standalone_exact_mw,c63d9dbf283cbe8d7d2c9891770aca900c170ab5c3de0408fa399997170cec3d,"{""distance"":7,""physical_error_rate"":0.001}","{""detection_events"":878,""detectors_checked"":220320}"
      1024,         0,         0,   0.116,standalone_exact_mw,20c8daca17953576b13a32f59e5f9cb54485b277119f4e6925e9023b8dd1f351,"{""distance"":7,""physical_error_rate"":0.002}","{""detection_events"":6227,""detectors_checked"":829440}"
      1024,         0,         0,   0.106,standalone_exact_mw,c63d9dbf283cbe8d7d2c9891770aca900c170ab5c3de0408fa399997170cec3d,"{""distance"":7,""physical_error_rate"":0.001}","{""detection_events"":3191,""detectors_checked"":829440}"
      1024,         0,         0,   0.074,standalone_exact_mw,c63d9dbf283cbe8d7d2c9891770aca900c170ab5c3de0408fa399997170cec3d,"{""distance"":7,""physical_error_rate"":0.001}","{""detection_events"":3193,""detectors_checked"":829440}"
      1024,         0,         0,   0.187,standalone_exact_mw,3f3e41bc6b36ed0cfc2fad9d3557a7870f4e21d551182548e920bf13e0232e34,"{""distance"":7,""physical_error_rate"":0.005}","{""detection_events"":15896,""detectors_checked"":829440}"
      1024,         0,         0,   0.121,standalone_exact_mw,20c8daca17953576b13a32f59e5f9cb54485b277119f4e6925e9023b8dd1f351,"{""distance"":7,""physical_error_rate"":0.002}","{""detection_events"":6293,""detectors_checked"":829440}"
      4096,         0,         0,   0.333,standalone_exact_mw,3f3e41bc6b36ed0cfc2fad9d3557a7870f4e21d551182548e920bf13e0232e34,"{""distance"":7,""physical_error_rate"":0.005}","{""detection_events"":63045,""detectors_checked"":3317760}"
      1024,         0,         0,   0.049,standalone_exact_mw,c63d9dbf283cbe8d7d2c9891770aca900c170ab5c3de0408fa399997170cec3d,"{""distance"":7,""physical_error_rate"":0.001}","{""detection_events"":3254,""detectors_checked"":829440}"
      2048,         0,         0,   0.096,standalone_exact_mw,c63d9dbf283cbe8d7d2c9891770aca900c170ab5c3de0408fa399997170cec3d,"{""distance"":7,""physical_error_rate"":0.001}","{""detection_events"":6449,""detectors_checked"":1658880}"
      1024,         0,         0,   0.161,standalone_exact_mw,3f3e41bc6b36ed0cfc2fad9d3557a7870f4e21d551182548e920bf13e0232e34,"{""distance"":7,""physical_error_rate"":0.005}","{""detection_events"":15527,""detectors_checked"":829440}"
     10240,         0,         0,    1.64,standalone_exact_mw,3f3e41bc6b36ed0cfc2fad9d3557a7870f4e21d551182548e920bf13e0232e34,"{""distance"":7,""physical_error_rate"":0.005}","{""detection_events"":157824,""detectors_checked"":8294400}"
      2048,         0,         0,   0.098,standalone_exact_mw,c63d9dbf283cbe8d7d2c9891770aca900c170ab5c3de0408fa399997170cec3d,"{""distance"":7,""physical_error_rate"":0.001}","{""detection_events"":6609,""detectors_checked"":1658880}"
     19456,         0,         0,    2.22,standalone_exact_mw,20c8daca17953576b13a32f59e5f9cb54485b277119f4e6925e9023b8dd1f351,"{""distance"":7,""physical_error_rate"":0.002}","{""detection_events"":121492,""detectors_checked"":15759360}"
      2048,         0,         0,   0.261,standalone_exact_mw,20c8daca17953576b13a32f59e5f9cb54485b277119f4e6925e9023b8dd1f351,"{""distance"":7,""physical_error_rate"":0.002}","{""detection_events"":12901,""detectors_checked"":1658880}"
      1024,         0,         0,   0.161,standalone_exact_mw,3f3e41bc6b36ed0cfc2fad9d3557a7870f4e21d551182548e920bf13e0232e34,"{""distance"":7,""physical_error_rate"":0.005}","{""detection_events"":15569,""detectors_checked"":829440}"
    259072,         0,         0,    16.4,standalone_exact_mw,20c8daca17953576b13a32f59e5f9cb54485b277119f4e6925e9023b8dd1f351,"{""distance"":7,""physical_error_rate"":0.002}","{""detection_events"":1623979,""detectors_checked"":209848320}"
      3072,         0,         0,   0.144,standalone_exact_mw,c63d9dbf283cbe8d7d2c9891770aca900c170ab5c3de0408fa399997170cec3d,"{""distance"":7,""physical_error_rate"":0.001}","{""detection_events"":9818,""detectors_checked"":2488320}"
      5120,         0,         0,   0.417,standalone_exact_mw,3f3e41bc6b36ed0cfc2fad9d3557a7870f4e21d551182548e920bf13e0232e34,"{""distance"":7,""physical_error_rate"":0.005}","{""detection_events"":78996,""detectors_checked"":4147200}"
      1024,         0,         0,   0.168,standalone_exact_mw,3f3e41bc6b36ed0cfc2fad9d3557a7870f4e21d551182548e920bf13e0232e34,"{""distance"":7,""physical_error_rate"":0.005}","{""detection_events"":15454,""detectors_checked"":829440}"
      2048,         0,         0,   0.271,standalone_exact_mw,20c8daca17953576b13a32f59e5f9cb54485b277119f4e6925e9023b8dd1f351,"{""distance"":7,""physical_error_rate"":0.002}","{""detection_events"":12831,""detectors_checked"":1658880}"
      5120,         0,         0,   0.979,standalone_exact_mw,a9d9675b1321ece7cfc097fb15bc34ed24757e8c4c3c164f9c59c08d4efd1ba2,"{""distance"":7,""physical_error_rate"":0.01}","{""detection_events"":153586,""detectors_checked"":4147200}"
      4096,         0,         0,   0.190,standalone_exact_mw,c63d9dbf283cbe8d7d2c9891770aca900c170ab5c3de0408fa399997170cec3d,"{""distance"":7,""physical_error_rate"":0.001}","{""detection_events"":12766,""detectors_checked"":3317760}"
     32768,         0,         0,   0.816,standalone_exact_mw,8e8e16d7b7d10172304dc167922b352ab88e75bca590a4202cfa41b2b9ea2794,"{""distance"":7,""physical_error_rate"":0.0002}","{""detection_events"":21025,""detectors_checked"":26542080}"
      1024,         0,         0,   0.161,standalone_exact_mw,3f3e41bc6b36ed0cfc2fad9d3557a7870f4e21d551182548e920bf13e0232e34,"{""distance"":7,""physical_error_rate"":0.005}","{""detection_events"":16005,""detectors_checked"":829440}"
      5120,         0,         0,   0.236,standalone_exact_mw,c63d9dbf283cbe8d7d2c9891770aca900c170ab5c3de0408fa399997170cec3d,"{""distance"":7,""physical_error_rate"":0.001}","{""detection_events"":15942,""detectors_checked"":4147200}"
      3072,         0,         0,   0.389,standalone_exact_mw,20c8daca17953576b13a32f59e5f9cb54485b277119f4e6925e9023b8dd1f351,"{""distance"":7,""physical_error_rate"":0.002}","{""detection_events"":19335,""detectors_checked"":2488320}"
      2048,         0,         0,   0.309,standalone_exact_mw,3f3e41bc6b36ed0cfc2fad9d3557a7870f4e21d551182548e920bf13e0232e34,"{""distance"":7,""physical_error_rate"":0.005}","{""detection_events"":31695,""detectors_checked"":1658880}"
      7168,         0,         0,   0.585,standalone_exact_mw,3f3e41bc6b36ed0cfc2fad9d3557a7870f4e21d551182548e920bf13e0232e34,"{""distance"":7,""physical_error_rate"":0.005}","{""detection_events"":110337,""detectors_checked"":5806080}"
         1,         0,         0,   0.012,standalone_exact_mw,20c8daca17953576b13a32f59e5f9cb54485b277119f4e6925e9023b8dd1f351,"{""distance"":7,""physical_error_rate"":0.002}","{""detection_events"":6,""detectors_checked"":810}"
      7168,         0,         0,   0.334,standalone_exact_mw,c63d9dbf283cbe8d7d2c9891770aca900c170ab5c3de0408fa399997170cec3d,"{""distance"":7,""physical_error_rate"":0.001}","{""detection_events"":22502,""detectors_checked"":5806080}"
       272,         0,         0,   0.020,standalone_exact_mw,20c8daca17953576b13a32f59e5f9cb54485b277119f4e6925e9023b8dd1f351,"{""distance"":7,""physical_error_rate"":0.002}","{""detection_events"":1749,""detectors_checked"":220320}"
      1024,         0,         0,   0.064,standalone_exact_mw,20c8daca17953576b13a32f59e5f9cb54485b277119f4e6925e9023b8dd1f351,"{""distance"":7,""physical_error_rate"":0.002}","{""detection_events"":6447,""detectors_checked"":829440}"
       273,         0,         0,   0.018,standalone_exact_mw,c63d9dbf283cbe8d7d2c9891770aca900c170ab5c3de0408fa399997170cec3d,"{""distance"":7,""physical_error_rate"":0.001}","{""detection_events"":800,""detectors_checked"":221130}"
     88064,         0,         0,    4.30,standalone_exact_mw,c63d9dbf283cbe8d7d2c9891770aca900c170ab5c3de0408fa399997170cec3d,"{""distance"":7,""physical_error_rate"":0.001}","{""detection_events"":277385,""detectors_checked"":71331840}"
      1024,         0,         0,   0.065,standalone_exact_mw,20c8daca17953576b13a32f59e5f9cb54485b277119f4e6925e9023b8dd1f351,"{""distance"":7,""physical_error_rate"":0.002}","{""detection_events"":6460,""detectors_checked"":829440}"
     63488,         0,         0,    2.21,standalone_exact_mw,b0cacb7fc707c2734ebeeceefd47b6bd6784bf6b65d0613559eb8dd3ed8bcfbc,"{""distance"":7,""physical_error_rate"":0.0005}","{""detection_events"":99955,""detectors_checked"":51425280}"
      1024,         0,         0,   0.050,standalone_exact_mw,c63d9dbf283cbe8d7d2c9891770aca900c170ab5c3de0408fa399997170cec3d,"{""distance"":7,""physical_error_rate"":0.001}","{""detection_events"":3352,""detectors_checked"":829440}"
      2048,         0,         0,   0.335,standalone_exact_mw,3f3e41bc6b36ed0cfc2fad9d3557a7870f4e21d551182548e920bf13e0232e34,"{""distance"":7,""physical_error_rate"":0.005}","{""detection_events"":31105,""detectors_checked"":1658880}"
      1024,         0,         0,   0.064,standalone_exact_mw,20c8daca17953576b13a32f59e5f9cb54485b277119f4e6925e9023b8dd1f351,"{""distance"":7,""physical_error_rate"":0.002}","{""detection_events"":6438,""detectors_checked"":829440}"
      1024,         0,         0,   0.049,standalone_exact_mw,c63d9dbf283cbe8d7d2c9891770aca900c170ab5c3de0408fa399997170cec3d,"{""distance"":7,""physical_error_rate"":0.001}","{""detection_events"":3431,""detectors_checked"":829440}"
      1024,         0,         0,   0.048,standalone_exact_mw,c63d9dbf283cbe8d7d2c9891770aca900c170ab5c3de0408fa399997170cec3d,"{""distance"":7,""physical_error_rate"":0.001}","{""detection_events"":3175,""detectors_checked"":829440}"
      1024,         0,         0,   0.064,standalone_exact_mw,20c8daca17953576b13a32f59e5f9cb54485b277119f4e6925e9023b8dd1f351,"{""distance"":7,""physical_error_rate"":0.002}","{""detection_events"":6581,""detectors_checked"":829440}"
      4096,         0,         0,   0.520,standalone_exact_mw,20c8daca17953576b13a32f59e5f9cb54485b277119f4e6925e9023b8dd1f351,"{""distance"":7,""physical_error_rate"":0.002}","{""detection_events"":25683,""detectors_checked"":3317760}"
     23552,         2,         0,    4.36,standalone_exact_mw,a9d9675b1321ece7cfc097fb15bc34ed24757e8c4c3c164f9c59c08d4efd1ba2,"{""distance"":7,""physical_error_rate"":0.01}","{""detection_events"":705590,""detectors_checked"":19077120,""obs_mistake_mask=E"":2}"
      1024,         0,         0,   0.076,standalone_exact_mw,c63d9dbf283cbe8d7d2c9891770aca900c170ab5c3de0408fa399997170cec3d,"{""distance"":7,""physical_error_rate"":0.001}","{""detection_events"":3324,""detectors_checked"":829440}"
      2048,         0,         0,   0.127,standalone_exact_mw,20c8daca17953576b13a32f59e5f9cb54485b277119f4e6925e9023b8dd1f351,"{""distance"":7,""physical_error_rate"":0.002}","{""detection_events"":12588,""detectors_checked"":1658880}"
      1024,         0,         0,   0.087,standalone_exact_mw,c63d9dbf283cbe8d7d2c9891770aca900c170ab5c3de0408fa399997170cec3d,"{""distance"":7,""physical_error_rate"":0.001}","{""detection_events"":3218,""detectors_checked"":829440}"
      9216,         0,         0,   0.430,standalone_exact_mw,c63d9dbf283cbe8d7d2c9891770aca900c170ab5c3de0408fa399997170cec3d,"{""distance"":7,""physical_error_rate"":0.001}","{""detection_events"":29733,""detectors_checked"":7464960}"
     54272,         0,         0,    2.18,standalone_exact_mw,b0cacb7fc707c2734ebeeceefd47b6bd6784bf6b65d0613559eb8dd3ed8bcfbc,"{""distance"":7,""physical_error_rate"":0.0005}","{""detection_events"":85666,""detectors_checked"":43960320}"
      1024,         0,         0,   0.088,standalone_exact_mw,c63d9dbf283cbe8d7d2c9891770aca900c170ab5c3de0408fa399997170cec3d,"{""distance"":7,""physical_error_rate"":0.001}","{""detection_events"":3146,""detectors_checked"":829440}"
      2048,         0,         0,   0.129,standalone_exact_mw,20c8daca17953576b13a32f59e5f9cb54485b277119f4e6925e9023b8dd1f351,"{""distance"":7,""physical_error_rate"":0.002}","{""detection_events"":12636,""detectors_checked"":1658880}"
      6144,         1,         0,    1.14,standalone_exact_mw,a9d9675b1321ece7cfc097fb15bc34ed24757e8c4c3c164f9c59c08d4efd1ba2,"{""distance"":7,""physical_error_rate"":0.01}","{""detection_events"":183528,""detectors_checked"":4976640,""obs_mistake_mask=E"":1}"
     45056,         0,         0,    1.12,standalone_exact_mw,8e8e16d7b7d10172304dc167922b352ab88e75bca590a4202cfa41b2b9ea2794,"{""distance"":7,""physical_error_rate"":0.0002}","{""detection_events"":28999,""detectors_checked"":36495360}"
      3072,         0,         0,   0.507,standalone_exact_mw,3f3e41bc6b36ed0cfc2fad9d3557a7870f4e21d551182548e920bf13e0232e34,"{""distance"":7,""physical_error_rate"":0.005}","{""detection_events"":47072,""detectors_checked"":2488320}"
      2048,         0,         0,   0.203,standalone_exact_mw,c63d9dbf283cbe8d7d2c9891770aca900c170ab5c3de0408fa399997170cec3d,"{""distance"":7,""physical_error_rate"":0.001}","{""detection_events"":6534,""detectors_checked"":1658880}"
      3072,         0,         0,   0.195,standalone_exact_mw,20c8daca17953576b13a32f59e5f9cb54485b277119f4e6925e9023b8dd1f351,"{""distance"":7,""physical_error_rate"":0.002}","{""detection_events"":19484,""detectors_checked"":2488320}"
     10240,         0,         0,   0.836,standalone_exact_mw,3f3e41bc6b36ed0cfc2fad9d3557a7870f4e21d551182548e920bf13e0232e34,"{""distance"":7,""physical_error_rate"":0.005}","{""detection_events"":158993,""detectors_checked"":8294400}"
      2048,         0,         0,   0.191,standalone_exact_mw,c63d9dbf283cbe8d7d2c9891770aca900c170ab5c3de0408fa399997170cec3d,"{""distance"":7,""physical_error_rate"":0.001}","{""detection_events"":6412,""detectors_checked"":1658880}"
      5120,         0,         0,   0.635,standalone_exact_mw,20c8daca17953576b13a32f59e5f9cb54485b277119f4e6925e9023b8dd1f351,"{""distance"":7,""physical_error_rate"":0.002}","{""detection_events"":32066,""detectors_checked"":4147200}"
      4096,         0,         0,   0.257,standalone_exact_mw,20c8daca17953576b13a32f59e5f9cb54485b277119f4e6925e9023b8dd1f351,"{""distance"":7,""physical_error_rate"":0.002}","{""detection_events"":25897,""detectors_checked"":3317760}"
     12288,         0,         0,   0.573,standalone_exact_mw,c63d9dbf283cbe8d7d2c9891770aca900c170ab5c3de0408fa399997170cec3d,"{""distance"":7,""physical_error_rate"":0.001}","{""detection_events"":39049,""detectors_checked"":9953280}"
      3072,         0,         0,   0.302,standalone_exact_mw,c63d9dbf283cbe8d7d2c9891770aca900c170ab5c3de0408fa399997170cec3d,"{""distance"":7,""physical_error_rate"":0.001}","{""detection_events"":9607,""detectors_checked"":2488320}"
     21504,         0,         0,    2.21,standalone_exact_mw,3f3e41bc6b36ed0cfc2fad9d3557a7870f4e21d551182548e920bf13e0232e34,"{""distance"":7,""physical_error_rate"":0.005}","{""detection_events"":331367,""detectors_checked"":17418240}"
      5120,         0,         0,   0.322,standalone_exact_mw,20c8daca17953576b13a32f59e5f9cb54485b277119f4e6925e9023b8dd1f351,"{""distance"":7,""physical_error_rate"":0.002}","{""detection_events"":32585,""detectors_checked"":4147200}"
      4096,         0,         0,   0.650,standalone_exact_mw,3f3e41bc6b36ed0cfc2fad9d3557a7870f4e21d551182548e920bf13e0232e34,"{""distance"":7,""physical_error_rate"":0.005}","{""detection_events"":62835,""detectors_checked"":3317760}"
     87040,         0,         0,    3.07,standalone_exact_mw,8e8e16d7b7d10172304dc167922b352ab88e75bca590a4202cfa41b2b9ea2794,"{""distance"":7,""physical_error_rate"":0.0002}","{""detection_events"":55494,""detectors_checked"":70502400}"
      3072,         0,         0,   0.292,standalone_exact_mw,c63d9dbf283cbe8d7d2c9891770aca900c170ab5c3de0408fa399997170cec3d,"{""distance"":7,""physical_error_rate"":0.001}","{""detection_events"":9971,""detectors_checked"":2488320}"
      7168,         0,         0,   0.450,standalone_exact_mw,20c8daca17953576b13a32f59e5f9cb54485b277119f4e6925e9023b8dd1f351,"{""distance"":7,""physical_error_rate"":0.002}","{""detection_events"":45113,""detectors_checked"":5806080}"
    171008,         0,         0,    4.27,standalone_exact_mw,8e8e16d7b7d10172304dc167922b352ab88e75bca590a4202cfa41b2b9ea2794,"{""distance"":7,""physical_error_rate"":0.0002}","{""detection_events"":109220,""detectors_checked"":138516480}"
     17408,         0,         0,   0.805,standalone_exact_mw,c63d9dbf283cbe8d7d2c9891770aca900c170ab5c3de0408fa399997170cec3d,"{""distance"":7,""physical_error_rate"":0.001}","{""detection_events"":55267,""detectors_checked"":14100480}"
      6144,         0,         0,   0.866,standalone_exact_mw,20c8daca17953576b13a32f59e5f9cb54485b277119f4e6925e9023b8dd1f351,"{""distance"":7,""physical_error_rate"":0.002}","{""detection_events"":38994,""detectors_checked"":4976640}"
     14336,         0,         0,    1.17,standalone_exact_mw,3f3e41bc6b36ed0cfc2fad9d3557a7870f4e21d551182548e920bf13e0232e34,"{""distance"":7,""physical_error_rate"":0.005}","{""detection_events"":221332,""detectors_checked"":11612160}"
      5120,         0,         0,   0.497,standalone_exact_mw,c63d9dbf283cbe8d7d2c9891770aca900c170ab5c3de0408fa399997170cec3d,"{""distance"":7,""physical_error_rate"":0.001}","{""detection_events"":15942,""detectors_checked"":4147200}"
       273,         0,         0,   0.023,standalone_exact_mw,20c8daca17953576b13a32f59e5f9cb54485b277119f4e6925e9023b8dd1f351,"{""distance"":7,""physical_error_rate"":0.002}","{""detection_events"":1665,""detectors_checked"":221130}"
      7168,         0,         0,   0.805,standalone_exact_mw,3f3e41bc6b36ed0cfc2fad9d3557a7870f4e21d551182548e920bf13e0232e34,"{""distance"":7,""physical_error_rate"":0.005}","{""detection_events"":110061,""detectors_checked"":5806080}"
     63488,         0,         0,    1.58,standalone_exact_mw,8e8e16d7b7d10172304dc167922b352ab88e75bca590a4202cfa41b2b9ea2794,"{""distance"":7,""physical_error_rate"":0.0002}","{""detection_events"":40416,""detectors_checked"":51425280}"
      1024,         0,         0,   0.062,standalone_exact_mw,20c8daca17953576b13a32f59e5f9cb54485b277119f4e6925e9023b8dd1f351,"{""distance"":7,""physical_error_rate"":0.002}","{""detection_events"":6507,""detectors_checked"":829440}"
     14336,         2,         0,    1.61,standalone_exact_mw,a9d9675b1321ece7cfc097fb15bc34ed24757e8c4c3c164f9c59c08d4efd1ba2,"{""distance"":7,""physical_error_rate"":0.01}","{""detection_events"":429155,""detectors_checked"":11612160,""obs_mistake_mask=E"":2}"
      1024,         0,         0,   0.063,standalone_exact_mw,20c8daca17953576b13a32f59e5f9cb54485b277119f4e6925e9023b8dd1f351,"{""distance"":7,""physical_error_rate"":0.002}","{""detection_events"":6349,""detectors_checked"":829440}"
     38912,         0,         0,    3.17,standalone_exact_mw,20c8daca17953576b13a32f59e5f9cb54485b277119f4e6925e9023b8dd1f351,"{""distance"":7,""physical_error_rate"":0.002}","{""detection_events"":244668,""detectors_checked"":31518720}"
      1024,         0,         0,   0.063,standalone_exact_mw,20c8daca17953576b13a32f59e5f9cb54485b277119f4e6925e9023b8dd1f351,"{""distance"":7,""physical_error_rate"":0.002}","{""detection_events"":6491,""detectors_checked"":829440}"
      1024,         0,         0,   0.064,standalone_exact_mw,20c8daca17953576b13a32f59e5f9cb54485b277119f4e6925e9023b8dd1f351,"{""distance"":7,""physical_error_rate"":0.002}","{""detection_events"":6570,""detectors_checked"":829440}"
      9216,         0,         0,   0.615,standalone_exact_mw,20c8daca17953576b13a32f59e5f9cb54485b277119f4e6925e9023b8dd1f351,"{""distance"":7,""physical_error_rate"":0.002}","{""detection_events"":57905,""detectors_checked"":7464960}"
      1024,         0,         0,   0.062,standalone_exact_mw,20c8daca17953576b13a32f59e5f9cb54485b277119f4e6925e9023b8dd1f351,"{""distance"":7,""physical_error_rate"":0.002}","{""detection_events"":6265,""detectors_checked"":829440}"
      2048,         0,         0,   0.124,standalone_exact_mw,20c8daca17953576b13a32f59e5f9cb54485b277119f4e6925e9023b8dd1f351,"{""distance"":7,""physical_error_rate"":0.002}","{""detection_events"":12633,""detectors_checked"":1658880}"
      6144,         0,         0,   0.579,standalone_exact_mw,c63d9dbf283cbe8d7d2c9891770aca900c170ab5c3de0408fa399997170cec3d,"{""distance"":7,""physical_error_rate"":0.001}","{""detection_events"":19566,""detectors_checked"":4976640}"
      2048,         0,         0,   0.125,standalone_exact_mw,20c8daca17953576b13a32f59e5f9cb54485b277119f4e6925e9023b8dd1f351,"{""distance"":7,""physical_error_rate"":0.002}","{""detection_events"":12795,""detectors_checked"":1658880}"
      3072,         0,         0,   0.189,standalone_exact_mw,20c8daca17953576b13a32f59e5f9cb54485b277119f4e6925e9023b8dd1f351,"{""distance"":7,""physical_error_rate"":0.002}","{""detection_events"":19338,""detectors_checked"":2488320}"
     24576,         0,         0,    1.13,standalone_exact_mw,c63d9dbf283cbe8d7d2c9891770aca900c170ab5c3de0408fa399997170cec3d,"{""distance"":7,""physical_error_rate"":0.001}","{""detection_events"":77179,""detectors_checked"":19906560}"
      9216,         0,         0,    1.14,standalone_exact_mw,20c8daca17953576b13a32f59e5f9cb54485b277119f4e6925e9023b8dd1f351,"{""distance"":7,""physical_error_rate"":0.002}","{""detection_events"":57505,""detectors_checked"":7464960}"
       273,         0,         0,   0.016,standalone_exact_mw,b0cacb7fc707c2734ebeeceefd47b6bd6784bf6b65d0613559eb8dd3ed8bcfbc,"{""distance"":7,""physical_error_rate"":0.0005}","{""detection_events"":452,""detectors_checked"":221130}"
      1024,         0,         0,   0.036,standalone_exact_mw,b0cacb7fc707c2734ebeeceefd47b6bd6784bf6b65d0613559eb8dd3ed8bcfbc,"{""distance"":7,""physical_error_rate"":0.0005}","{""detection_events"":1634,""detectors_checked"":829440}"
      1024,         0,         0,   0.035,standalone_exact_mw,b0cacb7fc707c2734ebeeceefd47b6bd6784bf6b65d0613559eb8dd3ed8bcfbc,"{""distance"":7,""physical_error_rate"":0.0005}","{""detection_events"":1551,""detectors_checked"":829440}"
      1024,         0,         0,   0.036,standalone_exact_mw,b0cacb7fc707c2734ebeeceefd47b6bd6784bf6b65d0613559eb8dd3ed8bcfbc,"{""distance"":7,""physical_error_rate"":0.0005}","{""detection_events"":1706,""detectors_checked"":829440}"
      3072,         0,         0,   0.268,standalone_exact_mw,20c8daca17953576b13a32f59e5f9cb54485b277119f4e6925e9023b8dd1f351,"{""distance"":7,""physical_error_rate"":0.002}","{""detection_events"":19368,""detectors_checked"":2488320}"
      2048,         0,         0,   0.071,standalone_exact_mw,b0cacb7fc707c2734ebeeceefd47b6bd6784bf6b65d0613559eb8dd3ed8bcfbc,"{""distance"":7,""physical_error_rate"":0.0005}","{""detection_events"":3125,""detectors_checked"":1658880}"
     13312,         0,         0,   0.836,standalone_exact_mw,20c8daca17953576b13a32f59e5f9cb54485b277119f4e6925e9023b8dd1f351,"{""distance"":7,""physical_error_rate"":0.002}","{""detection_events"":83168,""detectors_checked"":10782720}"
     82944,         0,         0,    3.07,standalone_exact_mw,b0cacb7fc707c2734ebeeceefd47b6bd6784bf6b65d0613559eb8dd3ed8bcfbc,"{""distance"":7,""physical_error_rate"":0.0005}","{""detection_events"":131325,""detectors_checked"":67184640}"
      2048,         0,         0,   0.073,standalone_exact_mw,b0cacb7fc707c2734ebeeceefd47b6bd6784bf6b65d0613559eb8dd3ed8bcfbc,"{""distance"":7,""physical_error_rate"":0.0005}","{""detection_events"":3386,""detectors_checked"":1658880}"
     14336,         0,         0,    1.19,standalone_exact_mw,3f3e41bc6b36ed0cfc2fad9d3557a7870f4e21d551182548e920bf13e0232e34,"{""distance"":7,""physical_error_rate"":0.005}","{""detection_events"":221281,""detectors_checked"":11612160}"
      3072,         0,         0,   0.108,standalone_exact_mw,b0cacb7fc707c2734ebeeceefd47b6bd6784bf6b65d0613559eb8dd3ed8bcfbc,"{""distance"":7,""physical_error_rate"":0.0005}","{""detection_events"":4859,""detectors_checked"":2488320}"
      9216,         0,         0,   0.881,standalone_exact_mw,c63d9dbf283cbe8d7d2c9891770aca900c170ab5c3de0408fa399997170cec3d,"{""distance"":7,""physical_error_rate"":0.001}","{""detection_events"":28933,""detectors_checked"":7464960}"
      3072,         0,         0,   0.108,standalone_exact_mw,b0cacb7fc707c2734ebeeceefd47b6bd6784bf6b65d0613559eb8dd3ed8bcfbc,"{""distance"":7,""physical_error_rate"":0.0005}","{""detection_events"":4881,""detectors_checked"":2488320}"
     19456,         0,         0,    1.59,standalone_exact_mw,3f3e41bc6b36ed0cfc2fad9d3557a7870f4e21d551182548e920bf13e0232e34,"{""distance"":7,""physical_error_rate"":0.005}","{""detection_events"":300165,""detectors_checked"":15759360}"
      3072,         0,         0,   0.378,standalone_exact_mw,20c8daca17953576b13a32f59e5f9cb54485b277119f4e6925e9023b8dd1f351,"{""distance"":7,""physical_error_rate"":0.002}","{""detection_events"":19487,""detectors_checked"":2488320}"
     53248,         0,         0,    3.05,standalone_exact_mw,b0cacb7fc707c2734ebeeceefd47b6bd6784bf6b65d0613559eb8dd3ed8bcfbc,"{""distance"":7,""physical_error_rate"":0.0005}","{""detection_events"":84405,""detectors_checked"":43130880}"
      5120,         0,         0,   0.181,standalone_exact_mw,b0cacb7fc707c2734ebeeceefd47b6bd6784bf6b65d0613559eb8dd3ed8bcfbc,"{""distance"":7,""physical_error_rate"":0.0005}","{""detection_events"":8195,""detectors_checked"":4147200}"
      6144,         0,         0,   0.214,standalone_exact_mw,b0cacb7fc707c2734ebeeceefd47b6bd6784bf6b65d0613559eb8dd3ed8bcfbc,"{""distance"":7,""physical_error_rate"":0.0005}","{""detection_events"":9711,""detectors_checked"":4976640}"
    106496,         0,         0,    8.37,standalone_exact_mw,c63d9dbf283cbe8d7d2c9891770aca900c170ab5c3de0408fa399997170cec3d,"{""distance"":7,""physical_error_rate"":0.001}","{""detection_events"":336404,""detectors_checked"":86261760}"
      4096,         0,         0,   0.515,standalone_exact_mw,20c8daca17953576b13a32f59e5f9cb54485b277119f4e6925e9023b8dd1f351,"{""distance"":7,""physical_error_rate"":0.002}","{""detection_events"":25608,""detectors_checked"":3317760}"
      8192,         0,         0,   0.297,standalone_exact_mw,b0cacb7fc707c2734ebeeceefd47b6bd6784bf6b65d0613559eb8dd3ed8bcfbc,"{""distance"":7,""physical_error_rate"":0.0005}","{""detection_events"":12633,""detectors_checked"":6635520}"
     87040,         0,         0,    2.19,standalone_exact_mw,8e8e16d7b7d10172304dc167922b352ab88e75bca590a4202cfa41b2b9ea2794,"{""distance"":7,""physical_error_rate"":0.0002}","{""detection_events"":55206,""detectors_checked"":70502400}"
     18432,         0,         0,    1.15,standalone_exact_mw,20c8daca17953576b13a32f59e5f9cb54485b277119f4e6925e9023b8dd1f351,"{""distance"":7,""physical_error_rate"":0.002}","{""detection_events"":114926,""detectors_checked"":14929920}"
     15360,         0,         0,    2.21,standalone_exact_mw,a9d9675b1321ece7cfc097fb15bc34ed24757e8c4c3c164f9c59c08d4efd1ba2,"{""distance"":7,""physical_error_rate"":0.01}","{""detection_events"":460814,""detectors_checked"":12441600}"
     19456,         0,         0,    3.12,standalone_exact_mw,3f3e41bc6b36ed0cfc2fad9d3557a7870f4e21d551182548e920bf13e0232e34,"{""distance"":7,""physical_error_rate"":0.005}","{""detection_events"":300047,""detectors_checked"":15759360}"
     33792,         0,         0,    1.59,standalone_exact_mw,c63d9dbf283cbe8d7d2c9891770aca900c170ab5c3de0408fa399997170cec3d,"{""distance"":7,""physical_error_rate"":0.001}","{""detection_events"":106333,""detectors_checked"":27371520}"
     13312,         0,         0,    1.62,standalone_exact_mw,20c8daca17953576b13a32f59e5f9cb54485b277119f4e6925e9023b8dd1f351,"{""distance"":7,""physical_error_rate"":0.002}","{""detection_events"":82793,""detectors_checked"":10782720}"
       273,         0,         0,   0.028,standalone_exact_mw,3f3e41bc6b36ed0cfc2fad9d3557a7870f4e21d551182548e920bf13e0232e34,"{""distance"":7,""physical_error_rate"":0.005}","{""detection_events"":4061,""detectors_checked"":221130}"
     12288,         0,         0,   0.426,standalone_exact_mw,b0cacb7fc707c2734ebeeceefd47b6bd6784bf6b65d0613559eb8dd3ed8bcfbc,"{""distance"":7,""physical_error_rate"":0.0005}","{""detection_events"":19478,""detectors_checked"":9953280}"
     12288,         0,         0,    1.19,standalone_exact_mw,c63d9dbf283cbe8d7d2c9891770aca900c170ab5c3de0408fa399997170cec3d,"{""distance"":7,""physical_error_rate"":0.001}","{""detection_events"":38675,""detectors_checked"":9953280}"
     10240,         0,         0,   0.627,standalone_exact_mw,20c8daca17953576b13a32f59e5f9cb54485b277119f4e6925e9023b8dd1f351,"{""distance"":7,""physical_error_rate"":0.002}","{""detection_events"":64493,""detectors_checked"":8294400}"
      1024,         0,         0,   0.080,standalone_exact_mw,3f3e41bc6b36ed0cfc2fad9d3557a7870f4e21d551182548e920bf13e0232e34,"{""distance"":7,""physical_error_rate"":0.005}","{""detection_events"":15595,""detectors_checked"":829440}"
      1024,         0,         0,   0.135,standalone_exact_mw,3f3e41bc6b36ed0cfc2fad9d3557a7870f4e21d551182548e920bf13e0232e34,"{""distance"":7,""physical_error_rate"":0.005}","{""detection_events"":15925,""detectors_checked"":829440}"
      1024,         0,         0,   0.132,standalone_exact_mw,3f3e41bc6b36ed0cfc2fad9d3557a7870f4e21d551182548e920bf13e0232e34,"{""distance"":7,""physical_error_rate"":0.005}","{""detection_events"":15625,""detectors_checked"":829440}"
     19456,         0,         0,    1.62,standalone_exact_mw,3f3e41bc6b36ed0cfc2fad9d3557a7870f4e21d551182548e920bf13e0232e34,"{""distance"":7,""physical_error_rate"":0.005}","{""detection_events"":299808,""detectors_checked"":15759360}"
      1024,         0,         0,   0.081,standalone_exact_mw,3f3e41bc6b36ed0cfc2fad9d3557a7870f4e21d551182548e920bf13e0232e34,"{""distance"":7,""physical_error_rate"":0.005}","{""detection_events"":15915,""detectors_checked"":829440}"
      1024,         0,         0,   0.080,standalone_exact_mw,3f3e41bc6b36ed0cfc2fad9d3557a7870f4e21d551182548e920bf13e0232e34,"{""distance"":7,""physical_error_rate"":0.005}","{""detection_events"":15497,""detectors_checked"":829440}"
     16384,         0,         0,   0.575,standalone_exact_mw,b0cacb7fc707c2734ebeeceefd47b6bd6784bf6b65d0613559eb8dd3ed8bcfbc,"{""distance"":7,""physical_error_rate"":0.0005}","{""detection_events"":26075,""detectors_checked"":13271040}"
      1024,         0,         0,   0.080,standalone_exact_mw,3f3e41bc6b36ed0cfc2fad9d3557a7870f4e21d551182548e920bf13e0232e34,"{""distance"":7,""physical_error_rate"":0.005}","{""detection_events"":15773,""detectors_checked"":829440}"
      2048,         0,         0,   0.160,standalone_exact_mw,3f3e41bc6b36ed0cfc2fad9d3557a7870f4e21d551182548e920bf13e0232e34,"{""distance"":7,""physical_error_rate"":0.005}","{""detection_events"":31898,""detectors_checked"":1658880}"
      2048,         0,         0,   0.160,standalone_exact_mw,3f3e41bc6b36ed0cfc2fad9d3557a7870f4e21d551182548e920bf13e0232e34,"{""distance"":7,""physical_error_rate"":0.005}","{""detection_events"":31460,""detectors_checked"":1658880}"
     11264,         0,         0,   0.902,standalone_exact_mw,20c8daca17953576b13a32f59e5f9cb54485b277119f4e6925e9023b8dd1f351,"{""distance"":7,""physical_error_rate"":0.002}","{""detection_events"":70488,""detectors_checked"":9123840}"
     81920,         0,         0,    4.26,standalone_exact_mw,8e8e16d7b7d10172304dc167922b352ab88e75bca590a4202cfa41b2b9ea2794,"{""distance"":7,""physical_error_rate"":0.0002}","{""detection_events"":52031,""detectors_checked"":66355200}"
     27648,         0,         0,    2.25,standalone_exact_mw,3f3e41bc6b36ed0cfc2fad9d3557a7870f4e21d551182548e920bf13e0232e34,"{""distance"":7,""physical_error_rate"":0.005}","{""detection_events"":424871,""detectors_checked"":22394880}"
      3072,         0,         0,   0.242,standalone_exact_mw,3f3e41bc6b36ed0cfc2fad9d3557a7870f4e21d551182548e920bf13e0232e34,"{""distance"":7,""physical_error_rate"":0.005}","{""detection_events"":46953,""detectors_checked"":2488320}"
     25600,         0,         0,    1.61,standalone_exact_mw,20c8daca17953576b13a32f59e5f9cb54485b277119f4e6925e9023b8dd1f351,"{""distance"":7,""physical_error_rate"":0.002}","{""detection_events"":160703,""detectors_checked"":20736000}"
     23552,         0,         0,   0.825,standalone_exact_mw,b0cacb7fc707c2734ebeeceefd47b6bd6784bf6b65d0613559eb8dd3ed8bcfbc,"{""distance"":7,""physical_error_rate"":0.0005}","{""detection_events"":37387,""detectors_checked"":19077120}"
      4096,         0,         0,   0.321,standalone_exact_mw,3f3e41bc6b36ed0cfc2fad9d3557a7870f4e21d551182548e920bf13e0232e34,"{""distance"":7,""physical_error_rate"":0.005}","{""detection_events"":62942,""detectors_checked"":3317760}"
    116736,         0,         0,    6.01,standalone_exact_mw,c63d9dbf283cbe8d7d2c9891770aca900c170ab5c3de0408fa399997170cec3d,"{""distance"":7,""physical_error_rate"":0.001}","{""detection_events"":367594,""detectors_checked"":94556160}"
     16384,         0,         0,    1.56,standalone_exact_mw,c63d9dbf283cbe8d7d2c9891770aca900c170ab5c3de0408fa399997170cec3d,"{""distance"":7,""physical_error_rate"":0.001}","{""detection_events"":51308,""detectors_checked"":13271040}"
     32768,         3,         0,    6.07,standalone_exact_mw,a9d9675b1321ece7cfc097fb15bc34ed24757e8c4c3c164f9c59c08d4efd1ba2,"{""distance"":7,""physical_error_rate"":0.01}","{""detection_events"":982375,""detectors_checked"":26542080,""obs_mistake_mask=E"":3}"
     34816,         0,         0,    4.30,standalone_exact_mw,20c8daca17953576b13a32f59e5f9cb54485b277119f4e6925e9023b8dd1f351,"{""distance"":7,""physical_error_rate"":0.002}","{""detection_events"":217941,""detectors_checked"":28200960}"
      6144,         0,         0,   0.546,standalone_exact_mw,3f3e41bc6b36ed0cfc2fad9d3557a7870f4e21d551182548e920bf13e0232e34,"{""distance"":7,""physical_error_rate"":0.005}","{""detection_events"":95170,""detectors_checked"":4976640}"
     16384,         0,         0,    1.14,standalone_exact_mw,20c8daca17953576b13a32f59e5f9cb54485b277119f4e6925e9023b8dd1f351,"{""distance"":7,""physical_error_rate"":0.002}","{""detection_events"":102816,""detectors_checked"":13271040}"
     47104,         0,         0,    2.20,standalone_exact_mw,c63d9dbf283cbe8d7d2c9891770aca900c170ab5c3de0408fa399997170cec3d,"{""distance"":7,""physical_error_rate"":0.001}","{""detection_events"":148964,""detectors_checked"":38154240}"
     18432,         0,         0,    2.26,standalone_exact_mw,20c8daca17953576b13a32f59e5f9cb54485b277119f4e6925e9023b8dd1f351,"{""distance"":7,""physical_error_rate"":0.002}","{""detection_events"":115265,""detectors_checked"":14929920}"
     30720,         0,         0,    1.12,standalone_exact_mw,b0cacb7fc707c2734ebeeceefd47b6bd6784bf6b65d0613559eb8dd3ed8bcfbc,"{""distance"":7,""physical_error_rate"":0.0005}","{""detection_events"":48235,""detectors_checked"":24883200}"
     21504,         0,         0,    2.27,standalone_exact_mw,3f3e41bc6b36ed0cfc2fad9d3557a7870f4e21d551182548e920bf13e0232e34,"{""distance"":7,""physical_error_rate"":0.005}","{""detection_events"":331797,""detectors_checked"":17418240}"
      4096,         0,         0,   0.663,standalone_exact_mw,3f3e41bc6b36ed0cfc2fad9d3557a7870f4e21d551182548e920bf13e0232e34,"{""distance"":7,""physical_error_rate"":0.005}","{""detection_events"":63002,""detectors_checked"":3317760}"
    118784,         0,         0,    3.05,standalone_exact_mw,8e8e16d7b7d10172304dc167922b352ab88e75bca590a4202cfa41b2b9ea2794,"{""distance"":7,""physical_error_rate"":0.0002}","{""detection_events"":75887,""detectors_checked"":96215040}"
     16384,         2,         0,    3.06,standalone_exact_mw,a9d9675b1321ece7cfc097fb15bc34ed24757e8c4c3c164f9c59c08d4efd1ba2,"{""distance"":7,""physical_error_rate"":0.01}","{""detection_events"":491631,""detectors_checked"":13271040,""obs_mistake_mask=E"":2}"
     96256,         0,         0,    4.31,standalone_exact_mw,b0cacb7fc707c2734ebeeceefd47b6bd6784bf6b65d0613559eb8dd3ed8bcfbc,"{""distance"":7,""physical_error_rate"":0.0005}","{""detection_events"":151965,""detectors_checked"":77967360}"
    221184,         0,         0,    5.98,standalone_exact_mw,8e8e16d7b7d10172304dc167922b352ab88e75bca590a4202cfa41b2b9ea2794,"{""distance"":7,""physical_error_rate"":0.0002}","{""detection_events"":140639,""detectors_checked"":179159040}"
     61440,         0,         0,    4.27,standalone_exact_mw,b0cacb7fc707c2734ebeeceefd47b6bd6784bf6b65d0613559eb8dd3ed8bcfbc,"{""distance"":7,""physical_error_rate"":0.0005}","{""detection_events"":97663,""detectors_checked"":49766400}"
      6144,         0,         0,   0.819,standalone_exact_mw,3f3e41bc6b36ed0cfc2fad9d3557a7870f4e21d551182548e920bf13e0232e34,"{""distance"":7,""physical_error_rate"":0.005}","{""detection_events"":94237,""detectors_checked"":4976640}"
     19456,         0,         0,    2.25,standalone_exact_mw,20c8daca17953576b13a32f59e5f9cb54485b277119f4e6925e9023b8dd1f351,"{""distance"":7,""physical_error_rate"":0.002}","{""detection_events"":122707,""detectors_checked"":15759360}"
     14336,         0,         0,    1.57,standalone_exact_mw,20c8daca17953576b13a32f59e5f9cb54485b277119f4e6925e9023b8dd1f351,"{""distance"":7,""physical_error_rate"":0.002}","{""detection_events"":89598,""detectors_checked"":11612160}"
     23552,         0,         0,    2.25,standalone_exact_mw,c63d9dbf283cbe8d7d2c9891770aca900c170ab5c3de0408fa399997170cec3d,"{""distance"":7,""physical_error_rate"":0.001}","{""detection_events"":73785,""detectors_checked"":19077120}"
     39936,         0,         0,    1.58,standalone_exact_mw,b0cacb7fc707c2734ebeeceefd47b6bd6784bf6b65d0613559eb8dd3ed8bcfbc,"{""distance"":7,""physical_error_rate"":0.0005}","{""detection_events"":63531,""detectors_checked"":32348160}"
     21504,         0,         0,    3.08,standalone_exact_mw,3f3e41bc6b36ed0cfc2fad9d3557a7870f4e21d551182548e920bf13e0232e34,"{""distance"":7,""physical_error_rate"":0.005}","{""detection_events"":332169,""detectors_checked"":17418240}"
     27648,         0,         0,    4.42,standalone_exact_mw,3f3e41bc6b36ed0cfc2fad9d3557a7870f4e21d551182548e920bf13e0232e34,"{""distance"":7,""physical_error_rate"":0.005}","{""detection_events"":425512,""detectors_checked"":22394880}"
      9216,         0,         0,    1.12,standalone_exact_mw,3f3e41bc6b36ed0cfc2fad9d3557a7870f4e21d551182548e920bf13e0232e34,"{""distance"":7,""physical_error_rate"":0.005}","{""detection_events"":140658,""detectors_checked"":7464960}"
     59392,         0,         0,    3.06,standalone_exact_mw,c63d9dbf283cbe8d7d2c9891770aca900c170ab5c3de0408fa399997170cec3d,"{""distance"":7,""physical_error_rate"":0.001}","{""detection_events"":187210,""detectors_checked"":48107520}"
     25600,         0,         0,    3.15,standalone_exact_mw,20c8daca17953576b13a32f59e5f9cb54485b277119f4e6925e9023b8dd1f351,"{""distance"":7,""physical_error_rate"":0.002}","{""detection_events"":160536,""detectors_checked"":20736000}"
     19456,         1,         0,    3.17,standalone_exact_mw,3f3e41bc6b36ed0cfc2fad9d3557a7870f4e21d551182548e920bf13e0232e34,"{""distance"":7,""physical_error_rate"":0.005}","{""detection_events"":299717,""detectors_checked"":15759360,""obs_mistake_mask=E"":1}"
     17408,         0,         0,    2.18,standalone_exact_mw,20c8daca17953576b13a32f59e5f9cb54485b277119f4e6925e9023b8dd1f351,"{""distance"":7,""physical_error_rate"":0.002}","{""detection_events"":109876,""detectors_checked"":14100480}"
     13312,         0,         0,    1.66,standalone_exact_mw,3f3e41bc6b36ed0cfc2fad9d3557a7870f4e21d551182548e920bf13e0232e34,"{""distance"":7,""physical_error_rate"":0.005}","{""detection_events"":203643,""detectors_checked"":10782720}"
     59392,         0,         0,    2.18,standalone_exact_mw,b0cacb7fc707c2734ebeeceefd47b6bd6784bf6b65d0613559eb8dd3ed8bcfbc,"{""distance"":7,""physical_error_rate"":0.0005}","{""detection_events"":94069,""detectors_checked"":48107520}"
     34816,         0,         0,    3.10,standalone_exact_mw,20c8daca17953576b13a32f59e5f9cb54485b277119f4e6925e9023b8dd1f351,"{""distance"":7,""physical_error_rate"":0.002}","{""detection_events"":217005,""detectors_checked"":28200960}"
     51200,         0,         0,    3.06,standalone_exact_mw,c63d9dbf283cbe8d7d2c9891770aca900c170ab5c3de0408fa399997170cec3d,"{""distance"":7,""physical_error_rate"":0.001}","{""detection_events"":162372,""detectors_checked"":41472000}"
    164864,         0,         0,    4.28,standalone_exact_mw,8e8e16d7b7d10172304dc167922b352ab88e75bca590a4202cfa41b2b9ea2794,"{""distance"":7,""physical_error_rate"":0.0002}","{""detection_events"":104968,""detectors_checked"":133539840}"
    182272,         0,         0,    5.99,standalone_exact_mw,8e8e16d7b7d10172304dc167922b352ab88e75bca590a4202cfa41b2b9ea2794,"{""distance"":7,""physical_error_rate"":0.0002}","{""detection_events"":115854,""detectors_checked"":147640320}"
     29696,         3,         0,    4.29,standalone_exact_mw,a9d9675b1321ece7cfc097fb15bc34ed24757e8c4c3c164f9c59c08d4efd1ba2,"{""distance"":7,""physical_error_rate"":0.01}","{""detection_events"":889037,""detectors_checked"":24053760,""obs_mistake_mask=E"":3}"
       273,         0,         0,   0.028,standalone_exact_mw,3f3e41bc6b36ed0cfc2fad9d3557a7870f4e21d551182548e920bf13e0232e34,"{""distance"":7,""physical_error_rate"":0.005}","{""detection_events"":4187,""detectors_checked"":221130}"
      1024,         0,         0,   0.081,standalone_exact_mw,3f3e41bc6b36ed0cfc2fad9d3557a7870f4e21d551182548e920bf13e0232e34,"{""distance"":7,""physical_error_rate"":0.005}","{""detection_events"":15643,""detectors_checked"":829440}"
      1024,         0,         0,   0.080,standalone_exact_mw,3f3e41bc6b36ed0cfc2fad9d3557a7870f4e21d551182548e920bf13e0232e34,"{""distance"":7,""physical_error_rate"":0.005}","{""detection_events"":15623,""detectors_checked"":829440}"
     51200,         0,         0,    6.00,standalone_exact_mw,20c8daca17953576b13a32f59e5f9cb54485b277119f4e6925e9023b8dd1f351,"{""distance"":7,""physical_error_rate"":0.002}","{""detection_events"":319543,""detectors_checked"":41472000}"
      1024,         0,         0,   0.080,standalone_exact_mw,3f3e41bc6b36ed0cfc2fad9d3557a7870f4e21d551182548e920bf13e0232e34,"{""distance"":7,""physical_error_rate"":0.005}","{""detection_events"":15631,""detectors_checked"":829440}"
      1024,         0,         0,   0.081,standalone_exact_mw,3f3e41bc6b36ed0cfc2fad9d3557a7870f4e21d551182548e920bf13e0232e34,"{""distance"":7,""physical_error_rate"":0.005}","{""detection_events"":16171,""detectors_checked"":829440}"
      1024,         0,         0,   0.080,standalone_exact_mw,3f3e41bc6b36ed0cfc2fad9d3557a7870f4e21d551182548e920bf13e0232e34,"{""distance"":7,""physical_error_rate"":0.005}","{""detection_events"":15717,""detectors_checked"":829440}"
      1024,         0,         0,   0.080,standalone_exact_mw,3f3e41bc6b36ed0cfc2fad9d3557a7870f4e21d551182548e920bf13e0232e34,"{""distance"":7,""physical_error_rate"":0.005}","{""detection_events"":15776,""detectors_checked"":829440}"
      2048,         0,         0,   0.159,standalone_exact_mw,3f3e41bc6b36ed0cfc2fad9d3557a7870f4e21d551182548e920bf13e0232e34,"{""distance"":7,""physical_error_rate"":0.005}","{""detection_events"":31078,""detectors_checked"":1658880}"
     30720,         0,         0,    4.31,standalone_exact_mw,3f3e41bc6b36ed0cfc2fad9d3557a7870f4e21d551182548e920bf13e0232e34,"{""distance"":7,""physical_error_rate"":0.005}","{""detection_events"":472353,""detectors_checked"":24883200}"
     22528,         0,         0,    2.32,standalone_exact_mw,3f3e41bc6b36ed0cfc2fad9d3557a7870f4e21d551182548e920bf13e0232e34,"{""distance"":7,""physical_error_rate"":0.005}","{""detection_events"":347286,""detectors_checked"":18247680}"
      2048,         0,         0,   0.159,standalone_exact_mw,3f3e41bc6b36ed0cfc2fad9d3557a7870f4e21d551182548e920bf13e0232e34,"{""distance"":7,""physical_error_rate"":0.005}","{""detection_events"":31599,""detectors_checked"":1658880}"
      3072,         0,         0,   0.239,standalone_exact_mw,3f3e41bc6b36ed0cfc2fad9d3557a7870f4e21d551182548e920bf13e0232e34,"{""distance"":7,""physical_error_rate"":0.005}","{""detection_events"":46928,""detectors_checked"":2488320}"
     44032,         0,         0,    3.06,standalone_exact_mw,20c8daca17953576b13a32f59e5f9cb54485b277119f4e6925e9023b8dd1f351,"{""distance"":7,""physical_error_rate"":0.002}","{""detection_events"":276867,""detectors_checked"":35665920}"
    115712,         0,         0,    6.02,standalone_exact_mw,b0cacb7fc707c2734ebeeceefd47b6bd6784bf6b65d0613559eb8dd3ed8bcfbc,"{""distance"":7,""physical_error_rate"":0.0005}","{""detection_events"":182087,""detectors_checked"":93726720}"
      4096,         0,         0,   0.318,standalone_exact_mw,3f3e41bc6b36ed0cfc2fad9d3557a7870f4e21d551182548e920bf13e0232e34,"{""distance"":7,""physical_error_rate"":0.005}","{""detection_events"":62858,""detectors_checked"":3317760}"
    118784,         0,         0,    6.04,standalone_exact_mw,b0cacb7fc707c2734ebeeceefd47b6bd6784bf6b65d0613559eb8dd3ed8bcfbc,"{""distance"":7,""physical_error_rate"":0.0005}","{""detection_events"":187980,""detectors_checked"":96215040}"
     63488,         0,         0,    3.12,standalone_exact_mw,b0cacb7fc707c2734ebeeceefd47b6bd6784bf6b65d0613559eb8dd3ed8bcfbc,"{""distance"":7,""physical_error_rate"":0.0005}","{""detection_events"":100025,""detectors_checked"":51425280}"
     89088,         0,         0,    4.31,standalone_exact_mw,c63d9dbf283cbe8d7d2c9891770aca900c170ab5c3de0408fa399997170cec3d,"{""distance"":7,""physical_error_rate"":0.001}","{""detection_events"":279578,""detectors_checked"":72161280}"
      6144,         0,         0,   0.481,standalone_exact_mw,3f3e41bc6b36ed0cfc2fad9d3557a7870f4e21d551182548e920bf13e0232e34,"{""distance"":7,""physical_error_rate"":0.005}","{""detection_events"":94682,""detectors_checked"":4976640}"
     34816,         0,         0,    4.29,standalone_exact_mw,20c8daca17953576b13a32f59e5f9cb54485b277119f4e6925e9023b8dd1f351,"{""distance"":7,""physical_error_rate"":0.002}","{""detection_events"":218463,""detectors_checked"":28200960}"
    152576,         0,         0,    8.39,standalone_exact_mw,c63d9dbf283cbe8d7d2c9891770aca900c170ab5c3de0408fa399997170cec3d,"{""distance"":7,""physical_error_rate"":0.001}","{""detection_events"":481042,""detectors_checked"":123586560}"
     27648,         0,         0,    4.32,standalone_exact_mw,3f3e41bc6b36ed0cfc2fad9d3557a7870f4e21d551182548e920bf13e0232e34,"{""distance"":7,""physical_error_rate"":0.005}","{""detection_events"":423104,""detectors_checked"":22394880}"
     49152,         5,         0,    8.36,standalone_exact_mw,a9d9675b1321ece7cfc097fb15bc34ed24757e8c4c3c164f9c59c08d4efd1ba2,"{""distance"":7,""physical_error_rate"":0.01}","{""detection_events"":1470825,""detectors_checked"":39813120,""obs_mistake_mask=E"":5}"
     59392,         0,         0,    5.97,standalone_exact_mw,3f3e41bc6b36ed0cfc2fad9d3557a7870f4e21d551182548e920bf13e0232e34,"{""distance"":7,""physical_error_rate"":0.005}","{""detection_events"":914493,""detectors_checked"":48107520}"
      8192,         1,         0,   0.642,standalone_exact_mw,3f3e41bc6b36ed0cfc2fad9d3557a7870f4e21d551182548e920bf13e0232e34,"{""distance"":7,""physical_error_rate"":0.005}","{""detection_events"":125862,""detectors_checked"":6635520,""obs_mistake_mask=E"":1}"
         1,         0,         0,   0.016,standalone_exact_mw,b0cacb7fc707c2734ebeeceefd47b6bd6784bf6b65d0613559eb8dd3ed8bcfbc,"{""distance"":7,""physical_error_rate"":0.0005}","{""detection_events"":2,""detectors_checked"":810}"
       272,         0,         0,   0.021,standalone_exact_mw,b0cacb7fc707c2734ebeeceefd47b6bd6784bf6b65d0613559eb8dd3ed8bcfbc,"{""distance"":7,""physical_error_rate"":0.0005}","{""detection_events"":435,""detectors_checked"":220320}"
      1024,         0,         0,   0.069,standalone_exact_mw,b0cacb7fc707c2734ebeeceefd47b6bd6784bf6b65d0613559eb8dd3ed8bcfbc,"{""distance"":7,""physical_error_rate"":0.0005}","{""detection_events"":1626,""detectors_checked"":829440}"
      1024,         0,         0,   0.094,standalone_exact_mw,b0cacb7fc707c2734ebeeceefd47b6bd6784bf6b65d0613559eb8dd3ed8bcfbc,"{""distance"":7,""physical_error_rate"":0.0005}","{""detection_events"":1584,""detectors_checked"":829440}"
      1024,         0,         0,   0.081,standalone_exact_mw,b0cacb7fc707c2734ebeeceefd47b6bd6784bf6b65d0613559eb8dd3ed8bcfbc,"{""distance"":7,""physical_error_rate"":0.0005}","{""detection_events"":1631,""detectors_checked"":829440}"
      1024,         0,         0,   0.076,standalone_exact_mw,b0cacb7fc707c2734ebeeceefd47b6bd6784bf6b65d0613559eb8dd3ed8bcfbc,"{""distance"":7,""physical_error_rate"":0.0005}","{""detection_events"":1638,""detectors_checked"":829440}"
      1024,         0,         0,   0.076,standalone_exact_mw,b0cacb7fc707c2734ebeeceefd47b6bd6784bf6b65d0613559eb8dd3ed8bcfbc,"{""distance"":7,""physical_error_rate"":0.0005}","{""detection_events"":1624,""detectors_checked"":829440}"
    181248,         0,         0,    11.7,standalone_exact_mw,c63d9dbf283cbe8d7d2c9891770aca900c170ab5c3de0408fa399997170cec3d,"{""distance"":7,""physical_error_rate"":0.001}","{""detection_events"":572740,""detectors_checked"":146810880}"
     33792,         0,         0,    4.36,standalone_exact_mw,20c8daca17953576b13a32f59e5f9cb54485b277119f4e6925e9023b8dd1f351,"{""distance"":7,""physical_error_rate"":0.002}","{""detection_events"":211320,""detectors_checked"":27371520}"
     10240,         0,         0,   0.803,standalone_exact_mw,3f3e41bc6b36ed0cfc2fad9d3557a7870f4e21d551182548e920bf13e0232e34,"{""distance"":7,""physical_error_rate"":0.005}","{""detection_events"":157301,""detectors_checked"":8294400}"
      2048,         0,         0,   0.153,standalone_exact_mw,b0cacb7fc707c2734ebeeceefd47b6bd6784bf6b65d0613559eb8dd3ed8bcfbc,"{""distance"":7,""physical_error_rate"":0.0005}","{""detection_events"":3338,""detectors_checked"":1658880}"
     84992,         0,         0,    4.30,standalone_exact_mw,c63d9dbf283cbe8d7d2c9891770aca900c170ab5c3de0408fa399997170cec3d,"{""distance"":7,""physical_error_rate"":0.001}","{""detection_events"":267661,""detectors_checked"":68843520}"
      3072,         0,         0,   0.214,standalone_exact_mw,b0cacb7fc707c2734ebeeceefd47b6bd6784bf6b65d0613559eb8dd3ed8bcfbc,"{""distance"":7,""physical_error_rate"":0.0005}","{""detection_events"":4731,""detectors_checked"":2488320}"
    228352,         0,         0,    8.39,standalone_exact_mw,8e8e16d7b7d10172304dc167922b352ab88e75bca590a4202cfa41b2b9ea2794,"{""distance"":7,""physical_error_rate"":0.0002}","{""detection_events"":144322,""detectors_checked"":184965120}"
      3072,         0,         0,   0.228,standalone_exact_mw,b0cacb7fc707c2734ebeeceefd47b6bd6784bf6b65d0613559eb8dd3ed8bcfbc,"{""distance"":7,""physical_error_rate"":0.0005}","{""detection_events"":4979,""detectors_checked"":2488320}"
     20480,         0,         0,    3.14,standalone_exact_mw,3f3e41bc6b36ed0cfc2fad9d3557a7870f4e21d551182548e920bf13e0232e34,"{""distance"":7,""physical_error_rate"":0.005}","{""detection_events"":316078,""detectors_checked"":16588800}"
      4096,         0,         0,   0.290,standalone_exact_mw,b0cacb7fc707c2734ebeeceefd47b6bd6784bf6b65d0613559eb8dd3ed8bcfbc,"{""distance"":7,""physical_error_rate"":0.0005}","{""detection_events"":6390,""detectors_checked"":3317760}"
     14336,         0,         0,    1.12,standalone_exact_mw,3f3e41bc6b36ed0cfc2fad9d3557a7870f4e21d551182548e920bf13e0232e34,"{""distance"":7,""physical_error_rate"":0.005}","{""detection_events"":220200,""detectors_checked"":11612160}"
      6144,         0,         0,   0.440,standalone_exact_mw,b0cacb7fc707c2734ebeeceefd47b6bd6784bf6b65d0613559eb8dd3ed8bcfbc,"{""distance"":7,""physical_error_rate"":0.0005}","{""detection_events"":9499,""detectors_checked"":4976640}"
         1,         0,         0,   0.016,standalone_exact_mw,20c8daca17953576b13a32f59e5f9cb54485b277119f4e6925e9023b8dd1f351,"{""distance"":7,""physical_error_rate"":0.002}","{""detection_events"":7,""detectors_checked"":810}"
      8192,         0,         0,   0.581,standalone_exact_mw,b0cacb7fc707c2734ebeeceefd47b6bd6784bf6b65d0613559eb8dd3ed8bcfbc,"{""distance"":7,""physical_error_rate"":0.0005}","{""detection_events"":12678,""detectors_checked"":6635520}"
       272,         0,         0,   0.029,standalone_exact_mw,20c8daca17953576b13a32f59e5f9cb54485b277119f4e6925e9023b8dd1f351,"{""distance"":7,""physical_error_rate"":0.002}","{""detection_events"":1761,""detectors_checked"":220320}"
    208896,         0,         0,    5.99,standalone_exact_mw,8e8e16d7b7d10172304dc167922b352ab88e75bca590a4202cfa41b2b9ea2794,"{""distance"":7,""physical_error_rate"":0.0002}","{""detection_events"":131797,""detectors_checked"":169205760}"
      1024,         0,         0,   0.182,standalone_exact_mw,20c8daca17953576b13a32f59e5f9cb54485b277119f4e6925e9023b8dd1f351,"{""distance"":7,""physical_error_rate"":0.002}","{""detection_events"":6542,""detectors_checked"":829440}"
     63488,         0,         0,    4.35,standalone_exact_mw,20c8daca17953576b13a32f59e5f9cb54485b277119f4e6925e9023b8dd1f351,"{""distance"":7,""physical_error_rate"":0.002}","{""detection_events"":396915,""detectors_checked"":51425280}"
     40960,         2,         0,    6.09,standalone_exact_mw,a9d9675b1321ece7cfc097fb15bc34ed24757e8c4c3c164f9c59c08d4efd1ba2,"{""distance"":7,""physical_error_rate"":0.01}","{""detection_events"":1224934,""detectors_checked"":33177600,""obs_mistake_mask=E"":2}"
      1024,         0,         0,   0.130,standalone_exact_mw,20c8daca17953576b13a32f59e5f9cb54485b277119f4e6925e9023b8dd1f351,"{""distance"":7,""physical_error_rate"":0.002}","{""detection_events"":6280,""detectors_checked"":829440}"
      1024,         0,         0,   0.127,standalone_exact_mw,20c8daca17953576b13a32f59e5f9cb54485b277119f4e6925e9023b8dd1f351,"{""distance"":7,""physical_error_rate"":0.002}","{""detection_events"":6497,""detectors_checked"":829440}"
      1024,         0,         0,   0.130,standalone_exact_mw,20c8daca17953576b13a32f59e5f9cb54485b277119f4e6925e9023b8dd1f351,"{""distance"":7,""physical_error_rate"":0.002}","{""detection_events"":6402,""detectors_checked"":829440}"
      1024,         0,         0,   0.130,standalone_exact_mw,20c8daca17953576b13a32f59e5f9cb54485b277119f4e6925e9023b8dd1f351,"{""distance"":7,""physical_error_rate"":0.002}","{""detection_events"":6238,""detectors_checked"":829440}"
    105472,         0,         0,    4.28,standalone_exact_mw,b0cacb7fc707c2734ebeeceefd47b6bd6784bf6b65d0613559eb8dd3ed8bcfbc,"{""distance"":7,""physical_error_rate"":0.0005}","{""detection_events"":167428,""detectors_checked"":85432320}"
      1024,         0,         0,   0.127,standalone_exact_mw,20c8daca17953576b13a32f59e5f9cb54485b277119f4e6925e9023b8dd1f351,"{""distance"":7,""physical_error_rate"":0.002}","{""detection_events"":6340,""detectors_checked"":829440}"
     11264,         0,         0,   0.836,standalone_exact_mw,b0cacb7fc707c2734ebeeceefd47b6bd6784bf6b65d0613559eb8dd3ed8bcfbc,"{""distance"":7,""physical_error_rate"":0.0005}","{""detection_events"":18143,""detectors_checked"":9123840}"
     20480,         0,         0,    1.60,standalone_exact_mw,3f3e41bc6b36ed0cfc2fad9d3557a7870f4e21d551182548e920bf13e0232e34,"{""distance"":7,""physical_error_rate"":0.005}","{""detection_events"":314320,""detectors_checked"":16588800}"
      2048,         0,         0,   0.260,standalone_exact_mw,20c8daca17953576b13a32f59e5f9cb54485b277119f4e6925e9023b8dd1f351,"{""distance"":7,""physical_error_rate"":0.002}","{""detection_events"":12896,""detectors_checked"":1658880}"
      2048,         0,         0,   0.267,standalone_exact_mw,20c8daca17953576b13a32f59e5f9cb54485b277119f4e6925e9023b8dd1f351,"{""distance"":7,""physical_error_rate"":0.002}","{""detection_events"":12914,""detectors_checked"":1658880}"
     46080,         0,         0,    5.99,standalone_exact_mw,3f3e41bc6b36ed0cfc2fad9d3557a7870f4e21d551182548e920bf13e0232e34,"{""distance"":7,""physical_error_rate"":0.005}","{""detection_events"":709443,""detectors_checked"":37324800}"
      4096,         0,         0,   0.355,standalone_exact_mw,20c8daca17953576b13a32f59e5f9cb54485b277119f4e6925e9023b8dd1f351,"{""distance"":7,""physical_error_rate"":0.002}","{""detection_events"":25725,""detectors_checked"":3317760}"
     12288,         0,         0,    1.13,standalone_exact_mw,b0cacb7fc707c2734ebeeceefd47b6bd6784bf6b65d0613559eb8dd3ed8bcfbc,"{""distance"":7,""physical_error_rate"":0.0005}","{""detection_events"":19568,""detectors_checked"":9953280}"
      5120,         0,         0,   0.462,standalone_exact_mw,20c8daca17953576b13a32f59e5f9cb54485b277119f4e6925e9023b8dd1f351,"{""distance"":7,""physical_error_rate"":0.002}","{""detection_events"":32048,""detectors_checked"":4147200}"
    248832,         0,         0,    8.36,standalone_exact_mw,8e8e16d7b7d10172304dc167922b352ab88e75bca590a4202cfa41b2b9ea2794,"{""distance"":7,""physical_error_rate"":0.0002}","{""detection_events"":158543,""detectors_checked"":201553920}"
    109568,         0,         0,    5.99,standalone_exact_mw,c63d9dbf283cbe8d7d2c9891770aca900c170ab5c3de0408fa399997170cec3d,"{""distance"":7,""physical_error_rate"":0.001}","{""detection_events"":345084,""detectors_checked"":88750080}"
     48128,         0,         0,    5.97,standalone_exact_mw,20c8daca17953576b13a32f59e5f9cb54485b277119f4e6925e9023b8dd1f351,"{""distance"":7,""physical_error_rate"":0.002}","{""detection_events"":303976,""detectors_checked"":38983680}"
      7168,         0,         0,   0.624,standalone_exact_mw,20c8daca17953576b13a32f59e5f9cb54485b277119f4e6925e9023b8dd1f351,"{""distance"":7,""physical_error_rate"":0.002}","{""detection_events"":44743,""detectors_checked"":5806080}"
     35840,         0,         0,    4.28,standalone_exact_mw,3f3e41bc6b36ed0cfc2fad9d3557a7870f4e21d551182548e920bf13e0232e34,"{""distance"":7,""physical_error_rate"":0.005}","{""detection_events"":550899,""detectors_checked"":29030400}"
     28672,         0,         0,    2.25,standalone_exact_mw,3f3e41bc6b36ed0cfc2fad9d3557a7870f4e21d551182548e920bf13e0232e34,"{""distance"":7,""physical_error_rate"":0.005}","{""detection_events"":441070,""detectors_checked"":23224320}"
     37888,         0,         0,    6.00,standalone_exact_mw,3f3e41bc6b36ed0cfc2fad9d3557a7870f4e21d551182548e920bf13e0232e34,"{""distance"":7,""physical_error_rate"":0.005}","{""detection_events"":582343,""detectors_checked"":30689280}"
    120832,         0,         0,    8.42,standalone_exact_mw,20c8daca17953576b13a32f59e5f9cb54485b277119f4e6925e9023b8dd1f351,"{""distance"":7,""physical_error_rate"":0.002}","{""detection_events"":758015,""detectors_checked"":97873920}"
     13312,         0,         0,    1.64,standalone_exact_mw,b0cacb7fc707c2734ebeeceefd47b6bd6784bf6b65d0613559eb8dd3ed8bcfbc,"{""distance"":7,""physical_error_rate"":0.0005}","{""detection_events"":21266,""detectors_checked"":10782720}"
      7168,         0,         0,   0.845,standalone_exact_mw,20c8daca17953576b13a32f59e5f9cb54485b277119f4e6925e9023b8dd1f351,"{""distance"":7,""physical_error_rate"":0.002}","{""detection_events"":44808,""detectors_checked"":5806080}"
     46080,         0,         0,    5.99,standalone_exact_mw,20c8daca17953576b13a32f59e5f9cb54485b277119f4e6925e9023b8dd1f351,"{""distance"":7,""physical_error_rate"":0.002}","{""detection_events"":288665,""detectors_checked"":37324800}"
    123904,         0,         0,    5.99,standalone_exact_mw,c63d9dbf283cbe8d7d2c9891770aca900c170ab5c3de0408fa399997170cec3d,"{""distance"":7,""physical_error_rate"":0.001}","{""detection_events"":390272,""detectors_checked"":100362240}"
    224256,         0,         0,    8.36,standalone_exact_mw,b0cacb7fc707c2734ebeeceefd47b6bd6784bf6b65d0613559eb8dd3ed8bcfbc,"{""distance"":7,""physical_error_rate"":0.0005}","{""detection_events"":355060,""detectors_checked"":181647360}"
    364544,         0,         0,    23.0,standalone_exact_mw,20c8daca17953576b13a32f59e5f9cb54485b277119f4e6925e9023b8dd1f351,"{""distance"":7,""physical_error_rate"":0.002}","{""detection_events"":2284669,""detectors_checked"":295280640}"
    161792,         0,         0,    8.40,standalone_exact_mw,b0cacb7fc707c2734ebeeceefd47b6bd6784bf6b65d0613559eb8dd3ed8bcfbc,"{""distance"":7,""physical_error_rate"":0.0005}","{""detection_events"":255432,""detectors_checked"":131051520}"
     14336,         0,         0,    1.23,standalone_exact_mw,20c8daca17953576b13a32f59e5f9cb54485b277119f4e6925e9023b8dd1f351,"{""distance"":7,""physical_error_rate"":0.002}","{""detection_events"":89547,""detectors_checked"":11612160}"
     82944,         1,         0,    8.46,standalone_exact_mw,3f3e41bc6b36ed0cfc2fad9d3557a7870f4e21d551182548e920bf13e0232e34,"{""distance"":7,""physical_error_rate"":0.005}","{""detection_events"":1278266,""detectors_checked"":67184640,""obs_mistake_mask=E"":1}"
     14336,         0,         0,    2.22,standalone_exact_mw,b0cacb7fc707c2734ebeeceefd47b6bd6784bf6b65d0613559eb8dd3ed8bcfbc,"{""distance"":7,""physical_error_rate"":0.0005}","{""detection_events"":22298,""detectors_checked"":11612160}"
     39936,         0,         0,    3.11,standalone_exact_mw,3f3e41bc6b36ed0cfc2fad9d3557a7870f4e21d551182548e920bf13e0232e34,"{""distance"":7,""physical_error_rate"":0.005}","{""detection_events"":614676,""detectors_checked"":32348160}"
     98304,         0,         0,    6.03,standalone_exact_mw,20c8daca17953576b13a32f59e5f9cb54485b277119f4e6925e9023b8dd1f351,"{""distance"":7,""physical_error_rate"":0.002}","{""detection_events"":615479,""detectors_checked"":79626240}"
     14336,         0,         0,    1.61,standalone_exact_mw,20c8daca17953576b13a32f59e5f9cb54485b277119f4e6925e9023b8dd1f351,"{""distance"":7,""physical_error_rate"":0.002}","{""detection_events"":89960,""detectors_checked"":11612160}"
    168960,         0,         0,    5.97,standalone_exact_mw,b0cacb7fc707c2734ebeeceefd47b6bd6784bf6b65d0613559eb8dd3ed8bcfbc,"{""distance"":7,""physical_error_rate"":0.0005}","{""detection_events"":265886,""detectors_checked"":136857600}"
    313344,         0,         0,    8.36,standalone_exact_mw,8e8e16d7b7d10172304dc167922b352ab88e75bca590a4202cfa41b2b9ea2794,"{""distance"":7,""physical_error_rate"":0.0002}","{""detection_events"":198164,""detectors_checked"":253808640}"
    224256,         0,         0,    11.7,standalone_exact_mw,c63d9dbf283cbe8d7d2c9891770aca900c170ab5c3de0408fa399997170cec3d,"{""distance"":7,""physical_error_rate"":0.001}","{""detection_events"":707785,""detectors_checked"":181647360}"
     29696,         0,         0,    2.19,standalone_exact_mw,20c8daca17953576b13a32f59e5f9cb54485b277119f4e6925e9023b8dd1f351,"{""distance"":7,""physical_error_rate"":0.002}","{""detection_events"":186307,""detectors_checked"":24053760}"
     55296,         1,         0,    8.46,standalone_exact_mw,a9d9675b1321ece7cfc097fb15bc34ed24757e8c4c3c164f9c59c08d4efd1ba2,"{""distance"":7,""physical_error_rate"":0.01}","{""detection_events"":1652295,""detectors_checked"":44789760,""obs_mistake_mask=E"":1}"
     77824,         8,         0,    11.8,standalone_exact_mw,a9d9675b1321ece7cfc097fb15bc34ed24757e8c4c3c164f9c59c08d4efd1ba2,"{""distance"":7,""physical_error_rate"":0.01}","{""detection_events"":2324820,""detectors_checked"":63037440,""obs_mistake_mask=E"":8}"
     17408,         0,         0,    3.22,standalone_exact_mw,b0cacb7fc707c2734ebeeceefd47b6bd6784bf6b65d0613559eb8dd3ed8bcfbc,"{""distance"":7,""physical_error_rate"":0.0005}","{""detection_events"":27471,""detectors_checked"":14100480}"
    353280,        29,         0,    32.1,standalone_exact_mw,a9d9675b1321ece7cfc097fb15bc34ed24757e8c4c3c164f9c59c08d4efd1ba2,"{""distance"":7,""physical_error_rate"":0.01}","{""detection_events"":10569630,""detectors_checked"":286156800,""obs_mistake_mask=E"":29}"
     56320,         1,         0,    6.14,standalone_exact_mw,3f3e41bc6b36ed0cfc2fad9d3557a7870f4e21d551182548e920bf13e0232e34,"{""distance"":7,""physical_error_rate"":0.005}","{""detection_events"":865179,""detectors_checked"":45619200,""obs_mistake_mask=E"":1}"
         1,         0,         0,   0.026,standalone_exact_mw,a9d9675b1321ece7cfc097fb15bc34ed24757e8c4c3c164f9c59c08d4efd1ba2,"{""distance"":7,""physical_error_rate"":0.01}","{""detection_events"":21,""detectors_checked"":810}"
       272,         0,         0,   0.048,standalone_exact_mw,a9d9675b1321ece7cfc097fb15bc34ed24757e8c4c3c164f9c59c08d4efd1ba2,"{""distance"":7,""physical_error_rate"":0.01}","{""detection_events"":8008,""detectors_checked"":220320}"
      1024,         1,         0,   0.179,standalone_exact_mw,a9d9675b1321ece7cfc097fb15bc34ed24757e8c4c3c164f9c59c08d4efd1ba2,"{""distance"":7,""physical_error_rate"":0.01}","{""detection_events"":30499,""detectors_checked"":829440,""obs_mistake_mask=E"":1}"
      1024,         0,         0,   0.186,standalone_exact_mw,a9d9675b1321ece7cfc097fb15bc34ed24757e8c4c3c164f9c59c08d4efd1ba2,"{""distance"":7,""physical_error_rate"":0.01}","{""detection_events"":30885,""detectors_checked"":829440}"
     59392,         0,         0,    8.42,standalone_exact_mw,3f3e41bc6b36ed0cfc2fad9d3557a7870f4e21d551182548e920bf13e0232e34,"{""distance"":7,""physical_error_rate"":0.005}","{""detection_events"":912491,""detectors_checked"":48107520}"
      1024,         0,         0,   0.198,standalone_exact_mw,a9d9675b1321ece7cfc097fb15bc34ed24757e8c4c3c164f9c59c08d4efd1ba2,"{""distance"":7,""physical_error_rate"":0.01}","{""detection_events"":30731,""detectors_checked"":829440}"
    375808,         0,         0,    11.7,standalone_exact_mw,8e8e16d7b7d10172304dc167922b352ab88e75bca590a4202cfa41b2b9ea2794,"{""distance"":7,""physical_error_rate"":0.0002}","{""detection_events"":237265,""detectors_checked"":304404480}"
      1024,         0,         0,   0.185,standalone_exact_mw,a9d9675b1321ece7cfc097fb15bc34ed24757e8c4c3c164f9c59c08d4efd1ba2,"{""distance"":7,""physical_error_rate"":0.01}","{""detection_events"":30603,""detectors_checked"":829440}"
    417792,         3,         0,    32.2,standalone_exact_mw,3f3e41bc6b36ed0cfc2fad9d3557a7870f4e21d551182548e920bf13e0232e34,"{""distance"":7,""physical_error_rate"":0.005}","{""detection_events"":6426804,""detectors_checked"":338411520,""obs_mistake_mask=E"":3}"
      1024,         0,         0,   0.186,standalone_exact_mw,a9d9675b1321ece7cfc097fb15bc34ed24757e8c4c3c164f9c59c08d4efd1ba2,"{""distance"":7,""physical_error_rate"":0.01}","{""detection_events"":31185,""detectors_checked"":829440}"
     55296,         0,         0,    4.30,standalone_exact_mw,3f3e41bc6b36ed0cfc2fad9d3557a7870f4e21d551182548e920bf13e0232e34,"{""distance"":7,""physical_error_rate"":0.005}","{""detection_events"":851109,""detectors_checked"":44789760}"
      1024,         0,         0,   0.198,standalone_exact_mw,a9d9675b1321ece7cfc097fb15bc34ed24757e8c4c3c164f9c59c08d4efd1ba2,"{""distance"":7,""physical_error_rate"":0.01}","{""detection_events"":30805,""detectors_checked"":829440}"
      1024,         0,         0,   0.185,standalone_exact_mw,a9d9675b1321ece7cfc097fb15bc34ed24757e8c4c3c164f9c59c08d4efd1ba2,"{""distance"":7,""physical_error_rate"":0.01}","{""detection_events"":30256,""detectors_checked"":829440}"
    177152,         0,         0,    8.41,standalone_exact_mw,c63d9dbf283cbe8d7d2c9891770aca900c170ab5c3de0408fa399997170cec3d,"{""distance"":7,""physical_error_rate"":0.001}","{""detection_events"":557925,""detectors_checked"":143493120}"
     67584,         0,         0,    8.40,standalone_exact_mw,20c8daca17953576b13a32f59e5f9cb54485b277119f4e6925e9023b8dd1f351,"{""distance"":7,""physical_error_rate"":0.002}","{""detection_events"":424371,""detectors_checked"":54743040}"
      2048,         0,         0,   0.406,standalone_exact_mw,a9d9675b1321ece7cfc097fb15bc34ed24757e8c4c3c164f9c59c08d4efd1ba2,"{""distance"":7,""physical_error_rate"":0.01}","{""detection_events"":61013,""detectors_checked"":1658880}"
     53248,         0,         0,    8.50,standalone_exact_mw,3f3e41bc6b36ed0cfc2fad9d3557a7870f4e21d551182548e920bf13e0232e34,"{""distance"":7,""physical_error_rate"":0.005}","{""detection_events"":821254,""detectors_checked"":43130880}"
      2048,         0,         0,   0.424,standalone_exact_mw,a9d9675b1321ece7cfc097fb15bc34ed24757e8c4c3c164f9c59c08d4efd1ba2,"{""distance"":7,""physical_error_rate"":0.01}","{""detection_events"":61145,""detectors_checked"":1658880}"
     38912,         0,         0,    3.20,standalone_exact_mw,20c8daca17953576b13a32f59e5f9cb54485b277119f4e6925e9023b8dd1f351,"{""distance"":7,""physical_error_rate"":0.002}","{""detection_events"":243691,""detectors_checked"":31518720}"
      3072,         0,         0,   0.571,standalone_exact_mw,a9d9675b1321ece7cfc097fb15bc34ed24757e8c4c3c164f9c59c08d4efd1ba2,"{""distance"":7,""physical_error_rate"":0.01}","{""detection_events"":91328,""detectors_checked"":2488320}"
     71680,         0,         0,    8.38,standalone_exact_mw,20c8daca17953576b13a32f59e5f9cb54485b277119f4e6925e9023b8dd1f351,"{""distance"":7,""physical_error_rate"":0.002}","{""detection_events"":448909,""detectors_checked"":58060800}"
    136192,         0,         0,    8.40,standalone_exact_mw,c63d9dbf283cbe8d7d2c9891770aca900c170ab5c3de0408fa399997170cec3d,"{""distance"":7,""physical_error_rate"":0.001}","{""detection_events"":429248,""detectors_checked"":110315520}"
      3072,         0,         0,   0.638,standalone_exact_mw,a9d9675b1321ece7cfc097fb15bc34ed24757e8c4c3c164f9c59c08d4efd1ba2,"{""distance"":7,""physical_error_rate"":0.01}","{""detection_events"":92114,""detectors_checked"":2488320}"
     28672,         0,         0,    4.30,standalone_exact_mw,b0cacb7fc707c2734ebeeceefd47b6bd6784bf6b65d0613559eb8dd3ed8bcfbc,"{""distance"":7,""physical_error_rate"":0.0005}","{""detection_events"":45544,""detectors_checked"":23224320}"
       273,         0,         0,   0.028,standalone_exact_mw,c63d9dbf283cbe8d7d2c9891770aca900c170ab5c3de0408fa399997170cec3d,"{""distance"":7,""physical_error_rate"":0.001}","{""detection_events"":854,""detectors_checked"":221130}"
        17,         0,         0,   0.013,standalone_exact_mw,a9d9675b1321ece7cfc097fb15bc34ed24757e8c4c3c164f9c59c08d4efd1ba2,"{""distance"":7,""physical_error_rate"":0.01}","{""detection_events"":531,""detectors_checked"":13770}"
       256,         0,         0,   0.045,standalone_exact_mw,a9d9675b1321ece7cfc097fb15bc34ed24757e8c4c3c164f9c59c08d4efd1ba2,"{""distance"":7,""physical_error_rate"":0.01}","{""detection_events"":8010,""detectors_checked"":207360}"
      1024,         0,         0,   0.090,standalone_exact_mw,c63d9dbf283cbe8d7d2c9891770aca900c170ab5c3de0408fa399997170cec3d,"{""distance"":7,""physical_error_rate"":0.001}","{""detection_events"":3269,""detectors_checked"":829440}"
      4096,         0,         0,   0.827,standalone_exact_mw,a9d9675b1321ece7cfc097fb15bc34ed24757e8c4c3c164f9c59c08d4efd1ba2,"{""distance"":7,""physical_error_rate"":0.01}","{""detection_events"":122625,""detectors_checked"":3317760}"
      1024,         0,         0,   0.105,standalone_exact_mw,c63d9dbf283cbe8d7d2c9891770aca900c170ab5c3de0408fa399997170cec3d,"{""distance"":7,""physical_error_rate"":0.001}","{""detection_events"":3397,""detectors_checked"":829440}"
      1024,         0,         0,   0.197,standalone_exact_mw,a9d9675b1321ece7cfc097fb15bc34ed24757e8c4c3c164f9c59c08d4efd1ba2,"{""distance"":7,""physical_error_rate"":0.01}","{""detection_events"":30215,""detectors_checked"":829440}"
      1024,         0,         0,   0.091,standalone_exact_mw,c63d9dbf283cbe8d7d2c9891770aca900c170ab5c3de0408fa399997170cec3d,"{""distance"":7,""physical_error_rate"":0.001}","{""detection_events"":3417,""detectors_checked"":829440}"
      1024,         0,         0,   0.090,standalone_exact_mw,c63d9dbf283cbe8d7d2c9891770aca900c170ab5c3de0408fa399997170cec3d,"{""distance"":7,""physical_error_rate"":0.001}","{""detection_events"":3240,""detectors_checked"":829440}"
         1,         0,         0,   0.017,standalone_exact_mw,c63d9dbf283cbe8d7d2c9891770aca900c170ab5c3de0408fa399997170cec3d,"{""distance"":7,""physical_error_rate"":0.001}","{""detection_events"":3,""detectors_checked"":810}"
      1024,         0,         0,   0.187,standalone_exact_mw,a9d9675b1321ece7cfc097fb15bc34ed24757e8c4c3c164f9c59c08d4efd1ba2,"{""distance"":7,""physical_error_rate"":0.01}","{""detection_events"":30632,""detectors_checked"":829440}"
       272,         0,         0,   0.026,standalone_exact_mw,c63d9dbf283cbe8d7d2c9891770aca900c170ab5c3de0408fa399997170cec3d,"{""distance"":7,""physical_error_rate"":0.001}","{""detection_events"":864,""detectors_checked"":220320}"
      1024,         0,         0,   0.103,standalone_exact_mw,c63d9dbf283cbe8d7d2c9891770aca900c170ab5c3de0408fa399997170cec3d,"{""distance"":7,""physical_error_rate"":0.001}","{""detection_events"":3257,""detectors_checked"":829440}"
      1024,         0,         0,   0.091,standalone_exact_mw,c63d9dbf283cbe8d7d2c9891770aca900c170ab5c3de0408fa399997170cec3d,"{""distance"":7,""physical_error_rate"":0.001}","{""detection_events"":3321,""detectors_checked"":829440}"
    402432,         0,         0,    11.7,standalone_exact_mw,8e8e16d7b7d10172304dc167922b352ab88e75bca590a4202cfa41b2b9ea2794,"{""distance"":7,""physical_error_rate"":0.0002}","{""detection_events"":257009,""detectors_checked"":325969920}"
      1024,         0,         0,   0.050,standalone_exact_mw,c63d9dbf283cbe8d7d2c9891770aca900c170ab5c3de0408fa399997170cec3d,"{""distance"":7,""physical_error_rate"":0.001}","{""detection_events"":3302,""detectors_checked"":829440}"
      1024,         0,         0,   0.102,standalone_exact_mw,c63d9dbf283cbe8d7d2c9891770aca900c170ab5c3de0408fa399997170cec3d,"{""distance"":7,""physical_error_rate"":0.001}","{""detection_events"":3215,""detectors_checked"":829440}"
      1024,         0,         0,   0.198,standalone_exact_mw,a9d9675b1321ece7cfc097fb15bc34ed24757e8c4c3c164f9c59c08d4efd1ba2,"{""distance"":7,""physical_error_rate"":0.01}","{""detection_events"":31130,""detectors_checked"":829440}"
      1024,         0,         0,   0.050,standalone_exact_mw,c63d9dbf283cbe8d7d2c9891770aca900c170ab5c3de0408fa399997170cec3d,"{""distance"":7,""physical_error_rate"":0.001}","{""detection_events"":3264,""detectors_checked"":829440}"
      2048,         0,         0,   0.097,standalone_exact_mw,c63d9dbf283cbe8d7d2c9891770aca900c170ab5c3de0408fa399997170cec3d,"{""distance"":7,""physical_error_rate"":0.001}","{""detection_events"":6365,""detectors_checked"":1658880}"
      2048,         0,         0,   0.205,standalone_exact_mw,c63d9dbf283cbe8d7d2c9891770aca900c170ab5c3de0408fa399997170cec3d,"{""distance"":7,""physical_error_rate"":0.001}","{""detection_events"":6522,""detectors_checked"":1658880}"
      1024,         0,         0,   0.186,standalone_exact_mw,a9d9675b1321ece7cfc097fb15bc34ed24757e8c4c3c164f9c59c08d4efd1ba2,"{""distance"":7,""physical_error_rate"":0.01}","{""detection_events"":30130,""detectors_checked"":829440}"
    172032,         0,         0,    16.4,standalone_exact_mw,c63d9dbf283cbe8d7d2c9891770aca900c170ab5c3de0408fa399997170cec3d,"{""distance"":7,""physical_error_rate"":0.001}","{""detection_events"":541925,""detectors_checked"":139345920}"
      2048,         0,         0,   0.145,standalone_exact_mw,c63d9dbf283cbe8d7d2c9891770aca900c170ab5c3de0408fa399997170cec3d,"{""distance"":7,""physical_error_rate"":0.001}","{""detection_events"":6553,""detectors_checked"":1658880}"
      1024,         0,         0,   0.188,standalone_exact_mw,a9d9675b1321ece7cfc097fb15bc34ed24757e8c4c3c164f9c59c08d4efd1ba2,"{""distance"":7,""physical_error_rate"":0.01}","{""detection_events"":30747,""detectors_checked"":829440}"
      2048,         0,         0,   0.193,standalone_exact_mw,c63d9dbf283cbe8d7d2c9891770aca900c170ab5c3de0408fa399997170cec3d,"{""distance"":7,""physical_error_rate"":0.001}","{""detection_events"":6521,""detectors_checked"":1658880}"
    135168,         0,         0,    8.37,standalone_exact_mw,20c8daca17953576b13a32f59e5f9cb54485b277119f4e6925e9023b8dd1f351,"{""distance"":7,""physical_error_rate"":0.002}","{""detection_events"":848104,""detectors_checked"":109486080}"
      2048,         0,         0,   0.158,standalone_exact_mw,c63d9dbf283cbe8d7d2c9891770aca900c170ab5c3de0408fa399997170cec3d,"{""distance"":7,""physical_error_rate"":0.001}","{""detection_events"":6353,""detectors_checked"":1658880}"
      1024,         0,         0,   0.184,standalone_exact_mw,a9d9675b1321ece7cfc097fb15bc34ed24757e8c4c3c164f9c59c08d4efd1ba2,"{""distance"":7,""physical_error_rate"":0.01}","{""detection_events"":30477,""detectors_checked"":829440}"
      3072,         0,         0,   0.147,standalone_exact_mw,c63d9dbf283cbe8d7d2c9891770aca900c170ab5c3de0408fa399997170cec3d,"{""distance"":7,""physical_error_rate"":0.001}","{""detection_events"":9508,""detectors_checked"":2488320}"
      6144,         0,         0,    1.12,standalone_exact_mw,a9d9675b1321ece7cfc097fb15bc34ed24757e8c4c3c164f9c59c08d4efd1ba2,"{""distance"":7,""physical_error_rate"":0.01}","{""detection_events"":183830,""detectors_checked"":4976640}"
      3072,         0,         0,   0.305,standalone_exact_mw,c63d9dbf283cbe8d7d2c9891770aca900c170ab5c3de0408fa399997170cec3d,"{""distance"":7,""physical_error_rate"":0.001}","{""detection_events"":9722,""detectors_checked"":2488320}"
      1024,         0,         0,   0.197,standalone_exact_mw,a9d9675b1321ece7cfc097fb15bc34ed24757e8c4c3c164f9c59c08d4efd1ba2,"{""distance"":7,""physical_error_rate"":0.01}","{""detection_events"":30353,""detectors_checked"":829440}"
    230400,         0,         0,    8.38,standalone_exact_mw,b0cacb7fc707c2734ebeeceefd47b6bd6784bf6b65d0613559eb8dd3ed8bcfbc,"{""distance"":7,""physical_error_rate"":0.0005}","{""detection_events"":363209,""detectors_checked"":186624000}"
      5120,         0,         0,   0.270,standalone_exact_mw,c63d9dbf283cbe8d7d2c9891770aca900c170ab5c3de0408fa399997170cec3d,"{""distance"":7,""physical_error_rate"":0.001}","{""detection_events"":16436,""detectors_checked"":4147200}"
    163840,         0,         0,    11.8,standalone_exact_mw,20c8daca17953576b13a32f59e5f9cb54485b277119f4e6925e9023b8dd1f351,"{""distance"":7,""physical_error_rate"":0.002}","{""detection_events"":1029606,""detectors_checked"":132710400}"
      3072,         0,         0,   0.306,standalone_exact_mw,c63d9dbf283cbe8d7d2c9891770aca900c170ab5c3de0408fa399997170cec3d,"{""distance"":7,""physical_error_rate"":0.001}","{""detection_events"":9486,""detectors_checked"":2488320}"
      3072,         0,         0,   0.301,standalone_exact_mw,c63d9dbf283cbe8d7d2c9891770aca900c170ab5c3de0408fa399997170cec3d,"{""distance"":7,""physical_error_rate"":0.001}","{""detection_events"":9727,""detectors_checked"":2488320}"
      2048,         0,         0,   0.385,standalone_exact_mw,a9d9675b1321ece7cfc097fb15bc34ed24757e8c4c3c164f9c59c08d4efd1ba2,"{""distance"":7,""physical_error_rate"":0.01}","{""detection_events"":61409,""detectors_checked"":1658880}"
      5120,         0,         0,   0.499,standalone_exact_mw,c63d9dbf283cbe8d7d2c9891770aca900c170ab5c3de0408fa399997170cec3d,"{""distance"":7,""physical_error_rate"":0.001}","{""detection_events"":16138,""detectors_checked"":4147200}"
      2048,         0,         0,   0.383,standalone_exact_mw,a9d9675b1321ece7cfc097fb15bc34ed24757e8c4c3c164f9c59c08d4efd1ba2,"{""distance"":7,""physical_error_rate"":0.01}","{""detection_events"":61161,""detectors_checked"":1658880}"
      6144,         0,         0,   0.432,standalone_exact_mw,c63d9dbf283cbe8d7d2c9891770aca900c170ab5c3de0408fa399997170cec3d,"{""distance"":7,""physical_error_rate"":0.001}","{""detection_events"":19282,""detectors_checked"":4976640}"
    331776,         0,         0,    11.7,standalone_exact_mw,b0cacb7fc707c2734ebeeceefd47b6bd6784bf6b65d0613559eb8dd3ed8bcfbc,"{""distance"":7,""physical_error_rate"":0.0005}","{""detection_events"":525398,""detectors_checked"":268738560}"
     34816,         0,         0,    4.48,standalone_exact_mw,20c8daca17953576b13a32f59e5f9cb54485b277119f4e6925e9023b8dd1f351,"{""distance"":7,""physical_error_rate"":0.002}","{""detection_events"":217776,""detectors_checked"":28200960}"
      6144,         0,         0,   0.614,standalone_exact_mw,c63d9dbf283cbe8d7d2c9891770aca900c170ab5c3de0408fa399997170cec3d,"{""distance"":7,""physical_error_rate"":0.001}","{""detection_events"":19042,""detectors_checked"":4976640}"
      3072,         0,         0,   0.581,standalone_exact_mw,a9d9675b1321ece7cfc097fb15bc34ed24757e8c4c3c164f9c59c08d4efd1ba2,"{""distance"":7,""physical_error_rate"":0.01}","{""detection_events"":92108,""detectors_checked"":2488320}"
    260096,         0,         0,    11.7,standalone_exact_mw,b0cacb7fc707c2734ebeeceefd47b6bd6784bf6b65d0613559eb8dd3ed8bcfbc,"{""distance"":7,""physical_error_rate"":0.0005}","{""detection_events"":410978,""detectors_checked"":210677760}"
      8192,         0,         0,   0.568,standalone_exact_mw,c63d9dbf283cbe8d7d2c9891770aca900c170ab5c3de0408fa399997170cec3d,"{""distance"":7,""physical_error_rate"":0.001}","{""detection_events"":26122,""detectors_checked"":6635520}"
     76800,         0,         0,    5.97,standalone_exact_mw,3f3e41bc6b36ed0cfc2fad9d3557a7870f4e21d551182548e920bf13e0232e34,"{""distance"":7,""physical_error_rate"":0.005}","{""detection_events"":1184623,""detectors_checked"":62208000}"
      9216,         3,         0,    1.69,standalone_exact_mw,a9d9675b1321ece7cfc097fb15bc34ed24757e8c4c3c164f9c59c08d4efd1ba2,"{""distance"":7,""physical_error_rate"":0.01}","{""detection_events"":278097,""detectors_checked"":7464960,""obs_mistake_mask=E"":3}"
      3072,         1,         0,   0.572,standalone_exact_mw,a9d9675b1321ece7cfc097fb15bc34ed24757e8c4c3c164f9c59c08d4efd1ba2,"{""distance"":7,""physical_error_rate"":0.01}","{""detection_events"":92082,""detectors_checked"":2488320,""obs_mistake_mask=E"":1}"
      8192,         0,         0,   0.810,standalone_exact_mw,c63d9dbf283cbe8d7d2c9891770aca900c170ab5c3de0408fa399997170cec3d,"{""distance"":7,""physical_error_rate"":0.001}","{""detection_events"":25676,""detectors_checked"":6635520}"
     16384,         0,         0,   0.829,standalone_exact_mw,c63d9dbf283cbe8d7d2c9891770aca900c170ab5c3de0408fa399997170cec3d,"{""distance"":7,""physical_error_rate"":0.001}","{""detection_events"":51209,""detectors_checked"":13271040}"
    111616,         0,         0,    11.8,standalone_exact_mw,3f3e41bc6b36ed0cfc2fad9d3557a7870f4e21d551182548e920bf13e0232e34,"{""distance"":7,""physical_error_rate"":0.005}","{""detection_events"":1718599,""detectors_checked"":90408960}"
     61440,         2,         0,    8.38,standalone_exact_mw,3f3e41bc6b36ed0cfc2fad9d3557a7870f4e21d551182548e920bf13e0232e34,"{""distance"":7,""physical_error_rate"":0.005}","{""detection_events"":945085,""detectors_checked"":49766400,""obs_mistake_mask=E"":2}"
      5120,         0,         0,   0.956,standalone_exact_mw,a9d9675b1321ece7cfc097fb15bc34ed24757e8c4c3c164f9c59c08d4efd1ba2,"{""distance"":7,""physical_error_rate"":0.01}","{""detection_events"":153192,""detectors_checked"":4147200}"
     11264,         0,         0,    1.11,standalone_exact_mw,c63d9dbf283cbe8d7d2c9891770aca900c170ab5c3de0408fa399997170cec3d,"{""distance"":7,""physical_error_rate"":0.001}","{""detection_events"":35131,""detectors_checked"":9123840}"
     16384,         0,         0,    1.16,standalone_exact_mw,c63d9dbf283cbe8d7d2c9891770aca900c170ab5c3de0408fa399997170cec3d,"{""distance"":7,""physical_error_rate"":0.001}","{""detection_events"":51658,""detectors_checked"":13271040}"
     16384,         0,         0,    2.34,standalone_exact_mw,a9d9675b1321ece7cfc097fb15bc34ed24757e8c4c3c164f9c59c08d4efd1ba2,"{""distance"":7,""physical_error_rate"":0.01}","{""detection_events"":491713,""detectors_checked"":13271040}"
      6144,         0,         0,    1.15,standalone_exact_mw,a9d9675b1321ece7cfc097fb15bc34ed24757e8c4c3c164f9c59c08d4efd1ba2,"{""distance"":7,""physical_error_rate"":0.01}","{""detection_events"":183677,""detectors_checked"":4976640}"
     39936,         0,         0,    6.02,standalone_exact_mw,b0cacb7fc707c2734ebeeceefd47b6bd6784bf6b65d0613559eb8dd3ed8bcfbc,"{""distance"":7,""physical_error_rate"":0.0005}","{""detection_events"":63515,""detectors_checked"":32348160}"
     16384,         0,         0,    1.65,standalone_exact_mw,c63d9dbf283cbe8d7d2c9891770aca900c170ab5c3de0408fa399997170cec3d,"{""distance"":7,""physical_error_rate"":0.001}","{""detection_events"":51611,""detectors_checked"":13271040}"
     20480,         0,         0,    1.67,standalone_exact_mw,c63d9dbf283cbe8d7d2c9891770aca900c170ab5c3de0408fa399997170cec3d,"{""distance"":7,""physical_error_rate"":0.001}","{""detection_events"":64444,""detectors_checked"":16588800}"
    427008,         0,         0,    11.7,standalone_exact_mw,8e8e16d7b7d10172304dc167922b352ab88e75bca590a4202cfa41b2b9ea2794,"{""distance"":7,""physical_error_rate"":0.0002}","{""detection_events"":271616,""detectors_checked"":345876480}"
     77824,         6,         0,    11.7,standalone_exact_mw,a9d9675b1321ece7cfc097fb15bc34ed24757e8c4c3c164f9c59c08d4efd1ba2,"{""distance"":7,""physical_error_rate"":0.01}","{""detection_events"":2327695,""detectors_checked"":63037440,""obs_mistake_mask=E"":6}"
      9216,         0,         0,    1.75,standalone_exact_mw,a9d9675b1321ece7cfc097fb15bc34ed24757e8c4c3c164f9c59c08d4efd1ba2,"{""distance"":7,""physical_error_rate"":0.01}","{""detection_events"":275981,""detectors_checked"":7464960}"
     86016,         1,         0,    11.8,standalone_exact_mw,3f3e41bc6b36ed0cfc2fad9d3557a7870f4e21d551182548e920bf13e0232e34,"{""distance"":7,""physical_error_rate"":0.005}","{""detection_events"":1325322,""detectors_checked"":69672960,""obs_mistake_mask=E"":1}"
     17408,         2,         0,    3.04,standalone_exact_mw,a9d9675b1321ece7cfc097fb15bc34ed24757e8c4c3c164f9c59c08d4efd1ba2,"{""distance"":7,""physical_error_rate"":0.01}","{""detection_events"":521112,""detectors_checked"":14100480,""obs_mistake_mask=E"":2}"
     21504,         0,         0,    2.25,standalone_exact_mw,c63d9dbf283cbe8d7d2c9891770aca900c170ab5c3de0408fa399997170cec3d,"{""distance"":7,""physical_error_rate"":0.001}","{""detection_events"":67935,""detectors_checked"":17418240}"
     25600,         0,         0,    2.23,standalone_exact_mw,c63d9dbf283cbe8d7d2c9891770aca900c170ab5c3de0408fa399997170cec3d,"{""distance"":7,""physical_error_rate"":0.001}","{""detection_events"":80179,""detectors_checked"":20736000}"
     62464,         0,         0,    6.00,standalone_exact_mw,20c8daca17953576b13a32f59e5f9cb54485b277119f4e6925e9023b8dd1f351,"{""distance"":7,""physical_error_rate"":0.002}","{""detection_events"":390848,""detectors_checked"":50595840}"
    235520,         0,         0,    11.7,standalone_exact_mw,c63d9dbf283cbe8d7d2c9891770aca900c170ab5c3de0408fa399997170cec3d,"{""distance"":7,""physical_error_rate"":0.001}","{""detection_events"":742411,""detectors_checked"":190771200}"
     95232,         0,         0,    11.8,standalone_exact_mw,20c8daca17953576b13a32f59e5f9cb54485b277119f4e6925e9023b8dd1f351,"{""distance"":7,""physical_error_rate"":0.002}","{""detection_events"":600594,""detectors_checked"":77137920}"
     11264,         1,         0,    2.33,standalone_exact_mw,a9d9675b1321ece7cfc097fb15bc34ed24757e8c4c3c164f9c59c08d4efd1ba2,"{""distance"":7,""physical_error_rate"":0.01}","{""detection_events"":336421,""detectors_checked"":9123840,""obs_mistake_mask=E"":1}"
     92160,         0,         0,    11.8,standalone_exact_mw,3f3e41bc6b36ed0cfc2fad9d3557a7870f4e21d551182548e920bf13e0232e34,"{""distance"":7,""physical_error_rate"":0.005}","{""detection_events"":1419094,""detectors_checked"":74649600}"
    102400,         0,         0,    11.8,standalone_exact_mw,20c8daca17953576b13a32f59e5f9cb54485b277119f4e6925e9023b8dd1f351,"{""distance"":7,""physical_error_rate"":0.002}","{""detection_events"":640535,""detectors_checked"":82944000}"
    200704,         0,         0,    11.8,standalone_exact_mw,c63d9dbf283cbe8d7d2c9891770aca900c170ab5c3de0408fa399997170cec3d,"{""distance"":7,""physical_error_rate"":0.001}","{""detection_events"":631381,""detectors_checked"":162570240}"
    107520,         0,         0,    8.43,standalone_exact_mw,3f3e41bc6b36ed0cfc2fad9d3557a7870f4e21d551182548e920bf13e0232e34,"{""distance"":7,""physical_error_rate"":0.005}","{""detection_events"":1648721,""detectors_checked"":87091200}"
    336896,         0,         0,    16.4,standalone_exact_mw,c63d9dbf283cbe8d7d2c9891770aca900c170ab5c3de0408fa399997170cec3d,"{""distance"":7,""physical_error_rate"":0.001}","{""detection_events"":1062898,""detectors_checked"":272885760}"
    155648,        14,         0,    16.4,standalone_exact_mw,a9d9675b1321ece7cfc097fb15bc34ed24757e8c4c3c164f9c59c08d4efd1ba2,"{""distance"":7,""physical_error_rate"":0.01}","{""detection_events"":4654999,""detectors_checked"":126074880,""obs_mistake_mask=E"":14}"
     31744,         0,         0,    3.15,standalone_exact_mw,c63d9dbf283cbe8d7d2c9891770aca900c170ab5c3de0408fa399997170cec3d,"{""distance"":7,""physical_error_rate"":0.001}","{""detection_events"":99948,""detectors_checked"":25712640}"
     31744,         0,         0,    3.14,standalone_exact_mw,c63d9dbf283cbe8d7d2c9891770aca900c170ab5c3de0408fa399997170cec3d,"{""distance"":7,""physical_error_rate"":0.001}","{""detection_events"":99900,""detectors_checked"":25712640}"
     23552,         4,         0,    4.36,standalone_exact_mw,a9d9675b1321ece7cfc097fb15bc34ed24757e8c4c3c164f9c59c08d4efd1ba2,"{""distance"":7,""physical_error_rate"":0.01}","{""detection_events"":703725,""detectors_checked"":19077120,""obs_mistake_mask=E"":4}"
     11264,         1,         0,    3.20,standalone_exact_mw,a9d9675b1321ece7cfc097fb15bc34ed24757e8c4c3c164f9c59c08d4efd1ba2,"{""distance"":7,""physical_error_rate"":0.01}","{""detection_events"":335910,""detectors_checked"":9123840,""obs_mistake_mask=E"":1}"
    176128,         0,         0,    11.8,standalone_exact_mw,20c8daca17953576b13a32f59e5f9cb54485b277119f4e6925e9023b8dd1f351,"{""distance"":7,""physical_error_rate"":0.002}","{""detection_events"":1100751,""detectors_checked"":142663680}"
    613376,         0,         0,    16.4,standalone_exact_mw,8e8e16d7b7d10172304dc167922b352ab88e75bca590a4202cfa41b2b9ea2794,"{""distance"":7,""physical_error_rate"":0.0002}","{""detection_events"":388719,""detectors_checked"":496834560}"
    333824,         0,         0,    11.7,standalone_exact_mw,b0cacb7fc707c2734ebeeceefd47b6bd6784bf6b65d0613559eb8dd3ed8bcfbc,"{""distance"":7,""physical_error_rate"":0.0005}","{""detection_events"":526529,""detectors_checked"":270397440}"
         1,         0,         0,   0.015,standalone_exact_mw,8e8e16d7b7d10172304dc167922b352ab88e75bca590a4202cfa41b2b9ea2794,"{""distance"":7,""physical_error_rate"":0.0002}","{""detectors_checked"":810}"
      1296,         0,         0,   0.037,standalone_exact_mw,8e8e16d7b7d10172304dc167922b352ab88e75bca590a4202cfa41b2b9ea2794,"{""distance"":7,""physical_error_rate"":0.0002}","{""detection_events"":771,""detectors_checked"":1049760}"
      1024,         0,         0,   0.025,standalone_exact_mw,8e8e16d7b7d10172304dc167922b352ab88e75bca590a4202cfa41b2b9ea2794,"{""distance"":7,""physical_error_rate"":0.0002}","{""detection_events"":577,""detectors_checked"":829440}"
      2048,         0,         0,   0.050,standalone_exact_mw,8e8e16d7b7d10172304dc167922b352ab88e75bca590a4202cfa41b2b9ea2794,"{""distance"":7,""physical_error_rate"":0.0002}","{""detection_events"":1193,""detectors_checked"":1658880}"
     57344,         0,         0,    8.40,standalone_exact_mw,b0cacb7fc707c2734ebeeceefd47b6bd6784bf6b65d0613559eb8dd3ed8bcfbc,"{""distance"":7,""physical_error_rate"":0.0005}","{""detection_events"":90972,""detectors_checked"":46448640}"
      2048,         0,         0,   0.051,standalone_exact_mw,8e8e16d7b7d10172304dc167922b352ab88e75bca590a4202cfa41b2b9ea2794,"{""distance"":7,""physical_error_rate"":0.0002}","{""detection_events"":1254,""detectors_checked"":1658880}"
      3072,         0,         0,   0.077,standalone_exact_mw,8e8e16d7b7d10172304dc167922b352ab88e75bca590a4202cfa41b2b9ea2794,"{""distance"":7,""physical_error_rate"":0.0002}","{""detection_events"":1981,""detectors_checked"":2488320}"
      3072,         0,         0,   0.077,standalone_exact_mw,8e8e16d7b7d10172304dc167922b352ab88e75bca590a4202cfa41b2b9ea2794,"{""distance"":7,""physical_error_rate"":0.0002}","{""detection_events"":1961,""detectors_checked"":2488320}"
      4096,         0,         0,   0.151,standalone_exact_mw,8e8e16d7b7d10172304dc167922b352ab88e75bca590a4202cfa41b2b9ea2794,"{""distance"":7,""physical_error_rate"":0.0002}","{""detection_events"":2544,""detectors_checked"":3317760}"
      3072,         0,         0,   0.157,standalone_exact_mw,8e8e16d7b7d10172304dc167922b352ab88e75bca590a4202cfa41b2b9ea2794,"{""distance"":7,""physical_error_rate"":0.0002}","{""detection_events"":1912,""detectors_checked"":2488320}"
      4096,         0,         0,   0.213,standalone_exact_mw,8e8e16d7b7d10172304dc167922b352ab88e75bca590a4202cfa41b2b9ea2794,"{""distance"":7,""physical_error_rate"":0.0002}","{""detection_events"":2619,""detectors_checked"":3317760}"
     11264,         0,         0,   0.322,standalone_exact_mw,8e8e16d7b7d10172304dc167922b352ab88e75bca590a4202cfa41b2b9ea2794,"{""distance"":7,""physical_error_rate"":0.0002}","{""detection_events"":7156,""detectors_checked"":9123840}"
     11264,         0,         0,   0.425,standalone_exact_mw,8e8e16d7b7d10172304dc167922b352ab88e75bca590a4202cfa41b2b9ea2794,"{""distance"":7,""physical_error_rate"":0.0002}","{""detection_events"":7179,""detectors_checked"":9123840}"
     67584,         1,         0,    11.9,standalone_exact_mw,3f3e41bc6b36ed0cfc2fad9d3557a7870f4e21d551182548e920bf13e0232e34,"{""distance"":7,""physical_error_rate"":0.005}","{""detection_events"":1041739,""detectors_checked"":54743040,""obs_mistake_mask=E"":1}"
     43008,         0,         0,    4.28,standalone_exact_mw,c63d9dbf283cbe8d7d2c9891770aca900c170ab5c3de0408fa399997170cec3d,"{""distance"":7,""physical_error_rate"":0.001}","{""detection_events"":136853,""detectors_checked"":34836480}"
     41984,         0,         0,    4.30,standalone_exact_mw,c63d9dbf283cbe8d7d2c9891770aca900c170ab5c3de0408fa399997170cec3d,"{""distance"":7,""physical_error_rate"":0.001}","{""detection_events"":131755,""detectors_checked"":34007040}"
     14336,         0,         0,   0.572,standalone_exact_mw,8e8e16d7b7d10172304dc167922b352ab88e75bca590a4202cfa41b2b9ea2794,"{""distance"":7,""physical_error_rate"":0.0002}","{""detection_events"":9220,""detectors_checked"":11612160}"
     29696,         0,         0,   0.801,standalone_exact_mw,8e8e16d7b7d10172304dc167922b352ab88e75bca590a4202cfa41b2b9ea2794,"{""distance"":7,""physical_error_rate"":0.0002}","{""detection_events"":18699,""detectors_checked"":24053760}"
    394240,         0,         0,    16.3,standalone_exact_mw,8e8e16d7b7d10172304dc167922b352ab88e75bca590a4202cfa41b2b9ea2794,"{""distance"":7,""physical_error_rate"":0.0002}","{""detection_events"":250101,""detectors_checked"":319334400}"
     84992,         0,         0,    8.45,standalone_exact_mw,20c8daca17953576b13a32f59e5f9cb54485b277119f4e6925e9023b8dd1f351,"{""distance"":7,""physical_error_rate"":0.002}","{""detection_events"":533200,""detectors_checked"":68843520}"
     15360,         2,         0,    4.60,standalone_exact_mw,a9d9675b1321ece7cfc097fb15bc34ed24757e8c4c3c164f9c59c08d4efd1ba2,"{""distance"":7,""physical_error_rate"":0.01}","{""detection_events"":458225,""detectors_checked"":12441600,""obs_mistake_mask=E"":2}"
    197632,         0,         0,    16.5,standalone_exact_mw,20c8daca17953576b13a32f59e5f9cb54485b277119f4e6925e9023b8dd1f351,"{""distance"":7,""physical_error_rate"":0.002}","{""detection_events"":1239031,""detectors_checked"":160081920}"
     24576,         0,         0,    1.13,standalone_exact_mw,8e8e16d7b7d10172304dc167922b352ab88e75bca590a4202cfa41b2b9ea2794,"{""distance"":7,""physical_error_rate"":0.0002}","{""detection_events"":15440,""detectors_checked"":19906560}"
       273,         0,         0,   0.013,standalone_exact_mw,8e8e16d7b7d10172304dc167922b352ab88e75bca590a4202cfa41b2b9ea2794,"{""distance"":7,""physical_error_rate"":0.0002}","{""detection_events"":156,""detectors_checked"":221130}"
      1024,         0,         0,   0.053,standalone_exact_mw,8e8e16d7b7d10172304dc167922b352ab88e75bca590a4202cfa41b2b9ea2794,"{""distance"":7,""physical_error_rate"":0.0002}","{""detection_events"":672,""detectors_checked"":829440}"
      1024,         0,         0,   0.052,standalone_exact_mw,8e8e16d7b7d10172304dc167922b352ab88e75bca590a4202cfa41b2b9ea2794,"{""distance"":7,""physical_error_rate"":0.0002}","{""detection_events"":666,""detectors_checked"":829440}"
      1024,         0,         0,   0.053,standalone_exact_mw,8e8e16d7b7d10172304dc167922b352ab88e75bca590a4202cfa41b2b9ea2794,"{""distance"":7,""physical_error_rate"":0.0002}","{""detection_events"":718,""detectors_checked"":829440}"
      1024,         0,         0,   0.052,standalone_exact_mw,8e8e16d7b7d10172304dc167922b352ab88e75bca590a4202cfa41b2b9ea2794,"{""distance"":7,""physical_error_rate"":0.0002}","{""detection_events"":629,""detectors_checked"":829440}"
      2048,         0,         0,   0.091,standalone_exact_mw,8e8e16d7b7d10172304dc167922b352ab88e75bca590a4202cfa41b2b9ea2794,"{""distance"":7,""physical_error_rate"":0.0002}","{""detection_events"":1354,""detectors_checked"":1658880}"
     32768,         5,         0,    6.12,standalone_exact_mw,a9d9675b1321ece7cfc097fb15bc34ed24757e8c4c3c164f9c59c08d4efd1ba2,"{""distance"":7,""physical_error_rate"":0.01}","{""detection_events"":980991,""detectors_checked"":26542080,""obs_mistake_mask=E"":5}"
    473088,         0,         0,    16.4,standalone_exact_mw,b0cacb7fc707c2734ebeeceefd47b6bd6784bf6b65d0613559eb8dd3ed8bcfbc,"{""distance"":7,""physical_error_rate"":0.0005}","{""detection_events"":747782,""detectors_checked"":383201280}"
      2048,         0,         0,   0.102,standalone_exact_mw,8e8e16d7b7d10172304dc167922b352ab88e75bca590a4202cfa41b2b9ea2794,"{""distance"":7,""physical_error_rate"":0.0002}","{""detection_events"":1213,""detectors_checked"":1658880}"
      3072,         0,         0,   0.155,standalone_exact_mw,8e8e16d7b7d10172304dc167922b352ab88e75bca590a4202cfa41b2b9ea2794,"{""distance"":7,""physical_error_rate"":0.0002}","{""detection_events"":2023,""detectors_checked"":2488320}"
      3072,         0,         0,   0.160,standalone_exact_mw,8e8e16d7b7d10172304dc167922b352ab88e75bca590a4202cfa41b2b9ea2794,"{""distance"":7,""physical_error_rate"":0.0002}","{""detection_events"":1927,""detectors_checked"":2488320}"
    291840,         0,         0,    16.4,standalone_exact_mw,b0cacb7fc707c2734ebeeceefd47b6bd6784bf6b65d0613559eb8dd3ed8bcfbc,"{""distance"":7,""physical_error_rate"":0.0005}","{""detection_events"":461709,""detectors_checked"":236390400}"
      4096,         0,         0,   0.208,standalone_exact_mw,8e8e16d7b7d10172304dc167922b352ab88e75bca590a4202cfa41b2b9ea2794,"{""distance"":7,""physical_error_rate"":0.0002}","{""detection_events"":2625,""detectors_checked"":3317760}"
      6144,         0,         0,   0.331,standalone_exact_mw,8e8e16d7b7d10172304dc167922b352ab88e75bca590a4202cfa41b2b9ea2794,"{""distance"":7,""physical_error_rate"":0.0002}","{""detection_events"":3929,""detectors_checked"":4976640}"
     31744,         0,         0,    1.63,standalone_exact_mw,8e8e16d7b7d10172304dc167922b352ab88e75bca590a4202cfa41b2b9ea2794,"{""distance"":7,""physical_error_rate"":0.0002}","{""detection_events"":19971,""detectors_checked"":25712640}"
      8192,         0,         0,   0.428,standalone_exact_mw,8e8e16d7b7d10172304dc167922b352ab88e75bca590a4202cfa41b2b9ea2794,"{""distance"":7,""physical_error_rate"":0.0002}","{""detection_events"":5356,""detectors_checked"":6635520}"
    140288,         1,         0,    16.4,standalone_exact_mw,3f3e41bc6b36ed0cfc2fad9d3557a7870f4e21d551182548e920bf13e0232e34,"{""distance"":7,""physical_error_rate"":0.005}","{""detection_events"":2159323,""detectors_checked"":113633280,""obs_mistake_mask=E"":1}"
     12288,         0,         0,   0.604,standalone_exact_mw,8e8e16d7b7d10172304dc167922b352ab88e75bca590a4202cfa41b2b9ea2794,"{""distance"":7,""physical_error_rate"":0.0002}","{""detection_events"":7812,""detectors_checked"":9953280}"
     16384,         0,         0,   0.830,standalone_exact_mw,8e8e16d7b7d10172304dc167922b352ab88e75bca590a4202cfa41b2b9ea2794,"{""distance"":7,""physical_error_rate"":0.0002}","{""detection_events"":10318,""detectors_checked"":13271040}"
     61440,         0,         0,    2.20,standalone_exact_mw,8e8e16d7b7d10172304dc167922b352ab88e75bca590a4202cfa41b2b9ea2794,"{""distance"":7,""physical_error_rate"":0.0002}","{""detection_events"":39143,""detectors_checked"":49766400}"
     60416,         0,         0,    6.05,standalone_exact_mw,c63d9dbf283cbe8d7d2c9891770aca900c170ab5c3de0408fa399997170cec3d,"{""distance"":7,""physical_error_rate"":0.001}","{""detection_events"":191935,""detectors_checked"":48936960}"
     27648,         0,         0,    6.05,standalone_exact_mw,c63d9dbf283cbe8d7d2c9891770aca900c170ab5c3de0408fa399997170cec3d,"{""distance"":7,""physical_error_rate"":0.001}","{""detection_events"":86685,""detectors_checked"":22394880}"
     22528,         0,         0,    1.12,standalone_exact_mw,8e8e16d7b7d10172304dc167922b352ab88e75bca590a4202cfa41b2b9ea2794,"{""distance"":7,""physical_error_rate"":0.0002}","{""detection_events"":14660,""detectors_checked"":18247680}"
    644096,         0,         0,    16.4,standalone_exact_mw,8e8e16d7b7d10172304dc167922b352ab88e75bca590a4202cfa41b2b9ea2794,"{""distance"":7,""physical_error_rate"":0.0002}","{""detection_events"":408453,""detectors_checked"":521717760}"
    150528,         0,         0,    11.7,standalone_exact_mw,3f3e41bc6b36ed0cfc2fad9d3557a7870f4e21d551182548e920bf13e0232e34,"{""distance"":7,""physical_error_rate"":0.005}","{""detection_events"":2321939,""detectors_checked"":121927680}"
    497664,         0,         0,    32.1,standalone_exact_mw,20c8daca17953576b13a32f59e5f9cb54485b277119f4e6925e9023b8dd1f351,"{""distance"":7,""physical_error_rate"":0.002}","{""detection_events"":3120866,""detectors_checked"":403107840}"
     95232,         7,         0,    16.4,standalone_exact_mw,a9d9675b1321ece7cfc097fb15bc34ed24757e8c4c3c164f9c59c08d4efd1ba2,"{""distance"":7,""physical_error_rate"":0.01}","{""detection_events"":2850897,""detectors_checked"":77137920,""obs_mistake_mask=E"":7}"
     13312,         1,         0,    6.47,standalone_exact_mw,a9d9675b1321ece7cfc097fb15bc34ed24757e8c4c3c164f9c59c08d4efd1ba2,"{""distance"":7,""physical_error_rate"":0.01}","{""detection_events"":399634,""detectors_checked"":10782720,""obs_mistake_mask=E"":1}"
    257024,         0,         0,    22.9,standalone_exact_mw,c63d9dbf283cbe8d7d2c9891770aca900c170ab5c3de0408fa399997170cec3d,"{""distance"":7,""physical_error_rate"":0.001}","{""detection_events"":806862,""detectors_checked"":208189440}"
     31744,         0,         0,    1.60,standalone_exact_mw,8e8e16d7b7d10172304dc167922b352ab88e75bca590a4202cfa41b2b9ea2794,"{""distance"":7,""physical_error_rate"":0.0002}","{""detection_events"":20090,""detectors_checked"":25712640}"
    116736,         0,         0,    16.4,standalone_exact_mw,3f3e41bc6b36ed0cfc2fad9d3557a7870f4e21d551182548e920bf13e0232e34,"{""distance"":7,""physical_error_rate"":0.005}","{""detection_events"":1798502,""detectors_checked"":94556160}"
     59392,         0,         0,    3.05,standalone_exact_mw,8e8e16d7b7d10172304dc167922b352ab88e75bca590a4202cfa41b2b9ea2794,"{""distance"":7,""physical_error_rate"":0.0002}","{""detection_events"":37655,""detectors_checked"":48107520}"
    352256,         0,         0,    16.4,standalone_exact_mw,c63d9dbf283cbe8d7d2c9891770aca900c170ab5c3de0408fa399997170cec3d,"{""distance"":7,""physical_error_rate"":0.001}","{""detection_events"":1108032,""detectors_checked"":285327360}"
    129024,         0,         0,    16.4,standalone_exact_mw,20c8daca17953576b13a32f59e5f9cb54485b277119f4e6925e9023b8dd1f351,"{""distance"":7,""physical_error_rate"":0.002}","{""detection_events"":810604,""detectors_checked"":104509440}"
     75776,         0,         0,    11.7,standalone_exact_mw,b0cacb7fc707c2734ebeeceefd47b6bd6784bf6b65d0613559eb8dd3ed8bcfbc,"{""distance"":7,""physical_error_rate"":0.0005}","{""detection_events"":119806,""detectors_checked"":61378560}"
    112640,         0,         0,    16.4,standalone_exact_mw,3f3e41bc6b36ed0cfc2fad9d3557a7870f4e21d551182548e920bf13e0232e34,"{""distance"":7,""physical_error_rate"":0.005}","{""detection_events"":1732615,""detectors_checked"":91238400}"
     43008,         0,         0,    2.19,standalone_exact_mw,8e8e16d7b7d10172304dc167922b352ab88e75bca590a4202cfa41b2b9ea2794,"{""distance"":7,""physical_error_rate"":0.0002}","{""detection_events"":27433,""detectors_checked"":34836480}"
    136192,         0,         0,    16.5,standalone_exact_mw,20c8daca17953576b13a32f59e5f9cb54485b277119f4e6925e9023b8dd1f351,"{""distance"":7,""physical_error_rate"":0.002}","{""detection_events"":853192,""detectors_checked"":110315520}"
    208896,         0,         0,    16.4,standalone_exact_mw,c63d9dbf283cbe8d7d2c9891770aca900c170ab5c3de0408fa399997170cec3d,"{""distance"":7,""physical_error_rate"":0.001}","{""detection_events"":658337,""detectors_checked"":169205760}"
     45056,         7,         0,    8.47,standalone_exact_mw,a9d9675b1321ece7cfc097fb15bc34ed24757e8c4c3c164f9c59c08d4efd1ba2,"{""distance"":7,""physical_error_rate"":0.01}","{""detection_events"":1346711,""detectors_checked"":36495360,""obs_mistake_mask=E"":7}"
     87040,         0,         0,    11.9,standalone_exact_mw,20c8daca17953576b13a32f59e5f9cb54485b277119f4e6925e9023b8dd1f351,"{""distance"":7,""physical_error_rate"":0.002}","{""detection_events"":545085,""detectors_checked"":70502400}"
    267264,         0,         0,    16.4,standalone_exact_mw,20c8daca17953576b13a32f59e5f9cb54485b277119f4e6925e9023b8dd1f351,"{""distance"":7,""physical_error_rate"":0.002}","{""detection_events"":1675196,""detectors_checked"":216483840}"
    110592,         0,         0,    4.28,standalone_exact_mw,8e8e16d7b7d10172304dc167922b352ab88e75bca590a4202cfa41b2b9ea2794,"{""distance"":7,""physical_error_rate"":0.0002}","{""detection_events"":70413,""detectors_checked"":89579520}"
     60416,         0,         0,    3.03,standalone_exact_mw,8e8e16d7b7d10172304dc167922b352ab88e75bca590a4202cfa41b2b9ea2794,"{""distance"":7,""physical_error_rate"":0.0002}","{""detection_events"":37797,""detectors_checked"":48936960}"
    466944,         0,         0,    16.4,standalone_exact_mw,b0cacb7fc707c2734ebeeceefd47b6bd6784bf6b65d0613559eb8dd3ed8bcfbc,"{""distance"":7,""physical_error_rate"":0.0005}","{""detection_events"":737963,""detectors_checked"":378224640}"
     83968,         0,         0,    8.40,standalone_exact_mw,c63d9dbf283cbe8d7d2c9891770aca900c170ab5c3de0408fa399997170cec3d,"{""distance"":7,""physical_error_rate"":0.001}","{""detection_events"":265130,""detectors_checked"":68014080}"
     48128,         0,         0,    8.53,standalone_exact_mw,c63d9dbf283cbe8d7d2c9891770aca900c170ab5c3de0408fa399997170cec3d,"{""distance"":7,""physical_error_rate"":0.001}","{""detection_events"":152116,""detectors_checked"":38983680}"
     36864,         3,         0,    8.43,standalone_exact_mw,a9d9675b1321ece7cfc097fb15bc34ed24757e8c4c3c164f9c59c08d4efd1ba2,"{""distance"":7,""physical_error_rate"":0.01}","{""detection_events"":1104224,""detectors_checked"":29859840,""obs_mistake_mask=E"":3}"
    103424,         0,         0,    16.5,standalone_exact_mw,3f3e41bc6b36ed0cfc2fad9d3557a7870f4e21d551182548e920bf13e0232e34,"{""distance"":7,""physical_error_rate"":0.005}","{""detection_events"":1590483,""detectors_checked"":83773440}"
     84992,         0,         0,    4.27,standalone_exact_mw,8e8e16d7b7d10172304dc167922b352ab88e75bca590a4202cfa41b2b9ea2794,"{""distance"":7,""physical_error_rate"":0.0002}","{""detection_events"":53511,""detectors_checked"":68843520}"
    425984,         0,         0,    23.0,standalone_exact_mw,c63d9dbf283cbe8d7d2c9891770aca900c170ab5c3de0408fa399997170cec3d,"{""distance"":7,""physical_error_rate"":0.001}","{""detection_events"":1340153,""detectors_checked"":345047040}"
    130048,        11,         0,    23.1,standalone_exact_mw,a9d9675b1321ece7cfc097fb15bc34ed24757e8c4c3c164f9c59c08d4efd1ba2,"{""distance"":7,""physical_error_rate"":0.01}","{""detection_events"":3893542,""detectors_checked"":105338880,""obs_mistake_mask=E"":11}"
    114688,         0,         0,    6.01,standalone_exact_mw,8e8e16d7b7d10172304dc167922b352ab88e75bca590a4202cfa41b2b9ea2794,"{""distance"":7,""physical_error_rate"":0.0002}","{""detection_events"":73064,""detectors_checked"":92897280}"
    912384,         0,         0,    22.9,standalone_exact_mw,8e8e16d7b7d10172304dc167922b352ab88e75bca590a4202cfa41b2b9ea2794,"{""distance"":7,""physical_error_rate"":0.0002}","{""detection_events"":576782,""detectors_checked"":739031040}"
     64512,         5,         0,    11.8,standalone_exact_mw,a9d9675b1321ece7cfc097fb15bc34ed24757e8c4c3c164f9c59c08d4efd1ba2,"{""distance"":7,""physical_error_rate"":0.01}","{""detection_events"":1930515,""detectors_checked"":52254720,""obs_mistake_mask=E"":5}"
    144384,         0,         0,    16.5,standalone_exact_mw,3f3e41bc6b36ed0cfc2fad9d3557a7870f4e21d551182548e920bf13e0232e34,"{""distance"":7,""physical_error_rate"":0.005}","{""detection_events"":2223833,""detectors_checked"":116951040}"
    115712,         0,         0,    5.99,standalone_exact_mw,8e8e16d7b7d10172304dc167922b352ab88e75bca590a4202cfa41b2b9ea2794,"{""distance"":7,""physical_error_rate"":0.0002}","{""detection_events"":73470,""detectors_checked"":93726720}"
    467968,         0,         0,    22.9,standalone_exact_mw,8e8e16d7b7d10172304dc167922b352ab88e75bca590a4202cfa41b2b9ea2794,"{""distance"":7,""physical_error_rate"":0.0002}","{""detection_events"":296580,""detectors_checked"":379054080}"
    497664,        43,         0,    45.1,standalone_exact_mw,a9d9675b1321ece7cfc097fb15bc34ed24757e8c4c3c164f9c59c08d4efd1ba2,"{""distance"":7,""physical_error_rate"":0.01}","{""detection_events"":14890902,""detectors_checked"":403107840,""obs_mistake_mask=E"":43}"
    212992,         0,         0,    23.0,standalone_exact_mw,20c8daca17953576b13a32f59e5f9cb54485b277119f4e6925e9023b8dd1f351,"{""distance"":7,""physical_error_rate"":0.002}","{""detection_events"":1333840,""detectors_checked"":172523520}"
        17,         0,         0,   0.012,standalone_exact_mw,a9d9675b1321ece7cfc097fb15bc34ed24757e8c4c3c164f9c59c08d4efd1ba2,"{""distance"":7,""physical_error_rate"":0.01}","{""detection_events"":592,""detectors_checked"":13770}"
       256,         0,         0,   0.045,standalone_exact_mw,a9d9675b1321ece7cfc097fb15bc34ed24757e8c4c3c164f9c59c08d4efd1ba2,"{""distance"":7,""physical_error_rate"":0.01}","{""detection_events"":7604,""detectors_checked"":207360}"
    589824,         5,         0,    45.0,standalone_exact_mw,3f3e41bc6b36ed0cfc2fad9d3557a7870f4e21d551182548e920bf13e0232e34,"{""distance"":7,""physical_error_rate"":0.005}","{""detection_events"":9079039,""detectors_checked"":477757440,""obs_mistake_mask=E"":5}"
      1024,         0,         0,   0.185,standalone_exact_mw,a9d9675b1321ece7cfc097fb15bc34ed24757e8c4c3c164f9c59c08d4efd1ba2,"{""distance"":7,""physical_error_rate"":0.01}","{""detection_events"":30018,""detectors_checked"":829440}"
    575488,         0,         0,    23.0,standalone_exact_mw,b0cacb7fc707c2734ebeeceefd47b6bd6784bf6b65d0613559eb8dd3ed8bcfbc,"{""distance"":7,""physical_error_rate"":0.0005}","{""detection_events"":910928,""detectors_checked"":466145280}"
      1024,         0,         0,   0.185,standalone_exact_mw,a9d9675b1321ece7cfc097fb15bc34ed24757e8c4c3c164f9c59c08d4efd1ba2,"{""distance"":7,""physical_error_rate"":0.01}","{""detection_events"":30415,""detectors_checked"":829440}"
    428032,         0,         0,    22.9,standalone_exact_mw,b0cacb7fc707c2734ebeeceefd47b6bd6784bf6b65d0613559eb8dd3ed8bcfbc,"{""distance"":7,""physical_error_rate"":0.0005}","{""detection_events"":677344,""detectors_checked"":346705920}"
      1024,         0,         0,   0.184,standalone_exact_mw,a9d9675b1321ece7cfc097fb15bc34ed24757e8c4c3c164f9c59c08d4efd1ba2,"{""distance"":7,""physical_error_rate"":0.01}","{""detection_events"":30140,""detectors_checked"":829440}"
    208896,         0,         0,    16.4,standalone_exact_mw,b0cacb7fc707c2734ebeeceefd47b6bd6784bf6b65d0613559eb8dd3ed8bcfbc,"{""distance"":7,""physical_error_rate"":0.0005}","{""detection_events"":329386,""detectors_checked"":169205760}"
    108544,         0,         0,    11.7,standalone_exact_mw,c63d9dbf283cbe8d7d2c9891770aca900c170ab5c3de0408fa399997170cec3d,"{""distance"":7,""physical_error_rate"":0.001}","{""detection_events"":340978,""detectors_checked"":87920640}"
      1024,         0,         0,   0.186,standalone_exact_mw,a9d9675b1321ece7cfc097fb15bc34ed24757e8c4c3c164f9c59c08d4efd1ba2,"{""distance"":7,""physical_error_rate"":0.01}","{""detection_events"":30500,""detectors_checked"":829440}"
      1024,         1,         0,   0.185,standalone_exact_mw,a9d9675b1321ece7cfc097fb15bc34ed24757e8c4c3c164f9c59c08d4efd1ba2,"{""distance"":7,""physical_error_rate"":0.01}","{""detection_events"":30762,""detectors_checked"":829440,""obs_mistake_mask=E"":1}"
     51200,         0,         0,    11.8,standalone_exact_mw,c63d9dbf283cbe8d7d2c9891770aca900c170ab5c3de0408fa399997170cec3d,"{""distance"":7,""physical_error_rate"":0.001}","{""detection_events"":161104,""detectors_checked"":41472000}"
      1024,         0,         0,   0.184,standalone_exact_mw,a9d9675b1321ece7cfc097fb15bc34ed24757e8c4c3c164f9c59c08d4efd1ba2,"{""distance"":7,""physical_error_rate"":0.01}","{""detection_events"":30151,""detectors_checked"":829440}"
      1024,         0,         0,   0.184,standalone_exact_mw,a9d9675b1321ece7cfc097fb15bc34ed24757e8c4c3c164f9c59c08d4efd1ba2,"{""distance"":7,""physical_error_rate"":0.01}","{""detection_events"":30294,""detectors_checked"":829440}"
      2048,         0,         0,   0.383,standalone_exact_mw,a9d9675b1321ece7cfc097fb15bc34ed24757e8c4c3c164f9c59c08d4efd1ba2,"{""distance"":7,""physical_error_rate"":0.01}","{""detection_events"":61296,""detectors_checked"":1658880}"
    147456,         0,         0,    23.1,standalone_exact_mw,3f3e41bc6b36ed0cfc2fad9d3557a7870f4e21d551182548e920bf13e0232e34,"{""distance"":7,""physical_error_rate"":0.005}","{""detection_events"":2270238,""detectors_checked"":119439360}"
      2048,         1,         0,   0.380,standalone_exact_mw,a9d9675b1321ece7cfc097fb15bc34ed24757e8c4c3c164f9c59c08d4efd1ba2,"{""distance"":7,""physical_error_rate"":0.01}","{""detection_events"":61437,""detectors_checked"":1658880,""obs_mistake_mask=E"":1}"
    160768,         0,         0,    8.39,standalone_exact_mw,8e8e16d7b7d10172304dc167922b352ab88e75bca590a4202cfa41b2b9ea2794,"{""distance"":7,""physical_error_rate"":0.0002}","{""detection_events"":102581,""detectors_checked"":130222080}"
     31744,         0,         0,    11.8,standalone_exact_mw,a9d9675b1321ece7cfc097fb15bc34ed24757e8c4c3c164f9c59c08d4efd1ba2,"{""distance"":7,""physical_error_rate"":0.01}","{""detection_events"":949508,""detectors_checked"":25712640}"
      3072,         1,         0,   0.545,standalone_exact_mw,a9d9675b1321ece7cfc097fb15bc34ed24757e8c4c3c164f9c59c08d4efd1ba2,"{""distance"":7,""physical_error_rate"":0.01}","{""detection_events"":92152,""detectors_checked"":2488320,""obs_mistake_mask=E"":1}"
      3072,         0,         0,   0.714,standalone_exact_mw,a9d9675b1321ece7cfc097fb15bc34ed24757e8c4c3c164f9c59c08d4efd1ba2,"{""distance"":7,""physical_error_rate"":0.01}","{""detection_events"":91834,""detectors_checked"":2488320}"
    123904,         0,         0,    16.5,standalone_exact_mw,20c8daca17953576b13a32f59e5f9cb54485b277119f4e6925e9023b8dd1f351,"{""distance"":7,""physical_error_rate"":0.002}","{""detection_events"":776710,""detectors_checked"":100362240}"
    733184,         0,         0,    22.9,standalone_exact_mw,8e8e16d7b7d10172304dc167922b352ab88e75bca590a4202cfa41b2b9ea2794,"{""distance"":7,""physical_error_rate"":0.0002}","{""detection_events"":463853,""detectors_checked"":593879040}"
      5120,         0,         0,   0.943,standalone_exact_mw,a9d9675b1321ece7cfc097fb15bc34ed24757e8c4c3c164f9c59c08d4efd1ba2,"{""distance"":7,""physical_error_rate"":0.01}","{""detection_events"":152600,""detectors_checked"":4147200}"
    128000,         4,         0,    23.0,standalone_exact_mw,a9d9675b1321ece7cfc097fb15bc34ed24757e8c4c3c164f9c59c08d4efd1ba2,"{""distance"":7,""physical_error_rate"":0.01}","{""detection_events"":3827706,""detectors_checked"":103680000,""obs_mistake_mask=E"":4}"
      6144,         1,         0,    1.15,standalone_exact_mw,a9d9675b1321ece7cfc097fb15bc34ed24757e8c4c3c164f9c59c08d4efd1ba2,"{""distance"":7,""physical_error_rate"":0.01}","{""detection_events"":184074,""detectors_checked"":4976640,""obs_mistake_mask=E"":1}"
    139264,         2,         0,    23.1,standalone_exact_mw,3f3e41bc6b36ed0cfc2fad9d3557a7870f4e21d551182548e920bf13e0232e34,"{""distance"":7,""physical_error_rate"":0.005}","{""detection_events"":2143785,""detectors_checked"":112803840,""obs_mistake_mask=E"":2}"
    109568,         0,         0,    8.41,standalone_exact_mw,8e8e16d7b7d10172304dc167922b352ab88e75bca590a4202cfa41b2b9ea2794,"{""distance"":7,""physical_error_rate"":0.0002}","{""detection_events"":69273,""detectors_checked"":88750080}"
    457728,         0,         0,    22.9,standalone_exact_mw,c63d9dbf283cbe8d7d2c9891770aca900c170ab5c3de0408fa399997170cec3d,"{""distance"":7,""physical_error_rate"":0.001}","{""detection_events"":1445640,""detectors_checked"":370759680}"
      8192,         0,         0,    1.62,standalone_exact_mw,a9d9675b1321ece7cfc097fb15bc34ed24757e8c4c3c164f9c59c08d4efd1ba2,"{""distance"":7,""physical_error_rate"":0.01}","{""detection_events"":245448,""detectors_checked"":6635520}"
    164864,         0,         0,    23.0,standalone_exact_mw,20c8daca17953576b13a32f59e5f9cb54485b277119f4e6925e9023b8dd1f351,"{""distance"":7,""physical_error_rate"":0.002}","{""detection_events"":1034495,""detectors_checked"":133539840}"
    142336,         0,         0,    22.9,standalone_exact_mw,3f3e41bc6b36ed0cfc2fad9d3557a7870f4e21d551182548e920bf13e0232e34,"{""distance"":7,""physical_error_rate"":0.005}","{""detection_events"":2188012,""detectors_checked"":115292160}"
    156672,         0,         0,    23.0,standalone_exact_mw,20c8daca17953576b13a32f59e5f9cb54485b277119f4e6925e9023b8dd1f351,"{""distance"":7,""physical_error_rate"":0.002}","{""detection_events"":980921,""detectors_checked"":126904320}"
    263168,         0,         0,    23.0,standalone_exact_mw,c63d9dbf283cbe8d7d2c9891770aca900c170ab5c3de0408fa399997170cec3d,"{""distance"":7,""physical_error_rate"":0.001}","{""detection_events"":829242,""detectors_checked"":213166080}"
      8192,         1,         0,    2.22,standalone_exact_mw,a9d9675b1321ece7cfc097fb15bc34ed24757e8c4c3c164f9c59c08d4efd1ba2,"{""distance"":7,""physical_error_rate"":0.01}","{""detection_events"":244603,""detectors_checked"":6635520,""obs_mistake_mask=E"":1}"
    337920,         0,         0,    23.0,standalone_exact_mw,20c8daca17953576b13a32f59e5f9cb54485b277119f4e6925e9023b8dd1f351,"{""distance"":7,""physical_error_rate"":0.002}","{""detection_events"":2116413,""detectors_checked"":273715200}"
    482304,         0,         0,    23.0,standalone_exact_mw,b0cacb7fc707c2734ebeeceefd47b6bd6784bf6b65d0613559eb8dd3ed8bcfbc,"{""distance"":7,""physical_error_rate"":0.0005}","{""detection_events"":765200,""detectors_checked"":390666240}"
     15360,         0,         0,    3.09,standalone_exact_mw,a9d9675b1321ece7cfc097fb15bc34ed24757e8c4c3c164f9c59c08d4efd1ba2,"{""distance"":7,""physical_error_rate"":0.01}","{""detection_events"":460481,""detectors_checked"":12441600}"
    140288,         1,         0,    22.9,standalone_exact_mw,3f3e41bc6b36ed0cfc2fad9d3557a7870f4e21d551182548e920bf13e0232e34,"{""distance"":7,""physical_error_rate"":0.005}","{""detection_events"":2157925,""detectors_checked"":113633280,""obs_mistake_mask=E"":1}"
    219136,         0,         0,    11.7,standalone_exact_mw,8e8e16d7b7d10172304dc167922b352ab88e75bca590a4202cfa41b2b9ea2794,"{""distance"":7,""physical_error_rate"":0.0002}","{""detection_events"":138453,""detectors_checked"":177500160}"
     84992,        10,         0,    16.5,standalone_exact_mw,a9d9675b1321ece7cfc097fb15bc34ed24757e8c4c3c164f9c59c08d4efd1ba2,"{""distance"":7,""physical_error_rate"":0.01}","{""detection_events"":2537271,""detectors_checked"":68843520,""obs_mistake_mask=E"":10}"
    299008,         0,         0,    32.1,standalone_exact_mw,c63d9dbf283cbe8d7d2c9891770aca900c170ab5c3de0408fa399997170cec3d,"{""distance"":7,""physical_error_rate"":0.001}","{""detection_events"":942251,""detectors_checked"":242196480}"
     17408,         4,         0,    4.47,standalone_exact_mw,a9d9675b1321ece7cfc097fb15bc34ed24757e8c4c3c164f9c59c08d4efd1ba2,"{""distance"":7,""physical_error_rate"":0.01}","{""detection_events"":520489,""detectors_checked"":14100480,""obs_mistake_mask=E"":4}"
    149504,         0,         0,    16.4,standalone_exact_mw,c63d9dbf283cbe8d7d2c9891770aca900c170ab5c3de0408fa399997170cec3d,"{""distance"":7,""physical_error_rate"":0.001}","{""detection_events"":471291,""detectors_checked"":121098240}"
    105472,         0,         0,    16.4,standalone_exact_mw,c63d9dbf283cbe8d7d2c9891770aca900c170ab5c3de0408fa399997170cec3d,"{""distance"":7,""physical_error_rate"":0.001}","{""detection_events"":332837,""detectors_checked"":85432320}"
    138240,         0,         0,    11.6,standalone_exact_mw,8e8e16d7b7d10172304dc167922b352ab88e75bca590a4202cfa41b2b9ea2794,"{""distance"":7,""physical_error_rate"":0.0002}","{""detection_events"":87920,""detectors_checked"":111974400}"
     84992,         9,         0,    16.5,standalone_exact_mw,a9d9675b1321ece7cfc097fb15bc34ed24757e8c4c3c164f9c59c08d4efd1ba2,"{""distance"":7,""physical_error_rate"":0.01}","{""detection_events"":2543762,""detectors_checked"":68843520,""obs_mistake_mask=E"":9}"
    119808,         1,         0,    23.0,standalone_exact_mw,3f3e41bc6b36ed0cfc2fad9d3557a7870f4e21d551182548e920bf13e0232e34,"{""distance"":7,""physical_error_rate"":0.005}","{""detection_events"":1843088,""detectors_checked"":97044480,""obs_mistake_mask=E"":1}"
     31744,         0,         0,    6.14,standalone_exact_mw,a9d9675b1321ece7cfc097fb15bc34ed24757e8c4c3c164f9c59c08d4efd1ba2,"{""distance"":7,""physical_error_rate"":0.01}","{""detection_events"":949850,""detectors_checked"":25712640}"
    296960,         0,         0,    22.9,standalone_exact_mw,b0cacb7fc707c2734ebeeceefd47b6bd6784bf6b65d0613559eb8dd3ed8bcfbc,"{""distance"":7,""physical_error_rate"":0.0005}","{""detection_events"":469273,""detectors_checked"":240537600}"
    578560,         0,         0,    32.2,standalone_exact_mw,c63d9dbf283cbe8d7d2c9891770aca900c170ab5c3de0408fa399997170cec3d,"{""distance"":7,""physical_error_rate"":0.001}","{""detection_events"":1825178,""detectors_checked"":468633600}"
    171008,        10,         0,    32.1,standalone_exact_mw,a9d9675b1321ece7cfc097fb15bc34ed24757e8c4c3c164f9c59c08d4efd1ba2,"{""distance"":7,""physical_error_rate"":0.01}","{""detection_events"":5117972,""detectors_checked"":138516480,""obs_mistake_mask=E"":10}"
    695296,         1,         0,    45.0,standalone_exact_mw,20c8daca17953576b13a32f59e5f9cb54485b277119f4e6925e9023b8dd1f351,"{""distance"":7,""physical_error_rate"":0.002}","{""detection_events"":4351693,""detectors_checked"":563189760,""obs_mistake_mask=E"":1}"
   1123328,         0,         0,    32.1,standalone_exact_mw,8e8e16d7b7d10172304dc167922b352ab88e75bca590a4202cfa41b2b9ea2794,"{""distance"":7,""physical_error_rate"":0.0002}","{""detection_events"":711392,""detectors_checked"":909895680}"
    173056,         1,         0,    23.0,standalone_exact_mw,20c8daca17953576b13a32f59e5f9cb54485b277119f4e6925e9023b8dd1f351,"{""distance"":7,""physical_error_rate"":0.002}","{""detection_events"":1083897,""detectors_checked"":140175360,""obs_mistake_mask=E"":1}"
       273,         0,         0,   0.018,standalone_exact_mw,c63d9dbf283cbe8d7d2c9891770aca900c170ab5c3de0408fa399997170cec3d,"{""distance"":7,""physical_error_rate"":0.001}","{""detection_events"":840,""detectors_checked"":221130}"
    318464,         0,         0,    16.4,standalone_exact_mw,8e8e16d7b7d10172304dc167922b352ab88e75bca590a4202cfa41b2b9ea2794,"{""distance"":7,""physical_error_rate"":0.0002}","{""detection_events"":202561,""detectors_checked"":257955840}"
      1024,         0,         0,   0.049,standalone_exact_mw,c63d9dbf283cbe8d7d2c9891770aca900c170ab5c3de0408fa399997170cec3d,"{""distance"":7,""physical_error_rate"":0.001}","{""detection_events"":3169,""detectors_checked"":829440}"
      1024,         0,         0,   0.048,standalone_exact_mw,c63d9dbf283cbe8d7d2c9891770aca900c170ab5c3de0408fa399997170cec3d,"{""distance"":7,""physical_error_rate"":0.001}","{""detection_events"":3085,""detectors_checked"":829440}"
      1024,         0,         0,   0.049,standalone_exact_mw,c63d9dbf283cbe8d7d2c9891770aca900c170ab5c3de0408fa399997170cec3d,"{""distance"":7,""physical_error_rate"":0.001}","{""detection_events"":3361,""detectors_checked"":829440}"
      1024,         0,         0,   0.048,standalone_exact_mw,c63d9dbf283cbe8d7d2c9891770aca900c170ab5c3de0408fa399997170cec3d,"{""distance"":7,""physical_error_rate"":0.001}","{""detection_events"":3197,""detectors_checked"":829440}"
      2048,         0,         0,   0.098,standalone_exact_mw,c63d9dbf283cbe8d7d2c9891770aca900c170ab5c3de0408fa399997170cec3d,"{""distance"":7,""physical_error_rate"":0.001}","{""detection_events"":6519,""detectors_checked"":1658880}"
    531456,         0,         0,    32.1,standalone_exact_mw,8e8e16d7b7d10172304dc167922b352ab88e75bca590a4202cfa41b2b9ea2794,"{""distance"":7,""physical_error_rate"":0.0002}","{""detection_events"":338309,""detectors_checked"":430479360}"
      2048,         0,         0,   0.099,standalone_exact_mw,c63d9dbf283cbe8d7d2c9891770aca900c170ab5c3de0408fa399997170cec3d,"{""distance"":7,""physical_error_rate"":0.001}","{""detection_events"":6502,""detectors_checked"":1658880}"
      3072,         0,         0,   0.146,standalone_exact_mw,c63d9dbf283cbe8d7d2c9891770aca900c170ab5c3de0408fa399997170cec3d,"{""distance"":7,""physical_error_rate"":0.001}","{""detection_events"":9796,""detectors_checked"":2488320}"
      4096,         0,         0,   0.195,standalone_exact_mw,c63d9dbf283cbe8d7d2c9891770aca900c170ab5c3de0408fa399997170cec3d,"{""distance"":7,""physical_error_rate"":0.001}","{""detection_events"":13030,""detectors_checked"":3317760}"
      5120,         0,         0,   0.243,standalone_exact_mw,c63d9dbf283cbe8d7d2c9891770aca900c170ab5c3de0408fa399997170cec3d,"{""distance"":7,""physical_error_rate"":0.001}","{""detection_events"":16203,""detectors_checked"":4147200}"
     43008,         5,         0,    8.44,standalone_exact_mw,a9d9675b1321ece7cfc097fb15bc34ed24757e8c4c3c164f9c59c08d4efd1ba2,"{""distance"":7,""physical_error_rate"":0.01}","{""detection_events"":1285708,""detectors_checked"":34836480,""obs_mistake_mask=E"":5}"
      6144,         0,         0,   0.290,standalone_exact_mw,c63d9dbf283cbe8d7d2c9891770aca900c170ab5c3de0408fa399997170cec3d,"{""distance"":7,""physical_error_rate"":0.001}","{""detection_events"":19496,""detectors_checked"":4976640}"
    249856,         0,         0,    32.2,standalone_exact_mw,20c8daca17953576b13a32f59e5f9cb54485b277119f4e6925e9023b8dd1f351,"{""distance"":7,""physical_error_rate"":0.002}","{""detection_events"":1566083,""detectors_checked"":202383360}"
      9216,         0,         0,   0.436,standalone_exact_mw,c63d9dbf283cbe8d7d2c9891770aca900c170ab5c3de0408fa399997170cec3d,"{""distance"":7,""physical_error_rate"":0.001}","{""detection_events"":29342,""detectors_checked"":7464960}"
    784384,         0,         0,    32.1,standalone_exact_mw,b0cacb7fc707c2734ebeeceefd47b6bd6784bf6b65d0613559eb8dd3ed8bcfbc,"{""distance"":7,""physical_error_rate"":0.0005}","{""detection_events"":1238874,""detectors_checked"":635351040}"
     12288,         0,         0,   0.578,standalone_exact_mw,c63d9dbf283cbe8d7d2c9891770aca900c170ab5c3de0408fa399997170cec3d,"{""distance"":7,""physical_error_rate"":0.001}","{""detection_events"":39023,""detectors_checked"":9953280}"
    393216,         0,         0,    32.2,standalone_exact_mw,b0cacb7fc707c2734ebeeceefd47b6bd6784bf6b65d0613559eb8dd3ed8bcfbc,"{""distance"":7,""physical_error_rate"":0.0005}","{""detection_events"":621326,""detectors_checked"":318504960}"
     17408,         0,         0,   0.819,standalone_exact_mw,c63d9dbf283cbe8d7d2c9891770aca900c170ab5c3de0408fa399997170cec3d,"{""distance"":7,""physical_error_rate"":0.001}","{""detection_events"":54675,""detectors_checked"":14100480}"
    155648,         1,         0,    32.2,standalone_exact_mw,3f3e41bc6b36ed0cfc2fad9d3557a7870f4e21d551182548e920bf13e0232e34,"{""distance"":7,""physical_error_rate"":0.005}","{""detection_events"":2395961,""detectors_checked"":126074880,""obs_mistake_mask=E"":1}"
       273,         0,         0,   0.012,standalone_exact_mw,8e8e16d7b7d10172304dc167922b352ab88e75bca590a4202cfa41b2b9ea2794,"{""distance"":7,""physical_error_rate"":0.0002}","{""detection_events"":159,""detectors_checked"":221130}"
      1024,         0,         0,   0.025,standalone_exact_mw,8e8e16d7b7d10172304dc167922b352ab88e75bca590a4202cfa41b2b9ea2794,"{""distance"":7,""physical_error_rate"":0.0002}","{""detection_events"":625,""detectors_checked"":829440}"
      1024,         0,         0,   0.026,standalone_exact_mw,8e8e16d7b7d10172304dc167922b352ab88e75bca590a4202cfa41b2b9ea2794,"{""distance"":7,""physical_error_rate"":0.0002}","{""detection_events"":675,""detectors_checked"":829440}"
      2048,         0,         0,   0.050,standalone_exact_mw,8e8e16d7b7d10172304dc167922b352ab88e75bca590a4202cfa41b2b9ea2794,"{""distance"":7,""physical_error_rate"":0.0002}","{""detection_events"":1268,""detectors_checked"":1658880}"
      2048,         0,         0,   0.050,standalone_exact_mw,8e8e16d7b7d10172304dc167922b352ab88e75bca590a4202cfa41b2b9ea2794,"{""distance"":7,""physical_error_rate"":0.0002}","{""detection_events"":1337,""detectors_checked"":1658880}"
      3072,         0,         0,   0.074,standalone_exact_mw,8e8e16d7b7d10172304dc167922b352ab88e75bca590a4202cfa41b2b9ea2794,"{""distance"":7,""physical_error_rate"":0.0002}","{""detection_events"":1864,""detectors_checked"":2488320}"
     24576,         0,         0,    1.16,standalone_exact_mw,c63d9dbf283cbe8d7d2c9891770aca900c170ab5c3de0408fa399997170cec3d,"{""distance"":7,""physical_error_rate"":0.001}","{""detection_events"":77989,""detectors_checked"":19906560}"
      4096,         0,         0,   0.099,standalone_exact_mw,8e8e16d7b7d10172304dc167922b352ab88e75bca590a4202cfa41b2b9ea2794,"{""distance"":7,""physical_error_rate"":0.0002}","{""detection_events"":2504,""detectors_checked"":3317760}"
      5120,         0,         0,   0.126,standalone_exact_mw,8e8e16d7b7d10172304dc167922b352ab88e75bca590a4202cfa41b2b9ea2794,"{""distance"":7,""physical_error_rate"":0.0002}","{""detection_events"":3307,""detectors_checked"":4147200}"
    311296,         0,         0,    16.3,standalone_exact_mw,8e8e16d7b7d10172304dc167922b352ab88e75bca590a4202cfa41b2b9ea2794,"{""distance"":7,""physical_error_rate"":0.0002}","{""detection_events"":196587,""detectors_checked"":252149760}"
      6144,         0,         0,   0.152,standalone_exact_mw,8e8e16d7b7d10172304dc167922b352ab88e75bca590a4202cfa41b2b9ea2794,"{""distance"":7,""physical_error_rate"":0.0002}","{""detection_events"":3957,""detectors_checked"":4976640}"
      9216,         0,         0,   0.225,standalone_exact_mw,8e8e16d7b7d10172304dc167922b352ab88e75bca590a4202cfa41b2b9ea2794,"{""distance"":7,""physical_error_rate"":0.0002}","{""detection_events"":5715,""detectors_checked"":7464960}"
     12288,         0,         0,   0.300,standalone_exact_mw,8e8e16d7b7d10172304dc167922b352ab88e75bca590a4202cfa41b2b9ea2794,"{""distance"":7,""physical_error_rate"":0.0002}","{""detection_events"":7675,""detectors_checked"":9953280}"
     17408,         0,         0,   0.420,standalone_exact_mw,8e8e16d7b7d10172304dc167922b352ab88e75bca590a4202cfa41b2b9ea2794,"{""distance"":7,""physical_error_rate"":0.0002}","{""detection_events"":10733,""detectors_checked"":14100480}"
     33792,         0,         0,    1.59,standalone_exact_mw,c63d9dbf283cbe8d7d2c9891770aca900c170ab5c3de0408fa399997170cec3d,"{""distance"":7,""physical_error_rate"":0.001}","{""detection_events"":106109,""detectors_checked"":27371520}"
     23552,         0,         0,   0.573,standalone_exact_mw,8e8e16d7b7d10172304dc167922b352ab88e75bca590a4202cfa41b2b9ea2794,"{""distance"":7,""physical_error_rate"":0.0002}","{""detection_events"":14651,""detectors_checked"":19077120}"
   1116160,         0,         0,    32.1,standalone_exact_mw,8e8e16d7b7d10172304dc167922b352ab88e75bca590a4202cfa41b2b9ea2794,"{""distance"":7,""physical_error_rate"":0.0002}","{""detection_events"":706663,""detectors_checked"":904089600}"
    105472,        10,         0,    23.0,standalone_exact_mw,a9d9675b1321ece7cfc097fb15bc34ed24757e8c4c3c164f9c59c08d4efd1ba2,"{""distance"":7,""physical_error_rate"":0.01}","{""detection_events"":3160717,""detectors_checked"":85432320,""obs_mistake_mask=E"":10}"
    184320,        13,         0,    32.3,standalone_exact_mw,a9d9675b1321ece7cfc097fb15bc34ed24757e8c4c3c164f9c59c08d4efd1ba2,"{""distance"":7,""physical_error_rate"":0.01}","{""detection_events"":5512322,""detectors_checked"":149299200,""obs_mistake_mask=E"":13}"
     32768,         0,         0,   0.804,standalone_exact_mw,8e8e16d7b7d10172304dc167922b352ab88e75bca590a4202cfa41b2b9ea2794,"{""distance"":7,""physical_error_rate"":0.0002}","{""detection_events"":21036,""detectors_checked"":26542080}"
     46080,         0,         0,    1.13,standalone_exact_mw,8e8e16d7b7d10172304dc167922b352ab88e75bca590a4202cfa41b2b9ea2794,"{""distance"":7,""physical_error_rate"":0.0002}","{""detection_events"":29318,""detectors_checked"":37324800}"
    137216,         0,         0,    32.2,standalone_exact_mw,3f3e41bc6b36ed0cfc2fad9d3557a7870f4e21d551182548e920bf13e0232e34,"{""distance"":7,""physical_error_rate"":0.005}","{""detection_events"":2112193,""detectors_checked"":111144960}"
     47104,         0,         0,    2.22,standalone_exact_mw,c63d9dbf283cbe8d7d2c9891770aca900c170ab5c3de0408fa399997170cec3d,"{""distance"":7,""physical_error_rate"":0.001}","{""detection_events"":147872,""detectors_checked"":38154240}"
    581632,         0,         0,    32.2,standalone_exact_mw,c63d9dbf283cbe8d7d2c9891770aca900c170ab5c3de0408fa399997170cec3d,"{""distance"":7,""physical_error_rate"":0.001}","{""detection_events"":1828507,""detectors_checked"":471121920}"
    232448,         0,         0,    32.1,standalone_exact_mw,20c8daca17953576b13a32f59e5f9cb54485b277119f4e6925e9023b8dd1f351,"{""distance"":7,""physical_error_rate"":0.002}","{""detection_events"":1457151,""detectors_checked"":188282880}"
    190464,         3,         0,    32.1,standalone_exact_mw,3f3e41bc6b36ed0cfc2fad9d3557a7870f4e21d551182548e920bf13e0232e34,"{""distance"":7,""physical_error_rate"":0.005}","{""detection_events"":2931307,""detectors_checked"":154275840,""obs_mistake_mask=E"":3}"
     64512,         0,         0,    1.57,standalone_exact_mw,8e8e16d7b7d10172304dc167922b352ab88e75bca590a4202cfa41b2b9ea2794,"{""distance"":7,""physical_error_rate"":0.0002}","{""detection_events"":40450,""detectors_checked"":52254720}"
    220160,         0,         0,    23.0,standalone_exact_mw,c63d9dbf283cbe8d7d2c9891770aca900c170ab5c3de0408fa399997170cec3d,"{""distance"":7,""physical_error_rate"":0.001}","{""detection_events"":693768,""detectors_checked"":178329600}"
    218112,         0,         0,    22.9,standalone_exact_mw,c63d9dbf283cbe8d7d2c9891770aca900c170ab5c3de0408fa399997170cec3d,"{""distance"":7,""physical_error_rate"":0.001}","{""detection_events"":685799,""detectors_checked"":176670720}"
    285696,         0,         0,    32.1,standalone_exact_mw,c63d9dbf283cbe8d7d2c9891770aca900c170ab5c3de0408fa399997170cec3d,"{""distance"":7,""physical_error_rate"":0.001}","{""detection_events"":902342,""detectors_checked"":231413760}"
    172032,         0,         0,    32.2,standalone_exact_mw,20c8daca17953576b13a32f59e5f9cb54485b277119f4e6925e9023b8dd1f351,"{""distance"":7,""physical_error_rate"":0.002}","{""detection_events"":1076348,""detectors_checked"":139345920}"
     65536,         0,         0,    3.09,standalone_exact_mw,c63d9dbf283cbe8d7d2c9891770aca900c170ab5c3de0408fa399997170cec3d,"{""distance"":7,""physical_error_rate"":0.001}","{""detection_events"":206163,""detectors_checked"":53084160}"
    118784,         7,         0,    23.0,standalone_exact_mw,a9d9675b1321ece7cfc097fb15bc34ed24757e8c4c3c164f9c59c08d4efd1ba2,"{""distance"":7,""physical_error_rate"":0.01}","{""detection_events"":3557841,""detectors_checked"":96215040,""obs_mistake_mask=E"":7}"
     89088,         0,         0,    2.18,standalone_exact_mw,8e8e16d7b7d10172304dc167922b352ab88e75bca590a4202cfa41b2b9ea2794,"{""distance"":7,""physical_error_rate"":0.0002}","{""detection_events"":56318,""detectors_checked"":72161280}"
    364544,         0,         0,    32.2,standalone_exact_mw,20c8daca17953576b13a32f59e5f9cb54485b277119f4e6925e9023b8dd1f351,"{""distance"":7,""physical_error_rate"":0.002}","{""detection_events"":2286122,""detectors_checked"":295280640}"
    679936,         0,         0,    32.1,standalone_exact_mw,b0cacb7fc707c2734ebeeceefd47b6bd6784bf6b65d0613559eb8dd3ed8bcfbc,"{""distance"":7,""physical_error_rate"":0.0005}","{""detection_events"":1074603,""detectors_checked"":550748160}"
     61440,         3,         0,    11.8,standalone_exact_mw,a9d9675b1321ece7cfc097fb15bc34ed24757e8c4c3c164f9c59c08d4efd1ba2,"{""distance"":7,""physical_error_rate"":0.01}","{""detection_events"":1840297,""detectors_checked"":49766400,""obs_mistake_mask=E"":3}"
    107520,         0,         0,    3.05,standalone_exact_mw,8e8e16d7b7d10172304dc167922b352ab88e75bca590a4202cfa41b2b9ea2794,"{""distance"":7,""physical_error_rate"":0.0002}","{""detection_events"":68576,""detectors_checked"":87091200}"
     90112,         0,         0,    4.29,standalone_exact_mw,c63d9dbf283cbe8d7d2c9891770aca900c170ab5c3de0408fa399997170cec3d,"{""distance"":7,""physical_error_rate"":0.001}","{""detection_events"":283433,""detectors_checked"":72990720}"
    197632,         0,         0,    32.2,standalone_exact_mw,3f3e41bc6b36ed0cfc2fad9d3557a7870f4e21d551182548e920bf13e0232e34,"{""distance"":7,""physical_error_rate"":0.005}","{""detection_events"":3041826,""detectors_checked"":160081920}"
    174080,         0,         0,    4.27,standalone_exact_mw,8e8e16d7b7d10172304dc167922b352ab88e75bca590a4202cfa41b2b9ea2794,"{""distance"":7,""physical_error_rate"":0.0002}","{""detection_events"":110109,""detectors_checked"":141004800}"
    126976,         0,         0,    6.00,standalone_exact_mw,c63d9dbf283cbe8d7d2c9891770aca900c170ab5c3de0408fa399997170cec3d,"{""distance"":7,""physical_error_rate"":0.001}","{""detection_events"":400618,""detectors_checked"":102850560}"
    172032,         1,         0,    32.2,standalone_exact_mw,3f3e41bc6b36ed0cfc2fad9d3557a7870f4e21d551182548e920bf13e0232e34,"{""distance"":7,""physical_error_rate"":0.005}","{""detection_events"":2645963,""detectors_checked"":139345920,""obs_mistake_mask=E"":1}"
    373760,         0,         0,    22.9,standalone_exact_mw,8e8e16d7b7d10172304dc167922b352ab88e75bca590a4202cfa41b2b9ea2794,"{""distance"":7,""physical_error_rate"":0.0002}","{""detection_events"":236386,""detectors_checked"":302745600}"
    244736,         0,         0,    5.99,standalone_exact_mw,8e8e16d7b7d10172304dc167922b352ab88e75bca590a4202cfa41b2b9ea2794,"{""distance"":7,""physical_error_rate"":0.0002}","{""detection_events"":154761,""detectors_checked"":198236160}"
    412672,         0,         0,    32.1,standalone_exact_mw,b0cacb7fc707c2734ebeeceefd47b6bd6784bf6b65d0613559eb8dd3ed8bcfbc,"{""distance"":7,""physical_error_rate"":0.0005}","{""detection_events"":653255,""detectors_checked"":334264320}"
    435200,         0,         0,    22.9,standalone_exact_mw,8e8e16d7b7d10172304dc167922b352ab88e75bca590a4202cfa41b2b9ea2794,"{""distance"":7,""physical_error_rate"":0.0002}","{""detection_events"":275576,""detectors_checked"":352512000}"
    230400,         0,         0,    32.3,standalone_exact_mw,20c8daca17953576b13a32f59e5f9cb54485b277119f4e6925e9023b8dd1f351,"{""distance"":7,""physical_error_rate"":0.002}","{""detection_events"":1446239,""detectors_checked"":186624000}"
    403456,         0,         0,    44.9,standalone_exact_mw,c63d9dbf283cbe8d7d2c9891770aca900c170ab5c3de0408fa399997170cec3d,"{""distance"":7,""physical_error_rate"":0.001}","{""detection_events"":1267644,""detectors_checked"":326799360}"
     72704,         5,         0,    16.6,standalone_exact_mw,a9d9675b1321ece7cfc097fb15bc34ed24757e8c4c3c164f9c59c08d4efd1ba2,"{""distance"":7,""physical_error_rate"":0.01}","{""detection_events"":2173663,""detectors_checked"":58890240,""obs_mistake_mask=E"":5}"
    177152,         0,         0,    8.36,standalone_exact_mw,c63d9dbf283cbe8d7d2c9891770aca900c170ab5c3de0408fa399997170cec3d,"{""distance"":7,""physical_error_rate"":0.001}","{""detection_events"":558337,""detectors_checked"":143493120}"
    691200,        51,         0,    63.0,standalone_exact_mw,a9d9675b1321ece7cfc097fb15bc34ed24757e8c4c3c164f9c59c08d4efd1ba2,"{""distance"":7,""physical_error_rate"":0.01}","{""detection_events"":20687850,""detectors_checked"":559872000,""obs_mistake_mask=E"":51}"
    821248,         5,         0,    63.0,standalone_exact_mw,3f3e41bc6b36ed0cfc2fad9d3557a7870f4e21d551182548e920bf13e0232e34,"{""distance"":7,""physical_error_rate"":0.005}","{""detection_events"":12640630,""detectors_checked"":665210880,""obs_mistake_mask=E"":5}"
    340992,         0,         0,    8.36,standalone_exact_mw,8e8e16d7b7d10172304dc167922b352ab88e75bca590a4202cfa41b2b9ea2794,"{""distance"":7,""physical_error_rate"":0.0002}","{""detection_events"":216098,""detectors_checked"":276203520}"
       273,         0,         0,   0.012,standalone_exact_mw,8e8e16d7b7d10172304dc167922b352ab88e75bca590a4202cfa41b2b9ea2794,"{""distance"":7,""physical_error_rate"":0.0002}","{""detection_events"":183,""detectors_checked"":221130}"
      1024,         0,         0,   0.025,standalone_exact_mw,8e8e16d7b7d10172304dc167922b352ab88e75bca590a4202cfa41b2b9ea2794,"{""distance"":7,""physical_error_rate"":0.0002}","{""detection_events"":616,""detectors_checked"":829440}"
      1024,         0,         0,   0.025,standalone_exact_mw,8e8e16d7b7d10172304dc167922b352ab88e75bca590a4202cfa41b2b9ea2794,"{""distance"":7,""physical_error_rate"":0.0002}","{""detection_events"":639,""detectors_checked"":829440}"
      2048,         0,         0,   0.051,standalone_exact_mw,8e8e16d7b7d10172304dc167922b352ab88e75bca590a4202cfa41b2b9ea2794,"{""distance"":7,""physical_error_rate"":0.0002}","{""detection_events"":1327,""detectors_checked"":1658880}"
      2048,         0,         0,   0.051,standalone_exact_mw,8e8e16d7b7d10172304dc167922b352ab88e75bca590a4202cfa41b2b9ea2794,"{""distance"":7,""physical_error_rate"":0.0002}","{""detection_events"":1280,""detectors_checked"":1658880}"
      3072,         0,         0,   0.076,standalone_exact_mw,8e8e16d7b7d10172304dc167922b352ab88e75bca590a4202cfa41b2b9ea2794,"{""distance"":7,""physical_error_rate"":0.0002}","{""detection_events"":1941,""detectors_checked"":2488320}"
      3072,         0,         0,   0.075,standalone_exact_mw,8e8e16d7b7d10172304dc167922b352ab88e75bca590a4202cfa41b2b9ea2794,"{""distance"":7,""physical_error_rate"":0.0002}","{""detection_events"":1848,""detectors_checked"":2488320}"
      5120,         0,         0,   0.127,standalone_exact_mw,8e8e16d7b7d10172304dc167922b352ab88e75bca590a4202cfa41b2b9ea2794,"{""distance"":7,""physical_error_rate"":0.0002}","{""detection_events"":3329,""detectors_checked"":4147200}"
      6144,         0,         0,   0.152,standalone_exact_mw,8e8e16d7b7d10172304dc167922b352ab88e75bca590a4202cfa41b2b9ea2794,"{""distance"":7,""physical_error_rate"":0.0002}","{""detection_events"":3926,""detectors_checked"":4976640}"
      9216,         0,         0,   0.230,standalone_exact_mw,8e8e16d7b7d10172304dc167922b352ab88e75bca590a4202cfa41b2b9ea2794,"{""distance"":7,""physical_error_rate"":0.0002}","{""detection_events"":5998,""detectors_checked"":7464960}"
     12288,         0,         0,   0.302,standalone_exact_mw,8e8e16d7b7d10172304dc167922b352ab88e75bca590a4202cfa41b2b9ea2794,"{""distance"":7,""physical_error_rate"":0.0002}","{""detection_events"":7758,""detectors_checked"":9953280}"
     16384,         0,         0,   0.405,standalone_exact_mw,8e8e16d7b7d10172304dc167922b352ab88e75bca590a4202cfa41b2b9ea2794,"{""distance"":7,""physical_error_rate"":0.0002}","{""detection_events"":10384,""detectors_checked"":13271040}"
    162816,        15,         0,    32.2,standalone_exact_mw,a9d9675b1321ece7cfc097fb15bc34ed24757e8c4c3c164f9c59c08d4efd1ba2,"{""distance"":7,""physical_error_rate"":0.01}","{""detection_events"":4866146,""detectors_checked"":131880960,""obs_mistake_mask=E"":15}"
     23552,         0,         0,   0.581,standalone_exact_mw,8e8e16d7b7d10172304dc167922b352ab88e75bca590a4202cfa41b2b9ea2794,"{""distance"":7,""physical_error_rate"":0.0002}","{""detection_events"":14687,""detectors_checked"":19077120}"
    645120,         0,         0,    45.0,standalone_exact_mw,c63d9dbf283cbe8d7d2c9891770aca900c170ab5c3de0408fa399997170cec3d,"{""distance"":7,""physical_error_rate"":0.001}","{""detection_events"":2034169,""detectors_checked"":522547200}"
     32768,         0,         0,   0.812,standalone_exact_mw,8e8e16d7b7d10172304dc167922b352ab88e75bca590a4202cfa41b2b9ea2794,"{""distance"":7,""physical_error_rate"":0.0002}","{""detection_events"":20939,""detectors_checked"":26542080}"
    216064,        22,         0,    45.0,standalone_exact_mw,a9d9675b1321ece7cfc097fb15bc34ed24757e8c4c3c164f9c59c08d4efd1ba2,"{""distance"":7,""physical_error_rate"":0.01}","{""detection_events"":6463713,""detectors_checked"":175011840,""obs_mistake_mask=E"":22}"
     45056,         0,         0,    1.12,standalone_exact_mw,8e8e16d7b7d10172304dc167922b352ab88e75bca590a4202cfa41b2b9ea2794,"{""distance"":7,""physical_error_rate"":0.0002}","{""detection_events"":28531,""detectors_checked"":36495360}"
   1211392,         0,         0,    44.9,standalone_exact_mw,8e8e16d7b7d10172304dc167922b352ab88e75bca590a4202cfa41b2b9ea2794,"{""distance"":7,""physical_error_rate"":0.0002}","{""detection_events"":767199,""detectors_checked"":981227520}"
    247808,         0,         0,    11.7,standalone_exact_mw,c63d9dbf283cbe8d7d2c9891770aca900c170ab5c3de0408fa399997170cec3d,"{""distance"":7,""physical_error_rate"":0.001}","{""detection_events"":779855,""detectors_checked"":200724480}"
    312320,         0,         0,    32.1,standalone_exact_mw,c63d9dbf283cbe8d7d2c9891770aca900c170ab5c3de0408fa399997170cec3d,"{""distance"":7,""physical_error_rate"":0.001}","{""detection_events"":987320,""detectors_checked"":252979200}"
    317440,         0,         0,    32.1,standalone_exact_mw,c63d9dbf283cbe8d7d2c9891770aca900c170ab5c3de0408fa399997170cec3d,"{""distance"":7,""physical_error_rate"":0.001}","{""detection_events"":999817,""detectors_checked"":257126400}"
     63488,         0,         0,    1.57,standalone_exact_mw,8e8e16d7b7d10172304dc167922b352ab88e75bca590a4202cfa41b2b9ea2794,"{""distance"":7,""physical_error_rate"":0.0002}","{""detection_events"":40105,""detectors_checked"":51425280}"
    142336,        10,         0,    32.2,standalone_exact_mw,a9d9675b1321ece7cfc097fb15bc34ed24757e8c4c3c164f9c59c08d4efd1ba2,"{""distance"":7,""physical_error_rate"":0.01}","{""detection_events"":4252033,""detectors_checked"":115292160,""obs_mistake_mask=E"":10}"
     88064,         0,         0,    2.17,standalone_exact_mw,8e8e16d7b7d10172304dc167922b352ab88e75bca590a4202cfa41b2b9ea2794,"{""distance"":7,""physical_error_rate"":0.0002}","{""detection_events"":55451,""detectors_checked"":71331840}"
    478208,         0,         0,    11.7,standalone_exact_mw,8e8e16d7b7d10172304dc167922b352ab88e75bca590a4202cfa41b2b9ea2794,"{""distance"":7,""physical_error_rate"":0.0002}","{""detection_events"":302689,""detectors_checked"":387348480}"
    757760,         0,         0,    45.0,standalone_exact_mw,8e8e16d7b7d10172304dc167922b352ab88e75bca590a4202cfa41b2b9ea2794,"{""distance"":7,""physical_error_rate"":0.0002}","{""detection_events"":479687,""detectors_checked"":613785600}"
    353280,         0,         0,    45.0,standalone_exact_mw,20c8daca17953576b13a32f59e5f9cb54485b277119f4e6925e9023b8dd1f351,"{""distance"":7,""physical_error_rate"":0.002}","{""detection_events"":2210488,""detectors_checked"":286156800}"
    769024,         0,         0,    44.9,standalone_exact_mw,b0cacb7fc707c2734ebeeceefd47b6bd6784bf6b65d0613559eb8dd3ed8bcfbc,"{""distance"":7,""physical_error_rate"":0.0005}","{""detection_events"":1215002,""detectors_checked"":622909440}"
    614400,         0,         0,    45.0,standalone_exact_mw,b0cacb7fc707c2734ebeeceefd47b6bd6784bf6b65d0613559eb8dd3ed8bcfbc,"{""distance"":7,""physical_error_rate"":0.0005}","{""detection_events"":970271,""detectors_checked"":497664000}"
    123904,         0,         0,    3.06,standalone_exact_mw,8e8e16d7b7d10172304dc167922b352ab88e75bca590a4202cfa41b2b9ea2794,"{""distance"":7,""physical_error_rate"":0.0002}","{""detection_events"":78756,""detectors_checked"":100362240}"
    262144,         0,         0,    45.1,standalone_exact_mw,3f3e41bc6b36ed0cfc2fad9d3557a7870f4e21d551182548e920bf13e0232e34,"{""distance"":7,""physical_error_rate"":0.005}","{""detection_events"":4040135,""detectors_checked"":212336640}"
   1189888,         0,         0,    44.9,standalone_exact_mw,8e8e16d7b7d10172304dc167922b352ab88e75bca590a4202cfa41b2b9ea2794,"{""distance"":7,""physical_error_rate"":0.0002}","{""detection_events"":754077,""detectors_checked"":963809280}"
    259072,        13,         0,    45.0,standalone_exact_mw,a9d9675b1321ece7cfc097fb15bc34ed24757e8c4c3c164f9c59c08d4efd1ba2,"{""distance"":7,""physical_error_rate"":0.01}","{""detection_events"":7754198,""detectors_checked"":209848320,""obs_mistake_mask=E"":13}"
    173056,         0,         0,    4.27,standalone_exact_mw,8e8e16d7b7d10172304dc167922b352ab88e75bca590a4202cfa41b2b9ea2794,"{""distance"":7,""physical_error_rate"":0.0002}","{""detection_events"":109021,""detectors_checked"":140175360}"
    103424,         7,         0,    23.0,standalone_exact_mw,a9d9675b1321ece7cfc097fb15bc34ed24757e8c4c3c164f9c59c08d4efd1ba2,"{""distance"":7,""physical_error_rate"":0.01}","{""detection_events"":3094080,""detectors_checked"":83773440,""obs_mistake_mask=E"":7}"
    254976,         2,         0,    45.0,standalone_exact_mw,3f3e41bc6b36ed0cfc2fad9d3557a7870f4e21d551182548e920bf13e0232e34,"{""distance"":7,""physical_error_rate"":0.005}","{""detection_events"":3925759,""detectors_checked"":206530560,""obs_mistake_mask=E"":2}"
       273,         0,         0,   0.049,standalone_exact_mw,20c8daca17953576b13a32f59e5f9cb54485b277119f4e6925e9023b8dd1f351,"{""distance"":7,""physical_error_rate"":0.002}","{""detection_events"":1713,""detectors_checked"":221130}"
      1024,         0,         0,   0.065,standalone_exact_mw,20c8daca17953576b13a32f59e5f9cb54485b277119f4e6925e9023b8dd1f351,"{""distance"":7,""physical_error_rate"":0.002}","{""detection_events"":6515,""detectors_checked"":829440}"
      1024,         0,         0,   0.065,standalone_exact_mw,20c8daca17953576b13a32f59e5f9cb54485b277119f4e6925e9023b8dd1f351,"{""distance"":7,""physical_error_rate"":0.002}","{""detection_events"":6444,""detectors_checked"":829440}"
      1024,         0,         0,   0.064,standalone_exact_mw,20c8daca17953576b13a32f59e5f9cb54485b277119f4e6925e9023b8dd1f351,"{""distance"":7,""physical_error_rate"":0.002}","{""detection_events"":6486,""detectors_checked"":829440}"
      1024,         0,         0,   0.064,standalone_exact_mw,20c8daca17953576b13a32f59e5f9cb54485b277119f4e6925e9023b8dd1f351,"{""distance"":7,""physical_error_rate"":0.002}","{""detection_events"":6333,""detectors_checked"":829440}"
      1024,         0,         0,   0.130,standalone_exact_mw,20c8daca17953576b13a32f59e5f9cb54485b277119f4e6925e9023b8dd1f351,"{""distance"":7,""physical_error_rate"":0.002}","{""detection_events"":6622,""detectors_checked"":829440}"
    644096,         0,         0,    45.0,standalone_exact_mw,c63d9dbf283cbe8d7d2c9891770aca900c170ab5c3de0408fa399997170cec3d,"{""distance"":7,""physical_error_rate"":0.001}","{""detection_events"":2033313,""detectors_checked"":521717760}"
      2048,         0,         0,   0.128,standalone_exact_mw,20c8daca17953576b13a32f59e5f9cb54485b277119f4e6925e9023b8dd1f351,"{""distance"":7,""physical_error_rate"":0.002}","{""detection_events"":12828,""detectors_checked"":1658880}"
      2048,         0,         0,   0.129,standalone_exact_mw,20c8daca17953576b13a32f59e5f9cb54485b277119f4e6925e9023b8dd1f351,"{""distance"":7,""physical_error_rate"":0.002}","{""detection_events"":12892,""detectors_checked"":1658880}"
    323584,         0,         0,    45.0,standalone_exact_mw,20c8daca17953576b13a32f59e5f9cb54485b277119f4e6925e9023b8dd1f351,"{""distance"":7,""physical_error_rate"":0.002}","{""detection_events"":2022946,""detectors_checked"":262103040}"
      3072,         0,         0,   0.193,standalone_exact_mw,20c8daca17953576b13a32f59e5f9cb54485b277119f4e6925e9023b8dd1f351,"{""distance"":7,""physical_error_rate"":0.002}","{""detection_events"":19423,""detectors_checked"":2488320}"
      4096,         0,         0,   0.335,standalone_exact_mw,20c8daca17953576b13a32f59e5f9cb54485b277119f4e6925e9023b8dd1f351,"{""distance"":7,""physical_error_rate"":0.002}","{""detection_events"":25686,""detectors_checked"":3317760}"
    308224,         0,         0,    45.0,standalone_exact_mw,3f3e41bc6b36ed0cfc2fad9d3557a7870f4e21d551182548e920bf13e0232e34,"{""distance"":7,""physical_error_rate"":0.005}","{""detection_events"":4744884,""detectors_checked"":249661440}"
      4096,         0,         0,   0.309,standalone_exact_mw,20c8daca17953576b13a32f59e5f9cb54485b277119f4e6925e9023b8dd1f351,"{""distance"":7,""physical_error_rate"":0.002}","{""detection_events"":25884,""detectors_checked"":3317760}"
    520192,         0,         0,    32.1,standalone_exact_mw,8e8e16d7b7d10172304dc167922b352ab88e75bca590a4202cfa41b2b9ea2794,"{""distance"":7,""physical_error_rate"":0.0002}","{""detection_events"":329207,""detectors_checked"":421355520}"
      6144,         0,         0,   0.458,standalone_exact_mw,20c8daca17953576b13a32f59e5f9cb54485b277119f4e6925e9023b8dd1f351,"{""distance"":7,""physical_error_rate"":0.002}","{""detection_events"":37737,""detectors_checked"":4976640}"
    322560,         0,         0,    44.9,standalone_exact_mw,20c8daca17953576b13a32f59e5f9cb54485b277119f4e6925e9023b8dd1f351,"{""distance"":7,""physical_error_rate"":0.002}","{""detection_events"":2020024,""detectors_checked"":261273600}"
    465920,         0,         0,    45.0,standalone_exact_mw,c63d9dbf283cbe8d7d2c9891770aca900c170ab5c3de0408fa399997170cec3d,"{""distance"":7,""physical_error_rate"":0.001}","{""detection_events"":1463966,""detectors_checked"":377395200}"
      7168,         0,         0,   0.555,standalone_exact_mw,20c8daca17953576b13a32f59e5f9cb54485b277119f4e6925e9023b8dd1f351,"{""distance"":7,""physical_error_rate"":0.002}","{""detection_events"":45155,""detectors_checked"":5806080}"
     11264,         0,         0,   0.833,standalone_exact_mw,20c8daca17953576b13a32f59e5f9cb54485b277119f4e6925e9023b8dd1f351,"{""distance"":7,""physical_error_rate"":0.002}","{""detection_events"":70536,""detectors_checked"":9123840}"
    505856,         0,         0,    45.0,standalone_exact_mw,20c8daca17953576b13a32f59e5f9cb54485b277119f4e6925e9023b8dd1f351,"{""distance"":7,""physical_error_rate"":0.002}","{""detection_events"":3168243,""detectors_checked"":409743360}"
     16384,         0,         0,    1.15,standalone_exact_mw,20c8daca17953576b13a32f59e5f9cb54485b277119f4e6925e9023b8dd1f351,"{""distance"":7,""physical_error_rate"":0.002}","{""detection_events"":102906,""detectors_checked"":13271040}"
    846848,         0,         0,    44.9,standalone_exact_mw,b0cacb7fc707c2734ebeeceefd47b6bd6784bf6b65d0613559eb8dd3ed8bcfbc,"{""distance"":7,""physical_error_rate"":0.0005}","{""detection_events"":1337387,""detectors_checked"":685946880}"
    345088,         0,         0,    16.4,standalone_exact_mw,c63d9dbf283cbe8d7d2c9891770aca900c170ab5c3de0408fa399997170cec3d,"{""distance"":7,""physical_error_rate"":0.001}","{""detection_events"":1087655,""detectors_checked"":279521280}"
    241664,         0,         0,    5.98,standalone_exact_mw,8e8e16d7b7d10172304dc167922b352ab88e75bca590a4202cfa41b2b9ea2794,"{""distance"":7,""physical_error_rate"":0.0002}","{""detection_events"":152514,""detectors_checked"":195747840}"
         1,         0,         0,   0.015,standalone_exact_mw,b0cacb7fc707c2734ebeeceefd47b6bd6784bf6b65d0613559eb8dd3ed8bcfbc,"{""distance"":7,""physical_error_rate"":0.0005}","{""detectors_checked"":810}"
      1296,         0,         0,   0.086,standalone_exact_mw,b0cacb7fc707c2734ebeeceefd47b6bd6784bf6b65d0613559eb8dd3ed8bcfbc,"{""distance"":7,""physical_error_rate"":0.0005}","{""detection_events"":2007,""detectors_checked"":1049760}"
      1024,         0,         0,   0.076,standalone_exact_mw,b0cacb7fc707c2734ebeeceefd47b6bd6784bf6b65d0613559eb8dd3ed8bcfbc,"{""distance"":7,""physical_error_rate"":0.0005}","{""detection_events"":1708,""detectors_checked"":829440}"
      1024,         0,         0,   0.076,standalone_exact_mw,b0cacb7fc707c2734ebeeceefd47b6bd6784bf6b65d0613559eb8dd3ed8bcfbc,"{""distance"":7,""physical_error_rate"":0.0005}","{""detection_events"":1643,""detectors_checked"":829440}"
      1024,         0,         0,   0.062,standalone_exact_mw,b0cacb7fc707c2734ebeeceefd47b6bd6784bf6b65d0613559eb8dd3ed8bcfbc,"{""distance"":7,""physical_error_rate"":0.0005}","{""detection_events"":1515,""detectors_checked"":829440}"
      1024,         0,         0,   0.077,standalone_exact_mw,b0cacb7fc707c2734ebeeceefd47b6bd6784bf6b65d0613559eb8dd3ed8bcfbc,"{""distance"":7,""physical_error_rate"":0.0005}","{""detection_events"":1745,""detectors_checked"":829440}"
      2048,         0,         0,   0.150,standalone_exact_mw,b0cacb7fc707c2734ebeeceefd47b6bd6784bf6b65d0613559eb8dd3ed8bcfbc,"{""distance"":7,""physical_error_rate"":0.0005}","{""detection_events"":3242,""detectors_checked"":1658880}"
      2048,         0,         0,   0.139,standalone_exact_mw,b0cacb7fc707c2734ebeeceefd47b6bd6784bf6b65d0613559eb8dd3ed8bcfbc,"{""distance"":7,""physical_error_rate"":0.0005}","{""detection_events"":3283,""detectors_checked"":1658880}"
      2048,         0,         0,   0.138,standalone_exact_mw,b0cacb7fc707c2734ebeeceefd47b6bd6784bf6b65d0613559eb8dd3ed8bcfbc,"{""distance"":7,""physical_error_rate"":0.0005}","{""detection_events"":3177,""detectors_checked"":1658880}"
      3072,         0,         0,   0.227,standalone_exact_mw,b0cacb7fc707c2734ebeeceefd47b6bd6784bf6b65d0613559eb8dd3ed8bcfbc,"{""distance"":7,""physical_error_rate"":0.0005}","{""detection_events"":4910,""detectors_checked"":2488320}"
    893952,         0,         0,    63.0,standalone_exact_mw,20c8daca17953576b13a32f59e5f9cb54485b277119f4e6925e9023b8dd1f351,"{""distance"":7,""physical_error_rate"":0.002}","{""detection_events"":5609331,""detectors_checked"":724101120}"
     23552,         0,         0,    1.60,standalone_exact_mw,20c8daca17953576b13a32f59e5f9cb54485b277119f4e6925e9023b8dd1f351,"{""distance"":7,""physical_error_rate"":0.002}","{""detection_events"":147732,""detectors_checked"":19077120}"
      5120,         0,         0,   0.348,standalone_exact_mw,b0cacb7fc707c2734ebeeceefd47b6bd6784bf6b65d0613559eb8dd3ed8bcfbc,"{""distance"":7,""physical_error_rate"":0.0005}","{""detection_events"":7831,""detectors_checked"":4147200}"
    591872,         0,         0,    32.0,standalone_exact_mw,8e8e16d7b7d10172304dc167922b352ab88e75bca590a4202cfa41b2b9ea2794,"{""distance"":7,""physical_error_rate"":0.0002}","{""detection_events"":375358,""detectors_checked"":479416320}"
      7168,         0,         0,   0.430,standalone_exact_mw,b0cacb7fc707c2734ebeeceefd47b6bd6784bf6b65d0613559eb8dd3ed8bcfbc,"{""distance"":7,""physical_error_rate"":0.0005}","{""detection_events"":11596,""detectors_checked"":5806080}"
      8192,         0,         0,   0.575,standalone_exact_mw,b0cacb7fc707c2734ebeeceefd47b6bd6784bf6b65d0613559eb8dd3ed8bcfbc,"{""distance"":7,""physical_error_rate"":0.0005}","{""detection_events"":12536,""detectors_checked"":6635520}"
    239616,         1,         0,    45.0,standalone_exact_mw,3f3e41bc6b36ed0cfc2fad9d3557a7870f4e21d551182548e920bf13e0232e34,"{""distance"":7,""physical_error_rate"":0.005}","{""detection_events"":3688752,""detectors_checked"":194088960,""obs_mistake_mask=E"":1}"
       273,         0,         0,   0.013,standalone_exact_mw,8e8e16d7b7d10172304dc167922b352ab88e75bca590a4202cfa41b2b9ea2794,"{""distance"":7,""physical_error_rate"":0.0002}","{""detection_events"":201,""detectors_checked"":221130}"
      1024,         0,         0,   0.025,standalone_exact_mw,8e8e16d7b7d10172304dc167922b352ab88e75bca590a4202cfa41b2b9ea2794,"{""distance"":7,""physical_error_rate"":0.0002}","{""detection_events"":600,""detectors_checked"":829440}"
      1024,         0,         0,   0.025,standalone_exact_mw,8e8e16d7b7d10172304dc167922b352ab88e75bca590a4202cfa41b2b9ea2794,"{""distance"":7,""physical_error_rate"":0.0002}","{""detection_events"":578,""detectors_checked"":829440}"
      2048,         0,         0,   0.052,standalone_exact_mw,8e8e16d7b7d10172304dc167922b352ab88e75bca590a4202cfa41b2b9ea2794,"{""distance"":7,""physical_error_rate"":0.0002}","{""detection_events"":1348,""detectors_checked"":1658880}"
      2048,         0,         0,   0.052,standalone_exact_mw,8e8e16d7b7d10172304dc167922b352ab88e75bca590a4202cfa41b2b9ea2794,"{""distance"":7,""physical_error_rate"":0.0002}","{""detection_events"":1348,""detectors_checked"":1658880}"
      3072,         0,         0,   0.077,standalone_exact_mw,8e8e16d7b7d10172304dc167922b352ab88e75bca590a4202cfa41b2b9ea2794,"{""distance"":7,""physical_error_rate"":0.0002}","{""detection_events"":1980,""detectors_checked"":2488320}"
     16384,         0,         0,   0.800,standalone_exact_mw,b0cacb7fc707c2734ebeeceefd47b6bd6784bf6b65d0613559eb8dd3ed8bcfbc,"{""distance"":7,""physical_error_rate"":0.0005}","{""detection_events"":25473,""detectors_checked"":13271040}"
      3072,         0,         0,   0.077,standalone_exact_mw,8e8e16d7b7d10172304dc167922b352ab88e75bca590a4202cfa41b2b9ea2794,"{""distance"":7,""physical_error_rate"":0.0002}","{""detection_events"":1937,""detectors_checked"":2488320}"
    662528,         0,         0,    16.4,standalone_exact_mw,8e8e16d7b7d10172304dc167922b352ab88e75bca590a4202cfa41b2b9ea2794,"{""distance"":7,""physical_error_rate"":0.0002}","{""detection_events"":420700,""detectors_checked"":536647680}"
     21504,         0,         0,    2.19,standalone_exact_mw,20c8daca17953576b13a32f59e5f9cb54485b277119f4e6925e9023b8dd1f351,"{""distance"":7,""physical_error_rate"":0.002}","{""detection_events"":134770,""detectors_checked"":17418240}"
      5120,         0,         0,   0.127,standalone_exact_mw,8e8e16d7b7d10172304dc167922b352ab88e75bca590a4202cfa41b2b9ea2794,"{""distance"":7,""physical_error_rate"":0.0002}","{""detection_events"":3212,""detectors_checked"":4147200}"
      6144,         0,         0,   0.153,standalone_exact_mw,8e8e16d7b7d10172304dc167922b352ab88e75bca590a4202cfa41b2b9ea2794,"{""distance"":7,""physical_error_rate"":0.0002}","{""detection_events"":3911,""detectors_checked"":4976640}"
      9216,         0,         0,   0.229,standalone_exact_mw,8e8e16d7b7d10172304dc167922b352ab88e75bca590a4202cfa41b2b9ea2794,"{""distance"":7,""physical_error_rate"":0.0002}","{""detection_events"":5752,""detectors_checked"":7464960}"
     12288,         0,         0,   0.308,standalone_exact_mw,8e8e16d7b7d10172304dc167922b352ab88e75bca590a4202cfa41b2b9ea2794,"{""distance"":7,""physical_error_rate"":0.0002}","{""detection_events"":7805,""detectors_checked"":9953280}"
     29696,         0,         0,    1.15,standalone_exact_mw,b0cacb7fc707c2734ebeeceefd47b6bd6784bf6b65d0613559eb8dd3ed8bcfbc,"{""distance"":7,""physical_error_rate"":0.0005}","{""detection_events"":46813,""detectors_checked"":24053760}"
     16384,         0,         0,   0.409,standalone_exact_mw,8e8e16d7b7d10172304dc167922b352ab88e75bca590a4202cfa41b2b9ea2794,"{""distance"":7,""physical_error_rate"":0.0002}","{""detection_events"":10529,""detectors_checked"":13271040}"
     23552,         0,         0,   0.586,standalone_exact_mw,8e8e16d7b7d10172304dc167922b352ab88e75bca590a4202cfa41b2b9ea2794,"{""distance"":7,""physical_error_rate"":0.0002}","{""detection_events"":14838,""detectors_checked"":19077120}"
     31744,         0,         0,   0.794,standalone_exact_mw,8e8e16d7b7d10172304dc167922b352ab88e75bca590a4202cfa41b2b9ea2794,"{""distance"":7,""physical_error_rate"":0.0002}","{""detection_events"":20219,""detectors_checked"":25712640}"
     23552,         0,         0,    1.63,standalone_exact_mw,b0cacb7fc707c2734ebeeceefd47b6bd6784bf6b65d0613559eb8dd3ed8bcfbc,"{""distance"":7,""physical_error_rate"":0.0005}","{""detection_events"":36817,""detectors_checked"":19077120}"
     41984,         0,         0,    3.11,standalone_exact_mw,20c8daca17953576b13a32f59e5f9cb54485b277119f4e6925e9023b8dd1f351,"{""distance"":7,""physical_error_rate"":0.002}","{""detection_events"":262299,""detectors_checked"":34007040}"
     45056,         0,         0,    1.13,standalone_exact_mw,8e8e16d7b7d10172304dc167922b352ab88e75bca590a4202cfa41b2b9ea2794,"{""distance"":7,""physical_error_rate"":0.0002}","{""detection_events"":28492,""detectors_checked"":36495360}"
     28672,         0,         0,    2.21,standalone_exact_mw,b0cacb7fc707c2734ebeeceefd47b6bd6784bf6b65d0613559eb8dd3ed8bcfbc,"{""distance"":7,""physical_error_rate"":0.0005}","{""detection_events"":45309,""detectors_checked"":23224320}"
    336896,         0,         0,    8.37,standalone_exact_mw,8e8e16d7b7d10172304dc167922b352ab88e75bca590a4202cfa41b2b9ea2794,"{""distance"":7,""physical_error_rate"":0.0002}","{""detection_events"":214027,""detectors_checked"":272885760}"
     62464,         0,         0,    1.56,standalone_exact_mw,8e8e16d7b7d10172304dc167922b352ab88e75bca590a4202cfa41b2b9ea2794,"{""distance"":7,""physical_error_rate"":0.0002}","{""detection_events"":39470,""detectors_checked"":50595840}"
    273408,         1,         0,    45.1,standalone_exact_mw,3f3e41bc6b36ed0cfc2fad9d3557a7870f4e21d551182548e920bf13e0232e34,"{""distance"":7,""physical_error_rate"":0.005}","{""detection_events"":4206342,""detectors_checked"":221460480,""obs_mistake_mask=E"":1}"
     87040,         0,         0,    2.17,standalone_exact_mw,8e8e16d7b7d10172304dc167922b352ab88e75bca590a4202cfa41b2b9ea2794,"{""distance"":7,""physical_error_rate"":0.0002}","{""detection_events"":55204,""detectors_checked"":70502400}"
     44032,         0,         0,    4.28,standalone_exact_mw,20c8daca17953576b13a32f59e5f9cb54485b277119f4e6925e9023b8dd1f351,"{""distance"":7,""physical_error_rate"":0.002}","{""detection_events"":275819,""detectors_checked"":35665920}"
     58368,         0,         0,    3.09,standalone_exact_mw,b0cacb7fc707c2734ebeeceefd47b6bd6784bf6b65d0613559eb8dd3ed8bcfbc,"{""distance"":7,""physical_error_rate"":0.0005}","{""detection_events"":92716,""detectors_checked"":47278080}"
    360448,         0,         0,    45.1,standalone_exact_mw,b0cacb7fc707c2734ebeeceefd47b6bd6784bf6b65d0613559eb8dd3ed8bcfbc,"{""distance"":7,""physical_error_rate"":0.0005}","{""detection_events"":569133,""detectors_checked"":291962880}"
    121856,         0,         0,    3.05,standalone_exact_mw,8e8e16d7b7d10172304dc167922b352ab88e75bca590a4202cfa41b2b9ea2794,"{""distance"":7,""physical_error_rate"":0.0002}","{""detection_events"":77105,""detectors_checked"":98703360}"
     67584,         0,         0,    4.30,standalone_exact_mw,b0cacb7fc707c2734ebeeceefd47b6bd6784bf6b65d0613559eb8dd3ed8bcfbc,"{""distance"":7,""physical_error_rate"":0.0005}","{""detection_events"":106830,""detectors_checked"":54743040}"
    133120,         0,         0,    45.0,standalone_exact_mw,20c8daca17953576b13a32f59e5f9cb54485b277119f4e6925e9023b8dd1f351,"{""distance"":7,""physical_error_rate"":0.002}","{""detection_events"":832848,""detectors_checked"":107827200}"
     62464,         0,         0,    6.10,standalone_exact_mw,20c8daca17953576b13a32f59e5f9cb54485b277119f4e6925e9023b8dd1f351,"{""distance"":7,""physical_error_rate"":0.002}","{""detection_events"":392310,""detectors_checked"":50595840}"
    171008,         0,         0,    4.28,standalone_exact_mw,8e8e16d7b7d10172304dc167922b352ab88e75bca590a4202cfa41b2b9ea2794,"{""distance"":7,""physical_error_rate"":0.0002}","{""detection_events"":108183,""detectors_checked"":138516480}"
    472064,         0,         0,    11.7,standalone_exact_mw,8e8e16d7b7d10172304dc167922b352ab88e75bca590a4202cfa41b2b9ea2794,"{""distance"":7,""physical_error_rate"":0.0002}","{""detection_events"":300312,""detectors_checked"":382371840}"
    115712,         0,         0,    5.97,standalone_exact_mw,b0cacb7fc707c2734ebeeceefd47b6bd6784bf6b65d0613559eb8dd3ed8bcfbc,"{""distance"":7,""physical_error_rate"":0.0005}","{""detection_events"":182601,""detectors_checked"":93726720}"
    484352,         0,         0,    23.0,standalone_exact_mw,c63d9dbf283cbe8d7d2c9891770aca900c170ab5c3de0408fa399997170cec3d,"{""distance"":7,""physical_error_rate"":0.001}","{""detection_events"":1531152,""detectors_checked"":392325120}"
    238592,         0,         0,    5.97,standalone_exact_mw,8e8e16d7b7d10172304dc167922b352ab88e75bca590a4202cfa41b2b9ea2794,"{""distance"":7,""physical_error_rate"":0.0002}","{""detection_events"":150623,""detectors_checked"":193259520}"
     83968,         0,         0,    8.36,standalone_exact_mw,20c8daca17953576b13a32f59e5f9cb54485b277119f4e6925e9023b8dd1f351,"{""distance"":7,""physical_error_rate"":0.002}","{""detection_events"":526069,""detectors_checked"":68014080}"
         1,         0,         0,   0.014,standalone_exact_mw,3f3e41bc6b36ed0cfc2fad9d3557a7870f4e21d551182548e920bf13e0232e34,"{""distance"":7,""physical_error_rate"":0.005}","{""detection_events"":15,""detectors_checked"":810}"
       272,         0,         0,   0.045,standalone_exact_mw,3f3e41bc6b36ed0cfc2fad9d3557a7870f4e21d551182548e920bf13e0232e34,"{""distance"":7,""physical_error_rate"":0.005}","{""detection_events"":4211,""detectors_checked"":220320}"
      1024,         0,         0,   0.160,standalone_exact_mw,3f3e41bc6b36ed0cfc2fad9d3557a7870f4e21d551182548e920bf13e0232e34,"{""distance"":7,""physical_error_rate"":0.005}","{""detection_events"":15960,""detectors_checked"":829440}"
      1024,         0,         0,   0.160,standalone_exact_mw,3f3e41bc6b36ed0cfc2fad9d3557a7870f4e21d551182548e920bf13e0232e34,"{""distance"":7,""physical_error_rate"":0.005}","{""detection_events"":15724,""detectors_checked"":829440}"
    192512,        17,         0,    45.2,standalone_exact_mw,a9d9675b1321ece7cfc097fb15bc34ed24757e8c4c3c164f9c59c08d4efd1ba2,"{""distance"":7,""physical_error_rate"":0.01}","{""detection_events"":5757999,""detectors_checked"":155934720,""obs_mistake_mask=E"":17}"
      1024,         0,         0,   0.192,standalone_exact_mw,3f3e41bc6b36ed0cfc2fad9d3557a7870f4e21d551182548e920bf13e0232e34,"{""distance"":7,""physical_error_rate"":0.005}","{""detection_events"":15591,""detectors_checked"":829440}"
       273,         0,         0,   0.013,standalone_exact_mw,8e8e16d7b7d10172304dc167922b352ab88e75bca590a4202cfa41b2b9ea2794,"{""distance"":7,""physical_error_rate"":0.0002}","{""detection_events"":195,""detectors_checked"":221130}"
      1024,         0,         0,   0.026,standalone_exact_mw,8e8e16d7b7d10172304dc167922b352ab88e75bca590a4202cfa41b2b9ea2794,"{""distance"":7,""physical_error_rate"":0.0002}","{""detection_events"":663,""detectors_checked"":829440}"
      1024,         0,         0,   0.026,standalone_exact_mw,8e8e16d7b7d10172304dc167922b352ab88e75bca590a4202cfa41b2b9ea2794,"{""distance"":7,""physical_error_rate"":0.0002}","{""detection_events"":692,""detectors_checked"":829440}"
      2048,         0,         0,   0.052,standalone_exact_mw,8e8e16d7b7d10172304dc167922b352ab88e75bca590a4202cfa41b2b9ea2794,"{""distance"":7,""physical_error_rate"":0.0002}","{""detection_events"":1376,""detectors_checked"":1658880}"
      1024,         0,         0,   0.193,standalone_exact_mw,3f3e41bc6b36ed0cfc2fad9d3557a7870f4e21d551182548e920bf13e0232e34,"{""distance"":7,""physical_error_rate"":0.005}","{""detection_events"":15621,""detectors_checked"":829440}"
      2048,         0,         0,   0.051,standalone_exact_mw,8e8e16d7b7d10172304dc167922b352ab88e75bca590a4202cfa41b2b9ea2794,"{""distance"":7,""physical_error_rate"":0.0002}","{""detection_events"":1248,""detectors_checked"":1658880}"
         1,         0,         0,   0.029,standalone_exact_mw,b0cacb7fc707c2734ebeeceefd47b6bd6784bf6b65d0613559eb8dd3ed8bcfbc,"{""distance"":7,""physical_error_rate"":0.0005}","{""detectors_checked"":810}"
       272,         0,         0,   0.025,standalone_exact_mw,b0cacb7fc707c2734ebeeceefd47b6bd6784bf6b65d0613559eb8dd3ed8bcfbc,"{""distance"":7,""physical_error_rate"":0.0005}","{""detection_events"":384,""detectors_checked"":220320}"
      3072,         0,         0,   0.076,standalone_exact_mw,8e8e16d7b7d10172304dc167922b352ab88e75bca590a4202cfa41b2b9ea2794,"{""distance"":7,""physical_error_rate"":0.0002}","{""detection_events"":1821,""detectors_checked"":2488320}"
    926720,         0,         0,    22.9,standalone_exact_mw,8e8e16d7b7d10172304dc167922b352ab88e75bca590a4202cfa41b2b9ea2794,"{""distance"":7,""physical_error_rate"":0.0002}","{""detection_events"":585116,""detectors_checked"":750643200}"
      1024,         0,         0,   0.110,standalone_exact_mw,b0cacb7fc707c2734ebeeceefd47b6bd6784bf6b65d0613559eb8dd3ed8bcfbc,"{""distance"":7,""physical_error_rate"":0.0005}","{""detection_events"":1722,""detectors_checked"":829440}"
      1024,         0,         0,   0.161,standalone_exact_mw,3f3e41bc6b36ed0cfc2fad9d3557a7870f4e21d551182548e920bf13e0232e34,"{""distance"":7,""physical_error_rate"":0.005}","{""detection_events"":16375,""detectors_checked"":829440}"
      3072,         0,         0,   0.076,standalone_exact_mw,8e8e16d7b7d10172304dc167922b352ab88e75bca590a4202cfa41b2b9ea2794,"{""distance"":7,""physical_error_rate"":0.0002}","{""detection_events"":1943,""detectors_checked"":2488320}"
      1024,         0,         0,   0.128,standalone_exact_mw,b0cacb7fc707c2734ebeeceefd47b6bd6784bf6b65d0613559eb8dd3ed8bcfbc,"{""distance"":7,""physical_error_rate"":0.0005}","{""detection_events"":1482,""detectors_checked"":829440}"
      5120,         0,         0,   0.128,standalone_exact_mw,8e8e16d7b7d10172304dc167922b352ab88e75bca590a4202cfa41b2b9ea2794,"{""distance"":7,""physical_error_rate"":0.0002}","{""detection_events"":3164,""detectors_checked"":4147200}"
      1024,         0,         0,   0.173,standalone_exact_mw,3f3e41bc6b36ed0cfc2fad9d3557a7870f4e21d551182548e920bf13e0232e34,"{""distance"":7,""physical_error_rate"":0.005}","{""detection_events"":16017,""detectors_checked"":829440}"
      1024,         0,         0,   0.130,standalone_exact_mw,b0cacb7fc707c2734ebeeceefd47b6bd6784bf6b65d0613559eb8dd3ed8bcfbc,"{""distance"":7,""physical_error_rate"":0.0005}","{""detection_events"":1620,""detectors_checked"":829440}"
      6144,         0,         0,   0.156,standalone_exact_mw,8e8e16d7b7d10172304dc167922b352ab88e75bca590a4202cfa41b2b9ea2794,"{""distance"":7,""physical_error_rate"":0.0002}","{""detection_events"":3979,""detectors_checked"":4976640}"
    163840,        16,         0,    32.2,standalone_exact_mw,a9d9675b1321ece7cfc097fb15bc34ed24757e8c4c3c164f9c59c08d4efd1ba2,"{""distance"":7,""physical_error_rate"":0.01}","{""detection_events"":4899587,""detectors_checked"":132710400,""obs_mistake_mask=E"":16}"
      1024,         0,         0,   0.160,standalone_exact_mw,3f3e41bc6b36ed0cfc2fad9d3557a7870f4e21d551182548e920bf13e0232e34,"{""distance"":7,""physical_error_rate"":0.005}","{""detection_events"":16043,""detectors_checked"":829440}"
      1024,         0,         0,   0.163,standalone_exact_mw,b0cacb7fc707c2734ebeeceefd47b6bd6784bf6b65d0613559eb8dd3ed8bcfbc,"{""distance"":7,""physical_error_rate"":0.0005}","{""detection_events"":1671,""detectors_checked"":829440}"
      9216,         0,         0,   0.228,standalone_exact_mw,8e8e16d7b7d10172304dc167922b352ab88e75bca590a4202cfa41b2b9ea2794,"{""distance"":7,""physical_error_rate"":0.0002}","{""detection_events"":5706,""detectors_checked"":7464960}"
      1024,         0,         0,   0.169,standalone_exact_mw,b0cacb7fc707c2734ebeeceefd47b6bd6784bf6b65d0613559eb8dd3ed8bcfbc,"{""distance"":7,""physical_error_rate"":0.0005}","{""detection_events"":1555,""detectors_checked"":829440}"
      2048,         0,         0,   0.315,standalone_exact_mw,3f3e41bc6b36ed0cfc2fad9d3557a7870f4e21d551182548e920bf13e0232e34,"{""distance"":7,""physical_error_rate"":0.005}","{""detection_events"":31586,""detectors_checked"":1658880}"
         1,         0,         0,   0.024,standalone_exact_mw,8e8e16d7b7d10172304dc167922b352ab88e75bca590a4202cfa41b2b9ea2794,"{""distance"":7,""physical_error_rate"":0.0002}","{""detectors_checked"":810}"
      1296,         0,         0,   0.071,standalone_exact_mw,8e8e16d7b7d10172304dc167922b352ab88e75bca590a4202cfa41b2b9ea2794,"{""distance"":7,""physical_error_rate"":0.0002}","{""detection_events"":814,""detectors_checked"":1049760}"
      1024,         0,         0,   0.177,standalone_exact_mw,b0cacb7fc707c2734ebeeceefd47b6bd6784bf6b65d0613559eb8dd3ed8bcfbc,"{""distance"":7,""physical_error_rate"":0.0005}","{""detection_events"":1608,""detectors_checked"":829440}"
      1024,         0,         0,   0.052,standalone_exact_mw,8e8e16d7b7d10172304dc167922b352ab88e75bca590a4202cfa41b2b9ea2794,"{""distance"":7,""physical_error_rate"":0.0002}","{""detection_events"":652,""detectors_checked"":829440}"
     12288,         0,         0,   0.310,standalone_exact_mw,8e8e16d7b7d10172304dc167922b352ab88e75bca590a4202cfa41b2b9ea2794,"{""distance"":7,""physical_error_rate"":0.0002}","{""detection_events"":7791,""detectors_checked"":9953280}"
      1024,         0,         0,   0.052,standalone_exact_mw,8e8e16d7b7d10172304dc167922b352ab88e75bca590a4202cfa41b2b9ea2794,"{""distance"":7,""physical_error_rate"":0.0002}","{""detection_events"":613,""detectors_checked"":829440}"
      1024,         0,         0,   0.052,standalone_exact_mw,8e8e16d7b7d10172304dc167922b352ab88e75bca590a4202cfa41b2b9ea2794,"{""distance"":7,""physical_error_rate"":0.0002}","{""detection_events"":649,""detectors_checked"":829440}"
      1024,         0,         0,   0.197,standalone_exact_mw,b0cacb7fc707c2734ebeeceefd47b6bd6784bf6b65d0613559eb8dd3ed8bcfbc,"{""distance"":7,""physical_error_rate"":0.0005}","{""detection_events"":1589,""detectors_checked"":829440}"
      2048,         0,         0,   0.333,standalone_exact_mw,3f3e41bc6b36ed0cfc2fad9d3557a7870f4e21d551182548e920bf13e0232e34,"{""distance"":7,""physical_error_rate"":0.005}","{""detection_events"":31761,""detectors_checked"":1658880}"
      2048,         0,         0,   0.103,standalone_exact_mw,8e8e16d7b7d10172304dc167922b352ab88e75bca590a4202cfa41b2b9ea2794,"{""distance"":7,""physical_error_rate"":0.0002}","{""detection_events"":1277,""detectors_checked"":1658880}"
      2048,         0,         0,   0.104,standalone_exact_mw,8e8e16d7b7d10172304dc167922b352ab88e75bca590a4202cfa41b2b9ea2794,"{""distance"":7,""physical_error_rate"":0.0002}","{""detection_events"":1273,""detectors_checked"":1658880}"
     16384,         0,         0,   0.410,standalone_exact_mw,8e8e16d7b7d10172304dc167922b352ab88e75bca590a4202cfa41b2b9ea2794,"{""distance"":7,""physical_error_rate"":0.0002}","{""detection_events"":10536,""detectors_checked"":13271040}"
      3072,         0,         0,   0.155,standalone_exact_mw,8e8e16d7b7d10172304dc167922b352ab88e75bca590a4202cfa41b2b9ea2794,"{""distance"":7,""physical_error_rate"":0.0002}","{""detection_events"":1871,""detectors_checked"":2488320}"
      2048,         0,         0,   0.375,standalone_exact_mw,b0cacb7fc707c2734ebeeceefd47b6bd6784bf6b65d0613559eb8dd3ed8bcfbc,"{""distance"":7,""physical_error_rate"":0.0005}","{""detection_events"":3225,""detectors_checked"":1658880}"
      3072,         0,         0,   0.156,standalone_exact_mw,8e8e16d7b7d10172304dc167922b352ab88e75bca590a4202cfa41b2b9ea2794,"{""distance"":7,""physical_error_rate"":0.0002}","{""detection_events"":1964,""detectors_checked"":2488320}"
      3072,         0,         0,   0.479,standalone_exact_mw,3f3e41bc6b36ed0cfc2fad9d3557a7870f4e21d551182548e920bf13e0232e34,"{""distance"":7,""physical_error_rate"":0.005}","{""detection_events"":46346,""detectors_checked"":2488320}"
      4096,         0,         0,   0.209,standalone_exact_mw,8e8e16d7b7d10172304dc167922b352ab88e75bca590a4202cfa41b2b9ea2794,"{""distance"":7,""physical_error_rate"":0.0002}","{""detection_events"":2718,""detectors_checked"":3317760}"
      2048,         0,         0,   0.377,standalone_exact_mw,b0cacb7fc707c2734ebeeceefd47b6bd6784bf6b65d0613559eb8dd3ed8bcfbc,"{""distance"":7,""physical_error_rate"":0.0005}","{""detection_events"":3450,""detectors_checked"":1658880}"
     23552,         0,         0,   0.587,standalone_exact_mw,8e8e16d7b7d10172304dc167922b352ab88e75bca590a4202cfa41b2b9ea2794,"{""distance"":7,""physical_error_rate"":0.0002}","{""detection_events"":14821,""detectors_checked"":19077120}"
      6144,         0,         0,   0.312,standalone_exact_mw,8e8e16d7b7d10172304dc167922b352ab88e75bca590a4202cfa41b2b9ea2794,"{""distance"":7,""physical_error_rate"":0.0002}","{""detection_events"":4014,""detectors_checked"":4976640}"
      4096,         0,         0,   0.665,standalone_exact_mw,3f3e41bc6b36ed0cfc2fad9d3557a7870f4e21d551182548e920bf13e0232e34,"{""distance"":7,""physical_error_rate"":0.005}","{""detection_events"":63681,""detectors_checked"":3317760}"
      3072,         0,         0,   0.554,standalone_exact_mw,b0cacb7fc707c2734ebeeceefd47b6bd6784bf6b65d0613559eb8dd3ed8bcfbc,"{""distance"":7,""physical_error_rate"":0.0005}","{""detection_events"":4839,""detectors_checked"":2488320}"
      8192,         0,         0,   0.415,standalone_exact_mw,8e8e16d7b7d10172304dc167922b352ab88e75bca590a4202cfa41b2b9ea2794,"{""distance"":7,""physical_error_rate"":0.0002}","{""detection_events"":5141,""detectors_checked"":6635520}"
    433152,         0,         0,    44.9,standalone_exact_mw,c63d9dbf283cbe8d7d2c9891770aca900c170ab5c3de0408fa399997170cec3d,"{""distance"":7,""physical_error_rate"":0.001}","{""detection_events"":1364940,""detectors_checked"":350853120}"
     31744,         0,         0,   0.796,standalone_exact_mw,8e8e16d7b7d10172304dc167922b352ab88e75bca590a4202cfa41b2b9ea2794,"{""distance"":7,""physical_error_rate"":0.0002}","{""detection_events"":20086,""detectors_checked"":25712640}"
    440320,         0,         0,    45.0,standalone_exact_mw,c63d9dbf283cbe8d7d2c9891770aca900c170ab5c3de0408fa399997170cec3d,"{""distance"":7,""physical_error_rate"":0.001}","{""detection_events"":1388165,""detectors_checked"":356659200}"
      3072,         0,         0,   0.574,standalone_exact_mw,b0cacb7fc707c2734ebeeceefd47b6bd6784bf6b65d0613559eb8dd3ed8bcfbc,"{""distance"":7,""physical_error_rate"":0.0005}","{""detection_events"":4902,""detectors_checked"":2488320}"
     11264,         0,         0,   0.570,standalone_exact_mw,8e8e16d7b7d10172304dc167922b352ab88e75bca590a4202cfa41b2b9ea2794,"{""distance"":7,""physical_error_rate"":0.0002}","{""detection_events"":7408,""detectors_checked"":9123840}"
      5120,         0,         0,   0.809,standalone_exact_mw,3f3e41bc6b36ed0cfc2fad9d3557a7870f4e21d551182548e920bf13e0232e34,"{""distance"":7,""physical_error_rate"":0.005}","{""detection_events"":78162,""detectors_checked"":4147200}"
    123904,         0,         0,    8.39,standalone_exact_mw,b0cacb7fc707c2734ebeeceefd47b6bd6784bf6b65d0613559eb8dd3ed8bcfbc,"{""distance"":7,""physical_error_rate"":0.0005}","{""detection_events"":195275,""detectors_checked"":100362240}"
     45056,         0,         0,    1.13,standalone_exact_mw,8e8e16d7b7d10172304dc167922b352ab88e75bca590a4202cfa41b2b9ea2794,"{""distance"":7,""physical_error_rate"":0.0002}","{""detection_events"":28647,""detectors_checked"":36495360}"
     16384,         0,         0,   0.830,standalone_exact_mw,8e8e16d7b7d10172304dc167922b352ab88e75bca590a4202cfa41b2b9ea2794,"{""distance"":7,""physical_error_rate"":0.0002}","{""detection_events"":10487,""detectors_checked"":13271040}"
      5120,         0,         0,   0.948,standalone_exact_mw,b0cacb7fc707c2734ebeeceefd47b6bd6784bf6b65d0613559eb8dd3ed8bcfbc,"{""distance"":7,""physical_error_rate"":0.0005}","{""detection_events"":8001,""detectors_checked"":4147200}"
      7168,         0,         0,    1.14,standalone_exact_mw,3f3e41bc6b36ed0cfc2fad9d3557a7870f4e21d551182548e920bf13e0232e34,"{""distance"":7,""physical_error_rate"":0.005}","{""detection_events"":109090,""detectors_checked"":5806080}"
    203776,        22,         0,    45.2,standalone_exact_mw,a9d9675b1321ece7cfc097fb15bc34ed24757e8c4c3c164f9c59c08d4efd1ba2,"{""distance"":7,""physical_error_rate"":0.01}","{""detection_events"":6097957,""detectors_checked"":165058560,""obs_mistake_mask=E"":22}"
     22528,         0,         0,    1.14,standalone_exact_mw,8e8e16d7b7d10172304dc167922b352ab88e75bca590a4202cfa41b2b9ea2794,"{""distance"":7,""physical_error_rate"":0.0002}","{""detection_events"":14163,""detectors_checked"":18247680}"
      6144,         0,         0,    1.15,standalone_exact_mw,b0cacb7fc707c2734ebeeceefd47b6bd6784bf6b65d0613559eb8dd3ed8bcfbc,"{""distance"":7,""physical_error_rate"":0.0005}","{""detection_events"":9712,""detectors_checked"":4976640}"
     62464,         0,         0,    1.55,standalone_exact_mw,8e8e16d7b7d10172304dc167922b352ab88e75bca590a4202cfa41b2b9ea2794,"{""distance"":7,""physical_error_rate"":0.0002}","{""detection_events"":39394,""detectors_checked"":50595840}"
         1,         0,         0,   0.014,standalone_exact_mw,3f3e41bc6b36ed0cfc2fad9d3557a7870f4e21d551182548e920bf13e0232e34,"{""distance"":7,""physical_error_rate"":0.005}","{""detection_events"":26,""detectors_checked"":810}"
       272,         0,         0,   0.043,standalone_exact_mw,3f3e41bc6b36ed0cfc2fad9d3557a7870f4e21d551182548e920bf13e0232e34,"{""distance"":7,""physical_error_rate"":0.005}","{""detection_events"":4174,""detectors_checked"":220320}"
     10240,         0,         0,    1.63,standalone_exact_mw,3f3e41bc6b36ed0cfc2fad9d3557a7870f4e21d551182548e920bf13e0232e34,"{""distance"":7,""physical_error_rate"":0.005}","{""detection_events"":156975,""detectors_checked"":8294400}"
      1024,         0,         0,   0.159,standalone_exact_mw,3f3e41bc6b36ed0cfc2fad9d3557a7870f4e21d551182548e920bf13e0232e34,"{""distance"":7,""physical_error_rate"":0.005}","{""detection_events"":15684,""detectors_checked"":829440}"
      1024,         0,         0,   0.158,standalone_exact_mw,3f3e41bc6b36ed0cfc2fad9d3557a7870f4e21d551182548e920bf13e0232e34,"{""distance"":7,""physical_error_rate"":0.005}","{""detection_events"":15860,""detectors_checked"":829440}"
    328704,         0,         0,    8.36,standalone_exact_mw,8e8e16d7b7d10172304dc167922b352ab88e75bca590a4202cfa41b2b9ea2794,"{""distance"":7,""physical_error_rate"":0.0002}","{""detection_events"":207367,""detectors_checked"":266250240}"
      1024,         0,         0,   0.221,standalone_exact_mw,3f3e41bc6b36ed0cfc2fad9d3557a7870f4e21d551182548e920bf13e0232e34,"{""distance"":7,""physical_error_rate"":0.005}","{""detection_events"":15929,""detectors_checked"":829440}"
      1024,         0,         0,   0.173,standalone_exact_mw,3f3e41bc6b36ed0cfc2fad9d3557a7870f4e21d551182548e920bf13e0232e34,"{""distance"":7,""physical_error_rate"":0.005}","{""detection_events"":15593,""detectors_checked"":829440}"
      1024,         0,         0,   0.159,standalone_exact_mw,3f3e41bc6b36ed0cfc2fad9d3557a7870f4e21d551182548e920bf13e0232e34,"{""distance"":7,""physical_error_rate"":0.005}","{""detection_events"":16097,""detectors_checked"":829440}"
     30720,         0,         0,    1.54,standalone_exact_mw,8e8e16d7b7d10172304dc167922b352ab88e75bca590a4202cfa41b2b9ea2794,"{""distance"":7,""physical_error_rate"":0.0002}","{""detection_events"":19324,""detectors_checked"":24883200}"
      1024,         0,         0,   0.159,standalone_exact_mw,3f3e41bc6b36ed0cfc2fad9d3557a7870f4e21d551182548e920bf13e0232e34,"{""distance"":7,""physical_error_rate"":0.005}","{""detection_events"":15660,""detectors_checked"":829440}"
      9216,         0,         0,    1.63,standalone_exact_mw,b0cacb7fc707c2734ebeeceefd47b6bd6784bf6b65d0613559eb8dd3ed8bcfbc,"{""distance"":7,""physical_error_rate"":0.0005}","{""detection_events"":14626,""detectors_checked"":7464960}"
      1024,         0,         0,   0.159,standalone_exact_mw,3f3e41bc6b36ed0cfc2fad9d3557a7870f4e21d551182548e920bf13e0232e34,"{""distance"":7,""physical_error_rate"":0.005}","{""detection_events"":15676,""detectors_checked"":829440}"
      2048,         0,         0,   0.332,standalone_exact_mw,3f3e41bc6b36ed0cfc2fad9d3557a7870f4e21d551182548e920bf13e0232e34,"{""distance"":7,""physical_error_rate"":0.005}","{""detection_events"":31338,""detectors_checked"":1658880}"
      2048,         0,         0,   0.320,standalone_exact_mw,3f3e41bc6b36ed0cfc2fad9d3557a7870f4e21d551182548e920bf13e0232e34,"{""distance"":7,""physical_error_rate"":0.005}","{""detection_events"":31300,""detectors_checked"":1658880}"
     87040,         0,         0,    2.18,standalone_exact_mw,8e8e16d7b7d10172304dc167922b352ab88e75bca590a4202cfa41b2b9ea2794,"{""distance"":7,""physical_error_rate"":0.0002}","{""detection_events"":54825,""detectors_checked"":70502400}"
    576512,         0,         0,    63.0,standalone_exact_mw,c63d9dbf283cbe8d7d2c9891770aca900c170ab5c3de0408fa399997170cec3d,"{""distance"":7,""physical_error_rate"":0.001}","{""detection_events"":1816041,""detectors_checked"":466974720}"
      3072,         0,         0,   0.477,standalone_exact_mw,3f3e41bc6b36ed0cfc2fad9d3557a7870f4e21d551182548e920bf13e0232e34,"{""distance"":7,""physical_error_rate"":0.005}","{""detection_events"":47484,""detectors_checked"":2488320}"
     14336,         0,         0,    2.32,standalone_exact_mw,3f3e41bc6b36ed0cfc2fad9d3557a7870f4e21d551182548e920bf13e0232e34,"{""distance"":7,""physical_error_rate"":0.005}","{""detection_events"":221213,""detectors_checked"":11612160}"
      4096,         0,         0,   0.788,standalone_exact_mw,3f3e41bc6b36ed0cfc2fad9d3557a7870f4e21d551182548e920bf13e0232e34,"{""distance"":7,""physical_error_rate"":0.005}","{""detection_events"":63888,""detectors_checked"":3317760}"
     44032,         0,         0,    2.22,standalone_exact_mw,8e8e16d7b7d10172304dc167922b352ab88e75bca590a4202cfa41b2b9ea2794,"{""distance"":7,""physical_error_rate"":0.0002}","{""detection_events"":28039,""detectors_checked"":35665920}"
     14336,         0,         0,    2.31,standalone_exact_mw,b0cacb7fc707c2734ebeeceefd47b6bd6784bf6b65d0613559eb8dd3ed8bcfbc,"{""distance"":7,""physical_error_rate"":0.0005}","{""detection_events"":22485,""detectors_checked"":11612160}"
      5120,         0,         0,   0.906,standalone_exact_mw,3f3e41bc6b36ed0cfc2fad9d3557a7870f4e21d551182548e920bf13e0232e34,"{""distance"":7,""physical_error_rate"":0.005}","{""detection_events"":79123,""detectors_checked"":4147200}"
         1,         0,         0,   0.014,standalone_exact_mw,b0cacb7fc707c2734ebeeceefd47b6bd6784bf6b65d0613559eb8dd3ed8bcfbc,"{""distance"":7,""physical_error_rate"":0.0005}","{""detection_events"":5,""detectors_checked"":810}"
    655360,         0,         0,    16.4,standalone_exact_mw,8e8e16d7b7d10172304dc167922b352ab88e75bca590a4202cfa41b2b9ea2794,"{""distance"":7,""physical_error_rate"":0.0002}","{""detection_events"":416252,""detectors_checked"":530841600}"
      1296,         0,         0,   0.087,standalone_exact_mw,b0cacb7fc707c2734ebeeceefd47b6bd6784bf6b65d0613559eb8dd3ed8bcfbc,"{""distance"":7,""physical_error_rate"":0.0005}","{""detection_events"":1945,""detectors_checked"":1049760}"
      1024,         0,         0,   0.076,standalone_exact_mw,b0cacb7fc707c2734ebeeceefd47b6bd6784bf6b65d0613559eb8dd3ed8bcfbc,"{""distance"":7,""physical_error_rate"":0.0005}","{""detection_events"":1602,""detectors_checked"":829440}"
      1024,         0,         0,   0.075,standalone_exact_mw,b0cacb7fc707c2734ebeeceefd47b6bd6784bf6b65d0613559eb8dd3ed8bcfbc,"{""distance"":7,""physical_error_rate"":0.0005}","{""detection_events"":1431,""detectors_checked"":829440}"
      1024,         0,         0,   0.076,standalone_exact_mw,b0cacb7fc707c2734ebeeceefd47b6bd6784bf6b65d0613559eb8dd3ed8bcfbc,"{""distance"":7,""physical_error_rate"":0.0005}","{""detection_events"":1633,""detectors_checked"":829440}"
      1024,         0,         0,   0.062,standalone_exact_mw,b0cacb7fc707c2734ebeeceefd47b6bd6784bf6b65d0613559eb8dd3ed8bcfbc,"{""distance"":7,""physical_error_rate"":0.0005}","{""detection_events"":1585,""detectors_checked"":829440}"
      1024,         0,         0,   0.064,standalone_exact_mw,b0cacb7fc707c2734ebeeceefd47b6bd6784bf6b65d0613559eb8dd3ed8bcfbc,"{""distance"":7,""physical_error_rate"":0.0005}","{""detection_events"":1683,""detectors_checked"":829440}"
    121856,         0,         0,    3.04,standalone_exact_mw,8e8e16d7b7d10172304dc167922b352ab88e75bca590a4202cfa41b2b9ea2794,"{""distance"":7,""physical_error_rate"":0.0002}","{""detection_events"":77585,""detectors_checked"":98703360}"
    154624,         0,         0,    11.8,standalone_exact_mw,20c8daca17953576b13a32f59e5f9cb54485b277119f4e6925e9023b8dd1f351,"{""distance"":7,""physical_error_rate"":0.002}","{""detection_events"":967878,""detectors_checked"":125245440}"
      2048,         0,         0,   0.143,standalone_exact_mw,b0cacb7fc707c2734ebeeceefd47b6bd6784bf6b65d0613559eb8dd3ed8bcfbc,"{""distance"":7,""physical_error_rate"":0.0005}","{""detection_events"":3118,""detectors_checked"":1658880}"
      7168,         0,         0,    1.17,standalone_exact_mw,3f3e41bc6b36ed0cfc2fad9d3557a7870f4e21d551182548e920bf13e0232e34,"{""distance"":7,""physical_error_rate"":0.005}","{""detection_events"":109534,""detectors_checked"":5806080}"
      2048,         0,         0,   0.159,standalone_exact_mw,b0cacb7fc707c2734ebeeceefd47b6bd6784bf6b65d0613559eb8dd3ed8bcfbc,"{""distance"":7,""physical_error_rate"":0.0005}","{""detection_events"":3183,""detectors_checked"":1658880}"
      3072,         0,         0,   0.213,standalone_exact_mw,b0cacb7fc707c2734ebeeceefd47b6bd6784bf6b65d0613559eb8dd3ed8bcfbc,"{""distance"":7,""physical_error_rate"":0.0005}","{""detection_events"":4674,""detectors_checked"":2488320}"
     26624,         0,         0,    3.07,standalone_exact_mw,3f3e41bc6b36ed0cfc2fad9d3557a7870f4e21d551182548e920bf13e0232e34,"{""distance"":7,""physical_error_rate"":0.005}","{""detection_events"":410004,""detectors_checked"":21565440}"
      4096,         0,         0,   0.290,standalone_exact_mw,b0cacb7fc707c2734ebeeceefd47b6bd6784bf6b65d0613559eb8dd3ed8bcfbc,"{""distance"":7,""physical_error_rate"":0.0005}","{""detection_events"":6612,""detectors_checked"":3317760}"
     59392,         0,         0,    3.05,standalone_exact_mw,8e8e16d7b7d10172304dc167922b352ab88e75bca590a4202cfa41b2b9ea2794,"{""distance"":7,""physical_error_rate"":0.0002}","{""detection_events"":37508,""detectors_checked"":48107520}"
      6144,         0,         0,   0.444,standalone_exact_mw,b0cacb7fc707c2734ebeeceefd47b6bd6784bf6b65d0613559eb8dd3ed8bcfbc,"{""distance"":7,""physical_error_rate"":0.0005}","{""detection_events"":9981,""detectors_checked"":4976640}"
     21504,         0,         0,    3.14,standalone_exact_mw,b0cacb7fc707c2734ebeeceefd47b6bd6784bf6b65d0613559eb8dd3ed8bcfbc,"{""distance"":7,""physical_error_rate"":0.0005}","{""detection_events"":34188,""detectors_checked"":17418240}"
         1,         0,         0,   0.016,standalone_exact_mw,a9d9675b1321ece7cfc097fb15bc34ed24757e8c4c3c164f9c59c08d4efd1ba2,"{""distance"":7,""physical_error_rate"":0.01}","{""detection_events"":30,""detectors_checked"":810}"
       272,         0,         0,   0.048,standalone_exact_mw,a9d9675b1321ece7cfc097fb15bc34ed24757e8c4c3c164f9c59c08d4efd1ba2,"{""distance"":7,""physical_error_rate"":0.01}","{""detection_events"":8367,""detectors_checked"":220320}"
      1024,         0,         0,   0.185,standalone_exact_mw,a9d9675b1321ece7cfc097fb15bc34ed24757e8c4c3c164f9c59c08d4efd1ba2,"{""distance"":7,""physical_error_rate"":0.01}","{""detection_events"":30428,""detectors_checked"":829440}"
     10240,         0,         0,    1.59,standalone_exact_mw,3f3e41bc6b36ed0cfc2fad9d3557a7870f4e21d551182548e920bf13e0232e34,"{""distance"":7,""physical_error_rate"":0.005}","{""detection_events"":157470,""detectors_checked"":8294400}"
      8192,         0,         0,   0.580,standalone_exact_mw,b0cacb7fc707c2734ebeeceefd47b6bd6784bf6b65d0613559eb8dd3ed8bcfbc,"{""distance"":7,""physical_error_rate"":0.0005}","{""detection_events"":12988,""detectors_checked"":6635520}"
      1024,         0,         0,   0.199,standalone_exact_mw,a9d9675b1321ece7cfc097fb15bc34ed24757e8c4c3c164f9c59c08d4efd1ba2,"{""distance"":7,""physical_error_rate"":0.01}","{""detection_events"":30689,""detectors_checked"":829440}"
       273,         0,         0,   0.016,standalone_exact_mw,b0cacb7fc707c2734ebeeceefd47b6bd6784bf6b65d0613559eb8dd3ed8bcfbc,"{""distance"":7,""physical_error_rate"":0.0005}","{""detection_events"":443,""detectors_checked"":221130}"
      1024,         0,         0,   0.037,standalone_exact_mw,b0cacb7fc707c2734ebeeceefd47b6bd6784bf6b65d0613559eb8dd3ed8bcfbc,"{""distance"":7,""physical_error_rate"":0.0005}","{""detection_events"":1711,""detectors_checked"":829440}"
      1024,         0,         0,   0.036,standalone_exact_mw,b0cacb7fc707c2734ebeeceefd47b6bd6784bf6b65d0613559eb8dd3ed8bcfbc,"{""distance"":7,""physical_error_rate"":0.0005}","{""detection_events"":1612,""detectors_checked"":829440}"
      1024,         0,         0,   0.037,standalone_exact_mw,b0cacb7fc707c2734ebeeceefd47b6bd6784bf6b65d0613559eb8dd3ed8bcfbc,"{""distance"":7,""physical_error_rate"":0.0005}","{""detection_events"":1662,""detectors_checked"":829440}"
      1024,         0,         0,   0.179,standalone_exact_mw,a9d9675b1321ece7cfc097fb15bc34ed24757e8c4c3c164f9c59c08d4efd1ba2,"{""distance"":7,""physical_error_rate"":0.01}","{""detection_events"":30266,""detectors_checked"":829440}"
      2048,         0,         0,   0.071,standalone_exact_mw,b0cacb7fc707c2734ebeeceefd47b6bd6784bf6b65d0613559eb8dd3ed8bcfbc,"{""distance"":7,""physical_error_rate"":0.0005}","{""detection_events"":3104,""detectors_checked"":1658880}"
      2048,         0,         0,   0.072,standalone_exact_mw,b0cacb7fc707c2734ebeeceefd47b6bd6784bf6b65d0613559eb8dd3ed8bcfbc,"{""distance"":7,""physical_error_rate"":0.0005}","{""detection_events"":3303,""detectors_checked"":1658880}"
      1024,         0,         0,   0.186,standalone_exact_mw,a9d9675b1321ece7cfc097fb15bc34ed24757e8c4c3c164f9c59c08d4efd1ba2,"{""distance"":7,""physical_error_rate"":0.01}","{""detection_events"":30565,""detectors_checked"":829440}"
      3072,         0,         0,   0.111,standalone_exact_mw,b0cacb7fc707c2734ebeeceefd47b6bd6784bf6b65d0613559eb8dd3ed8bcfbc,"{""distance"":7,""physical_error_rate"":0.0005}","{""detection_events"":4953,""detectors_checked"":2488320}"
      3072,         0,         0,   0.107,standalone_exact_mw,b0cacb7fc707c2734ebeeceefd47b6bd6784bf6b65d0613559eb8dd3ed8bcfbc,"{""distance"":7,""physical_error_rate"":0.0005}","{""detection_events"":4725,""detectors_checked"":2488320}"
      1024,         0,         0,   0.185,standalone_exact_mw,a9d9675b1321ece7cfc097fb15bc34ed24757e8c4c3c164f9c59c08d4efd1ba2,"{""distance"":7,""physical_error_rate"":0.01}","{""detection_events"":30464,""detectors_checked"":829440}"
      4096,         0,         0,   0.147,standalone_exact_mw,b0cacb7fc707c2734ebeeceefd47b6bd6784bf6b65d0613559eb8dd3ed8bcfbc,"{""distance"":7,""physical_error_rate"":0.0005}","{""detection_events"":6497,""detectors_checked"":3317760}"
     11264,         0,         0,   0.809,standalone_exact_mw,b0cacb7fc707c2734ebeeceefd47b6bd6784bf6b65d0613559eb8dd3ed8bcfbc,"{""distance"":7,""physical_error_rate"":0.0005}","{""detection_events"":17869,""detectors_checked"":9123840}"
      1024,         1,         0,   0.200,standalone_exact_mw,a9d9675b1321ece7cfc097fb15bc34ed24757e8c4c3c164f9c59c08d4efd1ba2,"{""distance"":7,""physical_error_rate"":0.01}","{""detection_events"":31006,""detectors_checked"":829440,""obs_mistake_mask=E"":1}"
      6144,         0,         0,   0.221,standalone_exact_mw,b0cacb7fc707c2734ebeeceefd47b6bd6784bf6b65d0613559eb8dd3ed8bcfbc,"{""distance"":7,""physical_error_rate"":0.0005}","{""detection_events"":9931,""detectors_checked"":4976640}"
      1024,         0,         0,   0.185,standalone_exact_mw,a9d9675b1321ece7cfc097fb15bc34ed24757e8c4c3c164f9c59c08d4efd1ba2,"{""distance"":7,""physical_error_rate"":0.01}","{""detection_events"":30200,""detectors_checked"":829440}"
      9216,         0,         0,   0.324,standalone_exact_mw,b0cacb7fc707c2734ebeeceefd47b6bd6784bf6b65d0613559eb8dd3ed8bcfbc,"{""distance"":7,""physical_error_rate"":0.0005}","{""detection_events"":14375,""detectors_checked"":7464960}"
      2048,         0,         0,   0.405,standalone_exact_mw,a9d9675b1321ece7cfc097fb15bc34ed24757e8c4c3c164f9c59c08d4efd1ba2,"{""distance"":7,""physical_error_rate"":0.01}","{""detection_events"":61447,""detectors_checked"":1658880}"
     12288,         0,         0,   0.434,standalone_exact_mw,b0cacb7fc707c2734ebeeceefd47b6bd6784bf6b65d0613559eb8dd3ed8bcfbc,"{""distance"":7,""physical_error_rate"":0.0005}","{""detection_events"":19242,""detectors_checked"":9953280}"
      2048,         0,         0,   0.444,standalone_exact_mw,a9d9675b1321ece7cfc097fb15bc34ed24757e8c4c3c164f9c59c08d4efd1ba2,"{""distance"":7,""physical_error_rate"":0.01}","{""detection_events"":61084,""detectors_checked"":1658880}"
     15360,         0,         0,    1.18,standalone_exact_mw,b0cacb7fc707c2734ebeeceefd47b6bd6784bf6b65d0613559eb8dd3ed8bcfbc,"{""distance"":7,""physical_error_rate"":0.0005}","{""detection_events"":24087,""detectors_checked"":12441600}"
      2048,         0,         0,   0.414,standalone_exact_mw,a9d9675b1321ece7cfc097fb15bc34ed24757e8c4c3c164f9c59c08d4efd1ba2,"{""distance"":7,""physical_error_rate"":0.01}","{""detection_events"":61442,""detectors_checked"":1658880}"
     13312,         0,         0,    2.36,standalone_exact_mw,3f3e41bc6b36ed0cfc2fad9d3557a7870f4e21d551182548e920bf13e0232e34,"{""distance"":7,""physical_error_rate"":0.005}","{""detection_events"":204154,""detectors_checked"":10782720}"
     15360,         0,         0,   0.576,standalone_exact_mw,b0cacb7fc707c2734ebeeceefd47b6bd6784bf6b65d0613559eb8dd3ed8bcfbc,"{""distance"":7,""physical_error_rate"":0.0005}","{""detection_events"":24764,""detectors_checked"":12441600}"
    171008,         0,         0,    4.27,standalone_exact_mw,8e8e16d7b7d10172304dc167922b352ab88e75bca590a4202cfa41b2b9ea2794,"{""distance"":7,""physical_error_rate"":0.0002}","{""detection_events"":108568,""detectors_checked"":138516480}"
      3072,         0,         0,   0.574,standalone_exact_mw,a9d9675b1321ece7cfc097fb15bc34ed24757e8c4c3c164f9c59c08d4efd1ba2,"{""distance"":7,""physical_error_rate"":0.01}","{""detection_events"":92404,""detectors_checked"":2488320}"
    221184,         0,         0,    11.7,standalone_exact_mw,b0cacb7fc707c2734ebeeceefd47b6bd6784bf6b65d0613559eb8dd3ed8bcfbc,"{""distance"":7,""physical_error_rate"":0.0005}","{""detection_events"":348816,""detectors_checked"":179159040}"
     35840,         0,         0,    4.37,standalone_exact_mw,3f3e41bc6b36ed0cfc2fad9d3557a7870f4e21d551182548e920bf13e0232e34,"{""distance"":7,""physical_error_rate"":0.005}","{""detection_events"":551839,""detectors_checked"":29030400}"
     11264,         0,         0,   0.819,standalone_exact_mw,b0cacb7fc707c2734ebeeceefd47b6bd6784bf6b65d0613559eb8dd3ed8bcfbc,"{""distance"":7,""physical_error_rate"":0.0005}","{""detection_events"":17504,""detectors_checked"":9123840}"
    782336,         0,         0,    44.9,standalone_exact_mw,8e8e16d7b7d10172304dc167922b352ab88e75bca590a4202cfa41b2b9ea2794,"{""distance"":7,""physical_error_rate"":0.0002}","{""detection_events"":494818,""detectors_checked"":633692160}"
     21504,         0,         0,    1.58,standalone_exact_mw,b0cacb7fc707c2734ebeeceefd47b6bd6784bf6b65d0613559eb8dd3ed8bcfbc,"{""distance"":7,""physical_error_rate"":0.0005}","{""detection_events"":33876,""detectors_checked"":17418240}"
    107520,         0,         0,    4.25,standalone_exact_mw,8e8e16d7b7d10172304dc167922b352ab88e75bca590a4202cfa41b2b9ea2794,"{""distance"":7,""physical_error_rate"":0.0002}","{""detection_events"":68210,""detectors_checked"":87091200}"
      4096,         0,         0,   0.962,standalone_exact_mw,a9d9675b1321ece7cfc097fb15bc34ed24757e8c4c3c164f9c59c08d4efd1ba2,"{""distance"":7,""physical_error_rate"":0.01}","{""detection_events"":123003,""detectors_checked"":3317760}"
     39936,         0,         0,    4.34,standalone_exact_mw,b0cacb7fc707c2734ebeeceefd47b6bd6784bf6b65d0613559eb8dd3ed8bcfbc,"{""distance"":7,""physical_error_rate"":0.0005}","{""detection_events"":62843,""detectors_checked"":32348160}"
     22528,         0,         0,    1.12,standalone_exact_mw,b0cacb7fc707c2734ebeeceefd47b6bd6784bf6b65d0613559eb8dd3ed8bcfbc,"{""distance"":7,""physical_error_rate"":0.0005}","{""detection_events"":35705,""detectors_checked"":18247680}"
      6144,         1,         0,    1.15,standalone_exact_mw,a9d9675b1321ece7cfc097fb15bc34ed24757e8c4c3c164f9c59c08d4efd1ba2,"{""distance"":7,""physical_error_rate"":0.01}","{""detection_events"":183791,""detectors_checked"":4976640,""obs_mistake_mask=E"":1}"
    467968,         0,         0,    11.7,standalone_exact_mw,8e8e16d7b7d10172304dc167922b352ab88e75bca590a4202cfa41b2b9ea2794,"{""distance"":7,""physical_error_rate"":0.0002}","{""detection_events"":295227,""detectors_checked"":379054080}"
     17408,         0,         0,    3.18,standalone_exact_mw,3f3e41bc6b36ed0cfc2fad9d3557a7870f4e21d551182548e920bf13e0232e34,"{""distance"":7,""physical_error_rate"":0.005}","{""detection_events"":268886,""detectors_checked"":14100480}"
     29696,         0,         0,    2.23,standalone_exact_mw,b0cacb7fc707c2734ebeeceefd47b6bd6784bf6b65d0613559eb8dd3ed8bcfbc,"{""distance"":7,""physical_error_rate"":0.0005}","{""detection_events"":46975,""detectors_checked"":24053760}"
     41984,         0,         0,    1.58,standalone_exact_mw,b0cacb7fc707c2734ebeeceefd47b6bd6784bf6b65d0613559eb8dd3ed8bcfbc,"{""distance"":7,""physical_error_rate"":0.0005}","{""detection_events"":66314,""detectors_checked"":34007040}"
    824320,         0,         0,    63.0,standalone_exact_mw,c63d9dbf283cbe8d7d2c9891770aca900c170ab5c3de0408fa399997170cec3d,"{""distance"":7,""physical_error_rate"":0.001}","{""detection_events"":2600385,""detectors_checked"":667699200}"
    312320,        23,         0,    63.1,standalone_exact_mw,a9d9675b1321ece7cfc097fb15bc34ed24757e8c4c3c164f9c59c08d4efd1ba2,"{""distance"":7,""physical_error_rate"":0.01}","{""detection_events"":9346120,""detectors_checked"":252979200,""obs_mistake_mask=E"":23}"
      9216,         1,         0,    1.71,standalone_exact_mw,a9d9675b1321ece7cfc097fb15bc34ed24757e8c4c3c164f9c59c08d4efd1ba2,"{""distance"":7,""physical_error_rate"":0.01}","{""detection_events"":275895,""detectors_checked"":7464960,""obs_mistake_mask=E"":1}"
   1657856,         0,         0,    62.9,standalone_exact_mw,8e8e16d7b7d10172304dc167922b352ab88e75bca590a4202cfa41b2b9ea2794,"{""distance"":7,""physical_error_rate"":0.0002}","{""detection_events"":1051807,""detectors_checked"":1342863360}"
    882688,         0,         0,    44.9,standalone_exact_mw,8e8e16d7b7d10172304dc167922b352ab88e75bca590a4202cfa41b2b9ea2794,"{""distance"":7,""physical_error_rate"":0.0002}","{""detection_events"":557597,""detectors_checked"":714977280}"
     36864,         0,         0,    2.19,standalone_exact_mw,b0cacb7fc707c2734ebeeceefd47b6bd6784bf6b65d0613559eb8dd3ed8bcfbc,"{""distance"":7,""physical_error_rate"":0.0005}","{""detection_events"":57839,""detectors_checked"":29859840}"
    239616,         0,         0,    5.98,standalone_exact_mw,8e8e16d7b7d10172304dc167922b352ab88e75bca590a4202cfa41b2b9ea2794,"{""distance"":7,""physical_error_rate"":0.0002}","{""detection_events"":151643,""detectors_checked"":194088960}"
     45056,         0,         0,    3.11,standalone_exact_mw,b0cacb7fc707c2734ebeeceefd47b6bd6784bf6b65d0613559eb8dd3ed8bcfbc,"{""distance"":7,""physical_error_rate"":0.0005}","{""detection_events"":71602,""detectors_checked"":36495360}"
     14336,         1,         0,    2.32,standalone_exact_mw,a9d9675b1321ece7cfc097fb15bc34ed24757e8c4c3c164f9c59c08d4efd1ba2,"{""distance"":7,""physical_error_rate"":0.01}","{""detection_events"":429770,""detectors_checked"":11612160,""obs_mistake_mask=E"":1}"
     55296,         0,         0,    6.03,standalone_exact_mw,3f3e41bc6b36ed0cfc2fad9d3557a7870f4e21d551182548e920bf13e0232e34,"{""distance"":7,""physical_error_rate"":0.005}","{""detection_events"":851270,""detectors_checked"":44789760}"
    121856,         0,         0,    5.97,standalone_exact_mw,8e8e16d7b7d10172304dc167922b352ab88e75bca590a4202cfa41b2b9ea2794,"{""distance"":7,""physical_error_rate"":0.0002}","{""detection_events"":77397,""detectors_checked"":98703360}"
     26624,         0,         0,    4.34,standalone_exact_mw,3f3e41bc6b36ed0cfc2fad9d3557a7870f4e21d551182548e920bf13e0232e34,"{""distance"":7,""physical_error_rate"":0.005}","{""detection_events"":409518,""detectors_checked"":21565440}"
     43008,         0,         0,    6.05,standalone_exact_mw,b0cacb7fc707c2734ebeeceefd47b6bd6784bf6b65d0613559eb8dd3ed8bcfbc,"{""distance"":7,""physical_error_rate"":0.0005}","{""detection_events"":68158,""detectors_checked"":34836480}"
       273,         0,         0,   0.012,standalone_exact_mw,8e8e16d7b7d10172304dc167922b352ab88e75bca590a4202cfa41b2b9ea2794,"{""distance"":7,""physical_error_rate"":0.0002}","{""detection_events"":141,""detectors_checked"":221130}"
      1024,         0,         0,   0.053,standalone_exact_mw,8e8e16d7b7d10172304dc167922b352ab88e75bca590a4202cfa41b2b9ea2794,"{""distance"":7,""physical_error_rate"":0.0002}","{""detection_events"":659,""detectors_checked"":829440}"
      1024,         0,         0,   0.052,standalone_exact_mw,8e8e16d7b7d10172304dc167922b352ab88e75bca590a4202cfa41b2b9ea2794,"{""distance"":7,""physical_error_rate"":0.0002}","{""detection_events"":620,""detectors_checked"":829440}"
      1024,         0,         0,   0.052,standalone_exact_mw,8e8e16d7b7d10172304dc167922b352ab88e75bca590a4202cfa41b2b9ea2794,"{""distance"":7,""physical_error_rate"":0.0002}","{""detection_events"":656,""detectors_checked"":829440}"
      1024,         0,         0,   0.052,standalone_exact_mw,8e8e16d7b7d10172304dc167922b352ab88e75bca590a4202cfa41b2b9ea2794,"{""distance"":7,""physical_error_rate"":0.0002}","{""detection_events"":625,""detectors_checked"":829440}"
      2048,         0,         0,   0.103,standalone_exact_mw,8e8e16d7b7d10172304dc167922b352ab88e75bca590a4202cfa41b2b9ea2794,"{""distance"":7,""physical_error_rate"":0.0002}","{""detection_events"":1257,""detectors_checked"":1658880}"
      2048,         0,         0,   0.104,standalone_exact_mw,8e8e16d7b7d10172304dc167922b352ab88e75bca590a4202cfa41b2b9ea2794,"{""distance"":7,""physical_error_rate"":0.0002}","{""detection_events"":1327,""detectors_checked"":1658880}"
     48128,         0,         0,    3.08,standalone_exact_mw,b0cacb7fc707c2734ebeeceefd47b6bd6784bf6b65d0613559eb8dd3ed8bcfbc,"{""distance"":7,""physical_error_rate"":0.0005}","{""detection_events"":76143,""detectors_checked"":38983680}"
      3072,         0,         0,   0.156,standalone_exact_mw,8e8e16d7b7d10172304dc167922b352ab88e75bca590a4202cfa41b2b9ea2794,"{""distance"":7,""physical_error_rate"":0.0002}","{""detection_events"":1915,""detectors_checked"":2488320}"
   1113088,         0,         0,    63.0,standalone_exact_mw,8e8e16d7b7d10172304dc167922b352ab88e75bca590a4202cfa41b2b9ea2794,"{""distance"":7,""physical_error_rate"":0.0002}","{""detection_events"":703702,""detectors_checked"":901601280}"
      4096,         0,         0,   0.197,standalone_exact_mw,8e8e16d7b7d10172304dc167922b352ab88e75bca590a4202cfa41b2b9ea2794,"{""distance"":7,""physical_error_rate"":0.0002}","{""detection_events"":2481,""detectors_checked"":3317760}"
      4096,         0,         0,   0.208,standalone_exact_mw,8e8e16d7b7d10172304dc167922b352ab88e75bca590a4202cfa41b2b9ea2794,"{""distance"":7,""physical_error_rate"":0.0002}","{""detection_events"":2691,""detectors_checked"":3317760}"
      6144,         0,         0,   0.312,standalone_exact_mw,8e8e16d7b7d10172304dc167922b352ab88e75bca590a4202cfa41b2b9ea2794,"{""distance"":7,""physical_error_rate"":0.0002}","{""detection_events"":3971,""detectors_checked"":4976640}"
     16384,         0,         0,    3.09,standalone_exact_mw,a9d9675b1321ece7cfc097fb15bc34ed24757e8c4c3c164f9c59c08d4efd1ba2,"{""distance"":7,""physical_error_rate"":0.01}","{""detection_events"":490205,""detectors_checked"":13271040}"
       273,         0,         0,   0.016,standalone_exact_mw,b0cacb7fc707c2734ebeeceefd47b6bd6784bf6b65d0613559eb8dd3ed8bcfbc,"{""distance"":7,""physical_error_rate"":0.0005}","{""detection_events"":463,""detectors_checked"":221130}"
      1024,         0,         0,   0.036,standalone_exact_mw,b0cacb7fc707c2734ebeeceefd47b6bd6784bf6b65d0613559eb8dd3ed8bcfbc,"{""distance"":7,""physical_error_rate"":0.0005}","{""detection_events"":1524,""detectors_checked"":829440}"
      8192,         0,         0,   0.414,standalone_exact_mw,8e8e16d7b7d10172304dc167922b352ab88e75bca590a4202cfa41b2b9ea2794,"{""distance"":7,""physical_error_rate"":0.0002}","{""detection_events"":5079,""detectors_checked"":6635520}"
      1024,         0,         0,   0.037,standalone_exact_mw,b0cacb7fc707c2734ebeeceefd47b6bd6784bf6b65d0613559eb8dd3ed8bcfbc,"{""distance"":7,""physical_error_rate"":0.0005}","{""detection_events"":1646,""detectors_checked"":829440}"
      1024,         0,         0,   0.063,standalone_exact_mw,b0cacb7fc707c2734ebeeceefd47b6bd6784bf6b65d0613559eb8dd3ed8bcfbc,"{""distance"":7,""physical_error_rate"":0.0005}","{""detection_events"":1659,""detectors_checked"":829440}"
      2048,         0,         0,   0.073,standalone_exact_mw,b0cacb7fc707c2734ebeeceefd47b6bd6784bf6b65d0613559eb8dd3ed8bcfbc,"{""distance"":7,""physical_error_rate"":0.0005}","{""detection_events"":3229,""detectors_checked"":1658880}"
    490496,         0,         0,    63.0,standalone_exact_mw,20c8daca17953576b13a32f59e5f9cb54485b277119f4e6925e9023b8dd1f351,"{""distance"":7,""physical_error_rate"":0.002}","{""detection_events"":3071344,""detectors_checked"":397301760}"
      1024,         0,         0,   0.058,standalone_exact_mw,b0cacb7fc707c2734ebeeceefd47b6bd6784bf6b65d0613559eb8dd3ed8bcfbc,"{""distance"":7,""physical_error_rate"":0.0005}","{""detection_events"":1569,""detectors_checked"":829440}"
      2048,         0,         0,   0.085,standalone_exact_mw,b0cacb7fc707c2734ebeeceefd47b6bd6784bf6b65d0613559eb8dd3ed8bcfbc,"{""distance"":7,""physical_error_rate"":0.0005}","{""detection_events"":3201,""detectors_checked"":1658880}"
      3072,         0,         0,   0.109,standalone_exact_mw,b0cacb7fc707c2734ebeeceefd47b6bd6784bf6b65d0613559eb8dd3ed8bcfbc,"{""distance"":7,""physical_error_rate"":0.0005}","{""detection_events"":4853,""detectors_checked"":2488320}"
     11264,         0,         0,   0.579,standalone_exact_mw,8e8e16d7b7d10172304dc167922b352ab88e75bca590a4202cfa41b2b9ea2794,"{""distance"":7,""physical_error_rate"":0.0002}","{""detection_events"":7606,""detectors_checked"":9123840}"
      4096,         0,         0,   0.196,standalone_exact_mw,b0cacb7fc707c2734ebeeceefd47b6bd6784bf6b65d0613559eb8dd3ed8bcfbc,"{""distance"":7,""physical_error_rate"":0.0005}","{""detection_events"":6364,""detectors_checked"":3317760}"
    950272,         0,         0,    63.0,standalone_exact_mw,b0cacb7fc707c2734ebeeceefd47b6bd6784bf6b65d0613559eb8dd3ed8bcfbc,"{""distance"":7,""physical_error_rate"":0.0005}","{""detection_events"":1500992,""detectors_checked"":769720320}"
     60416,         0,         0,    4.28,standalone_exact_mw,b0cacb7fc707c2734ebeeceefd47b6bd6784bf6b65d0613559eb8dd3ed8bcfbc,"{""distance"":7,""physical_error_rate"":0.0005}","{""detection_events"":94918,""detectors_checked"":48936960}"
      6144,         0,         0,   0.229,standalone_exact_mw,b0cacb7fc707c2734ebeeceefd47b6bd6784bf6b65d0613559eb8dd3ed8bcfbc,"{""distance"":7,""physical_error_rate"":0.0005}","{""detection_events"":9500,""detectors_checked"":4976640}"
    877568,         0,         0,    62.9,standalone_exact_mw,b0cacb7fc707c2734ebeeceefd47b6bd6784bf6b65d0613559eb8dd3ed8bcfbc,"{""distance"":7,""physical_error_rate"":0.0005}","{""detection_events"":1388256,""detectors_checked"":710830080}"
      7168,         0,         0,   0.321,standalone_exact_mw,b0cacb7fc707c2734ebeeceefd47b6bd6784bf6b65d0613559eb8dd3ed8bcfbc,"{""distance"":7,""physical_error_rate"":0.0005}","{""detection_events"":11334,""detectors_checked"":5806080}"
     16384,         0,         0,   0.833,standalone_exact_mw,8e8e16d7b7d10172304dc167922b352ab88e75bca590a4202cfa41b2b9ea2794,"{""distance"":7,""physical_error_rate"":0.0002}","{""detection_events"":10497,""detectors_checked"":13271040}"
     10240,         0,         0,   0.428,standalone_exact_mw,b0cacb7fc707c2734ebeeceefd47b6bd6784bf6b65d0613559eb8dd3ed8bcfbc,"{""distance"":7,""physical_error_rate"":0.0005}","{""detection_events"":16203,""detectors_checked"":8294400}"
     10240,         0,         0,   0.571,standalone_exact_mw,b0cacb7fc707c2734ebeeceefd47b6bd6784bf6b65d0613559eb8dd3ed8bcfbc,"{""distance"":7,""physical_error_rate"":0.0005}","{""detection_events"":16105,""detectors_checked"":8294400}"
    217088,         0,         0,    16.4,standalone_exact_mw,20c8daca17953576b13a32f59e5f9cb54485b277119f4e6925e9023b8dd1f351,"{""distance"":7,""physical_error_rate"":0.002}","{""detection_events"":1361134,""detectors_checked"":175841280}"
     22528,         0,         0,    1.12,standalone_exact_mw,8e8e16d7b7d10172304dc167922b352ab88e75bca590a4202cfa41b2b9ea2794,"{""distance"":7,""physical_error_rate"":0.0002}","{""detection_events"":14352,""detectors_checked"":18247680}"
    367616,         0,         0,    63.1,standalone_exact_mw,3f3e41bc6b36ed0cfc2fad9d3557a7870f4e21d551182548e920bf13e0232e34,"{""distance"":7,""physical_error_rate"":0.005}","{""detection_events"":5661827,""detectors_checked"":297768960}"
     11264,         0,         0,   0.807,standalone_exact_mw,b0cacb7fc707c2734ebeeceefd47b6bd6784bf6b65d0613559eb8dd3ed8bcfbc,"{""distance"":7,""physical_error_rate"":0.0005}","{""detection_events"":17422,""detectors_checked"":9123840}"
     73728,         0,         0,    4.26,standalone_exact_mw,b0cacb7fc707c2734ebeeceefd47b6bd6784bf6b65d0613559eb8dd3ed8bcfbc,"{""distance"":7,""physical_error_rate"":0.0005}","{""detection_events"":115204,""detectors_checked"":59719680}"
     36864,         0,         0,    6.01,standalone_exact_mw,3f3e41bc6b36ed0cfc2fad9d3557a7870f4e21d551182548e920bf13e0232e34,"{""distance"":7,""physical_error_rate"":0.005}","{""detection_events"":567214,""detectors_checked"":29859840}"
    676864,         0,         0,    32.1,standalone_exact_mw,c63d9dbf283cbe8d7d2c9891770aca900c170ab5c3de0408fa399997170cec3d,"{""distance"":7,""physical_error_rate"":0.001}","{""detection_events"":2130977,""detectors_checked"":548259840}"
     23552,         1,         0,    4.43,standalone_exact_mw,a9d9675b1321ece7cfc097fb15bc34ed24757e8c4c3c164f9c59c08d4efd1ba2,"{""distance"":7,""physical_error_rate"":0.01}","{""detection_events"":704884,""detectors_checked"":19077120,""obs_mistake_mask=E"":1}"
     16384,         0,         0,    1.13,standalone_exact_mw,b0cacb7fc707c2734ebeeceefd47b6bd6784bf6b65d0613559eb8dd3ed8bcfbc,"{""distance"":7,""physical_error_rate"":0.0005}","{""detection_events"":25648,""detectors_checked"":13271040}"
     31744,         0,         0,    1.59,standalone_exact_mw,8e8e16d7b7d10172304dc167922b352ab88e75bca590a4202cfa41b2b9ea2794,"{""distance"":7,""physical_error_rate"":0.0002}","{""detection_events"":19787,""detectors_checked"":25712640}"
    333824,         0,         0,    8.35,standalone_exact_mw,8e8e16d7b7d10172304dc167922b352ab88e75bca590a4202cfa41b2b9ea2794,"{""distance"":7,""physical_error_rate"":0.0002}","{""detection_events"":212438,""detectors_checked"":270397440}"
   1447936,         0,         0,    62.9,standalone_exact_mw,8e8e16d7b7d10172304dc167922b352ab88e75bca590a4202cfa41b2b9ea2794,"{""distance"":7,""physical_error_rate"":0.0002}","{""detection_events"":913388,""detectors_checked"":1172828160}"
     52224,         0,         0,    8.37,standalone_exact_mw,3f3e41bc6b36ed0cfc2fad9d3557a7870f4e21d551182548e920bf13e0232e34,"{""distance"":7,""physical_error_rate"":0.005}","{""detection_events"":804157,""detectors_checked"":42301440}"
    381952,        28,         0,    63.0,standalone_exact_mw,a9d9675b1321ece7cfc097fb15bc34ed24757e8c4c3c164f9c59c08d4efd1ba2,"{""distance"":7,""physical_error_rate"":0.01}","{""detection_events"":11427910,""detectors_checked"":309381120,""obs_mistake_mask=E"":28}"
    173056,         0,         0,    8.40,standalone_exact_mw,8e8e16d7b7d10172304dc167922b352ab88e75bca590a4202cfa41b2b9ea2794,"{""distance"":7,""physical_error_rate"":0.0002}","{""detection_events"":109432,""detectors_checked"":140175360}"
     22528,         0,         0,    1.63,standalone_exact_mw,b0cacb7fc707c2734ebeeceefd47b6bd6784bf6b65d0613559eb8dd3ed8bcfbc,"{""distance"":7,""physical_error_rate"":0.0005}","{""detection_events"":35440,""detectors_checked"":18247680}"
     48128,         0,         0,    8.47,standalone_exact_mw,b0cacb7fc707c2734ebeeceefd47b6bd6784bf6b65d0613559eb8dd3ed8bcfbc,"{""distance"":7,""physical_error_rate"":0.0005}","{""detection_events"":76056,""detectors_checked"":38983680}"
     43008,         0,         0,    2.18,standalone_exact_mw,8e8e16d7b7d10172304dc167922b352ab88e75bca590a4202cfa41b2b9ea2794,"{""distance"":7,""physical_error_rate"":0.0002}","{""detection_events"":27017,""detectors_checked"":34836480}"
    372736,         2,         0,    63.0,standalone_exact_mw,3f3e41bc6b36ed0cfc2fad9d3557a7870f4e21d551182548e920bf13e0232e34,"{""distance"":7,""physical_error_rate"":0.005}","{""detection_events"":5741843,""detectors_checked"":301916160,""obs_mistake_mask=E"":2}"
     78848,         0,         0,    6.05,standalone_exact_mw,b0cacb7fc707c2734ebeeceefd47b6bd6784bf6b65d0613559eb8dd3ed8bcfbc,"{""distance"":7,""physical_error_rate"":0.0005}","{""detection_events"":123979,""detectors_checked"":63866880}"
    254976,         0,         0,    16.4,standalone_exact_mw,b0cacb7fc707c2734ebeeceefd47b6bd6784bf6b65d0613559eb8dd3ed8bcfbc,"{""distance"":7,""physical_error_rate"":0.0005}","{""detection_events"":403113,""detectors_checked"":206530560}"
   1305600,         0,         0,    32.1,standalone_exact_mw,8e8e16d7b7d10172304dc167922b352ab88e75bca590a4202cfa41b2b9ea2794,"{""distance"":7,""physical_error_rate"":0.0002}","{""detection_events"":825280,""detectors_checked"":1057536000}"
    729088,         0,         0,    63.0,standalone_exact_mw,c63d9dbf283cbe8d7d2c9891770aca900c170ab5c3de0408fa399997170cec3d,"{""distance"":7,""physical_error_rate"":0.001}","{""detection_events"":2297172,""detectors_checked"":590561280}"
    460800,         0,         0,    63.0,standalone_exact_mw,20c8daca17953576b13a32f59e5f9cb54485b277119f4e6925e9023b8dd1f351,"{""distance"":7,""physical_error_rate"":0.002}","{""detection_events"":2884153,""detectors_checked"":373248000}"
     35840,         0,         0,    2.19,standalone_exact_mw,b0cacb7fc707c2734ebeeceefd47b6bd6784bf6b65d0613559eb8dd3ed8bcfbc,"{""distance"":7,""physical_error_rate"":0.0005}","{""detection_events"":56856,""detectors_checked"":29030400}"
    448512,         2,         0,    63.1,standalone_exact_mw,3f3e41bc6b36ed0cfc2fad9d3557a7870f4e21d551182548e920bf13e0232e34,"{""distance"":7,""physical_error_rate"":0.005}","{""detection_events"":6911635,""detectors_checked"":363294720,""obs_mistake_mask=E"":2}"
    924672,         0,         0,    22.9,standalone_exact_mw,8e8e16d7b7d10172304dc167922b352ab88e75bca590a4202cfa41b2b9ea2794,"{""distance"":7,""physical_error_rate"":0.0002}","{""detection_events"":584476,""detectors_checked"":748984320}"
    133120,         0,         0,    5.99,standalone_exact_mw,b0cacb7fc707c2734ebeeceefd47b6bd6784bf6b65d0613559eb8dd3ed8bcfbc,"{""distance"":7,""physical_error_rate"":0.0005}","{""detection_events"":210428,""detectors_checked"":107827200}"
    659456,         0,         0,    62.9,standalone_exact_mw,c63d9dbf283cbe8d7d2c9891770aca900c170ab5c3de0408fa399997170cec3d,"{""distance"":7,""physical_error_rate"":0.001}","{""detection_events"":2079628,""detectors_checked"":534159360}"
    389120,         0,         0,    63.1,standalone_exact_mw,20c8daca17953576b13a32f59e5f9cb54485b277119f4e6925e9023b8dd1f351,"{""distance"":7,""physical_error_rate"":0.002}","{""detection_events"":2437598,""detectors_checked"":315187200}"
    655360,         0,         0,    16.4,standalone_exact_mw,8e8e16d7b7d10172304dc167922b352ab88e75bca590a4202cfa41b2b9ea2794,"{""distance"":7,""physical_error_rate"":0.0002}","{""detection_events"":415019,""detectors_checked"":530841600}"
     49152,         0,         0,    3.10,standalone_exact_mw,8e8e16d7b7d10172304dc167922b352ab88e75bca590a4202cfa41b2b9ea2794,"{""distance"":7,""physical_error_rate"":0.0002}","{""detection_events"":30712,""detectors_checked"":39813120}"
     29696,         5,         0,    6.13,standalone_exact_mw,a9d9675b1321ece7cfc097fb15bc34ed24757e8c4c3c164f9c59c08d4efd1ba2,"{""distance"":7,""physical_error_rate"":0.01}","{""detection_events"":889856,""detectors_checked"":24053760,""obs_mistake_mask=E"":5}"
    973824,        80,         0,    88.1,standalone_exact_mw,a9d9675b1321ece7cfc097fb15bc34ed24757e8c4c3c164f9c59c08d4efd1ba2,"{""distance"":7,""physical_error_rate"":0.01}","{""detection_events"":29139836,""detectors_checked"":788797440,""obs_mistake_mask=E"":80}"
     58368,         0,         0,    3.05,standalone_exact_mw,b0cacb7fc707c2734ebeeceefd47b6bd6784bf6b65d0613559eb8dd3ed8bcfbc,"{""distance"":7,""physical_error_rate"":0.0005}","{""detection_events"":92297,""detectors_checked"":47278080}"
    550912,         0,         0,    63.1,standalone_exact_mw,20c8daca17953576b13a32f59e5f9cb54485b277119f4e6925e9023b8dd1f351,"{""distance"":7,""physical_error_rate"":0.002}","{""detection_events"":3453515,""detectors_checked"":446238720}"
    936960,         0,         0,    62.9,standalone_exact_mw,b0cacb7fc707c2734ebeeceefd47b6bd6784bf6b65d0613559eb8dd3ed8bcfbc,"{""distance"":7,""physical_error_rate"":0.0005}","{""detection_events"":1483019,""detectors_checked"":758937600}"
   1149952,         5,         0,    88.2,standalone_exact_mw,3f3e41bc6b36ed0cfc2fad9d3557a7870f4e21d551182548e920bf13e0232e34,"{""distance"":7,""physical_error_rate"":0.005}","{""detection_events"":17708622,""detectors_checked"":931461120,""obs_mistake_mask=E"":5}"
         1,         0,         0,   0.014,standalone_exact_mw,20c8daca17953576b13a32f59e5f9cb54485b277119f4e6925e9023b8dd1f351,"{""distance"":7,""physical_error_rate"":0.002}","{""detection_events"":5,""detectors_checked"":810}"
       272,         0,         0,   0.041,standalone_exact_mw,20c8daca17953576b13a32f59e5f9cb54485b277119f4e6925e9023b8dd1f351,"{""distance"":7,""physical_error_rate"":0.002}","{""detection_events"":1717,""detectors_checked"":220320}"
     50176,         0,         0,    8.46,standalone_exact_mw,3f3e41bc6b36ed0cfc2fad9d3557a7870f4e21d551182548e920bf13e0232e34,"{""distance"":7,""physical_error_rate"":0.005}","{""detection_events"":772046,""detectors_checked"":40642560}"
      1024,         0,         0,   0.116,standalone_exact_mw,20c8daca17953576b13a32f59e5f9cb54485b277119f4e6925e9023b8dd1f351,"{""distance"":7,""physical_error_rate"":0.002}","{""detection_events"":6422,""detectors_checked"":829440}"
      1024,         0,         0,   0.116,standalone_exact_mw,20c8daca17953576b13a32f59e5f9cb54485b277119f4e6925e9023b8dd1f351,"{""distance"":7,""physical_error_rate"":0.002}","{""detection_events"":6369,""detectors_checked"":829440}"
      1024,         0,         0,   0.129,standalone_exact_mw,20c8daca17953576b13a32f59e5f9cb54485b277119f4e6925e9023b8dd1f351,"{""distance"":7,""physical_error_rate"":0.002}","{""detection_events"":6504,""detectors_checked"":829440}"
      1024,         0,         0,   0.130,standalone_exact_mw,20c8daca17953576b13a32f59e5f9cb54485b277119f4e6925e9023b8dd1f351,"{""distance"":7,""physical_error_rate"":0.002}","{""detection_events"":6571,""detectors_checked"":829440}"
      1024,         0,         0,   0.129,standalone_exact_mw,20c8daca17953576b13a32f59e5f9cb54485b277119f4e6925e9023b8dd1f351,"{""distance"":7,""physical_error_rate"":0.002}","{""detection_events"":6463,""detectors_checked"":829440}"
      1024,         0,         0,   0.128,standalone_exact_mw,20c8daca17953576b13a32f59e5f9cb54485b277119f4e6925e9023b8dd1f351,"{""distance"":7,""physical_error_rate"":0.002}","{""detection_events"":6375,""detectors_checked"":829440}"
      2048,         0,         0,   0.256,standalone_exact_mw,20c8daca17953576b13a32f59e5f9cb54485b277119f4e6925e9023b8dd1f351,"{""distance"":7,""physical_error_rate"":0.002}","{""detection_events"":12780,""detectors_checked"":1658880}"
      2048,         0,         0,   0.258,standalone_exact_mw,20c8daca17953576b13a32f59e5f9cb54485b277119f4e6925e9023b8dd1f351,"{""distance"":7,""physical_error_rate"":0.002}","{""detection_events"":12846,""detectors_checked"":1658880}"
      3072,         0,         0,   0.440,standalone_exact_mw,20c8daca17953576b13a32f59e5f9cb54485b277119f4e6925e9023b8dd1f351,"{""distance"":7,""physical_error_rate"":0.002}","{""detection_events"":19005,""detectors_checked"":2488320}"
     75776,         0,         0,    4.27,standalone_exact_mw,8e8e16d7b7d10172304dc167922b352ab88e75bca590a4202cfa41b2b9ea2794,"{""distance"":7,""physical_error_rate"":0.0002}","{""detection_events"":47704,""detectors_checked"":61378560}"
      3072,         0,         0,   0.444,standalone_exact_mw,20c8daca17953576b13a32f59e5f9cb54485b277119f4e6925e9023b8dd1f351,"{""distance"":7,""physical_error_rate"":0.002}","{""detection_events"":19490,""detectors_checked"":2488320}"
    289792,         1,         0,    63.1,standalone_exact_mw,3f3e41bc6b36ed0cfc2fad9d3557a7870f4e21d551182548e920bf13e0232e34,"{""distance"":7,""physical_error_rate"":0.005}","{""detection_events"":4456167,""detectors_checked"":234731520,""obs_mistake_mask=E"":1}"
      5120,         0,         0,   0.686,standalone_exact_mw,20c8daca17953576b13a32f59e5f9cb54485b277119f4e6925e9023b8dd1f351,"{""distance"":7,""physical_error_rate"":0.002}","{""detection_events"":31767,""detectors_checked"":4147200}"
    112640,         0,         0,    8.34,standalone_exact_mw,b0cacb7fc707c2734ebeeceefd47b6bd6784bf6b65d0613559eb8dd3ed8bcfbc,"{""distance"":7,""physical_error_rate"":0.0005}","{""detection_events"":178094,""detectors_checked"":91238400}"
     93184,         0,         0,    4.32,standalone_exact_mw,b0cacb7fc707c2734ebeeceefd47b6bd6784bf6b65d0613559eb8dd3ed8bcfbc,"{""distance"":7,""physical_error_rate"":0.0005}","{""detection_events"":146889,""detectors_checked"":75479040}"
      5120,         0,         0,   0.805,standalone_exact_mw,20c8daca17953576b13a32f59e5f9cb54485b277119f4e6925e9023b8dd1f351,"{""distance"":7,""physical_error_rate"":0.002}","{""detection_events"":32432,""detectors_checked"":4147200}"
    465920,         0,         0,    11.7,standalone_exact_mw,8e8e16d7b7d10172304dc167922b352ab88e75bca590a4202cfa41b2b9ea2794,"{""distance"":7,""physical_error_rate"":0.0002}","{""detection_events"":294446,""detectors_checked"":377395200}"
      8192,         0,         0,    1.13,standalone_exact_mw,20c8daca17953576b13a32f59e5f9cb54485b277119f4e6925e9023b8dd1f351,"{""distance"":7,""physical_error_rate"":0.002}","{""detection_events"":51683,""detectors_checked"":6635520}"
     73728,         0,         0,    11.7,standalone_exact_mw,3f3e41bc6b36ed0cfc2fad9d3557a7870f4e21d551182548e920bf13e0232e34,"{""distance"":7,""physical_error_rate"":0.005}","{""detection_events"":1131505,""detectors_checked"":59719680}"
    202752,         0,         0,    11.7,standalone_exact_mw,8e8e16d7b7d10172304dc167922b352ab88e75bca590a4202cfa41b2b9ea2794,"{""distance"":7,""physical_error_rate"":0.0002}","{""detection_events"":128502,""detectors_checked"":164229120}"
    167936,         0,         0,    8.36,standalone_exact_mw,b0cacb7fc707c2734ebeeceefd47b6bd6784bf6b65d0613559eb8dd3ed8bcfbc,"{""distance"":7,""physical_error_rate"":0.0005}","{""detection_events"":265865,""detectors_checked"":136028160}"
     76800,         0,         0,    11.8,standalone_exact_mw,b0cacb7fc707c2734ebeeceefd47b6bd6784bf6b65d0613559eb8dd3ed8bcfbc,"{""distance"":7,""physical_error_rate"":0.0005}","{""detection_events"":121247,""detectors_checked"":62208000}"
        17,         0,         0,   0.026,standalone_exact_mw,b0cacb7fc707c2734ebeeceefd47b6bd6784bf6b65d0613559eb8dd3ed8bcfbc,"{""distance"":7,""physical_error_rate"":0.0005}","{""detection_events"":33,""detectors_checked"":13770}"
       256,         0,         0,   0.050,standalone_exact_mw,b0cacb7fc707c2734ebeeceefd47b6bd6784bf6b65d0613559eb8dd3ed8bcfbc,"{""distance"":7,""physical_error_rate"":0.0005}","{""detection_events"":419,""detectors_checked"":207360}"
      1024,         0,         0,   0.198,standalone_exact_mw,b0cacb7fc707c2734ebeeceefd47b6bd6784bf6b65d0613559eb8dd3ed8bcfbc,"{""distance"":7,""physical_error_rate"":0.0005}","{""detection_events"":1672,""detectors_checked"":829440}"
     12288,         0,         0,    1.58,standalone_exact_mw,20c8daca17953576b13a32f59e5f9cb54485b277119f4e6925e9023b8dd1f351,"{""distance"":7,""physical_error_rate"":0.002}","{""detection_events"":77012,""detectors_checked"":9953280}"
      1024,         0,         0,   0.173,standalone_exact_mw,b0cacb7fc707c2734ebeeceefd47b6bd6784bf6b65d0613559eb8dd3ed8bcfbc,"{""distance"":7,""physical_error_rate"":0.0005}","{""detection_events"":1561,""detectors_checked"":829440}"
      1024,         0,         0,   0.198,standalone_exact_mw,b0cacb7fc707c2734ebeeceefd47b6bd6784bf6b65d0613559eb8dd3ed8bcfbc,"{""distance"":7,""physical_error_rate"":0.0005}","{""detection_events"":1588,""detectors_checked"":829440}"
     44032,         6,         0,    8.40,standalone_exact_mw,a9d9675b1321ece7cfc097fb15bc34ed24757e8c4c3c164f9c59c08d4efd1ba2,"{""distance"":7,""physical_error_rate"":0.01}","{""detection_events"":1318601,""detectors_checked"":35665920,""obs_mistake_mask=E"":6}"
      1024,         0,         0,   0.182,standalone_exact_mw,b0cacb7fc707c2734ebeeceefd47b6bd6784bf6b65d0613559eb8dd3ed8bcfbc,"{""distance"":7,""physical_error_rate"":0.0005}","{""detection_events"":1687,""detectors_checked"":829440}"
      1024,         0,         0,   0.197,standalone_exact_mw,b0cacb7fc707c2734ebeeceefd47b6bd6784bf6b65d0613559eb8dd3ed8bcfbc,"{""distance"":7,""physical_error_rate"":0.0005}","{""detection_events"":1616,""detectors_checked"":829440}"
      1024,         0,         0,   0.199,standalone_exact_mw,b0cacb7fc707c2734ebeeceefd47b6bd6784bf6b65d0613559eb8dd3ed8bcfbc,"{""distance"":7,""physical_error_rate"":0.0005}","{""detection_events"":1683,""detectors_checked"":829440}"
      1024,         0,         0,   0.177,standalone_exact_mw,b0cacb7fc707c2734ebeeceefd47b6bd6784bf6b65d0613559eb8dd3ed8bcfbc,"{""distance"":7,""physical_error_rate"":0.0005}","{""detection_events"":1586,""detectors_checked"":829440}"
      2048,         0,         0,   0.375,standalone_exact_mw,b0cacb7fc707c2734ebeeceefd47b6bd6784bf6b65d0613559eb8dd3ed8bcfbc,"{""distance"":7,""physical_error_rate"":0.0005}","{""detection_events"":3257,""detectors_checked"":1658880}"
    116736,         0,         0,    6.01,standalone_exact_mw,8e8e16d7b7d10172304dc167922b352ab88e75bca590a4202cfa41b2b9ea2794,"{""distance"":7,""physical_error_rate"":0.0002}","{""detection_events"":74624,""detectors_checked"":94556160}"
      2048,         0,         0,   0.396,standalone_exact_mw,b0cacb7fc707c2734ebeeceefd47b6bd6784bf6b65d0613559eb8dd3ed8bcfbc,"{""distance"":7,""physical_error_rate"":0.0005}","{""detection_events"":3492,""detectors_checked"":1658880}"
     18432,         0,         0,    2.28,standalone_exact_mw,20c8daca17953576b13a32f59e5f9cb54485b277119f4e6925e9023b8dd1f351,"{""distance"":7,""physical_error_rate"":0.002}","{""detection_events"":114318,""detectors_checked"":14929920}"
      3072,         0,         0,   0.551,standalone_exact_mw,b0cacb7fc707c2734ebeeceefd47b6bd6784bf6b65d0613559eb8dd3ed8bcfbc,"{""distance"":7,""physical_error_rate"":0.0005}","{""detection_events"":4787,""detectors_checked"":2488320}"
    222208,        19,         0,    45.2,standalone_exact_mw,a9d9675b1321ece7cfc097fb15bc34ed24757e8c4c3c164f9c59c08d4efd1ba2,"{""distance"":7,""physical_error_rate"":0.01}","{""detection_events"":6647619,""detectors_checked"":179988480,""obs_mistake_mask=E"":19}"
     80896,         0,         0,    6.04,standalone_exact_mw,b0cacb7fc707c2734ebeeceefd47b6bd6784bf6b65d0613559eb8dd3ed8bcfbc,"{""distance"":7,""physical_error_rate"":0.0005}","{""detection_events"":128643,""detectors_checked"":65525760}"
      4096,         0,         0,   0.749,standalone_exact_mw,b0cacb7fc707c2734ebeeceefd47b6bd6784bf6b65d0613559eb8dd3ed8bcfbc,"{""distance"":7,""physical_error_rate"":0.0005}","{""detection_events"":6628,""detectors_checked"":3317760}"
    332800,         5,         0,    63.0,standalone_exact_mw,3f3e41bc6b36ed0cfc2fad9d3557a7870f4e21d551182548e920bf13e0232e34,"{""distance"":7,""physical_error_rate"":0.005}","{""detection_events"":5119675,""detectors_checked"":269568000,""obs_mistake_mask=E"":5}"
      6144,         0,         0,   0.872,standalone_exact_mw,b0cacb7fc707c2734ebeeceefd47b6bd6784bf6b65d0613559eb8dd3ed8bcfbc,"{""distance"":7,""physical_error_rate"":0.0005}","{""detection_events"":9462,""detectors_checked"":4976640}"
         1,         0,         0,   0.014,standalone_exact_mw,20c8daca17953576b13a32f59e5f9cb54485b277119f4e6925e9023b8dd1f351,"{""distance"":7,""physical_error_rate"":0.002}","{""detection_events"":2,""detectors_checked"":810}"
       272,         0,         0,   0.026,standalone_exact_mw,20c8daca17953576b13a32f59e5f9cb54485b277119f4e6925e9023b8dd1f351,"{""distance"":7,""physical_error_rate"":0.002}","{""detection_events"":1750,""detectors_checked"":220320}"
      1024,         0,         0,   0.116,standalone_exact_mw,20c8daca17953576b13a32f59e5f9cb54485b277119f4e6925e9023b8dd1f351,"{""distance"":7,""physical_error_rate"":0.002}","{""detection_events"":6521,""detectors_checked"":829440}"
      8192,         0,         0,    1.20,standalone_exact_mw,b0cacb7fc707c2734ebeeceefd47b6bd6784bf6b65d0613559eb8dd3ed8bcfbc,"{""distance"":7,""physical_error_rate"":0.0005}","{""detection_events"":13037,""detectors_checked"":6635520}"
     20480,         0,         0,    3.05,standalone_exact_mw,20c8daca17953576b13a32f59e5f9cb54485b277119f4e6925e9023b8dd1f351,"{""distance"":7,""physical_error_rate"":0.002}","{""detection_events"":127687,""detectors_checked"":16588800}"
      1024,         0,         0,   0.116,standalone_exact_mw,20c8daca17953576b13a32f59e5f9cb54485b277119f4e6925e9023b8dd1f351,"{""distance"":7,""physical_error_rate"":0.002}","{""detection_events"":6531,""detectors_checked"":829440}"
     72704,         1,         0,    11.8,standalone_exact_mw,3f3e41bc6b36ed0cfc2fad9d3557a7870f4e21d551182548e920bf13e0232e34,"{""distance"":7,""physical_error_rate"":0.005}","{""detection_events"":1118988,""detectors_checked"":58890240,""obs_mistake_mask=E"":1}"
      1024,         0,         0,   0.129,standalone_exact_mw,20c8daca17953576b13a32f59e5f9cb54485b277119f4e6925e9023b8dd1f351,"{""distance"":7,""physical_error_rate"":0.002}","{""detection_events"":6484,""detectors_checked"":829440}"
      1024,         0,         0,   0.142,standalone_exact_mw,20c8daca17953576b13a32f59e5f9cb54485b277119f4e6925e9023b8dd1f351,"{""distance"":7,""physical_error_rate"":0.002}","{""detection_events"":6468,""detectors_checked"":829440}"
      1024,         0,         0,   0.129,standalone_exact_mw,20c8daca17953576b13a32f59e5f9cb54485b277119f4e6925e9023b8dd1f351,"{""distance"":7,""physical_error_rate"":0.002}","{""detection_events"":6454,""detectors_checked"":829440}"
      1024,         0,         0,   0.129,standalone_exact_mw,20c8daca17953576b13a32f59e5f9cb54485b277119f4e6925e9023b8dd1f351,"{""distance"":7,""physical_error_rate"":0.002}","{""detection_events"":6260,""detectors_checked"":829440}"
    794624,         0,         0,    63.0,standalone_exact_mw,b0cacb7fc707c2734ebeeceefd47b6bd6784bf6b65d0613559eb8dd3ed8bcfbc,"{""distance"":7,""physical_error_rate"":0.0005}","{""detection_events"":1256989,""detectors_checked"":643645440}"
      2048,         0,         0,   0.246,standalone_exact_mw,20c8daca17953576b13a32f59e5f9cb54485b277119f4e6925e9023b8dd1f351,"{""distance"":7,""physical_error_rate"":0.002}","{""detection_events"":12656,""detectors_checked"":1658880}"
      2048,         0,         0,   0.259,standalone_exact_mw,20c8daca17953576b13a32f59e5f9cb54485b277119f4e6925e9023b8dd1f351,"{""distance"":7,""physical_error_rate"":0.002}","{""detection_events"":12839,""detectors_checked"":1658880}"
      3072,         0,         0,   0.349,standalone_exact_mw,20c8daca17953576b13a32f59e5f9cb54485b277119f4e6925e9023b8dd1f351,"{""distance"":7,""physical_error_rate"":0.002}","{""detection_events"":19496,""detectors_checked"":2488320}"
     12288,         0,         0,    1.56,standalone_exact_mw,b0cacb7fc707c2734ebeeceefd47b6bd6784bf6b65d0613559eb8dd3ed8bcfbc,"{""distance"":7,""physical_error_rate"":0.0005}","{""detection_events"":19390,""detectors_checked"":9953280}"
    243712,         0,         0,    22.9,standalone_exact_mw,20c8daca17953576b13a32f59e5f9cb54485b277119f4e6925e9023b8dd1f351,"{""distance"":7,""physical_error_rate"":0.002}","{""detection_events"":1528059,""detectors_checked"":197406720}"
      4096,         0,         0,   0.527,standalone_exact_mw,20c8daca17953576b13a32f59e5f9cb54485b277119f4e6925e9023b8dd1f351,"{""distance"":7,""physical_error_rate"":0.002}","{""detection_events"":25479,""detectors_checked"":3317760}"
      6144,         0,         0,   0.590,standalone_exact_mw,20c8daca17953576b13a32f59e5f9cb54485b277119f4e6925e9023b8dd1f351,"{""distance"":7,""physical_error_rate"":0.002}","{""detection_events"":38452,""detectors_checked"":4976640}"
    173056,         0,         0,    11.7,standalone_exact_mw,b0cacb7fc707c2734ebeeceefd47b6bd6784bf6b65d0613559eb8dd3ed8bcfbc,"{""distance"":7,""physical_error_rate"":0.0005}","{""detection_events"":272675,""detectors_checked"":140175360}"
      7168,         0,         0,   0.890,standalone_exact_mw,20c8daca17953576b13a32f59e5f9cb54485b277119f4e6925e9023b8dd1f351,"{""distance"":7,""physical_error_rate"":0.002}","{""detection_events"":44993,""detectors_checked"":5806080}"
     29696,         0,         0,    2.22,standalone_exact_mw,b0cacb7fc707c2734ebeeceefd47b6bd6784bf6b65d0613559eb8dd3ed8bcfbc,"{""distance"":7,""physical_error_rate"":0.0005}","{""detection_events"":47745,""detectors_checked"":24053760}"
    348160,         0,         0,    63.0,standalone_exact_mw,20c8daca17953576b13a32f59e5f9cb54485b277119f4e6925e9023b8dd1f351,"{""distance"":7,""physical_error_rate"":0.002}","{""detection_events"":2182172,""detectors_checked"":282009600}"
     32768,         0,         0,    4.32,standalone_exact_mw,20c8daca17953576b13a32f59e5f9cb54485b277119f4e6925e9023b8dd1f351,"{""distance"":7,""physical_error_rate"":0.002}","{""detection_events"":205814,""detectors_checked"":26542080}"
    149504,         0,         0,    8.38,standalone_exact_mw,8e8e16d7b7d10172304dc167922b352ab88e75bca590a4202cfa41b2b9ea2794,"{""distance"":7,""physical_error_rate"":0.0002}","{""detection_events"":95065,""detectors_checked"":121098240}"
      9216,         0,         0,    1.17,standalone_exact_mw,20c8daca17953576b13a32f59e5f9cb54485b277119f4e6925e9023b8dd1f351,"{""distance"":7,""physical_error_rate"":0.002}","{""detection_events"":57972,""detectors_checked"":7464960}"
    224256,         0,         0,    11.7,standalone_exact_mw,b0cacb7fc707c2734ebeeceefd47b6bd6784bf6b65d0613559eb8dd3ed8bcfbc,"{""distance"":7,""physical_error_rate"":0.0005}","{""detection_events"":355162,""detectors_checked"":181647360}"
    140288,         0,         0,    8.39,standalone_exact_mw,b0cacb7fc707c2734ebeeceefd47b6bd6784bf6b65d0613559eb8dd3ed8bcfbc,"{""distance"":7,""physical_error_rate"":0.0005}","{""detection_events"":221523,""detectors_checked"":113633280}"
     12288,         0,         0,    1.58,standalone_exact_mw,20c8daca17953576b13a32f59e5f9cb54485b277119f4e6925e9023b8dd1f351,"{""distance"":7,""physical_error_rate"":0.002}","{""detection_events"":77501,""detectors_checked"":9953280}"
    493568,         0,         0,    23.0,standalone_exact_mw,b0cacb7fc707c2734ebeeceefd47b6bd6784bf6b65d0613559eb8dd3ed8bcfbc,"{""distance"":7,""physical_error_rate"":0.0005}","{""detection_events"":776570,""detectors_checked"":399790080}"
     44032,         0,         0,    3.06,standalone_exact_mw,b0cacb7fc707c2734ebeeceefd47b6bd6784bf6b65d0613559eb8dd3ed8bcfbc,"{""distance"":7,""physical_error_rate"":0.0005}","{""detection_events"":69911,""detectors_checked"":35665920}"
     63488,         4,         0,    11.7,standalone_exact_mw,a9d9675b1321ece7cfc097fb15bc34ed24757e8c4c3c164f9c59c08d4efd1ba2,"{""distance"":7,""physical_error_rate"":0.01}","{""detection_events"":1901356,""detectors_checked"":51425280,""obs_mistake_mask=E"":4}"
     22528,         0,         0,    2.24,standalone_exact_mw,20c8daca17953576b13a32f59e5f9cb54485b277119f4e6925e9023b8dd1f351,"{""distance"":7,""physical_error_rate"":0.002}","{""detection_events"":140517,""detectors_checked"":18247680}"
    912384,         0,         0,    22.9,standalone_exact_mw,8e8e16d7b7d10172304dc167922b352ab88e75bca590a4202cfa41b2b9ea2794,"{""distance"":7,""physical_error_rate"":0.0002}","{""detection_events"":576032,""detectors_checked"":739031040}"
    652288,         0,         0,    16.4,standalone_exact_mw,8e8e16d7b7d10172304dc167922b352ab88e75bca590a4202cfa41b2b9ea2794,"{""distance"":7,""physical_error_rate"":0.0002}","{""detection_events"":413648,""detectors_checked"":528353280}"
    114688,         0,         0,    16.5,standalone_exact_mw,3f3e41bc6b36ed0cfc2fad9d3557a7870f4e21d551182548e920bf13e0232e34,"{""distance"":7,""physical_error_rate"":0.005}","{""detection_events"":1764497,""detectors_checked"":92897280}"
    371712,         0,         0,    16.4,standalone_exact_mw,8e8e16d7b7d10172304dc167922b352ab88e75bca590a4202cfa41b2b9ea2794,"{""distance"":7,""physical_error_rate"":0.0002}","{""detection_events"":236751,""detectors_checked"":301086720}"
     35840,         0,         0,    6.02,standalone_exact_mw,20c8daca17953576b13a32f59e5f9cb54485b277119f4e6925e9023b8dd1f351,"{""distance"":7,""physical_error_rate"":0.002}","{""detection_events"":226418,""detectors_checked"":29030400}"
     97280,         0,         0,    16.4,standalone_exact_mw,b0cacb7fc707c2734ebeeceefd47b6bd6784bf6b65d0613559eb8dd3ed8bcfbc,"{""distance"":7,""physical_error_rate"":0.0005}","{""detection_events"":153362,""detectors_checked"":78796800}"
     52224,         0,         0,    4.28,standalone_exact_mw,b0cacb7fc707c2734ebeeceefd47b6bd6784bf6b65d0613559eb8dd3ed8bcfbc,"{""distance"":7,""physical_error_rate"":0.0005}","{""detection_events"":82716,""detectors_checked"":42301440}"
     23552,         0,         0,    3.14,standalone_exact_mw,20c8daca17953576b13a32f59e5f9cb54485b277119f4e6925e9023b8dd1f351,"{""distance"":7,""physical_error_rate"":0.002}","{""detection_events"":148893,""detectors_checked"":19077120}"
    239616,        27,         0,    62.9,standalone_exact_mw,a9d9675b1321ece7cfc097fb15bc34ed24757e8c4c3c164f9c59c08d4efd1ba2,"{""distance"":7,""physical_error_rate"":0.01}","{""detection_events"":7174374,""detectors_checked"":194088960,""obs_mistake_mask=E"":27}"
   1261568,         0,         0,    88.1,standalone_exact_mw,20c8daca17953576b13a32f59e5f9cb54485b277119f4e6925e9023b8dd1f351,"{""distance"":7,""physical_error_rate"":0.002}","{""detection_events"":7900924,""detectors_checked"":1021870080}"
     32768,         0,         0,    4.38,standalone_exact_mw,20c8daca17953576b13a32f59e5f9cb54485b277119f4e6925e9023b8dd1f351,"{""distance"":7,""physical_error_rate"":0.002}","{""detection_events"":205809,""detectors_checked"":26542080}"
    207872,         0,         0,    11.7,standalone_exact_mw,8e8e16d7b7d10172304dc167922b352ab88e75bca590a4202cfa41b2b9ea2794,"{""distance"":7,""physical_error_rate"":0.0002}","{""detection_events"":130059,""detectors_checked"":168376320}"
     51200,         0,         0,    16.4,standalone_exact_mw,3f3e41bc6b36ed0cfc2fad9d3557a7870f4e21d551182548e920bf13e0232e34,"{""distance"":7,""physical_error_rate"":0.005}","{""detection_events"":787228,""detectors_checked"":41472000}"
   1290240,         0,         0,    32.1,standalone_exact_mw,8e8e16d7b7d10172304dc167922b352ab88e75bca590a4202cfa41b2b9ea2794,"{""distance"":7,""physical_error_rate"":0.0002}","{""detection_events"":817550,""detectors_checked"":1045094400}"
    607232,         0,         0,    62.9,standalone_exact_mw,c63d9dbf283cbe8d7d2c9891770aca900c170ab5c3de0408fa399997170cec3d,"{""distance"":7,""physical_error_rate"":0.001}","{""detection_events"":1913865,""detectors_checked"":491857920}"
     86016,         0,         0,    6.04,standalone_exact_mw,b0cacb7fc707c2734ebeeceefd47b6bd6784bf6b65d0613559eb8dd3ed8bcfbc,"{""distance"":7,""physical_error_rate"":0.0005}","{""detection_events"":135931,""detectors_checked"":69672960}"
    586752,         0,         0,    63.0,standalone_exact_mw,c63d9dbf283cbe8d7d2c9891770aca900c170ab5c3de0408fa399997170cec3d,"{""distance"":7,""physical_error_rate"":0.001}","{""detection_events"":1849828,""detectors_checked"":475269120}"
    249856,         0,         0,    11.7,standalone_exact_mw,b0cacb7fc707c2734ebeeceefd47b6bd6784bf6b65d0613559eb8dd3ed8bcfbc,"{""distance"":7,""physical_error_rate"":0.0005}","{""detection_events"":396578,""detectors_checked"":202383360}"
     66560,         0,         0,    8.47,standalone_exact_mw,20c8daca17953576b13a32f59e5f9cb54485b277119f4e6925e9023b8dd1f351,"{""distance"":7,""physical_error_rate"":0.002}","{""detection_events"":418196,""detectors_checked"":53913600}"
    316416,        26,         0,    62.9,standalone_exact_mw,a9d9675b1321ece7cfc097fb15bc34ed24757e8c4c3c164f9c59c08d4efd1ba2,"{""distance"":7,""physical_error_rate"":0.01}","{""detection_events"":9471202,""detectors_checked"":256296960,""obs_mistake_mask=E"":26}"
    229376,         0,         0,    16.4,standalone_exact_mw,b0cacb7fc707c2734ebeeceefd47b6bd6784bf6b65d0613559eb8dd3ed8bcfbc,"{""distance"":7,""physical_error_rate"":0.0005}","{""detection_events"":362710,""detectors_checked"":185794560}"
    320512,         0,         0,    16.4,standalone_exact_mw,b0cacb7fc707c2734ebeeceefd47b6bd6784bf6b65d0613559eb8dd3ed8bcfbc,"{""distance"":7,""physical_error_rate"":0.0005}","{""detection_events"":507554,""detectors_checked"":259614720}"
     41984,         0,         0,    6.06,standalone_exact_mw,20c8daca17953576b13a32f59e5f9cb54485b277119f4e6925e9023b8dd1f351,"{""distance"":7,""physical_error_rate"":0.002}","{""detection_events"":262711,""detectors_checked"":34007040}"
     89088,         5,         0,    16.5,standalone_exact_mw,a9d9675b1321ece7cfc097fb15bc34ed24757e8c4c3c164f9c59c08d4efd1ba2,"{""distance"":7,""physical_error_rate"":0.01}","{""detection_events"":2664473,""detectors_checked"":72161280,""obs_mistake_mask=E"":5}"
    946176,         0,         0,    45.0,standalone_exact_mw,c63d9dbf283cbe8d7d2c9891770aca900c170ab5c3de0408fa399997170cec3d,"{""distance"":7,""physical_error_rate"":0.001}","{""detection_events"":2981531,""detectors_checked"":766402560}"
    118784,         0,         0,    8.39,standalone_exact_mw,b0cacb7fc707c2734ebeeceefd47b6bd6784bf6b65d0613559eb8dd3ed8bcfbc,"{""distance"":7,""physical_error_rate"":0.0005}","{""detection_events"":188803,""detectors_checked"":96215040}"
   1816576,         0,         0,    44.9,standalone_exact_mw,8e8e16d7b7d10172304dc167922b352ab88e75bca590a4202cfa41b2b9ea2794,"{""distance"":7,""physical_error_rate"":0.0002}","{""detection_events"":1151578,""detectors_checked"":1471426560}"
   1148928,         0,         0,    62.9,standalone_exact_mw,8e8e16d7b7d10172304dc167922b352ab88e75bca590a4202cfa41b2b9ea2794,"{""distance"":7,""physical_error_rate"":0.0002}","{""detection_events"":727523,""detectors_checked"":930631680}"
     51200,         0,         0,    8.38,standalone_exact_mw,20c8daca17953576b13a32f59e5f9cb54485b277119f4e6925e9023b8dd1f351,"{""distance"":7,""physical_error_rate"":0.002}","{""detection_events"":321188,""detectors_checked"":41472000}"
     92160,         0,         0,    11.8,standalone_exact_mw,20c8daca17953576b13a32f59e5f9cb54485b277119f4e6925e9023b8dd1f351,"{""distance"":7,""physical_error_rate"":0.002}","{""detection_events"":576765,""detectors_checked"":74649600}"
         1,         0,         0,   0.030,standalone_exact_mw,c63d9dbf283cbe8d7d2c9891770aca900c170ab5c3de0408fa399997170cec3d,"{""distance"":7,""physical_error_rate"":0.001}","{""detection_events"":6,""detectors_checked"":810}"
       272,         0,         0,   0.046,standalone_exact_mw,c63d9dbf283cbe8d7d2c9891770aca900c170ab5c3de0408fa399997170cec3d,"{""distance"":7,""physical_error_rate"":0.001}","{""detection_events"":843,""detectors_checked"":220320}"
    909312,         0,         0,    22.9,standalone_exact_mw,8e8e16d7b7d10172304dc167922b352ab88e75bca590a4202cfa41b2b9ea2794,"{""distance"":7,""physical_error_rate"":0.0002}","{""detection_events"":575997,""detectors_checked"":736542720}"
      1024,         0,         0,   0.141,standalone_exact_mw,c63d9dbf283cbe8d7d2c9891770aca900c170ab5c3de0408fa399997170cec3d,"{""distance"":7,""physical_error_rate"":0.001}","{""detection_events"":3150,""detectors_checked"":829440}"
         1,         0,         0,   0.021,standalone_exact_mw,a9d9675b1321ece7cfc097fb15bc34ed24757e8c4c3c164f9c59c08d4efd1ba2,"{""distance"":7,""physical_error_rate"":0.01}","{""detection_events"":28,""detectors_checked"":810}"
      1024,         0,         0,   0.158,standalone_exact_mw,c63d9dbf283cbe8d7d2c9891770aca900c170ab5c3de0408fa399997170cec3d,"{""distance"":7,""physical_error_rate"":0.001}","{""detection_events"":3201,""detectors_checked"":829440}"
       272,         0,         0,   0.086,standalone_exact_mw,a9d9675b1321ece7cfc097fb15bc34ed24757e8c4c3c164f9c59c08d4efd1ba2,"{""distance"":7,""physical_error_rate"":0.01}","{""detection_events"":8158,""detectors_checked"":220320}"
      1024,         0,         0,   0.140,standalone_exact_mw,c63d9dbf283cbe8d7d2c9891770aca900c170ab5c3de0408fa399997170cec3d,"{""distance"":7,""physical_error_rate"":0.001}","{""detection_events"":3139,""detectors_checked"":829440}"
      1024,         0,         0,   0.276,standalone_exact_mw,a9d9675b1321ece7cfc097fb15bc34ed24757e8c4c3c164f9c59c08d4efd1ba2,"{""distance"":7,""physical_error_rate"":0.01}","{""detection_events"":30599,""detectors_checked"":829440}"
      1024,         0,         0,   0.161,standalone_exact_mw,c63d9dbf283cbe8d7d2c9891770aca900c170ab5c3de0408fa399997170cec3d,"{""distance"":7,""physical_error_rate"":0.001}","{""detection_events"":3389,""detectors_checked"":829440}"
      1024,         0,         0,   0.107,standalone_exact_mw,c63d9dbf283cbe8d7d2c9891770aca900c170ab5c3de0408fa399997170cec3d,"{""distance"":7,""physical_error_rate"":0.001}","{""detection_events"":3293,""detectors_checked"":829440}"
      1024,         0,         0,   0.202,standalone_exact_mw,a9d9675b1321ece7cfc097fb15bc34ed24757e8c4c3c164f9c59c08d4efd1ba2,"{""distance"":7,""physical_error_rate"":0.01}","{""detection_events"":30724,""detectors_checked"":829440}"
      2048,         0,         0,   0.204,standalone_exact_mw,c63d9dbf283cbe8d7d2c9891770aca900c170ab5c3de0408fa399997170cec3d,"{""distance"":7,""physical_error_rate"":0.001}","{""detection_events"":6568,""detectors_checked"":1658880}"
    144384,         1,         0,    23.1,standalone_exact_mw,3f3e41bc6b36ed0cfc2fad9d3557a7870f4e21d551182548e920bf13e0232e34,"{""distance"":7,""physical_error_rate"":0.005}","{""detection_events"":2221097,""detectors_checked"":116951040,""obs_mistake_mask=E"":1}"
      1024,         0,         0,   0.189,standalone_exact_mw,a9d9675b1321ece7cfc097fb15bc34ed24757e8c4c3c164f9c59c08d4efd1ba2,"{""distance"":7,""physical_error_rate"":0.01}","{""detection_events"":31025,""detectors_checked"":829440}"
    307200,         0,         0,    16.4,standalone_exact_mw,8e8e16d7b7d10172304dc167922b352ab88e75bca590a4202cfa41b2b9ea2794,"{""distance"":7,""physical_error_rate"":0.0002}","{""detection_events"":195572,""detectors_checked"":248832000}"
      2048,         0,         0,   0.189,standalone_exact_mw,c63d9dbf283cbe8d7d2c9891770aca900c170ab5c3de0408fa399997170cec3d,"{""distance"":7,""physical_error_rate"":0.001}","{""detection_events"":6372,""detectors_checked"":1658880}"
      1024,         0,         0,   0.202,standalone_exact_mw,a9d9675b1321ece7cfc097fb15bc34ed24757e8c4c3c164f9c59c08d4efd1ba2,"{""distance"":7,""physical_error_rate"":0.01}","{""detection_events"":30840,""detectors_checked"":829440}"
      1024,         0,         0,   0.189,standalone_exact_mw,a9d9675b1321ece7cfc097fb15bc34ed24757e8c4c3c164f9c59c08d4efd1ba2,"{""distance"":7,""physical_error_rate"":0.01}","{""detection_events"":30854,""detectors_checked"":829440}"
    453632,         0,         0,    22.9,standalone_exact_mw,8e8e16d7b7d10172304dc167922b352ab88e75bca590a4202cfa41b2b9ea2794,"{""distance"":7,""physical_error_rate"":0.0002}","{""detection_events"":287330,""detectors_checked"":367441920}"
      3072,         0,         0,   0.319,standalone_exact_mw,c63d9dbf283cbe8d7d2c9891770aca900c170ab5c3de0408fa399997170cec3d,"{""distance"":7,""physical_error_rate"":0.001}","{""detection_events"":9993,""detectors_checked"":2488320}"
      1024,         0,         0,   0.201,standalone_exact_mw,a9d9675b1321ece7cfc097fb15bc34ed24757e8c4c3c164f9c59c08d4efd1ba2,"{""distance"":7,""physical_error_rate"":0.01}","{""detection_events"":30877,""detectors_checked"":829440}"
      3072,         0,         0,   0.291,standalone_exact_mw,c63d9dbf283cbe8d7d2c9891770aca900c170ab5c3de0408fa399997170cec3d,"{""distance"":7,""physical_error_rate"":0.001}","{""detection_events"":9759,""detectors_checked"":2488320}"
      1024,         0,         0,   0.201,standalone_exact_mw,a9d9675b1321ece7cfc097fb15bc34ed24757e8c4c3c164f9c59c08d4efd1ba2,"{""distance"":7,""physical_error_rate"":0.01}","{""detection_events"":30323,""detectors_checked"":829440}"
    131072,         0,         0,    23.0,standalone_exact_mw,b0cacb7fc707c2734ebeeceefd47b6bd6784bf6b65d0613559eb8dd3ed8bcfbc,"{""distance"":7,""physical_error_rate"":0.0005}","{""detection_events"":206916,""detectors_checked"":106168320}"
    397312,         0,         0,    32.2,standalone_exact_mw,20c8daca17953576b13a32f59e5f9cb54485b277119f4e6925e9023b8dd1f351,"{""distance"":7,""physical_error_rate"":0.002}","{""detection_events"":2489204,""detectors_checked"":321822720}"
      2048,         0,         0,   0.390,standalone_exact_mw,a9d9675b1321ece7cfc097fb15bc34ed24757e8c4c3c164f9c59c08d4efd1ba2,"{""distance"":7,""physical_error_rate"":0.01}","{""detection_events"":61095,""detectors_checked"":1658880}"
      5120,         0,         0,   0.493,standalone_exact_mw,c63d9dbf283cbe8d7d2c9891770aca900c170ab5c3de0408fa399997170cec3d,"{""distance"":7,""physical_error_rate"":0.001}","{""detection_events"":16143,""detectors_checked"":4147200}"
      2048,         0,         0,   0.390,standalone_exact_mw,a9d9675b1321ece7cfc097fb15bc34ed24757e8c4c3c164f9c59c08d4efd1ba2,"{""distance"":7,""physical_error_rate"":0.01}","{""detection_events"":61078,""detectors_checked"":1658880}"
    376832,         0,         0,    16.4,standalone_exact_mw,b0cacb7fc707c2734ebeeceefd47b6bd6784bf6b65d0613559eb8dd3ed8bcfbc,"{""distance"":7,""physical_error_rate"":0.0005}","{""detection_events"":594970,""detectors_checked"":305233920}"
      6144,         0,         0,   0.595,standalone_exact_mw,c63d9dbf283cbe8d7d2c9891770aca900c170ab5c3de0408fa399997170cec3d,"{""distance"":7,""physical_error_rate"":0.001}","{""detection_events"":19338,""detectors_checked"":4976640}"
    872448,         0,         0,    62.8,standalone_exact_mw,8e8e16d7b7d10172304dc167922b352ab88e75bca590a4202cfa41b2b9ea2794,"{""distance"":7,""physical_error_rate"":0.0002}","{""detection_events"":554502,""detectors_checked"":706682880}"
      3072,         0,         0,   0.580,standalone_exact_mw,a9d9675b1321ece7cfc097fb15bc34ed24757e8c4c3c164f9c59c08d4efd1ba2,"{""distance"":7,""physical_error_rate"":0.01}","{""detection_events"":92214,""detectors_checked"":2488320}"
      9216,         0,         0,   0.869,standalone_exact_mw,c63d9dbf283cbe8d7d2c9891770aca900c170ab5c3de0408fa399997170cec3d,"{""distance"":7,""physical_error_rate"":0.001}","{""detection_events"":28511,""detectors_checked"":7464960}"
      3072,         0,         0,   0.593,standalone_exact_mw,a9d9675b1321ece7cfc097fb15bc34ed24757e8c4c3c164f9c59c08d4efd1ba2,"{""distance"":7,""physical_error_rate"":0.01}","{""detection_events"":91746,""detectors_checked"":2488320}"
         1,         0,         0,   0.017,standalone_exact_mw,a9d9675b1321ece7cfc097fb15bc34ed24757e8c4c3c164f9c59c08d4efd1ba2,"{""distance"":7,""physical_error_rate"":0.01}","{""detection_events"":41,""detectors_checked"":810}"
       272,         0,         0,   0.051,standalone_exact_mw,a9d9675b1321ece7cfc097fb15bc34ed24757e8c4c3c164f9c59c08d4efd1ba2,"{""distance"":7,""physical_error_rate"":0.01}","{""detection_events"":8246,""detectors_checked"":220320}"
      1024,         0,         0,   0.346,standalone_exact_mw,a9d9675b1321ece7cfc097fb15bc34ed24757e8c4c3c164f9c59c08d4efd1ba2,"{""distance"":7,""physical_error_rate"":0.01}","{""detection_events"":30470,""detectors_checked"":829440}"
      4096,         0,         0,   0.855,standalone_exact_mw,a9d9675b1321ece7cfc097fb15bc34ed24757e8c4c3c164f9c59c08d4efd1ba2,"{""distance"":7,""physical_error_rate"":0.01}","{""detection_events"":122587,""detectors_checked"":3317760}"
      1024,         0,         0,   0.298,standalone_exact_mw,a9d9675b1321ece7cfc097fb15bc34ed24757e8c4c3c164f9c59c08d4efd1ba2,"{""distance"":7,""physical_error_rate"":0.01}","{""detection_events"":30701,""detectors_checked"":829440}"
     11264,         0,         0,    1.15,standalone_exact_mw,c63d9dbf283cbe8d7d2c9891770aca900c170ab5c3de0408fa399997170cec3d,"{""distance"":7,""physical_error_rate"":0.001}","{""detection_events"":35674,""detectors_checked"":9123840}"
      1024,         0,         0,   0.114,standalone_exact_mw,a9d9675b1321ece7cfc097fb15bc34ed24757e8c4c3c164f9c59c08d4efd1ba2,"{""distance"":7,""physical_error_rate"":0.01}","{""detection_events"":30519,""detectors_checked"":829440}"
      1024,         0,         0,   0.123,standalone_exact_mw,a9d9675b1321ece7cfc097fb15bc34ed24757e8c4c3c164f9c59c08d4efd1ba2,"{""distance"":7,""physical_error_rate"":0.01}","{""detection_events"":30847,""detectors_checked"":829440}"
      1024,         0,         0,   0.122,standalone_exact_mw,a9d9675b1321ece7cfc097fb15bc34ed24757e8c4c3c164f9c59c08d4efd1ba2,"{""distance"":7,""physical_error_rate"":0.01}","{""detection_events"":30439,""detectors_checked"":829440}"
      1024,         0,         0,   0.176,standalone_exact_mw,a9d9675b1321ece7cfc097fb15bc34ed24757e8c4c3c164f9c59c08d4efd1ba2,"{""distance"":7,""physical_error_rate"":0.01}","{""detection_events"":30882,""detectors_checked"":829440}"
      1024,         0,         0,   0.190,standalone_exact_mw,a9d9675b1321ece7cfc097fb15bc34ed24757e8c4c3c164f9c59c08d4efd1ba2,"{""distance"":7,""physical_error_rate"":0.01}","{""detection_events"":30562,""detectors_checked"":829440}"
    147456,         0,         0,    11.7,standalone_exact_mw,b0cacb7fc707c2734ebeeceefd47b6bd6784bf6b65d0613559eb8dd3ed8bcfbc,"{""distance"":7,""physical_error_rate"":0.0005}","{""detection_events"":234638,""detectors_checked"":119439360}"
      6144,         0,         0,    1.23,standalone_exact_mw,a9d9675b1321ece7cfc097fb15bc34ed24757e8c4c3c164f9c59c08d4efd1ba2,"{""distance"":7,""physical_error_rate"":0.01}","{""detection_events"":183866,""detectors_checked"":4976640}"
      2048,         1,         0,   0.394,standalone_exact_mw,a9d9675b1321ece7cfc097fb15bc34ed24757e8c4c3c164f9c59c08d4efd1ba2,"{""distance"":7,""physical_error_rate"":0.01}","{""detection_events"":61214,""detectors_checked"":1658880,""obs_mistake_mask=E"":1}"
      2048,         0,         0,   0.407,standalone_exact_mw,a9d9675b1321ece7cfc097fb15bc34ed24757e8c4c3c164f9c59c08d4efd1ba2,"{""distance"":7,""physical_error_rate"":0.01}","{""detection_events"":61167,""detectors_checked"":1658880}"
     16384,         0,         0,    1.59,standalone_exact_mw,c63d9dbf283cbe8d7d2c9891770aca900c170ab5c3de0408fa399997170cec3d,"{""distance"":7,""physical_error_rate"":0.001}","{""detection_events"":51949,""detectors_checked"":13271040}"
    695296,         0,         0,    32.2,standalone_exact_mw,b0cacb7fc707c2734ebeeceefd47b6bd6784bf6b65d0613559eb8dd3ed8bcfbc,"{""distance"":7,""physical_error_rate"":0.0005}","{""detection_events"":1098760,""detectors_checked"":563189760}"
      3072,         0,         0,   0.584,standalone_exact_mw,a9d9675b1321ece7cfc097fb15bc34ed24757e8c4c3c164f9c59c08d4efd1ba2,"{""distance"":7,""physical_error_rate"":0.01}","{""detection_events"":92287,""detectors_checked"":2488320}"
      8192,         0,         0,    1.58,standalone_exact_mw,a9d9675b1321ece7cfc097fb15bc34ed24757e8c4c3c164f9c59c08d4efd1ba2,"{""distance"":7,""physical_error_rate"":0.01}","{""detection_events"":245851,""detectors_checked"":6635520}"
      3072,         0,         0,   0.663,standalone_exact_mw,a9d9675b1321ece7cfc097fb15bc34ed24757e8c4c3c164f9c59c08d4efd1ba2,"{""distance"":7,""physical_error_rate"":0.01}","{""detection_events"":91597,""detectors_checked"":2488320}"
     95232,         0,         0,    23.1,standalone_exact_mw,3f3e41bc6b36ed0cfc2fad9d3557a7870f4e21d551182548e920bf13e0232e34,"{""distance"":7,""physical_error_rate"":0.005}","{""detection_events"":1465844,""detectors_checked"":77137920}"
      4096,         0,         0,   0.979,standalone_exact_mw,a9d9675b1321ece7cfc097fb15bc34ed24757e8c4c3c164f9c59c08d4efd1ba2,"{""distance"":7,""physical_error_rate"":0.01}","{""detection_events"":121791,""detectors_checked"":3317760}"
     22528,         0,         0,    2.29,standalone_exact_mw,c63d9dbf283cbe8d7d2c9891770aca900c170ab5c3de0408fa399997170cec3d,"{""distance"":7,""physical_error_rate"":0.001}","{""detection_events"":70981,""detectors_checked"":18247680}"
   1268736,         0,         0,    32.1,standalone_exact_mw,8e8e16d7b7d10172304dc167922b352ab88e75bca590a4202cfa41b2b9ea2794,"{""distance"":7,""physical_error_rate"":0.0002}","{""detection_events"":803311,""detectors_checked"":1027676160}"
      5120,         2,         0,    1.15,standalone_exact_mw,a9d9675b1321ece7cfc097fb15bc34ed24757e8c4c3c164f9c59c08d4efd1ba2,"{""distance"":7,""physical_error_rate"":0.01}","{""detection_events"":153150,""detectors_checked"":4147200,""obs_mistake_mask=E"":2}"
     10240,         1,         0,    2.52,standalone_exact_mw,a9d9675b1321ece7cfc097fb15bc34ed24757e8c4c3c164f9c59c08d4efd1ba2,"{""distance"":7,""physical_error_rate"":0.01}","{""detection_events"":306705,""detectors_checked"":8294400,""obs_mistake_mask=E"":1}"
     89088,         0,         0,    11.7,standalone_exact_mw,20c8daca17953576b13a32f59e5f9cb54485b277119f4e6925e9023b8dd1f351,"{""distance"":7,""physical_error_rate"":0.002}","{""detection_events"":559159,""detectors_checked"":72161280}"
    272384,         0,         0,    23.0,standalone_exact_mw,b0cacb7fc707c2734ebeeceefd47b6bd6784bf6b65d0613559eb8dd3ed8bcfbc,"{""distance"":7,""physical_error_rate"":0.0005}","{""detection_events"":433360,""detectors_checked"":220631040}"
      8192,         2,         0,    1.72,standalone_exact_mw,a9d9675b1321ece7cfc097fb15bc34ed24757e8c4c3c164f9c59c08d4efd1ba2,"{""distance"":7,""physical_error_rate"":0.01}","{""detection_events"":244599,""detectors_checked"":6635520,""obs_mistake_mask=E"":2}"
     21504,         0,         0,    3.16,standalone_exact_mw,c63d9dbf283cbe8d7d2c9891770aca900c170ab5c3de0408fa399997170cec3d,"{""distance"":7,""physical_error_rate"":0.001}","{""detection_events"":67699,""detectors_checked"":17418240}"
    432128,         0,         0,    22.9,standalone_exact_mw,b0cacb7fc707c2734ebeeceefd47b6bd6784bf6b65d0613559eb8dd3ed8bcfbc,"{""distance"":7,""physical_error_rate"":0.0005}","{""detection_events"":684034,""detectors_checked"":350023680}"
     13312,         1,         0,    3.22,standalone_exact_mw,a9d9675b1321ece7cfc097fb15bc34ed24757e8c4c3c164f9c59c08d4efd1ba2,"{""distance"":7,""physical_error_rate"":0.01}","{""detection_events"":398046,""detectors_checked"":10782720,""obs_mistake_mask=E"":1}"
     11264,         1,         0,    2.23,standalone_exact_mw,a9d9675b1321ece7cfc097fb15bc34ed24757e8c4c3c164f9c59c08d4efd1ba2,"{""distance"":7,""physical_error_rate"":0.01}","{""detection_events"":337468,""detectors_checked"":9123840,""obs_mistake_mask=E"":1}"
    115712,        11,         0,    23.0,standalone_exact_mw,a9d9675b1321ece7cfc097fb15bc34ed24757e8c4c3c164f9c59c08d4efd1ba2,"{""distance"":7,""physical_error_rate"":0.01}","{""detection_events"":3459526,""detectors_checked"":93726720,""obs_mistake_mask=E"":11}"
    100352,         0,         0,    16.5,standalone_exact_mw,20c8daca17953576b13a32f59e5f9cb54485b277119f4e6925e9023b8dd1f351,"{""distance"":7,""physical_error_rate"":0.002}","{""detection_events"":630083,""detectors_checked"":81285120}"
    778240,         0,         0,    88.1,standalone_exact_mw,c63d9dbf283cbe8d7d2c9891770aca900c170ab5c3de0408fa399997170cec3d,"{""distance"":7,""physical_error_rate"":0.001}","{""detection_events"":2452636,""detectors_checked"":630374400}"
     29696,         0,         0,    4.30,standalone_exact_mw,c63d9dbf283cbe8d7d2c9891770aca900c170ab5c3de0408fa399997170cec3d,"{""distance"":7,""physical_error_rate"":0.001}","{""detection_events"":94076,""detectors_checked"":24053760}"
     15360,         2,         0,    3.12,standalone_exact_mw,a9d9675b1321ece7cfc097fb15bc34ed24757e8c4c3c164f9c59c08d4efd1ba2,"{""distance"":7,""physical_error_rate"":0.01}","{""detection_events"":460099,""detectors_checked"":12441600,""obs_mistake_mask=E"":2}"
     21504,         0,         0,    4.39,standalone_exact_mw,a9d9675b1321ece7cfc097fb15bc34ed24757e8c4c3c164f9c59c08d4efd1ba2,"{""distance"":7,""physical_error_rate"":0.01}","{""detection_events"":644757,""detectors_checked"":17418240}"
     26624,         1,         0,    4.40,standalone_exact_mw,a9d9675b1321ece7cfc097fb15bc34ed24757e8c4c3c164f9c59c08d4efd1ba2,"{""distance"":7,""physical_error_rate"":0.01}","{""detection_events"":797136,""detectors_checked"":21565440,""obs_mistake_mask=E"":1}"
    231424,         0,         0,    16.4,standalone_exact_mw,b0cacb7fc707c2734ebeeceefd47b6bd6784bf6b65d0613559eb8dd3ed8bcfbc,"{""distance"":7,""physical_error_rate"":0.0005}","{""detection_events"":366777,""detectors_checked"":187453440}"
     57344,         0,         0,    6.05,standalone_exact_mw,c63d9dbf283cbe8d7d2c9891770aca900c170ab5c3de0408fa399997170cec3d,"{""distance"":7,""physical_error_rate"":0.001}","{""detection_events"":180208,""detectors_checked"":46448640}"
     25600,         1,         0,    6.09,standalone_exact_mw,a9d9675b1321ece7cfc097fb15bc34ed24757e8c4c3c164f9c59c08d4efd1ba2,"{""distance"":7,""physical_error_rate"":0.01}","{""detection_events"":766703,""detectors_checked"":20736000,""obs_mistake_mask=E"":1}"
    345088,         0,         0,    22.9,standalone_exact_mw,8e8e16d7b7d10172304dc167922b352ab88e75bca590a4202cfa41b2b9ea2794,"{""distance"":7,""physical_error_rate"":0.0002}","{""detection_events"":218587,""detectors_checked"":279521280}"
    401408,         0,         0,    22.9,standalone_exact_mw,b0cacb7fc707c2734ebeeceefd47b6bd6784bf6b65d0613559eb8dd3ed8bcfbc,"{""distance"":7,""physical_error_rate"":0.0005}","{""detection_events"":632626,""detectors_checked"":325140480}"
   1172480,         0,         0,    88.1,standalone_exact_mw,c63d9dbf283cbe8d7d2c9891770aca900c170ab5c3de0408fa399997170cec3d,"{""distance"":7,""physical_error_rate"":0.001}","{""detection_events"":3695474,""detectors_checked"":949708800}"
    457728,        34,         0,    88.2,standalone_exact_mw,a9d9675b1321ece7cfc097fb15bc34ed24757e8c4c3c164f9c59c08d4efd1ba2,"{""distance"":7,""physical_error_rate"":0.01}","{""detection_events"":13695407,""detectors_checked"":370759680,""obs_mistake_mask=E"":34}"
    140288,         0,         0,    16.5,standalone_exact_mw,20c8daca17953576b13a32f59e5f9cb54485b277119f4e6925e9023b8dd1f351,"{""distance"":7,""physical_error_rate"":0.002}","{""detection_events"":878087,""detectors_checked"":113633280}"
     30720,         1,         0,    6.11,standalone_exact_mw,a9d9675b1321ece7cfc097fb15bc34ed24757e8c4c3c164f9c59c08d4efd1ba2,"{""distance"":7,""physical_error_rate"":0.01}","{""detection_events"":918747,""detectors_checked"":24883200,""obs_mistake_mask=E"":1}"
   2281472,         0,         0,    88.0,standalone_exact_mw,8e8e16d7b7d10172304dc167922b352ab88e75bca590a4202cfa41b2b9ea2794,"{""distance"":7,""physical_error_rate"":0.0002}","{""detection_events"":1445591,""detectors_checked"":1847992320}"
         1,         0,         0,   0.005,standalone_exact_mw,3f3e41bc6b36ed0cfc2fad9d3557a7870f4e21d551182548e920bf13e0232e34,"{""distance"":7,""physical_error_rate"":0.005}","{""detection_events"":19,""detectors_checked"":810}"
       272,         0,         0,   0.037,standalone_exact_mw,3f3e41bc6b36ed0cfc2fad9d3557a7870f4e21d551182548e920bf13e0232e34,"{""distance"":7,""physical_error_rate"":0.005}","{""detection_events"":4277,""detectors_checked"":220320}"
      1024,         0,         0,   0.161,standalone_exact_mw,3f3e41bc6b36ed0cfc2fad9d3557a7870f4e21d551182548e920bf13e0232e34,"{""distance"":7,""physical_error_rate"":0.005}","{""detection_events"":15660,""detectors_checked"":829440}"
      1024,         0,         0,   0.160,standalone_exact_mw,3f3e41bc6b36ed0cfc2fad9d3557a7870f4e21d551182548e920bf13e0232e34,"{""distance"":7,""physical_error_rate"":0.005}","{""detection_events"":15655,""detectors_checked"":829440}"
    325632,        18,         0,    63.0,standalone_exact_mw,a9d9675b1321ece7cfc097fb15bc34ed24757e8c4c3c164f9c59c08d4efd1ba2,"{""distance"":7,""physical_error_rate"":0.01}","{""detection_events"":9745309,""detectors_checked"":263761920,""obs_mistake_mask=E"":18}"
       273,         0,         0,   0.038,standalone_exact_mw,c63d9dbf283cbe8d7d2c9891770aca900c170ab5c3de0408fa399997170cec3d,"{""distance"":7,""physical_error_rate"":0.001}","{""detection_events"":854,""detectors_checked"":221130}"
      1024,         0,         0,   0.171,standalone_exact_mw,3f3e41bc6b36ed0cfc2fad9d3557a7870f4e21d551182548e920bf13e0232e34,"{""distance"":7,""physical_error_rate"":0.005}","{""detection_events"":15699,""detectors_checked"":829440}"
      1024,         0,         0,   0.089,standalone_exact_mw,c63d9dbf283cbe8d7d2c9891770aca900c170ab5c3de0408fa399997170cec3d,"{""distance"":7,""physical_error_rate"":0.001}","{""detection_events"":3058,""detectors_checked"":829440}"
      1024,         0,         0,   0.101,standalone_exact_mw,c63d9dbf283cbe8d7d2c9891770aca900c170ab5c3de0408fa399997170cec3d,"{""distance"":7,""physical_error_rate"":0.001}","{""detection_events"":3137,""detectors_checked"":829440}"
      1024,         0,         0,   0.160,standalone_exact_mw,3f3e41bc6b36ed0cfc2fad9d3557a7870f4e21d551182548e920bf13e0232e34,"{""distance"":7,""physical_error_rate"":0.005}","{""detection_events"":15495,""detectors_checked"":829440}"
      1024,         0,         0,   0.100,standalone_exact_mw,c63d9dbf283cbe8d7d2c9891770aca900c170ab5c3de0408fa399997170cec3d,"{""distance"":7,""physical_error_rate"":0.001}","{""detection_events"":3046,""detectors_checked"":829440}"
      1024,         0,         0,   0.161,standalone_exact_mw,3f3e41bc6b36ed0cfc2fad9d3557a7870f4e21d551182548e920bf13e0232e34,"{""distance"":7,""physical_error_rate"":0.005}","{""detection_events"":15766,""detectors_checked"":829440}"
      1024,         0,         0,   0.102,standalone_exact_mw,c63d9dbf283cbe8d7d2c9891770aca900c170ab5c3de0408fa399997170cec3d,"{""distance"":7,""physical_error_rate"":0.001}","{""detection_events"":3130,""detectors_checked"":829440}"
      1024,         0,         0,   0.140,standalone_exact_mw,c63d9dbf283cbe8d7d2c9891770aca900c170ab5c3de0408fa399997170cec3d,"{""distance"":7,""physical_error_rate"":0.001}","{""detection_events"":3221,""detectors_checked"":829440}"
      1024,         0,         0,   0.182,standalone_exact_mw,3f3e41bc6b36ed0cfc2fad9d3557a7870f4e21d551182548e920bf13e0232e34,"{""distance"":7,""physical_error_rate"":0.005}","{""detection_events"":15615,""detectors_checked"":829440}"
      1024,         0,         0,   0.114,standalone_exact_mw,c63d9dbf283cbe8d7d2c9891770aca900c170ab5c3de0408fa399997170cec3d,"{""distance"":7,""physical_error_rate"":0.001}","{""detection_events"":3186,""detectors_checked"":829440}"
      1024,         0,         0,   0.161,standalone_exact_mw,3f3e41bc6b36ed0cfc2fad9d3557a7870f4e21d551182548e920bf13e0232e34,"{""distance"":7,""physical_error_rate"":0.005}","{""detection_events"":15859,""detectors_checked"":829440}"
      2048,         0,         0,   0.191,standalone_exact_mw,c63d9dbf283cbe8d7d2c9891770aca900c170ab5c3de0408fa399997170cec3d,"{""distance"":7,""physical_error_rate"":0.001}","{""detection_events"":6480,""detectors_checked"":1658880}"
      2048,         0,         0,   0.334,standalone_exact_mw,3f3e41bc6b36ed0cfc2fad9d3557a7870f4e21d551182548e920bf13e0232e34,"{""distance"":7,""physical_error_rate"":0.005}","{""detection_events"":31593,""detectors_checked"":1658880}"
      2048,         0,         0,   0.211,standalone_exact_mw,c63d9dbf283cbe8d7d2c9891770aca900c170ab5c3de0408fa399997170cec3d,"{""distance"":7,""physical_error_rate"":0.001}","{""detection_events"":6221,""detectors_checked"":1658880}"
      3072,         0,         0,   0.291,standalone_exact_mw,c63d9dbf283cbe8d7d2c9891770aca900c170ab5c3de0408fa399997170cec3d,"{""distance"":7,""physical_error_rate"":0.001}","{""detection_events"":9668,""detectors_checked"":2488320}"
      2048,         0,         0,   0.321,standalone_exact_mw,3f3e41bc6b36ed0cfc2fad9d3557a7870f4e21d551182548e920bf13e0232e34,"{""distance"":7,""physical_error_rate"":0.005}","{""detection_events"":31367,""detectors_checked"":1658880}"
   1794048,         0,         0,    44.9,standalone_exact_mw,8e8e16d7b7d10172304dc167922b352ab88e75bca590a4202cfa41b2b9ea2794,"{""distance"":7,""physical_error_rate"":0.0002}","{""detection_events"":1137296,""detectors_checked"":1453178880}"
      3072,         0,         0,   0.305,standalone_exact_mw,c63d9dbf283cbe8d7d2c9891770aca900c170ab5c3de0408fa399997170cec3d,"{""distance"":7,""physical_error_rate"":0.001}","{""detection_events"":9810,""detectors_checked"":2488320}"
      3072,         0,         0,   0.486,standalone_exact_mw,3f3e41bc6b36ed0cfc2fad9d3557a7870f4e21d551182548e920bf13e0232e34,"{""distance"":7,""physical_error_rate"":0.005}","{""detection_events"":46782,""detectors_checked"":2488320}"
      5120,         0,         0,   0.494,standalone_exact_mw,c63d9dbf283cbe8d7d2c9891770aca900c170ab5c3de0408fa399997170cec3d,"{""distance"":7,""physical_error_rate"":0.001}","{""detection_events"":16308,""detectors_checked"":4147200}"
     88064,         0,         0,    8.38,standalone_exact_mw,c63d9dbf283cbe8d7d2c9891770aca900c170ab5c3de0408fa399997170cec3d,"{""distance"":7,""physical_error_rate"":0.001}","{""detection_events"":275578,""detectors_checked"":71331840}"
      4096,         0,         0,   0.671,standalone_exact_mw,3f3e41bc6b36ed0cfc2fad9d3557a7870f4e21d551182548e920bf13e0232e34,"{""distance"":7,""physical_error_rate"":0.005}","{""detection_events"":63105,""detectors_checked"":3317760}"
      6144,         0,         0,   0.585,standalone_exact_mw,c63d9dbf283cbe8d7d2c9891770aca900c170ab5c3de0408fa399997170cec3d,"{""distance"":7,""physical_error_rate"":0.001}","{""detection_events"":19519,""detectors_checked"":4976640}"
         1,         0,         0,   0.005,standalone_exact_mw,a9d9675b1321ece7cfc097fb15bc34ed24757e8c4c3c164f9c59c08d4efd1ba2,"{""distance"":7,""physical_error_rate"":0.01}","{""detection_events"":27,""detectors_checked"":810}"
   1465344,         0,         0,    88.0,standalone_exact_mw,8e8e16d7b7d10172304dc167922b352ab88e75bca590a4202cfa41b2b9ea2794,"{""distance"":7,""physical_error_rate"":0.0002}","{""detection_events"":929993,""detectors_checked"":1186928640}"
       272,         0,         0,   0.050,standalone_exact_mw,a9d9675b1321ece7cfc097fb15bc34ed24757e8c4c3c164f9c59c08d4efd1ba2,"{""distance"":7,""physical_error_rate"":0.01}","{""detection_events"":8085,""detectors_checked"":220320}"
      5120,         0,         0,   0.828,standalone_exact_mw,3f3e41bc6b36ed0cfc2fad9d3557a7870f4e21d551182548e920bf13e0232e34,"{""distance"":7,""physical_error_rate"":0.005}","{""detection_events"":78838,""detectors_checked"":4147200}"
      8192,         0,         0,   0.802,standalone_exact_mw,c63d9dbf283cbe8d7d2c9891770aca900c170ab5c3de0408fa399997170cec3d,"{""distance"":7,""physical_error_rate"":0.001}","{""detection_events"":26105,""detectors_checked"":6635520}"
      1024,         0,         0,   0.265,standalone_exact_mw,a9d9675b1321ece7cfc097fb15bc34ed24757e8c4c3c164f9c59c08d4efd1ba2,"{""distance"":7,""physical_error_rate"":0.01}","{""detection_events"":30688,""detectors_checked"":829440}"
     37888,         4,         0,    8.43,standalone_exact_mw,a9d9675b1321ece7cfc097fb15bc34ed24757e8c4c3c164f9c59c08d4efd1ba2,"{""distance"":7,""physical_error_rate"":0.01}","{""detection_events"":1132600,""detectors_checked"":30689280,""obs_mistake_mask=E"":4}"
   1267712,         0,         0,    32.1,standalone_exact_mw,8e8e16d7b7d10172304dc167922b352ab88e75bca590a4202cfa41b2b9ea2794,"{""distance"":7,""physical_error_rate"":0.0002}","{""detection_events"":802240,""detectors_checked"":1026846720}"
      1024,         0,         0,   0.209,standalone_exact_mw,a9d9675b1321ece7cfc097fb15bc34ed24757e8c4c3c164f9c59c08d4efd1ba2,"{""distance"":7,""physical_error_rate"":0.01}","{""detection_events"":30541,""detectors_checked"":829440}"
      1024,         0,         0,   0.201,standalone_exact_mw,a9d9675b1321ece7cfc097fb15bc34ed24757e8c4c3c164f9c59c08d4efd1ba2,"{""distance"":7,""physical_error_rate"":0.01}","{""detection_events"":30631,""detectors_checked"":829440}"
      1024,         0,         0,   0.188,standalone_exact_mw,a9d9675b1321ece7cfc097fb15bc34ed24757e8c4c3c164f9c59c08d4efd1ba2,"{""distance"":7,""physical_error_rate"":0.01}","{""detection_events"":30822,""detectors_checked"":829440}"
      1024,         0,         0,   0.201,standalone_exact_mw,a9d9675b1321ece7cfc097fb15bc34ed24757e8c4c3c164f9c59c08d4efd1ba2,"{""distance"":7,""physical_error_rate"":0.01}","{""detection_events"":30835,""detectors_checked"":829440}"
      7168,         0,         0,    1.15,standalone_exact_mw,3f3e41bc6b36ed0cfc2fad9d3557a7870f4e21d551182548e920bf13e0232e34,"{""distance"":7,""physical_error_rate"":0.005}","{""detection_events"":110017,""detectors_checked"":5806080}"
      1024,         0,         0,   0.201,standalone_exact_mw,a9d9675b1321ece7cfc097fb15bc34ed24757e8c4c3c164f9c59c08d4efd1ba2,"{""distance"":7,""physical_error_rate"":0.01}","{""detection_events"":30890,""detectors_checked"":829440}"
    666624,         0,         0,    88.2,standalone_exact_mw,20c8daca17953576b13a32f59e5f9cb54485b277119f4e6925e9023b8dd1f351,"{""distance"":7,""physical_error_rate"":0.002}","{""detection_events"":4177287,""detectors_checked"":539965440}"
    218112,         0,         0,    32.2,standalone_exact_mw,3f3e41bc6b36ed0cfc2fad9d3557a7870f4e21d551182548e920bf13e0232e34,"{""distance"":7,""physical_error_rate"":0.005}","{""detection_events"":3358984,""detectors_checked"":176670720}"
     11264,         0,         0,    1.24,standalone_exact_mw,c63d9dbf283cbe8d7d2c9891770aca900c170ab5c3de0408fa399997170cec3d,"{""distance"":7,""physical_error_rate"":0.001}","{""detection_events"":35663,""detectors_checked"":9123840}"
      1024,         0,         0,   0.247,standalone_exact_mw,a9d9675b1321ece7cfc097fb15bc34ed24757e8c4c3c164f9c59c08d4efd1ba2,"{""distance"":7,""physical_error_rate"":0.01}","{""detection_events"":30266,""detectors_checked"":829440}"
    671744,         0,         0,    32.0,standalone_exact_mw,8e8e16d7b7d10172304dc167922b352ab88e75bca590a4202cfa41b2b9ea2794,"{""distance"":7,""physical_error_rate"":0.0002}","{""detection_events"":425990,""detectors_checked"":544112640}"
   1671168,         0,         0,    88.1,standalone_exact_mw,b0cacb7fc707c2734ebeeceefd47b6bd6784bf6b65d0613559eb8dd3ed8bcfbc,"{""distance"":7,""physical_error_rate"":0.0005}","{""detection_events"":2640637,""detectors_checked"":1353646080}"
      2048,         0,         0,   0.390,standalone_exact_mw,a9d9675b1321ece7cfc097fb15bc34ed24757e8c4c3c164f9c59c08d4efd1ba2,"{""distance"":7,""physical_error_rate"":0.01}","{""detection_events"":61127,""detectors_checked"":1658880}"
   1121280,         0,         0,    88.1,standalone_exact_mw,b0cacb7fc707c2734ebeeceefd47b6bd6784bf6b65d0613559eb8dd3ed8bcfbc,"{""distance"":7,""physical_error_rate"":0.0005}","{""detection_events"":1769157,""detectors_checked"":908236800}"
    203776,         0,         0,    32.1,standalone_exact_mw,b0cacb7fc707c2734ebeeceefd47b6bd6784bf6b65d0613559eb8dd3ed8bcfbc,"{""distance"":7,""physical_error_rate"":0.0005}","{""detection_events"":322211,""detectors_checked"":165058560}"
      2048,         0,         0,   0.458,standalone_exact_mw,a9d9675b1321ece7cfc097fb15bc34ed24757e8c4c3c164f9c59c08d4efd1ba2,"{""distance"":7,""physical_error_rate"":0.01}","{""detection_events"":61785,""detectors_checked"":1658880}"
      8192,         0,         0,    1.63,standalone_exact_mw,3f3e41bc6b36ed0cfc2fad9d3557a7870f4e21d551182548e920bf13e0232e34,"{""distance"":7,""physical_error_rate"":0.005}","{""detection_events"":126136,""detectors_checked"":6635520}"
      2048,         1,         0,   0.470,standalone_exact_mw,a9d9675b1321ece7cfc097fb15bc34ed24757e8c4c3c164f9c59c08d4efd1ba2,"{""distance"":7,""physical_error_rate"":0.01}","{""detection_events"":61733,""detectors_checked"":1658880,""obs_mistake_mask=E"":1}"
     10240,         0,         0,    1.60,standalone_exact_mw,c63d9dbf283cbe8d7d2c9891770aca900c170ab5c3de0408fa399997170cec3d,"{""distance"":7,""physical_error_rate"":0.001}","{""detection_events"":32382,""detectors_checked"":8294400}"
      3072,         0,         0,   0.598,standalone_exact_mw,a9d9675b1321ece7cfc097fb15bc34ed24757e8c4c3c164f9c59c08d4efd1ba2,"{""distance"":7,""physical_error_rate"":0.01}","{""detection_events"":91882,""detectors_checked"":2488320}"
     39936,         2,         0,    8.35,standalone_exact_mw,a9d9675b1321ece7cfc097fb15bc34ed24757e8c4c3c164f9c59c08d4efd1ba2,"{""distance"":7,""physical_error_rate"":0.01}","{""detection_events"":1193655,""detectors_checked"":32348160,""obs_mistake_mask=E"":2}"
    476160,         0,         0,    88.3,standalone_exact_mw,3f3e41bc6b36ed0cfc2fad9d3557a7870f4e21d551182548e920bf13e0232e34,"{""distance"":7,""physical_error_rate"":0.005}","{""detection_events"":7331419,""detectors_checked"":385689600}"
      5120,         0,         0,   0.969,standalone_exact_mw,a9d9675b1321ece7cfc097fb15bc34ed24757e8c4c3c164f9c59c08d4efd1ba2,"{""distance"":7,""physical_error_rate"":0.01}","{""detection_events"":153617,""detectors_checked"":4147200}"
      9216,         0,         0,    2.26,standalone_exact_mw,3f3e41bc6b36ed0cfc2fad9d3557a7870f4e21d551182548e920bf13e0232e34,"{""distance"":7,""physical_error_rate"":0.005}","{""detection_events"":142309,""detectors_checked"":7464960}"
     20480,         0,         0,    2.19,standalone_exact_mw,c63d9dbf283cbe8d7d2c9891770aca900c170ab5c3de0408fa399997170cec3d,"{""distance"":7,""physical_error_rate"":0.001}","{""detection_events"":63720,""detectors_checked"":16588800}"
         1,         0,         0,   0.014,standalone_exact_mw,3f3e41bc6b36ed0cfc2fad9d3557a7870f4e21d551182548e920bf13e0232e34,"{""distance"":7,""physical_error_rate"":0.005}","{""detection_events"":10,""detectors_checked"":810}"
       272,         0,         0,   0.048,standalone_exact_mw,3f3e41bc6b36ed0cfc2fad9d3557a7870f4e21d551182548e920bf13e0232e34,"{""distance"":7,""physical_error_rate"":0.005}","{""detection_events"":4100,""detectors_checked"":220320}"
      1024,         0,         0,   0.160,standalone_exact_mw,3f3e41bc6b36ed0cfc2fad9d3557a7870f4e21d551182548e920bf13e0232e34,"{""distance"":7,""physical_error_rate"":0.005}","{""detection_events"":15457,""detectors_checked"":829440}"
      6144,         0,         0,    1.21,standalone_exact_mw,a9d9675b1321ece7cfc097fb15bc34ed24757e8c4c3c164f9c59c08d4efd1ba2,"{""distance"":7,""physical_error_rate"":0.01}","{""detection_events"":184580,""detectors_checked"":4976640}"
      1024,         0,         0,   0.172,standalone_exact_mw,3f3e41bc6b36ed0cfc2fad9d3557a7870f4e21d551182548e920bf13e0232e34,"{""distance"":7,""physical_error_rate"":0.005}","{""detection_events"":15715,""detectors_checked"":829440}"
   2393088,         0,         0,    88.0,standalone_exact_mw,8e8e16d7b7d10172304dc167922b352ab88e75bca590a4202cfa41b2b9ea2794,"{""distance"":7,""physical_error_rate"":0.0002}","{""detection_events"":1513558,""detectors_checked"":1938401280}"
      1024,         0,         0,   0.159,standalone_exact_mw,3f3e41bc6b36ed0cfc2fad9d3557a7870f4e21d551182548e920bf13e0232e34,"{""distance"":7,""physical_error_rate"":0.005}","{""detection_events"":15529,""detectors_checked"":829440}"
      1024,         0,         0,   0.160,standalone_exact_mw,3f3e41bc6b36ed0cfc2fad9d3557a7870f4e21d551182548e920bf13e0232e34,"{""distance"":7,""physical_error_rate"":0.005}","{""detection_events"":15845,""detectors_checked"":829440}"
      1024,         0,         0,   0.160,standalone_exact_mw,3f3e41bc6b36ed0cfc2fad9d3557a7870f4e21d551182548e920bf13e0232e34,"{""distance"":7,""physical_error_rate"":0.005}","{""detection_events"":15644,""detectors_checked"":829440}"
      1024,         0,         0,   0.173,standalone_exact_mw,3f3e41bc6b36ed0cfc2fad9d3557a7870f4e21d551182548e920bf13e0232e34,"{""distance"":7,""physical_error_rate"":0.005}","{""detection_events"":15910,""detectors_checked"":829440}"
      1024,         0,         0,   0.160,standalone_exact_mw,3f3e41bc6b36ed0cfc2fad9d3557a7870f4e21d551182548e920bf13e0232e34,"{""distance"":7,""physical_error_rate"":0.005}","{""detection_events"":15902,""detectors_checked"":829440}"
    500736,        46,         0,    88.2,standalone_exact_mw,a9d9675b1321ece7cfc097fb15bc34ed24757e8c4c3c164f9c59c08d4efd1ba2,"{""distance"":7,""physical_error_rate"":0.01}","{""detection_events"":14989687,""detectors_checked"":405596160,""obs_mistake_mask=E"":46}"
    145408,         0,         0,    23.2,standalone_exact_mw,20c8daca17953576b13a32f59e5f9cb54485b277119f4e6925e9023b8dd1f351,"{""distance"":7,""physical_error_rate"":0.002}","{""detection_events"":907962,""detectors_checked"":117780480}"
      2048,         0,         0,   0.332,standalone_exact_mw,3f3e41bc6b36ed0cfc2fad9d3557a7870f4e21d551182548e920bf13e0232e34,"{""distance"":7,""physical_error_rate"":0.005}","{""detection_events"":31655,""detectors_checked"":1658880}"
      8192,         0,         0,    1.59,standalone_exact_mw,a9d9675b1321ece7cfc097fb15bc34ed24757e8c4c3c164f9c59c08d4efd1ba2,"{""distance"":7,""physical_error_rate"":0.01}","{""detection_events"":245579,""detectors_checked"":6635520}"
      2048,         0,         0,   0.483,standalone_exact_mw,3f3e41bc6b36ed0cfc2fad9d3557a7870f4e21d551182548e920bf13e0232e34,"{""distance"":7,""physical_error_rate"":0.005}","{""detection_events"":31590,""detectors_checked"":1658880}"
    411648,         5,         0,    88.2,standalone_exact_mw,3f3e41bc6b36ed0cfc2fad9d3557a7870f4e21d551182548e920bf13e0232e34,"{""distance"":7,""physical_error_rate"":0.005}","{""detection_events"":6339042,""detectors_checked"":333434880,""obs_mistake_mask=E"":5}"
      2048,         0,         0,   0.471,standalone_exact_mw,3f3e41bc6b36ed0cfc2fad9d3557a7870f4e21d551182548e920bf13e0232e34,"{""distance"":7,""physical_error_rate"":0.005}","{""detection_events"":30943,""detectors_checked"":1658880}"
     13312,         0,         0,    3.18,standalone_exact_mw,3f3e41bc6b36ed0cfc2fad9d3557a7870f4e21d551182548e920bf13e0232e34,"{""distance"":7,""physical_error_rate"":0.005}","{""detection_events"":204499,""detectors_checked"":10782720}"
    139264,         0,         0,    32.1,standalone_exact_mw,3f3e41bc6b36ed0cfc2fad9d3557a7870f4e21d551182548e920bf13e0232e34,"{""distance"":7,""physical_error_rate"":0.005}","{""detection_events"":2141563,""detectors_checked"":112803840}"
      3072,         0,         0,   0.586,standalone_exact_mw,3f3e41bc6b36ed0cfc2fad9d3557a7870f4e21d551182548e920bf13e0232e34,"{""distance"":7,""physical_error_rate"":0.005}","{""detection_events"":47544,""detectors_checked"":2488320}"
   1317888,         0,         0,    88.1,standalone_exact_mw,c63d9dbf283cbe8d7d2c9891770aca900c170ab5c3de0408fa399997170cec3d,"{""distance"":7,""physical_error_rate"":0.001}","{""detection_events"":4152294,""detectors_checked"":1067489280}"
     25600,         0,         0,    3.18,standalone_exact_mw,c63d9dbf283cbe8d7d2c9891770aca900c170ab5c3de0408fa399997170cec3d,"{""distance"":7,""physical_error_rate"":0.001}","{""detection_events"":80702,""detectors_checked"":20736000}"
    420864,         0,         0,    88.1,standalone_exact_mw,20c8daca17953576b13a32f59e5f9cb54485b277119f4e6925e9023b8dd1f351,"{""distance"":7,""physical_error_rate"":0.002}","{""detection_events"":2637324,""detectors_checked"":340899840}"
      5120,         0,         0,   0.945,standalone_exact_mw,3f3e41bc6b36ed0cfc2fad9d3557a7870f4e21d551182548e920bf13e0232e34,"{""distance"":7,""physical_error_rate"":0.005}","{""detection_events"":78433,""detectors_checked"":4147200}"
    617472,         2,         0,    88.2,standalone_exact_mw,3f3e41bc6b36ed0cfc2fad9d3557a7870f4e21d551182548e920bf13e0232e34,"{""distance"":7,""physical_error_rate"":0.005}","{""detection_events"":9508558,""detectors_checked"":500152320,""obs_mistake_mask=E"":2}"
     10240,         0,         0,    2.19,standalone_exact_mw,a9d9675b1321ece7cfc097fb15bc34ed24757e8c4c3c164f9c59c08d4efd1ba2,"{""distance"":7,""physical_error_rate"":0.01}","{""detection_events"":308217,""detectors_checked"":8294400}"
    845824,         0,         0,    88.1,standalone_exact_mw,c63d9dbf283cbe8d7d2c9891770aca900c170ab5c3de0408fa399997170cec3d,"{""distance"":7,""physical_error_rate"":0.001}","{""detection_events"":2668283,""detectors_checked"":685117440}"
    608256,         0,         0,    88.2,standalone_exact_mw,20c8daca17953576b13a32f59e5f9cb54485b277119f4e6925e9023b8dd1f351,"{""distance"":7,""physical_error_rate"":0.002}","{""detection_events"":3812179,""detectors_checked"":492687360}"
      7168,         0,         0,    1.18,standalone_exact_mw,3f3e41bc6b36ed0cfc2fad9d3557a7870f4e21d551182548e920bf13e0232e34,"{""distance"":7,""physical_error_rate"":0.005}","{""detection_events"":109537,""detectors_checked"":5806080}"
     96256,         0,         0,    11.7,standalone_exact_mw,c63d9dbf283cbe8d7d2c9891770aca900c170ab5c3de0408fa399997170cec3d,"{""distance"":7,""physical_error_rate"":0.001}","{""detection_events"":302953,""detectors_checked"":77967360}"
    449536,         0,         0,    32.1,standalone_exact_mw,b0cacb7fc707c2734ebeeceefd47b6bd6784bf6b65d0613559eb8dd3ed8bcfbc,"{""distance"":7,""physical_error_rate"":0.0005}","{""detection_events"":711380,""detectors_checked"":364124160}"
         1,         0,         0,   0.020,standalone_exact_mw,c63d9dbf283cbe8d7d2c9891770aca900c170ab5c3de0408fa399997170cec3d,"{""distance"":7,""physical_error_rate"":0.001}","{""detectors_checked"":810}"
       272,         0,         0,   0.029,standalone_exact_mw,c63d9dbf283cbe8d7d2c9891770aca900c170ab5c3de0408fa399997170cec3d,"{""distance"":7,""physical_error_rate"":0.001}","{""detection_events"":852,""detectors_checked"":220320}"
      1024,         0,         0,   0.153,standalone_exact_mw,c63d9dbf283cbe8d7d2c9891770aca900c170ab5c3de0408fa399997170cec3d,"{""distance"":7,""physical_error_rate"":0.001}","{""detection_events"":3250,""detectors_checked"":829440}"
      1024,         0,         0,   0.158,standalone_exact_mw,c63d9dbf283cbe8d7d2c9891770aca900c170ab5c3de0408fa399997170cec3d,"{""distance"":7,""physical_error_rate"":0.001}","{""detection_events"":3269,""detectors_checked"":829440}"
      1024,         0,         0,   0.141,standalone_exact_mw,c63d9dbf283cbe8d7d2c9891770aca900c170ab5c3de0408fa399997170cec3d,"{""distance"":7,""physical_error_rate"":0.001}","{""detection_events"":3286,""detectors_checked"":829440}"
     10240,         0,         0,    1.62,standalone_exact_mw,3f3e41bc6b36ed0cfc2fad9d3557a7870f4e21d551182548e920bf13e0232e34,"{""distance"":7,""physical_error_rate"":0.005}","{""detection_events"":157470,""detectors_checked"":8294400}"
      1024,         0,         0,   0.158,standalone_exact_mw,c63d9dbf283cbe8d7d2c9891770aca900c170ab5c3de0408fa399997170cec3d,"{""distance"":7,""physical_error_rate"":0.001}","{""detection_events"":3204,""detectors_checked"":829440}"
     48128,         5,         0,    11.9,standalone_exact_mw,a9d9675b1321ece7cfc097fb15bc34ed24757e8c4c3c164f9c59c08d4efd1ba2,"{""distance"":7,""physical_error_rate"":0.01}","{""detection_events"":1441116,""detectors_checked"":38983680,""obs_mistake_mask=E"":5}"
      1024,         0,         0,   0.139,standalone_exact_mw,c63d9dbf283cbe8d7d2c9891770aca900c170ab5c3de0408fa399997170cec3d,"{""distance"":7,""physical_error_rate"":0.001}","{""detection_events"":3151,""detectors_checked"":829440}"
   1029120,         0,         0,    88.1,standalone_exact_mw,20c8daca17953576b13a32f59e5f9cb54485b277119f4e6925e9023b8dd1f351,"{""distance"":7,""physical_error_rate"":0.002}","{""detection_events"":6442405,""detectors_checked"":833587200}"
      1024,         0,         0,   0.159,standalone_exact_mw,c63d9dbf283cbe8d7d2c9891770aca900c170ab5c3de0408fa399997170cec3d,"{""distance"":7,""physical_error_rate"":0.001}","{""detection_events"":3374,""detectors_checked"":829440}"
   1729536,         0,         0,    88.1,standalone_exact_mw,b0cacb7fc707c2734ebeeceefd47b6bd6784bf6b65d0613559eb8dd3ed8bcfbc,"{""distance"":7,""physical_error_rate"":0.0005}","{""detection_events"":2734108,""detectors_checked"":1400924160}"
      1024,         0,         0,   0.155,standalone_exact_mw,c63d9dbf283cbe8d7d2c9891770aca900c170ab5c3de0408fa399997170cec3d,"{""distance"":7,""physical_error_rate"":0.001}","{""detection_events"":3133,""detectors_checked"":829440}"
     18432,         0,         0,    4.46,standalone_exact_mw,3f3e41bc6b36ed0cfc2fad9d3557a7870f4e21d551182548e920bf13e0232e34,"{""distance"":7,""physical_error_rate"":0.005}","{""detection_events"":283262,""detectors_checked"":14929920}"
     33792,         0,         0,    4.41,standalone_exact_mw,c63d9dbf283cbe8d7d2c9891770aca900c170ab5c3de0408fa399997170cec3d,"{""distance"":7,""physical_error_rate"":0.001}","{""detection_events"":107974,""detectors_checked"":27371520}"
     12288,         1,         0,    3.48,standalone_exact_mw,a9d9675b1321ece7cfc097fb15bc34ed24757e8c4c3c164f9c59c08d4efd1ba2,"{""distance"":7,""physical_error_rate"":0.01}","{""detection_events"":367055,""detectors_checked"":9953280,""obs_mistake_mask=E"":1}"
      2048,         0,         0,   0.283,standalone_exact_mw,c63d9dbf283cbe8d7d2c9891770aca900c170ab5c3de0408fa399997170cec3d,"{""distance"":7,""physical_error_rate"":0.001}","{""detection_events"":6467,""detectors_checked"":1658880}"
    307200,         0,         0,    23.0,standalone_exact_mw,b0cacb7fc707c2734ebeeceefd47b6bd6784bf6b65d0613559eb8dd3ed8bcfbc,"{""distance"":7,""physical_error_rate"":0.0005}","{""detection_events"":484317,""detectors_checked"":248832000}"
      3072,         0,         0,   0.342,standalone_exact_mw,c63d9dbf283cbe8d7d2c9891770aca900c170ab5c3de0408fa399997170cec3d,"{""distance"":7,""physical_error_rate"":0.001}","{""detection_events"":9533,""detectors_checked"":2488320}"
    549888,         0,         0,    32.1,standalone_exact_mw,b0cacb7fc707c2734ebeeceefd47b6bd6784bf6b65d0613559eb8dd3ed8bcfbc,"{""distance"":7,""physical_error_rate"":0.0005}","{""detection_events"":869486,""detectors_checked"":445409280}"
      4096,         0,         0,   0.440,standalone_exact_mw,c63d9dbf283cbe8d7d2c9891770aca900c170ab5c3de0408fa399997170cec3d,"{""distance"":7,""physical_error_rate"":0.001}","{""detection_events"":12926,""detectors_checked"":3317760}"
      6144,         0,         0,   0.580,standalone_exact_mw,c63d9dbf283cbe8d7d2c9891770aca900c170ab5c3de0408fa399997170cec3d,"{""distance"":7,""physical_error_rate"":0.001}","{""detection_events"":19400,""detectors_checked"":4976640}"
     14336,         0,         0,    2.28,standalone_exact_mw,3f3e41bc6b36ed0cfc2fad9d3557a7870f4e21d551182548e920bf13e0232e34,"{""distance"":7,""physical_error_rate"":0.005}","{""detection_events"":220696,""detectors_checked"":11612160}"
    185344,        12,         0,    32.3,standalone_exact_mw,a9d9675b1321ece7cfc097fb15bc34ed24757e8c4c3c164f9c59c08d4efd1ba2,"{""distance"":7,""physical_error_rate"":0.01}","{""detection_events"":5552503,""detectors_checked"":150128640,""obs_mistake_mask=E"":12}"
      8192,         0,         0,   0.813,standalone_exact_mw,c63d9dbf283cbe8d7d2c9891770aca900c170ab5c3de0408fa399997170cec3d,"{""distance"":7,""physical_error_rate"":0.001}","{""detection_events"":26301,""detectors_checked"":6635520}"
    463872,         0,         0,    44.9,standalone_exact_mw,20c8daca17953576b13a32f59e5f9cb54485b277119f4e6925e9023b8dd1f351,"{""distance"":7,""physical_error_rate"":0.002}","{""detection_events"":2905609,""detectors_checked"":375736320}"
    478208,         0,         0,    88.2,standalone_exact_mw,3f3e41bc6b36ed0cfc2fad9d3557a7870f4e21d551182548e920bf13e0232e34,"{""distance"":7,""physical_error_rate"":0.005}","{""detection_events"":7359810,""detectors_checked"":387348480}"
     67584,         4,         0,    11.8,standalone_exact_mw,a9d9675b1321ece7cfc097fb15bc34ed24757e8c4c3c164f9c59c08d4efd1ba2,"{""distance"":7,""physical_error_rate"":0.01}","{""detection_events"":2020525,""detectors_checked"":54743040,""obs_mistake_mask=E"":4}"
     12288,         0,         0,    1.19,standalone_exact_mw,c63d9dbf283cbe8d7d2c9891770aca900c170ab5c3de0408fa399997170cec3d,"{""distance"":7,""physical_error_rate"":0.001}","{""detection_events"":38983,""detectors_checked"":9953280}"
         1,         0,         0,   0.015,standalone_exact_mw,b0cacb7fc707c2734ebeeceefd47b6bd6784bf6b65d0613559eb8dd3ed8bcfbc,"{""distance"":7,""physical_error_rate"":0.0005}","{""detectors_checked"":810}"
     11264,         1,         0,    4.39,standalone_exact_mw,a9d9675b1321ece7cfc097fb15bc34ed24757e8c4c3c164f9c59c08d4efd1ba2,"{""distance"":7,""physical_error_rate"":0.01}","{""detection_events"":337649,""detectors_checked"":9123840,""obs_mistake_mask=E"":1}"
       272,         0,         0,   0.033,standalone_exact_mw,b0cacb7fc707c2734ebeeceefd47b6bd6784bf6b65d0613559eb8dd3ed8bcfbc,"{""distance"":7,""physical_error_rate"":0.0005}","{""detection_events"":379,""detectors_checked"":220320}"
      1024,         0,         0,   0.063,standalone_exact_mw,b0cacb7fc707c2734ebeeceefd47b6bd6784bf6b65d0613559eb8dd3ed8bcfbc,"{""distance"":7,""physical_error_rate"":0.0005}","{""detection_events"":1719,""detectors_checked"":829440}"
      1024,         0,         0,   0.072,standalone_exact_mw,b0cacb7fc707c2734ebeeceefd47b6bd6784bf6b65d0613559eb8dd3ed8bcfbc,"{""distance"":7,""physical_error_rate"":0.0005}","{""detection_events"":1597,""detectors_checked"":829440}"
     19456,         0,         0,    3.09,standalone_exact_mw,3f3e41bc6b36ed0cfc2fad9d3557a7870f4e21d551182548e920bf13e0232e34,"{""distance"":7,""physical_error_rate"":0.005}","{""detection_events"":300396,""detectors_checked"":15759360}"
      1024,         0,         0,   0.076,standalone_exact_mw,b0cacb7fc707c2734ebeeceefd47b6bd6784bf6b65d0613559eb8dd3ed8bcfbc,"{""distance"":7,""physical_error_rate"":0.0005}","{""detection_events"":1636,""detectors_checked"":829440}"
      1024,         0,         0,   0.063,standalone_exact_mw,b0cacb7fc707c2734ebeeceefd47b6bd6784bf6b65d0613559eb8dd3ed8bcfbc,"{""distance"":7,""physical_error_rate"":0.0005}","{""detection_events"":1594,""detectors_checked"":829440}"
      1024,         0,         0,   0.076,standalone_exact_mw,b0cacb7fc707c2734ebeeceefd47b6bd6784bf6b65d0613559eb8dd3ed8bcfbc,"{""distance"":7,""physical_error_rate"":0.0005}","{""detection_events"":1720,""detectors_checked"":829440}"
      2048,         0,         0,   0.152,standalone_exact_mw,b0cacb7fc707c2734ebeeceefd47b6bd6784bf6b65d0613559eb8dd3ed8bcfbc,"{""distance"":7,""physical_error_rate"":0.0005}","{""detection_events"":3275,""detectors_checked"":1658880}"
     16384,         0,         0,    1.58,standalone_exact_mw,c63d9dbf283cbe8d7d2c9891770aca900c170ab5c3de0408fa399997170cec3d,"{""distance"":7,""physical_error_rate"":0.001}","{""detection_events"":51594,""detectors_checked"":13271040}"
      3072,         0,         0,   0.207,standalone_exact_mw,b0cacb7fc707c2734ebeeceefd47b6bd6784bf6b65d0613559eb8dd3ed8bcfbc,"{""distance"":7,""physical_error_rate"":0.0005}","{""detection_events"":4716,""detectors_checked"":2488320}"
    190464,         0,         0,    23.0,standalone_exact_mw,20c8daca17953576b13a32f59e5f9cb54485b277119f4e6925e9023b8dd1f351,"{""distance"":7,""physical_error_rate"":0.002}","{""detection_events"":1191852,""detectors_checked"":154275840}"
      3072,         0,         0,   0.235,standalone_exact_mw,b0cacb7fc707c2734ebeeceefd47b6bd6784bf6b65d0613559eb8dd3ed8bcfbc,"{""distance"":7,""physical_error_rate"":0.0005}","{""detection_events"":4814,""detectors_checked"":2488320}"
      4096,         0,         0,   0.292,standalone_exact_mw,b0cacb7fc707c2734ebeeceefd47b6bd6784bf6b65d0613559eb8dd3ed8bcfbc,"{""distance"":7,""physical_error_rate"":0.0005}","{""detection_events"":6617,""detectors_checked"":3317760}"
     35840,         0,         0,    5.96,standalone_exact_mw,3f3e41bc6b36ed0cfc2fad9d3557a7870f4e21d551182548e920bf13e0232e34,"{""distance"":7,""physical_error_rate"":0.005}","{""detection_events"":551539,""detectors_checked"":29030400}"
     43008,         0,         0,    6.07,standalone_exact_mw,c63d9dbf283cbe8d7d2c9891770aca900c170ab5c3de0408fa399997170cec3d,"{""distance"":7,""physical_error_rate"":0.001}","{""detection_events"":136470,""detectors_checked"":34836480}"
      6144,         0,         0,   0.420,standalone_exact_mw,b0cacb7fc707c2734ebeeceefd47b6bd6784bf6b65d0613559eb8dd3ed8bcfbc,"{""distance"":7,""physical_error_rate"":0.0005}","{""detection_events"":9617,""detectors_checked"":4976640}"
      8192,         0,         0,   0.595,standalone_exact_mw,b0cacb7fc707c2734ebeeceefd47b6bd6784bf6b65d0613559eb8dd3ed8bcfbc,"{""distance"":7,""physical_error_rate"":0.0005}","{""detection_events"":12868,""detectors_checked"":6635520}"
    924672,         0,         0,    44.9,standalone_exact_mw,b0cacb7fc707c2734ebeeceefd47b6bd6784bf6b65d0613559eb8dd3ed8bcfbc,"{""distance"":7,""physical_error_rate"":0.0005}","{""detection_events"":1459138,""detectors_checked"":748984320}"
     22528,         0,         0,    2.17,standalone_exact_mw,c63d9dbf283cbe8d7d2c9891770aca900c170ab5c3de0408fa399997170cec3d,"{""distance"":7,""physical_error_rate"":0.001}","{""detection_events"":71060,""detectors_checked"":18247680}"
     11264,         0,         0,   0.804,standalone_exact_mw,b0cacb7fc707c2734ebeeceefd47b6bd6784bf6b65d0613559eb8dd3ed8bcfbc,"{""distance"":7,""physical_error_rate"":0.0005}","{""detection_events"":17708,""detectors_checked"":9123840}"
       273,         0,         0,   0.032,standalone_exact_mw,20c8daca17953576b13a32f59e5f9cb54485b277119f4e6925e9023b8dd1f351,"{""distance"":7,""physical_error_rate"":0.002}","{""detection_events"":1742,""detectors_checked"":221130}"
      1024,         0,         0,   0.131,standalone_exact_mw,20c8daca17953576b13a32f59e5f9cb54485b277119f4e6925e9023b8dd1f351,"{""distance"":7,""physical_error_rate"":0.002}","{""detection_events"":6410,""detectors_checked"":829440}"
      1024,         0,         0,   0.130,standalone_exact_mw,20c8daca17953576b13a32f59e5f9cb54485b277119f4e6925e9023b8dd1f351,"{""distance"":7,""physical_error_rate"":0.002}","{""detection_events"":6615,""detectors_checked"":829440}"
      1024,         0,         0,   0.130,standalone_exact_mw,20c8daca17953576b13a32f59e5f9cb54485b277119f4e6925e9023b8dd1f351,"{""distance"":7,""physical_error_rate"":0.002}","{""detection_events"":6460,""detectors_checked"":829440}"
      1024,         0,         0,   0.130,standalone_exact_mw,20c8daca17953576b13a32f59e5f9cb54485b277119f4e6925e9023b8dd1f351,"{""distance"":7,""physical_error_rate"":0.002}","{""detection_events"":6437,""detectors_checked"":829440}"
      1024,         0,         0,   0.116,standalone_exact_mw,20c8daca17953576b13a32f59e5f9cb54485b277119f4e6925e9023b8dd1f351,"{""distance"":7,""physical_error_rate"":0.002}","{""detection_events"":6323,""detectors_checked"":829440}"
     16384,         0,         0,    1.17,standalone_exact_mw,b0cacb7fc707c2734ebeeceefd47b6bd6784bf6b65d0613559eb8dd3ed8bcfbc,"{""distance"":7,""physical_error_rate"":0.0005}","{""detection_events"":26065,""detectors_checked"":13271040}"
      1024,         0,         0,   0.116,standalone_exact_mw,20c8daca17953576b13a32f59e5f9cb54485b277119f4e6925e9023b8dd1f351,"{""distance"":7,""physical_error_rate"":0.002}","{""detection_events"":6404,""detectors_checked"":829440}"
      1024,         0,         0,   0.130,standalone_exact_mw,20c8daca17953576b13a32f59e5f9cb54485b277119f4e6925e9023b8dd1f351,"{""distance"":7,""physical_error_rate"":0.002}","{""detection_events"":6436,""detectors_checked"":829440}"
     27648,         0,         0,    4.37,standalone_exact_mw,3f3e41bc6b36ed0cfc2fad9d3557a7870f4e21d551182548e920bf13e0232e34,"{""distance"":7,""physical_error_rate"":0.005}","{""detection_events"":424971,""detectors_checked"":22394880}"
      2048,         0,         0,   0.259,standalone_exact_mw,20c8daca17953576b13a32f59e5f9cb54485b277119f4e6925e9023b8dd1f351,"{""distance"":7,""physical_error_rate"":0.002}","{""detection_events"":12629,""detectors_checked"":1658880}"
   1777664,         0,         0,    44.9,standalone_exact_mw,8e8e16d7b7d10172304dc167922b352ab88e75bca590a4202cfa41b2b9ea2794,"{""distance"":7,""physical_error_rate"":0.0002}","{""detection_events"":1124230,""detectors_checked"":1439907840}"
      2048,         0,         0,   0.331,standalone_exact_mw,20c8daca17953576b13a32f59e5f9cb54485b277119f4e6925e9023b8dd1f351,"{""distance"":7,""physical_error_rate"":0.002}","{""detection_events"":12986,""detectors_checked"":1658880}"
      3072,         0,         0,   0.389,standalone_exact_mw,20c8daca17953576b13a32f59e5f9cb54485b277119f4e6925e9023b8dd1f351,"{""distance"":7,""physical_error_rate"":0.002}","{""detection_events"":19124,""detectors_checked"":2488320}"
    376832,         2,         0,    88.3,standalone_exact_mw,3f3e41bc6b36ed0cfc2fad9d3557a7870f4e21d551182548e920bf13e0232e34,"{""distance"":7,""physical_error_rate"":0.005}","{""detection_events"":5798726,""detectors_checked"":305233920,""obs_mistake_mask=E"":2}"
     31744,         0,         0,    3.06,standalone_exact_mw,c63d9dbf283cbe8d7d2c9891770aca900c170ab5c3de0408fa399997170cec3d,"{""distance"":7,""physical_error_rate"":0.001}","{""detection_events"":100106,""detectors_checked"":25712640}"
     19456,         0,         0,    1.58,standalone_exact_mw,b0cacb7fc707c2734ebeeceefd47b6bd6784bf6b65d0613559eb8dd3ed8bcfbc,"{""distance"":7,""physical_error_rate"":0.0005}","{""detection_events"":30887,""detectors_checked"":15759360}"
     31744,         1,         0,    5.98,standalone_exact_mw,a9d9675b1321ece7cfc097fb15bc34ed24757e8c4c3c164f9c59c08d4efd1ba2,"{""distance"":7,""physical_error_rate"":0.01}","{""detection_events"":951411,""detectors_checked"":25712640,""obs_mistake_mask=E"":1}"
      4096,         0,         0,   0.558,standalone_exact_mw,20c8daca17953576b13a32f59e5f9cb54485b277119f4e6925e9023b8dd1f351,"{""distance"":7,""physical_error_rate"":0.002}","{""detection_events"":25750,""detectors_checked"":3317760}"
      4096,         0,         0,   0.581,standalone_exact_mw,20c8daca17953576b13a32f59e5f9cb54485b277119f4e6925e9023b8dd1f351,"{""distance"":7,""physical_error_rate"":0.002}","{""detection_events"":25939,""detectors_checked"":3317760}"
    551936,         0,         0,    32.1,standalone_exact_mw,8e8e16d7b7d10172304dc167922b352ab88e75bca590a4202cfa41b2b9ea2794,"{""distance"":7,""physical_error_rate"":0.0002}","{""detection_events"":349161,""detectors_checked"":447068160}"
   1316864,         0,         0,    63.0,standalone_exact_mw,c63d9dbf283cbe8d7d2c9891770aca900c170ab5c3de0408fa399997170cec3d,"{""distance"":7,""physical_error_rate"":0.001}","{""detection_events"":4146783,""detectors_checked"":1066659840}"
      6144,         0,         0,   0.857,standalone_exact_mw,20c8daca17953576b13a32f59e5f9cb54485b277119f4e6925e9023b8dd1f351,"{""distance"":7,""physical_error_rate"":0.002}","{""detection_events"":39048,""detectors_checked"":4976640}"
    733184,         0,         0,    88.0,standalone_exact_mw,b0cacb7fc707c2734ebeeceefd47b6bd6784bf6b65d0613559eb8dd3ed8bcfbc,"{""distance"":7,""physical_error_rate"":0.0005}","{""detection_events"":1157380,""detectors_checked"":593879040}"
     27648,         0,         0,    2.17,standalone_exact_mw,b0cacb7fc707c2734ebeeceefd47b6bd6784bf6b65d0613559eb8dd3ed8bcfbc,"{""distance"":7,""physical_error_rate"":0.0005}","{""detection_events"":43958,""detectors_checked"":22394880}"
    545792,         0,         0,    32.1,standalone_exact_mw,b0cacb7fc707c2734ebeeceefd47b6bd6784bf6b65d0613559eb8dd3ed8bcfbc,"{""distance"":7,""physical_error_rate"":0.0005}","{""detection_events"":861507,""detectors_checked"":442091520}"
      8192,         0,         0,    1.23,standalone_exact_mw,20c8daca17953576b13a32f59e5f9cb54485b277119f4e6925e9023b8dd1f351,"{""distance"":7,""physical_error_rate"":0.002}","{""detection_events"":51217,""detectors_checked"":6635520}"
    150528,         0,         0,    16.4,standalone_exact_mw,c63d9dbf283cbe8d7d2c9891770aca900c170ab5c3de0408fa399997170cec3d,"{""distance"":7,""physical_error_rate"":0.001}","{""detection_events"":474306,""detectors_checked"":121927680}"
     38912,         0,         0,    8.52,standalone_exact_mw,3f3e41bc6b36ed0cfc2fad9d3557a7870f4e21d551182548e920bf13e0232e34,"{""distance"":7,""physical_error_rate"":0.005}","{""detection_events"":599782,""detectors_checked"":31518720}"
     50176,         0,         0,    8.37,standalone_exact_mw,c63d9dbf283cbe8d7d2c9891770aca900c170ab5c3de0408fa399997170cec3d,"{""distance"":7,""physical_error_rate"":0.001}","{""detection_events"":157803,""detectors_checked"":40642560}"
     44032,         0,         0,    4.27,standalone_exact_mw,c63d9dbf283cbe8d7d2c9891770aca900c170ab5c3de0408fa399997170cec3d,"{""distance"":7,""physical_error_rate"":0.001}","{""detection_events"":139028,""detectors_checked"":35665920}"
      8192,         0,         0,    1.56,standalone_exact_mw,20c8daca17953576b13a32f59e5f9cb54485b277119f4e6925e9023b8dd1f351,"{""distance"":7,""physical_error_rate"":0.002}","{""detection_events"":50915,""detectors_checked"":6635520}"
     34816,         1,         0,    6.08,standalone_exact_mw,3f3e41bc6b36ed0cfc2fad9d3557a7870f4e21d551182548e920bf13e0232e34,"{""distance"":7,""physical_error_rate"":0.005}","{""detection_events"":533705,""detectors_checked"":28200960,""obs_mistake_mask=E"":1}"
   2529280,         0,         0,    62.9,standalone_exact_mw,8e8e16d7b7d10172304dc167922b352ab88e75bca590a4202cfa41b2b9ea2794,"{""distance"":7,""physical_error_rate"":0.0002}","{""detection_events"":1604665,""detectors_checked"":2048716800}"
     34816,         0,         0,    3.12,standalone_exact_mw,b0cacb7fc707c2734ebeeceefd47b6bd6784bf6b65d0613559eb8dd3ed8bcfbc,"{""distance"":7,""physical_error_rate"":0.0005}","{""detection_events"":54387,""detectors_checked"":28200960}"
     66560,         8,         0,    16.6,standalone_exact_mw,a9d9675b1321ece7cfc097fb15bc34ed24757e8c4c3c164f9c59c08d4efd1ba2,"{""distance"":7,""physical_error_rate"":0.01}","{""detection_events"":1991068,""detectors_checked"":53913600,""obs_mistake_mask=E"":8}"
    569344,         0,         0,    88.1,standalone_exact_mw,20c8daca17953576b13a32f59e5f9cb54485b277119f4e6925e9023b8dd1f351,"{""distance"":7,""physical_error_rate"":0.002}","{""detection_events"":3571182,""detectors_checked"":461168640}"
     14336,         0,         0,    2.28,standalone_exact_mw,20c8daca17953576b13a32f59e5f9cb54485b277119f4e6925e9023b8dd1f351,"{""distance"":7,""physical_error_rate"":0.002}","{""detection_events"":89917,""detectors_checked"":11612160}"
     43008,         6,         0,    8.40,standalone_exact_mw,a9d9675b1321ece7cfc097fb15bc34ed24757e8c4c3c164f9c59c08d4efd1ba2,"{""distance"":7,""physical_error_rate"":0.01}","{""detection_events"":1286060,""detectors_checked"":34836480,""obs_mistake_mask=E"":6}"
     80896,         6,         0,    16.4,standalone_exact_mw,a9d9675b1321ece7cfc097fb15bc34ed24757e8c4c3c164f9c59c08d4efd1ba2,"{""distance"":7,""physical_error_rate"":0.01}","{""detection_events"":2421147,""detectors_checked"":65525760,""obs_mistake_mask=E"":6}"
     53248,         0,         0,    4.29,standalone_exact_mw,b0cacb7fc707c2734ebeeceefd47b6bd6784bf6b65d0613559eb8dd3ed8bcfbc,"{""distance"":7,""physical_error_rate"":0.0005}","{""detection_events"":84166,""detectors_checked"":43130880}"
     23552,         0,         0,    3.05,standalone_exact_mw,20c8daca17953576b13a32f59e5f9cb54485b277119f4e6925e9023b8dd1f351,"{""distance"":7,""physical_error_rate"":0.002}","{""detection_events"":147348,""detectors_checked"":19077120}"
     61440,         0,         0,    6.00,standalone_exact_mw,c63d9dbf283cbe8d7d2c9891770aca900c170ab5c3de0408fa399997170cec3d,"{""distance"":7,""physical_error_rate"":0.001}","{""detection_events"":193549,""detectors_checked"":49766400}"
     39936,         1,         0,    8.40,standalone_exact_mw,3f3e41bc6b36ed0cfc2fad9d3557a7870f4e21d551182548e920bf13e0232e34,"{""distance"":7,""physical_error_rate"":0.005}","{""detection_events"":613990,""detectors_checked"":32348160,""obs_mistake_mask=E"":1}"
     32768,         0,         0,    4.29,standalone_exact_mw,20c8daca17953576b13a32f59e5f9cb54485b277119f4e6925e9023b8dd1f351,"{""distance"":7,""physical_error_rate"":0.002}","{""detection_events"":205260,""detectors_checked"":26542080}"
    427008,        20,         0,    88.1,standalone_exact_mw,a9d9675b1321ece7cfc097fb15bc34ed24757e8c4c3c164f9c59c08d4efd1ba2,"{""distance"":7,""physical_error_rate"":0.01}","{""detection_events"":12778253,""detectors_checked"":345876480,""obs_mistake_mask=E"":20}"
     77824,         0,         0,    6.04,standalone_exact_mw,b0cacb7fc707c2734ebeeceefd47b6bd6784bf6b65d0613559eb8dd3ed8bcfbc,"{""distance"":7,""physical_error_rate"":0.0005}","{""detection_events"":123351,""detectors_checked"":63037440}"
     66560,         1,         0,    11.8,standalone_exact_mw,3f3e41bc6b36ed0cfc2fad9d3557a7870f4e21d551182548e920bf13e0232e34,"{""distance"":7,""physical_error_rate"":0.005}","{""detection_events"":1024671,""detectors_checked"":53913600,""obs_mistake_mask=E"":1}"
    210944,         0,         0,    32.3,standalone_exact_mw,20c8daca17953576b13a32f59e5f9cb54485b277119f4e6925e9023b8dd1f351,"{""distance"":7,""physical_error_rate"":0.002}","{""detection_events"":1321465,""detectors_checked"":170864640}"
    110592,         0,         0,    11.9,standalone_exact_mw,c63d9dbf283cbe8d7d2c9891770aca900c170ab5c3de0408fa399997170cec3d,"{""distance"":7,""physical_error_rate"":0.001}","{""detection_events"":349620,""detectors_checked"":89579520}"
    805888,         0,         0,    88.2,standalone_exact_mw,c63d9dbf283cbe8d7d2c9891770aca900c170ab5c3de0408fa399997170cec3d,"{""distance"":7,""physical_error_rate"":0.001}","{""detection_events"":2536893,""detectors_checked"":652769280}"
     75776,         0,         0,    8.44,standalone_exact_mw,c63d9dbf283cbe8d7d2c9891770aca900c170ab5c3de0408fa399997170cec3d,"{""distance"":7,""physical_error_rate"":0.001}","{""detection_events"":238162,""detectors_checked"":61378560}"
    750592,         0,         0,    88.0,standalone_exact_mw,c63d9dbf283cbe8d7d2c9891770aca900c170ab5c3de0408fa399997170cec3d,"{""distance"":7,""physical_error_rate"":0.001}","{""detection_events"":2365011,""detectors_checked"":607979520}"
     40960,         0,         0,    6.02,standalone_exact_mw,20c8daca17953576b13a32f59e5f9cb54485b277119f4e6925e9023b8dd1f351,"{""distance"":7,""physical_error_rate"":0.002}","{""detection_events"":256044,""detectors_checked"":33177600}"
   1317888,       100,         0,   120.0,standalone_exact_mw,a9d9675b1321ece7cfc097fb15bc34ed24757e8c4c3c164f9c59c08d4efd1ba2,"{""distance"":7,""physical_error_rate"":0.01}","{""detection_events"":39423727,""detectors_checked"":1067489280,""obs_mistake_mask=E"":100}"
    204800,        14,         0,    36.9,standalone_exact_mw,a9d9675b1321ece7cfc097fb15bc34ed24757e8c4c3c164f9c59c08d4efd1ba2,"{""distance"":7,""physical_error_rate"":0.01}","{""detection_events"":6129758,""detectors_checked"":165888000,""obs_mistake_mask=E"":14}"
    152576,        16,         0,    28.3,standalone_exact_mw,a9d9675b1321ece7cfc097fb15bc34ed24757e8c4c3c164f9c59c08d4efd1ba2,"{""distance"":7,""physical_error_rate"":0.01}","{""detection_events"":4562603,""detectors_checked"":123586560,""obs_mistake_mask=E"":16}"
     54272,         2,         0,    11.4,standalone_exact_mw,a9d9675b1321ece7cfc097fb15bc34ed24757e8c4c3c164f9c59c08d4efd1ba2,"{""distance"":7,""physical_error_rate"":0.01}","{""detection_events"":1625059,""detectors_checked"":43960320,""obs_mistake_mask=E"":2}"
    227328,        18,         0,    48.4,standalone_exact_mw,a9d9675b1321ece7cfc097fb15bc34ed24757e8c4c3c164f9c59c08d4efd1ba2,"{""distance"":7,""physical_error_rate"":0.01}","{""detection_events"":6803148,""detectors_checked"":184135680,""obs_mistake_mask=E"":18}"
     72704,         7,         0,    14.6,standalone_exact_mw,a9d9675b1321ece7cfc097fb15bc34ed24757e8c4c3c164f9c59c08d4efd1ba2,"{""distance"":7,""physical_error_rate"":0.01}","{""detection_events"":2175585,""detectors_checked"":58890240,""obs_mistake_mask=E"":7}"
    388096,        29,         0,    87.8,standalone_exact_mw,a9d9675b1321ece7cfc097fb15bc34ed24757e8c4c3c164f9c59c08d4efd1ba2,"{""distance"":7,""physical_error_rate"":0.01}","{""detection_events"":11612361,""detectors_checked"":314357760,""obs_mistake_mask=E"":29}"
      1024,         0,         0,   0.095,standalone_exact_mw,a9d9675b1321ece7cfc097fb15bc34ed24757e8c4c3c164f9c59c08d4efd1ba2,"{""distance"":7,""physical_error_rate"":0.01}","{""detection_events"":30647,""detectors_checked"":829440}"
     24576,         1,         0,    4.80,standalone_exact_mw,a9d9675b1321ece7cfc097fb15bc34ed24757e8c4c3c164f9c59c08d4efd1ba2,"{""distance"":7,""physical_error_rate"":0.01}","{""detection_events"":738397,""detectors_checked"":19906560,""obs_mistake_mask=E"":1}"
     59392,         3,         0,    11.8,standalone_exact_mw,a9d9675b1321ece7cfc097fb15bc34ed24757e8c4c3c164f9c59c08d4efd1ba2,"{""distance"":7,""physical_error_rate"":0.01}","{""detection_events"":1777062,""detectors_checked"":48107520,""obs_mistake_mask=E"":3}"
    220160,         8,         0,    47.2,standalone_exact_mw,a9d9675b1321ece7cfc097fb15bc34ed24757e8c4c3c164f9c59c08d4efd1ba2,"{""distance"":7,""physical_error_rate"":0.01}","{""detection_events"":6586555,""detectors_checked"":178329600,""obs_mistake_mask=E"":8}"
   1547264,        15,         0,   119.9,standalone_exact_mw,3f3e41bc6b36ed0cfc2fad9d3557a7870f4e21d551182548e920bf13e0232e34,"{""distance"":7,""physical_error_rate"":0.005}","{""detection_events"":23820438,""detectors_checked"":1253283840,""obs_mistake_mask=E"":15}"
         1,         0,         0,   0.028,standalone_exact_mw,c63d9dbf283cbe8d7d2c9891770aca900c170ab5c3de0408fa399997170cec3d,"{""distance"":7,""physical_error_rate"":0.001}","{""detection_events"":4,""detectors_checked"":810}"
       272,         0,         0,   0.025,standalone_exact_mw,c63d9dbf283cbe8d7d2c9891770aca900c170ab5c3de0408fa399997170cec3d,"{""distance"":7,""physical_error_rate"":0.001}","{""detection_events"":815,""detectors_checked"":220320}"
      1024,         0,         0,   0.112,standalone_exact_mw,c63d9dbf283cbe8d7d2c9891770aca900c170ab5c3de0408fa399997170cec3d,"{""distance"":7,""physical_error_rate"":0.001}","{""detection_events"":3290,""detectors_checked"":829440}"
      1024,         0,         0,   0.089,standalone_exact_mw,c63d9dbf283cbe8d7d2c9891770aca900c170ab5c3de0408fa399997170cec3d,"{""distance"":7,""physical_error_rate"":0.001}","{""detection_events"":3419,""detectors_checked"":829440}"
      1024,         0,         0,   0.088,standalone_exact_mw,c63d9dbf283cbe8d7d2c9891770aca900c170ab5c3de0408fa399997170cec3d,"{""distance"":7,""physical_error_rate"":0.001}","{""detection_events"":3152,""detectors_checked"":829440}"
    391168,         0,         0,    32.2,standalone_exact_mw,b0cacb7fc707c2734ebeeceefd47b6bd6784bf6b65d0613559eb8dd3ed8bcfbc,"{""distance"":7,""physical_error_rate"":0.0005}","{""detection_events"":618407,""detectors_checked"":316846080}"
      1024,         0,         0,   0.101,standalone_exact_mw,c63d9dbf283cbe8d7d2c9891770aca900c170ab5c3de0408fa399997170cec3d,"{""distance"":7,""physical_error_rate"":0.001}","{""detection_events"":3171,""detectors_checked"":829440}"
   1747968,         0,         0,    44.9,standalone_exact_mw,8e8e16d7b7d10172304dc167922b352ab88e75bca590a4202cfa41b2b9ea2794,"{""distance"":7,""physical_error_rate"":0.0002}","{""detection_events"":1106380,""detectors_checked"":1415854080}"
      1024,         0,         0,   0.101,standalone_exact_mw,c63d9dbf283cbe8d7d2c9891770aca900c170ab5c3de0408fa399997170cec3d,"{""distance"":7,""physical_error_rate"":0.001}","{""detection_events"":3151,""detectors_checked"":829440}"
      2048,         0,         0,   0.203,standalone_exact_mw,c63d9dbf283cbe8d7d2c9891770aca900c170ab5c3de0408fa399997170cec3d,"{""distance"":7,""physical_error_rate"":0.001}","{""detection_events"":6530,""detectors_checked"":1658880}"
      2048,         0,         0,   0.188,standalone_exact_mw,c63d9dbf283cbe8d7d2c9891770aca900c170ab5c3de0408fa399997170cec3d,"{""distance"":7,""physical_error_rate"":0.001}","{""detection_events"":6275,""detectors_checked"":1658880}"
      3072,         0,         0,   0.300,standalone_exact_mw,c63d9dbf283cbe8d7d2c9891770aca900c170ab5c3de0408fa399997170cec3d,"{""distance"":7,""physical_error_rate"":0.001}","{""detection_events"":9691,""detectors_checked"":2488320}"
      3072,         0,         0,   0.290,standalone_exact_mw,c63d9dbf283cbe8d7d2c9891770aca900c170ab5c3de0408fa399997170cec3d,"{""distance"":7,""physical_error_rate"":0.001}","{""detection_events"":9548,""detectors_checked"":2488320}"
    284672,         3,         0,    45.0,standalone_exact_mw,3f3e41bc6b36ed0cfc2fad9d3557a7870f4e21d551182548e920bf13e0232e34,"{""distance"":7,""physical_error_rate"":0.005}","{""detection_events"":4384526,""detectors_checked"":230584320,""obs_mistake_mask=E"":3}"
    922624,         0,         0,    44.9,standalone_exact_mw,8e8e16d7b7d10172304dc167922b352ab88e75bca590a4202cfa41b2b9ea2794,"{""distance"":7,""physical_error_rate"":0.0002}","{""detection_events"":584841,""detectors_checked"":747325440}"
      4096,         0,         0,   0.395,standalone_exact_mw,c63d9dbf283cbe8d7d2c9891770aca900c170ab5c3de0408fa399997170cec3d,"{""distance"":7,""physical_error_rate"":0.001}","{""detection_events"":13080,""detectors_checked"":3317760}"
    111616,         0,         0,    8.39,standalone_exact_mw,b0cacb7fc707c2734ebeeceefd47b6bd6784bf6b65d0613559eb8dd3ed8bcfbc,"{""distance"":7,""physical_error_rate"":0.0005}","{""detection_events"":176555,""detectors_checked"":90408960}"
    278528,         0,         0,    45.0,standalone_exact_mw,b0cacb7fc707c2734ebeeceefd47b6bd6784bf6b65d0613559eb8dd3ed8bcfbc,"{""distance"":7,""physical_error_rate"":0.0005}","{""detection_events"":440075,""detectors_checked"":225607680}"
      6144,         0,         0,   0.586,standalone_exact_mw,c63d9dbf283cbe8d7d2c9891770aca900c170ab5c3de0408fa399997170cec3d,"{""distance"":7,""physical_error_rate"":0.001}","{""detection_events"":19223,""detectors_checked"":4976640}"
     57344,         1,         0,    11.8,standalone_exact_mw,3f3e41bc6b36ed0cfc2fad9d3557a7870f4e21d551182548e920bf13e0232e34,"{""distance"":7,""physical_error_rate"":0.005}","{""detection_events"":882608,""detectors_checked"":46448640,""obs_mistake_mask=E"":1}"
      9216,         0,         0,   0.881,standalone_exact_mw,c63d9dbf283cbe8d7d2c9891770aca900c170ab5c3de0408fa399997170cec3d,"{""distance"":7,""physical_error_rate"":0.001}","{""detection_events"":29011,""detectors_checked"":7464960}"
     12288,         0,         0,    1.18,standalone_exact_mw,c63d9dbf283cbe8d7d2c9891770aca900c170ab5c3de0408fa399997170cec3d,"{""distance"":7,""physical_error_rate"":0.001}","{""detection_events"":38391,""detectors_checked"":9953280}"
    190464,         0,         0,    23.0,standalone_exact_mw,c63d9dbf283cbe8d7d2c9891770aca900c170ab5c3de0408fa399997170cec3d,"{""distance"":7,""physical_error_rate"":0.001}","{""detection_events"":601201,""detectors_checked"":154275840}"
    265216,         0,         0,    32.1,standalone_exact_mw,20c8daca17953576b13a32f59e5f9cb54485b277119f4e6925e9023b8dd1f351,"{""distance"":7,""physical_error_rate"":0.002}","{""detection_events"":1662449,""detectors_checked"":214824960}"
     15360,         0,         0,    1.56,standalone_exact_mw,c63d9dbf283cbe8d7d2c9891770aca900c170ab5c3de0408fa399997170cec3d,"{""distance"":7,""physical_error_rate"":0.001}","{""detection_events"":48876,""detectors_checked"":12441600}"
     60416,         0,         0,    8.38,standalone_exact_mw,20c8daca17953576b13a32f59e5f9cb54485b277119f4e6925e9023b8dd1f351,"{""distance"":7,""physical_error_rate"":0.002}","{""detection_events"":379404,""detectors_checked"":48936960}"
     22528,         0,         0,    2.23,standalone_exact_mw,c63d9dbf283cbe8d7d2c9891770aca900c170ab5c3de0408fa399997170cec3d,"{""distance"":7,""physical_error_rate"":0.001}","{""detection_events"":71228,""detectors_checked"":18247680}"
    215040,         1,         0,    45.0,standalone_exact_mw,3f3e41bc6b36ed0cfc2fad9d3557a7870f4e21d551182548e920bf13e0232e34,"{""distance"":7,""physical_error_rate"":0.005}","{""detection_events"":3306482,""detectors_checked"":174182400,""obs_mistake_mask=E"":1}"
    120832,         0,         0,    11.8,standalone_exact_mw,c63d9dbf283cbe8d7d2c9891770aca900c170ab5c3de0408fa399997170cec3d,"{""distance"":7,""physical_error_rate"":0.001}","{""detection_events"":380526,""detectors_checked"":97873920}"
   1585152,         0,         0,    88.0,standalone_exact_mw,8e8e16d7b7d10172304dc167922b352ab88e75bca590a4202cfa41b2b9ea2794,"{""distance"":7,""physical_error_rate"":0.0002}","{""detection_events"":1005320,""detectors_checked"":1283973120}"
     81920,         1,         0,    16.4,standalone_exact_mw,3f3e41bc6b36ed0cfc2fad9d3557a7870f4e21d551182548e920bf13e0232e34,"{""distance"":7,""physical_error_rate"":0.005}","{""detection_events"":1261699,""detectors_checked"":66355200,""obs_mistake_mask=E"":1}"
     70656,         0,         0,    16.5,standalone_exact_mw,c63d9dbf283cbe8d7d2c9891770aca900c170ab5c3de0408fa399997170cec3d,"{""distance"":7,""physical_error_rate"":0.001}","{""detection_events"":222659,""detectors_checked"":57231360}"
     26624,         0,         0,    3.05,standalone_exact_mw,c63d9dbf283cbe8d7d2c9891770aca900c170ab5c3de0408fa399997170cec3d,"{""distance"":7,""physical_error_rate"":0.001}","{""detection_events"":84178,""detectors_checked"":21565440}"
    612352,         0,         0,    44.9,standalone_exact_mw,b0cacb7fc707c2734ebeeceefd47b6bd6784bf6b65d0613559eb8dd3ed8bcfbc,"{""distance"":7,""physical_error_rate"":0.0005}","{""detection_events"":966628,""detectors_checked"":496005120}"
    781312,         0,         0,    45.0,standalone_exact_mw,b0cacb7fc707c2734ebeeceefd47b6bd6784bf6b65d0613559eb8dd3ed8bcfbc,"{""distance"":7,""physical_error_rate"":0.0005}","{""detection_events"":1236442,""detectors_checked"":632862720}"
    148480,         0,         0,    11.8,standalone_exact_mw,b0cacb7fc707c2734ebeeceefd47b6bd6784bf6b65d0613559eb8dd3ed8bcfbc,"{""distance"":7,""physical_error_rate"":0.0005}","{""detection_events"":234432,""detectors_checked"":120268800}"
   1522688,         0,         0,    88.0,standalone_exact_mw,8e8e16d7b7d10172304dc167922b352ab88e75bca590a4202cfa41b2b9ea2794,"{""distance"":7,""physical_error_rate"":0.0002}","{""detection_events"":965567,""detectors_checked"":1233377280}"
     43008,         0,         0,    4.30,standalone_exact_mw,c63d9dbf283cbe8d7d2c9891770aca900c170ab5c3de0408fa399997170cec3d,"{""distance"":7,""physical_error_rate"":0.001}","{""detection_events"":135586,""detectors_checked"":34836480}"
   2484224,         0,         0,    62.9,standalone_exact_mw,8e8e16d7b7d10172304dc167922b352ab88e75bca590a4202cfa41b2b9ea2794,"{""distance"":7,""physical_error_rate"":0.0002}","{""detection_events"":1574600,""detectors_checked"":2012221440}"
     84992,         0,         0,    11.7,standalone_exact_mw,20c8daca17953576b13a32f59e5f9cb54485b277119f4e6925e9023b8dd1f351,"{""distance"":7,""physical_error_rate"":0.002}","{""detection_events"":531542,""detectors_checked"":68843520}"
     81920,         0,         0,    16.4,standalone_exact_mw,3f3e41bc6b36ed0cfc2fad9d3557a7870f4e21d551182548e920bf13e0232e34,"{""distance"":7,""physical_error_rate"":0.005}","{""detection_events"":1264035,""detectors_checked"":66355200}"
     58368,         0,         0,    6.10,standalone_exact_mw,c63d9dbf283cbe8d7d2c9891770aca900c170ab5c3de0408fa399997170cec3d,"{""distance"":7,""physical_error_rate"":0.001}","{""detection_events"":184644,""detectors_checked"":47278080}"
    832512,         0,         0,    45.0,standalone_exact_mw,8e8e16d7b7d10172304dc167922b352ab88e75bca590a4202cfa41b2b9ea2794,"{""distance"":7,""physical_error_rate"":0.0002}","{""detection_events"":528064,""detectors_checked"":674334720}"
    146432,         0,         0,    16.3,standalone_exact_mw,c63d9dbf283cbe8d7d2c9891770aca900c170ab5c3de0408fa399997170cec3d,"{""distance"":7,""physical_error_rate"":0.001}","{""detection_events"":461215,""detectors_checked"":118609920}"
    820224,         0,         0,    44.9,standalone_exact_mw,b0cacb7fc707c2734ebeeceefd47b6bd6784bf6b65d0613559eb8dd3ed8bcfbc,"{""distance"":7,""physical_error_rate"":0.0005}","{""detection_events"":1296678,""detectors_checked"":664381440}"
   1680384,         0,         0,   119.9,standalone_exact_mw,20c8daca17953576b13a32f59e5f9cb54485b277119f4e6925e9023b8dd1f351,"{""distance"":7,""physical_error_rate"":0.002}","{""detection_events"":10528404,""detectors_checked"":1361111040}"
       273,         0,         0,   0.034,standalone_exact_mw,20c8daca17953576b13a32f59e5f9cb54485b277119f4e6925e9023b8dd1f351,"{""distance"":7,""physical_error_rate"":0.002}","{""detection_events"":1738,""detectors_checked"":221130}"
      1024,         0,         0,   0.130,standalone_exact_mw,20c8daca17953576b13a32f59e5f9cb54485b277119f4e6925e9023b8dd1f351,"{""distance"":7,""physical_error_rate"":0.002}","{""detection_events"":6454,""detectors_checked"":829440}"
      1024,         0,         0,   0.130,standalone_exact_mw,20c8daca17953576b13a32f59e5f9cb54485b277119f4e6925e9023b8dd1f351,"{""distance"":7,""physical_error_rate"":0.002}","{""detection_events"":6644,""detectors_checked"":829440}"
      1024,         0,         0,   0.133,standalone_exact_mw,20c8daca17953576b13a32f59e5f9cb54485b277119f4e6925e9023b8dd1f351,"{""distance"":7,""physical_error_rate"":0.002}","{""detection_events"":6525,""detectors_checked"":829440}"
      1024,         0,         0,   0.129,standalone_exact_mw,20c8daca17953576b13a32f59e5f9cb54485b277119f4e6925e9023b8dd1f351,"{""distance"":7,""physical_error_rate"":0.002}","{""detection_events"":6308,""detectors_checked"":829440}"
      1024,         0,         0,   0.116,standalone_exact_mw,20c8daca17953576b13a32f59e5f9cb54485b277119f4e6925e9023b8dd1f351,"{""distance"":7,""physical_error_rate"":0.002}","{""detection_events"":6205,""detectors_checked"":829440}"
      1024,         0,         0,   0.116,standalone_exact_mw,20c8daca17953576b13a32f59e5f9cb54485b277119f4e6925e9023b8dd1f351,"{""distance"":7,""physical_error_rate"":0.002}","{""detection_events"":6576,""detectors_checked"":829440}"
      1024,         0,         0,   0.115,standalone_exact_mw,20c8daca17953576b13a32f59e5f9cb54485b277119f4e6925e9023b8dd1f351,"{""distance"":7,""physical_error_rate"":0.002}","{""detection_events"":6300,""detectors_checked"":829440}"
      2048,         0,         0,   0.246,standalone_exact_mw,20c8daca17953576b13a32f59e5f9cb54485b277119f4e6925e9023b8dd1f351,"{""distance"":7,""physical_error_rate"":0.002}","{""detection_events"":12824,""detectors_checked"":1658880}"
      2048,         0,         0,   0.232,standalone_exact_mw,20c8daca17953576b13a32f59e5f9cb54485b277119f4e6925e9023b8dd1f351,"{""distance"":7,""physical_error_rate"":0.002}","{""detection_events"":12741,""detectors_checked"":1658880}"
      3072,         0,         0,   0.407,standalone_exact_mw,20c8daca17953576b13a32f59e5f9cb54485b277119f4e6925e9023b8dd1f351,"{""distance"":7,""physical_error_rate"":0.002}","{""detection_events"":19186,""detectors_checked"":2488320}"
     43008,         0,         0,    8.47,standalone_exact_mw,c63d9dbf283cbe8d7d2c9891770aca900c170ab5c3de0408fa399997170cec3d,"{""distance"":7,""physical_error_rate"":0.001}","{""detection_events"":134850,""detectors_checked"":34836480}"
    210944,         0,         0,    16.4,standalone_exact_mw,b0cacb7fc707c2734ebeeceefd47b6bd6784bf6b65d0613559eb8dd3ed8bcfbc,"{""distance"":7,""physical_error_rate"":0.0005}","{""detection_events"":334204,""detectors_checked"":170864640}"
      3072,         0,         0,   0.572,standalone_exact_mw,20c8daca17953576b13a32f59e5f9cb54485b277119f4e6925e9023b8dd1f351,"{""distance"":7,""physical_error_rate"":0.002}","{""detection_events"":18935,""detectors_checked"":2488320}"
      4096,         0,         0,   0.665,standalone_exact_mw,20c8daca17953576b13a32f59e5f9cb54485b277119f4e6925e9023b8dd1f351,"{""distance"":7,""physical_error_rate"":0.002}","{""detection_events"":25475,""detectors_checked"":3317760}"
      4096,         0,         0,    1.02,standalone_exact_mw,20c8daca17953576b13a32f59e5f9cb54485b277119f4e6925e9023b8dd1f351,"{""distance"":7,""physical_error_rate"":0.002}","{""detection_events"":25632,""detectors_checked"":3317760}"
    617472,         0,         0,    62.9,standalone_exact_mw,20c8daca17953576b13a32f59e5f9cb54485b277119f4e6925e9023b8dd1f351,"{""distance"":7,""physical_error_rate"":0.002}","{""detection_events"":3872056,""detectors_checked"":500152320}"
    135168,         0,         0,    23.0,standalone_exact_mw,3f3e41bc6b36ed0cfc2fad9d3557a7870f4e21d551182548e920bf13e0232e34,"{""distance"":7,""physical_error_rate"":0.005}","{""detection_events"":2082789,""detectors_checked"":109486080}"
    211968,         0,         0,    23.0,standalone_exact_mw,c63d9dbf283cbe8d7d2c9891770aca900c170ab5c3de0408fa399997170cec3d,"{""distance"":7,""physical_error_rate"":0.001}","{""detection_events"":669106,""detectors_checked"":171694080}"
      5120,         0,         0,    1.32,standalone_exact_mw,20c8daca17953576b13a32f59e5f9cb54485b277119f4e6925e9023b8dd1f351,"{""distance"":7,""physical_error_rate"":0.002}","{""detection_events"":31964,""detectors_checked"":4147200}"
     74752,         0,         0,    16.4,standalone_exact_mw,20c8daca17953576b13a32f59e5f9cb54485b277119f4e6925e9023b8dd1f351,"{""distance"":7,""physical_error_rate"":0.002}","{""detection_events"":466961,""detectors_checked"":60549120}"
      6144,         0,         0,    1.59,standalone_exact_mw,20c8daca17953576b13a32f59e5f9cb54485b277119f4e6925e9023b8dd1f351,"{""distance"":7,""physical_error_rate"":0.002}","{""detection_events"":38837,""detectors_checked"":4976640}"
    323584,         0,         0,    32.1,standalone_exact_mw,c63d9dbf283cbe8d7d2c9891770aca900c170ab5c3de0408fa399997170cec3d,"{""distance"":7,""physical_error_rate"":0.001}","{""detection_events"":1018468,""detectors_checked"":262103040}"
      9216,         0,         0,    2.36,standalone_exact_mw,20c8daca17953576b13a32f59e5f9cb54485b277119f4e6925e9023b8dd1f351,"{""distance"":7,""physical_error_rate"":0.002}","{""detection_events"":58237,""detectors_checked"":7464960}"
   1301504,         0,         0,    62.9,standalone_exact_mw,b0cacb7fc707c2734ebeeceefd47b6bd6784bf6b65d0613559eb8dd3ed8bcfbc,"{""distance"":7,""physical_error_rate"":0.0005}","{""detection_events"":2055439,""detectors_checked"":1054218240}"
    296960,         0,         0,    45.0,standalone_exact_mw,20c8daca17953576b13a32f59e5f9cb54485b277119f4e6925e9023b8dd1f351,"{""distance"":7,""physical_error_rate"":0.002}","{""detection_events"":1861893,""detectors_checked"":240537600}"
   2481152,         0,         0,    62.9,standalone_exact_mw,8e8e16d7b7d10172304dc167922b352ab88e75bca590a4202cfa41b2b9ea2794,"{""distance"":7,""physical_error_rate"":0.0002}","{""detection_events"":1569107,""detectors_checked"":2009733120}"
     12288,         0,         0,    3.21,standalone_exact_mw,20c8daca17953576b13a32f59e5f9cb54485b277119f4e6925e9023b8dd1f351,"{""distance"":7,""physical_error_rate"":0.002}","{""detection_events"":76805,""detectors_checked"":9953280}"
     59392,         0,         0,    11.8,standalone_exact_mw,c63d9dbf283cbe8d7d2c9891770aca900c170ab5c3de0408fa399997170cec3d,"{""distance"":7,""physical_error_rate"":0.001}","{""detection_events"":187706,""detectors_checked"":48107520}"
    129024,         4,         0,    22.9,standalone_exact_mw,3f3e41bc6b36ed0cfc2fad9d3557a7870f4e21d551182548e920bf13e0232e34,"{""distance"":7,""physical_error_rate"":0.005}","{""detection_events"":1986918,""detectors_checked"":104509440,""obs_mistake_mask=E"":4}"
     20480,         0,         0,    4.35,standalone_exact_mw,20c8daca17953576b13a32f59e5f9cb54485b277119f4e6925e9023b8dd1f351,"{""distance"":7,""physical_error_rate"":0.002}","{""detection_events"":128754,""detectors_checked"":16588800}"
    603136,         0,         0,    44.9,standalone_exact_mw,b0cacb7fc707c2734ebeeceefd47b6bd6784bf6b65d0613559eb8dd3ed8bcfbc,"{""distance"":7,""physical_error_rate"":0.0005}","{""detection_events"":954462,""detectors_checked"":488540160}"
    216064,         0,         0,    22.9,standalone_exact_mw,c63d9dbf283cbe8d7d2c9891770aca900c170ab5c3de0408fa399997170cec3d,"{""distance"":7,""physical_error_rate"":0.001}","{""detection_events"":681868,""detectors_checked"":175011840}"
    400384,         0,         0,    44.9,standalone_exact_mw,20c8daca17953576b13a32f59e5f9cb54485b277119f4e6925e9023b8dd1f351,"{""distance"":7,""physical_error_rate"":0.002}","{""detection_events"":2510265,""detectors_checked"":324311040}"
     43008,         0,         0,    6.05,standalone_exact_mw,20c8daca17953576b13a32f59e5f9cb54485b277119f4e6925e9023b8dd1f351,"{""distance"":7,""physical_error_rate"":0.002}","{""detection_events"":270061,""detectors_checked"":34836480}"
    263168,         0,         0,    22.9,standalone_exact_mw,b0cacb7fc707c2734ebeeceefd47b6bd6784bf6b65d0613559eb8dd3ed8bcfbc,"{""distance"":7,""physical_error_rate"":0.0005}","{""detection_events"":415978,""detectors_checked"":213166080}"
    169984,         0,         0,    23.0,standalone_exact_mw,20c8daca17953576b13a32f59e5f9cb54485b277119f4e6925e9023b8dd1f351,"{""distance"":7,""physical_error_rate"":0.002}","{""detection_events"":1064621,""detectors_checked"":137687040}"
    122880,         0,         0,    16.4,standalone_exact_mw,c63d9dbf283cbe8d7d2c9891770aca900c170ab5c3de0408fa399997170cec3d,"{""distance"":7,""physical_error_rate"":0.001}","{""detection_events"":387382,""detectors_checked"":99532800}"
   1076224,         0,         0,   119.8,standalone_exact_mw,c63d9dbf283cbe8d7d2c9891770aca900c170ab5c3de0408fa399997170cec3d,"{""distance"":7,""physical_error_rate"":0.001}","{""detection_events"":3393308,""detectors_checked"":871741440}"
     59392,         0,         0,    8.44,standalone_exact_mw,20c8daca17953576b13a32f59e5f9cb54485b277119f4e6925e9023b8dd1f351,"{""distance"":7,""physical_error_rate"":0.002}","{""detection_events"":372964,""detectors_checked"":48107520}"
   2496512,         0,         0,    62.9,standalone_exact_mw,8e8e16d7b7d10172304dc167922b352ab88e75bca590a4202cfa41b2b9ea2794,"{""distance"":7,""physical_error_rate"":0.0002}","{""detection_events"":1582537,""detectors_checked"":2022174720}"
    458752,         1,         0,    63.1,standalone_exact_mw,3f3e41bc6b36ed0cfc2fad9d3557a7870f4e21d551182548e920bf13e0232e34,"{""distance"":7,""physical_error_rate"":0.005}","{""detection_events"":7066368,""detectors_checked"":371589120,""obs_mistake_mask=E"":1}"
   1412096,         0,         0,    62.9,standalone_exact_mw,8e8e16d7b7d10172304dc167922b352ab88e75bca590a4202cfa41b2b9ea2794,"{""distance"":7,""physical_error_rate"":0.0002}","{""detection_events"":893852,""detectors_checked"":1143797760}"
    402432,         0,         0,    63.0,standalone_exact_mw,b0cacb7fc707c2734ebeeceefd47b6bd6784bf6b65d0613559eb8dd3ed8bcfbc,"{""distance"":7,""physical_error_rate"":0.0005}","{""detection_events"":634639,""detectors_checked"":325969920}"
    136192,         0,         0,    32.1,standalone_exact_mw,3f3e41bc6b36ed0cfc2fad9d3557a7870f4e21d551182548e920bf13e0232e34,"{""distance"":7,""physical_error_rate"":0.005}","{""detection_events"":2094703,""detectors_checked"":110315520}"
    311296,         0,         0,    32.1,standalone_exact_mw,c63d9dbf283cbe8d7d2c9891770aca900c170ab5c3de0408fa399997170cec3d,"{""distance"":7,""physical_error_rate"":0.001}","{""detection_events"":978200,""detectors_checked"":252149760}"
   1850368,         0,         0,    88.1,standalone_exact_mw,c63d9dbf283cbe8d7d2c9891770aca900c170ab5c3de0408fa399997170cec3d,"{""distance"":7,""physical_error_rate"":0.001}","{""detection_events"":5835961,""detectors_checked"":1498798080}"
   1748992,         0,         0,   119.9,standalone_exact_mw,c63d9dbf283cbe8d7d2c9891770aca900c170ab5c3de0408fa399997170cec3d,"{""distance"":7,""physical_error_rate"":0.001}","{""detection_events"":5507882,""detectors_checked"":1416683520}"
   3374080,         0,         0,   119.8,standalone_exact_mw,8e8e16d7b7d10172304dc167922b352ab88e75bca590a4202cfa41b2b9ea2794,"{""distance"":7,""physical_error_rate"":0.0002}","{""detection_events"":2132671,""detectors_checked"":2733004800}"
   3549184,         0,         0,    88.0,standalone_exact_mw,8e8e16d7b7d10172304dc167922b352ab88e75bca590a4202cfa41b2b9ea2794,"{""distance"":7,""physical_error_rate"":0.0002}","{""detection_events"":2249740,""detectors_checked"":2874839040}"
    316416,         2,         0,    63.2,standalone_exact_mw,3f3e41bc6b36ed0cfc2fad9d3557a7870f4e21d551182548e920bf13e0232e34,"{""distance"":7,""physical_error_rate"":0.005}","{""detection_events"":4876317,""detectors_checked"":256296960,""obs_mistake_mask=E"":2}"
     81920,         0,         0,    11.9,standalone_exact_mw,20c8daca17953576b13a32f59e5f9cb54485b277119f4e6925e9023b8dd1f351,"{""distance"":7,""physical_error_rate"":0.002}","{""detection_events"":512359,""detectors_checked"":66355200}"
    963584,         0,         0,    62.9,standalone_exact_mw,b0cacb7fc707c2734ebeeceefd47b6bd6784bf6b65d0613559eb8dd3ed8bcfbc,"{""distance"":7,""physical_error_rate"":0.0005}","{""detection_events"":1521776,""detectors_checked"":780503040}"
    176128,         2,         0,    32.2,standalone_exact_mw,3f3e41bc6b36ed0cfc2fad9d3557a7870f4e21d551182548e920bf13e0232e34,"{""distance"":7,""physical_error_rate"":0.005}","{""detection_events"":2710052,""detectors_checked"":142663680,""obs_mistake_mask=E"":2}"
   1954816,         0,         0,   119.7,standalone_exact_mw,8e8e16d7b7d10172304dc167922b352ab88e75bca590a4202cfa41b2b9ea2794,"{""distance"":7,""physical_error_rate"":0.0002}","{""detection_events"":1237327,""detectors_checked"":1583400960}"
    932864,         0,         0,   119.9,standalone_exact_mw,20c8daca17953576b13a32f59e5f9cb54485b277119f4e6925e9023b8dd1f351,"{""distance"":7,""physical_error_rate"":0.002}","{""detection_events"":5843199,""detectors_checked"":755619840}"
   1043456,         0,         0,    63.0,standalone_exact_mw,b0cacb7fc707c2734ebeeceefd47b6bd6784bf6b65d0613559eb8dd3ed8bcfbc,"{""distance"":7,""physical_error_rate"":0.0005}","{""detection_events"":1649634,""detectors_checked"":845199360}"
   2352128,         0,         0,   119.8,standalone_exact_mw,b0cacb7fc707c2734ebeeceefd47b6bd6784bf6b65d0613559eb8dd3ed8bcfbc,"{""distance"":7,""physical_error_rate"":0.0005}","{""detection_events"":3711485,""detectors_checked"":1905223680}"
   1529856,         0,         0,   119.8,standalone_exact_mw,b0cacb7fc707c2734ebeeceefd47b6bd6784bf6b65d0613559eb8dd3ed8bcfbc,"{""distance"":7,""physical_error_rate"":0.0005}","{""detection_events"":2418127,""detectors_checked"":1239183360}"
    668672,         1,         0,   120.0,standalone_exact_mw,3f3e41bc6b36ed0cfc2fad9d3557a7870f4e21d551182548e920bf13e0232e34,"{""distance"":7,""physical_error_rate"":0.005}","{""detection_events"":10288366,""detectors_checked"":541624320,""obs_mistake_mask=E"":1}"
    236544,         0,         0,    32.2,standalone_exact_mw,c63d9dbf283cbe8d7d2c9891770aca900c170ab5c3de0408fa399997170cec3d,"{""distance"":7,""physical_error_rate"":0.001}","{""detection_events"":746962,""detectors_checked"":191600640}"
   3094528,         0,         0,   119.7,standalone_exact_mw,8e8e16d7b7d10172304dc167922b352ab88e75bca590a4202cfa41b2b9ea2794,"{""distance"":7,""physical_error_rate"":0.0002}","{""detection_events"":1959709,""detectors_checked"":2506567680}"
    199680,         0,         0,    22.9,standalone_exact_mw,c63d9dbf283cbe8d7d2c9891770aca900c170ab5c3de0408fa399997170cec3d,"{""distance"":7,""physical_error_rate"":0.001}","{""detection_events"":629871,""detectors_checked"":161740800}"
    434176,         0,         0,    45.0,standalone_exact_mw,c63d9dbf283cbe8d7d2c9891770aca900c170ab5c3de0408fa399997170cec3d,"{""distance"":7,""physical_error_rate"":0.001}","{""detection_events"":1369579,""detectors_checked"":351682560}"
    633856,         2,         0,   120.0,standalone_exact_mw,3f3e41bc6b36ed0cfc2fad9d3557a7870f4e21d551182548e920bf13e0232e34,"{""distance"":7,""physical_error_rate"":0.005}","{""detection_events"":9758902,""detectors_checked"":513423360,""obs_mistake_mask=E"":2}"
   1813504,         0,         0,   119.9,standalone_exact_mw,c63d9dbf283cbe8d7d2c9891770aca900c170ab5c3de0408fa399997170cec3d,"{""distance"":7,""physical_error_rate"":0.001}","{""detection_events"":5717704,""detectors_checked"":1468938240}"
    783360,         0,         0,   119.9,standalone_exact_mw,20c8daca17953576b13a32f59e5f9cb54485b277119f4e6925e9023b8dd1f351,"{""distance"":7,""physical_error_rate"":0.002}","{""detection_events"":4905452,""detectors_checked"":634521600}"
    827392,         6,         0,   120.1,standalone_exact_mw,3f3e41bc6b36ed0cfc2fad9d3557a7870f4e21d551182548e920bf13e0232e34,"{""distance"":7,""physical_error_rate"":0.005}","{""detection_events"":12734451,""detectors_checked"":670187520,""obs_mistake_mask=E"":6}"
   1125376,         0,         0,   119.8,standalone_exact_mw,c63d9dbf283cbe8d7d2c9891770aca900c170ab5c3de0408fa399997170cec3d,"{""distance"":7,""physical_error_rate"":0.001}","{""detection_events"":3547465,""detectors_checked"":911554560}"
    630784,         0,         0,   120.0,standalone_exact_mw,20c8daca17953576b13a32f59e5f9cb54485b277119f4e6925e9023b8dd1f351,"{""distance"":7,""physical_error_rate"":0.002}","{""detection_events"":3953401,""detectors_checked"":510935040}"
    386048,         0,         0,    32.1,standalone_exact_mw,b0cacb7fc707c2734ebeeceefd47b6bd6784bf6b65d0613559eb8dd3ed8bcfbc,"{""distance"":7,""physical_error_rate"":0.0005}","{""detection_events"":610581,""detectors_checked"":312698880}"
   1304576,         0,         0,   119.9,standalone_exact_mw,20c8daca17953576b13a32f59e5f9cb54485b277119f4e6925e9023b8dd1f351,"{""distance"":7,""physical_error_rate"":0.002}","{""detection_events"":8169842,""detectors_checked"":1056706560}"
   1251328,         0,         0,    62.9,standalone_exact_mw,8e8e16d7b7d10172304dc167922b352ab88e75bca590a4202cfa41b2b9ea2794,"{""distance"":7,""physical_error_rate"":0.0002}","{""detection_events"":794108,""detectors_checked"":1013575680}"
   2163712,         0,         0,   119.8,standalone_exact_mw,b0cacb7fc707c2734ebeeceefd47b6bd6784bf6b65d0613559eb8dd3ed8bcfbc,"{""distance"":7,""physical_error_rate"":0.0005}","{""detection_events"":3423368,""detectors_checked"":1752606720}"
    120832,         0,         0,    16.5,standalone_exact_mw,20c8daca17953576b13a32f59e5f9cb54485b277119f4e6925e9023b8dd1f351,"{""distance"":7,""physical_error_rate"":0.002}","{""detection_events"":757805,""detectors_checked"":97873920}"
   1076224,         0,         0,    62.9,standalone_exact_mw,b0cacb7fc707c2734ebeeceefd47b6bd6784bf6b65d0613559eb8dd3ed8bcfbc,"{""distance"":7,""physical_error_rate"":0.0005}","{""detection_events"":1701950,""detectors_checked"":871741440}"
    247808,         0,         0,    32.2,standalone_exact_mw,20c8daca17953576b13a32f59e5f9cb54485b277119f4e6925e9023b8dd1f351,"{""distance"":7,""physical_error_rate"":0.002}","{""detection_events"":1551711,""detectors_checked"":200724480}"
    668672,         1,         0,   120.0,standalone_exact_mw,3f3e41bc6b36ed0cfc2fad9d3557a7870f4e21d551182548e920bf13e0232e34,"{""distance"":7,""physical_error_rate"":0.005}","{""detection_events"":10285538,""detectors_checked"":541624320,""obs_mistake_mask=E"":1}"
    673792,         5,         0,   119.9,standalone_exact_mw,3f3e41bc6b36ed0cfc2fad9d3557a7870f4e21d551182548e920bf13e0232e34,"{""distance"":7,""physical_error_rate"":0.005}","{""detection_events"":10367947,""detectors_checked"":545771520,""obs_mistake_mask=E"":5}"
       273,         0,         0,   0.015,standalone_exact_mw,b0cacb7fc707c2734ebeeceefd47b6bd6784bf6b65d0613559eb8dd3ed8bcfbc,"{""distance"":7,""physical_error_rate"":0.0005}","{""detection_events"":456,""detectors_checked"":221130}"
      1024,         0,         0,   0.035,standalone_exact_mw,b0cacb7fc707c2734ebeeceefd47b6bd6784bf6b65d0613559eb8dd3ed8bcfbc,"{""distance"":7,""physical_error_rate"":0.0005}","{""detection_events"":1663,""detectors_checked"":829440}"
      1024,         0,         0,   0.035,standalone_exact_mw,b0cacb7fc707c2734ebeeceefd47b6bd6784bf6b65d0613559eb8dd3ed8bcfbc,"{""distance"":7,""physical_error_rate"":0.0005}","{""detection_events"":1612,""detectors_checked"":829440}"
      1024,         0,         0,   0.036,standalone_exact_mw,b0cacb7fc707c2734ebeeceefd47b6bd6784bf6b65d0613559eb8dd3ed8bcfbc,"{""distance"":7,""physical_error_rate"":0.0005}","{""detection_events"":1693,""detectors_checked"":829440}"
      2048,         0,         0,   0.070,standalone_exact_mw,b0cacb7fc707c2734ebeeceefd47b6bd6784bf6b65d0613559eb8dd3ed8bcfbc,"{""distance"":7,""physical_error_rate"":0.0005}","{""detection_events"":3226,""detectors_checked"":1658880}"
      2048,         0,         0,   0.071,standalone_exact_mw,b0cacb7fc707c2734ebeeceefd47b6bd6784bf6b65d0613559eb8dd3ed8bcfbc,"{""distance"":7,""physical_error_rate"":0.0005}","{""detection_events"":3107,""detectors_checked"":1658880}"
      3072,         0,         0,   0.106,standalone_exact_mw,b0cacb7fc707c2734ebeeceefd47b6bd6784bf6b65d0613559eb8dd3ed8bcfbc,"{""distance"":7,""physical_error_rate"":0.0005}","{""detection_events"":4823,""detectors_checked"":2488320}"
      3072,         0,         0,   0.106,standalone_exact_mw,b0cacb7fc707c2734ebeeceefd47b6bd6784bf6b65d0613559eb8dd3ed8bcfbc,"{""distance"":7,""physical_error_rate"":0.0005}","{""detection_events"":4781,""detectors_checked"":2488320}"
      5120,         0,         0,   0.175,standalone_exact_mw,b0cacb7fc707c2734ebeeceefd47b6bd6784bf6b65d0613559eb8dd3ed8bcfbc,"{""distance"":7,""physical_error_rate"":0.0005}","{""detection_events"":8068,""detectors_checked"":4147200}"
   1221632,         0,         0,   119.7,standalone_exact_mw,b0cacb7fc707c2734ebeeceefd47b6bd6784bf6b65d0613559eb8dd3ed8bcfbc,"{""distance"":7,""physical_error_rate"":0.0005}","{""detection_events"":1930059,""detectors_checked"":989521920}"
      6144,         0,         0,   0.213,standalone_exact_mw,b0cacb7fc707c2734ebeeceefd47b6bd6784bf6b65d0613559eb8dd3ed8bcfbc,"{""distance"":7,""physical_error_rate"":0.0005}","{""detection_events"":10000,""detectors_checked"":4976640}"
      9216,         0,         0,   0.314,standalone_exact_mw,b0cacb7fc707c2734ebeeceefd47b6bd6784bf6b65d0613559eb8dd3ed8bcfbc,"{""distance"":7,""physical_error_rate"":0.0005}","{""detection_events"":14229,""detectors_checked"":7464960}"
     12288,         0,         0,   0.425,standalone_exact_mw,b0cacb7fc707c2734ebeeceefd47b6bd6784bf6b65d0613559eb8dd3ed8bcfbc,"{""distance"":7,""physical_error_rate"":0.0005}","{""detection_events"":19402,""detectors_checked"":9953280}"
     17408,         0,         0,   0.596,standalone_exact_mw,b0cacb7fc707c2734ebeeceefd47b6bd6784bf6b65d0613559eb8dd3ed8bcfbc,"{""distance"":7,""physical_error_rate"":0.0005}","{""detection_events"":27360,""detectors_checked"":14100480}"
    404480,         0,         0,    63.0,standalone_exact_mw,20c8daca17953576b13a32f59e5f9cb54485b277119f4e6925e9023b8dd1f351,"{""distance"":7,""physical_error_rate"":0.002}","{""detection_events"":2537914,""detectors_checked"":327628800}"
     23552,         0,         0,   0.811,standalone_exact_mw,b0cacb7fc707c2734ebeeceefd47b6bd6784bf6b65d0613559eb8dd3ed8bcfbc,"{""distance"":7,""physical_error_rate"":0.0005}","{""detection_events"":36979,""detectors_checked"":19077120}"
     32768,         0,         0,    1.12,standalone_exact_mw,b0cacb7fc707c2734ebeeceefd47b6bd6784bf6b65d0613559eb8dd3ed8bcfbc,"{""distance"":7,""physical_error_rate"":0.0005}","{""detection_events"":51295,""detectors_checked"":26542080}"
    840704,         0,         0,   119.9,standalone_exact_mw,20c8daca17953576b13a32f59e5f9cb54485b277119f4e6925e9023b8dd1f351,"{""distance"":7,""physical_error_rate"":0.002}","{""detection_events"":5274681,""detectors_checked"":680970240}"
   3550208,         0,         0,    88.1,standalone_exact_mw,8e8e16d7b7d10172304dc167922b352ab88e75bca590a4202cfa41b2b9ea2794,"{""distance"":7,""physical_error_rate"":0.0002}","{""detection_events"":2245234,""detectors_checked"":2875668480}"
     46080,         0,         0,    1.58,standalone_exact_mw,b0cacb7fc707c2734ebeeceefd47b6bd6784bf6b65d0613559eb8dd3ed8bcfbc,"{""distance"":7,""physical_error_rate"":0.0005}","{""detection_events"":72665,""detectors_checked"":37324800}"
     63488,         0,         0,    2.19,standalone_exact_mw,b0cacb7fc707c2734ebeeceefd47b6bd6784bf6b65d0613559eb8dd3ed8bcfbc,"{""distance"":7,""physical_error_rate"":0.0005}","{""detection_events"":100968,""detectors_checked"":51425280}"
    673792,         0,         0,    62.8,standalone_exact_mw,b0cacb7fc707c2734ebeeceefd47b6bd6784bf6b65d0613559eb8dd3ed8bcfbc,"{""distance"":7,""physical_error_rate"":0.0005}","{""detection_events"":1064668,""detectors_checked"":545771520}"
     89088,         0,         0,    3.08,standalone_exact_mw,b0cacb7fc707c2734ebeeceefd47b6bd6784bf6b65d0613559eb8dd3ed8bcfbc,"{""distance"":7,""physical_error_rate"":0.0005}","{""detection_events"":141598,""detectors_checked"":72161280}"
    206848,         3,         0,    45.1,standalone_exact_mw,3f3e41bc6b36ed0cfc2fad9d3557a7870f4e21d551182548e920bf13e0232e34,"{""distance"":7,""physical_error_rate"":0.005}","{""detection_events"":3181693,""detectors_checked"":167546880,""obs_mistake_mask=E"":3}"
    414720,         0,         0,    44.9,standalone_exact_mw,c63d9dbf283cbe8d7d2c9891770aca900c170ab5c3de0408fa399997170cec3d,"{""distance"":7,""physical_error_rate"":0.001}","{""detection_events"":1309993,""detectors_checked"":335923200}"
    181248,         0,         0,    22.9,standalone_exact_mw,20c8daca17953576b13a32f59e5f9cb54485b277119f4e6925e9023b8dd1f351,"{""distance"":7,""physical_error_rate"":0.002}","{""detection_events"":1135251,""detectors_checked"":146810880}"
    503808,         0,         0,    63.0,standalone_exact_mw,20c8daca17953576b13a32f59e5f9cb54485b277119f4e6925e9023b8dd1f351,"{""distance"":7,""physical_error_rate"":0.002}","{""detection_events"":3156827,""detectors_checked"":408084480}"
    261120,         0,         0,    32.1,standalone_exact_mw,c63d9dbf283cbe8d7d2c9891770aca900c170ab5c3de0408fa399997170cec3d,"{""distance"":7,""physical_error_rate"":0.001}","{""detection_events"":821379,""detectors_checked"":211507200}"
    123904,         0,         0,    4.28,standalone_exact_mw,b0cacb7fc707c2734ebeeceefd47b6bd6784bf6b65d0613559eb8dd3ed8bcfbc,"{""distance"":7,""physical_error_rate"":0.0005}","{""detection_events"":196643,""detectors_checked"":100362240}"
   1024000,         0,         0,   119.9,standalone_exact_mw,c63d9dbf283cbe8d7d2c9891770aca900c170ab5c3de0408fa399997170cec3d,"{""distance"":7,""physical_error_rate"":0.001}","{""detection_events"":3224200,""detectors_checked"":829440000}"
   1086464,         0,         0,   119.9,standalone_exact_mw,c63d9dbf283cbe8d7d2c9891770aca900c170ab5c3de0408fa399997170cec3d,"{""distance"":7,""physical_error_rate"":0.001}","{""detection_events"":3428063,""detectors_checked"":880035840}"
   1570816,         7,         0,   120.0,standalone_exact_mw,3f3e41bc6b36ed0cfc2fad9d3557a7870f4e21d551182548e920bf13e0232e34,"{""distance"":7,""physical_error_rate"":0.005}","{""detection_events"":24175393,""detectors_checked"":1272360960,""obs_mistake_mask=E"":7}"
    216064,         4,         0,    45.0,standalone_exact_mw,3f3e41bc6b36ed0cfc2fad9d3557a7870f4e21d551182548e920bf13e0232e34,"{""distance"":7,""physical_error_rate"":0.005}","{""detection_events"":3325720,""detectors_checked"":175011840,""obs_mistake_mask=E"":4}"
    174080,         0,         0,    6.00,standalone_exact_mw,b0cacb7fc707c2734ebeeceefd47b6bd6784bf6b65d0613559eb8dd3ed8bcfbc,"{""distance"":7,""physical_error_rate"":0.0005}","{""detection_events"":275989,""detectors_checked"":141004800}"
    667648,         0,         0,    88.1,standalone_exact_mw,20c8daca17953576b13a32f59e5f9cb54485b277119f4e6925e9023b8dd1f351,"{""distance"":7,""physical_error_rate"":0.002}","{""detection_events"":4183840,""detectors_checked"":540794880}"
    460800,         0,         0,    45.0,standalone_exact_mw,c63d9dbf283cbe8d7d2c9891770aca900c170ab5c3de0408fa399997170cec3d,"{""distance"":7,""physical_error_rate"":0.001}","{""detection_events"":1450212,""detectors_checked"":373248000}"
   1255424,         0,         0,    88.1,standalone_exact_mw,b0cacb7fc707c2734ebeeceefd47b6bd6784bf6b65d0613559eb8dd3ed8bcfbc,"{""distance"":7,""physical_error_rate"":0.0005}","{""detection_events"":1985981,""detectors_checked"":1016893440}"
   3526656,         0,         0,    88.0,standalone_exact_mw,8e8e16d7b7d10172304dc167922b352ab88e75bca590a4202cfa41b2b9ea2794,"{""distance"":7,""physical_error_rate"":0.0002}","{""detection_events"":2230609,""detectors_checked"":2856591360}"
    242688,         0,         0,    8.37,standalone_exact_mw,b0cacb7fc707c2734ebeeceefd47b6bd6784bf6b65d0613559eb8dd3ed8bcfbc,"{""distance"":7,""physical_error_rate"":0.0005}","{""detection_events"":384907,""detectors_checked"":196577280}"
   1900544,         0,         0,   119.7,standalone_exact_mw,8e8e16d7b7d10172304dc167922b352ab88e75bca590a4202cfa41b2b9ea2794,"{""distance"":7,""physical_error_rate"":0.0002}","{""detection_events"":1205464,""detectors_checked"":1539440640}"
    473088,         0,         0,    45.0,standalone_exact_mw,b0cacb7fc707c2734ebeeceefd47b6bd6784bf6b65d0613559eb8dd3ed8bcfbc,"{""distance"":7,""physical_error_rate"":0.0005}","{""detection_events"":748307,""detectors_checked"":383201280}"
   1943552,         0,         0,   119.7,standalone_exact_mw,8e8e16d7b7d10172304dc167922b352ab88e75bca590a4202cfa41b2b9ea2794,"{""distance"":7,""physical_error_rate"":0.0002}","{""detection_events"":1231485,""detectors_checked"":1574277120}"
    350208,         0,         0,    45.1,standalone_exact_mw,20c8daca17953576b13a32f59e5f9cb54485b277119f4e6925e9023b8dd1f351,"{""distance"":7,""physical_error_rate"":0.002}","{""detection_events"":2193299,""detectors_checked"":283668480}"
    340992,         0,         0,    11.7,standalone_exact_mw,b0cacb7fc707c2734ebeeceefd47b6bd6784bf6b65d0613559eb8dd3ed8bcfbc,"{""distance"":7,""physical_error_rate"":0.0005}","{""detection_events"":537852,""detectors_checked"":276203520}"
    249856,         0,         0,    32.1,standalone_exact_mw,20c8daca17953576b13a32f59e5f9cb54485b277119f4e6925e9023b8dd1f351,"{""distance"":7,""physical_error_rate"":0.002}","{""detection_events"":1566670,""detectors_checked"":202383360}"
    582656,         0,         0,    62.9,standalone_exact_mw,c63d9dbf283cbe8d7d2c9891770aca900c170ab5c3de0408fa399997170cec3d,"{""distance"":7,""physical_error_rate"":0.001}","{""detection_events"":1836977,""detectors_checked"":471951360}"
   1794048,         0,         0,   120.0,standalone_exact_mw,20c8daca17953576b13a32f59e5f9cb54485b277119f4e6925e9023b8dd1f351,"{""distance"":7,""physical_error_rate"":0.002}","{""detection_events"":11237360,""detectors_checked"":1453178880}"
   3527680,         0,         0,    88.0,standalone_exact_mw,8e8e16d7b7d10172304dc167922b352ab88e75bca590a4202cfa41b2b9ea2794,"{""distance"":7,""physical_error_rate"":0.0002}","{""detection_events"":2232467,""detectors_checked"":2857420800}"
    608256,         2,         0,    88.3,standalone_exact_mw,3f3e41bc6b36ed0cfc2fad9d3557a7870f4e21d551182548e920bf13e0232e34,"{""distance"":7,""physical_error_rate"":0.005}","{""detection_events"":9358784,""detectors_checked"":492687360,""obs_mistake_mask=E"":2}"
   1924096,         0,         0,    87.9,standalone_exact_mw,8e8e16d7b7d10172304dc167922b352ab88e75bca590a4202cfa41b2b9ea2794,"{""distance"":7,""physical_error_rate"":0.0002}","{""detection_events"":1217311,""detectors_checked"":1558517760}"
    578560,         0,         0,    88.0,standalone_exact_mw,b0cacb7fc707c2734ebeeceefd47b6bd6784bf6b65d0613559eb8dd3ed8bcfbc,"{""distance"":7,""physical_error_rate"":0.0005}","{""detection_events"":914179,""detectors_checked"":468633600}"
    477184,         0,         0,    16.4,standalone_exact_mw,b0cacb7fc707c2734ebeeceefd47b6bd6784bf6b65d0613559eb8dd3ed8bcfbc,"{""distance"":7,""physical_error_rate"":0.0005}","{""detection_events"":752157,""detectors_checked"":386519040}"
    343040,         0,         0,    45.1,standalone_exact_mw,c63d9dbf283cbe8d7d2c9891770aca900c170ab5c3de0408fa399997170cec3d,"{""distance"":7,""physical_error_rate"":0.001}","{""detection_events"":1079778,""detectors_checked"":277862400}"
    436224,         1,         0,    88.2,standalone_exact_mw,3f3e41bc6b36ed0cfc2fad9d3557a7870f4e21d551182548e920bf13e0232e34,"{""distance"":7,""physical_error_rate"":0.005}","{""detection_events"":6712665,""detectors_checked"":353341440,""obs_mistake_mask=E"":1}"
   1339392,         0,         0,    88.1,standalone_exact_mw,b0cacb7fc707c2734ebeeceefd47b6bd6784bf6b65d0613559eb8dd3ed8bcfbc,"{""distance"":7,""physical_error_rate"":0.0005}","{""detection_events"":2118300,""detectors_checked"":1084907520}"
    881664,         0,         0,    88.1,standalone_exact_mw,b0cacb7fc707c2734ebeeceefd47b6bd6784bf6b65d0613559eb8dd3ed8bcfbc,"{""distance"":7,""physical_error_rate"":0.0005}","{""detection_events"":1393010,""detectors_checked"":714147840}"
    296960,         3,         0,    63.0,standalone_exact_mw,3f3e41bc6b36ed0cfc2fad9d3557a7870f4e21d551182548e920bf13e0232e34,"{""distance"":7,""physical_error_rate"":0.005}","{""detection_events"":4570440,""detectors_checked"":240537600,""obs_mistake_mask=E"":3}"
    580608,         0,         0,    62.9,standalone_exact_mw,c63d9dbf283cbe8d7d2c9891770aca900c170ab5c3de0408fa399997170cec3d,"{""distance"":7,""physical_error_rate"":0.001}","{""detection_events"":1827688,""detectors_checked"":470292480}"
   1760256,         0,         0,    88.0,standalone_exact_mw,8e8e16d7b7d10172304dc167922b352ab88e75bca590a4202cfa41b2b9ea2794,"{""distance"":7,""physical_error_rate"":0.0002}","{""detection_events"":1115331,""detectors_checked"":1425807360}"
    885760,         0,         0,    88.0,standalone_exact_mw,b0cacb7fc707c2734ebeeceefd47b6bd6784bf6b65d0613559eb8dd3ed8bcfbc,"{""distance"":7,""physical_error_rate"":0.0005}","{""detection_events"":1400046,""detectors_checked"":717465600}"
    801792,         0,         0,   119.8,standalone_exact_mw,c63d9dbf283cbe8d7d2c9891770aca900c170ab5c3de0408fa399997170cec3d,"{""distance"":7,""physical_error_rate"":0.001}","{""detection_events"":2524545,""detectors_checked"":649451520}"
    666624,         0,         0,    22.9,standalone_exact_mw,b0cacb7fc707c2734ebeeceefd47b6bd6784bf6b65d0613559eb8dd3ed8bcfbc,"{""distance"":7,""physical_error_rate"":0.0005}","{""detection_events"":1052982,""detectors_checked"":539965440}"
    286720,         2,         0,    63.0,standalone_exact_mw,3f3e41bc6b36ed0cfc2fad9d3557a7870f4e21d551182548e920bf13e0232e34,"{""distance"":7,""physical_error_rate"":0.005}","{""detection_events"":4413511,""detectors_checked"":232243200,""obs_mistake_mask=E"":2}"
       273,         0,         0,   0.031,standalone_exact_mw,c63d9dbf283cbe8d7d2c9891770aca900c170ab5c3de0408fa399997170cec3d,"{""distance"":7,""physical_error_rate"":0.001}","{""detection_events"":874,""detectors_checked"":221130}"
      1024,         0,         0,   0.102,standalone_exact_mw,c63d9dbf283cbe8d7d2c9891770aca900c170ab5c3de0408fa399997170cec3d,"{""distance"":7,""physical_error_rate"":0.001}","{""detection_events"":3297,""detectors_checked"":829440}"
      1024,         0,         0,   0.095,standalone_exact_mw,c63d9dbf283cbe8d7d2c9891770aca900c170ab5c3de0408fa399997170cec3d,"{""distance"":7,""physical_error_rate"":0.001}","{""detection_events"":3013,""detectors_checked"":829440}"
      1024,         0,         0,   0.097,standalone_exact_mw,c63d9dbf283cbe8d7d2c9891770aca900c170ab5c3de0408fa399997170cec3d,"{""distance"":7,""physical_error_rate"":0.001}","{""detection_events"":3295,""detectors_checked"":829440}"
      1024,         0,         0,   0.100,standalone_exact_mw,c63d9dbf283cbe8d7d2c9891770aca900c170ab5c3de0408fa399997170cec3d,"{""distance"":7,""physical_error_rate"":0.001}","{""detection_events"":3154,""detectors_checked"":829440}"
      1024,         0,         0,   0.100,standalone_exact_mw,c63d9dbf283cbe8d7d2c9891770aca900c170ab5c3de0408fa399997170cec3d,"{""distance"":7,""physical_error_rate"":0.001}","{""detection_events"":3169,""detectors_checked"":829440}"
      1024,         0,         0,   0.088,standalone_exact_mw,c63d9dbf283cbe8d7d2c9891770aca900c170ab5c3de0408fa399997170cec3d,"{""distance"":7,""physical_error_rate"":0.001}","{""detection_events"":3368,""detectors_checked"":829440}"
      2048,         0,         0,   0.253,standalone_exact_mw,c63d9dbf283cbe8d7d2c9891770aca900c170ab5c3de0408fa399997170cec3d,"{""distance"":7,""physical_error_rate"":0.001}","{""detection_events"":6569,""detectors_checked"":1658880}"
      2048,         0,         0,   0.187,standalone_exact_mw,c63d9dbf283cbe8d7d2c9891770aca900c170ab5c3de0408fa399997170cec3d,"{""distance"":7,""physical_error_rate"":0.001}","{""detection_events"":6291,""detectors_checked"":1658880}"
   2547712,         0,         0,   119.9,standalone_exact_mw,c63d9dbf283cbe8d7d2c9891770aca900c170ab5c3de0408fa399997170cec3d,"{""distance"":7,""physical_error_rate"":0.001}","{""detection_events"":8034076,""detectors_checked"":2063646720}"
        17,         0,         0,   0.018,standalone_exact_mw,8e8e16d7b7d10172304dc167922b352ab88e75bca590a4202cfa41b2b9ea2794,"{""distance"":7,""physical_error_rate"":0.0002}","{""detection_events"":16,""detectors_checked"":13770}"
      1280,         0,         0,   0.058,standalone_exact_mw,8e8e16d7b7d10172304dc167922b352ab88e75bca590a4202cfa41b2b9ea2794,"{""distance"":7,""physical_error_rate"":0.0002}","{""detection_events"":794,""detectors_checked"":1036800}"
      1024,         0,         0,   0.052,standalone_exact_mw,8e8e16d7b7d10172304dc167922b352ab88e75bca590a4202cfa41b2b9ea2794,"{""distance"":7,""physical_error_rate"":0.0002}","{""detection_events"":639,""detectors_checked"":829440}"
      1024,         0,         0,   0.051,standalone_exact_mw,8e8e16d7b7d10172304dc167922b352ab88e75bca590a4202cfa41b2b9ea2794,"{""distance"":7,""physical_error_rate"":0.0002}","{""detection_events"":623,""detectors_checked"":829440}"
      1024,         0,         0,   0.051,standalone_exact_mw,8e8e16d7b7d10172304dc167922b352ab88e75bca590a4202cfa41b2b9ea2794,"{""distance"":7,""physical_error_rate"":0.0002}","{""detection_events"":632,""detectors_checked"":829440}"
      3072,         0,         0,   0.306,standalone_exact_mw,c63d9dbf283cbe8d7d2c9891770aca900c170ab5c3de0408fa399997170cec3d,"{""distance"":7,""physical_error_rate"":0.001}","{""detection_events"":9467,""detectors_checked"":2488320}"
      2048,         0,         0,   0.103,standalone_exact_mw,8e8e16d7b7d10172304dc167922b352ab88e75bca590a4202cfa41b2b9ea2794,"{""distance"":7,""physical_error_rate"":0.0002}","{""detection_events"":1283,""detectors_checked"":1658880}"
      2048,         0,         0,   0.103,standalone_exact_mw,8e8e16d7b7d10172304dc167922b352ab88e75bca590a4202cfa41b2b9ea2794,"{""distance"":7,""physical_error_rate"":0.0002}","{""detection_events"":1257,""detectors_checked"":1658880}"
    314368,         0,         0,    45.0,standalone_exact_mw,20c8daca17953576b13a32f59e5f9cb54485b277119f4e6925e9023b8dd1f351,"{""distance"":7,""physical_error_rate"":0.002}","{""detection_events"":1971138,""detectors_checked"":254638080}"
      3072,         0,         0,   0.297,standalone_exact_mw,c63d9dbf283cbe8d7d2c9891770aca900c170ab5c3de0408fa399997170cec3d,"{""distance"":7,""physical_error_rate"":0.001}","{""detection_events"":9572,""detectors_checked"":2488320}"
      3072,         0,         0,   0.156,standalone_exact_mw,8e8e16d7b7d10172304dc167922b352ab88e75bca590a4202cfa41b2b9ea2794,"{""distance"":7,""physical_error_rate"":0.0002}","{""detection_events"":2060,""detectors_checked"":2488320}"
    612352,         0,         0,    63.1,standalone_exact_mw,c63d9dbf283cbe8d7d2c9891770aca900c170ab5c3de0408fa399997170cec3d,"{""distance"":7,""physical_error_rate"":0.001}","{""detection_events"":1929161,""detectors_checked"":496005120}"
      3072,         0,         0,   0.153,standalone_exact_mw,8e8e16d7b7d10172304dc167922b352ab88e75bca590a4202cfa41b2b9ea2794,"{""distance"":7,""physical_error_rate"":0.0002}","{""detection_events"":1807,""detectors_checked"":2488320}"
      4096,         0,         0,   0.206,standalone_exact_mw,8e8e16d7b7d10172304dc167922b352ab88e75bca590a4202cfa41b2b9ea2794,"{""distance"":7,""physical_error_rate"":0.0002}","{""detection_events"":2564,""detectors_checked"":3317760}"
      5120,         0,         0,   0.488,standalone_exact_mw,c63d9dbf283cbe8d7d2c9891770aca900c170ab5c3de0408fa399997170cec3d,"{""distance"":7,""physical_error_rate"":0.001}","{""detection_events"":16258,""detectors_checked"":4147200}"
      6144,         0,         0,   0.296,standalone_exact_mw,8e8e16d7b7d10172304dc167922b352ab88e75bca590a4202cfa41b2b9ea2794,"{""distance"":7,""physical_error_rate"":0.0002}","{""detection_events"":3901,""detectors_checked"":4976640}"
      6144,         0,         0,   0.575,standalone_exact_mw,c63d9dbf283cbe8d7d2c9891770aca900c170ab5c3de0408fa399997170cec3d,"{""distance"":7,""physical_error_rate"":0.001}","{""detection_events"":19403,""detectors_checked"":4976640}"
      8192,         0,         0,   0.411,standalone_exact_mw,8e8e16d7b7d10172304dc167922b352ab88e75bca590a4202cfa41b2b9ea2794,"{""distance"":7,""physical_error_rate"":0.0002}","{""detection_events"":5092,""detectors_checked"":6635520}"
   2183168,         0,         0,   119.9,standalone_exact_mw,c63d9dbf283cbe8d7d2c9891770aca900c170ab5c3de0408fa399997170cec3d,"{""distance"":7,""physical_error_rate"":0.001}","{""detection_events"":6892546,""detectors_checked"":1768366080}"
     12288,         0,         0,   0.615,standalone_exact_mw,8e8e16d7b7d10172304dc167922b352ab88e75bca590a4202cfa41b2b9ea2794,"{""distance"":7,""physical_error_rate"":0.0002}","{""detection_events"":7716,""detectors_checked"":9953280}"
      9216,         0,         0,   0.863,standalone_exact_mw,c63d9dbf283cbe8d7d2c9891770aca900c170ab5c3de0408fa399997170cec3d,"{""distance"":7,""physical_error_rate"":0.001}","{""detection_events"":29154,""detectors_checked"":7464960}"
    546816,         0,         0,    88.0,standalone_exact_mw,20c8daca17953576b13a32f59e5f9cb54485b277119f4e6925e9023b8dd1f351,"{""distance"":7,""physical_error_rate"":0.002}","{""detection_events"":3425405,""detectors_checked"":442920960}"
     16384,         0,         0,   0.798,standalone_exact_mw,8e8e16d7b7d10172304dc167922b352ab88e75bca590a4202cfa41b2b9ea2794,"{""distance"":7,""physical_error_rate"":0.0002}","{""detection_events"":10245,""detectors_checked"":13271040}"
   4083712,         0,         0,   119.8,standalone_exact_mw,8e8e16d7b7d10172304dc167922b352ab88e75bca590a4202cfa41b2b9ea2794,"{""distance"":7,""physical_error_rate"":0.0002}","{""detection_events"":2587462,""detectors_checked"":3307806720}"
   4901888,         0,         0,   119.8,standalone_exact_mw,8e8e16d7b7d10172304dc167922b352ab88e75bca590a4202cfa41b2b9ea2794,"{""distance"":7,""physical_error_rate"":0.0002}","{""detection_events"":3104757,""detectors_checked"":3970529280}"
     12288,         0,         0,    1.14,standalone_exact_mw,c63d9dbf283cbe8d7d2c9891770aca900c170ab5c3de0408fa399997170cec3d,"{""distance"":7,""physical_error_rate"":0.001}","{""detection_events"":38877,""detectors_checked"":9953280}"
     22528,         0,         0,    1.12,standalone_exact_mw,8e8e16d7b7d10172304dc167922b352ab88e75bca590a4202cfa41b2b9ea2794,"{""distance"":7,""physical_error_rate"":0.0002}","{""detection_events"":13975,""detectors_checked"":18247680}"
     25600,         0,         0,    1.63,standalone_exact_mw,c63d9dbf283cbe8d7d2c9891770aca900c170ab5c3de0408fa399997170cec3d,"{""distance"":7,""physical_error_rate"":0.001}","{""detection_events"":80670,""detectors_checked"":20736000}"
     31744,         0,         0,    1.57,standalone_exact_mw,8e8e16d7b7d10172304dc167922b352ab88e75bca590a4202cfa41b2b9ea2794,"{""distance"":7,""physical_error_rate"":0.0002}","{""detection_events"":20072,""detectors_checked"":25712640}"
    703488,         0,         0,    62.9,standalone_exact_mw,b0cacb7fc707c2734ebeeceefd47b6bd6784bf6b65d0613559eb8dd3ed8bcfbc,"{""distance"":7,""physical_error_rate"":0.0005}","{""detection_events"":1110452,""detectors_checked"":569825280}"
   2221056,         0,         0,   119.7,standalone_exact_mw,8e8e16d7b7d10172304dc167922b352ab88e75bca590a4202cfa41b2b9ea2794,"{""distance"":7,""physical_error_rate"":0.0002}","{""detection_events"":1407057,""detectors_checked"":1799055360}"
     23552,         0,         0,    2.25,standalone_exact_mw,c63d9dbf283cbe8d7d2c9891770aca900c170ab5c3de0408fa399997170cec3d,"{""distance"":7,""physical_error_rate"":0.001}","{""detection_events"":74540,""detectors_checked"":19077120}"
       273,         0,         0,   0.027,standalone_exact_mw,3f3e41bc6b36ed0cfc2fad9d3557a7870f4e21d551182548e920bf13e0232e34,"{""distance"":7,""physical_error_rate"":0.005}","{""detection_events"":4276,""detectors_checked"":221130}"
      1024,         0,         0,   0.081,standalone_exact_mw,3f3e41bc6b36ed0cfc2fad9d3557a7870f4e21d551182548e920bf13e0232e34,"{""distance"":7,""physical_error_rate"":0.005}","{""detection_events"":15552,""detectors_checked"":829440}"
      1024,         0,         0,   0.211,standalone_exact_mw,3f3e41bc6b36ed0cfc2fad9d3557a7870f4e21d551182548e920bf13e0232e34,"{""distance"":7,""physical_error_rate"":0.005}","{""detection_events"":16065,""detectors_checked"":829440}"
     44032,         0,         0,    2.21,standalone_exact_mw,8e8e16d7b7d10172304dc167922b352ab88e75bca590a4202cfa41b2b9ea2794,"{""distance"":7,""physical_error_rate"":0.0002}","{""detection_events"":27968,""detectors_checked"":35665920}"
      1024,         0,         0,   0.160,standalone_exact_mw,3f3e41bc6b36ed0cfc2fad9d3557a7870f4e21d551182548e920bf13e0232e34,"{""distance"":7,""physical_error_rate"":0.005}","{""detection_events"":15803,""detectors_checked"":829440}"
      1024,         0,         0,   0.179,standalone_exact_mw,3f3e41bc6b36ed0cfc2fad9d3557a7870f4e21d551182548e920bf13e0232e34,"{""distance"":7,""physical_error_rate"":0.005}","{""detection_events"":15707,""detectors_checked"":829440}"
      1024,         0,         0,   0.160,standalone_exact_mw,3f3e41bc6b36ed0cfc2fad9d3557a7870f4e21d551182548e920bf13e0232e34,"{""distance"":7,""physical_error_rate"":0.005}","{""detection_events"":15916,""detectors_checked"":829440}"
      1024,         0,         0,   0.160,standalone_exact_mw,3f3e41bc6b36ed0cfc2fad9d3557a7870f4e21d551182548e920bf13e0232e34,"{""distance"":7,""physical_error_rate"":0.005}","{""detection_events"":15451,""detectors_checked"":829440}"
    976896,         0,         0,   119.9,standalone_exact_mw,20c8daca17953576b13a32f59e5f9cb54485b277119f4e6925e9023b8dd1f351,"{""distance"":7,""physical_error_rate"":0.002}","{""detection_events"":6118258,""detectors_checked"":791285760}"
      1024,         0,         0,   0.165,standalone_exact_mw,3f3e41bc6b36ed0cfc2fad9d3557a7870f4e21d551182548e920bf13e0232e34,"{""distance"":7,""physical_error_rate"":0.005}","{""detection_events"":15896,""detectors_checked"":829440}"
      1024,         0,         0,   0.156,standalone_exact_mw,3f3e41bc6b36ed0cfc2fad9d3557a7870f4e21d551182548e920bf13e0232e34,"{""distance"":7,""physical_error_rate"":0.005}","{""detection_events"":15828,""detectors_checked"":829440}"
    949248,         0,         0,    88.1,standalone_exact_mw,b0cacb7fc707c2734ebeeceefd47b6bd6784bf6b65d0613559eb8dd3ed8bcfbc,"{""distance"":7,""physical_error_rate"":0.0005}","{""detection_events"":1498432,""detectors_checked"":768890880}"
   3064832,         0,         0,   119.9,standalone_exact_mw,b0cacb7fc707c2734ebeeceefd47b6bd6784bf6b65d0613559eb8dd3ed8bcfbc,"{""distance"":7,""physical_error_rate"":0.0005}","{""detection_events"":4846794,""detectors_checked"":2482513920}"
      2048,         0,         0,   0.334,standalone_exact_mw,3f3e41bc6b36ed0cfc2fad9d3557a7870f4e21d551182548e920bf13e0232e34,"{""distance"":7,""physical_error_rate"":0.005}","{""detection_events"":32017,""detectors_checked"":1658880}"
   1733632,         0,         0,   119.8,standalone_exact_mw,b0cacb7fc707c2734ebeeceefd47b6bd6784bf6b65d0613559eb8dd3ed8bcfbc,"{""distance"":7,""physical_error_rate"":0.0005}","{""detection_events"":2745555,""detectors_checked"":1404241920}"
      2048,         0,         0,   0.334,standalone_exact_mw,3f3e41bc6b36ed0cfc2fad9d3557a7870f4e21d551182548e920bf13e0232e34,"{""distance"":7,""physical_error_rate"":0.005}","{""detection_events"":31858,""detectors_checked"":1658880}"
      3072,         0,         0,   0.495,standalone_exact_mw,3f3e41bc6b36ed0cfc2fad9d3557a7870f4e21d551182548e920bf13e0232e34,"{""distance"":7,""physical_error_rate"":0.005}","{""detection_events"":47923,""detectors_checked"":2488320}"
    360448,         0,         0,    63.0,standalone_exact_mw,20c8daca17953576b13a32f59e5f9cb54485b277119f4e6925e9023b8dd1f351,"{""distance"":7,""physical_error_rate"":0.002}","{""detection_events"":2257863,""detectors_checked"":291962880}"
     32768,         0,         0,    3.11,standalone_exact_mw,c63d9dbf283cbe8d7d2c9891770aca900c170ab5c3de0408fa399997170cec3d,"{""distance"":7,""physical_error_rate"":0.001}","{""detection_events"":103725,""detectors_checked"":26542080}"
      4096,         0,         0,   0.677,standalone_exact_mw,3f3e41bc6b36ed0cfc2fad9d3557a7870f4e21d551182548e920bf13e0232e34,"{""distance"":7,""physical_error_rate"":0.005}","{""detection_events"":63311,""detectors_checked"":3317760}"
    738304,         2,         0,   119.9,standalone_exact_mw,3f3e41bc6b36ed0cfc2fad9d3557a7870f4e21d551182548e920bf13e0232e34,"{""distance"":7,""physical_error_rate"":0.005}","{""detection_events"":11365686,""detectors_checked"":598026240,""obs_mistake_mask=E"":2}"
     61440,         0,         0,    3.06,standalone_exact_mw,8e8e16d7b7d10172304dc167922b352ab88e75bca590a4202cfa41b2b9ea2794,"{""distance"":7,""physical_error_rate"":0.0002}","{""detection_events"":38262,""detectors_checked"":49766400}"
      5120,         0,         0,   0.815,standalone_exact_mw,3f3e41bc6b36ed0cfc2fad9d3557a7870f4e21d551182548e920bf13e0232e34,"{""distance"":7,""physical_error_rate"":0.005}","{""detection_events"":78753,""detectors_checked"":4147200}"
      7168,         0,         0,    1.16,standalone_exact_mw,3f3e41bc6b36ed0cfc2fad9d3557a7870f4e21d551182548e920bf13e0232e34,"{""distance"":7,""physical_error_rate"":0.005}","{""detection_events"":110326,""detectors_checked"":5806080}"
   3879936,         0,         0,   119.8,standalone_exact_mw,8e8e16d7b7d10172304dc167922b352ab88e75bca590a4202cfa41b2b9ea2794,"{""distance"":7,""physical_error_rate"":0.0002}","{""detection_events"":2455813,""detectors_checked"":3142748160}"
    804864,         0,         0,    88.1,standalone_exact_mw,20c8daca17953576b13a32f59e5f9cb54485b277119f4e6925e9023b8dd1f351,"{""distance"":7,""physical_error_rate"":0.002}","{""detection_events"":5048554,""detectors_checked"":651939840}"
      9216,         0,         0,    1.62,standalone_exact_mw,3f3e41bc6b36ed0cfc2fad9d3557a7870f4e21d551182548e920bf13e0232e34,"{""distance"":7,""physical_error_rate"":0.005}","{""detection_events"":142060,""detectors_checked"":7464960}"
     49152,         0,         0,    4.29,standalone_exact_mw,c63d9dbf283cbe8d7d2c9891770aca900c170ab5c3de0408fa399997170cec3d,"{""distance"":7,""physical_error_rate"":0.001}","{""detection_events"":154154,""detectors_checked"":39813120}"
    622592,         1,         0,   120.0,standalone_exact_mw,3f3e41bc6b36ed0cfc2fad9d3557a7870f4e21d551182548e920bf13e0232e34,"{""distance"":7,""physical_error_rate"":0.005}","{""detection_events"":9583864,""detectors_checked"":504299520,""obs_mistake_mask=E"":1}"
     82944,         0,         0,    4.27,standalone_exact_mw,8e8e16d7b7d10172304dc167922b352ab88e75bca590a4202cfa41b2b9ea2794,"{""distance"":7,""physical_error_rate"":0.0002}","{""detection_events"":52387,""detectors_checked"":67184640}"
   2266112,         0,         0,   119.9,standalone_exact_mw,c63d9dbf283cbe8d7d2c9891770aca900c170ab5c3de0408fa399997170cec3d,"{""distance"":7,""physical_error_rate"":0.001}","{""detection_events"":7144833,""detectors_checked"":1835550720}"
    739328,         0,         0,   119.9,standalone_exact_mw,20c8daca17953576b13a32f59e5f9cb54485b277119f4e6925e9023b8dd1f351,"{""distance"":7,""physical_error_rate"":0.002}","{""detection_events"":4638081,""detectors_checked"":598855680}"
     18432,         1,         0,    2.21,standalone_exact_mw,3f3e41bc6b36ed0cfc2fad9d3557a7870f4e21d551182548e920bf13e0232e34,"{""distance"":7,""physical_error_rate"":0.005}","{""detection_events"":285115,""detectors_checked"":14929920,""obs_mistake_mask=E"":1}"
    813056,         3,         0,   119.9,standalone_exact_mw,3f3e41bc6b36ed0cfc2fad9d3557a7870f4e21d551182548e920bf13e0232e34,"{""distance"":7,""physical_error_rate"":0.005}","{""detection_events"":12517021,""detectors_checked"":658575360,""obs_mistake_mask=E"":3}"
   1240064,         0,         0,   119.8,standalone_exact_mw,c63d9dbf283cbe8d7d2c9891770aca900c170ab5c3de0408fa399997170cec3d,"{""distance"":7,""physical_error_rate"":0.001}","{""detection_events"":3903824,""detectors_checked"":1004451840}"
    850944,         0,         0,   119.9,standalone_exact_mw,20c8daca17953576b13a32f59e5f9cb54485b277119f4e6925e9023b8dd1f351,"{""distance"":7,""physical_error_rate"":0.002}","{""detection_events"":5334821,""detectors_checked"":689264640}"
     37888,         0,         0,    3.10,standalone_exact_mw,3f3e41bc6b36ed0cfc2fad9d3557a7870f4e21d551182548e920bf13e0232e34,"{""distance"":7,""physical_error_rate"":0.005}","{""detection_events"":582741,""detectors_checked"":30689280}"
   1716224,         0,         0,   120.0,standalone_exact_mw,20c8daca17953576b13a32f59e5f9cb54485b277119f4e6925e9023b8dd1f351,"{""distance"":7,""physical_error_rate"":0.002}","{""detection_events"":10763757,""detectors_checked"":1390141440}"
   2890752,         0,         0,   119.9,standalone_exact_mw,b0cacb7fc707c2734ebeeceefd47b6bd6784bf6b65d0613559eb8dd3ed8bcfbc,"{""distance"":7,""physical_error_rate"":0.0005}","{""detection_events"":4568550,""detectors_checked"":2341509120}"
     66560,         0,         0,    6.01,standalone_exact_mw,c63d9dbf283cbe8d7d2c9891770aca900c170ab5c3de0408fa399997170cec3d,"{""distance"":7,""physical_error_rate"":0.001}","{""detection_events"":208919,""detectors_checked"":53913600}"
    119808,         0,         0,    6.01,standalone_exact_mw,8e8e16d7b7d10172304dc167922b352ab88e75bca590a4202cfa41b2b9ea2794,"{""distance"":7,""physical_error_rate"":0.0002}","{""detection_events"":75465,""detectors_checked"":97044480}"
    644096,         2,         0,   120.1,standalone_exact_mw,3f3e41bc6b36ed0cfc2fad9d3557a7870f4e21d551182548e920bf13e0232e34,"{""distance"":7,""physical_error_rate"":0.005}","{""detection_events"":9909239,""detectors_checked"":521717760,""obs_mistake_mask=E"":2}"
     29696,         0,         0,    4.33,standalone_exact_mw,3f3e41bc6b36ed0cfc2fad9d3557a7870f4e21d551182548e920bf13e0232e34,"{""distance"":7,""physical_error_rate"":0.005}","{""detection_events"":460190,""detectors_checked"":24053760}"
    931840,         0,         0,    32.1,standalone_exact_mw,b0cacb7fc707c2734ebeeceefd47b6bd6784bf6b65d0613559eb8dd3ed8bcfbc,"{""distance"":7,""physical_error_rate"":0.0005}","{""detection_events"":1474875,""detectors_checked"":754790400}"
     93184,         0,         0,    8.37,standalone_exact_mw,c63d9dbf283cbe8d7d2c9891770aca900c170ab5c3de0408fa399997170cec3d,"{""distance"":7,""physical_error_rate"":0.001}","{""detection_events"":293866,""detectors_checked"":75479040}"
        17,         0,         0,   0.014,standalone_exact_mw,3f3e41bc6b36ed0cfc2fad9d3557a7870f4e21d551182548e920bf13e0232e34,"{""distance"":7,""physical_error_rate"":0.005}","{""detection_events"":242,""detectors_checked"":13770}"
       256,         0,         0,   0.042,standalone_exact_mw,3f3e41bc6b36ed0cfc2fad9d3557a7870f4e21d551182548e920bf13e0232e34,"{""distance"":7,""physical_error_rate"":0.005}","{""detection_events"":3969,""detectors_checked"":207360}"
    166912,         0,         0,    8.33,standalone_exact_mw,8e8e16d7b7d10172304dc167922b352ab88e75bca590a4202cfa41b2b9ea2794,"{""distance"":7,""physical_error_rate"":0.0002}","{""detection_events"":105327,""detectors_checked"":135198720}"
      1024,         0,         0,   0.234,standalone_exact_mw,3f3e41bc6b36ed0cfc2fad9d3557a7870f4e21d551182548e920bf13e0232e34,"{""distance"":7,""physical_error_rate"":0.005}","{""detection_events"":15830,""detectors_checked"":829440}"
      1024,         0,         0,   0.160,standalone_exact_mw,3f3e41bc6b36ed0cfc2fad9d3557a7870f4e21d551182548e920bf13e0232e34,"{""distance"":7,""physical_error_rate"":0.005}","{""detection_events"":15702,""detectors_checked"":829440}"
    681984,         4,         0,   119.9,standalone_exact_mw,3f3e41bc6b36ed0cfc2fad9d3557a7870f4e21d551182548e920bf13e0232e34,"{""distance"":7,""physical_error_rate"":0.005}","{""detection_events"":10495374,""detectors_checked"":552407040,""obs_mistake_mask=E"":4}"
      1024,         0,         0,   0.159,standalone_exact_mw,3f3e41bc6b36ed0cfc2fad9d3557a7870f4e21d551182548e920bf13e0232e34,"{""distance"":7,""physical_error_rate"":0.005}","{""detection_events"":15443,""detectors_checked"":829440}"
     55296,         0,         0,    6.22,standalone_exact_mw,3f3e41bc6b36ed0cfc2fad9d3557a7870f4e21d551182548e920bf13e0232e34,"{""distance"":7,""physical_error_rate"":0.005}","{""detection_events"":851586,""detectors_checked"":44789760}"
      1024,         0,         0,   0.196,standalone_exact_mw,3f3e41bc6b36ed0cfc2fad9d3557a7870f4e21d551182548e920bf13e0232e34,"{""distance"":7,""physical_error_rate"":0.005}","{""detection_events"":15688,""detectors_checked"":829440}"
      1024,         0,         0,   0.262,standalone_exact_mw,3f3e41bc6b36ed0cfc2fad9d3557a7870f4e21d551182548e920bf13e0232e34,"{""distance"":7,""physical_error_rate"":0.005}","{""detection_events"":16168,""detectors_checked"":829440}"
      1024,         0,         0,   0.239,standalone_exact_mw,3f3e41bc6b36ed0cfc2fad9d3557a7870f4e21d551182548e920bf13e0232e34,"{""distance"":7,""physical_error_rate"":0.005}","{""detection_events"":16071,""detectors_checked"":829440}"
      1024,         0,         0,   0.244,standalone_exact_mw,3f3e41bc6b36ed0cfc2fad9d3557a7870f4e21d551182548e920bf13e0232e34,"{""distance"":7,""physical_error_rate"":0.005}","{""detection_events"":15653,""detectors_checked"":829440}"
       273,         0,         0,   0.035,standalone_exact_mw,20c8daca17953576b13a32f59e5f9cb54485b277119f4e6925e9023b8dd1f351,"{""distance"":7,""physical_error_rate"":0.002}","{""detection_events"":1698,""detectors_checked"":221130}"
      1024,         0,         0,   0.244,standalone_exact_mw,3f3e41bc6b36ed0cfc2fad9d3557a7870f4e21d551182548e920bf13e0232e34,"{""distance"":7,""physical_error_rate"":0.005}","{""detection_events"":15887,""detectors_checked"":829440}"
      1024,         0,         0,   0.116,standalone_exact_mw,20c8daca17953576b13a32f59e5f9cb54485b277119f4e6925e9023b8dd1f351,"{""distance"":7,""physical_error_rate"":0.002}","{""detection_events"":6357,""detectors_checked"":829440}"
      1024,         0,         0,   0.130,standalone_exact_mw,20c8daca17953576b13a32f59e5f9cb54485b277119f4e6925e9023b8dd1f351,"{""distance"":7,""physical_error_rate"":0.002}","{""detection_events"":6371,""detectors_checked"":829440}"
      1024,         0,         0,   0.129,standalone_exact_mw,20c8daca17953576b13a32f59e5f9cb54485b277119f4e6925e9023b8dd1f351,"{""distance"":7,""physical_error_rate"":0.002}","{""detection_events"":6353,""detectors_checked"":829440}"
      1024,         0,         0,   0.130,standalone_exact_mw,20c8daca17953576b13a32f59e5f9cb54485b277119f4e6925e9023b8dd1f351,"{""distance"":7,""physical_error_rate"":0.002}","{""detection_events"":6595,""detectors_checked"":829440}"
      2048,         0,         0,   0.488,standalone_exact_mw,3f3e41bc6b36ed0cfc2fad9d3557a7870f4e21d551182548e920bf13e0232e34,"{""distance"":7,""physical_error_rate"":0.005}","{""detection_events"":31190,""detectors_checked"":1658880}"
      1024,         0,         0,   0.124,standalone_exact_mw,20c8daca17953576b13a32f59e5f9cb54485b277119f4e6925e9023b8dd1f351,"{""distance"":7,""physical_error_rate"":0.002}","{""detection_events"":6217,""detectors_checked"":829440}"
      1024,         0,         0,   0.130,standalone_exact_mw,20c8daca17953576b13a32f59e5f9cb54485b277119f4e6925e9023b8dd1f351,"{""distance"":7,""physical_error_rate"":0.002}","{""detection_events"":6271,""detectors_checked"":829440}"
      1024,         0,         0,   0.130,standalone_exact_mw,20c8daca17953576b13a32f59e5f9cb54485b277119f4e6925e9023b8dd1f351,"{""distance"":7,""physical_error_rate"":0.002}","{""detection_events"":6314,""detectors_checked"":829440}"
      2048,         0,         0,   0.511,standalone_exact_mw,3f3e41bc6b36ed0cfc2fad9d3557a7870f4e21d551182548e920bf13e0232e34,"{""distance"":7,""physical_error_rate"":0.005}","{""detection_events"":31974,""detectors_checked"":1658880}"
      2048,         0,         0,   0.258,standalone_exact_mw,20c8daca17953576b13a32f59e5f9cb54485b277119f4e6925e9023b8dd1f351,"{""distance"":7,""physical_error_rate"":0.002}","{""detection_events"":12700,""detectors_checked"":1658880}"
   1243136,         0,         0,   119.8,standalone_exact_mw,b0cacb7fc707c2734ebeeceefd47b6bd6784bf6b65d0613559eb8dd3ed8bcfbc,"{""distance"":7,""physical_error_rate"":0.0005}","{""detection_events"":1964257,""detectors_checked"":1006940160}"
      2048,         0,         0,   0.381,standalone_exact_mw,20c8daca17953576b13a32f59e5f9cb54485b277119f4e6925e9023b8dd1f351,"{""distance"":7,""physical_error_rate"":0.002}","{""detection_events"":12778,""detectors_checked"":1658880}"
      4096,         0,         0,   0.649,standalone_exact_mw,3f3e41bc6b36ed0cfc2fad9d3557a7870f4e21d551182548e920bf13e0232e34,"{""distance"":7,""physical_error_rate"":0.005}","{""detection_events"":63070,""detectors_checked"":3317760}"
      2048,         0,         0,   0.373,standalone_exact_mw,20c8daca17953576b13a32f59e5f9cb54485b277119f4e6925e9023b8dd1f351,"{""distance"":7,""physical_error_rate"":0.002}","{""detection_events"":12585,""detectors_checked"":1658880}"
      3072,         0,         0,   0.543,standalone_exact_mw,20c8daca17953576b13a32f59e5f9cb54485b277119f4e6925e9023b8dd1f351,"{""distance"":7,""physical_error_rate"":0.002}","{""detection_events"":19150,""detectors_checked"":2488320}"
      7168,         0,         0,   0.818,standalone_exact_mw,3f3e41bc6b36ed0cfc2fad9d3557a7870f4e21d551182548e920bf13e0232e34,"{""distance"":7,""physical_error_rate"":0.005}","{""detection_events"":110637,""detectors_checked"":5806080}"
    543744,         0,         0,    62.9,standalone_exact_mw,c63d9dbf283cbe8d7d2c9891770aca900c170ab5c3de0408fa399997170cec3d,"{""distance"":7,""physical_error_rate"":0.001}","{""detection_events"":1712297,""detectors_checked"":440432640}"
      5120,         0,         0,   0.650,standalone_exact_mw,20c8daca17953576b13a32f59e5f9cb54485b277119f4e6925e9023b8dd1f351,"{""distance"":7,""physical_error_rate"":0.002}","{""detection_events"":32631,""detectors_checked"":4147200}"
      7168,         0,         0,    1.15,standalone_exact_mw,3f3e41bc6b36ed0cfc2fad9d3557a7870f4e21d551182548e920bf13e0232e34,"{""distance"":7,""physical_error_rate"":0.005}","{""detection_events"":110635,""detectors_checked"":5806080}"
      7168,         0,         0,   0.903,standalone_exact_mw,20c8daca17953576b13a32f59e5f9cb54485b277119f4e6925e9023b8dd1f351,"{""distance"":7,""physical_error_rate"":0.002}","{""detection_events"":45395,""detectors_checked"":5806080}"
    756736,         0,         0,   120.0,standalone_exact_mw,20c8daca17953576b13a32f59e5f9cb54485b277119f4e6925e9023b8dd1f351,"{""distance"":7,""physical_error_rate"":0.002}","{""detection_events"":4742952,""detectors_checked"":612956160}"
      9216,         0,         0,    1.15,standalone_exact_mw,20c8daca17953576b13a32f59e5f9cb54485b277119f4e6925e9023b8dd1f351,"{""distance"":7,""physical_error_rate"":0.002}","{""detection_events"":57346,""detectors_checked"":7464960}"
      9216,         0,         0,    1.59,standalone_exact_mw,3f3e41bc6b36ed0cfc2fad9d3557a7870f4e21d551182548e920bf13e0232e34,"{""distance"":7,""physical_error_rate"":0.005}","{""detection_events"":142024,""detectors_checked"":7464960}"
   4853760,         0,         0,   119.8,standalone_exact_mw,8e8e16d7b7d10172304dc167922b352ab88e75bca590a4202cfa41b2b9ea2794,"{""distance"":7,""physical_error_rate"":0.0002}","{""detection_events"":3073332,""detectors_checked"":3931545600}"
     13312,         0,         0,    1.67,standalone_exact_mw,20c8daca17953576b13a32f59e5f9cb54485b277119f4e6925e9023b8dd1f351,"{""distance"":7,""physical_error_rate"":0.002}","{""detection_events"":83564,""detectors_checked"":10782720}"
     55296,         0,         0,    8.51,standalone_exact_mw,3f3e41bc6b36ed0cfc2fad9d3557a7870f4e21d551182548e920bf13e0232e34,"{""distance"":7,""physical_error_rate"":0.005}","{""detection_events"":851951,""detectors_checked"":44789760}"
     12288,         0,         0,    2.31,standalone_exact_mw,3f3e41bc6b36ed0cfc2fad9d3557a7870f4e21d551182548e920bf13e0232e34,"{""distance"":7,""physical_error_rate"":0.005}","{""detection_events"":188746,""detectors_checked"":9953280}"
     17408,         0,         0,    2.20,standalone_exact_mw,20c8daca17953576b13a32f59e5f9cb54485b277119f4e6925e9023b8dd1f351,"{""distance"":7,""physical_error_rate"":0.002}","{""detection_events"":108423,""detectors_checked"":14100480}"
    128000,         0,         0,    11.7,standalone_exact_mw,c63d9dbf283cbe8d7d2c9891770aca900c170ab5c3de0408fa399997170cec3d,"{""distance"":7,""physical_error_rate"":0.001}","{""detection_events"":403250,""detectors_checked"":103680000}"
    242688,         0,         0,    11.7,standalone_exact_mw,8e8e16d7b7d10172304dc167922b352ab88e75bca590a4202cfa41b2b9ea2794,"{""distance"":7,""physical_error_rate"":0.0002}","{""detection_events"":153754,""detectors_checked"":196577280}"
     16384,         0,         0,    3.11,standalone_exact_mw,3f3e41bc6b36ed0cfc2fad9d3557a7870f4e21d551182548e920bf13e0232e34,"{""distance"":7,""physical_error_rate"":0.005}","{""detection_events"":251055,""detectors_checked"":13271040}"
     23552,         0,         0,    3.07,standalone_exact_mw,20c8daca17953576b13a32f59e5f9cb54485b277119f4e6925e9023b8dd1f351,"{""distance"":7,""physical_error_rate"":0.002}","{""detection_events"":148174,""detectors_checked"":19077120}"
    780288,         0,         0,    88.3,standalone_exact_mw,c63d9dbf283cbe8d7d2c9891770aca900c170ab5c3de0408fa399997170cec3d,"{""distance"":7,""physical_error_rate"":0.001}","{""detection_events"":2460402,""detectors_checked"":632033280}"
     27648,         0,         0,    4.37,standalone_exact_mw,3f3e41bc6b36ed0cfc2fad9d3557a7870f4e21d551182548e920bf13e0232e34,"{""distance"":7,""physical_error_rate"":0.005}","{""detection_events"":426094,""detectors_checked"":22394880}"
     29696,         0,         0,    4.31,standalone_exact_mw,20c8daca17953576b13a32f59e5f9cb54485b277119f4e6925e9023b8dd1f351,"{""distance"":7,""physical_error_rate"":0.002}","{""detection_events"":187101,""detectors_checked"":24053760}"
        17,         0,         0,   0.027,standalone_exact_mw,c63d9dbf283cbe8d7d2c9891770aca900c170ab5c3de0408fa399997170cec3d,"{""distance"":7,""physical_error_rate"":0.001}","{""detection_events"":60,""detectors_checked"":13770}"
       256,         0,         0,   0.034,standalone_exact_mw,c63d9dbf283cbe8d7d2c9891770aca900c170ab5c3de0408fa399997170cec3d,"{""distance"":7,""physical_error_rate"":0.001}","{""detection_events"":815,""detectors_checked"":207360}"
      1024,         0,         0,   0.197,standalone_exact_mw,c63d9dbf283cbe8d7d2c9891770aca900c170ab5c3de0408fa399997170cec3d,"{""distance"":7,""physical_error_rate"":0.001}","{""detection_events"":3389,""detectors_checked"":829440}"
      1024,         0,         0,   0.195,standalone_exact_mw,c63d9dbf283cbe8d7d2c9891770aca900c170ab5c3de0408fa399997170cec3d,"{""distance"":7,""physical_error_rate"":0.001}","{""detection_events"":3205,""detectors_checked"":829440}"
      1024,         0,         0,   0.194,standalone_exact_mw,c63d9dbf283cbe8d7d2c9891770aca900c170ab5c3de0408fa399997170cec3d,"{""distance"":7,""physical_error_rate"":0.001}","{""detection_events"":3207,""detectors_checked"":829440}"
      1024,         0,         0,   0.174,standalone_exact_mw,c63d9dbf283cbe8d7d2c9891770aca900c170ab5c3de0408fa399997170cec3d,"{""distance"":7,""physical_error_rate"":0.001}","{""detection_events"":3292,""detectors_checked"":829440}"
      1024,         0,         0,   0.209,standalone_exact_mw,c63d9dbf283cbe8d7d2c9891770aca900c170ab5c3de0408fa399997170cec3d,"{""distance"":7,""physical_error_rate"":0.001}","{""detection_events"":3167,""detectors_checked"":829440}"
      1024,         0,         0,   0.212,standalone_exact_mw,c63d9dbf283cbe8d7d2c9891770aca900c170ab5c3de0408fa399997170cec3d,"{""distance"":7,""physical_error_rate"":0.001}","{""detection_events"":3291,""detectors_checked"":829440}"
    935936,         0,         0,   119.8,standalone_exact_mw,c63d9dbf283cbe8d7d2c9891770aca900c170ab5c3de0408fa399997170cec3d,"{""distance"":7,""physical_error_rate"":0.001}","{""detection_events"":2949034,""detectors_checked"":758108160}"
      1024,         0,         0,   0.174,standalone_exact_mw,c63d9dbf283cbe8d7d2c9891770aca900c170ab5c3de0408fa399997170cec3d,"{""distance"":7,""physical_error_rate"":0.001}","{""detection_events"":3387,""detectors_checked"":829440}"
    859136,         0,         0,   119.9,standalone_exact_mw,c63d9dbf283cbe8d7d2c9891770aca900c170ab5c3de0408fa399997170cec3d,"{""distance"":7,""physical_error_rate"":0.001}","{""detection_events"":2705553,""detectors_checked"":695900160}"
      2048,         0,         0,   0.391,standalone_exact_mw,c63d9dbf283cbe8d7d2c9891770aca900c170ab5c3de0408fa399997170cec3d,"{""distance"":7,""physical_error_rate"":0.001}","{""detection_events"":6487,""detectors_checked"":1658880}"
      2048,         0,         0,   0.329,standalone_exact_mw,c63d9dbf283cbe8d7d2c9891770aca900c170ab5c3de0408fa399997170cec3d,"{""distance"":7,""physical_error_rate"":0.001}","{""detection_events"":6377,""detectors_checked"":1658880}"
      2048,         0,         0,   0.421,standalone_exact_mw,c63d9dbf283cbe8d7d2c9891770aca900c170ab5c3de0408fa399997170cec3d,"{""distance"":7,""physical_error_rate"":0.001}","{""detection_events"":6580,""detectors_checked"":1658880}"
     79872,         0,         0,    11.8,standalone_exact_mw,3f3e41bc6b36ed0cfc2fad9d3557a7870f4e21d551182548e920bf13e0232e34,"{""distance"":7,""physical_error_rate"":0.005}","{""detection_events"":1229066,""detectors_checked"":64696320}"
      4096,         0,         0,   0.758,standalone_exact_mw,c63d9dbf283cbe8d7d2c9891770aca900c170ab5c3de0408fa399997170cec3d,"{""distance"":7,""physical_error_rate"":0.001}","{""detection_events"":12986,""detectors_checked"":3317760}"
   1584128,         8,         0,   120.0,standalone_exact_mw,3f3e41bc6b36ed0cfc2fad9d3557a7870f4e21d551182548e920bf13e0232e34,"{""distance"":7,""physical_error_rate"":0.005}","{""detection_events"":24380546,""detectors_checked"":1283143680,""obs_mistake_mask=E"":8}"
      8192,         0,         0,   0.854,standalone_exact_mw,c63d9dbf283cbe8d7d2c9891770aca900c170ab5c3de0408fa399997170cec3d,"{""distance"":7,""physical_error_rate"":0.001}","{""detection_events"":25522,""detectors_checked"":6635520}"
     39936,         1,         0,    6.11,standalone_exact_mw,3f3e41bc6b36ed0cfc2fad9d3557a7870f4e21d551182548e920bf13e0232e34,"{""distance"":7,""physical_error_rate"":0.005}","{""detection_events"":614991,""detectors_checked"":32348160,""obs_mistake_mask=E"":1}"
      9216,         0,         0,    1.11,standalone_exact_mw,c63d9dbf283cbe8d7d2c9891770aca900c170ab5c3de0408fa399997170cec3d,"{""distance"":7,""physical_error_rate"":0.001}","{""detection_events"":29503,""detectors_checked"":7464960}"
     45056,         0,         0,    6.07,standalone_exact_mw,20c8daca17953576b13a32f59e5f9cb54485b277119f4e6925e9023b8dd1f351,"{""distance"":7,""physical_error_rate"":0.002}","{""detection_events"":282400,""detectors_checked"":36495360}"
    710656,         0,         0,   119.9,standalone_exact_mw,20c8daca17953576b13a32f59e5f9cb54485b277119f4e6925e9023b8dd1f351,"{""distance"":7,""physical_error_rate"":0.002}","{""detection_events"":4452851,""detectors_checked"":575631360}"
     16384,         0,         0,    1.65,standalone_exact_mw,c63d9dbf283cbe8d7d2c9891770aca900c170ab5c3de0408fa399997170cec3d,"{""distance"":7,""physical_error_rate"":0.001}","{""detection_events"":51633,""detectors_checked"":13271040}"
     23552,         0,         0,    2.21,standalone_exact_mw,c63d9dbf283cbe8d7d2c9891770aca900c170ab5c3de0408fa399997170cec3d,"{""distance"":7,""physical_error_rate"":0.001}","{""detection_events"":73815,""detectors_checked"":19077120}"
    188416,         0,         0,    16.4,standalone_exact_mw,c63d9dbf283cbe8d7d2c9891770aca900c170ab5c3de0408fa399997170cec3d,"{""distance"":7,""physical_error_rate"":0.001}","{""detection_events"":594284,""detectors_checked"":152616960}"
    330752,         0,         0,    16.4,standalone_exact_mw,8e8e16d7b7d10172304dc167922b352ab88e75bca590a4202cfa41b2b9ea2794,"{""distance"":7,""physical_error_rate"":0.0002}","{""detection_events"":208673,""detectors_checked"":267909120}"
   1444864,         0,         0,   119.8,standalone_exact_mw,b0cacb7fc707c2734ebeeceefd47b6bd6784bf6b65d0613559eb8dd3ed8bcfbc,"{""distance"":7,""physical_error_rate"":0.0005}","{""detection_events"":2285226,""detectors_checked"":1170339840}"
     32768,         0,         0,    3.07,standalone_exact_mw,c63d9dbf283cbe8d7d2c9891770aca900c170ab5c3de0408fa399997170cec3d,"{""distance"":7,""physical_error_rate"":0.001}","{""detection_events"":102805,""detectors_checked"":26542080}"
   4810752,         0,         0,   119.8,standalone_exact_mw,8e8e16d7b7d10172304dc167922b352ab88e75bca590a4202cfa41b2b9ea2794,"{""distance"":7,""physical_error_rate"":0.0002}","{""detection_events"":3047024,""detectors_checked"":3896709120}"
     51200,         0,         0,    8.39,standalone_exact_mw,3f3e41bc6b36ed0cfc2fad9d3557a7870f4e21d551182548e920bf13e0232e34,"{""distance"":7,""physical_error_rate"":0.005}","{""detection_events"":787279,""detectors_checked"":41472000}"
   2001920,         0,         0,   119.6,standalone_exact_mw,8e8e16d7b7d10172304dc167922b352ab88e75bca590a4202cfa41b2b9ea2794,"{""distance"":7,""physical_error_rate"":0.0002}","{""detection_events"":1271604,""detectors_checked"":1621555200}"
     54272,         0,         0,    8.40,standalone_exact_mw,20c8daca17953576b13a32f59e5f9cb54485b277119f4e6925e9023b8dd1f351,"{""distance"":7,""physical_error_rate"":0.002}","{""detection_events"":340051,""detectors_checked"":43960320}"
    417792,         0,         0,    63.0,standalone_exact_mw,20c8daca17953576b13a32f59e5f9cb54485b277119f4e6925e9023b8dd1f351,"{""distance"":7,""physical_error_rate"":0.002}","{""detection_events"":2619811,""detectors_checked"":338411520}"
     38912,         0,         0,    4.38,standalone_exact_mw,c63d9dbf283cbe8d7d2c9891770aca900c170ab5c3de0408fa399997170cec3d,"{""distance"":7,""physical_error_rate"":0.001}","{""detection_events"":122138,""detectors_checked"":31518720}"
   1619968,         0,         0,   119.6,standalone_exact_mw,8e8e16d7b7d10172304dc167922b352ab88e75bca590a4202cfa41b2b9ea2794,"{""distance"":7,""physical_error_rate"":0.0002}","{""detection_events"":1025609,""detectors_checked"":1312174080}"
    111616,         0,         0,    16.4,standalone_exact_mw,3f3e41bc6b36ed0cfc2fad9d3557a7870f4e21d551182548e920bf13e0232e34,"{""distance"":7,""physical_error_rate"":0.005}","{""detection_events"":1715655,""detectors_checked"":90408960}"
       273,         0,         0,   0.036,standalone_exact_mw,20c8daca17953576b13a32f59e5f9cb54485b277119f4e6925e9023b8dd1f351,"{""distance"":7,""physical_error_rate"":0.002}","{""detection_events"":1826,""detectors_checked"":221130}"
      1024,         0,         0,   0.129,standalone_exact_mw,20c8daca17953576b13a32f59e5f9cb54485b277119f4e6925e9023b8dd1f351,"{""distance"":7,""physical_error_rate"":0.002}","{""detection_events"":6424,""detectors_checked"":829440}"
      1024,         0,         0,   0.128,standalone_exact_mw,20c8daca17953576b13a32f59e5f9cb54485b277119f4e6925e9023b8dd1f351,"{""distance"":7,""physical_error_rate"":0.002}","{""detection_events"":6277,""detectors_checked"":829440}"
      1024,         0,         0,   0.129,standalone_exact_mw,20c8daca17953576b13a32f59e5f9cb54485b277119f4e6925e9023b8dd1f351,"{""distance"":7,""physical_error_rate"":0.002}","{""detection_events"":6355,""detectors_checked"":829440}"
      1024,         0,         0,   0.129,standalone_exact_mw,20c8daca17953576b13a32f59e5f9cb54485b277119f4e6925e9023b8dd1f351,"{""distance"":7,""physical_error_rate"":0.002}","{""detection_events"":6352,""detectors_checked"":829440}"
      1024,         0,         0,   0.129,standalone_exact_mw,20c8daca17953576b13a32f59e5f9cb54485b277119f4e6925e9023b8dd1f351,"{""distance"":7,""physical_error_rate"":0.002}","{""detection_events"":6544,""detectors_checked"":829440}"
      1024,         0,         0,   0.128,standalone_exact_mw,20c8daca17953576b13a32f59e5f9cb54485b277119f4e6925e9023b8dd1f351,"{""distance"":7,""physical_error_rate"":0.002}","{""detection_events"":6477,""detectors_checked"":829440}"
      1024,         0,         0,   0.129,standalone_exact_mw,20c8daca17953576b13a32f59e5f9cb54485b277119f4e6925e9023b8dd1f351,"{""distance"":7,""physical_error_rate"":0.002}","{""detection_events"":6452,""detectors_checked"":829440}"
      2048,         0,         0,   0.260,standalone_exact_mw,20c8daca17953576b13a32f59e5f9cb54485b277119f4e6925e9023b8dd1f351,"{""distance"":7,""physical_error_rate"":0.002}","{""detection_events"":13007,""detectors_checked"":1658880}"
      2048,         0,         0,   0.257,standalone_exact_mw,20c8daca17953576b13a32f59e5f9cb54485b277119f4e6925e9023b8dd1f351,"{""distance"":7,""physical_error_rate"":0.002}","{""detection_events"":12318,""detectors_checked"":1658880}"
      3072,         0,         0,   0.388,standalone_exact_mw,20c8daca17953576b13a32f59e5f9cb54485b277119f4e6925e9023b8dd1f351,"{""distance"":7,""physical_error_rate"":0.002}","{""detection_events"":19269,""detectors_checked"":2488320}"
      4096,         0,         0,   0.504,standalone_exact_mw,20c8daca17953576b13a32f59e5f9cb54485b277119f4e6925e9023b8dd1f351,"{""distance"":7,""physical_error_rate"":0.002}","{""detection_events"":25685,""detectors_checked"":3317760}"
   1304576,         0,         0,    45.0,standalone_exact_mw,b0cacb7fc707c2734ebeeceefd47b6bd6784bf6b65d0613559eb8dd3ed8bcfbc,"{""distance"":7,""physical_error_rate"":0.0005}","{""detection_events"":2061267,""detectors_checked"":1056706560}"
      5120,         0,         0,   0.643,standalone_exact_mw,20c8daca17953576b13a32f59e5f9cb54485b277119f4e6925e9023b8dd1f351,"{""distance"":7,""physical_error_rate"":0.002}","{""detection_events"":32075,""detectors_checked"":4147200}"
     43008,         0,         0,    6.11,standalone_exact_mw,c63d9dbf283cbe8d7d2c9891770aca900c170ab5c3de0408fa399997170cec3d,"{""distance"":7,""physical_error_rate"":0.001}","{""detection_events"":135736,""detectors_checked"":34836480}"
      3072,         0,         0,   0.816,standalone_exact_mw,20c8daca17953576b13a32f59e5f9cb54485b277119f4e6925e9023b8dd1f351,"{""distance"":7,""physical_error_rate"":0.002}","{""detection_events"":19207,""detectors_checked"":2488320}"
       273,         0,         0,   0.027,standalone_exact_mw,b0cacb7fc707c2734ebeeceefd47b6bd6784bf6b65d0613559eb8dd3ed8bcfbc,"{""distance"":7,""physical_error_rate"":0.0005}","{""detection_events"":387,""detectors_checked"":221130}"
      6144,         0,         0,    1.23,standalone_exact_mw,20c8daca17953576b13a32f59e5f9cb54485b277119f4e6925e9023b8dd1f351,"{""distance"":7,""physical_error_rate"":0.002}","{""detection_events"":39181,""detectors_checked"":4976640}"
      1024,         0,         0,   0.074,standalone_exact_mw,b0cacb7fc707c2734ebeeceefd47b6bd6784bf6b65d0613559eb8dd3ed8bcfbc,"{""distance"":7,""physical_error_rate"":0.0005}","{""detection_events"":1562,""detectors_checked"":829440}"
      1024,         0,         0,   0.062,standalone_exact_mw,b0cacb7fc707c2734ebeeceefd47b6bd6784bf6b65d0613559eb8dd3ed8bcfbc,"{""distance"":7,""physical_error_rate"":0.0005}","{""detection_events"":1629,""detectors_checked"":829440}"
      1024,         0,         0,   0.075,standalone_exact_mw,b0cacb7fc707c2734ebeeceefd47b6bd6784bf6b65d0613559eb8dd3ed8bcfbc,"{""distance"":7,""physical_error_rate"":0.0005}","{""detection_events"":1666,""detectors_checked"":829440}"
      1024,         0,         0,   0.075,standalone_exact_mw,b0cacb7fc707c2734ebeeceefd47b6bd6784bf6b65d0613559eb8dd3ed8bcfbc,"{""distance"":7,""physical_error_rate"":0.0005}","{""detection_events"":1610,""detectors_checked"":829440}"
      1024,         0,         0,   0.075,standalone_exact_mw,b0cacb7fc707c2734ebeeceefd47b6bd6784bf6b65d0613559eb8dd3ed8bcfbc,"{""distance"":7,""physical_error_rate"":0.0005}","{""detection_events"":1682,""detectors_checked"":829440}"
         1,         0,         0,   0.002,standalone_exact_mw,8e8e16d7b7d10172304dc167922b352ab88e75bca590a4202cfa41b2b9ea2794,"{""distance"":7,""physical_error_rate"":0.0002}","{""detectors_checked"":810}"
      1296,         0,         0,   0.063,standalone_exact_mw,8e8e16d7b7d10172304dc167922b352ab88e75bca590a4202cfa41b2b9ea2794,"{""distance"":7,""physical_error_rate"":0.0002}","{""detection_events"":798,""detectors_checked"":1049760}"
      2048,         0,         0,   0.137,standalone_exact_mw,b0cacb7fc707c2734ebeeceefd47b6bd6784bf6b65d0613559eb8dd3ed8bcfbc,"{""distance"":7,""physical_error_rate"":0.0005}","{""detection_events"":3332,""detectors_checked"":1658880}"
      1024,         0,         0,   0.052,standalone_exact_mw,8e8e16d7b7d10172304dc167922b352ab88e75bca590a4202cfa41b2b9ea2794,"{""distance"":7,""physical_error_rate"":0.0002}","{""detection_events"":685,""detectors_checked"":829440}"
      1024,         0,         0,   0.038,standalone_exact_mw,8e8e16d7b7d10172304dc167922b352ab88e75bca590a4202cfa41b2b9ea2794,"{""distance"":7,""physical_error_rate"":0.0002}","{""detection_events"":639,""detectors_checked"":829440}"
      1024,         0,         0,   0.038,standalone_exact_mw,8e8e16d7b7d10172304dc167922b352ab88e75bca590a4202cfa41b2b9ea2794,"{""distance"":7,""physical_error_rate"":0.0002}","{""detection_events"":587,""detectors_checked"":829440}"
      2048,         0,         0,   0.149,standalone_exact_mw,b0cacb7fc707c2734ebeeceefd47b6bd6784bf6b65d0613559eb8dd3ed8bcfbc,"{""distance"":7,""physical_error_rate"":0.0005}","{""detection_events"":3194,""detectors_checked"":1658880}"
      2048,         0,         0,   0.103,standalone_exact_mw,8e8e16d7b7d10172304dc167922b352ab88e75bca590a4202cfa41b2b9ea2794,"{""distance"":7,""physical_error_rate"":0.0002}","{""detection_events"":1263,""detectors_checked"":1658880}"
     72704,         1,         0,    11.8,standalone_exact_mw,3f3e41bc6b36ed0cfc2fad9d3557a7870f4e21d551182548e920bf13e0232e34,"{""distance"":7,""physical_error_rate"":0.005}","{""detection_events"":1118087,""detectors_checked"":58890240,""obs_mistake_mask=E"":1}"
      2048,         0,         0,   0.104,standalone_exact_mw,8e8e16d7b7d10172304dc167922b352ab88e75bca590a4202cfa41b2b9ea2794,"{""distance"":7,""physical_error_rate"":0.0002}","{""detection_events"":1293,""detectors_checked"":1658880}"
      3072,         0,         0,   0.209,standalone_exact_mw,b0cacb7fc707c2734ebeeceefd47b6bd6784bf6b65d0613559eb8dd3ed8bcfbc,"{""distance"":7,""physical_error_rate"":0.0005}","{""detection_events"":4650,""detectors_checked"":2488320}"
      3072,         0,         0,   0.155,standalone_exact_mw,8e8e16d7b7d10172304dc167922b352ab88e75bca590a4202cfa41b2b9ea2794,"{""distance"":7,""physical_error_rate"":0.0002}","{""detection_events"":1886,""detectors_checked"":2488320}"
      3072,         0,         0,   0.212,standalone_exact_mw,b0cacb7fc707c2734ebeeceefd47b6bd6784bf6b65d0613559eb8dd3ed8bcfbc,"{""distance"":7,""physical_error_rate"":0.0005}","{""detection_events"":4990,""detectors_checked"":2488320}"
      3072,         0,         0,   0.154,standalone_exact_mw,8e8e16d7b7d10172304dc167922b352ab88e75bca590a4202cfa41b2b9ea2794,"{""distance"":7,""physical_error_rate"":0.0002}","{""detection_events"":1860,""detectors_checked"":2488320}"
      5120,         0,         0,   0.264,standalone_exact_mw,8e8e16d7b7d10172304dc167922b352ab88e75bca590a4202cfa41b2b9ea2794,"{""distance"":7,""physical_error_rate"":0.0002}","{""detection_events"":3240,""detectors_checked"":4147200}"
      4096,         0,         0,   0.344,standalone_exact_mw,b0cacb7fc707c2734ebeeceefd47b6bd6784bf6b65d0613559eb8dd3ed8bcfbc,"{""distance"":7,""physical_error_rate"":0.0005}","{""detection_events"":6672,""detectors_checked"":3317760}"
     11264,         0,         0,    1.61,standalone_exact_mw,20c8daca17953576b13a32f59e5f9cb54485b277119f4e6925e9023b8dd1f351,"{""distance"":7,""physical_error_rate"":0.002}","{""detection_events"":70659,""detectors_checked"":9123840}"
      6144,         0,         0,   0.308,standalone_exact_mw,8e8e16d7b7d10172304dc167922b352ab88e75bca590a4202cfa41b2b9ea2794,"{""distance"":7,""physical_error_rate"":0.0002}","{""detection_events"":3801,""detectors_checked"":4976640}"
      4096,         0,         0,   0.416,standalone_exact_mw,b0cacb7fc707c2734ebeeceefd47b6bd6784bf6b65d0613559eb8dd3ed8bcfbc,"{""distance"":7,""physical_error_rate"":0.0005}","{""detection_events"":6446,""detectors_checked"":3317760}"
     87040,         1,         0,    11.9,standalone_exact_mw,20c8daca17953576b13a32f59e5f9cb54485b277119f4e6925e9023b8dd1f351,"{""distance"":7,""physical_error_rate"":0.002}","{""detection_events"":545911,""detectors_checked"":70502400,""obs_mistake_mask=E"":1}"
      6144,         0,         0,   0.465,standalone_exact_mw,8e8e16d7b7d10172304dc167922b352ab88e75bca590a4202cfa41b2b9ea2794,"{""distance"":7,""physical_error_rate"":0.0002}","{""detection_events"":3805,""detectors_checked"":4976640}"
    400384,         2,         0,    88.1,standalone_exact_mw,3f3e41bc6b36ed0cfc2fad9d3557a7870f4e21d551182548e920bf13e0232e34,"{""distance"":7,""physical_error_rate"":0.005}","{""detection_events"":6166469,""detectors_checked"":324311040,""obs_mistake_mask=E"":2}"
      6144,         0,         0,   0.648,standalone_exact_mw,b0cacb7fc707c2734ebeeceefd47b6bd6784bf6b65d0613559eb8dd3ed8bcfbc,"{""distance"":7,""physical_error_rate"":0.0005}","{""detection_events"":9931,""detectors_checked"":4976640}"
    746496,         0,         0,    88.1,standalone_exact_mw,c63d9dbf283cbe8d7d2c9891770aca900c170ab5c3de0408fa399997170cec3d,"{""distance"":7,""physical_error_rate"":0.001}","{""detection_events"":2351297,""detectors_checked"":604661760}"
      8192,         0,         0,   0.617,standalone_exact_mw,8e8e16d7b7d10172304dc167922b352ab88e75bca590a4202cfa41b2b9ea2794,"{""distance"":7,""physical_error_rate"":0.0002}","{""detection_events"":5122,""detectors_checked"":6635520}"
      8192,         0,         0,   0.780,standalone_exact_mw,b0cacb7fc707c2734ebeeceefd47b6bd6784bf6b65d0613559eb8dd3ed8bcfbc,"{""distance"":7,""physical_error_rate"":0.0005}","{""detection_events"":13316,""detectors_checked"":6635520}"
     14336,         0,         0,   0.819,standalone_exact_mw,8e8e16d7b7d10172304dc167922b352ab88e75bca590a4202cfa41b2b9ea2794,"{""distance"":7,""physical_error_rate"":0.0002}","{""detection_events"":9187,""detectors_checked"":11612160}"
     18432,         0,         0,    2.30,standalone_exact_mw,20c8daca17953576b13a32f59e5f9cb54485b277119f4e6925e9023b8dd1f351,"{""distance"":7,""physical_error_rate"":0.002}","{""detection_events"":116659,""detectors_checked"":14929920}"
     16384,         0,         0,    1.12,standalone_exact_mw,b0cacb7fc707c2734ebeeceefd47b6bd6784bf6b65d0613559eb8dd3ed8bcfbc,"{""distance"":7,""physical_error_rate"":0.0005}","{""detection_events"":25269,""detectors_checked"":13271040}"
     22528,         0,         0,    1.12,standalone_exact_mw,8e8e16d7b7d10172304dc167922b352ab88e75bca590a4202cfa41b2b9ea2794,"{""distance"":7,""physical_error_rate"":0.0002}","{""detection_events"":14377,""detectors_checked"":18247680}"
     22528,         0,         0,    1.55,standalone_exact_mw,b0cacb7fc707c2734ebeeceefd47b6bd6784bf6b65d0613559eb8dd3ed8bcfbc,"{""distance"":7,""physical_error_rate"":0.0005}","{""detection_events"":35437,""detectors_checked"":18247680}"
   1785856,         0,         0,   119.9,standalone_exact_mw,20c8daca17953576b13a32f59e5f9cb54485b277119f4e6925e9023b8dd1f351,"{""distance"":7,""physical_error_rate"":0.002}","{""detection_events"":11190131,""detectors_checked"":1446543360}"
     31744,         0,         0,    1.57,standalone_exact_mw,8e8e16d7b7d10172304dc167922b352ab88e75bca590a4202cfa41b2b9ea2794,"{""distance"":7,""physical_error_rate"":0.0002}","{""detection_events"":20183,""detectors_checked"":25712640}"
     75776,         0,         0,    8.38,standalone_exact_mw,c63d9dbf283cbe8d7d2c9891770aca900c170ab5c3de0408fa399997170cec3d,"{""distance"":7,""physical_error_rate"":0.001}","{""detection_events"":239190,""detectors_checked"":61378560}"
     17408,         0,         0,    3.13,standalone_exact_mw,20c8daca17953576b13a32f59e5f9cb54485b277119f4e6925e9023b8dd1f351,"{""distance"":7,""physical_error_rate"":0.002}","{""detection_events"":109051,""detectors_checked"":14100480}"
     31744,         0,         0,    2.23,standalone_exact_mw,b0cacb7fc707c2734ebeeceefd47b6bd6784bf6b65d0613559eb8dd3ed8bcfbc,"{""distance"":7,""physical_error_rate"":0.0005}","{""detection_events"":50073,""detectors_checked"":25712640}"
     38912,         0,         0,    2.25,standalone_exact_mw,8e8e16d7b7d10172304dc167922b352ab88e75bca590a4202cfa41b2b9ea2794,"{""distance"":7,""physical_error_rate"":0.0002}","{""detection_events"":24421,""detectors_checked"":31518720}"
    242688,         0,         0,    22.9,standalone_exact_mw,c63d9dbf283cbe8d7d2c9891770aca900c170ab5c3de0408fa399997170cec3d,"{""distance"":7,""physical_error_rate"":0.001}","{""detection_events"":762741,""detectors_checked"":196577280}"
    455680,         0,         0,    23.0,standalone_exact_mw,8e8e16d7b7d10172304dc167922b352ab88e75bca590a4202cfa41b2b9ea2794,"{""distance"":7,""physical_error_rate"":0.0002}","{""detection_events"":288356,""detectors_checked"":369100800}"
     43008,         0,         0,    3.06,standalone_exact_mw,b0cacb7fc707c2734ebeeceefd47b6bd6784bf6b65d0613559eb8dd3ed8bcfbc,"{""distance"":7,""physical_error_rate"":0.0005}","{""detection_events"":68034,""detectors_checked"":34836480}"
     28672,         0,         0,    4.40,standalone_exact_mw,20c8daca17953576b13a32f59e5f9cb54485b277119f4e6925e9023b8dd1f351,"{""distance"":7,""physical_error_rate"":0.002}","{""detection_events"":180273,""detectors_checked"":23224320}"
    492544,         7,         0,    88.4,standalone_exact_mw,3f3e41bc6b36ed0cfc2fad9d3557a7870f4e21d551182548e920bf13e0232e34,"{""distance"":7,""physical_error_rate"":0.005}","{""detection_events"":7583309,""detectors_checked"":398960640,""obs_mistake_mask=E"":7}"
     43008,         0,         0,    3.05,standalone_exact_mw,8e8e16d7b7d10172304dc167922b352ab88e75bca590a4202cfa41b2b9ea2794,"{""distance"":7,""physical_error_rate"":0.0002}","{""detection_events"":27345,""detectors_checked"":34836480}"
   4807680,         0,         0,   119.8,standalone_exact_mw,8e8e16d7b7d10172304dc167922b352ab88e75bca590a4202cfa41b2b9ea2794,"{""distance"":7,""physical_error_rate"":0.0002}","{""detection_events"":3045267,""detectors_checked"":3894220800}"
   2680832,         0,         0,   119.6,standalone_exact_mw,8e8e16d7b7d10172304dc167922b352ab88e75bca590a4202cfa41b2b9ea2794,"{""distance"":7,""physical_error_rate"":0.0002}","{""detection_events"":1702186,""detectors_checked"":2171473920}"
    818176,         4,         0,   120.0,standalone_exact_mw,3f3e41bc6b36ed0cfc2fad9d3557a7870f4e21d551182548e920bf13e0232e34,"{""distance"":7,""physical_error_rate"":0.005}","{""detection_events"":12596775,""detectors_checked"":662722560,""obs_mistake_mask=E"":4}"
    803840,         0,         0,   119.7,standalone_exact_mw,b0cacb7fc707c2734ebeeceefd47b6bd6784bf6b65d0613559eb8dd3ed8bcfbc,"{""distance"":7,""physical_error_rate"":0.0005}","{""detection_events"":1269478,""detectors_checked"":651110400}"
     59392,         0,         0,    4.27,standalone_exact_mw,b0cacb7fc707c2734ebeeceefd47b6bd6784bf6b65d0613559eb8dd3ed8bcfbc,"{""distance"":7,""physical_error_rate"":0.0005}","{""detection_events"":93570,""detectors_checked"":48107520}"
     86016,         0,         0,    4.27,standalone_exact_mw,8e8e16d7b7d10172304dc167922b352ab88e75bca590a4202cfa41b2b9ea2794,"{""distance"":7,""physical_error_rate"":0.0002}","{""detection_events"":54490,""detectors_checked"":69672960}"
    838656,         0,         0,    88.1,standalone_exact_mw,c63d9dbf283cbe8d7d2c9891770aca900c170ab5c3de0408fa399997170cec3d,"{""distance"":7,""physical_error_rate"":0.001}","{""detection_events"":2641386,""detectors_checked"":679311360}"
     99328,         0,         0,    16.5,standalone_exact_mw,3f3e41bc6b36ed0cfc2fad9d3557a7870f4e21d551182548e920bf13e0232e34,"{""distance"":7,""physical_error_rate"":0.005}","{""detection_events"":1526387,""detectors_checked"":80455680}"
     44032,         0,         0,    6.11,standalone_exact_mw,20c8daca17953576b13a32f59e5f9cb54485b277119f4e6925e9023b8dd1f351,"{""distance"":7,""physical_error_rate"":0.002}","{""detection_events"":275708,""detectors_checked"":35665920}"
    135168,         0,         0,    23.1,standalone_exact_mw,3f3e41bc6b36ed0cfc2fad9d3557a7870f4e21d551182548e920bf13e0232e34,"{""distance"":7,""physical_error_rate"":0.005}","{""detection_events"":2082679,""detectors_checked"":109486080}"
     74752,         0,         0,    16.5,standalone_exact_mw,20c8daca17953576b13a32f59e5f9cb54485b277119f4e6925e9023b8dd1f351,"{""distance"":7,""physical_error_rate"":0.002}","{""detection_events"":468518,""detectors_checked"":60549120}"
    119808,         0,         0,    11.8,standalone_exact_mw,c63d9dbf283cbe8d7d2c9891770aca900c170ab5c3de0408fa399997170cec3d,"{""distance"":7,""physical_error_rate"":0.001}","{""detection_events"":376268,""detectors_checked"":97044480}"
    576512,         2,         0,   120.0,standalone_exact_mw,3f3e41bc6b36ed0cfc2fad9d3557a7870f4e21d551182548e920bf13e0232e34,"{""distance"":7,""physical_error_rate"":0.005}","{""detection_events"":8880215,""detectors_checked"":466974720,""obs_mistake_mask=E"":2}"
     82944,         0,         0,    5.97,standalone_exact_mw,b0cacb7fc707c2734ebeeceefd47b6bd6784bf6b65d0613559eb8dd3ed8bcfbc,"{""distance"":7,""physical_error_rate"":0.0005}","{""detection_events"":130973,""detectors_checked"":67184640}"
    118784,         0,         0,    6.01,standalone_exact_mw,8e8e16d7b7d10172304dc167922b352ab88e75bca590a4202cfa41b2b9ea2794,"{""distance"":7,""physical_error_rate"":0.0002}","{""detection_events"":75629,""detectors_checked"":96215040}"
    866304,         0,         0,    88.1,standalone_exact_mw,b0cacb7fc707c2734ebeeceefd47b6bd6784bf6b65d0613559eb8dd3ed8bcfbc,"{""distance"":7,""physical_error_rate"":0.0005}","{""detection_events"":1368486,""detectors_checked"":701706240}"
   1704960,         0,         0,   119.7,standalone_exact_mw,b0cacb7fc707c2734ebeeceefd47b6bd6784bf6b65d0613559eb8dd3ed8bcfbc,"{""distance"":7,""physical_error_rate"":0.0005}","{""detection_events"":2695218,""detectors_checked"":1381017600}"
   1311744,         0,         0,   119.8,standalone_exact_mw,b0cacb7fc707c2734ebeeceefd47b6bd6784bf6b65d0613559eb8dd3ed8bcfbc,"{""distance"":7,""physical_error_rate"":0.0005}","{""detection_events"":2075213,""detectors_checked"":1062512640}"
     54272,         0,         0,    8.46,standalone_exact_mw,20c8daca17953576b13a32f59e5f9cb54485b277119f4e6925e9023b8dd1f351,"{""distance"":7,""physical_error_rate"":0.002}","{""detection_events"":339040,""detectors_checked"":43960320}"
    523264,         0,         0,    88.1,standalone_exact_mw,20c8daca17953576b13a32f59e5f9cb54485b277119f4e6925e9023b8dd1f351,"{""distance"":7,""physical_error_rate"":0.002}","{""detection_events"":3278009,""detectors_checked"":423843840}"
     88064,         0,         0,    8.35,standalone_exact_mw,b0cacb7fc707c2734ebeeceefd47b6bd6784bf6b65d0613559eb8dd3ed8bcfbc,"{""distance"":7,""physical_error_rate"":0.0005}","{""detection_events"":139179,""detectors_checked"":71331840}"
    156672,         0,         0,    8.35,standalone_exact_mw,8e8e16d7b7d10172304dc167922b352ab88e75bca590a4202cfa41b2b9ea2794,"{""distance"":7,""physical_error_rate"":0.0002}","{""detection_events"":98591,""detectors_checked"":126904320}"
    165888,         0,         0,    16.4,standalone_exact_mw,c63d9dbf283cbe8d7d2c9891770aca900c170ab5c3de0408fa399997170cec3d,"{""distance"":7,""physical_error_rate"":0.001}","{""detection_events"":520666,""detectors_checked"":134369280}"
   2130944,         0,         0,   119.7,standalone_exact_mw,8e8e16d7b7d10172304dc167922b352ab88e75bca590a4202cfa41b2b9ea2794,"{""distance"":7,""physical_error_rate"":0.0002}","{""detection_events"":1351782,""detectors_checked"":1726064640}"
   1028096,         0,         0,   119.8,standalone_exact_mw,b0cacb7fc707c2734ebeeceefd47b6bd6784bf6b65d0613559eb8dd3ed8bcfbc,"{""distance"":7,""physical_error_rate"":0.0005}","{""detection_events"":1625692,""detectors_checked"":832757760}"
     63488,         0,         0,    11.8,standalone_exact_mw,20c8daca17953576b13a32f59e5f9cb54485b277119f4e6925e9023b8dd1f351,"{""distance"":7,""physical_error_rate"":0.002}","{""detection_events"":396578,""detectors_checked"":51425280}"
    920576,         0,         0,   119.9,standalone_exact_mw,c63d9dbf283cbe8d7d2c9891770aca900c170ab5c3de0408fa399997170cec3d,"{""distance"":7,""physical_error_rate"":0.001}","{""detection_events"":2900010,""detectors_checked"":745666560}"
    135168,         0,         0,    23.0,standalone_exact_mw,3f3e41bc6b36ed0cfc2fad9d3557a7870f4e21d551182548e920bf13e0232e34,"{""distance"":7,""physical_error_rate"":0.005}","{""detection_events"":2081257,""detectors_checked"":109486080}"
    401408,         0,         0,    32.1,standalone_exact_mw,c63d9dbf283cbe8d7d2c9891770aca900c170ab5c3de0408fa399997170cec3d,"{""distance"":7,""physical_error_rate"":0.001}","{""detection_events"":1263420,""detectors_checked"":325140480}"
    736256,         0,         0,    32.0,standalone_exact_mw,8e8e16d7b7d10172304dc167922b352ab88e75bca590a4202cfa41b2b9ea2794,"{""distance"":7,""physical_error_rate"":0.0002}","{""detection_events"":467731,""detectors_checked"":596367360}"
    143360,         0,         0,    23.0,standalone_exact_mw,20c8daca17953576b13a32f59e5f9cb54485b277119f4e6925e9023b8dd1f351,"{""distance"":7,""physical_error_rate"":0.002}","{""detection_events"":898790,""detectors_checked"":116121600}"
     80896,         0,         0,    11.8,standalone_exact_mw,b0cacb7fc707c2734ebeeceefd47b6bd6784bf6b65d0613559eb8dd3ed8bcfbc,"{""distance"":7,""physical_error_rate"":0.0005}","{""detection_events"":128195,""detectors_checked"":65525760}"
    223232,         0,         0,    11.7,standalone_exact_mw,8e8e16d7b7d10172304dc167922b352ab88e75bca590a4202cfa41b2b9ea2794,"{""distance"":7,""physical_error_rate"":0.0002}","{""detection_events"":140977,""detectors_checked"":180817920}"
   2553856,         0,         0,   119.9,standalone_exact_mw,c63d9dbf283cbe8d7d2c9891770aca900c170ab5c3de0408fa399997170cec3d,"{""distance"":7,""physical_error_rate"":0.001}","{""detection_events"":8053473,""detectors_checked"":2068623360}"
   2247680,         0,         0,   119.9,standalone_exact_mw,c63d9dbf283cbe8d7d2c9891770aca900c170ab5c3de0408fa399997170cec3d,"{""distance"":7,""physical_error_rate"":0.001}","{""detection_events"":7085146,""detectors_checked"":1820620800}"
    224256,         0,         0,    32.2,standalone_exact_mw,3f3e41bc6b36ed0cfc2fad9d3557a7870f4e21d551182548e920bf13e0232e34,"{""distance"":7,""physical_error_rate"":0.005}","{""detection_events"":3452577,""detectors_checked"":181647360}"
    841728,         0,         0,    88.2,standalone_exact_mw,c63d9dbf283cbe8d7d2c9891770aca900c170ab5c3de0408fa399997170cec3d,"{""distance"":7,""physical_error_rate"":0.001}","{""detection_events"":2652316,""detectors_checked"":681799680}"
    729088,         0,         0,   120.0,standalone_exact_mw,20c8daca17953576b13a32f59e5f9cb54485b277119f4e6925e9023b8dd1f351,"{""distance"":7,""physical_error_rate"":0.002}","{""detection_events"":4565573,""detectors_checked"":590561280}"
   4509696,         0,         0,   119.8,standalone_exact_mw,8e8e16d7b7d10172304dc167922b352ab88e75bca590a4202cfa41b2b9ea2794,"{""distance"":7,""physical_error_rate"":0.0002}","{""detection_events"":2853980,""detectors_checked"":3652853760}"
   4902912,         0,         0,   119.8,standalone_exact_mw,8e8e16d7b7d10172304dc167922b352ab88e75bca590a4202cfa41b2b9ea2794,"{""distance"":7,""physical_error_rate"":0.0002}","{""detection_events"":3106968,""detectors_checked"":3971358720}"
     86016,         0,         0,    16.5,standalone_exact_mw,20c8daca17953576b13a32f59e5f9cb54485b277119f4e6925e9023b8dd1f351,"{""distance"":7,""physical_error_rate"":0.002}","{""detection_events"":538489,""detectors_checked"":69672960}"
   2105344,         0,         0,   119.7,standalone_exact_mw,8e8e16d7b7d10172304dc167922b352ab88e75bca590a4202cfa41b2b9ea2794,"{""distance"":7,""physical_error_rate"":0.0002}","{""detection_events"":1335053,""detectors_checked"":1705328640}"
    932864,         0,         0,   119.9,standalone_exact_mw,20c8daca17953576b13a32f59e5f9cb54485b277119f4e6925e9023b8dd1f351,"{""distance"":7,""physical_error_rate"":0.002}","{""detection_events"":5846953,""detectors_checked"":755619840}"
   1383424,         0,         0,   119.9,standalone_exact_mw,b0cacb7fc707c2734ebeeceefd47b6bd6784bf6b65d0613559eb8dd3ed8bcfbc,"{""distance"":7,""physical_error_rate"":0.0005}","{""detection_events"":2188954,""detectors_checked"":1120573440}"
   3243008,         0,         0,   119.9,standalone_exact_mw,b0cacb7fc707c2734ebeeceefd47b6bd6784bf6b65d0613559eb8dd3ed8bcfbc,"{""distance"":7,""physical_error_rate"":0.0005}","{""detection_events"":5135518,""detectors_checked"":2626836480}"
   1639424,         0,         0,   119.8,standalone_exact_mw,b0cacb7fc707c2734ebeeceefd47b6bd6784bf6b65d0613559eb8dd3ed8bcfbc,"{""distance"":7,""physical_error_rate"":0.0005}","{""detection_events"":2592140,""detectors_checked"":1327933440}"
    156672,         0,         0,    16.4,standalone_exact_mw,b0cacb7fc707c2734ebeeceefd47b6bd6784bf6b65d0613559eb8dd3ed8bcfbc,"{""distance"":7,""physical_error_rate"":0.0005}","{""detection_events"":246848,""detectors_checked"":126904320}"
    175104,         0,         0,    23.2,standalone_exact_mw,c63d9dbf283cbe8d7d2c9891770aca900c170ab5c3de0408fa399997170cec3d,"{""distance"":7,""physical_error_rate"":0.001}","{""detection_events"":552865,""detectors_checked"":141834240}"
    309248,         0,         0,    16.4,standalone_exact_mw,8e8e16d7b7d10172304dc167922b352ab88e75bca590a4202cfa41b2b9ea2794,"{""distance"":7,""physical_error_rate"":0.0002}","{""detection_events"":196445,""detectors_checked"":250490880}"
    714752,         6,         0,   119.9,standalone_exact_mw,3f3e41bc6b36ed0cfc2fad9d3557a7870f4e21d551182548e920bf13e0232e34,"{""distance"":7,""physical_error_rate"":0.005}","{""detection_events"":11002077,""detectors_checked"":578949120,""obs_mistake_mask=E"":6}"
   1828864,         0,         0,    62.9,standalone_exact_mw,b0cacb7fc707c2734ebeeceefd47b6bd6784bf6b65d0613559eb8dd3ed8bcfbc,"{""distance"":7,""physical_error_rate"":0.0005}","{""detection_events"":2889291,""detectors_checked"":1481379840}"
   4086784,         0,         0,   119.8,standalone_exact_mw,8e8e16d7b7d10172304dc167922b352ab88e75bca590a4202cfa41b2b9ea2794,"{""distance"":7,""physical_error_rate"":0.0002}","{""detection_events"":2589795,""detectors_checked"":3310295040}"
   1062912,         0,         0,   119.8,standalone_exact_mw,20c8daca17953576b13a32f59e5f9cb54485b277119f4e6925e9023b8dd1f351,"{""distance"":7,""physical_error_rate"":0.002}","{""detection_events"":6660831,""detectors_checked"":860958720}"
    508928,         2,         0,   120.1,standalone_exact_mw,3f3e41bc6b36ed0cfc2fad9d3557a7870f4e21d551182548e920bf13e0232e34,"{""distance"":7,""physical_error_rate"":0.005}","{""detection_events"":7832526,""detectors_checked"":412231680,""obs_mistake_mask=E"":2}"
   2314240,         0,         0,   120.0,standalone_exact_mw,c63d9dbf283cbe8d7d2c9891770aca900c170ab5c3de0408fa399997170cec3d,"{""distance"":7,""physical_error_rate"":0.001}","{""detection_events"":7292342,""detectors_checked"":1874534400}"
    790528,         0,         0,   120.1,standalone_exact_mw,20c8daca17953576b13a32f59e5f9cb54485b277119f4e6925e9023b8dd1f351,"{""distance"":7,""physical_error_rate"":0.002}","{""detection_events"":4952844,""detectors_checked"":640327680}"
    831488,         4,         0,   119.9,standalone_exact_mw,3f3e41bc6b36ed0cfc2fad9d3557a7870f4e21d551182548e920bf13e0232e34,"{""distance"":7,""physical_error_rate"":0.005}","{""detection_events"":12801760,""detectors_checked"":673505280,""obs_mistake_mask=E"":4}"
   1231872,         0,         0,   119.8,standalone_exact_mw,c63d9dbf283cbe8d7d2c9891770aca900c170ab5c3de0408fa399997170cec3d,"{""distance"":7,""physical_error_rate"":0.001}","{""detection_events"":3881723,""detectors_checked"":997816320}"
    791552,         0,         0,   120.0,standalone_exact_mw,20c8daca17953576b13a32f59e5f9cb54485b277119f4e6925e9023b8dd1f351,"{""distance"":7,""physical_error_rate"":0.002}","{""detection_events"":4957719,""detectors_checked"":641157120}"
   1712128,         0,         0,   120.0,standalone_exact_mw,20c8daca17953576b13a32f59e5f9cb54485b277119f4e6925e9023b8dd1f351,"{""distance"":7,""physical_error_rate"":0.002}","{""detection_events"":10724323,""detectors_checked"":1386823680}"
   3106816,         0,         0,   119.9,standalone_exact_mw,b0cacb7fc707c2734ebeeceefd47b6bd6784bf6b65d0613559eb8dd3ed8bcfbc,"{""distance"":7,""physical_error_rate"":0.0005}","{""detection_events"":4918363,""detectors_checked"":2516520960}"
    606208,         0,         0,   120.0,standalone_exact_mw,3f3e41bc6b36ed0cfc2fad9d3557a7870f4e21d551182548e920bf13e0232e34,"{""distance"":7,""physical_error_rate"":0.005}","{""detection_events"":9331093,""detectors_checked"":491028480}"
    204800,         2,         0,    32.3,standalone_exact_mw,3f3e41bc6b36ed0cfc2fad9d3557a7870f4e21d551182548e920bf13e0232e34,"{""distance"":7,""physical_error_rate"":0.005}","{""detection_events"":3153536,""detectors_checked"":165888000,""obs_mistake_mask=E"":2}"
    224256,         0,         0,    32.2,standalone_exact_mw,20c8daca17953576b13a32f59e5f9cb54485b277119f4e6925e9023b8dd1f351,"{""distance"":7,""physical_error_rate"":0.002}","{""detection_events"":1404311,""detectors_checked"":181647360}"
    130048,         0,         0,    23.1,standalone_exact_mw,20c8daca17953576b13a32f59e5f9cb54485b277119f4e6925e9023b8dd1f351,"{""distance"":7,""physical_error_rate"":0.002}","{""detection_events"":817725,""detectors_checked"":105338880}"
    610304,         2,         0,   119.9,standalone_exact_mw,3f3e41bc6b36ed0cfc2fad9d3557a7870f4e21d551182548e920bf13e0232e34,"{""distance"":7,""physical_error_rate"":0.005}","{""detection_events"":9394458,""detectors_checked"":494346240,""obs_mistake_mask=E"":2}"
    536576,         0,         0,    88.0,standalone_exact_mw,20c8daca17953576b13a32f59e5f9cb54485b277119f4e6925e9023b8dd1f351,"{""distance"":7,""physical_error_rate"":0.002}","{""detection_events"":3361155,""detectors_checked"":434626560}"
   1239040,         0,         0,   119.9,standalone_exact_mw,b0cacb7fc707c2734ebeeceefd47b6bd6784bf6b65d0613559eb8dd3ed8bcfbc,"{""distance"":7,""physical_error_rate"":0.0005}","{""detection_events"":1957204,""detectors_checked"":1003622400}"
    220160,         0,         0,    23.0,standalone_exact_mw,b0cacb7fc707c2734ebeeceefd47b6bd6784bf6b65d0613559eb8dd3ed8bcfbc,"{""distance"":7,""physical_error_rate"":0.0005}","{""detection_events"":348422,""detectors_checked"":178329600}"
    448512,         0,         0,    23.0,standalone_exact_mw,8e8e16d7b7d10172304dc167922b352ab88e75bca590a4202cfa41b2b9ea2794,"{""distance"":7,""physical_error_rate"":0.0002}","{""detection_events"":283248,""detectors_checked"":363294720}"
    632832,         0,         0,   120.0,standalone_exact_mw,20c8daca17953576b13a32f59e5f9cb54485b277119f4e6925e9023b8dd1f351,"{""distance"":7,""physical_error_rate"":0.002}","{""detection_events"":3962237,""detectors_checked"":512593920}"
   4864000,         0,         0,   119.8,standalone_exact_mw,8e8e16d7b7d10172304dc167922b352ab88e75bca590a4202cfa41b2b9ea2794,"{""distance"":7,""physical_error_rate"":0.0002}","{""detection_events"":3080631,""detectors_checked"":3939840000}"
    478208,         0,         0,    45.0,standalone_exact_mw,c63d9dbf283cbe8d7d2c9891770aca900c170ab5c3de0408fa399997170cec3d,"{""distance"":7,""physical_error_rate"":0.001}","{""detection_events"":1507624,""detectors_checked"":387348480}"
    887808,         0,         0,    44.9,standalone_exact_mw,8e8e16d7b7d10172304dc167922b352ab88e75bca590a4202cfa41b2b9ea2794,"{""distance"":7,""physical_error_rate"":0.0002}","{""detection_events"":562986,""detectors_checked"":719124480}"
    142336,         0,         0,    32.2,standalone_exact_mw,c63d9dbf283cbe8d7d2c9891770aca900c170ab5c3de0408fa399997170cec3d,"{""distance"":7,""physical_error_rate"":0.001}","{""detection_events"":449273,""detectors_checked"":115292160}"
   1075200,         0,         0,   119.9,standalone_exact_mw,c63d9dbf283cbe8d7d2c9891770aca900c170ab5c3de0408fa399997170cec3d,"{""distance"":7,""physical_error_rate"":0.001}","{""detection_events"":3381551,""detectors_checked"":870912000}"
    309248,         2,         0,    45.1,standalone_exact_mw,3f3e41bc6b36ed0cfc2fad9d3557a7870f4e21d551182548e920bf13e0232e34,"{""distance"":7,""physical_error_rate"":0.005}","{""detection_events"":4754445,""detectors_checked"":250490880,""obs_mistake_mask=E"":2}"
   1028096,         0,         0,   119.9,standalone_exact_mw,c63d9dbf283cbe8d7d2c9891770aca900c170ab5c3de0408fa399997170cec3d,"{""distance"":7,""physical_error_rate"":0.001}","{""detection_events"":3241312,""detectors_checked"":832757760}"
   1127424,         0,         0,   119.8,standalone_exact_mw,c63d9dbf283cbe8d7d2c9891770aca900c170ab5c3de0408fa399997170cec3d,"{""distance"":7,""physical_error_rate"":0.001}","{""detection_events"":3546541,""detectors_checked"":913213440}"
   1584128,         6,         0,   119.9,standalone_exact_mw,3f3e41bc6b36ed0cfc2fad9d3557a7870f4e21d551182548e920bf13e0232e34,"{""distance"":7,""physical_error_rate"":0.005}","{""detection_events"":24375247,""detectors_checked"":1283143680,""obs_mistake_mask=E"":6}"
    649216,         0,         0,   119.8,standalone_exact_mw,20c8daca17953576b13a32f59e5f9cb54485b277119f4e6925e9023b8dd1f351,"{""distance"":7,""physical_error_rate"":0.002}","{""detection_events"":4075303,""detectors_checked"":525864960}"
   1321984,         0,         0,   119.8,standalone_exact_mw,b0cacb7fc707c2734ebeeceefd47b6bd6784bf6b65d0613559eb8dd3ed8bcfbc,"{""distance"":7,""physical_error_rate"":0.0005}","{""detection_events"":2088581,""detectors_checked"":1070807040}"
   4815872,         0,         0,   119.8,standalone_exact_mw,8e8e16d7b7d10172304dc167922b352ab88e75bca590a4202cfa41b2b9ea2794,"{""distance"":7,""physical_error_rate"":0.0002}","{""detection_events"":3046015,""detectors_checked"":3900856320}"
    173056,         0,         0,    32.2,standalone_exact_mw,20c8daca17953576b13a32f59e5f9cb54485b277119f4e6925e9023b8dd1f351,"{""distance"":7,""physical_error_rate"":0.002}","{""detection_events"":1085714,""detectors_checked"":140175360}"
   1389568,         0,         0,   119.8,standalone_exact_mw,8e8e16d7b7d10172304dc167922b352ab88e75bca590a4202cfa41b2b9ea2794,"{""distance"":7,""physical_error_rate"":0.0002}","{""detection_events"":879915,""detectors_checked"":1125550080}"
    308224,         0,         0,    32.1,standalone_exact_mw,b0cacb7fc707c2734ebeeceefd47b6bd6784bf6b65d0613559eb8dd3ed8bcfbc,"{""distance"":7,""physical_error_rate"":0.0005}","{""detection_events"":487135,""detectors_checked"":249661440}"
    577536,         0,         0,    32.1,standalone_exact_mw,8e8e16d7b7d10172304dc167922b352ab88e75bca590a4202cfa41b2b9ea2794,"{""distance"":7,""physical_error_rate"":0.0002}","{""detection_events"":365608,""detectors_checked"":467804160}"
   2007040,         0,         0,   119.6,standalone_exact_mw,8e8e16d7b7d10172304dc167922b352ab88e75bca590a4202cfa41b2b9ea2794,"{""distance"":7,""physical_error_rate"":0.0002}","{""detection_events"":1270871,""detectors_checked"":1625702400}"
    285696,         1,         0,    45.0,standalone_exact_mw,3f3e41bc6b36ed0cfc2fad9d3557a7870f4e21d551182548e920bf13e0232e34,"{""distance"":7,""physical_error_rate"":0.005}","{""detection_events"":4396248,""detectors_checked"":231413760,""obs_mistake_mask=E"":1}"
    238592,         0,         0,    45.4,standalone_exact_mw,20c8daca17953576b13a32f59e5f9cb54485b277119f4e6925e9023b8dd1f351,"{""distance"":7,""physical_error_rate"":0.002}","{""detection_events"":1495288,""detectors_checked"":193259520}"
    649216,         1,         0,   120.0,standalone_exact_mw,3f3e41bc6b36ed0cfc2fad9d3557a7870f4e21d551182548e920bf13e0232e34,"{""distance"":7,""physical_error_rate"":0.005}","{""detection_events"":9985950,""detectors_checked"":525864960,""obs_mistake_mask=E"":1}"
    910336,         0,         0,   119.9,standalone_exact_mw,c63d9dbf283cbe8d7d2c9891770aca900c170ab5c3de0408fa399997170cec3d,"{""distance"":7,""physical_error_rate"":0.001}","{""detection_events"":2870370,""detectors_checked"":737372160}"
   1907712,         0,         0,   119.9,standalone_exact_mw,20c8daca17953576b13a32f59e5f9cb54485b277119f4e6925e9023b8dd1f351,"{""distance"":7,""physical_error_rate"":0.002}","{""detection_events"":11962298,""detectors_checked"":1545246720}"
    646144,         2,         0,   120.0,standalone_exact_mw,3f3e41bc6b36ed0cfc2fad9d3557a7870f4e21d551182548e920bf13e0232e34,"{""distance"":7,""physical_error_rate"":0.005}","{""detection_events"":9947057,""detectors_checked"":523376640,""obs_mistake_mask=E"":2}"
   4805632,         0,         0,   119.8,standalone_exact_mw,8e8e16d7b7d10172304dc167922b352ab88e75bca590a4202cfa41b2b9ea2794,"{""distance"":7,""physical_error_rate"":0.0002}","{""detection_events"":3048092,""detectors_checked"":3892561920}"
   2580480,         0,         0,   119.6,standalone_exact_mw,8e8e16d7b7d10172304dc167922b352ab88e75bca590a4202cfa41b2b9ea2794,"{""distance"":7,""physical_error_rate"":0.0002}","{""detection_events"":1632931,""detectors_checked"":2090188800}"
    811008,         4,         0,   120.0,standalone_exact_mw,3f3e41bc6b36ed0cfc2fad9d3557a7870f4e21d551182548e920bf13e0232e34,"{""distance"":7,""physical_error_rate"":0.005}","{""detection_events"":12490712,""detectors_checked"":656916480,""obs_mistake_mask=E"":4}"
    826368,         0,         0,   119.9,standalone_exact_mw,b0cacb7fc707c2734ebeeceefd47b6bd6784bf6b65d0613559eb8dd3ed8bcfbc,"{""distance"":7,""physical_error_rate"":0.0005}","{""detection_events"":1304036,""detectors_checked"":669358080}"
    238592,         0,         0,    45.1,standalone_exact_mw,c63d9dbf283cbe8d7d2c9891770aca900c170ab5c3de0408fa399997170cec3d,"{""distance"":7,""physical_error_rate"":0.001}","{""detection_events"":753972,""detectors_checked"":193259520}"
   1127424,         0,         0,   119.9,standalone_exact_mw,c63d9dbf283cbe8d7d2c9891770aca900c170ab5c3de0408fa399997170cec3d,"{""distance"":7,""physical_error_rate"":0.001}","{""detection_events"":3558766,""detectors_checked"":913213440}"
    615424,         4,         0,   120.0,standalone_exact_mw,3f3e41bc6b36ed0cfc2fad9d3557a7870f4e21d551182548e920bf13e0232e34,"{""distance"":7,""physical_error_rate"":0.005}","{""detection_events"":9477187,""detectors_checked"":498493440,""obs_mistake_mask=E"":4}"
   1440768,         0,         0,   119.9,standalone_exact_mw,b0cacb7fc707c2734ebeeceefd47b6bd6784bf6b65d0613559eb8dd3ed8bcfbc,"{""distance"":7,""physical_error_rate"":0.0005}","{""detection_events"":2276977,""detectors_checked"":1167022080}"
   1690624,         0,         0,   119.7,standalone_exact_mw,b0cacb7fc707c2734ebeeceefd47b6bd6784bf6b65d0613559eb8dd3ed8bcfbc,"{""distance"":7,""physical_error_rate"":0.0005}","{""detection_events"":2668102,""detectors_checked"":1369405440}"
   1191936,         0,         0,   119.8,standalone_exact_mw,b0cacb7fc707c2734ebeeceefd47b6bd6784bf6b65d0613559eb8dd3ed8bcfbc,"{""distance"":7,""physical_error_rate"":0.0005}","{""detection_events"":1878525,""detectors_checked"":965468160}"
    827392,         0,         0,   120.0,standalone_exact_mw,20c8daca17953576b13a32f59e5f9cb54485b277119f4e6925e9023b8dd1f351,"{""distance"":7,""physical_error_rate"":0.002}","{""detection_events"":5185372,""detectors_checked"":670187520}"
    781312,         0,         0,    62.9,standalone_exact_mw,c63d9dbf283cbe8d7d2c9891770aca900c170ab5c3de0408fa399997170cec3d,"{""distance"":7,""physical_error_rate"":0.001}","{""detection_events"":2461186,""detectors_checked"":632862720}"
   2557952,         0,         0,    88.1,standalone_exact_mw,b0cacb7fc707c2734ebeeceefd47b6bd6784bf6b65d0613559eb8dd3ed8bcfbc,"{""distance"":7,""physical_error_rate"":0.0005}","{""detection_events"":4041892,""detectors_checked"":2071941120}"
   1254400,         0,         0,    62.9,standalone_exact_mw,8e8e16d7b7d10172304dc167922b352ab88e75bca590a4202cfa41b2b9ea2794,"{""distance"":7,""physical_error_rate"":0.0002}","{""detection_events"":794109,""detectors_checked"":1016064000}"
    288768,         0,         0,    44.9,standalone_exact_mw,20c8daca17953576b13a32f59e5f9cb54485b277119f4e6925e9023b8dd1f351,"{""distance"":7,""physical_error_rate"":0.002}","{""detection_events"":1814116,""detectors_checked"":233902080}"
   2337792,         0,         0,   119.7,standalone_exact_mw,8e8e16d7b7d10172304dc167922b352ab88e75bca590a4202cfa41b2b9ea2794,"{""distance"":7,""physical_error_rate"":0.0002}","{""detection_events"":1481749,""detectors_checked"":1893611520}"
   1197056,         0,         0,   119.9,standalone_exact_mw,b0cacb7fc707c2734ebeeceefd47b6bd6784bf6b65d0613559eb8dd3ed8bcfbc,"{""distance"":7,""physical_error_rate"":0.0005}","{""detection_events"":1891874,""detectors_checked"":969615360}"
    626688,         0,         0,    44.9,standalone_exact_mw,b0cacb7fc707c2734ebeeceefd47b6bd6784bf6b65d0613559eb8dd3ed8bcfbc,"{""distance"":7,""physical_error_rate"":0.0005}","{""detection_events"":989771,""detectors_checked"":507617280}"
    391168,         3,         0,    63.1,standalone_exact_mw,3f3e41bc6b36ed0cfc2fad9d3557a7870f4e21d551182548e920bf13e0232e34,"{""distance"":7,""physical_error_rate"":0.005}","{""detection_events"":6022038,""detectors_checked"":316846080,""obs_mistake_mask=E"":3}"
    784384,         0,         0,    45.0,standalone_exact_mw,8e8e16d7b7d10172304dc167922b352ab88e75bca590a4202cfa41b2b9ea2794,"{""distance"":7,""physical_error_rate"":0.0002}","{""detection_events"":495605,""detectors_checked"":635351040}"
    979968,         0,         0,   119.9,standalone_exact_mw,c63d9dbf283cbe8d7d2c9891770aca900c170ab5c3de0408fa399997170cec3d,"{""distance"":7,""physical_error_rate"":0.001}","{""detection_events"":3093324,""detectors_checked"":793774080}"
   2550784,         0,         0,   119.9,standalone_exact_mw,c63d9dbf283cbe8d7d2c9891770aca900c170ab5c3de0408fa399997170cec3d,"{""distance"":7,""physical_error_rate"":0.001}","{""detection_events"":8036101,""detectors_checked"":2066135040}"
   2085888,         0,         0,   119.9,standalone_exact_mw,c63d9dbf283cbe8d7d2c9891770aca900c170ab5c3de0408fa399997170cec3d,"{""distance"":7,""physical_error_rate"":0.001}","{""detection_events"":6572683,""detectors_checked"":1689569280}"
   1107968,         0,         0,   119.9,standalone_exact_mw,c63d9dbf283cbe8d7d2c9891770aca900c170ab5c3de0408fa399997170cec3d,"{""distance"":7,""physical_error_rate"":0.001}","{""detection_events"":3490949,""detectors_checked"":897454080}"
    789504,         0,         0,   119.9,standalone_exact_mw,20c8daca17953576b13a32f59e5f9cb54485b277119f4e6925e9023b8dd1f351,"{""distance"":7,""physical_error_rate"":0.002}","{""detection_events"":4948708,""detectors_checked"":639498240}"
   4066304,         0,         0,   119.8,standalone_exact_mw,8e8e16d7b7d10172304dc167922b352ab88e75bca590a4202cfa41b2b9ea2794,"{""distance"":7,""physical_error_rate"":0.0002}","{""detection_events"":2573933,""detectors_checked"":3293706240}"
   4899840,         0,         0,   119.8,standalone_exact_mw,8e8e16d7b7d10172304dc167922b352ab88e75bca590a4202cfa41b2b9ea2794,"{""distance"":7,""physical_error_rate"":0.0002}","{""detection_events"":3102902,""detectors_checked"":3968870400}"
   2234368,         0,         0,   119.7,standalone_exact_mw,8e8e16d7b7d10172304dc167922b352ab88e75bca590a4202cfa41b2b9ea2794,"{""distance"":7,""physical_error_rate"":0.0002}","{""detection_events"":1416679,""detectors_checked"":1809838080}"
   1015808,         0,         0,   119.9,standalone_exact_mw,20c8daca17953576b13a32f59e5f9cb54485b277119f4e6925e9023b8dd1f351,"{""distance"":7,""physical_error_rate"":0.002}","{""detection_events"":6371366,""detectors_checked"":822804480}"
   1634304,         0,         0,   119.7,standalone_exact_mw,b0cacb7fc707c2734ebeeceefd47b6bd6784bf6b65d0613559eb8dd3ed8bcfbc,"{""distance"":7,""physical_error_rate"":0.0005}","{""detection_events"":2586095,""detectors_checked"":1323786240}"
   2752512,         0,         0,   119.9,standalone_exact_mw,b0cacb7fc707c2734ebeeceefd47b6bd6784bf6b65d0613559eb8dd3ed8bcfbc,"{""distance"":7,""physical_error_rate"":0.0005}","{""detection_events"":4349776,""detectors_checked"":2229534720}"
   1738752,         0,         0,   119.8,standalone_exact_mw,b0cacb7fc707c2734ebeeceefd47b6bd6784bf6b65d0613559eb8dd3ed8bcfbc,"{""distance"":7,""physical_error_rate"":0.0005}","{""detection_events"":2744347,""detectors_checked"":1408389120}"
    786432,         2,         0,   120.0,standalone_exact_mw,3f3e41bc6b36ed0cfc2fad9d3557a7870f4e21d551182548e920bf13e0232e34,"{""distance"":7,""physical_error_rate"":0.005}","{""detection_events"":12100931,""detectors_checked"":637009920,""obs_mistake_mask=E"":2}"
    403456,         2,         0,    62.9,standalone_exact_mw,3f3e41bc6b36ed0cfc2fad9d3557a7870f4e21d551182548e920bf13e0232e34,"{""distance"":7,""physical_error_rate"":0.005}","{""detection_events"":6203007,""detectors_checked"":326799360,""obs_mistake_mask=E"":2}"
   3606528,         0,         0,   119.8,standalone_exact_mw,8e8e16d7b7d10172304dc167922b352ab88e75bca590a4202cfa41b2b9ea2794,"{""distance"":7,""physical_error_rate"":0.0002}","{""detection_events"":2284903,""detectors_checked"":2921287680}"
   1052672,         0,         0,   119.8,standalone_exact_mw,20c8daca17953576b13a32f59e5f9cb54485b277119f4e6925e9023b8dd1f351,"{""distance"":7,""physical_error_rate"":0.002}","{""detection_events"":6597261,""detectors_checked"":852664320}"
    458752,         0,         0,    63.0,standalone_exact_mw,20c8daca17953576b13a32f59e5f9cb54485b277119f4e6925e9023b8dd1f351,"{""distance"":7,""physical_error_rate"":0.002}","{""detection_events"":2871847,""detectors_checked"":371589120}"
    655360,         3,         0,   120.0,standalone_exact_mw,3f3e41bc6b36ed0cfc2fad9d3557a7870f4e21d551182548e920bf13e0232e34,"{""distance"":7,""physical_error_rate"":0.005}","{""detection_events"":10081014,""detectors_checked"":530841600,""obs_mistake_mask=E"":3}"
   2238464,         0,         0,   119.9,standalone_exact_mw,c63d9dbf283cbe8d7d2c9891770aca900c170ab5c3de0408fa399997170cec3d,"{""distance"":7,""physical_error_rate"":0.001}","{""detection_events"":7062769,""detectors_checked"":1813155840}"
    721920,         0,         0,   119.9,standalone_exact_mw,20c8daca17953576b13a32f59e5f9cb54485b277119f4e6925e9023b8dd1f351,"{""distance"":7,""physical_error_rate"":0.002}","{""detection_events"":4522889,""detectors_checked"":584755200}"
    820224,         5,         0,   120.0,standalone_exact_mw,3f3e41bc6b36ed0cfc2fad9d3557a7870f4e21d551182548e920bf13e0232e34,"{""distance"":7,""physical_error_rate"":0.005}","{""detection_events"":12629487,""detectors_checked"":664381440,""obs_mistake_mask=E"":5}"
   1226752,         0,         0,   119.8,standalone_exact_mw,c63d9dbf283cbe8d7d2c9891770aca900c170ab5c3de0408fa399997170cec3d,"{""distance"":7,""physical_error_rate"":0.001}","{""detection_events"":3865830,""detectors_checked"":993669120}"
    752640,         1,         0,   120.0,standalone_exact_mw,20c8daca17953576b13a32f59e5f9cb54485b277119f4e6925e9023b8dd1f351,"{""distance"":7,""physical_error_rate"":0.002}","{""detection_events"":4719280,""detectors_checked"":609638400,""obs_mistake_mask=E"":1}"
   1712128,         0,         0,   119.9,standalone_exact_mw,20c8daca17953576b13a32f59e5f9cb54485b277119f4e6925e9023b8dd1f351,"{""distance"":7,""physical_error_rate"":0.002}","{""detection_events"":10733245,""detectors_checked"":1386823680}"
   2750464,         0,         0,   119.9,standalone_exact_mw,b0cacb7fc707c2734ebeeceefd47b6bd6784bf6b65d0613559eb8dd3ed8bcfbc,"{""distance"":7,""physical_error_rate"":0.0005}","{""detection_events"":4350015,""detectors_checked"":2227875840}"
    637952,         3,         0,   120.0,standalone_exact_mw,3f3e41bc6b36ed0cfc2fad9d3557a7870f4e21d551182548e920bf13e0232e34,"{""distance"":7,""physical_error_rate"":0.005}","{""detection_events"":9824994,""detectors_checked"":516741120,""obs_mistake_mask=E"":3}"
    712704,         5,         0,   119.9,standalone_exact_mw,3f3e41bc6b36ed0cfc2fad9d3557a7870f4e21d551182548e920bf13e0232e34,"{""distance"":7,""physical_error_rate"":0.005}","{""detection_events"":10980828,""detectors_checked"":577290240,""obs_mistake_mask=E"":5}"
    454656,         0,         0,    62.9,standalone_exact_mw,c63d9dbf283cbe8d7d2c9891770aca900c170ab5c3de0408fa399997170cec3d,"{""distance"":7,""physical_error_rate"":0.001}","{""detection_events"":1430311,""detectors_checked"":368271360}"
    755712,         0,         0,   119.9,standalone_exact_mw,20c8daca17953576b13a32f59e5f9cb54485b277119f4e6925e9023b8dd1f351,"{""distance"":7,""physical_error_rate"":0.002}","{""detection_events"":4733687,""detectors_checked"":612126720}"
   1370112,         0,         0,   119.8,standalone_exact_mw,b0cacb7fc707c2734ebeeceefd47b6bd6784bf6b65d0613559eb8dd3ed8bcfbc,"{""distance"":7,""physical_error_rate"":0.0005}","{""detection_events"":2164686,""detectors_checked"":1109790720}"
    840704,         0,         0,   119.9,standalone_exact_mw,20c8daca17953576b13a32f59e5f9cb54485b277119f4e6925e9023b8dd1f351,"{""distance"":7,""physical_error_rate"":0.002}","{""detection_events"":5268655,""detectors_checked"":680970240}"
   4859904,         0,         0,   119.8,standalone_exact_mw,8e8e16d7b7d10172304dc167922b352ab88e75bca590a4202cfa41b2b9ea2794,"{""distance"":7,""physical_error_rate"":0.0002}","{""detection_events"":3078520,""detectors_checked"":3936522240}"
   1007616,         0,         0,   119.9,standalone_exact_mw,c63d9dbf283cbe8d7d2c9891770aca900c170ab5c3de0408fa399997170cec3d,"{""distance"":7,""physical_error_rate"":0.001}","{""detection_events"":3171690,""detectors_checked"":816168960}"
    841728,         0,         0,   119.9,standalone_exact_mw,c63d9dbf283cbe8d7d2c9891770aca900c170ab5c3de0408fa399997170cec3d,"{""distance"":7,""physical_error_rate"":0.001}","{""detection_events"":2648739,""detectors_checked"":681799680}"
   1143808,         0,         0,   120.0,standalone_exact_mw,c63d9dbf283cbe8d7d2c9891770aca900c170ab5c3de0408fa399997170cec3d,"{""distance"":7,""physical_error_rate"":0.001}","{""detection_events"":3607570,""detectors_checked"":926484480}"
    496640,         0,         0,    63.0,standalone_exact_mw,20c8daca17953576b13a32f59e5f9cb54485b277119f4e6925e9023b8dd1f351,"{""distance"":7,""physical_error_rate"":0.002}","{""detection_events"":3106466,""detectors_checked"":402278400}"
   1585152,         7,         0,   119.9,standalone_exact_mw,3f3e41bc6b36ed0cfc2fad9d3557a7870f4e21d551182548e920bf13e0232e34,"{""distance"":7,""physical_error_rate"":0.005}","{""detection_events"":24399132,""detectors_checked"":1283973120,""obs_mistake_mask=E"":7}"
    664576,         0,         0,    62.9,standalone_exact_mw,b0cacb7fc707c2734ebeeceefd47b6bd6784bf6b65d0613559eb8dd3ed8bcfbc,"{""distance"":7,""physical_error_rate"":0.0005}","{""detection_events"":1055442,""detectors_checked"":538306560}"
   1230848,         0,         0,    62.9,standalone_exact_mw,8e8e16d7b7d10172304dc167922b352ab88e75bca590a4202cfa41b2b9ea2794,"{""distance"":7,""physical_error_rate"":0.0002}","{""detection_events"":780007,""detectors_checked"":996986880}"
    672768,         0,         0,   120.0,standalone_exact_mw,20c8daca17953576b13a32f59e5f9cb54485b277119f4e6925e9023b8dd1f351,"{""distance"":7,""physical_error_rate"":0.002}","{""detection_events"":4216871,""detectors_checked"":544942080}"
   1336320,         0,         0,   119.9,standalone_exact_mw,b0cacb7fc707c2734ebeeceefd47b6bd6784bf6b65d0613559eb8dd3ed8bcfbc,"{""distance"":7,""physical_error_rate"":0.0005}","{""detection_events"":2110087,""detectors_checked"":1082419200}"
   4820992,         0,         0,   119.8,standalone_exact_mw,8e8e16d7b7d10172304dc167922b352ab88e75bca590a4202cfa41b2b9ea2794,"{""distance"":7,""physical_error_rate"":0.0002}","{""detection_events"":3054529,""detectors_checked"":3905003520}"
   2013184,         0,         0,   119.6,standalone_exact_mw,8e8e16d7b7d10172304dc167922b352ab88e75bca590a4202cfa41b2b9ea2794,"{""distance"":7,""physical_error_rate"":0.0002}","{""detection_events"":1276225,""detectors_checked"":1630679040}"
   1856512,         0,         0,   119.7,standalone_exact_mw,8e8e16d7b7d10172304dc167922b352ab88e75bca590a4202cfa41b2b9ea2794,"{""distance"":7,""physical_error_rate"":0.0002}","{""detection_events"":1173921,""detectors_checked"":1503774720}"
   1025024,         0,         0,    88.1,standalone_exact_mw,c63d9dbf283cbe8d7d2c9891770aca900c170ab5c3de0408fa399997170cec3d,"{""distance"":7,""physical_error_rate"":0.001}","{""detection_events"":3231220,""detectors_checked"":830269440}"
   1786880,         0,         0,    87.9,standalone_exact_mw,8e8e16d7b7d10172304dc167922b352ab88e75bca590a4202cfa41b2b9ea2794,"{""distance"":7,""physical_error_rate"":0.0002}","{""detection_events"":1129335,""detectors_checked"":1447372800}"
    678912,         3,         0,   119.9,standalone_exact_mw,3f3e41bc6b36ed0cfc2fad9d3557a7870f4e21d551182548e920bf13e0232e34,"{""distance"":7,""physical_error_rate"":0.005}","{""detection_events"":10450776,""detectors_checked"":549918720,""obs_mistake_mask=E"":3}"
   1106944,         0,         0,   119.9,standalone_exact_mw,c63d9dbf283cbe8d7d2c9891770aca900c170ab5c3de0408fa399997170cec3d,"{""distance"":7,""physical_error_rate"":0.001}","{""detection_events"":3488501,""detectors_checked"":896624640}"
   1852416,         0,         0,   119.9,standalone_exact_mw,20c8daca17953576b13a32f59e5f9cb54485b277119f4e6925e9023b8dd1f351,"{""distance"":7,""physical_error_rate"":0.002}","{""detection_events"":11596222,""detectors_checked"":1500456960}"
    603136,         6,         0,    88.2,standalone_exact_mw,3f3e41bc6b36ed0cfc2fad9d3557a7870f4e21d551182548e920bf13e0232e34,"{""distance"":7,""physical_error_rate"":0.005}","{""detection_events"":9280802,""detectors_checked"":488540160,""obs_mistake_mask=E"":6}"
    594944,         1,         0,   120.0,standalone_exact_mw,3f3e41bc6b36ed0cfc2fad9d3557a7870f4e21d551182548e920bf13e0232e34,"{""distance"":7,""physical_error_rate"":0.005}","{""detection_events"":9162392,""detectors_checked"":481904640,""obs_mistake_mask=E"":1}"
   4820992,         0,         0,   119.8,standalone_exact_mw,8e8e16d7b7d10172304dc167922b352ab88e75bca590a4202cfa41b2b9ea2794,"{""distance"":7,""physical_error_rate"":0.0002}","{""detection_events"":3050298,""detectors_checked"":3905003520}"
   2842624,         0,         0,   119.7,standalone_exact_mw,8e8e16d7b7d10172304dc167922b352ab88e75bca590a4202cfa41b2b9ea2794,"{""distance"":7,""physical_error_rate"":0.0002}","{""detection_events"":1801264,""detectors_checked"":2302525440}"
    815104,         2,         0,   119.9,standalone_exact_mw,3f3e41bc6b36ed0cfc2fad9d3557a7870f4e21d551182548e920bf13e0232e34,"{""distance"":7,""physical_error_rate"":0.005}","{""detection_events"":12551532,""detectors_checked"":660234240,""obs_mistake_mask=E"":2}"
    823296,         0,         0,   119.8,standalone_exact_mw,b0cacb7fc707c2734ebeeceefd47b6bd6784bf6b65d0613559eb8dd3ed8bcfbc,"{""distance"":7,""physical_error_rate"":0.0005}","{""detection_events"":1297979,""detectors_checked"":666869760}"
   1162240,         0,         0,   119.9,standalone_exact_mw,c63d9dbf283cbe8d7d2c9891770aca900c170ab5c3de0408fa399997170cec3d,"{""distance"":7,""physical_error_rate"":0.001}","{""detection_events"":3663265,""detectors_checked"":941414400}"
    534528,         3,         0,   119.9,standalone_exact_mw,3f3e41bc6b36ed0cfc2fad9d3557a7870f4e21d551182548e920bf13e0232e34,"{""distance"":7,""physical_error_rate"":0.005}","{""detection_events"":8224044,""detectors_checked"":432967680,""obs_mistake_mask=E"":3}"
   1357824,         0,         0,   119.8,standalone_exact_mw,b0cacb7fc707c2734ebeeceefd47b6bd6784bf6b65d0613559eb8dd3ed8bcfbc,"{""distance"":7,""physical_error_rate"":0.0005}","{""detection_events"":2145404,""detectors_checked"":1099837440}"
   1783808,         0,         0,   119.7,standalone_exact_mw,b0cacb7fc707c2734ebeeceefd47b6bd6784bf6b65d0613559eb8dd3ed8bcfbc,"{""distance"":7,""physical_error_rate"":0.0005}","{""detection_events"":2818191,""detectors_checked"":1444884480}"
   1324032,         0,         0,   119.8,standalone_exact_mw,b0cacb7fc707c2734ebeeceefd47b6bd6784bf6b65d0613559eb8dd3ed8bcfbc,"{""distance"":7,""physical_error_rate"":0.0005}","{""detection_events"":2092303,""detectors_checked"":1072465920}"
    675840,         0,         0,   119.9,standalone_exact_mw,20c8daca17953576b13a32f59e5f9cb54485b277119f4e6925e9023b8dd1f351,"{""distance"":7,""physical_error_rate"":0.002}","{""detection_events"":4236089,""detectors_checked"":547430400}"
    543744,         1,         0,    88.2,standalone_exact_mw,3f3e41bc6b36ed0cfc2fad9d3557a7870f4e21d551182548e920bf13e0232e34,"{""distance"":7,""physical_error_rate"":0.005}","{""detection_events"":8360855,""detectors_checked"":440432640,""obs_mistake_mask=E"":1}"
   3485696,         0,         0,   119.8,standalone_exact_mw,b0cacb7fc707c2734ebeeceefd47b6bd6784bf6b65d0613559eb8dd3ed8bcfbc,"{""distance"":7,""physical_error_rate"":0.0005}","{""detection_events"":5514068,""detectors_checked"":2823413760}"
    593920,         0,         0,    88.3,standalone_exact_mw,20c8daca17953576b13a32f59e5f9cb54485b277119f4e6925e9023b8dd1f351,"{""distance"":7,""physical_error_rate"":0.002}","{""detection_events"":3723455,""detectors_checked"":481075200}"
   2309120,         0,         0,   119.8,standalone_exact_mw,8e8e16d7b7d10172304dc167922b352ab88e75bca590a4202cfa41b2b9ea2794,"{""distance"":7,""physical_error_rate"":0.0002}","{""detection_events"":1463298,""detectors_checked"":1870387200}"
   1190912,         0,         0,   119.9,standalone_exact_mw,b0cacb7fc707c2734ebeeceefd47b6bd6784bf6b65d0613559eb8dd3ed8bcfbc,"{""distance"":7,""physical_error_rate"":0.0005}","{""detection_events"":1881743,""detectors_checked"":964638720}"
   1016832,         0,         0,   119.9,standalone_exact_mw,c63d9dbf283cbe8d7d2c9891770aca900c170ab5c3de0408fa399997170cec3d,"{""distance"":7,""physical_error_rate"":0.001}","{""detection_events"":3207895,""detectors_checked"":823633920}"
    713728,         0,         0,    88.1,standalone_exact_mw,c63d9dbf283cbe8d7d2c9891770aca900c170ab5c3de0408fa399997170cec3d,"{""distance"":7,""physical_error_rate"":0.001}","{""detection_events"":2249410,""detectors_checked"":578119680}"
   2561024,         0,         0,   119.9,standalone_exact_mw,c63d9dbf283cbe8d7d2c9891770aca900c170ab5c3de0408fa399997170cec3d,"{""distance"":7,""physical_error_rate"":0.001}","{""detection_events"":8069151,""detectors_checked"":2074429440}"
   2313216,         0,         0,   119.9,standalone_exact_mw,c63d9dbf283cbe8d7d2c9891770aca900c170ab5c3de0408fa399997170cec3d,"{""distance"":7,""physical_error_rate"":0.001}","{""detection_events"":7302651,""detectors_checked"":1873704960}"
   1165312,         0,         0,   119.8,standalone_exact_mw,c63d9dbf283cbe8d7d2c9891770aca900c170ab5c3de0408fa399997170cec3d,"{""distance"":7,""physical_error_rate"":0.001}","{""detection_events"":3669785,""detectors_checked"":943902720}"
    621568,         0,         0,   120.0,standalone_exact_mw,20c8daca17953576b13a32f59e5f9cb54485b277119f4e6925e9023b8dd1f351,"{""distance"":7,""physical_error_rate"":0.002}","{""detection_events"":3895284,""detectors_checked"":503470080}"
   4348928,         0,         0,   119.7,standalone_exact_mw,8e8e16d7b7d10172304dc167922b352ab88e75bca590a4202cfa41b2b9ea2794,"{""distance"":7,""physical_error_rate"":0.0002}","{""detection_events"":2754530,""detectors_checked"":3522631680}"
   4913152,         0,         0,   119.8,standalone_exact_mw,8e8e16d7b7d10172304dc167922b352ab88e75bca590a4202cfa41b2b9ea2794,"{""distance"":7,""physical_error_rate"":0.0002}","{""detection_events"":3110551,""detectors_checked"":3979653120}"
   2171904,         0,         0,   119.7,standalone_exact_mw,8e8e16d7b7d10172304dc167922b352ab88e75bca590a4202cfa41b2b9ea2794,"{""distance"":7,""physical_error_rate"":0.0002}","{""detection_events"":1373811,""detectors_checked"":1759242240}"
    943104,         0,         0,   119.8,standalone_exact_mw,20c8daca17953576b13a32f59e5f9cb54485b277119f4e6925e9023b8dd1f351,"{""distance"":7,""physical_error_rate"":0.002}","{""detection_events"":5918669,""detectors_checked"":763914240}"
   1131520,         0,         0,   119.8,standalone_exact_mw,b0cacb7fc707c2734ebeeceefd47b6bd6784bf6b65d0613559eb8dd3ed8bcfbc,"{""distance"":7,""physical_error_rate"":0.0005}","{""detection_events"":1787102,""detectors_checked"":916531200}"
   2919424,         0,         0,   119.8,standalone_exact_mw,b0cacb7fc707c2734ebeeceefd47b6bd6784bf6b65d0613559eb8dd3ed8bcfbc,"{""distance"":7,""physical_error_rate"":0.0005}","{""detection_events"":4619824,""detectors_checked"":2364733440}"
   1602560,         0,         0,   119.8,standalone_exact_mw,b0cacb7fc707c2734ebeeceefd47b6bd6784bf6b65d0613559eb8dd3ed8bcfbc,"{""distance"":7,""physical_error_rate"":0.0005}","{""detection_events"":2531400,""detectors_checked"":1298073600}"
    754688,         5,         0,   119.9,standalone_exact_mw,3f3e41bc6b36ed0cfc2fad9d3557a7870f4e21d551182548e920bf13e0232e34,"{""distance"":7,""physical_error_rate"":0.005}","{""detection_events"":11612461,""detectors_checked"":611297280,""obs_mistake_mask=E"":5}"
   4248576,         0,         0,   119.8,standalone_exact_mw,8e8e16d7b7d10172304dc167922b352ab88e75bca590a4202cfa41b2b9ea2794,"{""distance"":7,""physical_error_rate"":0.0002}","{""detection_events"":2691785,""detectors_checked"":3441346560}"
   1049600,         0,         0,   120.0,standalone_exact_mw,20c8daca17953576b13a32f59e5f9cb54485b277119f4e6925e9023b8dd1f351,"{""distance"":7,""physical_error_rate"":0.002}","{""detection_events"":6578479,""detectors_checked"":850176000}"
   2178048,         0,         0,   119.8,standalone_exact_mw,c63d9dbf283cbe8d7d2c9891770aca900c170ab5c3de0408fa399997170cec3d,"{""distance"":7,""physical_error_rate"":0.001}","{""detection_events"":6856482,""detectors_checked"":1764218880}"
    594944,         4,         0,   120.0,standalone_exact_mw,3f3e41bc6b36ed0cfc2fad9d3557a7870f4e21d551182548e920bf13e0232e34,"{""distance"":7,""physical_error_rate"":0.005}","{""detection_events"":9159804,""detectors_checked"":481904640,""obs_mistake_mask=E"":4}"
    936960,         0,         0,   119.9,standalone_exact_mw,20c8daca17953576b13a32f59e5f9cb54485b277119f4e6925e9023b8dd1f351,"{""distance"":7,""physical_error_rate"":0.002}","{""detection_events"":5865811,""detectors_checked"":758937600}"
    803840,         3,         0,   119.9,standalone_exact_mw,3f3e41bc6b36ed0cfc2fad9d3557a7870f4e21d551182548e920bf13e0232e34,"{""distance"":7,""physical_error_rate"":0.005}","{""detection_events"":12369201,""detectors_checked"":651110400,""obs_mistake_mask=E"":3}"
   1222656,         0,         0,   119.8,standalone_exact_mw,c63d9dbf283cbe8d7d2c9891770aca900c170ab5c3de0408fa399997170cec3d,"{""distance"":7,""physical_error_rate"":0.001}","{""detection_events"":3856484,""detectors_checked"":990351360}"
    472064,         1,         0,    88.1,standalone_exact_mw,20c8daca17953576b13a32f59e5f9cb54485b277119f4e6925e9023b8dd1f351,"{""distance"":7,""physical_error_rate"":0.002}","{""detection_events"":2959533,""detectors_checked"":382371840,""obs_mistake_mask=E"":1}"
    750592,         0,         0,   119.8,standalone_exact_mw,20c8daca17953576b13a32f59e5f9cb54485b277119f4e6925e9023b8dd1f351,"{""distance"":7,""physical_error_rate"":0.002}","{""detection_events"":4705420,""detectors_checked"":607979520}"
   1790976,         0,         0,   119.9,standalone_exact_mw,20c8daca17953576b13a32f59e5f9cb54485b277119f4e6925e9023b8dd1f351,"{""distance"":7,""physical_error_rate"":0.002}","{""detection_events"":11228806,""detectors_checked"":1450690560}"
   2897920,         0,         0,   119.8,standalone_exact_mw,b0cacb7fc707c2734ebeeceefd47b6bd6784bf6b65d0613559eb8dd3ed8bcfbc,"{""distance"":7,""physical_error_rate"":0.0005}","{""detection_events"":4577929,""detectors_checked"":2347315200}"
   1070080,         0,         0,    88.0,standalone_exact_mw,b0cacb7fc707c2734ebeeceefd47b6bd6784bf6b65d0613559eb8dd3ed8bcfbc,"{""distance"":7,""physical_error_rate"":0.0005}","{""detection_events"":1692474,""detectors_checked"":866764800}"
   1285120,         0,         0,    88.0,standalone_exact_mw,8e8e16d7b7d10172304dc167922b352ab88e75bca590a4202cfa41b2b9ea2794,"{""distance"":7,""physical_error_rate"":0.0002}","{""detection_events"":815954,""detectors_checked"":1040947200}"
    638976,         6,         0,   119.9,standalone_exact_mw,3f3e41bc6b36ed0cfc2fad9d3557a7870f4e21d551182548e920bf13e0232e34,"{""distance"":7,""physical_error_rate"":0.005}","{""detection_events"":9838198,""detectors_checked"":517570560,""obs_mistake_mask=E"":6}"
    557056,         2,         0,   119.9,standalone_exact_mw,3f3e41bc6b36ed0cfc2fad9d3557a7870f4e21d551182548e920bf13e0232e34,"{""distance"":7,""physical_error_rate"":0.005}","{""detection_events"":8578178,""detectors_checked"":451215360,""obs_mistake_mask=E"":2}"
    728064,         0,         0,   119.8,standalone_exact_mw,20c8daca17953576b13a32f59e5f9cb54485b277119f4e6925e9023b8dd1f351,"{""distance"":7,""physical_error_rate"":0.002}","{""detection_events"":4560434,""detectors_checked"":589731840}"
   1304576,         0,         0,   119.8,standalone_exact_mw,b0cacb7fc707c2734ebeeceefd47b6bd6784bf6b65d0613559eb8dd3ed8bcfbc,"{""distance"":7,""physical_error_rate"":0.0005}","{""detection_events"":2067131,""detectors_checked"":1056706560}"
    731136,         0,         0,   120.0,standalone_exact_mw,20c8daca17953576b13a32f59e5f9cb54485b277119f4e6925e9023b8dd1f351,"{""distance"":7,""physical_error_rate"":0.002}","{""detection_events"":4578223,""detectors_checked"":592220160}"
   4878336,         0,         0,   119.8,standalone_exact_mw,8e8e16d7b7d10172304dc167922b352ab88e75bca590a4202cfa41b2b9ea2794,"{""distance"":7,""physical_error_rate"":0.0002}","{""detection_events"":3086769,""detectors_checked"":3951452160}"
    932864,         0,         0,   119.8,standalone_exact_mw,c63d9dbf283cbe8d7d2c9891770aca900c170ab5c3de0408fa399997170cec3d,"{""distance"":7,""physical_error_rate"":0.001}","{""detection_events"":2940115,""detectors_checked"":755619840}"
    931840,         0,         0,   120.0,standalone_exact_mw,c63d9dbf283cbe8d7d2c9891770aca900c170ab5c3de0408fa399997170cec3d,"{""distance"":7,""physical_error_rate"":0.001}","{""detection_events"":2931481,""detectors_checked"":754790400}"
    982016,         0,         0,   119.9,standalone_exact_mw,c63d9dbf283cbe8d7d2c9891770aca900c170ab5c3de0408fa399997170cec3d,"{""distance"":7,""physical_error_rate"":0.001}","{""detection_events"":3095387,""detectors_checked"":795432960}"
   1587200,         4,         0,   120.0,standalone_exact_mw,3f3e41bc6b36ed0cfc2fad9d3557a7870f4e21d551182548e920bf13e0232e34,"{""distance"":7,""physical_error_rate"":0.005}","{""detection_events"":24428068,""detectors_checked"":1285632000,""obs_mistake_mask=E"":4}"
    720896,         0,         0,   120.1,standalone_exact_mw,20c8daca17953576b13a32f59e5f9cb54485b277119f4e6925e9023b8dd1f351,"{""distance"":7,""physical_error_rate"":0.002}","{""detection_events"":4510543,""detectors_checked"":583925760}"
   1235968,         0,         0,   119.9,standalone_exact_mw,b0cacb7fc707c2734ebeeceefd47b6bd6784bf6b65d0613559eb8dd3ed8bcfbc,"{""distance"":7,""physical_error_rate"":0.0005}","{""detection_events"":1953154,""detectors_checked"":1001134080}"
   4831232,         0,         0,   119.8,standalone_exact_mw,8e8e16d7b7d10172304dc167922b352ab88e75bca590a4202cfa41b2b9ea2794,"{""distance"":7,""physical_error_rate"":0.0002}","{""detection_events"":3056042,""detectors_checked"":3913297920}"
   2054144,         0,         0,   119.7,standalone_exact_mw,8e8e16d7b7d10172304dc167922b352ab88e75bca590a4202cfa41b2b9ea2794,"{""distance"":7,""physical_error_rate"":0.0002}","{""detection_events"":1300914,""detectors_checked"":1663856640}"
   2104320,         0,         0,   119.7,standalone_exact_mw,8e8e16d7b7d10172304dc167922b352ab88e75bca590a4202cfa41b2b9ea2794,"{""distance"":7,""physical_error_rate"":0.0002}","{""detection_events"":1332952,""detectors_checked"":1704499200}"
   1353728,         0,         0,   119.8,standalone_exact_mw,c63d9dbf283cbe8d7d2c9891770aca900c170ab5c3de0408fa399997170cec3d,"{""distance"":7,""physical_error_rate"":0.001}","{""detection_events"":4265005,""detectors_checked"":1096519680}"
   2494464,         0,         0,   119.6,standalone_exact_mw,8e8e16d7b7d10172304dc167922b352ab88e75bca590a4202cfa41b2b9ea2794,"{""distance"":7,""physical_error_rate"":0.0002}","{""detection_events"":1583149,""detectors_checked"":2020515840}"
   1171456,         0,         0,   119.8,standalone_exact_mw,c63d9dbf283cbe8d7d2c9891770aca900c170ab5c3de0408fa399997170cec3d,"{""distance"":7,""physical_error_rate"":0.001}","{""detection_events"":3693584,""detectors_checked"":948879360}"
    636928,         1,         0,   119.9,standalone_exact_mw,3f3e41bc6b36ed0cfc2fad9d3557a7870f4e21d551182548e920bf13e0232e34,"{""distance"":7,""physical_error_rate"":0.005}","{""detection_events"":9805692,""detectors_checked"":515911680,""obs_mistake_mask=E"":1}"
   1865728,         0,         0,   119.9,standalone_exact_mw,20c8daca17953576b13a32f59e5f9cb54485b277119f4e6925e9023b8dd1f351,"{""distance"":7,""physical_error_rate"":0.002}","{""detection_events"":11687580,""detectors_checked"":1511239680}"
    769024,         7,         0,   119.9,standalone_exact_mw,3f3e41bc6b36ed0cfc2fad9d3557a7870f4e21d551182548e920bf13e0232e34,"{""distance"":7,""physical_error_rate"":0.005}","{""detection_events"":11845018,""detectors_checked"":622909440,""obs_mistake_mask=E"":7}"
    560128,         5,         0,   120.1,standalone_exact_mw,3f3e41bc6b36ed0cfc2fad9d3557a7870f4e21d551182548e920bf13e0232e34,"{""distance"":7,""physical_error_rate"":0.005}","{""detection_events"":8621270,""detectors_checked"":453703680,""obs_mistake_mask=E"":5}"
   4823040,         0,         0,   119.8,standalone_exact_mw,8e8e16d7b7d10172304dc167922b352ab88e75bca590a4202cfa41b2b9ea2794,"{""distance"":7,""physical_error_rate"":0.0002}","{""detection_events"":3058953,""detectors_checked"":3906662400}"
   2767872,         0,         0,   119.7,standalone_exact_mw,8e8e16d7b7d10172304dc167922b352ab88e75bca590a4202cfa41b2b9ea2794,"{""distance"":7,""physical_error_rate"":0.0002}","{""detection_events"":1753161,""detectors_checked"":2241976320}"
    819200,         6,         0,   120.0,standalone_exact_mw,3f3e41bc6b36ed0cfc2fad9d3557a7870f4e21d551182548e920bf13e0232e34,"{""distance"":7,""physical_error_rate"":0.005}","{""detection_events"":12610238,""detectors_checked"":663552000,""obs_mistake_mask=E"":6}"
    884736,         0,         0,   119.9,standalone_exact_mw,b0cacb7fc707c2734ebeeceefd47b6bd6784bf6b65d0613559eb8dd3ed8bcfbc,"{""distance"":7,""physical_error_rate"":0.0005}","{""detection_events"":1400632,""detectors_checked"":716636160}"
   1123328,         0,         0,   119.9,standalone_exact_mw,c63d9dbf283cbe8d7d2c9891770aca900c170ab5c3de0408fa399997170cec3d,"{""distance"":7,""physical_error_rate"":0.001}","{""detection_events"":3546979,""detectors_checked"":909895680}"
    663552,         1,         0,   119.9,standalone_exact_mw,3f3e41bc6b36ed0cfc2fad9d3557a7870f4e21d551182548e920bf13e0232e34,"{""distance"":7,""physical_error_rate"":0.005}","{""detection_events"":10215214,""detectors_checked"":537477120,""obs_mistake_mask=E"":1}"
   1481728,         0,         0,   119.7,standalone_exact_mw,b0cacb7fc707c2734ebeeceefd47b6bd6784bf6b65d0613559eb8dd3ed8bcfbc,"{""distance"":7,""physical_error_rate"":0.0005}","{""detection_events"":2340772,""detectors_checked"":1200199680}"
   1735680,         0,         0,   119.9,standalone_exact_mw,b0cacb7fc707c2734ebeeceefd47b6bd6784bf6b65d0613559eb8dd3ed8bcfbc,"{""distance"":7,""physical_error_rate"":0.0005}","{""detection_events"":2745171,""detectors_checked"":1405900800}"
   1301504,         0,         0,   119.9,standalone_exact_mw,b0cacb7fc707c2734ebeeceefd47b6bd6784bf6b65d0613559eb8dd3ed8bcfbc,"{""distance"":7,""physical_error_rate"":0.0005}","{""detection_events"":2060993,""detectors_checked"":1054218240}"
    735232,         0,         0,   119.9,standalone_exact_mw,20c8daca17953576b13a32f59e5f9cb54485b277119f4e6925e9023b8dd1f351,"{""distance"":7,""physical_error_rate"":0.002}","{""detection_events"":4610454,""detectors_checked"":595537920}"
    759808,         2,         0,   119.9,standalone_exact_mw,3f3e41bc6b36ed0cfc2fad9d3557a7870f4e21d551182548e920bf13e0232e34,"{""distance"":7,""physical_error_rate"":0.005}","{""detection_events"":11690775,""detectors_checked"":615444480,""obs_mistake_mask=E"":2}"
   3492864,         0,         0,   119.9,standalone_exact_mw,b0cacb7fc707c2734ebeeceefd47b6bd6784bf6b65d0613559eb8dd3ed8bcfbc,"{""distance"":7,""physical_error_rate"":0.0005}","{""detection_events"":5523974,""detectors_checked"":2829219840}"
    827392,         0,         0,   119.9,standalone_exact_mw,20c8daca17953576b13a32f59e5f9cb54485b277119f4e6925e9023b8dd1f351,"{""distance"":7,""physical_error_rate"":0.002}","{""detection_events"":5190393,""detectors_checked"":670187520}"
   2273280,         0,         0,   119.7,standalone_exact_mw,8e8e16d7b7d10172304dc167922b352ab88e75bca590a4202cfa41b2b9ea2794,"{""distance"":7,""physical_error_rate"":0.0002}","{""detection_events"":1438154,""detectors_checked"":1841356800}"
   1200128,         0,         0,   119.7,standalone_exact_mw,b0cacb7fc707c2734ebeeceefd47b6bd6784bf6b65d0613559eb8dd3ed8bcfbc,"{""distance"":7,""physical_error_rate"":0.0005}","{""detection_events"":1896099,""detectors_checked"":972103680}"
   1019904,         0,         0,   120.0,standalone_exact_mw,c63d9dbf283cbe8d7d2c9891770aca900c170ab5c3de0408fa399997170cec3d,"{""distance"":7,""physical_error_rate"":0.001}","{""detection_events"":3215111,""detectors_checked"":826122240}"
    845824,         0,         0,   119.7,standalone_exact_mw,c63d9dbf283cbe8d7d2c9891770aca900c170ab5c3de0408fa399997170cec3d,"{""distance"":7,""physical_error_rate"":0.001}","{""detection_events"":2664988,""detectors_checked"":685117440}"
   2561024,         0,         0,   119.9,standalone_exact_mw,c63d9dbf283cbe8d7d2c9891770aca900c170ab5c3de0408fa399997170cec3d,"{""distance"":7,""physical_error_rate"":0.001}","{""detection_events"":8079025,""detectors_checked"":2074429440}"
   2081792,         0,         0,   119.9,standalone_exact_mw,c63d9dbf283cbe8d7d2c9891770aca900c170ab5c3de0408fa399997170cec3d,"{""distance"":7,""physical_error_rate"":0.001}","{""detection_events"":6567434,""detectors_checked"":1686251520}"
   1068032,         0,         0,   119.9,standalone_exact_mw,c63d9dbf283cbe8d7d2c9891770aca900c170ab5c3de0408fa399997170cec3d,"{""distance"":7,""physical_error_rate"":0.001}","{""detection_events"":3368825,""detectors_checked"":865105920}"
    814080,         0,         0,   119.8,standalone_exact_mw,20c8daca17953576b13a32f59e5f9cb54485b277119f4e6925e9023b8dd1f351,"{""distance"":7,""physical_error_rate"":0.002}","{""detection_events"":5100155,""detectors_checked"":659404800}"
   3764224,         0,         0,   119.8,standalone_exact_mw,8e8e16d7b7d10172304dc167922b352ab88e75bca590a4202cfa41b2b9ea2794,"{""distance"":7,""physical_error_rate"":0.0002}","{""detection_events"":2383949,""detectors_checked"":3049021440}"
   4914176,         0,         0,   119.8,standalone_exact_mw,8e8e16d7b7d10172304dc167922b352ab88e75bca590a4202cfa41b2b9ea2794,"{""distance"":7,""physical_error_rate"":0.0002}","{""detection_events"":3118410,""detectors_checked"":3980482560}"
   2210816,         0,         0,   119.7,standalone_exact_mw,8e8e16d7b7d10172304dc167922b352ab88e75bca590a4202cfa41b2b9ea2794,"{""distance"":7,""physical_error_rate"":0.0002}","{""detection_events"":1402246,""detectors_checked"":1790760960}"
    997376,         0,         0,   120.0,standalone_exact_mw,20c8daca17953576b13a32f59e5f9cb54485b277119f4e6925e9023b8dd1f351,"{""distance"":7,""physical_error_rate"":0.002}","{""detection_events"":6246108,""detectors_checked"":807874560}"
   2860032,         0,         0,   119.9,standalone_exact_mw,b0cacb7fc707c2734ebeeceefd47b6bd6784bf6b65d0613559eb8dd3ed8bcfbc,"{""distance"":7,""physical_error_rate"":0.0005}","{""detection_events"":4518471,""detectors_checked"":2316625920}"
   1233920,         0,         0,   119.8,standalone_exact_mw,b0cacb7fc707c2734ebeeceefd47b6bd6784bf6b65d0613559eb8dd3ed8bcfbc,"{""distance"":7,""physical_error_rate"":0.0005}","{""detection_events"":1950422,""detectors_checked"":999475200}"
   1629184,         0,         0,   119.8,standalone_exact_mw,b0cacb7fc707c2734ebeeceefd47b6bd6784bf6b65d0613559eb8dd3ed8bcfbc,"{""distance"":7,""physical_error_rate"":0.0005}","{""detection_events"":2575413,""detectors_checked"":1319639040}"
    765952,         4,         0,   120.0,standalone_exact_mw,3f3e41bc6b36ed0cfc2fad9d3557a7870f4e21d551182548e920bf13e0232e34,"{""distance"":7,""physical_error_rate"":0.005}","{""detection_events"":11784497,""detectors_checked"":620421120,""obs_mistake_mask=E"":4}"
   4046848,         0,         0,   119.8,standalone_exact_mw,8e8e16d7b7d10172304dc167922b352ab88e75bca590a4202cfa41b2b9ea2794,"{""distance"":7,""physical_error_rate"":0.0002}","{""detection_events"":2568936,""detectors_checked"":3277946880}"
   1092608,         0,         0,   119.9,standalone_exact_mw,20c8daca17953576b13a32f59e5f9cb54485b277119f4e6925e9023b8dd1f351,"{""distance"":7,""physical_error_rate"":0.002}","{""detection_events"":6849673,""detectors_checked"":885012480}"
   2154496,         0,         0,   119.8,standalone_exact_mw,c63d9dbf283cbe8d7d2c9891770aca900c170ab5c3de0408fa399997170cec3d,"{""distance"":7,""physical_error_rate"":0.001}","{""detection_events"":6791888,""detectors_checked"":1745141760}"
    570368,         1,         0,   119.8,standalone_exact_mw,3f3e41bc6b36ed0cfc2fad9d3557a7870f4e21d551182548e920bf13e0232e34,"{""distance"":7,""physical_error_rate"":0.005}","{""detection_events"":8782684,""detectors_checked"":461998080,""obs_mistake_mask=E"":1}"
    777216,         0,         0,   120.1,standalone_exact_mw,20c8daca17953576b13a32f59e5f9cb54485b277119f4e6925e9023b8dd1f351,"{""distance"":7,""physical_error_rate"":0.002}","{""detection_events"":4866917,""detectors_checked"":629544960}"
    863232,         5,         0,   119.9,standalone_exact_mw,3f3e41bc6b36ed0cfc2fad9d3557a7870f4e21d551182548e920bf13e0232e34,"{""distance"":7,""physical_error_rate"":0.005}","{""detection_events"":13293329,""detectors_checked"":699217920,""obs_mistake_mask=E"":5}"
   1218560,         0,         0,   119.9,standalone_exact_mw,c63d9dbf283cbe8d7d2c9891770aca900c170ab5c3de0408fa399997170cec3d,"{""distance"":7,""physical_error_rate"":0.001}","{""detection_events"":3840839,""detectors_checked"":987033600}"
    862208,         0,         0,   119.8,standalone_exact_mw,20c8daca17953576b13a32f59e5f9cb54485b277119f4e6925e9023b8dd1f351,"{""distance"":7,""physical_error_rate"":0.002}","{""detection_events"":5398062,""detectors_checked"":698388480}"
    868352,         0,         0,   119.9,standalone_exact_mw,20c8daca17953576b13a32f59e5f9cb54485b277119f4e6925e9023b8dd1f351,"{""distance"":7,""physical_error_rate"":0.002}","{""detection_events"":5440981,""detectors_checked"":703365120}"
   1645568,         0,         0,   119.9,standalone_exact_mw,20c8daca17953576b13a32f59e5f9cb54485b277119f4e6925e9023b8dd1f351,"{""distance"":7,""physical_error_rate"":0.002}","{""detection_events"":10315150,""detectors_checked"":1332910080}"
   2748416,         0,         0,   119.8,standalone_exact_mw,b0cacb7fc707c2734ebeeceefd47b6bd6784bf6b65d0613559eb8dd3ed8bcfbc,"{""distance"":7,""physical_error_rate"":0.0005}","{""detection_events"":4341716,""detectors_checked"":2226216960}"
   1570816,         0,         0,   119.8,standalone_exact_mw,b0cacb7fc707c2734ebeeceefd47b6bd6784bf6b65d0613559eb8dd3ed8bcfbc,"{""distance"":7,""physical_error_rate"":0.0005}","{""detection_events"":2485810,""detectors_checked"":1272360960}"
   1819648,         0,         0,   119.7,standalone_exact_mw,8e8e16d7b7d10172304dc167922b352ab88e75bca590a4202cfa41b2b9ea2794,"{""distance"":7,""physical_error_rate"":0.0002}","{""detection_events"":1152383,""detectors_checked"":1473914880}"
    568320,         4,         0,   119.9,standalone_exact_mw,3f3e41bc6b36ed0cfc2fad9d3557a7870f4e21d551182548e920bf13e0232e34,"{""distance"":7,""physical_error_rate"":0.005}","{""detection_events"":8749889,""detectors_checked"":460339200,""obs_mistake_mask=E"":4}"
    630784,         1,         0,   120.0,standalone_exact_mw,3f3e41bc6b36ed0cfc2fad9d3557a7870f4e21d551182548e920bf13e0232e34,"{""distance"":7,""physical_error_rate"":0.005}","{""detection_events"":9703858,""detectors_checked"":510935040,""obs_mistake_mask=E"":1}"
    794624,         0,         0,   120.2,standalone_exact_mw,20c8daca17953576b13a32f59e5f9cb54485b277119f4e6925e9023b8dd1f351,"{""distance"":7,""physical_error_rate"":0.002}","{""detection_events"":4977951,""detectors_checked"":643645440}"
   1405952,         0,         0,   119.7,standalone_exact_mw,b0cacb7fc707c2734ebeeceefd47b6bd6784bf6b65d0613559eb8dd3ed8bcfbc,"{""distance"":7,""physical_error_rate"":0.0005}","{""detection_events"":2219885,""detectors_checked"":1138821120}"
   4881408,         0,         0,   119.8,standalone_exact_mw,8e8e16d7b7d10172304dc167922b352ab88e75bca590a4202cfa41b2b9ea2794,"{""distance"":7,""physical_error_rate"":0.0002}","{""detection_events"":3089405,""detectors_checked"":3953940480}"
    815104,         0,         0,   120.0,standalone_exact_mw,20c8daca17953576b13a32f59e5f9cb54485b277119f4e6925e9023b8dd1f351,"{""distance"":7,""physical_error_rate"":0.002}","{""detection_events"":5106176,""detectors_checked"":660234240}"
   1108992,         0,         0,   119.9,standalone_exact_mw,c63d9dbf283cbe8d7d2c9891770aca900c170ab5c3de0408fa399997170cec3d,"{""distance"":7,""physical_error_rate"":0.001}","{""detection_events"":3495387,""detectors_checked"":898283520}"
   1005568,         0,         0,   119.8,standalone_exact_mw,c63d9dbf283cbe8d7d2c9891770aca900c170ab5c3de0408fa399997170cec3d,"{""distance"":7,""physical_error_rate"":0.001}","{""detection_events"":3168442,""detectors_checked"":814510080}"
   1054720,         0,         0,   119.9,standalone_exact_mw,c63d9dbf283cbe8d7d2c9891770aca900c170ab5c3de0408fa399997170cec3d,"{""distance"":7,""physical_error_rate"":0.001}","{""detection_events"":3329384,""detectors_checked"":854323200}"
   1589248,        10,         0,   120.0,standalone_exact_mw,3f3e41bc6b36ed0cfc2fad9d3557a7870f4e21d551182548e920bf13e0232e34,"{""distance"":7,""physical_error_rate"":0.005}","{""detection_events"":24470566,""detectors_checked"":1287290880,""obs_mistake_mask=E"":10}"
    647168,         0,         0,   120.0,standalone_exact_mw,20c8daca17953576b13a32f59e5f9cb54485b277119f4e6925e9023b8dd1f351,"{""distance"":7,""physical_error_rate"":0.002}","{""detection_events"":4053293,""detectors_checked"":524206080}"
   1176576,         0,         0,   119.9,standalone_exact_mw,b0cacb7fc707c2734ebeeceefd47b6bd6784bf6b65d0613559eb8dd3ed8bcfbc,"{""distance"":7,""physical_error_rate"":0.0005}","{""detection_events"":1860308,""detectors_checked"":953026560}"
   4834304,         0,         0,   119.8,standalone_exact_mw,8e8e16d7b7d10172304dc167922b352ab88e75bca590a4202cfa41b2b9ea2794,"{""distance"":7,""physical_error_rate"":0.0002}","{""detection_events"":3067963,""detectors_checked"":3915786240}"
   1918976,         0,         0,   119.7,standalone_exact_mw,8e8e16d7b7d10172304dc167922b352ab88e75bca590a4202cfa41b2b9ea2794,"{""distance"":7,""physical_error_rate"":0.0002}","{""detection_events"":1214947,""detectors_checked"":1554370560}"
   1744896,         0,         0,   119.6,standalone_exact_mw,8e8e16d7b7d10172304dc167922b352ab88e75bca590a4202cfa41b2b9ea2794,"{""distance"":7,""physical_error_rate"":0.0002}","{""detection_events"":1105315,""detectors_checked"":1413365760}"
   1472512,         0,         0,   119.8,standalone_exact_mw,c63d9dbf283cbe8d7d2c9891770aca900c170ab5c3de0408fa399997170cec3d,"{""distance"":7,""physical_error_rate"":0.001}","{""detection_events"":4642999,""detectors_checked"":1192734720}"
   2522112,         0,         0,   119.6,standalone_exact_mw,8e8e16d7b7d10172304dc167922b352ab88e75bca590a4202cfa41b2b9ea2794,"{""distance"":7,""physical_error_rate"":0.0002}","{""detection_events"":1596985,""detectors_checked"":2042910720}"
    634880,         4,         0,   119.9,standalone_exact_mw,3f3e41bc6b36ed0cfc2fad9d3557a7870f4e21d551182548e920bf13e0232e34,"{""distance"":7,""physical_error_rate"":0.005}","{""detection_events"":9774541,""detectors_checked"":514252800,""obs_mistake_mask=E"":4}"
   1082368,         0,         0,   119.9,standalone_exact_mw,c63d9dbf283cbe8d7d2c9891770aca900c170ab5c3de0408fa399997170cec3d,"{""distance"":7,""physical_error_rate"":0.001}","{""detection_events"":3406263,""detectors_checked"":876718080}"
   1867776,         0,         0,   119.9,standalone_exact_mw,20c8daca17953576b13a32f59e5f9cb54485b277119f4e6925e9023b8dd1f351,"{""distance"":7,""physical_error_rate"":0.002}","{""detection_events"":11705928,""detectors_checked"":1512898560}"
    820224,         3,         0,   119.8,standalone_exact_mw,3f3e41bc6b36ed0cfc2fad9d3557a7870f4e21d551182548e920bf13e0232e34,"{""distance"":7,""physical_error_rate"":0.005}","{""detection_events"":12620989,""detectors_checked"":664381440,""obs_mistake_mask=E"":3}"
   4826112,         0,         0,   119.8,standalone_exact_mw,8e8e16d7b7d10172304dc167922b352ab88e75bca590a4202cfa41b2b9ea2794,"{""distance"":7,""physical_error_rate"":0.0002}","{""detection_events"":3056997,""detectors_checked"":3909150720}"
    519168,         1,         0,   119.9,standalone_exact_mw,3f3e41bc6b36ed0cfc2fad9d3557a7870f4e21d551182548e920bf13e0232e34,"{""distance"":7,""physical_error_rate"":0.005}","{""detection_events"":7999046,""detectors_checked"":420526080,""obs_mistake_mask=E"":1}"
   2871296,         0,         0,   119.7,standalone_exact_mw,8e8e16d7b7d10172304dc167922b352ab88e75bca590a4202cfa41b2b9ea2794,"{""distance"":7,""physical_error_rate"":0.0002}","{""detection_events"":1818785,""detectors_checked"":2325749760}"
    898048,         1,         0,   119.9,standalone_exact_mw,3f3e41bc6b36ed0cfc2fad9d3557a7870f4e21d551182548e920bf13e0232e34,"{""distance"":7,""physical_error_rate"":0.005}","{""detection_events"":13817883,""detectors_checked"":727418880,""obs_mistake_mask=E"":1}"
    891904,         0,         0,   119.7,standalone_exact_mw,b0cacb7fc707c2734ebeeceefd47b6bd6784bf6b65d0613559eb8dd3ed8bcfbc,"{""distance"":7,""physical_error_rate"":0.0005}","{""detection_events"":1404974,""detectors_checked"":722442240}"
   1115136,         0,         0,   119.9,standalone_exact_mw,c63d9dbf283cbe8d7d2c9891770aca900c170ab5c3de0408fa399997170cec3d,"{""distance"":7,""physical_error_rate"":0.001}","{""detection_events"":3516814,""detectors_checked"":903260160}"
    699392,         7,         0,   119.9,standalone_exact_mw,3f3e41bc6b36ed0cfc2fad9d3557a7870f4e21d551182548e920bf13e0232e34,"{""distance"":7,""physical_error_rate"":0.005}","{""detection_events"":10757039,""detectors_checked"":566507520,""obs_mistake_mask=E"":7}"
   1584128,         0,         0,   119.8,standalone_exact_mw,b0cacb7fc707c2734ebeeceefd47b6bd6784bf6b65d0613559eb8dd3ed8bcfbc,"{""distance"":7,""physical_error_rate"":0.0005}","{""detection_events"":2502407,""detectors_checked"":1283143680}"
   1802240,         0,         0,   119.7,standalone_exact_mw,b0cacb7fc707c2734ebeeceefd47b6bd6784bf6b65d0613559eb8dd3ed8bcfbc,"{""distance"":7,""physical_error_rate"":0.0005}","{""detection_events"":2845249,""detectors_checked"":1459814400}"
   1150976,         0,         0,   119.7,standalone_exact_mw,b0cacb7fc707c2734ebeeceefd47b6bd6784bf6b65d0613559eb8dd3ed8bcfbc,"{""distance"":7,""physical_error_rate"":0.0005}","{""detection_events"":1819381,""detectors_checked"":932290560}"
    723968,         0,         0,   119.9,standalone_exact_mw,20c8daca17953576b13a32f59e5f9cb54485b277119f4e6925e9023b8dd1f351,"{""distance"":7,""physical_error_rate"":0.002}","{""detection_events"":4530581,""detectors_checked"":586414080}"
   3492864,         0,         0,   119.9,standalone_exact_mw,b0cacb7fc707c2734ebeeceefd47b6bd6784bf6b65d0613559eb8dd3ed8bcfbc,"{""distance"":7,""physical_error_rate"":0.0005}","{""detection_events"":5531894,""detectors_checked"":2829219840}"
    728064,         2,         0,   120.0,standalone_exact_mw,3f3e41bc6b36ed0cfc2fad9d3557a7870f4e21d551182548e920bf13e0232e34,"{""distance"":7,""physical_error_rate"":0.005}","{""detection_events"":11200422,""detectors_checked"":589731840,""obs_mistake_mask=E"":2}"
    750592,         0,         0,   119.9,standalone_exact_mw,20c8daca17953576b13a32f59e5f9cb54485b277119f4e6925e9023b8dd1f351,"{""distance"":7,""physical_error_rate"":0.002}","{""detection_events"":4705573,""detectors_checked"":607979520}"
   2343936,         0,         0,   119.7,standalone_exact_mw,8e8e16d7b7d10172304dc167922b352ab88e75bca590a4202cfa41b2b9ea2794,"{""distance"":7,""physical_error_rate"":0.0002}","{""detection_events"":1484904,""detectors_checked"":1898588160}"
   1195008,         0,         0,   119.8,standalone_exact_mw,b0cacb7fc707c2734ebeeceefd47b6bd6784bf6b65d0613559eb8dd3ed8bcfbc,"{""distance"":7,""physical_error_rate"":0.0005}","{""detection_events"":1887975,""detectors_checked"":967956480}"
    815104,         0,         0,   120.1,standalone_exact_mw,c63d9dbf283cbe8d7d2c9891770aca900c170ab5c3de0408fa399997170cec3d,"{""distance"":7,""physical_error_rate"":0.001}","{""detection_events"":2571742,""detectors_checked"":660234240}"
    915456,         0,         0,   119.9,standalone_exact_mw,c63d9dbf283cbe8d7d2c9891770aca900c170ab5c3de0408fa399997170cec3d,"{""distance"":7,""physical_error_rate"":0.001}","{""detection_events"":2884611,""detectors_checked"":741519360}"
   2563072,         0,         0,   119.9,standalone_exact_mw,c63d9dbf283cbe8d7d2c9891770aca900c170ab5c3de0408fa399997170cec3d,"{""distance"":7,""physical_error_rate"":0.001}","{""detection_events"":8078133,""detectors_checked"":2076088320}"
   2058240,         0,         0,   119.9,standalone_exact_mw,c63d9dbf283cbe8d7d2c9891770aca900c170ab5c3de0408fa399997170cec3d,"{""distance"":7,""physical_error_rate"":0.001}","{""detection_events"":6483550,""detectors_checked"":1667174400}"
   1150976,         0,         0,   119.8,standalone_exact_mw,c63d9dbf283cbe8d7d2c9891770aca900c170ab5c3de0408fa399997170cec3d,"{""distance"":7,""physical_error_rate"":0.001}","{""detection_events"":3628829,""detectors_checked"":932290560}"
    892928,         0,         0,   119.9,standalone_exact_mw,20c8daca17953576b13a32f59e5f9cb54485b277119f4e6925e9023b8dd1f351,"{""distance"":7,""physical_error_rate"":0.002}","{""detection_events"":5594253,""detectors_checked"":723271680}"
   3786752,         0,         0,   119.7,standalone_exact_mw,8e8e16d7b7d10172304dc167922b352ab88e75bca590a4202cfa41b2b9ea2794,"{""distance"":7,""physical_error_rate"":0.0002}","{""detection_events"":2403971,""detectors_checked"":3067269120}"
   4918272,         0,         0,   119.8,standalone_exact_mw,8e8e16d7b7d10172304dc167922b352ab88e75bca590a4202cfa41b2b9ea2794,"{""distance"":7,""physical_error_rate"":0.0002}","{""detection_events"":3120528,""detectors_checked"":3983800320}"
   2247680,         0,         0,   119.7,standalone_exact_mw,8e8e16d7b7d10172304dc167922b352ab88e75bca590a4202cfa41b2b9ea2794,"{""distance"":7,""physical_error_rate"":0.0002}","{""detection_events"":1423369,""detectors_checked"":1820620800}"
    980992,         0,         0,   119.9,standalone_exact_mw,20c8daca17953576b13a32f59e5f9cb54485b277119f4e6925e9023b8dd1f351,"{""distance"":7,""physical_error_rate"":0.002}","{""detection_events"":6148119,""detectors_checked"":794603520}"
   2925568,         0,         0,   119.8,standalone_exact_mw,b0cacb7fc707c2734ebeeceefd47b6bd6784bf6b65d0613559eb8dd3ed8bcfbc,"{""distance"":7,""physical_error_rate"":0.0005}","{""detection_events"":4629677,""detectors_checked"":2369710080}"
   1650688,         0,         0,   119.8,standalone_exact_mw,b0cacb7fc707c2734ebeeceefd47b6bd6784bf6b65d0613559eb8dd3ed8bcfbc,"{""distance"":7,""physical_error_rate"":0.0005}","{""detection_events"":2608566,""detectors_checked"":1337057280}"
   1665024,         0,         0,   119.9,standalone_exact_mw,b0cacb7fc707c2734ebeeceefd47b6bd6784bf6b65d0613559eb8dd3ed8bcfbc,"{""distance"":7,""physical_error_rate"":0.0005}","{""detection_events"":2631590,""detectors_checked"":1348669440}"
    772096,         5,         0,   120.0,standalone_exact_mw,3f3e41bc6b36ed0cfc2fad9d3557a7870f4e21d551182548e920bf13e0232e34,"{""distance"":7,""physical_error_rate"":0.005}","{""detection_events"":11896330,""detectors_checked"":625397760,""obs_mistake_mask=E"":5}"
   3971072,         0,         0,   119.8,standalone_exact_mw,8e8e16d7b7d10172304dc167922b352ab88e75bca590a4202cfa41b2b9ea2794,"{""distance"":7,""physical_error_rate"":0.0002}","{""detection_events"":2514242,""detectors_checked"":3216568320}"
   1081344,         0,         0,   120.0,standalone_exact_mw,20c8daca17953576b13a32f59e5f9cb54485b277119f4e6925e9023b8dd1f351,"{""distance"":7,""physical_error_rate"":0.002}","{""detection_events"":6777691,""detectors_checked"":875888640}"
   2289664,         0,         0,   119.9,standalone_exact_mw,c63d9dbf283cbe8d7d2c9891770aca900c170ab5c3de0408fa399997170cec3d,"{""distance"":7,""physical_error_rate"":0.001}","{""detection_events"":7213719,""detectors_checked"":1854627840}"
    578560,         1,         0,   120.0,standalone_exact_mw,3f3e41bc6b36ed0cfc2fad9d3557a7870f4e21d551182548e920bf13e0232e34,"{""distance"":7,""physical_error_rate"":0.005}","{""detection_events"":8905908,""detectors_checked"":468633600,""obs_mistake_mask=E"":1}"
    817152,         0,         0,   120.1,standalone_exact_mw,20c8daca17953576b13a32f59e5f9cb54485b277119f4e6925e9023b8dd1f351,"{""distance"":7,""physical_error_rate"":0.002}","{""detection_events"":5118339,""detectors_checked"":661893120}"
    852992,         5,         0,   120.0,standalone_exact_mw,3f3e41bc6b36ed0cfc2fad9d3557a7870f4e21d551182548e920bf13e0232e34,"{""distance"":7,""physical_error_rate"":0.005}","{""detection_events"":13128686,""detectors_checked"":690923520,""obs_mistake_mask=E"":5}"
   1254400,         0,         0,   119.8,standalone_exact_mw,c63d9dbf283cbe8d7d2c9891770aca900c170ab5c3de0408fa399997170cec3d,"{""distance"":7,""physical_error_rate"":0.001}","{""detection_events"":3951603,""detectors_checked"":1016064000}"
    838656,         0,         0,   119.9,standalone_exact_mw,20c8daca17953576b13a32f59e5f9cb54485b277119f4e6925e9023b8dd1f351,"{""distance"":7,""physical_error_rate"":0.002}","{""detection_events"":5262263,""detectors_checked"":679311360}"
    819200,         0,         0,   120.1,standalone_exact_mw,20c8daca17953576b13a32f59e5f9cb54485b277119f4e6925e9023b8dd1f351,"{""distance"":7,""physical_error_rate"":0.002}","{""detection_events"":5122357,""detectors_checked"":663552000}"
   1640448,         1,         0,   119.9,standalone_exact_mw,20c8daca17953576b13a32f59e5f9cb54485b277119f4e6925e9023b8dd1f351,"{""distance"":7,""physical_error_rate"":0.002}","{""detection_events"":10283856,""detectors_checked"":1328762880,""obs_mistake_mask=E"":1}"
   2468864,         0,         0,   119.8,standalone_exact_mw,b0cacb7fc707c2734ebeeceefd47b6bd6784bf6b65d0613559eb8dd3ed8bcfbc,"{""distance"":7,""physical_error_rate"":0.0005}","{""detection_events"":3902135,""detectors_checked"":1999779840}"
   1562624,         0,         0,   119.8,standalone_exact_mw,b0cacb7fc707c2734ebeeceefd47b6bd6784bf6b65d0613559eb8dd3ed8bcfbc,"{""distance"":7,""physical_error_rate"":0.0005}","{""detection_events"":2470955,""detectors_checked"":1265725440}"
   1788928,         0,         0,   119.7,standalone_exact_mw,8e8e16d7b7d10172304dc167922b352ab88e75bca590a4202cfa41b2b9ea2794,"{""distance"":7,""physical_error_rate"":0.0002}","{""detection_events"":1132313,""detectors_checked"":1449031680}"
    451584,         4,         0,   119.9,standalone_exact_mw,3f3e41bc6b36ed0cfc2fad9d3557a7870f4e21d551182548e920bf13e0232e34,"{""distance"":7,""physical_error_rate"":0.005}","{""detection_events"":6947755,""detectors_checked"":365783040,""obs_mistake_mask=E"":4}"
    646144,         1,         0,   119.9,standalone_exact_mw,3f3e41bc6b36ed0cfc2fad9d3557a7870f4e21d551182548e920bf13e0232e34,"{""distance"":7,""physical_error_rate"":0.005}","{""detection_events"":9937795,""detectors_checked"":523376640,""obs_mistake_mask=E"":1}"
    896000,         0,         0,   119.9,standalone_exact_mw,20c8daca17953576b13a32f59e5f9cb54485b277119f4e6925e9023b8dd1f351,"{""distance"":7,""physical_error_rate"":0.002}","{""detection_events"":5619126,""detectors_checked"":725760000}"
   1400832,         0,         0,   119.7,standalone_exact_mw,b0cacb7fc707c2734ebeeceefd47b6bd6784bf6b65d0613559eb8dd3ed8bcfbc,"{""distance"":7,""physical_error_rate"":0.0005}","{""detection_events"":2213243,""detectors_checked"":1134673920}"
   4877312,         0,         0,   119.8,standalone_exact_mw,8e8e16d7b7d10172304dc167922b352ab88e75bca590a4202cfa41b2b9ea2794,"{""distance"":7,""physical_error_rate"":0.0002}","{""detection_events"":3087136,""detectors_checked"":3950622720}"
    798720,         0,         0,   119.9,standalone_exact_mw,20c8daca17953576b13a32f59e5f9cb54485b277119f4e6925e9023b8dd1f351,"{""distance"":7,""physical_error_rate"":0.002}","{""detection_events"":5003885,""detectors_checked"":646963200}"
    877568,         0,         0,   119.9,standalone_exact_mw,c63d9dbf283cbe8d7d2c9891770aca900c170ab5c3de0408fa399997170cec3d,"{""distance"":7,""physical_error_rate"":0.001}","{""detection_events"":2765322,""detectors_checked"":710830080}"
   1088512,         0,         0,   119.9,standalone_exact_mw,c63d9dbf283cbe8d7d2c9891770aca900c170ab5c3de0408fa399997170cec3d,"{""distance"":7,""physical_error_rate"":0.001}","{""detection_events"":3432817,""detectors_checked"":881694720}"
   1138688,         0,         0,   120.0,standalone_exact_mw,c63d9dbf283cbe8d7d2c9891770aca900c170ab5c3de0408fa399997170cec3d,"{""distance"":7,""physical_error_rate"":0.001}","{""detection_events"":3590111,""detectors_checked"":922337280}"
   1590272,         7,         0,   119.9,standalone_exact_mw,3f3e41bc6b36ed0cfc2fad9d3557a7870f4e21d551182548e920bf13e0232e34,"{""distance"":7,""physical_error_rate"":0.005}","{""detection_events"":24475029,""detectors_checked"":1288120320,""obs_mistake_mask=E"":7}"
    634880,         0,         0,   120.0,standalone_exact_mw,20c8daca17953576b13a32f59e5f9cb54485b277119f4e6925e9023b8dd1f351,"{""distance"":7,""physical_error_rate"":0.002}","{""detection_events"":3982628,""detectors_checked"":514252800}"
   1283072,         0,         0,   119.8,standalone_exact_mw,b0cacb7fc707c2734ebeeceefd47b6bd6784bf6b65d0613559eb8dd3ed8bcfbc,"{""distance"":7,""physical_error_rate"":0.0005}","{""detection_events"":2027675,""detectors_checked"":1039288320}"
   4824064,         0,         0,   119.8,standalone_exact_mw,8e8e16d7b7d10172304dc167922b352ab88e75bca590a4202cfa41b2b9ea2794,"{""distance"":7,""physical_error_rate"":0.0002}","{""detection_events"":3053691,""detectors_checked"":3907491840}"
   1772544,         0,         0,   119.8,standalone_exact_mw,8e8e16d7b7d10172304dc167922b352ab88e75bca590a4202cfa41b2b9ea2794,"{""distance"":7,""physical_error_rate"":0.0002}","{""detection_events"":1122278,""detectors_checked"":1435760640}"
   1920000,         0,         0,   119.7,standalone_exact_mw,8e8e16d7b7d10172304dc167922b352ab88e75bca590a4202cfa41b2b9ea2794,"{""distance"":7,""physical_error_rate"":0.0002}","{""detection_events"":1215550,""detectors_checked"":1555200000}"
   1391616,         0,         0,   119.9,standalone_exact_mw,c63d9dbf283cbe8d7d2c9891770aca900c170ab5c3de0408fa399997170cec3d,"{""distance"":7,""physical_error_rate"":0.001}","{""detection_events"":4387379,""detectors_checked"":1127208960}"
   2599936,         0,         0,   119.6,standalone_exact_mw,8e8e16d7b7d10172304dc167922b352ab88e75bca590a4202cfa41b2b9ea2794,"{""distance"":7,""physical_error_rate"":0.0002}","{""detection_events"":1645780,""detectors_checked"":2105948160}"
    563200,         2,         0,   120.0,standalone_exact_mw,3f3e41bc6b36ed0cfc2fad9d3557a7870f4e21d551182548e920bf13e0232e34,"{""distance"":7,""physical_error_rate"":0.005}","{""detection_events"":8666358,""detectors_checked"":456192000,""obs_mistake_mask=E"":2}"
    931840,         0,         0,   120.0,standalone_exact_mw,c63d9dbf283cbe8d7d2c9891770aca900c170ab5c3de0408fa399997170cec3d,"{""distance"":7,""physical_error_rate"":0.001}","{""detection_events"":2939021,""detectors_checked"":754790400}"
   1864704,         0,         0,   119.9,standalone_exact_mw,20c8daca17953576b13a32f59e5f9cb54485b277119f4e6925e9023b8dd1f351,"{""distance"":7,""physical_error_rate"":0.002}","{""detection_events"":11693605,""detectors_checked"":1510410240}"
    789504,         1,         0,   120.0,standalone_exact_mw,3f3e41bc6b36ed0cfc2fad9d3557a7870f4e21d551182548e920bf13e0232e34,"{""distance"":7,""physical_error_rate"":0.005}","{""detection_events"":12153834,""detectors_checked"":639498240,""obs_mistake_mask=E"":1}"
   4820992,         0,         0,   119.8,standalone_exact_mw,8e8e16d7b7d10172304dc167922b352ab88e75bca590a4202cfa41b2b9ea2794,"{""distance"":7,""physical_error_rate"":0.0002}","{""detection_events"":3053820,""detectors_checked"":3905003520}"
    604160,         4,         0,   119.9,standalone_exact_mw,3f3e41bc6b36ed0cfc2fad9d3557a7870f4e21d551182548e920bf13e0232e34,"{""distance"":7,""physical_error_rate"":0.005}","{""detection_events"":9307379,""detectors_checked"":489369600,""obs_mistake_mask=E"":4}"
   2600960,         0,         0,   119.7,standalone_exact_mw,8e8e16d7b7d10172304dc167922b352ab88e75bca590a4202cfa41b2b9ea2794,"{""distance"":7,""physical_error_rate"":0.0002}","{""detection_events"":1645753,""detectors_checked"":2106777600}"
    818176,         4,         0,   120.0,standalone_exact_mw,3f3e41bc6b36ed0cfc2fad9d3557a7870f4e21d551182548e920bf13e0232e34,"{""distance"":7,""physical_error_rate"":0.005}","{""detection_events"":12599770,""detectors_checked"":662722560,""obs_mistake_mask=E"":4}"
    880640,         0,         0,   119.8,standalone_exact_mw,b0cacb7fc707c2734ebeeceefd47b6bd6784bf6b65d0613559eb8dd3ed8bcfbc,"{""distance"":7,""physical_error_rate"":0.0005}","{""detection_events"":1393715,""detectors_checked"":713318400}"
    937984,         0,         0,   119.9,standalone_exact_mw,c63d9dbf283cbe8d7d2c9891770aca900c170ab5c3de0408fa399997170cec3d,"{""distance"":7,""physical_error_rate"":0.001}","{""detection_events"":2954738,""detectors_checked"":759767040}"
    625664,         4,         0,   120.0,standalone_exact_mw,3f3e41bc6b36ed0cfc2fad9d3557a7870f4e21d551182548e920bf13e0232e34,"{""distance"":7,""physical_error_rate"":0.005}","{""detection_events"":9632881,""detectors_checked"":506787840,""obs_mistake_mask=E"":4}"
   1247232,         0,         0,   119.7,standalone_exact_mw,b0cacb7fc707c2734ebeeceefd47b6bd6784bf6b65d0613559eb8dd3ed8bcfbc,"{""distance"":7,""physical_error_rate"":0.0005}","{""detection_events"":1973655,""detectors_checked"":1010257920}"
   1744896,         0,         0,   119.7,standalone_exact_mw,b0cacb7fc707c2734ebeeceefd47b6bd6784bf6b65d0613559eb8dd3ed8bcfbc,"{""distance"":7,""physical_error_rate"":0.0005}","{""detection_events"":2759768,""detectors_checked"":1413365760}"
   1441792,         0,         0,   119.8,standalone_exact_mw,b0cacb7fc707c2734ebeeceefd47b6bd6784bf6b65d0613559eb8dd3ed8bcfbc,"{""distance"":7,""physical_error_rate"":0.0005}","{""detection_events"":2280270,""detectors_checked"":1167851520}"
    712704,         0,         0,   119.9,standalone_exact_mw,20c8daca17953576b13a32f59e5f9cb54485b277119f4e6925e9023b8dd1f351,"{""distance"":7,""physical_error_rate"":0.002}","{""detection_events"":4468942,""detectors_checked"":577290240}"
   3489792,         0,         0,   119.8,standalone_exact_mw,b0cacb7fc707c2734ebeeceefd47b6bd6784bf6b65d0613559eb8dd3ed8bcfbc,"{""distance"":7,""physical_error_rate"":0.0005}","{""detection_events"":5519278,""detectors_checked"":2826731520}"
    755712,         6,         0,   120.0,standalone_exact_mw,3f3e41bc6b36ed0cfc2fad9d3557a7870f4e21d551182548e920bf13e0232e34,"{""distance"":7,""physical_error_rate"":0.005}","{""detection_events"":11630768,""detectors_checked"":612126720,""obs_mistake_mask=E"":6}"
    745472,         0,         0,   119.9,standalone_exact_mw,20c8daca17953576b13a32f59e5f9cb54485b277119f4e6925e9023b8dd1f351,"{""distance"":7,""physical_error_rate"":0.002}","{""detection_events"":4666793,""detectors_checked"":603832320}"
   2433024,         0,         0,   119.8,standalone_exact_mw,8e8e16d7b7d10172304dc167922b352ab88e75bca590a4202cfa41b2b9ea2794,"{""distance"":7,""physical_error_rate"":0.0002}","{""detection_events"":1541421,""detectors_checked"":1970749440}"
   1208320,         0,         0,   119.9,standalone_exact_mw,b0cacb7fc707c2734ebeeceefd47b6bd6784bf6b65d0613559eb8dd3ed8bcfbc,"{""distance"":7,""physical_error_rate"":0.0005}","{""detection_events"":1908373,""detectors_checked"":978739200}"
    894976,         0,         0,   119.9,standalone_exact_mw,c63d9dbf283cbe8d7d2c9891770aca900c170ab5c3de0408fa399997170cec3d,"{""distance"":7,""physical_error_rate"":0.001}","{""detection_events"":2817440,""detectors_checked"":724930560}"
    953344,         0,         0,   119.9,standalone_exact_mw,c63d9dbf283cbe8d7d2c9891770aca900c170ab5c3de0408fa399997170cec3d,"{""distance"":7,""physical_error_rate"":0.001}","{""detection_events"":3002882,""detectors_checked"":772208640}"
   2564096,         0,         0,   119.9,standalone_exact_mw,c63d9dbf283cbe8d7d2c9891770aca900c170ab5c3de0408fa399997170cec3d,"{""distance"":7,""physical_error_rate"":0.001}","{""detection_events"":8079379,""detectors_checked"":2076917760}"
   2132992,         0,         0,   119.9,standalone_exact_mw,c63d9dbf283cbe8d7d2c9891770aca900c170ab5c3de0408fa399997170cec3d,"{""distance"":7,""physical_error_rate"":0.001}","{""detection_events"":6721399,""detectors_checked"":1727723520}"
   1071104,         0,         0,   119.9,standalone_exact_mw,c63d9dbf283cbe8d7d2c9891770aca900c170ab5c3de0408fa399997170cec3d,"{""distance"":7,""physical_error_rate"":0.001}","{""detection_events"":3380995,""detectors_checked"":867594240}"
    847872,         0,         0,   119.9,standalone_exact_mw,20c8daca17953576b13a32f59e5f9cb54485b277119f4e6925e9023b8dd1f351,"{""distance"":7,""physical_error_rate"":0.002}","{""detection_events"":5311942,""detectors_checked"":686776320}"
   4037632,         0,         0,   119.8,standalone_exact_mw,8e8e16d7b7d10172304dc167922b352ab88e75bca590a4202cfa41b2b9ea2794,"{""distance"":7,""physical_error_rate"":0.0002}","{""detection_events"":2562122,""detectors_checked"":3270481920}"
   4922368,         0,         0,   119.8,standalone_exact_mw,8e8e16d7b7d10172304dc167922b352ab88e75bca590a4202cfa41b2b9ea2794,"{""distance"":7,""physical_error_rate"":0.0002}","{""detection_events"":3117938,""detectors_checked"":3987118080}"
   2372608,         0,         0,   119.8,standalone_exact_mw,8e8e16d7b7d10172304dc167922b352ab88e75bca590a4202cfa41b2b9ea2794,"{""distance"":7,""physical_error_rate"":0.0002}","{""detection_events"":1502061,""detectors_checked"":1921812480}"
   1014784,         0,         0,   120.0,standalone_exact_mw,20c8daca17953576b13a32f59e5f9cb54485b277119f4e6925e9023b8dd1f351,"{""distance"":7,""physical_error_rate"":0.002}","{""detection_events"":6355068,""detectors_checked"":821975040}"
   2879488,         0,         0,   119.8,standalone_exact_mw,b0cacb7fc707c2734ebeeceefd47b6bd6784bf6b65d0613559eb8dd3ed8bcfbc,"{""distance"":7,""physical_error_rate"":0.0005}","{""detection_events"":4555404,""detectors_checked"":2332385280}"
   1592320,         0,         0,   119.8,standalone_exact_mw,b0cacb7fc707c2734ebeeceefd47b6bd6784bf6b65d0613559eb8dd3ed8bcfbc,"{""distance"":7,""physical_error_rate"":0.0005}","{""detection_events"":2518258,""detectors_checked"":1289779200}"
   1703936,         0,         0,   119.8,standalone_exact_mw,b0cacb7fc707c2734ebeeceefd47b6bd6784bf6b65d0613559eb8dd3ed8bcfbc,"{""distance"":7,""physical_error_rate"":0.0005}","{""detection_events"":2690748,""detectors_checked"":1380188160}"
    770048,         3,         0,   120.0,standalone_exact_mw,3f3e41bc6b36ed0cfc2fad9d3557a7870f4e21d551182548e920bf13e0232e34,"{""distance"":7,""physical_error_rate"":0.005}","{""detection_events"":11856879,""detectors_checked"":623738880,""obs_mistake_mask=E"":3}"
   4071424,         0,         0,   119.8,standalone_exact_mw,8e8e16d7b7d10172304dc167922b352ab88e75bca590a4202cfa41b2b9ea2794,"{""distance"":7,""physical_error_rate"":0.0002}","{""detection_events"":2574168,""detectors_checked"":3297853440}"
   1025024,         0,         0,   119.8,standalone_exact_mw,20c8daca17953576b13a32f59e5f9cb54485b277119f4e6925e9023b8dd1f351,"{""distance"":7,""physical_error_rate"":0.002}","{""detection_events"":6424278,""detectors_checked"":830269440}"
   2171904,         0,         0,   120.0,standalone_exact_mw,c63d9dbf283cbe8d7d2c9891770aca900c170ab5c3de0408fa399997170cec3d,"{""distance"":7,""physical_error_rate"":0.001}","{""detection_events"":6843376,""detectors_checked"":1759242240}"
    672768,         5,         0,   120.1,standalone_exact_mw,3f3e41bc6b36ed0cfc2fad9d3557a7870f4e21d551182548e920bf13e0232e34,"{""distance"":7,""physical_error_rate"":0.005}","{""detection_events"":10352380,""detectors_checked"":544942080,""obs_mistake_mask=E"":5}"
    840704,         4,         0,   119.9,standalone_exact_mw,3f3e41bc6b36ed0cfc2fad9d3557a7870f4e21d551182548e920bf13e0232e34,"{""distance"":7,""physical_error_rate"":0.005}","{""detection_events"":12950025,""detectors_checked"":680970240,""obs_mistake_mask=E"":4}"
    817152,         0,         0,   120.0,standalone_exact_mw,20c8daca17953576b13a32f59e5f9cb54485b277119f4e6925e9023b8dd1f351,"{""distance"":7,""physical_error_rate"":0.002}","{""detection_events"":5112562,""detectors_checked"":661893120}"
   1288192,         0,         0,   119.8,standalone_exact_mw,c63d9dbf283cbe8d7d2c9891770aca900c170ab5c3de0408fa399997170cec3d,"{""distance"":7,""physical_error_rate"":0.001}","{""detection_events"":4059167,""detectors_checked"":1043435520}"
    841728,         0,         0,   120.0,standalone_exact_mw,20c8daca17953576b13a32f59e5f9cb54485b277119f4e6925e9023b8dd1f351,"{""distance"":7,""physical_error_rate"":0.002}","{""detection_events"":5270179,""detectors_checked"":681799680}"
    740352,         0,         0,   119.9,standalone_exact_mw,20c8daca17953576b13a32f59e5f9cb54485b277119f4e6925e9023b8dd1f351,"{""distance"":7,""physical_error_rate"":0.002}","{""detection_events"":4639238,""detectors_checked"":599685120}"
   1669120,         0,         0,   119.9,standalone_exact_mw,20c8daca17953576b13a32f59e5f9cb54485b277119f4e6925e9023b8dd1f351,"{""distance"":7,""physical_error_rate"":0.002}","{""detection_events"":10449793,""detectors_checked"":1351987200}"
   2951168,         0,         0,   119.9,standalone_exact_mw,b0cacb7fc707c2734ebeeceefd47b6bd6784bf6b65d0613559eb8dd3ed8bcfbc,"{""distance"":7,""physical_error_rate"":0.0005}","{""detection_events"":4663068,""detectors_checked"":2390446080}"
   1465344,         0,         0,   119.8,standalone_exact_mw,b0cacb7fc707c2734ebeeceefd47b6bd6784bf6b65d0613559eb8dd3ed8bcfbc,"{""distance"":7,""physical_error_rate"":0.0005}","{""detection_events"":2317253,""detectors_checked"":1186928640}"
   2054144,         0,         0,   119.7,standalone_exact_mw,8e8e16d7b7d10172304dc167922b352ab88e75bca590a4202cfa41b2b9ea2794,"{""distance"":7,""physical_error_rate"":0.0002}","{""detection_events"":1302001,""detectors_checked"":1663856640}"
    478208,         1,         0,   120.0,standalone_exact_mw,3f3e41bc6b36ed0cfc2fad9d3557a7870f4e21d551182548e920bf13e0232e34,"{""distance"":7,""physical_error_rate"":0.005}","{""detection_events"":7364317,""detectors_checked"":387348480,""obs_mistake_mask=E"":1}"
    591872,         2,         0,   120.1,standalone_exact_mw,3f3e41bc6b36ed0cfc2fad9d3557a7870f4e21d551182548e920bf13e0232e34,"{""distance"":7,""physical_error_rate"":0.005}","{""detection_events"":9103401,""detectors_checked"":479416320,""obs_mistake_mask=E"":2}"
    735232,         0,         0,   119.9,standalone_exact_mw,20c8daca17953576b13a32f59e5f9cb54485b277119f4e6925e9023b8dd1f351,"{""distance"":7,""physical_error_rate"":0.002}","{""detection_events"":4606818,""detectors_checked"":595537920}"
   1474560,         0,         0,   119.8,standalone_exact_mw,b0cacb7fc707c2734ebeeceefd47b6bd6784bf6b65d0613559eb8dd3ed8bcfbc,"{""distance"":7,""physical_error_rate"":0.0005}","{""detection_events"":2331053,""detectors_checked"":1194393600}"
   4875264,         0,         0,   119.8,standalone_exact_mw,8e8e16d7b7d10172304dc167922b352ab88e75bca590a4202cfa41b2b9ea2794,"{""distance"":7,""physical_error_rate"":0.0002}","{""detection_events"":3085115,""detectors_checked"":3948963840}"
    746496,         0,         0,   120.0,standalone_exact_mw,20c8daca17953576b13a32f59e5f9cb54485b277119f4e6925e9023b8dd1f351,"{""distance"":7,""physical_error_rate"":0.002}","{""detection_events"":4674569,""detectors_checked"":604661760}"
   1008640,         0,         0,   119.8,standalone_exact_mw,c63d9dbf283cbe8d7d2c9891770aca900c170ab5c3de0408fa399997170cec3d,"{""distance"":7,""physical_error_rate"":0.001}","{""detection_events"":3180564,""detectors_checked"":816998400}"
    978944,         0,         0,   119.9,standalone_exact_mw,c63d9dbf283cbe8d7d2c9891770aca900c170ab5c3de0408fa399997170cec3d,"{""distance"":7,""physical_error_rate"":0.001}","{""detection_events"":3084496,""detectors_checked"":792944640}"
    882688,         0,         0,   119.8,standalone_exact_mw,c63d9dbf283cbe8d7d2c9891770aca900c170ab5c3de0408fa399997170cec3d,"{""distance"":7,""physical_error_rate"":0.001}","{""detection_events"":2782945,""detectors_checked"":714977280}"
   1589248,         8,         0,   119.9,standalone_exact_mw,3f3e41bc6b36ed0cfc2fad9d3557a7870f4e21d551182548e920bf13e0232e34,"{""distance"":7,""physical_error_rate"":0.005}","{""detection_events"":24453871,""detectors_checked"":1287290880,""obs_mistake_mask=E"":8}"
    688128,         0,         0,   120.0,standalone_exact_mw,20c8daca17953576b13a32f59e5f9cb54485b277119f4e6925e9023b8dd1f351,"{""distance"":7,""physical_error_rate"":0.002}","{""detection_events"":4311124,""detectors_checked"":557383680}"
   1275904,         0,         0,   119.9,standalone_exact_mw,b0cacb7fc707c2734ebeeceefd47b6bd6784bf6b65d0613559eb8dd3ed8bcfbc,"{""distance"":7,""physical_error_rate"":0.0005}","{""detection_events"":2010866,""detectors_checked"":1033482240}"
   4829184,         0,         0,   119.8,standalone_exact_mw,8e8e16d7b7d10172304dc167922b352ab88e75bca590a4202cfa41b2b9ea2794,"{""distance"":7,""physical_error_rate"":0.0002}","{""detection_events"":3059934,""detectors_checked"":3911639040}"
   1893376,         0,         0,   119.7,standalone_exact_mw,8e8e16d7b7d10172304dc167922b352ab88e75bca590a4202cfa41b2b9ea2794,"{""distance"":7,""physical_error_rate"":0.0002}","{""detection_events"":1199510,""detectors_checked"":1533634560}"
   1981440,         0,         0,   119.5,standalone_exact_mw,8e8e16d7b7d10172304dc167922b352ab88e75bca590a4202cfa41b2b9ea2794,"{""distance"":7,""physical_error_rate"":0.0002}","{""detection_events"":1256708,""detectors_checked"":1604966400}"
   1377280,         0,         0,   119.9,standalone_exact_mw,c63d9dbf283cbe8d7d2c9891770aca900c170ab5c3de0408fa399997170cec3d,"{""distance"":7,""physical_error_rate"":0.001}","{""detection_events"":4343806,""detectors_checked"":1115596800}"
   2579456,         0,         0,   119.7,standalone_exact_mw,8e8e16d7b7d10172304dc167922b352ab88e75bca590a4202cfa41b2b9ea2794,"{""distance"":7,""physical_error_rate"":0.0002}","{""detection_events"":1636739,""detectors_checked"":2089359360}"
    604160,         3,         0,   120.0,standalone_exact_mw,3f3e41bc6b36ed0cfc2fad9d3557a7870f4e21d551182548e920bf13e0232e34,"{""distance"":7,""physical_error_rate"":0.005}","{""detection_events"":9303093,""detectors_checked"":489369600,""obs_mistake_mask=E"":3}"
    965632,         0,         0,   119.9,standalone_exact_mw,c63d9dbf283cbe8d7d2c9891770aca900c170ab5c3de0408fa399997170cec3d,"{""distance"":7,""physical_error_rate"":0.001}","{""detection_events"":3046968,""detectors_checked"":782161920}"
   1852416,         0,         0,   119.9,standalone_exact_mw,20c8daca17953576b13a32f59e5f9cb54485b277119f4e6925e9023b8dd1f351,"{""distance"":7,""physical_error_rate"":0.002}","{""detection_events"":11610074,""detectors_checked"":1500456960}"
    748544,         4,         0,   120.0,standalone_exact_mw,3f3e41bc6b36ed0cfc2fad9d3557a7870f4e21d551182548e920bf13e0232e34,"{""distance"":7,""physical_error_rate"":0.005}","{""detection_events"":11525450,""detectors_checked"":606320640,""obs_mistake_mask=E"":4}"
   4824064,         0,         0,   119.8,standalone_exact_mw,8e8e16d7b7d10172304dc167922b352ab88e75bca590a4202cfa41b2b9ea2794,"{""distance"":7,""physical_error_rate"":0.0002}","{""detection_events"":3055068,""detectors_checked"":3907491840}"
    634880,         2,         0,   120.0,standalone_exact_mw,3f3e41bc6b36ed0cfc2fad9d3557a7870f4e21d551182548e920bf13e0232e34,"{""distance"":7,""physical_error_rate"":0.005}","{""detection_events"":9772674,""detectors_checked"":514252800,""obs_mistake_mask=E"":2}"
   2666496,         0,         0,   119.7,standalone_exact_mw,8e8e16d7b7d10172304dc167922b352ab88e75bca590a4202cfa41b2b9ea2794,"{""distance"":7,""physical_error_rate"":0.0002}","{""detection_events"":1688339,""detectors_checked"":2159861760}"
    845824,         8,         0,   120.1,standalone_exact_mw,3f3e41bc6b36ed0cfc2fad9d3557a7870f4e21d551182548e920bf13e0232e34,"{""distance"":7,""physical_error_rate"":0.005}","{""detection_events"":13010012,""detectors_checked"":685117440,""obs_mistake_mask=E"":8}"
    795648,         0,         0,   119.7,standalone_exact_mw,b0cacb7fc707c2734ebeeceefd47b6bd6784bf6b65d0613559eb8dd3ed8bcfbc,"{""distance"":7,""physical_error_rate"":0.0005}","{""detection_events"":1259198,""detectors_checked"":644474880}"
   1141760,         0,         0,   119.8,standalone_exact_mw,c63d9dbf283cbe8d7d2c9891770aca900c170ab5c3de0408fa399997170cec3d,"{""distance"":7,""physical_error_rate"":0.001}","{""detection_events"":3599890,""detectors_checked"":924825600}"
    630784,         3,         0,   120.0,standalone_exact_mw,3f3e41bc6b36ed0cfc2fad9d3557a7870f4e21d551182548e920bf13e0232e34,"{""distance"":7,""physical_error_rate"":0.005}","{""detection_events"":9710008,""detectors_checked"":510935040,""obs_mistake_mask=E"":3}"
   1321984,         0,         0,   119.8,standalone_exact_mw,b0cacb7fc707c2734ebeeceefd47b6bd6784bf6b65d0613559eb8dd3ed8bcfbc,"{""distance"":7,""physical_error_rate"":0.0005}","{""detection_events"":2088070,""detectors_checked"":1070807040}"
   1836032,         0,         0,   119.8,standalone_exact_mw,b0cacb7fc707c2734ebeeceefd47b6bd6784bf6b65d0613559eb8dd3ed8bcfbc,"{""distance"":7,""physical_error_rate"":0.0005}","{""detection_events"":2900508,""detectors_checked"":1487185920}"
   1182720,         0,         0,   119.7,standalone_exact_mw,b0cacb7fc707c2734ebeeceefd47b6bd6784bf6b65d0613559eb8dd3ed8bcfbc,"{""distance"":7,""physical_error_rate"":0.0005}","{""detection_events"":1869990,""detectors_checked"":958003200}"
    773120,         0,         0,   120.2,standalone_exact_mw,20c8daca17953576b13a32f59e5f9cb54485b277119f4e6925e9023b8dd1f351,"{""distance"":7,""physical_error_rate"":0.002}","{""detection_events"":4845556,""detectors_checked"":626227200}"
   3490816,         0,         0,   119.8,standalone_exact_mw,b0cacb7fc707c2734ebeeceefd47b6bd6784bf6b65d0613559eb8dd3ed8bcfbc,"{""distance"":7,""physical_error_rate"":0.0005}","{""detection_events"":5521705,""detectors_checked"":2827560960}"
    735232,         2,         0,   120.0,standalone_exact_mw,3f3e41bc6b36ed0cfc2fad9d3557a7870f4e21d551182548e920bf13e0232e34,"{""distance"":7,""physical_error_rate"":0.005}","{""detection_events"":11318972,""detectors_checked"":595537920,""obs_mistake_mask=E"":2}"
    599040,         0,         0,   120.0,standalone_exact_mw,20c8daca17953576b13a32f59e5f9cb54485b277119f4e6925e9023b8dd1f351,"{""distance"":7,""physical_error_rate"":0.002}","{""detection_events"":3754820,""detectors_checked"":485222400}"
   2223104,         0,         0,   119.8,standalone_exact_mw,8e8e16d7b7d10172304dc167922b352ab88e75bca590a4202cfa41b2b9ea2794,"{""distance"":7,""physical_error_rate"":0.0002}","{""detection_events"":1407713,""detectors_checked"":1800714240}"
   1162240,         0,         0,   119.8,standalone_exact_mw,b0cacb7fc707c2734ebeeceefd47b6bd6784bf6b65d0613559eb8dd3ed8bcfbc,"{""distance"":7,""physical_error_rate"":0.0005}","{""detection_events"":1835708,""detectors_checked"":941414400}"
   1097728,         0,         0,   119.9,standalone_exact_mw,c63d9dbf283cbe8d7d2c9891770aca900c170ab5c3de0408fa399997170cec3d,"{""distance"":7,""physical_error_rate"":0.001}","{""detection_events"":3460177,""detectors_checked"":889159680}"
    998400,         0,         0,   119.8,standalone_exact_mw,c63d9dbf283cbe8d7d2c9891770aca900c170ab5c3de0408fa399997170cec3d,"{""distance"":7,""physical_error_rate"":0.001}","{""detection_events"":3147837,""detectors_checked"":808704000}"
   2565120,         0,         0,   119.9,standalone_exact_mw,c63d9dbf283cbe8d7d2c9891770aca900c170ab5c3de0408fa399997170cec3d,"{""distance"":7,""physical_error_rate"":0.001}","{""detection_events"":8080443,""detectors_checked"":2077747200}"
   2211840,         0,         0,   119.9,standalone_exact_mw,c63d9dbf283cbe8d7d2c9891770aca900c170ab5c3de0408fa399997170cec3d,"{""distance"":7,""physical_error_rate"":0.001}","{""detection_events"":6969130,""detectors_checked"":1791590400}"
    980992,         0,         0,   119.9,standalone_exact_mw,c63d9dbf283cbe8d7d2c9891770aca900c170ab5c3de0408fa399997170cec3d,"{""distance"":7,""physical_error_rate"":0.001}","{""detection_events"":3087473,""detectors_checked"":794603520}"
    823296,         0,         0,   119.9,standalone_exact_mw,20c8daca17953576b13a32f59e5f9cb54485b277119f4e6925e9023b8dd1f351,"{""distance"":7,""physical_error_rate"":0.002}","{""detection_events"":5159165,""detectors_checked"":666869760}"
   4311040,         0,         0,   119.7,standalone_exact_mw,8e8e16d7b7d10172304dc167922b352ab88e75bca590a4202cfa41b2b9ea2794,"{""distance"":7,""physical_error_rate"":0.0002}","{""detection_events"":2726563,""detectors_checked"":3491942400}"
   4922368,         0,         0,   119.8,standalone_exact_mw,8e8e16d7b7d10172304dc167922b352ab88e75bca590a4202cfa41b2b9ea2794,"{""distance"":7,""physical_error_rate"":0.0002}","{""detection_events"":3118652,""detectors_checked"":3987118080}"
   2138112,         0,         0,   119.6,standalone_exact_mw,8e8e16d7b7d10172304dc167922b352ab88e75bca590a4202cfa41b2b9ea2794,"{""distance"":7,""physical_error_rate"":0.0002}","{""detection_events"":1353710,""detectors_checked"":1731870720}"
   1011712,         0,         0,   119.9,standalone_exact_mw,20c8daca17953576b13a32f59e5f9cb54485b277119f4e6925e9023b8dd1f351,"{""distance"":7,""physical_error_rate"":0.002}","{""detection_events"":6339703,""detectors_checked"":819486720}"
   3055616,         0,         0,   119.8,standalone_exact_mw,b0cacb7fc707c2734ebeeceefd47b6bd6784bf6b65d0613559eb8dd3ed8bcfbc,"{""distance"":7,""physical_error_rate"":0.0005}","{""detection_events"":4827850,""detectors_checked"":2475048960}"
   1567744,         0,         0,   119.7,standalone_exact_mw,b0cacb7fc707c2734ebeeceefd47b6bd6784bf6b65d0613559eb8dd3ed8bcfbc,"{""distance"":7,""physical_error_rate"":0.0005}","{""detection_events"":2479045,""detectors_checked"":1269872640}"
   1783808,         0,         0,   119.7,standalone_exact_mw,b0cacb7fc707c2734ebeeceefd47b6bd6784bf6b65d0613559eb8dd3ed8bcfbc,"{""distance"":7,""physical_error_rate"":0.0005}","{""detection_events"":2819808,""detectors_checked"":1444884480}"
    768000,         7,         0,   120.0,standalone_exact_mw,3f3e41bc6b36ed0cfc2fad9d3557a7870f4e21d551182548e920bf13e0232e34,"{""distance"":7,""physical_error_rate"":0.005}","{""detection_events"":11821045,""detectors_checked"":622080000,""obs_mistake_mask=E"":7}"
   4190208,         0,         0,   119.7,standalone_exact_mw,8e8e16d7b7d10172304dc167922b352ab88e75bca590a4202cfa41b2b9ea2794,"{""distance"":7,""physical_error_rate"":0.0002}","{""detection_events"":2652441,""detectors_checked"":3394068480}"
   1045504,         0,         0,   119.8,standalone_exact_mw,20c8daca17953576b13a32f59e5f9cb54485b277119f4e6925e9023b8dd1f351,"{""distance"":7,""physical_error_rate"":0.002}","{""detection_events"":6545458,""detectors_checked"":846858240}"
   2135040,         0,         0,   119.9,standalone_exact_mw,c63d9dbf283cbe8d7d2c9891770aca900c170ab5c3de0408fa399997170cec3d,"{""distance"":7,""physical_error_rate"":0.001}","{""detection_events"":6732582,""detectors_checked"":1729382400}"
    640000,         6,         0,   120.0,standalone_exact_mw,3f3e41bc6b36ed0cfc2fad9d3557a7870f4e21d551182548e920bf13e0232e34,"{""distance"":7,""physical_error_rate"":0.005}","{""detection_events"":9849190,""detectors_checked"":518400000,""obs_mistake_mask=E"":6}"
    802816,         0,         0,   119.9,standalone_exact_mw,20c8daca17953576b13a32f59e5f9cb54485b277119f4e6925e9023b8dd1f351,"{""distance"":7,""physical_error_rate"":0.002}","{""detection_events"":5034199,""detectors_checked"":650280960}"
    773120,         3,         0,   119.9,standalone_exact_mw,3f3e41bc6b36ed0cfc2fad9d3557a7870f4e21d551182548e920bf13e0232e34,"{""distance"":7,""physical_error_rate"":0.005}","{""detection_events"":11899013,""detectors_checked"":626227200,""obs_mistake_mask=E"":3}"
   1305600,         0,         0,   119.8,standalone_exact_mw,c63d9dbf283cbe8d7d2c9891770aca900c170ab5c3de0408fa399997170cec3d,"{""distance"":7,""physical_error_rate"":0.001}","{""detection_events"":4113916,""detectors_checked"":1057536000}"
    662528,         2,         0,   120.0,standalone_exact_mw,20c8daca17953576b13a32f59e5f9cb54485b277119f4e6925e9023b8dd1f351,"{""distance"":7,""physical_error_rate"":0.002}","{""detection_events"":4149213,""detectors_checked"":536647680,""obs_mistake_mask=E"":2}"
    718848,         0,         0,   119.9,standalone_exact_mw,20c8daca17953576b13a32f59e5f9cb54485b277119f4e6925e9023b8dd1f351,"{""distance"":7,""physical_error_rate"":0.002}","{""detection_events"":4508374,""detectors_checked"":582266880}"
   1657856,         0,         0,   119.9,standalone_exact_mw,20c8daca17953576b13a32f59e5f9cb54485b277119f4e6925e9023b8dd1f351,"{""distance"":7,""physical_error_rate"":0.002}","{""detection_events"":10390581,""detectors_checked"":1342863360}"
   2844672,         0,         0,   119.8,standalone_exact_mw,b0cacb7fc707c2734ebeeceefd47b6bd6784bf6b65d0613559eb8dd3ed8bcfbc,"{""distance"":7,""physical_error_rate"":0.0005}","{""detection_events"":4496865,""detectors_checked"":2304184320}"
   1434624,         0,         0,   119.8,standalone_exact_mw,b0cacb7fc707c2734ebeeceefd47b6bd6784bf6b65d0613559eb8dd3ed8bcfbc,"{""distance"":7,""physical_error_rate"":0.0005}","{""detection_events"":2266261,""detectors_checked"":1162045440}"
   2172928,         0,         0,   119.8,standalone_exact_mw,8e8e16d7b7d10172304dc167922b352ab88e75bca590a4202cfa41b2b9ea2794,"{""distance"":7,""physical_error_rate"":0.0002}","{""detection_events"":1372867,""detectors_checked"":1760071680}"
    622592,         4,         0,   119.9,standalone_exact_mw,3f3e41bc6b36ed0cfc2fad9d3557a7870f4e21d551182548e920bf13e0232e34,"{""distance"":7,""physical_error_rate"":0.005}","{""detection_events"":9585798,""detectors_checked"":504299520,""obs_mistake_mask=E"":4}"
    722944,         2,         0,   120.2,standalone_exact_mw,3f3e41bc6b36ed0cfc2fad9d3557a7870f4e21d551182548e920bf13e0232e34,"{""distance"":7,""physical_error_rate"":0.005}","{""detection_events"":11127129,""detectors_checked"":585584640,""obs_mistake_mask=E"":2}"
    727040,         0,         0,   120.1,standalone_exact_mw,20c8daca17953576b13a32f59e5f9cb54485b277119f4e6925e9023b8dd1f351,"{""distance"":7,""physical_error_rate"":0.002}","{""detection_events"":4555728,""detectors_checked"":588902400}"
   1329152,         0,         0,   119.8,standalone_exact_mw,b0cacb7fc707c2734ebeeceefd47b6bd6784bf6b65d0613559eb8dd3ed8bcfbc,"{""distance"":7,""physical_error_rate"":0.0005}","{""detection_events"":2098005,""detectors_checked"":1076613120}"
   4880384,         0,         0,   119.8,standalone_exact_mw,8e8e16d7b7d10172304dc167922b352ab88e75bca590a4202cfa41b2b9ea2794,"{""distance"":7,""physical_error_rate"":0.0002}","{""detection_events"":3088545,""detectors_checked"":3953111040}"
    797696,         0,         0,   119.9,standalone_exact_mw,20c8daca17953576b13a32f59e5f9cb54485b277119f4e6925e9023b8dd1f351,"{""distance"":7,""physical_error_rate"":0.002}","{""detection_events"":4998806,""detectors_checked"":646133760}"
    935936,         0,         0,   119.9,standalone_exact_mw,c63d9dbf283cbe8d7d2c9891770aca900c170ab5c3de0408fa399997170cec3d,"{""distance"":7,""physical_error_rate"":0.001}","{""detection_events"":2950289,""detectors_checked"":758108160}"
   1053696,         0,         0,   119.9,standalone_exact_mw,c63d9dbf283cbe8d7d2c9891770aca900c170ab5c3de0408fa399997170cec3d,"{""distance"":7,""physical_error_rate"":0.001}","{""detection_events"":3320954,""detectors_checked"":853493760}"
   1125376,         0,         0,   119.8,standalone_exact_mw,c63d9dbf283cbe8d7d2c9891770aca900c170ab5c3de0408fa399997170cec3d,"{""distance"":7,""physical_error_rate"":0.001}","{""detection_events"":3543675,""detectors_checked"":911554560}"
   1589248,         9,         0,   119.9,standalone_exact_mw,3f3e41bc6b36ed0cfc2fad9d3557a7870f4e21d551182548e920bf13e0232e34,"{""distance"":7,""physical_error_rate"":0.005}","{""detection_events"":24463931,""detectors_checked"":1287290880,""obs_mistake_mask=E"":9}"
    829440,         0,         0,   119.9,standalone_exact_mw,20c8daca17953576b13a32f59e5f9cb54485b277119f4e6925e9023b8dd1f351,"{""distance"":7,""physical_error_rate"":0.002}","{""detection_events"":5199205,""detectors_checked"":671846400}"
   1326080,         0,         0,   119.9,standalone_exact_mw,b0cacb7fc707c2734ebeeceefd47b6bd6784bf6b65d0613559eb8dd3ed8bcfbc,"{""distance"":7,""physical_error_rate"":0.0005}","{""detection_events"":2093460,""detectors_checked"":1074124800}"
   4823040,         0,         0,   119.8,standalone_exact_mw,8e8e16d7b7d10172304dc167922b352ab88e75bca590a4202cfa41b2b9ea2794,"{""distance"":7,""physical_error_rate"":0.0002}","{""detection_events"":3058348,""detectors_checked"":3906662400}"
   1542144,         0,         0,   119.7,standalone_exact_mw,8e8e16d7b7d10172304dc167922b352ab88e75bca590a4202cfa41b2b9ea2794,"{""distance"":7,""physical_error_rate"":0.0002}","{""detection_events"":976766,""detectors_checked"":1249136640}"
   2102272,         0,         0,   119.8,standalone_exact_mw,8e8e16d7b7d10172304dc167922b352ab88e75bca590a4202cfa41b2b9ea2794,"{""distance"":7,""physical_error_rate"":0.0002}","{""detection_events"":1328971,""detectors_checked"":1702840320}"
   1297408,         0,         0,   119.9,standalone_exact_mw,c63d9dbf283cbe8d7d2c9891770aca900c170ab5c3de0408fa399997170cec3d,"{""distance"":7,""physical_error_rate"":0.001}","{""detection_events"":4095786,""detectors_checked"":1050900480}"
   2751488,         0,         0,   119.6,standalone_exact_mw,8e8e16d7b7d10172304dc167922b352ab88e75bca590a4202cfa41b2b9ea2794,"{""distance"":7,""physical_error_rate"":0.0002}","{""detection_events"":1742994,""detectors_checked"":2228705280}"
    659456,         4,         0,   119.9,standalone_exact_mw,3f3e41bc6b36ed0cfc2fad9d3557a7870f4e21d551182548e920bf13e0232e34,"{""distance"":7,""physical_error_rate"":0.005}","{""detection_events"":10155739,""detectors_checked"":534159360,""obs_mistake_mask=E"":4}"
    976896,         0,         0,   119.7,standalone_exact_mw,c63d9dbf283cbe8d7d2c9891770aca900c170ab5c3de0408fa399997170cec3d,"{""distance"":7,""physical_error_rate"":0.001}","{""detection_events"":3078642,""detectors_checked"":791285760}"
   1861632,         0,         0,   119.9,standalone_exact_mw,20c8daca17953576b13a32f59e5f9cb54485b277119f4e6925e9023b8dd1f351,"{""distance"":7,""physical_error_rate"":0.002}","{""detection_events"":11671832,""detectors_checked"":1507921920}"
    840704,         2,         0,   120.0,standalone_exact_mw,3f3e41bc6b36ed0cfc2fad9d3557a7870f4e21d551182548e920bf13e0232e34,"{""distance"":7,""physical_error_rate"":0.005}","{""detection_events"":12941901,""detectors_checked"":680970240,""obs_mistake_mask=E"":2}"
   4813824,         0,         0,   119.8,standalone_exact_mw,8e8e16d7b7d10172304dc167922b352ab88e75bca590a4202cfa41b2b9ea2794,"{""distance"":7,""physical_error_rate"":0.0002}","{""detection_events"":3053461,""detectors_checked"":3899197440}"
    603136,         4,         0,   119.9,standalone_exact_mw,3f3e41bc6b36ed0cfc2fad9d3557a7870f4e21d551182548e920bf13e0232e34,"{""distance"":7,""physical_error_rate"":0.005}","{""detection_events"":9284583,""detectors_checked"":488540160,""obs_mistake_mask=E"":4}"
   2511872,         0,         0,   119.6,standalone_exact_mw,8e8e16d7b7d10172304dc167922b352ab88e75bca590a4202cfa41b2b9ea2794,"{""distance"":7,""physical_error_rate"":0.0002}","{""detection_events"":1592403,""detectors_checked"":2034616320}"
    782336,         0,         0,   120.0,standalone_exact_mw,3f3e41bc6b36ed0cfc2fad9d3557a7870f4e21d551182548e920bf13e0232e34,"{""distance"":7,""physical_error_rate"":0.005}","{""detection_events"":12041254,""detectors_checked"":633692160}"
    812032,         0,         0,   119.8,standalone_exact_mw,b0cacb7fc707c2734ebeeceefd47b6bd6784bf6b65d0613559eb8dd3ed8bcfbc,"{""distance"":7,""physical_error_rate"":0.0005}","{""detection_events"":1283579,""detectors_checked"":657745920}"
    868352,         0,         0,   120.0,standalone_exact_mw,c63d9dbf283cbe8d7d2c9891770aca900c170ab5c3de0408fa399997170cec3d,"{""distance"":7,""physical_error_rate"":0.001}","{""detection_events"":2737812,""detectors_checked"":703365120}"
    615424,         1,         0,   120.1,standalone_exact_mw,3f3e41bc6b36ed0cfc2fad9d3557a7870f4e21d551182548e920bf13e0232e34,"{""distance"":7,""physical_error_rate"":0.005}","{""detection_events"":9473439,""detectors_checked"":498493440,""obs_mistake_mask=E"":1}"
   1332224,         0,         0,   119.9,standalone_exact_mw,b0cacb7fc707c2734ebeeceefd47b6bd6784bf6b65d0613559eb8dd3ed8bcfbc,"{""distance"":7,""physical_error_rate"":0.0005}","{""detection_events"":2104880,""detectors_checked"":1079101440}"
   1826816,         0,         0,   119.7,standalone_exact_mw,b0cacb7fc707c2734ebeeceefd47b6bd6784bf6b65d0613559eb8dd3ed8bcfbc,"{""distance"":7,""physical_error_rate"":0.0005}","{""detection_events"":2887935,""detectors_checked"":1479720960}"
   1406976,         0,         0,   119.7,standalone_exact_mw,b0cacb7fc707c2734ebeeceefd47b6bd6784bf6b65d0613559eb8dd3ed8bcfbc,"{""distance"":7,""physical_error_rate"":0.0005}","{""detection_events"":2218771,""detectors_checked"":1139650560}"
    719872,         0,         0,   120.0,standalone_exact_mw,20c8daca17953576b13a32f59e5f9cb54485b277119f4e6925e9023b8dd1f351,"{""distance"":7,""physical_error_rate"":0.002}","{""detection_events"":4509873,""detectors_checked"":583096320}"
   3487744,         0,         0,   119.8,standalone_exact_mw,b0cacb7fc707c2734ebeeceefd47b6bd6784bf6b65d0613559eb8dd3ed8bcfbc,"{""distance"":7,""physical_error_rate"":0.0005}","{""detection_events"":5505121,""detectors_checked"":2825072640}"
    698368,         3,         0,   120.0,standalone_exact_mw,3f3e41bc6b36ed0cfc2fad9d3557a7870f4e21d551182548e920bf13e0232e34,"{""distance"":7,""physical_error_rate"":0.005}","{""detection_events"":10738191,""detectors_checked"":565678080,""obs_mistake_mask=E"":3}"
    819200,         0,         0,   120.0,standalone_exact_mw,20c8daca17953576b13a32f59e5f9cb54485b277119f4e6925e9023b8dd1f351,"{""distance"":7,""physical_error_rate"":0.002}","{""detection_events"":5136681,""detectors_checked"":663552000}"
   2279424,         0,         0,   119.8,standalone_exact_mw,8e8e16d7b7d10172304dc167922b352ab88e75bca590a4202cfa41b2b9ea2794,"{""distance"":7,""physical_error_rate"":0.0002}","{""detection_events"":1443738,""detectors_checked"":1846333440}"
   1079296,         0,         0,   119.8,standalone_exact_mw,b0cacb7fc707c2734ebeeceefd47b6bd6784bf6b65d0613559eb8dd3ed8bcfbc,"{""distance"":7,""physical_error_rate"":0.0005}","{""detection_events"":1704435,""detectors_checked"":874229760}"
    887808,         0,         0,   119.7,standalone_exact_mw,c63d9dbf283cbe8d7d2c9891770aca900c170ab5c3de0408fa399997170cec3d,"{""distance"":7,""physical_error_rate"":0.001}","{""detection_events"":2801644,""detectors_checked"":719124480}"
   1025024,         0,         0,   120.0,standalone_exact_mw,c63d9dbf283cbe8d7d2c9891770aca900c170ab5c3de0408fa399997170cec3d,"{""distance"":7,""physical_error_rate"":0.001}","{""detection_events"":3228838,""detectors_checked"":830269440}"
   2563072,         0,         0,   119.9,standalone_exact_mw,c63d9dbf283cbe8d7d2c9891770aca900c170ab5c3de0408fa399997170cec3d,"{""distance"":7,""physical_error_rate"":0.001}","{""detection_events"":8076288,""detectors_checked"":2076088320}"
   2301952,         0,         0,   119.9,standalone_exact_mw,c63d9dbf283cbe8d7d2c9891770aca900c170ab5c3de0408fa399997170cec3d,"{""distance"":7,""physical_error_rate"":0.001}","{""detection_events"":7253947,""detectors_checked"":1864581120}"
   1006592,         0,         0,   119.7,standalone_exact_mw,c63d9dbf283cbe8d7d2c9891770aca900c170ab5c3de0408fa399997170cec3d,"{""distance"":7,""physical_error_rate"":0.001}","{""detection_events"":3172732,""detectors_checked"":815339520}"
   4245504,         0,         0,   119.7,standalone_exact_mw,8e8e16d7b7d10172304dc167922b352ab88e75bca590a4202cfa41b2b9ea2794,"{""distance"":7,""physical_error_rate"":0.0002}","{""detection_events"":2691696,""detectors_checked"":3438858240}"
    697344,         0,         0,   120.0,standalone_exact_mw,20c8daca17953576b13a32f59e5f9cb54485b277119f4e6925e9023b8dd1f351,"{""distance"":7,""physical_error_rate"":0.002}","{""detection_events"":4372593,""detectors_checked"":564848640}"
   4909056,         0,         0,   119.8,standalone_exact_mw,8e8e16d7b7d10172304dc167922b352ab88e75bca590a4202cfa41b2b9ea2794,"{""distance"":7,""physical_error_rate"":0.0002}","{""detection_events"":3108928,""detectors_checked"":3976335360}"
   2123776,         0,         0,   119.8,standalone_exact_mw,8e8e16d7b7d10172304dc167922b352ab88e75bca590a4202cfa41b2b9ea2794,"{""distance"":7,""physical_error_rate"":0.0002}","{""detection_events"":1342257,""detectors_checked"":1720258560}"
   1006592,         0,         0,   119.9,standalone_exact_mw,20c8daca17953576b13a32f59e5f9cb54485b277119f4e6925e9023b8dd1f351,"{""distance"":7,""physical_error_rate"":0.002}","{""detection_events"":6302288,""detectors_checked"":815339520}"
   2894848,         0,         0,   119.9,standalone_exact_mw,b0cacb7fc707c2734ebeeceefd47b6bd6784bf6b65d0613559eb8dd3ed8bcfbc,"{""distance"":7,""physical_error_rate"":0.0005}","{""detection_events"":4572761,""detectors_checked"":2344826880}"
   1439744,         0,         0,   119.7,standalone_exact_mw,b0cacb7fc707c2734ebeeceefd47b6bd6784bf6b65d0613559eb8dd3ed8bcfbc,"{""distance"":7,""physical_error_rate"":0.0005}","{""detection_events"":2277585,""detectors_checked"":1166192640}"
   1720320,         0,         0,   119.8,standalone_exact_mw,b0cacb7fc707c2734ebeeceefd47b6bd6784bf6b65d0613559eb8dd3ed8bcfbc,"{""distance"":7,""physical_error_rate"":0.0005}","{""detection_events"":2719902,""detectors_checked"":1393459200}"
    749568,         4,         0,   119.9,standalone_exact_mw,3f3e41bc6b36ed0cfc2fad9d3557a7870f4e21d551182548e920bf13e0232e34,"{""distance"":7,""physical_error_rate"":0.005}","{""detection_events"":11539350,""detectors_checked"":607150080,""obs_mistake_mask=E"":4}"
   4256768,         0,         0,   119.8,standalone_exact_mw,8e8e16d7b7d10172304dc167922b352ab88e75bca590a4202cfa41b2b9ea2794,"{""distance"":7,""physical_error_rate"":0.0002}","{""detection_events"":2701671,""detectors_checked"":3447982080}"
   1100800,         0,         0,   119.8,standalone_exact_mw,20c8daca17953576b13a32f59e5f9cb54485b277119f4e6925e9023b8dd1f351,"{""distance"":7,""physical_error_rate"":0.002}","{""detection_events"":6896857,""detectors_checked"":891648000}"
   2251776,         0,         0,   119.9,standalone_exact_mw,c63d9dbf283cbe8d7d2c9891770aca900c170ab5c3de0408fa399997170cec3d,"{""distance"":7,""physical_error_rate"":0.001}","{""detection_events"":7094426,""detectors_checked"":1823938560}"
    587776,         2,         0,   120.0,standalone_exact_mw,3f3e41bc6b36ed0cfc2fad9d3557a7870f4e21d551182548e920bf13e0232e34,"{""distance"":7,""physical_error_rate"":0.005}","{""detection_events"":9046019,""detectors_checked"":476098560,""obs_mistake_mask=E"":2}"
    771072,         5,         0,   119.9,standalone_exact_mw,3f3e41bc6b36ed0cfc2fad9d3557a7870f4e21d551182548e920bf13e0232e34,"{""distance"":7,""physical_error_rate"":0.005}","{""detection_events"":11867972,""detectors_checked"":624568320,""obs_mistake_mask=E"":5}"
    849920,         0,         0,   119.9,standalone_exact_mw,20c8daca17953576b13a32f59e5f9cb54485b277119f4e6925e9023b8dd1f351,"{""distance"":7,""physical_error_rate"":0.002}","{""detection_events"":5322855,""detectors_checked"":688435200}"
   1210368,         0,         0,   119.9,standalone_exact_mw,c63d9dbf283cbe8d7d2c9891770aca900c170ab5c3de0408fa399997170cec3d,"{""distance"":7,""physical_error_rate"":0.001}","{""detection_events"":3811778,""detectors_checked"":980398080}"
    828416,         0,         0,   120.0,standalone_exact_mw,20c8daca17953576b13a32f59e5f9cb54485b277119f4e6925e9023b8dd1f351,"{""distance"":7,""physical_error_rate"":0.002}","{""detection_events"":5188369,""detectors_checked"":671016960}"
    723968,         0,         0,   119.9,standalone_exact_mw,20c8daca17953576b13a32f59e5f9cb54485b277119f4e6925e9023b8dd1f351,"{""distance"":7,""physical_error_rate"":0.002}","{""detection_events"":4540124,""detectors_checked"":586414080}"
   1845248,         0,         0,   119.9,standalone_exact_mw,20c8daca17953576b13a32f59e5f9cb54485b277119f4e6925e9023b8dd1f351,"{""distance"":7,""physical_error_rate"":0.002}","{""detection_events"":11563289,""detectors_checked"":1494650880}"
   3162112,         0,         0,   119.8,standalone_exact_mw,b0cacb7fc707c2734ebeeceefd47b6bd6784bf6b65d0613559eb8dd3ed8bcfbc,"{""distance"":7,""physical_error_rate"":0.0005}","{""detection_events"":4996551,""detectors_checked"":2561310720}"
   1501184,         0,         0,   119.8,standalone_exact_mw,b0cacb7fc707c2734ebeeceefd47b6bd6784bf6b65d0613559eb8dd3ed8bcfbc,"{""distance"":7,""physical_error_rate"":0.0005}","{""detection_events"":2371592,""detectors_checked"":1215959040}"
   1963008,         0,         0,   119.6,standalone_exact_mw,8e8e16d7b7d10172304dc167922b352ab88e75bca590a4202cfa41b2b9ea2794,"{""distance"":7,""physical_error_rate"":0.0002}","{""detection_events"":1245821,""detectors_checked"":1590036480}"
    592896,         4,         0,   120.0,standalone_exact_mw,3f3e41bc6b36ed0cfc2fad9d3557a7870f4e21d551182548e920bf13e0232e34,"{""distance"":7,""physical_error_rate"":0.005}","{""detection_events"":9133456,""detectors_checked"":480245760,""obs_mistake_mask=E"":4}"
    581632,         4,         0,   120.0,standalone_exact_mw,3f3e41bc6b36ed0cfc2fad9d3557a7870f4e21d551182548e920bf13e0232e34,"{""distance"":7,""physical_error_rate"":0.005}","{""detection_events"":8957045,""detectors_checked"":471121920,""obs_mistake_mask=E"":4}"
    669696,         0,         0,   120.0,standalone_exact_mw,20c8daca17953576b13a32f59e5f9cb54485b277119f4e6925e9023b8dd1f351,"{""distance"":7,""physical_error_rate"":0.002}","{""detection_events"":4199660,""detectors_checked"":542453760}"
   1378304,         0,         0,   119.8,standalone_exact_mw,b0cacb7fc707c2734ebeeceefd47b6bd6784bf6b65d0613559eb8dd3ed8bcfbc,"{""distance"":7,""physical_error_rate"":0.0005}","{""detection_events"":2179026,""detectors_checked"":1116426240}"
   4882432,         0,         0,   119.8,standalone_exact_mw,8e8e16d7b7d10172304dc167922b352ab88e75bca590a4202cfa41b2b9ea2794,"{""distance"":7,""physical_error_rate"":0.0002}","{""detection_events"":3090428,""detectors_checked"":3954769920}"
    887808,         1,         0,   119.9,standalone_exact_mw,20c8daca17953576b13a32f59e5f9cb54485b277119f4e6925e9023b8dd1f351,"{""distance"":7,""physical_error_rate"":0.002}","{""detection_events"":5560115,""detectors_checked"":719124480,""obs_mistake_mask=E"":1}"
   1053696,         0,         0,   120.0,standalone_exact_mw,c63d9dbf283cbe8d7d2c9891770aca900c170ab5c3de0408fa399997170cec3d,"{""distance"":7,""physical_error_rate"":0.001}","{""detection_events"":3316405,""detectors_checked"":853493760}"
   1093632,         0,         0,   119.8,standalone_exact_mw,c63d9dbf283cbe8d7d2c9891770aca900c170ab5c3de0408fa399997170cec3d,"{""distance"":7,""physical_error_rate"":0.001}","{""detection_events"":3445938,""detectors_checked"":885841920}"
    893952,         0,         0,   119.9,standalone_exact_mw,c63d9dbf283cbe8d7d2c9891770aca900c170ab5c3de0408fa399997170cec3d,"{""distance"":7,""physical_error_rate"":0.001}","{""detection_events"":2818548,""detectors_checked"":724101120}"
   1589248,         3,         0,   120.0,standalone_exact_mw,3f3e41bc6b36ed0cfc2fad9d3557a7870f4e21d551182548e920bf13e0232e34,"{""distance"":7,""physical_error_rate"":0.005}","{""detection_events"":24459675,""detectors_checked"":1287290880,""obs_mistake_mask=E"":3}"
    661504,         0,         0,   120.0,standalone_exact_mw,20c8daca17953576b13a32f59e5f9cb54485b277119f4e6925e9023b8dd1f351,"{""distance"":7,""physical_error_rate"":0.002}","{""detection_events"":4148125,""detectors_checked"":535818240}"
   1140736,         0,         0,   119.8,standalone_exact_mw,b0cacb7fc707c2734ebeeceefd47b6bd6784bf6b65d0613559eb8dd3ed8bcfbc,"{""distance"":7,""physical_error_rate"":0.0005}","{""detection_events"":1802401,""detectors_checked"":923996160}"
   4814848,         0,         0,   119.8,standalone_exact_mw,8e8e16d7b7d10172304dc167922b352ab88e75bca590a4202cfa41b2b9ea2794,"{""distance"":7,""physical_error_rate"":0.0002}","{""detection_events"":3048328,""detectors_checked"":3900026880}"
   1794048,         0,         0,   119.6,standalone_exact_mw,8e8e16d7b7d10172304dc167922b352ab88e75bca590a4202cfa41b2b9ea2794,"{""distance"":7,""physical_error_rate"":0.0002}","{""detection_events"":1138058,""detectors_checked"":1453178880}"
   1846272,         0,         0,   119.6,standalone_exact_mw,8e8e16d7b7d10172304dc167922b352ab88e75bca590a4202cfa41b2b9ea2794,"{""distance"":7,""physical_error_rate"":0.0002}","{""detection_events"":1168659,""detectors_checked"":1495480320}"
   1323008,         0,         0,   119.8,standalone_exact_mw,c63d9dbf283cbe8d7d2c9891770aca900c170ab5c3de0408fa399997170cec3d,"{""distance"":7,""physical_error_rate"":0.001}","{""detection_events"":4170906,""detectors_checked"":1071636480}"
   2667520,         0,         0,   119.7,standalone_exact_mw,8e8e16d7b7d10172304dc167922b352ab88e75bca590a4202cfa41b2b9ea2794,"{""distance"":7,""physical_error_rate"":0.0002}","{""detection_events"":1691382,""detectors_checked"":2160691200}"
    576512,         4,         0,   120.0,standalone_exact_mw,3f3e41bc6b36ed0cfc2fad9d3557a7870f4e21d551182548e920bf13e0232e34,"{""distance"":7,""physical_error_rate"":0.005}","{""detection_events"":8871725,""detectors_checked"":466974720,""obs_mistake_mask=E"":4}"
    829440,         0,         0,   119.8,standalone_exact_mw,c63d9dbf283cbe8d7d2c9891770aca900c170ab5c3de0408fa399997170cec3d,"{""distance"":7,""physical_error_rate"":0.001}","{""detection_events"":2612092,""detectors_checked"":671846400}"
   1879040,         0,         0,   119.9,standalone_exact_mw,20c8daca17953576b13a32f59e5f9cb54485b277119f4e6925e9023b8dd1f351,"{""distance"":7,""physical_error_rate"":0.002}","{""detection_events"":11773016,""detectors_checked"":1522022400}"
    815104,         4,         0,   119.9,standalone_exact_mw,3f3e41bc6b36ed0cfc2fad9d3557a7870f4e21d551182548e920bf13e0232e34,"{""distance"":7,""physical_error_rate"":0.005}","{""detection_events"":12542211,""detectors_checked"":660234240,""obs_mistake_mask=E"":4}"
   4822016,         0,         0,   119.8,standalone_exact_mw,8e8e16d7b7d10172304dc167922b352ab88e75bca590a4202cfa41b2b9ea2794,"{""distance"":7,""physical_error_rate"":0.0002}","{""detection_events"":3049374,""detectors_checked"":3905832960}"
    694272,         2,         0,   120.0,standalone_exact_mw,3f3e41bc6b36ed0cfc2fad9d3557a7870f4e21d551182548e920bf13e0232e34,"{""distance"":7,""physical_error_rate"":0.005}","{""detection_events"":10688900,""detectors_checked"":562360320,""obs_mistake_mask=E"":2}"
   2486272,         0,         0,   119.6,standalone_exact_mw,8e8e16d7b7d10172304dc167922b352ab88e75bca590a4202cfa41b2b9ea2794,"{""distance"":7,""physical_error_rate"":0.0002}","{""detection_events"":1571593,""detectors_checked"":2013880320}"
    786432,         3,         0,   120.0,standalone_exact_mw,3f3e41bc6b36ed0cfc2fad9d3557a7870f4e21d551182548e920bf13e0232e34,"{""distance"":7,""physical_error_rate"":0.005}","{""detection_events"":12108111,""detectors_checked"":637009920,""obs_mistake_mask=E"":3}"
    808960,         0,         0,   119.8,standalone_exact_mw,b0cacb7fc707c2734ebeeceefd47b6bd6784bf6b65d0613559eb8dd3ed8bcfbc,"{""distance"":7,""physical_error_rate"":0.0005}","{""detection_events"":1277739,""detectors_checked"":655257600}"
    976896,         0,         0,   119.8,standalone_exact_mw,c63d9dbf283cbe8d7d2c9891770aca900c170ab5c3de0408fa399997170cec3d,"{""distance"":7,""physical_error_rate"":0.001}","{""detection_events"":3078654,""detectors_checked"":791285760}"
    550912,         4,         0,   120.2,standalone_exact_mw,3f3e41bc6b36ed0cfc2fad9d3557a7870f4e21d551182548e920bf13e0232e34,"{""distance"":7,""physical_error_rate"":0.005}","{""detection_events"":8483321,""detectors_checked"":446238720,""obs_mistake_mask=E"":4}"
   1216512,         0,         0,   119.8,standalone_exact_mw,b0cacb7fc707c2734ebeeceefd47b6bd6784bf6b65d0613559eb8dd3ed8bcfbc,"{""distance"":7,""physical_error_rate"":0.0005}","{""detection_events"":1917407,""detectors_checked"":985374720}"
   1773568,         0,         0,   119.8,standalone_exact_mw,b0cacb7fc707c2734ebeeceefd47b6bd6784bf6b65d0613559eb8dd3ed8bcfbc,"{""distance"":7,""physical_error_rate"":0.0005}","{""detection_events"":2808987,""detectors_checked"":1436590080}"
   1262592,         0,         0,   119.8,standalone_exact_mw,b0cacb7fc707c2734ebeeceefd47b6bd6784bf6b65d0613559eb8dd3ed8bcfbc,"{""distance"":7,""physical_error_rate"":0.0005}","{""detection_events"":1991941,""detectors_checked"":1022699520}"
    691200,         0,         0,   120.0,standalone_exact_mw,20c8daca17953576b13a32f59e5f9cb54485b277119f4e6925e9023b8dd1f351,"{""distance"":7,""physical_error_rate"":0.002}","{""detection_events"":4336993,""detectors_checked"":559872000}"
   3488768,         0,         0,   119.8,standalone_exact_mw,b0cacb7fc707c2734ebeeceefd47b6bd6784bf6b65d0613559eb8dd3ed8bcfbc,"{""distance"":7,""physical_error_rate"":0.0005}","{""detection_events"":5518646,""detectors_checked"":2825902080}"
    738304,         5,         0,   120.0,standalone_exact_mw,3f3e41bc6b36ed0cfc2fad9d3557a7870f4e21d551182548e920bf13e0232e34,"{""distance"":7,""physical_error_rate"":0.005}","{""detection_events"":11363903,""detectors_checked"":598026240,""obs_mistake_mask=E"":5}"
    769024,         0,         0,   119.9,standalone_exact_mw,20c8daca17953576b13a32f59e5f9cb54485b277119f4e6925e9023b8dd1f351,"{""distance"":7,""physical_error_rate"":0.002}","{""detection_events"":4820239,""detectors_checked"":622909440}"
   2184192,         0,         0,   119.8,standalone_exact_mw,8e8e16d7b7d10172304dc167922b352ab88e75bca590a4202cfa41b2b9ea2794,"{""distance"":7,""physical_error_rate"":0.0002}","{""detection_events"":1384887,""detectors_checked"":1769195520}"
   1121280,         0,         0,   119.8,standalone_exact_mw,b0cacb7fc707c2734ebeeceefd47b6bd6784bf6b65d0613559eb8dd3ed8bcfbc,"{""distance"":7,""physical_error_rate"":0.0005}","{""detection_events"":1770806,""detectors_checked"":908236800}"
    912384,         0,         0,   119.8,standalone_exact_mw,c63d9dbf283cbe8d7d2c9891770aca900c170ab5c3de0408fa399997170cec3d,"{""distance"":7,""physical_error_rate"":0.001}","{""detection_events"":2879251,""detectors_checked"":739031040}"
    966656,         0,         0,   120.0,standalone_exact_mw,c63d9dbf283cbe8d7d2c9891770aca900c170ab5c3de0408fa399997170cec3d,"{""distance"":7,""physical_error_rate"":0.001}","{""detection_events"":3044742,""detectors_checked"":782991360}"
   2564096,         0,         0,   119.9,standalone_exact_mw,c63d9dbf283cbe8d7d2c9891770aca900c170ab5c3de0408fa399997170cec3d,"{""distance"":7,""physical_error_rate"":0.001}","{""detection_events"":8077576,""detectors_checked"":2076917760}"
   2390016,         0,         0,   119.8,standalone_exact_mw,c63d9dbf283cbe8d7d2c9891770aca900c170ab5c3de0408fa399997170cec3d,"{""distance"":7,""physical_error_rate"":0.001}","{""detection_events"":7532866,""detectors_checked"":1935912960}"
   1137664,         0,         0,   119.8,standalone_exact_mw,c63d9dbf283cbe8d7d2c9891770aca900c170ab5c3de0408fa399997170cec3d,"{""distance"":7,""physical_error_rate"":0.001}","{""detection_events"":3587879,""detectors_checked"":921507840}"
   4536320,         0,         0,   119.8,standalone_exact_mw,8e8e16d7b7d10172304dc167922b352ab88e75bca590a4202cfa41b2b9ea2794,"{""distance"":7,""physical_error_rate"":0.0002}","{""detection_events"":2875191,""detectors_checked"":3674419200}"
    778240,         0,         0,   120.1,standalone_exact_mw,20c8daca17953576b13a32f59e5f9cb54485b277119f4e6925e9023b8dd1f351,"{""distance"":7,""physical_error_rate"":0.002}","{""detection_events"":4870403,""detectors_checked"":630374400}"
   4919296,         0,         0,   119.8,standalone_exact_mw,8e8e16d7b7d10172304dc167922b352ab88e75bca590a4202cfa41b2b9ea2794,"{""distance"":7,""physical_error_rate"":0.0002}","{""detection_events"":3116044,""detectors_checked"":3984629760}"
   2225152,         0,         0,   119.8,standalone_exact_mw,8e8e16d7b7d10172304dc167922b352ab88e75bca590a4202cfa41b2b9ea2794,"{""distance"":7,""physical_error_rate"":0.0002}","{""detection_events"":1410127,""detectors_checked"":1802373120}"
    976896,         0,         0,   119.9,standalone_exact_mw,20c8daca17953576b13a32f59e5f9cb54485b277119f4e6925e9023b8dd1f351,"{""distance"":7,""physical_error_rate"":0.002}","{""detection_events"":6120463,""detectors_checked"":791285760}"
   3131392,         0,         0,   119.9,standalone_exact_mw,b0cacb7fc707c2734ebeeceefd47b6bd6784bf6b65d0613559eb8dd3ed8bcfbc,"{""distance"":7,""physical_error_rate"":0.0005}","{""detection_events"":4953152,""detectors_checked"":2536427520}"
   1116160,         0,         0,   119.8,standalone_exact_mw,b0cacb7fc707c2734ebeeceefd47b6bd6784bf6b65d0613559eb8dd3ed8bcfbc,"{""distance"":7,""physical_error_rate"":0.0005}","{""detection_events"":1762933,""detectors_checked"":904089600}"
   1693696,         0,         0,   119.9,standalone_exact_mw,b0cacb7fc707c2734ebeeceefd47b6bd6784bf6b65d0613559eb8dd3ed8bcfbc,"{""distance"":7,""physical_error_rate"":0.0005}","{""detection_events"":2675895,""detectors_checked"":1371893760}"
    753664,         4,         0,   120.0,standalone_exact_mw,3f3e41bc6b36ed0cfc2fad9d3557a7870f4e21d551182548e920bf13e0232e34,"{""distance"":7,""physical_error_rate"":0.005}","{""detection_events"":11599299,""detectors_checked"":610467840,""obs_mistake_mask=E"":4}"
   4392960,         0,         0,   119.8,standalone_exact_mw,8e8e16d7b7d10172304dc167922b352ab88e75bca590a4202cfa41b2b9ea2794,"{""distance"":7,""physical_error_rate"":0.0002}","{""detection_events"":2787164,""detectors_checked"":3558297600}"
   1094656,         0,         0,   119.9,standalone_exact_mw,20c8daca17953576b13a32f59e5f9cb54485b277119f4e6925e9023b8dd1f351,"{""distance"":7,""physical_error_rate"":0.002}","{""detection_events"":6856022,""detectors_checked"":886671360}"
   2400256,         0,         0,   119.9,standalone_exact_mw,c63d9dbf283cbe8d7d2c9891770aca900c170ab5c3de0408fa399997170cec3d,"{""distance"":7,""physical_error_rate"":0.001}","{""detection_events"":7570012,""detectors_checked"":1944207360}"
    622592,         2,         0,   120.0,standalone_exact_mw,3f3e41bc6b36ed0cfc2fad9d3557a7870f4e21d551182548e920bf13e0232e34,"{""distance"":7,""physical_error_rate"":0.005}","{""detection_events"":9588008,""detectors_checked"":504299520,""obs_mistake_mask=E"":2}"
    839680,         2,         0,   120.0,standalone_exact_mw,3f3e41bc6b36ed0cfc2fad9d3557a7870f4e21d551182548e920bf13e0232e34,"{""distance"":7,""physical_error_rate"":0.005}","{""detection_events"":12932724,""detectors_checked"":680140800,""obs_mistake_mask=E"":2}"
    816128,         0,         0,   119.9,standalone_exact_mw,20c8daca17953576b13a32f59e5f9cb54485b277119f4e6925e9023b8dd1f351,"{""distance"":7,""physical_error_rate"":0.002}","{""detection_events"":5106824,""detectors_checked"":661063680}"
   1221632,         0,         0,   119.9,standalone_exact_mw,c63d9dbf283cbe8d7d2c9891770aca900c170ab5c3de0408fa399997170cec3d,"{""distance"":7,""physical_error_rate"":0.001}","{""detection_events"":3852587,""detectors_checked"":989521920}"
    723968,         0,         0,   119.9,standalone_exact_mw,20c8daca17953576b13a32f59e5f9cb54485b277119f4e6925e9023b8dd1f351,"{""distance"":7,""physical_error_rate"":0.002}","{""detection_events"":4534334,""detectors_checked"":586414080}"
    852992,         0,         0,   119.9,standalone_exact_mw,20c8daca17953576b13a32f59e5f9cb54485b277119f4e6925e9023b8dd1f351,"{""distance"":7,""physical_error_rate"":0.002}","{""detection_events"":5344529,""detectors_checked"":690923520}"
   1789952,         0,         0,   119.9,standalone_exact_mw,20c8daca17953576b13a32f59e5f9cb54485b277119f4e6925e9023b8dd1f351,"{""distance"":7,""physical_error_rate"":0.002}","{""detection_events"":11208703,""detectors_checked"":1449861120}"
   3072000,         0,         0,   119.9,standalone_exact_mw,b0cacb7fc707c2734ebeeceefd47b6bd6784bf6b65d0613559eb8dd3ed8bcfbc,"{""distance"":7,""physical_error_rate"":0.0005}","{""detection_events"":4854025,""detectors_checked"":2488320000}"
   1503232,         0,         0,   119.8,standalone_exact_mw,b0cacb7fc707c2734ebeeceefd47b6bd6784bf6b65d0613559eb8dd3ed8bcfbc,"{""distance"":7,""physical_error_rate"":0.0005}","{""detection_events"":2374352,""detectors_checked"":1217617920}"
   1544192,         0,         0,   119.7,standalone_exact_mw,8e8e16d7b7d10172304dc167922b352ab88e75bca590a4202cfa41b2b9ea2794,"{""distance"":7,""physical_error_rate"":0.0002}","{""detection_events"":979370,""detectors_checked"":1250795520}"
    609280,         4,         0,   119.9,standalone_exact_mw,3f3e41bc6b36ed0cfc2fad9d3557a7870f4e21d551182548e920bf13e0232e34,"{""distance"":7,""physical_error_rate"":0.005}","{""detection_events"":9381242,""detectors_checked"":493516800,""obs_mistake_mask=E"":4}"
    654336,         2,         0,   120.0,standalone_exact_mw,3f3e41bc6b36ed0cfc2fad9d3557a7870f4e21d551182548e920bf13e0232e34,"{""distance"":7,""physical_error_rate"":0.005}","{""detection_events"":10068412,""detectors_checked"":530012160,""obs_mistake_mask=E"":2}"
    774144,         0,         0,   120.0,standalone_exact_mw,20c8daca17953576b13a32f59e5f9cb54485b277119f4e6925e9023b8dd1f351,"{""distance"":7,""physical_error_rate"":0.002}","{""detection_events"":4849974,""detectors_checked"":627056640}"
   1457152,         0,         0,   119.7,standalone_exact_mw,b0cacb7fc707c2734ebeeceefd47b6bd6784bf6b65d0613559eb8dd3ed8bcfbc,"{""distance"":7,""physical_error_rate"":0.0005}","{""detection_events"":2300459,""detectors_checked"":1180293120}"
   4875264,         0,         0,   119.8,standalone_exact_mw,8e8e16d7b7d10172304dc167922b352ab88e75bca590a4202cfa41b2b9ea2794,"{""distance"":7,""physical_error_rate"":0.0002}","{""detection_events"":3089576,""detectors_checked"":3948963840}"
    818176,         0,         0,   119.8,standalone_exact_mw,20c8daca17953576b13a32f59e5f9cb54485b277119f4e6925e9023b8dd1f351,"{""distance"":7,""physical_error_rate"":0.002}","{""detection_events"":5123560,""detectors_checked"":662722560}"
   1161216,         0,         0,   119.8,standalone_exact_mw,c63d9dbf283cbe8d7d2c9891770aca900c170ab5c3de0408fa399997170cec3d,"{""distance"":7,""physical_error_rate"":0.001}","{""detection_events"":3657299,""detectors_checked"":940584960}"
    951296,         0,         0,   120.0,standalone_exact_mw,c63d9dbf283cbe8d7d2c9891770aca900c170ab5c3de0408fa399997170cec3d,"{""distance"":7,""physical_error_rate"":0.001}","{""detection_events"":3001926,""detectors_checked"":770549760}"
    790528,         0,         0,   120.0,standalone_exact_mw,c63d9dbf283cbe8d7d2c9891770aca900c170ab5c3de0408fa399997170cec3d,"{""distance"":7,""physical_error_rate"":0.001}","{""detection_events"":2494579,""detectors_checked"":640327680}"
   1587200,         9,         0,   119.9,standalone_exact_mw,3f3e41bc6b36ed0cfc2fad9d3557a7870f4e21d551182548e920bf13e0232e34,"{""distance"":7,""physical_error_rate"":0.005}","{""detection_events"":24428463,""detectors_checked"":1285632000,""obs_mistake_mask=E"":9}"
    671744,         0,         0,   119.9,standalone_exact_mw,20c8daca17953576b13a32f59e5f9cb54485b277119f4e6925e9023b8dd1f351,"{""distance"":7,""physical_error_rate"":0.002}","{""detection_events"":4209313,""detectors_checked"":544112640}"
   1228800,         0,         0,   119.9,standalone_exact_mw,b0cacb7fc707c2734ebeeceefd47b6bd6784bf6b65d0613559eb8dd3ed8bcfbc,"{""distance"":7,""physical_error_rate"":0.0005}","{""detection_events"":1943967,""detectors_checked"":995328000}"
   4826112,         0,         0,   119.8,standalone_exact_mw,8e8e16d7b7d10172304dc167922b352ab88e75bca590a4202cfa41b2b9ea2794,"{""distance"":7,""physical_error_rate"":0.0002}","{""detection_events"":3060970,""detectors_checked"":3909150720}"
   1781760,         0,         0,   119.7,standalone_exact_mw,8e8e16d7b7d10172304dc167922b352ab88e75bca590a4202cfa41b2b9ea2794,"{""distance"":7,""physical_error_rate"":0.0002}","{""detection_events"":1126907,""detectors_checked"":1443225600}"
   1964032,         0,         0,   119.8,standalone_exact_mw,8e8e16d7b7d10172304dc167922b352ab88e75bca590a4202cfa41b2b9ea2794,"{""distance"":7,""physical_error_rate"":0.0002}","{""detection_events"":1243575,""detectors_checked"":1590865920}"
   1367040,         0,         0,   119.8,standalone_exact_mw,c63d9dbf283cbe8d7d2c9891770aca900c170ab5c3de0408fa399997170cec3d,"{""distance"":7,""physical_error_rate"":0.001}","{""detection_events"":4301555,""detectors_checked"":1107302400}"
   2463744,         0,         0,   119.6,standalone_exact_mw,8e8e16d7b7d10172304dc167922b352ab88e75bca590a4202cfa41b2b9ea2794,"{""distance"":7,""physical_error_rate"":0.0002}","{""detection_events"":1560651,""detectors_checked"":1995632640}"
    552960,         2,         0,   120.0,standalone_exact_mw,3f3e41bc6b36ed0cfc2fad9d3557a7870f4e21d551182548e920bf13e0232e34,"{""distance"":7,""physical_error_rate"":0.005}","{""detection_events"":8514740,""detectors_checked"":447897600,""obs_mistake_mask=E"":2}"
    989184,         0,         0,   120.0,standalone_exact_mw,c63d9dbf283cbe8d7d2c9891770aca900c170ab5c3de0408fa399997170cec3d,"{""distance"":7,""physical_error_rate"":0.001}","{""detection_events"":3120529,""detectors_checked"":801239040}"
   1839104,         0,         0,   119.9,standalone_exact_mw,20c8daca17953576b13a32f59e5f9cb54485b277119f4e6925e9023b8dd1f351,"{""distance"":7,""physical_error_rate"":0.002}","{""detection_events"":11527759,""detectors_checked"":1489674240}"
    757760,         4,         0,   120.0,standalone_exact_mw,3f3e41bc6b36ed0cfc2fad9d3557a7870f4e21d551182548e920bf13e0232e34,"{""distance"":7,""physical_error_rate"":0.005}","{""detection_events"":11672945,""detectors_checked"":613785600,""obs_mistake_mask=E"":4}"
   4822016,         0,         0,   119.8,standalone_exact_mw,8e8e16d7b7d10172304dc167922b352ab88e75bca590a4202cfa41b2b9ea2794,"{""distance"":7,""physical_error_rate"":0.0002}","{""detection_events"":3054810,""detectors_checked"":3905832960}"
    590848,         3,         0,   120.1,standalone_exact_mw,3f3e41bc6b36ed0cfc2fad9d3557a7870f4e21d551182548e920bf13e0232e34,"{""distance"":7,""physical_error_rate"":0.005}","{""detection_events"":9083080,""detectors_checked"":478586880,""obs_mistake_mask=E"":3}"
   2825216,         0,         0,   119.6,standalone_exact_mw,8e8e16d7b7d10172304dc167922b352ab88e75bca590a4202cfa41b2b9ea2794,"{""distance"":7,""physical_error_rate"":0.0002}","{""detection_events"":1787624,""detectors_checked"":2288424960}"
    812032,         7,         0,   120.0,standalone_exact_mw,3f3e41bc6b36ed0cfc2fad9d3557a7870f4e21d551182548e920bf13e0232e34,"{""distance"":7,""physical_error_rate"":0.005}","{""detection_events"":12502190,""detectors_checked"":657745920,""obs_mistake_mask=E"":7}"
    792576,         0,         0,   119.8,standalone_exact_mw,b0cacb7fc707c2734ebeeceefd47b6bd6784bf6b65d0613559eb8dd3ed8bcfbc,"{""distance"":7,""physical_error_rate"":0.0005}","{""detection_events"":1249993,""detectors_checked"":641986560}"
    884736,         0,         0,   119.9,standalone_exact_mw,c63d9dbf283cbe8d7d2c9891770aca900c170ab5c3de0408fa399997170cec3d,"{""distance"":7,""physical_error_rate"":0.001}","{""detection_events"":2790400,""detectors_checked"":716636160}"
    690176,         6,         0,   120.0,standalone_exact_mw,3f3e41bc6b36ed0cfc2fad9d3557a7870f4e21d551182548e920bf13e0232e34,"{""distance"":7,""physical_error_rate"":0.005}","{""detection_events"":10624094,""detectors_checked"":559042560,""obs_mistake_mask=E"":6}"
   1329152,         0,         0,   119.9,standalone_exact_mw,b0cacb7fc707c2734ebeeceefd47b6bd6784bf6b65d0613559eb8dd3ed8bcfbc,"{""distance"":7,""physical_error_rate"":0.0005}","{""detection_events"":2100792,""detectors_checked"":1076613120}"
   1762304,         0,         0,   119.7,standalone_exact_mw,b0cacb7fc707c2734ebeeceefd47b6bd6784bf6b65d0613559eb8dd3ed8bcfbc,"{""distance"":7,""physical_error_rate"":0.0005}","{""detection_events"":2782618,""detectors_checked"":1427466240}"
   1441792,         0,         0,   119.8,standalone_exact_mw,b0cacb7fc707c2734ebeeceefd47b6bd6784bf6b65d0613559eb8dd3ed8bcfbc,"{""distance"":7,""physical_error_rate"":0.0005}","{""detection_events"":2276524,""detectors_checked"":1167851520}"
    730112,         0,         0,   119.9,standalone_exact_mw,20c8daca17953576b13a32f59e5f9cb54485b277119f4e6925e9023b8dd1f351,"{""distance"":7,""physical_error_rate"":0.002}","{""detection_events"":4579282,""detectors_checked"":591390720}"
   3487744,         0,         0,   119.8,standalone_exact_mw,b0cacb7fc707c2734ebeeceefd47b6bd6784bf6b65d0613559eb8dd3ed8bcfbc,"{""distance"":7,""physical_error_rate"":0.0005}","{""detection_events"":5512367,""detectors_checked"":2825072640}"
    752640,         3,         0,   119.9,standalone_exact_mw,3f3e41bc6b36ed0cfc2fad9d3557a7870f4e21d551182548e920bf13e0232e34,"{""distance"":7,""physical_error_rate"":0.005}","{""detection_events"":11587951,""detectors_checked"":609638400,""obs_mistake_mask=E"":3}"
    827392,         0,         0,   119.8,standalone_exact_mw,20c8daca17953576b13a32f59e5f9cb54485b277119f4e6925e9023b8dd1f351,"{""distance"":7,""physical_error_rate"":0.002}","{""detection_events"":5183723,""detectors_checked"":670187520}"
   2366464,         0,         0,   119.8,standalone_exact_mw,8e8e16d7b7d10172304dc167922b352ab88e75bca590a4202cfa41b2b9ea2794,"{""distance"":7,""physical_error_rate"":0.0002}","{""detection_events"":1497988,""detectors_checked"":1916835840}"
   1179648,         0,         0,   119.8,standalone_exact_mw,b0cacb7fc707c2734ebeeceefd47b6bd6784bf6b65d0613559eb8dd3ed8bcfbc,"{""distance"":7,""physical_error_rate"":0.0005}","{""detection_events"":1864310,""detectors_checked"":955514880}"
   1084416,         0,         0,   119.9,standalone_exact_mw,c63d9dbf283cbe8d7d2c9891770aca900c170ab5c3de0408fa399997170cec3d,"{""distance"":7,""physical_error_rate"":0.001}","{""detection_events"":3422011,""detectors_checked"":878376960}"
   1032192,         0,         0,   119.9,standalone_exact_mw,c63d9dbf283cbe8d7d2c9891770aca900c170ab5c3de0408fa399997170cec3d,"{""distance"":7,""physical_error_rate"":0.001}","{""detection_events"":3253762,""detectors_checked"":836075520}"
   2566144,         0,         0,   119.9,standalone_exact_mw,c63d9dbf283cbe8d7d2c9891770aca900c170ab5c3de0408fa399997170cec3d,"{""distance"":7,""physical_error_rate"":0.001}","{""detection_events"":8085802,""detectors_checked"":2078576640}"
   2296832,         0,         0,   119.9,standalone_exact_mw,c63d9dbf283cbe8d7d2c9891770aca900c170ab5c3de0408fa399997170cec3d,"{""distance"":7,""physical_error_rate"":0.001}","{""detection_events"":7229983,""detectors_checked"":1860433920}"
   1026048,         0,         0,   119.8,standalone_exact_mw,c63d9dbf283cbe8d7d2c9891770aca900c170ab5c3de0408fa399997170cec3d,"{""distance"":7,""physical_error_rate"":0.001}","{""detection_events"":3235923,""detectors_checked"":831098880}"
   4308992,         0,         0,   119.8,standalone_exact_mw,8e8e16d7b7d10172304dc167922b352ab88e75bca590a4202cfa41b2b9ea2794,"{""distance"":7,""physical_error_rate"":0.0002}","{""detection_events"":2730140,""detectors_checked"":3490283520}"
    852992,         0,         0,   119.8,standalone_exact_mw,20c8daca17953576b13a32f59e5f9cb54485b277119f4e6925e9023b8dd1f351,"{""distance"":7,""physical_error_rate"":0.002}","{""detection_events"":5341477,""detectors_checked"":690923520}"
   4917248,         0,         0,   119.8,standalone_exact_mw,8e8e16d7b7d10172304dc167922b352ab88e75bca590a4202cfa41b2b9ea2794,"{""distance"":7,""physical_error_rate"":0.0002}","{""detection_events"":3112088,""detectors_checked"":3982970880}"
   2168832,         0,         0,   119.6,standalone_exact_mw,8e8e16d7b7d10172304dc167922b352ab88e75bca590a4202cfa41b2b9ea2794,"{""distance"":7,""physical_error_rate"":0.0002}","{""detection_events"":1374710,""detectors_checked"":1756753920}"
   3105792,         0,         0,   119.9,standalone_exact_mw,b0cacb7fc707c2734ebeeceefd47b6bd6784bf6b65d0613559eb8dd3ed8bcfbc,"{""distance"":7,""physical_error_rate"":0.0005}","{""detection_events"":4909956,""detectors_checked"":2515691520}"
   1015808,         0,         0,   120.0,standalone_exact_mw,20c8daca17953576b13a32f59e5f9cb54485b277119f4e6925e9023b8dd1f351,"{""distance"":7,""physical_error_rate"":0.002}","{""detection_events"":6369228,""detectors_checked"":822804480}"
   1236992,         0,         0,   119.7,standalone_exact_mw,b0cacb7fc707c2734ebeeceefd47b6bd6784bf6b65d0613559eb8dd3ed8bcfbc,"{""distance"":7,""physical_error_rate"":0.0005}","{""detection_events"":1953119,""detectors_checked"":1001963520}"
   1664000,         0,         0,   119.8,standalone_exact_mw,b0cacb7fc707c2734ebeeceefd47b6bd6784bf6b65d0613559eb8dd3ed8bcfbc,"{""distance"":7,""physical_error_rate"":0.0005}","{""detection_events"":2630499,""detectors_checked"":1347840000}"
    713728,         5,         0,   119.9,standalone_exact_mw,3f3e41bc6b36ed0cfc2fad9d3557a7870f4e21d551182548e920bf13e0232e34,"{""distance"":7,""physical_error_rate"":0.005}","{""detection_events"":10979468,""detectors_checked"":578119680,""obs_mistake_mask=E"":5}"
   4144128,         0,         0,   119.8,standalone_exact_mw,8e8e16d7b7d10172304dc167922b352ab88e75bca590a4202cfa41b2b9ea2794,"{""distance"":7,""physical_error_rate"":0.0002}","{""detection_events"":2624494,""detectors_checked"":3356743680}"
   1084416,         0,         0,   119.9,standalone_exact_mw,20c8daca17953576b13a32f59e5f9cb54485b277119f4e6925e9023b8dd1f351,"{""distance"":7,""physical_error_rate"":0.002}","{""detection_events"":6792113,""detectors_checked"":878376960}"
   2388992,         0,         0,   119.9,standalone_exact_mw,c63d9dbf283cbe8d7d2c9891770aca900c170ab5c3de0408fa399997170cec3d,"{""distance"":7,""physical_error_rate"":0.001}","{""detection_events"":7538196,""detectors_checked"":1935083520}"
    610304,         6,         0,   120.0,standalone_exact_mw,3f3e41bc6b36ed0cfc2fad9d3557a7870f4e21d551182548e920bf13e0232e34,"{""distance"":7,""physical_error_rate"":0.005}","{""detection_events"":9399637,""detectors_checked"":494346240,""obs_mistake_mask=E"":6}"
    660480,         0,         0,   119.9,standalone_exact_mw,20c8daca17953576b13a32f59e5f9cb54485b277119f4e6925e9023b8dd1f351,"{""distance"":7,""physical_error_rate"":0.002}","{""detection_events"":4138753,""detectors_checked"":534988800}"
    793600,         4,         0,   120.0,standalone_exact_mw,3f3e41bc6b36ed0cfc2fad9d3557a7870f4e21d551182548e920bf13e0232e34,"{""distance"":7,""physical_error_rate"":0.005}","{""detection_events"":12206724,""detectors_checked"":642816000,""obs_mistake_mask=E"":4}"
   1244160,         0,         0,   119.9,standalone_exact_mw,c63d9dbf283cbe8d7d2c9891770aca900c170ab5c3de0408fa399997170cec3d,"{""distance"":7,""physical_error_rate"":0.001}","{""detection_events"":3925805,""detectors_checked"":1007769600}"
    653312,         0,         0,   119.8,standalone_exact_mw,20c8daca17953576b13a32f59e5f9cb54485b277119f4e6925e9023b8dd1f351,"{""distance"":7,""physical_error_rate"":0.002}","{""detection_events"":4091297,""detectors_checked"":529182720}"
    676864,         1,         0,   119.9,standalone_exact_mw,20c8daca17953576b13a32f59e5f9cb54485b277119f4e6925e9023b8dd1f351,"{""distance"":7,""physical_error_rate"":0.002}","{""detection_events"":4241103,""detectors_checked"":548259840,""obs_mistake_mask=E"":1}"
   3039232,         0,         0,   119.9,standalone_exact_mw,b0cacb7fc707c2734ebeeceefd47b6bd6784bf6b65d0613559eb8dd3ed8bcfbc,"{""distance"":7,""physical_error_rate"":0.0005}","{""detection_events"":4806956,""detectors_checked"":2461777920}"
   1680384,         0,         0,   119.9,standalone_exact_mw,20c8daca17953576b13a32f59e5f9cb54485b277119f4e6925e9023b8dd1f351,"{""distance"":7,""physical_error_rate"":0.002}","{""detection_events"":10530603,""detectors_checked"":1361111040}"
   1355776,         0,         0,   119.7,standalone_exact_mw,b0cacb7fc707c2734ebeeceefd47b6bd6784bf6b65d0613559eb8dd3ed8bcfbc,"{""distance"":7,""physical_error_rate"":0.0005}","{""detection_events"":2140235,""detectors_checked"":1098178560}"
   2103296,         0,         0,   119.6,standalone_exact_mw,8e8e16d7b7d10172304dc167922b352ab88e75bca590a4202cfa41b2b9ea2794,"{""distance"":7,""physical_error_rate"":0.0002}","{""detection_events"":1332198,""detectors_checked"":1703669760}"
    543744,         1,         0,   120.1,standalone_exact_mw,3f3e41bc6b36ed0cfc2fad9d3557a7870f4e21d551182548e920bf13e0232e34,"{""distance"":7,""physical_error_rate"":0.005}","{""detection_events"":8372652,""detectors_checked"":440432640,""obs_mistake_mask=E"":1}"
    544768,         2,         0,   119.9,standalone_exact_mw,3f3e41bc6b36ed0cfc2fad9d3557a7870f4e21d551182548e920bf13e0232e34,"{""distance"":7,""physical_error_rate"":0.005}","{""detection_events"":8392034,""detectors_checked"":441262080,""obs_mistake_mask=E"":2}"
    636928,         1,         0,   120.0,standalone_exact_mw,20c8daca17953576b13a32f59e5f9cb54485b277119f4e6925e9023b8dd1f351,"{""distance"":7,""physical_error_rate"":0.002}","{""detection_events"":3993084,""detectors_checked"":515911680,""obs_mistake_mask=E"":1}"
   1590272,         0,         0,   119.8,standalone_exact_mw,b0cacb7fc707c2734ebeeceefd47b6bd6784bf6b65d0613559eb8dd3ed8bcfbc,"{""distance"":7,""physical_error_rate"":0.0005}","{""detection_events"":2514585,""detectors_checked"":1288120320}"
   4875264,         0,         0,   119.8,standalone_exact_mw,8e8e16d7b7d10172304dc167922b352ab88e75bca590a4202cfa41b2b9ea2794,"{""distance"":7,""physical_error_rate"":0.0002}","{""detection_events"":3087392,""detectors_checked"":3948963840}"
    869376,         0,         0,   120.2,standalone_exact_mw,20c8daca17953576b13a32f59e5f9cb54485b277119f4e6925e9023b8dd1f351,"{""distance"":7,""physical_error_rate"":0.002}","{""detection_events"":5448609,""detectors_checked"":704194560}"
   1096704,         0,         0,   119.9,standalone_exact_mw,c63d9dbf283cbe8d7d2c9891770aca900c170ab5c3de0408fa399997170cec3d,"{""distance"":7,""physical_error_rate"":0.001}","{""detection_events"":3454788,""detectors_checked"":888330240}"
   1136640,         0,         0,   119.9,standalone_exact_mw,c63d9dbf283cbe8d7d2c9891770aca900c170ab5c3de0408fa399997170cec3d,"{""distance"":7,""physical_error_rate"":0.001}","{""detection_events"":3581500,""detectors_checked"":920678400}"
    843776,         0,         0,   119.9,standalone_exact_mw,c63d9dbf283cbe8d7d2c9891770aca900c170ab5c3de0408fa399997170cec3d,"{""distance"":7,""physical_error_rate"":0.001}","{""detection_events"":2655703,""detectors_checked"":683458560}"
   1591296,        12,         0,   120.0,standalone_exact_mw,3f3e41bc6b36ed0cfc2fad9d3557a7870f4e21d551182548e920bf13e0232e34,"{""distance"":7,""physical_error_rate"":0.005}","{""detection_events"":24492358,""detectors_checked"":1288949760,""obs_mistake_mask=E"":12}"
    632832,         0,         0,   119.9,standalone_exact_mw,20c8daca17953576b13a32f59e5f9cb54485b277119f4e6925e9023b8dd1f351,"{""distance"":7,""physical_error_rate"":0.002}","{""detection_events"":3965792,""detectors_checked"":512593920}"
   1247232,         0,         0,   119.8,standalone_exact_mw,b0cacb7fc707c2734ebeeceefd47b6bd6784bf6b65d0613559eb8dd3ed8bcfbc,"{""distance"":7,""physical_error_rate"":0.0005}","{""detection_events"":1970196,""detectors_checked"":1010257920}"
   4833280,         0,         0,   119.8,standalone_exact_mw,8e8e16d7b7d10172304dc167922b352ab88e75bca590a4202cfa41b2b9ea2794,"{""distance"":7,""physical_error_rate"":0.0002}","{""detection_events"":3060341,""detectors_checked"":3914956800}"
   1727488,         0,         0,   119.6,standalone_exact_mw,8e8e16d7b7d10172304dc167922b352ab88e75bca590a4202cfa41b2b9ea2794,"{""distance"":7,""physical_error_rate"":0.0002}","{""detection_events"":1091916,""detectors_checked"":1399265280}"
   1888256,         0,         0,   119.6,standalone_exact_mw,8e8e16d7b7d10172304dc167922b352ab88e75bca590a4202cfa41b2b9ea2794,"{""distance"":7,""physical_error_rate"":0.0002}","{""detection_events"":1196640,""detectors_checked"":1529487360}"
   1324032,         0,         0,   119.8,standalone_exact_mw,c63d9dbf283cbe8d7d2c9891770aca900c170ab5c3de0408fa399997170cec3d,"{""distance"":7,""physical_error_rate"":0.001}","{""detection_events"":4175794,""detectors_checked"":1072465920}"
   2380800,         0,         0,   119.7,standalone_exact_mw,8e8e16d7b7d10172304dc167922b352ab88e75bca590a4202cfa41b2b9ea2794,"{""distance"":7,""physical_error_rate"":0.0002}","{""detection_events"":1507189,""detectors_checked"":1928448000}"
    605184,         4,         0,   119.9,standalone_exact_mw,3f3e41bc6b36ed0cfc2fad9d3557a7870f4e21d551182548e920bf13e0232e34,"{""distance"":7,""physical_error_rate"":0.005}","{""detection_events"":9314663,""detectors_checked"":490199040,""obs_mistake_mask=E"":4}"
   1017856,         0,         0,   119.8,standalone_exact_mw,c63d9dbf283cbe8d7d2c9891770aca900c170ab5c3de0408fa399997170cec3d,"{""distance"":7,""physical_error_rate"":0.001}","{""detection_events"":3205629,""detectors_checked"":824463360}"
   1873920,         0,         0,   119.9,standalone_exact_mw,20c8daca17953576b13a32f59e5f9cb54485b277119f4e6925e9023b8dd1f351,"{""distance"":7,""physical_error_rate"":0.002}","{""detection_events"":11746021,""detectors_checked"":1517875200}"
    757760,         2,         0,   119.9,standalone_exact_mw,3f3e41bc6b36ed0cfc2fad9d3557a7870f4e21d551182548e920bf13e0232e34,"{""distance"":7,""physical_error_rate"":0.005}","{""detection_events"":11654646,""detectors_checked"":613785600,""obs_mistake_mask=E"":2}"
   4823040,         0,         0,   119.8,standalone_exact_mw,8e8e16d7b7d10172304dc167922b352ab88e75bca590a4202cfa41b2b9ea2794,"{""distance"":7,""physical_error_rate"":0.0002}","{""detection_events"":3056181,""detectors_checked"":3906662400}"
    491520,         2,         0,   120.0,standalone_exact_mw,3f3e41bc6b36ed0cfc2fad9d3557a7870f4e21d551182548e920bf13e0232e34,"{""distance"":7,""physical_error_rate"":0.005}","{""detection_events"":7569277,""detectors_checked"":398131200,""obs_mistake_mask=E"":2}"
   2477056,         0,         0,   119.7,standalone_exact_mw,8e8e16d7b7d10172304dc167922b352ab88e75bca590a4202cfa41b2b9ea2794,"{""distance"":7,""physical_error_rate"":0.0002}","{""detection_events"":1571072,""detectors_checked"":2006415360}"
    779264,         5,         0,   120.0,standalone_exact_mw,3f3e41bc6b36ed0cfc2fad9d3557a7870f4e21d551182548e920bf13e0232e34,"{""distance"":7,""physical_error_rate"":0.005}","{""detection_events"":11990426,""detectors_checked"":631203840,""obs_mistake_mask=E"":5}"
    827392,         0,         0,   119.9,standalone_exact_mw,b0cacb7fc707c2734ebeeceefd47b6bd6784bf6b65d0613559eb8dd3ed8bcfbc,"{""distance"":7,""physical_error_rate"":0.0005}","{""detection_events"":1307516,""detectors_checked"":670187520}"
    975872,         0,         0,   119.8,standalone_exact_mw,c63d9dbf283cbe8d7d2c9891770aca900c170ab5c3de0408fa399997170cec3d,"{""distance"":7,""physical_error_rate"":0.001}","{""detection_events"":3077665,""detectors_checked"":790456320}"
    704512,         4,         0,   119.9,standalone_exact_mw,3f3e41bc6b36ed0cfc2fad9d3557a7870f4e21d551182548e920bf13e0232e34,"{""distance"":7,""physical_error_rate"":0.005}","{""detection_events"":10841889,""detectors_checked"":570654720,""obs_mistake_mask=E"":4}"
   1271808,         0,         0,   119.9,standalone_exact_mw,b0cacb7fc707c2734ebeeceefd47b6bd6784bf6b65d0613559eb8dd3ed8bcfbc,"{""distance"":7,""physical_error_rate"":0.0005}","{""detection_events"":2009245,""detectors_checked"":1030164480}"
   1717248,         0,         0,   119.7,standalone_exact_mw,b0cacb7fc707c2734ebeeceefd47b6bd6784bf6b65d0613559eb8dd3ed8bcfbc,"{""distance"":7,""physical_error_rate"":0.0005}","{""detection_events"":2715274,""detectors_checked"":1390970880}"
   1302528,         0,         0,   119.8,standalone_exact_mw,b0cacb7fc707c2734ebeeceefd47b6bd6784bf6b65d0613559eb8dd3ed8bcfbc,"{""distance"":7,""physical_error_rate"":0.0005}","{""detection_events"":2059461,""detectors_checked"":1055047680}"
    750592,         0,         0,   119.8,standalone_exact_mw,20c8daca17953576b13a32f59e5f9cb54485b277119f4e6925e9023b8dd1f351,"{""distance"":7,""physical_error_rate"":0.002}","{""detection_events"":4704709,""detectors_checked"":607979520}"
   3493888,         0,         0,   119.8,standalone_exact_mw,b0cacb7fc707c2734ebeeceefd47b6bd6784bf6b65d0613559eb8dd3ed8bcfbc,"{""distance"":7,""physical_error_rate"":0.0005}","{""detection_events"":5519312,""detectors_checked"":2830049280}"
    780288,         2,         0,   119.9,standalone_exact_mw,3f3e41bc6b36ed0cfc2fad9d3557a7870f4e21d551182548e920bf13e0232e34,"{""distance"":7,""physical_error_rate"":0.005}","{""detection_events"":12015008,""detectors_checked"":632033280,""obs_mistake_mask=E"":2}"
    707584,         0,         0,   120.1,standalone_exact_mw,20c8daca17953576b13a32f59e5f9cb54485b277119f4e6925e9023b8dd1f351,"{""distance"":7,""physical_error_rate"":0.002}","{""detection_events"":4431807,""detectors_checked"":573143040}"
   2327552,         0,         0,   119.8,standalone_exact_mw,8e8e16d7b7d10172304dc167922b352ab88e75bca590a4202cfa41b2b9ea2794,"{""distance"":7,""physical_error_rate"":0.0002}","{""detection_events"":1474236,""detectors_checked"":1885317120}"
   1089536,         0,         0,   119.8,standalone_exact_mw,b0cacb7fc707c2734ebeeceefd47b6bd6784bf6b65d0613559eb8dd3ed8bcfbc,"{""distance"":7,""physical_error_rate"":0.0005}","{""detection_events"":1723176,""detectors_checked"":882524160}"
   1037312,         0,         0,   119.8,standalone_exact_mw,c63d9dbf283cbe8d7d2c9891770aca900c170ab5c3de0408fa399997170cec3d,"{""distance"":7,""physical_error_rate"":0.001}","{""detection_events"":3268267,""detectors_checked"":840222720}"
   1078272,         0,         0,   120.0,standalone_exact_mw,c63d9dbf283cbe8d7d2c9891770aca900c170ab5c3de0408fa399997170cec3d,"{""distance"":7,""physical_error_rate"":0.001}","{""detection_events"":3403183,""detectors_checked"":873400320}"
   2561024,         0,         0,   119.9,standalone_exact_mw,c63d9dbf283cbe8d7d2c9891770aca900c170ab5c3de0408fa399997170cec3d,"{""distance"":7,""physical_error_rate"":0.001}","{""detection_events"":8074290,""detectors_checked"":2074429440}"
   2232320,         0,         0,   119.9,standalone_exact_mw,c63d9dbf283cbe8d7d2c9891770aca900c170ab5c3de0408fa399997170cec3d,"{""distance"":7,""physical_error_rate"":0.001}","{""detection_events"":7033919,""detectors_checked"":1808179200}"
    999424,         0,         0,   120.0,standalone_exact_mw,c63d9dbf283cbe8d7d2c9891770aca900c170ab5c3de0408fa399997170cec3d,"{""distance"":7,""physical_error_rate"":0.001}","{""detection_events"":3152028,""detectors_checked"":809533440}"
   4500480,         0,         0,   119.8,standalone_exact_mw,8e8e16d7b7d10172304dc167922b352ab88e75bca590a4202cfa41b2b9ea2794,"{""distance"":7,""physical_error_rate"":0.0002}","{""detection_events"":2853127,""detectors_checked"":3645388800}"
    836608,         0,         0,   119.8,standalone_exact_mw,20c8daca17953576b13a32f59e5f9cb54485b277119f4e6925e9023b8dd1f351,"{""distance"":7,""physical_error_rate"":0.002}","{""detection_events"":5246833,""detectors_checked"":677652480}"
   4925440,         0,         0,   119.8,standalone_exact_mw,8e8e16d7b7d10172304dc167922b352ab88e75bca590a4202cfa41b2b9ea2794,"{""distance"":7,""physical_error_rate"":0.0002}","{""detection_events"":3114798,""detectors_checked"":3989606400}"
   2292736,         0,         0,   119.6,standalone_exact_mw,8e8e16d7b7d10172304dc167922b352ab88e75bca590a4202cfa41b2b9ea2794,"{""distance"":7,""physical_error_rate"":0.0002}","{""detection_events"":1452383,""detectors_checked"":1857116160}"
   1000448,         0,         0,   119.9,standalone_exact_mw,20c8daca17953576b13a32f59e5f9cb54485b277119f4e6925e9023b8dd1f351,"{""distance"":7,""physical_error_rate"":0.002}","{""detection_events"":6268606,""detectors_checked"":810362880}"
   3054592,         0,         0,   119.9,standalone_exact_mw,b0cacb7fc707c2734ebeeceefd47b6bd6784bf6b65d0613559eb8dd3ed8bcfbc,"{""distance"":7,""physical_error_rate"":0.0005}","{""detection_events"":4822823,""detectors_checked"":2474219520}"
   1469440,         0,         0,   119.7,standalone_exact_mw,b0cacb7fc707c2734ebeeceefd47b6bd6784bf6b65d0613559eb8dd3ed8bcfbc,"{""distance"":7,""physical_error_rate"":0.0005}","{""detection_events"":2320138,""detectors_checked"":1190246400}"
   1701888,         0,         0,   119.8,standalone_exact_mw,b0cacb7fc707c2734ebeeceefd47b6bd6784bf6b65d0613559eb8dd3ed8bcfbc,"{""distance"":7,""physical_error_rate"":0.0005}","{""detection_events"":2683523,""detectors_checked"":1378529280}"
    711680,         4,         0,   119.9,standalone_exact_mw,3f3e41bc6b36ed0cfc2fad9d3557a7870f4e21d551182548e920bf13e0232e34,"{""distance"":7,""physical_error_rate"":0.005}","{""detection_events"":10958088,""detectors_checked"":576460800,""obs_mistake_mask=E"":4}"
   4027392,         0,         0,   119.8,standalone_exact_mw,8e8e16d7b7d10172304dc167922b352ab88e75bca590a4202cfa41b2b9ea2794,"{""distance"":7,""physical_error_rate"":0.0002}","{""detection_events"":2554360,""detectors_checked"":3262187520}"
   1117184,         0,         0,   119.8,standalone_exact_mw,20c8daca17953576b13a32f59e5f9cb54485b277119f4e6925e9023b8dd1f351,"{""distance"":7,""physical_error_rate"":0.002}","{""detection_events"":6999534,""detectors_checked"":904919040}"
   2323456,         0,         0,   119.9,standalone_exact_mw,c63d9dbf283cbe8d7d2c9891770aca900c170ab5c3de0408fa399997170cec3d,"{""distance"":7,""physical_error_rate"":0.001}","{""detection_events"":7316704,""detectors_checked"":1881999360}"
    562176,         3,         0,   119.9,standalone_exact_mw,3f3e41bc6b36ed0cfc2fad9d3557a7870f4e21d551182548e920bf13e0232e34,"{""distance"":7,""physical_error_rate"":0.005}","{""detection_events"":8656312,""detectors_checked"":455362560,""obs_mistake_mask=E"":3}"
    786432,         0,         0,   119.9,standalone_exact_mw,20c8daca17953576b13a32f59e5f9cb54485b277119f4e6925e9023b8dd1f351,"{""distance"":7,""physical_error_rate"":0.002}","{""detection_events"":4931165,""detectors_checked"":637009920}"
    834560,         5,         0,   120.0,standalone_exact_mw,3f3e41bc6b36ed0cfc2fad9d3557a7870f4e21d551182548e920bf13e0232e34,"{""distance"":7,""physical_error_rate"":0.005}","{""detection_events"":12845562,""detectors_checked"":675993600,""obs_mistake_mask=E"":5}"
   1277952,         0,         0,   119.8,standalone_exact_mw,c63d9dbf283cbe8d7d2c9891770aca900c170ab5c3de0408fa399997170cec3d,"{""distance"":7,""physical_error_rate"":0.001}","{""detection_events"":4031428,""detectors_checked"":1035141120}"
    772096,         0,         0,   119.8,standalone_exact_mw,20c8daca17953576b13a32f59e5f9cb54485b277119f4e6925e9023b8dd1f351,"{""distance"":7,""physical_error_rate"":0.002}","{""detection_events"":4840751,""detectors_checked"":625397760}"
    677888,         0,         0,   119.9,standalone_exact_mw,20c8daca17953576b13a32f59e5f9cb54485b277119f4e6925e9023b8dd1f351,"{""distance"":7,""physical_error_rate"":0.002}","{""detection_events"":4248828,""detectors_checked"":549089280}"
   1697792,         1,         0,   119.9,standalone_exact_mw,20c8daca17953576b13a32f59e5f9cb54485b277119f4e6925e9023b8dd1f351,"{""distance"":7,""physical_error_rate"":0.002}","{""detection_events"":10635671,""detectors_checked"":1375211520,""obs_mistake_mask=E"":1}"
   2921472,         0,         0,   119.8,standalone_exact_mw,b0cacb7fc707c2734ebeeceefd47b6bd6784bf6b65d0613559eb8dd3ed8bcfbc,"{""distance"":7,""physical_error_rate"":0.0005}","{""detection_events"":4616336,""detectors_checked"":2366392320}"
   1345536,         0,         0,   119.7,standalone_exact_mw,b0cacb7fc707c2734ebeeceefd47b6bd6784bf6b65d0613559eb8dd3ed8bcfbc,"{""distance"":7,""physical_error_rate"":0.0005}","{""detection_events"":2128505,""detectors_checked"":1089884160}"
   1971200,         0,         0,   119.7,standalone_exact_mw,8e8e16d7b7d10172304dc167922b352ab88e75bca590a4202cfa41b2b9ea2794,"{""distance"":7,""physical_error_rate"":0.0002}","{""detection_events"":1249089,""detectors_checked"":1596672000}"
    550912,         2,         0,   120.0,standalone_exact_mw,3f3e41bc6b36ed0cfc2fad9d3557a7870f4e21d551182548e920bf13e0232e34,"{""distance"":7,""physical_error_rate"":0.005}","{""detection_events"":8480705,""detectors_checked"":446238720,""obs_mistake_mask=E"":2}"
    634880,         4,         0,   119.9,standalone_exact_mw,3f3e41bc6b36ed0cfc2fad9d3557a7870f4e21d551182548e920bf13e0232e34,"{""distance"":7,""physical_error_rate"":0.005}","{""detection_events"":9771896,""detectors_checked"":514252800,""obs_mistake_mask=E"":4}"
   1445888,         0,         0,   119.8,standalone_exact_mw,b0cacb7fc707c2734ebeeceefd47b6bd6784bf6b65d0613559eb8dd3ed8bcfbc,"{""distance"":7,""physical_error_rate"":0.0005}","{""detection_events"":2281493,""detectors_checked"":1171169280}"
    777216,         0,         0,   119.9,standalone_exact_mw,20c8daca17953576b13a32f59e5f9cb54485b277119f4e6925e9023b8dd1f351,"{""distance"":7,""physical_error_rate"":0.002}","{""detection_events"":4875586,""detectors_checked"":629544960}"
   4877312,         0,         0,   119.8,standalone_exact_mw,8e8e16d7b7d10172304dc167922b352ab88e75bca590a4202cfa41b2b9ea2794,"{""distance"":7,""physical_error_rate"":0.0002}","{""detection_events"":3091451,""detectors_checked"":3950622720}"
    779264,         0,         0,   120.0,standalone_exact_mw,20c8daca17953576b13a32f59e5f9cb54485b277119f4e6925e9023b8dd1f351,"{""distance"":7,""physical_error_rate"":0.002}","{""detection_events"":4881344,""detectors_checked"":631203840}"
    990208,         0,         0,   119.9,standalone_exact_mw,c63d9dbf283cbe8d7d2c9891770aca900c170ab5c3de0408fa399997170cec3d,"{""distance"":7,""physical_error_rate"":0.001}","{""detection_events"":3125772,""detectors_checked"":802068480}"
    960512,         0,         0,   119.8,standalone_exact_mw,c63d9dbf283cbe8d7d2c9891770aca900c170ab5c3de0408fa399997170cec3d,"{""distance"":7,""physical_error_rate"":0.001}","{""detection_events"":3025298,""detectors_checked"":778014720}"
    855040,         0,         0,   119.9,standalone_exact_mw,c63d9dbf283cbe8d7d2c9891770aca900c170ab5c3de0408fa399997170cec3d,"{""distance"":7,""physical_error_rate"":0.001}","{""detection_events"":2701364,""detectors_checked"":692582400}"
   1588224,         5,         0,   120.0,standalone_exact_mw,3f3e41bc6b36ed0cfc2fad9d3557a7870f4e21d551182548e920bf13e0232e34,"{""distance"":7,""physical_error_rate"":0.005}","{""detection_events"":24450266,""detectors_checked"":1286461440,""obs_mistake_mask=E"":5}"
    653312,         0,         0,   120.1,standalone_exact_mw,20c8daca17953576b13a32f59e5f9cb54485b277119f4e6925e9023b8dd1f351,"{""distance"":7,""physical_error_rate"":0.002}","{""detection_events"":4094490,""detectors_checked"":529182720}"
   1262592,         0,         0,   119.7,standalone_exact_mw,b0cacb7fc707c2734ebeeceefd47b6bd6784bf6b65d0613559eb8dd3ed8bcfbc,"{""distance"":7,""physical_error_rate"":0.0005}","{""detection_events"":1991216,""detectors_checked"":1022699520}"
   4822016,         0,         0,   119.8,standalone_exact_mw,8e8e16d7b7d10172304dc167922b352ab88e75bca590a4202cfa41b2b9ea2794,"{""distance"":7,""physical_error_rate"":0.0002}","{""detection_events"":3057433,""detectors_checked"":3905832960}"
   1859584,         0,         0,   119.7,standalone_exact_mw,8e8e16d7b7d10172304dc167922b352ab88e75bca590a4202cfa41b2b9ea2794,"{""distance"":7,""physical_error_rate"":0.0002}","{""detection_events"":1178517,""detectors_checked"":1506263040}"
   1995776,         0,         0,   119.6,standalone_exact_mw,8e8e16d7b7d10172304dc167922b352ab88e75bca590a4202cfa41b2b9ea2794,"{""distance"":7,""physical_error_rate"":0.0002}","{""detection_events"":1264997,""detectors_checked"":1616578560}"
   1408000,         0,         0,   119.8,standalone_exact_mw,c63d9dbf283cbe8d7d2c9891770aca900c170ab5c3de0408fa399997170cec3d,"{""distance"":7,""physical_error_rate"":0.001}","{""detection_events"":4436131,""detectors_checked"":1140480000}"
   2544640,         0,         0,   119.6,standalone_exact_mw,8e8e16d7b7d10172304dc167922b352ab88e75bca590a4202cfa41b2b9ea2794,"{""distance"":7,""physical_error_rate"":0.0002}","{""detection_events"":1614332,""detectors_checked"":2061158400}"
    692224,         6,         0,   119.9,standalone_exact_mw,3f3e41bc6b36ed0cfc2fad9d3557a7870f4e21d551182548e920bf13e0232e34,"{""distance"":7,""physical_error_rate"":0.005}","{""detection_events"":10645650,""detectors_checked"":560701440,""obs_mistake_mask=E"":6}"
   1118208,         0,         0,   119.9,standalone_exact_mw,c63d9dbf283cbe8d7d2c9891770aca900c170ab5c3de0408fa399997170cec3d,"{""distance"":7,""physical_error_rate"":0.001}","{""detection_events"":3528672,""detectors_checked"":905748480}"
   1876992,         0,         0,   119.9,standalone_exact_mw,20c8daca17953576b13a32f59e5f9cb54485b277119f4e6925e9023b8dd1f351,"{""distance"":7,""physical_error_rate"":0.002}","{""detection_events"":11769376,""detectors_checked"":1520363520}"
    781312,         4,         0,   120.0,standalone_exact_mw,3f3e41bc6b36ed0cfc2fad9d3557a7870f4e21d551182548e920bf13e0232e34,"{""distance"":7,""physical_error_rate"":0.005}","{""detection_events"":12027163,""detectors_checked"":632862720,""obs_mistake_mask=E"":4}"
   4811776,         0,         0,   119.8,standalone_exact_mw,8e8e16d7b7d10172304dc167922b352ab88e75bca590a4202cfa41b2b9ea2794,"{""distance"":7,""physical_error_rate"":0.0002}","{""detection_events"":3050978,""detectors_checked"":3897538560}"
    538624,         5,         0,   119.9,standalone_exact_mw,3f3e41bc6b36ed0cfc2fad9d3557a7870f4e21d551182548e920bf13e0232e34,"{""distance"":7,""physical_error_rate"":0.005}","{""detection_events"":8291700,""detectors_checked"":436285440,""obs_mistake_mask=E"":5}"
   2803712,         0,         0,   119.6,standalone_exact_mw,8e8e16d7b7d10172304dc167922b352ab88e75bca590a4202cfa41b2b9ea2794,"{""distance"":7,""physical_error_rate"":0.0002}","{""detection_events"":1776010,""detectors_checked"":2271006720}"
    836608,         8,         0,   120.0,standalone_exact_mw,3f3e41bc6b36ed0cfc2fad9d3557a7870f4e21d551182548e920bf13e0232e34,"{""distance"":7,""physical_error_rate"":0.005}","{""detection_events"":12878906,""detectors_checked"":677652480,""obs_mistake_mask=E"":8}"
    807936,         0,         0,   119.9,standalone_exact_mw,b0cacb7fc707c2734ebeeceefd47b6bd6784bf6b65d0613559eb8dd3ed8bcfbc,"{""distance"":7,""physical_error_rate"":0.0005}","{""detection_events"":1273622,""detectors_checked"":654428160}"
   1159168,         0,         0,   119.8,standalone_exact_mw,c63d9dbf283cbe8d7d2c9891770aca900c170ab5c3de0408fa399997170cec3d,"{""distance"":7,""physical_error_rate"":0.001}","{""detection_events"":3654029,""detectors_checked"":938926080}"
    567296,         3,         0,   120.0,standalone_exact_mw,3f3e41bc6b36ed0cfc2fad9d3557a7870f4e21d551182548e920bf13e0232e34,"{""distance"":7,""physical_error_rate"":0.005}","{""detection_events"":8736299,""detectors_checked"":459509760,""obs_mistake_mask=E"":3}"
   1399808,         0,         0,   119.8,standalone_exact_mw,b0cacb7fc707c2734ebeeceefd47b6bd6784bf6b65d0613559eb8dd3ed8bcfbc,"{""distance"":7,""physical_error_rate"":0.0005}","{""detection_events"":2211854,""detectors_checked"":1133844480}"
   1713152,         0,         0,   119.8,standalone_exact_mw,b0cacb7fc707c2734ebeeceefd47b6bd6784bf6b65d0613559eb8dd3ed8bcfbc,"{""distance"":7,""physical_error_rate"":0.0005}","{""detection_events"":2710858,""detectors_checked"":1387653120}"
   1374208,         0,         0,   119.8,standalone_exact_mw,b0cacb7fc707c2734ebeeceefd47b6bd6784bf6b65d0613559eb8dd3ed8bcfbc,"{""distance"":7,""physical_error_rate"":0.0005}","{""detection_events"":2173855,""detectors_checked"":1113108480}"
    718848,         0,         0,   120.0,standalone_exact_mw,20c8daca17953576b13a32f59e5f9cb54485b277119f4e6925e9023b8dd1f351,"{""distance"":7,""physical_error_rate"":0.002}","{""detection_events"":4499637,""detectors_checked"":582266880}"
   3481600,         0,         0,   119.8,standalone_exact_mw,b0cacb7fc707c2734ebeeceefd47b6bd6784bf6b65d0613559eb8dd3ed8bcfbc,"{""distance"":7,""physical_error_rate"":0.0005}","{""detection_events"":5505545,""detectors_checked"":2820096000}"
    722944,         4,         0,   119.9,standalone_exact_mw,3f3e41bc6b36ed0cfc2fad9d3557a7870f4e21d551182548e920bf13e0232e34,"{""distance"":7,""physical_error_rate"":0.005}","{""detection_events"":11137979,""detectors_checked"":585584640,""obs_mistake_mask=E"":4}"
    844800,         0,         0,   120.0,standalone_exact_mw,20c8daca17953576b13a32f59e5f9cb54485b277119f4e6925e9023b8dd1f351,"{""distance"":7,""physical_error_rate"":0.002}","{""detection_events"":5296837,""detectors_checked"":684288000}"
   2360320,         0,         0,   119.8,standalone_exact_mw,8e8e16d7b7d10172304dc167922b352ab88e75bca590a4202cfa41b2b9ea2794,"{""distance"":7,""physical_error_rate"":0.0002}","{""detection_events"":1496262,""detectors_checked"":1911859200}"
   1240064,         0,         0,   119.7,standalone_exact_mw,b0cacb7fc707c2734ebeeceefd47b6bd6784bf6b65d0613559eb8dd3ed8bcfbc,"{""distance"":7,""physical_error_rate"":0.0005}","{""detection_events"":1961872,""detectors_checked"":1004451840}"
   1043456,         0,         0,   119.8,standalone_exact_mw,c63d9dbf283cbe8d7d2c9891770aca900c170ab5c3de0408fa399997170cec3d,"{""distance"":7,""physical_error_rate"":0.001}","{""detection_events"":3289022,""detectors_checked"":845199360}"
   1033216,         0,         0,   119.8,standalone_exact_mw,c63d9dbf283cbe8d7d2c9891770aca900c170ab5c3de0408fa399997170cec3d,"{""distance"":7,""physical_error_rate"":0.001}","{""detection_events"":3257844,""detectors_checked"":836904960}"
   2560000,         0,         0,   119.9,standalone_exact_mw,c63d9dbf283cbe8d7d2c9891770aca900c170ab5c3de0408fa399997170cec3d,"{""distance"":7,""physical_error_rate"":0.001}","{""detection_events"":8059450,""detectors_checked"":2073600000}"
   2083840,         0,         0,   119.9,standalone_exact_mw,c63d9dbf283cbe8d7d2c9891770aca900c170ab5c3de0408fa399997170cec3d,"{""distance"":7,""physical_error_rate"":0.001}","{""detection_events"":6567232,""detectors_checked"":1687910400}"
   1058816,         0,         0,   119.9,standalone_exact_mw,c63d9dbf283cbe8d7d2c9891770aca900c170ab5c3de0408fa399997170cec3d,"{""distance"":7,""physical_error_rate"":0.001}","{""detection_events"":3332881,""detectors_checked"":857640960}"
   3788800,         0,         0,   119.8,standalone_exact_mw,8e8e16d7b7d10172304dc167922b352ab88e75bca590a4202cfa41b2b9ea2794,"{""distance"":7,""physical_error_rate"":0.0002}","{""detection_events"":2399850,""detectors_checked"":3068928000}"
   4913152,         0,         0,   119.8,standalone_exact_mw,8e8e16d7b7d10172304dc167922b352ab88e75bca590a4202cfa41b2b9ea2794,"{""distance"":7,""physical_error_rate"":0.0002}","{""detection_events"":3106687,""detectors_checked"":3979653120}"
    871424,         0,         0,   119.9,standalone_exact_mw,20c8daca17953576b13a32f59e5f9cb54485b277119f4e6925e9023b8dd1f351,"{""distance"":7,""physical_error_rate"":0.002}","{""detection_events"":5456553,""detectors_checked"":705853440}"
   2267136,         0,         0,   119.8,standalone_exact_mw,8e8e16d7b7d10172304dc167922b352ab88e75bca590a4202cfa41b2b9ea2794,"{""distance"":7,""physical_error_rate"":0.0002}","{""detection_events"":1437490,""detectors_checked"":1836380160}"
   3073024,         0,         0,   119.8,standalone_exact_mw,b0cacb7fc707c2734ebeeceefd47b6bd6784bf6b65d0613559eb8dd3ed8bcfbc,"{""distance"":7,""physical_error_rate"":0.0005}","{""detection_events"":4863553,""detectors_checked"":2489149440}"
    990208,         0,         0,   120.0,standalone_exact_mw,20c8daca17953576b13a32f59e5f9cb54485b277119f4e6925e9023b8dd1f351,"{""distance"":7,""physical_error_rate"":0.002}","{""detection_events"":6206601,""detectors_checked"":802068480}"
   1220608,         0,         0,   119.9,standalone_exact_mw,b0cacb7fc707c2734ebeeceefd47b6bd6784bf6b65d0613559eb8dd3ed8bcfbc,"{""distance"":7,""physical_error_rate"":0.0005}","{""detection_events"":1929870,""detectors_checked"":988692480}"
   1678336,         0,         0,   119.8,standalone_exact_mw,b0cacb7fc707c2734ebeeceefd47b6bd6784bf6b65d0613559eb8dd3ed8bcfbc,"{""distance"":7,""physical_error_rate"":0.0005}","{""detection_events"":2654228,""detectors_checked"":1359452160}"
    742400,         5,         0,   120.0,standalone_exact_mw,3f3e41bc6b36ed0cfc2fad9d3557a7870f4e21d551182548e920bf13e0232e34,"{""distance"":7,""physical_error_rate"":0.005}","{""detection_events"":11437858,""detectors_checked"":601344000,""obs_mistake_mask=E"":5}"
   3854336,         0,         0,   119.7,standalone_exact_mw,8e8e16d7b7d10172304dc167922b352ab88e75bca590a4202cfa41b2b9ea2794,"{""distance"":7,""physical_error_rate"":0.0002}","{""detection_events"":2441801,""detectors_checked"":3122012160}"
   1003520,         0,         0,   120.0,standalone_exact_mw,20c8daca17953576b13a32f59e5f9cb54485b277119f4e6925e9023b8dd1f351,"{""distance"":7,""physical_error_rate"":0.002}","{""detection_events"":6288803,""detectors_checked"":812851200}"
   2081792,         0,         0,   119.9,standalone_exact_mw,c63d9dbf283cbe8d7d2c9891770aca900c170ab5c3de0408fa399997170cec3d,"{""distance"":7,""physical_error_rate"":0.001}","{""detection_events"":6562959,""detectors_checked"":1686251520}"
    609280,         7,         0,   119.9,standalone_exact_mw,3f3e41bc6b36ed0cfc2fad9d3557a7870f4e21d551182548e920bf13e0232e34,"{""distance"":7,""physical_error_rate"":0.005}","{""detection_events"":9379048,""detectors_checked"":493516800,""obs_mistake_mask=E"":7}"
    736256,         1,         0,   119.9,standalone_exact_mw,20c8daca17953576b13a32f59e5f9cb54485b277119f4e6925e9023b8dd1f351,"{""distance"":7,""physical_error_rate"":0.002}","{""detection_events"":4617386,""detectors_checked"":596367360,""obs_mistake_mask=E"":1}"
    824320,         3,         0,   120.0,standalone_exact_mw,3f3e41bc6b36ed0cfc2fad9d3557a7870f4e21d551182548e920bf13e0232e34,"{""distance"":7,""physical_error_rate"":0.005}","{""detection_events"":12690033,""detectors_checked"":667699200,""obs_mistake_mask=E"":3}"
   1318912,         0,         0,   119.8,standalone_exact_mw,c63d9dbf283cbe8d7d2c9891770aca900c170ab5c3de0408fa399997170cec3d,"{""distance"":7,""physical_error_rate"":0.001}","{""detection_events"":4158065,""detectors_checked"":1068318720}"
    846848,         0,         0,   119.9,standalone_exact_mw,20c8daca17953576b13a32f59e5f9cb54485b277119f4e6925e9023b8dd1f351,"{""distance"":7,""physical_error_rate"":0.002}","{""detection_events"":5305721,""detectors_checked"":685946880}"
    716800,         0,         0,   119.9,standalone_exact_mw,20c8daca17953576b13a32f59e5f9cb54485b277119f4e6925e9023b8dd1f351,"{""distance"":7,""physical_error_rate"":0.002}","{""detection_events"":4486345,""detectors_checked"":580608000}"
   2612224,         0,         0,   119.8,standalone_exact_mw,b0cacb7fc707c2734ebeeceefd47b6bd6784bf6b65d0613559eb8dd3ed8bcfbc,"{""distance"":7,""physical_error_rate"":0.0005}","{""detection_events"":4128453,""detectors_checked"":2115901440}"
   1610752,         0,         0,   119.9,standalone_exact_mw,20c8daca17953576b13a32f59e5f9cb54485b277119f4e6925e9023b8dd1f351,"{""distance"":7,""physical_error_rate"":0.002}","{""detection_events"":10089180,""detectors_checked"":1304709120}"
   1483776,         0,         0,   119.8,standalone_exact_mw,b0cacb7fc707c2734ebeeceefd47b6bd6784bf6b65d0613559eb8dd3ed8bcfbc,"{""distance"":7,""physical_error_rate"":0.0005}","{""detection_events"":2347162,""detectors_checked"":1201858560}"
   2076672,         0,         0,   119.8,standalone_exact_mw,8e8e16d7b7d10172304dc167922b352ab88e75bca590a4202cfa41b2b9ea2794,"{""distance"":7,""physical_error_rate"":0.0002}","{""detection_events"":1312473,""detectors_checked"":1682104320}"
    589824,         5,         0,   119.9,standalone_exact_mw,3f3e41bc6b36ed0cfc2fad9d3557a7870f4e21d551182548e920bf13e0232e34,"{""distance"":7,""physical_error_rate"":0.005}","{""detection_events"":9070232,""detectors_checked"":477757440,""obs_mistake_mask=E"":5}"
    560128,         1,         0,   119.9,standalone_exact_mw,3f3e41bc6b36ed0cfc2fad9d3557a7870f4e21d551182548e920bf13e0232e34,"{""distance"":7,""physical_error_rate"":0.005}","{""detection_events"":8613482,""detectors_checked"":453703680,""obs_mistake_mask=E"":1}"
   1165312,         0,         0,   119.7,standalone_exact_mw,b0cacb7fc707c2734ebeeceefd47b6bd6784bf6b65d0613559eb8dd3ed8bcfbc,"{""distance"":7,""physical_error_rate"":0.0005}","{""detection_events"":1839395,""detectors_checked"":943902720}"
    634880,         0,         0,   120.0,standalone_exact_mw,20c8daca17953576b13a32f59e5f9cb54485b277119f4e6925e9023b8dd1f351,"{""distance"":7,""physical_error_rate"":0.002}","{""detection_events"":3981688,""detectors_checked"":514252800}"
   4872192,         0,         0,   119.8,standalone_exact_mw,8e8e16d7b7d10172304dc167922b352ab88e75bca590a4202cfa41b2b9ea2794,"{""distance"":7,""physical_error_rate"":0.0002}","{""detection_events"":3088200,""detectors_checked"":3946475520}"
    905216,         0,         0,   119.8,standalone_exact_mw,20c8daca17953576b13a32f59e5f9cb54485b277119f4e6925e9023b8dd1f351,"{""distance"":7,""physical_error_rate"":0.002}","{""detection_events"":5673897,""detectors_checked"":733224960}"
    896000,         0,         0,   119.8,standalone_exact_mw,c63d9dbf283cbe8d7d2c9891770aca900c170ab5c3de0408fa399997170cec3d,"{""distance"":7,""physical_error_rate"":0.001}","{""detection_events"":2819971,""detectors_checked"":725760000}"
    815104,         0,         0,   119.8,standalone_exact_mw,c63d9dbf283cbe8d7d2c9891770aca900c170ab5c3de0408fa399997170cec3d,"{""distance"":7,""physical_error_rate"":0.001}","{""detection_events"":2566198,""detectors_checked"":660234240}"
   1134592,         0,         0,   119.8,standalone_exact_mw,c63d9dbf283cbe8d7d2c9891770aca900c170ab5c3de0408fa399997170cec3d,"{""distance"":7,""physical_error_rate"":0.001}","{""detection_events"":3577016,""detectors_checked"":919019520}"
   1590272,         3,         0,   119.9,standalone_exact_mw,3f3e41bc6b36ed0cfc2fad9d3557a7870f4e21d551182548e920bf13e0232e34,"{""distance"":7,""physical_error_rate"":0.005}","{""detection_events"":24484743,""detectors_checked"":1288120320,""obs_mistake_mask=E"":3}"
    691200,         0,         0,   120.0,standalone_exact_mw,20c8daca17953576b13a32f59e5f9cb54485b277119f4e6925e9023b8dd1f351,"{""distance"":7,""physical_error_rate"":0.002}","{""detection_events"":4330689,""detectors_checked"":559872000}"
   1324032,         0,         0,   119.8,standalone_exact_mw,b0cacb7fc707c2734ebeeceefd47b6bd6784bf6b65d0613559eb8dd3ed8bcfbc,"{""distance"":7,""physical_error_rate"":0.0005}","{""detection_events"":2091169,""detectors_checked"":1072465920}"
   4819968,         0,         0,   119.8,standalone_exact_mw,8e8e16d7b7d10172304dc167922b352ab88e75bca590a4202cfa41b2b9ea2794,"{""distance"":7,""physical_error_rate"":0.0002}","{""detection_events"":3055373,""detectors_checked"":3904174080}"
   2207744,         0,         0,   119.6,standalone_exact_mw,8e8e16d7b7d10172304dc167922b352ab88e75bca590a4202cfa41b2b9ea2794,"{""distance"":7,""physical_error_rate"":0.0002}","{""detection_events"":1400323,""detectors_checked"":1788272640}"
   1993728,         0,         0,   119.7,standalone_exact_mw,8e8e16d7b7d10172304dc167922b352ab88e75bca590a4202cfa41b2b9ea2794,"{""distance"":7,""physical_error_rate"":0.0002}","{""detection_events"":1263870,""detectors_checked"":1614919680}"
   1331200,         0,         0,   119.8,standalone_exact_mw,c63d9dbf283cbe8d7d2c9891770aca900c170ab5c3de0408fa399997170cec3d,"{""distance"":7,""physical_error_rate"":0.001}","{""detection_events"":4194228,""detectors_checked"":1078272000}"
   2404352,         0,         0,   119.6,standalone_exact_mw,8e8e16d7b7d10172304dc167922b352ab88e75bca590a4202cfa41b2b9ea2794,"{""distance"":7,""physical_error_rate"":0.0002}","{""detection_events"":1522859,""detectors_checked"":1947525120}"
    689152,         2,         0,   119.9,standalone_exact_mw,3f3e41bc6b36ed0cfc2fad9d3557a7870f4e21d551182548e920bf13e0232e34,"{""distance"":7,""physical_error_rate"":0.005}","{""detection_events"":10613389,""detectors_checked"":558213120,""obs_mistake_mask=E"":2}"
   1212416,         0,         0,   119.8,standalone_exact_mw,c63d9dbf283cbe8d7d2c9891770aca900c170ab5c3de0408fa399997170cec3d,"{""distance"":7,""physical_error_rate"":0.001}","{""detection_events"":3818956,""detectors_checked"":982056960}"
   1843200,         0,         0,   119.9,standalone_exact_mw,20c8daca17953576b13a32f59e5f9cb54485b277119f4e6925e9023b8dd1f351,"{""distance"":7,""physical_error_rate"":0.002}","{""detection_events"":11550465,""detectors_checked"":1492992000}"
    779264,         4,         0,   119.9,standalone_exact_mw,3f3e41bc6b36ed0cfc2fad9d3557a7870f4e21d551182548e920bf13e0232e34,"{""distance"":7,""physical_error_rate"":0.005}","{""detection_events"":11992468,""detectors_checked"":631203840,""obs_mistake_mask=E"":4}"
   4816896,         0,         0,   119.8,standalone_exact_mw,8e8e16d7b7d10172304dc167922b352ab88e75bca590a4202cfa41b2b9ea2794,"{""distance"":7,""physical_error_rate"":0.0002}","{""detection_events"":3051870,""detectors_checked"":3901685760}"
    700416,         4,         0,   120.0,standalone_exact_mw,3f3e41bc6b36ed0cfc2fad9d3557a7870f4e21d551182548e920bf13e0232e34,"{""distance"":7,""physical_error_rate"":0.005}","{""detection_events"":10780306,""detectors_checked"":567336960,""obs_mistake_mask=E"":4}"
   2666496,         0,         0,   119.7,standalone_exact_mw,8e8e16d7b7d10172304dc167922b352ab88e75bca590a4202cfa41b2b9ea2794,"{""distance"":7,""physical_error_rate"":0.0002}","{""detection_events"":1689653,""detectors_checked"":2159861760}"
    799744,         3,         0,   120.0,standalone_exact_mw,3f3e41bc6b36ed0cfc2fad9d3557a7870f4e21d551182548e920bf13e0232e34,"{""distance"":7,""physical_error_rate"":0.005}","{""detection_events"":12312716,""detectors_checked"":647792640,""obs_mistake_mask=E"":3}"
    880640,         0,         0,   119.9,standalone_exact_mw,b0cacb7fc707c2734ebeeceefd47b6bd6784bf6b65d0613559eb8dd3ed8bcfbc,"{""distance"":7,""physical_error_rate"":0.0005}","{""detection_events"":1390918,""detectors_checked"":713318400}"
   1138688,         0,         0,   119.8,standalone_exact_mw,c63d9dbf283cbe8d7d2c9891770aca900c170ab5c3de0408fa399997170cec3d,"{""distance"":7,""physical_error_rate"":0.001}","{""detection_events"":3581519,""detectors_checked"":922337280}"
    658432,         4,         0,   119.9,standalone_exact_mw,3f3e41bc6b36ed0cfc2fad9d3557a7870f4e21d551182548e920bf13e0232e34,"{""distance"":7,""physical_error_rate"":0.005}","{""detection_events"":10131306,""detectors_checked"":533329920,""obs_mistake_mask=E"":4}"
   1222656,         0,         0,   119.9,standalone_exact_mw,b0cacb7fc707c2734ebeeceefd47b6bd6784bf6b65d0613559eb8dd3ed8bcfbc,"{""distance"":7,""physical_error_rate"":0.0005}","{""detection_events"":1931551,""detectors_checked"":990351360}"
   1784832,         0,         0,   119.7,standalone_exact_mw,b0cacb7fc707c2734ebeeceefd47b6bd6784bf6b65d0613559eb8dd3ed8bcfbc,"{""distance"":7,""physical_error_rate"":0.0005}","{""detection_events"":2822456,""detectors_checked"":1445713920}"
   1328128,         0,         0,   119.7,standalone_exact_mw,b0cacb7fc707c2734ebeeceefd47b6bd6784bf6b65d0613559eb8dd3ed8bcfbc,"{""distance"":7,""physical_error_rate"":0.0005}","{""detection_events"":2100113,""detectors_checked"":1075783680}"
    825344,         0,         0,   119.9,standalone_exact_mw,20c8daca17953576b13a32f59e5f9cb54485b277119f4e6925e9023b8dd1f351,"{""distance"":7,""physical_error_rate"":0.002}","{""detection_events"":5168053,""detectors_checked"":668528640}"
   3481600,         0,         0,   119.8,standalone_exact_mw,b0cacb7fc707c2734ebeeceefd47b6bd6784bf6b65d0613559eb8dd3ed8bcfbc,"{""distance"":7,""physical_error_rate"":0.0005}","{""detection_events"":5507699,""detectors_checked"":2820096000}"
    781312,         6,         0,   120.0,standalone_exact_mw,3f3e41bc6b36ed0cfc2fad9d3557a7870f4e21d551182548e920bf13e0232e34,"{""distance"":7,""physical_error_rate"":0.005}","{""detection_events"":12022834,""detectors_checked"":632862720,""obs_mistake_mask=E"":6}"
    882688,         0,         0,   119.9,standalone_exact_mw,20c8daca17953576b13a32f59e5f9cb54485b277119f4e6925e9023b8dd1f351,"{""distance"":7,""physical_error_rate"":0.002}","{""detection_events"":5535522,""detectors_checked"":714977280}"
   2750509,         0,         0,    67.5,standalone_exact_mw,8e8e16d7b7d10172304dc167922b352ab88e75bca590a4202cfa41b2b9ea2794,"{""distance"":7,""physical_error_rate"":0.0002}","{""detection_events"":1739745,""detectors_checked"":2227912290}"
   2603008,         0,         0,   119.7,standalone_exact_mw,8e8e16d7b7d10172304dc167922b352ab88e75bca590a4202cfa41b2b9ea2794,"{""distance"":7,""physical_error_rate"":0.0002}","{""detection_events"":1646573,""detectors_checked"":2108436480}"
   1215488,         0,         0,   119.8,standalone_exact_mw,b0cacb7fc707c2734ebeeceefd47b6bd6784bf6b65d0613559eb8dd3ed8bcfbc,"{""distance"":7,""physical_error_rate"":0.0005}","{""detection_events"":1920374,""detectors_checked"":984545280}"
    856064,         0,         0,   119.9,standalone_exact_mw,c63d9dbf283cbe8d7d2c9891770aca900c170ab5c3de0408fa399997170cec3d,"{""distance"":7,""physical_error_rate"":0.001}","{""detection_events"":2704685,""detectors_checked"":693411840}"
   1130496,         0,         0,   120.0,standalone_exact_mw,c63d9dbf283cbe8d7d2c9891770aca900c170ab5c3de0408fa399997170cec3d,"{""distance"":7,""physical_error_rate"":0.001}","{""detection_events"":3562853,""detectors_checked"":915701760}"
   2563072,         0,         0,   119.9,standalone_exact_mw,c63d9dbf283cbe8d7d2c9891770aca900c170ab5c3de0408fa399997170cec3d,"{""distance"":7,""physical_error_rate"":0.001}","{""detection_events"":8078442,""detectors_checked"":2076088320}"
   2247680,         0,         0,   119.9,standalone_exact_mw,c63d9dbf283cbe8d7d2c9891770aca900c170ab5c3de0408fa399997170cec3d,"{""distance"":7,""physical_error_rate"":0.001}","{""detection_events"":7085482,""detectors_checked"":1820620800}"
   1096704,         0,         0,   119.9,standalone_exact_mw,c63d9dbf283cbe8d7d2c9891770aca900c170ab5c3de0408fa399997170cec3d,"{""distance"":7,""physical_error_rate"":0.001}","{""detection_events"":3461801,""detectors_checked"":888330240}"
   4276224,         0,         0,   119.8,standalone_exact_mw,8e8e16d7b7d10172304dc167922b352ab88e75bca590a4202cfa41b2b9ea2794,"{""distance"":7,""physical_error_rate"":0.0002}","{""detection_events"":2708371,""detectors_checked"":3463741440}"
   4914176,         0,         0,   119.8,standalone_exact_mw,8e8e16d7b7d10172304dc167922b352ab88e75bca590a4202cfa41b2b9ea2794,"{""distance"":7,""physical_error_rate"":0.0002}","{""detection_events"":3116186,""detectors_checked"":3980482560}"
    770048,         0,         0,   120.0,standalone_exact_mw,20c8daca17953576b13a32f59e5f9cb54485b277119f4e6925e9023b8dd1f351,"{""distance"":7,""physical_error_rate"":0.002}","{""detection_events"":4828764,""detectors_checked"":623738880}"
   2247680,         0,         0,   119.8,standalone_exact_mw,8e8e16d7b7d10172304dc167922b352ab88e75bca590a4202cfa41b2b9ea2794,"{""distance"":7,""physical_error_rate"":0.0002}","{""detection_events"":1422631,""detectors_checked"":1820620800}"
   2994176,         0,         0,   119.8,standalone_exact_mw,b0cacb7fc707c2734ebeeceefd47b6bd6784bf6b65d0613559eb8dd3ed8bcfbc,"{""distance"":7,""physical_error_rate"":0.0005}","{""detection_events"":4733895,""detectors_checked"":2425282560}"
    971776,         0,         0,   119.9,standalone_exact_mw,20c8daca17953576b13a32f59e5f9cb54485b277119f4e6925e9023b8dd1f351,"{""distance"":7,""physical_error_rate"":0.002}","{""detection_events"":6092756,""detectors_checked"":787138560}"
   1456128,         0,         0,   119.8,standalone_exact_mw,b0cacb7fc707c2734ebeeceefd47b6bd6784bf6b65d0613559eb8dd3ed8bcfbc,"{""distance"":7,""physical_error_rate"":0.0005}","{""detection_events"":2304314,""detectors_checked"":1179463680}"
   1720320,         0,         0,   119.8,standalone_exact_mw,b0cacb7fc707c2734ebeeceefd47b6bd6784bf6b65d0613559eb8dd3ed8bcfbc,"{""distance"":7,""physical_error_rate"":0.0005}","{""detection_events"":2720248,""detectors_checked"":1393459200}"
    746496,         4,         0,   120.0,standalone_exact_mw,3f3e41bc6b36ed0cfc2fad9d3557a7870f4e21d551182548e920bf13e0232e34,"{""distance"":7,""physical_error_rate"":0.005}","{""detection_events"":11491227,""detectors_checked"":604661760,""obs_mistake_mask=E"":4}"
   4196352,         0,         0,   119.8,standalone_exact_mw,8e8e16d7b7d10172304dc167922b352ab88e75bca590a4202cfa41b2b9ea2794,"{""distance"":7,""physical_error_rate"":0.0002}","{""detection_events"":2657920,""detectors_checked"":3399045120}"
   1043456,         0,         0,   119.9,standalone_exact_mw,20c8daca17953576b13a32f59e5f9cb54485b277119f4e6925e9023b8dd1f351,"{""distance"":7,""physical_error_rate"":0.002}","{""detection_events"":6544095,""detectors_checked"":845199360}"
   2143232,         0,         0,   119.9,standalone_exact_mw,c63d9dbf283cbe8d7d2c9891770aca900c170ab5c3de0408fa399997170cec3d,"{""distance"":7,""physical_error_rate"":0.001}","{""detection_events"":6757225,""detectors_checked"":1736017920}"
    539648,         4,         0,   119.9,standalone_exact_mw,3f3e41bc6b36ed0cfc2fad9d3557a7870f4e21d551182548e920bf13e0232e34,"{""distance"":7,""physical_error_rate"":0.005}","{""detection_events"":8313171,""detectors_checked"":437114880,""obs_mistake_mask=E"":4}"
    646144,         0,         0,   120.0,standalone_exact_mw,20c8daca17953576b13a32f59e5f9cb54485b277119f4e6925e9023b8dd1f351,"{""distance"":7,""physical_error_rate"":0.002}","{""detection_events"":4051758,""detectors_checked"":523376640}"
    794624,         4,         0,   120.0,standalone_exact_mw,3f3e41bc6b36ed0cfc2fad9d3557a7870f4e21d551182548e920bf13e0232e34,"{""distance"":7,""physical_error_rate"":0.005}","{""detection_events"":12234812,""detectors_checked"":643645440,""obs_mistake_mask=E"":4}"
   1185792,         0,         0,   119.8,standalone_exact_mw,c63d9dbf283cbe8d7d2c9891770aca900c170ab5c3de0408fa399997170cec3d,"{""distance"":7,""physical_error_rate"":0.001}","{""detection_events"":3742059,""detectors_checked"":960491520}"
    877568,         0,         0,   119.8,standalone_exact_mw,20c8daca17953576b13a32f59e5f9cb54485b277119f4e6925e9023b8dd1f351,"{""distance"":7,""physical_error_rate"":0.002}","{""detection_events"":5499817,""detectors_checked"":710830080}"
    784384,         0,         0,   119.9,standalone_exact_mw,20c8daca17953576b13a32f59e5f9cb54485b277119f4e6925e9023b8dd1f351,"{""distance"":7,""physical_error_rate"":0.002}","{""detection_events"":4912554,""detectors_checked"":635351040}"
   2874368,         0,         0,   119.9,standalone_exact_mw,b0cacb7fc707c2734ebeeceefd47b6bd6784bf6b65d0613559eb8dd3ed8bcfbc,"{""distance"":7,""physical_error_rate"":0.0005}","{""detection_events"":4544753,""detectors_checked"":2328238080}"
   1553408,         0,         0,   120.0,standalone_exact_mw,20c8daca17953576b13a32f59e5f9cb54485b277119f4e6925e9023b8dd1f351,"{""distance"":7,""physical_error_rate"":0.002}","{""detection_events"":9745896,""detectors_checked"":1258260480}"
   1572864,         0,         0,   119.8,standalone_exact_mw,b0cacb7fc707c2734ebeeceefd47b6bd6784bf6b65d0613559eb8dd3ed8bcfbc,"{""distance"":7,""physical_error_rate"":0.0005}","{""detection_events"":2486822,""detectors_checked"":1274019840}"
   2068480,         0,         0,   119.7,standalone_exact_mw,8e8e16d7b7d10172304dc167922b352ab88e75bca590a4202cfa41b2b9ea2794,"{""distance"":7,""physical_error_rate"":0.0002}","{""detection_events"":1307240,""detectors_checked"":1675468800}"
    668672,         4,         0,   120.1,standalone_exact_mw,3f3e41bc6b36ed0cfc2fad9d3557a7870f4e21d551182548e920bf13e0232e34,"{""distance"":7,""physical_error_rate"":0.005}","{""detection_events"":10289234,""detectors_checked"":541624320,""obs_mistake_mask=E"":4}"
    570368,         3,         0,   119.9,standalone_exact_mw,3f3e41bc6b36ed0cfc2fad9d3557a7870f4e21d551182548e920bf13e0232e34,"{""distance"":7,""physical_error_rate"":0.005}","{""detection_events"":8782113,""detectors_checked"":461998080,""obs_mistake_mask=E"":3}"
   1324032,         0,         0,   119.7,standalone_exact_mw,b0cacb7fc707c2734ebeeceefd47b6bd6784bf6b65d0613559eb8dd3ed8bcfbc,"{""distance"":7,""physical_error_rate"":0.0005}","{""detection_events"":2092201,""detectors_checked"":1072465920}"
    738304,         0,         0,   119.9,standalone_exact_mw,20c8daca17953576b13a32f59e5f9cb54485b277119f4e6925e9023b8dd1f351,"{""distance"":7,""physical_error_rate"":0.002}","{""detection_events"":4627112,""detectors_checked"":598026240}"
    730112,         0,         0,   120.0,standalone_exact_mw,20c8daca17953576b13a32f59e5f9cb54485b277119f4e6925e9023b8dd1f351,"{""distance"":7,""physical_error_rate"":0.002}","{""detection_events"":4572614,""detectors_checked"":591390720}"
   1092608,         0,         0,   119.9,standalone_exact_mw,c63d9dbf283cbe8d7d2c9891770aca900c170ab5c3de0408fa399997170cec3d,"{""distance"":7,""physical_error_rate"":0.001}","{""detection_events"":3439917,""detectors_checked"":885012480}"
    862208,         0,         0,   119.9,standalone_exact_mw,c63d9dbf283cbe8d7d2c9891770aca900c170ab5c3de0408fa399997170cec3d,"{""distance"":7,""physical_error_rate"":0.001}","{""detection_events"":2714578,""detectors_checked"":698388480}"
    997376,         0,         0,   119.8,standalone_exact_mw,c63d9dbf283cbe8d7d2c9891770aca900c170ab5c3de0408fa399997170cec3d,"{""distance"":7,""physical_error_rate"":0.001}","{""detection_events"":3151210,""detectors_checked"":807874560}"
   1589248,        11,         0,   120.0,standalone_exact_mw,3f3e41bc6b36ed0cfc2fad9d3557a7870f4e21d551182548e920bf13e0232e34,"{""distance"":7,""physical_error_rate"":0.005}","{""detection_events"":24454608,""detectors_checked"":1287290880,""obs_mistake_mask=E"":11}"
    703488,         1,         0,   119.9,standalone_exact_mw,20c8daca17953576b13a32f59e5f9cb54485b277119f4e6925e9023b8dd1f351,"{""distance"":7,""physical_error_rate"":0.002}","{""detection_events"":4400443,""detectors_checked"":569825280,""obs_mistake_mask=E"":1}"
   1349632,         0,         0,   119.9,standalone_exact_mw,b0cacb7fc707c2734ebeeceefd47b6bd6784bf6b65d0613559eb8dd3ed8bcfbc,"{""distance"":7,""physical_error_rate"":0.0005}","{""detection_events"":2132614,""detectors_checked"":1093201920}"
   4823040,         0,         0,   119.8,standalone_exact_mw,8e8e16d7b7d10172304dc167922b352ab88e75bca590a4202cfa41b2b9ea2794,"{""distance"":7,""physical_error_rate"":0.0002}","{""detection_events"":3054421,""detectors_checked"":3906662400}"
   1912832,         0,         0,   119.7,standalone_exact_mw,8e8e16d7b7d10172304dc167922b352ab88e75bca590a4202cfa41b2b9ea2794,"{""distance"":7,""physical_error_rate"":0.0002}","{""detection_events"":1212464,""detectors_checked"":1549393920}"
   1963008,         0,         0,   119.6,standalone_exact_mw,8e8e16d7b7d10172304dc167922b352ab88e75bca590a4202cfa41b2b9ea2794,"{""distance"":7,""physical_error_rate"":0.0002}","{""detection_events"":1242864,""detectors_checked"":1590036480}"
   1373184,         0,         0,   119.8,standalone_exact_mw,c63d9dbf283cbe8d7d2c9891770aca900c170ab5c3de0408fa399997170cec3d,"{""distance"":7,""physical_error_rate"":0.001}","{""detection_events"":4329446,""detectors_checked"":1112279040}"
   2466816,         0,         0,   119.7,standalone_exact_mw,8e8e16d7b7d10172304dc167922b352ab88e75bca590a4202cfa41b2b9ea2794,"{""distance"":7,""physical_error_rate"":0.0002}","{""detection_events"":1560014,""detectors_checked"":1998120960}"
   1170432,         0,         0,   119.9,standalone_exact_mw,c63d9dbf283cbe8d7d2c9891770aca900c170ab5c3de0408fa399997170cec3d,"{""distance"":7,""physical_error_rate"":0.001}","{""detection_events"":3690057,""detectors_checked"":948049920}"
    537600,         4,         0,   120.3,standalone_exact_mw,3f3e41bc6b36ed0cfc2fad9d3557a7870f4e21d551182548e920bf13e0232e34,"{""distance"":7,""physical_error_rate"":0.005}","{""detection_events"":8266823,""detectors_checked"":435456000,""obs_mistake_mask=E"":4}"
   1860608,         1,         0,   119.9,standalone_exact_mw,20c8daca17953576b13a32f59e5f9cb54485b277119f4e6925e9023b8dd1f351,"{""distance"":7,""physical_error_rate"":0.002}","{""detection_events"":11656420,""detectors_checked"":1507092480,""obs_mistake_mask=E"":1}"
    788480,         4,         0,   119.9,standalone_exact_mw,3f3e41bc6b36ed0cfc2fad9d3557a7870f4e21d551182548e920bf13e0232e34,"{""distance"":7,""physical_error_rate"":0.005}","{""detection_events"":12140275,""detectors_checked"":638668800,""obs_mistake_mask=E"":4}"
   4820992,         0,         0,   119.8,standalone_exact_mw,8e8e16d7b7d10172304dc167922b352ab88e75bca590a4202cfa41b2b9ea2794,"{""distance"":7,""physical_error_rate"":0.0002}","{""detection_events"":3051466,""detectors_checked"":3905003520}"
    636928,         1,         0,   120.0,standalone_exact_mw,3f3e41bc6b36ed0cfc2fad9d3557a7870f4e21d551182548e920bf13e0232e34,"{""distance"":7,""physical_error_rate"":0.005}","{""detection_events"":9809568,""detectors_checked"":515911680,""obs_mistake_mask=E"":1}"
   2481152,         0,         0,   119.6,standalone_exact_mw,8e8e16d7b7d10172304dc167922b352ab88e75bca590a4202cfa41b2b9ea2794,"{""distance"":7,""physical_error_rate"":0.0002}","{""detection_events"":1571285,""detectors_checked"":2009733120}"
    794624,         3,         0,   119.9,standalone_exact_mw,3f3e41bc6b36ed0cfc2fad9d3557a7870f4e21d551182548e920bf13e0232e34,"{""distance"":7,""physical_error_rate"":0.005}","{""detection_events"":12232486,""detectors_checked"":643645440,""obs_mistake_mask=E"":3}"
    867328,         0,         0,   119.9,standalone_exact_mw,b0cacb7fc707c2734ebeeceefd47b6bd6784bf6b65d0613559eb8dd3ed8bcfbc,"{""distance"":7,""physical_error_rate"":0.0005}","{""detection_events"":1370865,""detectors_checked"":702535680}"
   1147904,         0,         0,   119.8,standalone_exact_mw,c63d9dbf283cbe8d7d2c9891770aca900c170ab5c3de0408fa399997170cec3d,"{""distance"":7,""physical_error_rate"":0.001}","{""detection_events"":3622397,""detectors_checked"":929802240}"
    550912,         3,         0,   120.1,standalone_exact_mw,3f3e41bc6b36ed0cfc2fad9d3557a7870f4e21d551182548e920bf13e0232e34,"{""distance"":7,""physical_error_rate"":0.005}","{""detection_events"":8483229,""detectors_checked"":446238720,""obs_mistake_mask=E"":3}"
   1511424,         0,         0,   119.8,standalone_exact_mw,b0cacb7fc707c2734ebeeceefd47b6bd6784bf6b65d0613559eb8dd3ed8bcfbc,"{""distance"":7,""physical_error_rate"":0.0005}","{""detection_events"":2391450,""detectors_checked"":1224253440}"
   1728512,         0,         0,   119.8,standalone_exact_mw,b0cacb7fc707c2734ebeeceefd47b6bd6784bf6b65d0613559eb8dd3ed8bcfbc,"{""distance"":7,""physical_error_rate"":0.0005}","{""detection_events"":2733105,""detectors_checked"":1400094720}"
   1228800,         0,         0,   119.7,standalone_exact_mw,b0cacb7fc707c2734ebeeceefd47b6bd6784bf6b65d0613559eb8dd3ed8bcfbc,"{""distance"":7,""physical_error_rate"":0.0005}","{""detection_events"":1937354,""detectors_checked"":995328000}"
    815104,         0,         0,   119.9,standalone_exact_mw,20c8daca17953576b13a32f59e5f9cb54485b277119f4e6925e9023b8dd1f351,"{""distance"":7,""physical_error_rate"":0.002}","{""detection_events"":5108595,""detectors_checked"":660234240}"
   3484672,         0,         0,   119.8,standalone_exact_mw,b0cacb7fc707c2734ebeeceefd47b6bd6784bf6b65d0613559eb8dd3ed8bcfbc,"{""distance"":7,""physical_error_rate"":0.0005}","{""detection_events"":5498453,""detectors_checked"":2822584320}"
    757760,         1,         0,   119.9,standalone_exact_mw,3f3e41bc6b36ed0cfc2fad9d3557a7870f4e21d551182548e920bf13e0232e34,"{""distance"":7,""physical_error_rate"":0.005}","{""detection_events"":11665343,""detectors_checked"":613785600,""obs_mistake_mask=E"":1}"
    844800,         0,         0,   119.9,standalone_exact_mw,20c8daca17953576b13a32f59e5f9cb54485b277119f4e6925e9023b8dd1f351,"{""distance"":7,""physical_error_rate"":0.002}","{""detection_events"":5291745,""detectors_checked"":684288000}"
   4868096,         0,         0,   119.8,standalone_exact_mw,8e8e16d7b7d10172304dc167922b352ab88e75bca590a4202cfa41b2b9ea2794,"{""distance"":7,""physical_error_rate"":0.0002}","{""detection_events"":3088746,""detectors_checked"":3943157760}"
   2394112,         0,         0,   119.8,standalone_exact_mw,8e8e16d7b7d10172304dc167922b352ab88e75bca590a4202cfa41b2b9ea2794,"{""distance"":7,""physical_error_rate"":0.0002}","{""detection_events"":1515455,""detectors_checked"":1939230720}"
   1252352,         0,         0,   119.8,standalone_exact_mw,b0cacb7fc707c2734ebeeceefd47b6bd6784bf6b65d0613559eb8dd3ed8bcfbc,"{""distance"":7,""physical_error_rate"":0.0005}","{""detection_events"":1979798,""detectors_checked"":1014405120}"
    859136,         0,         0,   119.9,standalone_exact_mw,c63d9dbf283cbe8d7d2c9891770aca900c170ab5c3de0408fa399997170cec3d,"{""distance"":7,""physical_error_rate"":0.001}","{""detection_events"":2704942,""detectors_checked"":695900160}"
   1198080,         0,         0,   119.8,standalone_exact_mw,c63d9dbf283cbe8d7d2c9891770aca900c170ab5c3de0408fa399997170cec3d,"{""distance"":7,""physical_error_rate"":0.001}","{""detection_events"":3777793,""detectors_checked"":970444800}"
   2522112,         0,         0,   119.9,standalone_exact_mw,c63d9dbf283cbe8d7d2c9891770aca900c170ab5c3de0408fa399997170cec3d,"{""distance"":7,""physical_error_rate"":0.001}","{""detection_events"":7940766,""detectors_checked"":2042910720}"
   2164736,         0,         0,   119.8,standalone_exact_mw,c63d9dbf283cbe8d7d2c9891770aca900c170ab5c3de0408fa399997170cec3d,"{""distance"":7,""physical_error_rate"":0.001}","{""detection_events"":6823984,""detectors_checked"":1753436160}"
    901120,         0,         0,   119.9,standalone_exact_mw,c63d9dbf283cbe8d7d2c9891770aca900c170ab5c3de0408fa399997170cec3d,"{""distance"":7,""physical_error_rate"":0.001}","{""detection_events"":2838668,""detectors_checked"":729907200}"
   4006912,         0,         0,   119.7,standalone_exact_mw,8e8e16d7b7d10172304dc167922b352ab88e75bca590a4202cfa41b2b9ea2794,"{""distance"":7,""physical_error_rate"":0.0002}","{""detection_events"":2538392,""detectors_checked"":3245598720}"
   4712448,         0,         0,   119.8,standalone_exact_mw,8e8e16d7b7d10172304dc167922b352ab88e75bca590a4202cfa41b2b9ea2794,"{""distance"":7,""physical_error_rate"":0.0002}","{""detection_events"":2985750,""detectors_checked"":3817082880}"
    916480,         0,         0,   120.0,standalone_exact_mw,20c8daca17953576b13a32f59e5f9cb54485b277119f4e6925e9023b8dd1f351,"{""distance"":7,""physical_error_rate"":0.002}","{""detection_events"":5737366,""detectors_checked"":742348800}"
   2327552,         0,         0,   119.7,standalone_exact_mw,8e8e16d7b7d10172304dc167922b352ab88e75bca590a4202cfa41b2b9ea2794,"{""distance"":7,""physical_error_rate"":0.0002}","{""detection_events"":1475517,""detectors_checked"":1885317120}"
   2848768,         0,         0,   119.8,standalone_exact_mw,b0cacb7fc707c2734ebeeceefd47b6bd6784bf6b65d0613559eb8dd3ed8bcfbc,"{""distance"":7,""physical_error_rate"":0.0005}","{""detection_events"":4501455,""detectors_checked"":2307502080}"
   1050624,         0,         0,   119.9,standalone_exact_mw,20c8daca17953576b13a32f59e5f9cb54485b277119f4e6925e9023b8dd1f351,"{""distance"":7,""physical_error_rate"":0.002}","{""detection_events"":6581850,""detectors_checked"":851005440}"
   1498112,         0,         0,   119.8,standalone_exact_mw,b0cacb7fc707c2734ebeeceefd47b6bd6784bf6b65d0613559eb8dd3ed8bcfbc,"{""distance"":7,""physical_error_rate"":0.0005}","{""detection_events"":2368599,""detectors_checked"":1213470720}"
   1824768,         0,         0,   119.7,standalone_exact_mw,b0cacb7fc707c2734ebeeceefd47b6bd6784bf6b65d0613559eb8dd3ed8bcfbc,"{""distance"":7,""physical_error_rate"":0.0005}","{""detection_events"":2881067,""detectors_checked"":1478062080}"
    771072,         1,         0,   120.0,standalone_exact_mw,3f3e41bc6b36ed0cfc2fad9d3557a7870f4e21d551182548e920bf13e0232e34,"{""distance"":7,""physical_error_rate"":0.005}","{""detection_events"":11868391,""detectors_checked"":624568320,""obs_mistake_mask=E"":1}"
   3697664,         0,         0,   119.8,standalone_exact_mw,8e8e16d7b7d10172304dc167922b352ab88e75bca590a4202cfa41b2b9ea2794,"{""distance"":7,""physical_error_rate"":0.0002}","{""detection_events"":2336285,""detectors_checked"":2995107840}"
   1042432,         0,         0,   119.9,standalone_exact_mw,20c8daca17953576b13a32f59e5f9cb54485b277119f4e6925e9023b8dd1f351,"{""distance"":7,""physical_error_rate"":0.002}","{""detection_events"":6533436,""detectors_checked"":844369920}"
   2072576,         0,         0,   119.8,standalone_exact_mw,c63d9dbf283cbe8d7d2c9891770aca900c170ab5c3de0408fa399997170cec3d,"{""distance"":7,""physical_error_rate"":0.001}","{""detection_events"":6527051,""detectors_checked"":1678786560}"
    579584,         4,         0,   120.1,standalone_exact_mw,3f3e41bc6b36ed0cfc2fad9d3557a7870f4e21d551182548e920bf13e0232e34,"{""distance"":7,""physical_error_rate"":0.005}","{""detection_events"":8914970,""detectors_checked"":469463040,""obs_mistake_mask=E"":4}"
    850944,         0,         0,   120.0,standalone_exact_mw,20c8daca17953576b13a32f59e5f9cb54485b277119f4e6925e9023b8dd1f351,"{""distance"":7,""physical_error_rate"":0.002}","{""detection_events"":5326142,""detectors_checked"":689264640}"
    851968,         8,         0,   119.9,standalone_exact_mw,3f3e41bc6b36ed0cfc2fad9d3557a7870f4e21d551182548e920bf13e0232e34,"{""distance"":7,""physical_error_rate"":0.005}","{""detection_events"":13115414,""detectors_checked"":690094080,""obs_mistake_mask=E"":8}"
   1325056,         0,         0,   119.8,standalone_exact_mw,c63d9dbf283cbe8d7d2c9891770aca900c170ab5c3de0408fa399997170cec3d,"{""distance"":7,""physical_error_rate"":0.001}","{""detection_events"":4181931,""detectors_checked"":1073295360}"
    835584,         0,         0,   120.0,standalone_exact_mw,20c8daca17953576b13a32f59e5f9cb54485b277119f4e6925e9023b8dd1f351,"{""distance"":7,""physical_error_rate"":0.002}","{""detection_events"":5237031,""detectors_checked"":676823040}"
    820224,         0,         0,   120.0,standalone_exact_mw,20c8daca17953576b13a32f59e5f9cb54485b277119f4e6925e9023b8dd1f351,"{""distance"":7,""physical_error_rate"":0.002}","{""detection_events"":5132175,""detectors_checked"":664381440}"
   2648064,         0,         0,   119.8,standalone_exact_mw,b0cacb7fc707c2734ebeeceefd47b6bd6784bf6b65d0613559eb8dd3ed8bcfbc,"{""distance"":7,""physical_error_rate"":0.0005}","{""detection_events"":4186798,""detectors_checked"":2144931840}"
   1568768,         1,         0,   119.9,standalone_exact_mw,20c8daca17953576b13a32f59e5f9cb54485b277119f4e6925e9023b8dd1f351,"{""distance"":7,""physical_error_rate"":0.002}","{""detection_events"":9823425,""detectors_checked"":1270702080,""obs_mistake_mask=E"":1}"
   1437696,         0,         0,   119.8,standalone_exact_mw,b0cacb7fc707c2734ebeeceefd47b6bd6784bf6b65d0613559eb8dd3ed8bcfbc,"{""distance"":7,""physical_error_rate"":0.0005}","{""detection_events"":2271347,""detectors_checked"":1164533760}"
   2280448,         0,         0,   119.7,standalone_exact_mw,8e8e16d7b7d10172304dc167922b352ab88e75bca590a4202cfa41b2b9ea2794,"{""distance"":7,""physical_error_rate"":0.0002}","{""detection_events"":1442284,""detectors_checked"":1847162880}"
    629760,         1,         0,   120.1,standalone_exact_mw,3f3e41bc6b36ed0cfc2fad9d3557a7870f4e21d551182548e920bf13e0232e34,"{""distance"":7,""physical_error_rate"":0.005}","{""detection_events"":9687915,""detectors_checked"":510105600,""obs_mistake_mask=E"":1}"
    600064,         4,         0,   119.9,standalone_exact_mw,3f3e41bc6b36ed0cfc2fad9d3557a7870f4e21d551182548e920bf13e0232e34,"{""distance"":7,""physical_error_rate"":0.005}","{""detection_events"":9237121,""detectors_checked"":486051840,""obs_mistake_mask=E"":4}"
   1526784,         0,         0,   119.8,standalone_exact_mw,b0cacb7fc707c2734ebeeceefd47b6bd6784bf6b65d0613559eb8dd3ed8bcfbc,"{""distance"":7,""physical_error_rate"":0.0005}","{""detection_events"":2415127,""detectors_checked"":1236695040}"
    681984,         0,         0,   119.9,standalone_exact_mw,20c8daca17953576b13a32f59e5f9cb54485b277119f4e6925e9023b8dd1f351,"{""distance"":7,""physical_error_rate"":0.002}","{""detection_events"":4273783,""detectors_checked"":552407040}"
    932864,         0,         0,   119.9,standalone_exact_mw,20c8daca17953576b13a32f59e5f9cb54485b277119f4e6925e9023b8dd1f351,"{""distance"":7,""physical_error_rate"":0.002}","{""detection_events"":5841481,""detectors_checked"":755619840}"
   1243136,         0,         0,   119.8,standalone_exact_mw,c63d9dbf283cbe8d7d2c9891770aca900c170ab5c3de0408fa399997170cec3d,"{""distance"":7,""physical_error_rate"":0.001}","{""detection_events"":3915773,""detectors_checked"":1006940160}"
   1133568,         0,         0,   119.9,standalone_exact_mw,c63d9dbf283cbe8d7d2c9891770aca900c170ab5c3de0408fa399997170cec3d,"{""distance"":7,""physical_error_rate"":0.001}","{""detection_events"":3569738,""detectors_checked"":918190080}"
   1022976,         0,         0,   119.9,standalone_exact_mw,c63d9dbf283cbe8d7d2c9891770aca900c170ab5c3de0408fa399997170cec3d,"{""distance"":7,""physical_error_rate"":0.001}","{""detection_events"":3223166,""detectors_checked"":828610560}"
   1257472,         7,         0,   120.0,standalone_exact_mw,3f3e41bc6b36ed0cfc2fad9d3557a7870f4e21d551182548e920bf13e0232e34,"{""distance"":7,""physical_error_rate"":0.005}","{""detection_events"":19356760,""detectors_checked"":1018552320,""obs_mistake_mask=E"":7}"
    754688,         0,         0,   119.9,standalone_exact_mw,20c8daca17953576b13a32f59e5f9cb54485b277119f4e6925e9023b8dd1f351,"{""distance"":7,""physical_error_rate"":0.002}","{""detection_events"":4727634,""detectors_checked"":611297280}"
   1613824,         0,         0,   119.8,standalone_exact_mw,b0cacb7fc707c2734ebeeceefd47b6bd6784bf6b65d0613559eb8dd3ed8bcfbc,"{""distance"":7,""physical_error_rate"":0.0005}","{""detection_events"":2551542,""detectors_checked"":1307197440}"
   3608576,         0,         0,   119.8,standalone_exact_mw,8e8e16d7b7d10172304dc167922b352ab88e75bca590a4202cfa41b2b9ea2794,"{""distance"":7,""physical_error_rate"":0.0002}","{""detection_events"":2284501,""detectors_checked"":2922946560}"
   2375680,         0,         0,   119.7,standalone_exact_mw,8e8e16d7b7d10172304dc167922b352ab88e75bca590a4202cfa41b2b9ea2794,"{""distance"":7,""physical_error_rate"":0.0002}","{""detection_events"":1504702,""detectors_checked"":1924300800}"
   2240512,         0,         0,   119.7,standalone_exact_mw,8e8e16d7b7d10172304dc167922b352ab88e75bca590a4202cfa41b2b9ea2794,"{""distance"":7,""physical_error_rate"":0.0002}","{""detection_events"":1422242,""detectors_checked"":1814814720}"
   1503232,         0,         0,   119.9,standalone_exact_mw,c63d9dbf283cbe8d7d2c9891770aca900c170ab5c3de0408fa399997170cec3d,"{""distance"":7,""physical_error_rate"":0.001}","{""detection_events"":4731547,""detectors_checked"":1217617920}"
   2794496,         0,         0,   119.7,standalone_exact_mw,8e8e16d7b7d10172304dc167922b352ab88e75bca590a4202cfa41b2b9ea2794,"{""distance"":7,""physical_error_rate"":0.0002}","{""detection_events"":1770542,""detectors_checked"":2263541760}"
   1187840,         0,         0,   119.9,standalone_exact_mw,c63d9dbf283cbe8d7d2c9891770aca900c170ab5c3de0408fa399997170cec3d,"{""distance"":7,""physical_error_rate"":0.001}","{""detection_events"":3743204,""detectors_checked"":962150400}"
    654336,         2,         0,   120.1,standalone_exact_mw,3f3e41bc6b36ed0cfc2fad9d3557a7870f4e21d551182548e920bf13e0232e34,"{""distance"":7,""physical_error_rate"":0.005}","{""detection_events"":10069146,""detectors_checked"":530012160,""obs_mistake_mask=E"":2}"
   1863680,         0,         0,   119.9,standalone_exact_mw,20c8daca17953576b13a32f59e5f9cb54485b277119f4e6925e9023b8dd1f351,"{""distance"":7,""physical_error_rate"":0.002}","{""detection_events"":11677423,""detectors_checked"":1509580800}"
    897024,         2,         0,   119.9,standalone_exact_mw,3f3e41bc6b36ed0cfc2fad9d3557a7870f4e21d551182548e920bf13e0232e34,"{""distance"":7,""physical_error_rate"":0.005}","{""detection_events"":13803076,""detectors_checked"":726589440,""obs_mistake_mask=E"":2}"
   3130368,         0,         0,   119.8,standalone_exact_mw,8e8e16d7b7d10172304dc167922b352ab88e75bca590a4202cfa41b2b9ea2794,"{""distance"":7,""physical_error_rate"":0.0002}","{""detection_events"":1982150,""detectors_checked"":2535598080}"
    708608,         4,         0,   119.9,standalone_exact_mw,3f3e41bc6b36ed0cfc2fad9d3557a7870f4e21d551182548e920bf13e0232e34,"{""distance"":7,""physical_error_rate"":0.005}","{""detection_events"":10903370,""detectors_checked"":573972480,""obs_mistake_mask=E"":4}"
   3053568,         0,         0,   119.7,standalone_exact_mw,8e8e16d7b7d10172304dc167922b352ab88e75bca590a4202cfa41b2b9ea2794,"{""distance"":7,""physical_error_rate"":0.0002}","{""detection_events"":1933545,""detectors_checked"":2473390080}"
    927744,         4,         0,   119.9,standalone_exact_mw,3f3e41bc6b36ed0cfc2fad9d3557a7870f4e21d551182548e920bf13e0232e34,"{""distance"":7,""physical_error_rate"":0.005}","{""detection_events"":14271983,""detectors_checked"":751472640,""obs_mistake_mask=E"":4}"
    881664,         0,         0,   119.8,standalone_exact_mw,b0cacb7fc707c2734ebeeceefd47b6bd6784bf6b65d0613559eb8dd3ed8bcfbc,"{""distance"":7,""physical_error_rate"":0.0005}","{""detection_events"":1393520,""detectors_checked"":714147840}"
   1166336,         0,         0,   119.9,standalone_exact_mw,c63d9dbf283cbe8d7d2c9891770aca900c170ab5c3de0408fa399997170cec3d,"{""distance"":7,""physical_error_rate"":0.001}","{""detection_events"":3675067,""detectors_checked"":944732160}"
    612352,         4,         0,   119.9,standalone_exact_mw,3f3e41bc6b36ed0cfc2fad9d3557a7870f4e21d551182548e920bf13e0232e34,"{""distance"":7,""physical_error_rate"":0.005}","{""detection_events"":9427544,""detectors_checked"":496005120,""obs_mistake_mask=E"":4}"
   1641472,         0,         0,   119.8,standalone_exact_mw,b0cacb7fc707c2734ebeeceefd47b6bd6784bf6b65d0613559eb8dd3ed8bcfbc,"{""distance"":7,""physical_error_rate"":0.0005}","{""detection_events"":2596489,""detectors_checked"":1329592320}"
   2117632,         0,         0,   119.8,standalone_exact_mw,b0cacb7fc707c2734ebeeceefd47b6bd6784bf6b65d0613559eb8dd3ed8bcfbc,"{""distance"":7,""physical_error_rate"":0.0005}","{""detection_events"":3346632,""detectors_checked"":1715281920}"
   1669120,         0,         0,   119.8,standalone_exact_mw,b0cacb7fc707c2734ebeeceefd47b6bd6784bf6b65d0613559eb8dd3ed8bcfbc,"{""distance"":7,""physical_error_rate"":0.0005}","{""detection_events"":2640943,""detectors_checked"":1351987200}"
    753664,         1,         0,   119.9,standalone_exact_mw,20c8daca17953576b13a32f59e5f9cb54485b277119f4e6925e9023b8dd1f351,"{""distance"":7,""physical_error_rate"":0.002}","{""detection_events"":4726921,""detectors_checked"":610467840,""obs_mistake_mask=E"":1}"
   2035712,         0,         0,   119.7,standalone_exact_mw,b0cacb7fc707c2734ebeeceefd47b6bd6784bf6b65d0613559eb8dd3ed8bcfbc,"{""distance"":7,""physical_error_rate"":0.0005}","{""detection_events"":3216958,""detectors_checked"":1648926720}"
    773120,         4,         0,   120.0,standalone_exact_mw,3f3e41bc6b36ed0cfc2fad9d3557a7870f4e21d551182548e920bf13e0232e34,"{""distance"":7,""physical_error_rate"":0.005}","{""detection_events"":11897904,""detectors_checked"":626227200,""obs_mistake_mask=E"":4}"
    704512,         0,         0,   119.9,standalone_exact_mw,20c8daca17953576b13a32f59e5f9cb54485b277119f4e6925e9023b8dd1f351,"{""distance"":7,""physical_error_rate"":0.002}","{""detection_events"":4410139,""detectors_checked"":570654720}"
   2754560,         0,         0,   119.8,standalone_exact_mw,8e8e16d7b7d10172304dc167922b352ab88e75bca590a4202cfa41b2b9ea2794,"{""distance"":7,""physical_error_rate"":0.0002}","{""detection_events"":1743706,""detectors_checked"":2231193600}"
   2514944,         0,         0,   119.8,standalone_exact_mw,8e8e16d7b7d10172304dc167922b352ab88e75bca590a4202cfa41b2b9ea2794,"{""distance"":7,""physical_error_rate"":0.0002}","{""detection_events"":1592754,""detectors_checked"":2037104640}"
   1259520,         0,         0,   119.8,standalone_exact_mw,b0cacb7fc707c2734ebeeceefd47b6bd6784bf6b65d0613559eb8dd3ed8bcfbc,"{""distance"":7,""physical_error_rate"":0.0005}","{""detection_events"":1993333,""detectors_checked"":1020211200}"
   1042432,         0,         0,   119.9,standalone_exact_mw,c63d9dbf283cbe8d7d2c9891770aca900c170ab5c3de0408fa399997170cec3d,"{""distance"":7,""physical_error_rate"":0.001}","{""detection_events"":3285679,""detectors_checked"":844369920}"
   1288192,         0,         0,   119.9,standalone_exact_mw,c63d9dbf283cbe8d7d2c9891770aca900c170ab5c3de0408fa399997170cec3d,"{""distance"":7,""physical_error_rate"":0.001}","{""detection_events"":4056642,""detectors_checked"":1043435520}"
   1319936,         0,         0,   119.9,standalone_exact_mw,c63d9dbf283cbe8d7d2c9891770aca900c170ab5c3de0408fa399997170cec3d,"{""distance"":7,""physical_error_rate"":0.001}","{""detection_events"":4162048,""detectors_checked"":1069148160}"
   2323456,         0,         0,   119.9,standalone_exact_mw,c63d9dbf283cbe8d7d2c9891770aca900c170ab5c3de0408fa399997170cec3d,"{""distance"":7,""physical_error_rate"":0.001}","{""detection_events"":7329481,""detectors_checked"":1881999360}"
   4478976,         0,         0,   119.8,standalone_exact_mw,8e8e16d7b7d10172304dc167922b352ab88e75bca590a4202cfa41b2b9ea2794,"{""distance"":7,""physical_error_rate"":0.0002}","{""detection_events"":2836877,""detectors_checked"":3627970560}"
   1097728,         0,         0,   119.9,standalone_exact_mw,c63d9dbf283cbe8d7d2c9891770aca900c170ab5c3de0408fa399997170cec3d,"{""distance"":7,""physical_error_rate"":0.001}","{""detection_events"":3458691,""detectors_checked"":889159680}"
   2578432,         0,         0,   119.8,standalone_exact_mw,8e8e16d7b7d10172304dc167922b352ab88e75bca590a4202cfa41b2b9ea2794,"{""distance"":7,""physical_error_rate"":0.0002}","{""detection_events"":1633699,""detectors_checked"":2088529920}"
    942080,         0,         0,   119.9,standalone_exact_mw,20c8daca17953576b13a32f59e5f9cb54485b277119f4e6925e9023b8dd1f351,"{""distance"":7,""physical_error_rate"":0.002}","{""detection_events"":5901852,""detectors_checked"":763084800}"
   2756608,         0,         0,   119.8,standalone_exact_mw,8e8e16d7b7d10172304dc167922b352ab88e75bca590a4202cfa41b2b9ea2794,"{""distance"":7,""physical_error_rate"":0.0002}","{""detection_events"":1746311,""detectors_checked"":2232852480}"
   3068928,         0,         0,   119.8,standalone_exact_mw,b0cacb7fc707c2734ebeeceefd47b6bd6784bf6b65d0613559eb8dd3ed8bcfbc,"{""distance"":7,""physical_error_rate"":0.0005}","{""detection_events"":4852964,""detectors_checked"":2485831680}"
   1694720,         0,         0,   119.7,standalone_exact_mw,b0cacb7fc707c2734ebeeceefd47b6bd6784bf6b65d0613559eb8dd3ed8bcfbc,"{""distance"":7,""physical_error_rate"":0.0005}","{""detection_events"":2680389,""detectors_checked"":1372723200}"
   1102848,         0,         0,   119.9,standalone_exact_mw,20c8daca17953576b13a32f59e5f9cb54485b277119f4e6925e9023b8dd1f351,"{""distance"":7,""physical_error_rate"":0.002}","{""detection_events"":6912196,""detectors_checked"":893306880}"
   1966080,         0,         0,   119.9,standalone_exact_mw,b0cacb7fc707c2734ebeeceefd47b6bd6784bf6b65d0613559eb8dd3ed8bcfbc,"{""distance"":7,""physical_error_rate"":0.0005}","{""detection_events"":3110194,""detectors_checked"":1592524800}"
    850944,         4,         0,   120.0,standalone_exact_mw,3f3e41bc6b36ed0cfc2fad9d3557a7870f4e21d551182548e920bf13e0232e34,"{""distance"":7,""physical_error_rate"":0.005}","{""detection_events"":13092744,""detectors_checked"":689264640,""obs_mistake_mask=E"":4}"
   4531200,         0,         0,   119.8,standalone_exact_mw,8e8e16d7b7d10172304dc167922b352ab88e75bca590a4202cfa41b2b9ea2794,"{""distance"":7,""physical_error_rate"":0.0002}","{""detection_events"":2866253,""detectors_checked"":3670272000}"
   1209344,         0,         0,   119.9,standalone_exact_mw,20c8daca17953576b13a32f59e5f9cb54485b277119f4e6925e9023b8dd1f351,"{""distance"":7,""physical_error_rate"":0.002}","{""detection_events"":7581860,""detectors_checked"":979568640}"
   2385920,         0,         0,   119.9,standalone_exact_mw,c63d9dbf283cbe8d7d2c9891770aca900c170ab5c3de0408fa399997170cec3d,"{""distance"":7,""physical_error_rate"":0.001}","{""detection_events"":7512375,""detectors_checked"":1932595200}"
    694272,         1,         0,   119.9,standalone_exact_mw,3f3e41bc6b36ed0cfc2fad9d3557a7870f4e21d551182548e920bf13e0232e34,"{""distance"":7,""physical_error_rate"":0.005}","{""detection_events"":10675660,""detectors_checked"":562360320,""obs_mistake_mask=E"":1}"
    980992,         0,         0,   119.9,standalone_exact_mw,20c8daca17953576b13a32f59e5f9cb54485b277119f4e6925e9023b8dd1f351,"{""distance"":7,""physical_error_rate"":0.002}","{""detection_events"":6149477,""detectors_checked"":794603520}"
    953344,         1,         0,   119.9,standalone_exact_mw,3f3e41bc6b36ed0cfc2fad9d3557a7870f4e21d551182548e920bf13e0232e34,"{""distance"":7,""physical_error_rate"":0.005}","{""detection_events"":14674397,""detectors_checked"":772208640,""obs_mistake_mask=E"":1}"
   1436672,         0,         0,   119.9,standalone_exact_mw,c63d9dbf283cbe8d7d2c9891770aca900c170ab5c3de0408fa399997170cec3d,"{""distance"":7,""physical_error_rate"":0.001}","{""detection_events"":4528002,""detectors_checked"":1163704320}"
    963584,         0,         0,   119.9,standalone_exact_mw,20c8daca17953576b13a32f59e5f9cb54485b277119f4e6925e9023b8dd1f351,"{""distance"":7,""physical_error_rate"":0.002}","{""detection_events"":6037038,""detectors_checked"":780503040}"
    799744,         1,         0,   120.1,standalone_exact_mw,20c8daca17953576b13a32f59e5f9cb54485b277119f4e6925e9023b8dd1f351,"{""distance"":7,""physical_error_rate"":0.002}","{""detection_events"":5006826,""detectors_checked"":647792640,""obs_mistake_mask=E"":1}"
   3301376,         0,         0,   119.8,standalone_exact_mw,b0cacb7fc707c2734ebeeceefd47b6bd6784bf6b65d0613559eb8dd3ed8bcfbc,"{""distance"":7,""physical_error_rate"":0.0005}","{""detection_events"":5216087,""detectors_checked"":2674114560}"
   1773568,         0,         0,   120.0,standalone_exact_mw,20c8daca17953576b13a32f59e5f9cb54485b277119f4e6925e9023b8dd1f351,"{""distance"":7,""physical_error_rate"":0.002}","{""detection_events"":11113516,""detectors_checked"":1436590080}"
   1387520,         0,         0,   119.8,standalone_exact_mw,b0cacb7fc707c2734ebeeceefd47b6bd6784bf6b65d0613559eb8dd3ed8bcfbc,"{""distance"":7,""physical_error_rate"":0.0005}","{""detection_events"":2189581,""detectors_checked"":1123891200}"
   1851392,         0,         0,   119.7,standalone_exact_mw,8e8e16d7b7d10172304dc167922b352ab88e75bca590a4202cfa41b2b9ea2794,"{""distance"":7,""physical_error_rate"":0.0002}","{""detection_events"":1171432,""detectors_checked"":1499627520}"
    749568,         2,         0,   120.0,standalone_exact_mw,3f3e41bc6b36ed0cfc2fad9d3557a7870f4e21d551182548e920bf13e0232e34,"{""distance"":7,""physical_error_rate"":0.005}","{""detection_events"":11530398,""detectors_checked"":607150080,""obs_mistake_mask=E"":2}"
    703488,         7,         0,   119.9,standalone_exact_mw,3f3e41bc6b36ed0cfc2fad9d3557a7870f4e21d551182548e920bf13e0232e34,"{""distance"":7,""physical_error_rate"":0.005}","{""detection_events"":10825206,""detectors_checked"":569825280,""obs_mistake_mask=E"":7}"
   1607680,         0,         0,   119.9,standalone_exact_mw,b0cacb7fc707c2734ebeeceefd47b6bd6784bf6b65d0613559eb8dd3ed8bcfbc,"{""distance"":7,""physical_error_rate"":0.0005}","{""detection_events"":2539562,""detectors_checked"":1302220800}"
    825344,         0,         0,   120.0,standalone_exact_mw,20c8daca17953576b13a32f59e5f9cb54485b277119f4e6925e9023b8dd1f351,"{""distance"":7,""physical_error_rate"":0.002}","{""detection_events"":5173908,""detectors_checked"":668528640}"
    940032,         0,         0,   119.9,standalone_exact_mw,20c8daca17953576b13a32f59e5f9cb54485b277119f4e6925e9023b8dd1f351,"{""distance"":7,""physical_error_rate"":0.002}","{""detection_events"":5890019,""detectors_checked"":761425920}"
    839680,         0,         0,   119.7,standalone_exact_mw,c63d9dbf283cbe8d7d2c9891770aca900c170ab5c3de0408fa399997170cec3d,"{""distance"":7,""physical_error_rate"":0.001}","{""detection_events"":2647444,""detectors_checked"":680140800}"
    986112,         0,         0,   119.9,standalone_exact_mw,c63d9dbf283cbe8d7d2c9891770aca900c170ab5c3de0408fa399997170cec3d,"{""distance"":7,""physical_error_rate"":0.001}","{""detection_events"":3114480,""detectors_checked"":798750720}"
   1143808,         0,         0,   119.9,standalone_exact_mw,c63d9dbf283cbe8d7d2c9891770aca900c170ab5c3de0408fa399997170cec3d,"{""distance"":7,""physical_error_rate"":0.001}","{""detection_events"":3607054,""detectors_checked"":926484480}"
    825344,         8,         0,   120.0,standalone_exact_mw,3f3e41bc6b36ed0cfc2fad9d3557a7870f4e21d551182548e920bf13e0232e34,"{""distance"":7,""physical_error_rate"":0.005}","{""detection_events"":12706502,""detectors_checked"":668528640,""obs_mistake_mask=E"":8}"
    979968,         0,         0,   119.9,standalone_exact_mw,20c8daca17953576b13a32f59e5f9cb54485b277119f4e6925e9023b8dd1f351,"{""distance"":7,""physical_error_rate"":0.002}","{""detection_events"":6136019,""detectors_checked"":793774080}"
   1568768,         0,         0,   119.8,standalone_exact_mw,b0cacb7fc707c2734ebeeceefd47b6bd6784bf6b65d0613559eb8dd3ed8bcfbc,"{""distance"":7,""physical_error_rate"":0.0005}","{""detection_events"":2482971,""detectors_checked"":1270702080}"
   2493440,         0,         0,   119.7,standalone_exact_mw,8e8e16d7b7d10172304dc167922b352ab88e75bca590a4202cfa41b2b9ea2794,"{""distance"":7,""physical_error_rate"":0.0002}","{""detection_events"":1580274,""detectors_checked"":2019686400}"
   2182144,         0,         0,   119.8,standalone_exact_mw,8e8e16d7b7d10172304dc167922b352ab88e75bca590a4202cfa41b2b9ea2794,"{""distance"":7,""physical_error_rate"":0.0002}","{""detection_events"":1380210,""detectors_checked"":1767536640}"
   2277376,         0,         0,   119.8,standalone_exact_mw,8e8e16d7b7d10172304dc167922b352ab88e75bca590a4202cfa41b2b9ea2794,"{""distance"":7,""physical_error_rate"":0.0002}","{""detection_events"":1443553,""detectors_checked"":1844674560}"
   1597440,         0,         0,   119.9,standalone_exact_mw,c63d9dbf283cbe8d7d2c9891770aca900c170ab5c3de0408fa399997170cec3d,"{""distance"":7,""physical_error_rate"":0.001}","{""detection_events"":5031525,""detectors_checked"":1293926400}"
   3021824,         0,         0,   119.6,standalone_exact_mw,8e8e16d7b7d10172304dc167922b352ab88e75bca590a4202cfa41b2b9ea2794,"{""distance"":7,""physical_error_rate"":0.0002}","{""detection_events"":1916013,""detectors_checked"":2447677440}"
   1260544,         0,         0,   119.8,standalone_exact_mw,c63d9dbf283cbe8d7d2c9891770aca900c170ab5c3de0408fa399997170cec3d,"{""distance"":7,""physical_error_rate"":0.001}","{""detection_events"":3972830,""detectors_checked"":1021040640}"
    683008,         6,         0,   120.0,standalone_exact_mw,3f3e41bc6b36ed0cfc2fad9d3557a7870f4e21d551182548e920bf13e0232e34,"{""distance"":7,""physical_error_rate"":0.005}","{""detection_events"":10513610,""detectors_checked"":553236480,""obs_mistake_mask=E"":6}"
   1870848,         0,         0,   119.9,standalone_exact_mw,20c8daca17953576b13a32f59e5f9cb54485b277119f4e6925e9023b8dd1f351,"{""distance"":7,""physical_error_rate"":0.002}","{""detection_events"":11721845,""detectors_checked"":1515386880}"
    989184,         6,         0,   120.0,standalone_exact_mw,3f3e41bc6b36ed0cfc2fad9d3557a7870f4e21d551182548e920bf13e0232e34,"{""distance"":7,""physical_error_rate"":0.005}","{""detection_events"":15225535,""detectors_checked"":801239040,""obs_mistake_mask=E"":6}"
   2425856,         0,         0,   119.7,standalone_exact_mw,8e8e16d7b7d10172304dc167922b352ab88e75bca590a4202cfa41b2b9ea2794,"{""distance"":7,""physical_error_rate"":0.0002}","{""detection_events"":1537394,""detectors_checked"":1964943360}"
    759808,         5,         0,   120.0,standalone_exact_mw,3f3e41bc6b36ed0cfc2fad9d3557a7870f4e21d551182548e920bf13e0232e34,"{""distance"":7,""physical_error_rate"":0.005}","{""detection_events"":11693384,""detectors_checked"":615444480,""obs_mistake_mask=E"":5}"
   2891776,         0,         0,   119.6,standalone_exact_mw,8e8e16d7b7d10172304dc167922b352ab88e75bca590a4202cfa41b2b9ea2794,"{""distance"":7,""physical_error_rate"":0.0002}","{""detection_events"":1827481,""detectors_checked"":2342338560}"
   1000448,         3,         0,   120.0,standalone_exact_mw,3f3e41bc6b36ed0cfc2fad9d3557a7870f4e21d551182548e920bf13e0232e34,"{""distance"":7,""physical_error_rate"":0.005}","{""detection_events"":15396690,""detectors_checked"":810362880,""obs_mistake_mask=E"":3}"
    825344,         0,         0,   119.8,standalone_exact_mw,b0cacb7fc707c2734ebeeceefd47b6bd6784bf6b65d0613559eb8dd3ed8bcfbc,"{""distance"":7,""physical_error_rate"":0.0005}","{""detection_events"":1306773,""detectors_checked"":668528640}"
   1182720,         0,         0,   119.9,standalone_exact_mw,c63d9dbf283cbe8d7d2c9891770aca900c170ab5c3de0408fa399997170cec3d,"{""distance"":7,""physical_error_rate"":0.001}","{""detection_events"":3728926,""detectors_checked"":958003200}"
    719872,         2,         0,   120.0,standalone_exact_mw,3f3e41bc6b36ed0cfc2fad9d3557a7870f4e21d551182548e920bf13e0232e34,"{""distance"":7,""physical_error_rate"":0.005}","{""detection_events"":11075106,""detectors_checked"":583096320,""obs_mistake_mask=E"":2}"
   1576960,         0,         0,   119.9,standalone_exact_mw,b0cacb7fc707c2734ebeeceefd47b6bd6784bf6b65d0613559eb8dd3ed8bcfbc,"{""distance"":7,""physical_error_rate"":0.0005}","{""detection_events"":2495223,""detectors_checked"":1277337600}"
   2070528,         0,         0,   119.7,standalone_exact_mw,b0cacb7fc707c2734ebeeceefd47b6bd6784bf6b65d0613559eb8dd3ed8bcfbc,"{""distance"":7,""physical_error_rate"":0.0005}","{""detection_events"":3279357,""detectors_checked"":1677127680}"
   1618944,         0,         0,   119.8,standalone_exact_mw,b0cacb7fc707c2734ebeeceefd47b6bd6784bf6b65d0613559eb8dd3ed8bcfbc,"{""distance"":7,""physical_error_rate"":0.0005}","{""detection_events"":2560177,""detectors_checked"":1311344640}"
    862208,         0,         0,   119.9,standalone_exact_mw,20c8daca17953576b13a32f59e5f9cb54485b277119f4e6925e9023b8dd1f351,"{""distance"":7,""physical_error_rate"":0.002}","{""detection_events"":5406278,""detectors_checked"":698388480}"
   1790976,         0,         0,   119.9,standalone_exact_mw,b0cacb7fc707c2734ebeeceefd47b6bd6784bf6b65d0613559eb8dd3ed8bcfbc,"{""distance"":7,""physical_error_rate"":0.0005}","{""detection_events"":2834082,""detectors_checked"":1450690560}"
    840704,         4,         0,   119.9,standalone_exact_mw,3f3e41bc6b36ed0cfc2fad9d3557a7870f4e21d551182548e920bf13e0232e34,"{""distance"":7,""physical_error_rate"":0.005}","{""detection_events"":12939151,""detectors_checked"":680970240,""obs_mistake_mask=E"":4}"
    838656,         0,         0,   119.9,standalone_exact_mw,20c8daca17953576b13a32f59e5f9cb54485b277119f4e6925e9023b8dd1f351,"{""distance"":7,""physical_error_rate"":0.002}","{""detection_events"":5258421,""detectors_checked"":679311360}"
   2495488,         0,         0,   119.7,standalone_exact_mw,8e8e16d7b7d10172304dc167922b352ab88e75bca590a4202cfa41b2b9ea2794,"{""distance"":7,""physical_error_rate"":0.0002}","{""detection_events"":1576405,""detectors_checked"":2021345280}"
   2660352,         0,         0,   119.8,standalone_exact_mw,8e8e16d7b7d10172304dc167922b352ab88e75bca590a4202cfa41b2b9ea2794,"{""distance"":7,""physical_error_rate"":0.0002}","{""detection_events"":1684483,""detectors_checked"":2154885120}"
   1349632,         0,         0,   119.7,standalone_exact_mw,b0cacb7fc707c2734ebeeceefd47b6bd6784bf6b65d0613559eb8dd3ed8bcfbc,"{""distance"":7,""physical_error_rate"":0.0005}","{""detection_events"":2133540,""detectors_checked"":1093201920}"
   1050624,         0,         0,   119.9,standalone_exact_mw,c63d9dbf283cbe8d7d2c9891770aca900c170ab5c3de0408fa399997170cec3d,"{""distance"":7,""physical_error_rate"":0.001}","{""detection_events"":3308120,""detectors_checked"":851005440}"
   1287168,         0,         0,   119.8,standalone_exact_mw,c63d9dbf283cbe8d7d2c9891770aca900c170ab5c3de0408fa399997170cec3d,"{""distance"":7,""physical_error_rate"":0.001}","{""detection_events"":4055472,""detectors_checked"":1042606080}"
   1306624,         0,         0,   119.8,standalone_exact_mw,c63d9dbf283cbe8d7d2c9891770aca900c170ab5c3de0408fa399997170cec3d,"{""distance"":7,""physical_error_rate"":0.001}","{""detection_events"":4119406,""detectors_checked"":1058365440}"
   2381824,         1,         0,   119.9,standalone_exact_mw,c63d9dbf283cbe8d7d2c9891770aca900c170ab5c3de0408fa399997170cec3d,"{""distance"":7,""physical_error_rate"":0.001}","{""detection_events"":7499041,""detectors_checked"":1929277440,""obs_mistake_mask=E"":1}"
   4461568,         0,         0,   119.7,standalone_exact_mw,8e8e16d7b7d10172304dc167922b352ab88e75bca590a4202cfa41b2b9ea2794,"{""distance"":7,""physical_error_rate"":0.0002}","{""detection_events"":2829119,""detectors_checked"":3613870080}"
   1223680,         0,         0,   119.9,standalone_exact_mw,c63d9dbf283cbe8d7d2c9891770aca900c170ab5c3de0408fa399997170cec3d,"{""distance"":7,""physical_error_rate"":0.001}","{""detection_events"":3856832,""detectors_checked"":991180800}"
   2586624,         0,         0,   119.8,standalone_exact_mw,8e8e16d7b7d10172304dc167922b352ab88e75bca590a4202cfa41b2b9ea2794,"{""distance"":7,""physical_error_rate"":0.0002}","{""detection_events"":1638159,""detectors_checked"":2095165440}"
    956416,         0,         0,   119.9,standalone_exact_mw,20c8daca17953576b13a32f59e5f9cb54485b277119f4e6925e9023b8dd1f351,"{""distance"":7,""physical_error_rate"":0.002}","{""detection_events"":5994184,""detectors_checked"":774696960}"
   2841600,         0,         0,   119.7,standalone_exact_mw,8e8e16d7b7d10172304dc167922b352ab88e75bca590a4202cfa41b2b9ea2794,"{""distance"":7,""physical_error_rate"":0.0002}","{""detection_events"":1798023,""detectors_checked"":2301696000}"
   3143680,         0,         0,   119.9,standalone_exact_mw,b0cacb7fc707c2734ebeeceefd47b6bd6784bf6b65d0613559eb8dd3ed8bcfbc,"{""distance"":7,""physical_error_rate"":0.0005}","{""detection_events"":4970280,""detectors_checked"":2546380800}"
   1607680,         0,         0,   119.8,standalone_exact_mw,b0cacb7fc707c2734ebeeceefd47b6bd6784bf6b65d0613559eb8dd3ed8bcfbc,"{""distance"":7,""physical_error_rate"":0.0005}","{""detection_events"":2540459,""detectors_checked"":1302220800}"
   1099776,         0,         0,   119.9,standalone_exact_mw,20c8daca17953576b13a32f59e5f9cb54485b277119f4e6925e9023b8dd1f351,"{""distance"":7,""physical_error_rate"":0.002}","{""detection_events"":6895605,""detectors_checked"":890818560}"
   2014208,         0,         0,   119.9,standalone_exact_mw,b0cacb7fc707c2734ebeeceefd47b6bd6784bf6b65d0613559eb8dd3ed8bcfbc,"{""distance"":7,""physical_error_rate"":0.0005}","{""detection_events"":3183062,""detectors_checked"":1631508480}"
    900096,         5,         0,   120.0,standalone_exact_mw,3f3e41bc6b36ed0cfc2fad9d3557a7870f4e21d551182548e920bf13e0232e34,"{""distance"":7,""physical_error_rate"":0.005}","{""detection_events"":13841599,""detectors_checked"":729077760,""obs_mistake_mask=E"":5}"
   4452352,         0,         0,   119.8,standalone_exact_mw,8e8e16d7b7d10172304dc167922b352ab88e75bca590a4202cfa41b2b9ea2794,"{""distance"":7,""physical_error_rate"":0.0002}","{""detection_events"":2822273,""detectors_checked"":3606405120}"
   1261568,         0,         0,   119.9,standalone_exact_mw,20c8daca17953576b13a32f59e5f9cb54485b277119f4e6925e9023b8dd1f351,"{""distance"":7,""physical_error_rate"":0.002}","{""detection_events"":7908541,""detectors_checked"":1021870080}"
   2388992,         0,         0,   119.9,standalone_exact_mw,c63d9dbf283cbe8d7d2c9891770aca900c170ab5c3de0408fa399997170cec3d,"{""distance"":7,""physical_error_rate"":0.001}","{""detection_events"":7532947,""detectors_checked"":1935083520}"
    542720,         0,         0,   120.0,standalone_exact_mw,3f3e41bc6b36ed0cfc2fad9d3557a7870f4e21d551182548e920bf13e0232e34,"{""distance"":7,""physical_error_rate"":0.005}","{""detection_events"":8353688,""detectors_checked"":439603200}"
    919552,         5,         0,   119.9,standalone_exact_mw,3f3e41bc6b36ed0cfc2fad9d3557a7870f4e21d551182548e920bf13e0232e34,"{""distance"":7,""physical_error_rate"":0.005}","{""detection_events"":14153638,""detectors_checked"":744837120,""obs_mistake_mask=E"":5}"
    966656,         0,         0,   120.0,standalone_exact_mw,20c8daca17953576b13a32f59e5f9cb54485b277119f4e6925e9023b8dd1f351,"{""distance"":7,""physical_error_rate"":0.002}","{""detection_events"":6057195,""detectors_checked"":782991360}"
   1427456,         1,         0,   119.8,standalone_exact_mw,c63d9dbf283cbe8d7d2c9891770aca900c170ab5c3de0408fa399997170cec3d,"{""distance"":7,""physical_error_rate"":0.001}","{""detection_events"":4494938,""detectors_checked"":1156239360,""obs_mistake_mask=E"":1}"
    952320,         0,         0,   120.1,standalone_exact_mw,20c8daca17953576b13a32f59e5f9cb54485b277119f4e6925e9023b8dd1f351,"{""distance"":7,""physical_error_rate"":0.002}","{""detection_events"":5966830,""detectors_checked"":771379200}"
    902144,         0,         0,   119.9,standalone_exact_mw,20c8daca17953576b13a32f59e5f9cb54485b277119f4e6925e9023b8dd1f351,"{""distance"":7,""physical_error_rate"":0.002}","{""detection_events"":5652833,""detectors_checked"":730736640}"
   3105792,         0,         0,   119.9,standalone_exact_mw,b0cacb7fc707c2734ebeeceefd47b6bd6784bf6b65d0613559eb8dd3ed8bcfbc,"{""distance"":7,""physical_error_rate"":0.0005}","{""detection_events"":4914702,""detectors_checked"":2515691520}"
   1790976,         0,         0,   120.0,standalone_exact_mw,20c8daca17953576b13a32f59e5f9cb54485b277119f4e6925e9023b8dd1f351,"{""distance"":7,""physical_error_rate"":0.002}","{""detection_events"":11214311,""detectors_checked"":1450690560}"
   1438720,         0,         0,   119.9,standalone_exact_mw,b0cacb7fc707c2734ebeeceefd47b6bd6784bf6b65d0613559eb8dd3ed8bcfbc,"{""distance"":7,""physical_error_rate"":0.0005}","{""detection_events"":2273534,""detectors_checked"":1165363200}"
   2004992,         0,         0,   119.7,standalone_exact_mw,8e8e16d7b7d10172304dc167922b352ab88e75bca590a4202cfa41b2b9ea2794,"{""distance"":7,""physical_error_rate"":0.0002}","{""detection_events"":1269020,""detectors_checked"":1624043520}"
    660480,         3,         0,   120.0,standalone_exact_mw,3f3e41bc6b36ed0cfc2fad9d3557a7870f4e21d551182548e920bf13e0232e34,"{""distance"":7,""physical_error_rate"":0.005}","{""detection_events"":10170505,""detectors_checked"":534988800,""obs_mistake_mask=E"":3}"
    718848,         4,         0,   120.0,standalone_exact_mw,3f3e41bc6b36ed0cfc2fad9d3557a7870f4e21d551182548e920bf13e0232e34,"{""distance"":7,""physical_error_rate"":0.005}","{""detection_events"":11066369,""detectors_checked"":582266880,""obs_mistake_mask=E"":4}"
   1516544,         0,         0,   119.8,standalone_exact_mw,b0cacb7fc707c2734ebeeceefd47b6bd6784bf6b65d0613559eb8dd3ed8bcfbc,"{""distance"":7,""physical_error_rate"":0.0005}","{""detection_events"":2401270,""detectors_checked"":1228400640}"
    642048,         1,         0,   119.9,standalone_exact_mw,20c8daca17953576b13a32f59e5f9cb54485b277119f4e6925e9023b8dd1f351,"{""distance"":7,""physical_error_rate"":0.002}","{""detection_events"":4023711,""detectors_checked"":520058880,""obs_mistake_mask=E"":1}"
    831488,         0,         0,   120.0,standalone_exact_mw,20c8daca17953576b13a32f59e5f9cb54485b277119f4e6925e9023b8dd1f351,"{""distance"":7,""physical_error_rate"":0.002}","{""detection_events"":5207607,""detectors_checked"":673505280}"
   1212416,         0,         0,   119.9,standalone_exact_mw,c63d9dbf283cbe8d7d2c9891770aca900c170ab5c3de0408fa399997170cec3d,"{""distance"":7,""physical_error_rate"":0.001}","{""detection_events"":3824471,""detectors_checked"":982056960}"
   1159168,         0,         0,   119.9,standalone_exact_mw,c63d9dbf283cbe8d7d2c9891770aca900c170ab5c3de0408fa399997170cec3d,"{""distance"":7,""physical_error_rate"":0.001}","{""detection_events"":3650529,""detectors_checked"":938926080}"
   1233920,         0,         0,   119.9,standalone_exact_mw,c63d9dbf283cbe8d7d2c9891770aca900c170ab5c3de0408fa399997170cec3d,"{""distance"":7,""physical_error_rate"":0.001}","{""detection_events"":3886103,""detectors_checked"":999475200}"
    782336,         2,         0,   119.9,standalone_exact_mw,3f3e41bc6b36ed0cfc2fad9d3557a7870f4e21d551182548e920bf13e0232e34,"{""distance"":7,""physical_error_rate"":0.005}","{""detection_events"":12041282,""detectors_checked"":633692160,""obs_mistake_mask=E"":2}"
    890880,         0,         0,   120.1,standalone_exact_mw,20c8daca17953576b13a32f59e5f9cb54485b277119f4e6925e9023b8dd1f351,"{""distance"":7,""physical_error_rate"":0.002}","{""detection_events"":5582847,""detectors_checked"":721612800}"
   1620992,         0,         0,   119.8,standalone_exact_mw,b0cacb7fc707c2734ebeeceefd47b6bd6784bf6b65d0613559eb8dd3ed8bcfbc,"{""distance"":7,""physical_error_rate"":0.0005}","{""detection_events"":2564239,""detectors_checked"":1313003520}"
   2491392,         0,         0,   119.7,standalone_exact_mw,8e8e16d7b7d10172304dc167922b352ab88e75bca590a4202cfa41b2b9ea2794,"{""distance"":7,""physical_error_rate"":0.0002}","{""detection_events"":1580116,""detectors_checked"":2018027520}"
   2102272,         0,         0,   119.8,standalone_exact_mw,8e8e16d7b7d10172304dc167922b352ab88e75bca590a4202cfa41b2b9ea2794,"{""distance"":7,""physical_error_rate"":0.0002}","{""detection_events"":1333896,""detectors_checked"":1702840320}"
   2414592,         0,         0,   119.7,standalone_exact_mw,8e8e16d7b7d10172304dc167922b352ab88e75bca590a4202cfa41b2b9ea2794,"{""distance"":7,""physical_error_rate"":0.0002}","{""detection_events"":1529374,""detectors_checked"":1955819520}"
   1590272,         0,         0,   119.8,standalone_exact_mw,c63d9dbf283cbe8d7d2c9891770aca900c170ab5c3de0408fa399997170cec3d,"{""distance"":7,""physical_error_rate"":0.001}","{""detection_events"":5014976,""detectors_checked"":1288120320}"
   2859008,         0,         0,   119.7,standalone_exact_mw,8e8e16d7b7d10172304dc167922b352ab88e75bca590a4202cfa41b2b9ea2794,"{""distance"":7,""physical_error_rate"":0.0002}","{""detection_events"":1813094,""detectors_checked"":2315796480}"
   1171456,         0,         0,   120.0,standalone_exact_mw,c63d9dbf283cbe8d7d2c9891770aca900c170ab5c3de0408fa399997170cec3d,"{""distance"":7,""physical_error_rate"":0.001}","{""detection_events"":3694654,""detectors_checked"":948879360}"
    743424,         7,         0,   119.9,standalone_exact_mw,3f3e41bc6b36ed0cfc2fad9d3557a7870f4e21d551182548e920bf13e0232e34,"{""distance"":7,""physical_error_rate"":0.005}","{""detection_events"":11448234,""detectors_checked"":602173440,""obs_mistake_mask=E"":7}"
   1853440,         0,         0,   119.9,standalone_exact_mw,20c8daca17953576b13a32f59e5f9cb54485b277119f4e6925e9023b8dd1f351,"{""distance"":7,""physical_error_rate"":0.002}","{""detection_events"":11610041,""detectors_checked"":1501286400}"
    948224,         4,         0,   120.0,standalone_exact_mw,3f3e41bc6b36ed0cfc2fad9d3557a7870f4e21d551182548e920bf13e0232e34,"{""distance"":7,""physical_error_rate"":0.005}","{""detection_events"":14586064,""detectors_checked"":768061440,""obs_mistake_mask=E"":4}"
   2524160,         0,         0,   119.7,standalone_exact_mw,8e8e16d7b7d10172304dc167922b352ab88e75bca590a4202cfa41b2b9ea2794,"{""distance"":7,""physical_error_rate"":0.0002}","{""detection_events"":1596890,""detectors_checked"":2044569600}"
    747520,         6,         0,   120.0,standalone_exact_mw,3f3e41bc6b36ed0cfc2fad9d3557a7870f4e21d551182548e920bf13e0232e34,"{""distance"":7,""physical_error_rate"":0.005}","{""detection_events"":11501679,""detectors_checked"":605491200,""obs_mistake_mask=E"":6}"
   3133440,         0,         0,   119.6,standalone_exact_mw,8e8e16d7b7d10172304dc167922b352ab88e75bca590a4202cfa41b2b9ea2794,"{""distance"":7,""physical_error_rate"":0.0002}","{""detection_events"":1984966,""detectors_checked"":2538086400}"
    950272,         0,         0,   119.9,standalone_exact_mw,3f3e41bc6b36ed0cfc2fad9d3557a7870f4e21d551182548e920bf13e0232e34,"{""distance"":7,""physical_error_rate"":0.005}","{""detection_events"":14628158,""detectors_checked"":769720320}"
    944128,         0,         0,   119.8,standalone_exact_mw,b0cacb7fc707c2734ebeeceefd47b6bd6784bf6b65d0613559eb8dd3ed8bcfbc,"{""distance"":7,""physical_error_rate"":0.0005}","{""detection_events"":1493202,""detectors_checked"":764743680}"
   1204224,         0,         0,   119.8,standalone_exact_mw,c63d9dbf283cbe8d7d2c9891770aca900c170ab5c3de0408fa399997170cec3d,"{""distance"":7,""physical_error_rate"":0.001}","{""detection_events"":3800201,""detectors_checked"":975421440}"
    714752,         3,         0,   120.0,standalone_exact_mw,3f3e41bc6b36ed0cfc2fad9d3557a7870f4e21d551182548e920bf13e0232e34,"{""distance"":7,""physical_error_rate"":0.005}","{""detection_events"":11012625,""detectors_checked"":578949120,""obs_mistake_mask=E"":3}"
   1696768,         0,         0,   119.8,standalone_exact_mw,b0cacb7fc707c2734ebeeceefd47b6bd6784bf6b65d0613559eb8dd3ed8bcfbc,"{""distance"":7,""physical_error_rate"":0.0005}","{""detection_events"":2682253,""detectors_checked"":1374382080}"
   2146304,         0,         0,   119.8,standalone_exact_mw,b0cacb7fc707c2734ebeeceefd47b6bd6784bf6b65d0613559eb8dd3ed8bcfbc,"{""distance"":7,""physical_error_rate"":0.0005}","{""detection_events"":3393160,""detectors_checked"":1738506240}"
   1678336,         0,         0,   119.9,standalone_exact_mw,b0cacb7fc707c2734ebeeceefd47b6bd6784bf6b65d0613559eb8dd3ed8bcfbc,"{""distance"":7,""physical_error_rate"":0.0005}","{""detection_events"":2653624,""detectors_checked"":1359452160}"
    836608,         0,         0,   119.9,standalone_exact_mw,20c8daca17953576b13a32f59e5f9cb54485b277119f4e6925e9023b8dd1f351,"{""distance"":7,""physical_error_rate"":0.002}","{""detection_events"":5251757,""detectors_checked"":677652480}"
   1981440,         0,         0,   119.8,standalone_exact_mw,b0cacb7fc707c2734ebeeceefd47b6bd6784bf6b65d0613559eb8dd3ed8bcfbc,"{""distance"":7,""physical_error_rate"":0.0005}","{""detection_events"":3129529,""detectors_checked"":1604966400}"
    825344,         9,         0,   120.1,standalone_exact_mw,3f3e41bc6b36ed0cfc2fad9d3557a7870f4e21d551182548e920bf13e0232e34,"{""distance"":7,""physical_error_rate"":0.005}","{""detection_events"":12698373,""detectors_checked"":668528640,""obs_mistake_mask=E"":9}"
    918528,         0,         0,   119.9,standalone_exact_mw,20c8daca17953576b13a32f59e5f9cb54485b277119f4e6925e9023b8dd1f351,"{""distance"":7,""physical_error_rate"":0.002}","{""detection_events"":5758232,""detectors_checked"":744007680}"
   2526208,         0,         0,   119.7,standalone_exact_mw,8e8e16d7b7d10172304dc167922b352ab88e75bca590a4202cfa41b2b9ea2794,"{""distance"":7,""physical_error_rate"":0.0002}","{""detection_events"":1599877,""detectors_checked"":2046228480}"
   2512896,         0,         0,   119.7,standalone_exact_mw,8e8e16d7b7d10172304dc167922b352ab88e75bca590a4202cfa41b2b9ea2794,"{""distance"":7,""physical_error_rate"":0.0002}","{""detection_events"":1594235,""detectors_checked"":2035445760}"
   1375232,         0,         0,   119.8,standalone_exact_mw,b0cacb7fc707c2734ebeeceefd47b6bd6784bf6b65d0613559eb8dd3ed8bcfbc,"{""distance"":7,""physical_error_rate"":0.0005}","{""detection_events"":2174204,""detectors_checked"":1113937920}"
    708608,         0,         0,   119.9,standalone_exact_mw,c63d9dbf283cbe8d7d2c9891770aca900c170ab5c3de0408fa399997170cec3d,"{""distance"":7,""physical_error_rate"":0.001}","{""detection_events"":2231513,""detectors_checked"":573972480}"
   1020928,         0,         0,   119.8,standalone_exact_mw,c63d9dbf283cbe8d7d2c9891770aca900c170ab5c3de0408fa399997170cec3d,"{""distance"":7,""physical_error_rate"":0.001}","{""detection_events"":3211182,""detectors_checked"":826951680}"
   1409024,         0,         0,   119.9,standalone_exact_mw,c63d9dbf283cbe8d7d2c9891770aca900c170ab5c3de0408fa399997170cec3d,"{""distance"":7,""physical_error_rate"":0.001}","{""detection_events"":4446837,""detectors_checked"":1141309440}"
   2359296,         0,         0,   119.9,standalone_exact_mw,c63d9dbf283cbe8d7d2c9891770aca900c170ab5c3de0408fa399997170cec3d,"{""distance"":7,""physical_error_rate"":0.001}","{""detection_events"":7435910,""detectors_checked"":1911029760}"
   4525056,         0,         0,   119.7,standalone_exact_mw,8e8e16d7b7d10172304dc167922b352ab88e75bca590a4202cfa41b2b9ea2794,"{""distance"":7,""physical_error_rate"":0.0002}","{""detection_events"":2863051,""detectors_checked"":3665295360}"
   1216512,         0,         0,   119.9,standalone_exact_mw,c63d9dbf283cbe8d7d2c9891770aca900c170ab5c3de0408fa399997170cec3d,"{""distance"":7,""physical_error_rate"":0.001}","{""detection_events"":3836026,""detectors_checked"":985374720}"
   2612224,         0,         0,   119.6,standalone_exact_mw,8e8e16d7b7d10172304dc167922b352ab88e75bca590a4202cfa41b2b9ea2794,"{""distance"":7,""physical_error_rate"":0.0002}","{""detection_events"":1653596,""detectors_checked"":2115901440}"
    811008,         1,         0,   120.1,standalone_exact_mw,20c8daca17953576b13a32f59e5f9cb54485b277119f4e6925e9023b8dd1f351,"{""distance"":7,""physical_error_rate"":0.002}","{""detection_events"":5081391,""detectors_checked"":656916480,""obs_mistake_mask=E"":1}"
   2652160,         0,         0,   119.7,standalone_exact_mw,8e8e16d7b7d10172304dc167922b352ab88e75bca590a4202cfa41b2b9ea2794,"{""distance"":7,""physical_error_rate"":0.0002}","{""detection_events"":1678882,""detectors_checked"":2148249600}"
   3109888,         0,         0,   119.8,standalone_exact_mw,b0cacb7fc707c2734ebeeceefd47b6bd6784bf6b65d0613559eb8dd3ed8bcfbc,"{""distance"":7,""physical_error_rate"":0.0005}","{""detection_events"":4916282,""detectors_checked"":2519009280}"
   1730560,         0,         0,   119.9,standalone_exact_mw,b0cacb7fc707c2734ebeeceefd47b6bd6784bf6b65d0613559eb8dd3ed8bcfbc,"{""distance"":7,""physical_error_rate"":0.0005}","{""detection_events"":2735035,""detectors_checked"":1401753600}"
   1093632,         0,         0,   120.0,standalone_exact_mw,20c8daca17953576b13a32f59e5f9cb54485b277119f4e6925e9023b8dd1f351,"{""distance"":7,""physical_error_rate"":0.002}","{""detection_events"":6856706,""detectors_checked"":885841920}"
   1861632,         0,         0,   119.8,standalone_exact_mw,b0cacb7fc707c2734ebeeceefd47b6bd6784bf6b65d0613559eb8dd3ed8bcfbc,"{""distance"":7,""physical_error_rate"":0.0005}","{""detection_events"":2944539,""detectors_checked"":1507921920}"
    803840,         5,         0,   119.9,standalone_exact_mw,3f3e41bc6b36ed0cfc2fad9d3557a7870f4e21d551182548e920bf13e0232e34,"{""distance"":7,""physical_error_rate"":0.005}","{""detection_events"":12373977,""detectors_checked"":651110400,""obs_mistake_mask=E"":5}"
   4521984,         0,         0,   119.8,standalone_exact_mw,8e8e16d7b7d10172304dc167922b352ab88e75bca590a4202cfa41b2b9ea2794,"{""distance"":7,""physical_error_rate"":0.0002}","{""detection_events"":2859221,""detectors_checked"":3662807040}"
   1201152,         0,         0,   119.9,standalone_exact_mw,20c8daca17953576b13a32f59e5f9cb54485b277119f4e6925e9023b8dd1f351,"{""distance"":7,""physical_error_rate"":0.002}","{""detection_events"":7523972,""detectors_checked"":972933120}"
   2415616,         0,         0,   119.9,standalone_exact_mw,c63d9dbf283cbe8d7d2c9891770aca900c170ab5c3de0408fa399997170cec3d,"{""distance"":7,""physical_error_rate"":0.001}","{""detection_events"":7613195,""detectors_checked"":1956648960}"
    685056,         6,         0,   120.1,standalone_exact_mw,3f3e41bc6b36ed0cfc2fad9d3557a7870f4e21d551182548e920bf13e0232e34,"{""distance"":7,""physical_error_rate"":0.005}","{""detection_events"":10548822,""detectors_checked"":554895360,""obs_mistake_mask=E"":6}"
    951296,         0,         0,   119.9,standalone_exact_mw,20c8daca17953576b13a32f59e5f9cb54485b277119f4e6925e9023b8dd1f351,"{""distance"":7,""physical_error_rate"":0.002}","{""detection_events"":5959861,""detectors_checked"":770549760}"
    968704,         3,         0,   119.9,standalone_exact_mw,3f3e41bc6b36ed0cfc2fad9d3557a7870f4e21d551182548e920bf13e0232e34,"{""distance"":7,""physical_error_rate"":0.005}","{""detection_events"":14917448,""detectors_checked"":784650240,""obs_mistake_mask=E"":3}"
   1397760,         0,         0,   119.9,standalone_exact_mw,c63d9dbf283cbe8d7d2c9891770aca900c170ab5c3de0408fa399997170cec3d,"{""distance"":7,""physical_error_rate"":0.001}","{""detection_events"":4409258,""detectors_checked"":1132185600}"
    909312,         0,         0,   119.9,standalone_exact_mw,20c8daca17953576b13a32f59e5f9cb54485b277119f4e6925e9023b8dd1f351,"{""distance"":7,""physical_error_rate"":0.002}","{""detection_events"":5694780,""detectors_checked"":736542720}"
    742400,         0,         0,   119.9,standalone_exact_mw,20c8daca17953576b13a32f59e5f9cb54485b277119f4e6925e9023b8dd1f351,"{""distance"":7,""physical_error_rate"":0.002}","{""detection_events"":4657345,""detectors_checked"":601344000}"
   2988032,         0,         0,   119.8,standalone_exact_mw,b0cacb7fc707c2734ebeeceefd47b6bd6784bf6b65d0613559eb8dd3ed8bcfbc,"{""distance"":7,""physical_error_rate"":0.0005}","{""detection_events"":4729767,""detectors_checked"":2420305920}"
   1779712,         0,         0,   119.9,standalone_exact_mw,20c8daca17953576b13a32f59e5f9cb54485b277119f4e6925e9023b8dd1f351,"{""distance"":7,""physical_error_rate"":0.002}","{""detection_events"":11152566,""detectors_checked"":1441566720}"
   1731584,         0,         0,   119.8,standalone_exact_mw,b0cacb7fc707c2734ebeeceefd47b6bd6784bf6b65d0613559eb8dd3ed8bcfbc,"{""distance"":7,""physical_error_rate"":0.0005}","{""detection_events"":2733066,""detectors_checked"":1402583040}"
   2296832,         0,         0,   119.7,standalone_exact_mw,8e8e16d7b7d10172304dc167922b352ab88e75bca590a4202cfa41b2b9ea2794,"{""distance"":7,""physical_error_rate"":0.0002}","{""detection_events"":1453775,""detectors_checked"":1860433920}"
    720896,         5,         0,   120.0,standalone_exact_mw,3f3e41bc6b36ed0cfc2fad9d3557a7870f4e21d551182548e920bf13e0232e34,"{""distance"":7,""physical_error_rate"":0.005}","{""detection_events"":11096145,""detectors_checked"":583925760,""obs_mistake_mask=E"":5}"
    691200,         5,         0,   119.9,standalone_exact_mw,3f3e41bc6b36ed0cfc2fad9d3557a7870f4e21d551182548e920bf13e0232e34,"{""distance"":7,""physical_error_rate"":0.005}","{""detection_events"":10640430,""detectors_checked"":559872000,""obs_mistake_mask=E"":5}"
   1553408,         0,         0,   119.8,standalone_exact_mw,b0cacb7fc707c2734ebeeceefd47b6bd6784bf6b65d0613559eb8dd3ed8bcfbc,"{""distance"":7,""physical_error_rate"":0.0005}","{""detection_events"":2455713,""detectors_checked"":1258260480}"
    916480,         0,         0,   119.8,standalone_exact_mw,20c8daca17953576b13a32f59e5f9cb54485b277119f4e6925e9023b8dd1f351,"{""distance"":7,""physical_error_rate"":0.002}","{""detection_events"":5742302,""detectors_checked"":742348800}"
    916480,         0,         0,   120.0,standalone_exact_mw,20c8daca17953576b13a32f59e5f9cb54485b277119f4e6925e9023b8dd1f351,"{""distance"":7,""physical_error_rate"":0.002}","{""detection_events"":5740506,""detectors_checked"":742348800}"
   1226752,         0,         0,   119.8,standalone_exact_mw,c63d9dbf283cbe8d7d2c9891770aca900c170ab5c3de0408fa399997170cec3d,"{""distance"":7,""physical_error_rate"":0.001}","{""detection_events"":3865576,""detectors_checked"":993669120}"
   1075200,         0,         0,   119.8,standalone_exact_mw,c63d9dbf283cbe8d7d2c9891770aca900c170ab5c3de0408fa399997170cec3d,"{""distance"":7,""physical_error_rate"":0.001}","{""detection_events"":3385320,""detectors_checked"":870912000}"
   1205248,         0,         0,   119.8,standalone_exact_mw,c63d9dbf283cbe8d7d2c9891770aca900c170ab5c3de0408fa399997170cec3d,"{""distance"":7,""physical_error_rate"":0.001}","{""detection_events"":3799449,""detectors_checked"":976250880}"
    817152,         3,         0,   120.0,standalone_exact_mw,3f3e41bc6b36ed0cfc2fad9d3557a7870f4e21d551182548e920bf13e0232e34,"{""distance"":7,""physical_error_rate"":0.005}","{""detection_events"":12584031,""detectors_checked"":661893120,""obs_mistake_mask=E"":3}"
    961536,         0,         0,   119.9,standalone_exact_mw,20c8daca17953576b13a32f59e5f9cb54485b277119f4e6925e9023b8dd1f351,"{""distance"":7,""physical_error_rate"":0.002}","{""detection_events"":6028148,""detectors_checked"":778844160}"
   1728512,         0,         0,   119.8,standalone_exact_mw,b0cacb7fc707c2734ebeeceefd47b6bd6784bf6b65d0613559eb8dd3ed8bcfbc,"{""distance"":7,""physical_error_rate"":0.0005}","{""detection_events"":2730794,""detectors_checked"":1400094720}"
   2513920,         0,         0,   119.7,standalone_exact_mw,8e8e16d7b7d10172304dc167922b352ab88e75bca590a4202cfa41b2b9ea2794,"{""distance"":7,""physical_error_rate"":0.0002}","{""detection_events"":1594949,""detectors_checked"":2036275200}"
   2411520,         0,         0,   119.8,standalone_exact_mw,8e8e16d7b7d10172304dc167922b352ab88e75bca590a4202cfa41b2b9ea2794,"{""distance"":7,""physical_error_rate"":0.0002}","{""detection_events"":1529755,""detectors_checked"":1953331200}"
   2278400,         0,         0,   119.7,standalone_exact_mw,8e8e16d7b7d10172304dc167922b352ab88e75bca590a4202cfa41b2b9ea2794,"{""distance"":7,""physical_error_rate"":0.0002}","{""detection_events"":1444577,""detectors_checked"":1845504000}"
   1608704,         0,         0,   119.8,standalone_exact_mw,c63d9dbf283cbe8d7d2c9891770aca900c170ab5c3de0408fa399997170cec3d,"{""distance"":7,""physical_error_rate"":0.001}","{""detection_events"":5068058,""detectors_checked"":1303050240}"
   3063808,         0,         0,   119.7,standalone_exact_mw,8e8e16d7b7d10172304dc167922b352ab88e75bca590a4202cfa41b2b9ea2794,"{""distance"":7,""physical_error_rate"":0.0002}","{""detection_events"":1943745,""detectors_checked"":2481684480}"
   1162240,         0,         0,   119.9,standalone_exact_mw,c63d9dbf283cbe8d7d2c9891770aca900c170ab5c3de0408fa399997170cec3d,"{""distance"":7,""physical_error_rate"":0.001}","{""detection_events"":3660076,""detectors_checked"":941414400}"
    697344,         3,         0,   119.9,standalone_exact_mw,3f3e41bc6b36ed0cfc2fad9d3557a7870f4e21d551182548e920bf13e0232e34,"{""distance"":7,""physical_error_rate"":0.005}","{""detection_events"":10740138,""detectors_checked"":564848640,""obs_mistake_mask=E"":3}"
   1868800,         0,         0,   119.9,standalone_exact_mw,20c8daca17953576b13a32f59e5f9cb54485b277119f4e6925e9023b8dd1f351,"{""distance"":7,""physical_error_rate"":0.002}","{""detection_events"":11708265,""detectors_checked"":1513728000}"
    959488,         3,         0,   119.9,standalone_exact_mw,3f3e41bc6b36ed0cfc2fad9d3557a7870f4e21d551182548e920bf13e0232e34,"{""distance"":7,""physical_error_rate"":0.005}","{""detection_events"":14761355,""detectors_checked"":777185280,""obs_mistake_mask=E"":3}"
   2512896,         0,         0,   119.8,standalone_exact_mw,8e8e16d7b7d10172304dc167922b352ab88e75bca590a4202cfa41b2b9ea2794,"{""distance"":7,""physical_error_rate"":0.0002}","{""detection_events"":1590921,""detectors_checked"":2035445760}"
    713728,         6,         0,   120.0,standalone_exact_mw,3f3e41bc6b36ed0cfc2fad9d3557a7870f4e21d551182548e920bf13e0232e34,"{""distance"":7,""physical_error_rate"":0.005}","{""detection_events"":10987006,""detectors_checked"":578119680,""obs_mistake_mask=E"":6}"
   3034112,         0,         0,   119.6,standalone_exact_mw,8e8e16d7b7d10172304dc167922b352ab88e75bca590a4202cfa41b2b9ea2794,"{""distance"":7,""physical_error_rate"":0.0002}","{""detection_events"":1920848,""detectors_checked"":2457630720}"
    935936,         2,         0,   120.0,standalone_exact_mw,3f3e41bc6b36ed0cfc2fad9d3557a7870f4e21d551182548e920bf13e0232e34,"{""distance"":7,""physical_error_rate"":0.005}","{""detection_events"":14401664,""detectors_checked"":758108160,""obs_mistake_mask=E"":2}"
    819200,         0,         0,   119.7,standalone_exact_mw,b0cacb7fc707c2734ebeeceefd47b6bd6784bf6b65d0613559eb8dd3ed8bcfbc,"{""distance"":7,""physical_error_rate"":0.0005}","{""detection_events"":1293638,""detectors_checked"":663552000}"
   1019904,         0,         0,   119.9,standalone_exact_mw,c63d9dbf283cbe8d7d2c9891770aca900c170ab5c3de0408fa399997170cec3d,"{""distance"":7,""physical_error_rate"":0.001}","{""detection_events"":3211993,""detectors_checked"":826122240}"
    625664,         2,         0,   120.0,standalone_exact_mw,3f3e41bc6b36ed0cfc2fad9d3557a7870f4e21d551182548e920bf13e0232e34,"{""distance"":7,""physical_error_rate"":0.005}","{""detection_events"":9630815,""detectors_checked"":506787840,""obs_mistake_mask=E"":2}"
   1678336,         0,         0,   119.8,standalone_exact_mw,b0cacb7fc707c2734ebeeceefd47b6bd6784bf6b65d0613559eb8dd3ed8bcfbc,"{""distance"":7,""physical_error_rate"":0.0005}","{""detection_events"":2654230,""detectors_checked"":1359452160}"
   1991680,         0,         0,   119.8,standalone_exact_mw,b0cacb7fc707c2734ebeeceefd47b6bd6784bf6b65d0613559eb8dd3ed8bcfbc,"{""distance"":7,""physical_error_rate"":0.0005}","{""detection_events"":3149395,""detectors_checked"":1613260800}"
   1618944,         0,         0,   119.8,standalone_exact_mw,b0cacb7fc707c2734ebeeceefd47b6bd6784bf6b65d0613559eb8dd3ed8bcfbc,"{""distance"":7,""physical_error_rate"":0.0005}","{""detection_events"":2553018,""detectors_checked"":1311344640}"
    881664,         0,         0,   119.9,standalone_exact_mw,20c8daca17953576b13a32f59e5f9cb54485b277119f4e6925e9023b8dd1f351,"{""distance"":7,""physical_error_rate"":0.002}","{""detection_events"":5526394,""detectors_checked"":714147840}"
   1936384,         0,         0,   119.7,standalone_exact_mw,b0cacb7fc707c2734ebeeceefd47b6bd6784bf6b65d0613559eb8dd3ed8bcfbc,"{""distance"":7,""physical_error_rate"":0.0005}","{""detection_events"":3062107,""detectors_checked"":1568471040}"
    824320,         4,         0,   119.9,standalone_exact_mw,3f3e41bc6b36ed0cfc2fad9d3557a7870f4e21d551182548e920bf13e0232e34,"{""distance"":7,""physical_error_rate"":0.005}","{""detection_events"":12679440,""detectors_checked"":667699200,""obs_mistake_mask=E"":4}"
    848896,         0,         0,   119.9,standalone_exact_mw,20c8daca17953576b13a32f59e5f9cb54485b277119f4e6925e9023b8dd1f351,"{""distance"":7,""physical_error_rate"":0.002}","{""detection_events"":5318107,""detectors_checked"":687605760}"
   2502656,         0,         0,   119.6,standalone_exact_mw,8e8e16d7b7d10172304dc167922b352ab88e75bca590a4202cfa41b2b9ea2794,"{""distance"":7,""physical_error_rate"":0.0002}","{""detection_events"":1582437,""detectors_checked"":2027151360}"
   2553856,         0,         0,   119.8,standalone_exact_mw,8e8e16d7b7d10172304dc167922b352ab88e75bca590a4202cfa41b2b9ea2794,"{""distance"":7,""physical_error_rate"":0.0002}","{""detection_events"":1619146,""detectors_checked"":2068623360}"
   3931845,         0,         0,   105.6,standalone_exact_mw,8e8e16d7b7d10172304dc167922b352ab88e75bca590a4202cfa41b2b9ea2794,"{""distance"":7,""physical_error_rate"":0.0002}","{""detection_events"":2487883,""detectors_checked"":3184794450}"
   1321984,         0,         0,   119.8,standalone_exact_mw,b0cacb7fc707c2734ebeeceefd47b6bd6784bf6b65d0613559eb8dd3ed8bcfbc,"{""distance"":7,""physical_error_rate"":0.0005}","{""detection_events"":2088010,""detectors_checked"":1070807040}"
   1022976,         0,         0,   119.8,standalone_exact_mw,c63d9dbf283cbe8d7d2c9891770aca900c170ab5c3de0408fa399997170cec3d,"{""distance"":7,""physical_error_rate"":0.001}","{""detection_events"":3226692,""detectors_checked"":828610560}"
   1283072,         0,         0,   119.8,standalone_exact_mw,c63d9dbf283cbe8d7d2c9891770aca900c170ab5c3de0408fa399997170cec3d,"{""distance"":7,""physical_error_rate"":0.001}","{""detection_events"":4045536,""detectors_checked"":1039288320}"
   1367040,         0,         0,   119.9,standalone_exact_mw,c63d9dbf283cbe8d7d2c9891770aca900c170ab5c3de0408fa399997170cec3d,"{""distance"":7,""physical_error_rate"":0.001}","{""detection_events"":4309447,""detectors_checked"":1107302400}"
   2301952,         0,         0,   119.9,standalone_exact_mw,c63d9dbf283cbe8d7d2c9891770aca900c170ab5c3de0408fa399997170cec3d,"{""distance"":7,""physical_error_rate"":0.001}","{""detection_events"":7258708,""detectors_checked"":1864581120}"
   1126400,         0,         0,   119.8,standalone_exact_mw,c63d9dbf283cbe8d7d2c9891770aca900c170ab5c3de0408fa399997170cec3d,"{""distance"":7,""physical_error_rate"":0.001}","{""detection_events"":3551554,""detectors_checked"":912384000}"
   2652160,         0,         0,   119.7,standalone_exact_mw,8e8e16d7b7d10172304dc167922b352ab88e75bca590a4202cfa41b2b9ea2794,"{""distance"":7,""physical_error_rate"":0.0002}","{""detection_events"":1681758,""detectors_checked"":2148249600}"
    592896,         0,         0,   119.9,standalone_exact_mw,20c8daca17953576b13a32f59e5f9cb54485b277119f4e6925e9023b8dd1f351,"{""distance"":7,""physical_error_rate"":0.002}","{""detection_events"":3714509,""detectors_checked"":480245760}"
   2755584,         0,         0,   119.8,standalone_exact_mw,8e8e16d7b7d10172304dc167922b352ab88e75bca590a4202cfa41b2b9ea2794,"{""distance"":7,""physical_error_rate"":0.0002}","{""detection_events"":1745250,""detectors_checked"":2232023040}"
   3105792,         0,         0,   119.8,standalone_exact_mw,b0cacb7fc707c2734ebeeceefd47b6bd6784bf6b65d0613559eb8dd3ed8bcfbc,"{""distance"":7,""physical_error_rate"":0.0005}","{""detection_events"":4909126,""detectors_checked"":2515691520}"
   1555456,         0,         0,   119.8,standalone_exact_mw,b0cacb7fc707c2734ebeeceefd47b6bd6784bf6b65d0613559eb8dd3ed8bcfbc,"{""distance"":7,""physical_error_rate"":0.0005}","{""detection_events"":2457158,""detectors_checked"":1259919360}"
   1171456,         0,         0,   119.9,standalone_exact_mw,20c8daca17953576b13a32f59e5f9cb54485b277119f4e6925e9023b8dd1f351,"{""distance"":7,""physical_error_rate"":0.002}","{""detection_events"":7345697,""detectors_checked"":948879360}"
   2041856,         0,         0,   119.9,standalone_exact_mw,b0cacb7fc707c2734ebeeceefd47b6bd6784bf6b65d0613559eb8dd3ed8bcfbc,"{""distance"":7,""physical_error_rate"":0.0005}","{""detection_events"":3228758,""detectors_checked"":1653903360}"
    909312,         4,         0,   119.9,standalone_exact_mw,3f3e41bc6b36ed0cfc2fad9d3557a7870f4e21d551182548e920bf13e0232e34,"{""distance"":7,""physical_error_rate"":0.005}","{""detection_events"":13988897,""detectors_checked"":736542720,""obs_mistake_mask=E"":4}"
   4203520,         0,         0,   119.8,standalone_exact_mw,8e8e16d7b7d10172304dc167922b352ab88e75bca590a4202cfa41b2b9ea2794,"{""distance"":7,""physical_error_rate"":0.0002}","{""detection_events"":2668148,""detectors_checked"":3404851200}"
   1209344,         0,         0,   119.9,standalone_exact_mw,20c8daca17953576b13a32f59e5f9cb54485b277119f4e6925e9023b8dd1f351,"{""distance"":7,""physical_error_rate"":0.002}","{""detection_events"":7579081,""detectors_checked"":979568640}"
   2319360,         0,         0,   119.9,standalone_exact_mw,c63d9dbf283cbe8d7d2c9891770aca900c170ab5c3de0408fa399997170cec3d,"{""distance"":7,""physical_error_rate"":0.001}","{""detection_events"":7306271,""detectors_checked"":1878681600}"
    729088,         3,         0,   120.0,standalone_exact_mw,3f3e41bc6b36ed0cfc2fad9d3557a7870f4e21d551182548e920bf13e0232e34,"{""distance"":7,""physical_error_rate"":0.005}","{""detection_events"":11226589,""detectors_checked"":590561280,""obs_mistake_mask=E"":3}"
   1468416,         0,         0,   119.9,standalone_exact_mw,c63d9dbf283cbe8d7d2c9891770aca900c170ab5c3de0408fa399997170cec3d,"{""distance"":7,""physical_error_rate"":0.001}","{""detection_events"":4630128,""detectors_checked"":1189416960}"
    880640,         1,         0,   120.0,standalone_exact_mw,20c8daca17953576b13a32f59e5f9cb54485b277119f4e6925e9023b8dd1f351,"{""distance"":7,""physical_error_rate"":0.002}","{""detection_events"":5517437,""detectors_checked"":713318400,""obs_mistake_mask=E"":1}"
    917504,         0,         0,   120.0,standalone_exact_mw,3f3e41bc6b36ed0cfc2fad9d3557a7870f4e21d551182548e920bf13e0232e34,"{""distance"":7,""physical_error_rate"":0.005}","{""detection_events"":14126663,""detectors_checked"":743178240}"
    845824,         0,         0,   119.9,standalone_exact_mw,20c8daca17953576b13a32f59e5f9cb54485b277119f4e6925e9023b8dd1f351,"{""distance"":7,""physical_error_rate"":0.002}","{""detection_events"":5302188,""detectors_checked"":685117440}"
    869376,         0,         0,   119.9,standalone_exact_mw,20c8daca17953576b13a32f59e5f9cb54485b277119f4e6925e9023b8dd1f351,"{""distance"":7,""physical_error_rate"":0.002}","{""detection_events"":5450933,""detectors_checked"":704194560}"
   2916352,         0,         0,   119.9,standalone_exact_mw,b0cacb7fc707c2734ebeeceefd47b6bd6784bf6b65d0613559eb8dd3ed8bcfbc,"{""distance"":7,""physical_error_rate"":0.0005}","{""detection_events"":4607141,""detectors_checked"":2362245120}"
   1746944,         0,         0,   120.0,standalone_exact_mw,20c8daca17953576b13a32f59e5f9cb54485b277119f4e6925e9023b8dd1f351,"{""distance"":7,""physical_error_rate"":0.002}","{""detection_events"":10947841,""detectors_checked"":1415024640}"
   1626112,         0,         0,   119.7,standalone_exact_mw,b0cacb7fc707c2734ebeeceefd47b6bd6784bf6b65d0613559eb8dd3ed8bcfbc,"{""distance"":7,""physical_error_rate"":0.0005}","{""detection_events"":2573366,""detectors_checked"":1317150720}"
   2280448,         0,         0,   119.7,standalone_exact_mw,8e8e16d7b7d10172304dc167922b352ab88e75bca590a4202cfa41b2b9ea2794,"{""distance"":7,""physical_error_rate"":0.0002}","{""detection_events"":1442477,""detectors_checked"":1847162880}"
    642048,         2,         0,   120.2,standalone_exact_mw,3f3e41bc6b36ed0cfc2fad9d3557a7870f4e21d551182548e920bf13e0232e34,"{""distance"":7,""physical_error_rate"":0.005}","{""detection_events"":9887433,""detectors_checked"":520058880,""obs_mistake_mask=E"":2}"
    659456,         4,         0,   119.9,standalone_exact_mw,3f3e41bc6b36ed0cfc2fad9d3557a7870f4e21d551182548e920bf13e0232e34,"{""distance"":7,""physical_error_rate"":0.005}","{""detection_events"":10154053,""detectors_checked"":534159360,""obs_mistake_mask=E"":4}"
   1671168,         0,         0,   119.8,standalone_exact_mw,b0cacb7fc707c2734ebeeceefd47b6bd6784bf6b65d0613559eb8dd3ed8bcfbc,"{""distance"":7,""physical_error_rate"":0.0005}","{""detection_events"":2639980,""detectors_checked"":1353646080}"
    955392,         1,         0,   119.8,standalone_exact_mw,20c8daca17953576b13a32f59e5f9cb54485b277119f4e6925e9023b8dd1f351,"{""distance"":7,""physical_error_rate"":0.002}","{""detection_events"":5983085,""detectors_checked"":773867520,""obs_mistake_mask=E"":1}"
    943104,         0,         0,   120.0,standalone_exact_mw,20c8daca17953576b13a32f59e5f9cb54485b277119f4e6925e9023b8dd1f351,"{""distance"":7,""physical_error_rate"":0.002}","{""detection_events"":5909914,""detectors_checked"":763914240}"
   1261568,         0,         0,   119.9,standalone_exact_mw,c63d9dbf283cbe8d7d2c9891770aca900c170ab5c3de0408fa399997170cec3d,"{""distance"":7,""physical_error_rate"":0.001}","{""detection_events"":3972247,""detectors_checked"":1021870080}"
   1098752,         0,         0,   119.9,standalone_exact_mw,c63d9dbf283cbe8d7d2c9891770aca900c170ab5c3de0408fa399997170cec3d,"{""distance"":7,""physical_error_rate"":0.001}","{""detection_events"":3463328,""detectors_checked"":889989120}"
   1250304,         0,         0,   119.9,standalone_exact_mw,c63d9dbf283cbe8d7d2c9891770aca900c170ab5c3de0408fa399997170cec3d,"{""distance"":7,""physical_error_rate"":0.001}","{""detection_events"":3936927,""detectors_checked"":1012746240}"
    862208,         5,         0,   120.0,standalone_exact_mw,3f3e41bc6b36ed0cfc2fad9d3557a7870f4e21d551182548e920bf13e0232e34,"{""distance"":7,""physical_error_rate"":0.005}","{""detection_events"":13274350,""detectors_checked"":698388480,""obs_mistake_mask=E"":5}"
    899072,         0,         0,   119.8,standalone_exact_mw,20c8daca17953576b13a32f59e5f9cb54485b277119f4e6925e9023b8dd1f351,"{""distance"":7,""physical_error_rate"":0.002}","{""detection_events"":5632679,""detectors_checked"":728248320}"
   1516544,         0,         0,   119.8,standalone_exact_mw,b0cacb7fc707c2734ebeeceefd47b6bd6784bf6b65d0613559eb8dd3ed8bcfbc,"{""distance"":7,""physical_error_rate"":0.0005}","{""detection_events"":2397574,""detectors_checked"":1228400640}"
   2578432,         0,         0,   119.7,standalone_exact_mw,8e8e16d7b7d10172304dc167922b352ab88e75bca590a4202cfa41b2b9ea2794,"{""distance"":7,""physical_error_rate"":0.0002}","{""detection_events"":1633588,""detectors_checked"":2088529920}"
   2237440,         0,         0,   119.6,standalone_exact_mw,8e8e16d7b7d10172304dc167922b352ab88e75bca590a4202cfa41b2b9ea2794,"{""distance"":7,""physical_error_rate"":0.0002}","{""detection_events"":1417922,""detectors_checked"":1812326400}"
   2354176,         0,         0,   119.7,standalone_exact_mw,8e8e16d7b7d10172304dc167922b352ab88e75bca590a4202cfa41b2b9ea2794,"{""distance"":7,""physical_error_rate"":0.0002}","{""detection_events"":1489042,""detectors_checked"":1906882560}"
   1622016,         0,         0,   119.9,standalone_exact_mw,c63d9dbf283cbe8d7d2c9891770aca900c170ab5c3de0408fa399997170cec3d,"{""distance"":7,""physical_error_rate"":0.001}","{""detection_events"":5108325,""detectors_checked"":1313832960}"
   2982912,         0,         0,   119.6,standalone_exact_mw,8e8e16d7b7d10172304dc167922b352ab88e75bca590a4202cfa41b2b9ea2794,"{""distance"":7,""physical_error_rate"":0.0002}","{""detection_events"":1889552,""detectors_checked"":2416158720}"
   1178624,         0,         0,   119.9,standalone_exact_mw,c63d9dbf283cbe8d7d2c9891770aca900c170ab5c3de0408fa399997170cec3d,"{""distance"":7,""physical_error_rate"":0.001}","{""detection_events"":3714437,""detectors_checked"":954685440}"
    672768,         5,         0,   120.1,standalone_exact_mw,3f3e41bc6b36ed0cfc2fad9d3557a7870f4e21d551182548e920bf13e0232e34,"{""distance"":7,""physical_error_rate"":0.005}","{""detection_events"":10365791,""detectors_checked"":544942080,""obs_mistake_mask=E"":5}"
   1878016,         0,         0,   119.9,standalone_exact_mw,20c8daca17953576b13a32f59e5f9cb54485b277119f4e6925e9023b8dd1f351,"{""distance"":7,""physical_error_rate"":0.002}","{""detection_events"":11766474,""detectors_checked"":1521192960}"
    973824,         4,         0,   120.0,standalone_exact_mw,3f3e41bc6b36ed0cfc2fad9d3557a7870f4e21d551182548e920bf13e0232e34,"{""distance"":7,""physical_error_rate"":0.005}","{""detection_events"":14982961,""detectors_checked"":788797440,""obs_mistake_mask=E"":4}"
   2563072,         0,         0,   119.7,standalone_exact_mw,8e8e16d7b7d10172304dc167922b352ab88e75bca590a4202cfa41b2b9ea2794,"{""distance"":7,""physical_error_rate"":0.0002}","{""detection_events"":1622082,""detectors_checked"":2076088320}"
    519168,         3,         0,   119.9,standalone_exact_mw,3f3e41bc6b36ed0cfc2fad9d3557a7870f4e21d551182548e920bf13e0232e34,"{""distance"":7,""physical_error_rate"":0.005}","{""detection_events"":7994205,""detectors_checked"":420526080,""obs_mistake_mask=E"":3}"
   2997248,         0,         0,   119.7,standalone_exact_mw,8e8e16d7b7d10172304dc167922b352ab88e75bca590a4202cfa41b2b9ea2794,"{""distance"":7,""physical_error_rate"":0.0002}","{""detection_events"":1895002,""detectors_checked"":2427770880}"
    918528,         6,         0,   120.0,standalone_exact_mw,3f3e41bc6b36ed0cfc2fad9d3557a7870f4e21d551182548e920bf13e0232e34,"{""distance"":7,""physical_error_rate"":0.005}","{""detection_events"":14133661,""detectors_checked"":744007680,""obs_mistake_mask=E"":6}"
    889856,         0,         0,   119.8,standalone_exact_mw,b0cacb7fc707c2734ebeeceefd47b6bd6784bf6b65d0613559eb8dd3ed8bcfbc,"{""distance"":7,""physical_error_rate"":0.0005}","{""detection_events"":1410803,""detectors_checked"":720783360}"
   1048576,         0,         0,   119.9,standalone_exact_mw,c63d9dbf283cbe8d7d2c9891770aca900c170ab5c3de0408fa399997170cec3d,"{""distance"":7,""physical_error_rate"":0.001}","{""detection_events"":3303802,""detectors_checked"":849346560}"
    727040,         2,         0,   120.2,standalone_exact_mw,3f3e41bc6b36ed0cfc2fad9d3557a7870f4e21d551182548e920bf13e0232e34,"{""distance"":7,""physical_error_rate"":0.005}","{""detection_events"":11186951,""detectors_checked"":588902400,""obs_mistake_mask=E"":2}"
   1720320,         0,         0,   119.7,standalone_exact_mw,b0cacb7fc707c2734ebeeceefd47b6bd6784bf6b65d0613559eb8dd3ed8bcfbc,"{""distance"":7,""physical_error_rate"":0.0005}","{""detection_events"":2719617,""detectors_checked"":1393459200}"
   2183168,         0,         0,   119.8,standalone_exact_mw,b0cacb7fc707c2734ebeeceefd47b6bd6784bf6b65d0613559eb8dd3ed8bcfbc,"{""distance"":7,""physical_error_rate"":0.0005}","{""detection_events"":3452503,""detectors_checked"":1768366080}"
   1638400,         0,         0,   119.9,standalone_exact_mw,b0cacb7fc707c2734ebeeceefd47b6bd6784bf6b65d0613559eb8dd3ed8bcfbc,"{""distance"":7,""physical_error_rate"":0.0005}","{""detection_events"":2588558,""detectors_checked"":1327104000}"
    870400,         0,         0,   119.9,standalone_exact_mw,20c8daca17953576b13a32f59e5f9cb54485b277119f4e6925e9023b8dd1f351,"{""distance"":7,""physical_error_rate"":0.002}","{""detection_events"":5456442,""detectors_checked"":705024000}"
   1904640,         0,         0,   119.8,standalone_exact_mw,b0cacb7fc707c2734ebeeceefd47b6bd6784bf6b65d0613559eb8dd3ed8bcfbc,"{""distance"":7,""physical_error_rate"":0.0005}","{""detection_events"":3009897,""detectors_checked"":1542758400}"
    783360,         5,         0,   119.9,standalone_exact_mw,3f3e41bc6b36ed0cfc2fad9d3557a7870f4e21d551182548e920bf13e0232e34,"{""distance"":7,""physical_error_rate"":0.005}","{""detection_events"":12050043,""detectors_checked"":634521600,""obs_mistake_mask=E"":5}"
    517120,         5,         0,    84.7,standalone_exact_mw,3f3e41bc6b36ed0cfc2fad9d3557a7870f4e21d551182548e920bf13e0232e34,"{""distance"":7,""physical_error_rate"":0.005}","{""detection_events"":7959376,""detectors_checked"":418867200,""obs_mistake_mask=E"":5}"
    108544,         1,         0,    16.9,standalone_exact_mw,3f3e41bc6b36ed0cfc2fad9d3557a7870f4e21d551182548e920bf13e0232e34,"{""distance"":7,""physical_error_rate"":0.005}","{""detection_events"":1669458,""detectors_checked"":87920640,""obs_mistake_mask=E"":1}"
    119808,         1,         0,    15.0,standalone_exact_mw,3f3e41bc6b36ed0cfc2fad9d3557a7870f4e21d551182548e920bf13e0232e34,"{""distance"":7,""physical_error_rate"":0.005}","{""detection_events"":1848982,""detectors_checked"":97044480,""obs_mistake_mask=E"":1}"
    676864,         3,         0,    84.0,standalone_exact_mw,3f3e41bc6b36ed0cfc2fad9d3557a7870f4e21d551182548e920bf13e0232e34,"{""distance"":7,""physical_error_rate"":0.005}","{""detection_events"":10417902,""detectors_checked"":548259840,""obs_mistake_mask=E"":3}"
    315392,         0,         0,    49.3,standalone_exact_mw,3f3e41bc6b36ed0cfc2fad9d3557a7870f4e21d551182548e920bf13e0232e34,"{""distance"":7,""physical_error_rate"":0.005}","{""detection_events"":4850883,""detectors_checked"":255467520}"
    380928,         3,         0,    70.4,standalone_exact_mw,3f3e41bc6b36ed0cfc2fad9d3557a7870f4e21d551182548e920bf13e0232e34,"{""distance"":7,""physical_error_rate"":0.005}","{""detection_events"":5859899,""detectors_checked"":308551680,""obs_mistake_mask=E"":3}"
     37888,         0,         0,    8.03,standalone_exact_mw,3f3e41bc6b36ed0cfc2fad9d3557a7870f4e21d551182548e920bf13e0232e34,"{""distance"":7,""physical_error_rate"":0.005}","{""detection_events"":584021,""detectors_checked"":30689280}"
    425984,         2,         0,    76.9,standalone_exact_mw,3f3e41bc6b36ed0cfc2fad9d3557a7870f4e21d551182548e920bf13e0232e34,"{""distance"":7,""physical_error_rate"":0.005}","{""detection_events"":6565308,""detectors_checked"":345047040,""obs_mistake_mask=E"":2}"
    172032,         0,         0,    22.1,standalone_exact_mw,3f3e41bc6b36ed0cfc2fad9d3557a7870f4e21d551182548e920bf13e0232e34,"{""distance"":7,""physical_error_rate"":0.005}","{""detection_events"":2646549,""detectors_checked"":139345920}"
    640000,         6,         0,    89.6,standalone_exact_mw,3f3e41bc6b36ed0cfc2fad9d3557a7870f4e21d551182548e920bf13e0232e34,"{""distance"":7,""physical_error_rate"":0.005}","{""detection_events"":9850502,""detectors_checked"":518400000,""obs_mistake_mask=E"":6}"
    147456,         0,         0,    26.2,standalone_exact_mw,3f3e41bc6b36ed0cfc2fad9d3557a7870f4e21d551182548e920bf13e0232e34,"{""distance"":7,""physical_error_rate"":0.005}","{""detection_events"":2266020,""detectors_checked"":119439360}"
    880640,         0,         0,   119.9,standalone_exact_mw,20c8daca17953576b13a32f59e5f9cb54485b277119f4e6925e9023b8dd1f351,"{""distance"":7,""physical_error_rate"":0.002}","{""detection_events"":5509464,""detectors_checked"":713318400}"
   2638848,         0,         0,   119.7,standalone_exact_mw,8e8e16d7b7d10172304dc167922b352ab88e75bca590a4202cfa41b2b9ea2794,"{""distance"":7,""physical_error_rate"":0.0002}","{""detection_events"":1668814,""detectors_checked"":2137466880}"
   2733056,         0,         0,   119.8,standalone_exact_mw,8e8e16d7b7d10172304dc167922b352ab88e75bca590a4202cfa41b2b9ea2794,"{""distance"":7,""physical_error_rate"":0.0002}","{""detection_events"":1733130,""detectors_checked"":2213775360}"
   4378624,         0,         0,   119.8,standalone_exact_mw,8e8e16d7b7d10172304dc167922b352ab88e75bca590a4202cfa41b2b9ea2794,"{""distance"":7,""physical_error_rate"":0.0002}","{""detection_events"":2775334,""detectors_checked"":3546685440}"
   1390592,         0,         0,   119.8,standalone_exact_mw,b0cacb7fc707c2734ebeeceefd47b6bd6784bf6b65d0613559eb8dd3ed8bcfbc,"{""distance"":7,""physical_error_rate"":0.0005}","{""detection_events"":2195309,""detectors_checked"":1126379520}"
    920576,         0,         0,   119.8,standalone_exact_mw,c63d9dbf283cbe8d7d2c9891770aca900c170ab5c3de0408fa399997170cec3d,"{""distance"":7,""physical_error_rate"":0.001}","{""detection_events"":2902658,""detectors_checked"":745666560}"
   1211392,         0,         0,   119.9,standalone_exact_mw,c63d9dbf283cbe8d7d2c9891770aca900c170ab5c3de0408fa399997170cec3d,"{""distance"":7,""physical_error_rate"":0.001}","{""detection_events"":3816998,""detectors_checked"":981227520}"
   1471488,         1,         0,   119.9,standalone_exact_mw,c63d9dbf283cbe8d7d2c9891770aca900c170ab5c3de0408fa399997170cec3d,"{""distance"":7,""physical_error_rate"":0.001}","{""detection_events"":4637470,""detectors_checked"":1191905280,""obs_mistake_mask=E"":1}"
   2359296,         0,         0,   119.9,standalone_exact_mw,c63d9dbf283cbe8d7d2c9891770aca900c170ab5c3de0408fa399997170cec3d,"{""distance"":7,""physical_error_rate"":0.001}","{""detection_events"":7431949,""detectors_checked"":1911029760}"
    956416,         0,         0,   119.9,standalone_exact_mw,c63d9dbf283cbe8d7d2c9891770aca900c170ab5c3de0408fa399997170cec3d,"{""distance"":7,""physical_error_rate"":0.001}","{""detection_events"":3016342,""detectors_checked"":774696960}"
   2652160,         0,         0,   119.7,standalone_exact_mw,8e8e16d7b7d10172304dc167922b352ab88e75bca590a4202cfa41b2b9ea2794,"{""distance"":7,""physical_error_rate"":0.0002}","{""detection_events"":1680011,""detectors_checked"":2148249600}"
    708608,         0,         0,   119.9,standalone_exact_mw,20c8daca17953576b13a32f59e5f9cb54485b277119f4e6925e9023b8dd1f351,"{""distance"":7,""physical_error_rate"":0.002}","{""detection_events"":4442703,""detectors_checked"":573972480}"
   2711552,         0,         0,   119.9,standalone_exact_mw,8e8e16d7b7d10172304dc167922b352ab88e75bca590a4202cfa41b2b9ea2794,"{""distance"":7,""physical_error_rate"":0.0002}","{""detection_events"":1715643,""detectors_checked"":2196357120}"
   3297280,         0,         0,   119.9,standalone_exact_mw,b0cacb7fc707c2734ebeeceefd47b6bd6784bf6b65d0613559eb8dd3ed8bcfbc,"{""distance"":7,""physical_error_rate"":0.0005}","{""detection_events"":5216079,""detectors_checked"":2670796800}"
   1619968,         0,         0,   119.8,standalone_exact_mw,b0cacb7fc707c2734ebeeceefd47b6bd6784bf6b65d0613559eb8dd3ed8bcfbc,"{""distance"":7,""physical_error_rate"":0.0005}","{""detection_events"":2561161,""detectors_checked"":1312174080}"
   1115136,         0,         0,   120.0,standalone_exact_mw,20c8daca17953576b13a32f59e5f9cb54485b277119f4e6925e9023b8dd1f351,"{""distance"":7,""physical_error_rate"":0.002}","{""detection_events"":6990356,""detectors_checked"":903260160}"
   1917952,         0,         0,   119.7,standalone_exact_mw,b0cacb7fc707c2734ebeeceefd47b6bd6784bf6b65d0613559eb8dd3ed8bcfbc,"{""distance"":7,""physical_error_rate"":0.0005}","{""detection_events"":3028436,""detectors_checked"":1553541120}"
   4419584,         0,         0,   119.8,standalone_exact_mw,8e8e16d7b7d10172304dc167922b352ab88e75bca590a4202cfa41b2b9ea2794,"{""distance"":7,""physical_error_rate"":0.0002}","{""detection_events"":2797517,""detectors_checked"":3579863040}"
   1238016,         0,         0,   120.0,standalone_exact_mw,20c8daca17953576b13a32f59e5f9cb54485b277119f4e6925e9023b8dd1f351,"{""distance"":7,""physical_error_rate"":0.002}","{""detection_events"":7763104,""detectors_checked"":1002792960}"
   2352128,         0,         0,   119.9,standalone_exact_mw,c63d9dbf283cbe8d7d2c9891770aca900c170ab5c3de0408fa399997170cec3d,"{""distance"":7,""physical_error_rate"":0.001}","{""detection_events"":7411530,""detectors_checked"":1905223680}"
    951296,         0,         0,   119.9,standalone_exact_mw,20c8daca17953576b13a32f59e5f9cb54485b277119f4e6925e9023b8dd1f351,"{""distance"":7,""physical_error_rate"":0.002}","{""detection_events"":5962294,""detectors_checked"":770549760}"
   1385472,         0,         0,   119.8,standalone_exact_mw,c63d9dbf283cbe8d7d2c9891770aca900c170ab5c3de0408fa399997170cec3d,"{""distance"":7,""physical_error_rate"":0.001}","{""detection_events"":4367075,""detectors_checked"":1122232320}"
    956416,         0,         0,   119.9,standalone_exact_mw,20c8daca17953576b13a32f59e5f9cb54485b277119f4e6925e9023b8dd1f351,"{""distance"":7,""physical_error_rate"":0.002}","{""detection_events"":5999221,""detectors_checked"":774696960}"
    943104,         0,         0,   120.0,standalone_exact_mw,20c8daca17953576b13a32f59e5f9cb54485b277119f4e6925e9023b8dd1f351,"{""distance"":7,""physical_error_rate"":0.002}","{""detection_events"":5914270,""detectors_checked"":763914240}"
   3064832,         0,         0,   119.9,standalone_exact_mw,b0cacb7fc707c2734ebeeceefd47b6bd6784bf6b65d0613559eb8dd3ed8bcfbc,"{""distance"":7,""physical_error_rate"":0.0005}","{""detection_events"":4845685,""detectors_checked"":2482513920}"
   1747968,         0,         0,   119.9,standalone_exact_mw,20c8daca17953576b13a32f59e5f9cb54485b277119f4e6925e9023b8dd1f351,"{""distance"":7,""physical_error_rate"":0.002}","{""detection_events"":10950738,""detectors_checked"":1415854080}"
   1499136,         0,         0,   119.7,standalone_exact_mw,b0cacb7fc707c2734ebeeceefd47b6bd6784bf6b65d0613559eb8dd3ed8bcfbc,"{""distance"":7,""physical_error_rate"":0.0005}","{""detection_events"":2367993,""detectors_checked"":1214300160}"
   1910784,         0,         0,   119.8,standalone_exact_mw,8e8e16d7b7d10172304dc167922b352ab88e75bca590a4202cfa41b2b9ea2794,"{""distance"":7,""physical_error_rate"":0.0002}","{""detection_events"":1208306,""detectors_checked"":1547735040}"
   1527808,         0,         0,   119.8,standalone_exact_mw,b0cacb7fc707c2734ebeeceefd47b6bd6784bf6b65d0613559eb8dd3ed8bcfbc,"{""distance"":7,""physical_error_rate"":0.0005}","{""detection_events"":2414778,""detectors_checked"":1237524480}"
    912384,         0,         0,   119.9,standalone_exact_mw,20c8daca17953576b13a32f59e5f9cb54485b277119f4e6925e9023b8dd1f351,"{""distance"":7,""physical_error_rate"":0.002}","{""detection_events"":5720021,""detectors_checked"":739031040}"
    696320,         1,         0,   120.0,standalone_exact_mw,20c8daca17953576b13a32f59e5f9cb54485b277119f4e6925e9023b8dd1f351,"{""distance"":7,""physical_error_rate"":0.002}","{""detection_events"":4360400,""detectors_checked"":564019200,""obs_mistake_mask=E"":1}"
   1287168,         0,         0,   119.9,standalone_exact_mw,c63d9dbf283cbe8d7d2c9891770aca900c170ab5c3de0408fa399997170cec3d,"{""distance"":7,""physical_error_rate"":0.001}","{""detection_events"":4055572,""detectors_checked"":1042606080}"
   1115136,         0,         0,   119.9,standalone_exact_mw,c63d9dbf283cbe8d7d2c9891770aca900c170ab5c3de0408fa399997170cec3d,"{""distance"":7,""physical_error_rate"":0.001}","{""detection_events"":3512682,""detectors_checked"":903260160}"
   1253376,         0,         0,   119.8,standalone_exact_mw,c63d9dbf283cbe8d7d2c9891770aca900c170ab5c3de0408fa399997170cec3d,"{""distance"":7,""physical_error_rate"":0.001}","{""detection_events"":3952162,""detectors_checked"":1015234560}"
   2230228,         0,         0,    62.7,standalone_exact_mw,8e8e16d7b7d10172304dc167922b352ab88e75bca590a4202cfa41b2b9ea2794,"{""distance"":7,""physical_error_rate"":0.0002}","{""detection_events"":1408241,""detectors_checked"":1806484680}"
    998400,         0,         0,   119.9,standalone_exact_mw,20c8daca17953576b13a32f59e5f9cb54485b277119f4e6925e9023b8dd1f351,"{""distance"":7,""physical_error_rate"":0.002}","{""detection_events"":6251440,""detectors_checked"":808704000}"
   1767424,         0,         0,   119.9,standalone_exact_mw,b0cacb7fc707c2734ebeeceefd47b6bd6784bf6b65d0613559eb8dd3ed8bcfbc,"{""distance"":7,""physical_error_rate"":0.0005}","{""detection_events"":2795432,""detectors_checked"":1431613440}"
   2514944,         0,         0,   119.7,standalone_exact_mw,8e8e16d7b7d10172304dc167922b352ab88e75bca590a4202cfa41b2b9ea2794,"{""distance"":7,""physical_error_rate"":0.0002}","{""detection_events"":1593498,""detectors_checked"":2037104640}"
   2440192,         0,         0,   119.7,standalone_exact_mw,8e8e16d7b7d10172304dc167922b352ab88e75bca590a4202cfa41b2b9ea2794,"{""distance"":7,""physical_error_rate"":0.0002}","{""detection_events"":1546652,""detectors_checked"":1976555520}"
   2079744,         0,         0,   119.9,standalone_exact_mw,8e8e16d7b7d10172304dc167922b352ab88e75bca590a4202cfa41b2b9ea2794,"{""distance"":7,""physical_error_rate"":0.0002}","{""detection_events"":1315974,""detectors_checked"":1684592640}"
   1635328,         0,         0,   119.9,standalone_exact_mw,c63d9dbf283cbe8d7d2c9891770aca900c170ab5c3de0408fa399997170cec3d,"{""distance"":7,""physical_error_rate"":0.001}","{""detection_events"":5158098,""detectors_checked"":1324615680}"
   3130368,         0,         0,   119.6,standalone_exact_mw,8e8e16d7b7d10172304dc167922b352ab88e75bca590a4202cfa41b2b9ea2794,"{""distance"":7,""physical_error_rate"":0.0002}","{""detection_events"":1983934,""detectors_checked"":2535598080}"
   1257472,         0,         0,   119.8,standalone_exact_mw,c63d9dbf283cbe8d7d2c9891770aca900c170ab5c3de0408fa399997170cec3d,"{""distance"":7,""physical_error_rate"":0.001}","{""detection_events"":3965194,""detectors_checked"":1018552320}"
   1873920,         0,         0,   119.9,standalone_exact_mw,20c8daca17953576b13a32f59e5f9cb54485b277119f4e6925e9023b8dd1f351,"{""distance"":7,""physical_error_rate"":0.002}","{""detection_events"":11737966,""detectors_checked"":1517875200}"
   2598912,         0,         0,   119.7,standalone_exact_mw,8e8e16d7b7d10172304dc167922b352ab88e75bca590a4202cfa41b2b9ea2794,"{""distance"":7,""physical_error_rate"":0.0002}","{""detection_events"":1647560,""detectors_checked"":2105118720}"
   2939904,         0,         0,   119.6,standalone_exact_mw,8e8e16d7b7d10172304dc167922b352ab88e75bca590a4202cfa41b2b9ea2794,"{""distance"":7,""physical_error_rate"":0.0002}","{""detection_events"":1863789,""detectors_checked"":2381322240}"
    829440,         0,         0,   119.6,standalone_exact_mw,b0cacb7fc707c2734ebeeceefd47b6bd6784bf6b65d0613559eb8dd3ed8bcfbc,"{""distance"":7,""physical_error_rate"":0.0005}","{""detection_events"":1308050,""detectors_checked"":671846400}"
   1037312,         0,         0,   119.9,standalone_exact_mw,c63d9dbf283cbe8d7d2c9891770aca900c170ab5c3de0408fa399997170cec3d,"{""distance"":7,""physical_error_rate"":0.001}","{""detection_events"":3274980,""detectors_checked"":840222720}"
   1304576,         0,         0,   119.9,standalone_exact_mw,b0cacb7fc707c2734ebeeceefd47b6bd6784bf6b65d0613559eb8dd3ed8bcfbc,"{""distance"":7,""physical_error_rate"":0.0005}","{""detection_events"":2066233,""detectors_checked"":1056706560}"
   2050048,         0,         0,   119.8,standalone_exact_mw,b0cacb7fc707c2734ebeeceefd47b6bd6784bf6b65d0613559eb8dd3ed8bcfbc,"{""distance"":7,""physical_error_rate"":0.0005}","{""detection_events"":3238873,""detectors_checked"":1660538880}"
   1581056,         0,         0,   119.7,standalone_exact_mw,b0cacb7fc707c2734ebeeceefd47b6bd6784bf6b65d0613559eb8dd3ed8bcfbc,"{""distance"":7,""physical_error_rate"":0.0005}","{""detection_events"":2498467,""detectors_checked"":1280655360}"
    913408,         0,         0,   120.0,standalone_exact_mw,20c8daca17953576b13a32f59e5f9cb54485b277119f4e6925e9023b8dd1f351,"{""distance"":7,""physical_error_rate"":0.002}","{""detection_events"":5727203,""detectors_checked"":739860480}"
   1958912,         0,         0,   119.8,standalone_exact_mw,b0cacb7fc707c2734ebeeceefd47b6bd6784bf6b65d0613559eb8dd3ed8bcfbc,"{""distance"":7,""physical_error_rate"":0.0005}","{""detection_events"":3095050,""detectors_checked"":1586718720}"
    954368,         0,         0,   119.9,standalone_exact_mw,20c8daca17953576b13a32f59e5f9cb54485b277119f4e6925e9023b8dd1f351,"{""distance"":7,""physical_error_rate"":0.002}","{""detection_events"":5977971,""detectors_checked"":773038080}"
   2678784,         0,         0,   119.8,standalone_exact_mw,8e8e16d7b7d10172304dc167922b352ab88e75bca590a4202cfa41b2b9ea2794,"{""distance"":7,""physical_error_rate"":0.0002}","{""detection_events"":1695531,""detectors_checked"":2169815040}"
   2699264,         0,         0,   119.7,standalone_exact_mw,8e8e16d7b7d10172304dc167922b352ab88e75bca590a4202cfa41b2b9ea2794,"{""distance"":7,""physical_error_rate"":0.0002}","{""detection_events"":1712660,""detectors_checked"":2186403840}"
   1422336,         0,         0,   119.8,standalone_exact_mw,b0cacb7fc707c2734ebeeceefd47b6bd6784bf6b65d0613559eb8dd3ed8bcfbc,"{""distance"":7,""physical_error_rate"":0.0005}","{""detection_events"":2249877,""detectors_checked"":1152092160}"
   1227776,         0,         0,   119.9,standalone_exact_mw,c63d9dbf283cbe8d7d2c9891770aca900c170ab5c3de0408fa399997170cec3d,"{""distance"":7,""physical_error_rate"":0.001}","{""detection_events"":3869047,""detectors_checked"":994498560}"
   1214464,         0,         0,   119.8,standalone_exact_mw,c63d9dbf283cbe8d7d2c9891770aca900c170ab5c3de0408fa399997170cec3d,"{""distance"":7,""physical_error_rate"":0.001}","{""detection_events"":3826031,""detectors_checked"":983715840}"
   1417216,         0,         0,   119.9,standalone_exact_mw,c63d9dbf283cbe8d7d2c9891770aca900c170ab5c3de0408fa399997170cec3d,"{""distance"":7,""physical_error_rate"":0.001}","{""detection_events"":4465316,""detectors_checked"":1147944960}"
   2247680,         0,         0,   119.9,standalone_exact_mw,c63d9dbf283cbe8d7d2c9891770aca900c170ab5c3de0408fa399997170cec3d,"{""distance"":7,""physical_error_rate"":0.001}","{""detection_events"":7081037,""detectors_checked"":1820620800}"
   1267712,         0,         0,   119.9,standalone_exact_mw,c63d9dbf283cbe8d7d2c9891770aca900c170ab5c3de0408fa399997170cec3d,"{""distance"":7,""physical_error_rate"":0.001}","{""detection_events"":3997773,""detectors_checked"":1026846720}"
   2682880,         0,         0,   119.7,standalone_exact_mw,8e8e16d7b7d10172304dc167922b352ab88e75bca590a4202cfa41b2b9ea2794,"{""distance"":7,""physical_error_rate"":0.0002}","{""detection_events"":1699653,""detectors_checked"":2173132800}"
    971776,         0,         0,   119.8,standalone_exact_mw,20c8daca17953576b13a32f59e5f9cb54485b277119f4e6925e9023b8dd1f351,"{""distance"":7,""physical_error_rate"":0.002}","{""detection_events"":6089766,""detectors_checked"":787138560}"
   3020800,         0,         0,   119.8,standalone_exact_mw,8e8e16d7b7d10172304dc167922b352ab88e75bca590a4202cfa41b2b9ea2794,"{""distance"":7,""physical_error_rate"":0.0002}","{""detection_events"":1915188,""detectors_checked"":2446848000}"
   2964480,         0,         0,   119.8,standalone_exact_mw,b0cacb7fc707c2734ebeeceefd47b6bd6784bf6b65d0613559eb8dd3ed8bcfbc,"{""distance"":7,""physical_error_rate"":0.0005}","{""detection_events"":4682610,""detectors_checked"":2401228800}"
   1719296,         0,         0,   119.7,standalone_exact_mw,b0cacb7fc707c2734ebeeceefd47b6bd6784bf6b65d0613559eb8dd3ed8bcfbc,"{""distance"":7,""physical_error_rate"":0.0005}","{""detection_events"":2722388,""detectors_checked"":1392629760}"
   1144832,         0,         0,   120.0,standalone_exact_mw,20c8daca17953576b13a32f59e5f9cb54485b277119f4e6925e9023b8dd1f351,"{""distance"":7,""physical_error_rate"":0.002}","{""detection_events"":7172527,""detectors_checked"":927313920}"
   2083840,         0,         0,   119.8,standalone_exact_mw,b0cacb7fc707c2734ebeeceefd47b6bd6784bf6b65d0613559eb8dd3ed8bcfbc,"{""distance"":7,""physical_error_rate"":0.0005}","{""detection_events"":3291078,""detectors_checked"":1687910400}"
   4369408,         0,         0,   119.8,standalone_exact_mw,8e8e16d7b7d10172304dc167922b352ab88e75bca590a4202cfa41b2b9ea2794,"{""distance"":7,""physical_error_rate"":0.0002}","{""detection_events"":2767435,""detectors_checked"":3539220480}"
   1317888,         1,         0,   119.9,standalone_exact_mw,20c8daca17953576b13a32f59e5f9cb54485b277119f4e6925e9023b8dd1f351,"{""distance"":7,""physical_error_rate"":0.002}","{""detection_events"":8255193,""detectors_checked"":1067489280,""obs_mistake_mask=E"":1}"
   2350080,         0,         0,   119.9,standalone_exact_mw,c63d9dbf283cbe8d7d2c9891770aca900c170ab5c3de0408fa399997170cec3d,"{""distance"":7,""physical_error_rate"":0.001}","{""detection_events"":7411761,""detectors_checked"":1903564800}"
    943104,         0,         0,   120.0,standalone_exact_mw,20c8daca17953576b13a32f59e5f9cb54485b277119f4e6925e9023b8dd1f351,"{""distance"":7,""physical_error_rate"":0.002}","{""detection_events"":5911648,""detectors_checked"":763914240}"
   1447936,         0,         0,   119.9,standalone_exact_mw,c63d9dbf283cbe8d7d2c9891770aca900c170ab5c3de0408fa399997170cec3d,"{""distance"":7,""physical_error_rate"":0.001}","{""detection_events"":4563131,""detectors_checked"":1172828160}"
    927744,         0,         0,   119.9,standalone_exact_mw,20c8daca17953576b13a32f59e5f9cb54485b277119f4e6925e9023b8dd1f351,"{""distance"":7,""physical_error_rate"":0.002}","{""detection_events"":5810086,""detectors_checked"":751472640}"
    976896,         0,         0,   120.0,standalone_exact_mw,20c8daca17953576b13a32f59e5f9cb54485b277119f4e6925e9023b8dd1f351,"{""distance"":7,""physical_error_rate"":0.002}","{""detection_events"":6120672,""detectors_checked"":791285760}"
   2923520,         0,         0,   119.8,standalone_exact_mw,b0cacb7fc707c2734ebeeceefd47b6bd6784bf6b65d0613559eb8dd3ed8bcfbc,"{""distance"":7,""physical_error_rate"":0.0005}","{""detection_events"":4622443,""detectors_checked"":2368051200}"
   1730560,         0,         0,   119.9,standalone_exact_mw,20c8daca17953576b13a32f59e5f9cb54485b277119f4e6925e9023b8dd1f351,"{""distance"":7,""physical_error_rate"":0.002}","{""detection_events"":10842045,""detectors_checked"":1401753600}"
   1642496,         0,         0,   119.7,standalone_exact_mw,b0cacb7fc707c2734ebeeceefd47b6bd6784bf6b65d0613559eb8dd3ed8bcfbc,"{""distance"":7,""physical_error_rate"":0.0005}","{""detection_events"":2596758,""detectors_checked"":1330421760}"
   1773568,         0,         0,   119.7,standalone_exact_mw,8e8e16d7b7d10172304dc167922b352ab88e75bca590a4202cfa41b2b9ea2794,"{""distance"":7,""physical_error_rate"":0.0002}","{""detection_events"":1124944,""detectors_checked"":1436590080}"
       273,         0,         0,   0.012,standalone_exact_mw,8e8e16d7b7d10172304dc167922b352ab88e75bca590a4202cfa41b2b9ea2794,"{""distance"":7,""physical_error_rate"":0.0002}","{""detection_events"":154,""detectors_checked"":221130}"
      1024,         0,         0,   0.026,standalone_exact_mw,8e8e16d7b7d10172304dc167922b352ab88e75bca590a4202cfa41b2b9ea2794,"{""distance"":7,""physical_error_rate"":0.0002}","{""detection_events"":630,""detectors_checked"":829440}"
      1024,         0,         0,   0.025,standalone_exact_mw,8e8e16d7b7d10172304dc167922b352ab88e75bca590a4202cfa41b2b9ea2794,"{""distance"":7,""physical_error_rate"":0.0002}","{""detection_events"":603,""detectors_checked"":829440}"
      2048,         0,         0,   0.051,standalone_exact_mw,8e8e16d7b7d10172304dc167922b352ab88e75bca590a4202cfa41b2b9ea2794,"{""distance"":7,""physical_error_rate"":0.0002}","{""detection_events"":1291,""detectors_checked"":1658880}"
      2048,         0,         0,   0.064,standalone_exact_mw,8e8e16d7b7d10172304dc167922b352ab88e75bca590a4202cfa41b2b9ea2794,"{""distance"":7,""physical_error_rate"":0.0002}","{""detection_events"":1324,""detectors_checked"":1658880}"
      2048,         0,         0,   0.103,standalone_exact_mw,8e8e16d7b7d10172304dc167922b352ab88e75bca590a4202cfa41b2b9ea2794,"{""distance"":7,""physical_error_rate"":0.0002}","{""detection_events"":1327,""detectors_checked"":1658880}"
      2048,         0,         0,   0.103,standalone_exact_mw,8e8e16d7b7d10172304dc167922b352ab88e75bca590a4202cfa41b2b9ea2794,"{""distance"":7,""physical_error_rate"":0.0002}","{""detection_events"":1344,""detectors_checked"":1658880}"
      3072,         0,         0,   0.156,standalone_exact_mw,8e8e16d7b7d10172304dc167922b352ab88e75bca590a4202cfa41b2b9ea2794,"{""distance"":7,""physical_error_rate"":0.0002}","{""detection_events"":2107,""detectors_checked"":2488320}"
      3072,         0,         0,   0.155,standalone_exact_mw,8e8e16d7b7d10172304dc167922b352ab88e75bca590a4202cfa41b2b9ea2794,"{""distance"":7,""physical_error_rate"":0.0002}","{""detection_events"":1920,""detectors_checked"":2488320}"
         1,         0,         0,   0.003,standalone_exact_mw,20c8daca17953576b13a32f59e5f9cb54485b277119f4e6925e9023b8dd1f351,"{""distance"":7,""physical_error_rate"":0.002}","{""detection_events"":3,""detectors_checked"":810}"
       272,         0,         0,   0.033,standalone_exact_mw,20c8daca17953576b13a32f59e5f9cb54485b277119f4e6925e9023b8dd1f351,"{""distance"":7,""physical_error_rate"":0.002}","{""detection_events"":1737,""detectors_checked"":220320}"
      4096,         0,         0,   0.194,standalone_exact_mw,8e8e16d7b7d10172304dc167922b352ab88e75bca590a4202cfa41b2b9ea2794,"{""distance"":7,""physical_error_rate"":0.0002}","{""detection_events"":2675,""detectors_checked"":3317760}"
      1024,         0,         0,   0.130,standalone_exact_mw,20c8daca17953576b13a32f59e5f9cb54485b277119f4e6925e9023b8dd1f351,"{""distance"":7,""physical_error_rate"":0.002}","{""detection_events"":6467,""detectors_checked"":829440}"
      1024,         0,         0,   0.133,standalone_exact_mw,20c8daca17953576b13a32f59e5f9cb54485b277119f4e6925e9023b8dd1f351,"{""distance"":7,""physical_error_rate"":0.002}","{""detection_events"":6412,""detectors_checked"":829440}"
      6144,         0,         0,   0.296,standalone_exact_mw,8e8e16d7b7d10172304dc167922b352ab88e75bca590a4202cfa41b2b9ea2794,"{""distance"":7,""physical_error_rate"":0.0002}","{""detection_events"":3922,""detectors_checked"":4976640}"
      1024,         0,         0,   0.131,standalone_exact_mw,20c8daca17953576b13a32f59e5f9cb54485b277119f4e6925e9023b8dd1f351,"{""distance"":7,""physical_error_rate"":0.002}","{""detection_events"":6428,""detectors_checked"":829440}"
      1024,         0,         0,   0.130,standalone_exact_mw,20c8daca17953576b13a32f59e5f9cb54485b277119f4e6925e9023b8dd1f351,"{""distance"":7,""physical_error_rate"":0.002}","{""detection_events"":6472,""detectors_checked"":829440}"
      1024,         0,         0,   0.116,standalone_exact_mw,20c8daca17953576b13a32f59e5f9cb54485b277119f4e6925e9023b8dd1f351,"{""distance"":7,""physical_error_rate"":0.002}","{""detection_events"":6451,""detectors_checked"":829440}"
      8192,         0,         0,   0.413,standalone_exact_mw,8e8e16d7b7d10172304dc167922b352ab88e75bca590a4202cfa41b2b9ea2794,"{""distance"":7,""physical_error_rate"":0.0002}","{""detection_events"":5183,""detectors_checked"":6635520}"
      1024,         0,         0,   0.130,standalone_exact_mw,20c8daca17953576b13a32f59e5f9cb54485b277119f4e6925e9023b8dd1f351,"{""distance"":7,""physical_error_rate"":0.002}","{""detection_events"":6609,""detectors_checked"":829440}"
      2048,         0,         0,   0.259,standalone_exact_mw,20c8daca17953576b13a32f59e5f9cb54485b277119f4e6925e9023b8dd1f351,"{""distance"":7,""physical_error_rate"":0.002}","{""detection_events"":12949,""detectors_checked"":1658880}"
      2048,         0,         0,   0.260,standalone_exact_mw,20c8daca17953576b13a32f59e5f9cb54485b277119f4e6925e9023b8dd1f351,"{""distance"":7,""physical_error_rate"":0.002}","{""detection_events"":12815,""detectors_checked"":1658880}"
     11264,         0,         0,   0.573,standalone_exact_mw,8e8e16d7b7d10172304dc167922b352ab88e75bca590a4202cfa41b2b9ea2794,"{""distance"":7,""physical_error_rate"":0.0002}","{""detection_events"":7093,""detectors_checked"":9123840}"
       273,         0,         0,   0.016,standalone_exact_mw,b0cacb7fc707c2734ebeeceefd47b6bd6784bf6b65d0613559eb8dd3ed8bcfbc,"{""distance"":7,""physical_error_rate"":0.0005}","{""detection_events"":488,""detectors_checked"":221130}"
      1024,         0,         0,   0.036,standalone_exact_mw,b0cacb7fc707c2734ebeeceefd47b6bd6784bf6b65d0613559eb8dd3ed8bcfbc,"{""distance"":7,""physical_error_rate"":0.0005}","{""detection_events"":1642,""detectors_checked"":829440}"
      1024,         0,         0,   0.057,standalone_exact_mw,b0cacb7fc707c2734ebeeceefd47b6bd6784bf6b65d0613559eb8dd3ed8bcfbc,"{""distance"":7,""physical_error_rate"":0.0005}","{""detection_events"":1624,""detectors_checked"":829440}"
      3072,         0,         0,   0.375,standalone_exact_mw,20c8daca17953576b13a32f59e5f9cb54485b277119f4e6925e9023b8dd1f351,"{""distance"":7,""physical_error_rate"":0.002}","{""detection_events"":19330,""detectors_checked"":2488320}"
      1024,         0,         0,   0.061,standalone_exact_mw,b0cacb7fc707c2734ebeeceefd47b6bd6784bf6b65d0613559eb8dd3ed8bcfbc,"{""distance"":7,""physical_error_rate"":0.0005}","{""detection_events"":1546,""detectors_checked"":829440}"
      1024,         0,         0,   0.063,standalone_exact_mw,b0cacb7fc707c2734ebeeceefd47b6bd6784bf6b65d0613559eb8dd3ed8bcfbc,"{""distance"":7,""physical_error_rate"":0.0005}","{""detection_events"":1679,""detectors_checked"":829440}"
      1024,         0,         0,   0.075,standalone_exact_mw,b0cacb7fc707c2734ebeeceefd47b6bd6784bf6b65d0613559eb8dd3ed8bcfbc,"{""distance"":7,""physical_error_rate"":0.0005}","{""detection_events"":1615,""detectors_checked"":829440}"
      2048,         0,         0,   0.151,standalone_exact_mw,b0cacb7fc707c2734ebeeceefd47b6bd6784bf6b65d0613559eb8dd3ed8bcfbc,"{""distance"":7,""physical_error_rate"":0.0005}","{""detection_events"":3263,""detectors_checked"":1658880}"
     26624,         0,         0,   0.814,standalone_exact_mw,8e8e16d7b7d10172304dc167922b352ab88e75bca590a4202cfa41b2b9ea2794,"{""distance"":7,""physical_error_rate"":0.0002}","{""detection_events"":17039,""detectors_checked"":21565440}"
      5120,         0,         0,   0.483,standalone_exact_mw,20c8daca17953576b13a32f59e5f9cb54485b277119f4e6925e9023b8dd1f351,"{""distance"":7,""physical_error_rate"":0.002}","{""detection_events"":32199,""detectors_checked"":4147200}"
      2048,         0,         0,   0.139,standalone_exact_mw,b0cacb7fc707c2734ebeeceefd47b6bd6784bf6b65d0613559eb8dd3ed8bcfbc,"{""distance"":7,""physical_error_rate"":0.0005}","{""detection_events"":3115,""detectors_checked"":1658880}"
      2048,         0,         0,   0.150,standalone_exact_mw,b0cacb7fc707c2734ebeeceefd47b6bd6784bf6b65d0613559eb8dd3ed8bcfbc,"{""distance"":7,""physical_error_rate"":0.0005}","{""detection_events"":3213,""detectors_checked"":1658880}"
      3072,         0,         0,   0.215,standalone_exact_mw,b0cacb7fc707c2734ebeeceefd47b6bd6784bf6b65d0613559eb8dd3ed8bcfbc,"{""distance"":7,""physical_error_rate"":0.0005}","{""detection_events"":5154,""detectors_checked"":2488320}"
      9216,         0,         0,   0.581,standalone_exact_mw,20c8daca17953576b13a32f59e5f9cb54485b277119f4e6925e9023b8dd1f351,"{""distance"":7,""physical_error_rate"":0.002}","{""detection_events"":57539,""detectors_checked"":7464960}"
      4096,         0,         0,   0.285,standalone_exact_mw,b0cacb7fc707c2734ebeeceefd47b6bd6784bf6b65d0613559eb8dd3ed8bcfbc,"{""distance"":7,""physical_error_rate"":0.0005}","{""detection_events"":6311,""detectors_checked"":3317760}"
      7168,         0,         0,   0.434,standalone_exact_mw,b0cacb7fc707c2734ebeeceefd47b6bd6784bf6b65d0613559eb8dd3ed8bcfbc,"{""distance"":7,""physical_error_rate"":0.0005}","{""detection_events"":11444,""detectors_checked"":5806080}"
     31744,         0,         0,    1.13,standalone_exact_mw,8e8e16d7b7d10172304dc167922b352ab88e75bca590a4202cfa41b2b9ea2794,"{""distance"":7,""physical_error_rate"":0.0002}","{""detection_events"":19958,""detectors_checked"":25712640}"
      7168,         0,         0,   0.828,standalone_exact_mw,20c8daca17953576b13a32f59e5f9cb54485b277119f4e6925e9023b8dd1f351,"{""distance"":7,""physical_error_rate"":0.002}","{""detection_events"":44901,""detectors_checked"":5806080}"
     16384,         0,         0,   0.637,standalone_exact_mw,b0cacb7fc707c2734ebeeceefd47b6bd6784bf6b65d0613559eb8dd3ed8bcfbc,"{""distance"":7,""physical_error_rate"":0.0005}","{""detection_events"":25961,""detectors_checked"":13271040}"
     12288,         0,         0,   0.847,standalone_exact_mw,b0cacb7fc707c2734ebeeceefd47b6bd6784bf6b65d0613559eb8dd3ed8bcfbc,"{""distance"":7,""physical_error_rate"":0.0005}","{""detection_events"":18889,""detectors_checked"":9953280}"
      9216,         0,         0,    1.19,standalone_exact_mw,20c8daca17953576b13a32f59e5f9cb54485b277119f4e6925e9023b8dd1f351,"{""distance"":7,""physical_error_rate"":0.002}","{""detection_events"":57615,""detectors_checked"":7464960}"
     45056,         0,         0,    1.56,standalone_exact_mw,8e8e16d7b7d10172304dc167922b352ab88e75bca590a4202cfa41b2b9ea2794,"{""distance"":7,""physical_error_rate"":0.0002}","{""detection_events"":28872,""detectors_checked"":36495360}"
     16384,         0,         0,    1.15,standalone_exact_mw,b0cacb7fc707c2734ebeeceefd47b6bd6784bf6b65d0613559eb8dd3ed8bcfbc,"{""distance"":7,""physical_error_rate"":0.0005}","{""detection_events"":25497,""detectors_checked"":13271040}"
     13312,         0,         0,    1.67,standalone_exact_mw,20c8daca17953576b13a32f59e5f9cb54485b277119f4e6925e9023b8dd1f351,"{""distance"":7,""physical_error_rate"":0.002}","{""detection_events"":83356,""detectors_checked"":10782720}"
     44032,         0,         0,    2.20,standalone_exact_mw,8e8e16d7b7d10172304dc167922b352ab88e75bca590a4202cfa41b2b9ea2794,"{""distance"":7,""physical_error_rate"":0.0002}","{""detection_events"":28160,""detectors_checked"":35665920}"
     22528,         0,         0,    1.59,standalone_exact_mw,b0cacb7fc707c2734ebeeceefd47b6bd6784bf6b65d0613559eb8dd3ed8bcfbc,"{""distance"":7,""physical_error_rate"":0.0005}","{""detection_events"":35591,""detectors_checked"":18247680}"
   1998806,         0,         0,    81.8,standalone_exact_mw,8e8e16d7b7d10172304dc167922b352ab88e75bca590a4202cfa41b2b9ea2794,"{""distance"":7,""physical_error_rate"":0.0002}","{""detection_events"":1263747,""detectors_checked"":1619032860}"
   3254272,         0,         0,    99.4,standalone_exact_mw,8e8e16d7b7d10172304dc167922b352ab88e75bca590a4202cfa41b2b9ea2794,"{""distance"":7,""physical_error_rate"":0.0002}","{""detection_events"":2062906,""detectors_checked"":2635960320}"
     19456,         0,         0,    2.28,standalone_exact_mw,20c8daca17953576b13a32f59e5f9cb54485b277119f4e6925e9023b8dd1f351,"{""distance"":7,""physical_error_rate"":0.002}","{""detection_events"":121419,""detectors_checked"":15759360}"
   1509376,         0,         0,   119.7,standalone_exact_mw,b0cacb7fc707c2734ebeeceefd47b6bd6784bf6b65d0613559eb8dd3ed8bcfbc,"{""distance"":7,""physical_error_rate"":0.0005}","{""detection_events"":2387884,""detectors_checked"":1222594560}"
    923648,         1,         0,   119.9,standalone_exact_mw,20c8daca17953576b13a32f59e5f9cb54485b277119f4e6925e9023b8dd1f351,"{""distance"":7,""physical_error_rate"":0.002}","{""detection_events"":5789703,""detectors_checked"":748154880,""obs_mistake_mask=E"":1}"
     41984,         0,         0,    2.19,standalone_exact_mw,b0cacb7fc707c2734ebeeceefd47b6bd6784bf6b65d0613559eb8dd3ed8bcfbc,"{""distance"":7,""physical_error_rate"":0.0005}","{""detection_events"":66760,""detectors_checked"":34007040}"
     69632,         0,         0,    3.09,standalone_exact_mw,8e8e16d7b7d10172304dc167922b352ab88e75bca590a4202cfa41b2b9ea2794,"{""distance"":7,""physical_error_rate"":0.0002}","{""detection_events"":43946,""detectors_checked"":56401920}"
     29696,         0,         0,    3.05,standalone_exact_mw,20c8daca17953576b13a32f59e5f9cb54485b277119f4e6925e9023b8dd1f351,"{""distance"":7,""physical_error_rate"":0.002}","{""detection_events"":186520,""detectors_checked"":24053760}"
     54272,         0,         0,    3.07,standalone_exact_mw,b0cacb7fc707c2734ebeeceefd47b6bd6784bf6b65d0613559eb8dd3ed8bcfbc,"{""distance"":7,""physical_error_rate"":0.0005}","{""detection_events"":85785,""detectors_checked"":43960320}"
    926720,         0,         0,   119.8,standalone_exact_mw,20c8daca17953576b13a32f59e5f9cb54485b277119f4e6925e9023b8dd1f351,"{""distance"":7,""physical_error_rate"":0.002}","{""detection_events"":5803127,""detectors_checked"":750643200}"
     96256,         0,         0,    4.26,standalone_exact_mw,8e8e16d7b7d10172304dc167922b352ab88e75bca590a4202cfa41b2b9ea2794,"{""distance"":7,""physical_error_rate"":0.0002}","{""detection_events"":60636,""detectors_checked"":77967360}"
   1291220,         0,         0,    55.0,standalone_exact_mw,8e8e16d7b7d10172304dc167922b352ab88e75bca590a4202cfa41b2b9ea2794,"{""distance"":7,""physical_error_rate"":0.0002}","{""detection_events"":820449,""detectors_checked"":1045888200}"
     40960,         0,         0,    4.26,standalone_exact_mw,20c8daca17953576b13a32f59e5f9cb54485b277119f4e6925e9023b8dd1f351,"{""distance"":7,""physical_error_rate"":0.002}","{""detection_events"":255840,""detectors_checked"":33177600}"
     84992,         0,         0,    4.28,standalone_exact_mw,b0cacb7fc707c2734ebeeceefd47b6bd6784bf6b65d0613559eb8dd3ed8bcfbc,"{""distance"":7,""physical_error_rate"":0.0005}","{""detection_events"":134781,""detectors_checked"":68843520}"
       273,         0,         0,   0.012,standalone_exact_mw,8e8e16d7b7d10172304dc167922b352ab88e75bca590a4202cfa41b2b9ea2794,"{""distance"":7,""physical_error_rate"":0.0002}","{""detection_events"":182,""detectors_checked"":221130}"
      1024,         0,         0,   0.025,standalone_exact_mw,8e8e16d7b7d10172304dc167922b352ab88e75bca590a4202cfa41b2b9ea2794,"{""distance"":7,""physical_error_rate"":0.0002}","{""detection_events"":633,""detectors_checked"":829440}"
      1024,         0,         0,   0.025,standalone_exact_mw,8e8e16d7b7d10172304dc167922b352ab88e75bca590a4202cfa41b2b9ea2794,"{""distance"":7,""physical_error_rate"":0.0002}","{""detection_events"":691,""detectors_checked"":829440}"
      2048,         0,         0,   0.050,standalone_exact_mw,8e8e16d7b7d10172304dc167922b352ab88e75bca590a4202cfa41b2b9ea2794,"{""distance"":7,""physical_error_rate"":0.0002}","{""detection_events"":1326,""detectors_checked"":1658880}"
      2048,         0,         0,   0.050,standalone_exact_mw,8e8e16d7b7d10172304dc167922b352ab88e75bca590a4202cfa41b2b9ea2794,"{""distance"":7,""physical_error_rate"":0.0002}","{""detection_events"":1310,""detectors_checked"":1658880}"
      3072,         0,         0,   0.074,standalone_exact_mw,8e8e16d7b7d10172304dc167922b352ab88e75bca590a4202cfa41b2b9ea2794,"{""distance"":7,""physical_error_rate"":0.0002}","{""detection_events"":1953,""detectors_checked"":2488320}"
      4096,         0,         0,   0.099,standalone_exact_mw,8e8e16d7b7d10172304dc167922b352ab88e75bca590a4202cfa41b2b9ea2794,"{""distance"":7,""physical_error_rate"":0.0002}","{""detection_events"":2456,""detectors_checked"":3317760}"
      5120,         0,         0,   0.126,standalone_exact_mw,8e8e16d7b7d10172304dc167922b352ab88e75bca590a4202cfa41b2b9ea2794,"{""distance"":7,""physical_error_rate"":0.0002}","{""detection_events"":3348,""detectors_checked"":4147200}"
      6144,         0,         0,   0.150,standalone_exact_mw,8e8e16d7b7d10172304dc167922b352ab88e75bca590a4202cfa41b2b9ea2794,"{""distance"":7,""physical_error_rate"":0.0002}","{""detection_events"":3954,""detectors_checked"":4976640}"
      6144,         0,         0,   0.228,standalone_exact_mw,8e8e16d7b7d10172304dc167922b352ab88e75bca590a4202cfa41b2b9ea2794,"{""distance"":7,""physical_error_rate"":0.0002}","{""detection_events"":3904,""detectors_checked"":4976640}"
     12288,         0,         0,   0.310,standalone_exact_mw,8e8e16d7b7d10172304dc167922b352ab88e75bca590a4202cfa41b2b9ea2794,"{""distance"":7,""physical_error_rate"":0.0002}","{""detection_events"":7590,""detectors_checked"":9953280}"
      9216,         0,         0,   0.406,standalone_exact_mw,8e8e16d7b7d10172304dc167922b352ab88e75bca590a4202cfa41b2b9ea2794,"{""distance"":7,""physical_error_rate"":0.0002}","{""detection_events"":5955,""detectors_checked"":7464960}"
       273,         0,         0,   0.031,standalone_exact_mw,c63d9dbf283cbe8d7d2c9891770aca900c170ab5c3de0408fa399997170cec3d,"{""distance"":7,""physical_error_rate"":0.001}","{""detection_events"":835,""detectors_checked"":221130}"
      1024,         0,         0,   0.086,standalone_exact_mw,c63d9dbf283cbe8d7d2c9891770aca900c170ab5c3de0408fa399997170cec3d,"{""distance"":7,""physical_error_rate"":0.001}","{""detection_events"":3205,""detectors_checked"":829440}"
      1024,         0,         0,   0.085,standalone_exact_mw,c63d9dbf283cbe8d7d2c9891770aca900c170ab5c3de0408fa399997170cec3d,"{""distance"":7,""physical_error_rate"":0.001}","{""detection_events"":3104,""detectors_checked"":829440}"
      1024,         0,         0,   0.098,standalone_exact_mw,c63d9dbf283cbe8d7d2c9891770aca900c170ab5c3de0408fa399997170cec3d,"{""distance"":7,""physical_error_rate"":0.001}","{""detection_events"":3104,""detectors_checked"":829440}"
      1024,         0,         0,   0.086,standalone_exact_mw,c63d9dbf283cbe8d7d2c9891770aca900c170ab5c3de0408fa399997170cec3d,"{""distance"":7,""physical_error_rate"":0.001}","{""detection_events"":3127,""detectors_checked"":829440}"
     12288,         0,         0,   0.602,standalone_exact_mw,8e8e16d7b7d10172304dc167922b352ab88e75bca590a4202cfa41b2b9ea2794,"{""distance"":7,""physical_error_rate"":0.0002}","{""detection_events"":8089,""detectors_checked"":9953280}"
      1024,         0,         0,   0.099,standalone_exact_mw,c63d9dbf283cbe8d7d2c9891770aca900c170ab5c3de0408fa399997170cec3d,"{""distance"":7,""physical_error_rate"":0.001}","{""detection_events"":3198,""detectors_checked"":829440}"
      1024,         0,         0,   0.086,standalone_exact_mw,c63d9dbf283cbe8d7d2c9891770aca900c170ab5c3de0408fa399997170cec3d,"{""distance"":7,""physical_error_rate"":0.001}","{""detection_events"":3190,""detectors_checked"":829440}"
      2048,         0,         0,   0.226,standalone_exact_mw,c63d9dbf283cbe8d7d2c9891770aca900c170ab5c3de0408fa399997170cec3d,"{""distance"":7,""physical_error_rate"":0.001}","{""detection_events"":6381,""detectors_checked"":1658880}"
      2048,         0,         0,   0.275,standalone_exact_mw,c63d9dbf283cbe8d7d2c9891770aca900c170ab5c3de0408fa399997170cec3d,"{""distance"":7,""physical_error_rate"":0.001}","{""detection_events"":6332,""detectors_checked"":1658880}"
     18432,         0,         0,   0.794,standalone_exact_mw,8e8e16d7b7d10172304dc167922b352ab88e75bca590a4202cfa41b2b9ea2794,"{""distance"":7,""physical_error_rate"":0.0002}","{""detection_events"":11691,""detectors_checked"":14929920}"
         1,         0,         0,   0.002,standalone_exact_mw,b0cacb7fc707c2734ebeeceefd47b6bd6784bf6b65d0613559eb8dd3ed8bcfbc,"{""distance"":7,""physical_error_rate"":0.0005}","{""detection_events"":2,""detectors_checked"":810}"
    160768,         0,         0,    5.96,standalone_exact_mw,8e8e16d7b7d10172304dc167922b352ab88e75bca590a4202cfa41b2b9ea2794,"{""distance"":7,""physical_error_rate"":0.0002}","{""detection_events"":101701,""detectors_checked"":130222080}"
       272,         0,         0,   0.026,standalone_exact_mw,b0cacb7fc707c2734ebeeceefd47b6bd6784bf6b65d0613559eb8dd3ed8bcfbc,"{""distance"":7,""physical_error_rate"":0.0005}","{""detection_events"":437,""detectors_checked"":220320}"
      2048,         0,         0,   0.265,standalone_exact_mw,c63d9dbf283cbe8d7d2c9891770aca900c170ab5c3de0408fa399997170cec3d,"{""distance"":7,""physical_error_rate"":0.001}","{""detection_events"":6520,""detectors_checked"":1658880}"
      1024,         0,         0,   0.075,standalone_exact_mw,b0cacb7fc707c2734ebeeceefd47b6bd6784bf6b65d0613559eb8dd3ed8bcfbc,"{""distance"":7,""physical_error_rate"":0.0005}","{""detection_events"":1631,""detectors_checked"":829440}"
      1024,         0,         0,   0.063,standalone_exact_mw,b0cacb7fc707c2734ebeeceefd47b6bd6784bf6b65d0613559eb8dd3ed8bcfbc,"{""distance"":7,""physical_error_rate"":0.0005}","{""detection_events"":1616,""detectors_checked"":829440}"
      1024,         0,         0,   0.075,standalone_exact_mw,b0cacb7fc707c2734ebeeceefd47b6bd6784bf6b65d0613559eb8dd3ed8bcfbc,"{""distance"":7,""physical_error_rate"":0.0005}","{""detection_events"":1584,""detectors_checked"":829440}"
      1024,         0,         0,   0.072,standalone_exact_mw,b0cacb7fc707c2734ebeeceefd47b6bd6784bf6b65d0613559eb8dd3ed8bcfbc,"{""distance"":7,""physical_error_rate"":0.0005}","{""detection_events"":1565,""detectors_checked"":829440}"
      1024,         0,         0,   0.075,standalone_exact_mw,b0cacb7fc707c2734ebeeceefd47b6bd6784bf6b65d0613559eb8dd3ed8bcfbc,"{""distance"":7,""physical_error_rate"":0.0005}","{""detection_events"":1586,""detectors_checked"":829440}"
      3072,         0,         0,   0.318,standalone_exact_mw,c63d9dbf283cbe8d7d2c9891770aca900c170ab5c3de0408fa399997170cec3d,"{""distance"":7,""physical_error_rate"":0.001}","{""detection_events"":9610,""detectors_checked"":2488320}"
      2048,         0,         0,   0.133,standalone_exact_mw,b0cacb7fc707c2734ebeeceefd47b6bd6784bf6b65d0613559eb8dd3ed8bcfbc,"{""distance"":7,""physical_error_rate"":0.0005}","{""detection_events"":3146,""detectors_checked"":1658880}"
      2048,         0,         0,   0.137,standalone_exact_mw,b0cacb7fc707c2734ebeeceefd47b6bd6784bf6b65d0613559eb8dd3ed8bcfbc,"{""distance"":7,""physical_error_rate"":0.0005}","{""detection_events"":3295,""detectors_checked"":1658880}"
      3072,         0,         0,   0.211,standalone_exact_mw,b0cacb7fc707c2734ebeeceefd47b6bd6784bf6b65d0613559eb8dd3ed8bcfbc,"{""distance"":7,""physical_error_rate"":0.0005}","{""detection_events"":4641,""detectors_checked"":2488320}"
      5120,         0,         0,   0.516,standalone_exact_mw,c63d9dbf283cbe8d7d2c9891770aca900c170ab5c3de0408fa399997170cec3d,"{""distance"":7,""physical_error_rate"":0.001}","{""detection_events"":16131,""detectors_checked"":4147200}"
     28672,         0,         0,    1.13,standalone_exact_mw,8e8e16d7b7d10172304dc167922b352ab88e75bca590a4202cfa41b2b9ea2794,"{""distance"":7,""physical_error_rate"":0.0002}","{""detection_events"":18414,""detectors_checked"":23224320}"
      5120,         0,         0,   0.363,standalone_exact_mw,b0cacb7fc707c2734ebeeceefd47b6bd6784bf6b65d0613559eb8dd3ed8bcfbc,"{""distance"":7,""physical_error_rate"":0.0005}","{""detection_events"":8061,""detectors_checked"":4147200}"
      5120,         0,         0,   0.637,standalone_exact_mw,c63d9dbf283cbe8d7d2c9891770aca900c170ab5c3de0408fa399997170cec3d,"{""distance"":7,""physical_error_rate"":0.001}","{""detection_events"":15780,""detectors_checked"":4147200}"
      6144,         0,         0,   0.419,standalone_exact_mw,b0cacb7fc707c2734ebeeceefd47b6bd6784bf6b65d0613559eb8dd3ed8bcfbc,"{""distance"":7,""physical_error_rate"":0.0005}","{""detection_events"":9804,""detectors_checked"":4976640}"
     61440,         0,         0,    6.04,standalone_exact_mw,20c8daca17953576b13a32f59e5f9cb54485b277119f4e6925e9023b8dd1f351,"{""distance"":7,""physical_error_rate"":0.002}","{""detection_events"":384685,""detectors_checked"":49766400}"
      8192,         0,         0,   0.566,standalone_exact_mw,b0cacb7fc707c2734ebeeceefd47b6bd6784bf6b65d0613559eb8dd3ed8bcfbc,"{""distance"":7,""physical_error_rate"":0.0005}","{""detection_events"":12548,""detectors_checked"":6635520}"
      9216,         0,         0,   0.839,standalone_exact_mw,c63d9dbf283cbe8d7d2c9891770aca900c170ab5c3de0408fa399997170cec3d,"{""distance"":7,""physical_error_rate"":0.001}","{""detection_events"":29049,""detectors_checked"":7464960}"
    967680,         0,         0,   120.0,standalone_exact_mw,c63d9dbf283cbe8d7d2c9891770aca900c170ab5c3de0408fa399997170cec3d,"{""distance"":7,""physical_error_rate"":0.001}","{""detection_events"":3051029,""detectors_checked"":783820800}"
    106496,         0,         0,    5.97,standalone_exact_mw,b0cacb7fc707c2734ebeeceefd47b6bd6784bf6b65d0613559eb8dd3ed8bcfbc,"{""distance"":7,""physical_error_rate"":0.0005}","{""detection_events"":168640,""detectors_checked"":86261760}"
     53248,         0,         0,    1.56,standalone_exact_mw,8e8e16d7b7d10172304dc167922b352ab88e75bca590a4202cfa41b2b9ea2794,"{""distance"":7,""physical_error_rate"":0.0002}","{""detection_events"":33268,""detectors_checked"":43130880}"
     12288,         0,         0,   0.859,standalone_exact_mw,b0cacb7fc707c2734ebeeceefd47b6bd6784bf6b65d0613559eb8dd3ed8bcfbc,"{""distance"":7,""physical_error_rate"":0.0005}","{""detection_events"":19318,""detectors_checked"":9953280}"
     12288,         0,         0,    1.14,standalone_exact_mw,c63d9dbf283cbe8d7d2c9891770aca900c170ab5c3de0408fa399997170cec3d,"{""distance"":7,""physical_error_rate"":0.001}","{""detection_events"":38934,""detectors_checked"":9953280}"
     16384,         0,         0,    1.15,standalone_exact_mw,b0cacb7fc707c2734ebeeceefd47b6bd6784bf6b65d0613559eb8dd3ed8bcfbc,"{""distance"":7,""physical_error_rate"":0.0005}","{""detection_events"":25737,""detectors_checked"":13271040}"
     70656,         0,         0,    2.20,standalone_exact_mw,8e8e16d7b7d10172304dc167922b352ab88e75bca590a4202cfa41b2b9ea2794,"{""distance"":7,""physical_error_rate"":0.0002}","{""detection_events"":44650,""detectors_checked"":57231360}"
     20480,         0,         0,    1.56,standalone_exact_mw,c63d9dbf283cbe8d7d2c9891770aca900c170ab5c3de0408fa399997170cec3d,"{""distance"":7,""physical_error_rate"":0.001}","{""detection_events"":64805,""detectors_checked"":16588800}"
     22528,         0,         0,    1.59,standalone_exact_mw,b0cacb7fc707c2734ebeeceefd47b6bd6784bf6b65d0613559eb8dd3ed8bcfbc,"{""distance"":7,""physical_error_rate"":0.0005}","{""detection_events"":35405,""detectors_checked"":18247680}"
   1201152,         0,         0,   119.9,standalone_exact_mw,c63d9dbf283cbe8d7d2c9891770aca900c170ab5c3de0408fa399997170cec3d,"{""distance"":7,""physical_error_rate"":0.001}","{""detection_events"":3786357,""detectors_checked"":972933120}"
   1167360,         0,         0,   119.8,standalone_exact_mw,c63d9dbf283cbe8d7d2c9891770aca900c170ab5c3de0408fa399997170cec3d,"{""distance"":7,""physical_error_rate"":0.001}","{""detection_events"":3682122,""detectors_checked"":945561600}"
   2189270,         0,         0,    85.2,standalone_exact_mw,8e8e16d7b7d10172304dc167922b352ab88e75bca590a4202cfa41b2b9ea2794,"{""distance"":7,""physical_error_rate"":0.0002}","{""detection_events"":1387489,""detectors_checked"":1773308700}"
     22528,         0,         0,    2.29,standalone_exact_mw,c63d9dbf283cbe8d7d2c9891770aca900c170ab5c3de0408fa399997170cec3d,"{""distance"":7,""physical_error_rate"":0.001}","{""detection_events"":70841,""detectors_checked"":18247680}"
     62464,         0,         0,    3.04,standalone_exact_mw,8e8e16d7b7d10172304dc167922b352ab88e75bca590a4202cfa41b2b9ea2794,"{""distance"":7,""physical_error_rate"":0.0002}","{""detection_events"":39813,""detectors_checked"":50595840}"
     30720,         0,         0,    2.16,standalone_exact_mw,b0cacb7fc707c2734ebeeceefd47b6bd6784bf6b65d0613559eb8dd3ed8bcfbc,"{""distance"":7,""physical_error_rate"":0.0005}","{""detection_events"":48463,""detectors_checked"":24883200}"
    231424,         0,         0,    8.36,standalone_exact_mw,8e8e16d7b7d10172304dc167922b352ab88e75bca590a4202cfa41b2b9ea2794,"{""distance"":7,""physical_error_rate"":0.0002}","{""detection_events"":146673,""detectors_checked"":187453440}"
    102400,         0,         0,    8.38,standalone_exact_mw,20c8daca17953576b13a32f59e5f9cb54485b277119f4e6925e9023b8dd1f351,"{""distance"":7,""physical_error_rate"":0.002}","{""detection_events"":639269,""detectors_checked"":82944000}"
     33792,         0,         0,    3.05,standalone_exact_mw,c63d9dbf283cbe8d7d2c9891770aca900c170ab5c3de0408fa399997170cec3d,"{""distance"":7,""physical_error_rate"":0.001}","{""detection_events"":107556,""detectors_checked"":27371520}"
   2478012,         0,         0,   113.7,standalone_exact_mw,8e8e16d7b7d10172304dc167922b352ab88e75bca590a4202cfa41b2b9ea2794,"{""distance"":7,""physical_error_rate"":0.0002}","{""detection_events"":1569764,""detectors_checked"":2007189720}"
    164864,         0,         0,    8.36,standalone_exact_mw,b0cacb7fc707c2734ebeeceefd47b6bd6784bf6b65d0613559eb8dd3ed8bcfbc,"{""distance"":7,""physical_error_rate"":0.0005}","{""detection_events"":260543,""detectors_checked"":133539840}"
    925696,         0,         0,   119.9,standalone_exact_mw,20c8daca17953576b13a32f59e5f9cb54485b277119f4e6925e9023b8dd1f351,"{""distance"":7,""physical_error_rate"":0.002}","{""detection_events"":5797932,""detectors_checked"":749813760}"
     44032,         0,         0,    3.10,standalone_exact_mw,b0cacb7fc707c2734ebeeceefd47b6bd6784bf6b65d0613559eb8dd3ed8bcfbc,"{""distance"":7,""physical_error_rate"":0.0005}","{""detection_events"":69741,""detectors_checked"":35665920}"
     88064,         0,         0,    4.30,standalone_exact_mw,8e8e16d7b7d10172304dc167922b352ab88e75bca590a4202cfa41b2b9ea2794,"{""distance"":7,""physical_error_rate"":0.0002}","{""detection_events"":55304,""detectors_checked"":71331840}"
     47104,         0,         0,    4.34,standalone_exact_mw,c63d9dbf283cbe8d7d2c9891770aca900c170ab5c3de0408fa399997170cec3d,"{""distance"":7,""physical_error_rate"":0.001}","{""detection_events"":147654,""detectors_checked"":38154240}"
   1586176,         0,         0,   119.8,standalone_exact_mw,b0cacb7fc707c2734ebeeceefd47b6bd6784bf6b65d0613559eb8dd3ed8bcfbc,"{""distance"":7,""physical_error_rate"":0.0005}","{""detection_events"":2507831,""detectors_checked"":1284802560}"
     60416,         0,         0,    4.24,standalone_exact_mw,b0cacb7fc707c2734ebeeceefd47b6bd6784bf6b65d0613559eb8dd3ed8bcfbc,"{""distance"":7,""physical_error_rate"":0.0005}","{""detection_events"":95832,""detectors_checked"":48936960}"
   2070528,         0,         0,   119.7,standalone_exact_mw,8e8e16d7b7d10172304dc167922b352ab88e75bca590a4202cfa41b2b9ea2794,"{""distance"":7,""physical_error_rate"":0.0002}","{""detection_events"":1308091,""detectors_checked"":1677127680}"
    129024,         0,         0,    6.00,standalone_exact_mw,8e8e16d7b7d10172304dc167922b352ab88e75bca590a4202cfa41b2b9ea2794,"{""distance"":7,""physical_error_rate"":0.0002}","{""detection_events"":82295,""detectors_checked"":104509440}"
    277504,         0,         0,    11.7,standalone_exact_mw,8e8e16d7b7d10172304dc167922b352ab88e75bca590a4202cfa41b2b9ea2794,"{""distance"":7,""physical_error_rate"":0.0002}","{""detection_events"":175578,""detectors_checked"":224778240}"
   1435427,         0,         0,    60.8,standalone_exact_mw,8e8e16d7b7d10172304dc167922b352ab88e75bca590a4202cfa41b2b9ea2794,"{""distance"":7,""physical_error_rate"":0.0002}","{""detection_events"":911178,""detectors_checked"":1162695870}"
   2197504,         0,         0,   100.4,standalone_exact_mw,8e8e16d7b7d10172304dc167922b352ab88e75bca590a4202cfa41b2b9ea2794,"{""distance"":7,""physical_error_rate"":0.0002}","{""detection_events"":1392452,""detectors_checked"":1779978240}"
     60416,         0,         0,    6.01,standalone_exact_mw,c63d9dbf283cbe8d7d2c9891770aca900c170ab5c3de0408fa399997170cec3d,"{""distance"":7,""physical_error_rate"":0.001}","{""detection_events"":190623,""detectors_checked"":48936960}"
   1374642,         0,         0,    57.5,standalone_exact_mw,8e8e16d7b7d10172304dc167922b352ab88e75bca590a4202cfa41b2b9ea2794,"{""distance"":7,""physical_error_rate"":0.0002}","{""detection_events"":868707,""detectors_checked"":1113460020}"
   1837056,         0,         0,    51.9,standalone_exact_mw,8e8e16d7b7d10172304dc167922b352ab88e75bca590a4202cfa41b2b9ea2794,"{""distance"":7,""physical_error_rate"":0.0002}","{""detection_events"":1163422,""detectors_checked"":1488015360}"
    114688,         0,         0,    5.98,standalone_exact_mw,b0cacb7fc707c2734ebeeceefd47b6bd6784bf6b65d0613559eb8dd3ed8bcfbc,"{""distance"":7,""physical_error_rate"":0.0005}","{""detection_events"":181081,""detectors_checked"":92897280}"
    115712,         0,         0,    11.7,standalone_exact_mw,20c8daca17953576b13a32f59e5f9cb54485b277119f4e6925e9023b8dd1f351,"{""distance"":7,""physical_error_rate"":0.002}","{""detection_events"":724408,""detectors_checked"":93726720}"
   1377280,         0,         0,   119.6,standalone_exact_mw,8e8e16d7b7d10172304dc167922b352ab88e75bca590a4202cfa41b2b9ea2794,"{""distance"":7,""physical_error_rate"":0.0002}","{""detection_events"":875679,""detectors_checked"":1115596800}"
    225280,         0,         0,    11.7,standalone_exact_mw,b0cacb7fc707c2734ebeeceefd47b6bd6784bf6b65d0613559eb8dd3ed8bcfbc,"{""distance"":7,""physical_error_rate"":0.0005}","{""detection_events"":357402,""detectors_checked"":182476800}"
   1677312,         0,         0,   119.8,standalone_exact_mw,c63d9dbf283cbe8d7d2c9891770aca900c170ab5c3de0408fa399997170cec3d,"{""distance"":7,""physical_error_rate"":0.001}","{""detection_events"":5286611,""detectors_checked"":1358622720}"
    179200,         0,         0,    8.35,standalone_exact_mw,8e8e16d7b7d10172304dc167922b352ab88e75bca590a4202cfa41b2b9ea2794,"{""distance"":7,""physical_error_rate"":0.0002}","{""detection_events"":113793,""detectors_checked"":145152000}"
       273,         0,         0,   0.024,standalone_exact_mw,b0cacb7fc707c2734ebeeceefd47b6bd6784bf6b65d0613559eb8dd3ed8bcfbc,"{""distance"":7,""physical_error_rate"":0.0005}","{""detection_events"":387,""detectors_checked"":221130}"
      1024,         0,         0,   0.063,standalone_exact_mw,b0cacb7fc707c2734ebeeceefd47b6bd6784bf6b65d0613559eb8dd3ed8bcfbc,"{""distance"":7,""physical_error_rate"":0.0005}","{""detection_events"":1644,""detectors_checked"":829440}"
      1024,         0,         0,   0.062,standalone_exact_mw,b0cacb7fc707c2734ebeeceefd47b6bd6784bf6b65d0613559eb8dd3ed8bcfbc,"{""distance"":7,""physical_error_rate"":0.0005}","{""detection_events"":1570,""detectors_checked"":829440}"
      1024,         0,         0,   0.075,standalone_exact_mw,b0cacb7fc707c2734ebeeceefd47b6bd6784bf6b65d0613559eb8dd3ed8bcfbc,"{""distance"":7,""physical_error_rate"":0.0005}","{""detection_events"":1555,""detectors_checked"":829440}"
      1024,         0,         0,   0.074,standalone_exact_mw,b0cacb7fc707c2734ebeeceefd47b6bd6784bf6b65d0613559eb8dd3ed8bcfbc,"{""distance"":7,""physical_error_rate"":0.0005}","{""detection_events"":1539,""detectors_checked"":829440}"
      1024,         0,         0,   0.076,standalone_exact_mw,b0cacb7fc707c2734ebeeceefd47b6bd6784bf6b65d0613559eb8dd3ed8bcfbc,"{""distance"":7,""physical_error_rate"":0.0005}","{""detection_events"":1733,""detectors_checked"":829440}"
      2048,         0,         0,   0.138,standalone_exact_mw,b0cacb7fc707c2734ebeeceefd47b6bd6784bf6b65d0613559eb8dd3ed8bcfbc,"{""distance"":7,""physical_error_rate"":0.0005}","{""detection_events"":3172,""detectors_checked"":1658880}"
      2048,         0,         0,   0.149,standalone_exact_mw,b0cacb7fc707c2734ebeeceefd47b6bd6784bf6b65d0613559eb8dd3ed8bcfbc,"{""distance"":7,""physical_error_rate"":0.0005}","{""detection_events"":2990,""detectors_checked"":1658880}"
     87040,         0,         0,    8.37,standalone_exact_mw,c63d9dbf283cbe8d7d2c9891770aca900c170ab5c3de0408fa399997170cec3d,"{""distance"":7,""physical_error_rate"":0.001}","{""detection_events"":275528,""detectors_checked"":70502400}"
      3072,         0,         0,   0.212,standalone_exact_mw,b0cacb7fc707c2734ebeeceefd47b6bd6784bf6b65d0613559eb8dd3ed8bcfbc,"{""distance"":7,""physical_error_rate"":0.0005}","{""detection_events"":4759,""detectors_checked"":2488320}"
      3072,         0,         0,   0.214,standalone_exact_mw,b0cacb7fc707c2734ebeeceefd47b6bd6784bf6b65d0613559eb8dd3ed8bcfbc,"{""distance"":7,""physical_error_rate"":0.0005}","{""detection_events"":4944,""detectors_checked"":2488320}"
      4096,         0,         0,   0.304,standalone_exact_mw,b0cacb7fc707c2734ebeeceefd47b6bd6784bf6b65d0613559eb8dd3ed8bcfbc,"{""distance"":7,""physical_error_rate"":0.0005}","{""detection_events"":6618,""detectors_checked"":3317760}"
    117760,         0,         0,    8.39,standalone_exact_mw,b0cacb7fc707c2734ebeeceefd47b6bd6784bf6b65d0613559eb8dd3ed8bcfbc,"{""distance"":7,""physical_error_rate"":0.0005}","{""detection_events"":186179,""detectors_checked"":95385600}"
      6144,         0,         0,   0.423,standalone_exact_mw,b0cacb7fc707c2734ebeeceefd47b6bd6784bf6b65d0613559eb8dd3ed8bcfbc,"{""distance"":7,""physical_error_rate"":0.0005}","{""detection_events"":9669,""detectors_checked"":4976640}"
      8192,         0,         0,   0.574,standalone_exact_mw,b0cacb7fc707c2734ebeeceefd47b6bd6784bf6b65d0613559eb8dd3ed8bcfbc,"{""distance"":7,""physical_error_rate"":0.0005}","{""detection_events"":12948,""detectors_checked"":6635520}"
   1240064,         0,         0,   119.8,standalone_exact_mw,c63d9dbf283cbe8d7d2c9891770aca900c170ab5c3de0408fa399997170cec3d,"{""distance"":7,""physical_error_rate"":0.001}","{""detection_events"":3907370,""detectors_checked"":1004451840}"
     12288,         0,         0,   0.863,standalone_exact_mw,b0cacb7fc707c2734ebeeceefd47b6bd6784bf6b65d0613559eb8dd3ed8bcfbc,"{""distance"":7,""physical_error_rate"":0.0005}","{""detection_events"":19162,""detectors_checked"":9953280}"
   1831475,         0,         0,    87.3,standalone_exact_mw,8e8e16d7b7d10172304dc167922b352ab88e75bca590a4202cfa41b2b9ea2794,"{""distance"":7,""physical_error_rate"":0.0002}","{""detection_events"":1163809,""detectors_checked"":1483494750}"
     15360,         0,         0,    1.13,standalone_exact_mw,b0cacb7fc707c2734ebeeceefd47b6bd6784bf6b65d0613559eb8dd3ed8bcfbc,"{""distance"":7,""physical_error_rate"":0.0005}","{""detection_events"":23926,""detectors_checked"":12441600}"
   1497599,         0,         0,    45.5,standalone_exact_mw,8e8e16d7b7d10172304dc167922b352ab88e75bca590a4202cfa41b2b9ea2794,"{""distance"":7,""physical_error_rate"":0.0002}","{""detection_events"":950427,""detectors_checked"":1213055190}"
   1873920,         1,         0,   119.9,standalone_exact_mw,20c8daca17953576b13a32f59e5f9cb54485b277119f4e6925e9023b8dd1f351,"{""distance"":7,""physical_error_rate"":0.002}","{""detection_events"":11739697,""detectors_checked"":1517875200,""obs_mistake_mask=E"":1}"
     22528,         0,         0,    1.59,standalone_exact_mw,b0cacb7fc707c2734ebeeceefd47b6bd6784bf6b65d0613559eb8dd3ed8bcfbc,"{""distance"":7,""physical_error_rate"":0.0005}","{""detection_events"":35568,""detectors_checked"":18247680}"
    368640,         0,         0,    16.4,standalone_exact_mw,8e8e16d7b7d10172304dc167922b352ab88e75bca590a4202cfa41b2b9ea2794,"{""distance"":7,""physical_error_rate"":0.0002}","{""detection_events"":232079,""detectors_checked"":298598400}"
     29696,         0,         0,    2.24,standalone_exact_mw,b0cacb7fc707c2734ebeeceefd47b6bd6784bf6b65d0613559eb8dd3ed8bcfbc,"{""distance"":7,""physical_error_rate"":0.0005}","{""detection_events"":46459,""detectors_checked"":24053760}"
         1,         0,         0,   0.016,standalone_exact_mw,20c8daca17953576b13a32f59e5f9cb54485b277119f4e6925e9023b8dd1f351,"{""distance"":7,""physical_error_rate"":0.002}","{""detection_events"":7,""detectors_checked"":810}"
       272,         0,         0,   0.032,standalone_exact_mw,20c8daca17953576b13a32f59e5f9cb54485b277119f4e6925e9023b8dd1f351,"{""distance"":7,""physical_error_rate"":0.002}","{""detection_events"":1677,""detectors_checked"":220320}"
      1024,         0,         0,   0.129,standalone_exact_mw,20c8daca17953576b13a32f59e5f9cb54485b277119f4e6925e9023b8dd1f351,"{""distance"":7,""physical_error_rate"":0.002}","{""detection_events"":6412,""detectors_checked"":829440}"
       273,         0,         0,   0.031,standalone_exact_mw,c63d9dbf283cbe8d7d2c9891770aca900c170ab5c3de0408fa399997170cec3d,"{""distance"":7,""physical_error_rate"":0.001}","{""detection_events"":870,""detectors_checked"":221130}"
      1024,         0,         0,   0.130,standalone_exact_mw,20c8daca17953576b13a32f59e5f9cb54485b277119f4e6925e9023b8dd1f351,"{""distance"":7,""physical_error_rate"":0.002}","{""detection_events"":6553,""detectors_checked"":829440}"
      1024,         0,         0,   0.101,standalone_exact_mw,c63d9dbf283cbe8d7d2c9891770aca900c170ab5c3de0408fa399997170cec3d,"{""distance"":7,""physical_error_rate"":0.001}","{""detection_events"":3253,""detectors_checked"":829440}"
      1024,         0,         0,   0.101,standalone_exact_mw,c63d9dbf283cbe8d7d2c9891770aca900c170ab5c3de0408fa399997170cec3d,"{""distance"":7,""physical_error_rate"":0.001}","{""detection_events"":3335,""detectors_checked"":829440}"
      1024,         0,         0,   0.131,standalone_exact_mw,20c8daca17953576b13a32f59e5f9cb54485b277119f4e6925e9023b8dd1f351,"{""distance"":7,""physical_error_rate"":0.002}","{""detection_events"":6335,""detectors_checked"":829440}"
      1024,         0,         0,   0.087,standalone_exact_mw,c63d9dbf283cbe8d7d2c9891770aca900c170ab5c3de0408fa399997170cec3d,"{""distance"":7,""physical_error_rate"":0.001}","{""detection_events"":3192,""detectors_checked"":829440}"
      1024,         0,         0,   0.126,standalone_exact_mw,20c8daca17953576b13a32f59e5f9cb54485b277119f4e6925e9023b8dd1f351,"{""distance"":7,""physical_error_rate"":0.002}","{""detection_events"":6709,""detectors_checked"":829440}"
      1024,         0,         0,   0.090,standalone_exact_mw,c63d9dbf283cbe8d7d2c9891770aca900c170ab5c3de0408fa399997170cec3d,"{""distance"":7,""physical_error_rate"":0.001}","{""detection_events"":3233,""detectors_checked"":829440}"
      1024,         0,         0,   0.119,standalone_exact_mw,20c8daca17953576b13a32f59e5f9cb54485b277119f4e6925e9023b8dd1f351,"{""distance"":7,""physical_error_rate"":0.002}","{""detection_events"":6181,""detectors_checked"":829440}"
      1024,         0,         0,   0.087,standalone_exact_mw,c63d9dbf283cbe8d7d2c9891770aca900c170ab5c3de0408fa399997170cec3d,"{""distance"":7,""physical_error_rate"":0.001}","{""detection_events"":3096,""detectors_checked"":829440}"
    150528,         0,         0,    16.5,standalone_exact_mw,20c8daca17953576b13a32f59e5f9cb54485b277119f4e6925e9023b8dd1f351,"{""distance"":7,""physical_error_rate"":0.002}","{""detection_events"":943389,""detectors_checked"":121927680}"
      1024,         0,         0,   0.100,standalone_exact_mw,c63d9dbf283cbe8d7d2c9891770aca900c170ab5c3de0408fa399997170cec3d,"{""distance"":7,""physical_error_rate"":0.001}","{""detection_events"":3166,""detectors_checked"":829440}"
      1024,         0,         0,   0.127,standalone_exact_mw,20c8daca17953576b13a32f59e5f9cb54485b277119f4e6925e9023b8dd1f351,"{""distance"":7,""physical_error_rate"":0.002}","{""detection_events"":6300,""detectors_checked"":829440}"
    236544,         0,         0,    11.7,standalone_exact_mw,8e8e16d7b7d10172304dc167922b352ab88e75bca590a4202cfa41b2b9ea2794,"{""distance"":7,""physical_error_rate"":0.0002}","{""detection_events"":149443,""detectors_checked"":191600640}"
      2048,         0,         0,   0.187,standalone_exact_mw,c63d9dbf283cbe8d7d2c9891770aca900c170ab5c3de0408fa399997170cec3d,"{""distance"":7,""physical_error_rate"":0.001}","{""detection_events"":6647,""detectors_checked"":1658880}"
      2048,         0,         0,   0.256,standalone_exact_mw,20c8daca17953576b13a32f59e5f9cb54485b277119f4e6925e9023b8dd1f351,"{""distance"":7,""physical_error_rate"":0.002}","{""detection_events"":12865,""detectors_checked"":1658880}"
      2048,         0,         0,   0.188,standalone_exact_mw,c63d9dbf283cbe8d7d2c9891770aca900c170ab5c3de0408fa399997170cec3d,"{""distance"":7,""physical_error_rate"":0.001}","{""detection_events"":6527,""detectors_checked"":1658880}"
      2048,         0,         0,   0.257,standalone_exact_mw,20c8daca17953576b13a32f59e5f9cb54485b277119f4e6925e9023b8dd1f351,"{""distance"":7,""physical_error_rate"":0.002}","{""detection_events"":12686,""detectors_checked"":1658880}"
      2048,         0,         0,   0.213,standalone_exact_mw,c63d9dbf283cbe8d7d2c9891770aca900c170ab5c3de0408fa399997170cec3d,"{""distance"":7,""physical_error_rate"":0.001}","{""detection_events"":6473,""detectors_checked"":1658880}"
    323584,         0,         0,    16.4,standalone_exact_mw,b0cacb7fc707c2734ebeeceefd47b6bd6784bf6b65d0613559eb8dd3ed8bcfbc,"{""distance"":7,""physical_error_rate"":0.0005}","{""detection_events"":512831,""detectors_checked"":262103040}"
      2048,         0,         0,   0.296,standalone_exact_mw,c63d9dbf283cbe8d7d2c9891770aca900c170ab5c3de0408fa399997170cec3d,"{""distance"":7,""physical_error_rate"":0.001}","{""detection_events"":6666,""detectors_checked"":1658880}"
      3072,         0,         0,   0.373,standalone_exact_mw,20c8daca17953576b13a32f59e5f9cb54485b277119f4e6925e9023b8dd1f351,"{""distance"":7,""physical_error_rate"":0.002}","{""detection_events"":19051,""detectors_checked"":2488320}"
      3072,         0,         0,   0.432,standalone_exact_mw,c63d9dbf283cbe8d7d2c9891770aca900c170ab5c3de0408fa399997170cec3d,"{""distance"":7,""physical_error_rate"":0.001}","{""detection_events"":9982,""detectors_checked"":2488320}"
     43008,         0,         0,    3.09,standalone_exact_mw,b0cacb7fc707c2734ebeeceefd47b6bd6784bf6b65d0613559eb8dd3ed8bcfbc,"{""distance"":7,""physical_error_rate"":0.0005}","{""detection_events"":68447,""detectors_checked"":34836480}"
      4096,         0,         0,   0.517,standalone_exact_mw,20c8daca17953576b13a32f59e5f9cb54485b277119f4e6925e9023b8dd1f351,"{""distance"":7,""physical_error_rate"":0.002}","{""detection_events"":25676,""detectors_checked"":3317760}"
         1,         0,         0,   0.002,standalone_exact_mw,8e8e16d7b7d10172304dc167922b352ab88e75bca590a4202cfa41b2b9ea2794,"{""distance"":7,""physical_error_rate"":0.0002}","{""detectors_checked"":810}"
      1296,         0,         0,   0.058,standalone_exact_mw,8e8e16d7b7d10172304dc167922b352ab88e75bca590a4202cfa41b2b9ea2794,"{""distance"":7,""physical_error_rate"":0.0002}","{""detection_events"":856,""detectors_checked"":1049760}"
      1024,         0,         0,   0.039,standalone_exact_mw,8e8e16d7b7d10172304dc167922b352ab88e75bca590a4202cfa41b2b9ea2794,"{""distance"":7,""physical_error_rate"":0.0002}","{""detection_events"":638,""detectors_checked"":829440}"
      1024,         0,         0,   0.038,standalone_exact_mw,8e8e16d7b7d10172304dc167922b352ab88e75bca590a4202cfa41b2b9ea2794,"{""distance"":7,""physical_error_rate"":0.0002}","{""detection_events"":629,""detectors_checked"":829440}"
      4096,         0,         0,   0.569,standalone_exact_mw,c63d9dbf283cbe8d7d2c9891770aca900c170ab5c3de0408fa399997170cec3d,"{""distance"":7,""physical_error_rate"":0.001}","{""detection_events"":12916,""detectors_checked"":3317760}"
      1024,         0,         0,   0.041,standalone_exact_mw,8e8e16d7b7d10172304dc167922b352ab88e75bca590a4202cfa41b2b9ea2794,"{""distance"":7,""physical_error_rate"":0.0002}","{""detection_events"":634,""detectors_checked"":829440}"
      1024,         0,         0,   0.051,standalone_exact_mw,8e8e16d7b7d10172304dc167922b352ab88e75bca590a4202cfa41b2b9ea2794,"{""distance"":7,""physical_error_rate"":0.0002}","{""detection_events"":664,""detectors_checked"":829440}"
      2048,         0,         0,   0.090,standalone_exact_mw,8e8e16d7b7d10172304dc167922b352ab88e75bca590a4202cfa41b2b9ea2794,"{""distance"":7,""physical_error_rate"":0.0002}","{""detection_events"":1349,""detectors_checked"":1658880}"
      4096,         0,         0,   0.653,standalone_exact_mw,20c8daca17953576b13a32f59e5f9cb54485b277119f4e6925e9023b8dd1f351,"{""distance"":7,""physical_error_rate"":0.002}","{""detection_events"":25438,""detectors_checked"":3317760}"
      3072,         0,         0,   0.140,standalone_exact_mw,8e8e16d7b7d10172304dc167922b352ab88e75bca590a4202cfa41b2b9ea2794,"{""distance"":7,""physical_error_rate"":0.0002}","{""detection_events"":1877,""detectors_checked"":2488320}"
      3072,         0,         0,   0.140,standalone_exact_mw,8e8e16d7b7d10172304dc167922b352ab88e75bca590a4202cfa41b2b9ea2794,"{""distance"":7,""physical_error_rate"":0.0002}","{""detection_events"":1895,""detectors_checked"":2488320}"
    157696,         0,         0,    11.7,standalone_exact_mw,c63d9dbf283cbe8d7d2c9891770aca900c170ab5c3de0408fa399997170cec3d,"{""distance"":7,""physical_error_rate"":0.001}","{""detection_events"":496056,""detectors_checked"":127733760}"
      5120,         0,         0,   0.243,standalone_exact_mw,8e8e16d7b7d10172304dc167922b352ab88e75bca590a4202cfa41b2b9ea2794,"{""distance"":7,""physical_error_rate"":0.0002}","{""detection_events"":3184,""detectors_checked"":4147200}"
      6144,         0,         0,   0.851,standalone_exact_mw,c63d9dbf283cbe8d7d2c9891770aca900c170ab5c3de0408fa399997170cec3d,"{""distance"":7,""physical_error_rate"":0.001}","{""detection_events"":19381,""detectors_checked"":4976640}"
      6144,         0,         0,   0.300,standalone_exact_mw,8e8e16d7b7d10172304dc167922b352ab88e75bca590a4202cfa41b2b9ea2794,"{""distance"":7,""physical_error_rate"":0.0002}","{""detection_events"":3993,""detectors_checked"":4976640}"
      5120,         0,         0,   0.967,standalone_exact_mw,20c8daca17953576b13a32f59e5f9cb54485b277119f4e6925e9023b8dd1f351,"{""distance"":7,""physical_error_rate"":0.002}","{""detection_events"":32543,""detectors_checked"":4147200}"
    158720,         0,         0,    11.7,standalone_exact_mw,b0cacb7fc707c2734ebeeceefd47b6bd6784bf6b65d0613559eb8dd3ed8bcfbc,"{""distance"":7,""physical_error_rate"":0.0005}","{""detection_events"":251633,""detectors_checked"":128563200}"
      8192,         0,         0,   0.410,standalone_exact_mw,8e8e16d7b7d10172304dc167922b352ab88e75bca590a4202cfa41b2b9ea2794,"{""distance"":7,""physical_error_rate"":0.0002}","{""detection_events"":5130,""detectors_checked"":6635520}"
       273,         0,         0,   0.031,standalone_exact_mw,c63d9dbf283cbe8d7d2c9891770aca900c170ab5c3de0408fa399997170cec3d,"{""distance"":7,""physical_error_rate"":0.001}","{""detection_events"":892,""detectors_checked"":221130}"
    811559,         0,         0,    21.0,standalone_exact_mw,8e8e16d7b7d10172304dc167922b352ab88e75bca590a4202cfa41b2b9ea2794,"{""distance"":7,""physical_error_rate"":0.0002}","{""detection_events"":514587,""detectors_checked"":657362790}"
      1024,         0,         0,   0.091,standalone_exact_mw,c63d9dbf283cbe8d7d2c9891770aca900c170ab5c3de0408fa399997170cec3d,"{""distance"":7,""physical_error_rate"":0.001}","{""detection_events"":3260,""detectors_checked"":829440}"
   1353728,         0,         0,    54.5,standalone_exact_mw,8e8e16d7b7d10172304dc167922b352ab88e75bca590a4202cfa41b2b9ea2794,"{""distance"":7,""physical_error_rate"":0.0002}","{""detection_events"":858134,""detectors_checked"":1096519680}"
      1024,         0,         0,   0.100,standalone_exact_mw,c63d9dbf283cbe8d7d2c9891770aca900c170ab5c3de0408fa399997170cec3d,"{""distance"":7,""physical_error_rate"":0.001}","{""detection_events"":3323,""detectors_checked"":829440}"
      1024,         0,         0,   0.087,standalone_exact_mw,c63d9dbf283cbe8d7d2c9891770aca900c170ab5c3de0408fa399997170cec3d,"{""distance"":7,""physical_error_rate"":0.001}","{""detection_events"":3304,""detectors_checked"":829440}"
      1024,         0,         0,   0.114,standalone_exact_mw,c63d9dbf283cbe8d7d2c9891770aca900c170ab5c3de0408fa399997170cec3d,"{""distance"":7,""physical_error_rate"":0.001}","{""detection_events"":3319,""detectors_checked"":829440}"
      1024,         0,         0,   0.079,standalone_exact_mw,c63d9dbf283cbe8d7d2c9891770aca900c170ab5c3de0408fa399997170cec3d,"{""distance"":7,""physical_error_rate"":0.001}","{""detection_events"":3176,""detectors_checked"":829440}"
      8192,         0,         0,    1.15,standalone_exact_mw,c63d9dbf283cbe8d7d2c9891770aca900c170ab5c3de0408fa399997170cec3d,"{""distance"":7,""physical_error_rate"":0.001}","{""detection_events"":25590,""detectors_checked"":6635520}"
     12288,         0,         0,   0.598,standalone_exact_mw,8e8e16d7b7d10172304dc167922b352ab88e75bca590a4202cfa41b2b9ea2794,"{""distance"":7,""physical_error_rate"":0.0002}","{""detection_events"":7738,""detectors_checked"":9953280}"
      1024,         0,         0,   0.093,standalone_exact_mw,c63d9dbf283cbe8d7d2c9891770aca900c170ab5c3de0408fa399997170cec3d,"{""distance"":7,""physical_error_rate"":0.001}","{""detection_events"":3218,""detectors_checked"":829440}"
      2048,         0,         0,   0.189,standalone_exact_mw,c63d9dbf283cbe8d7d2c9891770aca900c170ab5c3de0408fa399997170cec3d,"{""distance"":7,""physical_error_rate"":0.001}","{""detection_events"":6403,""detectors_checked"":1658880}"
      8192,         0,         0,    1.17,standalone_exact_mw,20c8daca17953576b13a32f59e5f9cb54485b277119f4e6925e9023b8dd1f351,"{""distance"":7,""physical_error_rate"":0.002}","{""detection_events"":51390,""detectors_checked"":6635520}"
      2048,         0,         0,   0.186,standalone_exact_mw,c63d9dbf283cbe8d7d2c9891770aca900c170ab5c3de0408fa399997170cec3d,"{""distance"":7,""physical_error_rate"":0.001}","{""detection_events"":6500,""detectors_checked"":1658880}"
    820224,         0,         0,   119.6,standalone_exact_mw,b0cacb7fc707c2734ebeeceefd47b6bd6784bf6b65d0613559eb8dd3ed8bcfbc,"{""distance"":7,""physical_error_rate"":0.0005}","{""detection_events"":1298812,""detectors_checked"":664381440}"
      3072,         0,         0,   0.268,standalone_exact_mw,c63d9dbf283cbe8d7d2c9891770aca900c170ab5c3de0408fa399997170cec3d,"{""distance"":7,""physical_error_rate"":0.001}","{""detection_events"":9461,""detectors_checked"":2488320}"
     15360,         0,         0,   0.761,standalone_exact_mw,8e8e16d7b7d10172304dc167922b352ab88e75bca590a4202cfa41b2b9ea2794,"{""distance"":7,""physical_error_rate"":0.0002}","{""detection_events"":9868,""detectors_checked"":12441600}"
      3072,         0,         0,   0.280,standalone_exact_mw,c63d9dbf283cbe8d7d2c9891770aca900c170ab5c3de0408fa399997170cec3d,"{""distance"":7,""physical_error_rate"":0.001}","{""detection_events"":9704,""detectors_checked"":2488320}"
      5120,         0,         0,   0.468,standalone_exact_mw,c63d9dbf283cbe8d7d2c9891770aca900c170ab5c3de0408fa399997170cec3d,"{""distance"":7,""physical_error_rate"":0.001}","{""detection_events"":15916,""detectors_checked"":4147200}"
     11264,         0,         0,    1.57,standalone_exact_mw,c63d9dbf283cbe8d7d2c9891770aca900c170ab5c3de0408fa399997170cec3d,"{""distance"":7,""physical_error_rate"":0.001}","{""detection_events"":35230,""detectors_checked"":9123840}"
     60416,         0,         0,    4.31,standalone_exact_mw,b0cacb7fc707c2734ebeeceefd47b6bd6784bf6b65d0613559eb8dd3ed8bcfbc,"{""distance"":7,""physical_error_rate"":0.0005}","{""detection_events"":96061,""detectors_checked"":48936960}"
   1320700,         0,         0,    65.9,standalone_exact_mw,8e8e16d7b7d10172304dc167922b352ab88e75bca590a4202cfa41b2b9ea2794,"{""distance"":7,""physical_error_rate"":0.0002}","{""detection_events"":839275,""detectors_checked"":1069767000}"
     12288,         0,         0,    1.56,standalone_exact_mw,20c8daca17953576b13a32f59e5f9cb54485b277119f4e6925e9023b8dd1f351,"{""distance"":7,""physical_error_rate"":0.002}","{""detection_events"":77220,""detectors_checked"":9953280}"
     22528,         0,         0,    1.12,standalone_exact_mw,8e8e16d7b7d10172304dc167922b352ab88e75bca590a4202cfa41b2b9ea2794,"{""distance"":7,""physical_error_rate"":0.0002}","{""detection_events"":14518,""detectors_checked"":18247680}"
      7168,         0,         0,   0.661,standalone_exact_mw,c63d9dbf283cbe8d7d2c9891770aca900c170ab5c3de0408fa399997170cec3d,"{""distance"":7,""physical_error_rate"":0.001}","{""detection_events"":22655,""detectors_checked"":5806080}"
      9216,         0,         0,   0.839,standalone_exact_mw,c63d9dbf283cbe8d7d2c9891770aca900c170ab5c3de0408fa399997170cec3d,"{""distance"":7,""physical_error_rate"":0.001}","{""detection_events"":28697,""detectors_checked"":7464960}"
    707584,         0,         0,   119.9,standalone_exact_mw,c63d9dbf283cbe8d7d2c9891770aca900c170ab5c3de0408fa399997170cec3d,"{""distance"":7,""physical_error_rate"":0.001}","{""detection_events"":2233207,""detectors_checked"":573143040}"
     22528,         0,         0,    1.54,standalone_exact_mw,8e8e16d7b7d10172304dc167922b352ab88e75bca590a4202cfa41b2b9ea2794,"{""distance"":7,""physical_error_rate"":0.0002}","{""detection_events"":13984,""detectors_checked"":18247680}"
     16384,         0,         0,    2.29,standalone_exact_mw,c63d9dbf283cbe8d7d2c9891770aca900c170ab5c3de0408fa399997170cec3d,"{""distance"":7,""physical_error_rate"":0.001}","{""detection_events"":51624,""detectors_checked"":13271040}"
     12288,         0,         0,    1.14,standalone_exact_mw,c63d9dbf283cbe8d7d2c9891770aca900c170ab5c3de0408fa399997170cec3d,"{""distance"":7,""physical_error_rate"":0.001}","{""detection_events"":38931,""detectors_checked"":9953280}"
     12288,         0,         0,    2.30,standalone_exact_mw,20c8daca17953576b13a32f59e5f9cb54485b277119f4e6925e9023b8dd1f351,"{""distance"":7,""physical_error_rate"":0.002}","{""detection_events"":76096,""detectors_checked"":9953280}"
   1151821,         0,         0,    52.6,standalone_exact_mw,8e8e16d7b7d10172304dc167922b352ab88e75bca590a4202cfa41b2b9ea2794,"{""distance"":7,""physical_error_rate"":0.0002}","{""detection_events"":728623,""detectors_checked"":932975010}"
   1088512,         0,         0,    41.0,standalone_exact_mw,8e8e16d7b7d10172304dc167922b352ab88e75bca590a4202cfa41b2b9ea2794,"{""distance"":7,""physical_error_rate"":0.0002}","{""detection_events"":688577,""detectors_checked"":881694720}"
     21504,         0,         0,    2.18,standalone_exact_mw,8e8e16d7b7d10172304dc167922b352ab88e75bca590a4202cfa41b2b9ea2794,"{""distance"":7,""physical_error_rate"":0.0002}","{""detection_events"":13230,""detectors_checked"":17418240}"
     17408,         0,         0,    1.61,standalone_exact_mw,c63d9dbf283cbe8d7d2c9891770aca900c170ab5c3de0408fa399997170cec3d,"{""distance"":7,""physical_error_rate"":0.001}","{""detection_events"":54839,""detectors_checked"":14100480}"
     25600,         0,         0,    3.06,standalone_exact_mw,c63d9dbf283cbe8d7d2c9891770aca900c170ab5c3de0408fa399997170cec3d,"{""distance"":7,""physical_error_rate"":0.001}","{""detection_events"":80690,""detectors_checked"":20736000}"
     12288,         0,         0,    3.16,standalone_exact_mw,20c8daca17953576b13a32f59e5f9cb54485b277119f4e6925e9023b8dd1f351,"{""distance"":7,""physical_error_rate"":0.002}","{""detection_events"":76556,""detectors_checked"":9953280}"
     82944,         0,         0,    6.01,standalone_exact_mw,b0cacb7fc707c2734ebeeceefd47b6bd6784bf6b65d0613559eb8dd3ed8bcfbc,"{""distance"":7,""physical_error_rate"":0.0005}","{""detection_events"":130441,""detectors_checked"":67184640}"
     23552,         0,         0,    2.23,standalone_exact_mw,c63d9dbf283cbe8d7d2c9891770aca900c170ab5c3de0408fa399997170cec3d,"{""distance"":7,""physical_error_rate"":0.001}","{""detection_events"":74606,""detectors_checked"":19077120}"
   1662976,         0,         0,   119.9,standalone_exact_mw,b0cacb7fc707c2734ebeeceefd47b6bd6784bf6b65d0613559eb8dd3ed8bcfbc,"{""distance"":7,""physical_error_rate"":0.0005}","{""detection_events"":2625560,""detectors_checked"":1347010560}"
   2159616,         0,         0,   119.7,standalone_exact_mw,b0cacb7fc707c2734ebeeceefd47b6bd6784bf6b65d0613559eb8dd3ed8bcfbc,"{""distance"":7,""physical_error_rate"":0.0005}","{""detection_events"":3410606,""detectors_checked"":1749288960}"
     29696,         0,         0,    3.03,standalone_exact_mw,8e8e16d7b7d10172304dc167922b352ab88e75bca590a4202cfa41b2b9ea2794,"{""distance"":7,""physical_error_rate"":0.0002}","{""detection_events"":18900,""detectors_checked"":24053760}"
   1652736,         0,         0,   119.8,standalone_exact_mw,b0cacb7fc707c2734ebeeceefd47b6bd6784bf6b65d0613559eb8dd3ed8bcfbc,"{""distance"":7,""physical_error_rate"":0.0005}","{""detection_events"":2614332,""detectors_checked"":1338716160}"
     31744,         0,         0,    3.05,standalone_exact_mw,c63d9dbf283cbe8d7d2c9891770aca900c170ab5c3de0408fa399997170cec3d,"{""distance"":7,""physical_error_rate"":0.001}","{""detection_events"":100387,""detectors_checked"":25712640}"
     46080,         0,         0,    4.27,standalone_exact_mw,c63d9dbf283cbe8d7d2c9891770aca900c170ab5c3de0408fa399997170cec3d,"{""distance"":7,""physical_error_rate"":0.001}","{""detection_events"":144551,""detectors_checked"":37324800}"
     17408,         0,         0,    4.46,standalone_exact_mw,20c8daca17953576b13a32f59e5f9cb54485b277119f4e6925e9023b8dd1f351,"{""distance"":7,""physical_error_rate"":0.002}","{""detection_events"":109368,""detectors_checked"":14100480}"
    301056,         0,         0,    16.4,standalone_exact_mw,8e8e16d7b7d10172304dc167922b352ab88e75bca590a4202cfa41b2b9ea2794,"{""distance"":7,""physical_error_rate"":0.0002}","{""detection_events"":189677,""detectors_checked"":243855360}"
     41984,         0,         0,    4.28,standalone_exact_mw,8e8e16d7b7d10172304dc167922b352ab88e75bca590a4202cfa41b2b9ea2794,"{""distance"":7,""physical_error_rate"":0.0002}","{""detection_events"":26399,""detectors_checked"":34007040}"
    814080,         0,         0,   119.9,standalone_exact_mw,20c8daca17953576b13a32f59e5f9cb54485b277119f4e6925e9023b8dd1f351,"{""distance"":7,""physical_error_rate"":0.002}","{""detection_events"":5098515,""detectors_checked"":659404800}"
   1928192,         0,         0,   119.8,standalone_exact_mw,b0cacb7fc707c2734ebeeceefd47b6bd6784bf6b65d0613559eb8dd3ed8bcfbc,"{""distance"":7,""physical_error_rate"":0.0005}","{""detection_events"":3052712,""detectors_checked"":1561835520}"
    182272,         0,         0,    16.5,standalone_exact_mw,c63d9dbf283cbe8d7d2c9891770aca900c170ab5c3de0408fa399997170cec3d,"{""distance"":7,""physical_error_rate"":0.001}","{""detection_events"":574330,""detectors_checked"":147640320}"
     28672,         0,         0,    4.28,standalone_exact_mw,c63d9dbf283cbe8d7d2c9891770aca900c170ab5c3de0408fa399997170cec3d,"{""distance"":7,""physical_error_rate"":0.001}","{""detection_events"":91366,""detectors_checked"":23224320}"
    234496,         0,         0,    16.4,standalone_exact_mw,b0cacb7fc707c2734ebeeceefd47b6bd6784bf6b65d0613559eb8dd3ed8bcfbc,"{""distance"":7,""physical_error_rate"":0.0005}","{""detection_events"":370907,""detectors_checked"":189941760}"
    113664,         0,         0,    8.37,standalone_exact_mw,b0cacb7fc707c2734ebeeceefd47b6bd6784bf6b65d0613559eb8dd3ed8bcfbc,"{""distance"":7,""physical_error_rate"":0.0005}","{""detection_events"":179371,""detectors_checked"":92067840}"
     64512,         0,         0,    5.97,standalone_exact_mw,c63d9dbf283cbe8d7d2c9891770aca900c170ab5c3de0408fa399997170cec3d,"{""distance"":7,""physical_error_rate"":0.001}","{""detection_events"":203233,""detectors_checked"":52254720}"
    543744,         0,         0,    22.9,standalone_exact_mw,8e8e16d7b7d10172304dc167922b352ab88e75bca590a4202cfa41b2b9ea2794,"{""distance"":7,""physical_error_rate"":0.0002}","{""detection_events"":346021,""detectors_checked"":440432640}"
    942080,         0,         0,   119.9,standalone_exact_mw,20c8daca17953576b13a32f59e5f9cb54485b277119f4e6925e9023b8dd1f351,"{""distance"":7,""physical_error_rate"":0.002}","{""detection_events"":5905539,""detectors_checked"":763084800}"
     23552,         0,         0,    6.05,standalone_exact_mw,20c8daca17953576b13a32f59e5f9cb54485b277119f4e6925e9023b8dd1f351,"{""distance"":7,""physical_error_rate"":0.002}","{""detection_events"":147254,""detectors_checked"":19077120}"
    222208,         0,         0,    23.0,standalone_exact_mw,20c8daca17953576b13a32f59e5f9cb54485b277119f4e6925e9023b8dd1f351,"{""distance"":7,""physical_error_rate"":0.002}","{""detection_events"":1390080,""detectors_checked"":179988480}"
   1077016,         0,         0,    28.5,standalone_exact_mw,8e8e16d7b7d10172304dc167922b352ab88e75bca590a4202cfa41b2b9ea2794,"{""distance"":7,""physical_error_rate"":0.0002}","{""detection_events"":680497,""detectors_checked"":872382960}"
     59392,         0,         0,    6.03,standalone_exact_mw,8e8e16d7b7d10172304dc167922b352ab88e75bca590a4202cfa41b2b9ea2794,"{""distance"":7,""physical_error_rate"":0.0002}","{""detection_events"":37661,""detectors_checked"":48107520}"
   1030144,         0,         0,    50.8,standalone_exact_mw,8e8e16d7b7d10172304dc167922b352ab88e75bca590a4202cfa41b2b9ea2794,"{""distance"":7,""physical_error_rate"":0.0002}","{""detection_events"":654020,""detectors_checked"":834416640}"
    904192,         0,         0,    41.2,standalone_exact_mw,8e8e16d7b7d10172304dc167922b352ab88e75bca590a4202cfa41b2b9ea2794,"{""distance"":7,""physical_error_rate"":0.0002}","{""detection_events"":573596,""detectors_checked"":732395520}"
    376832,         0,         0,    22.9,standalone_exact_mw,b0cacb7fc707c2734ebeeceefd47b6bd6784bf6b65d0613559eb8dd3ed8bcfbc,"{""distance"":7,""physical_error_rate"":0.0005}","{""detection_events"":597015,""detectors_checked"":305233920}"
    883046,         0,         0,    42.7,standalone_exact_mw,8e8e16d7b7d10172304dc167922b352ab88e75bca590a4202cfa41b2b9ea2794,"{""distance"":7,""physical_error_rate"":0.0002}","{""detection_events"":559026,""detectors_checked"":715267260}"
    821248,         0,         0,    21.1,standalone_exact_mw,8e8e16d7b7d10172304dc167922b352ab88e75bca590a4202cfa41b2b9ea2794,"{""distance"":7,""physical_error_rate"":0.0002}","{""detection_events"":520553,""detectors_checked"":665210880}"
    709632,         0,         0,    44.6,standalone_exact_mw,8e8e16d7b7d10172304dc167922b352ab88e75bca590a4202cfa41b2b9ea2794,"{""distance"":7,""physical_error_rate"":0.0002}","{""detection_events"":451130,""detectors_checked"":574801920}"
    719872,         0,         0,    40.2,standalone_exact_mw,8e8e16d7b7d10172304dc167922b352ab88e75bca590a4202cfa41b2b9ea2794,"{""distance"":7,""physical_error_rate"":0.0002}","{""detection_events"":454948,""detectors_checked"":583096320}"
    821248,         0,         0,    42.1,standalone_exact_mw,8e8e16d7b7d10172304dc167922b352ab88e75bca590a4202cfa41b2b9ea2794,"{""distance"":7,""physical_error_rate"":0.0002}","{""detection_events"":521783,""detectors_checked"":665210880}"
     43008,         0,         0,    6.01,standalone_exact_mw,c63d9dbf283cbe8d7d2c9891770aca900c170ab5c3de0408fa399997170cec3d,"{""distance"":7,""physical_error_rate"":0.001}","{""detection_events"":136274,""detectors_checked"":34836480}"
   1392640,         0,         0,   119.7,standalone_exact_mw,b0cacb7fc707c2734ebeeceefd47b6bd6784bf6b65d0613559eb8dd3ed8bcfbc,"{""distance"":7,""physical_error_rate"":0.0005}","{""detection_events"":2201669,""detectors_checked"":1128038400}"
    703248,         0,         0,    35.1,standalone_exact_mw,8e8e16d7b7d10172304dc167922b352ab88e75bca590a4202cfa41b2b9ea2794,"{""distance"":7,""physical_error_rate"":0.0002}","{""detection_events"":446623,""detectors_checked"":569630880}"
    611328,         0,         0,    25.0,standalone_exact_mw,8e8e16d7b7d10172304dc167922b352ab88e75bca590a4202cfa41b2b9ea2794,"{""distance"":7,""physical_error_rate"":0.0002}","{""detection_events"":386124,""detectors_checked"":495175680}"
    508928,         0,         0,    19.1,standalone_exact_mw,8e8e16d7b7d10172304dc167922b352ab88e75bca590a4202cfa41b2b9ea2794,"{""distance"":7,""physical_error_rate"":0.0002}","{""detection_events"":322320,""detectors_checked"":412231680}"
     91136,         0,         0,    8.41,standalone_exact_mw,c63d9dbf283cbe8d7d2c9891770aca900c170ab5c3de0408fa399997170cec3d,"{""distance"":7,""physical_error_rate"":0.001}","{""detection_events"":284907,""detectors_checked"":73820160}"
   1220608,         0,         0,   119.8,standalone_exact_mw,c63d9dbf283cbe8d7d2c9891770aca900c170ab5c3de0408fa399997170cec3d,"{""distance"":7,""physical_error_rate"":0.001}","{""detection_events"":3847497,""detectors_checked"":988692480}"
     32768,         0,         0,    8.41,standalone_exact_mw,20c8daca17953576b13a32f59e5f9cb54485b277119f4e6925e9023b8dd1f351,"{""distance"":7,""physical_error_rate"":0.002}","{""detection_events"":203991,""detectors_checked"":26542080}"
     82944,         0,         0,    8.42,standalone_exact_mw,8e8e16d7b7d10172304dc167922b352ab88e75bca590a4202cfa41b2b9ea2794,"{""distance"":7,""physical_error_rate"":0.0002}","{""detection_events"":51982,""detectors_checked"":67184640}"
    467295,         0,         0,    25.8,standalone_exact_mw,8e8e16d7b7d10172304dc167922b352ab88e75bca590a4202cfa41b2b9ea2794,"{""distance"":7,""physical_error_rate"":0.0002}","{""detection_events"":295119,""detectors_checked"":378508950}"
    450560,         0,         0,    22.1,standalone_exact_mw,8e8e16d7b7d10172304dc167922b352ab88e75bca590a4202cfa41b2b9ea2794,"{""distance"":7,""physical_error_rate"":0.0002}","{""detection_events"":285255,""detectors_checked"":364953600}"
    164864,         0,         0,    11.7,standalone_exact_mw,b0cacb7fc707c2734ebeeceefd47b6bd6784bf6b65d0613559eb8dd3ed8bcfbc,"{""distance"":7,""physical_error_rate"":0.0005}","{""detection_events"":261563,""detectors_checked"":133539840}"
       273,         0,         0,   0.058,standalone_exact_mw,20c8daca17953576b13a32f59e5f9cb54485b277119f4e6925e9023b8dd1f351,"{""distance"":7,""physical_error_rate"":0.002}","{""detection_events"":1757,""detectors_checked"":221130}"
    362889,         0,         0,    8.95,standalone_exact_mw,8e8e16d7b7d10172304dc167922b352ab88e75bca590a4202cfa41b2b9ea2794,"{""distance"":7,""physical_error_rate"":0.0002}","{""detection_events"":228917,""detectors_checked"":293940090}"
    332800,         0,         0,    15.6,standalone_exact_mw,8e8e16d7b7d10172304dc167922b352ab88e75bca590a4202cfa41b2b9ea2794,"{""distance"":7,""physical_error_rate"":0.0002}","{""detection_events"":210993,""detectors_checked"":269568000}"
      1024,         0,         0,   0.185,standalone_exact_mw,20c8daca17953576b13a32f59e5f9cb54485b277119f4e6925e9023b8dd1f351,"{""distance"":7,""physical_error_rate"":0.002}","{""detection_events"":6281,""detectors_checked"":829440}"
      1024,         0,         0,   0.189,standalone_exact_mw,20c8daca17953576b13a32f59e5f9cb54485b277119f4e6925e9023b8dd1f351,"{""distance"":7,""physical_error_rate"":0.002}","{""detection_events"":6440,""detectors_checked"":829440}"
      1024,         0,         0,   0.189,standalone_exact_mw,20c8daca17953576b13a32f59e5f9cb54485b277119f4e6925e9023b8dd1f351,"{""distance"":7,""physical_error_rate"":0.002}","{""detection_events"":6511,""detectors_checked"":829440}"
      1024,         0,         0,   0.189,standalone_exact_mw,20c8daca17953576b13a32f59e5f9cb54485b277119f4e6925e9023b8dd1f351,"{""distance"":7,""physical_error_rate"":0.002}","{""detection_events"":6423,""detectors_checked"":829440}"
    312049,         0,         0,    8.08,standalone_exact_mw,8e8e16d7b7d10172304dc167922b352ab88e75bca590a4202cfa41b2b9ea2794,"{""distance"":7,""physical_error_rate"":0.0002}","{""detection_events"":197802,""detectors_checked"":252759690}"
    290816,         0,         0,    11.7,standalone_exact_mw,8e8e16d7b7d10172304dc167922b352ab88e75bca590a4202cfa41b2b9ea2794,"{""distance"":7,""physical_error_rate"":0.0002}","{""detection_events"":185444,""detectors_checked"":235560960}"
      1024,         0,         0,   0.193,standalone_exact_mw,20c8daca17953576b13a32f59e5f9cb54485b277119f4e6925e9023b8dd1f351,"{""distance"":7,""physical_error_rate"":0.002}","{""detection_events"":6468,""detectors_checked"":829440}"
      1024,         0,         0,   0.188,standalone_exact_mw,20c8daca17953576b13a32f59e5f9cb54485b277119f4e6925e9023b8dd1f351,"{""distance"":7,""physical_error_rate"":0.002}","{""detection_events"":6308,""detectors_checked"":829440}"
      1024,         0,         0,   0.185,standalone_exact_mw,20c8daca17953576b13a32f59e5f9cb54485b277119f4e6925e9023b8dd1f351,"{""distance"":7,""physical_error_rate"":0.002}","{""detection_events"":6500,""detectors_checked"":829440}"
      1024,         0,         0,   0.189,standalone_exact_mw,20c8daca17953576b13a32f59e5f9cb54485b277119f4e6925e9023b8dd1f351,"{""distance"":7,""physical_error_rate"":0.002}","{""detection_events"":6439,""detectors_checked"":829440}"
     60416,         0,         0,    8.49,standalone_exact_mw,c63d9dbf283cbe8d7d2c9891770aca900c170ab5c3de0408fa399997170cec3d,"{""distance"":7,""physical_error_rate"":0.001}","{""detection_events"":191288,""detectors_checked"":48936960}"
      2048,         0,         0,   0.378,standalone_exact_mw,20c8daca17953576b13a32f59e5f9cb54485b277119f4e6925e9023b8dd1f351,"{""distance"":7,""physical_error_rate"":0.002}","{""detection_events"":13058,""detectors_checked"":1658880}"
      2048,         0,         0,   0.377,standalone_exact_mw,20c8daca17953576b13a32f59e5f9cb54485b277119f4e6925e9023b8dd1f351,"{""distance"":7,""physical_error_rate"":0.002}","{""detection_events"":12776,""detectors_checked"":1658880}"
      3072,         0,         0,   0.563,standalone_exact_mw,20c8daca17953576b13a32f59e5f9cb54485b277119f4e6925e9023b8dd1f351,"{""distance"":7,""physical_error_rate"":0.002}","{""detection_events"":19344,""detectors_checked"":2488320}"
      4096,         0,         0,   0.753,standalone_exact_mw,20c8daca17953576b13a32f59e5f9cb54485b277119f4e6925e9023b8dd1f351,"{""distance"":7,""physical_error_rate"":0.002}","{""detection_events"":25659,""detectors_checked"":3317760}"
    271745,         0,         0,    13.2,standalone_exact_mw,8e8e16d7b7d10172304dc167922b352ab88e75bca590a4202cfa41b2b9ea2794,"{""distance"":7,""physical_error_rate"":0.0002}","{""detection_events"":171789,""detectors_checked"":220113450}"
    266240,         0,         0,    13.2,standalone_exact_mw,8e8e16d7b7d10172304dc167922b352ab88e75bca590a4202cfa41b2b9ea2794,"{""distance"":7,""physical_error_rate"":0.0002}","{""detection_events"":168197,""detectors_checked"":215654400}"
      5120,         0,         0,   0.908,standalone_exact_mw,20c8daca17953576b13a32f59e5f9cb54485b277119f4e6925e9023b8dd1f351,"{""distance"":7,""physical_error_rate"":0.002}","{""detection_events"":32405,""detectors_checked"":4147200}"
    236585,         0,         0,    11.8,standalone_exact_mw,8e8e16d7b7d10172304dc167922b352ab88e75bca590a4202cfa41b2b9ea2794,"{""distance"":7,""physical_error_rate"":0.0002}","{""detection_events"":149765,""detectors_checked"":191633850}"
    206848,         0,         0,    7.85,standalone_exact_mw,8e8e16d7b7d10172304dc167922b352ab88e75bca590a4202cfa41b2b9ea2794,"{""distance"":7,""physical_error_rate"":0.0002}","{""detection_events"":130694,""detectors_checked"":167546880}"
    207872,         0,         0,    7.86,standalone_exact_mw,8e8e16d7b7d10172304dc167922b352ab88e75bca590a4202cfa41b2b9ea2794,"{""distance"":7,""physical_error_rate"":0.0002}","{""detection_events"":131901,""detectors_checked"":168376320}"
    235520,         0,         0,    11.8,standalone_exact_mw,8e8e16d7b7d10172304dc167922b352ab88e75bca590a4202cfa41b2b9ea2794,"{""distance"":7,""physical_error_rate"":0.0002}","{""detection_events"":149672,""detectors_checked"":190771200}"
    234496,         0,         0,    11.8,standalone_exact_mw,8e8e16d7b7d10172304dc167922b352ab88e75bca590a4202cfa41b2b9ea2794,"{""distance"":7,""physical_error_rate"":0.0002}","{""detection_events"":148402,""detectors_checked"":189941760}"
    236544,         0,         0,    11.8,standalone_exact_mw,8e8e16d7b7d10172304dc167922b352ab88e75bca590a4202cfa41b2b9ea2794,"{""distance"":7,""physical_error_rate"":0.0002}","{""detection_events"":149811,""detectors_checked"":191600640}"
    205159,         0,         0,    5.08,standalone_exact_mw,8e8e16d7b7d10172304dc167922b352ab88e75bca590a4202cfa41b2b9ea2794,"{""distance"":7,""physical_error_rate"":0.0002}","{""detection_events"":129288,""detectors_checked"":166178790}"
    160768,         0,         0,    4.30,standalone_exact_mw,8e8e16d7b7d10172304dc167922b352ab88e75bca590a4202cfa41b2b9ea2794,"{""distance"":7,""physical_error_rate"":0.0002}","{""detection_events"":102237,""detectors_checked"":130222080}"
    171008,         0,         0,    8.53,standalone_exact_mw,8e8e16d7b7d10172304dc167922b352ab88e75bca590a4202cfa41b2b9ea2794,"{""distance"":7,""physical_error_rate"":0.0002}","{""detection_events"":108110,""detectors_checked"":138516480}"
   1196032,         0,         0,   119.9,standalone_exact_mw,c63d9dbf283cbe8d7d2c9891770aca900c170ab5c3de0408fa399997170cec3d,"{""distance"":7,""physical_error_rate"":0.001}","{""detection_events"":3762549,""detectors_checked"":968785920}"
    122256,         0,         0,    4.45,standalone_exact_mw,8e8e16d7b7d10172304dc167922b352ab88e75bca590a4202cfa41b2b9ea2794,"{""distance"":7,""physical_error_rate"":0.0002}","{""detection_events"":77113,""detectors_checked"":99027360}"
    115712,         0,         0,    5.63,standalone_exact_mw,8e8e16d7b7d10172304dc167922b352ab88e75bca590a4202cfa41b2b9ea2794,"{""distance"":7,""physical_error_rate"":0.0002}","{""detection_events"":72536,""detectors_checked"":93726720}"
     95232,         0,         0,    5.71,standalone_exact_mw,8e8e16d7b7d10172304dc167922b352ab88e75bca590a4202cfa41b2b9ea2794,"{""distance"":7,""physical_error_rate"":0.0002}","{""detection_events"":60105,""detectors_checked"":77137920}"
    108544,         0,         0,    5.30,standalone_exact_mw,8e8e16d7b7d10172304dc167922b352ab88e75bca590a4202cfa41b2b9ea2794,"{""distance"":7,""physical_error_rate"":0.0002}","{""detection_events"":68504,""detectors_checked"":87920640}"
      6144,         0,         0,    1.11,standalone_exact_mw,20c8daca17953576b13a32f59e5f9cb54485b277119f4e6925e9023b8dd1f351,"{""distance"":7,""physical_error_rate"":0.002}","{""detection_events"":38333,""detectors_checked"":4976640}"
   1414144,         0,         0,   119.9,standalone_exact_mw,c63d9dbf283cbe8d7d2c9891770aca900c170ab5c3de0408fa399997170cec3d,"{""distance"":7,""physical_error_rate"":0.001}","{""detection_events"":4454905,""detectors_checked"":1145456640}"
     61163,         0,         0,    1.79,standalone_exact_mw,8e8e16d7b7d10172304dc167922b352ab88e75bca590a4202cfa41b2b9ea2794,"{""distance"":7,""physical_error_rate"":0.0002}","{""detection_events"":38560,""detectors_checked"":49542030}"
     70089,         0,         0,    7.08,standalone_exact_mw,8e8e16d7b7d10172304dc167922b352ab88e75bca590a4202cfa41b2b9ea2794,"{""distance"":7,""physical_error_rate"":0.0002}","{""detection_events"":44299,""detectors_checked"":56772090}"
     65708,         0,         0,    1.62,standalone_exact_mw,8e8e16d7b7d10172304dc167922b352ab88e75bca590a4202cfa41b2b9ea2794,"{""distance"":7,""physical_error_rate"":0.0002}","{""detection_events"":41442,""detectors_checked"":53223480}"
     61601,         0,         0,    2.50,standalone_exact_mw,8e8e16d7b7d10172304dc167922b352ab88e75bca590a4202cfa41b2b9ea2794,"{""distance"":7,""physical_error_rate"":0.0002}","{""detection_events"":39318,""detectors_checked"":49896810}"
     60416,         0,         0,    1.68,standalone_exact_mw,8e8e16d7b7d10172304dc167922b352ab88e75bca590a4202cfa41b2b9ea2794,"{""distance"":7,""physical_error_rate"":0.0002}","{""detection_events"":38470,""detectors_checked"":48936960}"
      9216,         0,         0,    1.68,standalone_exact_mw,20c8daca17953576b13a32f59e5f9cb54485b277119f4e6925e9023b8dd1f351,"{""distance"":7,""physical_error_rate"":0.002}","{""detection_events"":57525,""detectors_checked"":7464960}"
     57751,         0,         0,    2.87,standalone_exact_mw,8e8e16d7b7d10172304dc167922b352ab88e75bca590a4202cfa41b2b9ea2794,"{""distance"":7,""physical_error_rate"":0.0002}","{""detection_events"":37022,""detectors_checked"":46778310}"
     54272,         0,         0,    2.67,standalone_exact_mw,8e8e16d7b7d10172304dc167922b352ab88e75bca590a4202cfa41b2b9ea2794,"{""distance"":7,""physical_error_rate"":0.0002}","{""detection_events"":34823,""detectors_checked"":43960320}"
     57344,         0,         0,    2.72,standalone_exact_mw,8e8e16d7b7d10172304dc167922b352ab88e75bca590a4202cfa41b2b9ea2794,"{""distance"":7,""physical_error_rate"":0.0002}","{""detection_events"":36545,""detectors_checked"":46448640}"
     55296,         0,         0,    2.68,standalone_exact_mw,8e8e16d7b7d10172304dc167922b352ab88e75bca590a4202cfa41b2b9ea2794,"{""distance"":7,""physical_error_rate"":0.0002}","{""detection_events"":34927,""detectors_checked"":44789760}"
     52224,         0,         0,    2.75,standalone_exact_mw,8e8e16d7b7d10172304dc167922b352ab88e75bca590a4202cfa41b2b9ea2794,"{""distance"":7,""physical_error_rate"":0.0002}","{""detection_events"":32983,""detectors_checked"":42301440}"
     55296,         0,         0,    2.70,standalone_exact_mw,8e8e16d7b7d10172304dc167922b352ab88e75bca590a4202cfa41b2b9ea2794,"{""distance"":7,""physical_error_rate"":0.0002}","{""detection_events"":34673,""detectors_checked"":44789760}"
     50366,         0,         0,    2.06,standalone_exact_mw,8e8e16d7b7d10172304dc167922b352ab88e75bca590a4202cfa41b2b9ea2794,"{""distance"":7,""physical_error_rate"":0.0002}","{""detection_events"":31851,""detectors_checked"":40796460}"
     45056,         0,         0,    2.23,standalone_exact_mw,8e8e16d7b7d10172304dc167922b352ab88e75bca590a4202cfa41b2b9ea2794,"{""distance"":7,""physical_error_rate"":0.0002}","{""detection_events"":28778,""detectors_checked"":36495360}"
     48128,         0,         0,    2.09,standalone_exact_mw,8e8e16d7b7d10172304dc167922b352ab88e75bca590a4202cfa41b2b9ea2794,"{""distance"":7,""physical_error_rate"":0.0002}","{""detection_events"":30413,""detectors_checked"":38983680}"
     41984,         0,         0,    2.06,standalone_exact_mw,8e8e16d7b7d10172304dc167922b352ab88e75bca590a4202cfa41b2b9ea2794,"{""distance"":7,""physical_error_rate"":0.0002}","{""detection_events"":26588,""detectors_checked"":34007040}"
   2275328,         0,         0,   119.9,standalone_exact_mw,c63d9dbf283cbe8d7d2c9891770aca900c170ab5c3de0408fa399997170cec3d,"{""distance"":7,""physical_error_rate"":0.001}","{""detection_events"":7166098,""detectors_checked"":1843015680}"
     30066,         0,         0,   0.773,standalone_exact_mw,8e8e16d7b7d10172304dc167922b352ab88e75bca590a4202cfa41b2b9ea2794,"{""distance"":7,""physical_error_rate"":0.0002}","{""detection_events"":18660,""detectors_checked"":24353460}"
     24576,         0,         0,   0.712,standalone_exact_mw,8e8e16d7b7d10172304dc167922b352ab88e75bca590a4202cfa41b2b9ea2794,"{""distance"":7,""physical_error_rate"":0.0002}","{""detection_events"":15531,""detectors_checked"":19906560}"
     29696,         0,         0,    2.19,standalone_exact_mw,8e8e16d7b7d10172304dc167922b352ab88e75bca590a4202cfa41b2b9ea2794,"{""distance"":7,""physical_error_rate"":0.0002}","{""detection_events"":18681,""detectors_checked"":24053760}"
     25600,         0,         0,    1.27,standalone_exact_mw,8e8e16d7b7d10172304dc167922b352ab88e75bca590a4202cfa41b2b9ea2794,"{""distance"":7,""physical_error_rate"":0.0002}","{""detection_events"":16452,""detectors_checked"":20736000}"
       370,         0,         0,   0.019,standalone_exact_mw,8e8e16d7b7d10172304dc167922b352ab88e75bca590a4202cfa41b2b9ea2794,"{""distance"":7,""physical_error_rate"":0.0002}","{""detection_events"":209,""detectors_checked"":299700}"
     19739,         0,         0,   0.804,standalone_exact_mw,8e8e16d7b7d10172304dc167922b352ab88e75bca590a4202cfa41b2b9ea2794,"{""distance"":7,""physical_error_rate"":0.0002}","{""detection_events"":12314,""detectors_checked"":15988590}"
     15177,         0,         0,   0.441,standalone_exact_mw,8e8e16d7b7d10172304dc167922b352ab88e75bca590a4202cfa41b2b9ea2794,"{""distance"":7,""physical_error_rate"":0.0002}","{""detection_events"":9677,""detectors_checked"":12293370}"
      5490,         0,         0,   0.134,standalone_exact_mw,8e8e16d7b7d10172304dc167922b352ab88e75bca590a4202cfa41b2b9ea2794,"{""distance"":7,""physical_error_rate"":0.0002}","{""detection_events"":3495,""detectors_checked"":4446900}"
       584,         0,         0,   0.016,standalone_exact_mw,8e8e16d7b7d10172304dc167922b352ab88e75bca590a4202cfa41b2b9ea2794,"{""distance"":7,""physical_error_rate"":0.0002}","{""detection_events"":373,""detectors_checked"":473040}"
     12542,         0,         0,   0.545,standalone_exact_mw,8e8e16d7b7d10172304dc167922b352ab88e75bca590a4202cfa41b2b9ea2794,"{""distance"":7,""physical_error_rate"":0.0002}","{""detection_events"":7896,""detectors_checked"":10159020}"
     11378,         0,         0,   0.281,standalone_exact_mw,8e8e16d7b7d10172304dc167922b352ab88e75bca590a4202cfa41b2b9ea2794,"{""distance"":7,""physical_error_rate"":0.0002}","{""detection_events"":7218,""detectors_checked"":9216180}"
     12288,         0,         0,   0.590,standalone_exact_mw,8e8e16d7b7d10172304dc167922b352ab88e75bca590a4202cfa41b2b9ea2794,"{""distance"":7,""physical_error_rate"":0.0002}","{""detection_events"":7766,""detectors_checked"":9953280}"
     12288,         0,         0,   0.589,standalone_exact_mw,8e8e16d7b7d10172304dc167922b352ab88e75bca590a4202cfa41b2b9ea2794,"{""distance"":7,""physical_error_rate"":0.0002}","{""detection_events"":7764,""detectors_checked"":9953280}"
     11378,         0,         0,   0.556,standalone_exact_mw,8e8e16d7b7d10172304dc167922b352ab88e75bca590a4202cfa41b2b9ea2794,"{""distance"":7,""physical_error_rate"":0.0002}","{""detection_events"":7004,""detectors_checked"":9216180}"
     12288,         0,         0,   0.588,standalone_exact_mw,8e8e16d7b7d10172304dc167922b352ab88e75bca590a4202cfa41b2b9ea2794,"{""distance"":7,""physical_error_rate"":0.0002}","{""detection_events"":7725,""detectors_checked"":9953280}"
     11264,         0,         0,   0.388,standalone_exact_mw,8e8e16d7b7d10172304dc167922b352ab88e75bca590a4202cfa41b2b9ea2794,"{""distance"":7,""physical_error_rate"":0.0002}","{""detection_events"":7121,""detectors_checked"":9123840}"
       114,         0,         0,   0.004,standalone_exact_mw,8e8e16d7b7d10172304dc167922b352ab88e75bca590a4202cfa41b2b9ea2794,"{""distance"":7,""physical_error_rate"":0.0002}","{""detection_events"":62,""detectors_checked"":92340}"
     12288,         0,         0,    1.23,standalone_exact_mw,8e8e16d7b7d10172304dc167922b352ab88e75bca590a4202cfa41b2b9ea2794,"{""distance"":7,""physical_error_rate"":0.0002}","{""detection_events"":7992,""detectors_checked"":9953280}"
       784,         0,         0,   0.034,standalone_exact_mw,8e8e16d7b7d10172304dc167922b352ab88e75bca590a4202cfa41b2b9ea2794,"{""distance"":7,""physical_error_rate"":0.0002}","{""detection_events"":504,""detectors_checked"":635040}"
      1164,         0,         0,   0.030,standalone_exact_mw,8e8e16d7b7d10172304dc167922b352ab88e75bca590a4202cfa41b2b9ea2794,"{""distance"":7,""physical_error_rate"":0.0002}","{""detection_events"":685,""detectors_checked"":942840}"
      6144,         0,         0,   0.285,standalone_exact_mw,8e8e16d7b7d10172304dc167922b352ab88e75bca590a4202cfa41b2b9ea2794,"{""distance"":7,""physical_error_rate"":0.0002}","{""detection_events"":4110,""detectors_checked"":4976640}"
      2112,         0,         0,   0.054,standalone_exact_mw,8e8e16d7b7d10172304dc167922b352ab88e75bca590a4202cfa41b2b9ea2794,"{""distance"":7,""physical_error_rate"":0.0002}","{""detection_events"":1267,""detectors_checked"":1710720}"
      6144,         0,         0,   0.178,standalone_exact_mw,8e8e16d7b7d10172304dc167922b352ab88e75bca590a4202cfa41b2b9ea2794,"{""distance"":7,""physical_error_rate"":0.0002}","{""detection_events"":3919,""detectors_checked"":4976640}"
      1202,         0,         0,   0.057,standalone_exact_mw,8e8e16d7b7d10172304dc167922b352ab88e75bca590a4202cfa41b2b9ea2794,"{""distance"":7,""physical_error_rate"":0.0002}","{""detection_events"":745,""detectors_checked"":973620}"
      1202,         0,         0,   0.057,standalone_exact_mw,8e8e16d7b7d10172304dc167922b352ab88e75bca590a4202cfa41b2b9ea2794,"{""distance"":7,""physical_error_rate"":0.0002}","{""detection_events"":717,""detectors_checked"":973620}"
      9216,         0,         0,   0.446,standalone_exact_mw,8e8e16d7b7d10172304dc167922b352ab88e75bca590a4202cfa41b2b9ea2794,"{""distance"":7,""physical_error_rate"":0.0002}","{""detection_events"":5791,""detectors_checked"":7464960}"
     10240,         0,         0,   0.497,standalone_exact_mw,8e8e16d7b7d10172304dc167922b352ab88e75bca590a4202cfa41b2b9ea2794,"{""distance"":7,""physical_error_rate"":0.0002}","{""detection_events"":6420,""detectors_checked"":8294400}"
      9216,         0,         0,   0.453,standalone_exact_mw,8e8e16d7b7d10172304dc167922b352ab88e75bca590a4202cfa41b2b9ea2794,"{""distance"":7,""physical_error_rate"":0.0002}","{""detection_events"":5969,""detectors_checked"":7464960}"
       233,         0,         0,   0.006,standalone_exact_mw,8e8e16d7b7d10172304dc167922b352ab88e75bca590a4202cfa41b2b9ea2794,"{""distance"":7,""physical_error_rate"":0.0002}","{""detection_events"":133,""detectors_checked"":188730}"
       820,         0,         0,   0.047,standalone_exact_mw,8e8e16d7b7d10172304dc167922b352ab88e75bca590a4202cfa41b2b9ea2794,"{""distance"":7,""physical_error_rate"":0.0002}","{""detection_events"":520,""detectors_checked"":664200}"
      1202,         0,         0,   0.044,standalone_exact_mw,8e8e16d7b7d10172304dc167922b352ab88e75bca590a4202cfa41b2b9ea2794,"{""distance"":7,""physical_error_rate"":0.0002}","{""detection_events"":770,""detectors_checked"":973620}"
      6051,         0,         0,   0.225,standalone_exact_mw,8e8e16d7b7d10172304dc167922b352ab88e75bca590a4202cfa41b2b9ea2794,"{""distance"":7,""physical_error_rate"":0.0002}","{""detection_events"":3881,""detectors_checked"":4901310}"
       711,         0,         0,   0.027,standalone_exact_mw,8e8e16d7b7d10172304dc167922b352ab88e75bca590a4202cfa41b2b9ea2794,"{""distance"":7,""physical_error_rate"":0.0002}","{""detection_events"":489,""detectors_checked"":575910}"
      5120,         0,         0,   0.235,standalone_exact_mw,8e8e16d7b7d10172304dc167922b352ab88e75bca590a4202cfa41b2b9ea2794,"{""distance"":7,""physical_error_rate"":0.0002}","{""detection_events"":3356,""detectors_checked"":4147200}"
       576,         0,         0,   0.029,standalone_exact_mw,8e8e16d7b7d10172304dc167922b352ab88e75bca590a4202cfa41b2b9ea2794,"{""distance"":7,""physical_error_rate"":0.0002}","{""detection_events"":412,""detectors_checked"":466560}"
        73,         0,         0,   0.003,standalone_exact_mw,8e8e16d7b7d10172304dc167922b352ab88e75bca590a4202cfa41b2b9ea2794,"{""distance"":7,""physical_error_rate"":0.0002}","{""detection_events"":42,""detectors_checked"":59130}"
      3716,         0,         0,   0.120,standalone_exact_mw,8e8e16d7b7d10172304dc167922b352ab88e75bca590a4202cfa41b2b9ea2794,"{""distance"":7,""physical_error_rate"":0.0002}","{""detection_events"":2324,""detectors_checked"":3009960}"
      2052,         0,         0,   0.053,standalone_exact_mw,8e8e16d7b7d10172304dc167922b352ab88e75bca590a4202cfa41b2b9ea2794,"{""distance"":7,""physical_error_rate"":0.0002}","{""detection_events"":1239,""detectors_checked"":1662120}"
       931,         0,         0,   0.025,standalone_exact_mw,8e8e16d7b7d10172304dc167922b352ab88e75bca590a4202cfa41b2b9ea2794,"{""distance"":7,""physical_error_rate"":0.0002}","{""detection_events"":596,""detectors_checked"":754110}"
      1138,         0,         0,   0.055,standalone_exact_mw,8e8e16d7b7d10172304dc167922b352ab88e75bca590a4202cfa41b2b9ea2794,"{""distance"":7,""physical_error_rate"":0.0002}","{""detection_events"":749,""detectors_checked"":921780}"
       334,         0,         0,   0.009,standalone_exact_mw,8e8e16d7b7d10172304dc167922b352ab88e75bca590a4202cfa41b2b9ea2794,"{""distance"":7,""physical_error_rate"":0.0002}","{""detection_events"":214,""detectors_checked"":270540}"
       598,         0,         0,   0.028,standalone_exact_mw,8e8e16d7b7d10172304dc167922b352ab88e75bca590a4202cfa41b2b9ea2794,"{""distance"":7,""physical_error_rate"":0.0002}","{""detection_events"":384,""detectors_checked"":484380}"
       154,         0,         0,   0.005,standalone_exact_mw,8e8e16d7b7d10172304dc167922b352ab88e75bca590a4202cfa41b2b9ea2794,"{""distance"":7,""physical_error_rate"":0.0002}","{""detection_events"":96,""detectors_checked"":124740}"
       237,         0,         0,   0.007,standalone_exact_mw,8e8e16d7b7d10172304dc167922b352ab88e75bca590a4202cfa41b2b9ea2794,"{""distance"":7,""physical_error_rate"":0.0002}","{""detection_events"":145,""detectors_checked"":191970}"
      2289,         0,         0,   0.071,standalone_exact_mw,8e8e16d7b7d10172304dc167922b352ab88e75bca590a4202cfa41b2b9ea2794,"{""distance"":7,""physical_error_rate"":0.0002}","{""detection_events"":1364,""detectors_checked"":1854090}"
      1262,         0,         0,   0.058,standalone_exact_mw,8e8e16d7b7d10172304dc167922b352ab88e75bca590a4202cfa41b2b9ea2794,"{""distance"":7,""physical_error_rate"":0.0002}","{""detection_events"":858,""detectors_checked"":1022220}"
        36,         0,         0,   0.002,standalone_exact_mw,8e8e16d7b7d10172304dc167922b352ab88e75bca590a4202cfa41b2b9ea2794,"{""distance"":7,""physical_error_rate"":0.0002}","{""detection_events"":24,""detectors_checked"":29160}"
      2289,         0,         0,   0.083,standalone_exact_mw,8e8e16d7b7d10172304dc167922b352ab88e75bca590a4202cfa41b2b9ea2794,"{""distance"":7,""physical_error_rate"":0.0002}","{""detection_events"":1449,""detectors_checked"":1854090}"
      3068,         0,         0,   0.141,standalone_exact_mw,8e8e16d7b7d10172304dc167922b352ab88e75bca590a4202cfa41b2b9ea2794,"{""distance"":7,""physical_error_rate"":0.0002}","{""detection_events"":2001,""detectors_checked"":2485080}"
      5535,         0,         0,   0.398,standalone_exact_mw,8e8e16d7b7d10172304dc167922b352ab88e75bca590a4202cfa41b2b9ea2794,"{""distance"":7,""physical_error_rate"":0.0002}","{""detection_events"":3397,""detectors_checked"":4483350}"
      2048,         0,         0,   0.090,standalone_exact_mw,8e8e16d7b7d10172304dc167922b352ab88e75bca590a4202cfa41b2b9ea2794,"{""distance"":7,""physical_error_rate"":0.0002}","{""detection_events"":1365,""detectors_checked"":1658880}"
      2048,         0,         0,   0.090,standalone_exact_mw,8e8e16d7b7d10172304dc167922b352ab88e75bca590a4202cfa41b2b9ea2794,"{""distance"":7,""physical_error_rate"":0.0002}","{""detection_events"":1196,""detectors_checked"":1658880}"
      1345,         0,         0,   0.060,standalone_exact_mw,8e8e16d7b7d10172304dc167922b352ab88e75bca590a4202cfa41b2b9ea2794,"{""distance"":7,""physical_error_rate"":0.0002}","{""detection_events"":883,""detectors_checked"":1089450}"
       186,         0,         0,   0.006,standalone_exact_mw,8e8e16d7b7d10172304dc167922b352ab88e75bca590a4202cfa41b2b9ea2794,"{""distance"":7,""physical_error_rate"":0.0002}","{""detection_events"":122,""detectors_checked"":150660}"
      2048,         0,         0,   0.077,standalone_exact_mw,8e8e16d7b7d10172304dc167922b352ab88e75bca590a4202cfa41b2b9ea2794,"{""distance"":7,""physical_error_rate"":0.0002}","{""detection_events"":1318,""detectors_checked"":1658880}"
         4,         0,         0,   0.002,standalone_exact_mw,8e8e16d7b7d10172304dc167922b352ab88e75bca590a4202cfa41b2b9ea2794,"{""distance"":7,""physical_error_rate"":0.0002}","{""detection_events"":3,""detectors_checked"":3240}"
       779,         0,         0,   0.033,standalone_exact_mw,8e8e16d7b7d10172304dc167922b352ab88e75bca590a4202cfa41b2b9ea2794,"{""distance"":7,""physical_error_rate"":0.0002}","{""detection_events"":466,""detectors_checked"":630990}"
         4,         0,         0,   0.002,standalone_exact_mw,8e8e16d7b7d10172304dc167922b352ab88e75bca590a4202cfa41b2b9ea2794,"{""distance"":7,""physical_error_rate"":0.0002}","{""detection_events"":2,""detectors_checked"":3240}"
        12,         0,         0,   0.002,standalone_exact_mw,8e8e16d7b7d10172304dc167922b352ab88e75bca590a4202cfa41b2b9ea2794,"{""distance"":7,""physical_error_rate"":0.0002}","{""detection_events"":3,""detectors_checked"":9720}"
       237,         0,         0,   0.007,standalone_exact_mw,8e8e16d7b7d10172304dc167922b352ab88e75bca590a4202cfa41b2b9ea2794,"{""distance"":7,""physical_error_rate"":0.0002}","{""detection_events"":160,""detectors_checked"":191970}"
       277,         0,         0,   0.008,standalone_exact_mw,8e8e16d7b7d10172304dc167922b352ab88e75bca590a4202cfa41b2b9ea2794,"{""distance"":7,""physical_error_rate"":0.0002}","{""detection_events"":151,""detectors_checked"":224370}"
      1866,         0,         0,   0.087,standalone_exact_mw,8e8e16d7b7d10172304dc167922b352ab88e75bca590a4202cfa41b2b9ea2794,"{""distance"":7,""physical_error_rate"":0.0002}","{""detection_events"":1165,""detectors_checked"":1511460}"
      2048,         0,         0,   0.099,standalone_exact_mw,8e8e16d7b7d10172304dc167922b352ab88e75bca590a4202cfa41b2b9ea2794,"{""distance"":7,""physical_error_rate"":0.0002}","{""detection_events"":1251,""detectors_checked"":1658880}"
         1,         0,         0,   0.002,standalone_exact_mw,8e8e16d7b7d10172304dc167922b352ab88e75bca590a4202cfa41b2b9ea2794,"{""distance"":7,""physical_error_rate"":0.0002}","{""detectors_checked"":810}"
         1,         0,         0,   0.002,standalone_exact_mw,8e8e16d7b7d10172304dc167922b352ab88e75bca590a4202cfa41b2b9ea2794,"{""distance"":7,""physical_error_rate"":0.0002}","{""detectors_checked"":810}"
         1,         0,         0,   0.001,standalone_exact_mw,8e8e16d7b7d10172304dc167922b352ab88e75bca590a4202cfa41b2b9ea2794,"{""distance"":7,""physical_error_rate"":0.0002}","{""detectors_checked"":810}"
         1,         0,         0,   0.001,standalone_exact_mw,8e8e16d7b7d10172304dc167922b352ab88e75bca590a4202cfa41b2b9ea2794,"{""distance"":7,""physical_error_rate"":0.0002}","{""detectors_checked"":810}"
   1210368,         0,         0,   119.8,standalone_exact_mw,c63d9dbf283cbe8d7d2c9891770aca900c170ab5c3de0408fa399997170cec3d,"{""distance"":7,""physical_error_rate"":0.001}","{""detection_events"":3816329,""detectors_checked"":980398080}"
    118784,         0,         0,    11.8,standalone_exact_mw,c63d9dbf283cbe8d7d2c9891770aca900c170ab5c3de0408fa399997170cec3d,"{""distance"":7,""physical_error_rate"":0.001}","{""detection_events"":374005,""detectors_checked"":96215040}"
     15360,         0,         0,    2.24,standalone_exact_mw,20c8daca17953576b13a32f59e5f9cb54485b277119f4e6925e9023b8dd1f351,"{""distance"":7,""physical_error_rate"":0.002}","{""detection_events"":96183,""detectors_checked"":12441600}"
    892928,         0,         0,   119.8,standalone_exact_mw,20c8daca17953576b13a32f59e5f9cb54485b277119f4e6925e9023b8dd1f351,"{""distance"":7,""physical_error_rate"":0.002}","{""detection_events"":5589327,""detectors_checked"":723271680}"
    270336,         0,         0,    22.9,standalone_exact_mw,c63d9dbf283cbe8d7d2c9891770aca900c170ab5c3de0408fa399997170cec3d,"{""distance"":7,""physical_error_rate"":0.001}","{""detection_events"":850474,""detectors_checked"":218972160}"
     49152,         0,         0,    11.8,standalone_exact_mw,20c8daca17953576b13a32f59e5f9cb54485b277119f4e6925e9023b8dd1f351,"{""distance"":7,""physical_error_rate"":0.002}","{""detection_events"":307709,""detectors_checked"":39813120}"
    337920,         0,         0,    23.0,standalone_exact_mw,b0cacb7fc707c2734ebeeceefd47b6bd6784bf6b65d0613559eb8dd3ed8bcfbc,"{""distance"":7,""physical_error_rate"":0.0005}","{""detection_events"":534338,""detectors_checked"":273715200}"
     24576,         0,         0,    3.09,standalone_exact_mw,20c8daca17953576b13a32f59e5f9cb54485b277119f4e6925e9023b8dd1f351,"{""distance"":7,""physical_error_rate"":0.002}","{""detection_events"":152413,""detectors_checked"":19906560}"
    103424,         0,         0,    11.7,standalone_exact_mw,c63d9dbf283cbe8d7d2c9891770aca900c170ab5c3de0408fa399997170cec3d,"{""distance"":7,""physical_error_rate"":0.001}","{""detection_events"":325405,""detectors_checked"":83773440}"
   3188736,         0,         0,   119.8,standalone_exact_mw,b0cacb7fc707c2734ebeeceefd47b6bd6784bf6b65d0613559eb8dd3ed8bcfbc,"{""distance"":7,""physical_error_rate"":0.0005}","{""detection_events"":5034792,""detectors_checked"":2582876160}"
   1489920,         0,         0,   119.7,standalone_exact_mw,b0cacb7fc707c2734ebeeceefd47b6bd6784bf6b65d0613559eb8dd3ed8bcfbc,"{""distance"":7,""physical_error_rate"":0.0005}","{""detection_events"":2355260,""detectors_checked"":1206835200}"
   1045504,         0,         0,   119.9,standalone_exact_mw,20c8daca17953576b13a32f59e5f9cb54485b277119f4e6925e9023b8dd1f351,"{""distance"":7,""physical_error_rate"":0.002}","{""detection_events"":6553857,""detectors_checked"":846858240}"
   1892352,         0,         0,   119.8,standalone_exact_mw,b0cacb7fc707c2734ebeeceefd47b6bd6784bf6b65d0613559eb8dd3ed8bcfbc,"{""distance"":7,""physical_error_rate"":0.0005}","{""detection_events"":2991706,""detectors_checked"":1532805120}"
    221184,         0,         0,    16.4,standalone_exact_mw,b0cacb7fc707c2734ebeeceefd47b6bd6784bf6b65d0613559eb8dd3ed8bcfbc,"{""distance"":7,""physical_error_rate"":0.0005}","{""detection_events"":348057,""detectors_checked"":179159040}"
     34816,         0,         0,    4.38,standalone_exact_mw,20c8daca17953576b13a32f59e5f9cb54485b277119f4e6925e9023b8dd1f351,"{""distance"":7,""physical_error_rate"":0.002}","{""detection_events"":217719,""detectors_checked"":28200960}"
   1227776,         0,         0,   119.8,standalone_exact_mw,20c8daca17953576b13a32f59e5f9cb54485b277119f4e6925e9023b8dd1f351,"{""distance"":7,""physical_error_rate"":0.002}","{""detection_events"":7694204,""detectors_checked"":994498560}"
   2320384,         0,         0,   119.9,standalone_exact_mw,c63d9dbf283cbe8d7d2c9891770aca900c170ab5c3de0408fa399997170cec3d,"{""distance"":7,""physical_error_rate"":0.001}","{""detection_events"":7315895,""detectors_checked"":1879511040}"
     48128,         0,         0,    6.07,standalone_exact_mw,20c8daca17953576b13a32f59e5f9cb54485b277119f4e6925e9023b8dd1f351,"{""distance"":7,""physical_error_rate"":0.002}","{""detection_events"":303229,""detectors_checked"":38983680}"
    331776,         0,         0,    32.2,standalone_exact_mw,20c8daca17953576b13a32f59e5f9cb54485b277119f4e6925e9023b8dd1f351,"{""distance"":7,""physical_error_rate"":0.002}","{""detection_events"":2078678,""detectors_checked"":268738560}"
   1421312,         0,         0,   119.9,standalone_exact_mw,c63d9dbf283cbe8d7d2c9891770aca900c170ab5c3de0408fa399997170cec3d,"{""distance"":7,""physical_error_rate"":0.001}","{""detection_events"":4479672,""detectors_checked"":1151262720}"
    900096,         0,         0,   120.0,standalone_exact_mw,20c8daca17953576b13a32f59e5f9cb54485b277119f4e6925e9023b8dd1f351,"{""distance"":7,""physical_error_rate"":0.002}","{""detection_events"":5635295,""detectors_checked"":729077760}"
    587776,         0,         0,    32.1,standalone_exact_mw,b0cacb7fc707c2734ebeeceefd47b6bd6784bf6b65d0613559eb8dd3ed8bcfbc,"{""distance"":7,""physical_error_rate"":0.0005}","{""detection_events"":931039,""detectors_checked"":476098560}"
    816128,         0,         0,   119.9,standalone_exact_mw,20c8daca17953576b13a32f59e5f9cb54485b277119f4e6925e9023b8dd1f351,"{""distance"":7,""physical_error_rate"":0.002}","{""detection_events"":5108028,""detectors_checked"":661063680}"
    967680,         0,         0,   119.9,standalone_exact_mw,20c8daca17953576b13a32f59e5f9cb54485b277119f4e6925e9023b8dd1f351,"{""distance"":7,""physical_error_rate"":0.002}","{""detection_events"":6067437,""detectors_checked"":783820800}"
   3005440,         0,         0,   119.8,standalone_exact_mw,b0cacb7fc707c2734ebeeceefd47b6bd6784bf6b65d0613559eb8dd3ed8bcfbc,"{""distance"":7,""physical_error_rate"":0.0005}","{""detection_events"":4746058,""detectors_checked"":2434406400}"
   1854464,         0,         0,   119.9,standalone_exact_mw,20c8daca17953576b13a32f59e5f9cb54485b277119f4e6925e9023b8dd1f351,"{""distance"":7,""physical_error_rate"":0.002}","{""detection_events"":11612238,""detectors_checked"":1502115840}"
    137216,         0,         0,    16.4,standalone_exact_mw,c63d9dbf283cbe8d7d2c9891770aca900c170ab5c3de0408fa399997170cec3d,"{""distance"":7,""physical_error_rate"":0.001}","{""detection_events"":433341,""detectors_checked"":111144960}"
    109568,         0,         0,    16.4,standalone_exact_mw,20c8daca17953576b13a32f59e5f9cb54485b277119f4e6925e9023b8dd1f351,"{""distance"":7,""physical_error_rate"":0.002}","{""detection_events"":687459,""detectors_checked"":88750080}"
   1667072,         0,         0,   119.8,standalone_exact_mw,b0cacb7fc707c2734ebeeceefd47b6bd6784bf6b65d0613559eb8dd3ed8bcfbc,"{""distance"":7,""physical_error_rate"":0.0005}","{""detection_events"":2638241,""detectors_checked"":1350328320}"
    176128,         0,         0,    16.4,standalone_exact_mw,c63d9dbf283cbe8d7d2c9891770aca900c170ab5c3de0408fa399997170cec3d,"{""distance"":7,""physical_error_rate"":0.001}","{""detection_events"":554088,""detectors_checked"":142663680}"
     67584,         0,         0,    8.44,standalone_exact_mw,20c8daca17953576b13a32f59e5f9cb54485b277119f4e6925e9023b8dd1f351,"{""distance"":7,""physical_error_rate"":0.002}","{""detection_events"":423869,""detectors_checked"":54743040}"
   1518592,         0,         0,   119.8,standalone_exact_mw,b0cacb7fc707c2734ebeeceefd47b6bd6784bf6b65d0613559eb8dd3ed8bcfbc,"{""distance"":7,""physical_error_rate"":0.0005}","{""detection_events"":2401707,""detectors_checked"":1230059520}"
    926720,         0,         0,   119.9,standalone_exact_mw,20c8daca17953576b13a32f59e5f9cb54485b277119f4e6925e9023b8dd1f351,"{""distance"":7,""physical_error_rate"":0.002}","{""detection_events"":5808815,""detectors_checked"":750643200}"
    320512,         0,         0,    23.0,standalone_exact_mw,b0cacb7fc707c2734ebeeceefd47b6bd6784bf6b65d0613559eb8dd3ed8bcfbc,"{""distance"":7,""physical_error_rate"":0.0005}","{""detection_events"":507746,""detectors_checked"":259614720}"
    360448,         0,         0,    32.2,standalone_exact_mw,c63d9dbf283cbe8d7d2c9891770aca900c170ab5c3de0408fa399997170cec3d,"{""distance"":7,""physical_error_rate"":0.001}","{""detection_events"":1134791,""detectors_checked"":291962880}"
    500736,         0,         0,    32.1,standalone_exact_mw,b0cacb7fc707c2734ebeeceefd47b6bd6784bf6b65d0613559eb8dd3ed8bcfbc,"{""distance"":7,""physical_error_rate"":0.0005}","{""detection_events"":790417,""detectors_checked"":405596160}"
     94208,         0,         0,    11.8,standalone_exact_mw,20c8daca17953576b13a32f59e5f9cb54485b277119f4e6925e9023b8dd1f351,"{""distance"":7,""physical_error_rate"":0.002}","{""detection_events"":589975,""detectors_checked"":76308480}"
    903168,         0,         0,   119.9,standalone_exact_mw,20c8daca17953576b13a32f59e5f9cb54485b277119f4e6925e9023b8dd1f351,"{""distance"":7,""physical_error_rate"":0.002}","{""detection_events"":5662960,""detectors_checked"":731566080}"
    237568,         0,         0,    22.9,standalone_exact_mw,c63d9dbf283cbe8d7d2c9891770aca900c170ab5c3de0408fa399997170cec3d,"{""distance"":7,""physical_error_rate"":0.001}","{""detection_events"":747046,""detectors_checked"":192430080}"
    177152,         0,         0,    23.0,standalone_exact_mw,20c8daca17953576b13a32f59e5f9cb54485b277119f4e6925e9023b8dd1f351,"{""distance"":7,""physical_error_rate"":0.002}","{""detection_events"":1108169,""detectors_checked"":143493120}"
   1105920,         0,         0,   119.9,standalone_exact_mw,c63d9dbf283cbe8d7d2c9891770aca900c170ab5c3de0408fa399997170cec3d,"{""distance"":7,""physical_error_rate"":0.001}","{""detection_events"":3492580,""detectors_checked"":895795200}"
    166912,         0,         0,    23.1,standalone_exact_mw,c63d9dbf283cbe8d7d2c9891770aca900c170ab5c3de0408fa399997170cec3d,"{""distance"":7,""physical_error_rate"":0.001}","{""detection_events"":526735,""detectors_checked"":135198720}"
   1175552,         0,         0,   119.9,standalone_exact_mw,c63d9dbf283cbe8d7d2c9891770aca900c170ab5c3de0408fa399997170cec3d,"{""distance"":7,""physical_error_rate"":0.001}","{""detection_events"":3701698,""detectors_checked"":952197120}"
   1012736,         0,         0,   119.9,standalone_exact_mw,c63d9dbf283cbe8d7d2c9891770aca900c170ab5c3de0408fa399997170cec3d,"{""distance"":7,""physical_error_rate"":0.001}","{""detection_events"":3193075,""detectors_checked"":820316160}"
    130048,         0,         0,    16.4,standalone_exact_mw,20c8daca17953576b13a32f59e5f9cb54485b277119f4e6925e9023b8dd1f351,"{""distance"":7,""physical_error_rate"":0.002}","{""detection_events"":815656,""detectors_checked"":105338880}"
    945152,         1,         0,   119.8,standalone_exact_mw,20c8daca17953576b13a32f59e5f9cb54485b277119f4e6925e9023b8dd1f351,"{""distance"":7,""physical_error_rate"":0.002}","{""detection_events"":5921754,""detectors_checked"":765573120,""obs_mistake_mask=E"":1}"
   1653760,         0,         0,   119.8,standalone_exact_mw,b0cacb7fc707c2734ebeeceefd47b6bd6784bf6b65d0613559eb8dd3ed8bcfbc,"{""distance"":7,""physical_error_rate"":0.0005}","{""detection_events"":2616328,""detectors_checked"":1339545600}"
    423936,         0,         0,    45.0,standalone_exact_mw,20c8daca17953576b13a32f59e5f9cb54485b277119f4e6925e9023b8dd1f351,"{""distance"":7,""physical_error_rate"":0.002}","{""detection_events"":2658155,""detectors_checked"":343388160}"
    700416,         0,         0,    45.0,standalone_exact_mw,b0cacb7fc707c2734ebeeceefd47b6bd6784bf6b65d0613559eb8dd3ed8bcfbc,"{""distance"":7,""physical_error_rate"":0.0005}","{""detection_events"":1107256,""detectors_checked"":567336960}"
    394240,         0,         0,    32.2,standalone_exact_mw,b0cacb7fc707c2734ebeeceefd47b6bd6784bf6b65d0613559eb8dd3ed8bcfbc,"{""distance"":7,""physical_error_rate"":0.0005}","{""detection_events"":622523,""detectors_checked"":319334400}"
   1665024,         0,         0,   119.8,standalone_exact_mw,c63d9dbf283cbe8d7d2c9891770aca900c170ab5c3de0408fa399997170cec3d,"{""distance"":7,""physical_error_rate"":0.001}","{""detection_events"":5246492,""detectors_checked"":1348669440}"
    344064,         0,         0,    32.2,standalone_exact_mw,c63d9dbf283cbe8d7d2c9891770aca900c170ab5c3de0408fa399997170cec3d,"{""distance"":7,""physical_error_rate"":0.001}","{""detection_events"":1083669,""detectors_checked"":278691840}"
   1250304,         0,         0,   119.8,standalone_exact_mw,c63d9dbf283cbe8d7d2c9891770aca900c170ab5c3de0408fa399997170cec3d,"{""distance"":7,""physical_error_rate"":0.001}","{""detection_events"":3943533,""detectors_checked"":1012746240}"
    249856,         0,         0,    32.1,standalone_exact_mw,20c8daca17953576b13a32f59e5f9cb54485b277119f4e6925e9023b8dd1f351,"{""distance"":7,""physical_error_rate"":0.002}","{""detection_events"":1566555,""detectors_checked"":202383360}"
    182272,         0,         0,    22.9,standalone_exact_mw,20c8daca17953576b13a32f59e5f9cb54485b277119f4e6925e9023b8dd1f351,"{""distance"":7,""physical_error_rate"":0.002}","{""detection_events"":1141381,""detectors_checked"":147640320}"
   1865728,         0,         0,   119.9,standalone_exact_mw,20c8daca17953576b13a32f59e5f9cb54485b277119f4e6925e9023b8dd1f351,"{""distance"":7,""physical_error_rate"":0.002}","{""detection_events"":11697775,""detectors_checked"":1511239680}"
    157696,         0,         0,    32.1,standalone_exact_mw,c63d9dbf283cbe8d7d2c9891770aca900c170ab5c3de0408fa399997170cec3d,"{""distance"":7,""physical_error_rate"":0.001}","{""detection_events"":496605,""detectors_checked"":127733760}"
    544768,         0,         0,    45.0,standalone_exact_mw,c63d9dbf283cbe8d7d2c9891770aca900c170ab5c3de0408fa399997170cec3d,"{""distance"":7,""physical_error_rate"":0.001}","{""detection_events"":1716273,""detectors_checked"":441262080}"
    640000,         0,         0,    44.9,standalone_exact_mw,b0cacb7fc707c2734ebeeceefd47b6bd6784bf6b65d0613559eb8dd3ed8bcfbc,"{""distance"":7,""physical_error_rate"":0.0005}","{""detection_events"":1009955,""detectors_checked"":518400000}"
    861184,         0,         0,   119.8,standalone_exact_mw,b0cacb7fc707c2734ebeeceefd47b6bd6784bf6b65d0613559eb8dd3ed8bcfbc,"{""distance"":7,""physical_error_rate"":0.0005}","{""detection_events"":1362020,""detectors_checked"":697559040}"
   1104896,         0,         0,   119.8,standalone_exact_mw,c63d9dbf283cbe8d7d2c9891770aca900c170ab5c3de0408fa399997170cec3d,"{""distance"":7,""physical_error_rate"":0.001}","{""detection_events"":3485671,""detectors_checked"":894965760}"
   1669120,         0,         0,   119.8,standalone_exact_mw,b0cacb7fc707c2734ebeeceefd47b6bd6784bf6b65d0613559eb8dd3ed8bcfbc,"{""distance"":7,""physical_error_rate"":0.0005}","{""detection_events"":2634861,""detectors_checked"":1351987200}"
   1986560,         0,         0,   119.7,standalone_exact_mw,b0cacb7fc707c2734ebeeceefd47b6bd6784bf6b65d0613559eb8dd3ed8bcfbc,"{""distance"":7,""physical_error_rate"":0.0005}","{""detection_events"":3138703,""detectors_checked"":1609113600}"
   1704960,         0,         0,   119.8,standalone_exact_mw,b0cacb7fc707c2734ebeeceefd47b6bd6784bf6b65d0613559eb8dd3ed8bcfbc,"{""distance"":7,""physical_error_rate"":0.0005}","{""detection_events"":2694633,""detectors_checked"":1381017600}"
    917504,         1,         0,   120.0,standalone_exact_mw,20c8daca17953576b13a32f59e5f9cb54485b277119f4e6925e9023b8dd1f351,"{""distance"":7,""physical_error_rate"":0.002}","{""detection_events"":5752231,""detectors_checked"":743178240,""obs_mistake_mask=E"":1}"
   2081792,         0,         0,   119.8,standalone_exact_mw,b0cacb7fc707c2734ebeeceefd47b6bd6784bf6b65d0613559eb8dd3ed8bcfbc,"{""distance"":7,""physical_error_rate"":0.0005}","{""detection_events"":3289919,""detectors_checked"":1686251520}"
    640000,         0,         0,   120.0,standalone_exact_mw,20c8daca17953576b13a32f59e5f9cb54485b277119f4e6925e9023b8dd1f351,"{""distance"":7,""physical_error_rate"":0.002}","{""detection_events"":4011860,""detectors_checked"":518400000}"
    257024,         0,         0,    32.2,standalone_exact_mw,20c8daca17953576b13a32f59e5f9cb54485b277119f4e6925e9023b8dd1f351,"{""distance"":7,""physical_error_rate"":0.002}","{""detection_events"":1611790,""detectors_checked"":208189440}"
   1411072,         0,         0,   119.8,standalone_exact_mw,b0cacb7fc707c2734ebeeceefd47b6bd6784bf6b65d0613559eb8dd3ed8bcfbc,"{""distance"":7,""physical_error_rate"":0.0005}","{""detection_events"":2232143,""detectors_checked"":1142968320}"
    464896,         0,         0,    45.0,standalone_exact_mw,b0cacb7fc707c2734ebeeceefd47b6bd6784bf6b65d0613559eb8dd3ed8bcfbc,"{""distance"":7,""physical_error_rate"":0.0005}","{""detection_events"":734845,""detectors_checked"":376565760}"
       273,         0,         0,   0.018,standalone_exact_mw,c63d9dbf283cbe8d7d2c9891770aca900c170ab5c3de0408fa399997170cec3d,"{""distance"":7,""physical_error_rate"":0.001}","{""detection_events"":901,""detectors_checked"":221130}"
      1024,         0,         0,   0.048,standalone_exact_mw,c63d9dbf283cbe8d7d2c9891770aca900c170ab5c3de0408fa399997170cec3d,"{""distance"":7,""physical_error_rate"":0.001}","{""detection_events"":3318,""detectors_checked"":829440}"
   1240064,         0,         0,   119.8,standalone_exact_mw,c63d9dbf283cbe8d7d2c9891770aca900c170ab5c3de0408fa399997170cec3d,"{""distance"":7,""physical_error_rate"":0.001}","{""detection_events"":3910448,""detectors_checked"":1004451840}"
      1024,         0,         0,   0.048,standalone_exact_mw,c63d9dbf283cbe8d7d2c9891770aca900c170ab5c3de0408fa399997170cec3d,"{""distance"":7,""physical_error_rate"":0.001}","{""detection_events"":3111,""detectors_checked"":829440}"
      1024,         0,         0,   0.048,standalone_exact_mw,c63d9dbf283cbe8d7d2c9891770aca900c170ab5c3de0408fa399997170cec3d,"{""distance"":7,""physical_error_rate"":0.001}","{""detection_events"":3241,""detectors_checked"":829440}"
      1024,         0,         0,   0.074,standalone_exact_mw,c63d9dbf283cbe8d7d2c9891770aca900c170ab5c3de0408fa399997170cec3d,"{""distance"":7,""physical_error_rate"":0.001}","{""detection_events"":3254,""detectors_checked"":829440}"
      2048,         0,         0,   0.097,standalone_exact_mw,c63d9dbf283cbe8d7d2c9891770aca900c170ab5c3de0408fa399997170cec3d,"{""distance"":7,""physical_error_rate"":0.001}","{""detection_events"":6608,""detectors_checked"":1658880}"
      2048,         0,         0,   0.097,standalone_exact_mw,c63d9dbf283cbe8d7d2c9891770aca900c170ab5c3de0408fa399997170cec3d,"{""distance"":7,""physical_error_rate"":0.001}","{""detection_events"":6490,""detectors_checked"":1658880}"
      3072,         0,         0,   0.144,standalone_exact_mw,c63d9dbf283cbe8d7d2c9891770aca900c170ab5c3de0408fa399997170cec3d,"{""distance"":7,""physical_error_rate"":0.001}","{""detection_events"":9679,""detectors_checked"":2488320}"
      4096,         0,         0,   0.190,standalone_exact_mw,c63d9dbf283cbe8d7d2c9891770aca900c170ab5c3de0408fa399997170cec3d,"{""distance"":7,""physical_error_rate"":0.001}","{""detection_events"":12734,""detectors_checked"":3317760}"
      5120,         0,         0,   0.240,standalone_exact_mw,c63d9dbf283cbe8d7d2c9891770aca900c170ab5c3de0408fa399997170cec3d,"{""distance"":7,""physical_error_rate"":0.001}","{""detection_events"":16378,""detectors_checked"":4147200}"
      7168,         0,         0,   0.334,standalone_exact_mw,c63d9dbf283cbe8d7d2c9891770aca900c170ab5c3de0408fa399997170cec3d,"{""distance"":7,""physical_error_rate"":0.001}","{""detection_events"":22519,""detectors_checked"":5806080}"
      9216,         0,         0,   0.429,standalone_exact_mw,c63d9dbf283cbe8d7d2c9891770aca900c170ab5c3de0408fa399997170cec3d,"{""distance"":7,""physical_error_rate"":0.001}","{""detection_events"":29203,""detectors_checked"":7464960}"
     12288,         0,         0,   0.575,standalone_exact_mw,c63d9dbf283cbe8d7d2c9891770aca900c170ab5c3de0408fa399997170cec3d,"{""distance"":7,""physical_error_rate"":0.001}","{""detection_events"":39108,""detectors_checked"":9953280}"
     17408,         0,         0,   0.815,standalone_exact_mw,c63d9dbf283cbe8d7d2c9891770aca900c170ab5c3de0408fa399997170cec3d,"{""distance"":7,""physical_error_rate"":0.001}","{""detection_events"":54818,""detectors_checked"":14100480}"
     24576,         0,         0,    1.15,standalone_exact_mw,c63d9dbf283cbe8d7d2c9891770aca900c170ab5c3de0408fa399997170cec3d,"{""distance"":7,""physical_error_rate"":0.001}","{""detection_events"":76932,""detectors_checked"":19906560}"
       273,         0,         0,   0.036,standalone_exact_mw,20c8daca17953576b13a32f59e5f9cb54485b277119f4e6925e9023b8dd1f351,"{""distance"":7,""physical_error_rate"":0.002}","{""detection_events"":1717,""detectors_checked"":221130}"
      1024,         0,         0,   0.130,standalone_exact_mw,20c8daca17953576b13a32f59e5f9cb54485b277119f4e6925e9023b8dd1f351,"{""distance"":7,""physical_error_rate"":0.002}","{""detection_events"":6902,""detectors_checked"":829440}"
      1024,         0,         0,   0.123,standalone_exact_mw,20c8daca17953576b13a32f59e5f9cb54485b277119f4e6925e9023b8dd1f351,"{""distance"":7,""physical_error_rate"":0.002}","{""detection_events"":6518,""detectors_checked"":829440}"
      1024,         0,         0,   0.127,standalone_exact_mw,20c8daca17953576b13a32f59e5f9cb54485b277119f4e6925e9023b8dd1f351,"{""distance"":7,""physical_error_rate"":0.002}","{""detection_events"":6086,""detectors_checked"":829440}"
      1024,         0,         0,   0.114,standalone_exact_mw,20c8daca17953576b13a32f59e5f9cb54485b277119f4e6925e9023b8dd1f351,"{""distance"":7,""physical_error_rate"":0.002}","{""detection_events"":6224,""detectors_checked"":829440}"
      1024,         0,         0,   0.116,standalone_exact_mw,20c8daca17953576b13a32f59e5f9cb54485b277119f4e6925e9023b8dd1f351,"{""distance"":7,""physical_error_rate"":0.002}","{""detection_events"":6421,""detectors_checked"":829440}"
      1024,         0,         0,   0.115,standalone_exact_mw,20c8daca17953576b13a32f59e5f9cb54485b277119f4e6925e9023b8dd1f351,"{""distance"":7,""physical_error_rate"":0.002}","{""detection_events"":6373,""detectors_checked"":829440}"
      1024,         0,         0,   0.116,standalone_exact_mw,20c8daca17953576b13a32f59e5f9cb54485b277119f4e6925e9023b8dd1f351,"{""distance"":7,""physical_error_rate"":0.002}","{""detection_events"":6539,""detectors_checked"":829440}"
     31744,         0,         0,    1.57,standalone_exact_mw,c63d9dbf283cbe8d7d2c9891770aca900c170ab5c3de0408fa399997170cec3d,"{""distance"":7,""physical_error_rate"":0.001}","{""detection_events"":100360,""detectors_checked"":25712640}"
      2048,         0,         0,   0.177,standalone_exact_mw,20c8daca17953576b13a32f59e5f9cb54485b277119f4e6925e9023b8dd1f351,"{""distance"":7,""physical_error_rate"":0.002}","{""detection_events"":12807,""detectors_checked"":1658880}"
      3072,         0,         0,   0.252,standalone_exact_mw,20c8daca17953576b13a32f59e5f9cb54485b277119f4e6925e9023b8dd1f351,"{""distance"":7,""physical_error_rate"":0.002}","{""detection_events"":19461,""detectors_checked"":2488320}"
      5120,         0,         0,   0.311,standalone_exact_mw,20c8daca17953576b13a32f59e5f9cb54485b277119f4e6925e9023b8dd1f351,"{""distance"":7,""physical_error_rate"":0.002}","{""detection_events"":32024,""detectors_checked"":4147200}"
      7168,         0,         0,   0.437,standalone_exact_mw,20c8daca17953576b13a32f59e5f9cb54485b277119f4e6925e9023b8dd1f351,"{""distance"":7,""physical_error_rate"":0.002}","{""detection_events"":44785,""detectors_checked"":5806080}"
     10240,         0,         0,   0.625,standalone_exact_mw,20c8daca17953576b13a32f59e5f9cb54485b277119f4e6925e9023b8dd1f351,"{""distance"":7,""physical_error_rate"":0.002}","{""detection_events"":64738,""detectors_checked"":8294400}"
   1252352,         0,         0,   119.9,standalone_exact_mw,c63d9dbf283cbe8d7d2c9891770aca900c170ab5c3de0408fa399997170cec3d,"{""distance"":7,""physical_error_rate"":0.001}","{""detection_events"":3943517,""detectors_checked"":1014405120}"
     46080,         0,         0,    2.19,standalone_exact_mw,c63d9dbf283cbe8d7d2c9891770aca900c170ab5c3de0408fa399997170cec3d,"{""distance"":7,""physical_error_rate"":0.001}","{""detection_events"":145516,""detectors_checked"":37324800}"
   1404928,         0,         0,   119.9,standalone_exact_mw,c63d9dbf283cbe8d7d2c9891770aca900c170ab5c3de0408fa399997170cec3d,"{""distance"":7,""physical_error_rate"":0.001}","{""detection_events"":4425017,""detectors_checked"":1137991680}"
    482304,         0,         0,    45.0,standalone_exact_mw,c63d9dbf283cbe8d7d2c9891770aca900c170ab5c3de0408fa399997170cec3d,"{""distance"":7,""physical_error_rate"":0.001}","{""detection_events"":1519267,""detectors_checked"":390666240}"
     13312,         0,         0,   0.824,standalone_exact_mw,20c8daca17953576b13a32f59e5f9cb54485b277119f4e6925e9023b8dd1f351,"{""distance"":7,""physical_error_rate"":0.002}","{""detection_events"":83286,""detectors_checked"":10782720}"
    355328,         0,         0,    45.0,standalone_exact_mw,20c8daca17953576b13a32f59e5f9cb54485b277119f4e6925e9023b8dd1f351,"{""distance"":7,""physical_error_rate"":0.002}","{""detection_events"":2227940,""detectors_checked"":287815680}"
     18432,         0,         0,    1.12,standalone_exact_mw,20c8daca17953576b13a32f59e5f9cb54485b277119f4e6925e9023b8dd1f351,"{""distance"":7,""physical_error_rate"":0.002}","{""detection_events"":115618,""detectors_checked"":14929920}"
   2313216,         0,         0,   119.9,standalone_exact_mw,c63d9dbf283cbe8d7d2c9891770aca900c170ab5c3de0408fa399997170cec3d,"{""distance"":7,""physical_error_rate"":0.001}","{""detection_events"":7287249,""detectors_checked"":1873704960}"
     61440,         0,         0,    3.05,standalone_exact_mw,c63d9dbf283cbe8d7d2c9891770aca900c170ab5c3de0408fa399997170cec3d,"{""distance"":7,""physical_error_rate"":0.001}","{""detection_events"":193714,""detectors_checked"":49766400}"
     23552,         0,         0,    1.57,standalone_exact_mw,20c8daca17953576b13a32f59e5f9cb54485b277119f4e6925e9023b8dd1f351,"{""distance"":7,""physical_error_rate"":0.002}","{""detection_events"":148015,""detectors_checked"":19077120}"
   1183744,         0,         0,   119.8,standalone_exact_mw,c63d9dbf283cbe8d7d2c9891770aca900c170ab5c3de0408fa399997170cec3d,"{""distance"":7,""physical_error_rate"":0.001}","{""detection_events"":3731642,""detectors_checked"":958832640}"
    816128,         0,         0,   119.8,standalone_exact_mw,20c8daca17953576b13a32f59e5f9cb54485b277119f4e6925e9023b8dd1f351,"{""distance"":7,""physical_error_rate"":0.002}","{""detection_events"":5118843,""detectors_checked"":661063680}"
    477184,         0,         0,    45.0,standalone_exact_mw,c63d9dbf283cbe8d7d2c9891770aca900c170ab5c3de0408fa399997170cec3d,"{""distance"":7,""physical_error_rate"":0.001}","{""detection_events"":1504143,""detectors_checked"":386519040}"
     36864,         0,         0,    2.23,standalone_exact_mw,20c8daca17953576b13a32f59e5f9cb54485b277119f4e6925e9023b8dd1f351,"{""distance"":7,""physical_error_rate"":0.002}","{""detection_events"":230389,""detectors_checked"":29859840}"
    579584,         0,         0,    63.0,standalone_exact_mw,20c8daca17953576b13a32f59e5f9cb54485b277119f4e6925e9023b8dd1f351,"{""distance"":7,""physical_error_rate"":0.002}","{""detection_events"":3635693,""detectors_checked"":469463040}"
   1131520,         0,         0,    62.9,standalone_exact_mw,b0cacb7fc707c2734ebeeceefd47b6bd6784bf6b65d0613559eb8dd3ed8bcfbc,"{""distance"":7,""physical_error_rate"":0.0005}","{""detection_events"":1790269,""detectors_checked"":916531200}"
     92160,         0,         0,    4.30,standalone_exact_mw,c63d9dbf283cbe8d7d2c9891770aca900c170ab5c3de0408fa399997170cec3d,"{""distance"":7,""physical_error_rate"":0.001}","{""detection_events"":289769,""detectors_checked"":74649600}"
     50176,         0,         0,    3.05,standalone_exact_mw,20c8daca17953576b13a32f59e5f9cb54485b277119f4e6925e9023b8dd1f351,"{""distance"":7,""physical_error_rate"":0.002}","{""detection_events"":314379,""detectors_checked"":40642560}"
   3039232,         0,         0,   119.9,standalone_exact_mw,b0cacb7fc707c2734ebeeceefd47b6bd6784bf6b65d0613559eb8dd3ed8bcfbc,"{""distance"":7,""physical_error_rate"":0.0005}","{""detection_events"":4803578,""detectors_checked"":2461777920}"
   1688576,         0,         0,   119.8,standalone_exact_mw,b0cacb7fc707c2734ebeeceefd47b6bd6784bf6b65d0613559eb8dd3ed8bcfbc,"{""distance"":7,""physical_error_rate"":0.0005}","{""detection_events"":2668026,""detectors_checked"":1367746560}"
   1175552,         0,         0,   120.0,standalone_exact_mw,20c8daca17953576b13a32f59e5f9cb54485b277119f4e6925e9023b8dd1f351,"{""distance"":7,""physical_error_rate"":0.002}","{""detection_events"":7366282,""detectors_checked"":952197120}"
   2013184,         0,         0,   119.8,standalone_exact_mw,b0cacb7fc707c2734ebeeceefd47b6bd6784bf6b65d0613559eb8dd3ed8bcfbc,"{""distance"":7,""physical_error_rate"":0.0005}","{""detection_events"":3185090,""detectors_checked"":1630679040}"
     70656,         0,         0,    4.30,standalone_exact_mw,20c8daca17953576b13a32f59e5f9cb54485b277119f4e6925e9023b8dd1f351,"{""distance"":7,""physical_error_rate"":0.002}","{""detection_events"":442675,""detectors_checked"":57231360}"
    125952,         0,         0,    6.01,standalone_exact_mw,c63d9dbf283cbe8d7d2c9891770aca900c170ab5c3de0408fa399997170cec3d,"{""distance"":7,""physical_error_rate"":0.001}","{""detection_events"":396204,""detectors_checked"":102021120}"
   1207296,         0,         0,   119.9,standalone_exact_mw,20c8daca17953576b13a32f59e5f9cb54485b277119f4e6925e9023b8dd1f351,"{""distance"":7,""physical_error_rate"":0.002}","{""detection_events"":7560379,""detectors_checked"":977909760}"
   2313216,         0,         0,   119.9,standalone_exact_mw,c63d9dbf283cbe8d7d2c9891770aca900c170ab5c3de0408fa399997170cec3d,"{""distance"":7,""physical_error_rate"":0.001}","{""detection_events"":7289523,""detectors_checked"":1873704960}"
   1481728,         0,         0,   119.9,standalone_exact_mw,c63d9dbf283cbe8d7d2c9891770aca900c170ab5c3de0408fa399997170cec3d,"{""distance"":7,""physical_error_rate"":0.001}","{""detection_events"":4671116,""detectors_checked"":1200199680}"
    941056,         0,         0,   119.9,standalone_exact_mw,20c8daca17953576b13a32f59e5f9cb54485b277119f4e6925e9023b8dd1f351,"{""distance"":7,""physical_error_rate"":0.002}","{""detection_events"":5888235,""detectors_checked"":762255360}"
     90112,         0,         0,    5.99,standalone_exact_mw,20c8daca17953576b13a32f59e5f9cb54485b277119f4e6925e9023b8dd1f351,"{""distance"":7,""physical_error_rate"":0.002}","{""detection_events"":563767,""detectors_checked"":72990720}"
    900096,         0,         0,   120.0,standalone_exact_mw,20c8daca17953576b13a32f59e5f9cb54485b277119f4e6925e9023b8dd1f351,"{""distance"":7,""physical_error_rate"":0.002}","{""detection_events"":5636924,""detectors_checked"":729077760}"
    889856,         0,         0,   119.9,standalone_exact_mw,20c8daca17953576b13a32f59e5f9cb54485b277119f4e6925e9023b8dd1f351,"{""distance"":7,""physical_error_rate"":0.002}","{""detection_events"":5583322,""detectors_checked"":720783360}"
   3188736,         0,         0,   119.9,standalone_exact_mw,b0cacb7fc707c2734ebeeceefd47b6bd6784bf6b65d0613559eb8dd3ed8bcfbc,"{""distance"":7,""physical_error_rate"":0.0005}","{""detection_events"":5038458,""detectors_checked"":2582876160}"
   1735680,         0,         0,   120.0,standalone_exact_mw,20c8daca17953576b13a32f59e5f9cb54485b277119f4e6925e9023b8dd1f351,"{""distance"":7,""physical_error_rate"":0.002}","{""detection_events"":10872678,""detectors_checked"":1405900800}"
   1644544,         0,         0,   119.9,standalone_exact_mw,b0cacb7fc707c2734ebeeceefd47b6bd6784bf6b65d0613559eb8dd3ed8bcfbc,"{""distance"":7,""physical_error_rate"":0.0005}","{""detection_events"":2601958,""detectors_checked"":1332080640}"
    172032,         0,         0,    8.44,standalone_exact_mw,c63d9dbf283cbe8d7d2c9891770aca900c170ab5c3de0408fa399997170cec3d,"{""distance"":7,""physical_error_rate"":0.001}","{""detection_events"":542543,""detectors_checked"":139345920}"
    821248,         0,         0,    62.9,standalone_exact_mw,c63d9dbf283cbe8d7d2c9891770aca900c170ab5c3de0408fa399997170cec3d,"{""distance"":7,""physical_error_rate"":0.001}","{""detection_events"":2585701,""detectors_checked"":665210880}"
    969728,         0,         0,    62.9,standalone_exact_mw,b0cacb7fc707c2734ebeeceefd47b6bd6784bf6b65d0613559eb8dd3ed8bcfbc,"{""distance"":7,""physical_error_rate"":0.0005}","{""detection_events"":1531217,""detectors_checked"":785479680}"
    107520,         0,         0,    8.48,standalone_exact_mw,20c8daca17953576b13a32f59e5f9cb54485b277119f4e6925e9023b8dd1f351,"{""distance"":7,""physical_error_rate"":0.002}","{""detection_events"":676007,""detectors_checked"":87091200}"
   1625088,         0,         0,   119.8,standalone_exact_mw,b0cacb7fc707c2734ebeeceefd47b6bd6784bf6b65d0613559eb8dd3ed8bcfbc,"{""distance"":7,""physical_error_rate"":0.0005}","{""detection_events"":2569905,""detectors_checked"":1316321280}"
    961536,         0,         0,   120.0,standalone_exact_mw,20c8daca17953576b13a32f59e5f9cb54485b277119f4e6925e9023b8dd1f351,"{""distance"":7,""physical_error_rate"":0.002}","{""detection_events"":6025102,""detectors_checked"":778844160}"
    192512,         0,         0,    11.7,standalone_exact_mw,c63d9dbf283cbe8d7d2c9891770aca900c170ab5c3de0408fa399997170cec3d,"{""distance"":7,""physical_error_rate"":0.001}","{""detection_events"":606500,""detectors_checked"":155934720}"
    357376,         0,         0,    45.0,standalone_exact_mw,20c8daca17953576b13a32f59e5f9cb54485b277119f4e6925e9023b8dd1f351,"{""distance"":7,""physical_error_rate"":0.002}","{""detection_events"":2240847,""detectors_checked"":289474560}"
    713728,         1,         0,   120.0,standalone_exact_mw,20c8daca17953576b13a32f59e5f9cb54485b277119f4e6925e9023b8dd1f351,"{""distance"":7,""physical_error_rate"":0.002}","{""detection_events"":4475841,""detectors_checked"":578119680,""obs_mistake_mask=E"":1}"
         1,         0,         0,   0.017,standalone_exact_mw,20c8daca17953576b13a32f59e5f9cb54485b277119f4e6925e9023b8dd1f351,"{""distance"":7,""physical_error_rate"":0.002}","{""detection_events"":8,""detectors_checked"":810}"
       272,         0,         0,   0.032,standalone_exact_mw,20c8daca17953576b13a32f59e5f9cb54485b277119f4e6925e9023b8dd1f351,"{""distance"":7,""physical_error_rate"":0.002}","{""detection_events"":1661,""detectors_checked"":220320}"
      1024,         0,         0,   0.130,standalone_exact_mw,20c8daca17953576b13a32f59e5f9cb54485b277119f4e6925e9023b8dd1f351,"{""distance"":7,""physical_error_rate"":0.002}","{""detection_events"":6578,""detectors_checked"":829440}"
      1024,         0,         0,   0.129,standalone_exact_mw,20c8daca17953576b13a32f59e5f9cb54485b277119f4e6925e9023b8dd1f351,"{""distance"":7,""physical_error_rate"":0.002}","{""detection_events"":6491,""detectors_checked"":829440}"
      1024,         0,         0,   0.128,standalone_exact_mw,20c8daca17953576b13a32f59e5f9cb54485b277119f4e6925e9023b8dd1f351,"{""distance"":7,""physical_error_rate"":0.002}","{""detection_events"":6204,""detectors_checked"":829440}"
      1024,         0,         0,   0.130,standalone_exact_mw,20c8daca17953576b13a32f59e5f9cb54485b277119f4e6925e9023b8dd1f351,"{""distance"":7,""physical_error_rate"":0.002}","{""detection_events"":6479,""detectors_checked"":829440}"
      1024,         0,         0,   0.129,standalone_exact_mw,20c8daca17953576b13a32f59e5f9cb54485b277119f4e6925e9023b8dd1f351,"{""distance"":7,""physical_error_rate"":0.002}","{""detection_events"":6426,""detectors_checked"":829440}"
    151552,         0,         0,    11.7,standalone_exact_mw,20c8daca17953576b13a32f59e5f9cb54485b277119f4e6925e9023b8dd1f351,"{""distance"":7,""physical_error_rate"":0.002}","{""detection_events"":950753,""detectors_checked"":122757120}"
      1024,         0,         0,   0.129,standalone_exact_mw,20c8daca17953576b13a32f59e5f9cb54485b277119f4e6925e9023b8dd1f351,"{""distance"":7,""physical_error_rate"":0.002}","{""detection_events"":6330,""detectors_checked"":829440}"
      2048,         0,         0,   0.240,standalone_exact_mw,20c8daca17953576b13a32f59e5f9cb54485b277119f4e6925e9023b8dd1f351,"{""distance"":7,""physical_error_rate"":0.002}","{""detection_events"":12725,""detectors_checked"":1658880}"
      2048,         0,         0,   0.245,standalone_exact_mw,20c8daca17953576b13a32f59e5f9cb54485b277119f4e6925e9023b8dd1f351,"{""distance"":7,""physical_error_rate"":0.002}","{""detection_events"":12809,""detectors_checked"":1658880}"
      3072,         0,         0,   0.387,standalone_exact_mw,20c8daca17953576b13a32f59e5f9cb54485b277119f4e6925e9023b8dd1f351,"{""distance"":7,""physical_error_rate"":0.002}","{""detection_events"":18883,""detectors_checked"":2488320}"
      4096,         0,         0,   0.507,standalone_exact_mw,20c8daca17953576b13a32f59e5f9cb54485b277119f4e6925e9023b8dd1f351,"{""distance"":7,""physical_error_rate"":0.002}","{""detection_events"":25688,""detectors_checked"":3317760}"
      8192,         0,         0,   0.554,standalone_exact_mw,20c8daca17953576b13a32f59e5f9cb54485b277119f4e6925e9023b8dd1f351,"{""distance"":7,""physical_error_rate"":0.002}","{""detection_events"":51212,""detectors_checked"":6635520}"
         1,         0,         0,   0.016,standalone_exact_mw,20c8daca17953576b13a32f59e5f9cb54485b277119f4e6925e9023b8dd1f351,"{""distance"":7,""physical_error_rate"":0.002}","{""detection_events"":2,""detectors_checked"":810}"
       272,         0,         0,   0.033,standalone_exact_mw,20c8daca17953576b13a32f59e5f9cb54485b277119f4e6925e9023b8dd1f351,"{""distance"":7,""physical_error_rate"":0.002}","{""detection_events"":1688,""detectors_checked"":220320}"
      1024,         0,         0,   0.128,standalone_exact_mw,20c8daca17953576b13a32f59e5f9cb54485b277119f4e6925e9023b8dd1f351,"{""distance"":7,""physical_error_rate"":0.002}","{""detection_events"":6326,""detectors_checked"":829440}"
      1024,         0,         0,   0.128,standalone_exact_mw,20c8daca17953576b13a32f59e5f9cb54485b277119f4e6925e9023b8dd1f351,"{""distance"":7,""physical_error_rate"":0.002}","{""detection_events"":6441,""detectors_checked"":829440}"
      1024,         0,         0,   0.128,standalone_exact_mw,20c8daca17953576b13a32f59e5f9cb54485b277119f4e6925e9023b8dd1f351,"{""distance"":7,""physical_error_rate"":0.002}","{""detection_events"":6296,""detectors_checked"":829440}"
      7168,         0,         0,   0.819,standalone_exact_mw,20c8daca17953576b13a32f59e5f9cb54485b277119f4e6925e9023b8dd1f351,"{""distance"":7,""physical_error_rate"":0.002}","{""detection_events"":45246,""detectors_checked"":5806080}"
      1024,         0,         0,   0.128,standalone_exact_mw,20c8daca17953576b13a32f59e5f9cb54485b277119f4e6925e9023b8dd1f351,"{""distance"":7,""physical_error_rate"":0.002}","{""detection_events"":6342,""detectors_checked"":829440}"
      1024,         0,         0,   0.114,standalone_exact_mw,20c8daca17953576b13a32f59e5f9cb54485b277119f4e6925e9023b8dd1f351,"{""distance"":7,""physical_error_rate"":0.002}","{""detection_events"":6172,""detectors_checked"":829440}"
      1024,         0,         0,   0.126,standalone_exact_mw,20c8daca17953576b13a32f59e5f9cb54485b277119f4e6925e9023b8dd1f351,"{""distance"":7,""physical_error_rate"":0.002}","{""detection_events"":6545,""detectors_checked"":829440}"
      2048,         0,         0,   0.231,standalone_exact_mw,20c8daca17953576b13a32f59e5f9cb54485b277119f4e6925e9023b8dd1f351,"{""distance"":7,""physical_error_rate"":0.002}","{""detection_events"":13245,""detectors_checked"":1658880}"
      3072,         0,         0,   0.312,standalone_exact_mw,20c8daca17953576b13a32f59e5f9cb54485b277119f4e6925e9023b8dd1f351,"{""distance"":7,""physical_error_rate"":0.002}","{""detection_events"":19330,""detectors_checked"":2488320}"
     11264,         0,         0,    1.12,standalone_exact_mw,20c8daca17953576b13a32f59e5f9cb54485b277119f4e6925e9023b8dd1f351,"{""distance"":7,""physical_error_rate"":0.002}","{""detection_events"":70432,""detectors_checked"":9123840}"
      3072,         0,         0,   0.371,standalone_exact_mw,20c8daca17953576b13a32f59e5f9cb54485b277119f4e6925e9023b8dd1f351,"{""distance"":7,""physical_error_rate"":0.002}","{""detection_events"":19255,""detectors_checked"":2488320}"
      4096,         0,         0,   0.500,standalone_exact_mw,20c8daca17953576b13a32f59e5f9cb54485b277119f4e6925e9023b8dd1f351,"{""distance"":7,""physical_error_rate"":0.002}","{""detection_events"":26187,""detectors_checked"":3317760}"
      6144,         0,         0,   0.607,standalone_exact_mw,20c8daca17953576b13a32f59e5f9cb54485b277119f4e6925e9023b8dd1f351,"{""distance"":7,""physical_error_rate"":0.002}","{""detection_events"":38229,""detectors_checked"":4976640}"
     18432,         0,         0,    1.63,standalone_exact_mw,20c8daca17953576b13a32f59e5f9cb54485b277119f4e6925e9023b8dd1f351,"{""distance"":7,""physical_error_rate"":0.002}","{""detection_events"":115579,""detectors_checked"":14929920}"
      8192,         0,         0,   0.920,standalone_exact_mw,20c8daca17953576b13a32f59e5f9cb54485b277119f4e6925e9023b8dd1f351,"{""distance"":7,""physical_error_rate"":0.002}","{""detection_events"":51804,""detectors_checked"":6635520}"
        17,         0,         0,   0.014,standalone_exact_mw,c63d9dbf283cbe8d7d2c9891770aca900c170ab5c3de0408fa399997170cec3d,"{""distance"":7,""physical_error_rate"":0.001}","{""detection_events"":34,""detectors_checked"":13770}"
       256,         0,         0,   0.029,standalone_exact_mw,c63d9dbf283cbe8d7d2c9891770aca900c170ab5c3de0408fa399997170cec3d,"{""distance"":7,""physical_error_rate"":0.001}","{""detection_events"":867,""detectors_checked"":207360}"
      1024,         0,         0,   0.087,standalone_exact_mw,c63d9dbf283cbe8d7d2c9891770aca900c170ab5c3de0408fa399997170cec3d,"{""distance"":7,""physical_error_rate"":0.001}","{""detection_events"":3266,""detectors_checked"":829440}"
     13312,         0,         0,    1.15,standalone_exact_mw,20c8daca17953576b13a32f59e5f9cb54485b277119f4e6925e9023b8dd1f351,"{""distance"":7,""physical_error_rate"":0.002}","{""detection_events"":83422,""detectors_checked"":10782720}"
      1024,         0,         0,   0.102,standalone_exact_mw,c63d9dbf283cbe8d7d2c9891770aca900c170ab5c3de0408fa399997170cec3d,"{""distance"":7,""physical_error_rate"":0.001}","{""detection_events"":3240,""detectors_checked"":829440}"
      1024,         0,         0,   0.090,standalone_exact_mw,c63d9dbf283cbe8d7d2c9891770aca900c170ab5c3de0408fa399997170cec3d,"{""distance"":7,""physical_error_rate"":0.001}","{""detection_events"":3283,""detectors_checked"":829440}"
      1024,         0,         0,   0.102,standalone_exact_mw,c63d9dbf283cbe8d7d2c9891770aca900c170ab5c3de0408fa399997170cec3d,"{""distance"":7,""physical_error_rate"":0.001}","{""detection_events"":3311,""detectors_checked"":829440}"
    707584,         0,         0,   119.8,standalone_exact_mw,c63d9dbf283cbe8d7d2c9891770aca900c170ab5c3de0408fa399997170cec3d,"{""distance"":7,""physical_error_rate"":0.001}","{""detection_events"":2231146,""detectors_checked"":573143040}"
      1024,         0,         0,   0.103,standalone_exact_mw,c63d9dbf283cbe8d7d2c9891770aca900c170ab5c3de0408fa399997170cec3d,"{""distance"":7,""physical_error_rate"":0.001}","{""detection_events"":3402,""detectors_checked"":829440}"
     18432,         0,         0,    2.27,standalone_exact_mw,20c8daca17953576b13a32f59e5f9cb54485b277119f4e6925e9023b8dd1f351,"{""distance"":7,""physical_error_rate"":0.002}","{""detection_events"":115579,""detectors_checked"":14929920}"
      2048,         0,         0,   0.202,standalone_exact_mw,c63d9dbf283cbe8d7d2c9891770aca900c170ab5c3de0408fa399997170cec3d,"{""distance"":7,""physical_error_rate"":0.001}","{""detection_events"":6341,""detectors_checked"":1658880}"
      2048,         0,         0,   0.165,standalone_exact_mw,c63d9dbf283cbe8d7d2c9891770aca900c170ab5c3de0408fa399997170cec3d,"{""distance"":7,""physical_error_rate"":0.001}","{""detection_events"":6736,""detectors_checked"":1658880}"
      3072,         0,         0,   0.211,standalone_exact_mw,c63d9dbf283cbe8d7d2c9891770aca900c170ab5c3de0408fa399997170cec3d,"{""distance"":7,""physical_error_rate"":0.001}","{""detection_events"":9526,""detectors_checked"":2488320}"
      4096,         0,         0,   0.376,standalone_exact_mw,c63d9dbf283cbe8d7d2c9891770aca900c170ab5c3de0408fa399997170cec3d,"{""distance"":7,""physical_error_rate"":0.001}","{""detection_events"":12554,""detectors_checked"":3317760}"
     13312,         0,         0,    1.61,standalone_exact_mw,20c8daca17953576b13a32f59e5f9cb54485b277119f4e6925e9023b8dd1f351,"{""distance"":7,""physical_error_rate"":0.002}","{""detection_events"":83904,""detectors_checked"":10782720}"
      6144,         0,         0,   0.436,standalone_exact_mw,c63d9dbf283cbe8d7d2c9891770aca900c170ab5c3de0408fa399997170cec3d,"{""distance"":7,""physical_error_rate"":0.001}","{""detection_events"":19645,""detectors_checked"":4976640}"
      6144,         0,         0,   0.576,standalone_exact_mw,c63d9dbf283cbe8d7d2c9891770aca900c170ab5c3de0408fa399997170cec3d,"{""distance"":7,""physical_error_rate"":0.001}","{""detection_events"":19126,""detectors_checked"":4976640}"
     11264,         0,         0,   0.838,standalone_exact_mw,c63d9dbf283cbe8d7d2c9891770aca900c170ab5c3de0408fa399997170cec3d,"{""distance"":7,""physical_error_rate"":0.001}","{""detection_events"":35821,""detectors_checked"":9123840}"
   1188864,         0,         0,   119.8,standalone_exact_mw,c63d9dbf283cbe8d7d2c9891770aca900c170ab5c3de0408fa399997170cec3d,"{""distance"":7,""physical_error_rate"":0.001}","{""detection_events"":3752964,""detectors_checked"":962979840}"
     37888,         0,         0,    3.08,standalone_exact_mw,20c8daca17953576b13a32f59e5f9cb54485b277119f4e6925e9023b8dd1f351,"{""distance"":7,""physical_error_rate"":0.002}","{""detection_events"":237356,""detectors_checked"":30689280}"
     17408,         0,         0,    2.19,standalone_exact_mw,20c8daca17953576b13a32f59e5f9cb54485b277119f4e6925e9023b8dd1f351,"{""distance"":7,""physical_error_rate"":0.002}","{""detection_events"":108057,""detectors_checked"":14100480}"
    328704,         0,         0,    16.4,standalone_exact_mw,c63d9dbf283cbe8d7d2c9891770aca900c170ab5c3de0408fa399997170cec3d,"{""distance"":7,""physical_error_rate"":0.001}","{""detection_events"":1035295,""detectors_checked"":266250240}"
   1208320,         0,         0,   119.9,standalone_exact_mw,c63d9dbf283cbe8d7d2c9891770aca900c170ab5c3de0408fa399997170cec3d,"{""distance"":7,""physical_error_rate"":0.001}","{""detection_events"":3808847,""detectors_checked"":978739200}"
     12288,         0,         0,    1.18,standalone_exact_mw,c63d9dbf283cbe8d7d2c9891770aca900c170ab5c3de0408fa399997170cec3d,"{""distance"":7,""physical_error_rate"":0.001}","{""detection_events"":39137,""detectors_checked"":9953280}"
     29696,         0,         0,    1.56,standalone_exact_mw,c63d9dbf283cbe8d7d2c9891770aca900c170ab5c3de0408fa399997170cec3d,"{""distance"":7,""physical_error_rate"":0.001}","{""detection_events"":92641,""detectors_checked"":24053760}"
     25600,         0,         0,    3.16,standalone_exact_mw,20c8daca17953576b13a32f59e5f9cb54485b277119f4e6925e9023b8dd1f351,"{""distance"":7,""physical_error_rate"":0.002}","{""detection_events"":160248,""detectors_checked"":20736000}"
    781312,         0,         0,    63.0,standalone_exact_mw,b0cacb7fc707c2734ebeeceefd47b6bd6784bf6b65d0613559eb8dd3ed8bcfbc,"{""distance"":7,""physical_error_rate"":0.0005}","{""detection_events"":1236700,""detectors_checked"":632862720}"
     49152,         0,         0,    4.32,standalone_exact_mw,20c8daca17953576b13a32f59e5f9cb54485b277119f4e6925e9023b8dd1f351,"{""distance"":7,""physical_error_rate"":0.002}","{""detection_events"":309242,""detectors_checked"":39813120}"
     24576,         0,         0,    2.21,standalone_exact_mw,c63d9dbf283cbe8d7d2c9891770aca900c170ab5c3de0408fa399997170cec3d,"{""distance"":7,""physical_error_rate"":0.001}","{""detection_events"":77753,""detectors_checked"":19906560}"
    887808,         0,         0,   119.9,standalone_exact_mw,20c8daca17953576b13a32f59e5f9cb54485b277119f4e6925e9023b8dd1f351,"{""distance"":7,""physical_error_rate"":0.002}","{""detection_events"":5565476,""detectors_checked"":719124480}"
    251904,         0,         0,    16.4,standalone_exact_mw,20c8daca17953576b13a32f59e5f9cb54485b277119f4e6925e9023b8dd1f351,"{""distance"":7,""physical_error_rate"":0.002}","{""detection_events"":1578362,""detectors_checked"":204042240}"
        17,         0,         0,   0.018,standalone_exact_mw,b0cacb7fc707c2734ebeeceefd47b6bd6784bf6b65d0613559eb8dd3ed8bcfbc,"{""distance"":7,""physical_error_rate"":0.0005}","{""detection_events"":23,""detectors_checked"":13770}"
       256,         0,         0,   0.022,standalone_exact_mw,b0cacb7fc707c2734ebeeceefd47b6bd6784bf6b65d0613559eb8dd3ed8bcfbc,"{""distance"":7,""physical_error_rate"":0.0005}","{""detection_events"":350,""detectors_checked"":207360}"
      1024,         0,         0,   0.075,standalone_exact_mw,b0cacb7fc707c2734ebeeceefd47b6bd6784bf6b65d0613559eb8dd3ed8bcfbc,"{""distance"":7,""physical_error_rate"":0.0005}","{""detection_events"":1611,""detectors_checked"":829440}"
      1024,         0,         0,   0.061,standalone_exact_mw,b0cacb7fc707c2734ebeeceefd47b6bd6784bf6b65d0613559eb8dd3ed8bcfbc,"{""distance"":7,""physical_error_rate"":0.0005}","{""detection_events"":1610,""detectors_checked"":829440}"
      1024,         0,         0,   0.075,standalone_exact_mw,b0cacb7fc707c2734ebeeceefd47b6bd6784bf6b65d0613559eb8dd3ed8bcfbc,"{""distance"":7,""physical_error_rate"":0.0005}","{""detection_events"":1740,""detectors_checked"":829440}"
      1024,         0,         0,   0.074,standalone_exact_mw,b0cacb7fc707c2734ebeeceefd47b6bd6784bf6b65d0613559eb8dd3ed8bcfbc,"{""distance"":7,""physical_error_rate"":0.0005}","{""detection_events"":1622,""detectors_checked"":829440}"
      2048,         0,         0,   0.135,standalone_exact_mw,b0cacb7fc707c2734ebeeceefd47b6bd6784bf6b65d0613559eb8dd3ed8bcfbc,"{""distance"":7,""physical_error_rate"":0.0005}","{""detection_events"":3237,""detectors_checked"":1658880}"
      2048,         0,         0,   0.148,standalone_exact_mw,b0cacb7fc707c2734ebeeceefd47b6bd6784bf6b65d0613559eb8dd3ed8bcfbc,"{""distance"":7,""physical_error_rate"":0.0005}","{""detection_events"":3187,""detectors_checked"":1658880}"
      3072,         0,         0,   0.211,standalone_exact_mw,b0cacb7fc707c2734ebeeceefd47b6bd6784bf6b65d0613559eb8dd3ed8bcfbc,"{""distance"":7,""physical_error_rate"":0.0005}","{""detection_events"":4988,""detectors_checked"":2488320}"
      3072,         0,         0,   0.212,standalone_exact_mw,b0cacb7fc707c2734ebeeceefd47b6bd6784bf6b65d0613559eb8dd3ed8bcfbc,"{""distance"":7,""physical_error_rate"":0.0005}","{""detection_events"":5077,""detectors_checked"":2488320}"
     37888,         0,         0,    3.06,standalone_exact_mw,c63d9dbf283cbe8d7d2c9891770aca900c170ab5c3de0408fa399997170cec3d,"{""distance"":7,""physical_error_rate"":0.001}","{""detection_events"":119572,""detectors_checked"":30689280}"
      5120,         0,         0,   0.356,standalone_exact_mw,b0cacb7fc707c2734ebeeceefd47b6bd6784bf6b65d0613559eb8dd3ed8bcfbc,"{""distance"":7,""physical_error_rate"":0.0005}","{""detection_events"":7861,""detectors_checked"":4147200}"
     41984,         0,         0,    4.37,standalone_exact_mw,20c8daca17953576b13a32f59e5f9cb54485b277119f4e6925e9023b8dd1f351,"{""distance"":7,""physical_error_rate"":0.002}","{""detection_events"":263080,""detectors_checked"":34007040}"
      7168,         0,         0,   0.479,standalone_exact_mw,b0cacb7fc707c2734ebeeceefd47b6bd6784bf6b65d0613559eb8dd3ed8bcfbc,"{""distance"":7,""physical_error_rate"":0.0005}","{""detection_events"":11267,""detectors_checked"":5806080}"
      9216,         0,         0,   0.628,standalone_exact_mw,b0cacb7fc707c2734ebeeceefd47b6bd6784bf6b65d0613559eb8dd3ed8bcfbc,"{""distance"":7,""physical_error_rate"":0.0005}","{""detection_events"":14343,""detectors_checked"":7464960}"
   1659904,         0,         0,   119.9,standalone_exact_mw,b0cacb7fc707c2734ebeeceefd47b6bd6784bf6b65d0613559eb8dd3ed8bcfbc,"{""distance"":7,""physical_error_rate"":0.0005}","{""detection_events"":2623433,""detectors_checked"":1344522240}"
     12288,         0,         0,   0.851,standalone_exact_mw,b0cacb7fc707c2734ebeeceefd47b6bd6784bf6b65d0613559eb8dd3ed8bcfbc,"{""distance"":7,""physical_error_rate"":0.0005}","{""detection_events"":19610,""detectors_checked"":9953280}"
     58368,         0,         0,    6.04,standalone_exact_mw,20c8daca17953576b13a32f59e5f9cb54485b277119f4e6925e9023b8dd1f351,"{""distance"":7,""physical_error_rate"":0.002}","{""detection_events"":365082,""detectors_checked"":47278080}"
     16384,         0,         0,    1.11,standalone_exact_mw,b0cacb7fc707c2734ebeeceefd47b6bd6784bf6b65d0613559eb8dd3ed8bcfbc,"{""distance"":7,""physical_error_rate"":0.0005}","{""detection_events"":25654,""detectors_checked"":13271040}"
     62464,         0,         0,    4.35,standalone_exact_mw,c63d9dbf283cbe8d7d2c9891770aca900c170ab5c3de0408fa399997170cec3d,"{""distance"":7,""physical_error_rate"":0.001}","{""detection_events"":196719,""detectors_checked"":50595840}"
     23552,         0,         0,    1.60,standalone_exact_mw,b0cacb7fc707c2734ebeeceefd47b6bd6784bf6b65d0613559eb8dd3ed8bcfbc,"{""distance"":7,""physical_error_rate"":0.0005}","{""detection_events"":37759,""detectors_checked"":19077120}"
         1,         0,         0,   0.002,standalone_exact_mw,b0cacb7fc707c2734ebeeceefd47b6bd6784bf6b65d0613559eb8dd3ed8bcfbc,"{""distance"":7,""physical_error_rate"":0.0005}","{""detection_events"":4,""detectors_checked"":810}"
      1296,         0,         0,   0.087,standalone_exact_mw,b0cacb7fc707c2734ebeeceefd47b6bd6784bf6b65d0613559eb8dd3ed8bcfbc,"{""distance"":7,""physical_error_rate"":0.0005}","{""detection_events"":2032,""detectors_checked"":1049760}"
      1024,         0,         0,   0.062,standalone_exact_mw,b0cacb7fc707c2734ebeeceefd47b6bd6784bf6b65d0613559eb8dd3ed8bcfbc,"{""distance"":7,""physical_error_rate"":0.0005}","{""detection_events"":1600,""detectors_checked"":829440}"
      1024,         0,         0,   0.074,standalone_exact_mw,b0cacb7fc707c2734ebeeceefd47b6bd6784bf6b65d0613559eb8dd3ed8bcfbc,"{""distance"":7,""physical_error_rate"":0.0005}","{""detection_events"":1576,""detectors_checked"":829440}"
      1024,         0,         0,   0.074,standalone_exact_mw,b0cacb7fc707c2734ebeeceefd47b6bd6784bf6b65d0613559eb8dd3ed8bcfbc,"{""distance"":7,""physical_error_rate"":0.0005}","{""detection_events"":1526,""detectors_checked"":829440}"
      1024,         0,         0,   0.061,standalone_exact_mw,b0cacb7fc707c2734ebeeceefd47b6bd6784bf6b65d0613559eb8dd3ed8bcfbc,"{""distance"":7,""physical_error_rate"":0.0005}","{""detection_events"":1623,""detectors_checked"":829440}"
    663552,         0,         0,    62.9,standalone_exact_mw,c63d9dbf283cbe8d7d2c9891770aca900c170ab5c3de0408fa399997170cec3d,"{""distance"":7,""physical_error_rate"":0.001}","{""detection_events"":2090195,""detectors_checked"":537477120}"
      2048,         0,         0,   0.149,standalone_exact_mw,b0cacb7fc707c2734ebeeceefd47b6bd6784bf6b65d0613559eb8dd3ed8bcfbc,"{""distance"":7,""physical_error_rate"":0.0005}","{""detection_events"":3164,""detectors_checked"":1658880}"
      2048,         0,         0,   0.137,standalone_exact_mw,b0cacb7fc707c2734ebeeceefd47b6bd6784bf6b65d0613559eb8dd3ed8bcfbc,"{""distance"":7,""physical_error_rate"":0.0005}","{""detection_events"":3273,""detectors_checked"":1658880}"
      2048,         0,         0,   0.149,standalone_exact_mw,b0cacb7fc707c2734ebeeceefd47b6bd6784bf6b65d0613559eb8dd3ed8bcfbc,"{""distance"":7,""physical_error_rate"":0.0005}","{""detection_events"":3204,""detectors_checked"":1658880}"
     60416,         0,         0,    6.08,standalone_exact_mw,20c8daca17953576b13a32f59e5f9cb54485b277119f4e6925e9023b8dd1f351,"{""distance"":7,""physical_error_rate"":0.002}","{""detection_events"":377415,""detectors_checked"":48936960}"
      3072,         0,         0,   0.214,standalone_exact_mw,b0cacb7fc707c2734ebeeceefd47b6bd6784bf6b65d0613559eb8dd3ed8bcfbc,"{""distance"":7,""physical_error_rate"":0.0005}","{""detection_events"":5005,""detectors_checked"":2488320}"
      5120,         0,         0,   0.358,standalone_exact_mw,b0cacb7fc707c2734ebeeceefd47b6bd6784bf6b65d0613559eb8dd3ed8bcfbc,"{""distance"":7,""physical_error_rate"":0.0005}","{""detection_events"":8053,""detectors_checked"":4147200}"
    508928,         0,         0,    63.0,standalone_exact_mw,20c8daca17953576b13a32f59e5f9cb54485b277119f4e6925e9023b8dd1f351,"{""distance"":7,""physical_error_rate"":0.002}","{""detection_events"":3190607,""detectors_checked"":412231680}"
     31744,         0,         0,    2.19,standalone_exact_mw,b0cacb7fc707c2734ebeeceefd47b6bd6784bf6b65d0613559eb8dd3ed8bcfbc,"{""distance"":7,""physical_error_rate"":0.0005}","{""detection_events"":50177,""detectors_checked"":25712640}"
      6144,         0,         0,   0.410,standalone_exact_mw,b0cacb7fc707c2734ebeeceefd47b6bd6784bf6b65d0613559eb8dd3ed8bcfbc,"{""distance"":7,""physical_error_rate"":0.0005}","{""detection_events"":9743,""detectors_checked"":4976640}"
      8192,         0,         0,   0.606,standalone_exact_mw,b0cacb7fc707c2734ebeeceefd47b6bd6784bf6b65d0613559eb8dd3ed8bcfbc,"{""distance"":7,""physical_error_rate"":0.0005}","{""detection_events"":13182,""detectors_checked"":6635520}"
     12288,         0,         0,   0.859,standalone_exact_mw,b0cacb7fc707c2734ebeeceefd47b6bd6784bf6b65d0613559eb8dd3ed8bcfbc,"{""distance"":7,""physical_error_rate"":0.0005}","{""detection_events"":19770,""detectors_checked"":9953280}"
       273,         0,         0,   0.028,standalone_exact_mw,b0cacb7fc707c2734ebeeceefd47b6bd6784bf6b65d0613559eb8dd3ed8bcfbc,"{""distance"":7,""physical_error_rate"":0.0005}","{""detection_events"":415,""detectors_checked"":221130}"
      1024,         0,         0,   0.075,standalone_exact_mw,b0cacb7fc707c2734ebeeceefd47b6bd6784bf6b65d0613559eb8dd3ed8bcfbc,"{""distance"":7,""physical_error_rate"":0.0005}","{""detection_events"":1682,""detectors_checked"":829440}"
      1024,         0,         0,   0.060,standalone_exact_mw,b0cacb7fc707c2734ebeeceefd47b6bd6784bf6b65d0613559eb8dd3ed8bcfbc,"{""distance"":7,""physical_error_rate"":0.0005}","{""detection_events"":1629,""detectors_checked"":829440}"
      1024,         0,         0,   0.076,standalone_exact_mw,b0cacb7fc707c2734ebeeceefd47b6bd6784bf6b65d0613559eb8dd3ed8bcfbc,"{""distance"":7,""physical_error_rate"":0.0005}","{""detection_events"":1731,""detectors_checked"":829440}"
     29696,         0,         0,    1.14,standalone_exact_mw,b0cacb7fc707c2734ebeeceefd47b6bd6784bf6b65d0613559eb8dd3ed8bcfbc,"{""distance"":7,""physical_error_rate"":0.0005}","{""detection_events"":47025,""detectors_checked"":24053760}"
      1024,         0,         0,   0.075,standalone_exact_mw,b0cacb7fc707c2734ebeeceefd47b6bd6784bf6b65d0613559eb8dd3ed8bcfbc,"{""distance"":7,""physical_error_rate"":0.0005}","{""detection_events"":1623,""detectors_checked"":829440}"
      1024,         0,         0,   0.074,standalone_exact_mw,b0cacb7fc707c2734ebeeceefd47b6bd6784bf6b65d0613559eb8dd3ed8bcfbc,"{""distance"":7,""physical_error_rate"":0.0005}","{""detection_events"":1565,""detectors_checked"":829440}"
      2048,         0,         0,   0.136,standalone_exact_mw,b0cacb7fc707c2734ebeeceefd47b6bd6784bf6b65d0613559eb8dd3ed8bcfbc,"{""distance"":7,""physical_error_rate"":0.0005}","{""detection_events"":3201,""detectors_checked"":1658880}"
     45056,         0,         0,    3.06,standalone_exact_mw,b0cacb7fc707c2734ebeeceefd47b6bd6784bf6b65d0613559eb8dd3ed8bcfbc,"{""distance"":7,""physical_error_rate"":0.0005}","{""detection_events"":71519,""detectors_checked"":36495360}"
      2048,         0,         0,   0.134,standalone_exact_mw,b0cacb7fc707c2734ebeeceefd47b6bd6784bf6b65d0613559eb8dd3ed8bcfbc,"{""distance"":7,""physical_error_rate"":0.0005}","{""detection_events"":3126,""detectors_checked"":1658880}"
    604160,         0,         0,    62.9,standalone_exact_mw,c63d9dbf283cbe8d7d2c9891770aca900c170ab5c3de0408fa399997170cec3d,"{""distance"":7,""physical_error_rate"":0.001}","{""detection_events"":1903983,""detectors_checked"":489369600}"
      2048,         0,         0,   0.135,standalone_exact_mw,b0cacb7fc707c2734ebeeceefd47b6bd6784bf6b65d0613559eb8dd3ed8bcfbc,"{""distance"":7,""physical_error_rate"":0.0005}","{""detection_events"":3153,""detectors_checked"":1658880}"
     71680,         0,         0,    5.99,standalone_exact_mw,c63d9dbf283cbe8d7d2c9891770aca900c170ab5c3de0408fa399997170cec3d,"{""distance"":7,""physical_error_rate"":0.001}","{""detection_events"":225191,""detectors_checked"":58060800}"
      3072,         0,         0,   0.197,standalone_exact_mw,b0cacb7fc707c2734ebeeceefd47b6bd6784bf6b65d0613559eb8dd3ed8bcfbc,"{""distance"":7,""physical_error_rate"":0.0005}","{""detection_events"":4800,""detectors_checked"":2488320}"
      4096,         0,         0,   0.291,standalone_exact_mw,b0cacb7fc707c2734ebeeceefd47b6bd6784bf6b65d0613559eb8dd3ed8bcfbc,"{""distance"":7,""physical_error_rate"":0.0005}","{""detection_events"":6699,""detectors_checked"":3317760}"
       273,         0,         0,   0.032,standalone_exact_mw,c63d9dbf283cbe8d7d2c9891770aca900c170ab5c3de0408fa399997170cec3d,"{""distance"":7,""physical_error_rate"":0.001}","{""detection_events"":898,""detectors_checked"":221130}"
      6144,         0,         0,   0.422,standalone_exact_mw,b0cacb7fc707c2734ebeeceefd47b6bd6784bf6b65d0613559eb8dd3ed8bcfbc,"{""distance"":7,""physical_error_rate"":0.0005}","{""detection_events"":9740,""detectors_checked"":4976640}"
      1024,         0,         0,   0.101,standalone_exact_mw,c63d9dbf283cbe8d7d2c9891770aca900c170ab5c3de0408fa399997170cec3d,"{""distance"":7,""physical_error_rate"":0.001}","{""detection_events"":3158,""detectors_checked"":829440}"
     27648,         0,         0,    1.58,standalone_exact_mw,b0cacb7fc707c2734ebeeceefd47b6bd6784bf6b65d0613559eb8dd3ed8bcfbc,"{""distance"":7,""physical_error_rate"":0.0005}","{""detection_events"":43959,""detectors_checked"":22394880}"
     86016,         0,         0,    8.39,standalone_exact_mw,20c8daca17953576b13a32f59e5f9cb54485b277119f4e6925e9023b8dd1f351,"{""distance"":7,""physical_error_rate"":0.002}","{""detection_events"":540361,""detectors_checked"":69672960}"
      1024,         0,         0,   0.100,standalone_exact_mw,c63d9dbf283cbe8d7d2c9891770aca900c170ab5c3de0408fa399997170cec3d,"{""distance"":7,""physical_error_rate"":0.001}","{""detection_events"":3233,""detectors_checked"":829440}"
      1024,         0,         0,   0.088,standalone_exact_mw,c63d9dbf283cbe8d7d2c9891770aca900c170ab5c3de0408fa399997170cec3d,"{""distance"":7,""physical_error_rate"":0.001}","{""detection_events"":3234,""detectors_checked"":829440}"
      1024,         0,         0,   0.100,standalone_exact_mw,c63d9dbf283cbe8d7d2c9891770aca900c170ab5c3de0408fa399997170cec3d,"{""distance"":7,""physical_error_rate"":0.001}","{""detection_events"":3139,""detectors_checked"":829440}"
      1024,         0,         0,   0.101,standalone_exact_mw,c63d9dbf283cbe8d7d2c9891770aca900c170ab5c3de0408fa399997170cec3d,"{""distance"":7,""physical_error_rate"":0.001}","{""detection_events"":3314,""detectors_checked"":829440}"
      1024,         0,         0,   0.101,standalone_exact_mw,c63d9dbf283cbe8d7d2c9891770aca900c170ab5c3de0408fa399997170cec3d,"{""distance"":7,""physical_error_rate"":0.001}","{""detection_events"":3327,""detectors_checked"":829440}"
   1511424,         0,         0,   119.9,standalone_exact_mw,c63d9dbf283cbe8d7d2c9891770aca900c170ab5c3de0408fa399997170cec3d,"{""distance"":7,""physical_error_rate"":0.001}","{""detection_events"":4765071,""detectors_checked"":1224253440}"
      9216,         0,         0,   0.637,standalone_exact_mw,b0cacb7fc707c2734ebeeceefd47b6bd6784bf6b65d0613559eb8dd3ed8bcfbc,"{""distance"":7,""physical_error_rate"":0.0005}","{""detection_events"":15122,""detectors_checked"":7464960}"
      2048,         0,         0,   0.189,standalone_exact_mw,c63d9dbf283cbe8d7d2c9891770aca900c170ab5c3de0408fa399997170cec3d,"{""distance"":7,""physical_error_rate"":0.001}","{""detection_events"":6597,""detectors_checked"":1658880}"
      2048,         0,         0,   0.202,standalone_exact_mw,c63d9dbf283cbe8d7d2c9891770aca900c170ab5c3de0408fa399997170cec3d,"{""distance"":7,""physical_error_rate"":0.001}","{""detection_events"":6557,""detectors_checked"":1658880}"
      3072,         0,         0,   0.291,standalone_exact_mw,c63d9dbf283cbe8d7d2c9891770aca900c170ab5c3de0408fa399997170cec3d,"{""distance"":7,""physical_error_rate"":0.001}","{""detection_events"":9521,""detectors_checked"":2488320}"
         1,         0,         0,   0.002,standalone_exact_mw,c63d9dbf283cbe8d7d2c9891770aca900c170ab5c3de0408fa399997170cec3d,"{""distance"":7,""physical_error_rate"":0.001}","{""detectors_checked"":810}"
       272,         0,         0,   0.030,standalone_exact_mw,c63d9dbf283cbe8d7d2c9891770aca900c170ab5c3de0408fa399997170cec3d,"{""distance"":7,""physical_error_rate"":0.001}","{""detection_events"":829,""detectors_checked"":220320}"
      1024,         0,         0,   0.062,standalone_exact_mw,c63d9dbf283cbe8d7d2c9891770aca900c170ab5c3de0408fa399997170cec3d,"{""distance"":7,""physical_error_rate"":0.001}","{""detection_events"":3334,""detectors_checked"":829440}"
      1024,         0,         0,   0.048,standalone_exact_mw,c63d9dbf283cbe8d7d2c9891770aca900c170ab5c3de0408fa399997170cec3d,"{""distance"":7,""physical_error_rate"":0.001}","{""detection_events"":3337,""detectors_checked"":829440}"
     12288,         0,         0,   0.854,standalone_exact_mw,b0cacb7fc707c2734ebeeceefd47b6bd6784bf6b65d0613559eb8dd3ed8bcfbc,"{""distance"":7,""physical_error_rate"":0.0005}","{""detection_events"":19217,""detectors_checked"":9953280}"
      1024,         0,         0,   0.049,standalone_exact_mw,c63d9dbf283cbe8d7d2c9891770aca900c170ab5c3de0408fa399997170cec3d,"{""distance"":7,""physical_error_rate"":0.001}","{""detection_events"":3164,""detectors_checked"":829440}"
      3072,         0,         0,   0.289,standalone_exact_mw,c63d9dbf283cbe8d7d2c9891770aca900c170ab5c3de0408fa399997170cec3d,"{""distance"":7,""physical_error_rate"":0.001}","{""detection_events"":9574,""detectors_checked"":2488320}"
      2048,         0,         0,   0.095,standalone_exact_mw,c63d9dbf283cbe8d7d2c9891770aca900c170ab5c3de0408fa399997170cec3d,"{""distance"":7,""physical_error_rate"":0.001}","{""detection_events"":6348,""detectors_checked"":1658880}"
      2048,         0,         0,   0.096,standalone_exact_mw,c63d9dbf283cbe8d7d2c9891770aca900c170ab5c3de0408fa399997170cec3d,"{""distance"":7,""physical_error_rate"":0.001}","{""detection_events"":6471,""detectors_checked"":1658880}"
      3072,         0,         0,   0.143,standalone_exact_mw,c63d9dbf283cbe8d7d2c9891770aca900c170ab5c3de0408fa399997170cec3d,"{""distance"":7,""physical_error_rate"":0.001}","{""detection_events"":9686,""detectors_checked"":2488320}"
      5120,         0,         0,   0.463,standalone_exact_mw,c63d9dbf283cbe8d7d2c9891770aca900c170ab5c3de0408fa399997170cec3d,"{""distance"":7,""physical_error_rate"":0.001}","{""detection_events"":16271,""detectors_checked"":4147200}"
      3072,         0,         0,   0.210,standalone_exact_mw,c63d9dbf283cbe8d7d2c9891770aca900c170ab5c3de0408fa399997170cec3d,"{""distance"":7,""physical_error_rate"":0.001}","{""detection_events"":9869,""detectors_checked"":2488320}"
      5120,         0,         0,   0.237,standalone_exact_mw,c63d9dbf283cbe8d7d2c9891770aca900c170ab5c3de0408fa399997170cec3d,"{""distance"":7,""physical_error_rate"":0.001}","{""detection_events"":16044,""detectors_checked"":4147200}"
     56320,         0,         0,    2.20,standalone_exact_mw,b0cacb7fc707c2734ebeeceefd47b6bd6784bf6b65d0613559eb8dd3ed8bcfbc,"{""distance"":7,""physical_error_rate"":0.0005}","{""detection_events"":89464,""detectors_checked"":45619200}"
      6144,         0,         0,   0.578,standalone_exact_mw,c63d9dbf283cbe8d7d2c9891770aca900c170ab5c3de0408fa399997170cec3d,"{""distance"":7,""physical_error_rate"":0.001}","{""detection_events"":19408,""detectors_checked"":4976640}"
     16384,         0,         0,    1.15,standalone_exact_mw,b0cacb7fc707c2734ebeeceefd47b6bd6784bf6b65d0613559eb8dd3ed8bcfbc,"{""distance"":7,""physical_error_rate"":0.0005}","{""detection_events"":26015,""detectors_checked"":13271040}"
      5120,         0,         0,   0.361,standalone_exact_mw,c63d9dbf283cbe8d7d2c9891770aca900c170ab5c3de0408fa399997170cec3d,"{""distance"":7,""physical_error_rate"":0.001}","{""detection_events"":15967,""detectors_checked"":4147200}"
      8192,         0,         0,   0.434,standalone_exact_mw,c63d9dbf283cbe8d7d2c9891770aca900c170ab5c3de0408fa399997170cec3d,"{""distance"":7,""physical_error_rate"":0.001}","{""detection_events"":25527,""detectors_checked"":6635520}"
     62464,         0,         0,    4.27,standalone_exact_mw,b0cacb7fc707c2734ebeeceefd47b6bd6784bf6b65d0613559eb8dd3ed8bcfbc,"{""distance"":7,""physical_error_rate"":0.0005}","{""detection_events"":99957,""detectors_checked"":50595840}"
      9216,         0,         0,   0.879,standalone_exact_mw,c63d9dbf283cbe8d7d2c9891770aca900c170ab5c3de0408fa399997170cec3d,"{""distance"":7,""physical_error_rate"":0.001}","{""detection_events"":28921,""detectors_checked"":7464960}"
    100352,         0,         0,    8.46,standalone_exact_mw,20c8daca17953576b13a32f59e5f9cb54485b277119f4e6925e9023b8dd1f351,"{""distance"":7,""physical_error_rate"":0.002}","{""detection_events"":629770,""detectors_checked"":81285120}"
     12288,         0,         0,   0.573,standalone_exact_mw,c63d9dbf283cbe8d7d2c9891770aca900c170ab5c3de0408fa399997170cec3d,"{""distance"":7,""physical_error_rate"":0.001}","{""detection_events"":38810,""detectors_checked"":9953280}"
       273,         0,         0,   0.023,standalone_exact_mw,20c8daca17953576b13a32f59e5f9cb54485b277119f4e6925e9023b8dd1f351,"{""distance"":7,""physical_error_rate"":0.002}","{""detection_events"":1750,""detectors_checked"":221130}"
      1024,         0,         0,   0.064,standalone_exact_mw,20c8daca17953576b13a32f59e5f9cb54485b277119f4e6925e9023b8dd1f351,"{""distance"":7,""physical_error_rate"":0.002}","{""detection_events"":6460,""detectors_checked"":829440}"
      1024,         0,         0,   0.064,standalone_exact_mw,20c8daca17953576b13a32f59e5f9cb54485b277119f4e6925e9023b8dd1f351,"{""distance"":7,""physical_error_rate"":0.002}","{""detection_events"":6432,""detectors_checked"":829440}"
      1024,         0,         0,   0.064,standalone_exact_mw,20c8daca17953576b13a32f59e5f9cb54485b277119f4e6925e9023b8dd1f351,"{""distance"":7,""physical_error_rate"":0.002}","{""detection_events"":6353,""detectors_checked"":829440}"
      1024,         0,         0,   0.064,standalone_exact_mw,20c8daca17953576b13a32f59e5f9cb54485b277119f4e6925e9023b8dd1f351,"{""distance"":7,""physical_error_rate"":0.002}","{""detection_events"":6554,""detectors_checked"":829440}"
      1024,         0,         0,   0.065,standalone_exact_mw,20c8daca17953576b13a32f59e5f9cb54485b277119f4e6925e9023b8dd1f351,"{""distance"":7,""physical_error_rate"":0.002}","{""detection_events"":6776,""detectors_checked"":829440}"
     22528,         0,         0,    1.56,standalone_exact_mw,b0cacb7fc707c2734ebeeceefd47b6bd6784bf6b65d0613559eb8dd3ed8bcfbc,"{""distance"":7,""physical_error_rate"":0.0005}","{""detection_events"":35403,""detectors_checked"":18247680}"
      2048,         0,         0,   0.127,standalone_exact_mw,20c8daca17953576b13a32f59e5f9cb54485b277119f4e6925e9023b8dd1f351,"{""distance"":7,""physical_error_rate"":0.002}","{""detection_events"":12864,""detectors_checked"":1658880}"
      2048,         0,         0,   0.127,standalone_exact_mw,20c8daca17953576b13a32f59e5f9cb54485b277119f4e6925e9023b8dd1f351,"{""distance"":7,""physical_error_rate"":0.002}","{""detection_events"":12890,""detectors_checked"":1658880}"
    441344,         0,         0,    23.0,standalone_exact_mw,c63d9dbf283cbe8d7d2c9891770aca900c170ab5c3de0408fa399997170cec3d,"{""distance"":7,""physical_error_rate"":0.001}","{""detection_events"":1393029,""detectors_checked"":357488640}"
     16384,         0,         0,   0.827,standalone_exact_mw,c63d9dbf283cbe8d7d2c9891770aca900c170ab5c3de0408fa399997170cec3d,"{""distance"":7,""physical_error_rate"":0.001}","{""detection_events"":50879,""detectors_checked"":13271040}"
      3072,         0,         0,   0.189,standalone_exact_mw,20c8daca17953576b13a32f59e5f9cb54485b277119f4e6925e9023b8dd1f351,"{""distance"":7,""physical_error_rate"":0.002}","{""detection_events"":19213,""detectors_checked"":2488320}"
     12288,         0,         0,    1.17,standalone_exact_mw,c63d9dbf283cbe8d7d2c9891770aca900c170ab5c3de0408fa399997170cec3d,"{""distance"":7,""physical_error_rate"":0.001}","{""detection_events"":39214,""detectors_checked"":9953280}"
      4096,         0,         0,   0.267,standalone_exact_mw,20c8daca17953576b13a32f59e5f9cb54485b277119f4e6925e9023b8dd1f351,"{""distance"":7,""physical_error_rate"":0.002}","{""detection_events"":25510,""detectors_checked"":3317760}"
      5120,         0,         0,   0.317,standalone_exact_mw,20c8daca17953576b13a32f59e5f9cb54485b277119f4e6925e9023b8dd1f351,"{""distance"":7,""physical_error_rate"":0.002}","{""detection_events"":32116,""detectors_checked"":4147200}"
     72704,         0,         0,    3.06,standalone_exact_mw,b0cacb7fc707c2734ebeeceefd47b6bd6784bf6b65d0613559eb8dd3ed8bcfbc,"{""distance"":7,""physical_error_rate"":0.0005}","{""detection_events"":115513,""detectors_checked"":58890240}"
      6144,         0,         0,   0.444,standalone_exact_mw,20c8daca17953576b13a32f59e5f9cb54485b277119f4e6925e9023b8dd1f351,"{""distance"":7,""physical_error_rate"":0.002}","{""detection_events"":38400,""detectors_checked"":4976640}"
     22528,         0,         0,    1.12,standalone_exact_mw,c63d9dbf283cbe8d7d2c9891770aca900c170ab5c3de0408fa399997170cec3d,"{""distance"":7,""physical_error_rate"":0.001}","{""detection_events"":70932,""detectors_checked"":18247680}"
       273,         0,         0,   0.035,standalone_exact_mw,20c8daca17953576b13a32f59e5f9cb54485b277119f4e6925e9023b8dd1f351,"{""distance"":7,""physical_error_rate"":0.002}","{""detection_events"":1747,""detectors_checked"":221130}"
      9216,         0,         0,   0.568,standalone_exact_mw,20c8daca17953576b13a32f59e5f9cb54485b277119f4e6925e9023b8dd1f351,"{""distance"":7,""physical_error_rate"":0.002}","{""detection_events"":57929,""detectors_checked"":7464960}"
     16384,         0,         0,    1.56,standalone_exact_mw,c63d9dbf283cbe8d7d2c9891770aca900c170ab5c3de0408fa399997170cec3d,"{""distance"":7,""physical_error_rate"":0.001}","{""detection_events"":52264,""detectors_checked"":13271040}"
      1024,         0,         0,   0.129,standalone_exact_mw,20c8daca17953576b13a32f59e5f9cb54485b277119f4e6925e9023b8dd1f351,"{""distance"":7,""physical_error_rate"":0.002}","{""detection_events"":6412,""detectors_checked"":829440}"
      1024,         0,         0,   0.129,standalone_exact_mw,20c8daca17953576b13a32f59e5f9cb54485b277119f4e6925e9023b8dd1f351,"{""distance"":7,""physical_error_rate"":0.002}","{""detection_events"":6577,""detectors_checked"":829440}"
     31744,         0,         0,    2.20,standalone_exact_mw,b0cacb7fc707c2734ebeeceefd47b6bd6784bf6b65d0613559eb8dd3ed8bcfbc,"{""distance"":7,""physical_error_rate"":0.0005}","{""detection_events"":50495,""detectors_checked"":25712640}"
      1024,         0,         0,   0.128,standalone_exact_mw,20c8daca17953576b13a32f59e5f9cb54485b277119f4e6925e9023b8dd1f351,"{""distance"":7,""physical_error_rate"":0.002}","{""detection_events"":6415,""detectors_checked"":829440}"
   1020928,         0,         0,   119.9,standalone_exact_mw,c63d9dbf283cbe8d7d2c9891770aca900c170ab5c3de0408fa399997170cec3d,"{""distance"":7,""physical_error_rate"":0.001}","{""detection_events"":3216684,""detectors_checked"":826951680}"
      1024,         0,         0,   0.115,standalone_exact_mw,20c8daca17953576b13a32f59e5f9cb54485b277119f4e6925e9023b8dd1f351,"{""distance"":7,""physical_error_rate"":0.002}","{""detection_events"":6360,""detectors_checked"":829440}"
      1024,         0,         0,   0.129,standalone_exact_mw,20c8daca17953576b13a32f59e5f9cb54485b277119f4e6925e9023b8dd1f351,"{""distance"":7,""physical_error_rate"":0.002}","{""detection_events"":6303,""detectors_checked"":829440}"
      1024,         0,         0,   0.128,standalone_exact_mw,20c8daca17953576b13a32f59e5f9cb54485b277119f4e6925e9023b8dd1f351,"{""distance"":7,""physical_error_rate"":0.002}","{""detection_events"":6387,""detectors_checked"":829440}"
     13312,         0,         0,   0.823,standalone_exact_mw,20c8daca17953576b13a32f59e5f9cb54485b277119f4e6925e9023b8dd1f351,"{""distance"":7,""physical_error_rate"":0.002}","{""detection_events"":82835,""detectors_checked"":10782720}"
      1024,         0,         0,   0.128,standalone_exact_mw,20c8daca17953576b13a32f59e5f9cb54485b277119f4e6925e9023b8dd1f351,"{""distance"":7,""physical_error_rate"":0.002}","{""detection_events"":6395,""detectors_checked"":829440}"
     17408,         0,         0,    1.64,standalone_exact_mw,c63d9dbf283cbe8d7d2c9891770aca900c170ab5c3de0408fa399997170cec3d,"{""distance"":7,""physical_error_rate"":0.001}","{""detection_events"":54543,""detectors_checked"":14100480}"
      2048,         0,         0,   0.245,standalone_exact_mw,20c8daca17953576b13a32f59e5f9cb54485b277119f4e6925e9023b8dd1f351,"{""distance"":7,""physical_error_rate"":0.002}","{""detection_events"":12576,""detectors_checked"":1658880}"
      2048,         0,         0,   0.238,standalone_exact_mw,20c8daca17953576b13a32f59e5f9cb54485b277119f4e6925e9023b8dd1f351,"{""distance"":7,""physical_error_rate"":0.002}","{""detection_events"":12731,""detectors_checked"":1658880}"
    121856,         0,         0,    8.37,standalone_exact_mw,c63d9dbf283cbe8d7d2c9891770aca900c170ab5c3de0408fa399997170cec3d,"{""distance"":7,""physical_error_rate"":0.001}","{""detection_events"":384146,""detectors_checked"":98703360}"
      3072,         0,         0,   0.375,standalone_exact_mw,20c8daca17953576b13a32f59e5f9cb54485b277119f4e6925e9023b8dd1f351,"{""distance"":7,""physical_error_rate"":0.002}","{""detection_events"":19362,""detectors_checked"":2488320}"
     16384,         0,         0,    1.12,standalone_exact_mw,20c8daca17953576b13a32f59e5f9cb54485b277119f4e6925e9023b8dd1f351,"{""distance"":7,""physical_error_rate"":0.002}","{""detection_events"":102840,""detectors_checked"":13271040}"
      4096,         0,         0,   0.503,standalone_exact_mw,20c8daca17953576b13a32f59e5f9cb54485b277119f4e6925e9023b8dd1f351,"{""distance"":7,""physical_error_rate"":0.002}","{""detection_events"":25698,""detectors_checked"":3317760}"
     23552,         0,         0,    2.25,standalone_exact_mw,c63d9dbf283cbe8d7d2c9891770aca900c170ab5c3de0408fa399997170cec3d,"{""distance"":7,""physical_error_rate"":0.001}","{""detection_events"":74427,""detectors_checked"":19077120}"
      5120,         0,         0,   0.639,standalone_exact_mw,20c8daca17953576b13a32f59e5f9cb54485b277119f4e6925e9023b8dd1f351,"{""distance"":7,""physical_error_rate"":0.002}","{""detection_events"":31819,""detectors_checked"":4147200}"
    106496,         0,         0,    5.97,standalone_exact_mw,b0cacb7fc707c2734ebeeceefd47b6bd6784bf6b65d0613559eb8dd3ed8bcfbc,"{""distance"":7,""physical_error_rate"":0.0005}","{""detection_events"":168686,""detectors_checked"":86261760}"
     23552,         0,         0,    2.20,standalone_exact_mw,c63d9dbf283cbe8d7d2c9891770aca900c170ab5c3de0408fa399997170cec3d,"{""distance"":7,""physical_error_rate"":0.001}","{""detection_events"":73935,""detectors_checked"":19077120}"
     44032,         0,         0,    3.06,standalone_exact_mw,b0cacb7fc707c2734ebeeceefd47b6bd6784bf6b65d0613559eb8dd3ed8bcfbc,"{""distance"":7,""physical_error_rate"":0.0005}","{""detection_events"":68903,""detectors_checked"":35665920}"
   1873920,         1,         0,   119.9,standalone_exact_mw,20c8daca17953576b13a32f59e5f9cb54485b277119f4e6925e9023b8dd1f351,"{""distance"":7,""physical_error_rate"":0.002}","{""detection_events"":11739173,""detectors_checked"":1517875200,""obs_mistake_mask=E"":1}"
     89088,         0,         0,    4.28,standalone_exact_mw,b0cacb7fc707c2734ebeeceefd47b6bd6784bf6b65d0613559eb8dd3ed8bcfbc,"{""distance"":7,""physical_error_rate"":0.0005}","{""detection_events"":140637,""detectors_checked"":72161280}"
     18432,         0,         0,    1.63,standalone_exact_mw,20c8daca17953576b13a32f59e5f9cb54485b277119f4e6925e9023b8dd1f351,"{""distance"":7,""physical_error_rate"":0.002}","{""detection_events"":115526,""detectors_checked"":14929920}"
    324608,         0,         0,    23.0,standalone_exact_mw,20c8daca17953576b13a32f59e5f9cb54485b277119f4e6925e9023b8dd1f351,"{""distance"":7,""physical_error_rate"":0.002}","{""detection_events"":2032072,""detectors_checked"":262932480}"
      7168,         0,         0,   0.891,standalone_exact_mw,20c8daca17953576b13a32f59e5f9cb54485b277119f4e6925e9023b8dd1f351,"{""distance"":7,""physical_error_rate"":0.002}","{""detection_events"":44893,""detectors_checked"":5806080}"
      9216,         0,         0,    1.15,standalone_exact_mw,20c8daca17953576b13a32f59e5f9cb54485b277119f4e6925e9023b8dd1f351,"{""distance"":7,""physical_error_rate"":0.002}","{""detection_events"":57489,""detectors_checked"":7464960}"
     32768,         0,         0,    3.10,standalone_exact_mw,c63d9dbf283cbe8d7d2c9891770aca900c170ab5c3de0408fa399997170cec3d,"{""distance"":7,""physical_error_rate"":0.001}","{""detection_events"":102879,""detectors_checked"":26542080}"
    124928,         0,         0,    11.8,standalone_exact_mw,20c8daca17953576b13a32f59e5f9cb54485b277119f4e6925e9023b8dd1f351,"{""distance"":7,""physical_error_rate"":0.002}","{""detection_events"":782415,""detectors_checked"":101191680}"
     17408,         0,         0,    2.19,standalone_exact_mw,20c8daca17953576b13a32f59e5f9cb54485b277119f4e6925e9023b8dd1f351,"{""distance"":7,""physical_error_rate"":0.002}","{""detection_events"":109846,""detectors_checked"":14100480}"
     32768,         0,         0,    3.06,standalone_exact_mw,c63d9dbf283cbe8d7d2c9891770aca900c170ab5c3de0408fa399997170cec3d,"{""distance"":7,""physical_error_rate"":0.001}","{""detection_events"":102966,""detectors_checked"":26542080}"
     13312,         0,         0,    1.66,standalone_exact_mw,20c8daca17953576b13a32f59e5f9cb54485b277119f4e6925e9023b8dd1f351,"{""distance"":7,""physical_error_rate"":0.002}","{""detection_events"":82905,""detectors_checked"":10782720}"
     75776,         0,         0,    4.32,standalone_exact_mw,b0cacb7fc707c2734ebeeceefd47b6bd6784bf6b65d0613559eb8dd3ed8bcfbc,"{""distance"":7,""physical_error_rate"":0.0005}","{""detection_events"":119447,""detectors_checked"":61378560}"
     24576,         0,         0,    3.06,standalone_exact_mw,20c8daca17953576b13a32f59e5f9cb54485b277119f4e6925e9023b8dd1f351,"{""distance"":7,""physical_error_rate"":0.002}","{""detection_events"":152517,""detectors_checked"":19906560}"
     18432,         0,         0,    2.29,standalone_exact_mw,20c8daca17953576b13a32f59e5f9cb54485b277119f4e6925e9023b8dd1f351,"{""distance"":7,""physical_error_rate"":0.002}","{""detection_events"":115078,""detectors_checked"":14929920}"
    125952,         0,         0,    11.8,standalone_exact_mw,20c8daca17953576b13a32f59e5f9cb54485b277119f4e6925e9023b8dd1f351,"{""distance"":7,""physical_error_rate"":0.002}","{""detection_events"":789517,""detectors_checked"":102021120}"
     89088,         0,         0,    5.98,standalone_exact_mw,b0cacb7fc707c2734ebeeceefd47b6bd6784bf6b65d0613559eb8dd3ed8bcfbc,"{""distance"":7,""physical_error_rate"":0.0005}","{""detection_events"":140583,""detectors_checked"":72161280}"
     55296,         0,         0,    4.31,standalone_exact_mw,c63d9dbf283cbe8d7d2c9891770aca900c170ab5c3de0408fa399997170cec3d,"{""distance"":7,""physical_error_rate"":0.001}","{""detection_events"":173998,""detectors_checked"":44789760}"
       273,         0,         0,   0.028,standalone_exact_mw,b0cacb7fc707c2734ebeeceefd47b6bd6784bf6b65d0613559eb8dd3ed8bcfbc,"{""distance"":7,""physical_error_rate"":0.0005}","{""detection_events"":415,""detectors_checked"":221130}"
      1024,         0,         0,   0.074,standalone_exact_mw,b0cacb7fc707c2734ebeeceefd47b6bd6784bf6b65d0613559eb8dd3ed8bcfbc,"{""distance"":7,""physical_error_rate"":0.0005}","{""detection_events"":1586,""detectors_checked"":829440}"
      1024,         0,         0,   0.075,standalone_exact_mw,b0cacb7fc707c2734ebeeceefd47b6bd6784bf6b65d0613559eb8dd3ed8bcfbc,"{""distance"":7,""physical_error_rate"":0.0005}","{""detection_events"":1579,""detectors_checked"":829440}"
      1024,         0,         0,   0.062,standalone_exact_mw,b0cacb7fc707c2734ebeeceefd47b6bd6784bf6b65d0613559eb8dd3ed8bcfbc,"{""distance"":7,""physical_error_rate"":0.0005}","{""detection_events"":1641,""detectors_checked"":829440}"
      1024,         0,         0,   0.063,standalone_exact_mw,b0cacb7fc707c2734ebeeceefd47b6bd6784bf6b65d0613559eb8dd3ed8bcfbc,"{""distance"":7,""physical_error_rate"":0.0005}","{""detection_events"":1698,""detectors_checked"":829440}"
      1024,         0,         0,   0.061,standalone_exact_mw,b0cacb7fc707c2734ebeeceefd47b6bd6784bf6b65d0613559eb8dd3ed8bcfbc,"{""distance"":7,""physical_error_rate"":0.0005}","{""detection_events"":1590,""detectors_checked"":829440}"
      2048,         0,         0,   0.135,standalone_exact_mw,b0cacb7fc707c2734ebeeceefd47b6bd6784bf6b65d0613559eb8dd3ed8bcfbc,"{""distance"":7,""physical_error_rate"":0.0005}","{""detection_events"":3131,""detectors_checked"":1658880}"
      2048,         0,         0,   0.137,standalone_exact_mw,b0cacb7fc707c2734ebeeceefd47b6bd6784bf6b65d0613559eb8dd3ed8bcfbc,"{""distance"":7,""physical_error_rate"":0.0005}","{""detection_events"":3171,""detectors_checked"":1658880}"
      2048,         0,         0,   0.138,standalone_exact_mw,b0cacb7fc707c2734ebeeceefd47b6bd6784bf6b65d0613559eb8dd3ed8bcfbc,"{""distance"":7,""physical_error_rate"":0.0005}","{""detection_events"":3384,""detectors_checked"":1658880}"
     50176,         0,         0,    4.35,standalone_exact_mw,c63d9dbf283cbe8d7d2c9891770aca900c170ab5c3de0408fa399997170cec3d,"{""distance"":7,""physical_error_rate"":0.001}","{""detection_events"":157659,""detectors_checked"":40642560}"
      3072,         0,         0,   0.213,standalone_exact_mw,b0cacb7fc707c2734ebeeceefd47b6bd6784bf6b65d0613559eb8dd3ed8bcfbc,"{""distance"":7,""physical_error_rate"":0.0005}","{""detection_events"":4938,""detectors_checked"":2488320}"
      5120,         0,         0,   0.347,standalone_exact_mw,b0cacb7fc707c2734ebeeceefd47b6bd6784bf6b65d0613559eb8dd3ed8bcfbc,"{""distance"":7,""physical_error_rate"":0.0005}","{""detection_events"":8140,""detectors_checked"":4147200}"
    155648,         0,         0,    8.42,standalone_exact_mw,b0cacb7fc707c2734ebeeceefd47b6bd6784bf6b65d0613559eb8dd3ed8bcfbc,"{""distance"":7,""physical_error_rate"":0.0005}","{""detection_events"":245430,""detectors_checked"":126074880}"
      6144,         0,         0,   0.436,standalone_exact_mw,b0cacb7fc707c2734ebeeceefd47b6bd6784bf6b65d0613559eb8dd3ed8bcfbc,"{""distance"":7,""physical_error_rate"":0.0005}","{""detection_events"":9612,""detectors_checked"":4976640}"
     24576,         0,         0,    3.07,standalone_exact_mw,20c8daca17953576b13a32f59e5f9cb54485b277119f4e6925e9023b8dd1f351,"{""distance"":7,""physical_error_rate"":0.002}","{""detection_events"":153672,""detectors_checked"":19906560}"
    808960,         0,         0,   119.8,standalone_exact_mw,b0cacb7fc707c2734ebeeceefd47b6bd6784bf6b65d0613559eb8dd3ed8bcfbc,"{""distance"":7,""physical_error_rate"":0.0005}","{""detection_events"":1276863,""detectors_checked"":655257600}"
      8192,         0,         0,   0.577,standalone_exact_mw,b0cacb7fc707c2734ebeeceefd47b6bd6784bf6b65d0613559eb8dd3ed8bcfbc,"{""distance"":7,""physical_error_rate"":0.0005}","{""detection_events"":12944,""detectors_checked"":6635520}"
     12288,         0,         0,   0.851,standalone_exact_mw,b0cacb7fc707c2734ebeeceefd47b6bd6784bf6b65d0613559eb8dd3ed8bcfbc,"{""distance"":7,""physical_error_rate"":0.0005}","{""detection_events"":19370,""detectors_checked"":9953280}"
    144384,         0,         0,    11.7,standalone_exact_mw,c63d9dbf283cbe8d7d2c9891770aca900c170ab5c3de0408fa399997170cec3d,"{""distance"":7,""physical_error_rate"":0.001}","{""detection_events"":455623,""detectors_checked"":116951040}"
     35840,         0,         0,    4.34,standalone_exact_mw,20c8daca17953576b13a32f59e5f9cb54485b277119f4e6925e9023b8dd1f351,"{""distance"":7,""physical_error_rate"":0.002}","{""detection_events"":224690,""detectors_checked"":29030400}"
     92160,         0,         0,    6.02,standalone_exact_mw,b0cacb7fc707c2734ebeeceefd47b6bd6784bf6b65d0613559eb8dd3ed8bcfbc,"{""distance"":7,""physical_error_rate"":0.0005}","{""detection_events"":145850,""detectors_checked"":74649600}"
     16384,         0,         0,    1.15,standalone_exact_mw,b0cacb7fc707c2734ebeeceefd47b6bd6784bf6b65d0613559eb8dd3ed8bcfbc,"{""distance"":7,""physical_error_rate"":0.0005}","{""detection_events"":26047,""detectors_checked"":13271040}"
   1262592,         0,         0,   119.9,standalone_exact_mw,c63d9dbf283cbe8d7d2c9891770aca900c170ab5c3de0408fa399997170cec3d,"{""distance"":7,""physical_error_rate"":0.001}","{""detection_events"":3975196,""detectors_checked"":1022699520}"
       273,         0,         0,   0.034,standalone_exact_mw,20c8daca17953576b13a32f59e5f9cb54485b277119f4e6925e9023b8dd1f351,"{""distance"":7,""physical_error_rate"":0.002}","{""detection_events"":1685,""detectors_checked"":221130}"
      1024,         0,         0,   0.115,standalone_exact_mw,20c8daca17953576b13a32f59e5f9cb54485b277119f4e6925e9023b8dd1f351,"{""distance"":7,""physical_error_rate"":0.002}","{""detection_events"":6426,""detectors_checked"":829440}"
      1024,         0,         0,   0.114,standalone_exact_mw,20c8daca17953576b13a32f59e5f9cb54485b277119f4e6925e9023b8dd1f351,"{""distance"":7,""physical_error_rate"":0.002}","{""detection_events"":6368,""detectors_checked"":829440}"
     63488,         0,         0,    5.98,standalone_exact_mw,c63d9dbf283cbe8d7d2c9891770aca900c170ab5c3de0408fa399997170cec3d,"{""distance"":7,""physical_error_rate"":0.001}","{""detection_events"":199017,""detectors_checked"":51425280}"
      1024,         0,         0,   0.114,standalone_exact_mw,20c8daca17953576b13a32f59e5f9cb54485b277119f4e6925e9023b8dd1f351,"{""distance"":7,""physical_error_rate"":0.002}","{""detection_events"":6275,""detectors_checked"":829440}"
     22528,         0,         0,    1.59,standalone_exact_mw,b0cacb7fc707c2734ebeeceefd47b6bd6784bf6b65d0613559eb8dd3ed8bcfbc,"{""distance"":7,""physical_error_rate"":0.0005}","{""detection_events"":35353,""detectors_checked"":18247680}"
      1024,         0,         0,   0.128,standalone_exact_mw,20c8daca17953576b13a32f59e5f9cb54485b277119f4e6925e9023b8dd1f351,"{""distance"":7,""physical_error_rate"":0.002}","{""detection_events"":6353,""detectors_checked"":829440}"
      1024,         0,         0,   0.128,standalone_exact_mw,20c8daca17953576b13a32f59e5f9cb54485b277119f4e6925e9023b8dd1f351,"{""distance"":7,""physical_error_rate"":0.002}","{""detection_events"":6575,""detectors_checked"":829440}"
      1024,         0,         0,   0.127,standalone_exact_mw,20c8daca17953576b13a32f59e5f9cb54485b277119f4e6925e9023b8dd1f351,"{""distance"":7,""physical_error_rate"":0.002}","{""detection_events"":6327,""detectors_checked"":829440}"
      1024,         0,         0,   0.111,standalone_exact_mw,20c8daca17953576b13a32f59e5f9cb54485b277119f4e6925e9023b8dd1f351,"{""distance"":7,""physical_error_rate"":0.002}","{""detection_events"":6462,""detectors_checked"":829440}"
     34816,         0,         0,    4.32,standalone_exact_mw,20c8daca17953576b13a32f59e5f9cb54485b277119f4e6925e9023b8dd1f351,"{""distance"":7,""physical_error_rate"":0.002}","{""detection_events"":218322,""detectors_checked"":28200960}"
      2048,         0,         0,   0.243,standalone_exact_mw,20c8daca17953576b13a32f59e5f9cb54485b277119f4e6925e9023b8dd1f351,"{""distance"":7,""physical_error_rate"":0.002}","{""detection_events"":12668,""detectors_checked"":1658880}"
      2048,         0,         0,   0.243,standalone_exact_mw,20c8daca17953576b13a32f59e5f9cb54485b277119f4e6925e9023b8dd1f351,"{""distance"":7,""physical_error_rate"":0.002}","{""detection_events"":13089,""detectors_checked"":1658880}"
     80896,         0,         0,    6.06,standalone_exact_mw,c63d9dbf283cbe8d7d2c9891770aca900c170ab5c3de0408fa399997170cec3d,"{""distance"":7,""physical_error_rate"":0.001}","{""detection_events"":254735,""detectors_checked"":65525760}"
      3072,         0,         0,   0.370,standalone_exact_mw,20c8daca17953576b13a32f59e5f9cb54485b277119f4e6925e9023b8dd1f351,"{""distance"":7,""physical_error_rate"":0.002}","{""detection_events"":19428,""detectors_checked"":2488320}"
      4096,         0,         0,   0.501,standalone_exact_mw,20c8daca17953576b13a32f59e5f9cb54485b277119f4e6925e9023b8dd1f351,"{""distance"":7,""physical_error_rate"":0.002}","{""detection_events"":25806,""detectors_checked"":3317760}"
    147456,         0,         0,    8.40,standalone_exact_mw,b0cacb7fc707c2734ebeeceefd47b6bd6784bf6b65d0613559eb8dd3ed8bcfbc,"{""distance"":7,""physical_error_rate"":0.0005}","{""detection_events"":233687,""detectors_checked"":119439360}"
     31744,         0,         0,    2.22,standalone_exact_mw,b0cacb7fc707c2734ebeeceefd47b6bd6784bf6b65d0613559eb8dd3ed8bcfbc,"{""distance"":7,""physical_error_rate"":0.0005}","{""detection_events"":49449,""detectors_checked"":25712640}"
      5120,         0,         0,   0.626,standalone_exact_mw,20c8daca17953576b13a32f59e5f9cb54485b277119f4e6925e9023b8dd1f351,"{""distance"":7,""physical_error_rate"":0.002}","{""detection_events"":32299,""detectors_checked"":4147200}"
    896000,         0,         0,    88.2,standalone_exact_mw,20c8daca17953576b13a32f59e5f9cb54485b277119f4e6925e9023b8dd1f351,"{""distance"":7,""physical_error_rate"":0.002}","{""detection_events"":5617740,""detectors_checked"":725760000}"
      6144,         0,         0,   0.850,standalone_exact_mw,20c8daca17953576b13a32f59e5f9cb54485b277119f4e6925e9023b8dd1f351,"{""distance"":7,""physical_error_rate"":0.002}","{""detection_events"":38752,""detectors_checked"":4976640}"
     53248,         0,         0,    6.01,standalone_exact_mw,20c8daca17953576b13a32f59e5f9cb54485b277119f4e6925e9023b8dd1f351,"{""distance"":7,""physical_error_rate"":0.002}","{""detection_events"":333982,""detectors_checked"":43130880}"
   1616896,         0,         0,    88.0,standalone_exact_mw,b0cacb7fc707c2734ebeeceefd47b6bd6784bf6b65d0613559eb8dd3ed8bcfbc,"{""distance"":7,""physical_error_rate"":0.0005}","{""detection_events"":2556018,""detectors_checked"":1309685760}"
   1689600,         0,         0,   119.8,standalone_exact_mw,b0cacb7fc707c2734ebeeceefd47b6bd6784bf6b65d0613559eb8dd3ed8bcfbc,"{""distance"":7,""physical_error_rate"":0.0005}","{""detection_events"":2674427,""detectors_checked"":1368576000}"
   2055168,         0,         0,   119.9,standalone_exact_mw,b0cacb7fc707c2734ebeeceefd47b6bd6784bf6b65d0613559eb8dd3ed8bcfbc,"{""distance"":7,""physical_error_rate"":0.0005}","{""detection_events"":3245161,""detectors_checked"":1664686080}"
      5120,         0,         0,    1.17,standalone_exact_mw,20c8daca17953576b13a32f59e5f9cb54485b277119f4e6925e9023b8dd1f351,"{""distance"":7,""physical_error_rate"":0.002}","{""detection_events"":32070,""detectors_checked"":4147200}"
     31744,         0,         0,    3.10,standalone_exact_mw,b0cacb7fc707c2734ebeeceefd47b6bd6784bf6b65d0613559eb8dd3ed8bcfbc,"{""distance"":7,""physical_error_rate"":0.0005}","{""detection_events"":50799,""detectors_checked"":25712640}"
    120832,         0,         0,    8.40,standalone_exact_mw,b0cacb7fc707c2734ebeeceefd47b6bd6784bf6b65d0613559eb8dd3ed8bcfbc,"{""distance"":7,""physical_error_rate"":0.0005}","{""detection_events"":189781,""detectors_checked"":97873920}"
      7168,         0,         0,    1.78,standalone_exact_mw,20c8daca17953576b13a32f59e5f9cb54485b277119f4e6925e9023b8dd1f351,"{""distance"":7,""physical_error_rate"":0.002}","{""detection_events"":45048,""detectors_checked"":5806080}"
    147456,         0,         0,    16.4,standalone_exact_mw,20c8daca17953576b13a32f59e5f9cb54485b277119f4e6925e9023b8dd1f351,"{""distance"":7,""physical_error_rate"":0.002}","{""detection_events"":921804,""detectors_checked"":119439360}"
     48128,         0,         0,    6.02,standalone_exact_mw,20c8daca17953576b13a32f59e5f9cb54485b277119f4e6925e9023b8dd1f351,"{""distance"":7,""physical_error_rate"":0.002}","{""detection_events"":301019,""detectors_checked"":38983680}"
   1719296,         0,         0,   119.9,standalone_exact_mw,b0cacb7fc707c2734ebeeceefd47b6bd6784bf6b65d0613559eb8dd3ed8bcfbc,"{""distance"":7,""physical_error_rate"":0.0005}","{""detection_events"":2711871,""detectors_checked"":1392629760}"
    442368,         0,         0,    63.0,standalone_exact_mw,20c8daca17953576b13a32f59e5f9cb54485b277119f4e6925e9023b8dd1f351,"{""distance"":7,""physical_error_rate"":0.002}","{""detection_events"":2772630,""detectors_checked"":358318080}"
    171008,         0,         0,    11.8,standalone_exact_mw,b0cacb7fc707c2734ebeeceefd47b6bd6784bf6b65d0613559eb8dd3ed8bcfbc,"{""distance"":7,""physical_error_rate"":0.0005}","{""detection_events"":270848,""detectors_checked"":138516480}"
     93184,         0,         0,    8.41,standalone_exact_mw,c63d9dbf283cbe8d7d2c9891770aca900c170ab5c3de0408fa399997170cec3d,"{""distance"":7,""physical_error_rate"":0.001}","{""detection_events"":292920,""detectors_checked"":75479040}"
     12288,         0,         0,    2.19,standalone_exact_mw,20c8daca17953576b13a32f59e5f9cb54485b277119f4e6925e9023b8dd1f351,"{""distance"":7,""physical_error_rate"":0.002}","{""detection_events"":77454,""detectors_checked"":9953280}"
    731136,         0,         0,   119.9,standalone_exact_mw,20c8daca17953576b13a32f59e5f9cb54485b277119f4e6925e9023b8dd1f351,"{""distance"":7,""physical_error_rate"":0.002}","{""detection_events"":4576998,""detectors_checked"":592220160}"
     94208,         0,         0,    8.43,standalone_exact_mw,c63d9dbf283cbe8d7d2c9891770aca900c170ab5c3de0408fa399997170cec3d,"{""distance"":7,""physical_error_rate"":0.001}","{""detection_events"":296115,""detectors_checked"":76308480}"
     27648,         0,         0,    4.35,standalone_exact_mw,b0cacb7fc707c2734ebeeceefd47b6bd6784bf6b65d0613559eb8dd3ed8bcfbc,"{""distance"":7,""physical_error_rate"":0.0005}","{""detection_events"":44219,""detectors_checked"":22394880}"
    138240,         0,         0,    16.5,standalone_exact_mw,20c8daca17953576b13a32f59e5f9cb54485b277119f4e6925e9023b8dd1f351,"{""distance"":7,""physical_error_rate"":0.002}","{""detection_events"":869731,""detectors_checked"":111974400}"
   1972224,         0,         0,   119.8,standalone_exact_mw,b0cacb7fc707c2734ebeeceefd47b6bd6784bf6b65d0613559eb8dd3ed8bcfbc,"{""distance"":7,""physical_error_rate"":0.0005}","{""detection_events"":3119401,""detectors_checked"":1597501440}"
     25600,         0,         0,    3.15,standalone_exact_mw,20c8daca17953576b13a32f59e5f9cb54485b277119f4e6925e9023b8dd1f351,"{""distance"":7,""physical_error_rate"":0.002}","{""detection_events"":160167,""detectors_checked"":20736000}"
     67584,         0,         0,    8.42,standalone_exact_mw,20c8daca17953576b13a32f59e5f9cb54485b277119f4e6925e9023b8dd1f351,"{""distance"":7,""physical_error_rate"":0.002}","{""detection_events"":423042,""detectors_checked"":54743040}"
    692224,         0,         0,   119.9,standalone_exact_mw,20c8daca17953576b13a32f59e5f9cb54485b277119f4e6925e9023b8dd1f351,"{""distance"":7,""physical_error_rate"":0.002}","{""detection_events"":4336288,""detectors_checked"":560701440}"
    205824,         0,         0,    16.4,standalone_exact_mw,c63d9dbf283cbe8d7d2c9891770aca900c170ab5c3de0408fa399997170cec3d,"{""distance"":7,""physical_error_rate"":0.001}","{""detection_events"":648369,""detectors_checked"":166717440}"
    197632,         0,         0,    11.7,standalone_exact_mw,b0cacb7fc707c2734ebeeceefd47b6bd6784bf6b65d0613559eb8dd3ed8bcfbc,"{""distance"":7,""physical_error_rate"":0.0005}","{""detection_events"":313143,""detectors_checked"":160081920}"
    601088,         0,         0,    32.1,standalone_exact_mw,c63d9dbf283cbe8d7d2c9891770aca900c170ab5c3de0408fa399997170cec3d,"{""distance"":7,""physical_error_rate"":0.001}","{""detection_events"":1890558,""detectors_checked"":486881280}"
     66560,         0,         0,    8.37,standalone_exact_mw,20c8daca17953576b13a32f59e5f9cb54485b277119f4e6925e9023b8dd1f351,"{""distance"":7,""physical_error_rate"":0.002}","{""detection_events"":415626,""detectors_checked"":53913600}"
     50176,         0,         0,    6.11,standalone_exact_mw,b0cacb7fc707c2734ebeeceefd47b6bd6784bf6b65d0613559eb8dd3ed8bcfbc,"{""distance"":7,""physical_error_rate"":0.0005}","{""detection_events"":78684,""detectors_checked"":40642560}"
     34816,         0,         0,    4.29,standalone_exact_mw,20c8daca17953576b13a32f59e5f9cb54485b277119f4e6925e9023b8dd1f351,"{""distance"":7,""physical_error_rate"":0.002}","{""detection_events"":218217,""detectors_checked"":28200960}"
    179200,         0,         0,    11.8,standalone_exact_mw,b0cacb7fc707c2734ebeeceefd47b6bd6784bf6b65d0613559eb8dd3ed8bcfbc,"{""distance"":7,""physical_error_rate"":0.0005}","{""detection_events"":283448,""detectors_checked"":145152000}"
        17,         0,         0,   0.024,standalone_exact_mw,b0cacb7fc707c2734ebeeceefd47b6bd6784bf6b65d0613559eb8dd3ed8bcfbc,"{""distance"":7,""physical_error_rate"":0.0005}","{""detection_events"":24,""detectors_checked"":13770}"
      1280,         0,         0,   0.083,standalone_exact_mw,b0cacb7fc707c2734ebeeceefd47b6bd6784bf6b65d0613559eb8dd3ed8bcfbc,"{""distance"":7,""physical_error_rate"":0.0005}","{""detection_events"":1895,""detectors_checked"":1036800}"
      1024,         0,         0,   0.074,standalone_exact_mw,b0cacb7fc707c2734ebeeceefd47b6bd6784bf6b65d0613559eb8dd3ed8bcfbc,"{""distance"":7,""physical_error_rate"":0.0005}","{""detection_events"":1678,""detectors_checked"":829440}"
      1024,         0,         0,   0.061,standalone_exact_mw,b0cacb7fc707c2734ebeeceefd47b6bd6784bf6b65d0613559eb8dd3ed8bcfbc,"{""distance"":7,""physical_error_rate"":0.0005}","{""detection_events"":1566,""detectors_checked"":829440}"
      1024,         0,         0,   0.061,standalone_exact_mw,b0cacb7fc707c2734ebeeceefd47b6bd6784bf6b65d0613559eb8dd3ed8bcfbc,"{""distance"":7,""physical_error_rate"":0.0005}","{""detection_events"":1574,""detectors_checked"":829440}"
      1024,         0,         0,   0.074,standalone_exact_mw,b0cacb7fc707c2734ebeeceefd47b6bd6784bf6b65d0613559eb8dd3ed8bcfbc,"{""distance"":7,""physical_error_rate"":0.0005}","{""detection_events"":1594,""detectors_checked"":829440}"
      2048,         0,         0,   0.134,standalone_exact_mw,b0cacb7fc707c2734ebeeceefd47b6bd6784bf6b65d0613559eb8dd3ed8bcfbc,"{""distance"":7,""physical_error_rate"":0.0005}","{""detection_events"":3251,""detectors_checked"":1658880}"
      2048,         0,         0,   0.135,standalone_exact_mw,b0cacb7fc707c2734ebeeceefd47b6bd6784bf6b65d0613559eb8dd3ed8bcfbc,"{""distance"":7,""physical_error_rate"":0.0005}","{""detection_events"":3217,""detectors_checked"":1658880}"
      3072,         0,         0,   0.210,standalone_exact_mw,b0cacb7fc707c2734ebeeceefd47b6bd6784bf6b65d0613559eb8dd3ed8bcfbc,"{""distance"":7,""physical_error_rate"":0.0005}","{""detection_events"":4858,""detectors_checked"":2488320}"
      3072,         0,         0,   0.218,standalone_exact_mw,b0cacb7fc707c2734ebeeceefd47b6bd6784bf6b65d0613559eb8dd3ed8bcfbc,"{""distance"":7,""physical_error_rate"":0.0005}","{""detection_events"":4858,""detectors_checked"":2488320}"
   1393664,         0,         0,   119.8,standalone_exact_mw,b0cacb7fc707c2734ebeeceefd47b6bd6784bf6b65d0613559eb8dd3ed8bcfbc,"{""distance"":7,""physical_error_rate"":0.0005}","{""detection_events"":2201825,""detectors_checked"":1128867840}"
      4096,         0,         0,   0.298,standalone_exact_mw,b0cacb7fc707c2734ebeeceefd47b6bd6784bf6b65d0613559eb8dd3ed8bcfbc,"{""distance"":7,""physical_error_rate"":0.0005}","{""detection_events"":6452,""detectors_checked"":3317760}"
      6144,         0,         0,   0.409,standalone_exact_mw,b0cacb7fc707c2734ebeeceefd47b6bd6784bf6b65d0613559eb8dd3ed8bcfbc,"{""distance"":7,""physical_error_rate"":0.0005}","{""detection_events"":9867,""detectors_checked"":4976640}"
    132096,         0,         0,    11.7,standalone_exact_mw,c63d9dbf283cbe8d7d2c9891770aca900c170ab5c3de0408fa399997170cec3d,"{""distance"":7,""physical_error_rate"":0.001}","{""detection_events"":415189,""detectors_checked"":106997760}"
    429056,         0,         0,    32.2,standalone_exact_mw,20c8daca17953576b13a32f59e5f9cb54485b277119f4e6925e9023b8dd1f351,"{""distance"":7,""physical_error_rate"":0.002}","{""detection_events"":2689605,""detectors_checked"":347535360}"
      9216,         0,         0,   0.626,standalone_exact_mw,b0cacb7fc707c2734ebeeceefd47b6bd6784bf6b65d0613559eb8dd3ed8bcfbc,"{""distance"":7,""physical_error_rate"":0.0005}","{""detection_events"":14484,""detectors_checked"":7464960}"
    147456,         0,         0,    11.7,standalone_exact_mw,c63d9dbf283cbe8d7d2c9891770aca900c170ab5c3de0408fa399997170cec3d,"{""distance"":7,""physical_error_rate"":0.001}","{""detection_events"":464747,""detectors_checked"":119439360}"
     12288,         0,         0,   0.841,standalone_exact_mw,b0cacb7fc707c2734ebeeceefd47b6bd6784bf6b65d0613559eb8dd3ed8bcfbc,"{""distance"":7,""physical_error_rate"":0.0005}","{""detection_events"":19306,""detectors_checked"":9953280}"
   1208320,         0,         0,   119.9,standalone_exact_mw,c63d9dbf283cbe8d7d2c9891770aca900c170ab5c3de0408fa399997170cec3d,"{""distance"":7,""physical_error_rate"":0.001}","{""detection_events"":3811283,""detectors_checked"":978739200}"
     49152,         0,         0,    6.03,standalone_exact_mw,20c8daca17953576b13a32f59e5f9cb54485b277119f4e6925e9023b8dd1f351,"{""distance"":7,""physical_error_rate"":0.002}","{""detection_events"":307364,""detectors_checked"":39813120}"
   1055744,         0,         0,    88.2,standalone_exact_mw,c63d9dbf283cbe8d7d2c9891770aca900c170ab5c3de0408fa399997170cec3d,"{""distance"":7,""physical_error_rate"":0.001}","{""detection_events"":3325302,""detectors_checked"":855152640}"
     16384,         0,         0,    1.13,standalone_exact_mw,b0cacb7fc707c2734ebeeceefd47b6bd6784bf6b65d0613559eb8dd3ed8bcfbc,"{""distance"":7,""physical_error_rate"":0.0005}","{""detection_events"":26011,""detectors_checked"":13271040}"
   1370112,         0,         0,    88.1,standalone_exact_mw,b0cacb7fc707c2734ebeeceefd47b6bd6784bf6b65d0613559eb8dd3ed8bcfbc,"{""distance"":7,""physical_error_rate"":0.0005}","{""detection_events"":2166982,""detectors_checked"":1109790720}"
     95232,         0,         0,    11.8,standalone_exact_mw,20c8daca17953576b13a32f59e5f9cb54485b277119f4e6925e9023b8dd1f351,"{""distance"":7,""physical_error_rate"":0.002}","{""detection_events"":596782,""detectors_checked"":77137920}"
    308224,         0,         0,    16.4,standalone_exact_mw,b0cacb7fc707c2734ebeeceefd47b6bd6784bf6b65d0613559eb8dd3ed8bcfbc,"{""distance"":7,""physical_error_rate"":0.0005}","{""detection_events"":485968,""detectors_checked"":249661440}"
     22528,         0,         0,    1.56,standalone_exact_mw,b0cacb7fc707c2734ebeeceefd47b6bd6784bf6b65d0613559eb8dd3ed8bcfbc,"{""distance"":7,""physical_error_rate"":0.0005}","{""detection_events"":35401,""detectors_checked"":18247680}"
     64512,         0,         0,    8.40,standalone_exact_mw,b0cacb7fc707c2734ebeeceefd47b6bd6784bf6b65d0613559eb8dd3ed8bcfbc,"{""distance"":7,""physical_error_rate"":0.0005}","{""detection_events"":102357,""detectors_checked"":52254720}"
     31744,         0,         0,    2.20,standalone_exact_mw,b0cacb7fc707c2734ebeeceefd47b6bd6784bf6b65d0613559eb8dd3ed8bcfbc,"{""distance"":7,""physical_error_rate"":0.0005}","{""detection_events"":50847,""detectors_checked"":25712640}"
     95232,         0,         0,    11.8,standalone_exact_mw,20c8daca17953576b13a32f59e5f9cb54485b277119f4e6925e9023b8dd1f351,"{""distance"":7,""physical_error_rate"":0.002}","{""detection_events"":594638,""detectors_checked"":77137920}"
   1131520,         0,         0,   119.9,standalone_exact_mw,c63d9dbf283cbe8d7d2c9891770aca900c170ab5c3de0408fa399997170cec3d,"{""distance"":7,""physical_error_rate"":0.001}","{""detection_events"":3565545,""detectors_checked"":916531200}"
     44032,         0,         0,    3.03,standalone_exact_mw,b0cacb7fc707c2734ebeeceefd47b6bd6784bf6b65d0613559eb8dd3ed8bcfbc,"{""distance"":7,""physical_error_rate"":0.0005}","{""detection_events"":69557,""detectors_checked"":35665920}"
    258048,         0,         0,    23.0,standalone_exact_mw,20c8daca17953576b13a32f59e5f9cb54485b277119f4e6925e9023b8dd1f351,"{""distance"":7,""physical_error_rate"":0.002}","{""detection_events"":1616268,""detectors_checked"":209018880}"
   1393664,         0,         0,   119.9,standalone_exact_mw,c63d9dbf283cbe8d7d2c9891770aca900c170ab5c3de0408fa399997170cec3d,"{""distance"":7,""physical_error_rate"":0.001}","{""detection_events"":4391093,""detectors_checked"":1128867840}"
    217088,         0,         0,    16.4,standalone_exact_mw,b0cacb7fc707c2734ebeeceefd47b6bd6784bf6b65d0613559eb8dd3ed8bcfbc,"{""distance"":7,""physical_error_rate"":0.0005}","{""detection_events"":342972,""detectors_checked"":175841280}"
     68608,         0,         0,    8.45,standalone_exact_mw,20c8daca17953576b13a32f59e5f9cb54485b277119f4e6925e9023b8dd1f351,"{""distance"":7,""physical_error_rate"":0.002}","{""detection_events"":430498,""detectors_checked"":55572480}"
   2231296,         0,         0,   119.9,standalone_exact_mw,c63d9dbf283cbe8d7d2c9891770aca900c170ab5c3de0408fa399997170cec3d,"{""distance"":7,""physical_error_rate"":0.001}","{""detection_events"":7033622,""detectors_checked"":1807349760}"
   1130496,         0,         0,   119.8,standalone_exact_mw,c63d9dbf283cbe8d7d2c9891770aca900c170ab5c3de0408fa399997170cec3d,"{""distance"":7,""physical_error_rate"":0.001}","{""detection_events"":3563907,""detectors_checked"":915701760}"
    233472,         0,         0,    22.9,standalone_exact_mw,20c8daca17953576b13a32f59e5f9cb54485b277119f4e6925e9023b8dd1f351,"{""distance"":7,""physical_error_rate"":0.002}","{""detection_events"":1461893,""detectors_checked"":189112320}"
    958464,         0,         0,   120.0,standalone_exact_mw,20c8daca17953576b13a32f59e5f9cb54485b277119f4e6925e9023b8dd1f351,"{""distance"":7,""physical_error_rate"":0.002}","{""detection_events"":6007442,""detectors_checked"":776355840}"
     62464,         0,         0,    4.28,standalone_exact_mw,b0cacb7fc707c2734ebeeceefd47b6bd6784bf6b65d0613559eb8dd3ed8bcfbc,"{""distance"":7,""physical_error_rate"":0.0005}","{""detection_events"":97699,""detectors_checked"":50595840}"
    274432,         0,         0,    16.4,standalone_exact_mw,b0cacb7fc707c2734ebeeceefd47b6bd6784bf6b65d0613559eb8dd3ed8bcfbc,"{""distance"":7,""physical_error_rate"":0.0005}","{""detection_events"":435014,""detectors_checked"":222289920}"
    168960,         0,         0,    11.8,standalone_exact_mw,b0cacb7fc707c2734ebeeceefd47b6bd6784bf6b65d0613559eb8dd3ed8bcfbc,"{""distance"":7,""physical_error_rate"":0.0005}","{""detection_events"":267179,""detectors_checked"":136857600}"
    179200,         0,         0,    16.4,standalone_exact_mw,c63d9dbf283cbe8d7d2c9891770aca900c170ab5c3de0408fa399997170cec3d,"{""distance"":7,""physical_error_rate"":0.001}","{""detection_events"":564988,""detectors_checked"":145152000}"
    302080,         0,         0,    22.9,standalone_exact_mw,c63d9dbf283cbe8d7d2c9891770aca900c170ab5c3de0408fa399997170cec3d,"{""distance"":7,""physical_error_rate"":0.001}","{""detection_events"":952800,""detectors_checked"":244684800}"
    174080,         0,         0,    16.4,standalone_exact_mw,c63d9dbf283cbe8d7d2c9891770aca900c170ab5c3de0408fa399997170cec3d,"{""distance"":7,""physical_error_rate"":0.001}","{""detection_events"":548121,""detectors_checked"":141004800}"
   3162112,         0,         0,   119.8,standalone_exact_mw,b0cacb7fc707c2734ebeeceefd47b6bd6784bf6b65d0613559eb8dd3ed8bcfbc,"{""distance"":7,""physical_error_rate"":0.0005}","{""detection_events"":4994468,""detectors_checked"":2561310720}"
   1750016,         0,         0,   119.9,standalone_exact_mw,b0cacb7fc707c2734ebeeceefd47b6bd6784bf6b65d0613559eb8dd3ed8bcfbc,"{""distance"":7,""physical_error_rate"":0.0005}","{""detection_events"":2762613,""detectors_checked"":1417512960}"
   1074176,         0,         0,   120.0,standalone_exact_mw,20c8daca17953576b13a32f59e5f9cb54485b277119f4e6925e9023b8dd1f351,"{""distance"":7,""physical_error_rate"":0.002}","{""detection_events"":6729127,""detectors_checked"":870082560}"
   1925120,         0,         0,   119.8,standalone_exact_mw,b0cacb7fc707c2734ebeeceefd47b6bd6784bf6b65d0613559eb8dd3ed8bcfbc,"{""distance"":7,""physical_error_rate"":0.0005}","{""detection_events"":3040283,""detectors_checked"":1559347200}"
     88064,         0,         0,    6.02,standalone_exact_mw,b0cacb7fc707c2734ebeeceefd47b6bd6784bf6b65d0613559eb8dd3ed8bcfbc,"{""distance"":7,""physical_error_rate"":0.0005}","{""detection_events"":139391,""detectors_checked"":71331840}"
    136192,         0,         0,    16.4,standalone_exact_mw,20c8daca17953576b13a32f59e5f9cb54485b277119f4e6925e9023b8dd1f351,"{""distance"":7,""physical_error_rate"":0.002}","{""detection_events"":855472,""detectors_checked"":110315520}"
     96256,         0,         0,    11.8,standalone_exact_mw,20c8daca17953576b13a32f59e5f9cb54485b277119f4e6925e9023b8dd1f351,"{""distance"":7,""physical_error_rate"":0.002}","{""detection_events"":602562,""detectors_checked"":77967360}"
    136192,         0,         0,    16.4,standalone_exact_mw,20c8daca17953576b13a32f59e5f9cb54485b277119f4e6925e9023b8dd1f351,"{""distance"":7,""physical_error_rate"":0.002}","{""detection_events"":854140,""detectors_checked"":110315520}"
   1201152,         0,         0,   119.9,standalone_exact_mw,20c8daca17953576b13a32f59e5f9cb54485b277119f4e6925e9023b8dd1f351,"{""distance"":7,""physical_error_rate"":0.002}","{""detection_events"":7527007,""detectors_checked"":972933120}"
   2205696,         0,         0,   119.8,standalone_exact_mw,c63d9dbf283cbe8d7d2c9891770aca900c170ab5c3de0408fa399997170cec3d,"{""distance"":7,""physical_error_rate"":0.001}","{""detection_events"":6958444,""detectors_checked"":1786613760}"
    362496,         0,         0,    22.9,standalone_exact_mw,b0cacb7fc707c2734ebeeceefd47b6bd6784bf6b65d0613559eb8dd3ed8bcfbc,"{""distance"":7,""physical_error_rate"":0.0005}","{""detection_events"":574304,""detectors_checked"":293621760}"
   1412096,         0,         0,   119.9,standalone_exact_mw,c63d9dbf283cbe8d7d2c9891770aca900c170ab5c3de0408fa399997170cec3d,"{""distance"":7,""physical_error_rate"":0.001}","{""detection_events"":4449469,""detectors_checked"":1143797760}"
    958464,         0,         0,   119.9,standalone_exact_mw,20c8daca17953576b13a32f59e5f9cb54485b277119f4e6925e9023b8dd1f351,"{""distance"":7,""physical_error_rate"":0.002}","{""detection_events"":6002852,""detectors_checked"":776355840}"
    112640,         0,         0,    8.35,standalone_exact_mw,b0cacb7fc707c2734ebeeceefd47b6bd6784bf6b65d0613559eb8dd3ed8bcfbc,"{""distance"":7,""physical_error_rate"":0.0005}","{""detection_events"":177124,""detectors_checked"":91238400}"
    890880,         0,         0,   120.0,standalone_exact_mw,20c8daca17953576b13a32f59e5f9cb54485b277119f4e6925e9023b8dd1f351,"{""distance"":7,""physical_error_rate"":0.002}","{""detection_events"":5575569,""detectors_checked"":721612800}"
    852992,         0,         0,   120.0,standalone_exact_mw,20c8daca17953576b13a32f59e5f9cb54485b277119f4e6925e9023b8dd1f351,"{""distance"":7,""physical_error_rate"":0.002}","{""detection_events"":5342721,""detectors_checked"":690923520}"
   3043328,         0,         0,   119.9,standalone_exact_mw,b0cacb7fc707c2734ebeeceefd47b6bd6784bf6b65d0613559eb8dd3ed8bcfbc,"{""distance"":7,""physical_error_rate"":0.0005}","{""detection_events"":4810650,""detectors_checked"":2465095680}"
   1632256,         0,         0,   119.9,standalone_exact_mw,20c8daca17953576b13a32f59e5f9cb54485b277119f4e6925e9023b8dd1f351,"{""distance"":7,""physical_error_rate"":0.002}","{""detection_events"":10227276,""detectors_checked"":1322127360}"
   1620992,         0,         0,   119.7,standalone_exact_mw,b0cacb7fc707c2734ebeeceefd47b6bd6784bf6b65d0613559eb8dd3ed8bcfbc,"{""distance"":7,""physical_error_rate"":0.0005}","{""detection_events"":2561076,""detectors_checked"":1313003520}"
   1235968,         0,         0,    88.0,standalone_exact_mw,b0cacb7fc707c2734ebeeceefd47b6bd6784bf6b65d0613559eb8dd3ed8bcfbc,"{""distance"":7,""physical_error_rate"":0.0005}","{""detection_events"":1955339,""detectors_checked"":1001134080}"
    234496,         0,         0,    16.4,standalone_exact_mw,b0cacb7fc707c2734ebeeceefd47b6bd6784bf6b65d0613559eb8dd3ed8bcfbc,"{""distance"":7,""physical_error_rate"":0.0005}","{""detection_events"":370619,""detectors_checked"":189941760}"
    452608,         0,         0,    23.0,standalone_exact_mw,b0cacb7fc707c2734ebeeceefd47b6bd6784bf6b65d0613559eb8dd3ed8bcfbc,"{""distance"":7,""physical_error_rate"":0.0005}","{""detection_events"":717470,""detectors_checked"":366612480}"
    329728,         0,         0,    22.9,standalone_exact_mw,b0cacb7fc707c2734ebeeceefd47b6bd6784bf6b65d0613559eb8dd3ed8bcfbc,"{""distance"":7,""physical_error_rate"":0.0005}","{""detection_events"":521169,""detectors_checked"":267079680}"
    134144,         0,         0,    16.5,standalone_exact_mw,20c8daca17953576b13a32f59e5f9cb54485b277119f4e6925e9023b8dd1f351,"{""distance"":7,""physical_error_rate"":0.002}","{""detection_events"":843805,""detectors_checked"":108656640}"
    241664,         0,         0,    23.0,standalone_exact_mw,c63d9dbf283cbe8d7d2c9891770aca900c170ab5c3de0408fa399997170cec3d,"{""distance"":7,""physical_error_rate"":0.001}","{""detection_events"":762895,""detectors_checked"":195747840}"
    864256,         0,         0,    45.0,standalone_exact_mw,c63d9dbf283cbe8d7d2c9891770aca900c170ab5c3de0408fa399997170cec3d,"{""distance"":7,""physical_error_rate"":0.001}","{""detection_events"":2724337,""detectors_checked"":700047360}"
    140288,         0,         0,    11.7,standalone_exact_mw,b0cacb7fc707c2734ebeeceefd47b6bd6784bf6b65d0613559eb8dd3ed8bcfbc,"{""distance"":7,""physical_error_rate"":0.0005}","{""detection_events"":222772,""detectors_checked"":113633280}"
    274432,         0,         0,    22.9,standalone_exact_mw,c63d9dbf283cbe8d7d2c9891770aca900c170ab5c3de0408fa399997170cec3d,"{""distance"":7,""physical_error_rate"":0.001}","{""detection_events"":863209,""detectors_checked"":222289920}"
    931840,         0,         0,    88.1,standalone_exact_mw,c63d9dbf283cbe8d7d2c9891770aca900c170ab5c3de0408fa399997170cec3d,"{""distance"":7,""physical_error_rate"":0.001}","{""detection_events"":2940469,""detectors_checked"":754790400}"
    307200,         0,         0,    32.1,standalone_exact_mw,20c8daca17953576b13a32f59e5f9cb54485b277119f4e6925e9023b8dd1f351,"{""distance"":7,""physical_error_rate"":0.002}","{""detection_events"":1928947,""detectors_checked"":248832000}"
    696320,         0,         0,    88.2,standalone_exact_mw,20c8daca17953576b13a32f59e5f9cb54485b277119f4e6925e9023b8dd1f351,"{""distance"":7,""physical_error_rate"":0.002}","{""detection_events"":4366372,""detectors_checked"":564019200}"
       273,         0,         0,   0.031,standalone_exact_mw,c63d9dbf283cbe8d7d2c9891770aca900c170ab5c3de0408fa399997170cec3d,"{""distance"":7,""physical_error_rate"":0.001}","{""detection_events"":904,""detectors_checked"":221130}"
      1024,         0,         0,   0.159,standalone_exact_mw,c63d9dbf283cbe8d7d2c9891770aca900c170ab5c3de0408fa399997170cec3d,"{""distance"":7,""physical_error_rate"":0.001}","{""detection_events"":3234,""detectors_checked"":829440}"
   1640448,         0,         0,   119.8,standalone_exact_mw,b0cacb7fc707c2734ebeeceefd47b6bd6784bf6b65d0613559eb8dd3ed8bcfbc,"{""distance"":7,""physical_error_rate"":0.0005}","{""detection_events"":2596781,""detectors_checked"":1328762880}"
      1024,         0,         0,   0.158,standalone_exact_mw,c63d9dbf283cbe8d7d2c9891770aca900c170ab5c3de0408fa399997170cec3d,"{""distance"":7,""physical_error_rate"":0.001}","{""detection_events"":3277,""detectors_checked"":829440}"
      1024,         0,         0,   0.138,standalone_exact_mw,c63d9dbf283cbe8d7d2c9891770aca900c170ab5c3de0408fa399997170cec3d,"{""distance"":7,""physical_error_rate"":0.001}","{""detection_events"":3117,""detectors_checked"":829440}"
    775168,         0,         0,   119.8,standalone_exact_mw,20c8daca17953576b13a32f59e5f9cb54485b277119f4e6925e9023b8dd1f351,"{""distance"":7,""physical_error_rate"":0.002}","{""detection_events"":4854824,""detectors_checked"":627886080}"
      1024,         0,         0,   0.158,standalone_exact_mw,c63d9dbf283cbe8d7d2c9891770aca900c170ab5c3de0408fa399997170cec3d,"{""distance"":7,""physical_error_rate"":0.001}","{""detection_events"":3321,""detectors_checked"":829440}"
      1024,         0,         0,   0.149,standalone_exact_mw,c63d9dbf283cbe8d7d2c9891770aca900c170ab5c3de0408fa399997170cec3d,"{""distance"":7,""physical_error_rate"":0.001}","{""detection_events"":3299,""detectors_checked"":829440}"
      1024,         0,         0,   0.139,standalone_exact_mw,c63d9dbf283cbe8d7d2c9891770aca900c170ab5c3de0408fa399997170cec3d,"{""distance"":7,""physical_error_rate"":0.001}","{""detection_events"":3242,""detectors_checked"":829440}"
    196608,         0,         0,    23.0,standalone_exact_mw,20c8daca17953576b13a32f59e5f9cb54485b277119f4e6925e9023b8dd1f351,"{""distance"":7,""physical_error_rate"":0.002}","{""detection_events"":1229013,""detectors_checked"":159252480}"
      1024,         0,         0,   0.160,standalone_exact_mw,c63d9dbf283cbe8d7d2c9891770aca900c170ab5c3de0408fa399997170cec3d,"{""distance"":7,""physical_error_rate"":0.001}","{""detection_events"":3105,""detectors_checked"":829440}"
      2048,         0,         0,   0.296,standalone_exact_mw,c63d9dbf283cbe8d7d2c9891770aca900c170ab5c3de0408fa399997170cec3d,"{""distance"":7,""physical_error_rate"":0.001}","{""detection_events"":6346,""detectors_checked"":1658880}"
      2048,         0,         0,   0.272,standalone_exact_mw,c63d9dbf283cbe8d7d2c9891770aca900c170ab5c3de0408fa399997170cec3d,"{""distance"":7,""physical_error_rate"":0.001}","{""detection_events"":6529,""detectors_checked"":1658880}"
      2048,         0,         0,   0.297,standalone_exact_mw,c63d9dbf283cbe8d7d2c9891770aca900c170ab5c3de0408fa399997170cec3d,"{""distance"":7,""physical_error_rate"":0.001}","{""detection_events"":6418,""detectors_checked"":1658880}"
      3072,         0,         0,   0.455,standalone_exact_mw,c63d9dbf283cbe8d7d2c9891770aca900c170ab5c3de0408fa399997170cec3d,"{""distance"":7,""physical_error_rate"":0.001}","{""detection_events"":9603,""detectors_checked"":2488320}"
    326656,         0,         0,    32.1,standalone_exact_mw,20c8daca17953576b13a32f59e5f9cb54485b277119f4e6925e9023b8dd1f351,"{""distance"":7,""physical_error_rate"":0.002}","{""detection_events"":2048452,""detectors_checked"":264591360}"
      4096,         0,         0,   0.590,standalone_exact_mw,c63d9dbf283cbe8d7d2c9891770aca900c170ab5c3de0408fa399997170cec3d,"{""distance"":7,""physical_error_rate"":0.001}","{""detection_events"":13146,""detectors_checked"":3317760}"
    629760,         0,         0,    45.0,standalone_exact_mw,20c8daca17953576b13a32f59e5f9cb54485b277119f4e6925e9023b8dd1f351,"{""distance"":7,""physical_error_rate"":0.002}","{""detection_events"":3951420,""detectors_checked"":510105600}"
    774144,         0,         0,    88.1,standalone_exact_mw,c63d9dbf283cbe8d7d2c9891770aca900c170ab5c3de0408fa399997170cec3d,"{""distance"":7,""physical_error_rate"":0.001}","{""detection_events"":2437286,""detectors_checked"":627056640}"
      4096,         0,         0,   0.935,standalone_exact_mw,c63d9dbf283cbe8d7d2c9891770aca900c170ab5c3de0408fa399997170cec3d,"{""distance"":7,""physical_error_rate"":0.001}","{""detection_events"":12683,""detectors_checked"":3317760}"
    185344,         0,         0,    23.0,standalone_exact_mw,20c8daca17953576b13a32f59e5f9cb54485b277119f4e6925e9023b8dd1f351,"{""distance"":7,""physical_error_rate"":0.002}","{""detection_events"":1161658,""detectors_checked"":150128640}"
      7168,         0,         0,    1.18,standalone_exact_mw,c63d9dbf283cbe8d7d2c9891770aca900c170ab5c3de0408fa399997170cec3d,"{""distance"":7,""physical_error_rate"":0.001}","{""detection_events"":22621,""detectors_checked"":5806080}"
    783360,         0,         0,   119.8,standalone_exact_mw,20c8daca17953576b13a32f59e5f9cb54485b277119f4e6925e9023b8dd1f351,"{""distance"":7,""physical_error_rate"":0.002}","{""detection_events"":4910621,""detectors_checked"":634521600}"
     11264,         0,         0,    1.71,standalone_exact_mw,c63d9dbf283cbe8d7d2c9891770aca900c170ab5c3de0408fa399997170cec3d,"{""distance"":7,""physical_error_rate"":0.001}","{""detection_events"":35505,""detectors_checked"":9123840}"
    379904,         0,         0,    32.2,standalone_exact_mw,c63d9dbf283cbe8d7d2c9891770aca900c170ab5c3de0408fa399997170cec3d,"{""distance"":7,""physical_error_rate"":0.001}","{""detection_events"":1194908,""detectors_checked"":307722240}"
     18432,         0,         0,    2.27,standalone_exact_mw,c63d9dbf283cbe8d7d2c9891770aca900c170ab5c3de0408fa399997170cec3d,"{""distance"":7,""physical_error_rate"":0.001}","{""detection_events"":58009,""detectors_checked"":14929920}"
     32768,         0,         0,    3.08,standalone_exact_mw,c63d9dbf283cbe8d7d2c9891770aca900c170ab5c3de0408fa399997170cec3d,"{""distance"":7,""physical_error_rate"":0.001}","{""detection_events"":103277,""detectors_checked"":26542080}"
    306176,         0,         0,    23.0,standalone_exact_mw,b0cacb7fc707c2734ebeeceefd47b6bd6784bf6b65d0613559eb8dd3ed8bcfbc,"{""distance"":7,""physical_error_rate"":0.0005}","{""detection_events"":483271,""detectors_checked"":248002560}"
   1093632,         0,         0,   119.9,standalone_exact_mw,c63d9dbf283cbe8d7d2c9891770aca900c170ab5c3de0408fa399997170cec3d,"{""distance"":7,""physical_error_rate"":0.001}","{""detection_events"":3449536,""detectors_checked"":885841920}"
    232448,         0,         0,    16.4,standalone_exact_mw,b0cacb7fc707c2734ebeeceefd47b6bd6784bf6b65d0613559eb8dd3ed8bcfbc,"{""distance"":7,""physical_error_rate"":0.0005}","{""detection_events"":365913,""detectors_checked"":188282880}"
     46080,         0,         0,    4.30,standalone_exact_mw,c63d9dbf283cbe8d7d2c9891770aca900c170ab5c3de0408fa399997170cec3d,"{""distance"":7,""physical_error_rate"":0.001}","{""detection_events"":144667,""detectors_checked"":37324800}"
    481280,         0,         0,    32.1,standalone_exact_mw,b0cacb7fc707c2734ebeeceefd47b6bd6784bf6b65d0613559eb8dd3ed8bcfbc,"{""distance"":7,""physical_error_rate"":0.0005}","{""detection_events"":760593,""detectors_checked"":389836800}"
   1154048,         0,         0,   119.8,standalone_exact_mw,c63d9dbf283cbe8d7d2c9891770aca900c170ab5c3de0408fa399997170cec3d,"{""distance"":7,""physical_error_rate"":0.001}","{""detection_events"":3629540,""detectors_checked"":934778880}"
    871424,         0,         0,   119.8,standalone_exact_mw,c63d9dbf283cbe8d7d2c9891770aca900c170ab5c3de0408fa399997170cec3d,"{""distance"":7,""physical_error_rate"":0.001}","{""detection_events"":2746596,""detectors_checked"":705853440}"
    187392,         0,         0,    23.0,standalone_exact_mw,20c8daca17953576b13a32f59e5f9cb54485b277119f4e6925e9023b8dd1f351,"{""distance"":7,""physical_error_rate"":0.002}","{""detection_events"":1174129,""detectors_checked"":151787520}"
    982016,         0,         0,   119.9,standalone_exact_mw,20c8daca17953576b13a32f59e5f9cb54485b277119f4e6925e9023b8dd1f351,"{""distance"":7,""physical_error_rate"":0.002}","{""detection_events"":6154672,""detectors_checked"":795432960}"
     63488,         0,         0,    6.02,standalone_exact_mw,c63d9dbf283cbe8d7d2c9891770aca900c170ab5c3de0408fa399997170cec3d,"{""distance"":7,""physical_error_rate"":0.001}","{""detection_events"":199715,""detectors_checked"":51425280}"
    514048,         0,         0,    32.1,standalone_exact_mw,b0cacb7fc707c2734ebeeceefd47b6bd6784bf6b65d0613559eb8dd3ed8bcfbc,"{""distance"":7,""physical_error_rate"":0.0005}","{""detection_events"":811555,""detectors_checked"":416378880}"
   1673216,         0,         0,   119.8,standalone_exact_mw,b0cacb7fc707c2734ebeeceefd47b6bd6784bf6b65d0613559eb8dd3ed8bcfbc,"{""distance"":7,""physical_error_rate"":0.0005}","{""detection_events"":2642005,""detectors_checked"":1355304960}"
    474112,         0,         0,    32.1,standalone_exact_mw,b0cacb7fc707c2734ebeeceefd47b6bd6784bf6b65d0613559eb8dd3ed8bcfbc,"{""distance"":7,""physical_error_rate"":0.0005}","{""detection_events"":749083,""detectors_checked"":384030720}"
    348160,         0,         0,    32.1,standalone_exact_mw,c63d9dbf283cbe8d7d2c9891770aca900c170ab5c3de0408fa399997170cec3d,"{""distance"":7,""physical_error_rate"":0.001}","{""detection_events"":1095722,""detectors_checked"":282009600}"
    346112,         0,         0,    32.2,standalone_exact_mw,c63d9dbf283cbe8d7d2c9891770aca900c170ab5c3de0408fa399997170cec3d,"{""distance"":7,""physical_error_rate"":0.001}","{""detection_events"":1092684,""detectors_checked"":280350720}"
     88064,         0,         0,    8.44,standalone_exact_mw,c63d9dbf283cbe8d7d2c9891770aca900c170ab5c3de0408fa399997170cec3d,"{""distance"":7,""physical_error_rate"":0.001}","{""detection_events"":276762,""detectors_checked"":71331840}"
    603136,         0,         0,    88.3,standalone_exact_mw,20c8daca17953576b13a32f59e5f9cb54485b277119f4e6925e9023b8dd1f351,"{""distance"":7,""physical_error_rate"":0.002}","{""detection_events"":3777753,""detectors_checked"":488540160}"
    266240,         0,         0,    32.2,standalone_exact_mw,20c8daca17953576b13a32f59e5f9cb54485b277119f4e6925e9023b8dd1f351,"{""distance"":7,""physical_error_rate"":0.002}","{""detection_events"":1666980,""detectors_checked"":215654400}"
    270336,         0,         0,    32.2,standalone_exact_mw,20c8daca17953576b13a32f59e5f9cb54485b277119f4e6925e9023b8dd1f351,"{""distance"":7,""physical_error_rate"":0.002}","{""detection_events"":1693731,""detectors_checked"":218972160}"
   1564672,         0,         0,   119.9,standalone_exact_mw,c63d9dbf283cbe8d7d2c9891770aca900c170ab5c3de0408fa399997170cec3d,"{""distance"":7,""physical_error_rate"":0.001}","{""detection_events"":4926258,""detectors_checked"":1267384320}"
    181248,         0,         0,    22.9,standalone_exact_mw,b0cacb7fc707c2734ebeeceefd47b6bd6784bf6b65d0613559eb8dd3ed8bcfbc,"{""distance"":7,""physical_error_rate"":0.0005}","{""detection_events"":286443,""detectors_checked"":146810880}"
   1277952,         0,         0,   119.8,standalone_exact_mw,c63d9dbf283cbe8d7d2c9891770aca900c170ab5c3de0408fa399997170cec3d,"{""distance"":7,""physical_error_rate"":0.001}","{""detection_events"":4031722,""detectors_checked"":1035141120}"
    125952,         0,         0,    11.8,standalone_exact_mw,c63d9dbf283cbe8d7d2c9891770aca900c170ab5c3de0408fa399997170cec3d,"{""distance"":7,""physical_error_rate"":0.001}","{""detection_events"":397751,""detectors_checked"":102021120}"
    455680,         0,         0,    45.0,standalone_exact_mw,20c8daca17953576b13a32f59e5f9cb54485b277119f4e6925e9023b8dd1f351,"{""distance"":7,""physical_error_rate"":0.002}","{""detection_events"":2850689,""detectors_checked"":369100800}"
   1879040,         1,         0,   119.9,standalone_exact_mw,20c8daca17953576b13a32f59e5f9cb54485b277119f4e6925e9023b8dd1f351,"{""distance"":7,""physical_error_rate"":0.002}","{""detection_events"":11777696,""detectors_checked"":1522022400,""obs_mistake_mask=E"":1}"
    449536,         0,         0,    32.1,standalone_exact_mw,b0cacb7fc707c2734ebeeceefd47b6bd6784bf6b65d0613559eb8dd3ed8bcfbc,"{""distance"":7,""physical_error_rate"":0.0005}","{""detection_events"":713647,""detectors_checked"":364124160}"
    421888,         0,         0,    45.0,standalone_exact_mw,20c8daca17953576b13a32f59e5f9cb54485b277119f4e6925e9023b8dd1f351,"{""distance"":7,""physical_error_rate"":0.002}","{""detection_events"":2642351,""detectors_checked"":341729280}"
    245760,         0,         0,    32.2,standalone_exact_mw,20c8daca17953576b13a32f59e5f9cb54485b277119f4e6925e9023b8dd1f351,"{""distance"":7,""physical_error_rate"":0.002}","{""detection_events"":1541488,""detectors_checked"":199065600}"
    626688,         0,         0,    45.0,standalone_exact_mw,c63d9dbf283cbe8d7d2c9891770aca900c170ab5c3de0408fa399997170cec3d,"{""distance"":7,""physical_error_rate"":0.001}","{""detection_events"":1974471,""detectors_checked"":507617280}"
    943104,         0,         0,   119.7,standalone_exact_mw,b0cacb7fc707c2734ebeeceefd47b6bd6784bf6b65d0613559eb8dd3ed8bcfbc,"{""distance"":7,""physical_error_rate"":0.0005}","{""detection_events"":1489319,""detectors_checked"":763914240}"
   1246208,         0,         0,   119.8,standalone_exact_mw,c63d9dbf283cbe8d7d2c9891770aca900c170ab5c3de0408fa399997170cec3d,"{""distance"":7,""physical_error_rate"":0.001}","{""detection_events"":3930690,""detectors_checked"":1009428480}"
    176128,         0,         0,    16.4,standalone_exact_mw,c63d9dbf283cbe8d7d2c9891770aca900c170ab5c3de0408fa399997170cec3d,"{""distance"":7,""physical_error_rate"":0.001}","{""detection_events"":558204,""detectors_checked"":142663680}"
   1297408,         0,         0,    62.9,standalone_exact_mw,c63d9dbf283cbe8d7d2c9891770aca900c170ab5c3de0408fa399997170cec3d,"{""distance"":7,""physical_error_rate"":0.001}","{""detection_events"":4089125,""detectors_checked"":1050900480}"
   1183744,         0,         0,   119.9,standalone_exact_mw,20c8daca17953576b13a32f59e5f9cb54485b277119f4e6925e9023b8dd1f351,"{""distance"":7,""physical_error_rate"":0.002}","{""detection_events"":7416322,""detectors_checked"":958832640}"
   2124800,         0,         0,   119.8,standalone_exact_mw,b0cacb7fc707c2734ebeeceefd47b6bd6784bf6b65d0613559eb8dd3ed8bcfbc,"{""distance"":7,""physical_error_rate"":0.0005}","{""detection_events"":3357446,""detectors_checked"":1721088000}"
    674816,         0,         0,    45.0,standalone_exact_mw,b0cacb7fc707c2734ebeeceefd47b6bd6784bf6b65d0613559eb8dd3ed8bcfbc,"{""distance"":7,""physical_error_rate"":0.0005}","{""detection_events"":1065965,""detectors_checked"":546600960}"
   1507328,         0,         0,   119.8,standalone_exact_mw,b0cacb7fc707c2734ebeeceefd47b6bd6784bf6b65d0613559eb8dd3ed8bcfbc,"{""distance"":7,""physical_error_rate"":0.0005}","{""detection_events"":2377356,""detectors_checked"":1220935680}"
   2154496,         0,         0,   119.8,standalone_exact_mw,b0cacb7fc707c2734ebeeceefd47b6bd6784bf6b65d0613559eb8dd3ed8bcfbc,"{""distance"":7,""physical_error_rate"":0.0005}","{""detection_events"":3409450,""detectors_checked"":1745141760}"
   1717248,         0,         0,   119.7,standalone_exact_mw,b0cacb7fc707c2734ebeeceefd47b6bd6784bf6b65d0613559eb8dd3ed8bcfbc,"{""distance"":7,""physical_error_rate"":0.0005}","{""detection_events"":2721088,""detectors_checked"":1390970880}"
    997376,         1,         0,    63.0,standalone_exact_mw,20c8daca17953576b13a32f59e5f9cb54485b277119f4e6925e9023b8dd1f351,"{""distance"":7,""physical_error_rate"":0.002}","{""detection_events"":6254907,""detectors_checked"":807874560,""obs_mistake_mask=E"":1}"
    825344,         0,         0,   119.9,standalone_exact_mw,20c8daca17953576b13a32f59e5f9cb54485b277119f4e6925e9023b8dd1f351,"{""distance"":7,""physical_error_rate"":0.002}","{""detection_events"":5169437,""detectors_checked"":668528640}"
   1905664,         0,         0,   119.8,standalone_exact_mw,b0cacb7fc707c2734ebeeceefd47b6bd6784bf6b65d0613559eb8dd3ed8bcfbc,"{""distance"":7,""physical_error_rate"":0.0005}","{""detection_events"":3011253,""detectors_checked"":1543587840}"
    701440,         0,         0,    44.9,standalone_exact_mw,b0cacb7fc707c2734ebeeceefd47b6bd6784bf6b65d0613559eb8dd3ed8bcfbc,"{""distance"":7,""physical_error_rate"":0.0005}","{""detection_events"":1107853,""detectors_checked"":568166400}"
    378880,         0,         0,    32.2,standalone_exact_mw,b0cacb7fc707c2734ebeeceefd47b6bd6784bf6b65d0613559eb8dd3ed8bcfbc,"{""distance"":7,""physical_error_rate"":0.0005}","{""detection_events"":600432,""detectors_checked"":306892800}"
    803840,         0,         0,   119.9,standalone_exact_mw,20c8daca17953576b13a32f59e5f9cb54485b277119f4e6925e9023b8dd1f351,"{""distance"":7,""physical_error_rate"":0.002}","{""detection_events"":5037461,""detectors_checked"":651110400}"
    707584,         0,         0,    45.0,standalone_exact_mw,b0cacb7fc707c2734ebeeceefd47b6bd6784bf6b65d0613559eb8dd3ed8bcfbc,"{""distance"":7,""physical_error_rate"":0.0005}","{""detection_events"":1117238,""detectors_checked"":573143040}"
    480256,         0,         0,    45.0,standalone_exact_mw,c63d9dbf283cbe8d7d2c9891770aca900c170ab5c3de0408fa399997170cec3d,"{""distance"":7,""physical_error_rate"":0.001}","{""detection_events"":1506820,""detectors_checked"":389007360}"
    501760,         0,         0,    44.9,standalone_exact_mw,c63d9dbf283cbe8d7d2c9891770aca900c170ab5c3de0408fa399997170cec3d,"{""distance"":7,""physical_error_rate"":0.001}","{""detection_events"":1579233,""detectors_checked"":406425600}"
   1204224,         0,         0,   119.8,standalone_exact_mw,b0cacb7fc707c2734ebeeceefd47b6bd6784bf6b65d0613559eb8dd3ed8bcfbc,"{""distance"":7,""physical_error_rate"":0.0005}","{""detection_events"":1901178,""detectors_checked"":975421440}"
    388096,         0,         0,    45.0,standalone_exact_mw,20c8daca17953576b13a32f59e5f9cb54485b277119f4e6925e9023b8dd1f351,"{""distance"":7,""physical_error_rate"":0.002}","{""detection_events"":2431148,""detectors_checked"":314357760}"
   1240064,         0,         0,   119.8,standalone_exact_mw,c63d9dbf283cbe8d7d2c9891770aca900c170ab5c3de0408fa399997170cec3d,"{""distance"":7,""physical_error_rate"":0.001}","{""detection_events"":3907356,""detectors_checked"":1004451840}"
   1356800,         0,         0,   119.9,standalone_exact_mw,c63d9dbf283cbe8d7d2c9891770aca900c170ab5c3de0408fa399997170cec3d,"{""distance"":7,""physical_error_rate"":0.001}","{""detection_events"":4278383,""detectors_checked"":1099008000}"
   1795072,         0,         0,   119.8,standalone_exact_mw,b0cacb7fc707c2734ebeeceefd47b6bd6784bf6b65d0613559eb8dd3ed8bcfbc,"{""distance"":7,""physical_error_rate"":0.0005}","{""detection_events"":2837308,""detectors_checked"":1454008320}"
    370688,         0,         0,    45.0,standalone_exact_mw,20c8daca17953576b13a32f59e5f9cb54485b277119f4e6925e9023b8dd1f351,"{""distance"":7,""physical_error_rate"":0.002}","{""detection_events"":2321736,""detectors_checked"":300257280}"
    235520,         0,         0,    22.9,standalone_exact_mw,c63d9dbf283cbe8d7d2c9891770aca900c170ab5c3de0408fa399997170cec3d,"{""distance"":7,""physical_error_rate"":0.001}","{""detection_events"":741993,""detectors_checked"":190771200}"
   1225728,         0,         0,   119.9,standalone_exact_mw,c63d9dbf283cbe8d7d2c9891770aca900c170ab5c3de0408fa399997170cec3d,"{""distance"":7,""physical_error_rate"":0.001}","{""detection_events"":3860622,""detectors_checked"":992839680}"
   1349632,         0,         0,   119.9,standalone_exact_mw,c63d9dbf283cbe8d7d2c9891770aca900c170ab5c3de0408fa399997170cec3d,"{""distance"":7,""physical_error_rate"":0.001}","{""detection_events"":4256313,""detectors_checked"":1093201920}"
   2410496,         0,         0,   119.9,standalone_exact_mw,c63d9dbf283cbe8d7d2c9891770aca900c170ab5c3de0408fa399997170cec3d,"{""distance"":7,""physical_error_rate"":0.001}","{""detection_events"":7595798,""detectors_checked"":1952501760}"
   1274880,         0,         0,   119.9,standalone_exact_mw,c63d9dbf283cbe8d7d2c9891770aca900c170ab5c3de0408fa399997170cec3d,"{""distance"":7,""physical_error_rate"":0.001}","{""detection_events"":4022077,""detectors_checked"":1032652800}"
    629760,         0,         0,    45.0,standalone_exact_mw,b0cacb7fc707c2734ebeeceefd47b6bd6784bf6b65d0613559eb8dd3ed8bcfbc,"{""distance"":7,""physical_error_rate"":0.0005}","{""detection_events"":994109,""detectors_checked"":510105600}"
    832512,         1,         0,   119.9,standalone_exact_mw,20c8daca17953576b13a32f59e5f9cb54485b277119f4e6925e9023b8dd1f351,"{""distance"":7,""physical_error_rate"":0.002}","{""detection_events"":5217123,""detectors_checked"":674334720,""obs_mistake_mask=E"":1}"
   3329024,         0,         0,   119.8,standalone_exact_mw,b0cacb7fc707c2734ebeeceefd47b6bd6784bf6b65d0613559eb8dd3ed8bcfbc,"{""distance"":7,""physical_error_rate"":0.0005}","{""detection_events"":5265703,""detectors_checked"":2696509440}"
   1680384,         0,         0,   119.8,standalone_exact_mw,b0cacb7fc707c2734ebeeceefd47b6bd6784bf6b65d0613559eb8dd3ed8bcfbc,"{""distance"":7,""physical_error_rate"":0.0005}","{""detection_events"":2654586,""detectors_checked"":1361111040}"
   1113088,         0,         0,   119.9,standalone_exact_mw,20c8daca17953576b13a32f59e5f9cb54485b277119f4e6925e9023b8dd1f351,"{""distance"":7,""physical_error_rate"":0.002}","{""detection_events"":6974756,""detectors_checked"":901601280}"
   1931264,         0,         0,   119.8,standalone_exact_mw,b0cacb7fc707c2734ebeeceefd47b6bd6784bf6b65d0613559eb8dd3ed8bcfbc,"{""distance"":7,""physical_error_rate"":0.0005}","{""detection_events"":3051697,""detectors_checked"":1564323840}"
    294912,         0,         0,    45.1,standalone_exact_mw,20c8daca17953576b13a32f59e5f9cb54485b277119f4e6925e9023b8dd1f351,"{""distance"":7,""physical_error_rate"":0.002}","{""detection_events"":1847638,""detectors_checked"":238878720}"
   1201152,         0,         0,   120.0,standalone_exact_mw,20c8daca17953576b13a32f59e5f9cb54485b277119f4e6925e9023b8dd1f351,"{""distance"":7,""physical_error_rate"":0.002}","{""detection_events"":7529672,""detectors_checked"":972933120}"
   2442240,         0,         0,   119.9,standalone_exact_mw,c63d9dbf283cbe8d7d2c9891770aca900c170ab5c3de0408fa399997170cec3d,"{""distance"":7,""physical_error_rate"":0.001}","{""detection_events"":7701595,""detectors_checked"":1978214400}"
   1352704,         0,         0,   119.8,standalone_exact_mw,c63d9dbf283cbe8d7d2c9891770aca900c170ab5c3de0408fa399997170cec3d,"{""distance"":7,""physical_error_rate"":0.001}","{""detection_events"":4262731,""detectors_checked"":1095690240}"
    962560,         0,         0,   119.9,standalone_exact_mw,20c8daca17953576b13a32f59e5f9cb54485b277119f4e6925e9023b8dd1f351,"{""distance"":7,""physical_error_rate"":0.002}","{""detection_events"":6026473,""detectors_checked"":779673600}"
    943104,         0,         0,   119.8,standalone_exact_mw,20c8daca17953576b13a32f59e5f9cb54485b277119f4e6925e9023b8dd1f351,"{""distance"":7,""physical_error_rate"":0.002}","{""detection_events"":5900738,""detectors_checked"":763914240}"
    852992,         0,         0,   119.9,standalone_exact_mw,20c8daca17953576b13a32f59e5f9cb54485b277119f4e6925e9023b8dd1f351,"{""distance"":7,""physical_error_rate"":0.002}","{""detection_events"":5345339,""detectors_checked"":690923520}"
   3272704,         0,         0,   119.9,standalone_exact_mw,b0cacb7fc707c2734ebeeceefd47b6bd6784bf6b65d0613559eb8dd3ed8bcfbc,"{""distance"":7,""physical_error_rate"":0.0005}","{""detection_events"":5166301,""detectors_checked"":2650890240}"
   1803264,         1,         0,   119.9,standalone_exact_mw,20c8daca17953576b13a32f59e5f9cb54485b277119f4e6925e9023b8dd1f351,"{""distance"":7,""physical_error_rate"":0.002}","{""detection_events"":11301664,""detectors_checked"":1460643840,""obs_mistake_mask=E"":1}"
    646144,         1,         0,    63.0,standalone_exact_mw,20c8daca17953576b13a32f59e5f9cb54485b277119f4e6925e9023b8dd1f351,"{""distance"":7,""physical_error_rate"":0.002}","{""detection_events"":4049197,""detectors_checked"":523376640,""obs_mistake_mask=E"":1}"
   1518592,         0,         0,   119.7,standalone_exact_mw,b0cacb7fc707c2734ebeeceefd47b6bd6784bf6b65d0613559eb8dd3ed8bcfbc,"{""distance"":7,""physical_error_rate"":0.0005}","{""detection_events"":2398164,""detectors_checked"":1230059520}"
   1651712,         0,         0,   119.8,standalone_exact_mw,b0cacb7fc707c2734ebeeceefd47b6bd6784bf6b65d0613559eb8dd3ed8bcfbc,"{""distance"":7,""physical_error_rate"":0.0005}","{""detection_events"":2609886,""detectors_checked"":1337886720}"
    632832,         0,         0,    63.0,standalone_exact_mw,20c8daca17953576b13a32f59e5f9cb54485b277119f4e6925e9023b8dd1f351,"{""distance"":7,""physical_error_rate"":0.002}","{""detection_events"":3963253,""detectors_checked"":512593920}"
    619520,         0,         0,    44.9,standalone_exact_mw,b0cacb7fc707c2734ebeeceefd47b6bd6784bf6b65d0613559eb8dd3ed8bcfbc,"{""distance"":7,""physical_error_rate"":0.0005}","{""detection_events"":979420,""detectors_checked"":501811200}"
    343040,         0,         0,    32.2,standalone_exact_mw,c63d9dbf283cbe8d7d2c9891770aca900c170ab5c3de0408fa399997170cec3d,"{""distance"":7,""physical_error_rate"":0.001}","{""detection_events"":1078860,""detectors_checked"":277862400}"
    804864,         0,         0,    62.9,standalone_exact_mw,c63d9dbf283cbe8d7d2c9891770aca900c170ab5c3de0408fa399997170cec3d,"{""distance"":7,""physical_error_rate"":0.001}","{""detection_events"":2536931,""detectors_checked"":651939840}"
   1126400,         0,         0,   119.9,standalone_exact_mw,c63d9dbf283cbe8d7d2c9891770aca900c170ab5c3de0408fa399997170cec3d,"{""distance"":7,""physical_error_rate"":0.001}","{""detection_events"":3551008,""detectors_checked"":912384000}"
    967680,         0,         0,   119.8,standalone_exact_mw,20c8daca17953576b13a32f59e5f9cb54485b277119f4e6925e9023b8dd1f351,"{""distance"":7,""physical_error_rate"":0.002}","{""detection_events"":6058153,""detectors_checked"":783820800}"
   1584128,         0,         0,   119.9,standalone_exact_mw,b0cacb7fc707c2734ebeeceefd47b6bd6784bf6b65d0613559eb8dd3ed8bcfbc,"{""distance"":7,""physical_error_rate"":0.0005}","{""detection_events"":2502256,""detectors_checked"":1283143680}"
    835584,         0,         0,   119.8,standalone_exact_mw,20c8daca17953576b13a32f59e5f9cb54485b277119f4e6925e9023b8dd1f351,"{""distance"":7,""physical_error_rate"":0.002}","{""detection_events"":5238962,""detectors_checked"":676823040}"
   1108992,         0,         0,   119.9,standalone_exact_mw,c63d9dbf283cbe8d7d2c9891770aca900c170ab5c3de0408fa399997170cec3d,"{""distance"":7,""physical_error_rate"":0.001}","{""detection_events"":3501793,""detectors_checked"":898283520}"
    984064,         0,         0,    62.9,standalone_exact_mw,b0cacb7fc707c2734ebeeceefd47b6bd6784bf6b65d0613559eb8dd3ed8bcfbc,"{""distance"":7,""physical_error_rate"":0.0005}","{""detection_events"":1558314,""detectors_checked"":797091840}"
    890880,         1,         0,   119.9,standalone_exact_mw,20c8daca17953576b13a32f59e5f9cb54485b277119f4e6925e9023b8dd1f351,"{""distance"":7,""physical_error_rate"":0.002}","{""detection_events"":5584960,""detectors_checked"":721612800,""obs_mistake_mask=E"":1}"
   1005568,         0,         0,    62.9,standalone_exact_mw,b0cacb7fc707c2734ebeeceefd47b6bd6784bf6b65d0613559eb8dd3ed8bcfbc,"{""distance"":7,""physical_error_rate"":0.0005}","{""detection_events"":1584331,""detectors_checked"":814510080}"
   1245184,         0,         0,   120.0,standalone_exact_mw,c63d9dbf283cbe8d7d2c9891770aca900c170ab5c3de0408fa399997170cec3d,"{""distance"":7,""physical_error_rate"":0.001}","{""detection_events"":3919491,""detectors_checked"":1008599040}"
    995328,         0,         0,    62.9,standalone_exact_mw,b0cacb7fc707c2734ebeeceefd47b6bd6784bf6b65d0613559eb8dd3ed8bcfbc,"{""distance"":7,""physical_error_rate"":0.0005}","{""detection_events"":1575370,""detectors_checked"":806215680}"
    982016,         0,         0,   119.9,standalone_exact_mw,c63d9dbf283cbe8d7d2c9891770aca900c170ab5c3de0408fa399997170cec3d,"{""distance"":7,""physical_error_rate"":0.001}","{""detection_events"":3098340,""detectors_checked"":795432960}"
   1204224,         0,         0,   119.9,standalone_exact_mw,c63d9dbf283cbe8d7d2c9891770aca900c170ab5c3de0408fa399997170cec3d,"{""distance"":7,""physical_error_rate"":0.001}","{""detection_events"":3792615,""detectors_checked"":975421440}"
    694272,         0,         0,    62.9,standalone_exact_mw,c63d9dbf283cbe8d7d2c9891770aca900c170ab5c3de0408fa399997170cec3d,"{""distance"":7,""physical_error_rate"":0.001}","{""detection_events"":2189759,""detectors_checked"":562360320}"
    706560,         0,         0,    62.9,standalone_exact_mw,c63d9dbf283cbe8d7d2c9891770aca900c170ab5c3de0408fa399997170cec3d,"{""distance"":7,""physical_error_rate"":0.001}","{""detection_events"":2227397,""detectors_checked"":572313600}"
    547840,         0,         0,    63.0,standalone_exact_mw,20c8daca17953576b13a32f59e5f9cb54485b277119f4e6925e9023b8dd1f351,"{""distance"":7,""physical_error_rate"":0.002}","{""detection_events"":3431122,""detectors_checked"":443750400}"
    946176,         0,         0,   119.9,standalone_exact_mw,20c8daca17953576b13a32f59e5f9cb54485b277119f4e6925e9023b8dd1f351,"{""distance"":7,""physical_error_rate"":0.002}","{""detection_events"":5932309,""detectors_checked"":766402560}"
    521216,         0,         0,    63.0,standalone_exact_mw,20c8daca17953576b13a32f59e5f9cb54485b277119f4e6925e9023b8dd1f351,"{""distance"":7,""physical_error_rate"":0.002}","{""detection_events"":3268185,""detectors_checked"":422184960}"
   1625088,         0,         0,   119.8,standalone_exact_mw,b0cacb7fc707c2734ebeeceefd47b6bd6784bf6b65d0613559eb8dd3ed8bcfbc,"{""distance"":7,""physical_error_rate"":0.0005}","{""detection_events"":2565697,""detectors_checked"":1316321280}"
   1776640,         0,         0,    88.2,standalone_exact_mw,c63d9dbf283cbe8d7d2c9891770aca900c170ab5c3de0408fa399997170cec3d,"{""distance"":7,""physical_error_rate"":0.001}","{""detection_events"":5596392,""detectors_checked"":1439078400}"
    796672,         1,         0,   119.9,standalone_exact_mw,20c8daca17953576b13a32f59e5f9cb54485b277119f4e6925e9023b8dd1f351,"{""distance"":7,""physical_error_rate"":0.002}","{""detection_events"":4989427,""detectors_checked"":645304320,""obs_mistake_mask=E"":1}"
    884736,         0,         0,    62.9,standalone_exact_mw,b0cacb7fc707c2734ebeeceefd47b6bd6784bf6b65d0613559eb8dd3ed8bcfbc,"{""distance"":7,""physical_error_rate"":0.0005}","{""detection_events"":1395163,""detectors_checked"":716636160}"
   1265664,         0,         0,    88.1,standalone_exact_mw,20c8daca17953576b13a32f59e5f9cb54485b277119f4e6925e9023b8dd1f351,"{""distance"":7,""physical_error_rate"":0.002}","{""detection_events"":7925475,""detectors_checked"":1025187840}"
   1597440,         0,         0,   119.8,standalone_exact_mw,c63d9dbf283cbe8d7d2c9891770aca900c170ab5c3de0408fa399997170cec3d,"{""distance"":7,""physical_error_rate"":0.001}","{""detection_events"":5034234,""detectors_checked"":1293926400}"
    256000,         0,         0,    45.0,standalone_exact_mw,c63d9dbf283cbe8d7d2c9891770aca900c170ab5c3de0408fa399997170cec3d,"{""distance"":7,""physical_error_rate"":0.001}","{""detection_events"":806444,""detectors_checked"":207360000}"
    453632,         0,         0,    63.1,standalone_exact_mw,20c8daca17953576b13a32f59e5f9cb54485b277119f4e6925e9023b8dd1f351,"{""distance"":7,""physical_error_rate"":0.002}","{""detection_events"":2840372,""detectors_checked"":367441920}"
   1077248,         0,         0,   119.9,standalone_exact_mw,c63d9dbf283cbe8d7d2c9891770aca900c170ab5c3de0408fa399997170cec3d,"{""distance"":7,""physical_error_rate"":0.001}","{""detection_events"":3390399,""detectors_checked"":872570880}"
   1895424,         0,         0,   120.0,standalone_exact_mw,20c8daca17953576b13a32f59e5f9cb54485b277119f4e6925e9023b8dd1f351,"{""distance"":7,""physical_error_rate"":0.002}","{""detection_events"":11882014,""detectors_checked"":1535293440}"
    902144,         0,         0,   119.8,standalone_exact_mw,b0cacb7fc707c2734ebeeceefd47b6bd6784bf6b65d0613559eb8dd3ed8bcfbc,"{""distance"":7,""physical_error_rate"":0.0005}","{""detection_events"":1427069,""detectors_checked"":730736640}"
   1210368,         0,         0,   119.8,standalone_exact_mw,c63d9dbf283cbe8d7d2c9891770aca900c170ab5c3de0408fa399997170cec3d,"{""distance"":7,""physical_error_rate"":0.001}","{""detection_events"":3813535,""detectors_checked"":980398080}"
    849920,         0,         0,    63.0,standalone_exact_mw,b0cacb7fc707c2734ebeeceefd47b6bd6784bf6b65d0613559eb8dd3ed8bcfbc,"{""distance"":7,""physical_error_rate"":0.0005}","{""detection_events"":1343798,""detectors_checked"":688435200}"
   1181696,         0,         0,   120.0,standalone_exact_mw,20c8daca17953576b13a32f59e5f9cb54485b277119f4e6925e9023b8dd1f351,"{""distance"":7,""physical_error_rate"":0.002}","{""detection_events"":7402461,""detectors_checked"":957173760}"
   1975296,         0,         0,   119.8,standalone_exact_mw,b0cacb7fc707c2734ebeeceefd47b6bd6784bf6b65d0613559eb8dd3ed8bcfbc,"{""distance"":7,""physical_error_rate"":0.0005}","{""detection_events"":3122383,""detectors_checked"":1599989760}"
    988160,         0,         0,   119.8,standalone_exact_mw,b0cacb7fc707c2734ebeeceefd47b6bd6784bf6b65d0613559eb8dd3ed8bcfbc,"{""distance"":7,""physical_error_rate"":0.0005}","{""detection_events"":1562624,""detectors_checked"":800409600}"
   2077696,         0,         0,   119.8,standalone_exact_mw,b0cacb7fc707c2734ebeeceefd47b6bd6784bf6b65d0613559eb8dd3ed8bcfbc,"{""distance"":7,""physical_error_rate"":0.0005}","{""detection_events"":3283903,""detectors_checked"":1682933760}"
   1678336,         0,         0,   119.8,standalone_exact_mw,b0cacb7fc707c2734ebeeceefd47b6bd6784bf6b65d0613559eb8dd3ed8bcfbc,"{""distance"":7,""physical_error_rate"":0.0005}","{""detection_events"":2655235,""detectors_checked"":1359452160}"
    867328,         0,         0,   119.9,standalone_exact_mw,20c8daca17953576b13a32f59e5f9cb54485b277119f4e6925e9023b8dd1f351,"{""distance"":7,""physical_error_rate"":0.002}","{""detection_events"":5431391,""detectors_checked"":702535680}"
   1936384,         0,         0,   119.9,standalone_exact_mw,b0cacb7fc707c2734ebeeceefd47b6bd6784bf6b65d0613559eb8dd3ed8bcfbc,"{""distance"":7,""physical_error_rate"":0.0005}","{""detection_events"":3064223,""detectors_checked"":1568471040}"
    874496,         0,         0,   119.9,standalone_exact_mw,20c8daca17953576b13a32f59e5f9cb54485b277119f4e6925e9023b8dd1f351,"{""distance"":7,""physical_error_rate"":0.002}","{""detection_events"":5477275,""detectors_checked"":708341760}"
    966656,         1,         0,    88.2,standalone_exact_mw,20c8daca17953576b13a32f59e5f9cb54485b277119f4e6925e9023b8dd1f351,"{""distance"":7,""physical_error_rate"":0.002}","{""detection_events"":6054984,""detectors_checked"":782991360,""obs_mistake_mask=E"":1}"
   1247232,         0,         0,   119.8,standalone_exact_mw,b0cacb7fc707c2734ebeeceefd47b6bd6784bf6b65d0613559eb8dd3ed8bcfbc,"{""distance"":7,""physical_error_rate"":0.0005}","{""detection_events"":1971187,""detectors_checked"":1010257920}"
    861184,         0,         0,    88.1,standalone_exact_mw,20c8daca17953576b13a32f59e5f9cb54485b277119f4e6925e9023b8dd1f351,"{""distance"":7,""physical_error_rate"":0.002}","{""detection_events"":5397111,""detectors_checked"":697559040}"
    995328,         0,         0,   119.9,standalone_exact_mw,c63d9dbf283cbe8d7d2c9891770aca900c170ab5c3de0408fa399997170cec3d,"{""distance"":7,""physical_error_rate"":0.001}","{""detection_events"":3135931,""detectors_checked"":806215680}"
   1410048,         0,         0,   119.9,standalone_exact_mw,c63d9dbf283cbe8d7d2c9891770aca900c170ab5c3de0408fa399997170cec3d,"{""distance"":7,""physical_error_rate"":0.001}","{""detection_events"":4446067,""detectors_checked"":1142138880}"
   1867776,         0,         0,   119.8,standalone_exact_mw,b0cacb7fc707c2734ebeeceefd47b6bd6784bf6b65d0613559eb8dd3ed8bcfbc,"{""distance"":7,""physical_error_rate"":0.0005}","{""detection_events"":2955738,""detectors_checked"":1512898560}"
   1114112,         0,         0,    88.1,standalone_exact_mw,c63d9dbf283cbe8d7d2c9891770aca900c170ab5c3de0408fa399997170cec3d,"{""distance"":7,""physical_error_rate"":0.001}","{""detection_events"":3504623,""detectors_checked"":902430720}"
   1252352,         0,         0,   119.8,standalone_exact_mw,c63d9dbf283cbe8d7d2c9891770aca900c170ab5c3de0408fa399997170cec3d,"{""distance"":7,""physical_error_rate"":0.001}","{""detection_events"":3947261,""detectors_checked"":1014405120}"
   1413120,         0,         0,   119.9,standalone_exact_mw,c63d9dbf283cbe8d7d2c9891770aca900c170ab5c3de0408fa399997170cec3d,"{""distance"":7,""physical_error_rate"":0.001}","{""detection_events"":4457115,""detectors_checked"":1144627200}"
   2194432,         0,         0,   119.9,standalone_exact_mw,c63d9dbf283cbe8d7d2c9891770aca900c170ab5c3de0408fa399997170cec3d,"{""distance"":7,""physical_error_rate"":0.001}","{""detection_events"":6912378,""detectors_checked"":1777489920}"
   1081344,         0,         0,   119.9,standalone_exact_mw,c63d9dbf283cbe8d7d2c9891770aca900c170ab5c3de0408fa399997170cec3d,"{""distance"":7,""physical_error_rate"":0.001}","{""detection_events"":3412308,""detectors_checked"":875888640}"
    970752,         0,         0,   119.9,standalone_exact_mw,20c8daca17953576b13a32f59e5f9cb54485b277119f4e6925e9023b8dd1f351,"{""distance"":7,""physical_error_rate"":0.002}","{""detection_events"":6087373,""detectors_checked"":786309120}"
   1458176,         0,         0,    88.1,standalone_exact_mw,b0cacb7fc707c2734ebeeceefd47b6bd6784bf6b65d0613559eb8dd3ed8bcfbc,"{""distance"":7,""physical_error_rate"":0.0005}","{""detection_events"":2307012,""detectors_checked"":1181122560}"
   3126272,         0,         0,   119.8,standalone_exact_mw,b0cacb7fc707c2734ebeeceefd47b6bd6784bf6b65d0613559eb8dd3ed8bcfbc,"{""distance"":7,""physical_error_rate"":0.0005}","{""detection_events"":4946367,""detectors_checked"":2532280320}"
   1690624,         0,         0,   119.8,standalone_exact_mw,b0cacb7fc707c2734ebeeceefd47b6bd6784bf6b65d0613559eb8dd3ed8bcfbc,"{""distance"":7,""physical_error_rate"":0.0005}","{""detection_events"":2670370,""detectors_checked"":1369405440}"
   1097728,         0,         0,   119.9,standalone_exact_mw,20c8daca17953576b13a32f59e5f9cb54485b277119f4e6925e9023b8dd1f351,"{""distance"":7,""physical_error_rate"":0.002}","{""detection_events"":6873175,""detectors_checked"":889159680}"
   1916928,         0,         0,   119.8,standalone_exact_mw,b0cacb7fc707c2734ebeeceefd47b6bd6784bf6b65d0613559eb8dd3ed8bcfbc,"{""distance"":7,""physical_error_rate"":0.0005}","{""detection_events"":3034417,""detectors_checked"":1552711680}"
   1332224,         0,         0,    88.1,standalone_exact_mw,b0cacb7fc707c2734ebeeceefd47b6bd6784bf6b65d0613559eb8dd3ed8bcfbc,"{""distance"":7,""physical_error_rate"":0.0005}","{""detection_events"":2102252,""detectors_checked"":1079101440}"
   1252352,         0,         0,   119.9,standalone_exact_mw,20c8daca17953576b13a32f59e5f9cb54485b277119f4e6925e9023b8dd1f351,"{""distance"":7,""physical_error_rate"":0.002}","{""detection_events"":7847704,""detectors_checked"":1014405120}"
    537600,         0,         0,    63.0,standalone_exact_mw,c63d9dbf283cbe8d7d2c9891770aca900c170ab5c3de0408fa399997170cec3d,"{""distance"":7,""physical_error_rate"":0.001}","{""detection_events"":1694787,""detectors_checked"":435456000}"
   2330624,         0,         0,   119.9,standalone_exact_mw,c63d9dbf283cbe8d7d2c9891770aca900c170ab5c3de0408fa399997170cec3d,"{""distance"":7,""physical_error_rate"":0.001}","{""detection_events"":7349986,""detectors_checked"":1887805440}"
   1458176,         0,         0,    88.0,standalone_exact_mw,b0cacb7fc707c2734ebeeceefd47b6bd6784bf6b65d0613559eb8dd3ed8bcfbc,"{""distance"":7,""physical_error_rate"":0.0005}","{""detection_events"":2305896,""detectors_checked"":1181122560}"
   1385472,         0,         0,   119.9,standalone_exact_mw,c63d9dbf283cbe8d7d2c9891770aca900c170ab5c3de0408fa399997170cec3d,"{""distance"":7,""physical_error_rate"":0.001}","{""detection_events"":4370546,""detectors_checked"":1122232320}"
    885760,         0,         0,   120.0,standalone_exact_mw,20c8daca17953576b13a32f59e5f9cb54485b277119f4e6925e9023b8dd1f351,"{""distance"":7,""physical_error_rate"":0.002}","{""detection_events"":5554143,""detectors_checked"":717465600}"
   1056768,         0,         0,    88.1,standalone_exact_mw,c63d9dbf283cbe8d7d2c9891770aca900c170ab5c3de0408fa399997170cec3d,"{""distance"":7,""physical_error_rate"":0.001}","{""detection_events"":3331928,""detectors_checked"":855982080}"
    935936,         0,         0,   120.0,standalone_exact_mw,20c8daca17953576b13a32f59e5f9cb54485b277119f4e6925e9023b8dd1f351,"{""distance"":7,""physical_error_rate"":0.002}","{""detection_events"":5859977,""detectors_checked"":758108160}"
    876544,         0,         0,   120.0,standalone_exact_mw,20c8daca17953576b13a32f59e5f9cb54485b277119f4e6925e9023b8dd1f351,"{""distance"":7,""physical_error_rate"":0.002}","{""detection_events"":5490577,""detectors_checked"":710000640}"
   1049600,         0,         0,    88.1,standalone_exact_mw,c63d9dbf283cbe8d7d2c9891770aca900c170ab5c3de0408fa399997170cec3d,"{""distance"":7,""physical_error_rate"":0.001}","{""detection_events"":3307767,""detectors_checked"":850176000}"
   3211264,         0,         0,   119.8,standalone_exact_mw,b0cacb7fc707c2734ebeeceefd47b6bd6784bf6b65d0613559eb8dd3ed8bcfbc,"{""distance"":7,""physical_error_rate"":0.0005}","{""detection_events"":5073921,""detectors_checked"":2601123840}"
   1725440,         0,         0,   119.9,standalone_exact_mw,20c8daca17953576b13a32f59e5f9cb54485b277119f4e6925e9023b8dd1f351,"{""distance"":7,""physical_error_rate"":0.002}","{""detection_events"":10816282,""detectors_checked"":1397606400}"
   1634304,         0,         0,   119.8,standalone_exact_mw,b0cacb7fc707c2734ebeeceefd47b6bd6784bf6b65d0613559eb8dd3ed8bcfbc,"{""distance"":7,""physical_error_rate"":0.0005}","{""detection_events"":2579736,""detectors_checked"":1323786240}"
   1558528,         0,         0,   119.7,standalone_exact_mw,b0cacb7fc707c2734ebeeceefd47b6bd6784bf6b65d0613559eb8dd3ed8bcfbc,"{""distance"":7,""physical_error_rate"":0.0005}","{""detection_events"":2463766,""detectors_checked"":1262407680}"
    745472,         0,         0,    88.2,standalone_exact_mw,20c8daca17953576b13a32f59e5f9cb54485b277119f4e6925e9023b8dd1f351,"{""distance"":7,""physical_error_rate"":0.002}","{""detection_events"":4671351,""detectors_checked"":603832320}"
    739328,         0,         0,    88.1,standalone_exact_mw,20c8daca17953576b13a32f59e5f9cb54485b277119f4e6925e9023b8dd1f351,"{""distance"":7,""physical_error_rate"":0.002}","{""detection_events"":4634756,""detectors_checked"":598855680}"
   1182720,         0,         0,   119.8,standalone_exact_mw,c63d9dbf283cbe8d7d2c9891770aca900c170ab5c3de0408fa399997170cec3d,"{""distance"":7,""physical_error_rate"":0.001}","{""detection_events"":3734031,""detectors_checked"":958003200}"
    968704,         0,         0,   119.9,standalone_exact_mw,20c8daca17953576b13a32f59e5f9cb54485b277119f4e6925e9023b8dd1f351,"{""distance"":7,""physical_error_rate"":0.002}","{""detection_events"":6069079,""detectors_checked"":784650240}"
   1590272,         0,         0,   119.8,standalone_exact_mw,b0cacb7fc707c2734ebeeceefd47b6bd6784bf6b65d0613559eb8dd3ed8bcfbc,"{""distance"":7,""physical_error_rate"":0.0005}","{""detection_events"":2509644,""detectors_checked"":1288120320}"
    966656,         0,         0,   119.9,standalone_exact_mw,20c8daca17953576b13a32f59e5f9cb54485b277119f4e6925e9023b8dd1f351,"{""distance"":7,""physical_error_rate"":0.002}","{""detection_events"":6056217,""detectors_checked"":782991360}"
   1087488,         0,         0,    88.0,standalone_exact_mw,b0cacb7fc707c2734ebeeceefd47b6bd6784bf6b65d0613559eb8dd3ed8bcfbc,"{""distance"":7,""physical_error_rate"":0.0005}","{""detection_events"":1716239,""detectors_checked"":880865280}"
   1159168,         0,         0,   119.9,standalone_exact_mw,c63d9dbf283cbe8d7d2c9891770aca900c170ab5c3de0408fa399997170cec3d,"{""distance"":7,""physical_error_rate"":0.001}","{""detection_events"":3649540,""detectors_checked"":938926080}"
    881664,         0,         0,   120.0,standalone_exact_mw,20c8daca17953576b13a32f59e5f9cb54485b277119f4e6925e9023b8dd1f351,"{""distance"":7,""physical_error_rate"":0.002}","{""detection_events"":5528149,""detectors_checked"":714147840}"
    686080,         0,         0,    88.2,standalone_exact_mw,20c8daca17953576b13a32f59e5f9cb54485b277119f4e6925e9023b8dd1f351,"{""distance"":7,""physical_error_rate"":0.002}","{""detection_events"":4306175,""detectors_checked"":555724800}"
   1172480,         0,         0,   119.7,standalone_exact_mw,c63d9dbf283cbe8d7d2c9891770aca900c170ab5c3de0408fa399997170cec3d,"{""distance"":7,""physical_error_rate"":0.001}","{""detection_events"":3698798,""detectors_checked"":949708800}"
   1219584,         0,         0,   119.8,standalone_exact_mw,c63d9dbf283cbe8d7d2c9891770aca900c170ab5c3de0408fa399997170cec3d,"{""distance"":7,""physical_error_rate"":0.001}","{""detection_events"":3845467,""detectors_checked"":987863040}"
   1034240,         0,         0,   119.9,standalone_exact_mw,c63d9dbf283cbe8d7d2c9891770aca900c170ab5c3de0408fa399997170cec3d,"{""distance"":7,""physical_error_rate"":0.001}","{""detection_events"":3262544,""detectors_checked"":837734400}"
    939008,         0,         0,   119.9,standalone_exact_mw,20c8daca17953576b13a32f59e5f9cb54485b277119f4e6925e9023b8dd1f351,"{""distance"":7,""physical_error_rate"":0.002}","{""detection_events"":5880975,""detectors_checked"":760596480}"
   1162240,         0,         0,    88.0,standalone_exact_mw,b0cacb7fc707c2734ebeeceefd47b6bd6784bf6b65d0613559eb8dd3ed8bcfbc,"{""distance"":7,""physical_error_rate"":0.0005}","{""detection_events"":1837202,""detectors_checked"":941414400}"
   1613824,         0,         0,   119.8,standalone_exact_mw,b0cacb7fc707c2734ebeeceefd47b6bd6784bf6b65d0613559eb8dd3ed8bcfbc,"{""distance"":7,""physical_error_rate"":0.0005}","{""detection_events"":2550198,""detectors_checked"":1307197440}"
   2364416,         0,         0,   119.9,standalone_exact_mw,c63d9dbf283cbe8d7d2c9891770aca900c170ab5c3de0408fa399997170cec3d,"{""distance"":7,""physical_error_rate"":0.001}","{""detection_events"":7456908,""detectors_checked"":1915176960}"
    894976,         0,         0,   119.8,standalone_exact_mw,20c8daca17953576b13a32f59e5f9cb54485b277119f4e6925e9023b8dd1f351,"{""distance"":7,""physical_error_rate"":0.002}","{""detection_events"":5607382,""detectors_checked"":724930560}"
   1917952,         1,         0,   119.9,standalone_exact_mw,20c8daca17953576b13a32f59e5f9cb54485b277119f4e6925e9023b8dd1f351,"{""distance"":7,""physical_error_rate"":0.002}","{""detection_events"":12013014,""detectors_checked"":1553541120,""obs_mistake_mask=E"":1}"
   1504256,         0,         0,   119.9,standalone_exact_mw,c63d9dbf283cbe8d7d2c9891770aca900c170ab5c3de0408fa399997170cec3d,"{""distance"":7,""physical_error_rate"":0.001}","{""detection_events"":4739343,""detectors_checked"":1218447360}"
   1235968,         0,         0,   119.9,standalone_exact_mw,c63d9dbf283cbe8d7d2c9891770aca900c170ab5c3de0408fa399997170cec3d,"{""distance"":7,""physical_error_rate"":0.001}","{""detection_events"":3895419,""detectors_checked"":1001134080}"
   1885184,         0,         0,   119.9,standalone_exact_mw,20c8daca17953576b13a32f59e5f9cb54485b277119f4e6925e9023b8dd1f351,"{""distance"":7,""physical_error_rate"":0.002}","{""detection_events"":11807584,""detectors_checked"":1526999040}"
    977920,         0,         0,   119.8,standalone_exact_mw,b0cacb7fc707c2734ebeeceefd47b6bd6784bf6b65d0613559eb8dd3ed8bcfbc,"{""distance"":7,""physical_error_rate"":0.0005}","{""detection_events"":1547946,""detectors_checked"":792115200}"
   1155072,         0,         0,   119.8,standalone_exact_mw,c63d9dbf283cbe8d7d2c9891770aca900c170ab5c3de0408fa399997170cec3d,"{""distance"":7,""physical_error_rate"":0.001}","{""detection_events"":3640257,""detectors_checked"":935608320}"
   1164288,         0,         0,   119.9,standalone_exact_mw,20c8daca17953576b13a32f59e5f9cb54485b277119f4e6925e9023b8dd1f351,"{""distance"":7,""physical_error_rate"":0.002}","{""detection_events"":7296510,""detectors_checked"":943073280}"
   2099200,         0,         0,   119.8,standalone_exact_mw,b0cacb7fc707c2734ebeeceefd47b6bd6784bf6b65d0613559eb8dd3ed8bcfbc,"{""distance"":7,""physical_error_rate"":0.0005}","{""detection_events"":3323112,""detectors_checked"":1700352000}"
   1571840,         0,         0,   119.8,standalone_exact_mw,b0cacb7fc707c2734ebeeceefd47b6bd6784bf6b65d0613559eb8dd3ed8bcfbc,"{""distance"":7,""physical_error_rate"":0.0005}","{""detection_events"":2487382,""detectors_checked"":1273190400}"
   2091008,         0,         0,   119.7,standalone_exact_mw,b0cacb7fc707c2734ebeeceefd47b6bd6784bf6b65d0613559eb8dd3ed8bcfbc,"{""distance"":7,""physical_error_rate"":0.0005}","{""detection_events"":3303019,""detectors_checked"":1693716480}"
   1608704,         0,         0,   119.8,standalone_exact_mw,b0cacb7fc707c2734ebeeceefd47b6bd6784bf6b65d0613559eb8dd3ed8bcfbc,"{""distance"":7,""physical_error_rate"":0.0005}","{""detection_events"":2542786,""detectors_checked"":1303050240}"
    813056,         0,         0,   119.8,standalone_exact_mw,20c8daca17953576b13a32f59e5f9cb54485b277119f4e6925e9023b8dd1f351,"{""distance"":7,""physical_error_rate"":0.002}","{""detection_events"":5097195,""detectors_checked"":658575360}"
   1826816,         0,         0,   119.8,standalone_exact_mw,b0cacb7fc707c2734ebeeceefd47b6bd6784bf6b65d0613559eb8dd3ed8bcfbc,"{""distance"":7,""physical_error_rate"":0.0005}","{""detection_events"":2887635,""detectors_checked"":1479720960}"
    769024,         0,         0,    88.2,standalone_exact_mw,c63d9dbf283cbe8d7d2c9891770aca900c170ab5c3de0408fa399997170cec3d,"{""distance"":7,""physical_error_rate"":0.001}","{""detection_events"":2423798,""detectors_checked"":622909440}"
    870400,         0,         0,   120.0,standalone_exact_mw,20c8daca17953576b13a32f59e5f9cb54485b277119f4e6925e9023b8dd1f351,"{""distance"":7,""physical_error_rate"":0.002}","{""detection_events"":5449279,""detectors_checked"":705024000}"
   1166336,         0,         0,   119.9,standalone_exact_mw,20c8daca17953576b13a32f59e5f9cb54485b277119f4e6925e9023b8dd1f351,"{""distance"":7,""physical_error_rate"":0.002}","{""detection_events"":7313658,""detectors_checked"":944732160}"
   1492992,         0,         0,   119.9,standalone_exact_mw,b0cacb7fc707c2734ebeeceefd47b6bd6784bf6b65d0613559eb8dd3ed8bcfbc,"{""distance"":7,""physical_error_rate"":0.0005}","{""detection_events"":2358894,""detectors_checked"":1209323520}"
   1261568,         1,         0,   119.9,standalone_exact_mw,20c8daca17953576b13a32f59e5f9cb54485b277119f4e6925e9023b8dd1f351,"{""distance"":7,""physical_error_rate"":0.002}","{""detection_events"":7902101,""detectors_checked"":1021870080,""obs_mistake_mask=E"":1}"
   1034240,         0,         0,   119.9,standalone_exact_mw,c63d9dbf283cbe8d7d2c9891770aca900c170ab5c3de0408fa399997170cec3d,"{""distance"":7,""physical_error_rate"":0.001}","{""detection_events"":3260728,""detectors_checked"":837734400}"
   1250304,         0,         0,   119.8,standalone_exact_mw,c63d9dbf283cbe8d7d2c9891770aca900c170ab5c3de0408fa399997170cec3d,"{""distance"":7,""physical_error_rate"":0.001}","{""detection_events"":3940537,""detectors_checked"":1012746240}"
   1899520,         0,         0,   119.9,standalone_exact_mw,b0cacb7fc707c2734ebeeceefd47b6bd6784bf6b65d0613559eb8dd3ed8bcfbc,"{""distance"":7,""physical_error_rate"":0.0005}","{""detection_events"":3002460,""detectors_checked"":1538611200}"
   1500160,         0,         0,   119.8,standalone_exact_mw,c63d9dbf283cbe8d7d2c9891770aca900c170ab5c3de0408fa399997170cec3d,"{""distance"":7,""physical_error_rate"":0.001}","{""detection_events"":4723404,""detectors_checked"":1215129600}"
    948224,         0,         0,   119.9,standalone_exact_mw,c63d9dbf283cbe8d7d2c9891770aca900c170ab5c3de0408fa399997170cec3d,"{""distance"":7,""physical_error_rate"":0.001}","{""detection_events"":2985570,""detectors_checked"":768061440}"
   1340416,         0,         0,   119.8,standalone_exact_mw,c63d9dbf283cbe8d7d2c9891770aca900c170ab5c3de0408fa399997170cec3d,"{""distance"":7,""physical_error_rate"":0.001}","{""detection_events"":4223593,""detectors_checked"":1085736960}"
   2271232,         0,         0,   119.9,standalone_exact_mw,c63d9dbf283cbe8d7d2c9891770aca900c170ab5c3de0408fa399997170cec3d,"{""distance"":7,""physical_error_rate"":0.001}","{""detection_events"":7157928,""detectors_checked"":1839697920}"
   1166336,         0,         0,   119.8,standalone_exact_mw,c63d9dbf283cbe8d7d2c9891770aca900c170ab5c3de0408fa399997170cec3d,"{""distance"":7,""physical_error_rate"":0.001}","{""detection_events"":3684277,""detectors_checked"":944732160}"
    778240,         0,         0,   120.0,standalone_exact_mw,20c8daca17953576b13a32f59e5f9cb54485b277119f4e6925e9023b8dd1f351,"{""distance"":7,""physical_error_rate"":0.002}","{""detection_events"":4875304,""detectors_checked"":630374400}"
   1888256,         0,         0,   119.8,standalone_exact_mw,b0cacb7fc707c2734ebeeceefd47b6bd6784bf6b65d0613559eb8dd3ed8bcfbc,"{""distance"":7,""physical_error_rate"":0.0005}","{""detection_events"":2982615,""detectors_checked"":1529487360}"
   3049472,         0,         0,   119.8,standalone_exact_mw,b0cacb7fc707c2734ebeeceefd47b6bd6784bf6b65d0613559eb8dd3ed8bcfbc,"{""distance"":7,""physical_error_rate"":0.0005}","{""detection_events"":4818287,""detectors_checked"":2470072320}"
   1461248,         0,         0,   119.8,standalone_exact_mw,b0cacb7fc707c2734ebeeceefd47b6bd6784bf6b65d0613559eb8dd3ed8bcfbc,"{""distance"":7,""physical_error_rate"":0.0005}","{""detection_events"":2309091,""detectors_checked"":1183610880}"
   1147904,         0,         0,   120.0,standalone_exact_mw,20c8daca17953576b13a32f59e5f9cb54485b277119f4e6925e9023b8dd1f351,"{""distance"":7,""physical_error_rate"":0.002}","{""detection_events"":7197629,""detectors_checked"":929802240}"
   2164736,         0,         0,   119.8,standalone_exact_mw,b0cacb7fc707c2734ebeeceefd47b6bd6784bf6b65d0613559eb8dd3ed8bcfbc,"{""distance"":7,""physical_error_rate"":0.0005}","{""detection_events"":3420369,""detectors_checked"":1753436160}"
   2002944,         0,         0,   119.7,standalone_exact_mw,b0cacb7fc707c2734ebeeceefd47b6bd6784bf6b65d0613559eb8dd3ed8bcfbc,"{""distance"":7,""physical_error_rate"":0.0005}","{""detection_events"":3167208,""detectors_checked"":1622384640}"
   1230848,         0,         0,   120.0,standalone_exact_mw,20c8daca17953576b13a32f59e5f9cb54485b277119f4e6925e9023b8dd1f351,"{""distance"":7,""physical_error_rate"":0.002}","{""detection_events"":7712984,""detectors_checked"":996986880}"
   2363392,         0,         0,   119.8,standalone_exact_mw,c63d9dbf283cbe8d7d2c9891770aca900c170ab5c3de0408fa399997170cec3d,"{""distance"":7,""physical_error_rate"":0.001}","{""detection_events"":7450215,""detectors_checked"":1914347520}"
   1862656,         0,         0,   119.8,standalone_exact_mw,b0cacb7fc707c2734ebeeceefd47b6bd6784bf6b65d0613559eb8dd3ed8bcfbc,"{""distance"":7,""physical_error_rate"":0.0005}","{""detection_events"":2951291,""detectors_checked"":1508751360}"
   1425408,         0,         0,   119.9,standalone_exact_mw,c63d9dbf283cbe8d7d2c9891770aca900c170ab5c3de0408fa399997170cec3d,"{""distance"":7,""physical_error_rate"":0.001}","{""detection_events"":4493387,""detectors_checked"":1154580480}"
    890880,         0,         0,   119.7,standalone_exact_mw,20c8daca17953576b13a32f59e5f9cb54485b277119f4e6925e9023b8dd1f351,"{""distance"":7,""physical_error_rate"":0.002}","{""detection_events"":5580285,""detectors_checked"":721612800}"
   1388544,         0,         0,   119.9,standalone_exact_mw,c63d9dbf283cbe8d7d2c9891770aca900c170ab5c3de0408fa399997170cec3d,"{""distance"":7,""physical_error_rate"":0.001}","{""detection_events"":4381828,""detectors_checked"":1124720640}"
    835584,         0,         0,   120.0,standalone_exact_mw,20c8daca17953576b13a32f59e5f9cb54485b277119f4e6925e9023b8dd1f351,"{""distance"":7,""physical_error_rate"":0.002}","{""detection_events"":5235658,""detectors_checked"":676823040}"
    869376,         0,         0,   120.0,standalone_exact_mw,20c8daca17953576b13a32f59e5f9cb54485b277119f4e6925e9023b8dd1f351,"{""distance"":7,""physical_error_rate"":0.002}","{""detection_events"":5450404,""detectors_checked"":704194560}"
   3125248,         0,         0,   119.9,standalone_exact_mw,b0cacb7fc707c2734ebeeceefd47b6bd6784bf6b65d0613559eb8dd3ed8bcfbc,"{""distance"":7,""physical_error_rate"":0.0005}","{""detection_events"":4938100,""detectors_checked"":2531450880}"
   1549312,         0,         0,   119.9,standalone_exact_mw,c63d9dbf283cbe8d7d2c9891770aca900c170ab5c3de0408fa399997170cec3d,"{""distance"":7,""physical_error_rate"":0.001}","{""detection_events"":4871331,""detectors_checked"":1254942720}"
   1858560,         0,         0,   119.9,standalone_exact_mw,20c8daca17953576b13a32f59e5f9cb54485b277119f4e6925e9023b8dd1f351,"{""distance"":7,""physical_error_rate"":0.002}","{""detection_events"":11647114,""detectors_checked"":1505433600}"
   1517568,         0,         0,   119.8,standalone_exact_mw,b0cacb7fc707c2734ebeeceefd47b6bd6784bf6b65d0613559eb8dd3ed8bcfbc,"{""distance"":7,""physical_error_rate"":0.0005}","{""detection_events"":2397463,""detectors_checked"":1229230080}"
   1528832,         0,         0,   119.8,standalone_exact_mw,b0cacb7fc707c2734ebeeceefd47b6bd6784bf6b65d0613559eb8dd3ed8bcfbc,"{""distance"":7,""physical_error_rate"":0.0005}","{""detection_events"":2419187,""detectors_checked"":1238353920}"
   1065984,         0,         0,   119.9,standalone_exact_mw,20c8daca17953576b13a32f59e5f9cb54485b277119f4e6925e9023b8dd1f351,"{""distance"":7,""physical_error_rate"":0.002}","{""detection_events"":6681548,""detectors_checked"":863447040}"
   1078272,         0,         0,   119.9,standalone_exact_mw,20c8daca17953576b13a32f59e5f9cb54485b277119f4e6925e9023b8dd1f351,"{""distance"":7,""physical_error_rate"":0.002}","{""detection_events"":6760514,""detectors_checked"":873400320}"
   1041408,         0,         0,   119.9,standalone_exact_mw,c63d9dbf283cbe8d7d2c9891770aca900c170ab5c3de0408fa399997170cec3d,"{""distance"":7,""physical_error_rate"":0.001}","{""detection_events"":3286665,""detectors_checked"":843540480}"
    832512,         0,         0,   120.0,standalone_exact_mw,20c8daca17953576b13a32f59e5f9cb54485b277119f4e6925e9023b8dd1f351,"{""distance"":7,""physical_error_rate"":0.002}","{""detection_events"":5218023,""detectors_checked"":674334720}"
   1508352,         0,         0,   119.9,standalone_exact_mw,b0cacb7fc707c2734ebeeceefd47b6bd6784bf6b65d0613559eb8dd3ed8bcfbc,"{""distance"":7,""physical_error_rate"":0.0005}","{""detection_events"":2385704,""detectors_checked"":1221765120}"
    814080,         0,         0,   120.0,standalone_exact_mw,20c8daca17953576b13a32f59e5f9cb54485b277119f4e6925e9023b8dd1f351,"{""distance"":7,""physical_error_rate"":0.002}","{""detection_events"":5099993,""detectors_checked"":659404800}"
   1274880,         0,         0,   119.7,standalone_exact_mw,b0cacb7fc707c2734ebeeceefd47b6bd6784bf6b65d0613559eb8dd3ed8bcfbc,"{""distance"":7,""physical_error_rate"":0.0005}","{""detection_events"":2015315,""detectors_checked"":1032652800}"
   1239040,         0,         0,   119.8,standalone_exact_mw,c63d9dbf283cbe8d7d2c9891770aca900c170ab5c3de0408fa399997170cec3d,"{""distance"":7,""physical_error_rate"":0.001}","{""detection_events"":3906543,""detectors_checked"":1003622400}"
    781312,         0,         0,   119.9,standalone_exact_mw,20c8daca17953576b13a32f59e5f9cb54485b277119f4e6925e9023b8dd1f351,"{""distance"":7,""physical_error_rate"":0.002}","{""detection_events"":4892443,""detectors_checked"":632862720}"
    866304,         0,         0,   119.9,standalone_exact_mw,20c8daca17953576b13a32f59e5f9cb54485b277119f4e6925e9023b8dd1f351,"{""distance"":7,""physical_error_rate"":0.002}","{""detection_events"":5423713,""detectors_checked"":701706240}"
   1251328,         0,         0,   119.8,standalone_exact_mw,c63d9dbf283cbe8d7d2c9891770aca900c170ab5c3de0408fa399997170cec3d,"{""distance"":7,""physical_error_rate"":0.001}","{""detection_events"":3943601,""detectors_checked"":1013575680}"
   1184768,         0,         0,   119.9,standalone_exact_mw,c63d9dbf283cbe8d7d2c9891770aca900c170ab5c3de0408fa399997170cec3d,"{""distance"":7,""physical_error_rate"":0.001}","{""detection_events"":3734367,""detectors_checked"":959662080}"
   1056768,         0,         0,   119.8,standalone_exact_mw,c63d9dbf283cbe8d7d2c9891770aca900c170ab5c3de0408fa399997170cec3d,"{""distance"":7,""physical_error_rate"":0.001}","{""detection_events"":3329833,""detectors_checked"":855982080}"
    920576,         0,         0,   120.0,standalone_exact_mw,20c8daca17953576b13a32f59e5f9cb54485b277119f4e6925e9023b8dd1f351,"{""distance"":7,""physical_error_rate"":0.002}","{""detection_events"":5769683,""detectors_checked"":745666560}"
   1505280,         0,         0,   119.9,standalone_exact_mw,b0cacb7fc707c2734ebeeceefd47b6bd6784bf6b65d0613559eb8dd3ed8bcfbc,"{""distance"":7,""physical_error_rate"":0.0005}","{""detection_events"":2379647,""detectors_checked"":1219276800}"
   1635328,         0,         0,   119.8,standalone_exact_mw,b0cacb7fc707c2734ebeeceefd47b6bd6784bf6b65d0613559eb8dd3ed8bcfbc,"{""distance"":7,""physical_error_rate"":0.0005}","{""detection_events"":2584199,""detectors_checked"":1324615680}"
   2141184,         0,         0,   119.9,standalone_exact_mw,c63d9dbf283cbe8d7d2c9891770aca900c170ab5c3de0408fa399997170cec3d,"{""distance"":7,""physical_error_rate"":0.001}","{""detection_events"":6751772,""detectors_checked"":1734359040}"
    849920,         0,         0,   120.0,standalone_exact_mw,20c8daca17953576b13a32f59e5f9cb54485b277119f4e6925e9023b8dd1f351,"{""distance"":7,""physical_error_rate"":0.002}","{""detection_events"":5327947,""detectors_checked"":688435200}"
   1764352,         0,         0,   120.0,standalone_exact_mw,20c8daca17953576b13a32f59e5f9cb54485b277119f4e6925e9023b8dd1f351,"{""distance"":7,""physical_error_rate"":0.002}","{""detection_events"":11057093,""detectors_checked"":1429125120}"
   1440768,         0,         0,   119.8,standalone_exact_mw,c63d9dbf283cbe8d7d2c9891770aca900c170ab5c3de0408fa399997170cec3d,"{""distance"":7,""physical_error_rate"":0.001}","{""detection_events"":4538913,""detectors_checked"":1167022080}"
   1058816,         0,         0,   119.9,standalone_exact_mw,c63d9dbf283cbe8d7d2c9891770aca900c170ab5c3de0408fa399997170cec3d,"{""distance"":7,""physical_error_rate"":0.001}","{""detection_events"":3337006,""detectors_checked"":857640960}"
   1835008,         1,         0,   119.9,standalone_exact_mw,20c8daca17953576b13a32f59e5f9cb54485b277119f4e6925e9023b8dd1f351,"{""distance"":7,""physical_error_rate"":0.002}","{""detection_events"":11486438,""detectors_checked"":1486356480,""obs_mistake_mask=E"":1}"
    858112,         0,         0,   119.8,standalone_exact_mw,b0cacb7fc707c2734ebeeceefd47b6bd6784bf6b65d0613559eb8dd3ed8bcfbc,"{""distance"":7,""physical_error_rate"":0.0005}","{""detection_events"":1359019,""detectors_checked"":695070720}"
   1116160,         0,         0,   119.8,standalone_exact_mw,c63d9dbf283cbe8d7d2c9891770aca900c170ab5c3de0408fa399997170cec3d,"{""distance"":7,""physical_error_rate"":0.001}","{""detection_events"":3520977,""detectors_checked"":904089600}"
   1044480,         0,         0,   120.0,standalone_exact_mw,20c8daca17953576b13a32f59e5f9cb54485b277119f4e6925e9023b8dd1f351,"{""distance"":7,""physical_error_rate"":0.002}","{""detection_events"":6548103,""detectors_checked"":846028800}"
   2000896,         0,         0,   119.8,standalone_exact_mw,b0cacb7fc707c2734ebeeceefd47b6bd6784bf6b65d0613559eb8dd3ed8bcfbc,"{""distance"":7,""physical_error_rate"":0.0005}","{""detection_events"":3165703,""detectors_checked"":1620725760}"
   1639424,         0,         0,   119.8,standalone_exact_mw,b0cacb7fc707c2734ebeeceefd47b6bd6784bf6b65d0613559eb8dd3ed8bcfbc,"{""distance"":7,""physical_error_rate"":0.0005}","{""detection_events"":2590444,""detectors_checked"":1327933440}"
   1851392,         0,         0,   119.7,standalone_exact_mw,b0cacb7fc707c2734ebeeceefd47b6bd6784bf6b65d0613559eb8dd3ed8bcfbc,"{""distance"":7,""physical_error_rate"":0.0005}","{""detection_events"":2929880,""detectors_checked"":1499627520}"
   1249280,         0,         0,   119.8,standalone_exact_mw,b0cacb7fc707c2734ebeeceefd47b6bd6784bf6b65d0613559eb8dd3ed8bcfbc,"{""distance"":7,""physical_error_rate"":0.0005}","{""detection_events"":1971379,""detectors_checked"":1011916800}"
    904192,         0,         0,   120.0,standalone_exact_mw,20c8daca17953576b13a32f59e5f9cb54485b277119f4e6925e9023b8dd1f351,"{""distance"":7,""physical_error_rate"":0.002}","{""detection_events"":5664733,""detectors_checked"":732395520}"
   2744320,         0,         0,   119.8,standalone_exact_mw,b0cacb7fc707c2734ebeeceefd47b6bd6784bf6b65d0613559eb8dd3ed8bcfbc,"{""distance"":7,""physical_error_rate"":0.0005}","{""detection_events"":4342425,""detectors_checked"":2222899200}"
   1160192,         0,         0,   119.7,standalone_exact_mw,c63d9dbf283cbe8d7d2c9891770aca900c170ab5c3de0408fa399997170cec3d,"{""distance"":7,""physical_error_rate"":0.001}","{""detection_events"":3655367,""detectors_checked"":939755520}"
    771072,         0,         0,   119.9,standalone_exact_mw,20c8daca17953576b13a32f59e5f9cb54485b277119f4e6925e9023b8dd1f351,"{""distance"":7,""physical_error_rate"":0.002}","{""detection_events"":4831881,""detectors_checked"":624568320}"
   1048576,         0,         0,   119.9,standalone_exact_mw,20c8daca17953576b13a32f59e5f9cb54485b277119f4e6925e9023b8dd1f351,"{""distance"":7,""physical_error_rate"":0.002}","{""detection_events"":6571088,""detectors_checked"":849346560}"
   1173504,         0,         0,   119.8,standalone_exact_mw,b0cacb7fc707c2734ebeeceefd47b6bd6784bf6b65d0613559eb8dd3ed8bcfbc,"{""distance"":7,""physical_error_rate"":0.0005}","{""detection_events"":1855522,""detectors_checked"":950538240}"
   1014784,         0,         0,   119.9,standalone_exact_mw,20c8daca17953576b13a32f59e5f9cb54485b277119f4e6925e9023b8dd1f351,"{""distance"":7,""physical_error_rate"":0.002}","{""detection_events"":6355751,""detectors_checked"":821975040}"
   1022976,         0,         0,   119.9,standalone_exact_mw,c63d9dbf283cbe8d7d2c9891770aca900c170ab5c3de0408fa399997170cec3d,"{""distance"":7,""physical_error_rate"":0.001}","{""detection_events"":3223635,""detectors_checked"":828610560}"
   2119680,         0,         0,   119.9,standalone_exact_mw,c63d9dbf283cbe8d7d2c9891770aca900c170ab5c3de0408fa399997170cec3d,"{""distance"":7,""physical_error_rate"":0.001}","{""detection_events"":6683147,""detectors_checked"":1716940800}"
   2638848,         0,         0,   119.9,standalone_exact_mw,b0cacb7fc707c2734ebeeceefd47b6bd6784bf6b65d0613559eb8dd3ed8bcfbc,"{""distance"":7,""physical_error_rate"":0.0005}","{""detection_events"":4171662,""detectors_checked"":2137466880}"
   1383424,         0,         0,   120.0,standalone_exact_mw,c63d9dbf283cbe8d7d2c9891770aca900c170ab5c3de0408fa399997170cec3d,"{""distance"":7,""physical_error_rate"":0.001}","{""detection_events"":4360614,""detectors_checked"":1120573440}"
   1076224,         0,         0,   120.0,standalone_exact_mw,c63d9dbf283cbe8d7d2c9891770aca900c170ab5c3de0408fa399997170cec3d,"{""distance"":7,""physical_error_rate"":0.001}","{""detection_events"":3391421,""detectors_checked"":871741440}"
   2254848,         0,         0,   119.9,standalone_exact_mw,c63d9dbf283cbe8d7d2c9891770aca900c170ab5c3de0408fa399997170cec3d,"{""distance"":7,""physical_error_rate"":0.001}","{""detection_events"":7108681,""detectors_checked"":1826426880}"
   1859584,         0,         0,   119.9,standalone_exact_mw,c63d9dbf283cbe8d7d2c9891770aca900c170ab5c3de0408fa399997170cec3d,"{""distance"":7,""physical_error_rate"":0.001}","{""detection_events"":5862033,""detectors_checked"":1506263040}"
   1000448,         0,         0,   119.9,standalone_exact_mw,c63d9dbf283cbe8d7d2c9891770aca900c170ab5c3de0408fa399997170cec3d,"{""distance"":7,""physical_error_rate"":0.001}","{""detection_events"":3152395,""detectors_checked"":810362880}"
    814080,         0,         0,   119.9,standalone_exact_mw,20c8daca17953576b13a32f59e5f9cb54485b277119f4e6925e9023b8dd1f351,"{""distance"":7,""physical_error_rate"":0.002}","{""detection_events"":5100171,""detectors_checked"":659404800}"
   3006464,         0,         0,   119.8,standalone_exact_mw,b0cacb7fc707c2734ebeeceefd47b6bd6784bf6b65d0613559eb8dd3ed8bcfbc,"{""distance"":7,""physical_error_rate"":0.0005}","{""detection_events"":4750345,""detectors_checked"":2435235840}"
   2476032,         0,         0,   119.8,standalone_exact_mw,b0cacb7fc707c2734ebeeceefd47b6bd6784bf6b65d0613559eb8dd3ed8bcfbc,"{""distance"":7,""physical_error_rate"":0.0005}","{""detection_events"":3914080,""detectors_checked"":2005585920}"
   1353728,         0,         0,   119.7,standalone_exact_mw,b0cacb7fc707c2734ebeeceefd47b6bd6784bf6b65d0613559eb8dd3ed8bcfbc,"{""distance"":7,""physical_error_rate"":0.0005}","{""detection_events"":2139154,""detectors_checked"":1096519680}"
   1510400,         0,         0,   119.9,standalone_exact_mw,20c8daca17953576b13a32f59e5f9cb54485b277119f4e6925e9023b8dd1f351,"{""distance"":7,""physical_error_rate"":0.002}","{""detection_events"":9468423,""detectors_checked"":1223424000}"
   2604032,         0,         0,   119.9,standalone_exact_mw,b0cacb7fc707c2734ebeeceefd47b6bd6784bf6b65d0613559eb8dd3ed8bcfbc,"{""distance"":7,""physical_error_rate"":0.0005}","{""detection_events"":4111788,""detectors_checked"":2109265920}"
   2513920,         0,         0,   119.8,standalone_exact_mw,b0cacb7fc707c2734ebeeceefd47b6bd6784bf6b65d0613559eb8dd3ed8bcfbc,"{""distance"":7,""physical_error_rate"":0.0005}","{""detection_events"":3970002,""detectors_checked"":2036275200}"
   1007616,         0,         0,   119.9,standalone_exact_mw,20c8daca17953576b13a32f59e5f9cb54485b277119f4e6925e9023b8dd1f351,"{""distance"":7,""physical_error_rate"":0.002}","{""detection_events"":6316533,""detectors_checked"":816168960}"
   1750016,         0,         0,   119.9,standalone_exact_mw,c63d9dbf283cbe8d7d2c9891770aca900c170ab5c3de0408fa399997170cec3d,"{""distance"":7,""physical_error_rate"":0.001}","{""detection_events"":5513822,""detectors_checked"":1417512960}"
   3154944,         0,         0,   119.9,standalone_exact_mw,b0cacb7fc707c2734ebeeceefd47b6bd6784bf6b65d0613559eb8dd3ed8bcfbc,"{""distance"":7,""physical_error_rate"":0.0005}","{""detection_events"":4983331,""detectors_checked"":2555504640}"
   1963008,         0,         0,   119.8,standalone_exact_mw,c63d9dbf283cbe8d7d2c9891770aca900c170ab5c3de0408fa399997170cec3d,"{""distance"":7,""physical_error_rate"":0.001}","{""detection_events"":6189561,""detectors_checked"":1590036480}"
    863232,         0,         0,   120.0,standalone_exact_mw,20c8daca17953576b13a32f59e5f9cb54485b277119f4e6925e9023b8dd1f351,"{""distance"":7,""physical_error_rate"":0.002}","{""detection_events"":5414710,""detectors_checked"":699217920}"
   2289664,         0,         0,   119.9,standalone_exact_mw,c63d9dbf283cbe8d7d2c9891770aca900c170ab5c3de0408fa399997170cec3d,"{""distance"":7,""physical_error_rate"":0.001}","{""detection_events"":7211741,""detectors_checked"":1854627840}"
    671744,         0,         0,   120.1,standalone_exact_mw,20c8daca17953576b13a32f59e5f9cb54485b277119f4e6925e9023b8dd1f351,"{""distance"":7,""physical_error_rate"":0.002}","{""detection_events"":4207320,""detectors_checked"":544112640}"
    700416,         0,         0,   120.0,standalone_exact_mw,20c8daca17953576b13a32f59e5f9cb54485b277119f4e6925e9023b8dd1f351,"{""distance"":7,""physical_error_rate"":0.002}","{""detection_events"":4391646,""detectors_checked"":567336960}"
   2332672,         0,         0,   119.8,standalone_exact_mw,b0cacb7fc707c2734ebeeceefd47b6bd6784bf6b65d0613559eb8dd3ed8bcfbc,"{""distance"":7,""physical_error_rate"":0.0005}","{""detection_events"":3692368,""detectors_checked"":1889464320}"
   1999872,         0,         0,   119.8,standalone_exact_mw,c63d9dbf283cbe8d7d2c9891770aca900c170ab5c3de0408fa399997170cec3d,"{""distance"":7,""physical_error_rate"":0.001}","{""detection_events"":6307734,""detectors_checked"":1619896320}"
   1297408,         0,         0,   120.0,standalone_exact_mw,20c8daca17953576b13a32f59e5f9cb54485b277119f4e6925e9023b8dd1f351,"{""distance"":7,""physical_error_rate"":0.002}","{""detection_events"":8127065,""detectors_checked"":1050900480}"
   1304576,         0,         0,   119.8,standalone_exact_mw,b0cacb7fc707c2734ebeeceefd47b6bd6784bf6b65d0613559eb8dd3ed8bcfbc,"{""distance"":7,""physical_error_rate"":0.0005}","{""detection_events"":2060163,""detectors_checked"":1056706560}"
    275614,         0,         0,    13.2,standalone_exact_mw,b0cacb7fc707c2734ebeeceefd47b6bd6784bf6b65d0613559eb8dd3ed8bcfbc,"{""distance"":7,""physical_error_rate"":0.0005}","{""detection_events"":434440,""detectors_checked"":223247340}"
   1355776,         0,         0,   119.8,standalone_exact_mw,b0cacb7fc707c2734ebeeceefd47b6bd6784bf6b65d0613559eb8dd3ed8bcfbc,"{""distance"":7,""physical_error_rate"":0.0005}","{""detection_events"":2144269,""detectors_checked"":1098178560}"
   1559552,         0,         0,   119.9,standalone_exact_mw,20c8daca17953576b13a32f59e5f9cb54485b277119f4e6925e9023b8dd1f351,"{""distance"":7,""physical_error_rate"":0.002}","{""detection_events"":9773366,""detectors_checked"":1263237120}"
   1768448,         0,         0,   119.9,standalone_exact_mw,20c8daca17953576b13a32f59e5f9cb54485b277119f4e6925e9023b8dd1f351,"{""distance"":7,""physical_error_rate"":0.002}","{""detection_events"":11081253,""detectors_checked"":1432442880}"
   1008640,         0,         0,   119.9,standalone_exact_mw,c63d9dbf283cbe8d7d2c9891770aca900c170ab5c3de0408fa399997170cec3d,"{""distance"":7,""physical_error_rate"":0.001}","{""detection_events"":3182842,""detectors_checked"":816998400}"
    748544,         0,         0,   119.9,standalone_exact_mw,20c8daca17953576b13a32f59e5f9cb54485b277119f4e6925e9023b8dd1f351,"{""distance"":7,""physical_error_rate"":0.002}","{""detection_events"":4690006,""detectors_checked"":606320640}"
   1383424,         0,         0,   119.8,standalone_exact_mw,b0cacb7fc707c2734ebeeceefd47b6bd6784bf6b65d0613559eb8dd3ed8bcfbc,"{""distance"":7,""physical_error_rate"":0.0005}","{""detection_events"":2186979,""detectors_checked"":1120573440}"
    755712,         0,         0,   119.8,standalone_exact_mw,20c8daca17953576b13a32f59e5f9cb54485b277119f4e6925e9023b8dd1f351,"{""distance"":7,""physical_error_rate"":0.002}","{""detection_events"":4734852,""detectors_checked"":612126720}"
   1392640,         0,         0,   119.8,standalone_exact_mw,b0cacb7fc707c2734ebeeceefd47b6bd6784bf6b65d0613559eb8dd3ed8bcfbc,"{""distance"":7,""physical_error_rate"":0.0005}","{""detection_events"":2201594,""detectors_checked"":1128038400}"
    953344,         0,         0,   120.0,standalone_exact_mw,c63d9dbf283cbe8d7d2c9891770aca900c170ab5c3de0408fa399997170cec3d,"{""distance"":7,""physical_error_rate"":0.001}","{""detection_events"":3004316,""detectors_checked"":772208640}"
    687104,         0,         0,   120.1,standalone_exact_mw,20c8daca17953576b13a32f59e5f9cb54485b277119f4e6925e9023b8dd1f351,"{""distance"":7,""physical_error_rate"":0.002}","{""detection_events"":4303889,""detectors_checked"":556554240}"
    652288,         0,         0,   120.1,standalone_exact_mw,20c8daca17953576b13a32f59e5f9cb54485b277119f4e6925e9023b8dd1f351,"{""distance"":7,""physical_error_rate"":0.002}","{""detection_events"":4082014,""detectors_checked"":528353280}"
    970752,         0,         0,   119.7,standalone_exact_mw,c63d9dbf283cbe8d7d2c9891770aca900c170ab5c3de0408fa399997170cec3d,"{""distance"":7,""physical_error_rate"":0.001}","{""detection_events"":3058442,""detectors_checked"":786309120}"
    892928,         0,         0,   119.9,standalone_exact_mw,c63d9dbf283cbe8d7d2c9891770aca900c170ab5c3de0408fa399997170cec3d,"{""distance"":7,""physical_error_rate"":0.001}","{""detection_events"":2814352,""detectors_checked"":723271680}"
    887808,         0,         0,   119.7,standalone_exact_mw,c63d9dbf283cbe8d7d2c9891770aca900c170ab5c3de0408fa399997170cec3d,"{""distance"":7,""physical_error_rate"":0.001}","{""detection_events"":2792812,""detectors_checked"":719124480}"
    647168,         0,         0,   120.0,standalone_exact_mw,20c8daca17953576b13a32f59e5f9cb54485b277119f4e6925e9023b8dd1f351,"{""distance"":7,""physical_error_rate"":0.002}","{""detection_events"":4053147,""detectors_checked"":524206080}"
   1265664,         0,         0,   119.7,standalone_exact_mw,b0cacb7fc707c2734ebeeceefd47b6bd6784bf6b65d0613559eb8dd3ed8bcfbc,"{""distance"":7,""physical_error_rate"":0.0005}","{""detection_events"":2002229,""detectors_checked"":1025187840}"
   1131520,         0,         0,   119.9,standalone_exact_mw,b0cacb7fc707c2734ebeeceefd47b6bd6784bf6b65d0613559eb8dd3ed8bcfbc,"{""distance"":7,""physical_error_rate"":0.0005}","{""detection_events"":1792711,""detectors_checked"":916531200}"
   1729536,         0,         0,   120.0,standalone_exact_mw,c63d9dbf283cbe8d7d2c9891770aca900c170ab5c3de0408fa399997170cec3d,"{""distance"":7,""physical_error_rate"":0.001}","{""detection_events"":5452763,""detectors_checked"":1400924160}"
    705536,         1,         0,   120.0,standalone_exact_mw,20c8daca17953576b13a32f59e5f9cb54485b277119f4e6925e9023b8dd1f351,"{""distance"":7,""physical_error_rate"":0.002}","{""detection_events"":4425836,""detectors_checked"":571484160,""obs_mistake_mask=E"":1}"
   1353728,         0,         0,   119.9,standalone_exact_mw,20c8daca17953576b13a32f59e5f9cb54485b277119f4e6925e9023b8dd1f351,"{""distance"":7,""physical_error_rate"":0.002}","{""detection_events"":8483561,""detectors_checked"":1096519680}"
   1274880,         0,         0,   119.9,standalone_exact_mw,c63d9dbf283cbe8d7d2c9891770aca900c170ab5c3de0408fa399997170cec3d,"{""distance"":7,""physical_error_rate"":0.001}","{""detection_events"":4019035,""detectors_checked"":1032652800}"
    991232,         0,         0,   120.0,standalone_exact_mw,c63d9dbf283cbe8d7d2c9891770aca900c170ab5c3de0408fa399997170cec3d,"{""distance"":7,""physical_error_rate"":0.001}","{""detection_events"":3122501,""detectors_checked"":802897920}"
   1735680,         1,         0,   119.9,standalone_exact_mw,20c8daca17953576b13a32f59e5f9cb54485b277119f4e6925e9023b8dd1f351,"{""distance"":7,""physical_error_rate"":0.002}","{""detection_events"":10879358,""detectors_checked"":1405900800,""obs_mistake_mask=E"":1}"
    858112,         0,         0,   119.7,standalone_exact_mw,b0cacb7fc707c2734ebeeceefd47b6bd6784bf6b65d0613559eb8dd3ed8bcfbc,"{""distance"":7,""physical_error_rate"":0.0005}","{""detection_events"":1357449,""detectors_checked"":695070720}"
   1048576,         0,         0,   119.8,standalone_exact_mw,c63d9dbf283cbe8d7d2c9891770aca900c170ab5c3de0408fa399997170cec3d,"{""distance"":7,""physical_error_rate"":0.001}","{""detection_events"":3303472,""detectors_checked"":849346560}"
    870400,         1,         0,   119.9,standalone_exact_mw,20c8daca17953576b13a32f59e5f9cb54485b277119f4e6925e9023b8dd1f351,"{""distance"":7,""physical_error_rate"":0.002}","{""detection_events"":5446865,""detectors_checked"":705024000,""obs_mistake_mask=E"":1}"
   1770496,         0,         0,   119.8,standalone_exact_mw,b0cacb7fc707c2734ebeeceefd47b6bd6784bf6b65d0613559eb8dd3ed8bcfbc,"{""distance"":7,""physical_error_rate"":0.0005}","{""detection_events"":2799624,""detectors_checked"":1434101760}"
   1185792,         0,         0,   119.7,standalone_exact_mw,b0cacb7fc707c2734ebeeceefd47b6bd6784bf6b65d0613559eb8dd3ed8bcfbc,"{""distance"":7,""physical_error_rate"":0.0005}","{""detection_events"":1875149,""detectors_checked"":960491520}"
   1600512,         0,         0,   119.7,standalone_exact_mw,b0cacb7fc707c2734ebeeceefd47b6bd6784bf6b65d0613559eb8dd3ed8bcfbc,"{""distance"":7,""physical_error_rate"":0.0005}","{""detection_events"":2530163,""detectors_checked"":1296414720}"
   1180672,         0,         0,   119.8,standalone_exact_mw,b0cacb7fc707c2734ebeeceefd47b6bd6784bf6b65d0613559eb8dd3ed8bcfbc,"{""distance"":7,""physical_error_rate"":0.0005}","{""detection_events"":1862693,""detectors_checked"":956344320}"
    743424,         0,         0,   120.0,standalone_exact_mw,20c8daca17953576b13a32f59e5f9cb54485b277119f4e6925e9023b8dd1f351,"{""distance"":7,""physical_error_rate"":0.002}","{""detection_events"":4658232,""detectors_checked"":602173440}"
   3488768,         0,         0,   119.8,standalone_exact_mw,b0cacb7fc707c2734ebeeceefd47b6bd6784bf6b65d0613559eb8dd3ed8bcfbc,"{""distance"":7,""physical_error_rate"":0.0005}","{""detection_events"":5506468,""detectors_checked"":2825902080}"
    978944,         0,         0,   119.8,standalone_exact_mw,c63d9dbf283cbe8d7d2c9891770aca900c170ab5c3de0408fa399997170cec3d,"{""distance"":7,""physical_error_rate"":0.001}","{""detection_events"":3089240,""detectors_checked"":792944640}"
    743424,         0,         0,   120.1,standalone_exact_mw,20c8daca17953576b13a32f59e5f9cb54485b277119f4e6925e9023b8dd1f351,"{""distance"":7,""physical_error_rate"":0.002}","{""detection_events"":4663044,""detectors_checked"":602173440}"
   1068032,         0,         0,   119.9,standalone_exact_mw,20c8daca17953576b13a32f59e5f9cb54485b277119f4e6925e9023b8dd1f351,"{""distance"":7,""physical_error_rate"":0.002}","{""detection_events"":6696618,""detectors_checked"":865105920}"
   1078272,         0,         0,   119.9,standalone_exact_mw,b0cacb7fc707c2734ebeeceefd47b6bd6784bf6b65d0613559eb8dd3ed8bcfbc,"{""distance"":7,""physical_error_rate"":0.0005}","{""detection_events"":1707566,""detectors_checked"":873400320}"
    916480,         0,         0,   120.0,standalone_exact_mw,20c8daca17953576b13a32f59e5f9cb54485b277119f4e6925e9023b8dd1f351,"{""distance"":7,""physical_error_rate"":0.002}","{""detection_events"":5741053,""detectors_checked"":742348800}"
   1002496,         0,         0,   119.9,standalone_exact_mw,c63d9dbf283cbe8d7d2c9891770aca900c170ab5c3de0408fa399997170cec3d,"{""distance"":7,""physical_error_rate"":0.001}","{""detection_events"":3159795,""detectors_checked"":812021760}"
   2601984,         0,         0,   119.9,standalone_exact_mw,c63d9dbf283cbe8d7d2c9891770aca900c170ab5c3de0408fa399997170cec3d,"{""distance"":7,""physical_error_rate"":0.001}","{""detection_events"":8197529,""detectors_checked"":2107607040}"
   2998272,         0,         0,   119.9,standalone_exact_mw,b0cacb7fc707c2734ebeeceefd47b6bd6784bf6b65d0613559eb8dd3ed8bcfbc,"{""distance"":7,""physical_error_rate"":0.0005}","{""detection_events"":4737522,""detectors_checked"":2428600320}"
   1300480,         0,         0,   119.9,standalone_exact_mw,c63d9dbf283cbe8d7d2c9891770aca900c170ab5c3de0408fa399997170cec3d,"{""distance"":7,""physical_error_rate"":0.001}","{""detection_events"":4099538,""detectors_checked"":1053388800}"
    989184,         0,         0,   119.9,standalone_exact_mw,c63d9dbf283cbe8d7d2c9891770aca900c170ab5c3de0408fa399997170cec3d,"{""distance"":7,""physical_error_rate"":0.001}","{""detection_events"":3122069,""detectors_checked"":801239040}"
   2563072,         0,         0,   119.9,standalone_exact_mw,c63d9dbf283cbe8d7d2c9891770aca900c170ab5c3de0408fa399997170cec3d,"{""distance"":7,""physical_error_rate"":0.001}","{""detection_events"":8078802,""detectors_checked"":2076088320}"
   1660928,         0,         0,   119.9,standalone_exact_mw,c63d9dbf283cbe8d7d2c9891770aca900c170ab5c3de0408fa399997170cec3d,"{""distance"":7,""physical_error_rate"":0.001}","{""detection_events"":5236485,""detectors_checked"":1345351680}"
    898048,         0,         0,   119.9,standalone_exact_mw,c63d9dbf283cbe8d7d2c9891770aca900c170ab5c3de0408fa399997170cec3d,"{""distance"":7,""physical_error_rate"":0.001}","{""detection_events"":2837289,""detectors_checked"":727418880}"
    702464,         0,         0,   120.0,standalone_exact_mw,20c8daca17953576b13a32f59e5f9cb54485b277119f4e6925e9023b8dd1f351,"{""distance"":7,""physical_error_rate"":0.002}","{""detection_events"":4400506,""detectors_checked"":568995840}"
   3476480,         0,         0,   119.8,standalone_exact_mw,b0cacb7fc707c2734ebeeceefd47b6bd6784bf6b65d0613559eb8dd3ed8bcfbc,"{""distance"":7,""physical_error_rate"":0.0005}","{""detection_events"":5493015,""detectors_checked"":2815948800}"
   1313792,         0,         0,   119.8,standalone_exact_mw,b0cacb7fc707c2734ebeeceefd47b6bd6784bf6b65d0613559eb8dd3ed8bcfbc,"{""distance"":7,""physical_error_rate"":0.0005}","{""detection_events"":2074677,""detectors_checked"":1064171520}"
   1618944,         1,         0,   119.9,standalone_exact_mw,20c8daca17953576b13a32f59e5f9cb54485b277119f4e6925e9023b8dd1f351,"{""distance"":7,""physical_error_rate"":0.002}","{""detection_events"":10144543,""detectors_checked"":1311344640,""obs_mistake_mask=E"":1}"
   2844672,         0,         0,   119.8,standalone_exact_mw,b0cacb7fc707c2734ebeeceefd47b6bd6784bf6b65d0613559eb8dd3ed8bcfbc,"{""distance"":7,""physical_error_rate"":0.0005}","{""detection_events"":4499811,""detectors_checked"":2304184320}"
   2688000,         0,         0,   119.8,standalone_exact_mw,b0cacb7fc707c2734ebeeceefd47b6bd6784bf6b65d0613559eb8dd3ed8bcfbc,"{""distance"":7,""physical_error_rate"":0.0005}","{""detection_events"":4248269,""detectors_checked"":2177280000}"
    869376,         0,         0,   119.9,standalone_exact_mw,20c8daca17953576b13a32f59e5f9cb54485b277119f4e6925e9023b8dd1f351,"{""distance"":7,""physical_error_rate"":0.002}","{""detection_events"":5453200,""detectors_checked"":704194560}"
   1936384,         0,         0,   119.9,standalone_exact_mw,c63d9dbf283cbe8d7d2c9891770aca900c170ab5c3de0408fa399997170cec3d,"{""distance"":7,""physical_error_rate"":0.001}","{""detection_events"":6114457,""detectors_checked"":1568471040}"
   3449856,         0,         0,   119.8,standalone_exact_mw,b0cacb7fc707c2734ebeeceefd47b6bd6784bf6b65d0613559eb8dd3ed8bcfbc,"{""distance"":7,""physical_error_rate"":0.0005}","{""detection_events"":5457217,""detectors_checked"":2794383360}"
   2094080,         0,         0,   119.9,standalone_exact_mw,c63d9dbf283cbe8d7d2c9891770aca900c170ab5c3de0408fa399997170cec3d,"{""distance"":7,""physical_error_rate"":0.001}","{""detection_events"":6598061,""detectors_checked"":1696204800}"
    721920,         0,         0,   119.9,standalone_exact_mw,20c8daca17953576b13a32f59e5f9cb54485b277119f4e6925e9023b8dd1f351,"{""distance"":7,""physical_error_rate"":0.002}","{""detection_events"":4527599,""detectors_checked"":584755200}"
   2523136,         0,         0,   119.9,standalone_exact_mw,c63d9dbf283cbe8d7d2c9891770aca900c170ab5c3de0408fa399997170cec3d,"{""distance"":7,""physical_error_rate"":0.001}","{""detection_events"":7957115,""detectors_checked"":2043740160}"
    735232,         0,         0,   120.0,standalone_exact_mw,20c8daca17953576b13a32f59e5f9cb54485b277119f4e6925e9023b8dd1f351,"{""distance"":7,""physical_error_rate"":0.002}","{""detection_events"":4606424,""detectors_checked"":595537920}"
    628736,         0,         0,   119.9,standalone_exact_mw,20c8daca17953576b13a32f59e5f9cb54485b277119f4e6925e9023b8dd1f351,"{""distance"":7,""physical_error_rate"":0.002}","{""detection_events"":3949216,""detectors_checked"":509276160}"
   2626560,         0,         0,   119.8,standalone_exact_mw,b0cacb7fc707c2734ebeeceefd47b6bd6784bf6b65d0613559eb8dd3ed8bcfbc,"{""distance"":7,""physical_error_rate"":0.0005}","{""detection_events"":4151197,""detectors_checked"":2127513600}"
   2112512,         0,         0,   119.9,standalone_exact_mw,c63d9dbf283cbe8d7d2c9891770aca900c170ab5c3de0408fa399997170cec3d,"{""distance"":7,""physical_error_rate"":0.001}","{""detection_events"":6655798,""detectors_checked"":1711134720}"
   1417216,         0,         0,   119.9,standalone_exact_mw,20c8daca17953576b13a32f59e5f9cb54485b277119f4e6925e9023b8dd1f351,"{""distance"":7,""physical_error_rate"":0.002}","{""detection_events"":8876363,""detectors_checked"":1147944960}"
   1208320,         0,         0,   119.8,standalone_exact_mw,b0cacb7fc707c2734ebeeceefd47b6bd6784bf6b65d0613559eb8dd3ed8bcfbc,"{""distance"":7,""physical_error_rate"":0.0005}","{""detection_events"":1911501,""detectors_checked"":978739200}"
   2461696,         0,         0,   119.8,standalone_exact_mw,b0cacb7fc707c2734ebeeceefd47b6bd6784bf6b65d0613559eb8dd3ed8bcfbc,"{""distance"":7,""physical_error_rate"":0.0005}","{""detection_events"":3888327,""detectors_checked"":1993973760}"
   1326080,         0,         0,   119.8,standalone_exact_mw,b0cacb7fc707c2734ebeeceefd47b6bd6784bf6b65d0613559eb8dd3ed8bcfbc,"{""distance"":7,""physical_error_rate"":0.0005}","{""detection_events"":2093541,""detectors_checked"":1074124800}"
   1551360,         0,         0,   119.9,standalone_exact_mw,20c8daca17953576b13a32f59e5f9cb54485b277119f4e6925e9023b8dd1f351,"{""distance"":7,""physical_error_rate"":0.002}","{""detection_events"":9723182,""detectors_checked"":1256601600}"
   1912832,         1,         0,   119.9,standalone_exact_mw,20c8daca17953576b13a32f59e5f9cb54485b277119f4e6925e9023b8dd1f351,"{""distance"":7,""physical_error_rate"":0.002}","{""detection_events"":11988189,""detectors_checked"":1549393920,""obs_mistake_mask=E"":1}"
    847872,         0,         0,   119.8,standalone_exact_mw,c63d9dbf283cbe8d7d2c9891770aca900c170ab5c3de0408fa399997170cec3d,"{""distance"":7,""physical_error_rate"":0.001}","{""detection_events"":2669749,""detectors_checked"":686776320}"
    757760,         0,         0,   119.8,standalone_exact_mw,20c8daca17953576b13a32f59e5f9cb54485b277119f4e6925e9023b8dd1f351,"{""distance"":7,""physical_error_rate"":0.002}","{""detection_events"":4746551,""detectors_checked"":613785600}"
   1260544,         0,         0,   119.8,standalone_exact_mw,b0cacb7fc707c2734ebeeceefd47b6bd6784bf6b65d0613559eb8dd3ed8bcfbc,"{""distance"":7,""physical_error_rate"":0.0005}","{""detection_events"":1991868,""detectors_checked"":1021040640}"
    700416,         0,         0,   119.8,standalone_exact_mw,20c8daca17953576b13a32f59e5f9cb54485b277119f4e6925e9023b8dd1f351,"{""distance"":7,""physical_error_rate"":0.002}","{""detection_events"":4382647,""detectors_checked"":567336960}"
   1464320,         0,         0,   119.7,standalone_exact_mw,b0cacb7fc707c2734ebeeceefd47b6bd6784bf6b65d0613559eb8dd3ed8bcfbc,"{""distance"":7,""physical_error_rate"":0.0005}","{""detection_events"":2316500,""detectors_checked"":1186099200}"
    993280,         0,         0,   119.8,standalone_exact_mw,c63d9dbf283cbe8d7d2c9891770aca900c170ab5c3de0408fa399997170cec3d,"{""distance"":7,""physical_error_rate"":0.001}","{""detection_events"":3134565,""detectors_checked"":804556800}"
    698368,         0,         0,   120.0,standalone_exact_mw,20c8daca17953576b13a32f59e5f9cb54485b277119f4e6925e9023b8dd1f351,"{""distance"":7,""physical_error_rate"":0.002}","{""detection_events"":4379595,""detectors_checked"":565678080}"
    745472,         0,         0,   119.9,standalone_exact_mw,20c8daca17953576b13a32f59e5f9cb54485b277119f4e6925e9023b8dd1f351,"{""distance"":7,""physical_error_rate"":0.002}","{""detection_events"":4673339,""detectors_checked"":603832320}"
   1099776,         0,         0,   119.9,standalone_exact_mw,c63d9dbf283cbe8d7d2c9891770aca900c170ab5c3de0408fa399997170cec3d,"{""distance"":7,""physical_error_rate"":0.001}","{""detection_events"":3466459,""detectors_checked"":890818560}"
    794624,         0,         0,   119.9,standalone_exact_mw,c63d9dbf283cbe8d7d2c9891770aca900c170ab5c3de0408fa399997170cec3d,"{""distance"":7,""physical_error_rate"":0.001}","{""detection_events"":2503851,""detectors_checked"":643645440}"
    970752,         0,         0,   119.7,standalone_exact_mw,c63d9dbf283cbe8d7d2c9891770aca900c170ab5c3de0408fa399997170cec3d,"{""distance"":7,""physical_error_rate"":0.001}","{""detection_events"":3055125,""detectors_checked"":786309120}"
    622592,         0,         0,   119.9,standalone_exact_mw,20c8daca17953576b13a32f59e5f9cb54485b277119f4e6925e9023b8dd1f351,"{""distance"":7,""physical_error_rate"":0.002}","{""detection_events"":3899977,""detectors_checked"":504299520}"
   1380352,         0,         0,   119.8,standalone_exact_mw,b0cacb7fc707c2734ebeeceefd47b6bd6784bf6b65d0613559eb8dd3ed8bcfbc,"{""distance"":7,""physical_error_rate"":0.0005}","{""detection_events"":2182923,""detectors_checked"":1118085120}"
   1101824,         0,         0,   119.8,standalone_exact_mw,b0cacb7fc707c2734ebeeceefd47b6bd6784bf6b65d0613559eb8dd3ed8bcfbc,"{""distance"":7,""physical_error_rate"":0.0005}","{""detection_events"":1738725,""detectors_checked"":892477440}"
   2033664,         0,         0,   119.9,standalone_exact_mw,c63d9dbf283cbe8d7d2c9891770aca900c170ab5c3de0408fa399997170cec3d,"{""distance"":7,""physical_error_rate"":0.001}","{""detection_events"":6409834,""detectors_checked"":1647267840}"
    681984,         0,         0,   119.9,standalone_exact_mw,20c8daca17953576b13a32f59e5f9cb54485b277119f4e6925e9023b8dd1f351,"{""distance"":7,""physical_error_rate"":0.002}","{""detection_events"":4275230,""detectors_checked"":552407040}"
   1623040,         0,         0,   120.0,standalone_exact_mw,20c8daca17953576b13a32f59e5f9cb54485b277119f4e6925e9023b8dd1f351,"{""distance"":7,""physical_error_rate"":0.002}","{""detection_events"":10169143,""detectors_checked"":1314662400}"
   1388544,         0,         0,   119.9,standalone_exact_mw,c63d9dbf283cbe8d7d2c9891770aca900c170ab5c3de0408fa399997170cec3d,"{""distance"":7,""physical_error_rate"":0.001}","{""detection_events"":4375304,""detectors_checked"":1124720640}"
    972800,         0,         0,   119.8,standalone_exact_mw,c63d9dbf283cbe8d7d2c9891770aca900c170ab5c3de0408fa399997170cec3d,"{""distance"":7,""physical_error_rate"":0.001}","{""detection_events"":3064323,""detectors_checked"":787968000}"
   1820672,         0,         0,   119.9,standalone_exact_mw,20c8daca17953576b13a32f59e5f9cb54485b277119f4e6925e9023b8dd1f351,"{""distance"":7,""physical_error_rate"":0.002}","{""detection_events"":11414721,""detectors_checked"":1474744320}"
    798720,         0,         0,   119.7,standalone_exact_mw,b0cacb7fc707c2734ebeeceefd47b6bd6784bf6b65d0613559eb8dd3ed8bcfbc,"{""distance"":7,""physical_error_rate"":0.0005}","{""detection_events"":1262763,""detectors_checked"":646963200}"
    998400,         0,         0,   119.9,standalone_exact_mw,c63d9dbf283cbe8d7d2c9891770aca900c170ab5c3de0408fa399997170cec3d,"{""distance"":7,""physical_error_rate"":0.001}","{""detection_events"":3145493,""detectors_checked"":808704000}"
    867328,         0,         0,   119.9,standalone_exact_mw,20c8daca17953576b13a32f59e5f9cb54485b277119f4e6925e9023b8dd1f351,"{""distance"":7,""physical_error_rate"":0.002}","{""detection_events"":5436769,""detectors_checked"":702535680}"
   1714176,         0,         0,   119.7,standalone_exact_mw,b0cacb7fc707c2734ebeeceefd47b6bd6784bf6b65d0613559eb8dd3ed8bcfbc,"{""distance"":7,""physical_error_rate"":0.0005}","{""detection_events"":2711931,""detectors_checked"":1388482560}"
   1378304,         0,         0,   119.8,standalone_exact_mw,b0cacb7fc707c2734ebeeceefd47b6bd6784bf6b65d0613559eb8dd3ed8bcfbc,"{""distance"":7,""physical_error_rate"":0.0005}","{""detection_events"":2175543,""detectors_checked"":1116426240}"
   1549312,         0,         0,   119.7,standalone_exact_mw,b0cacb7fc707c2734ebeeceefd47b6bd6784bf6b65d0613559eb8dd3ed8bcfbc,"{""distance"":7,""physical_error_rate"":0.0005}","{""detection_events"":2446980,""detectors_checked"":1254942720}"
   1117184,         0,         0,   119.8,standalone_exact_mw,b0cacb7fc707c2734ebeeceefd47b6bd6784bf6b65d0613559eb8dd3ed8bcfbc,"{""distance"":7,""physical_error_rate"":0.0005}","{""detection_events"":1767262,""detectors_checked"":904919040}"
    696320,         0,         0,   120.0,standalone_exact_mw,20c8daca17953576b13a32f59e5f9cb54485b277119f4e6925e9023b8dd1f351,"{""distance"":7,""physical_error_rate"":0.002}","{""detection_events"":4363467,""detectors_checked"":564019200}"
   3485696,         0,         0,   119.8,standalone_exact_mw,b0cacb7fc707c2734ebeeceefd47b6bd6784bf6b65d0613559eb8dd3ed8bcfbc,"{""distance"":7,""physical_error_rate"":0.0005}","{""detection_events"":5503756,""detectors_checked"":2823413760}"
    834560,         0,         0,   120.0,standalone_exact_mw,c63d9dbf283cbe8d7d2c9891770aca900c170ab5c3de0408fa399997170cec3d,"{""distance"":7,""physical_error_rate"":0.001}","{""detection_events"":2633837,""detectors_checked"":675993600}"
    781312,         0,         0,   120.0,standalone_exact_mw,20c8daca17953576b13a32f59e5f9cb54485b277119f4e6925e9023b8dd1f351,"{""distance"":7,""physical_error_rate"":0.002}","{""detection_events"":4889800,""detectors_checked"":632862720}"
   1049600,         0,         0,   119.8,standalone_exact_mw,20c8daca17953576b13a32f59e5f9cb54485b277119f4e6925e9023b8dd1f351,"{""distance"":7,""physical_error_rate"":0.002}","{""detection_events"":6572625,""detectors_checked"":850176000}"
   1180672,         0,         0,   119.8,standalone_exact_mw,b0cacb7fc707c2734ebeeceefd47b6bd6784bf6b65d0613559eb8dd3ed8bcfbc,"{""distance"":7,""physical_error_rate"":0.0005}","{""detection_events"":1865614,""detectors_checked"":956344320}"
    890880,         0,         0,   119.8,standalone_exact_mw,20c8daca17953576b13a32f59e5f9cb54485b277119f4e6925e9023b8dd1f351,"{""distance"":7,""physical_error_rate"":0.002}","{""detection_events"":5583660,""detectors_checked"":721612800}"
    903168,         0,         0,   119.8,standalone_exact_mw,c63d9dbf283cbe8d7d2c9891770aca900c170ab5c3de0408fa399997170cec3d,"{""distance"":7,""physical_error_rate"":0.001}","{""detection_events"":2845938,""detectors_checked"":731566080}"
   2604032,         0,         0,   119.9,standalone_exact_mw,c63d9dbf283cbe8d7d2c9891770aca900c170ab5c3de0408fa399997170cec3d,"{""distance"":7,""physical_error_rate"":0.001}","{""detection_events"":8206990,""detectors_checked"":2109265920}"
   1970176,         0,         0,   119.8,standalone_exact_mw,b0cacb7fc707c2734ebeeceefd47b6bd6784bf6b65d0613559eb8dd3ed8bcfbc,"{""distance"":7,""physical_error_rate"":0.0005}","{""detection_events"":3115440,""detectors_checked"":1595842560}"
   1254400,         0,         0,   119.8,standalone_exact_mw,c63d9dbf283cbe8d7d2c9891770aca900c170ab5c3de0408fa399997170cec3d,"{""distance"":7,""physical_error_rate"":0.001}","{""detection_events"":3949373,""detectors_checked"":1016064000}"
   1002496,         0,         0,   119.9,standalone_exact_mw,c63d9dbf283cbe8d7d2c9891770aca900c170ab5c3de0408fa399997170cec3d,"{""distance"":7,""physical_error_rate"":0.001}","{""detection_events"":3167921,""detectors_checked"":812021760}"
   2560000,         0,         0,   119.9,standalone_exact_mw,c63d9dbf283cbe8d7d2c9891770aca900c170ab5c3de0408fa399997170cec3d,"{""distance"":7,""physical_error_rate"":0.001}","{""detection_events"":8068551,""detectors_checked"":2073600000}"
   2130944,         1,         0,   119.9,standalone_exact_mw,c63d9dbf283cbe8d7d2c9891770aca900c170ab5c3de0408fa399997170cec3d,"{""distance"":7,""physical_error_rate"":0.001}","{""detection_events"":6722826,""detectors_checked"":1726064640,""obs_mistake_mask=E"":1}"
    947200,         0,         0,   119.9,standalone_exact_mw,c63d9dbf283cbe8d7d2c9891770aca900c170ab5c3de0408fa399997170cec3d,"{""distance"":7,""physical_error_rate"":0.001}","{""detection_events"":2989526,""detectors_checked"":767232000}"
    835584,         0,         0,   119.9,standalone_exact_mw,20c8daca17953576b13a32f59e5f9cb54485b277119f4e6925e9023b8dd1f351,"{""distance"":7,""physical_error_rate"":0.002}","{""detection_events"":5235953,""detectors_checked"":676823040}"
   3476480,         0,         0,   119.8,standalone_exact_mw,b0cacb7fc707c2734ebeeceefd47b6bd6784bf6b65d0613559eb8dd3ed8bcfbc,"{""distance"":7,""physical_error_rate"":0.0005}","{""detection_events"":5489191,""detectors_checked"":2815948800}"
   1200128,         0,         0,   119.9,standalone_exact_mw,b0cacb7fc707c2734ebeeceefd47b6bd6784bf6b65d0613559eb8dd3ed8bcfbc,"{""distance"":7,""physical_error_rate"":0.0005}","{""detection_events"":1896968,""detectors_checked"":972103680}"
   1067008,         0,         0,   119.9,standalone_exact_mw,20c8daca17953576b13a32f59e5f9cb54485b277119f4e6925e9023b8dd1f351,"{""distance"":7,""physical_error_rate"":0.002}","{""detection_events"":6688500,""detectors_checked"":864276480}"
   1867776,         0,         0,   119.8,standalone_exact_mw,b0cacb7fc707c2734ebeeceefd47b6bd6784bf6b65d0613559eb8dd3ed8bcfbc,"{""distance"":7,""physical_error_rate"":0.0005}","{""detection_events"":2944048,""detectors_checked"":1512898560}"
   1697792,         0,         0,   119.8,standalone_exact_mw,b0cacb7fc707c2734ebeeceefd47b6bd6784bf6b65d0613559eb8dd3ed8bcfbc,"{""distance"":7,""physical_error_rate"":0.0005}","{""detection_events"":2684233,""detectors_checked"":1375211520}"
   1002496,         0,         0,   119.9,standalone_exact_mw,20c8daca17953576b13a32f59e5f9cb54485b277119f4e6925e9023b8dd1f351,"{""distance"":7,""physical_error_rate"":0.002}","{""detection_events"":6285559,""detectors_checked"":812021760}"
   2244608,         0,         0,   119.9,standalone_exact_mw,c63d9dbf283cbe8d7d2c9891770aca900c170ab5c3de0408fa399997170cec3d,"{""distance"":7,""physical_error_rate"":0.001}","{""detection_events"":7081840,""detectors_checked"":1818132480}"
   3432448,         0,         0,   119.9,standalone_exact_mw,b0cacb7fc707c2734ebeeceefd47b6bd6784bf6b65d0613559eb8dd3ed8bcfbc,"{""distance"":7,""physical_error_rate"":0.0005}","{""detection_events"":5427323,""detectors_checked"":2780282880}"
   1288192,         0,         0,   119.9,standalone_exact_mw,c63d9dbf283cbe8d7d2c9891770aca900c170ab5c3de0408fa399997170cec3d,"{""distance"":7,""physical_error_rate"":0.001}","{""detection_events"":4054798,""detectors_checked"":1043435520}"
    662528,         0,         0,   119.8,standalone_exact_mw,20c8daca17953576b13a32f59e5f9cb54485b277119f4e6925e9023b8dd1f351,"{""distance"":7,""physical_error_rate"":0.002}","{""detection_events"":4152260,""detectors_checked"":536647680}"
   2525184,         0,         0,   119.9,standalone_exact_mw,c63d9dbf283cbe8d7d2c9891770aca900c170ab5c3de0408fa399997170cec3d,"{""distance"":7,""physical_error_rate"":0.001}","{""detection_events"":7948996,""detectors_checked"":2045399040}"
    659456,         0,         0,   119.9,standalone_exact_mw,20c8daca17953576b13a32f59e5f9cb54485b277119f4e6925e9023b8dd1f351,"{""distance"":7,""physical_error_rate"":0.002}","{""detection_events"":4135617,""detectors_checked"":534159360}"
   3187712,         0,         0,   119.8,standalone_exact_mw,b0cacb7fc707c2734ebeeceefd47b6bd6784bf6b65d0613559eb8dd3ed8bcfbc,"{""distance"":7,""physical_error_rate"":0.0005}","{""detection_events"":5037027,""detectors_checked"":2582046720}"
   1255424,         0,         0,   119.9,standalone_exact_mw,c63d9dbf283cbe8d7d2c9891770aca900c170ab5c3de0408fa399997170cec3d,"{""distance"":7,""physical_error_rate"":0.001}","{""detection_events"":3954342,""detectors_checked"":1016893440}"
    673792,         0,         0,   119.9,standalone_exact_mw,20c8daca17953576b13a32f59e5f9cb54485b277119f4e6925e9023b8dd1f351,"{""distance"":7,""physical_error_rate"":0.002}","{""detection_events"":4219441,""detectors_checked"":545771520}"
   1736704,         0,         0,   119.9,standalone_exact_mw,20c8daca17953576b13a32f59e5f9cb54485b277119f4e6925e9023b8dd1f351,"{""distance"":7,""physical_error_rate"":0.002}","{""detection_events"":10877449,""detectors_checked"":1406730240}"
   1413120,         0,         0,   119.8,standalone_exact_mw,b0cacb7fc707c2734ebeeceefd47b6bd6784bf6b65d0613559eb8dd3ed8bcfbc,"{""distance"":7,""physical_error_rate"":0.0005}","{""detection_events"":2234243,""detectors_checked"":1144627200}"
   3171328,         0,         0,   119.9,standalone_exact_mw,b0cacb7fc707c2734ebeeceefd47b6bd6784bf6b65d0613559eb8dd3ed8bcfbc,"{""distance"":7,""physical_error_rate"":0.0005}","{""detection_events"":5007288,""detectors_checked"":2568775680}"
   1457152,         0,         0,   119.7,standalone_exact_mw,b0cacb7fc707c2734ebeeceefd47b6bd6784bf6b65d0613559eb8dd3ed8bcfbc,"{""distance"":7,""physical_error_rate"":0.0005}","{""detection_events"":2304071,""detectors_checked"":1180293120}"
    978944,         0,         0,   119.9,standalone_exact_mw,20c8daca17953576b13a32f59e5f9cb54485b277119f4e6925e9023b8dd1f351,"{""distance"":7,""physical_error_rate"":0.002}","{""detection_events"":6127903,""detectors_checked"":792944640}"
   1904640,         0,         0,   119.9,standalone_exact_mw,20c8daca17953576b13a32f59e5f9cb54485b277119f4e6925e9023b8dd1f351,"{""distance"":7,""physical_error_rate"":0.002}","{""detection_events"":11932921,""detectors_checked"":1542758400}"
   1081344,         0,         0,   119.7,standalone_exact_mw,c63d9dbf283cbe8d7d2c9891770aca900c170ab5c3de0408fa399997170cec3d,"{""distance"":7,""physical_error_rate"":0.001}","{""detection_events"":3411420,""detectors_checked"":875888640}"
    811008,         0,         0,   119.9,standalone_exact_mw,20c8daca17953576b13a32f59e5f9cb54485b277119f4e6925e9023b8dd1f351,"{""distance"":7,""physical_error_rate"":0.002}","{""detection_events"":5082719,""detectors_checked"":656916480}"
   1369088,         0,         0,   119.8,standalone_exact_mw,b0cacb7fc707c2734ebeeceefd47b6bd6784bf6b65d0613559eb8dd3ed8bcfbc,"{""distance"":7,""physical_error_rate"":0.0005}","{""detection_events"":2159610,""detectors_checked"":1108961280}"
    854016,         0,         0,   120.0,standalone_exact_mw,20c8daca17953576b13a32f59e5f9cb54485b277119f4e6925e9023b8dd1f351,"{""distance"":7,""physical_error_rate"":0.002}","{""detection_events"":5348088,""detectors_checked"":691752960}"
   1500160,         0,         0,   119.8,standalone_exact_mw,b0cacb7fc707c2734ebeeceefd47b6bd6784bf6b65d0613559eb8dd3ed8bcfbc,"{""distance"":7,""physical_error_rate"":0.0005}","{""detection_events"":2370384,""detectors_checked"":1215129600}"
   1006592,         0,         0,   119.8,standalone_exact_mw,c63d9dbf283cbe8d7d2c9891770aca900c170ab5c3de0408fa399997170cec3d,"{""distance"":7,""physical_error_rate"":0.001}","{""detection_events"":3177644,""detectors_checked"":815339520}"
    665600,         0,         0,   119.9,standalone_exact_mw,20c8daca17953576b13a32f59e5f9cb54485b277119f4e6925e9023b8dd1f351,"{""distance"":7,""physical_error_rate"":0.002}","{""detection_events"":4174490,""detectors_checked"":539136000}"
    894976,         1,         0,   119.9,standalone_exact_mw,20c8daca17953576b13a32f59e5f9cb54485b277119f4e6925e9023b8dd1f351,"{""distance"":7,""physical_error_rate"":0.002}","{""detection_events"":5605538,""detectors_checked"":724930560,""obs_mistake_mask=E"":1}"
   1215488,         0,         0,   119.9,standalone_exact_mw,c63d9dbf283cbe8d7d2c9891770aca900c170ab5c3de0408fa399997170cec3d,"{""distance"":7,""physical_error_rate"":0.001}","{""detection_events"":3832261,""detectors_checked"":984545280}"
    891904,         0,         0,   119.8,standalone_exact_mw,c63d9dbf283cbe8d7d2c9891770aca900c170ab5c3de0408fa399997170cec3d,"{""distance"":7,""physical_error_rate"":0.001}","{""detection_events"":2812705,""detectors_checked"":722442240}"
    975872,         0,         0,   119.8,standalone_exact_mw,c63d9dbf283cbe8d7d2c9891770aca900c170ab5c3de0408fa399997170cec3d,"{""distance"":7,""physical_error_rate"":0.001}","{""detection_events"":3076443,""detectors_checked"":790456320}"
    716800,         0,         0,   120.0,standalone_exact_mw,20c8daca17953576b13a32f59e5f9cb54485b277119f4e6925e9023b8dd1f351,"{""distance"":7,""physical_error_rate"":0.002}","{""detection_events"":4494016,""detectors_checked"":580608000}"
   1277952,         0,         0,   119.8,standalone_exact_mw,b0cacb7fc707c2734ebeeceefd47b6bd6784bf6b65d0613559eb8dd3ed8bcfbc,"{""distance"":7,""physical_error_rate"":0.0005}","{""detection_events"":2019884,""detectors_checked"":1035141120}"
   1222656,         0,         0,   119.8,standalone_exact_mw,b0cacb7fc707c2734ebeeceefd47b6bd6784bf6b65d0613559eb8dd3ed8bcfbc,"{""distance"":7,""physical_error_rate"":0.0005}","{""detection_events"":1934302,""detectors_checked"":990351360}"
   2320384,         0,         0,   119.9,standalone_exact_mw,c63d9dbf283cbe8d7d2c9891770aca900c170ab5c3de0408fa399997170cec3d,"{""distance"":7,""physical_error_rate"":0.001}","{""detection_events"":7310190,""detectors_checked"":1879511040}"
    683008,         0,         0,   120.2,standalone_exact_mw,20c8daca17953576b13a32f59e5f9cb54485b277119f4e6925e9023b8dd1f351,"{""distance"":7,""physical_error_rate"":0.002}","{""detection_events"":4273993,""detectors_checked"":553236480}"
   1676288,         0,         0,   119.9,standalone_exact_mw,20c8daca17953576b13a32f59e5f9cb54485b277119f4e6925e9023b8dd1f351,"{""distance"":7,""physical_error_rate"":0.002}","{""detection_events"":10499842,""detectors_checked"":1357793280}"
   1302528,         0,         0,   119.8,standalone_exact_mw,c63d9dbf283cbe8d7d2c9891770aca900c170ab5c3de0408fa399997170cec3d,"{""distance"":7,""physical_error_rate"":0.001}","{""detection_events"":4106913,""detectors_checked"":1055047680}"
   1112064,         0,         0,   119.8,standalone_exact_mw,c63d9dbf283cbe8d7d2c9891770aca900c170ab5c3de0408fa399997170cec3d,"{""distance"":7,""physical_error_rate"":0.001}","{""detection_events"":3508407,""detectors_checked"":900771840}"
   1814528,         0,         0,   119.9,standalone_exact_mw,20c8daca17953576b13a32f59e5f9cb54485b277119f4e6925e9023b8dd1f351,"{""distance"":7,""physical_error_rate"":0.002}","{""detection_events"":11361803,""detectors_checked"":1469767680}"
    790528,         0,         0,   119.9,standalone_exact_mw,b0cacb7fc707c2734ebeeceefd47b6bd6784bf6b65d0613559eb8dd3ed8bcfbc,"{""distance"":7,""physical_error_rate"":0.0005}","{""detection_events"":1253144,""detectors_checked"":640327680}"
    990208,         0,         0,   119.8,standalone_exact_mw,c63d9dbf283cbe8d7d2c9891770aca900c170ab5c3de0408fa399997170cec3d,"{""distance"":7,""physical_error_rate"":0.001}","{""detection_events"":3122855,""detectors_checked"":802068480}"
    908288,         0,         0,   119.9,standalone_exact_mw,20c8daca17953576b13a32f59e5f9cb54485b277119f4e6925e9023b8dd1f351,"{""distance"":7,""physical_error_rate"":0.002}","{""detection_events"":5689859,""detectors_checked"":735713280}"
   1723392,         0,         0,   119.8,standalone_exact_mw,b0cacb7fc707c2734ebeeceefd47b6bd6784bf6b65d0613559eb8dd3ed8bcfbc,"{""distance"":7,""physical_error_rate"":0.0005}","{""detection_events"":2724198,""detectors_checked"":1395947520}"
   1336320,         0,         0,   119.7,standalone_exact_mw,b0cacb7fc707c2734ebeeceefd47b6bd6784bf6b65d0613559eb8dd3ed8bcfbc,"{""distance"":7,""physical_error_rate"":0.0005}","{""detection_events"":2113634,""detectors_checked"":1082419200}"
   1685504,         0,         0,   119.7,standalone_exact_mw,b0cacb7fc707c2734ebeeceefd47b6bd6784bf6b65d0613559eb8dd3ed8bcfbc,"{""distance"":7,""physical_error_rate"":0.0005}","{""detection_events"":2667434,""detectors_checked"":1365258240}"
   1315840,         0,         0,   119.8,standalone_exact_mw,b0cacb7fc707c2734ebeeceefd47b6bd6784bf6b65d0613559eb8dd3ed8bcfbc,"{""distance"":7,""physical_error_rate"":0.0005}","{""detection_events"":2082004,""detectors_checked"":1065830400}"
    695296,         0,         0,   119.9,standalone_exact_mw,20c8daca17953576b13a32f59e5f9cb54485b277119f4e6925e9023b8dd1f351,"{""distance"":7,""physical_error_rate"":0.002}","{""detection_events"":4358314,""detectors_checked"":563189760}"
   3448832,         0,         0,   119.8,standalone_exact_mw,b0cacb7fc707c2734ebeeceefd47b6bd6784bf6b65d0613559eb8dd3ed8bcfbc,"{""distance"":7,""physical_error_rate"":0.0005}","{""detection_events"":5447899,""detectors_checked"":2793553920}"
    999424,         0,         0,   119.8,standalone_exact_mw,c63d9dbf283cbe8d7d2c9891770aca900c170ab5c3de0408fa399997170cec3d,"{""distance"":7,""physical_error_rate"":0.001}","{""detection_events"":3149811,""detectors_checked"":809533440}"
    660480,         0,         0,   120.1,standalone_exact_mw,20c8daca17953576b13a32f59e5f9cb54485b277119f4e6925e9023b8dd1f351,"{""distance"":7,""physical_error_rate"":0.002}","{""detection_events"":4136964,""detectors_checked"":534988800}"
   1015808,         0,         0,   119.9,standalone_exact_mw,20c8daca17953576b13a32f59e5f9cb54485b277119f4e6925e9023b8dd1f351,"{""distance"":7,""physical_error_rate"":0.002}","{""detection_events"":6354752,""detectors_checked"":822804480}"
   1191936,         0,         0,   119.7,standalone_exact_mw,b0cacb7fc707c2734ebeeceefd47b6bd6784bf6b65d0613559eb8dd3ed8bcfbc,"{""distance"":7,""physical_error_rate"":0.0005}","{""detection_events"":1885620,""detectors_checked"":965468160}"
    998400,         0,         0,   120.0,standalone_exact_mw,20c8daca17953576b13a32f59e5f9cb54485b277119f4e6925e9023b8dd1f351,"{""distance"":7,""physical_error_rate"":0.002}","{""detection_events"":6252218,""detectors_checked"":808704000}"
   1035264,         0,         0,   119.8,standalone_exact_mw,c63d9dbf283cbe8d7d2c9891770aca900c170ab5c3de0408fa399997170cec3d,"{""distance"":7,""physical_error_rate"":0.001}","{""detection_events"":3261072,""detectors_checked"":838563840}"
   2456576,         0,         0,   119.9,standalone_exact_mw,c63d9dbf283cbe8d7d2c9891770aca900c170ab5c3de0408fa399997170cec3d,"{""distance"":7,""physical_error_rate"":0.001}","{""detection_events"":7740372,""detectors_checked"":1989826560}"
    312601,         0,         0,    12.5,standalone_exact_mw,b0cacb7fc707c2734ebeeceefd47b6bd6784bf6b65d0613559eb8dd3ed8bcfbc,"{""distance"":7,""physical_error_rate"":0.0005}","{""detection_events"":494361,""detectors_checked"":253206810}"
   1766400,         0,         0,   119.9,standalone_exact_mw,b0cacb7fc707c2734ebeeceefd47b6bd6784bf6b65d0613559eb8dd3ed8bcfbc,"{""distance"":7,""physical_error_rate"":0.0005}","{""detection_events"":2795229,""detectors_checked"":1430784000}"
   1282048,         0,         0,   119.9,standalone_exact_mw,c63d9dbf283cbe8d7d2c9891770aca900c170ab5c3de0408fa399997170cec3d,"{""distance"":7,""physical_error_rate"":0.001}","{""detection_events"":4036413,""detectors_checked"":1038458880}"
   2396160,         0,         0,   120.0,standalone_exact_mw,c63d9dbf283cbe8d7d2c9891770aca900c170ab5c3de0408fa399997170cec3d,"{""distance"":7,""physical_error_rate"":0.001}","{""detection_events"":7557613,""detectors_checked"":1940889600}"
    880640,         0,         0,   119.8,standalone_exact_mw,c63d9dbf283cbe8d7d2c9891770aca900c170ab5c3de0408fa399997170cec3d,"{""distance"":7,""physical_error_rate"":0.001}","{""detection_events"":2779613,""detectors_checked"":713318400}"
   2244608,         0,         0,   119.9,standalone_exact_mw,c63d9dbf283cbe8d7d2c9891770aca900c170ab5c3de0408fa399997170cec3d,"{""distance"":7,""physical_error_rate"":0.001}","{""detection_events"":7074092,""detectors_checked"":1818132480}"
   1115136,         0,         0,   119.7,standalone_exact_mw,c63d9dbf283cbe8d7d2c9891770aca900c170ab5c3de0408fa399997170cec3d,"{""distance"":7,""physical_error_rate"":0.001}","{""detection_events"":3511654,""detectors_checked"":903260160}"
    745472,         0,         0,   119.9,standalone_exact_mw,20c8daca17953576b13a32f59e5f9cb54485b277119f4e6925e9023b8dd1f351,"{""distance"":7,""physical_error_rate"":0.002}","{""detection_events"":4668849,""detectors_checked"":603832320}"
   3102720,         0,         0,   119.8,standalone_exact_mw,b0cacb7fc707c2734ebeeceefd47b6bd6784bf6b65d0613559eb8dd3ed8bcfbc,"{""distance"":7,""physical_error_rate"":0.0005}","{""detection_events"":4905385,""detectors_checked"":2513203200}"
   1452032,         0,         0,   119.7,standalone_exact_mw,b0cacb7fc707c2734ebeeceefd47b6bd6784bf6b65d0613559eb8dd3ed8bcfbc,"{""distance"":7,""physical_error_rate"":0.0005}","{""detection_events"":2291418,""detectors_checked"":1176145920}"
   1045504,         0,         0,   120.0,standalone_exact_mw,20c8daca17953576b13a32f59e5f9cb54485b277119f4e6925e9023b8dd1f351,"{""distance"":7,""physical_error_rate"":0.002}","{""detection_events"":6554447,""detectors_checked"":846858240}"
   1755136,         0,         0,   119.8,standalone_exact_mw,b0cacb7fc707c2734ebeeceefd47b6bd6784bf6b65d0613559eb8dd3ed8bcfbc,"{""distance"":7,""physical_error_rate"":0.0005}","{""detection_events"":2772878,""detectors_checked"":1421660160}"
   1779712,         0,         0,   119.9,standalone_exact_mw,b0cacb7fc707c2734ebeeceefd47b6bd6784bf6b65d0613559eb8dd3ed8bcfbc,"{""distance"":7,""physical_error_rate"":0.0005}","{""detection_events"":2810624,""detectors_checked"":1441566720}"
    988160,         1,         0,   119.9,standalone_exact_mw,20c8daca17953576b13a32f59e5f9cb54485b277119f4e6925e9023b8dd1f351,"{""distance"":7,""physical_error_rate"":0.002}","{""detection_events"":6190003,""detectors_checked"":800409600,""obs_mistake_mask=E"":1}"
   2358272,         0,         0,   119.8,standalone_exact_mw,c63d9dbf283cbe8d7d2c9891770aca900c170ab5c3de0408fa399997170cec3d,"{""distance"":7,""physical_error_rate"":0.001}","{""detection_events"":7430981,""detectors_checked"":1910200320}"
   2989056,         0,         0,   119.8,standalone_exact_mw,b0cacb7fc707c2734ebeeceefd47b6bd6784bf6b65d0613559eb8dd3ed8bcfbc,"{""distance"":7,""physical_error_rate"":0.0005}","{""detection_events"":4727514,""detectors_checked"":2421135360}"
   1364992,         0,         0,   119.9,standalone_exact_mw,c63d9dbf283cbe8d7d2c9891770aca900c170ab5c3de0408fa399997170cec3d,"{""distance"":7,""physical_error_rate"":0.001}","{""detection_events"":4301723,""detectors_checked"":1105643520}"
    816128,         0,         0,   120.0,standalone_exact_mw,20c8daca17953576b13a32f59e5f9cb54485b277119f4e6925e9023b8dd1f351,"{""distance"":7,""physical_error_rate"":0.002}","{""detection_events"":5110138,""detectors_checked"":661063680}"
   2231296,         0,         0,   119.9,standalone_exact_mw,c63d9dbf283cbe8d7d2c9891770aca900c170ab5c3de0408fa399997170cec3d,"{""distance"":7,""physical_error_rate"":0.001}","{""detection_events"":7034717,""detectors_checked"":1807349760}"
    613376,         1,         0,   119.9,standalone_exact_mw,20c8daca17953576b13a32f59e5f9cb54485b277119f4e6925e9023b8dd1f351,"{""distance"":7,""physical_error_rate"":0.002}","{""detection_events"":3836208,""detectors_checked"":496834560,""obs_mistake_mask=E"":1}"
   3019776,         0,         0,   119.8,standalone_exact_mw,b0cacb7fc707c2734ebeeceefd47b6bd6784bf6b65d0613559eb8dd3ed8bcfbc,"{""distance"":7,""physical_error_rate"":0.0005}","{""detection_events"":4772993,""detectors_checked"":2446018560}"
   1319936,         0,         0,   119.8,standalone_exact_mw,c63d9dbf283cbe8d7d2c9891770aca900c170ab5c3de0408fa399997170cec3d,"{""distance"":7,""physical_error_rate"":0.001}","{""detection_events"":4164506,""detectors_checked"":1069148160}"
    891904,         0,         0,   119.9,standalone_exact_mw,20c8daca17953576b13a32f59e5f9cb54485b277119f4e6925e9023b8dd1f351,"{""distance"":7,""physical_error_rate"":0.002}","{""detection_events"":5590524,""detectors_checked"":722442240}"
   1761280,         0,         0,   119.9,standalone_exact_mw,20c8daca17953576b13a32f59e5f9cb54485b277119f4e6925e9023b8dd1f351,"{""distance"":7,""physical_error_rate"":0.002}","{""detection_events"":11034565,""detectors_checked"":1426636800}"
   1316864,         0,         0,   119.9,standalone_exact_mw,b0cacb7fc707c2734ebeeceefd47b6bd6784bf6b65d0613559eb8dd3ed8bcfbc,"{""distance"":7,""physical_error_rate"":0.0005}","{""detection_events"":2082962,""detectors_checked"":1066659840}"
   3038208,         0,         0,   119.8,standalone_exact_mw,b0cacb7fc707c2734ebeeceefd47b6bd6784bf6b65d0613559eb8dd3ed8bcfbc,"{""distance"":7,""physical_error_rate"":0.0005}","{""detection_events"":4804159,""detectors_checked"":2460948480}"
   1546240,         0,         0,   119.8,standalone_exact_mw,b0cacb7fc707c2734ebeeceefd47b6bd6784bf6b65d0613559eb8dd3ed8bcfbc,"{""distance"":7,""physical_error_rate"":0.0005}","{""detection_events"":2445530,""detectors_checked"":1252454400}"
    989184,         0,         0,   120.0,standalone_exact_mw,20c8daca17953576b13a32f59e5f9cb54485b277119f4e6925e9023b8dd1f351,"{""distance"":7,""physical_error_rate"":0.002}","{""detection_events"":6196255,""detectors_checked"":801239040}"
   1591296,         0,         0,   120.0,standalone_exact_mw,20c8daca17953576b13a32f59e5f9cb54485b277119f4e6925e9023b8dd1f351,"{""distance"":7,""physical_error_rate"":0.002}","{""detection_events"":9969804,""detectors_checked"":1288949760}"
    962560,         0,         0,   119.9,standalone_exact_mw,c63d9dbf283cbe8d7d2c9891770aca900c170ab5c3de0408fa399997170cec3d,"{""distance"":7,""physical_error_rate"":0.001}","{""detection_events"":3030373,""detectors_checked"":779673600}"
    755712,         0,         0,   120.1,standalone_exact_mw,20c8daca17953576b13a32f59e5f9cb54485b277119f4e6925e9023b8dd1f351,"{""distance"":7,""physical_error_rate"":0.002}","{""detection_events"":4737864,""detectors_checked"":612126720}"
   1490944,         0,         0,   119.8,standalone_exact_mw,b0cacb7fc707c2734ebeeceefd47b6bd6784bf6b65d0613559eb8dd3ed8bcfbc,"{""distance"":7,""physical_error_rate"":0.0005}","{""detection_events"":2359511,""detectors_checked"":1207664640}"
    860160,         0,         0,   119.8,standalone_exact_mw,20c8daca17953576b13a32f59e5f9cb54485b277119f4e6925e9023b8dd1f351,"{""distance"":7,""physical_error_rate"":0.002}","{""detection_events"":5384411,""detectors_checked"":696729600}"
   1614848,         0,         0,   119.7,standalone_exact_mw,b0cacb7fc707c2734ebeeceefd47b6bd6784bf6b65d0613559eb8dd3ed8bcfbc,"{""distance"":7,""physical_error_rate"":0.0005}","{""detection_events"":2554877,""detectors_checked"":1308026880}"
    924672,         0,         0,   119.7,standalone_exact_mw,c63d9dbf283cbe8d7d2c9891770aca900c170ab5c3de0408fa399997170cec3d,"{""distance"":7,""physical_error_rate"":0.001}","{""detection_events"":2913514,""detectors_checked"":748984320}"
    805888,         0,         0,   120.0,standalone_exact_mw,20c8daca17953576b13a32f59e5f9cb54485b277119f4e6925e9023b8dd1f351,"{""distance"":7,""physical_error_rate"":0.002}","{""detection_events"":5046721,""detectors_checked"":652769280}"
    846848,         1,         0,   119.9,standalone_exact_mw,20c8daca17953576b13a32f59e5f9cb54485b277119f4e6925e9023b8dd1f351,"{""distance"":7,""physical_error_rate"":0.002}","{""detection_events"":5305909,""detectors_checked"":685946880,""obs_mistake_mask=E"":1}"
   1000448,         0,         0,   119.9,standalone_exact_mw,c63d9dbf283cbe8d7d2c9891770aca900c170ab5c3de0408fa399997170cec3d,"{""distance"":7,""physical_error_rate"":0.001}","{""detection_events"":3150756,""detectors_checked"":810362880}"
   1014784,         0,         0,   119.9,standalone_exact_mw,c63d9dbf283cbe8d7d2c9891770aca900c170ab5c3de0408fa399997170cec3d,"{""distance"":7,""physical_error_rate"":0.001}","{""detection_events"":3201400,""detectors_checked"":821975040}"
   1132544,         0,         0,   119.8,standalone_exact_mw,c63d9dbf283cbe8d7d2c9891770aca900c170ab5c3de0408fa399997170cec3d,"{""distance"":7,""physical_error_rate"":0.001}","{""detection_events"":3574988,""detectors_checked"":917360640}"
    730112,         1,         0,   120.0,standalone_exact_mw,20c8daca17953576b13a32f59e5f9cb54485b277119f4e6925e9023b8dd1f351,"{""distance"":7,""physical_error_rate"":0.002}","{""detection_events"":4574088,""detectors_checked"":591390720,""obs_mistake_mask=E"":1}"
   1193984,         0,         0,   119.7,standalone_exact_mw,b0cacb7fc707c2734ebeeceefd47b6bd6784bf6b65d0613559eb8dd3ed8bcfbc,"{""distance"":7,""physical_error_rate"":0.0005}","{""detection_events"":1884811,""detectors_checked"":967127040}"
   1441792,         0,         0,   119.8,standalone_exact_mw,b0cacb7fc707c2734ebeeceefd47b6bd6784bf6b65d0613559eb8dd3ed8bcfbc,"{""distance"":7,""physical_error_rate"":0.0005}","{""detection_events"":2275145,""detectors_checked"":1167851520}"
   2368512,         0,         0,   119.9,standalone_exact_mw,c63d9dbf283cbe8d7d2c9891770aca900c170ab5c3de0408fa399997170cec3d,"{""distance"":7,""physical_error_rate"":0.001}","{""detection_events"":7466677,""detectors_checked"":1918494720}"
    935936,         0,         0,   119.9,standalone_exact_mw,20c8daca17953576b13a32f59e5f9cb54485b277119f4e6925e9023b8dd1f351,"{""distance"":7,""physical_error_rate"":0.002}","{""detection_events"":5862697,""detectors_checked"":758108160}"
   1831936,         1,         0,   119.9,standalone_exact_mw,20c8daca17953576b13a32f59e5f9cb54485b277119f4e6925e9023b8dd1f351,"{""distance"":7,""physical_error_rate"":0.002}","{""detection_events"":11476168,""detectors_checked"":1483868160,""obs_mistake_mask=E"":1}"
   1459200,         0,         0,   119.8,standalone_exact_mw,c63d9dbf283cbe8d7d2c9891770aca900c170ab5c3de0408fa399997170cec3d,"{""distance"":7,""physical_error_rate"":0.001}","{""detection_events"":4601875,""detectors_checked"":1181952000}"
    896000,         0,         0,   119.8,standalone_exact_mw,c63d9dbf283cbe8d7d2c9891770aca900c170ab5c3de0408fa399997170cec3d,"{""distance"":7,""physical_error_rate"":0.001}","{""detection_events"":2822211,""detectors_checked"":725760000}"
   1881088,         2,         0,   120.0,standalone_exact_mw,20c8daca17953576b13a32f59e5f9cb54485b277119f4e6925e9023b8dd1f351,"{""distance"":7,""physical_error_rate"":0.002}","{""detection_events"":11788567,""detectors_checked"":1523681280,""obs_mistake_mask=E"":2}"
    805888,         0,         0,   119.8,standalone_exact_mw,b0cacb7fc707c2734ebeeceefd47b6bd6784bf6b65d0613559eb8dd3ed8bcfbc,"{""distance"":7,""physical_error_rate"":0.0005}","{""detection_events"":1275304,""detectors_checked"":652769280}"
   1004544,         0,         0,   119.9,standalone_exact_mw,c63d9dbf283cbe8d7d2c9891770aca900c170ab5c3de0408fa399997170cec3d,"{""distance"":7,""physical_error_rate"":0.001}","{""detection_events"":3167880,""detectors_checked"":813680640}"
   1176576,         0,         0,   119.8,standalone_exact_mw,20c8daca17953576b13a32f59e5f9cb54485b277119f4e6925e9023b8dd1f351,"{""distance"":7,""physical_error_rate"":0.002}","{""detection_events"":7379342,""detectors_checked"":953026560}"
   2000896,         0,         0,   119.6,standalone_exact_mw,b0cacb7fc707c2734ebeeceefd47b6bd6784bf6b65d0613559eb8dd3ed8bcfbc,"{""distance"":7,""physical_error_rate"":0.0005}","{""detection_events"":3163463,""detectors_checked"":1620725760}"
   1652736,         0,         0,   119.8,standalone_exact_mw,b0cacb7fc707c2734ebeeceefd47b6bd6784bf6b65d0613559eb8dd3ed8bcfbc,"{""distance"":7,""physical_error_rate"":0.0005}","{""detection_events"":2610947,""detectors_checked"":1338716160}"
   2079744,         0,         0,   119.8,standalone_exact_mw,b0cacb7fc707c2734ebeeceefd47b6bd6784bf6b65d0613559eb8dd3ed8bcfbc,"{""distance"":7,""physical_error_rate"":0.0005}","{""detection_events"":3286497,""detectors_checked"":1684592640}"
   1642496,         0,         0,   119.9,standalone_exact_mw,b0cacb7fc707c2734ebeeceefd47b6bd6784bf6b65d0613559eb8dd3ed8bcfbc,"{""distance"":7,""physical_error_rate"":0.0005}","{""detection_events"":2593467,""detectors_checked"":1330421760}"
    706560,         0,         0,   119.8,standalone_exact_mw,20c8daca17953576b13a32f59e5f9cb54485b277119f4e6925e9023b8dd1f351,"{""distance"":7,""physical_error_rate"":0.002}","{""detection_events"":4424788,""detectors_checked"":572313600}"
   1225728,         0,         0,   119.9,standalone_exact_mw,c63d9dbf283cbe8d7d2c9891770aca900c170ab5c3de0408fa399997170cec3d,"{""distance"":7,""physical_error_rate"":0.001}","{""detection_events"":3865344,""detectors_checked"":992839680}"
    783360,         0,         0,   119.8,standalone_exact_mw,20c8daca17953576b13a32f59e5f9cb54485b277119f4e6925e9023b8dd1f351,"{""distance"":7,""physical_error_rate"":0.002}","{""detection_events"":4913173,""detectors_checked"":634521600}"
   1197056,         0,         0,   119.9,standalone_exact_mw,20c8daca17953576b13a32f59e5f9cb54485b277119f4e6925e9023b8dd1f351,"{""distance"":7,""physical_error_rate"":0.002}","{""detection_events"":7504165,""detectors_checked"":969615360}"
   1269760,         0,         0,   119.8,standalone_exact_mw,b0cacb7fc707c2734ebeeceefd47b6bd6784bf6b65d0613559eb8dd3ed8bcfbc,"{""distance"":7,""physical_error_rate"":0.0005}","{""detection_events"":2004740,""detectors_checked"":1028505600}"
   1227776,         0,         0,   120.0,standalone_exact_mw,20c8daca17953576b13a32f59e5f9cb54485b277119f4e6925e9023b8dd1f351,"{""distance"":7,""physical_error_rate"":0.002}","{""detection_events"":7690556,""detectors_checked"":994498560}"
   1135616,         0,         0,   120.0,standalone_exact_mw,c63d9dbf283cbe8d7d2c9891770aca900c170ab5c3de0408fa399997170cec3d,"{""distance"":7,""physical_error_rate"":0.001}","{""detection_events"":3581818,""detectors_checked"":919848960}"
   1376256,         0,         0,   119.9,standalone_exact_mw,c63d9dbf283cbe8d7d2c9891770aca900c170ab5c3de0408fa399997170cec3d,"{""distance"":7,""physical_error_rate"":0.001}","{""detection_events"":4338917,""detectors_checked"":1114767360}"
   1935360,         0,         0,   119.8,standalone_exact_mw,b0cacb7fc707c2734ebeeceefd47b6bd6784bf6b65d0613559eb8dd3ed8bcfbc,"{""distance"":7,""physical_error_rate"":0.0005}","{""detection_events"":3060022,""detectors_checked"":1567641600}"
   1853440,         0,         0,   119.8,standalone_exact_mw,b0cacb7fc707c2734ebeeceefd47b6bd6784bf6b65d0613559eb8dd3ed8bcfbc,"{""distance"":7,""physical_error_rate"":0.0005}","{""detection_events"":2927326,""detectors_checked"":1501286400}"
   1520640,         0,         0,   119.8,standalone_exact_mw,c63d9dbf283cbe8d7d2c9891770aca900c170ab5c3de0408fa399997170cec3d,"{""distance"":7,""physical_error_rate"":0.001}","{""detection_events"":4790790,""detectors_checked"":1231718400}"
   1369088,         0,         0,   119.9,standalone_exact_mw,c63d9dbf283cbe8d7d2c9891770aca900c170ab5c3de0408fa399997170cec3d,"{""distance"":7,""physical_error_rate"":0.001}","{""detection_events"":4316014,""detectors_checked"":1108961280}"
   1193984,         0,         0,   119.9,standalone_exact_mw,c63d9dbf283cbe8d7d2c9891770aca900c170ab5c3de0408fa399997170cec3d,"{""distance"":7,""physical_error_rate"":0.001}","{""detection_events"":3766211,""detectors_checked"":967127040}"
   2265088,         0,         0,   119.9,standalone_exact_mw,c63d9dbf283cbe8d7d2c9891770aca900c170ab5c3de0408fa399997170cec3d,"{""distance"":7,""physical_error_rate"":0.001}","{""detection_events"":7130128,""detectors_checked"":1834721280}"
   1168384,         0,         0,   119.8,standalone_exact_mw,c63d9dbf283cbe8d7d2c9891770aca900c170ab5c3de0408fa399997170cec3d,"{""distance"":7,""physical_error_rate"":0.001}","{""detection_events"":3679454,""detectors_checked"":946391040}"
    947200,         0,         0,   119.9,standalone_exact_mw,20c8daca17953576b13a32f59e5f9cb54485b277119f4e6925e9023b8dd1f351,"{""distance"":7,""physical_error_rate"":0.002}","{""detection_events"":5927385,""detectors_checked"":767232000}"
   1908736,         0,         0,   119.8,standalone_exact_mw,b0cacb7fc707c2734ebeeceefd47b6bd6784bf6b65d0613559eb8dd3ed8bcfbc,"{""distance"":7,""physical_error_rate"":0.0005}","{""detection_events"":3018370,""detectors_checked"":1546076160}"
   1630208,         0,         0,   119.8,standalone_exact_mw,b0cacb7fc707c2734ebeeceefd47b6bd6784bf6b65d0613559eb8dd3ed8bcfbc,"{""distance"":7,""physical_error_rate"":0.0005}","{""detection_events"":2576517,""detectors_checked"":1320468480}"
   2009088,         0,         0,   119.8,standalone_exact_mw,b0cacb7fc707c2734ebeeceefd47b6bd6784bf6b65d0613559eb8dd3ed8bcfbc,"{""distance"":7,""physical_error_rate"":0.0005}","{""detection_events"":3173933,""detectors_checked"":1627361280}"
   1054720,         0,         0,   119.9,standalone_exact_mw,20c8daca17953576b13a32f59e5f9cb54485b277119f4e6925e9023b8dd1f351,"{""distance"":7,""physical_error_rate"":0.002}","{""detection_events"":6602538,""detectors_checked"":854323200}"
   1943552,         0,         0,   119.8,standalone_exact_mw,b0cacb7fc707c2734ebeeceefd47b6bd6784bf6b65d0613559eb8dd3ed8bcfbc,"{""distance"":7,""physical_error_rate"":0.0005}","{""detection_events"":3070902,""detectors_checked"":1574277120}"
   1170432,         0,         0,   119.9,standalone_exact_mw,20c8daca17953576b13a32f59e5f9cb54485b277119f4e6925e9023b8dd1f351,"{""distance"":7,""physical_error_rate"":0.002}","{""detection_events"":7331880,""detectors_checked"":948049920}"
   2313216,         0,         0,   119.9,standalone_exact_mw,c63d9dbf283cbe8d7d2c9891770aca900c170ab5c3de0408fa399997170cec3d,"{""distance"":7,""physical_error_rate"":0.001}","{""detection_events"":7284702,""detectors_checked"":1873704960}"
   1843200,         0,         0,   119.8,standalone_exact_mw,b0cacb7fc707c2734ebeeceefd47b6bd6784bf6b65d0613559eb8dd3ed8bcfbc,"{""distance"":7,""physical_error_rate"":0.0005}","{""detection_events"":2913310,""detectors_checked"":1492992000}"
   2984545,         0,         0,   114.5,standalone_exact_mw,b0cacb7fc707c2734ebeeceefd47b6bd6784bf6b65d0613559eb8dd3ed8bcfbc,"{""distance"":7,""physical_error_rate"":0.0005}","{""detection_events"":4717630,""detectors_checked"":2417481450}"
   1443840,         0,         0,   119.9,standalone_exact_mw,c63d9dbf283cbe8d7d2c9891770aca900c170ab5c3de0408fa399997170cec3d,"{""distance"":7,""physical_error_rate"":0.001}","{""detection_events"":4550346,""detectors_checked"":1169510400}"
    976896,         0,         0,   119.9,standalone_exact_mw,20c8daca17953576b13a32f59e5f9cb54485b277119f4e6925e9023b8dd1f351,"{""distance"":7,""physical_error_rate"":0.002}","{""detection_events"":6122014,""detectors_checked"":791285760}"
   1374208,         0,         0,   119.9,standalone_exact_mw,c63d9dbf283cbe8d7d2c9891770aca900c170ab5c3de0408fa399997170cec3d,"{""distance"":7,""physical_error_rate"":0.001}","{""detection_events"":4328103,""detectors_checked"":1113108480}"
   3019776,         0,         0,   119.8,standalone_exact_mw,b0cacb7fc707c2734ebeeceefd47b6bd6784bf6b65d0613559eb8dd3ed8bcfbc,"{""distance"":7,""physical_error_rate"":0.0005}","{""detection_events"":4769453,""detectors_checked"":2446018560}"
    806912,         1,         0,   120.0,standalone_exact_mw,20c8daca17953576b13a32f59e5f9cb54485b277119f4e6925e9023b8dd1f351,"{""distance"":7,""physical_error_rate"":0.002}","{""detection_events"":5056420,""detectors_checked"":653598720,""obs_mistake_mask=E"":1}"
   1442816,         0,         0,   119.9,standalone_exact_mw,c63d9dbf283cbe8d7d2c9891770aca900c170ab5c3de0408fa399997170cec3d,"{""distance"":7,""physical_error_rate"":0.001}","{""detection_events"":4546197,""detectors_checked"":1168680960}"
    842752,         0,         0,   120.0,standalone_exact_mw,20c8daca17953576b13a32f59e5f9cb54485b277119f4e6925e9023b8dd1f351,"{""distance"":7,""physical_error_rate"":0.002}","{""detection_events"":5287077,""detectors_checked"":682629120}"
   1807360,         0,         0,   119.9,standalone_exact_mw,20c8daca17953576b13a32f59e5f9cb54485b277119f4e6925e9023b8dd1f351,"{""distance"":7,""physical_error_rate"":0.002}","{""detection_events"":11321731,""detectors_checked"":1463961600}"
   1451008,         0,         0,   119.8,standalone_exact_mw,b0cacb7fc707c2734ebeeceefd47b6bd6784bf6b65d0613559eb8dd3ed8bcfbc,"{""distance"":7,""physical_error_rate"":0.0005}","{""detection_events"":2295456,""detectors_checked"":1175316480}"
   1520640,         0,         0,   119.9,standalone_exact_mw,b0cacb7fc707c2734ebeeceefd47b6bd6784bf6b65d0613559eb8dd3ed8bcfbc,"{""distance"":7,""physical_error_rate"":0.0005}","{""detection_events"":2400662,""detectors_checked"":1231718400}"
   1051648,         0,         0,   120.0,standalone_exact_mw,20c8daca17953576b13a32f59e5f9cb54485b277119f4e6925e9023b8dd1f351,"{""distance"":7,""physical_error_rate"":0.002}","{""detection_events"":6589097,""detectors_checked"":851834880}"
   1005568,         1,         0,   119.8,standalone_exact_mw,20c8daca17953576b13a32f59e5f9cb54485b277119f4e6925e9023b8dd1f351,"{""distance"":7,""physical_error_rate"":0.002}","{""detection_events"":6302211,""detectors_checked"":814510080,""obs_mistake_mask=E"":1}"
   1153024,         0,         0,   119.9,standalone_exact_mw,c63d9dbf283cbe8d7d2c9891770aca900c170ab5c3de0408fa399997170cec3d,"{""distance"":7,""physical_error_rate"":0.001}","{""detection_events"":3633824,""detectors_checked"":933949440}"
    741376,         0,         0,   120.0,standalone_exact_mw,20c8daca17953576b13a32f59e5f9cb54485b277119f4e6925e9023b8dd1f351,"{""distance"":7,""physical_error_rate"":0.002}","{""detection_events"":4648623,""detectors_checked"":600514560}"
   1434624,         0,         0,   119.6,standalone_exact_mw,b0cacb7fc707c2734ebeeceefd47b6bd6784bf6b65d0613559eb8dd3ed8bcfbc,"{""distance"":7,""physical_error_rate"":0.0005}","{""detection_events"":2267320,""detectors_checked"":1162045440}"
    875520,         0,         0,   120.0,standalone_exact_mw,20c8daca17953576b13a32f59e5f9cb54485b277119f4e6925e9023b8dd1f351,"{""distance"":7,""physical_error_rate"":0.002}","{""detection_events"":5486506,""detectors_checked"":709171200}"
   1616896,         0,         0,   119.8,standalone_exact_mw,b0cacb7fc707c2734ebeeceefd47b6bd6784bf6b65d0613559eb8dd3ed8bcfbc,"{""distance"":7,""physical_error_rate"":0.0005}","{""detection_events"":2555653,""detectors_checked"":1309685760}"
   1252352,         0,         0,   119.8,standalone_exact_mw,c63d9dbf283cbe8d7d2c9891770aca900c170ab5c3de0408fa399997170cec3d,"{""distance"":7,""physical_error_rate"":0.001}","{""detection_events"":3950755,""detectors_checked"":1014405120}"
    789504,         0,         0,   119.8,standalone_exact_mw,20c8daca17953576b13a32f59e5f9cb54485b277119f4e6925e9023b8dd1f351,"{""distance"":7,""physical_error_rate"":0.002}","{""detection_events"":4949798,""detectors_checked"":639498240}"
    560074,         0,         0,    19.9,standalone_exact_mw,b0cacb7fc707c2734ebeeceefd47b6bd6784bf6b65d0613559eb8dd3ed8bcfbc,"{""distance"":7,""physical_error_rate"":0.0005}","{""detection_events"":885243,""detectors_checked"":453659940}"
    893952,         1,         0,   119.8,standalone_exact_mw,20c8daca17953576b13a32f59e5f9cb54485b277119f4e6925e9023b8dd1f351,"{""distance"":7,""physical_error_rate"":0.002}","{""detection_events"":5610539,""detectors_checked"":724101120,""obs_mistake_mask=E"":1}"
   1069056,         0,         0,   119.9,standalone_exact_mw,c63d9dbf283cbe8d7d2c9891770aca900c170ab5c3de0408fa399997170cec3d,"{""distance"":7,""physical_error_rate"":0.001}","{""detection_events"":3366828,""detectors_checked"":865935360}"
   1208320,         0,         0,   119.8,standalone_exact_mw,c63d9dbf283cbe8d7d2c9891770aca900c170ab5c3de0408fa399997170cec3d,"{""distance"":7,""physical_error_rate"":0.001}","{""detection_events"":3808674,""detectors_checked"":978739200}"
   1228800,         0,         0,   119.9,standalone_exact_mw,c63d9dbf283cbe8d7d2c9891770aca900c170ab5c3de0408fa399997170cec3d,"{""distance"":7,""physical_error_rate"":0.001}","{""detection_events"":3872990,""detectors_checked"":995328000}"
    956416,         0,         0,   120.0,standalone_exact_mw,20c8daca17953576b13a32f59e5f9cb54485b277119f4e6925e9023b8dd1f351,"{""distance"":7,""physical_error_rate"":0.002}","{""detection_events"":5991011,""detectors_checked"":774696960}"
   1466368,         0,         0,   119.8,standalone_exact_mw,b0cacb7fc707c2734ebeeceefd47b6bd6784bf6b65d0613559eb8dd3ed8bcfbc,"{""distance"":7,""physical_error_rate"":0.0005}","{""detection_events"":2314169,""detectors_checked"":1187758080}"
   1668096,         0,         0,   119.8,standalone_exact_mw,b0cacb7fc707c2734ebeeceefd47b6bd6784bf6b65d0613559eb8dd3ed8bcfbc,"{""distance"":7,""physical_error_rate"":0.0005}","{""detection_events"":2636014,""detectors_checked"":1351157760}"
   2407424,         0,         0,   119.9,standalone_exact_mw,c63d9dbf283cbe8d7d2c9891770aca900c170ab5c3de0408fa399997170cec3d,"{""distance"":7,""physical_error_rate"":0.001}","{""detection_events"":7591951,""detectors_checked"":1950013440}"
    943104,         0,         0,   119.9,standalone_exact_mw,20c8daca17953576b13a32f59e5f9cb54485b277119f4e6925e9023b8dd1f351,"{""distance"":7,""physical_error_rate"":0.002}","{""detection_events"":5913474,""detectors_checked"":763914240}"
   1890304,         0,         0,   119.9,standalone_exact_mw,20c8daca17953576b13a32f59e5f9cb54485b277119f4e6925e9023b8dd1f351,"{""distance"":7,""physical_error_rate"":0.002}","{""detection_events"":11834711,""detectors_checked"":1531146240}"
   1518592,         0,         0,   119.8,standalone_exact_mw,c63d9dbf283cbe8d7d2c9891770aca900c170ab5c3de0408fa399997170cec3d,"{""distance"":7,""physical_error_rate"":0.001}","{""detection_events"":4792976,""detectors_checked"":1230059520}"
   1242112,         0,         0,   119.8,standalone_exact_mw,c63d9dbf283cbe8d7d2c9891770aca900c170ab5c3de0408fa399997170cec3d,"{""distance"":7,""physical_error_rate"":0.001}","{""detection_events"":3915581,""detectors_checked"":1006110720}"
   1853440,         1,         0,   120.0,standalone_exact_mw,20c8daca17953576b13a32f59e5f9cb54485b277119f4e6925e9023b8dd1f351,"{""distance"":7,""physical_error_rate"":0.002}","{""detection_events"":11618188,""detectors_checked"":1501286400,""obs_mistake_mask=E"":1}"
   1063936,         0,         0,   119.8,standalone_exact_mw,b0cacb7fc707c2734ebeeceefd47b6bd6784bf6b65d0613559eb8dd3ed8bcfbc,"{""distance"":7,""physical_error_rate"":0.0005}","{""detection_events"":1682810,""detectors_checked"":861788160}"
   1242112,         0,         0,   119.9,standalone_exact_mw,c63d9dbf283cbe8d7d2c9891770aca900c170ab5c3de0408fa399997170cec3d,"{""distance"":7,""physical_error_rate"":0.001}","{""detection_events"":3917058,""detectors_checked"":1006110720}"
   1155072,         0,         0,   119.8,standalone_exact_mw,20c8daca17953576b13a32f59e5f9cb54485b277119f4e6925e9023b8dd1f351,"{""distance"":7,""physical_error_rate"":0.002}","{""detection_events"":7239948,""detectors_checked"":935608320}"
   2066432,         0,         0,   119.7,standalone_exact_mw,b0cacb7fc707c2734ebeeceefd47b6bd6784bf6b65d0613559eb8dd3ed8bcfbc,"{""distance"":7,""physical_error_rate"":0.0005}","{""detection_events"":3260014,""detectors_checked"":1673809920}"
   1582080,         0,         0,   119.8,standalone_exact_mw,b0cacb7fc707c2734ebeeceefd47b6bd6784bf6b65d0613559eb8dd3ed8bcfbc,"{""distance"":7,""physical_error_rate"":0.0005}","{""detection_events"":2495205,""detectors_checked"":1281484800}"
   1954816,         0,         0,   119.8,standalone_exact_mw,b0cacb7fc707c2734ebeeceefd47b6bd6784bf6b65d0613559eb8dd3ed8bcfbc,"{""distance"":7,""physical_error_rate"":0.0005}","{""detection_events"":3094929,""detectors_checked"":1583400960}"
   1581056,         0,         0,   119.8,standalone_exact_mw,b0cacb7fc707c2734ebeeceefd47b6bd6784bf6b65d0613559eb8dd3ed8bcfbc,"{""distance"":7,""physical_error_rate"":0.0005}","{""detection_events"":2499911,""detectors_checked"":1280655360}"
    961536,         1,         0,   119.9,standalone_exact_mw,20c8daca17953576b13a32f59e5f9cb54485b277119f4e6925e9023b8dd1f351,"{""distance"":7,""physical_error_rate"":0.002}","{""detection_events"":6033033,""detectors_checked"":778844160,""obs_mistake_mask=E"":1}"
    908288,         0,         0,   120.0,standalone_exact_mw,c63d9dbf283cbe8d7d2c9891770aca900c170ab5c3de0408fa399997170cec3d,"{""distance"":7,""physical_error_rate"":0.001}","{""detection_events"":2865894,""detectors_checked"":735713280}"
    929792,         0,         0,   119.9,standalone_exact_mw,20c8daca17953576b13a32f59e5f9cb54485b277119f4e6925e9023b8dd1f351,"{""distance"":7,""physical_error_rate"":0.002}","{""detection_events"":5825268,""detectors_checked"":753131520}"
   1244160,         0,         0,   119.9,standalone_exact_mw,20c8daca17953576b13a32f59e5f9cb54485b277119f4e6925e9023b8dd1f351,"{""distance"":7,""physical_error_rate"":0.002}","{""detection_events"":7790560,""detectors_checked"":1007769600}"
   1295360,         0,         0,   119.9,standalone_exact_mw,b0cacb7fc707c2734ebeeceefd47b6bd6784bf6b65d0613559eb8dd3ed8bcfbc,"{""distance"":7,""physical_error_rate"":0.0005}","{""detection_events"":2050647,""detectors_checked"":1049241600}"
   1188864,         0,         0,   119.9,standalone_exact_mw,20c8daca17953576b13a32f59e5f9cb54485b277119f4e6925e9023b8dd1f351,"{""distance"":7,""physical_error_rate"":0.002}","{""detection_events"":7449277,""detectors_checked"":962979840}"
   1107968,         0,         0,   119.8,standalone_exact_mw,c63d9dbf283cbe8d7d2c9891770aca900c170ab5c3de0408fa399997170cec3d,"{""distance"":7,""physical_error_rate"":0.001}","{""detection_events"":3491436,""detectors_checked"":897454080}"
   1176576,         0,         0,   119.8,standalone_exact_mw,c63d9dbf283cbe8d7d2c9891770aca900c170ab5c3de0408fa399997170cec3d,"{""distance"":7,""physical_error_rate"":0.001}","{""detection_events"":3707026,""detectors_checked"":953026560}"
   1893376,         0,         0,   119.8,standalone_exact_mw,b0cacb7fc707c2734ebeeceefd47b6bd6784bf6b65d0613559eb8dd3ed8bcfbc,"{""distance"":7,""physical_error_rate"":0.0005}","{""detection_events"":2993931,""detectors_checked"":1533634560}"
   1888256,         0,         0,   119.9,standalone_exact_mw,b0cacb7fc707c2734ebeeceefd47b6bd6784bf6b65d0613559eb8dd3ed8bcfbc,"{""distance"":7,""physical_error_rate"":0.0005}","{""detection_events"":2982516,""detectors_checked"":1529487360}"
   1498112,         0,         0,   119.8,standalone_exact_mw,c63d9dbf283cbe8d7d2c9891770aca900c170ab5c3de0408fa399997170cec3d,"{""distance"":7,""physical_error_rate"":0.001}","{""detection_events"":4719511,""detectors_checked"":1213470720}"
   1336320,         0,         0,   119.9,standalone_exact_mw,c63d9dbf283cbe8d7d2c9891770aca900c170ab5c3de0408fa399997170cec3d,"{""distance"":7,""physical_error_rate"":0.001}","{""detection_events"":4212834,""detectors_checked"":1082419200}"
   1234944,         0,         0,   119.9,standalone_exact_mw,c63d9dbf283cbe8d7d2c9891770aca900c170ab5c3de0408fa399997170cec3d,"{""distance"":7,""physical_error_rate"":0.001}","{""detection_events"":3889949,""detectors_checked"":1000304640}"
   2364416,         0,         0,   119.9,standalone_exact_mw,c63d9dbf283cbe8d7d2c9891770aca900c170ab5c3de0408fa399997170cec3d,"{""distance"":7,""physical_error_rate"":0.001}","{""detection_events"":7446647,""detectors_checked"":1915176960}"
   1153024,         0,         0,   119.8,standalone_exact_mw,c63d9dbf283cbe8d7d2c9891770aca900c170ab5c3de0408fa399997170cec3d,"{""distance"":7,""physical_error_rate"":0.001}","{""detection_events"":3634779,""detectors_checked"":933949440}"
    965632,         0,         0,   119.9,standalone_exact_mw,20c8daca17953576b13a32f59e5f9cb54485b277119f4e6925e9023b8dd1f351,"{""distance"":7,""physical_error_rate"":0.002}","{""detection_events"":6046179,""detectors_checked"":782161920}"
   1810432,         0,         0,   119.8,standalone_exact_mw,b0cacb7fc707c2734ebeeceefd47b6bd6784bf6b65d0613559eb8dd3ed8bcfbc,"{""distance"":7,""physical_error_rate"":0.0005}","{""detection_events"":2866054,""detectors_checked"":1466449920}"
   1693696,         0,         0,   119.8,standalone_exact_mw,b0cacb7fc707c2734ebeeceefd47b6bd6784bf6b65d0613559eb8dd3ed8bcfbc,"{""distance"":7,""physical_error_rate"":0.0005}","{""detection_events"":2678326,""detectors_checked"":1371893760}"
   1886208,         0,         0,   119.8,standalone_exact_mw,b0cacb7fc707c2734ebeeceefd47b6bd6784bf6b65d0613559eb8dd3ed8bcfbc,"{""distance"":7,""physical_error_rate"":0.0005}","{""detection_events"":2981288,""detectors_checked"":1527828480}"
   1114112,         0,         0,   119.9,standalone_exact_mw,20c8daca17953576b13a32f59e5f9cb54485b277119f4e6925e9023b8dd1f351,"{""distance"":7,""physical_error_rate"":0.002}","{""detection_events"":6983326,""detectors_checked"":902430720}"
   3122563,         0,         0,   112.8,standalone_exact_mw,b0cacb7fc707c2734ebeeceefd47b6bd6784bf6b65d0613559eb8dd3ed8bcfbc,"{""distance"":7,""physical_error_rate"":0.0005}","{""detection_events"":4936206,""detectors_checked"":2529276030}"
   2454528,         0,         0,    90.1,standalone_exact_mw,b0cacb7fc707c2734ebeeceefd47b6bd6784bf6b65d0613559eb8dd3ed8bcfbc,"{""distance"":7,""physical_error_rate"":0.0005}","{""detection_events"":3876393,""detectors_checked"":1988167680}"
   1950720,         0,         0,   117.0,standalone_exact_mw,b0cacb7fc707c2734ebeeceefd47b6bd6784bf6b65d0613559eb8dd3ed8bcfbc,"{""distance"":7,""physical_error_rate"":0.0005}","{""detection_events"":3080969,""detectors_checked"":1580083200}"
   1217536,         0,         0,   119.9,standalone_exact_mw,20c8daca17953576b13a32f59e5f9cb54485b277119f4e6925e9023b8dd1f351,"{""distance"":7,""physical_error_rate"":0.002}","{""detection_events"":7624689,""detectors_checked"":986204160}"
   2414592,         0,         0,   119.9,standalone_exact_mw,c63d9dbf283cbe8d7d2c9891770aca900c170ab5c3de0408fa399997170cec3d,"{""distance"":7,""physical_error_rate"":0.001}","{""detection_events"":7608471,""detectors_checked"":1955819520}"
   1759232,         0,         0,   119.8,standalone_exact_mw,b0cacb7fc707c2734ebeeceefd47b6bd6784bf6b65d0613559eb8dd3ed8bcfbc,"{""distance"":7,""physical_error_rate"":0.0005}","{""detection_events"":2780984,""detectors_checked"":1424977920}"
   1446912,         0,         0,   119.9,standalone_exact_mw,c63d9dbf283cbe8d7d2c9891770aca900c170ab5c3de0408fa399997170cec3d,"{""distance"":7,""physical_error_rate"":0.001}","{""detection_events"":4560628,""detectors_checked"":1171998720}"
    765952,         1,         0,   119.9,standalone_exact_mw,20c8daca17953576b13a32f59e5f9cb54485b277119f4e6925e9023b8dd1f351,"{""distance"":7,""physical_error_rate"":0.002}","{""detection_events"":4801708,""detectors_checked"":620421120,""obs_mistake_mask=E"":1}"
   1280000,         0,         0,   120.0,standalone_exact_mw,c63d9dbf283cbe8d7d2c9891770aca900c170ab5c3de0408fa399997170cec3d,"{""distance"":7,""physical_error_rate"":0.001}","{""detection_events"":4032975,""detectors_checked"":1036800000}"
    967680,         0,         0,   119.9,standalone_exact_mw,20c8daca17953576b13a32f59e5f9cb54485b277119f4e6925e9023b8dd1f351,"{""distance"":7,""physical_error_rate"":0.002}","{""detection_events"":6066713,""detectors_checked"":783820800}"
   1421312,         0,         0,   119.9,standalone_exact_mw,c63d9dbf283cbe8d7d2c9891770aca900c170ab5c3de0408fa399997170cec3d,"{""distance"":7,""physical_error_rate"":0.001}","{""detection_events"":4484635,""detectors_checked"":1151262720}"
    935936,         0,         0,   120.0,standalone_exact_mw,20c8daca17953576b13a32f59e5f9cb54485b277119f4e6925e9023b8dd1f351,"{""distance"":7,""physical_error_rate"":0.002}","{""detection_events"":5857443,""detectors_checked"":758108160}"
   1893376,         0,         0,   119.9,standalone_exact_mw,20c8daca17953576b13a32f59e5f9cb54485b277119f4e6925e9023b8dd1f351,"{""distance"":7,""physical_error_rate"":0.002}","{""detection_events"":11854317,""detectors_checked"":1533634560}"
   1447936,         0,         0,   119.9,standalone_exact_mw,b0cacb7fc707c2734ebeeceefd47b6bd6784bf6b65d0613559eb8dd3ed8bcfbc,"{""distance"":7,""physical_error_rate"":0.0005}","{""detection_events"":2288316,""detectors_checked"":1172828160}"
   1542144,         0,         0,   119.7,standalone_exact_mw,b0cacb7fc707c2734ebeeceefd47b6bd6784bf6b65d0613559eb8dd3ed8bcfbc,"{""distance"":7,""physical_error_rate"":0.0005}","{""detection_events"":2441799,""detectors_checked"":1249136640}"
   1022976,         1,         0,   119.9,standalone_exact_mw,20c8daca17953576b13a32f59e5f9cb54485b277119f4e6925e9023b8dd1f351,"{""distance"":7,""physical_error_rate"":0.002}","{""detection_events"":6406449,""detectors_checked"":828610560,""obs_mistake_mask=E"":1}"
    174156,         0,         0,    8.48,standalone_exact_mw,b0cacb7fc707c2734ebeeceefd47b6bd6784bf6b65d0613559eb8dd3ed8bcfbc,"{""distance"":7,""physical_error_rate"":0.0005}","{""detection_events"":275785,""detectors_checked"":141066360}"
    970752,         1,         0,   119.9,standalone_exact_mw,20c8daca17953576b13a32f59e5f9cb54485b277119f4e6925e9023b8dd1f351,"{""distance"":7,""physical_error_rate"":0.002}","{""detection_events"":6085055,""detectors_checked"":786309120,""obs_mistake_mask=E"":1}"
   1489164,         0,         0,   115.5,standalone_exact_mw,b0cacb7fc707c2734ebeeceefd47b6bd6784bf6b65d0613559eb8dd3ed8bcfbc,"{""distance"":7,""physical_error_rate"":0.0005}","{""detection_events"":2354118,""detectors_checked"":1206222840}"
   1228800,         0,         0,   119.8,standalone_exact_mw,c63d9dbf283cbe8d7d2c9891770aca900c170ab5c3de0408fa399997170cec3d,"{""distance"":7,""physical_error_rate"":0.001}","{""detection_events"":3876006,""detectors_checked"":995328000}"
    878592,         0,         0,   119.9,standalone_exact_mw,20c8daca17953576b13a32f59e5f9cb54485b277119f4e6925e9023b8dd1f351,"{""distance"":7,""physical_error_rate"":0.002}","{""detection_events"":5504696,""detectors_checked"":711659520}"
    953344,         0,         0,   120.0,standalone_exact_mw,20c8daca17953576b13a32f59e5f9cb54485b277119f4e6925e9023b8dd1f351,"{""distance"":7,""physical_error_rate"":0.002}","{""detection_events"":5966559,""detectors_checked"":772208640}"
   1418251,         0,         0,   119.3,standalone_exact_mw,b0cacb7fc707c2734ebeeceefd47b6bd6784bf6b65d0613559eb8dd3ed8bcfbc,"{""distance"":7,""physical_error_rate"":0.0005}","{""detection_events"":2241481,""detectors_checked"":1148783310}"
   1255424,         0,         0,   119.8,standalone_exact_mw,c63d9dbf283cbe8d7d2c9891770aca900c170ab5c3de0408fa399997170cec3d,"{""distance"":7,""physical_error_rate"":0.001}","{""detection_events"":3963083,""detectors_checked"":1016893440}"
   1350715,         0,         0,    97.8,standalone_exact_mw,b0cacb7fc707c2734ebeeceefd47b6bd6784bf6b65d0613559eb8dd3ed8bcfbc,"{""distance"":7,""physical_error_rate"":0.0005}","{""detection_events"":2135676,""detectors_checked"":1094079150}"
    833536,         0,         0,   119.9,standalone_exact_mw,20c8daca17953576b13a32f59e5f9cb54485b277119f4e6925e9023b8dd1f351,"{""distance"":7,""physical_error_rate"":0.002}","{""detection_events"":5221458,""detectors_checked"":675164160}"
    691200,         0,         0,   119.9,standalone_exact_mw,20c8daca17953576b13a32f59e5f9cb54485b277119f4e6925e9023b8dd1f351,"{""distance"":7,""physical_error_rate"":0.002}","{""detection_events"":4328627,""detectors_checked"":559872000}"
    508745,         0,         0,    26.9,standalone_exact_mw,c63d9dbf283cbe8d7d2c9891770aca900c170ab5c3de0408fa399997170cec3d,"{""distance"":7,""physical_error_rate"":0.001}","{""detection_events"":1603054,""detectors_checked"":412083450}"
   1221632,         0,         0,   119.9,standalone_exact_mw,c63d9dbf283cbe8d7d2c9891770aca900c170ab5c3de0408fa399997170cec3d,"{""distance"":7,""physical_error_rate"":0.001}","{""detection_events"":3849313,""detectors_checked"":989521920}"
   1286396,         0,         0,    73.2,standalone_exact_mw,b0cacb7fc707c2734ebeeceefd47b6bd6784bf6b65d0613559eb8dd3ed8bcfbc,"{""distance"":7,""physical_error_rate"":0.0005}","{""detection_events"":2030301,""detectors_checked"":1041980760}"
   1228800,         0,         0,   109.5,standalone_exact_mw,b0cacb7fc707c2734ebeeceefd47b6bd6784bf6b65d0613559eb8dd3ed8bcfbc,"{""distance"":7,""physical_error_rate"":0.0005}","{""detection_events"":1935552,""detectors_checked"":995328000}"
   1228800,         0,         0,    73.7,standalone_exact_mw,b0cacb7fc707c2734ebeeceefd47b6bd6784bf6b65d0613559eb8dd3ed8bcfbc,"{""distance"":7,""physical_error_rate"":0.0005}","{""detection_events"":1942600,""detectors_checked"":995328000}"
   1015808,         0,         0,   119.8,standalone_exact_mw,c63d9dbf283cbe8d7d2c9891770aca900c170ab5c3de0408fa399997170cec3d,"{""distance"":7,""physical_error_rate"":0.001}","{""detection_events"":3199954,""detectors_checked"":822804480}"
   1210368,         0,         0,   119.9,standalone_exact_mw,c63d9dbf283cbe8d7d2c9891770aca900c170ab5c3de0408fa399997170cec3d,"{""distance"":7,""physical_error_rate"":0.001}","{""detection_events"":3814304,""detectors_checked"":980398080}"
   1225139,         0,         0,    43.8,standalone_exact_mw,b0cacb7fc707c2734ebeeceefd47b6bd6784bf6b65d0613559eb8dd3ed8bcfbc,"{""distance"":7,""physical_error_rate"":0.0005}","{""detection_events"":1933711,""detectors_checked"":992362590}"
   1176576,         0,         0,    43.9,standalone_exact_mw,b0cacb7fc707c2734ebeeceefd47b6bd6784bf6b65d0613559eb8dd3ed8bcfbc,"{""distance"":7,""physical_error_rate"":0.0005}","{""detection_events"":1858736,""detectors_checked"":953026560}"
   1106944,         0,         0,    60.1,standalone_exact_mw,b0cacb7fc707c2734ebeeceefd47b6bd6784bf6b65d0613559eb8dd3ed8bcfbc,"{""distance"":7,""physical_error_rate"":0.0005}","{""detection_events"":1750138,""detectors_checked"":896624640}"
   1106944,         0,         0,    78.6,standalone_exact_mw,b0cacb7fc707c2734ebeeceefd47b6bd6784bf6b65d0613559eb8dd3ed8bcfbc,"{""distance"":7,""physical_error_rate"":0.0005}","{""detection_events"":1751013,""detectors_checked"":896624640}"
   1049770,         0,         0,    77.5,standalone_exact_mw,b0cacb7fc707c2734ebeeceefd47b6bd6784bf6b65d0613559eb8dd3ed8bcfbc,"{""distance"":7,""physical_error_rate"":0.0005}","{""detection_events"":1658729,""detectors_checked"":850313700}"
    868352,         0,         0,    49.3,standalone_exact_mw,b0cacb7fc707c2734ebeeceefd47b6bd6784bf6b65d0613559eb8dd3ed8bcfbc,"{""distance"":7,""physical_error_rate"":0.0005}","{""detection_events"":1373136,""detectors_checked"":703365120}"
    905216,         0,         0,    61.7,standalone_exact_mw,b0cacb7fc707c2734ebeeceefd47b6bd6784bf6b65d0613559eb8dd3ed8bcfbc,"{""distance"":7,""physical_error_rate"":0.0005}","{""detection_events"":1429093,""detectors_checked"":733224960}"
    948224,         0,         0,   120.0,standalone_exact_mw,20c8daca17953576b13a32f59e5f9cb54485b277119f4e6925e9023b8dd1f351,"{""distance"":7,""physical_error_rate"":0.002}","{""detection_events"":5943089,""detectors_checked"":768061440}"
   2454528,         0,         0,   119.9,standalone_exact_mw,c63d9dbf283cbe8d7d2c9891770aca900c170ab5c3de0408fa399997170cec3d,"{""distance"":7,""physical_error_rate"":0.001}","{""detection_events"":7730400,""detectors_checked"":1988167680}"
    838330,         0,         0,    55.0,standalone_exact_mw,b0cacb7fc707c2734ebeeceefd47b6bd6784bf6b65d0613559eb8dd3ed8bcfbc,"{""distance"":7,""physical_error_rate"":0.0005}","{""detection_events"":1325114,""detectors_checked"":679047300}"
    749568,         0,         0,    55.3,standalone_exact_mw,b0cacb7fc707c2734ebeeceefd47b6bd6784bf6b65d0613559eb8dd3ed8bcfbc,"{""distance"":7,""physical_error_rate"":0.0005}","{""detection_events"":1185966,""detectors_checked"":607150080}"
    789504,         0,         0,    54.8,standalone_exact_mw,b0cacb7fc707c2734ebeeceefd47b6bd6784bf6b65d0613559eb8dd3ed8bcfbc,"{""distance"":7,""physical_error_rate"":0.0005}","{""detection_events"":1249188,""detectors_checked"":639498240}"
    813056,         0,         0,    97.1,standalone_exact_mw,b0cacb7fc707c2734ebeeceefd47b6bd6784bf6b65d0613559eb8dd3ed8bcfbc,"{""distance"":7,""physical_error_rate"":0.0005}","{""detection_events"":1287436,""detectors_checked"":658575360}"
    803840,         0,         0,    74.1,standalone_exact_mw,b0cacb7fc707c2734ebeeceefd47b6bd6784bf6b65d0613559eb8dd3ed8bcfbc,"{""distance"":7,""physical_error_rate"":0.0005}","{""detection_events"":1271535,""detectors_checked"":651110400}"
    778240,         0,         0,   119.9,standalone_exact_mw,20c8daca17953576b13a32f59e5f9cb54485b277119f4e6925e9023b8dd1f351,"{""distance"":7,""physical_error_rate"":0.002}","{""detection_events"":4876986,""detectors_checked"":630374400}"
   1820672,         0,         0,   119.9,standalone_exact_mw,20c8daca17953576b13a32f59e5f9cb54485b277119f4e6925e9023b8dd1f351,"{""distance"":7,""physical_error_rate"":0.002}","{""detection_events"":11406102,""detectors_checked"":1474744320}"
     25274,         0,         0,    2.95,standalone_exact_mw,b0cacb7fc707c2734ebeeceefd47b6bd6784bf6b65d0613559eb8dd3ed8bcfbc,"{""distance"":7,""physical_error_rate"":0.0005}","{""detection_events"":39812,""detectors_checked"":20471940}"
    591872,         0,         0,    45.6,standalone_exact_mw,b0cacb7fc707c2734ebeeceefd47b6bd6784bf6b65d0613559eb8dd3ed8bcfbc,"{""distance"":7,""physical_error_rate"":0.0005}","{""detection_events"":936581,""detectors_checked"":479416320}"
    703488,         0,         0,    42.8,standalone_exact_mw,b0cacb7fc707c2734ebeeceefd47b6bd6784bf6b65d0613559eb8dd3ed8bcfbc,"{""distance"":7,""physical_error_rate"":0.0005}","{""detection_events"":1112416,""detectors_checked"":569825280}"
    562467,         0,         0,    40.1,standalone_exact_mw,b0cacb7fc707c2734ebeeceefd47b6bd6784bf6b65d0613559eb8dd3ed8bcfbc,"{""distance"":7,""physical_error_rate"":0.0005}","{""detection_events"":890864,""detectors_checked"":455598270}"
    473999,         0,         0,    47.1,standalone_exact_mw,b0cacb7fc707c2734ebeeceefd47b6bd6784bf6b65d0613559eb8dd3ed8bcfbc,"{""distance"":7,""physical_error_rate"":0.0005}","{""detection_events"":750767,""detectors_checked"":383939190}"
   1593344,         0,         0,   119.8,standalone_exact_mw,c63d9dbf283cbe8d7d2c9891770aca900c170ab5c3de0408fa399997170cec3d,"{""distance"":7,""physical_error_rate"":0.001}","{""detection_events"":5020793,""detectors_checked"":1290608640}"
    462848,         0,         0,    35.3,standalone_exact_mw,b0cacb7fc707c2734ebeeceefd47b6bd6784bf6b65d0613559eb8dd3ed8bcfbc,"{""distance"":7,""physical_error_rate"":0.0005}","{""detection_events"":734096,""detectors_checked"":374906880}"
     11151,         0,         0,   0.784,standalone_exact_mw,b0cacb7fc707c2734ebeeceefd47b6bd6784bf6b65d0613559eb8dd3ed8bcfbc,"{""distance"":7,""physical_error_rate"":0.0005}","{""detection_events"":17463,""detectors_checked"":9032310}"
    428856,         0,         0,    16.7,standalone_exact_mw,b0cacb7fc707c2734ebeeceefd47b6bd6784bf6b65d0613559eb8dd3ed8bcfbc,"{""distance"":7,""physical_error_rate"":0.0005}","{""detection_events"":675029,""detectors_checked"":347373360}"
    412672,         0,         0,    16.7,standalone_exact_mw,b0cacb7fc707c2734ebeeceefd47b6bd6784bf6b65d0613559eb8dd3ed8bcfbc,"{""distance"":7,""physical_error_rate"":0.0005}","{""detection_events"":651854,""detectors_checked"":334264320}"
    408434,         0,         0,    23.5,standalone_exact_mw,b0cacb7fc707c2734ebeeceefd47b6bd6784bf6b65d0613559eb8dd3ed8bcfbc,"{""distance"":7,""physical_error_rate"":0.0005}","{""detection_events"":646291,""detectors_checked"":330831540}"
    377856,         0,         0,    23.6,standalone_exact_mw,b0cacb7fc707c2734ebeeceefd47b6bd6784bf6b65d0613559eb8dd3ed8bcfbc,"{""distance"":7,""physical_error_rate"":0.0005}","{""detection_events"":596189,""detectors_checked"":306063360}"
    423936,         0,         0,    34.6,standalone_exact_mw,b0cacb7fc707c2734ebeeceefd47b6bd6784bf6b65d0613559eb8dd3ed8bcfbc,"{""distance"":7,""physical_error_rate"":0.0005}","{""detection_events"":671418,""detectors_checked"":343388160}"
    369334,         0,         0,    26.4,standalone_exact_mw,b0cacb7fc707c2734ebeeceefd47b6bd6784bf6b65d0613559eb8dd3ed8bcfbc,"{""distance"":7,""physical_error_rate"":0.0005}","{""detection_events"":583500,""detectors_checked"":299160540}"
    328704,         0,         0,    21.3,standalone_exact_mw,b0cacb7fc707c2734ebeeceefd47b6bd6784bf6b65d0613559eb8dd3ed8bcfbc,"{""distance"":7,""physical_error_rate"":0.0005}","{""detection_events"":520872,""detectors_checked"":266250240}"
   1123328,         0,         0,   119.9,standalone_exact_mw,c63d9dbf283cbe8d7d2c9891770aca900c170ab5c3de0408fa399997170cec3d,"{""distance"":7,""physical_error_rate"":0.001}","{""detection_events"":3545079,""detectors_checked"":909895680}"
    313566,         0,         0,    20.3,standalone_exact_mw,b0cacb7fc707c2734ebeeceefd47b6bd6784bf6b65d0613559eb8dd3ed8bcfbc,"{""distance"":7,""physical_error_rate"":0.0005}","{""detection_events"":497215,""detectors_checked"":253988460}"
    286720,         0,         0,    20.3,standalone_exact_mw,b0cacb7fc707c2734ebeeceefd47b6bd6784bf6b65d0613559eb8dd3ed8bcfbc,"{""distance"":7,""physical_error_rate"":0.0005}","{""detection_events"":454989,""detectors_checked"":232243200}"
    313344,         0,         0,    22.0,standalone_exact_mw,b0cacb7fc707c2734ebeeceefd47b6bd6784bf6b65d0613559eb8dd3ed8bcfbc,"{""distance"":7,""physical_error_rate"":0.0005}","{""detection_events"":495875,""detectors_checked"":253808640}"
    282982,         0,         0,    20.7,standalone_exact_mw,b0cacb7fc707c2734ebeeceefd47b6bd6784bf6b65d0613559eb8dd3ed8bcfbc,"{""distance"":7,""physical_error_rate"":0.0005}","{""detection_events"":447194,""detectors_checked"":229215420}"
    246784,         0,         0,    11.2,standalone_exact_mw,b0cacb7fc707c2734ebeeceefd47b6bd6784bf6b65d0613559eb8dd3ed8bcfbc,"{""distance"":7,""physical_error_rate"":0.0005}","{""detection_events"":389868,""detectors_checked"":199895040}"
    263168,         0,         0,    11.2,standalone_exact_mw,b0cacb7fc707c2734ebeeceefd47b6bd6784bf6b65d0613559eb8dd3ed8bcfbc,"{""distance"":7,""physical_error_rate"":0.0005}","{""detection_events"":415656,""detectors_checked"":213166080}"
   1819648,         1,         0,   119.9,standalone_exact_mw,20c8daca17953576b13a32f59e5f9cb54485b277119f4e6925e9023b8dd1f351,"{""distance"":7,""physical_error_rate"":0.002}","{""detection_events"":11396791,""detectors_checked"":1473914880,""obs_mistake_mask=E"":1}"
    229180,         0,         0,    8.89,standalone_exact_mw,b0cacb7fc707c2734ebeeceefd47b6bd6784bf6b65d0613559eb8dd3ed8bcfbc,"{""distance"":7,""physical_error_rate"":0.0005}","{""detection_events"":363009,""detectors_checked"":185635800}"
    211968,         0,         0,    14.6,standalone_exact_mw,b0cacb7fc707c2734ebeeceefd47b6bd6784bf6b65d0613559eb8dd3ed8bcfbc,"{""distance"":7,""physical_error_rate"":0.0005}","{""detection_events"":334720,""detectors_checked"":171694080}"
    239616,         0,         0,    8.95,standalone_exact_mw,b0cacb7fc707c2734ebeeceefd47b6bd6784bf6b65d0613559eb8dd3ed8bcfbc,"{""distance"":7,""physical_error_rate"":0.0005}","{""detection_events"":377461,""detectors_checked"":194088960}"
    205735,         0,         0,    13.0,standalone_exact_mw,b0cacb7fc707c2734ebeeceefd47b6bd6784bf6b65d0613559eb8dd3ed8bcfbc,"{""distance"":7,""physical_error_rate"":0.0005}","{""detection_events"":327822,""detectors_checked"":166645350}"
    186368,         0,         0,    13.1,standalone_exact_mw,b0cacb7fc707c2734ebeeceefd47b6bd6784bf6b65d0613559eb8dd3ed8bcfbc,"{""distance"":7,""physical_error_rate"":0.0005}","{""detection_events"":294707,""detectors_checked"":150958080}"
    174434,         0,         0,    16.5,standalone_exact_mw,b0cacb7fc707c2734ebeeceefd47b6bd6784bf6b65d0613559eb8dd3ed8bcfbc,"{""distance"":7,""physical_error_rate"":0.0005}","{""detection_events"":274870,""detectors_checked"":141291540}"
    174434,         0,         0,    12.1,standalone_exact_mw,b0cacb7fc707c2734ebeeceefd47b6bd6784bf6b65d0613559eb8dd3ed8bcfbc,"{""distance"":7,""physical_error_rate"":0.0005}","{""detection_events"":275649,""detectors_checked"":141291540}"
    159744,         0,         0,    11.1,standalone_exact_mw,b0cacb7fc707c2734ebeeceefd47b6bd6784bf6b65d0613559eb8dd3ed8bcfbc,"{""distance"":7,""physical_error_rate"":0.0005}","{""detection_events"":250047,""detectors_checked"":129392640}"
    157253,         0,         0,    12.3,standalone_exact_mw,b0cacb7fc707c2734ebeeceefd47b6bd6784bf6b65d0613559eb8dd3ed8bcfbc,"{""distance"":7,""physical_error_rate"":0.0005}","{""detection_events"":247746,""detectors_checked"":127374930}"
    155648,         0,         0,    9.62,standalone_exact_mw,b0cacb7fc707c2734ebeeceefd47b6bd6784bf6b65d0613559eb8dd3ed8bcfbc,"{""distance"":7,""physical_error_rate"":0.0005}","{""detection_events"":246179,""detectors_checked"":126074880}"
    151552,         0,         0,    9.63,standalone_exact_mw,b0cacb7fc707c2734ebeeceefd47b6bd6784bf6b65d0613559eb8dd3ed8bcfbc,"{""distance"":7,""physical_error_rate"":0.0005}","{""detection_events"":239391,""detectors_checked"":122757120}"
    133852,         0,         0,    9.55,standalone_exact_mw,b0cacb7fc707c2734ebeeceefd47b6bd6784bf6b65d0613559eb8dd3ed8bcfbc,"{""distance"":7,""physical_error_rate"":0.0005}","{""detection_events"":211527,""detectors_checked"":108420120}"
    116736,         0,         0,    6.76,standalone_exact_mw,b0cacb7fc707c2734ebeeceefd47b6bd6784bf6b65d0613559eb8dd3ed8bcfbc,"{""distance"":7,""physical_error_rate"":0.0005}","{""detection_events"":184951,""detectors_checked"":94556160}"
    112849,         0,         0,    6.28,standalone_exact_mw,b0cacb7fc707c2734ebeeceefd47b6bd6784bf6b65d0613559eb8dd3ed8bcfbc,"{""distance"":7,""physical_error_rate"":0.0005}","{""detection_events"":177734,""detectors_checked"":91407690}"
    103424,         0,         0,    6.98,standalone_exact_mw,b0cacb7fc707c2734ebeeceefd47b6bd6784bf6b65d0613559eb8dd3ed8bcfbc,"{""distance"":7,""physical_error_rate"":0.0005}","{""detection_events"":163986,""detectors_checked"":83773440}"
    101917,         0,         0,    6.18,standalone_exact_mw,b0cacb7fc707c2734ebeeceefd47b6bd6784bf6b65d0613559eb8dd3ed8bcfbc,"{""distance"":7,""physical_error_rate"":0.0005}","{""detection_events"":161183,""detectors_checked"":82552770}"
     94208,         0,         0,    6.47,standalone_exact_mw,b0cacb7fc707c2734ebeeceefd47b6bd6784bf6b65d0613559eb8dd3ed8bcfbc,"{""distance"":7,""physical_error_rate"":0.0005}","{""detection_events"":148448,""detectors_checked"":76308480}"
     92160,         0,         0,    6.25,standalone_exact_mw,b0cacb7fc707c2734ebeeceefd47b6bd6784bf6b65d0613559eb8dd3ed8bcfbc,"{""distance"":7,""physical_error_rate"":0.0005}","{""detection_events"":145989,""detectors_checked"":74649600}"
     93184,         0,         0,    6.45,standalone_exact_mw,b0cacb7fc707c2734ebeeceefd47b6bd6784bf6b65d0613559eb8dd3ed8bcfbc,"{""distance"":7,""physical_error_rate"":0.0005}","{""detection_events"":147625,""detectors_checked"":75479040}"
     92138,         0,         0,    6.45,standalone_exact_mw,b0cacb7fc707c2734ebeeceefd47b6bd6784bf6b65d0613559eb8dd3ed8bcfbc,"{""distance"":7,""physical_error_rate"":0.0005}","{""detection_events"":145685,""detectors_checked"":74631780}"
     76800,         0,         0,    3.09,standalone_exact_mw,b0cacb7fc707c2734ebeeceefd47b6bd6784bf6b65d0613559eb8dd3ed8bcfbc,"{""distance"":7,""physical_error_rate"":0.0005}","{""detection_events"":120717,""detectors_checked"":62208000}"
     89088,         0,         0,    3.12,standalone_exact_mw,b0cacb7fc707c2734ebeeceefd47b6bd6784bf6b65d0613559eb8dd3ed8bcfbc,"{""distance"":7,""physical_error_rate"":0.0005}","{""detection_events"":140592,""detectors_checked"":72161280}"
     89088,         0,         0,    14.8,standalone_exact_mw,b0cacb7fc707c2734ebeeceefd47b6bd6784bf6b65d0613559eb8dd3ed8bcfbc,"{""distance"":7,""physical_error_rate"":0.0005}","{""detection_events"":140533,""detectors_checked"":72161280}"
      3050,         0,         0,   0.552,standalone_exact_mw,b0cacb7fc707c2734ebeeceefd47b6bd6784bf6b65d0613559eb8dd3ed8bcfbc,"{""distance"":7,""physical_error_rate"":0.0005}","{""detection_events"":4842,""detectors_checked"":2470500}"
     62152,         0,         0,    4.27,standalone_exact_mw,b0cacb7fc707c2734ebeeceefd47b6bd6784bf6b65d0613559eb8dd3ed8bcfbc,"{""distance"":7,""physical_error_rate"":0.0005}","{""detection_events"":98221,""detectors_checked"":50343120}"
     59192,         0,         0,    4.09,standalone_exact_mw,b0cacb7fc707c2734ebeeceefd47b6bd6784bf6b65d0613559eb8dd3ed8bcfbc,"{""distance"":7,""physical_error_rate"":0.0005}","{""detection_events"":93566,""detectors_checked"":47945520}"
     59192,         0,         0,    2.98,standalone_exact_mw,b0cacb7fc707c2734ebeeceefd47b6bd6784bf6b65d0613559eb8dd3ed8bcfbc,"{""distance"":7,""physical_error_rate"":0.0005}","{""detection_events"":93355,""detectors_checked"":47945520}"
     54272,         0,         0,    2.44,standalone_exact_mw,b0cacb7fc707c2734ebeeceefd47b6bd6784bf6b65d0613559eb8dd3ed8bcfbc,"{""distance"":7,""physical_error_rate"":0.0005}","{""detection_events"":86071,""detectors_checked"":43960320}"
     56374,         0,         0,    2.52,standalone_exact_mw,b0cacb7fc707c2734ebeeceefd47b6bd6784bf6b65d0613559eb8dd3ed8bcfbc,"{""distance"":7,""physical_error_rate"":0.0005}","{""detection_events"":89244,""detectors_checked"":45662940}"
     55296,         0,         0,    4.18,standalone_exact_mw,b0cacb7fc707c2734ebeeceefd47b6bd6784bf6b65d0613559eb8dd3ed8bcfbc,"{""distance"":7,""physical_error_rate"":0.0005}","{""detection_events"":87448,""detectors_checked"":44789760}"
     53555,         0,         0,    3.17,standalone_exact_mw,b0cacb7fc707c2734ebeeceefd47b6bd6784bf6b65d0613559eb8dd3ed8bcfbc,"{""distance"":7,""physical_error_rate"":0.0005}","{""detection_events"":84228,""detectors_checked"":43379550}"
     50176,         0,         0,    3.61,standalone_exact_mw,b0cacb7fc707c2734ebeeceefd47b6bd6784bf6b65d0613559eb8dd3ed8bcfbc,"{""distance"":7,""physical_error_rate"":0.0005}","{""detection_events"":78524,""detectors_checked"":40642560}"
     52224,         0,         0,    3.61,standalone_exact_mw,b0cacb7fc707c2734ebeeceefd47b6bd6784bf6b65d0613559eb8dd3ed8bcfbc,"{""distance"":7,""physical_error_rate"":0.0005}","{""detection_events"":82892,""detectors_checked"":42301440}"
     51200,         0,         0,    3.25,standalone_exact_mw,b0cacb7fc707c2734ebeeceefd47b6bd6784bf6b65d0613559eb8dd3ed8bcfbc,"{""distance"":7,""physical_error_rate"":0.0005}","{""detection_events"":80154,""detectors_checked"":41472000}"
     48286,         0,         0,    3.72,standalone_exact_mw,b0cacb7fc707c2734ebeeceefd47b6bd6784bf6b65d0613559eb8dd3ed8bcfbc,"{""distance"":7,""physical_error_rate"":0.0005}","{""detection_events"":76594,""detectors_checked"":39111660}"
     47104,         0,         0,    3.29,standalone_exact_mw,b0cacb7fc707c2734ebeeceefd47b6bd6784bf6b65d0613559eb8dd3ed8bcfbc,"{""distance"":7,""physical_error_rate"":0.0005}","{""detection_events"":75154,""detectors_checked"":38154240}"
     45056,         0,         0,    3.14,standalone_exact_mw,b0cacb7fc707c2734ebeeceefd47b6bd6784bf6b65d0613559eb8dd3ed8bcfbc,"{""distance"":7,""physical_error_rate"":0.0005}","{""detection_events"":70680,""detectors_checked"":36495360}"
     41984,         0,         0,    2.90,standalone_exact_mw,b0cacb7fc707c2734ebeeceefd47b6bd6784bf6b65d0613559eb8dd3ed8bcfbc,"{""distance"":7,""physical_error_rate"":0.0005}","{""detection_events"":67066,""detectors_checked"":34007040}"
     47104,         0,         0,    3.16,standalone_exact_mw,b0cacb7fc707c2734ebeeceefd47b6bd6784bf6b65d0613559eb8dd3ed8bcfbc,"{""distance"":7,""physical_error_rate"":0.0005}","{""detection_events"":74935,""detectors_checked"":38154240}"
     38912,         0,         0,    2.90,standalone_exact_mw,b0cacb7fc707c2734ebeeceefd47b6bd6784bf6b65d0613559eb8dd3ed8bcfbc,"{""distance"":7,""physical_error_rate"":0.0005}","{""detection_events"":61637,""detectors_checked"":31518720}"
     38912,         0,         0,    2.71,standalone_exact_mw,b0cacb7fc707c2734ebeeceefd47b6bd6784bf6b65d0613559eb8dd3ed8bcfbc,"{""distance"":7,""physical_error_rate"":0.0005}","{""detection_events"":60912,""detectors_checked"":31518720}"
     40960,         0,         0,    3.00,standalone_exact_mw,b0cacb7fc707c2734ebeeceefd47b6bd6784bf6b65d0613559eb8dd3ed8bcfbc,"{""distance"":7,""physical_error_rate"":0.0005}","{""detection_events"":64604,""detectors_checked"":33177600}"
     38912,         0,         0,    2.92,standalone_exact_mw,b0cacb7fc707c2734ebeeceefd47b6bd6784bf6b65d0613559eb8dd3ed8bcfbc,"{""distance"":7,""physical_error_rate"":0.0005}","{""detection_events"":61758,""detectors_checked"":31518720}"
     46080,         0,         0,    3.40,standalone_exact_mw,b0cacb7fc707c2734ebeeceefd47b6bd6784bf6b65d0613559eb8dd3ed8bcfbc,"{""distance"":7,""physical_error_rate"":0.0005}","{""detection_events"":72339,""detectors_checked"":37324800}"
      1182,         0,         0,   0.081,standalone_exact_mw,b0cacb7fc707c2734ebeeceefd47b6bd6784bf6b65d0613559eb8dd3ed8bcfbc,"{""distance"":7,""physical_error_rate"":0.0005}","{""detection_events"":1860,""detectors_checked"":957420}"
     24576,         0,         0,    1.67,standalone_exact_mw,b0cacb7fc707c2734ebeeceefd47b6bd6784bf6b65d0613559eb8dd3ed8bcfbc,"{""distance"":7,""physical_error_rate"":0.0005}","{""detection_events"":38791,""detectors_checked"":19906560}"
     15098,         0,         0,   0.543,standalone_exact_mw,b0cacb7fc707c2734ebeeceefd47b6bd6784bf6b65d0613559eb8dd3ed8bcfbc,"{""distance"":7,""physical_error_rate"":0.0005}","{""detection_events"":23513,""detectors_checked"":12229380}"
     13209,         0,         0,   0.607,standalone_exact_mw,b0cacb7fc707c2734ebeeceefd47b6bd6784bf6b65d0613559eb8dd3ed8bcfbc,"{""distance"":7,""physical_error_rate"":0.0005}","{""detection_events"":21138,""detectors_checked"":10699290}"
     17408,         0,         0,    2.38,standalone_exact_mw,b0cacb7fc707c2734ebeeceefd47b6bd6784bf6b65d0613559eb8dd3ed8bcfbc,"{""distance"":7,""physical_error_rate"":0.0005}","{""detection_events"":27147,""detectors_checked"":14100480}"
     12580,         0,         0,   0.840,standalone_exact_mw,b0cacb7fc707c2734ebeeceefd47b6bd6784bf6b65d0613559eb8dd3ed8bcfbc,"{""distance"":7,""physical_error_rate"":0.0005}","{""detection_events"":19547,""detectors_checked"":10189800}"
     13209,         0,         0,   0.724,standalone_exact_mw,b0cacb7fc707c2734ebeeceefd47b6bd6784bf6b65d0613559eb8dd3ed8bcfbc,"{""distance"":7,""physical_error_rate"":0.0005}","{""detection_events"":20878,""detectors_checked"":10699290}"
     11264,         0,         0,   0.761,standalone_exact_mw,b0cacb7fc707c2734ebeeceefd47b6bd6784bf6b65d0613559eb8dd3ed8bcfbc,"{""distance"":7,""physical_error_rate"":0.0005}","{""detection_events"":17934,""detectors_checked"":9123840}"
     11264,         0,         0,   0.798,standalone_exact_mw,b0cacb7fc707c2734ebeeceefd47b6bd6784bf6b65d0613559eb8dd3ed8bcfbc,"{""distance"":7,""physical_error_rate"":0.0005}","{""detection_events"":17648,""detectors_checked"":9123840}"
     11152,         0,         0,   0.752,standalone_exact_mw,b0cacb7fc707c2734ebeeceefd47b6bd6784bf6b65d0613559eb8dd3ed8bcfbc,"{""distance"":7,""physical_error_rate"":0.0005}","{""detection_events"":17650,""detectors_checked"":9033120}"
      9216,         0,         0,   0.625,standalone_exact_mw,b0cacb7fc707c2734ebeeceefd47b6bd6784bf6b65d0613559eb8dd3ed8bcfbc,"{""distance"":7,""physical_error_rate"":0.0005}","{""detection_events"":14857,""detectors_checked"":7464960}"
      9216,         0,         0,   0.638,standalone_exact_mw,b0cacb7fc707c2734ebeeceefd47b6bd6784bf6b65d0613559eb8dd3ed8bcfbc,"{""distance"":7,""physical_error_rate"":0.0005}","{""detection_events"":14317,""detectors_checked"":7464960}"
     11152,         0,         0,   0.773,standalone_exact_mw,b0cacb7fc707c2734ebeeceefd47b6bd6784bf6b65d0613559eb8dd3ed8bcfbc,"{""distance"":7,""physical_error_rate"":0.0005}","{""detection_events"":17882,""detectors_checked"":9033120}"
      9216,         0,         0,   0.634,standalone_exact_mw,b0cacb7fc707c2734ebeeceefd47b6bd6784bf6b65d0613559eb8dd3ed8bcfbc,"{""distance"":7,""physical_error_rate"":0.0005}","{""detection_events"":14492,""detectors_checked"":7464960}"
     10240,         0,         0,   0.694,standalone_exact_mw,b0cacb7fc707c2734ebeeceefd47b6bd6784bf6b65d0613559eb8dd3ed8bcfbc,"{""distance"":7,""physical_error_rate"":0.0005}","{""detection_events"":15987,""detectors_checked"":8294400}"
      8192,         0,         0,   0.323,standalone_exact_mw,b0cacb7fc707c2734ebeeceefd47b6bd6784bf6b65d0613559eb8dd3ed8bcfbc,"{""distance"":7,""physical_error_rate"":0.0005}","{""detection_events"":12969,""detectors_checked"":6635520}"
         3,         0,         0,   0.002,standalone_exact_mw,b0cacb7fc707c2734ebeeceefd47b6bd6784bf6b65d0613559eb8dd3ed8bcfbc,"{""distance"":7,""physical_error_rate"":0.0005}","{""detection_events"":2,""detectors_checked"":2430}"
     10240,         0,         0,   0.686,standalone_exact_mw,b0cacb7fc707c2734ebeeceefd47b6bd6784bf6b65d0613559eb8dd3ed8bcfbc,"{""distance"":7,""physical_error_rate"":0.0005}","{""detection_events"":15968,""detectors_checked"":8294400}"
      9216,         0,         0,   0.637,standalone_exact_mw,b0cacb7fc707c2734ebeeceefd47b6bd6784bf6b65d0613559eb8dd3ed8bcfbc,"{""distance"":7,""physical_error_rate"":0.0005}","{""detection_events"":14566,""detectors_checked"":7464960}"
     10240,         0,         0,   0.675,standalone_exact_mw,b0cacb7fc707c2734ebeeceefd47b6bd6784bf6b65d0613559eb8dd3ed8bcfbc,"{""distance"":7,""physical_error_rate"":0.0005}","{""detection_events"":15802,""detectors_checked"":8294400}"
        38,         0,         0,   0.003,standalone_exact_mw,b0cacb7fc707c2734ebeeceefd47b6bd6784bf6b65d0613559eb8dd3ed8bcfbc,"{""distance"":7,""physical_error_rate"":0.0005}","{""detection_events"":52,""detectors_checked"":30780}"
     10240,         0,         0,   0.698,standalone_exact_mw,b0cacb7fc707c2734ebeeceefd47b6bd6784bf6b65d0613559eb8dd3ed8bcfbc,"{""distance"":7,""physical_error_rate"":0.0005}","{""detection_events"":16106,""detectors_checked"":8294400}"
     10240,         0,         0,   0.689,standalone_exact_mw,b0cacb7fc707c2734ebeeceefd47b6bd6784bf6b65d0613559eb8dd3ed8bcfbc,"{""distance"":7,""physical_error_rate"":0.0005}","{""detection_events"":16414,""detectors_checked"":8294400}"
       727,         0,         0,   0.026,standalone_exact_mw,b0cacb7fc707c2734ebeeceefd47b6bd6784bf6b65d0613559eb8dd3ed8bcfbc,"{""distance"":7,""physical_error_rate"":0.0005}","{""detection_events"":1179,""detectors_checked"":588870}"
       283,         0,         0,   0.011,standalone_exact_mw,b0cacb7fc707c2734ebeeceefd47b6bd6784bf6b65d0613559eb8dd3ed8bcfbc,"{""distance"":7,""physical_error_rate"":0.0005}","{""detection_events"":478,""detectors_checked"":229230}"
       912,         0,         0,   0.032,standalone_exact_mw,b0cacb7fc707c2734ebeeceefd47b6bd6784bf6b65d0613559eb8dd3ed8bcfbc,"{""distance"":7,""physical_error_rate"":0.0005}","{""detection_events"":1503,""detectors_checked"":738720}"
       121,         0,         0,   0.005,standalone_exact_mw,b0cacb7fc707c2734ebeeceefd47b6bd6784bf6b65d0613559eb8dd3ed8bcfbc,"{""distance"":7,""physical_error_rate"":0.0005}","{""detection_events"":191,""detectors_checked"":98010}"
      8919,         0,         0,   0.893,standalone_exact_mw,b0cacb7fc707c2734ebeeceefd47b6bd6784bf6b65d0613559eb8dd3ed8bcfbc,"{""distance"":7,""physical_error_rate"":0.0005}","{""detection_events"":14261,""detectors_checked"":7224390}"
      3078,         0,         0,   0.111,standalone_exact_mw,b0cacb7fc707c2734ebeeceefd47b6bd6784bf6b65d0613559eb8dd3ed8bcfbc,"{""distance"":7,""physical_error_rate"":0.0005}","{""detection_events"":5104,""detectors_checked"":2493180}"
      7168,         0,         0,   0.722,standalone_exact_mw,b0cacb7fc707c2734ebeeceefd47b6bd6784bf6b65d0613559eb8dd3ed8bcfbc,"{""distance"":7,""physical_error_rate"":0.0005}","{""detection_events"":11460,""detectors_checked"":5806080}"
      8192,         0,         0,   0.626,standalone_exact_mw,b0cacb7fc707c2734ebeeceefd47b6bd6784bf6b65d0613559eb8dd3ed8bcfbc,"{""distance"":7,""physical_error_rate"":0.0005}","{""detection_events"":13115,""detectors_checked"":6635520}"
      1307,         0,         0,   0.087,standalone_exact_mw,b0cacb7fc707c2734ebeeceefd47b6bd6784bf6b65d0613559eb8dd3ed8bcfbc,"{""distance"":7,""physical_error_rate"":0.0005}","{""detection_events"":2174,""detectors_checked"":1058670}"
       418,         0,         0,   0.029,standalone_exact_mw,b0cacb7fc707c2734ebeeceefd47b6bd6784bf6b65d0613559eb8dd3ed8bcfbc,"{""distance"":7,""physical_error_rate"":0.0005}","{""detection_events"":718,""detectors_checked"":338580}"
      1267,         0,         0,   0.072,standalone_exact_mw,b0cacb7fc707c2734ebeeceefd47b6bd6784bf6b65d0613559eb8dd3ed8bcfbc,"{""distance"":7,""physical_error_rate"":0.0005}","{""detection_events"":2087,""detectors_checked"":1026270}"
       912,         0,         0,   0.059,standalone_exact_mw,b0cacb7fc707c2734ebeeceefd47b6bd6784bf6b65d0613559eb8dd3ed8bcfbc,"{""distance"":7,""physical_error_rate"":0.0005}","{""detection_events"":1412,""detectors_checked"":738720}"
      7168,         0,         0,   0.473,standalone_exact_mw,b0cacb7fc707c2734ebeeceefd47b6bd6784bf6b65d0613559eb8dd3ed8bcfbc,"{""distance"":7,""physical_error_rate"":0.0005}","{""detection_events"":11068,""detectors_checked"":5806080}"
        35,         0,         0,   0.003,standalone_exact_mw,b0cacb7fc707c2734ebeeceefd47b6bd6784bf6b65d0613559eb8dd3ed8bcfbc,"{""distance"":7,""physical_error_rate"":0.0005}","{""detection_events"":49,""detectors_checked"":28350}"
       557,         0,         0,   0.020,standalone_exact_mw,b0cacb7fc707c2734ebeeceefd47b6bd6784bf6b65d0613559eb8dd3ed8bcfbc,"{""distance"":7,""physical_error_rate"":0.0005}","{""detection_events"":881,""detectors_checked"":451170}"
        48,         0,         0,   0.003,standalone_exact_mw,b0cacb7fc707c2734ebeeceefd47b6bd6784bf6b65d0613559eb8dd3ed8bcfbc,"{""distance"":7,""physical_error_rate"":0.0005}","{""detection_events"":61,""detectors_checked"":38880}"
       159,         0,         0,   0.007,standalone_exact_mw,b0cacb7fc707c2734ebeeceefd47b6bd6784bf6b65d0613559eb8dd3ed8bcfbc,"{""distance"":7,""physical_error_rate"":0.0005}","{""detection_events"":222,""detectors_checked"":128790}"
       203,         0,         0,   0.008,standalone_exact_mw,b0cacb7fc707c2734ebeeceefd47b6bd6784bf6b65d0613559eb8dd3ed8bcfbc,"{""distance"":7,""physical_error_rate"":0.0005}","{""detection_events"":322,""detectors_checked"":164430}"
      1604,         0,         0,   0.097,standalone_exact_mw,b0cacb7fc707c2734ebeeceefd47b6bd6784bf6b65d0613559eb8dd3ed8bcfbc,"{""distance"":7,""physical_error_rate"":0.0005}","{""detection_events"":2568,""detectors_checked"":1299240}"
        63,         0,         0,   0.012,standalone_exact_mw,b0cacb7fc707c2734ebeeceefd47b6bd6784bf6b65d0613559eb8dd3ed8bcfbc,"{""distance"":7,""physical_error_rate"":0.0005}","{""detection_events"":84,""detectors_checked"":51030}"
      1945,         0,         0,   0.168,standalone_exact_mw,b0cacb7fc707c2734ebeeceefd47b6bd6784bf6b65d0613559eb8dd3ed8bcfbc,"{""distance"":7,""physical_error_rate"":0.0005}","{""detection_events"":3038,""detectors_checked"":1575450}"
      3768,         0,         0,   0.224,standalone_exact_mw,b0cacb7fc707c2734ebeeceefd47b6bd6784bf6b65d0613559eb8dd3ed8bcfbc,"{""distance"":7,""physical_error_rate"":0.0005}","{""detection_events"":6123,""detectors_checked"":3052080}"
        16,         0,         0,   0.002,standalone_exact_mw,b0cacb7fc707c2734ebeeceefd47b6bd6784bf6b65d0613559eb8dd3ed8bcfbc,"{""distance"":7,""physical_error_rate"":0.0005}","{""detection_events"":30,""detectors_checked"":12960}"
      1936,         0,         0,   0.148,standalone_exact_mw,b0cacb7fc707c2734ebeeceefd47b6bd6784bf6b65d0613559eb8dd3ed8bcfbc,"{""distance"":7,""physical_error_rate"":0.0005}","{""detection_events"":3103,""detectors_checked"":1568160}"
      4290,         0,         0,   0.460,standalone_exact_mw,b0cacb7fc707c2734ebeeceefd47b6bd6784bf6b65d0613559eb8dd3ed8bcfbc,"{""distance"":7,""physical_error_rate"":0.0005}","{""detection_events"":6668,""detectors_checked"":3474900}"
      2793,         0,         0,   0.181,standalone_exact_mw,b0cacb7fc707c2734ebeeceefd47b6bd6784bf6b65d0613559eb8dd3ed8bcfbc,"{""distance"":7,""physical_error_rate"":0.0005}","{""detection_events"":4394,""detectors_checked"":2262330}"
         9,         0,         0,   0.002,standalone_exact_mw,b0cacb7fc707c2734ebeeceefd47b6bd6784bf6b65d0613559eb8dd3ed8bcfbc,"{""distance"":7,""physical_error_rate"":0.0005}","{""detection_events"":18,""detectors_checked"":7290}"
         3,         0,         0,   0.002,standalone_exact_mw,b0cacb7fc707c2734ebeeceefd47b6bd6784bf6b65d0613559eb8dd3ed8bcfbc,"{""distance"":7,""physical_error_rate"":0.0005}","{""detectors_checked"":2430}"
         9,         0,         0,   0.002,standalone_exact_mw,b0cacb7fc707c2734ebeeceefd47b6bd6784bf6b65d0613559eb8dd3ed8bcfbc,"{""distance"":7,""physical_error_rate"":0.0005}","{""detection_events"":12,""detectors_checked"":7290}"
      3755,         0,         0,   0.262,standalone_exact_mw,b0cacb7fc707c2734ebeeceefd47b6bd6784bf6b65d0613559eb8dd3ed8bcfbc,"{""distance"":7,""physical_error_rate"":0.0005}","{""detection_events"":5792,""detectors_checked"":3041550}"
        16,         0,         0,   0.002,standalone_exact_mw,b0cacb7fc707c2734ebeeceefd47b6bd6784bf6b65d0613559eb8dd3ed8bcfbc,"{""distance"":7,""physical_error_rate"":0.0005}","{""detection_events"":35,""detectors_checked"":12960}"
      2217,         0,         0,   0.133,standalone_exact_mw,b0cacb7fc707c2734ebeeceefd47b6bd6784bf6b65d0613559eb8dd3ed8bcfbc,"{""distance"":7,""physical_error_rate"":0.0005}","{""detection_events"":3628,""detectors_checked"":1795770}"
      3072,         0,         0,   0.210,standalone_exact_mw,b0cacb7fc707c2734ebeeceefd47b6bd6784bf6b65d0613559eb8dd3ed8bcfbc,"{""distance"":7,""physical_error_rate"":0.0005}","{""detection_events"":4622,""detectors_checked"":2488320}"
       465,         0,         0,   0.028,standalone_exact_mw,b0cacb7fc707c2734ebeeceefd47b6bd6784bf6b65d0613559eb8dd3ed8bcfbc,"{""distance"":7,""physical_error_rate"":0.0005}","{""detection_events"":759,""detectors_checked"":376650}"
         3,         0,         0,   0.002,standalone_exact_mw,b0cacb7fc707c2734ebeeceefd47b6bd6784bf6b65d0613559eb8dd3ed8bcfbc,"{""distance"":7,""physical_error_rate"":0.0005}","{""detectors_checked"":2430}"
      1748,         0,         0,   0.113,standalone_exact_mw,b0cacb7fc707c2734ebeeceefd47b6bd6784bf6b65d0613559eb8dd3ed8bcfbc,"{""distance"":7,""physical_error_rate"":0.0005}","{""detection_events"":2717,""detectors_checked"":1415880}"
       209,         0,         0,   0.009,standalone_exact_mw,b0cacb7fc707c2734ebeeceefd47b6bd6784bf6b65d0613559eb8dd3ed8bcfbc,"{""distance"":7,""physical_error_rate"":0.0005}","{""detection_events"":338,""detectors_checked"":169290}"
       955,         0,         0,   0.060,standalone_exact_mw,b0cacb7fc707c2734ebeeceefd47b6bd6784bf6b65d0613559eb8dd3ed8bcfbc,"{""distance"":7,""physical_error_rate"":0.0005}","{""detection_events"":1550,""detectors_checked"":773550}"
      2048,         0,         0,   0.131,standalone_exact_mw,b0cacb7fc707c2734ebeeceefd47b6bd6784bf6b65d0613559eb8dd3ed8bcfbc,"{""distance"":7,""physical_error_rate"":0.0005}","{""detection_events"":3220,""detectors_checked"":1658880}"
      1875,         0,         0,   0.095,standalone_exact_mw,b0cacb7fc707c2734ebeeceefd47b6bd6784bf6b65d0613559eb8dd3ed8bcfbc,"{""distance"":7,""physical_error_rate"":0.0005}","{""detection_events"":3027,""detectors_checked"":1518750}"
        80,         0,         0,   0.004,standalone_exact_mw,b0cacb7fc707c2734ebeeceefd47b6bd6784bf6b65d0613559eb8dd3ed8bcfbc,"{""distance"":7,""physical_error_rate"":0.0005}","{""detection_events"":138,""detectors_checked"":64800}"
       169,         0,         0,   0.007,standalone_exact_mw,b0cacb7fc707c2734ebeeceefd47b6bd6784bf6b65d0613559eb8dd3ed8bcfbc,"{""distance"":7,""physical_error_rate"":0.0005}","{""detection_events"":295,""detectors_checked"":136890}"
        86,         0,         0,   0.004,standalone_exact_mw,b0cacb7fc707c2734ebeeceefd47b6bd6784bf6b65d0613559eb8dd3ed8bcfbc,"{""distance"":7,""physical_error_rate"":0.0005}","{""detection_events"":102,""detectors_checked"":69660}"
         4,         0,         0,   0.002,standalone_exact_mw,b0cacb7fc707c2734ebeeceefd47b6bd6784bf6b65d0613559eb8dd3ed8bcfbc,"{""distance"":7,""physical_error_rate"":0.0005}","{""detection_events"":12,""detectors_checked"":3240}"
       262,         0,         0,   0.020,standalone_exact_mw,b0cacb7fc707c2734ebeeceefd47b6bd6784bf6b65d0613559eb8dd3ed8bcfbc,"{""distance"":7,""physical_error_rate"":0.0005}","{""detection_events"":439,""detectors_checked"":212220}"
      1748,         0,         0,   0.115,standalone_exact_mw,b0cacb7fc707c2734ebeeceefd47b6bd6784bf6b65d0613559eb8dd3ed8bcfbc,"{""distance"":7,""physical_error_rate"":0.0005}","{""detection_events"":2770,""detectors_checked"":1415880}"
      1476,         0,         0,   0.092,standalone_exact_mw,b0cacb7fc707c2734ebeeceefd47b6bd6784bf6b65d0613559eb8dd3ed8bcfbc,"{""distance"":7,""physical_error_rate"":0.0005}","{""detection_events"":2420,""detectors_checked"":1195560}"
      1748,         0,         0,   0.113,standalone_exact_mw,b0cacb7fc707c2734ebeeceefd47b6bd6784bf6b65d0613559eb8dd3ed8bcfbc,"{""distance"":7,""physical_error_rate"":0.0005}","{""detection_events"":2676,""detectors_checked"":1415880}"
   1143808,         0,         0,   119.9,standalone_exact_mw,c63d9dbf283cbe8d7d2c9891770aca900c170ab5c3de0408fa399997170cec3d,"{""distance"":7,""physical_error_rate"":0.001}","{""detection_events"":3603870,""detectors_checked"":926484480}"
   1139712,         0,         0,   119.8,standalone_exact_mw,20c8daca17953576b13a32f59e5f9cb54485b277119f4e6925e9023b8dd1f351,"{""distance"":7,""physical_error_rate"":0.002}","{""detection_events"":7134534,""detectors_checked"":923166720}"
    781312,         0,         0,   119.9,standalone_exact_mw,20c8daca17953576b13a32f59e5f9cb54485b277119f4e6925e9023b8dd1f351,"{""distance"":7,""physical_error_rate"":0.002}","{""detection_events"":4889320,""detectors_checked"":632862720}"
    960512,         0,         0,   119.9,standalone_exact_mw,c63d9dbf283cbe8d7d2c9891770aca900c170ab5c3de0408fa399997170cec3d,"{""distance"":7,""physical_error_rate"":0.001}","{""detection_events"":3027268,""detectors_checked"":778014720}"
    852992,         0,         0,   120.0,standalone_exact_mw,20c8daca17953576b13a32f59e5f9cb54485b277119f4e6925e9023b8dd1f351,"{""distance"":7,""physical_error_rate"":0.002}","{""detection_events"":5343725,""detectors_checked"":690923520}"
   1179648,         1,         0,   119.8,standalone_exact_mw,20c8daca17953576b13a32f59e5f9cb54485b277119f4e6925e9023b8dd1f351,"{""distance"":7,""physical_error_rate"":0.002}","{""detection_events"":7387465,""detectors_checked"":955514880,""obs_mistake_mask=E"":1}"
   1252352,         0,         0,   119.8,standalone_exact_mw,20c8daca17953576b13a32f59e5f9cb54485b277119f4e6925e9023b8dd1f351,"{""distance"":7,""physical_error_rate"":0.002}","{""detection_events"":7846598,""detectors_checked"":1014405120}"
   1158144,         0,         0,   119.9,standalone_exact_mw,c63d9dbf283cbe8d7d2c9891770aca900c170ab5c3de0408fa399997170cec3d,"{""distance"":7,""physical_error_rate"":0.001}","{""detection_events"":3653324,""detectors_checked"":938096640}"
   1417216,         0,         0,   119.9,standalone_exact_mw,c63d9dbf283cbe8d7d2c9891770aca900c170ab5c3de0408fa399997170cec3d,"{""distance"":7,""physical_error_rate"":0.001}","{""detection_events"":4461384,""detectors_checked"":1147944960}"
   1474560,         0,         0,   119.8,standalone_exact_mw,c63d9dbf283cbe8d7d2c9891770aca900c170ab5c3de0408fa399997170cec3d,"{""distance"":7,""physical_error_rate"":0.001}","{""detection_events"":4637793,""detectors_checked"":1194393600}"
   1489920,         0,         0,   119.9,standalone_exact_mw,c63d9dbf283cbe8d7d2c9891770aca900c170ab5c3de0408fa399997170cec3d,"{""distance"":7,""physical_error_rate"":0.001}","{""detection_events"":4698132,""detectors_checked"":1206835200}"
   1095680,         0,         0,   119.7,standalone_exact_mw,c63d9dbf283cbe8d7d2c9891770aca900c170ab5c3de0408fa399997170cec3d,"{""distance"":7,""physical_error_rate"":0.001}","{""detection_events"":3450326,""detectors_checked"":887500800}"
   2362368,         0,         0,   119.9,standalone_exact_mw,c63d9dbf283cbe8d7d2c9891770aca900c170ab5c3de0408fa399997170cec3d,"{""distance"":7,""physical_error_rate"":0.001}","{""detection_events"":7444240,""detectors_checked"":1913518080}"
   1060864,         0,         0,   119.9,standalone_exact_mw,c63d9dbf283cbe8d7d2c9891770aca900c170ab5c3de0408fa399997170cec3d,"{""distance"":7,""physical_error_rate"":0.001}","{""detection_events"":3349383,""detectors_checked"":859299840}"
    936960,         0,         0,   120.0,standalone_exact_mw,20c8daca17953576b13a32f59e5f9cb54485b277119f4e6925e9023b8dd1f351,"{""distance"":7,""physical_error_rate"":0.002}","{""detection_events"":5871358,""detectors_checked"":758937600}"
   1112064,         0,         0,   120.0,standalone_exact_mw,20c8daca17953576b13a32f59e5f9cb54485b277119f4e6925e9023b8dd1f351,"{""distance"":7,""physical_error_rate"":0.002}","{""detection_events"":6974052,""detectors_checked"":900771840}"
   1180672,         0,         0,   119.9,standalone_exact_mw,20c8daca17953576b13a32f59e5f9cb54485b277119f4e6925e9023b8dd1f351,"{""distance"":7,""physical_error_rate"":0.002}","{""detection_events"":7395086,""detectors_checked"":956344320}"
   1459200,         0,         0,   119.9,standalone_exact_mw,c63d9dbf283cbe8d7d2c9891770aca900c170ab5c3de0408fa399997170cec3d,"{""distance"":7,""physical_error_rate"":0.001}","{""detection_events"":4599953,""detectors_checked"":1181952000}"
    910336,         0,         0,   119.9,standalone_exact_mw,20c8daca17953576b13a32f59e5f9cb54485b277119f4e6925e9023b8dd1f351,"{""distance"":7,""physical_error_rate"":0.002}","{""detection_events"":5699581,""detectors_checked"":737372160}"
   1329152,         0,         0,   119.9,standalone_exact_mw,c63d9dbf283cbe8d7d2c9891770aca900c170ab5c3de0408fa399997170cec3d,"{""distance"":7,""physical_error_rate"":0.001}","{""detection_events"":4190047,""detectors_checked"":1076613120}"
    758784,         0,         0,   119.9,standalone_exact_mw,20c8daca17953576b13a32f59e5f9cb54485b277119f4e6925e9023b8dd1f351,"{""distance"":7,""physical_error_rate"":0.002}","{""detection_events"":4756579,""detectors_checked"":614615040}"
   1361920,         0,         0,   119.9,standalone_exact_mw,c63d9dbf283cbe8d7d2c9891770aca900c170ab5c3de0408fa399997170cec3d,"{""distance"":7,""physical_error_rate"":0.001}","{""detection_events"":4296043,""detectors_checked"":1103155200}"
    909312,         0,         0,   120.0,standalone_exact_mw,20c8daca17953576b13a32f59e5f9cb54485b277119f4e6925e9023b8dd1f351,"{""distance"":7,""physical_error_rate"":0.002}","{""detection_events"":5695741,""detectors_checked"":736542720}"
   1817600,         0,         0,   119.9,standalone_exact_mw,20c8daca17953576b13a32f59e5f9cb54485b277119f4e6925e9023b8dd1f351,"{""distance"":7,""physical_error_rate"":0.002}","{""detection_events"":11388685,""detectors_checked"":1472256000}"
   1029120,         0,         0,   120.0,standalone_exact_mw,20c8daca17953576b13a32f59e5f9cb54485b277119f4e6925e9023b8dd1f351,"{""distance"":7,""physical_error_rate"":0.002}","{""detection_events"":6451449,""detectors_checked"":833587200}"
    985088,         0,         0,   120.0,standalone_exact_mw,20c8daca17953576b13a32f59e5f9cb54485b277119f4e6925e9023b8dd1f351,"{""distance"":7,""physical_error_rate"":0.002}","{""detection_events"":6176848,""detectors_checked"":797921280}"
   1256448,         0,         0,   119.8,standalone_exact_mw,c63d9dbf283cbe8d7d2c9891770aca900c170ab5c3de0408fa399997170cec3d,"{""distance"":7,""physical_error_rate"":0.001}","{""detection_events"":3961899,""detectors_checked"":1017722880}"
    894976,         0,         0,   119.9,standalone_exact_mw,20c8daca17953576b13a32f59e5f9cb54485b277119f4e6925e9023b8dd1f351,"{""distance"":7,""physical_error_rate"":0.002}","{""detection_events"":5604759,""detectors_checked"":724930560}"
    902144,         0,         0,   119.9,standalone_exact_mw,20c8daca17953576b13a32f59e5f9cb54485b277119f4e6925e9023b8dd1f351,"{""distance"":7,""physical_error_rate"":0.002}","{""detection_events"":5655687,""detectors_checked"":730736640}"
   1241088,         0,         0,   120.0,standalone_exact_mw,c63d9dbf283cbe8d7d2c9891770aca900c170ab5c3de0408fa399997170cec3d,"{""distance"":7,""physical_error_rate"":0.001}","{""detection_events"":3913823,""detectors_checked"":1005281280}"
    906240,         0,         0,   120.0,standalone_exact_mw,20c8daca17953576b13a32f59e5f9cb54485b277119f4e6925e9023b8dd1f351,"{""distance"":7,""physical_error_rate"":0.002}","{""detection_events"":5683611,""detectors_checked"":734054400}"
    928768,         0,         0,   119.9,standalone_exact_mw,20c8daca17953576b13a32f59e5f9cb54485b277119f4e6925e9023b8dd1f351,"{""distance"":7,""physical_error_rate"":0.002}","{""detection_events"":5817548,""detectors_checked"":752302080}"
   2354176,         0,         0,   119.9,standalone_exact_mw,c63d9dbf283cbe8d7d2c9891770aca900c170ab5c3de0408fa399997170cec3d,"{""distance"":7,""physical_error_rate"":0.001}","{""detection_events"":7424948,""detectors_checked"":1906882560}"
   1115136,         0,         0,   119.9,standalone_exact_mw,c63d9dbf283cbe8d7d2c9891770aca900c170ab5c3de0408fa399997170cec3d,"{""distance"":7,""physical_error_rate"":0.001}","{""detection_events"":3513955,""detectors_checked"":903260160}"
   1192960,         0,         0,   119.9,standalone_exact_mw,c63d9dbf283cbe8d7d2c9891770aca900c170ab5c3de0408fa399997170cec3d,"{""distance"":7,""physical_error_rate"":0.001}","{""detection_events"":3756693,""detectors_checked"":966297600}"
   1089536,         0,         0,   119.9,standalone_exact_mw,c63d9dbf283cbe8d7d2c9891770aca900c170ab5c3de0408fa399997170cec3d,"{""distance"":7,""physical_error_rate"":0.001}","{""detection_events"":3429643,""detectors_checked"":882524160}"
    936960,         0,         0,   120.0,standalone_exact_mw,20c8daca17953576b13a32f59e5f9cb54485b277119f4e6925e9023b8dd1f351,"{""distance"":7,""physical_error_rate"":0.002}","{""detection_events"":5866746,""detectors_checked"":758937600}"
   2275328,         0,         0,   119.9,standalone_exact_mw,c63d9dbf283cbe8d7d2c9891770aca900c170ab5c3de0408fa399997170cec3d,"{""distance"":7,""physical_error_rate"":0.001}","{""detection_events"":7173210,""detectors_checked"":1843015680}"
    857088,         0,         0,   120.2,standalone_exact_mw,20c8daca17953576b13a32f59e5f9cb54485b277119f4e6925e9023b8dd1f351,"{""distance"":7,""physical_error_rate"":0.002}","{""detection_events"":5372535,""detectors_checked"":694241280}"
   1831936,         0,         0,   120.0,standalone_exact_mw,20c8daca17953576b13a32f59e5f9cb54485b277119f4e6925e9023b8dd1f351,"{""distance"":7,""physical_error_rate"":0.002}","{""detection_events"":11485853,""detectors_checked"":1483868160}"
   1583104,         0,         0,   119.8,standalone_exact_mw,c63d9dbf283cbe8d7d2c9891770aca900c170ab5c3de0408fa399997170cec3d,"{""distance"":7,""physical_error_rate"":0.001}","{""detection_events"":4991515,""detectors_checked"":1282314240}"
       273,         0,         0,   0.018,standalone_exact_mw,c63d9dbf283cbe8d7d2c9891770aca900c170ab5c3de0408fa399997170cec3d,"{""distance"":7,""physical_error_rate"":0.001}","{""detection_events"":888,""detectors_checked"":221130}"
      1024,         0,         0,   0.048,standalone_exact_mw,c63d9dbf283cbe8d7d2c9891770aca900c170ab5c3de0408fa399997170cec3d,"{""distance"":7,""physical_error_rate"":0.001}","{""detection_events"":3184,""detectors_checked"":829440}"
      1024,         0,         0,   0.047,standalone_exact_mw,c63d9dbf283cbe8d7d2c9891770aca900c170ab5c3de0408fa399997170cec3d,"{""distance"":7,""physical_error_rate"":0.001}","{""detection_events"":3069,""detectors_checked"":829440}"
      1024,         0,         0,   0.047,standalone_exact_mw,c63d9dbf283cbe8d7d2c9891770aca900c170ab5c3de0408fa399997170cec3d,"{""distance"":7,""physical_error_rate"":0.001}","{""detection_events"":3276,""detectors_checked"":829440}"
   1145856,         0,         0,   119.8,standalone_exact_mw,c63d9dbf283cbe8d7d2c9891770aca900c170ab5c3de0408fa399997170cec3d,"{""distance"":7,""physical_error_rate"":0.001}","{""detection_events"":3612991,""detectors_checked"":928143360}"
      1024,         0,         0,   0.048,standalone_exact_mw,c63d9dbf283cbe8d7d2c9891770aca900c170ab5c3de0408fa399997170cec3d,"{""distance"":7,""physical_error_rate"":0.001}","{""detection_events"":3178,""detectors_checked"":829440}"
      2048,         0,         0,   0.109,standalone_exact_mw,c63d9dbf283cbe8d7d2c9891770aca900c170ab5c3de0408fa399997170cec3d,"{""distance"":7,""physical_error_rate"":0.001}","{""detection_events"":6387,""detectors_checked"":1658880}"
      2048,         0,         0,   0.110,standalone_exact_mw,c63d9dbf283cbe8d7d2c9891770aca900c170ab5c3de0408fa399997170cec3d,"{""distance"":7,""physical_error_rate"":0.001}","{""detection_events"":6569,""detectors_checked"":1658880}"
      3072,         0,         0,   0.145,standalone_exact_mw,c63d9dbf283cbe8d7d2c9891770aca900c170ab5c3de0408fa399997170cec3d,"{""distance"":7,""physical_error_rate"":0.001}","{""detection_events"":9747,""detectors_checked"":2488320}"
      4096,         0,         0,   0.193,standalone_exact_mw,c63d9dbf283cbe8d7d2c9891770aca900c170ab5c3de0408fa399997170cec3d,"{""distance"":7,""physical_error_rate"":0.001}","{""detection_events"":12770,""detectors_checked"":3317760}"
      5120,         0,         0,   0.237,standalone_exact_mw,c63d9dbf283cbe8d7d2c9891770aca900c170ab5c3de0408fa399997170cec3d,"{""distance"":7,""physical_error_rate"":0.001}","{""detection_events"":15793,""detectors_checked"":4147200}"
      6144,         0,         0,   0.289,standalone_exact_mw,c63d9dbf283cbe8d7d2c9891770aca900c170ab5c3de0408fa399997170cec3d,"{""distance"":7,""physical_error_rate"":0.001}","{""detection_events"":19635,""detectors_checked"":4976640}"
      9216,         0,         0,   0.430,standalone_exact_mw,c63d9dbf283cbe8d7d2c9891770aca900c170ab5c3de0408fa399997170cec3d,"{""distance"":7,""physical_error_rate"":0.001}","{""detection_events"":29108,""detectors_checked"":7464960}"
     12288,         0,         0,   0.574,standalone_exact_mw,c63d9dbf283cbe8d7d2c9891770aca900c170ab5c3de0408fa399997170cec3d,"{""distance"":7,""physical_error_rate"":0.001}","{""detection_events"":38893,""detectors_checked"":9953280}"
   1855488,         0,         0,   119.9,standalone_exact_mw,20c8daca17953576b13a32f59e5f9cb54485b277119f4e6925e9023b8dd1f351,"{""distance"":7,""physical_error_rate"":0.002}","{""detection_events"":11625688,""detectors_checked"":1502945280}"
     17408,         0,         0,   0.812,standalone_exact_mw,c63d9dbf283cbe8d7d2c9891770aca900c170ab5c3de0408fa399997170cec3d,"{""distance"":7,""physical_error_rate"":0.001}","{""detection_events"":54489,""detectors_checked"":14100480}"
       273,         0,         0,   0.018,standalone_exact_mw,c63d9dbf283cbe8d7d2c9891770aca900c170ab5c3de0408fa399997170cec3d,"{""distance"":7,""physical_error_rate"":0.001}","{""detection_events"":852,""detectors_checked"":221130}"
      1024,         0,         0,   0.047,standalone_exact_mw,c63d9dbf283cbe8d7d2c9891770aca900c170ab5c3de0408fa399997170cec3d,"{""distance"":7,""physical_error_rate"":0.001}","{""detection_events"":3156,""detectors_checked"":829440}"
      1024,         0,         0,   0.047,standalone_exact_mw,c63d9dbf283cbe8d7d2c9891770aca900c170ab5c3de0408fa399997170cec3d,"{""distance"":7,""physical_error_rate"":0.001}","{""detection_events"":3244,""detectors_checked"":829440}"
      1024,         0,         0,   0.047,standalone_exact_mw,c63d9dbf283cbe8d7d2c9891770aca900c170ab5c3de0408fa399997170cec3d,"{""distance"":7,""physical_error_rate"":0.001}","{""detection_events"":3248,""detectors_checked"":829440}"
      1024,         0,         0,   0.047,standalone_exact_mw,c63d9dbf283cbe8d7d2c9891770aca900c170ab5c3de0408fa399997170cec3d,"{""distance"":7,""physical_error_rate"":0.001}","{""detection_events"":3303,""detectors_checked"":829440}"
      2048,         0,         0,   0.095,standalone_exact_mw,c63d9dbf283cbe8d7d2c9891770aca900c170ab5c3de0408fa399997170cec3d,"{""distance"":7,""physical_error_rate"":0.001}","{""detection_events"":6533,""detectors_checked"":1658880}"
      2048,         0,         0,   0.093,standalone_exact_mw,c63d9dbf283cbe8d7d2c9891770aca900c170ab5c3de0408fa399997170cec3d,"{""distance"":7,""physical_error_rate"":0.001}","{""detection_events"":6387,""detectors_checked"":1658880}"
      3072,         0,         0,   0.140,standalone_exact_mw,c63d9dbf283cbe8d7d2c9891770aca900c170ab5c3de0408fa399997170cec3d,"{""distance"":7,""physical_error_rate"":0.001}","{""detection_events"":9522,""detectors_checked"":2488320}"
     24576,         0,         0,    1.15,standalone_exact_mw,c63d9dbf283cbe8d7d2c9891770aca900c170ab5c3de0408fa399997170cec3d,"{""distance"":7,""physical_error_rate"":0.001}","{""detection_events"":78031,""detectors_checked"":19906560}"
      4096,         0,         0,   0.188,standalone_exact_mw,c63d9dbf283cbe8d7d2c9891770aca900c170ab5c3de0408fa399997170cec3d,"{""distance"":7,""physical_error_rate"":0.001}","{""detection_events"":12876,""detectors_checked"":3317760}"
      5120,         0,         0,   0.232,standalone_exact_mw,c63d9dbf283cbe8d7d2c9891770aca900c170ab5c3de0408fa399997170cec3d,"{""distance"":7,""physical_error_rate"":0.001}","{""detection_events"":15696,""detectors_checked"":4147200}"
      7168,         0,         0,   0.330,standalone_exact_mw,c63d9dbf283cbe8d7d2c9891770aca900c170ab5c3de0408fa399997170cec3d,"{""distance"":7,""physical_error_rate"":0.001}","{""detection_events"":22763,""detectors_checked"":5806080}"
      9216,         0,         0,   0.425,standalone_exact_mw,c63d9dbf283cbe8d7d2c9891770aca900c170ab5c3de0408fa399997170cec3d,"{""distance"":7,""physical_error_rate"":0.001}","{""detection_events"":29049,""detectors_checked"":7464960}"
     33792,         0,         0,    1.58,standalone_exact_mw,c63d9dbf283cbe8d7d2c9891770aca900c170ab5c3de0408fa399997170cec3d,"{""distance"":7,""physical_error_rate"":0.001}","{""detection_events"":106140,""detectors_checked"":27371520}"
     13312,         0,         0,   0.609,standalone_exact_mw,c63d9dbf283cbe8d7d2c9891770aca900c170ab5c3de0408fa399997170cec3d,"{""distance"":7,""physical_error_rate"":0.001}","{""detection_events"":41558,""detectors_checked"":10782720}"
     17408,         0,         0,   0.801,standalone_exact_mw,c63d9dbf283cbe8d7d2c9891770aca900c170ab5c3de0408fa399997170cec3d,"{""distance"":7,""physical_error_rate"":0.001}","{""detection_events"":54626,""detectors_checked"":14100480}"
     24576,         0,         0,    1.13,standalone_exact_mw,c63d9dbf283cbe8d7d2c9891770aca900c170ab5c3de0408fa399997170cec3d,"{""distance"":7,""physical_error_rate"":0.001}","{""detection_events"":77304,""detectors_checked"":19906560}"
     47104,         0,         0,    2.20,standalone_exact_mw,c63d9dbf283cbe8d7d2c9891770aca900c170ab5c3de0408fa399997170cec3d,"{""distance"":7,""physical_error_rate"":0.001}","{""detection_events"":148656,""detectors_checked"":38154240}"
     33792,         0,         0,    1.57,standalone_exact_mw,c63d9dbf283cbe8d7d2c9891770aca900c170ab5c3de0408fa399997170cec3d,"{""distance"":7,""physical_error_rate"":0.001}","{""detection_events"":107089,""detectors_checked"":27371520}"
     65536,         0,         0,    3.07,standalone_exact_mw,c63d9dbf283cbe8d7d2c9891770aca900c170ab5c3de0408fa399997170cec3d,"{""distance"":7,""physical_error_rate"":0.001}","{""detection_events"":206263,""detectors_checked"":53084160}"
     48128,         0,         0,    2.21,standalone_exact_mw,c63d9dbf283cbe8d7d2c9891770aca900c170ab5c3de0408fa399997170cec3d,"{""distance"":7,""physical_error_rate"":0.001}","{""detection_events"":150192,""detectors_checked"":38983680}"
   1192960,         0,         0,   119.9,standalone_exact_mw,c63d9dbf283cbe8d7d2c9891770aca900c170ab5c3de0408fa399997170cec3d,"{""distance"":7,""physical_error_rate"":0.001}","{""detection_events"":3754112,""detectors_checked"":966297600}"
     66560,         0,         0,    3.06,standalone_exact_mw,c63d9dbf283cbe8d7d2c9891770aca900c170ab5c3de0408fa399997170cec3d,"{""distance"":7,""physical_error_rate"":0.001}","{""detection_events"":209559,""detectors_checked"":53913600}"
     91136,         0,         0,    4.27,standalone_exact_mw,c63d9dbf283cbe8d7d2c9891770aca900c170ab5c3de0408fa399997170cec3d,"{""distance"":7,""physical_error_rate"":0.001}","{""detection_events"":287811,""detectors_checked"":73820160}"
   1152000,         0,         0,   119.9,standalone_exact_mw,20c8daca17953576b13a32f59e5f9cb54485b277119f4e6925e9023b8dd1f351,"{""distance"":7,""physical_error_rate"":0.002}","{""detection_events"":7212041,""detectors_checked"":933120000}"
     93184,         0,         0,    4.31,standalone_exact_mw,c63d9dbf283cbe8d7d2c9891770aca900c170ab5c3de0408fa399997170cec3d,"{""distance"":7,""physical_error_rate"":0.001}","{""detection_events"":294013,""detectors_checked"":75479040}"
    128000,         0,         0,    5.99,standalone_exact_mw,c63d9dbf283cbe8d7d2c9891770aca900c170ab5c3de0408fa399997170cec3d,"{""distance"":7,""physical_error_rate"":0.001}","{""detection_events"":403721,""detectors_checked"":103680000}"
    126976,         0,         0,    5.98,standalone_exact_mw,c63d9dbf283cbe8d7d2c9891770aca900c170ab5c3de0408fa399997170cec3d,"{""distance"":7,""physical_error_rate"":0.001}","{""detection_events"":399171,""detectors_checked"":102850560}"
    869376,         0,         0,   120.1,standalone_exact_mw,20c8daca17953576b13a32f59e5f9cb54485b277119f4e6925e9023b8dd1f351,"{""distance"":7,""physical_error_rate"":0.002}","{""detection_events"":5445081,""detectors_checked"":704194560}"
   1153024,         0,         0,   119.9,standalone_exact_mw,c63d9dbf283cbe8d7d2c9891770aca900c170ab5c3de0408fa399997170cec3d,"{""distance"":7,""physical_error_rate"":0.001}","{""detection_events"":3635501,""detectors_checked"":933949440}"
    774144,         0,         0,   120.0,standalone_exact_mw,20c8daca17953576b13a32f59e5f9cb54485b277119f4e6925e9023b8dd1f351,"{""distance"":7,""physical_error_rate"":0.002}","{""detection_events"":4853871,""detectors_checked"":627056640}"
    175104,         0,         0,    8.40,standalone_exact_mw,c63d9dbf283cbe8d7d2c9891770aca900c170ab5c3de0408fa399997170cec3d,"{""distance"":7,""physical_error_rate"":0.001}","{""detection_events"":551726,""detectors_checked"":141834240}"
   1147904,         0,         0,   120.0,standalone_exact_mw,20c8daca17953576b13a32f59e5f9cb54485b277119f4e6925e9023b8dd1f351,"{""distance"":7,""physical_error_rate"":0.002}","{""detection_events"":7197096,""detectors_checked"":929802240}"
    181248,         0,         0,    8.37,standalone_exact_mw,c63d9dbf283cbe8d7d2c9891770aca900c170ab5c3de0408fa399997170cec3d,"{""distance"":7,""physical_error_rate"":0.001}","{""detection_events"":570829,""detectors_checked"":146810880}"
   1186816,         0,         0,   119.9,standalone_exact_mw,20c8daca17953576b13a32f59e5f9cb54485b277119f4e6925e9023b8dd1f351,"{""distance"":7,""physical_error_rate"":0.002}","{""detection_events"":7438334,""detectors_checked"":961320960}"
   1132544,         0,         0,   119.8,standalone_exact_mw,c63d9dbf283cbe8d7d2c9891770aca900c170ab5c3de0408fa399997170cec3d,"{""distance"":7,""physical_error_rate"":0.001}","{""detection_events"":3564960,""detectors_checked"":917360640}"
   1453056,         0,         0,   120.0,standalone_exact_mw,c63d9dbf283cbe8d7d2c9891770aca900c170ab5c3de0408fa399997170cec3d,"{""distance"":7,""physical_error_rate"":0.001}","{""detection_events"":4584259,""detectors_checked"":1176975360}"
   1590272,         0,         0,   119.8,standalone_exact_mw,c63d9dbf283cbe8d7d2c9891770aca900c170ab5c3de0408fa399997170cec3d,"{""distance"":7,""physical_error_rate"":0.001}","{""detection_events"":5013360,""detectors_checked"":1288120320}"
    249856,         0,         0,    11.7,standalone_exact_mw,c63d9dbf283cbe8d7d2c9891770aca900c170ab5c3de0408fa399997170cec3d,"{""distance"":7,""physical_error_rate"":0.001}","{""detection_events"":788835,""detectors_checked"":202383360}"
   1371136,         0,         0,   120.0,standalone_exact_mw,c63d9dbf283cbe8d7d2c9891770aca900c170ab5c3de0408fa399997170cec3d,"{""distance"":7,""physical_error_rate"":0.001}","{""detection_events"":4319552,""detectors_checked"":1110620160}"
   1103872,         0,         0,   119.9,standalone_exact_mw,c63d9dbf283cbe8d7d2c9891770aca900c170ab5c3de0408fa399997170cec3d,"{""distance"":7,""physical_error_rate"":0.001}","{""detection_events"":3477095,""detectors_checked"":894136320}"
    252928,         0,         0,    11.7,standalone_exact_mw,c63d9dbf283cbe8d7d2c9891770aca900c170ab5c3de0408fa399997170cec3d,"{""distance"":7,""physical_error_rate"":0.001}","{""detection_events"":795673,""detectors_checked"":204871680}"
   2341888,         0,         0,   119.9,standalone_exact_mw,c63d9dbf283cbe8d7d2c9891770aca900c170ab5c3de0408fa399997170cec3d,"{""distance"":7,""physical_error_rate"":0.001}","{""detection_events"":7380938,""detectors_checked"":1896929280}"
   1075200,         0,         0,   119.9,standalone_exact_mw,c63d9dbf283cbe8d7d2c9891770aca900c170ab5c3de0408fa399997170cec3d,"{""distance"":7,""physical_error_rate"":0.001}","{""detection_events"":3389526,""detectors_checked"":870912000}"
    928768,         0,         0,   120.0,standalone_exact_mw,20c8daca17953576b13a32f59e5f9cb54485b277119f4e6925e9023b8dd1f351,"{""distance"":7,""physical_error_rate"":0.002}","{""detection_events"":5815024,""detectors_checked"":752302080}"
        17,         0,         0,   0.019,standalone_exact_mw,20c8daca17953576b13a32f59e5f9cb54485b277119f4e6925e9023b8dd1f351,"{""distance"":7,""physical_error_rate"":0.002}","{""detection_events"":113,""detectors_checked"":13770}"
       256,         0,         0,   0.030,standalone_exact_mw,20c8daca17953576b13a32f59e5f9cb54485b277119f4e6925e9023b8dd1f351,"{""distance"":7,""physical_error_rate"":0.002}","{""detection_events"":1552,""detectors_checked"":207360}"
   1098752,         1,         0,   119.9,standalone_exact_mw,20c8daca17953576b13a32f59e5f9cb54485b277119f4e6925e9023b8dd1f351,"{""distance"":7,""physical_error_rate"":0.002}","{""detection_events"":6884046,""detectors_checked"":889989120,""obs_mistake_mask=E"":1}"
      1024,         0,         0,   0.129,standalone_exact_mw,20c8daca17953576b13a32f59e5f9cb54485b277119f4e6925e9023b8dd1f351,"{""distance"":7,""physical_error_rate"":0.002}","{""detection_events"":6226,""detectors_checked"":829440}"
      1024,         0,         0,   0.117,standalone_exact_mw,20c8daca17953576b13a32f59e5f9cb54485b277119f4e6925e9023b8dd1f351,"{""distance"":7,""physical_error_rate"":0.002}","{""detection_events"":6320,""detectors_checked"":829440}"
      1024,         0,         0,   0.128,standalone_exact_mw,20c8daca17953576b13a32f59e5f9cb54485b277119f4e6925e9023b8dd1f351,"{""distance"":7,""physical_error_rate"":0.002}","{""detection_events"":6143,""detectors_checked"":829440}"
      1024,         0,         0,   0.117,standalone_exact_mw,20c8daca17953576b13a32f59e5f9cb54485b277119f4e6925e9023b8dd1f351,"{""distance"":7,""physical_error_rate"":0.002}","{""detection_events"":6342,""detectors_checked"":829440}"
      2048,         0,         0,   0.126,standalone_exact_mw,20c8daca17953576b13a32f59e5f9cb54485b277119f4e6925e9023b8dd1f351,"{""distance"":7,""physical_error_rate"":0.002}","{""detection_events"":12630,""detectors_checked"":1658880}"
      2048,         0,         0,   0.127,standalone_exact_mw,20c8daca17953576b13a32f59e5f9cb54485b277119f4e6925e9023b8dd1f351,"{""distance"":7,""physical_error_rate"":0.002}","{""detection_events"":12662,""detectors_checked"":1658880}"
      3072,         0,         0,   0.217,standalone_exact_mw,20c8daca17953576b13a32f59e5f9cb54485b277119f4e6925e9023b8dd1f351,"{""distance"":7,""physical_error_rate"":0.002}","{""detection_events"":19276,""detectors_checked"":2488320}"
      2048,         0,         0,   0.250,standalone_exact_mw,20c8daca17953576b13a32f59e5f9cb54485b277119f4e6925e9023b8dd1f351,"{""distance"":7,""physical_error_rate"":0.002}","{""detection_events"":12871,""detectors_checked"":1658880}"
      3072,         0,         0,   0.388,standalone_exact_mw,20c8daca17953576b13a32f59e5f9cb54485b277119f4e6925e9023b8dd1f351,"{""distance"":7,""physical_error_rate"":0.002}","{""detection_events"":19700,""detectors_checked"":2488320}"
      4096,         0,         0,   0.506,standalone_exact_mw,20c8daca17953576b13a32f59e5f9cb54485b277119f4e6925e9023b8dd1f351,"{""distance"":7,""physical_error_rate"":0.002}","{""detection_events"":25805,""detectors_checked"":3317760}"
      7168,         0,         0,   0.601,standalone_exact_mw,20c8daca17953576b13a32f59e5f9cb54485b277119f4e6925e9023b8dd1f351,"{""distance"":7,""physical_error_rate"":0.002}","{""detection_events"":44799,""detectors_checked"":5806080}"
       273,         0,         0,   0.036,standalone_exact_mw,20c8daca17953576b13a32f59e5f9cb54485b277119f4e6925e9023b8dd1f351,"{""distance"":7,""physical_error_rate"":0.002}","{""detection_events"":1623,""detectors_checked"":221130}"
      1024,         0,         0,   0.116,standalone_exact_mw,20c8daca17953576b13a32f59e5f9cb54485b277119f4e6925e9023b8dd1f351,"{""distance"":7,""physical_error_rate"":0.002}","{""detection_events"":6460,""detectors_checked"":829440}"
      1024,         0,         0,   0.077,standalone_exact_mw,20c8daca17953576b13a32f59e5f9cb54485b277119f4e6925e9023b8dd1f351,"{""distance"":7,""physical_error_rate"":0.002}","{""detection_events"":6484,""detectors_checked"":829440}"
      1024,         0,         0,   0.064,standalone_exact_mw,20c8daca17953576b13a32f59e5f9cb54485b277119f4e6925e9023b8dd1f351,"{""distance"":7,""physical_error_rate"":0.002}","{""detection_events"":6360,""detectors_checked"":829440}"
      1024,         0,         0,   0.063,standalone_exact_mw,20c8daca17953576b13a32f59e5f9cb54485b277119f4e6925e9023b8dd1f351,"{""distance"":7,""physical_error_rate"":0.002}","{""detection_events"":6399,""detectors_checked"":829440}"
      1024,         0,         0,   0.064,standalone_exact_mw,20c8daca17953576b13a32f59e5f9cb54485b277119f4e6925e9023b8dd1f351,"{""distance"":7,""physical_error_rate"":0.002}","{""detection_events"":6621,""detectors_checked"":829440}"
      8192,         0,         0,   0.797,standalone_exact_mw,20c8daca17953576b13a32f59e5f9cb54485b277119f4e6925e9023b8dd1f351,"{""distance"":7,""physical_error_rate"":0.002}","{""detection_events"":51199,""detectors_checked"":6635520}"
      2048,         0,         0,   0.168,standalone_exact_mw,20c8daca17953576b13a32f59e5f9cb54485b277119f4e6925e9023b8dd1f351,"{""distance"":7,""physical_error_rate"":0.002}","{""detection_events"":13149,""detectors_checked"":1658880}"
    338944,         0,         0,    16.4,standalone_exact_mw,c63d9dbf283cbe8d7d2c9891770aca900c170ab5c3de0408fa399997170cec3d,"{""distance"":7,""physical_error_rate"":0.001}","{""detection_events"":1067964,""detectors_checked"":274544640}"
      1024,         0,         0,   0.125,standalone_exact_mw,20c8daca17953576b13a32f59e5f9cb54485b277119f4e6925e9023b8dd1f351,"{""distance"":7,""physical_error_rate"":0.002}","{""detection_events"":6297,""detectors_checked"":829440}"
      2048,         0,         0,   0.257,standalone_exact_mw,20c8daca17953576b13a32f59e5f9cb54485b277119f4e6925e9023b8dd1f351,"{""distance"":7,""physical_error_rate"":0.002}","{""detection_events"":12479,""detectors_checked"":1658880}"
      2048,         0,         0,   0.260,standalone_exact_mw,20c8daca17953576b13a32f59e5f9cb54485b277119f4e6925e9023b8dd1f351,"{""distance"":7,""physical_error_rate"":0.002}","{""detection_events"":12548,""detectors_checked"":1658880}"
      3072,         0,         0,   0.390,standalone_exact_mw,20c8daca17953576b13a32f59e5f9cb54485b277119f4e6925e9023b8dd1f351,"{""distance"":7,""physical_error_rate"":0.002}","{""detection_events"":19445,""detectors_checked"":2488320}"
      9216,         0,         0,    1.17,standalone_exact_mw,20c8daca17953576b13a32f59e5f9cb54485b277119f4e6925e9023b8dd1f351,"{""distance"":7,""physical_error_rate"":0.002}","{""detection_events"":57833,""detectors_checked"":7464960}"
      4096,         0,         0,   0.493,standalone_exact_mw,20c8daca17953576b13a32f59e5f9cb54485b277119f4e6925e9023b8dd1f351,"{""distance"":7,""physical_error_rate"":0.002}","{""detection_events"":25852,""detectors_checked"":3317760}"
   1165312,         0,         0,   119.9,standalone_exact_mw,20c8daca17953576b13a32f59e5f9cb54485b277119f4e6925e9023b8dd1f351,"{""distance"":7,""physical_error_rate"":0.002}","{""detection_events"":7300596,""detectors_checked"":943902720}"
      7168,         0,         0,   0.576,standalone_exact_mw,20c8daca17953576b13a32f59e5f9cb54485b277119f4e6925e9023b8dd1f351,"{""distance"":7,""physical_error_rate"":0.002}","{""detection_events"":44684,""detectors_checked"":5806080}"
     12288,         0,         0,    1.68,standalone_exact_mw,20c8daca17953576b13a32f59e5f9cb54485b277119f4e6925e9023b8dd1f351,"{""distance"":7,""physical_error_rate"":0.002}","{""detection_events"":77645,""detectors_checked"":9953280}"
      7168,         0,         0,   0.887,standalone_exact_mw,20c8daca17953576b13a32f59e5f9cb54485b277119f4e6925e9023b8dd1f351,"{""distance"":7,""physical_error_rate"":0.002}","{""detection_events"":44994,""detectors_checked"":5806080}"
    339968,         0,         0,    16.4,standalone_exact_mw,c63d9dbf283cbe8d7d2c9891770aca900c170ab5c3de0408fa399997170cec3d,"{""distance"":7,""physical_error_rate"":0.001}","{""detection_events"":1074116,""detectors_checked"":275374080}"
      9216,         0,         0,    1.14,standalone_exact_mw,20c8daca17953576b13a32f59e5f9cb54485b277119f4e6925e9023b8dd1f351,"{""distance"":7,""physical_error_rate"":0.002}","{""detection_events"":57667,""detectors_checked"":7464960}"
   1363968,         0,         0,   119.9,standalone_exact_mw,c63d9dbf283cbe8d7d2c9891770aca900c170ab5c3de0408fa399997170cec3d,"{""distance"":7,""physical_error_rate"":0.001}","{""detection_events"":4301014,""detectors_checked"":1104814080}"
    876544,         0,         0,   119.9,standalone_exact_mw,20c8daca17953576b13a32f59e5f9cb54485b277119f4e6925e9023b8dd1f351,"{""distance"":7,""physical_error_rate"":0.002}","{""detection_events"":5497080,""detectors_checked"":710000640}"
     17408,         0,         0,    2.21,standalone_exact_mw,20c8daca17953576b13a32f59e5f9cb54485b277119f4e6925e9023b8dd1f351,"{""distance"":7,""physical_error_rate"":0.002}","{""detection_events"":108092,""detectors_checked"":14100480}"
   1403904,         0,         0,   119.9,standalone_exact_mw,c63d9dbf283cbe8d7d2c9891770aca900c170ab5c3de0408fa399997170cec3d,"{""distance"":7,""physical_error_rate"":0.001}","{""detection_events"":4427011,""detectors_checked"":1137162240}"
     17408,         0,         0,    1.59,standalone_exact_mw,20c8daca17953576b13a32f59e5f9cb54485b277119f4e6925e9023b8dd1f351,"{""distance"":7,""physical_error_rate"":0.002}","{""detection_events"":109701,""detectors_checked"":14100480}"
    905216,         1,         0,   119.9,standalone_exact_mw,20c8daca17953576b13a32f59e5f9cb54485b277119f4e6925e9023b8dd1f351,"{""distance"":7,""physical_error_rate"":0.002}","{""detection_events"":5675635,""detectors_checked"":733224960,""obs_mistake_mask=E"":1}"
   1398784,         0,         0,   119.9,standalone_exact_mw,c63d9dbf283cbe8d7d2c9891770aca900c170ab5c3de0408fa399997170cec3d,"{""distance"":7,""physical_error_rate"":0.001}","{""detection_events"":4410599,""detectors_checked"":1133015040}"
    952320,         0,         0,   120.0,standalone_exact_mw,20c8daca17953576b13a32f59e5f9cb54485b277119f4e6925e9023b8dd1f351,"{""distance"":7,""physical_error_rate"":0.002}","{""detection_events"":5970096,""detectors_checked"":771379200}"
   1793024,         0,         0,   120.0,standalone_exact_mw,20c8daca17953576b13a32f59e5f9cb54485b277119f4e6925e9023b8dd1f351,"{""distance"":7,""physical_error_rate"":0.002}","{""detection_events"":11235597,""detectors_checked"":1452349440}"
     17408,         0,         0,    2.18,standalone_exact_mw,20c8daca17953576b13a32f59e5f9cb54485b277119f4e6925e9023b8dd1f351,"{""distance"":7,""physical_error_rate"":0.002}","{""detection_events"":108182,""detectors_checked"":14100480}"
     29696,         0,         0,    3.05,standalone_exact_mw,20c8daca17953576b13a32f59e5f9cb54485b277119f4e6925e9023b8dd1f351,"{""distance"":7,""physical_error_rate"":0.002}","{""detection_events"":185426,""detectors_checked"":24053760}"
       273,         0,         0,   0.032,standalone_exact_mw,20c8daca17953576b13a32f59e5f9cb54485b277119f4e6925e9023b8dd1f351,"{""distance"":7,""physical_error_rate"":0.002}","{""detection_events"":1681,""detectors_checked"":221130}"
      1024,         0,         0,   0.113,standalone_exact_mw,20c8daca17953576b13a32f59e5f9cb54485b277119f4e6925e9023b8dd1f351,"{""distance"":7,""physical_error_rate"":0.002}","{""detection_events"":6300,""detectors_checked"":829440}"
      1024,         0,         0,   0.113,standalone_exact_mw,20c8daca17953576b13a32f59e5f9cb54485b277119f4e6925e9023b8dd1f351,"{""distance"":7,""physical_error_rate"":0.002}","{""detection_events"":6299,""detectors_checked"":829440}"
      1024,         0,         0,   0.112,standalone_exact_mw,20c8daca17953576b13a32f59e5f9cb54485b277119f4e6925e9023b8dd1f351,"{""distance"":7,""physical_error_rate"":0.002}","{""detection_events"":6374,""detectors_checked"":829440}"
      1024,         0,         0,   0.113,standalone_exact_mw,20c8daca17953576b13a32f59e5f9cb54485b277119f4e6925e9023b8dd1f351,"{""distance"":7,""physical_error_rate"":0.002}","{""detection_events"":6424,""detectors_checked"":829440}"
      1024,         0,         0,   0.113,standalone_exact_mw,20c8daca17953576b13a32f59e5f9cb54485b277119f4e6925e9023b8dd1f351,"{""distance"":7,""physical_error_rate"":0.002}","{""detection_events"":6444,""detectors_checked"":829440}"
      1024,         0,         0,   0.113,standalone_exact_mw,20c8daca17953576b13a32f59e5f9cb54485b277119f4e6925e9023b8dd1f351,"{""distance"":7,""physical_error_rate"":0.002}","{""detection_events"":6457,""detectors_checked"":829440}"
   1022976,         0,         0,   120.0,standalone_exact_mw,20c8daca17953576b13a32f59e5f9cb54485b277119f4e6925e9023b8dd1f351,"{""distance"":7,""physical_error_rate"":0.002}","{""detection_events"":6411177,""detectors_checked"":828610560}"
      1024,         0,         0,   0.113,standalone_exact_mw,20c8daca17953576b13a32f59e5f9cb54485b277119f4e6925e9023b8dd1f351,"{""distance"":7,""physical_error_rate"":0.002}","{""detection_events"":6373,""detectors_checked"":829440}"
      2048,         0,         0,   0.241,standalone_exact_mw,20c8daca17953576b13a32f59e5f9cb54485b277119f4e6925e9023b8dd1f351,"{""distance"":7,""physical_error_rate"":0.002}","{""detection_events"":12806,""detectors_checked"":1658880}"
      2048,         0,         0,   0.254,standalone_exact_mw,20c8daca17953576b13a32f59e5f9cb54485b277119f4e6925e9023b8dd1f351,"{""distance"":7,""physical_error_rate"":0.002}","{""detection_events"":12893,""detectors_checked"":1658880}"
      3072,         0,         0,   0.366,standalone_exact_mw,20c8daca17953576b13a32f59e5f9cb54485b277119f4e6925e9023b8dd1f351,"{""distance"":7,""physical_error_rate"":0.002}","{""detection_events"":19133,""detectors_checked"":2488320}"
      4096,         0,         0,   0.479,standalone_exact_mw,20c8daca17953576b13a32f59e5f9cb54485b277119f4e6925e9023b8dd1f351,"{""distance"":7,""physical_error_rate"":0.002}","{""detection_events"":25567,""detectors_checked"":3317760}"
     34816,         0,         0,    3.15,standalone_exact_mw,20c8daca17953576b13a32f59e5f9cb54485b277119f4e6925e9023b8dd1f351,"{""distance"":7,""physical_error_rate"":0.002}","{""detection_events"":217604,""detectors_checked"":28200960}"
     10240,         0,         0,   0.612,standalone_exact_mw,20c8daca17953576b13a32f59e5f9cb54485b277119f4e6925e9023b8dd1f351,"{""distance"":7,""physical_error_rate"":0.002}","{""detection_events"":64594,""detectors_checked"":8294400}"
       273,         0,         0,   0.049,standalone_exact_mw,20c8daca17953576b13a32f59e5f9cb54485b277119f4e6925e9023b8dd1f351,"{""distance"":7,""physical_error_rate"":0.002}","{""detection_events"":1894,""detectors_checked"":221130}"
      1024,         0,         0,   0.115,standalone_exact_mw,20c8daca17953576b13a32f59e5f9cb54485b277119f4e6925e9023b8dd1f351,"{""distance"":7,""physical_error_rate"":0.002}","{""detection_events"":6478,""detectors_checked"":829440}"
      9216,         0,         0,   0.800,standalone_exact_mw,20c8daca17953576b13a32f59e5f9cb54485b277119f4e6925e9023b8dd1f351,"{""distance"":7,""physical_error_rate"":0.002}","{""detection_events"":57299,""detectors_checked"":7464960}"
      1024,         0,         0,   0.128,standalone_exact_mw,20c8daca17953576b13a32f59e5f9cb54485b277119f4e6925e9023b8dd1f351,"{""distance"":7,""physical_error_rate"":0.002}","{""detection_events"":6485,""detectors_checked"":829440}"
   1009664,         0,         0,   119.9,standalone_exact_mw,20c8daca17953576b13a32f59e5f9cb54485b277119f4e6925e9023b8dd1f351,"{""distance"":7,""physical_error_rate"":0.002}","{""detection_events"":6326986,""detectors_checked"":817827840}"
      1024,         0,         0,   0.116,standalone_exact_mw,20c8daca17953576b13a32f59e5f9cb54485b277119f4e6925e9023b8dd1f351,"{""distance"":7,""physical_error_rate"":0.002}","{""detection_events"":6367,""detectors_checked"":829440}"
      1024,         0,         0,   0.127,standalone_exact_mw,20c8daca17953576b13a32f59e5f9cb54485b277119f4e6925e9023b8dd1f351,"{""distance"":7,""physical_error_rate"":0.002}","{""detection_events"":6463,""detectors_checked"":829440}"
     56320,         0,         0,    4.34,standalone_exact_mw,20c8daca17953576b13a32f59e5f9cb54485b277119f4e6925e9023b8dd1f351,"{""distance"":7,""physical_error_rate"":0.002}","{""detection_events"":351684,""detectors_checked"":45619200}"
      1024,         0,         0,   0.128,standalone_exact_mw,20c8daca17953576b13a32f59e5f9cb54485b277119f4e6925e9023b8dd1f351,"{""distance"":7,""physical_error_rate"":0.002}","{""detection_events"":6598,""detectors_checked"":829440}"
      1024,         0,         0,   0.117,standalone_exact_mw,20c8daca17953576b13a32f59e5f9cb54485b277119f4e6925e9023b8dd1f351,"{""distance"":7,""physical_error_rate"":0.002}","{""detection_events"":6394,""detectors_checked"":829440}"
      1024,         0,         0,   0.128,standalone_exact_mw,20c8daca17953576b13a32f59e5f9cb54485b277119f4e6925e9023b8dd1f351,"{""distance"":7,""physical_error_rate"":0.002}","{""detection_events"":6458,""detectors_checked"":829440}"
      2048,         0,         0,   0.254,standalone_exact_mw,20c8daca17953576b13a32f59e5f9cb54485b277119f4e6925e9023b8dd1f351,"{""distance"":7,""physical_error_rate"":0.002}","{""detection_events"":13021,""detectors_checked"":1658880}"
     17408,         0,         0,    1.17,standalone_exact_mw,20c8daca17953576b13a32f59e5f9cb54485b277119f4e6925e9023b8dd1f351,"{""distance"":7,""physical_error_rate"":0.002}","{""detection_events"":109985,""detectors_checked"":14100480}"
      2048,         0,         0,   0.240,standalone_exact_mw,20c8daca17953576b13a32f59e5f9cb54485b277119f4e6925e9023b8dd1f351,"{""distance"":7,""physical_error_rate"":0.002}","{""detection_events"":12502,""detectors_checked"":1658880}"
      3072,         0,         0,   0.380,standalone_exact_mw,20c8daca17953576b13a32f59e5f9cb54485b277119f4e6925e9023b8dd1f351,"{""distance"":7,""physical_error_rate"":0.002}","{""detection_events"":19059,""detectors_checked"":2488320}"
      4096,         0,         0,   0.491,standalone_exact_mw,20c8daca17953576b13a32f59e5f9cb54485b277119f4e6925e9023b8dd1f351,"{""distance"":7,""physical_error_rate"":0.002}","{""detection_events"":25683,""detectors_checked"":3317760}"
      5120,         0,         0,   0.620,standalone_exact_mw,20c8daca17953576b13a32f59e5f9cb54485b277119f4e6925e9023b8dd1f351,"{""distance"":7,""physical_error_rate"":0.002}","{""detection_events"":32227,""detectors_checked"":4147200}"
     17408,         0,         0,    1.64,standalone_exact_mw,20c8daca17953576b13a32f59e5f9cb54485b277119f4e6925e9023b8dd1f351,"{""distance"":7,""physical_error_rate"":0.002}","{""detection_events"":108741,""detectors_checked"":14100480}"
     34816,         0,         0,    4.39,standalone_exact_mw,20c8daca17953576b13a32f59e5f9cb54485b277119f4e6925e9023b8dd1f351,"{""distance"":7,""physical_error_rate"":0.002}","{""detection_events"":217683,""detectors_checked"":28200960}"
      7168,         0,         0,   0.863,standalone_exact_mw,20c8daca17953576b13a32f59e5f9cb54485b277119f4e6925e9023b8dd1f351,"{""distance"":7,""physical_error_rate"":0.002}","{""detection_events"":45174,""detectors_checked"":5806080}"
       273,         0,         0,   0.018,standalone_exact_mw,c63d9dbf283cbe8d7d2c9891770aca900c170ab5c3de0408fa399997170cec3d,"{""distance"":7,""physical_error_rate"":0.001}","{""detection_events"":847,""detectors_checked"":221130}"
      1024,         0,         0,   0.047,standalone_exact_mw,c63d9dbf283cbe8d7d2c9891770aca900c170ab5c3de0408fa399997170cec3d,"{""distance"":7,""physical_error_rate"":0.001}","{""detection_events"":3266,""detectors_checked"":829440}"
      9216,         0,         0,    1.11,standalone_exact_mw,20c8daca17953576b13a32f59e5f9cb54485b277119f4e6925e9023b8dd1f351,"{""distance"":7,""physical_error_rate"":0.002}","{""detection_events"":57753,""detectors_checked"":7464960}"
      1024,         0,         0,   0.092,standalone_exact_mw,c63d9dbf283cbe8d7d2c9891770aca900c170ab5c3de0408fa399997170cec3d,"{""distance"":7,""physical_error_rate"":0.001}","{""detection_events"":3204,""detectors_checked"":829440}"
      1024,         0,         0,   0.163,standalone_exact_mw,c63d9dbf283cbe8d7d2c9891770aca900c170ab5c3de0408fa399997170cec3d,"{""distance"":7,""physical_error_rate"":0.001}","{""detection_events"":3229,""detectors_checked"":829440}"
      1024,         0,         0,   0.110,standalone_exact_mw,c63d9dbf283cbe8d7d2c9891770aca900c170ab5c3de0408fa399997170cec3d,"{""distance"":7,""physical_error_rate"":0.001}","{""detection_events"":3213,""detectors_checked"":829440}"
     21504,         0,         0,    2.23,standalone_exact_mw,20c8daca17953576b13a32f59e5f9cb54485b277119f4e6925e9023b8dd1f351,"{""distance"":7,""physical_error_rate"":0.002}","{""detection_events"":135428,""detectors_checked"":17418240}"
      1024,         0,         0,   0.086,standalone_exact_mw,c63d9dbf283cbe8d7d2c9891770aca900c170ab5c3de0408fa399997170cec3d,"{""distance"":7,""physical_error_rate"":0.001}","{""detection_events"":3260,""detectors_checked"":829440}"
      1024,         0,         0,   0.099,standalone_exact_mw,c63d9dbf283cbe8d7d2c9891770aca900c170ab5c3de0408fa399997170cec3d,"{""distance"":7,""physical_error_rate"":0.001}","{""detection_events"":3228,""detectors_checked"":829440}"
      2048,         0,         0,   0.223,standalone_exact_mw,c63d9dbf283cbe8d7d2c9891770aca900c170ab5c3de0408fa399997170cec3d,"{""distance"":7,""physical_error_rate"":0.001}","{""detection_events"":6332,""detectors_checked"":1658880}"
        17,         0,         0,   0.018,standalone_exact_mw,c63d9dbf283cbe8d7d2c9891770aca900c170ab5c3de0408fa399997170cec3d,"{""distance"":7,""physical_error_rate"":0.001}","{""detection_events"":39,""detectors_checked"":13770}"
       256,         0,         0,   0.026,standalone_exact_mw,c63d9dbf283cbe8d7d2c9891770aca900c170ab5c3de0408fa399997170cec3d,"{""distance"":7,""physical_error_rate"":0.001}","{""detection_events"":825,""detectors_checked"":207360}"
      1024,         0,         0,   0.081,standalone_exact_mw,c63d9dbf283cbe8d7d2c9891770aca900c170ab5c3de0408fa399997170cec3d,"{""distance"":7,""physical_error_rate"":0.001}","{""detection_events"":3242,""detectors_checked"":829440}"
      1024,         0,         0,   0.187,standalone_exact_mw,c63d9dbf283cbe8d7d2c9891770aca900c170ab5c3de0408fa399997170cec3d,"{""distance"":7,""physical_error_rate"":0.001}","{""detection_events"":3074,""detectors_checked"":829440}"
      1024,         0,         0,   0.100,standalone_exact_mw,c63d9dbf283cbe8d7d2c9891770aca900c170ab5c3de0408fa399997170cec3d,"{""distance"":7,""physical_error_rate"":0.001}","{""detection_events"":3255,""detectors_checked"":829440}"
      1024,         0,         0,   0.099,standalone_exact_mw,c63d9dbf283cbe8d7d2c9891770aca900c170ab5c3de0408fa399997170cec3d,"{""distance"":7,""physical_error_rate"":0.001}","{""detection_events"":3132,""detectors_checked"":829440}"
      2048,         0,         0,   0.222,standalone_exact_mw,c63d9dbf283cbe8d7d2c9891770aca900c170ab5c3de0408fa399997170cec3d,"{""distance"":7,""physical_error_rate"":0.001}","{""detection_events"":6641,""detectors_checked"":1658880}"
        17,         0,         0,   0.019,standalone_exact_mw,c63d9dbf283cbe8d7d2c9891770aca900c170ab5c3de0408fa399997170cec3d,"{""distance"":7,""physical_error_rate"":0.001}","{""detection_events"":55,""detectors_checked"":13770}"
      1024,         0,         0,   0.087,standalone_exact_mw,c63d9dbf283cbe8d7d2c9891770aca900c170ab5c3de0408fa399997170cec3d,"{""distance"":7,""physical_error_rate"":0.001}","{""detection_events"":3214,""detectors_checked"":829440}"
       256,         0,         0,   0.026,standalone_exact_mw,c63d9dbf283cbe8d7d2c9891770aca900c170ab5c3de0408fa399997170cec3d,"{""distance"":7,""physical_error_rate"":0.001}","{""detection_events"":782,""detectors_checked"":207360}"
      1024,         0,         0,   0.088,standalone_exact_mw,c63d9dbf283cbe8d7d2c9891770aca900c170ab5c3de0408fa399997170cec3d,"{""distance"":7,""physical_error_rate"":0.001}","{""detection_events"":3187,""detectors_checked"":829440}"
      1024,         0,         0,   0.088,standalone_exact_mw,c63d9dbf283cbe8d7d2c9891770aca900c170ab5c3de0408fa399997170cec3d,"{""distance"":7,""physical_error_rate"":0.001}","{""detection_events"":3266,""detectors_checked"":829440}"
      1024,         0,         0,   0.088,standalone_exact_mw,c63d9dbf283cbe8d7d2c9891770aca900c170ab5c3de0408fa399997170cec3d,"{""distance"":7,""physical_error_rate"":0.001}","{""detection_events"":3176,""detectors_checked"":829440}"
      1024,         0,         0,   0.088,standalone_exact_mw,c63d9dbf283cbe8d7d2c9891770aca900c170ab5c3de0408fa399997170cec3d,"{""distance"":7,""physical_error_rate"":0.001}","{""detection_events"":3131,""detectors_checked"":829440}"
      2048,         0,         0,   0.187,standalone_exact_mw,c63d9dbf283cbe8d7d2c9891770aca900c170ab5c3de0408fa399997170cec3d,"{""distance"":7,""physical_error_rate"":0.001}","{""detection_events"":6493,""detectors_checked"":1658880}"
      4096,         0,         0,   0.385,standalone_exact_mw,c63d9dbf283cbe8d7d2c9891770aca900c170ab5c3de0408fa399997170cec3d,"{""distance"":7,""physical_error_rate"":0.001}","{""detection_events"":13088,""detectors_checked"":3317760}"
     13312,         0,         0,    1.61,standalone_exact_mw,20c8daca17953576b13a32f59e5f9cb54485b277119f4e6925e9023b8dd1f351,"{""distance"":7,""physical_error_rate"":0.002}","{""detection_events"":84223,""detectors_checked"":10782720}"
      1024,         0,         0,   0.101,standalone_exact_mw,c63d9dbf283cbe8d7d2c9891770aca900c170ab5c3de0408fa399997170cec3d,"{""distance"":7,""physical_error_rate"":0.001}","{""detection_events"":3179,""detectors_checked"":829440}"
   1052672,         0,         0,   119.9,standalone_exact_mw,c63d9dbf283cbe8d7d2c9891770aca900c170ab5c3de0408fa399997170cec3d,"{""distance"":7,""physical_error_rate"":0.001}","{""detection_events"":3319534,""detectors_checked"":852664320}"
     57344,         0,         0,    6.05,standalone_exact_mw,20c8daca17953576b13a32f59e5f9cb54485b277119f4e6925e9023b8dd1f351,"{""distance"":7,""physical_error_rate"":0.002}","{""detection_events"":359144,""detectors_checked"":46448640}"
      2048,         0,         0,   0.187,standalone_exact_mw,c63d9dbf283cbe8d7d2c9891770aca900c170ab5c3de0408fa399997170cec3d,"{""distance"":7,""physical_error_rate"":0.001}","{""detection_events"":6455,""detectors_checked"":1658880}"
      1024,         0,         0,   0.087,standalone_exact_mw,c63d9dbf283cbe8d7d2c9891770aca900c170ab5c3de0408fa399997170cec3d,"{""distance"":7,""physical_error_rate"":0.001}","{""detection_events"":3099,""detectors_checked"":829440}"
      2048,         0,         0,   0.189,standalone_exact_mw,c63d9dbf283cbe8d7d2c9891770aca900c170ab5c3de0408fa399997170cec3d,"{""distance"":7,""physical_error_rate"":0.001}","{""detection_events"":6505,""detectors_checked"":1658880}"
      5120,         0,         0,   0.457,standalone_exact_mw,c63d9dbf283cbe8d7d2c9891770aca900c170ab5c3de0408fa399997170cec3d,"{""distance"":7,""physical_error_rate"":0.001}","{""detection_events"":16059,""detectors_checked"":4147200}"
      3072,         0,         0,   0.284,standalone_exact_mw,c63d9dbf283cbe8d7d2c9891770aca900c170ab5c3de0408fa399997170cec3d,"{""distance"":7,""physical_error_rate"":0.001}","{""detection_events"":9463,""detectors_checked"":2488320}"
      2048,         0,         0,   0.188,standalone_exact_mw,c63d9dbf283cbe8d7d2c9891770aca900c170ab5c3de0408fa399997170cec3d,"{""distance"":7,""physical_error_rate"":0.001}","{""detection_events"":6296,""detectors_checked"":1658880}"
      3072,         0,         0,   0.289,standalone_exact_mw,c63d9dbf283cbe8d7d2c9891770aca900c170ab5c3de0408fa399997170cec3d,"{""distance"":7,""physical_error_rate"":0.001}","{""detection_events"":9592,""detectors_checked"":2488320}"
      4096,         0,         0,   0.360,standalone_exact_mw,c63d9dbf283cbe8d7d2c9891770aca900c170ab5c3de0408fa399997170cec3d,"{""distance"":7,""physical_error_rate"":0.001}","{""detection_events"":12793,""detectors_checked"":3317760}"
      6144,         0,         0,   0.571,standalone_exact_mw,c63d9dbf283cbe8d7d2c9891770aca900c170ab5c3de0408fa399997170cec3d,"{""distance"":7,""physical_error_rate"":0.001}","{""detection_events"":19212,""detectors_checked"":4976640}"
      3072,         0,         0,   0.304,standalone_exact_mw,c63d9dbf283cbe8d7d2c9891770aca900c170ab5c3de0408fa399997170cec3d,"{""distance"":7,""physical_error_rate"":0.001}","{""detection_events"":9526,""detectors_checked"":2488320}"
      5120,         0,         0,   0.475,standalone_exact_mw,c63d9dbf283cbe8d7d2c9891770aca900c170ab5c3de0408fa399997170cec3d,"{""distance"":7,""physical_error_rate"":0.001}","{""detection_events"":16135,""detectors_checked"":4147200}"
    950272,         0,         0,   119.8,standalone_exact_mw,20c8daca17953576b13a32f59e5f9cb54485b277119f4e6925e9023b8dd1f351,"{""distance"":7,""physical_error_rate"":0.002}","{""detection_events"":5956804,""detectors_checked"":769720320}"
       273,         0,         0,   0.035,standalone_exact_mw,20c8daca17953576b13a32f59e5f9cb54485b277119f4e6925e9023b8dd1f351,"{""distance"":7,""physical_error_rate"":0.002}","{""detection_events"":1752,""detectors_checked"":221130}"
      1024,         0,         0,   0.129,standalone_exact_mw,20c8daca17953576b13a32f59e5f9cb54485b277119f4e6925e9023b8dd1f351,"{""distance"":7,""physical_error_rate"":0.002}","{""detection_events"":6334,""detectors_checked"":829440}"
      5120,         0,         0,   0.491,standalone_exact_mw,c63d9dbf283cbe8d7d2c9891770aca900c170ab5c3de0408fa399997170cec3d,"{""distance"":7,""physical_error_rate"":0.001}","{""detection_events"":16067,""detectors_checked"":4147200}"
      1024,         0,         0,   0.128,standalone_exact_mw,20c8daca17953576b13a32f59e5f9cb54485b277119f4e6925e9023b8dd1f351,"{""distance"":7,""physical_error_rate"":0.002}","{""detection_events"":6549,""detectors_checked"":829440}"
      1024,         0,         0,   0.130,standalone_exact_mw,20c8daca17953576b13a32f59e5f9cb54485b277119f4e6925e9023b8dd1f351,"{""distance"":7,""physical_error_rate"":0.002}","{""detection_events"":6403,""detectors_checked"":829440}"
      9216,         0,         0,   0.845,standalone_exact_mw,c63d9dbf283cbe8d7d2c9891770aca900c170ab5c3de0408fa399997170cec3d,"{""distance"":7,""physical_error_rate"":0.001}","{""detection_events"":29120,""detectors_checked"":7464960}"
      1024,         0,         0,   0.129,standalone_exact_mw,20c8daca17953576b13a32f59e5f9cb54485b277119f4e6925e9023b8dd1f351,"{""distance"":7,""physical_error_rate"":0.002}","{""detection_events"":6440,""detectors_checked"":829440}"
      6144,         0,         0,   0.585,standalone_exact_mw,c63d9dbf283cbe8d7d2c9891770aca900c170ab5c3de0408fa399997170cec3d,"{""distance"":7,""physical_error_rate"":0.001}","{""detection_events"":19368,""detectors_checked"":4976640}"
     25600,         0,         0,    3.11,standalone_exact_mw,20c8daca17953576b13a32f59e5f9cb54485b277119f4e6925e9023b8dd1f351,"{""distance"":7,""physical_error_rate"":0.002}","{""detection_events"":159596,""detectors_checked"":20736000}"
      1024,         0,         0,   0.128,standalone_exact_mw,20c8daca17953576b13a32f59e5f9cb54485b277119f4e6925e9023b8dd1f351,"{""distance"":7,""physical_error_rate"":0.002}","{""detection_events"":6357,""detectors_checked"":829440}"
      1024,         0,         0,   0.116,standalone_exact_mw,20c8daca17953576b13a32f59e5f9cb54485b277119f4e6925e9023b8dd1f351,"{""distance"":7,""physical_error_rate"":0.002}","{""detection_events"":6279,""detectors_checked"":829440}"
      6144,         0,         0,   0.582,standalone_exact_mw,c63d9dbf283cbe8d7d2c9891770aca900c170ab5c3de0408fa399997170cec3d,"{""distance"":7,""physical_error_rate"":0.001}","{""detection_events"":19210,""detectors_checked"":4976640}"
    736256,         0,         0,   119.9,standalone_exact_mw,20c8daca17953576b13a32f59e5f9cb54485b277119f4e6925e9023b8dd1f351,"{""distance"":7,""physical_error_rate"":0.002}","{""detection_events"":4613628,""detectors_checked"":596367360}"
      1024,         0,         0,   0.128,standalone_exact_mw,20c8daca17953576b13a32f59e5f9cb54485b277119f4e6925e9023b8dd1f351,"{""distance"":7,""physical_error_rate"":0.002}","{""detection_events"":6362,""detectors_checked"":829440}"
     18432,         0,         0,    2.21,standalone_exact_mw,20c8daca17953576b13a32f59e5f9cb54485b277119f4e6925e9023b8dd1f351,"{""distance"":7,""physical_error_rate"":0.002}","{""detection_events"":115594,""detectors_checked"":14929920}"
      2048,         0,         0,   0.261,standalone_exact_mw,20c8daca17953576b13a32f59e5f9cb54485b277119f4e6925e9023b8dd1f351,"{""distance"":7,""physical_error_rate"":0.002}","{""detection_events"":12838,""detectors_checked"":1658880}"
      9216,         0,         0,   0.876,standalone_exact_mw,c63d9dbf283cbe8d7d2c9891770aca900c170ab5c3de0408fa399997170cec3d,"{""distance"":7,""physical_error_rate"":0.001}","{""detection_events"":29432,""detectors_checked"":7464960}"
      2048,         0,         0,   0.256,standalone_exact_mw,20c8daca17953576b13a32f59e5f9cb54485b277119f4e6925e9023b8dd1f351,"{""distance"":7,""physical_error_rate"":0.002}","{""detection_events"":12586,""detectors_checked"":1658880}"
      8192,         0,         0,   0.807,standalone_exact_mw,c63d9dbf283cbe8d7d2c9891770aca900c170ab5c3de0408fa399997170cec3d,"{""distance"":7,""physical_error_rate"":0.001}","{""detection_events"":26002,""detectors_checked"":6635520}"
     12288,         0,         0,    1.13,standalone_exact_mw,c63d9dbf283cbe8d7d2c9891770aca900c170ab5c3de0408fa399997170cec3d,"{""distance"":7,""physical_error_rate"":0.001}","{""detection_events"":38523,""detectors_checked"":9953280}"
      3072,         0,         0,   0.366,standalone_exact_mw,20c8daca17953576b13a32f59e5f9cb54485b277119f4e6925e9023b8dd1f351,"{""distance"":7,""physical_error_rate"":0.002}","{""detection_events"":19293,""detectors_checked"":2488320}"
     49152,         0,         0,    5.99,standalone_exact_mw,20c8daca17953576b13a32f59e5f9cb54485b277119f4e6925e9023b8dd1f351,"{""distance"":7,""physical_error_rate"":0.002}","{""detection_events"":308564,""detectors_checked"":39813120}"
      4096,         0,         0,   0.506,standalone_exact_mw,20c8daca17953576b13a32f59e5f9cb54485b277119f4e6925e9023b8dd1f351,"{""distance"":7,""physical_error_rate"":0.002}","{""detection_events"":25779,""detectors_checked"":3317760}"
     12288,         0,         0,    1.15,standalone_exact_mw,c63d9dbf283cbe8d7d2c9891770aca900c170ab5c3de0408fa399997170cec3d,"{""distance"":7,""physical_error_rate"":0.001}","{""detection_events"":38721,""detectors_checked"":9953280}"
     12288,         0,         0,    1.17,standalone_exact_mw,c63d9dbf283cbe8d7d2c9891770aca900c170ab5c3de0408fa399997170cec3d,"{""distance"":7,""physical_error_rate"":0.001}","{""detection_events"":38734,""detectors_checked"":9953280}"
      5120,         0,         0,   0.627,standalone_exact_mw,20c8daca17953576b13a32f59e5f9cb54485b277119f4e6925e9023b8dd1f351,"{""distance"":7,""physical_error_rate"":0.002}","{""detection_events"":31791,""detectors_checked"":4147200}"
     14336,         0,         0,    1.60,standalone_exact_mw,c63d9dbf283cbe8d7d2c9891770aca900c170ab5c3de0408fa399997170cec3d,"{""distance"":7,""physical_error_rate"":0.001}","{""detection_events"":45053,""detectors_checked"":11612160}"
   1147904,         0,         0,   119.8,standalone_exact_mw,c63d9dbf283cbe8d7d2c9891770aca900c170ab5c3de0408fa399997170cec3d,"{""distance"":7,""physical_error_rate"":0.001}","{""detection_events"":3617231,""detectors_checked"":929802240}"
    485376,         0,         0,    23.0,standalone_exact_mw,c63d9dbf283cbe8d7d2c9891770aca900c170ab5c3de0408fa399997170cec3d,"{""distance"":7,""physical_error_rate"":0.001}","{""detection_events"":1528265,""detectors_checked"":393154560}"
      6144,         0,         0,   0.800,standalone_exact_mw,20c8daca17953576b13a32f59e5f9cb54485b277119f4e6925e9023b8dd1f351,"{""distance"":7,""physical_error_rate"":0.002}","{""detection_events"":38686,""detectors_checked"":4976640}"
     25600,         0,         0,    3.12,standalone_exact_mw,20c8daca17953576b13a32f59e5f9cb54485b277119f4e6925e9023b8dd1f351,"{""distance"":7,""physical_error_rate"":0.002}","{""detection_events"":160262,""detectors_checked"":20736000}"
     17408,         0,         0,    1.62,standalone_exact_mw,c63d9dbf283cbe8d7d2c9891770aca900c170ab5c3de0408fa399997170cec3d,"{""distance"":7,""physical_error_rate"":0.001}","{""detection_events"":54800,""detectors_checked"":14100480}"
     16384,         0,         0,    1.57,standalone_exact_mw,c63d9dbf283cbe8d7d2c9891770aca900c170ab5c3de0408fa399997170cec3d,"{""distance"":7,""physical_error_rate"":0.001}","{""detection_events"":51677,""detectors_checked"":13271040}"
      9216,         0,         0,    1.15,standalone_exact_mw,20c8daca17953576b13a32f59e5f9cb54485b277119f4e6925e9023b8dd1f351,"{""distance"":7,""physical_error_rate"":0.002}","{""detection_events"":58101,""detectors_checked"":7464960}"
     35840,         0,         0,    4.34,standalone_exact_mw,20c8daca17953576b13a32f59e5f9cb54485b277119f4e6925e9023b8dd1f351,"{""distance"":7,""physical_error_rate"":0.002}","{""detection_events"":225427,""detectors_checked"":29030400}"
     20480,         0,         0,    2.18,standalone_exact_mw,c63d9dbf283cbe8d7d2c9891770aca900c170ab5c3de0408fa399997170cec3d,"{""distance"":7,""physical_error_rate"":0.001}","{""detection_events"":64563,""detectors_checked"":16588800}"
    874496,         0,         0,   120.1,standalone_exact_mw,20c8daca17953576b13a32f59e5f9cb54485b277119f4e6925e9023b8dd1f351,"{""distance"":7,""physical_error_rate"":0.002}","{""detection_events"":5483983,""detectors_checked"":708341760}"
     23552,         0,         0,    2.22,standalone_exact_mw,c63d9dbf283cbe8d7d2c9891770aca900c170ab5c3de0408fa399997170cec3d,"{""distance"":7,""physical_error_rate"":0.001}","{""detection_events"":73899,""detectors_checked"":19077120}"
     13312,         0,         0,    1.65,standalone_exact_mw,20c8daca17953576b13a32f59e5f9cb54485b277119f4e6925e9023b8dd1f351,"{""distance"":7,""physical_error_rate"":0.002}","{""detection_events"":83412,""detectors_checked"":10782720}"
     23552,         0,         0,    2.20,standalone_exact_mw,c63d9dbf283cbe8d7d2c9891770aca900c170ab5c3de0408fa399997170cec3d,"{""distance"":7,""physical_error_rate"":0.001}","{""detection_events"":74467,""detectors_checked"":19077120}"
    496640,         0,         0,    23.0,standalone_exact_mw,c63d9dbf283cbe8d7d2c9891770aca900c170ab5c3de0408fa399997170cec3d,"{""distance"":7,""physical_error_rate"":0.001}","{""detection_events"":1563983,""detectors_checked"":402278400}"
     75776,         0,         0,    8.37,standalone_exact_mw,20c8daca17953576b13a32f59e5f9cb54485b277119f4e6925e9023b8dd1f351,"{""distance"":7,""physical_error_rate"":0.002}","{""detection_events"":474721,""detectors_checked"":61378560}"
     35840,         0,         0,    4.35,standalone_exact_mw,20c8daca17953576b13a32f59e5f9cb54485b277119f4e6925e9023b8dd1f351,"{""distance"":7,""physical_error_rate"":0.002}","{""detection_events"":225267,""detectors_checked"":29030400}"
    936960,         0,         0,   119.9,standalone_exact_mw,20c8daca17953576b13a32f59e5f9cb54485b277119f4e6925e9023b8dd1f351,"{""distance"":7,""physical_error_rate"":0.002}","{""detection_events"":5871055,""detectors_checked"":758937600}"
     33792,         0,         0,    3.10,standalone_exact_mw,c63d9dbf283cbe8d7d2c9891770aca900c170ab5c3de0408fa399997170cec3d,"{""distance"":7,""physical_error_rate"":0.001}","{""detection_events"":106756,""detectors_checked"":27371520}"
     18432,         0,         0,    2.27,standalone_exact_mw,20c8daca17953576b13a32f59e5f9cb54485b277119f4e6925e9023b8dd1f351,"{""distance"":7,""physical_error_rate"":0.002}","{""detection_events"":115356,""detectors_checked"":14929920}"
     32768,         0,         0,    3.06,standalone_exact_mw,c63d9dbf283cbe8d7d2c9891770aca900c170ab5c3de0408fa399997170cec3d,"{""distance"":7,""physical_error_rate"":0.001}","{""detection_events"":103442,""detectors_checked"":26542080}"
     47104,         0,         0,    3.13,standalone_exact_mw,c63d9dbf283cbe8d7d2c9891770aca900c170ab5c3de0408fa399997170cec3d,"{""distance"":7,""physical_error_rate"":0.001}","{""detection_events"":148783,""detectors_checked"":38154240}"
   2518016,         0,         0,   119.9,standalone_exact_mw,c63d9dbf283cbe8d7d2c9891770aca900c170ab5c3de0408fa399997170cec3d,"{""distance"":7,""physical_error_rate"":0.001}","{""detection_events"":7939157,""detectors_checked"":2039592960}"
     84992,         0,         0,    8.36,standalone_exact_mw,20c8daca17953576b13a32f59e5f9cb54485b277119f4e6925e9023b8dd1f351,"{""distance"":7,""physical_error_rate"":0.002}","{""detection_events"":533172,""detectors_checked"":68843520}"
     50176,         0,         0,    6.10,standalone_exact_mw,20c8daca17953576b13a32f59e5f9cb54485b277119f4e6925e9023b8dd1f351,"{""distance"":7,""physical_error_rate"":0.002}","{""detection_events"":314907,""detectors_checked"":40642560}"
     25600,         0,         0,    3.15,standalone_exact_mw,20c8daca17953576b13a32f59e5f9cb54485b277119f4e6925e9023b8dd1f351,"{""distance"":7,""physical_error_rate"":0.002}","{""detection_events"":160861,""detectors_checked"":20736000}"
     46080,         0,         0,    4.30,standalone_exact_mw,c63d9dbf283cbe8d7d2c9891770aca900c170ab5c3de0408fa399997170cec3d,"{""distance"":7,""physical_error_rate"":0.001}","{""detection_events"":145104,""detectors_checked"":37324800}"
     46080,         0,         0,    4.34,standalone_exact_mw,c63d9dbf283cbe8d7d2c9891770aca900c170ab5c3de0408fa399997170cec3d,"{""distance"":7,""physical_error_rate"":0.001}","{""detection_events"":145186,""detectors_checked"":37324800}"
     45056,         0,         0,    4.32,standalone_exact_mw,c63d9dbf283cbe8d7d2c9891770aca900c170ab5c3de0408fa399997170cec3d,"{""distance"":7,""physical_error_rate"":0.001}","{""detection_events"":142244,""detectors_checked"":36495360}"
   1175552,         0,         0,   119.9,standalone_exact_mw,c63d9dbf283cbe8d7d2c9891770aca900c170ab5c3de0408fa399997170cec3d,"{""distance"":7,""physical_error_rate"":0.001}","{""detection_events"":3700622,""detectors_checked"":952197120}"
     50176,         0,         0,    6.06,standalone_exact_mw,20c8daca17953576b13a32f59e5f9cb54485b277119f4e6925e9023b8dd1f351,"{""distance"":7,""physical_error_rate"":0.002}","{""detection_events"":314754,""detectors_checked"":40642560}"
     34816,         0,         0,    4.31,standalone_exact_mw,20c8daca17953576b13a32f59e5f9cb54485b277119f4e6925e9023b8dd1f351,"{""distance"":7,""physical_error_rate"":0.002}","{""detection_events"":218141,""detectors_checked"":28200960}"
   1181696,         0,         0,   119.9,standalone_exact_mw,c63d9dbf283cbe8d7d2c9891770aca900c170ab5c3de0408fa399997170cec3d,"{""distance"":7,""physical_error_rate"":0.001}","{""detection_events"":3725072,""detectors_checked"":957173760}"
   1241088,         0,         0,   119.9,standalone_exact_mw,c63d9dbf283cbe8d7d2c9891770aca900c170ab5c3de0408fa399997170cec3d,"{""distance"":7,""physical_error_rate"":0.001}","{""detection_events"":3912074,""detectors_checked"":1005281280}"
     75776,         0,         0,    6.01,standalone_exact_mw,c63d9dbf283cbe8d7d2c9891770aca900c170ab5c3de0408fa399997170cec3d,"{""distance"":7,""physical_error_rate"":0.001}","{""detection_events"":237002,""detectors_checked"":61378560}"
    113664,         0,         0,    11.8,standalone_exact_mw,20c8daca17953576b13a32f59e5f9cb54485b277119f4e6925e9023b8dd1f351,"{""distance"":7,""physical_error_rate"":0.002}","{""detection_events"":711220,""detectors_checked"":92067840}"
     73728,         0,         0,    8.39,standalone_exact_mw,20c8daca17953576b13a32f59e5f9cb54485b277119f4e6925e9023b8dd1f351,"{""distance"":7,""physical_error_rate"":0.002}","{""detection_events"":461918,""detectors_checked"":59719680}"
     75776,         0,         0,    5.98,standalone_exact_mw,c63d9dbf283cbe8d7d2c9891770aca900c170ab5c3de0408fa399997170cec3d,"{""distance"":7,""physical_error_rate"":0.001}","{""detection_events"":238706,""detectors_checked"":61378560}"
     64512,         0,         0,    5.98,standalone_exact_mw,c63d9dbf283cbe8d7d2c9891770aca900c170ab5c3de0408fa399997170cec3d,"{""distance"":7,""physical_error_rate"":0.001}","{""detection_events"":203686,""detectors_checked"":52254720}"
         1,         0,         0,   0.002,standalone_exact_mw,c63d9dbf283cbe8d7d2c9891770aca900c170ab5c3de0408fa399997170cec3d,"{""distance"":7,""physical_error_rate"":0.001}","{""detection_events"":2,""detectors_checked"":810}"
       272,         0,         0,   0.029,standalone_exact_mw,c63d9dbf283cbe8d7d2c9891770aca900c170ab5c3de0408fa399997170cec3d,"{""distance"":7,""physical_error_rate"":0.001}","{""detection_events"":898,""detectors_checked"":220320}"
      1024,         0,         0,   0.100,standalone_exact_mw,c63d9dbf283cbe8d7d2c9891770aca900c170ab5c3de0408fa399997170cec3d,"{""distance"":7,""physical_error_rate"":0.001}","{""detection_events"":3189,""detectors_checked"":829440}"
      1024,         0,         0,   0.087,standalone_exact_mw,c63d9dbf283cbe8d7d2c9891770aca900c170ab5c3de0408fa399997170cec3d,"{""distance"":7,""physical_error_rate"":0.001}","{""detection_events"":3206,""detectors_checked"":829440}"
      1024,         0,         0,   0.100,standalone_exact_mw,c63d9dbf283cbe8d7d2c9891770aca900c170ab5c3de0408fa399997170cec3d,"{""distance"":7,""physical_error_rate"":0.001}","{""detection_events"":3227,""detectors_checked"":829440}"
      1024,         0,         0,   0.100,standalone_exact_mw,c63d9dbf283cbe8d7d2c9891770aca900c170ab5c3de0408fa399997170cec3d,"{""distance"":7,""physical_error_rate"":0.001}","{""detection_events"":3245,""detectors_checked"":829440}"
      1024,         0,         0,   0.087,standalone_exact_mw,c63d9dbf283cbe8d7d2c9891770aca900c170ab5c3de0408fa399997170cec3d,"{""distance"":7,""physical_error_rate"":0.001}","{""detection_events"":3158,""detectors_checked"":829440}"
      2048,         0,         0,   0.203,standalone_exact_mw,c63d9dbf283cbe8d7d2c9891770aca900c170ab5c3de0408fa399997170cec3d,"{""distance"":7,""physical_error_rate"":0.001}","{""detection_events"":6398,""detectors_checked"":1658880}"
    121856,         0,         0,    11.8,standalone_exact_mw,20c8daca17953576b13a32f59e5f9cb54485b277119f4e6925e9023b8dd1f351,"{""distance"":7,""physical_error_rate"":0.002}","{""detection_events"":762205,""detectors_checked"":98703360}"
      2048,         0,         0,   0.188,standalone_exact_mw,c63d9dbf283cbe8d7d2c9891770aca900c170ab5c3de0408fa399997170cec3d,"{""distance"":7,""physical_error_rate"":0.001}","{""detection_events"":6433,""detectors_checked"":1658880}"
     62464,         0,         0,    5.98,standalone_exact_mw,20c8daca17953576b13a32f59e5f9cb54485b277119f4e6925e9023b8dd1f351,"{""distance"":7,""physical_error_rate"":0.002}","{""detection_events"":390119,""detectors_checked"":50595840}"
      3072,         0,         0,   0.286,standalone_exact_mw,c63d9dbf283cbe8d7d2c9891770aca900c170ab5c3de0408fa399997170cec3d,"{""distance"":7,""physical_error_rate"":0.001}","{""detection_events"":9604,""detectors_checked"":2488320}"
      4096,         0,         0,   0.386,standalone_exact_mw,c63d9dbf283cbe8d7d2c9891770aca900c170ab5c3de0408fa399997170cec3d,"{""distance"":7,""physical_error_rate"":0.001}","{""detection_events"":12830,""detectors_checked"":3317760}"
     74752,         0,         0,    8.36,standalone_exact_mw,20c8daca17953576b13a32f59e5f9cb54485b277119f4e6925e9023b8dd1f351,"{""distance"":7,""physical_error_rate"":0.002}","{""detection_events"":467261,""detectors_checked"":60549120}"
      5120,         0,         0,   0.489,standalone_exact_mw,c63d9dbf283cbe8d7d2c9891770aca900c170ab5c3de0408fa399997170cec3d,"{""distance"":7,""physical_error_rate"":0.001}","{""detection_events"":16234,""detectors_checked"":4147200}"
    930816,         0,         0,   120.0,standalone_exact_mw,20c8daca17953576b13a32f59e5f9cb54485b277119f4e6925e9023b8dd1f351,"{""distance"":7,""physical_error_rate"":0.002}","{""detection_events"":5834597,""detectors_checked"":753960960}"
      6144,         0,         0,   0.575,standalone_exact_mw,c63d9dbf283cbe8d7d2c9891770aca900c170ab5c3de0408fa399997170cec3d,"{""distance"":7,""physical_error_rate"":0.001}","{""detection_events"":19619,""detectors_checked"":4976640}"
      9216,         0,         0,   0.868,standalone_exact_mw,c63d9dbf283cbe8d7d2c9891770aca900c170ab5c3de0408fa399997170cec3d,"{""distance"":7,""physical_error_rate"":0.001}","{""detection_events"":29537,""detectors_checked"":7464960}"
      9216,         0,         0,    1.13,standalone_exact_mw,c63d9dbf283cbe8d7d2c9891770aca900c170ab5c3de0408fa399997170cec3d,"{""distance"":7,""physical_error_rate"":0.001}","{""detection_events"":29020,""detectors_checked"":7464960}"
         1,         0,         0,   0.024,standalone_exact_mw,20c8daca17953576b13a32f59e5f9cb54485b277119f4e6925e9023b8dd1f351,"{""distance"":7,""physical_error_rate"":0.002}","{""detection_events"":2,""detectors_checked"":810}"
    123904,         0,         0,    8.45,standalone_exact_mw,c63d9dbf283cbe8d7d2c9891770aca900c170ab5c3de0408fa399997170cec3d,"{""distance"":7,""physical_error_rate"":0.001}","{""detection_events"":390725,""detectors_checked"":100362240}"
       272,         0,         0,   0.061,standalone_exact_mw,20c8daca17953576b13a32f59e5f9cb54485b277119f4e6925e9023b8dd1f351,"{""distance"":7,""physical_error_rate"":0.002}","{""detection_events"":1737,""detectors_checked"":220320}"
     17408,         0,         0,    1.63,standalone_exact_mw,c63d9dbf283cbe8d7d2c9891770aca900c170ab5c3de0408fa399997170cec3d,"{""distance"":7,""physical_error_rate"":0.001}","{""detection_events"":53977,""detectors_checked"":14100480}"
      1024,         0,         0,   0.251,standalone_exact_mw,20c8daca17953576b13a32f59e5f9cb54485b277119f4e6925e9023b8dd1f351,"{""distance"":7,""physical_error_rate"":0.002}","{""detection_events"":6277,""detectors_checked"":829440}"
      1024,         0,         0,   0.258,standalone_exact_mw,20c8daca17953576b13a32f59e5f9cb54485b277119f4e6925e9023b8dd1f351,"{""distance"":7,""physical_error_rate"":0.002}","{""detection_events"":6671,""detectors_checked"":829440}"
      1024,         0,         0,   0.230,standalone_exact_mw,20c8daca17953576b13a32f59e5f9cb54485b277119f4e6925e9023b8dd1f351,"{""distance"":7,""physical_error_rate"":0.002}","{""detection_events"":6304,""detectors_checked"":829440}"
     91136,         0,         0,    8.37,standalone_exact_mw,c63d9dbf283cbe8d7d2c9891770aca900c170ab5c3de0408fa399997170cec3d,"{""distance"":7,""physical_error_rate"":0.001}","{""detection_events"":287173,""detectors_checked"":73820160}"
      1024,         0,         0,   0.252,standalone_exact_mw,20c8daca17953576b13a32f59e5f9cb54485b277119f4e6925e9023b8dd1f351,"{""distance"":7,""physical_error_rate"":0.002}","{""detection_events"":6335,""detectors_checked"":829440}"
    113664,         0,         0,    8.38,standalone_exact_mw,c63d9dbf283cbe8d7d2c9891770aca900c170ab5c3de0408fa399997170cec3d,"{""distance"":7,""physical_error_rate"":0.001}","{""detection_events"":359800,""detectors_checked"":92067840}"
      1024,         0,         0,   0.254,standalone_exact_mw,20c8daca17953576b13a32f59e5f9cb54485b277119f4e6925e9023b8dd1f351,"{""distance"":7,""physical_error_rate"":0.002}","{""detection_events"":6549,""detectors_checked"":829440}"
   2448384,         0,         0,   119.9,standalone_exact_mw,c63d9dbf283cbe8d7d2c9891770aca900c170ab5c3de0408fa399997170cec3d,"{""distance"":7,""physical_error_rate"":0.001}","{""detection_events"":7715281,""detectors_checked"":1983191040}"
      1024,         0,         0,   0.230,standalone_exact_mw,20c8daca17953576b13a32f59e5f9cb54485b277119f4e6925e9023b8dd1f351,"{""distance"":7,""physical_error_rate"":0.002}","{""detection_events"":6352,""detectors_checked"":829440}"
      1024,         0,         0,   0.252,standalone_exact_mw,20c8daca17953576b13a32f59e5f9cb54485b277119f4e6925e9023b8dd1f351,"{""distance"":7,""physical_error_rate"":0.002}","{""detection_events"":6665,""detectors_checked"":829440}"
      1024,         0,         0,   0.249,standalone_exact_mw,20c8daca17953576b13a32f59e5f9cb54485b277119f4e6925e9023b8dd1f351,"{""distance"":7,""physical_error_rate"":0.002}","{""detection_events"":6424,""detectors_checked"":829440}"
     23552,         0,         0,    2.24,standalone_exact_mw,c63d9dbf283cbe8d7d2c9891770aca900c170ab5c3de0408fa399997170cec3d,"{""distance"":7,""physical_error_rate"":0.001}","{""detection_events"":74264,""detectors_checked"":19077120}"
      2048,         0,         0,   0.377,standalone_exact_mw,20c8daca17953576b13a32f59e5f9cb54485b277119f4e6925e9023b8dd1f351,"{""distance"":7,""physical_error_rate"":0.002}","{""detection_events"":12808,""detectors_checked"":1658880}"
      2048,         0,         0,   0.440,standalone_exact_mw,20c8daca17953576b13a32f59e5f9cb54485b277119f4e6925e9023b8dd1f351,"{""distance"":7,""physical_error_rate"":0.002}","{""detection_events"":12947,""detectors_checked"":1658880}"
     94208,         0,         0,    8.39,standalone_exact_mw,20c8daca17953576b13a32f59e5f9cb54485b277119f4e6925e9023b8dd1f351,"{""distance"":7,""physical_error_rate"":0.002}","{""detection_events"":589421,""detectors_checked"":76308480}"
      3072,         0,         0,   0.571,standalone_exact_mw,20c8daca17953576b13a32f59e5f9cb54485b277119f4e6925e9023b8dd1f351,"{""distance"":7,""physical_error_rate"":0.002}","{""detection_events"":19089,""detectors_checked"":2488320}"
     93184,         0,         0,    11.8,standalone_exact_mw,20c8daca17953576b13a32f59e5f9cb54485b277119f4e6925e9023b8dd1f351,"{""distance"":7,""physical_error_rate"":0.002}","{""detection_events"":584822,""detectors_checked"":75479040}"
      5120,         0,         0,   0.943,standalone_exact_mw,20c8daca17953576b13a32f59e5f9cb54485b277119f4e6925e9023b8dd1f351,"{""distance"":7,""physical_error_rate"":0.002}","{""detection_events"":32302,""detectors_checked"":4147200}"
     30720,         0,         0,    3.05,standalone_exact_mw,c63d9dbf283cbe8d7d2c9891770aca900c170ab5c3de0408fa399997170cec3d,"{""distance"":7,""physical_error_rate"":0.001}","{""detection_events"":97748,""detectors_checked"":24883200}"
      6144,         0,         0,    1.10,standalone_exact_mw,20c8daca17953576b13a32f59e5f9cb54485b277119f4e6925e9023b8dd1f351,"{""distance"":7,""physical_error_rate"":0.002}","{""detection_events"":38341,""detectors_checked"":4976640}"
    847872,         0,         0,   119.9,standalone_exact_mw,20c8daca17953576b13a32f59e5f9cb54485b277119f4e6925e9023b8dd1f351,"{""distance"":7,""physical_error_rate"":0.002}","{""detection_events"":5310476,""detectors_checked"":686776320}"
   1881088,         0,         0,   119.9,standalone_exact_mw,20c8daca17953576b13a32f59e5f9cb54485b277119f4e6925e9023b8dd1f351,"{""distance"":7,""physical_error_rate"":0.002}","{""detection_events"":11791502,""detectors_checked"":1523681280}"
      9216,         0,         0,    1.67,standalone_exact_mw,20c8daca17953576b13a32f59e5f9cb54485b277119f4e6925e9023b8dd1f351,"{""distance"":7,""physical_error_rate"":0.002}","{""detection_events"":57325,""detectors_checked"":7464960}"
     97280,         0,         0,    11.8,standalone_exact_mw,20c8daca17953576b13a32f59e5f9cb54485b277119f4e6925e9023b8dd1f351,"{""distance"":7,""physical_error_rate"":0.002}","{""detection_events"":608868,""detectors_checked"":78796800}"
    154624,         0,         0,    16.4,standalone_exact_mw,20c8daca17953576b13a32f59e5f9cb54485b277119f4e6925e9023b8dd1f351,"{""distance"":7,""physical_error_rate"":0.002}","{""detection_events"":969849,""detectors_checked"":125245440}"
    669696,         0,         0,    32.1,standalone_exact_mw,c63d9dbf283cbe8d7d2c9891770aca900c170ab5c3de0408fa399997170cec3d,"{""distance"":7,""physical_error_rate"":0.001}","{""detection_events"":2111961,""detectors_checked"":542453760}"
   1520640,         0,         0,   119.9,standalone_exact_mw,c63d9dbf283cbe8d7d2c9891770aca900c170ab5c3de0408fa399997170cec3d,"{""distance"":7,""physical_error_rate"":0.001}","{""detection_events"":4795210,""detectors_checked"":1231718400}"
     17408,         0,         0,    2.22,standalone_exact_mw,20c8daca17953576b13a32f59e5f9cb54485b277119f4e6925e9023b8dd1f351,"{""distance"":7,""physical_error_rate"":0.002}","{""detection_events"":109172,""detectors_checked"":14100480}"
     45056,         0,         0,    4.28,standalone_exact_mw,c63d9dbf283cbe8d7d2c9891770aca900c170ab5c3de0408fa399997170cec3d,"{""distance"":7,""physical_error_rate"":0.001}","{""detection_events"":141273,""detectors_checked"":36495360}"
    200704,         0,         0,    16.4,standalone_exact_mw,20c8daca17953576b13a32f59e5f9cb54485b277119f4e6925e9023b8dd1f351,"{""distance"":7,""physical_error_rate"":0.002}","{""detection_events"":1257507,""detectors_checked"":162570240}"
    137216,         0,         0,    11.8,standalone_exact_mw,c63d9dbf283cbe8d7d2c9891770aca900c170ab5c3de0408fa399997170cec3d,"{""distance"":7,""physical_error_rate"":0.001}","{""detection_events"":431315,""detectors_checked"":111144960}"
    643072,         0,         0,    32.1,standalone_exact_mw,c63d9dbf283cbe8d7d2c9891770aca900c170ab5c3de0408fa399997170cec3d,"{""distance"":7,""physical_error_rate"":0.001}","{""detection_events"":2027074,""detectors_checked"":520888320}"
     25600,         0,         0,    3.09,standalone_exact_mw,20c8daca17953576b13a32f59e5f9cb54485b277119f4e6925e9023b8dd1f351,"{""distance"":7,""physical_error_rate"":0.002}","{""detection_events"":159781,""detectors_checked"":20736000}"
       273,         0,         0,   0.049,standalone_exact_mw,20c8daca17953576b13a32f59e5f9cb54485b277119f4e6925e9023b8dd1f351,"{""distance"":7,""physical_error_rate"":0.002}","{""detection_events"":1847,""detectors_checked"":221130}"
      1024,         0,         0,   0.115,standalone_exact_mw,20c8daca17953576b13a32f59e5f9cb54485b277119f4e6925e9023b8dd1f351,"{""distance"":7,""physical_error_rate"":0.002}","{""detection_events"":6240,""detectors_checked"":829440}"
    125952,         0,         0,    11.8,standalone_exact_mw,c63d9dbf283cbe8d7d2c9891770aca900c170ab5c3de0408fa399997170cec3d,"{""distance"":7,""physical_error_rate"":0.001}","{""detection_events"":397020,""detectors_checked"":102021120}"
      1024,         0,         0,   0.116,standalone_exact_mw,20c8daca17953576b13a32f59e5f9cb54485b277119f4e6925e9023b8dd1f351,"{""distance"":7,""physical_error_rate"":0.002}","{""detection_events"":6526,""detectors_checked"":829440}"
      1024,         0,         0,   0.129,standalone_exact_mw,20c8daca17953576b13a32f59e5f9cb54485b277119f4e6925e9023b8dd1f351,"{""distance"":7,""physical_error_rate"":0.002}","{""detection_events"":6480,""detectors_checked"":829440}"
    136192,         0,         0,    11.8,standalone_exact_mw,c63d9dbf283cbe8d7d2c9891770aca900c170ab5c3de0408fa399997170cec3d,"{""distance"":7,""physical_error_rate"":0.001}","{""detection_events"":429193,""detectors_checked"":110315520}"
      1024,         0,         0,   0.129,standalone_exact_mw,20c8daca17953576b13a32f59e5f9cb54485b277119f4e6925e9023b8dd1f351,"{""distance"":7,""physical_error_rate"":0.002}","{""detection_events"":6493,""detectors_checked"":829440}"
      1024,         0,         0,   0.118,standalone_exact_mw,20c8daca17953576b13a32f59e5f9cb54485b277119f4e6925e9023b8dd1f351,"{""distance"":7,""physical_error_rate"":0.002}","{""detection_events"":6336,""detectors_checked"":829440}"
      1024,         0,         0,   0.128,standalone_exact_mw,20c8daca17953576b13a32f59e5f9cb54485b277119f4e6925e9023b8dd1f351,"{""distance"":7,""physical_error_rate"":0.002}","{""detection_events"":6424,""detectors_checked"":829440}"
      1024,         0,         0,   0.128,standalone_exact_mw,20c8daca17953576b13a32f59e5f9cb54485b277119f4e6925e9023b8dd1f351,"{""distance"":7,""physical_error_rate"":0.002}","{""detection_events"":6404,""detectors_checked"":829440}"
      2048,         0,         0,   0.256,standalone_exact_mw,20c8daca17953576b13a32f59e5f9cb54485b277119f4e6925e9023b8dd1f351,"{""distance"":7,""physical_error_rate"":0.002}","{""detection_events"":12836,""detectors_checked"":1658880}"
      2048,         0,         0,   0.257,standalone_exact_mw,20c8daca17953576b13a32f59e5f9cb54485b277119f4e6925e9023b8dd1f351,"{""distance"":7,""physical_error_rate"":0.002}","{""detection_events"":12986,""detectors_checked"":1658880}"
      3072,         0,         0,   0.386,standalone_exact_mw,20c8daca17953576b13a32f59e5f9cb54485b277119f4e6925e9023b8dd1f351,"{""distance"":7,""physical_error_rate"":0.002}","{""detection_events"":19381,""detectors_checked"":2488320}"
      4096,         0,         0,   0.508,standalone_exact_mw,20c8daca17953576b13a32f59e5f9cb54485b277119f4e6925e9023b8dd1f351,"{""distance"":7,""physical_error_rate"":0.002}","{""detection_events"":25909,""detectors_checked"":3317760}"
    109568,         0,         0,    11.8,standalone_exact_mw,20c8daca17953576b13a32f59e5f9cb54485b277119f4e6925e9023b8dd1f351,"{""distance"":7,""physical_error_rate"":0.002}","{""detection_events"":686087,""detectors_checked"":88750080}"
   1089536,         0,         0,   119.9,standalone_exact_mw,c63d9dbf283cbe8d7d2c9891770aca900c170ab5c3de0408fa399997170cec3d,"{""distance"":7,""physical_error_rate"":0.001}","{""detection_events"":3432614,""detectors_checked"":882524160}"
      5120,         0,         0,   0.629,standalone_exact_mw,20c8daca17953576b13a32f59e5f9cb54485b277119f4e6925e9023b8dd1f351,"{""distance"":7,""physical_error_rate"":0.002}","{""detection_events"":31914,""detectors_checked"":4147200}"
     60416,         0,         0,    5.97,standalone_exact_mw,c63d9dbf283cbe8d7d2c9891770aca900c170ab5c3de0408fa399997170cec3d,"{""distance"":7,""physical_error_rate"":0.001}","{""detection_events"":189945,""detectors_checked"":48936960}"
      7168,         0,         0,   0.884,standalone_exact_mw,20c8daca17953576b13a32f59e5f9cb54485b277119f4e6925e9023b8dd1f351,"{""distance"":7,""physical_error_rate"":0.002}","{""detection_events"":45023,""detectors_checked"":5806080}"
     35840,         0,         0,    4.33,standalone_exact_mw,20c8daca17953576b13a32f59e5f9cb54485b277119f4e6925e9023b8dd1f351,"{""distance"":7,""physical_error_rate"":0.002}","{""detection_events"":225701,""detectors_checked"":29030400}"
      9216,         0,         0,    1.13,standalone_exact_mw,20c8daca17953576b13a32f59e5f9cb54485b277119f4e6925e9023b8dd1f351,"{""distance"":7,""physical_error_rate"":0.002}","{""detection_events"":57788,""detectors_checked"":7464960}"
         1,         0,         0,   0.003,standalone_exact_mw,20c8daca17953576b13a32f59e5f9cb54485b277119f4e6925e9023b8dd1f351,"{""distance"":7,""physical_error_rate"":0.002}","{""detection_events"":9,""detectors_checked"":810}"
       272,         0,         0,   0.034,standalone_exact_mw,20c8daca17953576b13a32f59e5f9cb54485b277119f4e6925e9023b8dd1f351,"{""distance"":7,""physical_error_rate"":0.002}","{""detection_events"":1862,""detectors_checked"":220320}"
       273,         0,         0,   0.031,standalone_exact_mw,c63d9dbf283cbe8d7d2c9891770aca900c170ab5c3de0408fa399997170cec3d,"{""distance"":7,""physical_error_rate"":0.001}","{""detection_events"":855,""detectors_checked"":221130}"
      1024,         0,         0,   0.116,standalone_exact_mw,20c8daca17953576b13a32f59e5f9cb54485b277119f4e6925e9023b8dd1f351,"{""distance"":7,""physical_error_rate"":0.002}","{""detection_events"":6514,""detectors_checked"":829440}"
      1024,         0,         0,   0.087,standalone_exact_mw,c63d9dbf283cbe8d7d2c9891770aca900c170ab5c3de0408fa399997170cec3d,"{""distance"":7,""physical_error_rate"":0.001}","{""detection_events"":3132,""detectors_checked"":829440}"
      1024,         0,         0,   0.121,standalone_exact_mw,20c8daca17953576b13a32f59e5f9cb54485b277119f4e6925e9023b8dd1f351,"{""distance"":7,""physical_error_rate"":0.002}","{""detection_events"":6542,""detectors_checked"":829440}"
      1024,         0,         0,   0.088,standalone_exact_mw,c63d9dbf283cbe8d7d2c9891770aca900c170ab5c3de0408fa399997170cec3d,"{""distance"":7,""physical_error_rate"":0.001}","{""detection_events"":3278,""detectors_checked"":829440}"
      1024,         0,         0,   0.116,standalone_exact_mw,20c8daca17953576b13a32f59e5f9cb54485b277119f4e6925e9023b8dd1f351,"{""distance"":7,""physical_error_rate"":0.002}","{""detection_events"":6423,""detectors_checked"":829440}"
      1024,         0,         0,   0.087,standalone_exact_mw,c63d9dbf283cbe8d7d2c9891770aca900c170ab5c3de0408fa399997170cec3d,"{""distance"":7,""physical_error_rate"":0.001}","{""detection_events"":3194,""detectors_checked"":829440}"
      1024,         0,         0,   0.088,standalone_exact_mw,c63d9dbf283cbe8d7d2c9891770aca900c170ab5c3de0408fa399997170cec3d,"{""distance"":7,""physical_error_rate"":0.001}","{""detection_events"":3185,""detectors_checked"":829440}"
      1024,         0,         0,   0.130,standalone_exact_mw,20c8daca17953576b13a32f59e5f9cb54485b277119f4e6925e9023b8dd1f351,"{""distance"":7,""physical_error_rate"":0.002}","{""detection_events"":6398,""detectors_checked"":829440}"
      1024,         0,         0,   0.088,standalone_exact_mw,c63d9dbf283cbe8d7d2c9891770aca900c170ab5c3de0408fa399997170cec3d,"{""distance"":7,""physical_error_rate"":0.001}","{""detection_events"":3308,""detectors_checked"":829440}"
   1882112,         0,         0,   119.9,standalone_exact_mw,20c8daca17953576b13a32f59e5f9cb54485b277119f4e6925e9023b8dd1f351,"{""distance"":7,""physical_error_rate"":0.002}","{""detection_events"":11791508,""detectors_checked"":1524510720}"
      1024,         0,         0,   0.116,standalone_exact_mw,20c8daca17953576b13a32f59e5f9cb54485b277119f4e6925e9023b8dd1f351,"{""distance"":7,""physical_error_rate"":0.002}","{""detection_events"":6459,""detectors_checked"":829440}"
      1024,         0,         0,   0.100,standalone_exact_mw,c63d9dbf283cbe8d7d2c9891770aca900c170ab5c3de0408fa399997170cec3d,"{""distance"":7,""physical_error_rate"":0.001}","{""detection_events"":3271,""detectors_checked"":829440}"
      1024,         0,         0,   0.114,standalone_exact_mw,20c8daca17953576b13a32f59e5f9cb54485b277119f4e6925e9023b8dd1f351,"{""distance"":7,""physical_error_rate"":0.002}","{""detection_events"":6274,""detectors_checked"":829440}"
      2048,         0,         0,   0.186,standalone_exact_mw,c63d9dbf283cbe8d7d2c9891770aca900c170ab5c3de0408fa399997170cec3d,"{""distance"":7,""physical_error_rate"":0.001}","{""detection_events"":6462,""detectors_checked"":1658880}"
      2048,         0,         0,   0.243,standalone_exact_mw,20c8daca17953576b13a32f59e5f9cb54485b277119f4e6925e9023b8dd1f351,"{""distance"":7,""physical_error_rate"":0.002}","{""detection_events"":12973,""detectors_checked"":1658880}"
      2048,         0,         0,   0.185,standalone_exact_mw,c63d9dbf283cbe8d7d2c9891770aca900c170ab5c3de0408fa399997170cec3d,"{""distance"":7,""physical_error_rate"":0.001}","{""detection_events"":6343,""detectors_checked"":1658880}"
      2048,         0,         0,   0.256,standalone_exact_mw,20c8daca17953576b13a32f59e5f9cb54485b277119f4e6925e9023b8dd1f351,"{""distance"":7,""physical_error_rate"":0.002}","{""detection_events"":12920,""detectors_checked"":1658880}"
      3072,         0,         0,   0.288,standalone_exact_mw,c63d9dbf283cbe8d7d2c9891770aca900c170ab5c3de0408fa399997170cec3d,"{""distance"":7,""physical_error_rate"":0.001}","{""detection_events"":9773,""detectors_checked"":2488320}"
     13312,         0,         0,    1.63,standalone_exact_mw,20c8daca17953576b13a32f59e5f9cb54485b277119f4e6925e9023b8dd1f351,"{""distance"":7,""physical_error_rate"":0.002}","{""detection_events"":83362,""detectors_checked"":10782720}"
      3072,         0,         0,   0.386,standalone_exact_mw,20c8daca17953576b13a32f59e5f9cb54485b277119f4e6925e9023b8dd1f351,"{""distance"":7,""physical_error_rate"":0.002}","{""detection_events"":19293,""detectors_checked"":2488320}"
         1,         0,         0,   0.002,standalone_exact_mw,c63d9dbf283cbe8d7d2c9891770aca900c170ab5c3de0408fa399997170cec3d,"{""distance"":7,""physical_error_rate"":0.001}","{""detection_events"":3,""detectors_checked"":810}"
      4096,         0,         0,   0.386,standalone_exact_mw,c63d9dbf283cbe8d7d2c9891770aca900c170ab5c3de0408fa399997170cec3d,"{""distance"":7,""physical_error_rate"":0.001}","{""detection_events"":12877,""detectors_checked"":3317760}"
        16,         0,         0,   0.003,standalone_exact_mw,c63d9dbf283cbe8d7d2c9891770aca900c170ab5c3de0408fa399997170cec3d,"{""distance"":7,""physical_error_rate"":0.001}","{""detection_events"":39,""detectors_checked"":12960}"
       256,         0,         0,   0.025,standalone_exact_mw,c63d9dbf283cbe8d7d2c9891770aca900c170ab5c3de0408fa399997170cec3d,"{""distance"":7,""physical_error_rate"":0.001}","{""detection_events"":770,""detectors_checked"":207360}"
      1024,         0,         0,   0.089,standalone_exact_mw,c63d9dbf283cbe8d7d2c9891770aca900c170ab5c3de0408fa399997170cec3d,"{""distance"":7,""physical_error_rate"":0.001}","{""detection_events"":3419,""detectors_checked"":829440}"
      1024,         0,         0,   0.074,standalone_exact_mw,c63d9dbf283cbe8d7d2c9891770aca900c170ab5c3de0408fa399997170cec3d,"{""distance"":7,""physical_error_rate"":0.001}","{""detection_events"":3220,""detectors_checked"":829440}"
      1024,         0,         0,   0.088,standalone_exact_mw,c63d9dbf283cbe8d7d2c9891770aca900c170ab5c3de0408fa399997170cec3d,"{""distance"":7,""physical_error_rate"":0.001}","{""detection_events"":3259,""detectors_checked"":829440}"
      1024,         0,         0,   0.100,standalone_exact_mw,c63d9dbf283cbe8d7d2c9891770aca900c170ab5c3de0408fa399997170cec3d,"{""distance"":7,""physical_error_rate"":0.001}","{""detection_events"":3227,""detectors_checked"":829440}"
      4096,         0,         0,   0.514,standalone_exact_mw,20c8daca17953576b13a32f59e5f9cb54485b277119f4e6925e9023b8dd1f351,"{""distance"":7,""physical_error_rate"":0.002}","{""detection_events"":25640,""detectors_checked"":3317760}"
      5120,         0,         0,   0.462,standalone_exact_mw,c63d9dbf283cbe8d7d2c9891770aca900c170ab5c3de0408fa399997170cec3d,"{""distance"":7,""physical_error_rate"":0.001}","{""detection_events"":16127,""detectors_checked"":4147200}"
      2048,         0,         0,   0.201,standalone_exact_mw,c63d9dbf283cbe8d7d2c9891770aca900c170ab5c3de0408fa399997170cec3d,"{""distance"":7,""physical_error_rate"":0.001}","{""detection_events"":6460,""detectors_checked"":1658880}"
      2048,         0,         0,   0.187,standalone_exact_mw,c63d9dbf283cbe8d7d2c9891770aca900c170ab5c3de0408fa399997170cec3d,"{""distance"":7,""physical_error_rate"":0.001}","{""detection_events"":6427,""detectors_checked"":1658880}"
      5120,         0,         0,   0.629,standalone_exact_mw,20c8daca17953576b13a32f59e5f9cb54485b277119f4e6925e9023b8dd1f351,"{""distance"":7,""physical_error_rate"":0.002}","{""detection_events"":31960,""detectors_checked"":4147200}"
      6144,         0,         0,   0.578,standalone_exact_mw,c63d9dbf283cbe8d7d2c9891770aca900c170ab5c3de0408fa399997170cec3d,"{""distance"":7,""physical_error_rate"":0.001}","{""detection_events"":19713,""detectors_checked"":4976640}"
      3072,         0,         0,   0.287,standalone_exact_mw,c63d9dbf283cbe8d7d2c9891770aca900c170ab5c3de0408fa399997170cec3d,"{""distance"":7,""physical_error_rate"":0.001}","{""detection_events"":9576,""detectors_checked"":2488320}"
    126976,         0,         0,    16.5,standalone_exact_mw,20c8daca17953576b13a32f59e5f9cb54485b277119f4e6925e9023b8dd1f351,"{""distance"":7,""physical_error_rate"":0.002}","{""detection_events"":794746,""detectors_checked"":102850560}"
      3072,         0,         0,   0.290,standalone_exact_mw,c63d9dbf283cbe8d7d2c9891770aca900c170ab5c3de0408fa399997170cec3d,"{""distance"":7,""physical_error_rate"":0.001}","{""detection_events"":9710,""detectors_checked"":2488320}"
      5120,         0,         0,   0.476,standalone_exact_mw,c63d9dbf283cbe8d7d2c9891770aca900c170ab5c3de0408fa399997170cec3d,"{""distance"":7,""physical_error_rate"":0.001}","{""detection_events"":16255,""detectors_checked"":4147200}"
      9216,         0,         0,   0.856,standalone_exact_mw,c63d9dbf283cbe8d7d2c9891770aca900c170ab5c3de0408fa399997170cec3d,"{""distance"":7,""physical_error_rate"":0.001}","{""detection_events"":29273,""detectors_checked"":7464960}"
      7168,         0,         0,   0.897,standalone_exact_mw,20c8daca17953576b13a32f59e5f9cb54485b277119f4e6925e9023b8dd1f351,"{""distance"":7,""physical_error_rate"":0.002}","{""detection_events"":45239,""detectors_checked"":5806080}"
     18432,         0,         0,    2.27,standalone_exact_mw,20c8daca17953576b13a32f59e5f9cb54485b277119f4e6925e9023b8dd1f351,"{""distance"":7,""physical_error_rate"":0.002}","{""detection_events"":115519,""detectors_checked"":14929920}"
      6144,         0,         0,   0.575,standalone_exact_mw,c63d9dbf283cbe8d7d2c9891770aca900c170ab5c3de0408fa399997170cec3d,"{""distance"":7,""physical_error_rate"":0.001}","{""detection_events"":19366,""detectors_checked"":4976640}"
      7168,         0,         0,    1.12,standalone_exact_mw,20c8daca17953576b13a32f59e5f9cb54485b277119f4e6925e9023b8dd1f351,"{""distance"":7,""physical_error_rate"":0.002}","{""detection_events"":44700,""detectors_checked"":5806080}"
     12288,         0,         0,    1.15,standalone_exact_mw,c63d9dbf283cbe8d7d2c9891770aca900c170ab5c3de0408fa399997170cec3d,"{""distance"":7,""physical_error_rate"":0.001}","{""detection_events"":38470,""detectors_checked"":9953280}"
      9216,         0,         0,   0.859,standalone_exact_mw,c63d9dbf283cbe8d7d2c9891770aca900c170ab5c3de0408fa399997170cec3d,"{""distance"":7,""physical_error_rate"":0.001}","{""detection_events"":28977,""detectors_checked"":7464960}"
     50176,         0,         0,    6.03,standalone_exact_mw,20c8daca17953576b13a32f59e5f9cb54485b277119f4e6925e9023b8dd1f351,"{""distance"":7,""physical_error_rate"":0.002}","{""detection_events"":314911,""detectors_checked"":40642560}"
    135168,         0,         0,    16.4,standalone_exact_mw,20c8daca17953576b13a32f59e5f9cb54485b277119f4e6925e9023b8dd1f351,"{""distance"":7,""physical_error_rate"":0.002}","{""detection_events"":847865,""detectors_checked"":109486080}"
     12288,         0,         0,    1.14,standalone_exact_mw,c63d9dbf283cbe8d7d2c9891770aca900c170ab5c3de0408fa399997170cec3d,"{""distance"":7,""physical_error_rate"":0.001}","{""detection_events"":38473,""detectors_checked"":9953280}"
       273,         0,         0,   0.031,standalone_exact_mw,c63d9dbf283cbe8d7d2c9891770aca900c170ab5c3de0408fa399997170cec3d,"{""distance"":7,""physical_error_rate"":0.001}","{""detection_events"":845,""detectors_checked"":221130}"
      8192,         0,         0,    1.56,standalone_exact_mw,20c8daca17953576b13a32f59e5f9cb54485b277119f4e6925e9023b8dd1f351,"{""distance"":7,""physical_error_rate"":0.002}","{""detection_events"":51874,""detectors_checked"":6635520}"
      1024,         0,         0,   0.086,standalone_exact_mw,c63d9dbf283cbe8d7d2c9891770aca900c170ab5c3de0408fa399997170cec3d,"{""distance"":7,""physical_error_rate"":0.001}","{""detection_events"":3123,""detectors_checked"":829440}"
     17408,         0,         0,    1.62,standalone_exact_mw,c63d9dbf283cbe8d7d2c9891770aca900c170ab5c3de0408fa399997170cec3d,"{""distance"":7,""physical_error_rate"":0.001}","{""detection_events"":55568,""detectors_checked"":14100480}"
     84992,         0,         0,    8.36,standalone_exact_mw,c63d9dbf283cbe8d7d2c9891770aca900c170ab5c3de0408fa399997170cec3d,"{""distance"":7,""physical_error_rate"":0.001}","{""detection_events"":267282,""detectors_checked"":68843520}"
      1024,         0,         0,   0.099,standalone_exact_mw,c63d9dbf283cbe8d7d2c9891770aca900c170ab5c3de0408fa399997170cec3d,"{""distance"":7,""physical_error_rate"":0.001}","{""detection_events"":3216,""detectors_checked"":829440}"
      1024,         0,         0,   0.087,standalone_exact_mw,c63d9dbf283cbe8d7d2c9891770aca900c170ab5c3de0408fa399997170cec3d,"{""distance"":7,""physical_error_rate"":0.001}","{""detection_events"":3256,""detectors_checked"":829440}"
      1024,         0,         0,   0.099,standalone_exact_mw,c63d9dbf283cbe8d7d2c9891770aca900c170ab5c3de0408fa399997170cec3d,"{""distance"":7,""physical_error_rate"":0.001}","{""detection_events"":3227,""detectors_checked"":829440}"
      1024,         0,         0,   0.098,standalone_exact_mw,c63d9dbf283cbe8d7d2c9891770aca900c170ab5c3de0408fa399997170cec3d,"{""distance"":7,""physical_error_rate"":0.001}","{""detection_events"":3086,""detectors_checked"":829440}"
      1024,         0,         0,   0.086,standalone_exact_mw,c63d9dbf283cbe8d7d2c9891770aca900c170ab5c3de0408fa399997170cec3d,"{""distance"":7,""physical_error_rate"":0.001}","{""detection_events"":3118,""detectors_checked"":829440}"
     24576,         0,         0,    3.11,standalone_exact_mw,20c8daca17953576b13a32f59e5f9cb54485b277119f4e6925e9023b8dd1f351,"{""distance"":7,""physical_error_rate"":0.002}","{""detection_events"":155587,""detectors_checked"":19906560}"
      2048,         0,         0,   0.200,standalone_exact_mw,c63d9dbf283cbe8d7d2c9891770aca900c170ab5c3de0408fa399997170cec3d,"{""distance"":7,""physical_error_rate"":0.001}","{""detection_events"":6508,""detectors_checked"":1658880}"
       273,         0,         0,   0.031,standalone_exact_mw,c63d9dbf283cbe8d7d2c9891770aca900c170ab5c3de0408fa399997170cec3d,"{""distance"":7,""physical_error_rate"":0.001}","{""detection_events"":815,""detectors_checked"":221130}"
      2048,         0,         0,   0.184,standalone_exact_mw,c63d9dbf283cbe8d7d2c9891770aca900c170ab5c3de0408fa399997170cec3d,"{""distance"":7,""physical_error_rate"":0.001}","{""detection_events"":6091,""detectors_checked"":1658880}"
      1024,         0,         0,   0.087,standalone_exact_mw,c63d9dbf283cbe8d7d2c9891770aca900c170ab5c3de0408fa399997170cec3d,"{""distance"":7,""physical_error_rate"":0.001}","{""detection_events"":3263,""detectors_checked"":829440}"
      1024,         0,         0,   0.100,standalone_exact_mw,c63d9dbf283cbe8d7d2c9891770aca900c170ab5c3de0408fa399997170cec3d,"{""distance"":7,""physical_error_rate"":0.001}","{""detection_events"":3247,""detectors_checked"":829440}"
      1024,         0,         0,   0.100,standalone_exact_mw,c63d9dbf283cbe8d7d2c9891770aca900c170ab5c3de0408fa399997170cec3d,"{""distance"":7,""physical_error_rate"":0.001}","{""detection_events"":3244,""detectors_checked"":829440}"
      3072,         0,         0,   0.285,standalone_exact_mw,c63d9dbf283cbe8d7d2c9891770aca900c170ab5c3de0408fa399997170cec3d,"{""distance"":7,""physical_error_rate"":0.001}","{""detection_events"":9992,""detectors_checked"":2488320}"
      1024,         0,         0,   0.087,standalone_exact_mw,c63d9dbf283cbe8d7d2c9891770aca900c170ab5c3de0408fa399997170cec3d,"{""distance"":7,""physical_error_rate"":0.001}","{""detection_events"":3116,""detectors_checked"":829440}"
      1024,         0,         0,   0.100,standalone_exact_mw,c63d9dbf283cbe8d7d2c9891770aca900c170ab5c3de0408fa399997170cec3d,"{""distance"":7,""physical_error_rate"":0.001}","{""detection_events"":3178,""detectors_checked"":829440}"
      1024,         0,         0,   0.100,standalone_exact_mw,c63d9dbf283cbe8d7d2c9891770aca900c170ab5c3de0408fa399997170cec3d,"{""distance"":7,""physical_error_rate"":0.001}","{""detection_events"":3178,""detectors_checked"":829440}"
     17408,         0,         0,    1.62,standalone_exact_mw,c63d9dbf283cbe8d7d2c9891770aca900c170ab5c3de0408fa399997170cec3d,"{""distance"":7,""physical_error_rate"":0.001}","{""detection_events"":55101,""detectors_checked"":14100480}"
      4096,         0,         0,   0.369,standalone_exact_mw,c63d9dbf283cbe8d7d2c9891770aca900c170ab5c3de0408fa399997170cec3d,"{""distance"":7,""physical_error_rate"":0.001}","{""detection_events"":12991,""detectors_checked"":3317760}"
      2048,         0,         0,   0.182,standalone_exact_mw,c63d9dbf283cbe8d7d2c9891770aca900c170ab5c3de0408fa399997170cec3d,"{""distance"":7,""physical_error_rate"":0.001}","{""detection_events"":6353,""detectors_checked"":1658880}"
      2048,         0,         0,   0.189,standalone_exact_mw,c63d9dbf283cbe8d7d2c9891770aca900c170ab5c3de0408fa399997170cec3d,"{""distance"":7,""physical_error_rate"":0.001}","{""detection_events"":6584,""detectors_checked"":1658880}"
      5120,         0,         0,   0.467,standalone_exact_mw,c63d9dbf283cbe8d7d2c9891770aca900c170ab5c3de0408fa399997170cec3d,"{""distance"":7,""physical_error_rate"":0.001}","{""detection_events"":15986,""detectors_checked"":4147200}"
      3072,         0,         0,   0.286,standalone_exact_mw,c63d9dbf283cbe8d7d2c9891770aca900c170ab5c3de0408fa399997170cec3d,"{""distance"":7,""physical_error_rate"":0.001}","{""detection_events"":9516,""detectors_checked"":2488320}"
     12288,         0,         0,    2.32,standalone_exact_mw,20c8daca17953576b13a32f59e5f9cb54485b277119f4e6925e9023b8dd1f351,"{""distance"":7,""physical_error_rate"":0.002}","{""detection_events"":77318,""detectors_checked"":9953280}"
     23552,         0,         0,    2.25,standalone_exact_mw,c63d9dbf283cbe8d7d2c9891770aca900c170ab5c3de0408fa399997170cec3d,"{""distance"":7,""physical_error_rate"":0.001}","{""detection_events"":74317,""detectors_checked"":19077120}"
      3072,         0,         0,   0.289,standalone_exact_mw,c63d9dbf283cbe8d7d2c9891770aca900c170ab5c3de0408fa399997170cec3d,"{""distance"":7,""physical_error_rate"":0.001}","{""detection_events"":10073,""detectors_checked"":2488320}"
      6144,         0,         0,   0.556,standalone_exact_mw,c63d9dbf283cbe8d7d2c9891770aca900c170ab5c3de0408fa399997170cec3d,"{""distance"":7,""physical_error_rate"":0.001}","{""detection_events"":19267,""detectors_checked"":4976640}"
      5120,         0,         0,   0.460,standalone_exact_mw,c63d9dbf283cbe8d7d2c9891770aca900c170ab5c3de0408fa399997170cec3d,"{""distance"":7,""physical_error_rate"":0.001}","{""detection_events"":16003,""detectors_checked"":4147200}"
      6144,         0,         0,   0.576,standalone_exact_mw,c63d9dbf283cbe8d7d2c9891770aca900c170ab5c3de0408fa399997170cec3d,"{""distance"":7,""physical_error_rate"":0.001}","{""detection_events"":19543,""detectors_checked"":4976640}"
      9216,         0,         0,   0.842,standalone_exact_mw,c63d9dbf283cbe8d7d2c9891770aca900c170ab5c3de0408fa399997170cec3d,"{""distance"":7,""physical_error_rate"":0.001}","{""detection_events"":29302,""detectors_checked"":7464960}"
     23552,         0,         0,    2.21,standalone_exact_mw,c63d9dbf283cbe8d7d2c9891770aca900c170ab5c3de0408fa399997170cec3d,"{""distance"":7,""physical_error_rate"":0.001}","{""detection_events"":74306,""detectors_checked"":19077120}"
    171008,         0,         0,    16.4,standalone_exact_mw,c63d9dbf283cbe8d7d2c9891770aca900c170ab5c3de0408fa399997170cec3d,"{""distance"":7,""physical_error_rate"":0.001}","{""detection_events"":538223,""detectors_checked"":138516480}"
      9216,         0,         0,   0.859,standalone_exact_mw,c63d9dbf283cbe8d7d2c9891770aca900c170ab5c3de0408fa399997170cec3d,"{""distance"":7,""physical_error_rate"":0.001}","{""detection_events"":28579,""detectors_checked"":7464960}"
         1,         0,         0,   0.003,standalone_exact_mw,20c8daca17953576b13a32f59e5f9cb54485b277119f4e6925e9023b8dd1f351,"{""distance"":7,""physical_error_rate"":0.002}","{""detection_events"":15,""detectors_checked"":810}"
     12288,         0,         0,    1.13,standalone_exact_mw,c63d9dbf283cbe8d7d2c9891770aca900c170ab5c3de0408fa399997170cec3d,"{""distance"":7,""physical_error_rate"":0.001}","{""detection_events"":38916,""detectors_checked"":9953280}"
       272,         0,         0,   0.032,standalone_exact_mw,20c8daca17953576b13a32f59e5f9cb54485b277119f4e6925e9023b8dd1f351,"{""distance"":7,""physical_error_rate"":0.002}","{""detection_events"":1742,""detectors_checked"":220320}"
      1024,         0,         0,   0.141,standalone_exact_mw,20c8daca17953576b13a32f59e5f9cb54485b277119f4e6925e9023b8dd1f351,"{""distance"":7,""physical_error_rate"":0.002}","{""detection_events"":6789,""detectors_checked"":829440}"
     34816,         0,         0,    4.30,standalone_exact_mw,20c8daca17953576b13a32f59e5f9cb54485b277119f4e6925e9023b8dd1f351,"{""distance"":7,""physical_error_rate"":0.002}","{""detection_events"":217744,""detectors_checked"":28200960}"
      1024,         0,         0,   0.115,standalone_exact_mw,20c8daca17953576b13a32f59e5f9cb54485b277119f4e6925e9023b8dd1f351,"{""distance"":7,""physical_error_rate"":0.002}","{""detection_events"":6342,""detectors_checked"":829440}"
      1024,         0,         0,   0.115,standalone_exact_mw,20c8daca17953576b13a32f59e5f9cb54485b277119f4e6925e9023b8dd1f351,"{""distance"":7,""physical_error_rate"":0.002}","{""detection_events"":6604,""detectors_checked"":829440}"
      1024,         0,         0,   0.114,standalone_exact_mw,20c8daca17953576b13a32f59e5f9cb54485b277119f4e6925e9023b8dd1f351,"{""distance"":7,""physical_error_rate"":0.002}","{""detection_events"":6388,""detectors_checked"":829440}"
    174080,         0,         0,    16.4,standalone_exact_mw,c63d9dbf283cbe8d7d2c9891770aca900c170ab5c3de0408fa399997170cec3d,"{""distance"":7,""physical_error_rate"":0.001}","{""detection_events"":547757,""detectors_checked"":141004800}"
      1024,         0,         0,   0.116,standalone_exact_mw,20c8daca17953576b13a32f59e5f9cb54485b277119f4e6925e9023b8dd1f351,"{""distance"":7,""physical_error_rate"":0.002}","{""detection_events"":6467,""detectors_checked"":829440}"
     16384,         0,         0,    3.08,standalone_exact_mw,20c8daca17953576b13a32f59e5f9cb54485b277119f4e6925e9023b8dd1f351,"{""distance"":7,""physical_error_rate"":0.002}","{""detection_events"":103834,""detectors_checked"":13271040}"
      1024,         0,         0,   0.127,standalone_exact_mw,20c8daca17953576b13a32f59e5f9cb54485b277119f4e6925e9023b8dd1f351,"{""distance"":7,""physical_error_rate"":0.002}","{""detection_events"":6334,""detectors_checked"":829440}"
     32768,         0,         0,    3.08,standalone_exact_mw,c63d9dbf283cbe8d7d2c9891770aca900c170ab5c3de0408fa399997170cec3d,"{""distance"":7,""physical_error_rate"":0.001}","{""detection_events"":102713,""detectors_checked"":26542080}"
    171008,         0,         0,    16.4,standalone_exact_mw,c63d9dbf283cbe8d7d2c9891770aca900c170ab5c3de0408fa399997170cec3d,"{""distance"":7,""physical_error_rate"":0.001}","{""detection_events"":539290,""detectors_checked"":138516480}"
     12288,         0,         0,    1.16,standalone_exact_mw,c63d9dbf283cbe8d7d2c9891770aca900c170ab5c3de0408fa399997170cec3d,"{""distance"":7,""physical_error_rate"":0.001}","{""detection_events"":38860,""detectors_checked"":9953280}"
         1,         0,         0,   0.021,standalone_exact_mw,c63d9dbf283cbe8d7d2c9891770aca900c170ab5c3de0408fa399997170cec3d,"{""distance"":7,""physical_error_rate"":0.001}","{""detection_events"":2,""detectors_checked"":810}"
       272,         0,         0,   0.034,standalone_exact_mw,c63d9dbf283cbe8d7d2c9891770aca900c170ab5c3de0408fa399997170cec3d,"{""distance"":7,""physical_error_rate"":0.001}","{""detection_events"":853,""detectors_checked"":220320}"
      2048,         0,         0,   0.258,standalone_exact_mw,20c8daca17953576b13a32f59e5f9cb54485b277119f4e6925e9023b8dd1f351,"{""distance"":7,""physical_error_rate"":0.002}","{""detection_events"":12800,""detectors_checked"":1658880}"
   1180672,         0,         0,   119.8,standalone_exact_mw,c63d9dbf283cbe8d7d2c9891770aca900c170ab5c3de0408fa399997170cec3d,"{""distance"":7,""physical_error_rate"":0.001}","{""detection_events"":3718497,""detectors_checked"":956344320}"
      1024,         0,         0,   0.158,standalone_exact_mw,c63d9dbf283cbe8d7d2c9891770aca900c170ab5c3de0408fa399997170cec3d,"{""distance"":7,""physical_error_rate"":0.001}","{""detection_events"":3119,""detectors_checked"":829440}"
      1024,         0,         0,   0.156,standalone_exact_mw,c63d9dbf283cbe8d7d2c9891770aca900c170ab5c3de0408fa399997170cec3d,"{""distance"":7,""physical_error_rate"":0.001}","{""detection_events"":3202,""detectors_checked"":829440}"
      2048,         0,         0,   0.243,standalone_exact_mw,20c8daca17953576b13a32f59e5f9cb54485b277119f4e6925e9023b8dd1f351,"{""distance"":7,""physical_error_rate"":0.002}","{""detection_events"":12739,""detectors_checked"":1658880}"
      1024,         0,         0,   0.140,standalone_exact_mw,c63d9dbf283cbe8d7d2c9891770aca900c170ab5c3de0408fa399997170cec3d,"{""distance"":7,""physical_error_rate"":0.001}","{""detection_events"":3192,""detectors_checked"":829440}"
      1024,         0,         0,   0.158,standalone_exact_mw,c63d9dbf283cbe8d7d2c9891770aca900c170ab5c3de0408fa399997170cec3d,"{""distance"":7,""physical_error_rate"":0.001}","{""detection_events"":3314,""detectors_checked"":829440}"
     17408,         0,         0,    1.59,standalone_exact_mw,c63d9dbf283cbe8d7d2c9891770aca900c170ab5c3de0408fa399997170cec3d,"{""distance"":7,""physical_error_rate"":0.001}","{""detection_events"":54949,""detectors_checked"":14100480}"
      1024,         0,         0,   0.139,standalone_exact_mw,c63d9dbf283cbe8d7d2c9891770aca900c170ab5c3de0408fa399997170cec3d,"{""distance"":7,""physical_error_rate"":0.001}","{""detection_events"":3247,""detectors_checked"":829440}"
      3072,         0,         0,   0.383,standalone_exact_mw,20c8daca17953576b13a32f59e5f9cb54485b277119f4e6925e9023b8dd1f351,"{""distance"":7,""physical_error_rate"":0.002}","{""detection_events"":19141,""detectors_checked"":2488320}"
      1024,         0,         0,   0.140,standalone_exact_mw,c63d9dbf283cbe8d7d2c9891770aca900c170ab5c3de0408fa399997170cec3d,"{""distance"":7,""physical_error_rate"":0.001}","{""detection_events"":3272,""detectors_checked"":829440}"
      3072,         0,         0,   0.424,standalone_exact_mw,20c8daca17953576b13a32f59e5f9cb54485b277119f4e6925e9023b8dd1f351,"{""distance"":7,""physical_error_rate"":0.002}","{""detection_events"":18937,""detectors_checked"":2488320}"
      2048,         0,         0,   0.297,standalone_exact_mw,c63d9dbf283cbe8d7d2c9891770aca900c170ab5c3de0408fa399997170cec3d,"{""distance"":7,""physical_error_rate"":0.001}","{""detection_events"":6387,""detectors_checked"":1658880}"
     32768,         0,         0,    3.07,standalone_exact_mw,c63d9dbf283cbe8d7d2c9891770aca900c170ab5c3de0408fa399997170cec3d,"{""distance"":7,""physical_error_rate"":0.001}","{""detection_events"":103616,""detectors_checked"":26542080}"
      2048,         0,         0,   0.298,standalone_exact_mw,c63d9dbf283cbe8d7d2c9891770aca900c170ab5c3de0408fa399997170cec3d,"{""distance"":7,""physical_error_rate"":0.001}","{""detection_events"":6494,""detectors_checked"":1658880}"
     17408,         0,         0,    1.65,standalone_exact_mw,c63d9dbf283cbe8d7d2c9891770aca900c170ab5c3de0408fa399997170cec3d,"{""distance"":7,""physical_error_rate"":0.001}","{""detection_events"":55245,""detectors_checked"":14100480}"
    229376,         0,         0,    23.0,standalone_exact_mw,20c8daca17953576b13a32f59e5f9cb54485b277119f4e6925e9023b8dd1f351,"{""distance"":7,""physical_error_rate"":0.002}","{""detection_events"":1435152,""detectors_checked"":185794560}"
     69632,         0,         0,    8.38,standalone_exact_mw,20c8daca17953576b13a32f59e5f9cb54485b277119f4e6925e9023b8dd1f351,"{""distance"":7,""physical_error_rate"":0.002}","{""detection_events"":437547,""detectors_checked"":56401920}"
      3072,         0,         0,   0.569,standalone_exact_mw,20c8daca17953576b13a32f59e5f9cb54485b277119f4e6925e9023b8dd1f351,"{""distance"":7,""physical_error_rate"":0.002}","{""detection_events"":19455,""detectors_checked"":2488320}"
      2048,         0,         0,   0.297,standalone_exact_mw,c63d9dbf283cbe8d7d2c9891770aca900c170ab5c3de0408fa399997170cec3d,"{""distance"":7,""physical_error_rate"":0.001}","{""detection_events"":6326,""detectors_checked"":1658880}"
    134144,         0,         0,    16.4,standalone_exact_mw,20c8daca17953576b13a32f59e5f9cb54485b277119f4e6925e9023b8dd1f351,"{""distance"":7,""physical_error_rate"":0.002}","{""detection_events"":840626,""detectors_checked"":108656640}"
      3072,         0,         0,   0.437,standalone_exact_mw,c63d9dbf283cbe8d7d2c9891770aca900c170ab5c3de0408fa399997170cec3d,"{""distance"":7,""physical_error_rate"":0.001}","{""detection_events"":9604,""detectors_checked"":2488320}"
      5120,         0,         0,   0.948,standalone_exact_mw,20c8daca17953576b13a32f59e5f9cb54485b277119f4e6925e9023b8dd1f351,"{""distance"":7,""physical_error_rate"":0.002}","{""detection_events"":32865,""detectors_checked"":4147200}"
      4096,         0,         0,   0.596,standalone_exact_mw,c63d9dbf283cbe8d7d2c9891770aca900c170ab5c3de0408fa399997170cec3d,"{""distance"":7,""physical_error_rate"":0.001}","{""detection_events"":12955,""detectors_checked"":3317760}"
     23552,         0,         0,    2.18,standalone_exact_mw,c63d9dbf283cbe8d7d2c9891770aca900c170ab5c3de0408fa399997170cec3d,"{""distance"":7,""physical_error_rate"":0.001}","{""detection_events"":74255,""detectors_checked"":19077120}"
      6144,         0,         0,   0.914,standalone_exact_mw,c63d9dbf283cbe8d7d2c9891770aca900c170ab5c3de0408fa399997170cec3d,"{""distance"":7,""physical_error_rate"":0.001}","{""detection_events"":19554,""detectors_checked"":4976640}"
     23552,         0,         0,    2.20,standalone_exact_mw,c63d9dbf283cbe8d7d2c9891770aca900c170ab5c3de0408fa399997170cec3d,"{""distance"":7,""physical_error_rate"":0.001}","{""detection_events"":73257,""detectors_checked"":19077120}"
      6144,         0,         0,    1.14,standalone_exact_mw,20c8daca17953576b13a32f59e5f9cb54485b277119f4e6925e9023b8dd1f351,"{""distance"":7,""physical_error_rate"":0.002}","{""detection_events"":38770,""detectors_checked"":4976640}"
     45056,         0,         0,    4.31,standalone_exact_mw,c63d9dbf283cbe8d7d2c9891770aca900c170ab5c3de0408fa399997170cec3d,"{""distance"":7,""physical_error_rate"":0.001}","{""detection_events"":141873,""detectors_checked"":36495360}"
     23552,         0,         0,    4.38,standalone_exact_mw,20c8daca17953576b13a32f59e5f9cb54485b277119f4e6925e9023b8dd1f351,"{""distance"":7,""physical_error_rate"":0.002}","{""detection_events"":147300,""detectors_checked"":19077120}"
    234496,         0,         0,    23.0,standalone_exact_mw,20c8daca17953576b13a32f59e5f9cb54485b277119f4e6925e9023b8dd1f351,"{""distance"":7,""physical_error_rate"":0.002}","{""detection_events"":1469104,""detectors_checked"":189941760}"
   1174528,         0,         0,   119.9,standalone_exact_mw,20c8daca17953576b13a32f59e5f9cb54485b277119f4e6925e9023b8dd1f351,"{""distance"":7,""physical_error_rate"":0.002}","{""detection_events"":7355363,""detectors_checked"":951367680}"
     11264,         0,         0,    1.21,standalone_exact_mw,c63d9dbf283cbe8d7d2c9891770aca900c170ab5c3de0408fa399997170cec3d,"{""distance"":7,""physical_error_rate"":0.001}","{""detection_events"":35823,""detectors_checked"":9123840}"
     48128,         0,         0,    5.97,standalone_exact_mw,20c8daca17953576b13a32f59e5f9cb54485b277119f4e6925e9023b8dd1f351,"{""distance"":7,""physical_error_rate"":0.002}","{""detection_events"":302512,""detectors_checked"":38983680}"
      9216,         0,         0,    1.56,standalone_exact_mw,20c8daca17953576b13a32f59e5f9cb54485b277119f4e6925e9023b8dd1f351,"{""distance"":7,""physical_error_rate"":0.002}","{""detection_events"":57197,""detectors_checked"":7464960}"
     46080,         0,         0,    4.32,standalone_exact_mw,c63d9dbf283cbe8d7d2c9891770aca900c170ab5c3de0408fa399997170cec3d,"{""distance"":7,""physical_error_rate"":0.001}","{""detection_events"":146022,""detectors_checked"":37324800}"
     33792,         0,         0,    3.13,standalone_exact_mw,c63d9dbf283cbe8d7d2c9891770aca900c170ab5c3de0408fa399997170cec3d,"{""distance"":7,""physical_error_rate"":0.001}","{""detection_events"":105850,""detectors_checked"":27371520}"
    125952,         0,         0,    11.8,standalone_exact_mw,c63d9dbf283cbe8d7d2c9891770aca900c170ab5c3de0408fa399997170cec3d,"{""distance"":7,""physical_error_rate"":0.001}","{""detection_events"":397518,""detectors_checked"":102021120}"
     16384,         0,         0,    1.58,standalone_exact_mw,c63d9dbf283cbe8d7d2c9891770aca900c170ab5c3de0408fa399997170cec3d,"{""distance"":7,""physical_error_rate"":0.001}","{""detection_events"":51670,""detectors_checked"":13271040}"
     31744,         0,         0,    3.13,standalone_exact_mw,c63d9dbf283cbe8d7d2c9891770aca900c170ab5c3de0408fa399997170cec3d,"{""distance"":7,""physical_error_rate"":0.001}","{""detection_events"":99774,""detectors_checked"":25712640}"
     12288,         0,         0,    2.24,standalone_exact_mw,20c8daca17953576b13a32f59e5f9cb54485b277119f4e6925e9023b8dd1f351,"{""distance"":7,""physical_error_rate"":0.002}","{""detection_events"":77802,""detectors_checked"":9953280}"
     22528,         0,         0,    2.19,standalone_exact_mw,c63d9dbf283cbe8d7d2c9891770aca900c170ab5c3de0408fa399997170cec3d,"{""distance"":7,""physical_error_rate"":0.001}","{""detection_events"":71403,""detectors_checked"":18247680}"
     62464,         0,         0,    5.98,standalone_exact_mw,c63d9dbf283cbe8d7d2c9891770aca900c170ab5c3de0408fa399997170cec3d,"{""distance"":7,""physical_error_rate"":0.001}","{""detection_events"":197009,""detectors_checked"":50595840}"
     49152,         0,         0,    6.07,standalone_exact_mw,20c8daca17953576b13a32f59e5f9cb54485b277119f4e6925e9023b8dd1f351,"{""distance"":7,""physical_error_rate"":0.002}","{""detection_events"":306800,""detectors_checked"":39813120}"
     47104,         0,         0,    4.35,standalone_exact_mw,c63d9dbf283cbe8d7d2c9891770aca900c170ab5c3de0408fa399997170cec3d,"{""distance"":7,""physical_error_rate"":0.001}","{""detection_events"":148508,""detectors_checked"":38154240}"
     18432,         0,         0,    3.08,standalone_exact_mw,20c8daca17953576b13a32f59e5f9cb54485b277119f4e6925e9023b8dd1f351,"{""distance"":7,""physical_error_rate"":0.002}","{""detection_events"":115361,""detectors_checked"":14929920}"
    568320,         0,         0,   119.9,standalone_exact_mw,20c8daca17953576b13a32f59e5f9cb54485b277119f4e6925e9023b8dd1f351,"{""distance"":7,""physical_error_rate"":0.002}","{""detection_events"":3558919,""detectors_checked"":460339200}"
     46080,         0,         0,    4.32,standalone_exact_mw,c63d9dbf283cbe8d7d2c9891770aca900c170ab5c3de0408fa399997170cec3d,"{""distance"":7,""physical_error_rate"":0.001}","{""detection_events"":144867,""detectors_checked"":37324800}"
     64512,         0,         0,    6.03,standalone_exact_mw,c63d9dbf283cbe8d7d2c9891770aca900c170ab5c3de0408fa399997170cec3d,"{""distance"":7,""physical_error_rate"":0.001}","{""detection_events"":203019,""detectors_checked"":52254720}"
     31744,         0,         0,    3.07,standalone_exact_mw,c63d9dbf283cbe8d7d2c9891770aca900c170ab5c3de0408fa399997170cec3d,"{""distance"":7,""physical_error_rate"":0.001}","{""detection_events"":100751,""detectors_checked"":25712640}"
     98304,         0,         0,    11.8,standalone_exact_mw,20c8daca17953576b13a32f59e5f9cb54485b277119f4e6925e9023b8dd1f351,"{""distance"":7,""physical_error_rate"":0.002}","{""detection_events"":614341,""detectors_checked"":79626240}"
     68608,         0,         0,    8.48,standalone_exact_mw,20c8daca17953576b13a32f59e5f9cb54485b277119f4e6925e9023b8dd1f351,"{""distance"":7,""physical_error_rate"":0.002}","{""detection_events"":428582,""detectors_checked"":55572480}"
    194560,         0,         0,    23.0,standalone_exact_mw,20c8daca17953576b13a32f59e5f9cb54485b277119f4e6925e9023b8dd1f351,"{""distance"":7,""physical_error_rate"":0.002}","{""detection_events"":1219166,""detectors_checked"":157593600}"
    910336,         0,         0,   119.9,standalone_exact_mw,c63d9dbf283cbe8d7d2c9891770aca900c170ab5c3de0408fa399997170cec3d,"{""distance"":7,""physical_error_rate"":0.001}","{""detection_events"":2869415,""detectors_checked"":737372160}"
    840704,         0,         0,   120.0,standalone_exact_mw,20c8daca17953576b13a32f59e5f9cb54485b277119f4e6925e9023b8dd1f351,"{""distance"":7,""physical_error_rate"":0.002}","{""detection_events"":5270998,""detectors_checked"":680970240}"
     31744,         0,         0,    4.46,standalone_exact_mw,20c8daca17953576b13a32f59e5f9cb54485b277119f4e6925e9023b8dd1f351,"{""distance"":7,""physical_error_rate"":0.002}","{""detection_events"":198301,""detectors_checked"":25712640}"
     44032,         0,         0,    4.26,standalone_exact_mw,c63d9dbf283cbe8d7d2c9891770aca900c170ab5c3de0408fa399997170cec3d,"{""distance"":7,""physical_error_rate"":0.001}","{""detection_events"":139260,""detectors_checked"":35665920}"
     65536,         0,         0,    6.06,standalone_exact_mw,c63d9dbf283cbe8d7d2c9891770aca900c170ab5c3de0408fa399997170cec3d,"{""distance"":7,""physical_error_rate"":0.001}","{""detection_events"":206625,""detectors_checked"":53084160}"
     63488,         0,         0,    5.95,standalone_exact_mw,c63d9dbf283cbe8d7d2c9891770aca900c170ab5c3de0408fa399997170cec3d,"{""distance"":7,""physical_error_rate"":0.001}","{""detection_events"":200150,""detectors_checked"":51425280}"
    195584,         0,         0,    23.0,standalone_exact_mw,20c8daca17953576b13a32f59e5f9cb54485b277119f4e6925e9023b8dd1f351,"{""distance"":7,""physical_error_rate"":0.002}","{""detection_events"":1223739,""detectors_checked"":158423040}"
     89088,         0,         0,    8.36,standalone_exact_mw,c63d9dbf283cbe8d7d2c9891770aca900c170ab5c3de0408fa399997170cec3d,"{""distance"":7,""physical_error_rate"":0.001}","{""detection_events"":280030,""detectors_checked"":72161280}"
     67584,         0,         0,    8.37,standalone_exact_mw,20c8daca17953576b13a32f59e5f9cb54485b277119f4e6925e9023b8dd1f351,"{""distance"":7,""physical_error_rate"":0.002}","{""detection_events"":425012,""detectors_checked"":54743040}"
   1187840,         0,         0,   119.9,standalone_exact_mw,20c8daca17953576b13a32f59e5f9cb54485b277119f4e6925e9023b8dd1f351,"{""distance"":7,""physical_error_rate"":0.002}","{""detection_events"":7441233,""detectors_checked"":962150400}"
     71680,         0,         0,    8.45,standalone_exact_mw,c63d9dbf283cbe8d7d2c9891770aca900c170ab5c3de0408fa399997170cec3d,"{""distance"":7,""physical_error_rate"":0.001}","{""detection_events"":225798,""detectors_checked"":58060800}"
     32768,         0,         0,    6.20,standalone_exact_mw,20c8daca17953576b13a32f59e5f9cb54485b277119f4e6925e9023b8dd1f351,"{""distance"":7,""physical_error_rate"":0.002}","{""detection_events"":204604,""detectors_checked"":26542080}"
    294912,         0,         0,    23.0,standalone_exact_mw,c63d9dbf283cbe8d7d2c9891770aca900c170ab5c3de0408fa399997170cec3d,"{""distance"":7,""physical_error_rate"":0.001}","{""detection_events"":927227,""detectors_checked"":238878720}"
     62464,         0,         0,    6.02,standalone_exact_mw,c63d9dbf283cbe8d7d2c9891770aca900c170ab5c3de0408fa399997170cec3d,"{""distance"":7,""physical_error_rate"":0.001}","{""detection_events"":196764,""detectors_checked"":50595840}"
   1206272,         2,         0,   119.9,standalone_exact_mw,20c8daca17953576b13a32f59e5f9cb54485b277119f4e6925e9023b8dd1f351,"{""distance"":7,""physical_error_rate"":0.002}","{""detection_events"":7551469,""detectors_checked"":977080320,""obs_mistake_mask=E"":2}"
    251904,         0,         0,    23.0,standalone_exact_mw,c63d9dbf283cbe8d7d2c9891770aca900c170ab5c3de0408fa399997170cec3d,"{""distance"":7,""physical_error_rate"":0.001}","{""detection_events"":795049,""detectors_checked"":204042240}"
   1262592,         0,         0,   119.9,standalone_exact_mw,c63d9dbf283cbe8d7d2c9891770aca900c170ab5c3de0408fa399997170cec3d,"{""distance"":7,""physical_error_rate"":0.001}","{""detection_events"":3976175,""detectors_checked"":1022699520}"
    274432,         0,         0,    22.9,standalone_exact_mw,c63d9dbf283cbe8d7d2c9891770aca900c170ab5c3de0408fa399997170cec3d,"{""distance"":7,""physical_error_rate"":0.001}","{""detection_events"":866888,""detectors_checked"":222289920}"
    165888,         0,         0,    16.5,standalone_exact_mw,c63d9dbf283cbe8d7d2c9891770aca900c170ab5c3de0408fa399997170cec3d,"{""distance"":7,""physical_error_rate"":0.001}","{""detection_events"":523896,""detectors_checked"":134369280}"
   1316864,         0,         0,   120.0,standalone_exact_mw,c63d9dbf283cbe8d7d2c9891770aca900c170ab5c3de0408fa399997170cec3d,"{""distance"":7,""physical_error_rate"":0.001}","{""detection_events"":4147771,""detectors_checked"":1066659840}"
    899072,         0,         0,    45.0,standalone_exact_mw,c63d9dbf283cbe8d7d2c9891770aca900c170ab5c3de0408fa399997170cec3d,"{""distance"":7,""physical_error_rate"":0.001}","{""detection_events"":2832592,""detectors_checked"":728248320}"
     91136,         0,         0,    8.43,standalone_exact_mw,c63d9dbf283cbe8d7d2c9891770aca900c170ab5c3de0408fa399997170cec3d,"{""distance"":7,""physical_error_rate"":0.001}","{""detection_events"":287899,""detectors_checked"":73820160}"
    192512,         0,         0,    23.0,standalone_exact_mw,20c8daca17953576b13a32f59e5f9cb54485b277119f4e6925e9023b8dd1f351,"{""distance"":7,""physical_error_rate"":0.002}","{""detection_events"":1206636,""detectors_checked"":155934720}"
     95232,         0,         0,    11.8,standalone_exact_mw,20c8daca17953576b13a32f59e5f9cb54485b277119f4e6925e9023b8dd1f351,"{""distance"":7,""physical_error_rate"":0.002}","{""detection_events"":594833,""detectors_checked"":77137920}"
     89088,         0,         0,    8.38,standalone_exact_mw,c63d9dbf283cbe8d7d2c9891770aca900c170ab5c3de0408fa399997170cec3d,"{""distance"":7,""physical_error_rate"":0.001}","{""detection_events"":281928,""detectors_checked"":72161280}"
   1481728,         0,         0,   119.8,standalone_exact_mw,c63d9dbf283cbe8d7d2c9891770aca900c170ab5c3de0408fa399997170cec3d,"{""distance"":7,""physical_error_rate"":0.001}","{""detection_events"":4667401,""detectors_checked"":1200199680}"
    894976,         0,         0,    45.0,standalone_exact_mw,c63d9dbf283cbe8d7d2c9891770aca900c170ab5c3de0408fa399997170cec3d,"{""distance"":7,""physical_error_rate"":0.001}","{""detection_events"":2822626,""detectors_checked"":724930560}"
     37888,         0,         0,    8.32,standalone_exact_mw,20c8daca17953576b13a32f59e5f9cb54485b277119f4e6925e9023b8dd1f351,"{""distance"":7,""physical_error_rate"":0.002}","{""detection_events"":237001,""detectors_checked"":30689280}"
     93184,         0,         0,    16.4,standalone_exact_mw,20c8daca17953576b13a32f59e5f9cb54485b277119f4e6925e9023b8dd1f351,"{""distance"":7,""physical_error_rate"":0.002}","{""detection_events"":582017,""detectors_checked"":75479040}"
    124928,         0,         0,    11.8,standalone_exact_mw,c63d9dbf283cbe8d7d2c9891770aca900c170ab5c3de0408fa399997170cec3d,"{""distance"":7,""physical_error_rate"":0.001}","{""detection_events"":393413,""detectors_checked"":101191680}"
     95232,         0,         0,    11.8,standalone_exact_mw,20c8daca17953576b13a32f59e5f9cb54485b277119f4e6925e9023b8dd1f351,"{""distance"":7,""physical_error_rate"":0.002}","{""detection_events"":598420,""detectors_checked"":77137920}"
     87040,         0,         0,    8.43,standalone_exact_mw,c63d9dbf283cbe8d7d2c9891770aca900c170ab5c3de0408fa399997170cec3d,"{""distance"":7,""physical_error_rate"":0.001}","{""detection_events"":274275,""detectors_checked"":70502400}"
   1307648,         0,         0,   119.9,standalone_exact_mw,c63d9dbf283cbe8d7d2c9891770aca900c170ab5c3de0408fa399997170cec3d,"{""distance"":7,""physical_error_rate"":0.001}","{""detection_events"":4113268,""detectors_checked"":1059194880}"
   1120256,         0,         0,   119.9,standalone_exact_mw,c63d9dbf283cbe8d7d2c9891770aca900c170ab5c3de0408fa399997170cec3d,"{""distance"":7,""physical_error_rate"":0.001}","{""detection_events"":3525276,""detectors_checked"":907407360}"
     79872,         0,         0,    11.8,standalone_exact_mw,c63d9dbf283cbe8d7d2c9891770aca900c170ab5c3de0408fa399997170cec3d,"{""distance"":7,""physical_error_rate"":0.001}","{""detection_events"":251936,""detectors_checked"":64696320}"
   2423808,         0,         0,   119.9,standalone_exact_mw,c63d9dbf283cbe8d7d2c9891770aca900c170ab5c3de0408fa399997170cec3d,"{""distance"":7,""physical_error_rate"":0.001}","{""detection_events"":7640932,""detectors_checked"":1963284480}"
    300032,         0,         0,    32.2,standalone_exact_mw,20c8daca17953576b13a32f59e5f9cb54485b277119f4e6925e9023b8dd1f351,"{""distance"":7,""physical_error_rate"":0.002}","{""detection_events"":1878498,""detectors_checked"":243025920}"
   1241088,         0,         0,   119.8,standalone_exact_mw,c63d9dbf283cbe8d7d2c9891770aca900c170ab5c3de0408fa399997170cec3d,"{""distance"":7,""physical_error_rate"":0.001}","{""detection_events"":3911119,""detectors_checked"":1005281280}"
    979968,         0,         0,   120.0,standalone_exact_mw,20c8daca17953576b13a32f59e5f9cb54485b277119f4e6925e9023b8dd1f351,"{""distance"":7,""physical_error_rate"":0.002}","{""detection_events"":6136128,""detectors_checked"":793774080}"
    108544,         0,         0,    11.7,standalone_exact_mw,c63d9dbf283cbe8d7d2c9891770aca900c170ab5c3de0408fa399997170cec3d,"{""distance"":7,""physical_error_rate"":0.001}","{""detection_events"":342157,""detectors_checked"":87920640}"
    304128,         0,         0,    32.1,standalone_exact_mw,20c8daca17953576b13a32f59e5f9cb54485b277119f4e6925e9023b8dd1f351,"{""distance"":7,""physical_error_rate"":0.002}","{""detection_events"":1907022,""detectors_checked"":246343680}"
    123904,         0,         0,    11.8,standalone_exact_mw,c63d9dbf283cbe8d7d2c9891770aca900c170ab5c3de0408fa399997170cec3d,"{""distance"":7,""physical_error_rate"":0.001}","{""detection_events"":388291,""detectors_checked"":100362240}"
   1059840,         0,         0,   120.0,standalone_exact_mw,20c8daca17953576b13a32f59e5f9cb54485b277119f4e6925e9023b8dd1f351,"{""distance"":7,""physical_error_rate"":0.002}","{""detection_events"":6633630,""detectors_checked"":858470400}"
     77824,         0,         0,    11.8,standalone_exact_mw,20c8daca17953576b13a32f59e5f9cb54485b277119f4e6925e9023b8dd1f351,"{""distance"":7,""physical_error_rate"":0.002}","{""detection_events"":488204,""detectors_checked"":63037440}"
    128000,         0,         0,    16.4,standalone_exact_mw,20c8daca17953576b13a32f59e5f9cb54485b277119f4e6925e9023b8dd1f351,"{""distance"":7,""physical_error_rate"":0.002}","{""detection_events"":802777,""detectors_checked"":103680000}"
     92160,         0,         0,    11.8,standalone_exact_mw,c63d9dbf283cbe8d7d2c9891770aca900c170ab5c3de0408fa399997170cec3d,"{""distance"":7,""physical_error_rate"":0.001}","{""detection_events"":290785,""detectors_checked"":74649600}"
   1226752,         0,         0,   119.8,standalone_exact_mw,20c8daca17953576b13a32f59e5f9cb54485b277119f4e6925e9023b8dd1f351,"{""distance"":7,""physical_error_rate"":0.002}","{""detection_events"":7684397,""detectors_checked"":993669120}"
    225280,         0,         0,    23.0,standalone_exact_mw,c63d9dbf283cbe8d7d2c9891770aca900c170ab5c3de0408fa399997170cec3d,"{""distance"":7,""physical_error_rate"":0.001}","{""detection_events"":711598,""detectors_checked"":182476800}"
    281600,         0,         0,    32.2,standalone_exact_mw,20c8daca17953576b13a32f59e5f9cb54485b277119f4e6925e9023b8dd1f351,"{""distance"":7,""physical_error_rate"":0.002}","{""detection_events"":1763701,""detectors_checked"":228096000}"
    172032,         0,         0,    16.4,standalone_exact_mw,c63d9dbf283cbe8d7d2c9891770aca900c170ab5c3de0408fa399997170cec3d,"{""distance"":7,""physical_error_rate"":0.001}","{""detection_events"":543408,""detectors_checked"":139345920}"
    101376,         0,         0,    16.4,standalone_exact_mw,20c8daca17953576b13a32f59e5f9cb54485b277119f4e6925e9023b8dd1f351,"{""distance"":7,""physical_error_rate"":0.002}","{""detection_events"":635792,""detectors_checked"":82114560}"
    172032,         0,         0,    16.4,standalone_exact_mw,c63d9dbf283cbe8d7d2c9891770aca900c170ab5c3de0408fa399997170cec3d,"{""distance"":7,""physical_error_rate"":0.001}","{""detection_events"":541562,""detectors_checked"":139345920}"
   1374208,         0,         0,   119.9,standalone_exact_mw,c63d9dbf283cbe8d7d2c9891770aca900c170ab5c3de0408fa399997170cec3d,"{""distance"":7,""physical_error_rate"":0.001}","{""detection_events"":4330242,""detectors_checked"":1113108480}"
    919552,         0,         0,   120.0,standalone_exact_mw,20c8daca17953576b13a32f59e5f9cb54485b277119f4e6925e9023b8dd1f351,"{""distance"":7,""physical_error_rate"":0.002}","{""detection_events"":5759867,""detectors_checked"":744837120}"
   1281024,         0,         0,   119.9,standalone_exact_mw,c63d9dbf283cbe8d7d2c9891770aca900c170ab5c3de0408fa399997170cec3d,"{""distance"":7,""physical_error_rate"":0.001}","{""detection_events"":4038778,""detectors_checked"":1037629440}"
    271360,         0,         0,    32.2,standalone_exact_mw,20c8daca17953576b13a32f59e5f9cb54485b277119f4e6925e9023b8dd1f351,"{""distance"":7,""physical_error_rate"":0.002}","{""detection_events"":1697757,""detectors_checked"":219801600}"
    972800,         0,         0,   120.0,standalone_exact_mw,20c8daca17953576b13a32f59e5f9cb54485b277119f4e6925e9023b8dd1f351,"{""distance"":7,""physical_error_rate"":0.002}","{""detection_events"":6094924,""detectors_checked"":787968000}"
   1297408,         0,         0,   119.9,standalone_exact_mw,c63d9dbf283cbe8d7d2c9891770aca900c170ab5c3de0408fa399997170cec3d,"{""distance"":7,""physical_error_rate"":0.001}","{""detection_events"":4096516,""detectors_checked"":1050900480}"
    833536,         0,         0,   119.9,standalone_exact_mw,20c8daca17953576b13a32f59e5f9cb54485b277119f4e6925e9023b8dd1f351,"{""distance"":7,""physical_error_rate"":0.002}","{""detection_events"":5224394,""detectors_checked"":675164160}"
   1820672,         0,         0,   119.9,standalone_exact_mw,20c8daca17953576b13a32f59e5f9cb54485b277119f4e6925e9023b8dd1f351,"{""distance"":7,""physical_error_rate"":0.002}","{""detection_events"":11402946,""detectors_checked"":1474744320}"
    991232,         0,         0,   119.9,standalone_exact_mw,20c8daca17953576b13a32f59e5f9cb54485b277119f4e6925e9023b8dd1f351,"{""distance"":7,""physical_error_rate"":0.002}","{""detection_events"":6214052,""detectors_checked"":802897920}"
    123904,         0,         0,    23.0,standalone_exact_mw,20c8daca17953576b13a32f59e5f9cb54485b277119f4e6925e9023b8dd1f351,"{""distance"":7,""physical_error_rate"":0.002}","{""detection_events"":777910,""detectors_checked"":100362240}"
    178176,         0,         0,    16.5,standalone_exact_mw,c63d9dbf283cbe8d7d2c9891770aca900c170ab5c3de0408fa399997170cec3d,"{""distance"":7,""physical_error_rate"":0.001}","{""detection_events"":562535,""detectors_checked"":144322560}"
    174080,         0,         0,    16.4,standalone_exact_mw,c63d9dbf283cbe8d7d2c9891770aca900c170ab5c3de0408fa399997170cec3d,"{""distance"":7,""physical_error_rate"":0.001}","{""detection_events"":550636,""detectors_checked"":141004800}"
    339968,         0,         0,    32.1,standalone_exact_mw,c63d9dbf283cbe8d7d2c9891770aca900c170ab5c3de0408fa399997170cec3d,"{""distance"":7,""physical_error_rate"":0.001}","{""detection_events"":1069933,""detectors_checked"":275374080}"
    352256,         0,         0,    32.2,standalone_exact_mw,c63d9dbf283cbe8d7d2c9891770aca900c170ab5c3de0408fa399997170cec3d,"{""distance"":7,""physical_error_rate"":0.001}","{""detection_events"":1108501,""detectors_checked"":285327360}"
    371712,         0,         0,    32.1,standalone_exact_mw,c63d9dbf283cbe8d7d2c9891770aca900c170ab5c3de0408fa399997170cec3d,"{""distance"":7,""physical_error_rate"":0.001}","{""detection_events"":1170262,""detectors_checked"":301086720}"
    922624,         2,         0,   119.9,standalone_exact_mw,20c8daca17953576b13a32f59e5f9cb54485b277119f4e6925e9023b8dd1f351,"{""distance"":7,""physical_error_rate"":0.002}","{""detection_events"":5778276,""detectors_checked"":747325440,""obs_mistake_mask=E"":2}"
    277504,         0,         0,    32.1,standalone_exact_mw,20c8daca17953576b13a32f59e5f9cb54485b277119f4e6925e9023b8dd1f351,"{""distance"":7,""physical_error_rate"":0.002}","{""detection_events"":1740715,""detectors_checked"":224778240}"
    119808,         0,         0,    16.5,standalone_exact_mw,20c8daca17953576b13a32f59e5f9cb54485b277119f4e6925e9023b8dd1f351,"{""distance"":7,""physical_error_rate"":0.002}","{""detection_events"":749667,""detectors_checked"":97044480}"
    160768,         0,         0,    16.4,standalone_exact_mw,c63d9dbf283cbe8d7d2c9891770aca900c170ab5c3de0408fa399997170cec3d,"{""distance"":7,""physical_error_rate"":0.001}","{""detection_events"":505942,""detectors_checked"":130222080}"
   1153024,         0,         0,   119.8,standalone_exact_mw,c63d9dbf283cbe8d7d2c9891770aca900c170ab5c3de0408fa399997170cec3d,"{""distance"":7,""physical_error_rate"":0.001}","{""detection_events"":3631135,""detectors_checked"":933949440}"
    574403,         0,         0,    30.0,standalone_exact_mw,c63d9dbf283cbe8d7d2c9891770aca900c170ab5c3de0408fa399997170cec3d,"{""distance"":7,""physical_error_rate"":0.001}","{""detection_events"":1811466,""detectors_checked"":465266430}"
    947200,         0,         0,   120.0,standalone_exact_mw,20c8daca17953576b13a32f59e5f9cb54485b277119f4e6925e9023b8dd1f351,"{""distance"":7,""physical_error_rate"":0.002}","{""detection_events"":5936800,""detectors_checked"":767232000}"
    714752,         0,         0,   119.8,standalone_exact_mw,20c8daca17953576b13a32f59e5f9cb54485b277119f4e6925e9023b8dd1f351,"{""distance"":7,""physical_error_rate"":0.002}","{""detection_events"":4473682,""detectors_checked"":578949120}"
    180224,         0,         0,    22.9,standalone_exact_mw,20c8daca17953576b13a32f59e5f9cb54485b277119f4e6925e9023b8dd1f351,"{""distance"":7,""physical_error_rate"":0.002}","{""detection_events"":1130512,""detectors_checked"":145981440}"
   1233920,         0,         0,   119.8,standalone_exact_mw,c63d9dbf283cbe8d7d2c9891770aca900c170ab5c3de0408fa399997170cec3d,"{""distance"":7,""physical_error_rate"":0.001}","{""detection_events"":3891892,""detectors_checked"":999475200}"
    704512,         0,         0,   120.0,standalone_exact_mw,20c8daca17953576b13a32f59e5f9cb54485b277119f4e6925e9023b8dd1f351,"{""distance"":7,""physical_error_rate"":0.002}","{""detection_events"":4416255,""detectors_checked"":570654720}"
    241664,         0,         0,    22.9,standalone_exact_mw,c63d9dbf283cbe8d7d2c9891770aca900c170ab5c3de0408fa399997170cec3d,"{""distance"":7,""physical_error_rate"":0.001}","{""detection_events"":760663,""detectors_checked"":195747840}"
    185344,         0,         0,    23.0,standalone_exact_mw,20c8daca17953576b13a32f59e5f9cb54485b277119f4e6925e9023b8dd1f351,"{""distance"":7,""physical_error_rate"":0.002}","{""detection_events"":1161590,""detectors_checked"":150128640}"
    219136,         0,         0,    23.0,standalone_exact_mw,c63d9dbf283cbe8d7d2c9891770aca900c170ab5c3de0408fa399997170cec3d,"{""distance"":7,""physical_error_rate"":0.001}","{""detection_events"":691152,""detectors_checked"":177500160}"
    966656,         0,         0,   119.9,standalone_exact_mw,20c8daca17953576b13a32f59e5f9cb54485b277119f4e6925e9023b8dd1f351,"{""distance"":7,""physical_error_rate"":0.002}","{""detection_events"":6056141,""detectors_checked"":782991360}"
   2442240,         0,         0,   119.9,standalone_exact_mw,c63d9dbf283cbe8d7d2c9891770aca900c170ab5c3de0408fa399997170cec3d,"{""distance"":7,""physical_error_rate"":0.001}","{""detection_events"":7693103,""detectors_checked"":1978214400}"
    247808,         0,         0,    23.0,standalone_exact_mw,c63d9dbf283cbe8d7d2c9891770aca900c170ab5c3de0408fa399997170cec3d,"{""distance"":7,""physical_error_rate"":0.001}","{""detection_events"":782876,""detectors_checked"":200724480}"
    242688,         0,         0,    23.0,standalone_exact_mw,c63d9dbf283cbe8d7d2c9891770aca900c170ab5c3de0408fa399997170cec3d,"{""distance"":7,""physical_error_rate"":0.001}","{""detection_events"":763300,""detectors_checked"":196577280}"
   1265664,         0,         0,   119.9,standalone_exact_mw,c63d9dbf283cbe8d7d2c9891770aca900c170ab5c3de0408fa399997170cec3d,"{""distance"":7,""physical_error_rate"":0.001}","{""detection_events"":3985879,""detectors_checked"":1025187840}"
    346112,         0,         0,    32.2,standalone_exact_mw,c63d9dbf283cbe8d7d2c9891770aca900c170ab5c3de0408fa399997170cec3d,"{""distance"":7,""physical_error_rate"":0.001}","{""detection_events"":1091409,""detectors_checked"":280350720}"
    444416,         0,         0,    45.0,standalone_exact_mw,20c8daca17953576b13a32f59e5f9cb54485b277119f4e6925e9023b8dd1f351,"{""distance"":7,""physical_error_rate"":0.002}","{""detection_events"":2781368,""detectors_checked"":359976960}"
   1217536,         0,         0,   119.8,standalone_exact_mw,c63d9dbf283cbe8d7d2c9891770aca900c170ab5c3de0408fa399997170cec3d,"{""distance"":7,""physical_error_rate"":0.001}","{""detection_events"":3839524,""detectors_checked"":986204160}"
   1267712,         0,         0,   119.9,standalone_exact_mw,c63d9dbf283cbe8d7d2c9891770aca900c170ab5c3de0408fa399997170cec3d,"{""distance"":7,""physical_error_rate"":0.001}","{""detection_events"":3994949,""detectors_checked"":1026846720}"
    129024,         0,         0,    23.0,standalone_exact_mw,20c8daca17953576b13a32f59e5f9cb54485b277119f4e6925e9023b8dd1f351,"{""distance"":7,""physical_error_rate"":0.002}","{""detection_events"":810820,""detectors_checked"":104509440}"
    452608,         0,         0,    45.0,standalone_exact_mw,20c8daca17953576b13a32f59e5f9cb54485b277119f4e6925e9023b8dd1f351,"{""distance"":7,""physical_error_rate"":0.002}","{""detection_events"":2837874,""detectors_checked"":366612480}"
    211968,         0,         0,    23.0,standalone_exact_mw,c63d9dbf283cbe8d7d2c9891770aca900c170ab5c3de0408fa399997170cec3d,"{""distance"":7,""physical_error_rate"":0.001}","{""detection_events"":669172,""detectors_checked"":171694080}"
    223232,         0,         0,    32.1,standalone_exact_mw,20c8daca17953576b13a32f59e5f9cb54485b277119f4e6925e9023b8dd1f351,"{""distance"":7,""physical_error_rate"":0.002}","{""detection_events"":1394914,""detectors_checked"":180817920}"
    875520,         0,         0,   119.9,standalone_exact_mw,20c8daca17953576b13a32f59e5f9cb54485b277119f4e6925e9023b8dd1f351,"{""distance"":7,""physical_error_rate"":0.002}","{""detection_events"":5489217,""detectors_checked"":709171200}"
   1217536,         0,         0,    62.9,standalone_exact_mw,c63d9dbf283cbe8d7d2c9891770aca900c170ab5c3de0408fa399997170cec3d,"{""distance"":7,""physical_error_rate"":0.001}","{""detection_events"":3836448,""detectors_checked"":986204160}"
   1253376,         0,         0,    63.0,standalone_exact_mw,c63d9dbf283cbe8d7d2c9891770aca900c170ab5c3de0408fa399997170cec3d,"{""distance"":7,""physical_error_rate"":0.001}","{""detection_events"":3951081,""detectors_checked"":1015234560}"
    395264,         0,         0,    45.0,standalone_exact_mw,20c8daca17953576b13a32f59e5f9cb54485b277119f4e6925e9023b8dd1f351,"{""distance"":7,""physical_error_rate"":0.002}","{""detection_events"":2474837,""detectors_checked"":320163840}"
   2425856,         0,         0,   119.9,standalone_exact_mw,c63d9dbf283cbe8d7d2c9891770aca900c170ab5c3de0408fa399997170cec3d,"{""distance"":7,""physical_error_rate"":0.001}","{""detection_events"":7646630,""detectors_checked"":1964943360}"
    418816,         0,         0,    45.0,standalone_exact_mw,20c8daca17953576b13a32f59e5f9cb54485b277119f4e6925e9023b8dd1f351,"{""distance"":7,""physical_error_rate"":0.002}","{""detection_events"":2623096,""detectors_checked"":339240960}"
    892928,         0,         0,   120.0,standalone_exact_mw,20c8daca17953576b13a32f59e5f9cb54485b277119f4e6925e9023b8dd1f351,"{""distance"":7,""physical_error_rate"":0.002}","{""detection_events"":5600591,""detectors_checked"":723271680}"
    261120,         0,         0,    32.2,standalone_exact_mw,20c8daca17953576b13a32f59e5f9cb54485b277119f4e6925e9023b8dd1f351,"{""distance"":7,""physical_error_rate"":0.002}","{""detection_events"":1634839,""detectors_checked"":211507200}"
   1819648,         0,         0,   120.0,standalone_exact_mw,20c8daca17953576b13a32f59e5f9cb54485b277119f4e6925e9023b8dd1f351,"{""distance"":7,""physical_error_rate"":0.002}","{""detection_events"":11401313,""detectors_checked"":1473914880}"
    549888,         0,         0,    45.0,standalone_exact_mw,c63d9dbf283cbe8d7d2c9891770aca900c170ab5c3de0408fa399997170cec3d,"{""distance"":7,""physical_error_rate"":0.001}","{""detection_events"":1731637,""detectors_checked"":445409280}"
   1557504,         1,         0,   119.9,standalone_exact_mw,c63d9dbf283cbe8d7d2c9891770aca900c170ab5c3de0408fa399997170cec3d,"{""distance"":7,""physical_error_rate"":0.001}","{""detection_events"":4904940,""detectors_checked"":1261578240,""obs_mistake_mask=E"":1}"
    501760,         0,         0,    44.9,standalone_exact_mw,c63d9dbf283cbe8d7d2c9891770aca900c170ab5c3de0408fa399997170cec3d,"{""distance"":7,""physical_error_rate"":0.001}","{""detection_events"":1579819,""detectors_checked"":406425600}"
    543744,         0,         0,    45.0,standalone_exact_mw,c63d9dbf283cbe8d7d2c9891770aca900c170ab5c3de0408fa399997170cec3d,"{""distance"":7,""physical_error_rate"":0.001}","{""detection_events"":1711658,""detectors_checked"":440432640}"
    339968,         0,         0,    32.1,standalone_exact_mw,c63d9dbf283cbe8d7d2c9891770aca900c170ab5c3de0408fa399997170cec3d,"{""distance"":7,""physical_error_rate"":0.001}","{""detection_events"":1072356,""detectors_checked"":275374080}"
    236544,         0,         0,    32.2,standalone_exact_mw,20c8daca17953576b13a32f59e5f9cb54485b277119f4e6925e9023b8dd1f351,"{""distance"":7,""physical_error_rate"":0.002}","{""detection_events"":1481741,""detectors_checked"":191600640}"
    364544,         0,         0,    45.0,standalone_exact_mw,20c8daca17953576b13a32f59e5f9cb54485b277119f4e6925e9023b8dd1f351,"{""distance"":7,""physical_error_rate"":0.002}","{""detection_events"":2289182,""detectors_checked"":295280640}"
    253952,         0,         0,    32.1,standalone_exact_mw,c63d9dbf283cbe8d7d2c9891770aca900c170ab5c3de0408fa399997170cec3d,"{""distance"":7,""physical_error_rate"":0.001}","{""detection_events"":801269,""detectors_checked"":205701120}"
   1213440,         0,         0,   119.8,standalone_exact_mw,c63d9dbf283cbe8d7d2c9891770aca900c170ab5c3de0408fa399997170cec3d,"{""distance"":7,""physical_error_rate"":0.001}","{""detection_events"":3822349,""detectors_checked"":982886400}"
    319488,         0,         0,    32.1,standalone_exact_mw,c63d9dbf283cbe8d7d2c9891770aca900c170ab5c3de0408fa399997170cec3d,"{""distance"":7,""physical_error_rate"":0.001}","{""detection_events"":1007012,""detectors_checked"":258785280}"
        17,         0,         0,   0.024,standalone_exact_mw,20c8daca17953576b13a32f59e5f9cb54485b277119f4e6925e9023b8dd1f351,"{""distance"":7,""physical_error_rate"":0.002}","{""detection_events"":97,""detectors_checked"":13770}"
       256,         0,         0,   0.040,standalone_exact_mw,20c8daca17953576b13a32f59e5f9cb54485b277119f4e6925e9023b8dd1f351,"{""distance"":7,""physical_error_rate"":0.002}","{""detection_events"":1496,""detectors_checked"":207360}"
      1024,         0,         0,   0.189,standalone_exact_mw,20c8daca17953576b13a32f59e5f9cb54485b277119f4e6925e9023b8dd1f351,"{""distance"":7,""physical_error_rate"":0.002}","{""detection_events"":5992,""detectors_checked"":829440}"
      1024,         0,         0,   0.190,standalone_exact_mw,20c8daca17953576b13a32f59e5f9cb54485b277119f4e6925e9023b8dd1f351,"{""distance"":7,""physical_error_rate"":0.002}","{""detection_events"":6360,""detectors_checked"":829440}"
   1875968,         0,         0,   119.9,standalone_exact_mw,20c8daca17953576b13a32f59e5f9cb54485b277119f4e6925e9023b8dd1f351,"{""distance"":7,""physical_error_rate"":0.002}","{""detection_events"":11760191,""detectors_checked"":1519534080}"
      1024,         0,         0,   0.187,standalone_exact_mw,20c8daca17953576b13a32f59e5f9cb54485b277119f4e6925e9023b8dd1f351,"{""distance"":7,""physical_error_rate"":0.002}","{""detection_events"":6664,""detectors_checked"":829440}"
    343040,         0,         0,    32.2,standalone_exact_mw,c63d9dbf283cbe8d7d2c9891770aca900c170ab5c3de0408fa399997170cec3d,"{""distance"":7,""physical_error_rate"":0.001}","{""detection_events"":1081127,""detectors_checked"":277862400}"
      1024,         0,         0,   0.213,standalone_exact_mw,20c8daca17953576b13a32f59e5f9cb54485b277119f4e6925e9023b8dd1f351,"{""distance"":7,""physical_error_rate"":0.002}","{""detection_events"":6438,""detectors_checked"":829440}"
      1024,         0,         0,   0.191,standalone_exact_mw,20c8daca17953576b13a32f59e5f9cb54485b277119f4e6925e9023b8dd1f351,"{""distance"":7,""physical_error_rate"":0.002}","{""detection_events"":6499,""detectors_checked"":829440}"
      1024,         0,         0,   0.191,standalone_exact_mw,20c8daca17953576b13a32f59e5f9cb54485b277119f4e6925e9023b8dd1f351,"{""distance"":7,""physical_error_rate"":0.002}","{""detection_events"":6555,""detectors_checked"":829440}"
      1024,         0,         0,   0.190,standalone_exact_mw,20c8daca17953576b13a32f59e5f9cb54485b277119f4e6925e9023b8dd1f351,"{""distance"":7,""physical_error_rate"":0.002}","{""detection_events"":6479,""detectors_checked"":829440}"
      2048,         0,         0,   0.380,standalone_exact_mw,20c8daca17953576b13a32f59e5f9cb54485b277119f4e6925e9023b8dd1f351,"{""distance"":7,""physical_error_rate"":0.002}","{""detection_events"":12555,""detectors_checked"":1658880}"
      2048,         0,         0,   0.382,standalone_exact_mw,20c8daca17953576b13a32f59e5f9cb54485b277119f4e6925e9023b8dd1f351,"{""distance"":7,""physical_error_rate"":0.002}","{""detection_events"":12605,""detectors_checked"":1658880}"
      3072,         0,         0,   0.573,standalone_exact_mw,20c8daca17953576b13a32f59e5f9cb54485b277119f4e6925e9023b8dd1f351,"{""distance"":7,""physical_error_rate"":0.002}","{""detection_events"":19135,""detectors_checked"":2488320}"
      3072,         0,         0,   0.587,standalone_exact_mw,20c8daca17953576b13a32f59e5f9cb54485b277119f4e6925e9023b8dd1f351,"{""distance"":7,""physical_error_rate"":0.002}","{""detection_events"":19454,""detectors_checked"":2488320}"
      5120,         0,         0,   0.974,standalone_exact_mw,20c8daca17953576b13a32f59e5f9cb54485b277119f4e6925e9023b8dd1f351,"{""distance"":7,""physical_error_rate"":0.002}","{""detection_events"":31989,""detectors_checked"":4147200}"
    194560,         0,         0,    32.2,standalone_exact_mw,20c8daca17953576b13a32f59e5f9cb54485b277119f4e6925e9023b8dd1f351,"{""distance"":7,""physical_error_rate"":0.002}","{""detection_events"":1217876,""detectors_checked"":157593600}"
      6144,         0,         0,    1.16,standalone_exact_mw,20c8daca17953576b13a32f59e5f9cb54485b277119f4e6925e9023b8dd1f351,"{""distance"":7,""physical_error_rate"":0.002}","{""detection_events"":38189,""detectors_checked"":4976640}"
    328704,         0,         0,    32.2,standalone_exact_mw,c63d9dbf283cbe8d7d2c9891770aca900c170ab5c3de0408fa399997170cec3d,"{""distance"":7,""physical_error_rate"":0.001}","{""detection_events"":1035756,""detectors_checked"":266250240}"
      8192,         0,         0,    1.54,standalone_exact_mw,20c8daca17953576b13a32f59e5f9cb54485b277119f4e6925e9023b8dd1f351,"{""distance"":7,""physical_error_rate"":0.002}","{""detection_events"":51380,""detectors_checked"":6635520}"
     12288,         0,         0,    2.34,standalone_exact_mw,20c8daca17953576b13a32f59e5f9cb54485b277119f4e6925e9023b8dd1f351,"{""distance"":7,""physical_error_rate"":0.002}","{""detection_events"":76446,""detectors_checked"":9953280}"
   1168384,         0,         0,   119.9,standalone_exact_mw,c63d9dbf283cbe8d7d2c9891770aca900c170ab5c3de0408fa399997170cec3d,"{""distance"":7,""physical_error_rate"":0.001}","{""detection_events"":3684595,""detectors_checked"":946391040}"
     16384,         0,         0,    3.13,standalone_exact_mw,20c8daca17953576b13a32f59e5f9cb54485b277119f4e6925e9023b8dd1f351,"{""distance"":7,""physical_error_rate"":0.002}","{""detection_events"":102241,""detectors_checked"":13271040}"
    451584,         0,         0,    45.0,standalone_exact_mw,c63d9dbf283cbe8d7d2c9891770aca900c170ab5c3de0408fa399997170cec3d,"{""distance"":7,""physical_error_rate"":0.001}","{""detection_events"":1421931,""detectors_checked"":365783040}"
   1135616,         0,         0,   119.9,standalone_exact_mw,20c8daca17953576b13a32f59e5f9cb54485b277119f4e6925e9023b8dd1f351,"{""distance"":7,""physical_error_rate"":0.002}","{""detection_events"":7117878,""detectors_checked"":919848960}"
     22528,         0,         0,    4.30,standalone_exact_mw,20c8daca17953576b13a32f59e5f9cb54485b277119f4e6925e9023b8dd1f351,"{""distance"":7,""physical_error_rate"":0.002}","{""detection_events"":140455,""detectors_checked"":18247680}"
    321536,         0,         0,    45.0,standalone_exact_mw,20c8daca17953576b13a32f59e5f9cb54485b277119f4e6925e9023b8dd1f351,"{""distance"":7,""physical_error_rate"":0.002}","{""detection_events"":2014725,""detectors_checked"":260444160}"
     30720,         0,         0,    5.99,standalone_exact_mw,20c8daca17953576b13a32f59e5f9cb54485b277119f4e6925e9023b8dd1f351,"{""distance"":7,""physical_error_rate"":0.002}","{""detection_events"":191422,""detectors_checked"":24883200}"
    870400,         1,         0,   120.2,standalone_exact_mw,20c8daca17953576b13a32f59e5f9cb54485b277119f4e6925e9023b8dd1f351,"{""distance"":7,""physical_error_rate"":0.002}","{""detection_events"":5450564,""detectors_checked"":705024000,""obs_mistake_mask=E"":1}"
   1182720,         0,         0,   119.8,standalone_exact_mw,c63d9dbf283cbe8d7d2c9891770aca900c170ab5c3de0408fa399997170cec3d,"{""distance"":7,""physical_error_rate"":0.001}","{""detection_events"":3729744,""detectors_checked"":958003200}"
    892928,         1,         0,   120.0,standalone_exact_mw,20c8daca17953576b13a32f59e5f9cb54485b277119f4e6925e9023b8dd1f351,"{""distance"":7,""physical_error_rate"":0.002}","{""detection_events"":5595737,""detectors_checked"":723271680,""obs_mistake_mask=E"":1}"
   1171456,         0,         0,   119.9,standalone_exact_mw,20c8daca17953576b13a32f59e5f9cb54485b277119f4e6925e9023b8dd1f351,"{""distance"":7,""physical_error_rate"":0.002}","{""detection_events"":7343130,""detectors_checked"":948879360}"
     38912,         0,         0,    8.44,standalone_exact_mw,20c8daca17953576b13a32f59e5f9cb54485b277119f4e6925e9023b8dd1f351,"{""distance"":7,""physical_error_rate"":0.002}","{""detection_events"":243053,""detectors_checked"":31518720}"
    613376,         0,         0,    63.0,standalone_exact_mw,20c8daca17953576b13a32f59e5f9cb54485b277119f4e6925e9023b8dd1f351,"{""distance"":7,""physical_error_rate"":0.002}","{""detection_events"":3844706,""detectors_checked"":496834560}"
    241664,         0,         0,    45.0,standalone_exact_mw,20c8daca17953576b13a32f59e5f9cb54485b277119f4e6925e9023b8dd1f351,"{""distance"":7,""physical_error_rate"":0.002}","{""detection_events"":1510634,""detectors_checked"":195747840}"
   1210368,         0,         0,   119.9,standalone_exact_mw,20c8daca17953576b13a32f59e5f9cb54485b277119f4e6925e9023b8dd1f351,"{""distance"":7,""physical_error_rate"":0.002}","{""detection_events"":7578374,""detectors_checked"":980398080}"
   1139712,         0,         0,   119.9,standalone_exact_mw,c63d9dbf283cbe8d7d2c9891770aca900c170ab5c3de0408fa399997170cec3d,"{""distance"":7,""physical_error_rate"":0.001}","{""detection_events"":3588825,""detectors_checked"":923166720}"
   1318912,         0,         0,   119.8,standalone_exact_mw,c63d9dbf283cbe8d7d2c9891770aca900c170ab5c3de0408fa399997170cec3d,"{""distance"":7,""physical_error_rate"":0.001}","{""detection_events"":4156956,""detectors_checked"":1068318720}"
    589824,         0,         0,    63.0,standalone_exact_mw,20c8daca17953576b13a32f59e5f9cb54485b277119f4e6925e9023b8dd1f351,"{""distance"":7,""physical_error_rate"":0.002}","{""detection_events"":3693600,""detectors_checked"":477757440}"
   1515520,         0,         0,   119.9,standalone_exact_mw,c63d9dbf283cbe8d7d2c9891770aca900c170ab5c3de0408fa399997170cec3d,"{""distance"":7,""physical_error_rate"":0.001}","{""detection_events"":4776252,""detectors_checked"":1227571200}"
    485376,         0,         0,    45.0,standalone_exact_mw,c63d9dbf283cbe8d7d2c9891770aca900c170ab5c3de0408fa399997170cec3d,"{""distance"":7,""physical_error_rate"":0.001}","{""detection_events"":1527858,""detectors_checked"":393154560}"
    315392,         0,         0,    45.1,standalone_exact_mw,20c8daca17953576b13a32f59e5f9cb54485b277119f4e6925e9023b8dd1f351,"{""distance"":7,""physical_error_rate"":0.002}","{""detection_events"":1974665,""detectors_checked"":255467520}"
    465920,         0,         0,    45.0,standalone_exact_mw,c63d9dbf283cbe8d7d2c9891770aca900c170ab5c3de0408fa399997170cec3d,"{""distance"":7,""physical_error_rate"":0.001}","{""detection_events"":1466958,""detectors_checked"":377395200}"
   1250304,         0,         0,   119.8,standalone_exact_mw,c63d9dbf283cbe8d7d2c9891770aca900c170ab5c3de0408fa399997170cec3d,"{""distance"":7,""physical_error_rate"":0.001}","{""detection_events"":3939530,""detectors_checked"":1012746240}"
   1393664,         0,         0,   119.9,standalone_exact_mw,c63d9dbf283cbe8d7d2c9891770aca900c170ab5c3de0408fa399997170cec3d,"{""distance"":7,""physical_error_rate"":0.001}","{""detection_events"":4389677,""detectors_checked"":1128867840}"
     50176,         0,         0,    12.0,standalone_exact_mw,20c8daca17953576b13a32f59e5f9cb54485b277119f4e6925e9023b8dd1f351,"{""distance"":7,""physical_error_rate"":0.002}","{""detection_events"":315499,""detectors_checked"":40642560}"
    446464,         0,         0,    45.0,standalone_exact_mw,c63d9dbf283cbe8d7d2c9891770aca900c170ab5c3de0408fa399997170cec3d,"{""distance"":7,""physical_error_rate"":0.001}","{""detection_events"":1407284,""detectors_checked"":361635840}"
   1027072,         0,         0,   119.9,standalone_exact_mw,c63d9dbf283cbe8d7d2c9891770aca900c170ab5c3de0408fa399997170cec3d,"{""distance"":7,""physical_error_rate"":0.001}","{""detection_events"":3237906,""detectors_checked"":831928320}"
    448512,         0,         0,    45.0,standalone_exact_mw,c63d9dbf283cbe8d7d2c9891770aca900c170ab5c3de0408fa399997170cec3d,"{""distance"":7,""physical_error_rate"":0.001}","{""detection_events"":1413590,""detectors_checked"":363294720}"
    542720,         0,         0,    63.0,standalone_exact_mw,20c8daca17953576b13a32f59e5f9cb54485b277119f4e6925e9023b8dd1f351,"{""distance"":7,""physical_error_rate"":0.002}","{""detection_events"":3397691,""detectors_checked"":439603200}"
    930816,         0,         0,   120.0,standalone_exact_mw,20c8daca17953576b13a32f59e5f9cb54485b277119f4e6925e9023b8dd1f351,"{""distance"":7,""physical_error_rate"":0.002}","{""detection_events"":5833354,""detectors_checked"":753960960}"
    595968,         0,         0,    62.9,standalone_exact_mw,20c8daca17953576b13a32f59e5f9cb54485b277119f4e6925e9023b8dd1f351,"{""distance"":7,""physical_error_rate"":0.002}","{""detection_events"":3740144,""detectors_checked"":482734080}"
    293888,         0,         0,    44.9,standalone_exact_mw,20c8daca17953576b13a32f59e5f9cb54485b277119f4e6925e9023b8dd1f351,"{""distance"":7,""physical_error_rate"":0.002}","{""detection_events"":1840190,""detectors_checked"":238049280}"
    354304,         0,         0,    45.0,standalone_exact_mw,c63d9dbf283cbe8d7d2c9891770aca900c170ab5c3de0408fa399997170cec3d,"{""distance"":7,""physical_error_rate"":0.001}","{""detection_events"":1113996,""detectors_checked"":286986240}"
   1096704,         0,         0,   119.8,standalone_exact_mw,20c8daca17953576b13a32f59e5f9cb54485b277119f4e6925e9023b8dd1f351,"{""distance"":7,""physical_error_rate"":0.002}","{""detection_events"":6867775,""detectors_checked"":888330240}"
    723968,         0,         0,    63.0,standalone_exact_mw,c63d9dbf283cbe8d7d2c9891770aca900c170ab5c3de0408fa399997170cec3d,"{""distance"":7,""physical_error_rate"":0.001}","{""detection_events"":2284574,""detectors_checked"":586414080}"
    696320,         0,         0,    63.0,standalone_exact_mw,c63d9dbf283cbe8d7d2c9891770aca900c170ab5c3de0408fa399997170cec3d,"{""distance"":7,""physical_error_rate"":0.001}","{""detection_events"":2195905,""detectors_checked"":564019200}"
    712704,         0,         0,    63.0,standalone_exact_mw,c63d9dbf283cbe8d7d2c9891770aca900c170ab5c3de0408fa399997170cec3d,"{""distance"":7,""physical_error_rate"":0.001}","{""detection_events"":2244896,""detectors_checked"":577290240}"
   1200128,         0,         0,   119.9,standalone_exact_mw,20c8daca17953576b13a32f59e5f9cb54485b277119f4e6925e9023b8dd1f351,"{""distance"":7,""physical_error_rate"":0.002}","{""detection_events"":7513869,""detectors_checked"":972103680}"
    537600,         0,         0,    62.9,standalone_exact_mw,20c8daca17953576b13a32f59e5f9cb54485b277119f4e6925e9023b8dd1f351,"{""distance"":7,""physical_error_rate"":0.002}","{""detection_events"":3369564,""detectors_checked"":435456000}"
     80896,         0,         0,    16.6,standalone_exact_mw,20c8daca17953576b13a32f59e5f9cb54485b277119f4e6925e9023b8dd1f351,"{""distance"":7,""physical_error_rate"":0.002}","{""detection_events"":505430,""detectors_checked"":65525760}"
   1413120,         0,         0,   119.9,standalone_exact_mw,c63d9dbf283cbe8d7d2c9891770aca900c170ab5c3de0408fa399997170cec3d,"{""distance"":7,""physical_error_rate"":0.001}","{""detection_events"":4452703,""detectors_checked"":1144627200}"
    912384,         0,         0,   119.9,standalone_exact_mw,20c8daca17953576b13a32f59e5f9cb54485b277119f4e6925e9023b8dd1f351,"{""distance"":7,""physical_error_rate"":0.002}","{""detection_events"":5716855,""detectors_checked"":739031040}"
   1327104,         0,         0,   119.9,standalone_exact_mw,c63d9dbf283cbe8d7d2c9891770aca900c170ab5c3de0408fa399997170cec3d,"{""distance"":7,""physical_error_rate"":0.001}","{""detection_events"":4185401,""detectors_checked"":1074954240}"
    954368,         0,         0,   120.0,standalone_exact_mw,20c8daca17953576b13a32f59e5f9cb54485b277119f4e6925e9023b8dd1f351,"{""distance"":7,""physical_error_rate"":0.002}","{""detection_events"":5985389,""detectors_checked"":773038080}"
   1373184,         0,         0,   119.9,standalone_exact_mw,c63d9dbf283cbe8d7d2c9891770aca900c170ab5c3de0408fa399997170cec3d,"{""distance"":7,""physical_error_rate"":0.001}","{""detection_events"":4333834,""detectors_checked"":1112279040}"
   1775616,         0,         0,   119.9,standalone_exact_mw,20c8daca17953576b13a32f59e5f9cb54485b277119f4e6925e9023b8dd1f351,"{""distance"":7,""physical_error_rate"":0.002}","{""detection_events"":11122363,""detectors_checked"":1438248960}"
    777216,         0,         0,   119.9,standalone_exact_mw,20c8daca17953576b13a32f59e5f9cb54485b277119f4e6925e9023b8dd1f351,"{""distance"":7,""physical_error_rate"":0.002}","{""detection_events"":4870855,""detectors_checked"":629544960}"
   1052672,         0,         0,   119.9,standalone_exact_mw,20c8daca17953576b13a32f59e5f9cb54485b277119f4e6925e9023b8dd1f351,"{""distance"":7,""physical_error_rate"":0.002}","{""detection_events"":6599352,""detectors_checked"":852664320}"
   1737728,         0,         0,    88.1,standalone_exact_mw,c63d9dbf283cbe8d7d2c9891770aca900c170ab5c3de0408fa399997170cec3d,"{""distance"":7,""physical_error_rate"":0.001}","{""detection_events"":5482602,""detectors_checked"":1407559680}"
   1006592,         1,         0,   119.9,standalone_exact_mw,20c8daca17953576b13a32f59e5f9cb54485b277119f4e6925e9023b8dd1f351,"{""distance"":7,""physical_error_rate"":0.002}","{""detection_events"":6307527,""detectors_checked"":815339520,""obs_mistake_mask=E"":1}"
   1691648,         0,         0,    88.1,standalone_exact_mw,c63d9dbf283cbe8d7d2c9891770aca900c170ab5c3de0408fa399997170cec3d,"{""distance"":7,""physical_error_rate"":0.001}","{""detection_events"":5335768,""detectors_checked"":1370234880}"
   1196032,         0,         0,   119.9,standalone_exact_mw,c63d9dbf283cbe8d7d2c9891770aca900c170ab5c3de0408fa399997170cec3d,"{""distance"":7,""physical_error_rate"":0.001}","{""detection_events"":3773569,""detectors_checked"":968785920}"
   2311168,         0,         0,   119.9,standalone_exact_mw,c63d9dbf283cbe8d7d2c9891770aca900c170ab5c3de0408fa399997170cec3d,"{""distance"":7,""physical_error_rate"":0.001}","{""detection_events"":7287168,""detectors_checked"":1872046080}"
    962560,         2,         0,   119.9,standalone_exact_mw,20c8daca17953576b13a32f59e5f9cb54485b277119f4e6925e9023b8dd1f351,"{""distance"":7,""physical_error_rate"":0.002}","{""detection_events"":6031525,""detectors_checked"":779673600,""obs_mistake_mask=E"":2}"
    723968,         0,         0,   120.1,standalone_exact_mw,20c8daca17953576b13a32f59e5f9cb54485b277119f4e6925e9023b8dd1f351,"{""distance"":7,""physical_error_rate"":0.002}","{""detection_events"":4531047,""detectors_checked"":586414080}"
    662528,         0,         0,    62.9,standalone_exact_mw,c63d9dbf283cbe8d7d2c9891770aca900c170ab5c3de0408fa399997170cec3d,"{""distance"":7,""physical_error_rate"":0.001}","{""detection_events"":2087445,""detectors_checked"":536647680}"
   1227776,         0,         0,   119.8,standalone_exact_mw,c63d9dbf283cbe8d7d2c9891770aca900c170ab5c3de0408fa399997170cec3d,"{""distance"":7,""physical_error_rate"":0.001}","{""detection_events"":3868716,""detectors_checked"":994498560}"
   2396583,         0,         0,   113.8,standalone_exact_mw,c63d9dbf283cbe8d7d2c9891770aca900c170ab5c3de0408fa399997170cec3d,"{""distance"":7,""physical_error_rate"":0.001}","{""detection_events"":7552259,""detectors_checked"":1941232230}"
    861184,         0,         0,   120.0,standalone_exact_mw,20c8daca17953576b13a32f59e5f9cb54485b277119f4e6925e9023b8dd1f351,"{""distance"":7,""physical_error_rate"":0.002}","{""detection_events"":5403594,""detectors_checked"":697559040}"
     81920,         0,         0,    23.0,standalone_exact_mw,20c8daca17953576b13a32f59e5f9cb54485b277119f4e6925e9023b8dd1f351,"{""distance"":7,""physical_error_rate"":0.002}","{""detection_events"":514714,""detectors_checked"":66355200}"
    902144,         0,         0,   119.9,standalone_exact_mw,20c8daca17953576b13a32f59e5f9cb54485b277119f4e6925e9023b8dd1f351,"{""distance"":7,""physical_error_rate"":0.002}","{""detection_events"":5656299,""detectors_checked"":730736640}"
    489472,         0,         0,    63.1,standalone_exact_mw,20c8daca17953576b13a32f59e5f9cb54485b277119f4e6925e9023b8dd1f351,"{""distance"":7,""physical_error_rate"":0.002}","{""detection_events"":3070459,""detectors_checked"":396472320}"
    990208,         0,         0,   120.0,standalone_exact_mw,c63d9dbf283cbe8d7d2c9891770aca900c170ab5c3de0408fa399997170cec3d,"{""distance"":7,""physical_error_rate"":0.001}","{""detection_events"":3119193,""detectors_checked"":802068480}"
   1058816,         0,         0,   119.8,standalone_exact_mw,c63d9dbf283cbe8d7d2c9891770aca900c170ab5c3de0408fa399997170cec3d,"{""distance"":7,""physical_error_rate"":0.001}","{""detection_events"":3340845,""detectors_checked"":857640960}"
   1216512,         0,         0,   119.9,standalone_exact_mw,c63d9dbf283cbe8d7d2c9891770aca900c170ab5c3de0408fa399997170cec3d,"{""distance"":7,""physical_error_rate"":0.001}","{""detection_events"":3839578,""detectors_checked"":985374720}"
    507904,         0,         0,    63.0,standalone_exact_mw,20c8daca17953576b13a32f59e5f9cb54485b277119f4e6925e9023b8dd1f351,"{""distance"":7,""physical_error_rate"":0.002}","{""detection_events"":3185336,""detectors_checked"":411402240}"
    923648,         0,         0,   119.8,standalone_exact_mw,20c8daca17953576b13a32f59e5f9cb54485b277119f4e6925e9023b8dd1f351,"{""distance"":7,""physical_error_rate"":0.002}","{""detection_events"":5787288,""detectors_checked"":748154880}"
    680960,         0,         0,    62.9,standalone_exact_mw,c63d9dbf283cbe8d7d2c9891770aca900c170ab5c3de0408fa399997170cec3d,"{""distance"":7,""physical_error_rate"":0.001}","{""detection_events"":2141515,""detectors_checked"":551577600}"
    519168,         0,         0,    63.0,standalone_exact_mw,20c8daca17953576b13a32f59e5f9cb54485b277119f4e6925e9023b8dd1f351,"{""distance"":7,""physical_error_rate"":0.002}","{""detection_events"":3252114,""detectors_checked"":420526080}"
    658432,         0,         0,    62.9,standalone_exact_mw,c63d9dbf283cbe8d7d2c9891770aca900c170ab5c3de0408fa399997170cec3d,"{""distance"":7,""physical_error_rate"":0.001}","{""detection_events"":2075368,""detectors_checked"":533329920}"
   2463744,         0,         0,   119.9,standalone_exact_mw,c63d9dbf283cbe8d7d2c9891770aca900c170ab5c3de0408fa399997170cec3d,"{""distance"":7,""physical_error_rate"":0.001}","{""detection_events"":7769461,""detectors_checked"":1995632640}"
    672768,         0,         0,    63.0,standalone_exact_mw,c63d9dbf283cbe8d7d2c9891770aca900c170ab5c3de0408fa399997170cec3d,"{""distance"":7,""physical_error_rate"":0.001}","{""detection_events"":2118829,""detectors_checked"":544942080}"
    947200,         0,         0,   119.8,standalone_exact_mw,20c8daca17953576b13a32f59e5f9cb54485b277119f4e6925e9023b8dd1f351,"{""distance"":7,""physical_error_rate"":0.002}","{""detection_events"":5934896,""detectors_checked"":767232000}"
    406528,         0,         0,    63.0,standalone_exact_mw,c63d9dbf283cbe8d7d2c9891770aca900c170ab5c3de0408fa399997170cec3d,"{""distance"":7,""physical_error_rate"":0.001}","{""detection_events"":1282491,""detectors_checked"":329287680}"
   1857536,         0,         0,   119.9,standalone_exact_mw,20c8daca17953576b13a32f59e5f9cb54485b277119f4e6925e9023b8dd1f351,"{""distance"":7,""physical_error_rate"":0.002}","{""detection_events"":11644040,""detectors_checked"":1504604160}"
   1533952,         0,         0,   119.9,standalone_exact_mw,c63d9dbf283cbe8d7d2c9891770aca900c170ab5c3de0408fa399997170cec3d,"{""distance"":7,""physical_error_rate"":0.001}","{""detection_events"":4831821,""detectors_checked"":1242501120}"
    379904,         0,         0,    63.0,standalone_exact_mw,20c8daca17953576b13a32f59e5f9cb54485b277119f4e6925e9023b8dd1f351,"{""distance"":7,""physical_error_rate"":0.002}","{""detection_events"":2379218,""detectors_checked"":307722240}"
    587776,         0,         0,    63.0,standalone_exact_mw,c63d9dbf283cbe8d7d2c9891770aca900c170ab5c3de0408fa399997170cec3d,"{""distance"":7,""physical_error_rate"":0.001}","{""detection_events"":1853818,""detectors_checked"":476098560}"
    110592,         0,         0,    32.4,standalone_exact_mw,20c8daca17953576b13a32f59e5f9cb54485b277119f4e6925e9023b8dd1f351,"{""distance"":7,""physical_error_rate"":0.002}","{""detection_events"":693229,""detectors_checked"":89579520}"
   1158144,         0,         0,   119.9,standalone_exact_mw,c63d9dbf283cbe8d7d2c9891770aca900c170ab5c3de0408fa399997170cec3d,"{""distance"":7,""physical_error_rate"":0.001}","{""detection_events"":3646405,""detectors_checked"":938096640}"
   1866752,         1,         0,   119.9,standalone_exact_mw,20c8daca17953576b13a32f59e5f9cb54485b277119f4e6925e9023b8dd1f351,"{""distance"":7,""physical_error_rate"":0.002}","{""detection_events"":11687953,""detectors_checked"":1512069120,""obs_mistake_mask=E"":1}"
    882688,         0,         0,    88.2,standalone_exact_mw,20c8daca17953576b13a32f59e5f9cb54485b277119f4e6925e9023b8dd1f351,"{""distance"":7,""physical_error_rate"":0.002}","{""detection_events"":5525619,""detectors_checked"":714977280}"
    842752,         0,         0,    88.2,standalone_exact_mw,20c8daca17953576b13a32f59e5f9cb54485b277119f4e6925e9023b8dd1f351,"{""distance"":7,""physical_error_rate"":0.002}","{""detection_events"":5273834,""detectors_checked"":682629120}"
   1191936,         0,         0,   119.9,standalone_exact_mw,c63d9dbf283cbe8d7d2c9891770aca900c170ab5c3de0408fa399997170cec3d,"{""distance"":7,""physical_error_rate"":0.001}","{""detection_events"":3762231,""detectors_checked"":965468160}"
    808960,         0,         0,    88.2,standalone_exact_mw,20c8daca17953576b13a32f59e5f9cb54485b277119f4e6925e9023b8dd1f351,"{""distance"":7,""physical_error_rate"":0.002}","{""detection_events"":5066170,""detectors_checked"":655257600}"
   1259520,         0,         0,   119.9,standalone_exact_mw,20c8daca17953576b13a32f59e5f9cb54485b277119f4e6925e9023b8dd1f351,"{""distance"":7,""physical_error_rate"":0.002}","{""detection_events"":7893952,""detectors_checked"":1020211200}"
    862208,         0,         0,    88.1,standalone_exact_mw,20c8daca17953576b13a32f59e5f9cb54485b277119f4e6925e9023b8dd1f351,"{""distance"":7,""physical_error_rate"":0.002}","{""detection_events"":5406514,""detectors_checked"":698388480}"
   1025024,         0,         0,    88.1,standalone_exact_mw,c63d9dbf283cbe8d7d2c9891770aca900c170ab5c3de0408fa399997170cec3d,"{""distance"":7,""physical_error_rate"":0.001}","{""detection_events"":3231753,""detectors_checked"":830269440}"
   1020928,         0,         0,    88.1,standalone_exact_mw,c63d9dbf283cbe8d7d2c9891770aca900c170ab5c3de0408fa399997170cec3d,"{""distance"":7,""physical_error_rate"":0.001}","{""detection_events"":3216592,""detectors_checked"":826951680}"
   1026048,         0,         0,    88.1,standalone_exact_mw,c63d9dbf283cbe8d7d2c9891770aca900c170ab5c3de0408fa399997170cec3d,"{""distance"":7,""physical_error_rate"":0.001}","{""detection_events"":3234312,""detectors_checked"":831098880}"
    813056,         0,         0,   119.9,standalone_exact_mw,20c8daca17953576b13a32f59e5f9cb54485b277119f4e6925e9023b8dd1f351,"{""distance"":7,""physical_error_rate"":0.002}","{""detection_events"":5094746,""detectors_checked"":658575360}"
    815610,         0,         0,    39.4,standalone_exact_mw,c63d9dbf283cbe8d7d2c9891770aca900c170ab5c3de0408fa399997170cec3d,"{""distance"":7,""physical_error_rate"":0.001}","{""detection_events"":2571150,""detectors_checked"":660644100}"
    745472,         0,         0,    88.1,standalone_exact_mw,20c8daca17953576b13a32f59e5f9cb54485b277119f4e6925e9023b8dd1f351,"{""distance"":7,""physical_error_rate"":0.002}","{""detection_events"":4671194,""detectors_checked"":603832320}"
    883712,         0,         0,   120.0,standalone_exact_mw,c63d9dbf283cbe8d7d2c9891770aca900c170ab5c3de0408fa399997170cec3d,"{""distance"":7,""physical_error_rate"":0.001}","{""detection_events"":2780683,""detectors_checked"":715806720}"
    934912,         0,         0,   119.8,standalone_exact_mw,20c8daca17953576b13a32f59e5f9cb54485b277119f4e6925e9023b8dd1f351,"{""distance"":7,""physical_error_rate"":0.002}","{""detection_events"":5859044,""detectors_checked"":757278720}"
   1140736,         0,         0,   119.8,standalone_exact_mw,20c8daca17953576b13a32f59e5f9cb54485b277119f4e6925e9023b8dd1f351,"{""distance"":7,""physical_error_rate"":0.002}","{""detection_events"":7145383,""detectors_checked"":923996160}"
   1229824,         0,         0,   119.9,standalone_exact_mw,20c8daca17953576b13a32f59e5f9cb54485b277119f4e6925e9023b8dd1f351,"{""distance"":7,""physical_error_rate"":0.002}","{""detection_events"":7709360,""detectors_checked"":996157440}"
   1089536,         0,         0,   119.8,standalone_exact_mw,c63d9dbf283cbe8d7d2c9891770aca900c170ab5c3de0408fa399997170cec3d,"{""distance"":7,""physical_error_rate"":0.001}","{""detection_events"":3437205,""detectors_checked"":882524160}"
   1516544,         0,         0,   119.9,standalone_exact_mw,c63d9dbf283cbe8d7d2c9891770aca900c170ab5c3de0408fa399997170cec3d,"{""distance"":7,""physical_error_rate"":0.001}","{""detection_events"":4776904,""detectors_checked"":1228400640}"
   1465344,         0,         0,   119.9,standalone_exact_mw,c63d9dbf283cbe8d7d2c9891770aca900c170ab5c3de0408fa399997170cec3d,"{""distance"":7,""physical_error_rate"":0.001}","{""detection_events"":4613950,""detectors_checked"":1186928640}"
    142336,         0,         0,    45.0,standalone_exact_mw,20c8daca17953576b13a32f59e5f9cb54485b277119f4e6925e9023b8dd1f351,"{""distance"":7,""physical_error_rate"":0.002}","{""detection_events"":890607,""detectors_checked"":115292160}"
   1415168,         0,         0,   119.9,standalone_exact_mw,c63d9dbf283cbe8d7d2c9891770aca900c170ab5c3de0408fa399997170cec3d,"{""distance"":7,""physical_error_rate"":0.001}","{""detection_events"":4460497,""detectors_checked"":1146286080}"
   1049600,         0,         0,   119.9,standalone_exact_mw,c63d9dbf283cbe8d7d2c9891770aca900c170ab5c3de0408fa399997170cec3d,"{""distance"":7,""physical_error_rate"":0.001}","{""detection_events"":3305262,""detectors_checked"":850176000}"
   1241088,         0,         0,   119.8,standalone_exact_mw,c63d9dbf283cbe8d7d2c9891770aca900c170ab5c3de0408fa399997170cec3d,"{""distance"":7,""physical_error_rate"":0.001}","{""detection_events"":3912698,""detectors_checked"":1005281280}"
    913408,         0,         0,    88.0,standalone_exact_mw,c63d9dbf283cbe8d7d2c9891770aca900c170ab5c3de0408fa399997170cec3d,"{""distance"":7,""physical_error_rate"":0.001}","{""detection_events"":2878923,""detectors_checked"":739860480}"
    704512,         0,         0,   119.8,standalone_exact_mw,20c8daca17953576b13a32f59e5f9cb54485b277119f4e6925e9023b8dd1f351,"{""distance"":7,""physical_error_rate"":0.002}","{""detection_events"":4419130,""detectors_checked"":570654720}"
   1158144,         0,         0,   119.9,standalone_exact_mw,20c8daca17953576b13a32f59e5f9cb54485b277119f4e6925e9023b8dd1f351,"{""distance"":7,""physical_error_rate"":0.002}","{""detection_events"":7259238,""detectors_checked"":938096640}"
    575488,         0,         0,    88.1,standalone_exact_mw,20c8daca17953576b13a32f59e5f9cb54485b277119f4e6925e9023b8dd1f351,"{""distance"":7,""physical_error_rate"":0.002}","{""detection_events"":3601916,""detectors_checked"":466145280}"
   1219584,         0,         0,   119.9,standalone_exact_mw,20c8daca17953576b13a32f59e5f9cb54485b277119f4e6925e9023b8dd1f351,"{""distance"":7,""physical_error_rate"":0.002}","{""detection_events"":7635082,""detectors_checked"":987863040}"
   1453056,         0,         0,   119.9,standalone_exact_mw,c63d9dbf283cbe8d7d2c9891770aca900c170ab5c3de0408fa399997170cec3d,"{""distance"":7,""physical_error_rate"":0.001}","{""detection_events"":4574964,""detectors_checked"":1176975360}"
    978944,         0,         0,   119.8,standalone_exact_mw,20c8daca17953576b13a32f59e5f9cb54485b277119f4e6925e9023b8dd1f351,"{""distance"":7,""physical_error_rate"":0.002}","{""detection_events"":6140618,""detectors_checked"":792944640}"
   1366016,         0,         0,   119.9,standalone_exact_mw,c63d9dbf283cbe8d7d2c9891770aca900c170ab5c3de0408fa399997170cec3d,"{""distance"":7,""physical_error_rate"":0.001}","{""detection_events"":4305841,""detectors_checked"":1106472960}"
    965632,         0,         0,   119.9,standalone_exact_mw,20c8daca17953576b13a32f59e5f9cb54485b277119f4e6925e9023b8dd1f351,"{""distance"":7,""physical_error_rate"":0.002}","{""detection_events"":6048174,""detectors_checked"":782161920}"
   1387520,         0,         0,   119.9,standalone_exact_mw,c63d9dbf283cbe8d7d2c9891770aca900c170ab5c3de0408fa399997170cec3d,"{""distance"":7,""physical_error_rate"":0.001}","{""detection_events"":4369555,""detectors_checked"":1123891200}"
    941056,         0,         0,   119.8,standalone_exact_mw,20c8daca17953576b13a32f59e5f9cb54485b277119f4e6925e9023b8dd1f351,"{""distance"":7,""physical_error_rate"":0.002}","{""detection_events"":5902688,""detectors_checked"":762255360}"
   1860608,         0,         0,   120.0,standalone_exact_mw,20c8daca17953576b13a32f59e5f9cb54485b277119f4e6925e9023b8dd1f351,"{""distance"":7,""physical_error_rate"":0.002}","{""detection_events"":11661036,""detectors_checked"":1507092480}"
   1037312,         0,         0,   119.9,standalone_exact_mw,20c8daca17953576b13a32f59e5f9cb54485b277119f4e6925e9023b8dd1f351,"{""distance"":7,""physical_error_rate"":0.002}","{""detection_events"":6500071,""detectors_checked"":840222720}"
    705536,         0,         0,    88.1,standalone_exact_mw,20c8daca17953576b13a32f59e5f9cb54485b277119f4e6925e9023b8dd1f351,"{""distance"":7,""physical_error_rate"":0.002}","{""detection_events"":4417221,""detectors_checked"":571484160}"
   2387968,         0,         0,   119.9,standalone_exact_mw,c63d9dbf283cbe8d7d2c9891770aca900c170ab5c3de0408fa399997170cec3d,"{""distance"":7,""physical_error_rate"":0.001}","{""detection_events"":7524510,""detectors_checked"":1934254080}"
   1060864,         0,         0,   120.0,standalone_exact_mw,20c8daca17953576b13a32f59e5f9cb54485b277119f4e6925e9023b8dd1f351,"{""distance"":7,""physical_error_rate"":0.002}","{""detection_events"":6649857,""detectors_checked"":859299840}"
    852992,         0,         0,    88.1,standalone_exact_mw,c63d9dbf283cbe8d7d2c9891770aca900c170ab5c3de0408fa399997170cec3d,"{""distance"":7,""physical_error_rate"":0.001}","{""detection_events"":2685830,""detectors_checked"":690923520}"
    659456,         0,         0,    88.2,standalone_exact_mw,20c8daca17953576b13a32f59e5f9cb54485b277119f4e6925e9023b8dd1f351,"{""distance"":7,""physical_error_rate"":0.002}","{""detection_events"":4135028,""detectors_checked"":534159360}"
   2341888,         0,         0,   119.9,standalone_exact_mw,c63d9dbf283cbe8d7d2c9891770aca900c170ab5c3de0408fa399997170cec3d,"{""distance"":7,""physical_error_rate"":0.001}","{""detection_events"":7382048,""detectors_checked"":1896929280}"
    888832,         0,         0,    88.1,standalone_exact_mw,c63d9dbf283cbe8d7d2c9891770aca900c170ab5c3de0408fa399997170cec3d,"{""distance"":7,""physical_error_rate"":0.001}","{""detection_events"":2799758,""detectors_checked"":719953920}"
   1290240,         0,         0,   119.9,standalone_exact_mw,c63d9dbf283cbe8d7d2c9891770aca900c170ab5c3de0408fa399997170cec3d,"{""distance"":7,""physical_error_rate"":0.001}","{""detection_events"":4066727,""detectors_checked"":1045094400}"
   2318336,         0,         0,   119.9,standalone_exact_mw,c63d9dbf283cbe8d7d2c9891770aca900c170ab5c3de0408fa399997170cec3d,"{""distance"":7,""physical_error_rate"":0.001}","{""detection_events"":7311983,""detectors_checked"":1877852160}"
    882688,         0,         0,   119.9,standalone_exact_mw,20c8daca17953576b13a32f59e5f9cb54485b277119f4e6925e9023b8dd1f351,"{""distance"":7,""physical_error_rate"":0.002}","{""detection_events"":5532934,""detectors_checked"":714977280}"
    787456,         0,         0,   119.8,standalone_exact_mw,20c8daca17953576b13a32f59e5f9cb54485b277119f4e6925e9023b8dd1f351,"{""distance"":7,""physical_error_rate"":0.002}","{""detection_events"":4931300,""detectors_checked"":637839360}"
    930816,         0,         0,    88.1,standalone_exact_mw,c63d9dbf283cbe8d7d2c9891770aca900c170ab5c3de0408fa399997170cec3d,"{""distance"":7,""physical_error_rate"":0.001}","{""detection_events"":2932362,""detectors_checked"":753960960}"
    875520,         0,         0,    88.1,standalone_exact_mw,c63d9dbf283cbe8d7d2c9891770aca900c170ab5c3de0408fa399997170cec3d,"{""distance"":7,""physical_error_rate"":0.001}","{""detection_events"":2762556,""detectors_checked"":709171200}"
   1264640,         0,         0,   119.8,standalone_exact_mw,c63d9dbf283cbe8d7d2c9891770aca900c170ab5c3de0408fa399997170cec3d,"{""distance"":7,""physical_error_rate"":0.001}","{""detection_events"":3981296,""detectors_checked"":1024358400}"
   2412544,         0,         0,   119.9,standalone_exact_mw,c63d9dbf283cbe8d7d2c9891770aca900c170ab5c3de0408fa399997170cec3d,"{""distance"":7,""physical_error_rate"":0.001}","{""detection_events"":7611206,""detectors_checked"":1954160640}"
    891904,         0,         0,   119.9,standalone_exact_mw,20c8daca17953576b13a32f59e5f9cb54485b277119f4e6925e9023b8dd1f351,"{""distance"":7,""physical_error_rate"":0.002}","{""detection_events"":5584685,""detectors_checked"":722442240}"
    611328,         0,         0,    88.3,standalone_exact_mw,20c8daca17953576b13a32f59e5f9cb54485b277119f4e6925e9023b8dd1f351,"{""distance"":7,""physical_error_rate"":0.002}","{""detection_events"":3829609,""detectors_checked"":495175680}"
    892928,         0,         0,    88.2,standalone_exact_mw,c63d9dbf283cbe8d7d2c9891770aca900c170ab5c3de0408fa399997170cec3d,"{""distance"":7,""physical_error_rate"":0.001}","{""detection_events"":2816471,""detectors_checked"":723271680}"
    496640,         0,         0,   120.0,standalone_exact_mw,20c8daca17953576b13a32f59e5f9cb54485b277119f4e6925e9023b8dd1f351,"{""distance"":7,""physical_error_rate"":0.002}","{""detection_events"":3111113,""detectors_checked"":402278400}"
    375530,         0,         0,    19.1,standalone_exact_mw,c63d9dbf283cbe8d7d2c9891770aca900c170ab5c3de0408fa399997170cec3d,"{""distance"":7,""physical_error_rate"":0.001}","{""detection_events"":1182861,""detectors_checked"":304179300}"
   1150976,         0,         0,   119.9,standalone_exact_mw,c63d9dbf283cbe8d7d2c9891770aca900c170ab5c3de0408fa399997170cec3d,"{""distance"":7,""physical_error_rate"":0.001}","{""detection_events"":3623840,""detectors_checked"":932290560}"
   1117184,         0,         0,   119.9,standalone_exact_mw,c63d9dbf283cbe8d7d2c9891770aca900c170ab5c3de0408fa399997170cec3d,"{""distance"":7,""physical_error_rate"":0.001}","{""detection_events"":3518201,""detectors_checked"":904919040}"
   1163264,         0,         0,   119.9,standalone_exact_mw,c63d9dbf283cbe8d7d2c9891770aca900c170ab5c3de0408fa399997170cec3d,"{""distance"":7,""physical_error_rate"":0.001}","{""detection_events"":3666264,""detectors_checked"":942243840}"
    922624,         0,         0,   120.0,standalone_exact_mw,20c8daca17953576b13a32f59e5f9cb54485b277119f4e6925e9023b8dd1f351,"{""distance"":7,""physical_error_rate"":0.002}","{""detection_events"":5784691,""detectors_checked"":747325440}"
    280576,         0,         0,    63.1,standalone_exact_mw,20c8daca17953576b13a32f59e5f9cb54485b277119f4e6925e9023b8dd1f351,"{""distance"":7,""physical_error_rate"":0.002}","{""detection_events"":1760587,""detectors_checked"":227266560}"
    925696,         0,         0,   120.0,standalone_exact_mw,20c8daca17953576b13a32f59e5f9cb54485b277119f4e6925e9023b8dd1f351,"{""distance"":7,""physical_error_rate"":0.002}","{""detection_events"":5800756,""detectors_checked"":749813760}"
   1725440,         0,         0,   119.9,standalone_exact_mw,20c8daca17953576b13a32f59e5f9cb54485b277119f4e6925e9023b8dd1f351,"{""distance"":7,""physical_error_rate"":0.002}","{""detection_events"":10807226,""detectors_checked"":1397606400}"
   1521664,         0,         0,   119.9,standalone_exact_mw,c63d9dbf283cbe8d7d2c9891770aca900c170ab5c3de0408fa399997170cec3d,"{""distance"":7,""physical_error_rate"":0.001}","{""detection_events"":4796633,""detectors_checked"":1232547840}"
    830464,         1,         0,   119.8,standalone_exact_mw,c63d9dbf283cbe8d7d2c9891770aca900c170ab5c3de0408fa399997170cec3d,"{""distance"":7,""physical_error_rate"":0.001}","{""detection_events"":2615406,""detectors_checked"":672675840,""obs_mistake_mask=E"":1}"
   1806835,         0,         0,    96.5,standalone_exact_mw,c63d9dbf283cbe8d7d2c9891770aca900c170ab5c3de0408fa399997170cec3d,"{""distance"":7,""physical_error_rate"":0.001}","{""detection_events"":5688293,""detectors_checked"":1463536350}"
   1912832,         0,         0,   119.9,standalone_exact_mw,20c8daca17953576b13a32f59e5f9cb54485b277119f4e6925e9023b8dd1f351,"{""distance"":7,""physical_error_rate"":0.002}","{""detection_events"":11992466,""detectors_checked"":1549393920}"
   1184768,         0,         0,   119.8,standalone_exact_mw,20c8daca17953576b13a32f59e5f9cb54485b277119f4e6925e9023b8dd1f351,"{""distance"":7,""physical_error_rate"":0.002}","{""detection_events"":7421671,""detectors_checked"":959662080}"
   1119232,         0,         0,   120.0,standalone_exact_mw,20c8daca17953576b13a32f59e5f9cb54485b277119f4e6925e9023b8dd1f351,"{""distance"":7,""physical_error_rate"":0.002}","{""detection_events"":7016406,""detectors_checked"":906577920}"
   1222656,         0,         0,   119.9,standalone_exact_mw,c63d9dbf283cbe8d7d2c9891770aca900c170ab5c3de0408fa399997170cec3d,"{""distance"":7,""physical_error_rate"":0.001}","{""detection_events"":3855524,""detectors_checked"":990351360}"
   1029120,         1,         0,   119.9,standalone_exact_mw,20c8daca17953576b13a32f59e5f9cb54485b277119f4e6925e9023b8dd1f351,"{""distance"":7,""physical_error_rate"":0.002}","{""detection_events"":6439735,""detectors_checked"":833587200,""obs_mistake_mask=E"":1}"
   1213440,         0,         0,   119.9,standalone_exact_mw,20c8daca17953576b13a32f59e5f9cb54485b277119f4e6925e9023b8dd1f351,"{""distance"":7,""physical_error_rate"":0.002}","{""detection_events"":7604193,""detectors_checked"":982886400}"
   1069056,         0,         0,   119.9,standalone_exact_mw,20c8daca17953576b13a32f59e5f9cb54485b277119f4e6925e9023b8dd1f351,"{""distance"":7,""physical_error_rate"":0.002}","{""detection_events"":6693296,""detectors_checked"":865935360}"
   1511424,         0,         0,   120.0,standalone_exact_mw,c63d9dbf283cbe8d7d2c9891770aca900c170ab5c3de0408fa399997170cec3d,"{""distance"":7,""physical_error_rate"":0.001}","{""detection_events"":4766500,""detectors_checked"":1224253440}"
   1316864,         0,         0,   119.9,standalone_exact_mw,c63d9dbf283cbe8d7d2c9891770aca900c170ab5c3de0408fa399997170cec3d,"{""distance"":7,""physical_error_rate"":0.001}","{""detection_events"":4150790,""detectors_checked"":1066659840}"
   1509376,         0,         0,   119.9,standalone_exact_mw,c63d9dbf283cbe8d7d2c9891770aca900c170ab5c3de0408fa399997170cec3d,"{""distance"":7,""physical_error_rate"":0.001}","{""detection_events"":4757989,""detectors_checked"":1222594560}"
    891904,         0,         0,   119.8,standalone_exact_mw,20c8daca17953576b13a32f59e5f9cb54485b277119f4e6925e9023b8dd1f351,"{""distance"":7,""physical_error_rate"":0.002}","{""detection_events"":5586923,""detectors_checked"":722442240}"
   1072128,         1,         0,   119.9,standalone_exact_mw,20c8daca17953576b13a32f59e5f9cb54485b277119f4e6925e9023b8dd1f351,"{""distance"":7,""physical_error_rate"":0.002}","{""detection_events"":6722553,""detectors_checked"":868423680,""obs_mistake_mask=E"":1}"
   1092608,         0,         0,   119.8,standalone_exact_mw,c63d9dbf283cbe8d7d2c9891770aca900c170ab5c3de0408fa399997170cec3d,"{""distance"":7,""physical_error_rate"":0.001}","{""detection_events"":3438451,""detectors_checked"":885012480}"
     58211,         0,         0,    4.61,standalone_exact_mw,c63d9dbf283cbe8d7d2c9891770aca900c170ab5c3de0408fa399997170cec3d,"{""distance"":7,""physical_error_rate"":0.001}","{""detection_events"":182346,""detectors_checked"":47150910}"
   1539072,         0,         0,    76.1,standalone_exact_mw,c63d9dbf283cbe8d7d2c9891770aca900c170ab5c3de0408fa399997170cec3d,"{""distance"":7,""physical_error_rate"":0.001}","{""detection_events"":4854488,""detectors_checked"":1246648320}"
   1465344,         0,         0,    72.7,standalone_exact_mw,c63d9dbf283cbe8d7d2c9891770aca900c170ab5c3de0408fa399997170cec3d,"{""distance"":7,""physical_error_rate"":0.001}","{""detection_events"":4618964,""detectors_checked"":1186928640}"
   1361920,         0,         0,   108.3,standalone_exact_mw,c63d9dbf283cbe8d7d2c9891770aca900c170ab5c3de0408fa399997170cec3d,"{""distance"":7,""physical_error_rate"":0.001}","{""detection_events"":4286866,""detectors_checked"":1103155200}"
    911360,         0,         0,   119.9,standalone_exact_mw,20c8daca17953576b13a32f59e5f9cb54485b277119f4e6925e9023b8dd1f351,"{""distance"":7,""physical_error_rate"":0.002}","{""detection_events"":5711863,""detectors_checked"":738201600}"
   1359912,         0,         0,    68.3,standalone_exact_mw,c63d9dbf283cbe8d7d2c9891770aca900c170ab5c3de0408fa399997170cec3d,"{""distance"":7,""physical_error_rate"":0.001}","{""detection_events"":4285284,""detectors_checked"":1101528720}"
   1201152,         0,         0,    87.1,standalone_exact_mw,c63d9dbf283cbe8d7d2c9891770aca900c170ab5c3de0408fa399997170cec3d,"{""distance"":7,""physical_error_rate"":0.001}","{""detection_events"":3781599,""detectors_checked"":972933120}"
   1256448,         0,         0,    61.3,standalone_exact_mw,c63d9dbf283cbe8d7d2c9891770aca900c170ab5c3de0408fa399997170cec3d,"{""distance"":7,""physical_error_rate"":0.001}","{""detection_events"":3954796,""detectors_checked"":1017722880}"
   1180967,         0,         0,   112.7,standalone_exact_mw,c63d9dbf283cbe8d7d2c9891770aca900c170ab5c3de0408fa399997170cec3d,"{""distance"":7,""physical_error_rate"":0.001}","{""detection_events"":3724615,""detectors_checked"":956583270}"
   1080320,         0,         0,    85.4,standalone_exact_mw,c63d9dbf283cbe8d7d2c9891770aca900c170ab5c3de0408fa399997170cec3d,"{""distance"":7,""physical_error_rate"":0.001}","{""detection_events"":3407962,""detectors_checked"":875059200}"
   1153024,         0,         0,   105.0,standalone_exact_mw,c63d9dbf283cbe8d7d2c9891770aca900c170ab5c3de0408fa399997170cec3d,"{""distance"":7,""physical_error_rate"":0.001}","{""detection_events"":3635102,""detectors_checked"":933949440}"
   1160192,         0,         0,   112.3,standalone_exact_mw,c63d9dbf283cbe8d7d2c9891770aca900c170ab5c3de0408fa399997170cec3d,"{""distance"":7,""physical_error_rate"":0.001}","{""detection_events"":3655213,""detectors_checked"":939755520}"
   1156096,         0,         0,   119.8,standalone_exact_mw,20c8daca17953576b13a32f59e5f9cb54485b277119f4e6925e9023b8dd1f351,"{""distance"":7,""physical_error_rate"":0.002}","{""detection_events"":7241655,""detectors_checked"":936437760}"
   1067262,         0,         0,   105.5,standalone_exact_mw,c63d9dbf283cbe8d7d2c9891770aca900c170ab5c3de0408fa399997170cec3d,"{""distance"":7,""physical_error_rate"":0.001}","{""detection_events"":3370157,""detectors_checked"":864482220}"
   1012736,         0,         0,   105.9,standalone_exact_mw,c63d9dbf283cbe8d7d2c9891770aca900c170ab5c3de0408fa399997170cec3d,"{""distance"":7,""physical_error_rate"":0.001}","{""detection_events"":3194960,""detectors_checked"":820316160}"
   1017856,         0,         0,   109.3,standalone_exact_mw,c63d9dbf283cbe8d7d2c9891770aca900c170ab5c3de0408fa399997170cec3d,"{""distance"":7,""physical_error_rate"":0.001}","{""detection_events"":3210006,""detectors_checked"":824463360}"
    968704,         0,         0,    90.7,standalone_exact_mw,c63d9dbf283cbe8d7d2c9891770aca900c170ab5c3de0408fa399997170cec3d,"{""distance"":7,""physical_error_rate"":0.001}","{""detection_events"":3049939,""detectors_checked"":784650240}"
   1203200,         1,         0,   119.8,standalone_exact_mw,20c8daca17953576b13a32f59e5f9cb54485b277119f4e6925e9023b8dd1f351,"{""distance"":7,""physical_error_rate"":0.002}","{""detection_events"":7539632,""detectors_checked"":974592000,""obs_mistake_mask=E"":1}"
    927862,         0,         0,    87.8,standalone_exact_mw,c63d9dbf283cbe8d7d2c9891770aca900c170ab5c3de0408fa399997170cec3d,"{""distance"":7,""physical_error_rate"":0.001}","{""detection_events"":2925486,""detectors_checked"":751568220}"
    900096,         0,         0,    89.5,standalone_exact_mw,c63d9dbf283cbe8d7d2c9891770aca900c170ab5c3de0408fa399997170cec3d,"{""distance"":7,""physical_error_rate"":0.001}","{""detection_events"":2837953,""detectors_checked"":729077760}"
    821248,         0,         0,    39.8,standalone_exact_mw,c63d9dbf283cbe8d7d2c9891770aca900c170ab5c3de0408fa399997170cec3d,"{""distance"":7,""physical_error_rate"":0.001}","{""detection_events"":2585371,""detectors_checked"":665210880}"
    923648,         0,         0,    85.7,standalone_exact_mw,c63d9dbf283cbe8d7d2c9891770aca900c170ab5c3de0408fa399997170cec3d,"{""distance"":7,""physical_error_rate"":0.001}","{""detection_events"":2915196,""detectors_checked"":748154880}"
    805138,         0,         0,    82.1,standalone_exact_mw,c63d9dbf283cbe8d7d2c9891770aca900c170ab5c3de0408fa399997170cec3d,"{""distance"":7,""physical_error_rate"":0.001}","{""detection_events"":2539478,""detectors_checked"":652161780}"
    705536,         0,         0,    68.1,standalone_exact_mw,c63d9dbf283cbe8d7d2c9891770aca900c170ab5c3de0408fa399997170cec3d,"{""distance"":7,""physical_error_rate"":0.001}","{""detection_events"":2224702,""detectors_checked"":571484160}"
    738304,         0,         0,    78.2,standalone_exact_mw,c63d9dbf283cbe8d7d2c9891770aca900c170ab5c3de0408fa399997170cec3d,"{""distance"":7,""physical_error_rate"":0.001}","{""detection_events"":2323047,""detectors_checked"":598026240}"
    697321,         0,         0,    83.9,standalone_exact_mw,c63d9dbf283cbe8d7d2c9891770aca900c170ab5c3de0408fa399997170cec3d,"{""distance"":7,""physical_error_rate"":0.001}","{""detection_events"":2199873,""detectors_checked"":564830010}"
    662528,         0,         0,    49.6,standalone_exact_mw,c63d9dbf283cbe8d7d2c9891770aca900c170ab5c3de0408fa399997170cec3d,"{""distance"":7,""physical_error_rate"":0.001}","{""detection_events"":2092156,""detectors_checked"":536647680}"
    678912,         0,         0,    71.7,standalone_exact_mw,c63d9dbf283cbe8d7d2c9891770aca900c170ab5c3de0408fa399997170cec3d,"{""distance"":7,""physical_error_rate"":0.001}","{""detection_events"":2138200,""detectors_checked"":549918720}"
    630410,         0,         0,    69.4,standalone_exact_mw,c63d9dbf283cbe8d7d2c9891770aca900c170ab5c3de0408fa399997170cec3d,"{""distance"":7,""physical_error_rate"":0.001}","{""detection_events"":1985973,""detectors_checked"":510632100}"
    606208,         0,         0,    85.9,standalone_exact_mw,c63d9dbf283cbe8d7d2c9891770aca900c170ab5c3de0408fa399997170cec3d,"{""distance"":7,""physical_error_rate"":0.001}","{""detection_events"":1910809,""detectors_checked"":491028480}"
    760832,         1,         0,   119.9,standalone_exact_mw,20c8daca17953576b13a32f59e5f9cb54485b277119f4e6925e9023b8dd1f351,"{""distance"":7,""physical_error_rate"":0.002}","{""detection_events"":4769426,""detectors_checked"":616273920,""obs_mistake_mask=E"":1}"
   1144832,         0,         0,   119.9,standalone_exact_mw,20c8daca17953576b13a32f59e5f9cb54485b277119f4e6925e9023b8dd1f351,"{""distance"":7,""physical_error_rate"":0.002}","{""detection_events"":7178024,""detectors_checked"":927313920}"
    964608,         0,         0,   119.8,standalone_exact_mw,20c8daca17953576b13a32f59e5f9cb54485b277119f4e6925e9023b8dd1f351,"{""distance"":7,""physical_error_rate"":0.002}","{""detection_events"":6037469,""detectors_checked"":781332480}"
    568790,         0,         0,    27.9,standalone_exact_mw,c63d9dbf283cbe8d7d2c9891770aca900c170ab5c3de0408fa399997170cec3d,"{""distance"":7,""physical_error_rate"":0.001}","{""detection_events"":1794398,""detectors_checked"":460719900}"
    536576,         0,         0,    56.8,standalone_exact_mw,c63d9dbf283cbe8d7d2c9891770aca900c170ab5c3de0408fa399997170cec3d,"{""distance"":7,""physical_error_rate"":0.001}","{""detection_events"":1691366,""detectors_checked"":434626560}"
    532071,         0,         0,    28.1,standalone_exact_mw,c63d9dbf283cbe8d7d2c9891770aca900c170ab5c3de0408fa399997170cec3d,"{""distance"":7,""physical_error_rate"":0.001}","{""detection_events"":1678045,""detectors_checked"":430977510}"
    527360,         0,         0,    28.7,standalone_exact_mw,c63d9dbf283cbe8d7d2c9891770aca900c170ab5c3de0408fa399997170cec3d,"{""distance"":7,""physical_error_rate"":0.001}","{""detection_events"":1659382,""detectors_checked"":427161600}"
    524288,         0,         0,    28.2,standalone_exact_mw,c63d9dbf283cbe8d7d2c9891770aca900c170ab5c3de0408fa399997170cec3d,"{""distance"":7,""physical_error_rate"":0.001}","{""detection_events"":1654299,""detectors_checked"":424673280}"
   1206272,         0,         0,   120.0,standalone_exact_mw,20c8daca17953576b13a32f59e5f9cb54485b277119f4e6925e9023b8dd1f351,"{""distance"":7,""physical_error_rate"":0.002}","{""detection_events"":7554166,""detectors_checked"":977080320}"
    995328,         1,         0,   119.9,standalone_exact_mw,20c8daca17953576b13a32f59e5f9cb54485b277119f4e6925e9023b8dd1f351,"{""distance"":7,""physical_error_rate"":0.002}","{""detection_events"":6236113,""detectors_checked"":806215680,""obs_mistake_mask=E"":1}"
    977920,         0,         0,   119.9,standalone_exact_mw,20c8daca17953576b13a32f59e5f9cb54485b277119f4e6925e9023b8dd1f351,"{""distance"":7,""physical_error_rate"":0.002}","{""detection_events"":6117002,""detectors_checked"":792115200}"
   1750016,         1,         0,   119.9,standalone_exact_mw,20c8daca17953576b13a32f59e5f9cb54485b277119f4e6925e9023b8dd1f351,"{""distance"":7,""physical_error_rate"":0.002}","{""detection_events"":10964884,""detectors_checked"":1417512960,""obs_mistake_mask=E"":1}"
    830464,         0,         0,   120.0,standalone_exact_mw,20c8daca17953576b13a32f59e5f9cb54485b277119f4e6925e9023b8dd1f351,"{""distance"":7,""physical_error_rate"":0.002}","{""detection_events"":5199626,""detectors_checked"":672675840}"
    498676,         0,         0,    50.3,standalone_exact_mw,c63d9dbf283cbe8d7d2c9891770aca900c170ab5c3de0408fa399997170cec3d,"{""distance"":7,""physical_error_rate"":0.001}","{""detection_events"":1574286,""detectors_checked"":403927560}"
    490496,         0,         0,    39.2,standalone_exact_mw,c63d9dbf283cbe8d7d2c9891770aca900c170ab5c3de0408fa399997170cec3d,"{""distance"":7,""physical_error_rate"":0.001}","{""detection_events"":1543571,""detectors_checked"":397301760}"
    450560,         0,         0,    39.4,standalone_exact_mw,c63d9dbf283cbe8d7d2c9891770aca900c170ab5c3de0408fa399997170cec3d,"{""distance"":7,""physical_error_rate"":0.001}","{""detection_events"":1425883,""detectors_checked"":364953600}"
    450228,         0,         0,    36.1,standalone_exact_mw,c63d9dbf283cbe8d7d2c9891770aca900c170ab5c3de0408fa399997170cec3d,"{""distance"":7,""physical_error_rate"":0.001}","{""detection_events"":1423004,""detectors_checked"":364684680}"
    417792,         0,         0,    35.6,standalone_exact_mw,c63d9dbf283cbe8d7d2c9891770aca900c170ab5c3de0408fa399997170cec3d,"{""distance"":7,""physical_error_rate"":0.001}","{""detection_events"":1317678,""detectors_checked"":338411520}"
    450228,         0,         0,    36.1,standalone_exact_mw,c63d9dbf283cbe8d7d2c9891770aca900c170ab5c3de0408fa399997170cec3d,"{""distance"":7,""physical_error_rate"":0.001}","{""detection_events"":1416724,""detectors_checked"":364684680}"
    435200,         0,         0,    23.3,standalone_exact_mw,c63d9dbf283cbe8d7d2c9891770aca900c170ab5c3de0408fa399997170cec3d,"{""distance"":7,""physical_error_rate"":0.001}","{""detection_events"":1374264,""detectors_checked"":352512000}"
    401408,         0,         0,    35.3,standalone_exact_mw,c63d9dbf283cbe8d7d2c9891770aca900c170ab5c3de0408fa399997170cec3d,"{""distance"":7,""physical_error_rate"":0.001}","{""detection_events"":1264191,""detectors_checked"":325140480}"
    406751,         0,         0,    36.4,standalone_exact_mw,c63d9dbf283cbe8d7d2c9891770aca900c170ab5c3de0408fa399997170cec3d,"{""distance"":7,""physical_error_rate"":0.001}","{""detection_events"":1279286,""detectors_checked"":329468310}"
    363520,         0,         0,    36.3,standalone_exact_mw,c63d9dbf283cbe8d7d2c9891770aca900c170ab5c3de0408fa399997170cec3d,"{""distance"":7,""physical_error_rate"":0.001}","{""detection_events"":1145287,""detectors_checked"":294451200}"
    394240,         0,         0,    37.7,standalone_exact_mw,c63d9dbf283cbe8d7d2c9891770aca900c170ab5c3de0408fa399997170cec3d,"{""distance"":7,""physical_error_rate"":0.001}","{""detection_events"":1244339,""detectors_checked"":319334400}"
    351232,         0,         0,    32.0,standalone_exact_mw,c63d9dbf283cbe8d7d2c9891770aca900c170ab5c3de0408fa399997170cec3d,"{""distance"":7,""physical_error_rate"":0.001}","{""detection_events"":1106672,""detectors_checked"":284497920}"
    384000,         0,         0,    36.5,standalone_exact_mw,c63d9dbf283cbe8d7d2c9891770aca900c170ab5c3de0408fa399997170cec3d,"{""distance"":7,""physical_error_rate"":0.001}","{""detection_events"":1210796,""detectors_checked"":311040000}"
   1045504,         0,         0,   119.8,standalone_exact_mw,20c8daca17953576b13a32f59e5f9cb54485b277119f4e6925e9023b8dd1f351,"{""distance"":7,""physical_error_rate"":0.002}","{""detection_events"":6550417,""detectors_checked"":846858240}"
    962560,         1,         0,   119.9,standalone_exact_mw,20c8daca17953576b13a32f59e5f9cb54485b277119f4e6925e9023b8dd1f351,"{""distance"":7,""physical_error_rate"":0.002}","{""detection_events"":6021465,""detectors_checked"":779673600,""obs_mistake_mask=E"":1}"
    955392,         0,         0,   119.9,standalone_exact_mw,20c8daca17953576b13a32f59e5f9cb54485b277119f4e6925e9023b8dd1f351,"{""distance"":7,""physical_error_rate"":0.002}","{""detection_events"":5988752,""detectors_checked"":773867520}"
    340770,         0,         0,    26.7,standalone_exact_mw,c63d9dbf283cbe8d7d2c9891770aca900c170ab5c3de0408fa399997170cec3d,"{""distance"":7,""physical_error_rate"":0.001}","{""detection_events"":1075240,""detectors_checked"":276023700}"
    321536,         0,         0,    36.0,standalone_exact_mw,c63d9dbf283cbe8d7d2c9891770aca900c170ab5c3de0408fa399997170cec3d,"{""distance"":7,""physical_error_rate"":0.001}","{""detection_events"":1012706,""detectors_checked"":260444160}"
    305152,         0,         0,    28.3,standalone_exact_mw,c63d9dbf283cbe8d7d2c9891770aca900c170ab5c3de0408fa399997170cec3d,"{""distance"":7,""physical_error_rate"":0.001}","{""detection_events"":961979,""detectors_checked"":247173120}"
    335872,         0,         0,    36.1,standalone_exact_mw,c63d9dbf283cbe8d7d2c9891770aca900c170ab5c3de0408fa399997170cec3d,"{""distance"":7,""physical_error_rate"":0.001}","{""detection_events"":1060749,""detectors_checked"":272056320}"
    283465,         0,         0,    36.4,standalone_exact_mw,c63d9dbf283cbe8d7d2c9891770aca900c170ab5c3de0408fa399997170cec3d,"{""distance"":7,""physical_error_rate"":0.001}","{""detection_events"":892118,""detectors_checked"":229606650}"
    277504,         0,         0,    13.7,standalone_exact_mw,c63d9dbf283cbe8d7d2c9891770aca900c170ab5c3de0408fa399997170cec3d,"{""distance"":7,""physical_error_rate"":0.001}","{""detection_events"":875219,""detectors_checked"":224778240}"
    258048,         0,         0,    28.7,standalone_exact_mw,c63d9dbf283cbe8d7d2c9891770aca900c170ab5c3de0408fa399997170cec3d,"{""distance"":7,""physical_error_rate"":0.001}","{""detection_events"":811851,""detectors_checked"":209018880}"
    264192,         0,         0,    12.8,standalone_exact_mw,c63d9dbf283cbe8d7d2c9891770aca900c170ab5c3de0408fa399997170cec3d,"{""distance"":7,""physical_error_rate"":0.001}","{""detection_events"":832204,""detectors_checked"":213995520}"
    283465,         0,         0,    27.0,standalone_exact_mw,c63d9dbf283cbe8d7d2c9891770aca900c170ab5c3de0408fa399997170cec3d,"{""distance"":7,""physical_error_rate"":0.001}","{""detection_events"":893502,""detectors_checked"":229606650}"
    267264,         0,         0,    12.8,standalone_exact_mw,c63d9dbf283cbe8d7d2c9891770aca900c170ab5c3de0408fa399997170cec3d,"{""distance"":7,""physical_error_rate"":0.001}","{""detection_events"":842448,""detectors_checked"":216483840}"
    273408,         0,         0,    27.7,standalone_exact_mw,c63d9dbf283cbe8d7d2c9891770aca900c170ab5c3de0408fa399997170cec3d,"{""distance"":7,""physical_error_rate"":0.001}","{""detection_events"":863164,""detectors_checked"":221460480}"
    280576,         0,         0,    28.7,standalone_exact_mw,c63d9dbf283cbe8d7d2c9891770aca900c170ab5c3de0408fa399997170cec3d,"{""distance"":7,""physical_error_rate"":0.001}","{""detection_events"":885304,""detectors_checked"":227266560}"
    254976,         0,         0,    25.9,standalone_exact_mw,c63d9dbf283cbe8d7d2c9891770aca900c170ab5c3de0408fa399997170cec3d,"{""distance"":7,""physical_error_rate"":0.001}","{""detection_events"":802918,""detectors_checked"":206530560}"
    252928,         0,         0,    25.9,standalone_exact_mw,c63d9dbf283cbe8d7d2c9891770aca900c170ab5c3de0408fa399997170cec3d,"{""distance"":7,""physical_error_rate"":0.001}","{""detection_events"":795445,""detectors_checked"":204871680}"
    244527,         0,         0,    13.0,standalone_exact_mw,c63d9dbf283cbe8d7d2c9891770aca900c170ab5c3de0408fa399997170cec3d,"{""distance"":7,""physical_error_rate"":0.001}","{""detection_events"":769262,""detectors_checked"":198066870}"
    220160,         0,         0,    28.0,standalone_exact_mw,c63d9dbf283cbe8d7d2c9891770aca900c170ab5c3de0408fa399997170cec3d,"{""distance"":7,""physical_error_rate"":0.001}","{""detection_events"":694769,""detectors_checked"":178329600}"
    211968,         0,         0,    27.3,standalone_exact_mw,c63d9dbf283cbe8d7d2c9891770aca900c170ab5c3de0408fa399997170cec3d,"{""distance"":7,""physical_error_rate"":0.001}","{""detection_events"":668913,""detectors_checked"":171694080}"
    207872,         0,         0,    28.0,standalone_exact_mw,c63d9dbf283cbe8d7d2c9891770aca900c170ab5c3de0408fa399997170cec3d,"{""distance"":7,""physical_error_rate"":0.001}","{""detection_events"":654127,""detectors_checked"":168376320}"
    161499,         0,         0,    15.0,standalone_exact_mw,c63d9dbf283cbe8d7d2c9891770aca900c170ab5c3de0408fa399997170cec3d,"{""distance"":7,""physical_error_rate"":0.001}","{""detection_events"":508330,""detectors_checked"":130814190}"
    927744,         2,         0,   120.0,standalone_exact_mw,20c8daca17953576b13a32f59e5f9cb54485b277119f4e6925e9023b8dd1f351,"{""distance"":7,""physical_error_rate"":0.002}","{""detection_events"":5814741,""detectors_checked"":751472640,""obs_mistake_mask=E"":2}"
    136452,         0,         0,    8.48,standalone_exact_mw,c63d9dbf283cbe8d7d2c9891770aca900c170ab5c3de0408fa399997170cec3d,"{""distance"":7,""physical_error_rate"":0.001}","{""detection_events"":429758,""detectors_checked"":110526120}"
    430080,         0,         0,    88.1,standalone_exact_mw,20c8daca17953576b13a32f59e5f9cb54485b277119f4e6925e9023b8dd1f351,"{""distance"":7,""physical_error_rate"":0.002}","{""detection_events"":2697173,""detectors_checked"":348364800}"
    132188,         0,         0,    10.1,standalone_exact_mw,c63d9dbf283cbe8d7d2c9891770aca900c170ab5c3de0408fa399997170cec3d,"{""distance"":7,""physical_error_rate"":0.001}","{""detection_events"":417693,""detectors_checked"":107072280}"
    130048,         0,         0,    10.7,standalone_exact_mw,c63d9dbf283cbe8d7d2c9891770aca900c170ab5c3de0408fa399997170cec3d,"{""distance"":7,""physical_error_rate"":0.001}","{""detection_events"":409221,""detectors_checked"":105338880}"
    128057,         0,         0,    10.5,standalone_exact_mw,c63d9dbf283cbe8d7d2c9891770aca900c170ab5c3de0408fa399997170cec3d,"{""distance"":7,""physical_error_rate"":0.001}","{""detection_events"":405780,""detectors_checked"":103726170}"
    119991,         0,         0,    10.8,standalone_exact_mw,c63d9dbf283cbe8d7d2c9891770aca900c170ab5c3de0408fa399997170cec3d,"{""distance"":7,""physical_error_rate"":0.001}","{""detection_events"":378922,""detectors_checked"":97192710}"
    119991,         0,         0,    11.3,standalone_exact_mw,c63d9dbf283cbe8d7d2c9891770aca900c170ab5c3de0408fa399997170cec3d,"{""distance"":7,""physical_error_rate"":0.001}","{""detection_events"":377238,""detectors_checked"":97192710}"
    116242,         0,         0,    10.8,standalone_exact_mw,c63d9dbf283cbe8d7d2c9891770aca900c170ab5c3de0408fa399997170cec3d,"{""distance"":7,""physical_error_rate"":0.001}","{""detection_events"":365647,""detectors_checked"":94156020}"
    113664,         0,         0,    5.47,standalone_exact_mw,c63d9dbf283cbe8d7d2c9891770aca900c170ab5c3de0408fa399997170cec3d,"{""distance"":7,""physical_error_rate"":0.001}","{""detection_events"":359114,""detectors_checked"":92067840}"
    108859,         0,         0,    5.84,standalone_exact_mw,c63d9dbf283cbe8d7d2c9891770aca900c170ab5c3de0408fa399997170cec3d,"{""distance"":7,""physical_error_rate"":0.001}","{""detection_events"":343188,""detectors_checked"":88175790}"
    106496,         0,         0,    10.1,standalone_exact_mw,c63d9dbf283cbe8d7d2c9891770aca900c170ab5c3de0408fa399997170cec3d,"{""distance"":7,""physical_error_rate"":0.001}","{""detection_events"":333857,""detectors_checked"":86261760}"
    108859,         0,         0,    5.66,standalone_exact_mw,c63d9dbf283cbe8d7d2c9891770aca900c170ab5c3de0408fa399997170cec3d,"{""distance"":7,""physical_error_rate"":0.001}","{""detection_events"":343247,""detectors_checked"":88175790}"
    108859,         0,         0,    10.3,standalone_exact_mw,c63d9dbf283cbe8d7d2c9891770aca900c170ab5c3de0408fa399997170cec3d,"{""distance"":7,""physical_error_rate"":0.001}","{""detection_events"":345101,""detectors_checked"":88175790}"
    102400,         0,         0,    11.8,standalone_exact_mw,c63d9dbf283cbe8d7d2c9891770aca900c170ab5c3de0408fa399997170cec3d,"{""distance"":7,""physical_error_rate"":0.001}","{""detection_events"":320759,""detectors_checked"":82944000}"
    101906,         0,         0,    10.3,standalone_exact_mw,c63d9dbf283cbe8d7d2c9891770aca900c170ab5c3de0408fa399997170cec3d,"{""distance"":7,""physical_error_rate"":0.001}","{""detection_events"":322686,""detectors_checked"":82543860}"
    108544,         0,         0,    10.3,standalone_exact_mw,c63d9dbf283cbe8d7d2c9891770aca900c170ab5c3de0408fa399997170cec3d,"{""distance"":7,""physical_error_rate"":0.001}","{""detection_events"":344250,""detectors_checked"":87920640}"
    100352,         0,         0,    10.3,standalone_exact_mw,c63d9dbf283cbe8d7d2c9891770aca900c170ab5c3de0408fa399997170cec3d,"{""distance"":7,""physical_error_rate"":0.001}","{""detection_events"":316993,""detectors_checked"":81285120}"
     85389,         0,         0,    6.64,standalone_exact_mw,c63d9dbf283cbe8d7d2c9891770aca900c170ab5c3de0408fa399997170cec3d,"{""distance"":7,""physical_error_rate"":0.001}","{""detection_events"":268634,""detectors_checked"":69165090}"
     80896,         0,         0,    6.26,standalone_exact_mw,c63d9dbf283cbe8d7d2c9891770aca900c170ab5c3de0408fa399997170cec3d,"{""distance"":7,""physical_error_rate"":0.001}","{""detection_events"":255105,""detectors_checked"":65525760}"
    932864,         0,         0,   119.8,standalone_exact_mw,20c8daca17953576b13a32f59e5f9cb54485b277119f4e6925e9023b8dd1f351,"{""distance"":7,""physical_error_rate"":0.002}","{""detection_events"":5849973,""detectors_checked"":755619840}"
     76193,         0,         0,    7.10,standalone_exact_mw,c63d9dbf283cbe8d7d2c9891770aca900c170ab5c3de0408fa399997170cec3d,"{""distance"":7,""physical_error_rate"":0.001}","{""detection_events"":241022,""detectors_checked"":61716330}"
     72704,         0,         0,    7.10,standalone_exact_mw,c63d9dbf283cbe8d7d2c9891770aca900c170ab5c3de0408fa399997170cec3d,"{""distance"":7,""physical_error_rate"":0.001}","{""detection_events"":229612,""detectors_checked"":58890240}"
     71680,         0,         0,    6.79,standalone_exact_mw,c63d9dbf283cbe8d7d2c9891770aca900c170ab5c3de0408fa399997170cec3d,"{""distance"":7,""physical_error_rate"":0.001}","{""detection_events"":226396,""detectors_checked"":58060800}"
     74752,         0,         0,    7.14,standalone_exact_mw,c63d9dbf283cbe8d7d2c9891770aca900c170ab5c3de0408fa399997170cec3d,"{""distance"":7,""physical_error_rate"":0.001}","{""detection_events"":236035,""detectors_checked"":60549120}"
     74752,         0,         0,    6.81,standalone_exact_mw,c63d9dbf283cbe8d7d2c9891770aca900c170ab5c3de0408fa399997170cec3d,"{""distance"":7,""physical_error_rate"":0.001}","{""detection_events"":236281,""detectors_checked"":60549120}"
     71284,         0,         0,    6.82,standalone_exact_mw,c63d9dbf283cbe8d7d2c9891770aca900c170ab5c3de0408fa399997170cec3d,"{""distance"":7,""physical_error_rate"":0.001}","{""detection_events"":225453,""detectors_checked"":57740040}"
     71284,         0,         0,    6.61,standalone_exact_mw,c63d9dbf283cbe8d7d2c9891770aca900c170ab5c3de0408fa399997170cec3d,"{""distance"":7,""physical_error_rate"":0.001}","{""detection_events"":225182,""detectors_checked"":57740040}"
     67584,         0,         0,    6.93,standalone_exact_mw,c63d9dbf283cbe8d7d2c9891770aca900c170ab5c3de0408fa399997170cec3d,"{""distance"":7,""physical_error_rate"":0.001}","{""detection_events"":211938,""detectors_checked"":54743040}"
     71284,         0,         0,    6.64,standalone_exact_mw,c63d9dbf283cbe8d7d2c9891770aca900c170ab5c3de0408fa399997170cec3d,"{""distance"":7,""physical_error_rate"":0.001}","{""detection_events"":222636,""detectors_checked"":57740040}"
     68608,         0,         0,    6.96,standalone_exact_mw,c63d9dbf283cbe8d7d2c9891770aca900c170ab5c3de0408fa399997170cec3d,"{""distance"":7,""physical_error_rate"":0.001}","{""detection_events"":215948,""detectors_checked"":55572480}"
     70656,         0,         0,    6.93,standalone_exact_mw,c63d9dbf283cbe8d7d2c9891770aca900c170ab5c3de0408fa399997170cec3d,"{""distance"":7,""physical_error_rate"":0.001}","{""detection_events"":222387,""detectors_checked"":57231360}"
     68608,         0,         0,    6.66,standalone_exact_mw,c63d9dbf283cbe8d7d2c9891770aca900c170ab5c3de0408fa399997170cec3d,"{""distance"":7,""physical_error_rate"":0.001}","{""detection_events"":216377,""detectors_checked"":55572480}"
     56320,         0,         0,    3.90,standalone_exact_mw,c63d9dbf283cbe8d7d2c9891770aca900c170ab5c3de0408fa399997170cec3d,"{""distance"":7,""physical_error_rate"":0.001}","{""detection_events"":177194,""detectors_checked"":45619200}"
     63488,         0,         0,    6.94,standalone_exact_mw,c63d9dbf283cbe8d7d2c9891770aca900c170ab5c3de0408fa399997170cec3d,"{""distance"":7,""physical_error_rate"":0.001}","{""detection_events"":199164,""detectors_checked"":51425280}"
     59872,         0,         0,    5.57,standalone_exact_mw,c63d9dbf283cbe8d7d2c9891770aca900c170ab5c3de0408fa399997170cec3d,"{""distance"":7,""physical_error_rate"":0.001}","{""detection_events"":188155,""detectors_checked"":48496320}"
       628,         0,         0,   0.056,standalone_exact_mw,c63d9dbf283cbe8d7d2c9891770aca900c170ab5c3de0408fa399997170cec3d,"{""distance"":7,""physical_error_rate"":0.001}","{""detection_events"":2003,""detectors_checked"":508680}"
     41194,         0,         0,    1.99,standalone_exact_mw,c63d9dbf283cbe8d7d2c9891770aca900c170ab5c3de0408fa399997170cec3d,"{""distance"":7,""physical_error_rate"":0.001}","{""detection_events"":128958,""detectors_checked"":33367140}"
    966656,         0,         0,   119.9,standalone_exact_mw,20c8daca17953576b13a32f59e5f9cb54485b277119f4e6925e9023b8dd1f351,"{""distance"":7,""physical_error_rate"":0.002}","{""detection_events"":6054592,""detectors_checked"":782991360}"
     39887,         0,         0,    2.11,standalone_exact_mw,c63d9dbf283cbe8d7d2c9891770aca900c170ab5c3de0408fa399997170cec3d,"{""distance"":7,""physical_error_rate"":0.001}","{""detection_events"":125088,""detectors_checked"":32308470}"
     38641,         0,         0,    2.33,standalone_exact_mw,c63d9dbf283cbe8d7d2c9891770aca900c170ab5c3de0408fa399997170cec3d,"{""distance"":7,""physical_error_rate"":0.001}","{""detection_events"":121939,""detectors_checked"":31299210}"
     37433,         0,         0,    3.54,standalone_exact_mw,c63d9dbf283cbe8d7d2c9891770aca900c170ab5c3de0408fa399997170cec3d,"{""distance"":7,""physical_error_rate"":0.001}","{""detection_events"":117761,""detectors_checked"":30320730}"
     37433,         0,         0,    3.70,standalone_exact_mw,c63d9dbf283cbe8d7d2c9891770aca900c170ab5c3de0408fa399997170cec3d,"{""distance"":7,""physical_error_rate"":0.001}","{""detection_events"":119017,""detectors_checked"":30320730}"
     36263,         0,         0,    2.14,standalone_exact_mw,c63d9dbf283cbe8d7d2c9891770aca900c170ab5c3de0408fa399997170cec3d,"{""distance"":7,""physical_error_rate"":0.001}","{""detection_events"":113971,""detectors_checked"":29373030}"
     36263,         0,         0,    3.40,standalone_exact_mw,c63d9dbf283cbe8d7d2c9891770aca900c170ab5c3de0408fa399997170cec3d,"{""distance"":7,""physical_error_rate"":0.001}","{""detection_events"":113981,""detectors_checked"":29373030}"
     35840,         0,         0,    3.17,standalone_exact_mw,c63d9dbf283cbe8d7d2c9891770aca900c170ab5c3de0408fa399997170cec3d,"{""distance"":7,""physical_error_rate"":0.001}","{""detection_events"":112472,""detectors_checked"":29030400}"
     35840,         0,         0,    3.11,standalone_exact_mw,c63d9dbf283cbe8d7d2c9891770aca900c170ab5c3de0408fa399997170cec3d,"{""distance"":7,""physical_error_rate"":0.001}","{""detection_events"":112800,""detectors_checked"":29030400}"
     34816,         0,         0,    2.34,standalone_exact_mw,c63d9dbf283cbe8d7d2c9891770aca900c170ab5c3de0408fa399997170cec3d,"{""distance"":7,""physical_error_rate"":0.001}","{""detection_events"":110127,""detectors_checked"":28200960}"
       277,         0,         0,   0.028,standalone_exact_mw,c63d9dbf283cbe8d7d2c9891770aca900c170ab5c3de0408fa399997170cec3d,"{""distance"":7,""physical_error_rate"":0.001}","{""detection_events"":888,""detectors_checked"":224370}"
     29696,         0,         0,    2.78,standalone_exact_mw,c63d9dbf283cbe8d7d2c9891770aca900c170ab5c3de0408fa399997170cec3d,"{""distance"":7,""physical_error_rate"":0.001}","{""detection_events"":93852,""detectors_checked"":24053760}"
     35093,         0,         0,    3.27,standalone_exact_mw,c63d9dbf283cbe8d7d2c9891770aca900c170ab5c3de0408fa399997170cec3d,"{""distance"":7,""physical_error_rate"":0.001}","{""detection_events"":110508,""detectors_checked"":28425330}"
     32768,         0,         0,    2.72,standalone_exact_mw,c63d9dbf283cbe8d7d2c9891770aca900c170ab5c3de0408fa399997170cec3d,"{""distance"":7,""physical_error_rate"":0.001}","{""detection_events"":103701,""detectors_checked"":26542080}"
     31744,         0,         0,    1.73,standalone_exact_mw,c63d9dbf283cbe8d7d2c9891770aca900c170ab5c3de0408fa399997170cec3d,"{""distance"":7,""physical_error_rate"":0.001}","{""detection_events"":99834,""detectors_checked"":25712640}"
     29696,         0,         0,    2.80,standalone_exact_mw,c63d9dbf283cbe8d7d2c9891770aca900c170ab5c3de0408fa399997170cec3d,"{""distance"":7,""physical_error_rate"":0.001}","{""detection_events"":93932,""detectors_checked"":24053760}"
     29696,         0,         0,    2.79,standalone_exact_mw,c63d9dbf283cbe8d7d2c9891770aca900c170ab5c3de0408fa399997170cec3d,"{""distance"":7,""physical_error_rate"":0.001}","{""detection_events"":93439,""detectors_checked"":24053760}"
     29696,         0,         0,    2.77,standalone_exact_mw,c63d9dbf283cbe8d7d2c9891770aca900c170ab5c3de0408fa399997170cec3d,"{""distance"":7,""physical_error_rate"":0.001}","{""detection_events"":93357,""detectors_checked"":24053760}"
     27466,         0,         0,    1.60,standalone_exact_mw,c63d9dbf283cbe8d7d2c9891770aca900c170ab5c3de0408fa399997170cec3d,"{""distance"":7,""physical_error_rate"":0.001}","{""detection_events"":87300,""detectors_checked"":22247460}"
     23552,         0,         0,    2.12,standalone_exact_mw,c63d9dbf283cbe8d7d2c9891770aca900c170ab5c3de0408fa399997170cec3d,"{""distance"":7,""physical_error_rate"":0.001}","{""detection_events"":73161,""detectors_checked"":19077120}"
     24576,         0,         0,    2.28,standalone_exact_mw,c63d9dbf283cbe8d7d2c9891770aca900c170ab5c3de0408fa399997170cec3d,"{""distance"":7,""physical_error_rate"":0.001}","{""detection_events"":77788,""detectors_checked"":19906560}"
     22528,         0,         0,    2.29,standalone_exact_mw,c63d9dbf283cbe8d7d2c9891770aca900c170ab5c3de0408fa399997170cec3d,"{""distance"":7,""physical_error_rate"":0.001}","{""detection_events"":70116,""detectors_checked"":18247680}"
     23552,         0,         0,    1.12,standalone_exact_mw,c63d9dbf283cbe8d7d2c9891770aca900c170ab5c3de0408fa399997170cec3d,"{""distance"":7,""physical_error_rate"":0.001}","{""detection_events"":74505,""detectors_checked"":19077120}"
     23552,         0,         0,    2.20,standalone_exact_mw,c63d9dbf283cbe8d7d2c9891770aca900c170ab5c3de0408fa399997170cec3d,"{""distance"":7,""physical_error_rate"":0.001}","{""detection_events"":73874,""detectors_checked"":19077120}"
     23552,         0,         0,    2.24,standalone_exact_mw,c63d9dbf283cbe8d7d2c9891770aca900c170ab5c3de0408fa399997170cec3d,"{""distance"":7,""physical_error_rate"":0.001}","{""detection_events"":74409,""detectors_checked"":19077120}"
     21807,         0,         0,    2.14,standalone_exact_mw,c63d9dbf283cbe8d7d2c9891770aca900c170ab5c3de0408fa399997170cec3d,"{""distance"":7,""physical_error_rate"":0.001}","{""detection_events"":69153,""detectors_checked"":17663670}"
     19456,         0,         0,   0.947,standalone_exact_mw,c63d9dbf283cbe8d7d2c9891770aca900c170ab5c3de0408fa399997170cec3d,"{""distance"":7,""physical_error_rate"":0.001}","{""detection_events"":61162,""detectors_checked"":15759360}"
     22528,         0,         0,    2.17,standalone_exact_mw,c63d9dbf283cbe8d7d2c9891770aca900c170ab5c3de0408fa399997170cec3d,"{""distance"":7,""physical_error_rate"":0.001}","{""detection_events"":70499,""detectors_checked"":18247680}"
     25600,         0,         0,    2.35,standalone_exact_mw,c63d9dbf283cbe8d7d2c9891770aca900c170ab5c3de0408fa399997170cec3d,"{""distance"":7,""physical_error_rate"":0.001}","{""detection_events"":80023,""detectors_checked"":20736000}"
     22528,         0,         0,    2.13,standalone_exact_mw,c63d9dbf283cbe8d7d2c9891770aca900c170ab5c3de0408fa399997170cec3d,"{""distance"":7,""physical_error_rate"":0.001}","{""detection_events"":70725,""detectors_checked"":18247680}"
     23552,         0,         0,    2.19,standalone_exact_mw,c63d9dbf283cbe8d7d2c9891770aca900c170ab5c3de0408fa399997170cec3d,"{""distance"":7,""physical_error_rate"":0.001}","{""detection_events"":74222,""detectors_checked"":19077120}"
     23552,         0,         0,    2.18,standalone_exact_mw,c63d9dbf283cbe8d7d2c9891770aca900c170ab5c3de0408fa399997170cec3d,"{""distance"":7,""physical_error_rate"":0.001}","{""detection_events"":74071,""detectors_checked"":19077120}"
     24576,         0,         0,    2.33,standalone_exact_mw,c63d9dbf283cbe8d7d2c9891770aca900c170ab5c3de0408fa399997170cec3d,"{""distance"":7,""physical_error_rate"":0.001}","{""detection_events"":78104,""detectors_checked"":19906560}"
     21807,         0,         0,    3.37,standalone_exact_mw,c63d9dbf283cbe8d7d2c9891770aca900c170ab5c3de0408fa399997170cec3d,"{""distance"":7,""physical_error_rate"":0.001}","{""detection_events"":69168,""detectors_checked"":17663670}"
     12047,         0,         0,   0.570,standalone_exact_mw,c63d9dbf283cbe8d7d2c9891770aca900c170ab5c3de0408fa399997170cec3d,"{""distance"":7,""physical_error_rate"":0.001}","{""detection_events"":38653,""detectors_checked"":9758070}"
     10972,         0,         0,   0.828,standalone_exact_mw,c63d9dbf283cbe8d7d2c9891770aca900c170ab5c3de0408fa399997170cec3d,"{""distance"":7,""physical_error_rate"":0.001}","{""detection_events"":34674,""detectors_checked"":8887320}"
     21504,         0,         0,    2.33,standalone_exact_mw,c63d9dbf283cbe8d7d2c9891770aca900c170ab5c3de0408fa399997170cec3d,"{""distance"":7,""physical_error_rate"":0.001}","{""detection_events"":67658,""detectors_checked"":17418240}"
      5938,         0,         0,   0.281,standalone_exact_mw,c63d9dbf283cbe8d7d2c9891770aca900c170ab5c3de0408fa399997170cec3d,"{""distance"":7,""physical_error_rate"":0.001}","{""detection_events"":18587,""detectors_checked"":4809780}"
     16384,         0,         0,    2.37,standalone_exact_mw,c63d9dbf283cbe8d7d2c9891770aca900c170ab5c3de0408fa399997170cec3d,"{""distance"":7,""physical_error_rate"":0.001}","{""detection_events"":52171,""detectors_checked"":13271040}"
     10253,         0,         0,   0.971,standalone_exact_mw,c63d9dbf283cbe8d7d2c9891770aca900c170ab5c3de0408fa399997170cec3d,"{""distance"":7,""physical_error_rate"":0.001}","{""detection_events"":32295,""detectors_checked"":8304930}"
      9216,         0,         0,   0.849,standalone_exact_mw,c63d9dbf283cbe8d7d2c9891770aca900c170ab5c3de0408fa399997170cec3d,"{""distance"":7,""physical_error_rate"":0.001}","{""detection_events"":29035,""detectors_checked"":7464960}"
      9216,         0,         0,   0.823,standalone_exact_mw,c63d9dbf283cbe8d7d2c9891770aca900c170ab5c3de0408fa399997170cec3d,"{""distance"":7,""physical_error_rate"":0.001}","{""detection_events"":29027,""detectors_checked"":7464960}"
     10240,         0,         0,   0.942,standalone_exact_mw,c63d9dbf283cbe8d7d2c9891770aca900c170ab5c3de0408fa399997170cec3d,"{""distance"":7,""physical_error_rate"":0.001}","{""detection_events"":32836,""detectors_checked"":8294400}"
     10240,         0,         0,   0.926,standalone_exact_mw,c63d9dbf283cbe8d7d2c9891770aca900c170ab5c3de0408fa399997170cec3d,"{""distance"":7,""physical_error_rate"":0.001}","{""detection_events"":32211,""detectors_checked"":8294400}"
       543,         0,         0,   0.053,standalone_exact_mw,c63d9dbf283cbe8d7d2c9891770aca900c170ab5c3de0408fa399997170cec3d,"{""distance"":7,""physical_error_rate"":0.001}","{""detection_events"":1682,""detectors_checked"":439830}"
       719,         0,         0,   0.061,standalone_exact_mw,c63d9dbf283cbe8d7d2c9891770aca900c170ab5c3de0408fa399997170cec3d,"{""distance"":7,""physical_error_rate"":0.001}","{""detection_events"":2330,""detectors_checked"":582390}"
      8563,         0,         0,   0.778,standalone_exact_mw,c63d9dbf283cbe8d7d2c9891770aca900c170ab5c3de0408fa399997170cec3d,"{""distance"":7,""physical_error_rate"":0.001}","{""detection_events"":26582,""detectors_checked"":6936030}"
      8563,         0,         0,   0.761,standalone_exact_mw,c63d9dbf283cbe8d7d2c9891770aca900c170ab5c3de0408fa399997170cec3d,"{""distance"":7,""physical_error_rate"":0.001}","{""detection_events"":26897,""detectors_checked"":6936030}"
       139,         0,         0,   0.008,standalone_exact_mw,c63d9dbf283cbe8d7d2c9891770aca900c170ab5c3de0408fa399997170cec3d,"{""distance"":7,""physical_error_rate"":0.001}","{""detection_events"":447,""detectors_checked"":112590}"
       356,         0,         0,   0.031,standalone_exact_mw,c63d9dbf283cbe8d7d2c9891770aca900c170ab5c3de0408fa399997170cec3d,"{""distance"":7,""physical_error_rate"":0.001}","{""detection_events"":1081,""detectors_checked"":288360}"
      8563,         0,         0,   0.774,standalone_exact_mw,c63d9dbf283cbe8d7d2c9891770aca900c170ab5c3de0408fa399997170cec3d,"{""distance"":7,""physical_error_rate"":0.001}","{""detection_events"":26788,""detectors_checked"":6936030}"
      9216,         0,         0,   0.832,standalone_exact_mw,c63d9dbf283cbe8d7d2c9891770aca900c170ab5c3de0408fa399997170cec3d,"{""distance"":7,""physical_error_rate"":0.001}","{""detection_events"":29030,""detectors_checked"":7464960}"
      8192,         0,         0,   0.765,standalone_exact_mw,c63d9dbf283cbe8d7d2c9891770aca900c170ab5c3de0408fa399997170cec3d,"{""distance"":7,""physical_error_rate"":0.001}","{""detection_events"":25805,""detectors_checked"":6635520}"
       536,         0,         0,   0.039,standalone_exact_mw,c63d9dbf283cbe8d7d2c9891770aca900c170ab5c3de0408fa399997170cec3d,"{""distance"":7,""physical_error_rate"":0.001}","{""detection_events"":1652,""detectors_checked"":434160}"
      7040,         0,         0,   0.391,standalone_exact_mw,c63d9dbf283cbe8d7d2c9891770aca900c170ab5c3de0408fa399997170cec3d,"{""distance"":7,""physical_error_rate"":0.001}","{""detection_events"":22115,""detectors_checked"":5702400}"
       357,         0,         0,   0.031,standalone_exact_mw,c63d9dbf283cbe8d7d2c9891770aca900c170ab5c3de0408fa399997170cec3d,"{""distance"":7,""physical_error_rate"":0.001}","{""detection_events"":1153,""detectors_checked"":289170}"
      8192,         0,         0,   0.822,standalone_exact_mw,c63d9dbf283cbe8d7d2c9891770aca900c170ab5c3de0408fa399997170cec3d,"{""distance"":7,""physical_error_rate"":0.001}","{""detection_events"":26370,""detectors_checked"":6635520}"
      7168,         0,         0,   0.734,standalone_exact_mw,c63d9dbf283cbe8d7d2c9891770aca900c170ab5c3de0408fa399997170cec3d,"{""distance"":7,""physical_error_rate"":0.001}","{""detection_events"":22929,""detectors_checked"":5806080}"
       776,         0,         0,   0.063,standalone_exact_mw,c63d9dbf283cbe8d7d2c9891770aca900c170ab5c3de0408fa399997170cec3d,"{""distance"":7,""physical_error_rate"":0.001}","{""detection_events"":2438,""detectors_checked"":628560}"
      7040,         0,         0,   0.462,standalone_exact_mw,c63d9dbf283cbe8d7d2c9891770aca900c170ab5c3de0408fa399997170cec3d,"{""distance"":7,""physical_error_rate"":0.001}","{""detection_events"":22046,""detectors_checked"":5702400}"
      5709,         0,         0,   0.265,standalone_exact_mw,c63d9dbf283cbe8d7d2c9891770aca900c170ab5c3de0408fa399997170cec3d,"{""distance"":7,""physical_error_rate"":0.001}","{""detection_events"":18326,""detectors_checked"":4624290}"
      5120,         0,         0,   0.303,standalone_exact_mw,c63d9dbf283cbe8d7d2c9891770aca900c170ab5c3de0408fa399997170cec3d,"{""distance"":7,""physical_error_rate"":0.001}","{""detection_events"":16306,""detectors_checked"":4147200}"
       284,         0,         0,   0.015,standalone_exact_mw,c63d9dbf283cbe8d7d2c9891770aca900c170ab5c3de0408fa399997170cec3d,"{""distance"":7,""physical_error_rate"":0.001}","{""detection_events"":918,""detectors_checked"":230040}"
      5709,         0,         0,   0.499,standalone_exact_mw,c63d9dbf283cbe8d7d2c9891770aca900c170ab5c3de0408fa399997170cec3d,"{""distance"":7,""physical_error_rate"":0.001}","{""detection_events"":17738,""detectors_checked"":4624290}"
      1894,         0,         0,   0.089,standalone_exact_mw,c63d9dbf283cbe8d7d2c9891770aca900c170ab5c3de0408fa399997170cec3d,"{""distance"":7,""physical_error_rate"":0.001}","{""detection_events"":5953,""detectors_checked"":1534140}"
      6144,         0,         0,   0.530,standalone_exact_mw,c63d9dbf283cbe8d7d2c9891770aca900c170ab5c3de0408fa399997170cec3d,"{""distance"":7,""physical_error_rate"":0.001}","{""detection_events"":19358,""detectors_checked"":4976640}"
      5709,         0,         0,   0.513,standalone_exact_mw,c63d9dbf283cbe8d7d2c9891770aca900c170ab5c3de0408fa399997170cec3d,"{""distance"":7,""physical_error_rate"":0.001}","{""detection_events"":18006,""detectors_checked"":4624290}"
      5709,         0,         0,   0.513,standalone_exact_mw,c63d9dbf283cbe8d7d2c9891770aca900c170ab5c3de0408fa399997170cec3d,"{""distance"":7,""physical_error_rate"":0.001}","{""detection_events"":18006,""detectors_checked"":4624290}"
      5709,         0,         0,   0.529,standalone_exact_mw,c63d9dbf283cbe8d7d2c9891770aca900c170ab5c3de0408fa399997170cec3d,"{""distance"":7,""physical_error_rate"":0.001}","{""detection_events"":17941,""detectors_checked"":4624290}"
      6144,         0,         0,   0.559,standalone_exact_mw,c63d9dbf283cbe8d7d2c9891770aca900c170ab5c3de0408fa399997170cec3d,"{""distance"":7,""physical_error_rate"":0.001}","{""detection_events"":19317,""detectors_checked"":4976640}"
      5709,         0,         0,   0.512,standalone_exact_mw,c63d9dbf283cbe8d7d2c9891770aca900c170ab5c3de0408fa399997170cec3d,"{""distance"":7,""physical_error_rate"":0.001}","{""detection_events"":17741,""detectors_checked"":4624290}"
      1950,         0,         0,   0.186,standalone_exact_mw,c63d9dbf283cbe8d7d2c9891770aca900c170ab5c3de0408fa399997170cec3d,"{""distance"":7,""physical_error_rate"":0.001}","{""detection_events"":6249,""detectors_checked"":1579500}"
      5120,         0,         0,   0.551,standalone_exact_mw,c63d9dbf283cbe8d7d2c9891770aca900c170ab5c3de0408fa399997170cec3d,"{""distance"":7,""physical_error_rate"":0.001}","{""detection_events"":16056,""detectors_checked"":4147200}"
      5709,         0,         0,   0.516,standalone_exact_mw,c63d9dbf283cbe8d7d2c9891770aca900c170ab5c3de0408fa399997170cec3d,"{""distance"":7,""physical_error_rate"":0.001}","{""detection_events"":18213,""detectors_checked"":4624290}"
      5120,         0,         0,   0.459,standalone_exact_mw,c63d9dbf283cbe8d7d2c9891770aca900c170ab5c3de0408fa399997170cec3d,"{""distance"":7,""physical_error_rate"":0.001}","{""detection_events"":16119,""detectors_checked"":4147200}"
        54,         0,         0,   0.004,standalone_exact_mw,c63d9dbf283cbe8d7d2c9891770aca900c170ab5c3de0408fa399997170cec3d,"{""distance"":7,""physical_error_rate"":0.001}","{""detection_events"":173,""detectors_checked"":43740}"
       177,         0,         0,   0.010,standalone_exact_mw,c63d9dbf283cbe8d7d2c9891770aca900c170ab5c3de0408fa399997170cec3d,"{""distance"":7,""physical_error_rate"":0.001}","{""detection_events"":594,""detectors_checked"":143370}"
      4448,         0,         0,   0.245,standalone_exact_mw,c63d9dbf283cbe8d7d2c9891770aca900c170ab5c3de0408fa399997170cec3d,"{""distance"":7,""physical_error_rate"":0.001}","{""detection_events"":13893,""detectors_checked"":3602880}"
      6144,         0,         0,   0.577,standalone_exact_mw,c63d9dbf283cbe8d7d2c9891770aca900c170ab5c3de0408fa399997170cec3d,"{""distance"":7,""physical_error_rate"":0.001}","{""detection_events"":19385,""detectors_checked"":4976640}"
      5709,         0,         0,   0.516,standalone_exact_mw,c63d9dbf283cbe8d7d2c9891770aca900c170ab5c3de0408fa399997170cec3d,"{""distance"":7,""physical_error_rate"":0.001}","{""detection_events"":17845,""detectors_checked"":4624290}"
      2560,         0,         0,   0.189,standalone_exact_mw,c63d9dbf283cbe8d7d2c9891770aca900c170ab5c3de0408fa399997170cec3d,"{""distance"":7,""physical_error_rate"":0.001}","{""detection_events"":8009,""detectors_checked"":2073600}"
       345,         0,         0,   0.029,standalone_exact_mw,c63d9dbf283cbe8d7d2c9891770aca900c170ab5c3de0408fa399997170cec3d,"{""distance"":7,""physical_error_rate"":0.001}","{""detection_events"":1075,""detectors_checked"":279450}"
      1331,         0,         0,   0.066,standalone_exact_mw,c63d9dbf283cbe8d7d2c9891770aca900c170ab5c3de0408fa399997170cec3d,"{""distance"":7,""physical_error_rate"":0.001}","{""detection_events"":4192,""detectors_checked"":1078110}"
       128,         0,         0,   0.007,standalone_exact_mw,c63d9dbf283cbe8d7d2c9891770aca900c170ab5c3de0408fa399997170cec3d,"{""distance"":7,""physical_error_rate"":0.001}","{""detection_events"":381,""detectors_checked"":103680}"
       896,         0,         0,   0.074,standalone_exact_mw,c63d9dbf283cbe8d7d2c9891770aca900c170ab5c3de0408fa399997170cec3d,"{""distance"":7,""physical_error_rate"":0.001}","{""detection_events"":2780,""detectors_checked"":725760}"
      2433,         0,         0,   0.116,standalone_exact_mw,c63d9dbf283cbe8d7d2c9891770aca900c170ab5c3de0408fa399997170cec3d,"{""distance"":7,""physical_error_rate"":0.001}","{""detection_events"":7552,""detectors_checked"":1970730}"
        92,         0,         0,   0.005,standalone_exact_mw,c63d9dbf283cbe8d7d2c9891770aca900c170ab5c3de0408fa399997170cec3d,"{""distance"":7,""physical_error_rate"":0.001}","{""detection_events"":251,""detectors_checked"":74520}"
       178,         0,         0,   0.010,standalone_exact_mw,c63d9dbf283cbe8d7d2c9891770aca900c170ab5c3de0408fa399997170cec3d,"{""distance"":7,""physical_error_rate"":0.001}","{""detection_events"":579,""detectors_checked"":144180}"
       151,         0,         0,   0.008,standalone_exact_mw,c63d9dbf283cbe8d7d2c9891770aca900c170ab5c3de0408fa399997170cec3d,"{""distance"":7,""physical_error_rate"":0.001}","{""detection_events"":460,""detectors_checked"":122310}"
       147,         0,         0,   0.008,standalone_exact_mw,c63d9dbf283cbe8d7d2c9891770aca900c170ab5c3de0408fa399997170cec3d,"{""distance"":7,""physical_error_rate"":0.001}","{""detection_events"":453,""detectors_checked"":119070}"
       938,         0,         0,   0.059,standalone_exact_mw,c63d9dbf283cbe8d7d2c9891770aca900c170ab5c3de0408fa399997170cec3d,"{""distance"":7,""physical_error_rate"":0.001}","{""detection_events"":3011,""detectors_checked"":759780}"
      2082,         0,         0,   0.165,standalone_exact_mw,c63d9dbf283cbe8d7d2c9891770aca900c170ab5c3de0408fa399997170cec3d,"{""distance"":7,""physical_error_rate"":0.001}","{""detection_events"":6691,""detectors_checked"":1686420}"
       347,         0,         0,   0.018,standalone_exact_mw,c63d9dbf283cbe8d7d2c9891770aca900c170ab5c3de0408fa399997170cec3d,"{""distance"":7,""physical_error_rate"":0.001}","{""detection_events"":1100,""detectors_checked"":281070}"
       111,         0,         0,   0.007,standalone_exact_mw,c63d9dbf283cbe8d7d2c9891770aca900c170ab5c3de0408fa399997170cec3d,"{""distance"":7,""physical_error_rate"":0.001}","{""detection_events"":321,""detectors_checked"":89910}"
       345,         0,         0,   0.029,standalone_exact_mw,c63d9dbf283cbe8d7d2c9891770aca900c170ab5c3de0408fa399997170cec3d,"{""distance"":7,""physical_error_rate"":0.001}","{""detection_events"":1001,""detectors_checked"":279450}"
       347,         0,         0,   0.030,standalone_exact_mw,c63d9dbf283cbe8d7d2c9891770aca900c170ab5c3de0408fa399997170cec3d,"{""distance"":7,""physical_error_rate"":0.001}","{""detection_events"":1123,""detectors_checked"":281070}"
      3840,         0,         0,   0.179,standalone_exact_mw,c63d9dbf283cbe8d7d2c9891770aca900c170ab5c3de0408fa399997170cec3d,"{""distance"":7,""physical_error_rate"":0.001}","{""detection_events"":11983,""detectors_checked"":3110400}"
      3072,         0,         0,   0.141,standalone_exact_mw,c63d9dbf283cbe8d7d2c9891770aca900c170ab5c3de0408fa399997170cec3d,"{""distance"":7,""physical_error_rate"":0.001}","{""detection_events"":9602,""detectors_checked"":2488320}"
       148,         0,         0,   0.008,standalone_exact_mw,c63d9dbf283cbe8d7d2c9891770aca900c170ab5c3de0408fa399997170cec3d,"{""distance"":7,""physical_error_rate"":0.001}","{""detection_events"":470,""detectors_checked"":119880}"
      2393,         0,         0,   0.215,standalone_exact_mw,c63d9dbf283cbe8d7d2c9891770aca900c170ab5c3de0408fa399997170cec3d,"{""distance"":7,""physical_error_rate"":0.001}","{""detection_events"":7493,""detectors_checked"":1938330}"
      3291,         0,         0,   0.290,standalone_exact_mw,c63d9dbf283cbe8d7d2c9891770aca900c170ab5c3de0408fa399997170cec3d,"{""distance"":7,""physical_error_rate"":0.001}","{""detection_events"":10561,""detectors_checked"":2665710}"
        81,         0,         0,   0.005,standalone_exact_mw,c63d9dbf283cbe8d7d2c9891770aca900c170ab5c3de0408fa399997170cec3d,"{""distance"":7,""physical_error_rate"":0.001}","{""detection_events"":257,""detectors_checked"":65610}"
      3072,         0,         0,   0.283,standalone_exact_mw,c63d9dbf283cbe8d7d2c9891770aca900c170ab5c3de0408fa399997170cec3d,"{""distance"":7,""physical_error_rate"":0.001}","{""detection_events"":9862,""detectors_checked"":2488320}"
      4448,         0,         0,   0.431,standalone_exact_mw,c63d9dbf283cbe8d7d2c9891770aca900c170ab5c3de0408fa399997170cec3d,"{""distance"":7,""physical_error_rate"":0.001}","{""detection_events"":13833,""detectors_checked"":3602880}"
       219,         0,         0,   0.010,standalone_exact_mw,c63d9dbf283cbe8d7d2c9891770aca900c170ab5c3de0408fa399997170cec3d,"{""distance"":7,""physical_error_rate"":0.001}","{""detection_events"":608,""detectors_checked"":177390}"
       525,         0,         0,   0.026,standalone_exact_mw,c63d9dbf283cbe8d7d2c9891770aca900c170ab5c3de0408fa399997170cec3d,"{""distance"":7,""physical_error_rate"":0.001}","{""detection_events"":1624,""detectors_checked"":425250}"
      2585,         0,         0,   0.241,standalone_exact_mw,c63d9dbf283cbe8d7d2c9891770aca900c170ab5c3de0408fa399997170cec3d,"{""distance"":7,""physical_error_rate"":0.001}","{""detection_events"":8240,""detectors_checked"":2093850}"
      1369,         0,         0,   0.069,standalone_exact_mw,c63d9dbf283cbe8d7d2c9891770aca900c170ab5c3de0408fa399997170cec3d,"{""distance"":7,""physical_error_rate"":0.001}","{""detection_events"":4526,""detectors_checked"":1108890}"
        92,         0,         0,   0.005,standalone_exact_mw,c63d9dbf283cbe8d7d2c9891770aca900c170ab5c3de0408fa399997170cec3d,"{""distance"":7,""physical_error_rate"":0.001}","{""detection_events"":326,""detectors_checked"":74520}"
      2215,         0,         0,   0.250,standalone_exact_mw,c63d9dbf283cbe8d7d2c9891770aca900c170ab5c3de0408fa399997170cec3d,"{""distance"":7,""physical_error_rate"":0.001}","{""detection_events"":7146,""detectors_checked"":1794150}"
        17,         0,         0,   0.003,standalone_exact_mw,c63d9dbf283cbe8d7d2c9891770aca900c170ab5c3de0408fa399997170cec3d,"{""distance"":7,""physical_error_rate"":0.001}","{""detection_events"":63,""detectors_checked"":13770}"
        39,         0,         0,   0.004,standalone_exact_mw,c63d9dbf283cbe8d7d2c9891770aca900c170ab5c3de0408fa399997170cec3d,"{""distance"":7,""physical_error_rate"":0.001}","{""detection_events"":133,""detectors_checked"":31590}"
      1330,         0,         0,   0.083,standalone_exact_mw,c63d9dbf283cbe8d7d2c9891770aca900c170ab5c3de0408fa399997170cec3d,"{""distance"":7,""physical_error_rate"":0.001}","{""detection_events"":4225,""detectors_checked"":1077300}"
        59,         0,         0,   0.004,standalone_exact_mw,c63d9dbf283cbe8d7d2c9891770aca900c170ab5c3de0408fa399997170cec3d,"{""distance"":7,""physical_error_rate"":0.001}","{""detection_events"":168,""detectors_checked"":47790}"
       141,         0,         0,   0.009,standalone_exact_mw,c63d9dbf283cbe8d7d2c9891770aca900c170ab5c3de0408fa399997170cec3d,"{""distance"":7,""physical_error_rate"":0.001}","{""detection_events"":515,""detectors_checked"":114210}"
      4018,         0,         0,   0.372,standalone_exact_mw,c63d9dbf283cbe8d7d2c9891770aca900c170ab5c3de0408fa399997170cec3d,"{""distance"":7,""physical_error_rate"":0.001}","{""detection_events"":12664,""detectors_checked"":3254580}"
      3072,         0,         0,   0.288,standalone_exact_mw,c63d9dbf283cbe8d7d2c9891770aca900c170ab5c3de0408fa399997170cec3d,"{""distance"":7,""physical_error_rate"":0.001}","{""detection_events"":9778,""detectors_checked"":2488320}"
      4096,         0,         0,   0.379,standalone_exact_mw,c63d9dbf283cbe8d7d2c9891770aca900c170ab5c3de0408fa399997170cec3d,"{""distance"":7,""physical_error_rate"":0.001}","{""detection_events"":13045,""detectors_checked"":3317760}"
      3072,         0,         0,   0.263,standalone_exact_mw,c63d9dbf283cbe8d7d2c9891770aca900c170ab5c3de0408fa399997170cec3d,"{""distance"":7,""physical_error_rate"":0.001}","{""detection_events"":9849,""detectors_checked"":2488320}"
      2048,         0,         0,   0.095,standalone_exact_mw,c63d9dbf283cbe8d7d2c9891770aca900c170ab5c3de0408fa399997170cec3d,"{""distance"":7,""physical_error_rate"":0.001}","{""detection_events"":6335,""detectors_checked"":1658880}"
       195,         0,         0,   0.011,standalone_exact_mw,c63d9dbf283cbe8d7d2c9891770aca900c170ab5c3de0408fa399997170cec3d,"{""distance"":7,""physical_error_rate"":0.001}","{""detection_events"":595,""detectors_checked"":157950}"
      1087,         0,         0,   0.072,standalone_exact_mw,c63d9dbf283cbe8d7d2c9891770aca900c170ab5c3de0408fa399997170cec3d,"{""distance"":7,""physical_error_rate"":0.001}","{""detection_events"":3429,""detectors_checked"":880470}"
         2,         0,         0,   0.002,standalone_exact_mw,c63d9dbf283cbe8d7d2c9891770aca900c170ab5c3de0408fa399997170cec3d,"{""distance"":7,""physical_error_rate"":0.001}","{""detection_events"":4,""detectors_checked"":1620}"
        10,         0,         0,   0.002,standalone_exact_mw,c63d9dbf283cbe8d7d2c9891770aca900c170ab5c3de0408fa399997170cec3d,"{""distance"":7,""physical_error_rate"":0.001}","{""detection_events"":29,""detectors_checked"":8100}"
       352,         0,         0,   0.017,standalone_exact_mw,c63d9dbf283cbe8d7d2c9891770aca900c170ab5c3de0408fa399997170cec3d,"{""distance"":7,""physical_error_rate"":0.001}","{""detection_events"":1112,""detectors_checked"":285120}"
        64,         0,         0,   0.004,standalone_exact_mw,c63d9dbf283cbe8d7d2c9891770aca900c170ab5c3de0408fa399997170cec3d,"{""distance"":7,""physical_error_rate"":0.001}","{""detection_events"":182,""detectors_checked"":51840}"
       112,         0,         0,   0.018,standalone_exact_mw,c63d9dbf283cbe8d7d2c9891770aca900c170ab5c3de0408fa399997170cec3d,"{""distance"":7,""physical_error_rate"":0.001}","{""detection_events"":392,""detectors_checked"":90720}"
        57,         0,         0,   0.004,standalone_exact_mw,c63d9dbf283cbe8d7d2c9891770aca900c170ab5c3de0408fa399997170cec3d,"{""distance"":7,""physical_error_rate"":0.001}","{""detection_events"":166,""detectors_checked"":46170}"
      4096,         0,         0,   0.572,standalone_exact_mw,c63d9dbf283cbe8d7d2c9891770aca900c170ab5c3de0408fa399997170cec3d,"{""distance"":7,""physical_error_rate"":0.001}","{""detection_events"":13018,""detectors_checked"":3317760}"
       413,         0,         0,   0.019,standalone_exact_mw,c63d9dbf283cbe8d7d2c9891770aca900c170ab5c3de0408fa399997170cec3d,"{""distance"":7,""physical_error_rate"":0.001}","{""detection_events"":1282,""detectors_checked"":334530}"
       226,         0,         0,   0.012,standalone_exact_mw,c63d9dbf283cbe8d7d2c9891770aca900c170ab5c3de0408fa399997170cec3d,"{""distance"":7,""physical_error_rate"":0.001}","{""detection_events"":674,""detectors_checked"":183060}"
       213,         0,         0,   0.012,standalone_exact_mw,c63d9dbf283cbe8d7d2c9891770aca900c170ab5c3de0408fa399997170cec3d,"{""distance"":7,""physical_error_rate"":0.001}","{""detection_events"":644,""detectors_checked"":172530}"
        13,         0,         0,   0.003,standalone_exact_mw,c63d9dbf283cbe8d7d2c9891770aca900c170ab5c3de0408fa399997170cec3d,"{""distance"":7,""physical_error_rate"":0.001}","{""detection_events"":47,""detectors_checked"":10530}"
      1330,         0,         0,   0.114,standalone_exact_mw,c63d9dbf283cbe8d7d2c9891770aca900c170ab5c3de0408fa399997170cec3d,"{""distance"":7,""physical_error_rate"":0.001}","{""detection_events"":4102,""detectors_checked"":1077300}"
        13,         0,         0,   0.003,standalone_exact_mw,c63d9dbf283cbe8d7d2c9891770aca900c170ab5c3de0408fa399997170cec3d,"{""distance"":7,""physical_error_rate"":0.001}","{""detection_events"":54,""detectors_checked"":10530}"
       213,         0,         0,   0.011,standalone_exact_mw,c63d9dbf283cbe8d7d2c9891770aca900c170ab5c3de0408fa399997170cec3d,"{""distance"":7,""physical_error_rate"":0.001}","{""detection_events"":689,""detectors_checked"":172530}"
       573,         0,         0,   0.054,standalone_exact_mw,c63d9dbf283cbe8d7d2c9891770aca900c170ab5c3de0408fa399997170cec3d,"{""distance"":7,""physical_error_rate"":0.001}","{""detection_events"":1787,""detectors_checked"":464130}"
       199,         0,         0,   0.010,standalone_exact_mw,c63d9dbf283cbe8d7d2c9891770aca900c170ab5c3de0408fa399997170cec3d,"{""distance"":7,""physical_error_rate"":0.001}","{""detection_events"":600,""detectors_checked"":161190}"
      3072,         0,         0,   0.415,standalone_exact_mw,c63d9dbf283cbe8d7d2c9891770aca900c170ab5c3de0408fa399997170cec3d,"{""distance"":7,""physical_error_rate"":0.001}","{""detection_events"":9537,""detectors_checked"":2488320}"
        30,         0,         0,   0.003,standalone_exact_mw,c63d9dbf283cbe8d7d2c9891770aca900c170ab5c3de0408fa399997170cec3d,"{""distance"":7,""physical_error_rate"":0.001}","{""detection_events"":88,""detectors_checked"":24300}"
        30,         0,         0,   0.003,standalone_exact_mw,c63d9dbf283cbe8d7d2c9891770aca900c170ab5c3de0408fa399997170cec3d,"{""distance"":7,""physical_error_rate"":0.001}","{""detection_events"":120,""detectors_checked"":24300}"
        30,         0,         0,   0.004,standalone_exact_mw,c63d9dbf283cbe8d7d2c9891770aca900c170ab5c3de0408fa399997170cec3d,"{""distance"":7,""physical_error_rate"":0.001}","{""detection_events"":109,""detectors_checked"":24300}"
        30,         0,         0,   0.003,standalone_exact_mw,c63d9dbf283cbe8d7d2c9891770aca900c170ab5c3de0408fa399997170cec3d,"{""distance"":7,""physical_error_rate"":0.001}","{""detection_events"":105,""detectors_checked"":24300}"
        30,         0,         0,   0.003,standalone_exact_mw,c63d9dbf283cbe8d7d2c9891770aca900c170ab5c3de0408fa399997170cec3d,"{""distance"":7,""physical_error_rate"":0.001}","{""detection_events"":100,""detectors_checked"":24300}"
        30,         0,         0,   0.003,standalone_exact_mw,c63d9dbf283cbe8d7d2c9891770aca900c170ab5c3de0408fa399997170cec3d,"{""distance"":7,""physical_error_rate"":0.001}","{""detection_events"":106,""detectors_checked"":24300}"
        30,         0,         0,   0.003,standalone_exact_mw,c63d9dbf283cbe8d7d2c9891770aca900c170ab5c3de0408fa399997170cec3d,"{""distance"":7,""physical_error_rate"":0.001}","{""detection_events"":113,""detectors_checked"":24300}"
        30,         0,         0,   0.003,standalone_exact_mw,c63d9dbf283cbe8d7d2c9891770aca900c170ab5c3de0408fa399997170cec3d,"{""distance"":7,""physical_error_rate"":0.001}","{""detection_events"":89,""detectors_checked"":24300}"
        30,         0,         0,   0.003,standalone_exact_mw,c63d9dbf283cbe8d7d2c9891770aca900c170ab5c3de0408fa399997170cec3d,"{""distance"":7,""physical_error_rate"":0.001}","{""detection_events"":96,""detectors_checked"":24300}"
        29,         0,         0,   0.003,standalone_exact_mw,c63d9dbf283cbe8d7d2c9891770aca900c170ab5c3de0408fa399997170cec3d,"{""distance"":7,""physical_error_rate"":0.001}","{""detection_events"":83,""detectors_checked"":23490}"
        29,         0,         0,   0.003,standalone_exact_mw,c63d9dbf283cbe8d7d2c9891770aca900c170ab5c3de0408fa399997170cec3d,"{""distance"":7,""physical_error_rate"":0.001}","{""detection_events"":113,""detectors_checked"":23490}"
        30,         0,         0,   0.007,standalone_exact_mw,c63d9dbf283cbe8d7d2c9891770aca900c170ab5c3de0408fa399997170cec3d,"{""distance"":7,""physical_error_rate"":0.001}","{""detection_events"":111,""detectors_checked"":24300}"
        29,         0,         0,   0.003,standalone_exact_mw,c63d9dbf283cbe8d7d2c9891770aca900c170ab5c3de0408fa399997170cec3d,"{""distance"":7,""physical_error_rate"":0.001}","{""detection_events"":81,""detectors_checked"":23490}"
        29,         0,         0,   0.003,standalone_exact_mw,c63d9dbf283cbe8d7d2c9891770aca900c170ab5c3de0408fa399997170cec3d,"{""distance"":7,""physical_error_rate"":0.001}","{""detection_events"":123,""detectors_checked"":23490}"
        29,         0,         0,   0.003,standalone_exact_mw,c63d9dbf283cbe8d7d2c9891770aca900c170ab5c3de0408fa399997170cec3d,"{""distance"":7,""physical_error_rate"":0.001}","{""detection_events"":113,""detectors_checked"":23490}"
        29,         0,         0,   0.003,standalone_exact_mw,c63d9dbf283cbe8d7d2c9891770aca900c170ab5c3de0408fa399997170cec3d,"{""distance"":7,""physical_error_rate"":0.001}","{""detection_events"":79,""detectors_checked"":23490}"
        29,         0,         0,   0.003,standalone_exact_mw,c63d9dbf283cbe8d7d2c9891770aca900c170ab5c3de0408fa399997170cec3d,"{""distance"":7,""physical_error_rate"":0.001}","{""detection_events"":93,""detectors_checked"":23490}"
        29,         0,         0,   0.004,standalone_exact_mw,c63d9dbf283cbe8d7d2c9891770aca900c170ab5c3de0408fa399997170cec3d,"{""distance"":7,""physical_error_rate"":0.001}","{""detection_events"":79,""detectors_checked"":23490}"
        29,         0,         0,   0.003,standalone_exact_mw,c63d9dbf283cbe8d7d2c9891770aca900c170ab5c3de0408fa399997170cec3d,"{""distance"":7,""physical_error_rate"":0.001}","{""detection_events"":95,""detectors_checked"":23490}"
        29,         0,         0,   0.003,standalone_exact_mw,c63d9dbf283cbe8d7d2c9891770aca900c170ab5c3de0408fa399997170cec3d,"{""distance"":7,""physical_error_rate"":0.001}","{""detection_events"":88,""detectors_checked"":23490}"
        29,         0,         0,   0.003,standalone_exact_mw,c63d9dbf283cbe8d7d2c9891770aca900c170ab5c3de0408fa399997170cec3d,"{""distance"":7,""physical_error_rate"":0.001}","{""detection_events"":97,""detectors_checked"":23490}"
        29,         0,         0,   0.003,standalone_exact_mw,c63d9dbf283cbe8d7d2c9891770aca900c170ab5c3de0408fa399997170cec3d,"{""distance"":7,""physical_error_rate"":0.001}","{""detection_events"":87,""detectors_checked"":23490}"
        29,         0,         0,   0.003,standalone_exact_mw,c63d9dbf283cbe8d7d2c9891770aca900c170ab5c3de0408fa399997170cec3d,"{""distance"":7,""physical_error_rate"":0.001}","{""detection_events"":110,""detectors_checked"":23490}"
        29,         0,         0,   0.003,standalone_exact_mw,c63d9dbf283cbe8d7d2c9891770aca900c170ab5c3de0408fa399997170cec3d,"{""distance"":7,""physical_error_rate"":0.001}","{""detection_events"":108,""detectors_checked"":23490}"
        29,         0,         0,   0.003,standalone_exact_mw,c63d9dbf283cbe8d7d2c9891770aca900c170ab5c3de0408fa399997170cec3d,"{""distance"":7,""physical_error_rate"":0.001}","{""detection_events"":129,""detectors_checked"":23490}"
        29,         0,         0,   0.003,standalone_exact_mw,c63d9dbf283cbe8d7d2c9891770aca900c170ab5c3de0408fa399997170cec3d,"{""distance"":7,""physical_error_rate"":0.001}","{""detection_events"":106,""detectors_checked"":23490}"
        29,         0,         0,   0.003,standalone_exact_mw,c63d9dbf283cbe8d7d2c9891770aca900c170ab5c3de0408fa399997170cec3d,"{""distance"":7,""physical_error_rate"":0.001}","{""detection_events"":76,""detectors_checked"":23490}"
        29,         0,         0,   0.003,standalone_exact_mw,c63d9dbf283cbe8d7d2c9891770aca900c170ab5c3de0408fa399997170cec3d,"{""distance"":7,""physical_error_rate"":0.001}","{""detection_events"":97,""detectors_checked"":23490}"
        29,         0,         0,   0.003,standalone_exact_mw,c63d9dbf283cbe8d7d2c9891770aca900c170ab5c3de0408fa399997170cec3d,"{""distance"":7,""physical_error_rate"":0.001}","{""detection_events"":73,""detectors_checked"":23490}"
        29,         0,         0,   0.003,standalone_exact_mw,c63d9dbf283cbe8d7d2c9891770aca900c170ab5c3de0408fa399997170cec3d,"{""distance"":7,""physical_error_rate"":0.001}","{""detection_events"":101,""detectors_checked"":23490}"
        30,         0,         0,   0.011,standalone_exact_mw,c63d9dbf283cbe8d7d2c9891770aca900c170ab5c3de0408fa399997170cec3d,"{""distance"":7,""physical_error_rate"":0.001}","{""detection_events"":108,""detectors_checked"":24300}"
         2,         0,         0,   0.002,standalone_exact_mw,c63d9dbf283cbe8d7d2c9891770aca900c170ab5c3de0408fa399997170cec3d,"{""distance"":7,""physical_error_rate"":0.001}","{""detection_events"":5,""detectors_checked"":1620}"
         2,         0,         0,   0.002,standalone_exact_mw,c63d9dbf283cbe8d7d2c9891770aca900c170ab5c3de0408fa399997170cec3d,"{""distance"":7,""physical_error_rate"":0.001}","{""detection_events"":9,""detectors_checked"":1620}"
         1,         0,         0,   0.002,standalone_exact_mw,c63d9dbf283cbe8d7d2c9891770aca900c170ab5c3de0408fa399997170cec3d,"{""distance"":7,""physical_error_rate"":0.001}","{""detection_events"":4,""detectors_checked"":810}"
         1,         0,         0,   0.001,standalone_exact_mw,c63d9dbf283cbe8d7d2c9891770aca900c170ab5c3de0408fa399997170cec3d,"{""distance"":7,""physical_error_rate"":0.001}","{""detectors_checked"":810}"
         1,         0,         0,   0.002,standalone_exact_mw,c63d9dbf283cbe8d7d2c9891770aca900c170ab5c3de0408fa399997170cec3d,"{""distance"":7,""physical_error_rate"":0.001}","{""detection_events"":2,""detectors_checked"":810}"
         1,         0,         0,   0.002,standalone_exact_mw,c63d9dbf283cbe8d7d2c9891770aca900c170ab5c3de0408fa399997170cec3d,"{""distance"":7,""physical_error_rate"":0.001}","{""detectors_checked"":810}"
         1,         0,         0,   0.002,standalone_exact_mw,c63d9dbf283cbe8d7d2c9891770aca900c170ab5c3de0408fa399997170cec3d,"{""distance"":7,""physical_error_rate"":0.001}","{""detection_events"":8,""detectors_checked"":810}"
         1,         0,         0,   0.002,standalone_exact_mw,c63d9dbf283cbe8d7d2c9891770aca900c170ab5c3de0408fa399997170cec3d,"{""distance"":7,""physical_error_rate"":0.001}","{""detection_events"":14,""detectors_checked"":810}"
         1,         0,         0,   0.002,standalone_exact_mw,c63d9dbf283cbe8d7d2c9891770aca900c170ab5c3de0408fa399997170cec3d,"{""distance"":7,""physical_error_rate"":0.001}","{""detection_events"":5,""detectors_checked"":810}"
         1,         0,         0,   0.001,standalone_exact_mw,c63d9dbf283cbe8d7d2c9891770aca900c170ab5c3de0408fa399997170cec3d,"{""distance"":7,""physical_error_rate"":0.001}","{""detectors_checked"":810}"
         1,         0,         0,   0.002,standalone_exact_mw,c63d9dbf283cbe8d7d2c9891770aca900c170ab5c3de0408fa399997170cec3d,"{""distance"":7,""physical_error_rate"":0.001}","{""detection_events"":2,""detectors_checked"":810}"
         1,         0,         0,   0.001,standalone_exact_mw,c63d9dbf283cbe8d7d2c9891770aca900c170ab5c3de0408fa399997170cec3d,"{""distance"":7,""physical_error_rate"":0.001}","{""detectors_checked"":810}"
         1,         0,         0,   0.001,standalone_exact_mw,c63d9dbf283cbe8d7d2c9891770aca900c170ab5c3de0408fa399997170cec3d,"{""distance"":7,""physical_error_rate"":0.001}","{""detection_events"":2,""detectors_checked"":810}"
         1,         0,         0,   0.002,standalone_exact_mw,c63d9dbf283cbe8d7d2c9891770aca900c170ab5c3de0408fa399997170cec3d,"{""distance"":7,""physical_error_rate"":0.001}","{""detection_events"":6,""detectors_checked"":810}"
         1,         0,         0,   0.002,standalone_exact_mw,c63d9dbf283cbe8d7d2c9891770aca900c170ab5c3de0408fa399997170cec3d,"{""distance"":7,""physical_error_rate"":0.001}","{""detection_events"":6,""detectors_checked"":810}"
         1,         0,         0,   0.002,standalone_exact_mw,c63d9dbf283cbe8d7d2c9891770aca900c170ab5c3de0408fa399997170cec3d,"{""distance"":7,""physical_error_rate"":0.001}","{""detectors_checked"":810}"
         1,         0,         0,   0.002,standalone_exact_mw,c63d9dbf283cbe8d7d2c9891770aca900c170ab5c3de0408fa399997170cec3d,"{""distance"":7,""physical_error_rate"":0.001}","{""detection_events"":10,""detectors_checked"":810}"
         1,         0,         0,   0.002,standalone_exact_mw,c63d9dbf283cbe8d7d2c9891770aca900c170ab5c3de0408fa399997170cec3d,"{""distance"":7,""physical_error_rate"":0.001}","{""detection_events"":6,""detectors_checked"":810}"
        15,         0,         0,   0.008,standalone_exact_mw,c63d9dbf283cbe8d7d2c9891770aca900c170ab5c3de0408fa399997170cec3d,"{""distance"":7,""physical_error_rate"":0.001}","{""detection_events"":35,""detectors_checked"":12150}"
         1,         0,         0,   0.002,standalone_exact_mw,c63d9dbf283cbe8d7d2c9891770aca900c170ab5c3de0408fa399997170cec3d,"{""distance"":7,""physical_error_rate"":0.001}","{""detection_events"":9,""detectors_checked"":810}"
    965632,         0,         0,   119.9,standalone_exact_mw,20c8daca17953576b13a32f59e5f9cb54485b277119f4e6925e9023b8dd1f351,"{""distance"":7,""physical_error_rate"":0.002}","{""detection_events"":6049398,""detectors_checked"":782161920}"
    778240,         0,         0,   119.9,standalone_exact_mw,20c8daca17953576b13a32f59e5f9cb54485b277119f4e6925e9023b8dd1f351,"{""distance"":7,""physical_error_rate"":0.002}","{""detection_events"":4875445,""detectors_checked"":630374400}"
    798720,         0,         0,   119.9,standalone_exact_mw,20c8daca17953576b13a32f59e5f9cb54485b277119f4e6925e9023b8dd1f351,"{""distance"":7,""physical_error_rate"":0.002}","{""detection_events"":5007524,""detectors_checked"":646963200}"
    979968,         0,         0,   120.0,standalone_exact_mw,20c8daca17953576b13a32f59e5f9cb54485b277119f4e6925e9023b8dd1f351,"{""distance"":7,""physical_error_rate"":0.002}","{""detection_events"":6147020,""detectors_checked"":793774080}"
    834560,         0,         0,   119.9,standalone_exact_mw,20c8daca17953576b13a32f59e5f9cb54485b277119f4e6925e9023b8dd1f351,"{""distance"":7,""physical_error_rate"":0.002}","{""detection_events"":5232884,""detectors_checked"":675993600}"
   1605632,         0,         0,   119.9,standalone_exact_mw,20c8daca17953576b13a32f59e5f9cb54485b277119f4e6925e9023b8dd1f351,"{""distance"":7,""physical_error_rate"":0.002}","{""detection_events"":10055224,""detectors_checked"":1300561920}"
   1844224,         0,         0,   119.9,standalone_exact_mw,20c8daca17953576b13a32f59e5f9cb54485b277119f4e6925e9023b8dd1f351,"{""distance"":7,""physical_error_rate"":0.002}","{""detection_events"":11554458,""detectors_checked"":1493821440}"
   1195008,         1,         0,   120.0,standalone_exact_mw,20c8daca17953576b13a32f59e5f9cb54485b277119f4e6925e9023b8dd1f351,"{""distance"":7,""physical_error_rate"":0.002}","{""detection_events"":7492198,""detectors_checked"":967956480,""obs_mistake_mask=E"":1}"
   1169408,         0,         0,   119.9,standalone_exact_mw,20c8daca17953576b13a32f59e5f9cb54485b277119f4e6925e9023b8dd1f351,"{""distance"":7,""physical_error_rate"":0.002}","{""detection_events"":7325164,""detectors_checked"":947220480}"
   1056768,         0,         0,   120.0,standalone_exact_mw,20c8daca17953576b13a32f59e5f9cb54485b277119f4e6925e9023b8dd1f351,"{""distance"":7,""physical_error_rate"":0.002}","{""detection_events"":6620389,""detectors_checked"":855982080}"
   1213440,         0,         0,   119.9,standalone_exact_mw,20c8daca17953576b13a32f59e5f9cb54485b277119f4e6925e9023b8dd1f351,"{""distance"":7,""physical_error_rate"":0.002}","{""detection_events"":7605315,""detectors_checked"":982886400}"
   1046528,         0,         0,   119.9,standalone_exact_mw,20c8daca17953576b13a32f59e5f9cb54485b277119f4e6925e9023b8dd1f351,"{""distance"":7,""physical_error_rate"":0.002}","{""detection_events"":6555567,""detectors_checked"":847687680}"
    908288,         0,         0,   120.0,standalone_exact_mw,20c8daca17953576b13a32f59e5f9cb54485b277119f4e6925e9023b8dd1f351,"{""distance"":7,""physical_error_rate"":0.002}","{""detection_events"":5695172,""detectors_checked"":735713280}"
   1201152,         0,         0,   120.0,standalone_exact_mw,20c8daca17953576b13a32f59e5f9cb54485b277119f4e6925e9023b8dd1f351,"{""distance"":7,""physical_error_rate"":0.002}","{""detection_events"":7522446,""detectors_checked"":972933120}"
    962560,         0,         0,   120.0,standalone_exact_mw,20c8daca17953576b13a32f59e5f9cb54485b277119f4e6925e9023b8dd1f351,"{""distance"":7,""physical_error_rate"":0.002}","{""detection_events"":6029366,""detectors_checked"":779673600}"
   1168384,         0,         0,   119.9,standalone_exact_mw,20c8daca17953576b13a32f59e5f9cb54485b277119f4e6925e9023b8dd1f351,"{""distance"":7,""physical_error_rate"":0.002}","{""detection_events"":7325212,""detectors_checked"":946391040}"
   1252352,         0,         0,   119.9,standalone_exact_mw,20c8daca17953576b13a32f59e5f9cb54485b277119f4e6925e9023b8dd1f351,"{""distance"":7,""physical_error_rate"":0.002}","{""detection_events"":7839969,""detectors_checked"":1014405120}"
    961536,         0,         0,   119.9,standalone_exact_mw,20c8daca17953576b13a32f59e5f9cb54485b277119f4e6925e9023b8dd1f351,"{""distance"":7,""physical_error_rate"":0.002}","{""detection_events"":6028182,""detectors_checked"":778844160}"
   1185792,         0,         0,   119.9,standalone_exact_mw,20c8daca17953576b13a32f59e5f9cb54485b277119f4e6925e9023b8dd1f351,"{""distance"":7,""physical_error_rate"":0.002}","{""detection_events"":7430782,""detectors_checked"":960491520}"
    998400,         0,         0,   119.9,standalone_exact_mw,20c8daca17953576b13a32f59e5f9cb54485b277119f4e6925e9023b8dd1f351,"{""distance"":7,""physical_error_rate"":0.002}","{""detection_events"":6254353,""detectors_checked"":808704000}"
   1181696,         0,         0,   119.9,standalone_exact_mw,20c8daca17953576b13a32f59e5f9cb54485b277119f4e6925e9023b8dd1f351,"{""distance"":7,""physical_error_rate"":0.002}","{""detection_events"":7411765,""detectors_checked"":957173760}"
    977920,         0,         0,   120.0,standalone_exact_mw,20c8daca17953576b13a32f59e5f9cb54485b277119f4e6925e9023b8dd1f351,"{""distance"":7,""physical_error_rate"":0.002}","{""detection_events"":6127595,""detectors_checked"":792115200}"
    955392,         0,         0,   119.9,standalone_exact_mw,20c8daca17953576b13a32f59e5f9cb54485b277119f4e6925e9023b8dd1f351,"{""distance"":7,""physical_error_rate"":0.002}","{""detection_events"":5990685,""detectors_checked"":773867520}"
    921600,         0,         0,   119.9,standalone_exact_mw,20c8daca17953576b13a32f59e5f9cb54485b277119f4e6925e9023b8dd1f351,"{""distance"":7,""physical_error_rate"":0.002}","{""detection_events"":5774048,""detectors_checked"":746496000}"
   1692672,         0,         0,   120.0,standalone_exact_mw,20c8daca17953576b13a32f59e5f9cb54485b277119f4e6925e9023b8dd1f351,"{""distance"":7,""physical_error_rate"":0.002}","{""detection_events"":10610551,""detectors_checked"":1371064320}"
   1222656,         0,         0,   120.0,standalone_exact_mw,20c8daca17953576b13a32f59e5f9cb54485b277119f4e6925e9023b8dd1f351,"{""distance"":7,""physical_error_rate"":0.002}","{""detection_events"":7664204,""detectors_checked"":990351360}"
    902144,         0,         0,   119.9,standalone_exact_mw,20c8daca17953576b13a32f59e5f9cb54485b277119f4e6925e9023b8dd1f351,"{""distance"":7,""physical_error_rate"":0.002}","{""detection_events"":5657584,""detectors_checked"":730736640}"
   1005568,         0,         0,   119.9,standalone_exact_mw,20c8daca17953576b13a32f59e5f9cb54485b277119f4e6925e9023b8dd1f351,"{""distance"":7,""physical_error_rate"":0.002}","{""detection_events"":6302227,""detectors_checked"":814510080}"
    935936,         0,         0,   119.9,standalone_exact_mw,20c8daca17953576b13a32f59e5f9cb54485b277119f4e6925e9023b8dd1f351,"{""distance"":7,""physical_error_rate"":0.002}","{""detection_events"":5869342,""detectors_checked"":758108160}"
    617472,         1,         0,   119.9,standalone_exact_mw,20c8daca17953576b13a32f59e5f9cb54485b277119f4e6925e9023b8dd1f351,"{""distance"":7,""physical_error_rate"":0.002}","{""detection_events"":3874741,""detectors_checked"":500152320,""obs_mistake_mask=E"":1}"
    922624,         0,         0,   119.9,standalone_exact_mw,20c8daca17953576b13a32f59e5f9cb54485b277119f4e6925e9023b8dd1f351,"{""distance"":7,""physical_error_rate"":0.002}","{""detection_events"":5789455,""detectors_checked"":747325440}"
    987136,         1,         0,   120.0,standalone_exact_mw,20c8daca17953576b13a32f59e5f9cb54485b277119f4e6925e9023b8dd1f351,"{""distance"":7,""physical_error_rate"":0.002}","{""detection_events"":6187043,""detectors_checked"":799580160,""obs_mistake_mask=E"":1}"
       273,         0,         0,   0.022,standalone_exact_mw,20c8daca17953576b13a32f59e5f9cb54485b277119f4e6925e9023b8dd1f351,"{""distance"":7,""physical_error_rate"":0.002}","{""detection_events"":1667,""detectors_checked"":221130}"
      1024,         0,         0,   0.064,standalone_exact_mw,20c8daca17953576b13a32f59e5f9cb54485b277119f4e6925e9023b8dd1f351,"{""distance"":7,""physical_error_rate"":0.002}","{""detection_events"":6428,""detectors_checked"":829440}"
      1024,         0,         0,   0.065,standalone_exact_mw,20c8daca17953576b13a32f59e5f9cb54485b277119f4e6925e9023b8dd1f351,"{""distance"":7,""physical_error_rate"":0.002}","{""detection_events"":6740,""detectors_checked"":829440}"
      1024,         0,         0,   0.064,standalone_exact_mw,20c8daca17953576b13a32f59e5f9cb54485b277119f4e6925e9023b8dd1f351,"{""distance"":7,""physical_error_rate"":0.002}","{""detection_events"":6456,""detectors_checked"":829440}"
      1024,         0,         0,   0.063,standalone_exact_mw,20c8daca17953576b13a32f59e5f9cb54485b277119f4e6925e9023b8dd1f351,"{""distance"":7,""physical_error_rate"":0.002}","{""detection_events"":6386,""detectors_checked"":829440}"
      1024,         0,         0,   0.085,standalone_exact_mw,20c8daca17953576b13a32f59e5f9cb54485b277119f4e6925e9023b8dd1f351,"{""distance"":7,""physical_error_rate"":0.002}","{""detection_events"":6411,""detectors_checked"":829440}"
      2048,         0,         0,   0.127,standalone_exact_mw,20c8daca17953576b13a32f59e5f9cb54485b277119f4e6925e9023b8dd1f351,"{""distance"":7,""physical_error_rate"":0.002}","{""detection_events"":12847,""detectors_checked"":1658880}"
      2048,         0,         0,   0.126,standalone_exact_mw,20c8daca17953576b13a32f59e5f9cb54485b277119f4e6925e9023b8dd1f351,"{""distance"":7,""physical_error_rate"":0.002}","{""detection_events"":12396,""detectors_checked"":1658880}"
      2048,         0,         0,   0.165,standalone_exact_mw,20c8daca17953576b13a32f59e5f9cb54485b277119f4e6925e9023b8dd1f351,"{""distance"":7,""physical_error_rate"":0.002}","{""detection_events"":12515,""detectors_checked"":1658880}"
      4096,         0,         0,   0.264,standalone_exact_mw,20c8daca17953576b13a32f59e5f9cb54485b277119f4e6925e9023b8dd1f351,"{""distance"":7,""physical_error_rate"":0.002}","{""detection_events"":25229,""detectors_checked"":3317760}"
    954368,         0,         0,   119.9,standalone_exact_mw,20c8daca17953576b13a32f59e5f9cb54485b277119f4e6925e9023b8dd1f351,"{""distance"":7,""physical_error_rate"":0.002}","{""detection_events"":5982880,""detectors_checked"":773038080}"
      4096,         0,         0,   0.304,standalone_exact_mw,20c8daca17953576b13a32f59e5f9cb54485b277119f4e6925e9023b8dd1f351,"{""distance"":7,""physical_error_rate"":0.002}","{""detection_events"":25394,""detectors_checked"":3317760}"
      6144,         0,         0,   0.459,standalone_exact_mw,20c8daca17953576b13a32f59e5f9cb54485b277119f4e6925e9023b8dd1f351,"{""distance"":7,""physical_error_rate"":0.002}","{""detection_events"":38789,""detectors_checked"":4976640}"
    851968,         0,         0,   119.9,standalone_exact_mw,20c8daca17953576b13a32f59e5f9cb54485b277119f4e6925e9023b8dd1f351,"{""distance"":7,""physical_error_rate"":0.002}","{""detection_events"":5335251,""detectors_checked"":690094080}"
      8192,         0,         0,   0.585,standalone_exact_mw,20c8daca17953576b13a32f59e5f9cb54485b277119f4e6925e9023b8dd1f351,"{""distance"":7,""physical_error_rate"":0.002}","{""detection_events"":51461,""detectors_checked"":6635520}"
       273,         0,         0,   0.022,standalone_exact_mw,20c8daca17953576b13a32f59e5f9cb54485b277119f4e6925e9023b8dd1f351,"{""distance"":7,""physical_error_rate"":0.002}","{""detection_events"":1587,""detectors_checked"":221130}"
     11264,         0,         0,   0.800,standalone_exact_mw,20c8daca17953576b13a32f59e5f9cb54485b277119f4e6925e9023b8dd1f351,"{""distance"":7,""physical_error_rate"":0.002}","{""detection_events"":69936,""detectors_checked"":9123840}"
      1024,         0,         0,   0.061,standalone_exact_mw,20c8daca17953576b13a32f59e5f9cb54485b277119f4e6925e9023b8dd1f351,"{""distance"":7,""physical_error_rate"":0.002}","{""detection_events"":6324,""detectors_checked"":829440}"
      1024,         0,         0,   0.074,standalone_exact_mw,20c8daca17953576b13a32f59e5f9cb54485b277119f4e6925e9023b8dd1f351,"{""distance"":7,""physical_error_rate"":0.002}","{""detection_events"":6315,""detectors_checked"":829440}"
      1024,         0,         0,   0.061,standalone_exact_mw,20c8daca17953576b13a32f59e5f9cb54485b277119f4e6925e9023b8dd1f351,"{""distance"":7,""physical_error_rate"":0.002}","{""detection_events"":6437,""detectors_checked"":829440}"
      1024,         0,         0,   0.060,standalone_exact_mw,20c8daca17953576b13a32f59e5f9cb54485b277119f4e6925e9023b8dd1f351,"{""distance"":7,""physical_error_rate"":0.002}","{""detection_events"":6496,""detectors_checked"":829440}"
      1024,         0,         0,   0.061,standalone_exact_mw,20c8daca17953576b13a32f59e5f9cb54485b277119f4e6925e9023b8dd1f351,"{""distance"":7,""physical_error_rate"":0.002}","{""detection_events"":6501,""detectors_checked"":829440}"
      2048,         0,         0,   0.121,standalone_exact_mw,20c8daca17953576b13a32f59e5f9cb54485b277119f4e6925e9023b8dd1f351,"{""distance"":7,""physical_error_rate"":0.002}","{""detection_events"":12856,""detectors_checked"":1658880}"
      2048,         0,         0,   0.121,standalone_exact_mw,20c8daca17953576b13a32f59e5f9cb54485b277119f4e6925e9023b8dd1f351,"{""distance"":7,""physical_error_rate"":0.002}","{""detection_events"":12579,""detectors_checked"":1658880}"
      3072,         0,         0,   0.181,standalone_exact_mw,20c8daca17953576b13a32f59e5f9cb54485b277119f4e6925e9023b8dd1f351,"{""distance"":7,""physical_error_rate"":0.002}","{""detection_events"":19405,""detectors_checked"":2488320}"
    748544,         1,         0,   120.0,standalone_exact_mw,20c8daca17953576b13a32f59e5f9cb54485b277119f4e6925e9023b8dd1f351,"{""distance"":7,""physical_error_rate"":0.002}","{""detection_events"":4692683,""detectors_checked"":606320640,""obs_mistake_mask=E"":1}"
      4096,         0,         0,   0.242,standalone_exact_mw,20c8daca17953576b13a32f59e5f9cb54485b277119f4e6925e9023b8dd1f351,"{""distance"":7,""physical_error_rate"":0.002}","{""detection_events"":25283,""detectors_checked"":3317760}"
     13312,         0,         0,    1.13,standalone_exact_mw,20c8daca17953576b13a32f59e5f9cb54485b277119f4e6925e9023b8dd1f351,"{""distance"":7,""physical_error_rate"":0.002}","{""detection_events"":83360,""detectors_checked"":10782720}"
      5120,         0,         0,   0.341,standalone_exact_mw,20c8daca17953576b13a32f59e5f9cb54485b277119f4e6925e9023b8dd1f351,"{""distance"":7,""physical_error_rate"":0.002}","{""detection_events"":31750,""detectors_checked"":4147200}"
      7168,         0,         0,   0.423,standalone_exact_mw,20c8daca17953576b13a32f59e5f9cb54485b277119f4e6925e9023b8dd1f351,"{""distance"":7,""physical_error_rate"":0.002}","{""detection_events"":44960,""detectors_checked"":5806080}"
     10240,         0,         0,   0.607,standalone_exact_mw,20c8daca17953576b13a32f59e5f9cb54485b277119f4e6925e9023b8dd1f351,"{""distance"":7,""physical_error_rate"":0.002}","{""detection_events"":64127,""detectors_checked"":8294400}"
     17408,         0,         0,    1.61,standalone_exact_mw,20c8daca17953576b13a32f59e5f9cb54485b277119f4e6925e9023b8dd1f351,"{""distance"":7,""physical_error_rate"":0.002}","{""detection_events"":109652,""detectors_checked"":14100480}"
     12288,         0,         0,   0.837,standalone_exact_mw,20c8daca17953576b13a32f59e5f9cb54485b277119f4e6925e9023b8dd1f351,"{""distance"":7,""physical_error_rate"":0.002}","{""detection_events"":77627,""detectors_checked"":9953280}"
     18432,         0,         0,    1.14,standalone_exact_mw,20c8daca17953576b13a32f59e5f9cb54485b277119f4e6925e9023b8dd1f351,"{""distance"":7,""physical_error_rate"":0.002}","{""detection_events"":115366,""detectors_checked"":14929920}"
     24576,         0,         0,    2.21,standalone_exact_mw,20c8daca17953576b13a32f59e5f9cb54485b277119f4e6925e9023b8dd1f351,"{""distance"":7,""physical_error_rate"":0.002}","{""detection_events"":154301,""detectors_checked"":19906560}"
       273,         0,         0,   0.021,standalone_exact_mw,20c8daca17953576b13a32f59e5f9cb54485b277119f4e6925e9023b8dd1f351,"{""distance"":7,""physical_error_rate"":0.002}","{""detection_events"":1551,""detectors_checked"":221130}"
      1024,         0,         0,   0.061,standalone_exact_mw,20c8daca17953576b13a32f59e5f9cb54485b277119f4e6925e9023b8dd1f351,"{""distance"":7,""physical_error_rate"":0.002}","{""detection_events"":6454,""detectors_checked"":829440}"
      1024,         0,         0,   0.062,standalone_exact_mw,20c8daca17953576b13a32f59e5f9cb54485b277119f4e6925e9023b8dd1f351,"{""distance"":7,""physical_error_rate"":0.002}","{""detection_events"":6389,""detectors_checked"":829440}"
      1024,         0,         0,   0.062,standalone_exact_mw,20c8daca17953576b13a32f59e5f9cb54485b277119f4e6925e9023b8dd1f351,"{""distance"":7,""physical_error_rate"":0.002}","{""detection_events"":6399,""detectors_checked"":829440}"
      1024,         0,         0,   0.061,standalone_exact_mw,20c8daca17953576b13a32f59e5f9cb54485b277119f4e6925e9023b8dd1f351,"{""distance"":7,""physical_error_rate"":0.002}","{""detection_events"":6388,""detectors_checked"":829440}"
      1024,         0,         0,   0.061,standalone_exact_mw,20c8daca17953576b13a32f59e5f9cb54485b277119f4e6925e9023b8dd1f351,"{""distance"":7,""physical_error_rate"":0.002}","{""detection_events"":6333,""detectors_checked"":829440}"
     25600,         0,         0,    1.56,standalone_exact_mw,20c8daca17953576b13a32f59e5f9cb54485b277119f4e6925e9023b8dd1f351,"{""distance"":7,""physical_error_rate"":0.002}","{""detection_events"":162868,""detectors_checked"":20736000}"
      2048,         0,         0,   0.123,standalone_exact_mw,20c8daca17953576b13a32f59e5f9cb54485b277119f4e6925e9023b8dd1f351,"{""distance"":7,""physical_error_rate"":0.002}","{""detection_events"":12848,""detectors_checked"":1658880}"
      2048,         0,         0,   0.123,standalone_exact_mw,20c8daca17953576b13a32f59e5f9cb54485b277119f4e6925e9023b8dd1f351,"{""distance"":7,""physical_error_rate"":0.002}","{""detection_events"":12974,""detectors_checked"":1658880}"
      3072,         0,         0,   0.184,standalone_exact_mw,20c8daca17953576b13a32f59e5f9cb54485b277119f4e6925e9023b8dd1f351,"{""distance"":7,""physical_error_rate"":0.002}","{""detection_events"":19300,""detectors_checked"":2488320}"
      4096,         0,         0,   0.243,standalone_exact_mw,20c8daca17953576b13a32f59e5f9cb54485b277119f4e6925e9023b8dd1f351,"{""distance"":7,""physical_error_rate"":0.002}","{""detection_events"":25407,""detectors_checked"":3317760}"
      5120,         0,         0,   0.305,standalone_exact_mw,20c8daca17953576b13a32f59e5f9cb54485b277119f4e6925e9023b8dd1f351,"{""distance"":7,""physical_error_rate"":0.002}","{""detection_events"":32073,""detectors_checked"":4147200}"
      7168,         0,         0,   0.428,standalone_exact_mw,20c8daca17953576b13a32f59e5f9cb54485b277119f4e6925e9023b8dd1f351,"{""distance"":7,""physical_error_rate"":0.002}","{""detection_events"":45122,""detectors_checked"":5806080}"
      8192,         0,         0,   0.571,standalone_exact_mw,20c8daca17953576b13a32f59e5f9cb54485b277119f4e6925e9023b8dd1f351,"{""distance"":7,""physical_error_rate"":0.002}","{""detection_events"":51327,""detectors_checked"":6635520}"
     46080,         0,         0,    3.08,standalone_exact_mw,20c8daca17953576b13a32f59e5f9cb54485b277119f4e6925e9023b8dd1f351,"{""distance"":7,""physical_error_rate"":0.002}","{""detection_events"":288007,""detectors_checked"":37324800}"
     34816,         0,         0,    2.19,standalone_exact_mw,20c8daca17953576b13a32f59e5f9cb54485b277119f4e6925e9023b8dd1f351,"{""distance"":7,""physical_error_rate"":0.002}","{""detection_events"":219160,""detectors_checked"":28200960}"
     11264,         0,         0,   0.819,standalone_exact_mw,20c8daca17953576b13a32f59e5f9cb54485b277119f4e6925e9023b8dd1f351,"{""distance"":7,""physical_error_rate"":0.002}","{""detection_events"":70907,""detectors_checked"":9123840}"
       273,         0,         0,   0.023,standalone_exact_mw,20c8daca17953576b13a32f59e5f9cb54485b277119f4e6925e9023b8dd1f351,"{""distance"":7,""physical_error_rate"":0.002}","{""detection_events"":1770,""detectors_checked"":221130}"
      1024,         0,         0,   0.064,standalone_exact_mw,20c8daca17953576b13a32f59e5f9cb54485b277119f4e6925e9023b8dd1f351,"{""distance"":7,""physical_error_rate"":0.002}","{""detection_events"":6496,""detectors_checked"":829440}"
      1024,         0,         0,   0.063,standalone_exact_mw,20c8daca17953576b13a32f59e5f9cb54485b277119f4e6925e9023b8dd1f351,"{""distance"":7,""physical_error_rate"":0.002}","{""detection_events"":6440,""detectors_checked"":829440}"
      1024,         0,         0,   0.063,standalone_exact_mw,20c8daca17953576b13a32f59e5f9cb54485b277119f4e6925e9023b8dd1f351,"{""distance"":7,""physical_error_rate"":0.002}","{""detection_events"":6458,""detectors_checked"":829440}"
      1024,         0,         0,   0.063,standalone_exact_mw,20c8daca17953576b13a32f59e5f9cb54485b277119f4e6925e9023b8dd1f351,"{""distance"":7,""physical_error_rate"":0.002}","{""detection_events"":6237,""detectors_checked"":829440}"
      1024,         0,         0,   0.083,standalone_exact_mw,20c8daca17953576b13a32f59e5f9cb54485b277119f4e6925e9023b8dd1f351,"{""distance"":7,""physical_error_rate"":0.002}","{""detection_events"":6302,""detectors_checked"":829440}"
      2048,         0,         0,   0.126,standalone_exact_mw,20c8daca17953576b13a32f59e5f9cb54485b277119f4e6925e9023b8dd1f351,"{""distance"":7,""physical_error_rate"":0.002}","{""detection_events"":12943,""detectors_checked"":1658880}"
      2048,         0,         0,   0.129,standalone_exact_mw,20c8daca17953576b13a32f59e5f9cb54485b277119f4e6925e9023b8dd1f351,"{""distance"":7,""physical_error_rate"":0.002}","{""detection_events"":13005,""detectors_checked"":1658880}"
      3072,         0,         0,   0.189,standalone_exact_mw,20c8daca17953576b13a32f59e5f9cb54485b277119f4e6925e9023b8dd1f351,"{""distance"":7,""physical_error_rate"":0.002}","{""detection_events"":19015,""detectors_checked"":2488320}"
      9216,         0,         0,    1.11,standalone_exact_mw,20c8daca17953576b13a32f59e5f9cb54485b277119f4e6925e9023b8dd1f351,"{""distance"":7,""physical_error_rate"":0.002}","{""detection_events"":57608,""detectors_checked"":7464960}"
      4096,         0,         0,   0.254,standalone_exact_mw,20c8daca17953576b13a32f59e5f9cb54485b277119f4e6925e9023b8dd1f351,"{""distance"":7,""physical_error_rate"":0.002}","{""detection_events"":26024,""detectors_checked"":3317760}"
       273,         0,         0,   0.048,standalone_exact_mw,20c8daca17953576b13a32f59e5f9cb54485b277119f4e6925e9023b8dd1f351,"{""distance"":7,""physical_error_rate"":0.002}","{""detection_events"":1768,""detectors_checked"":221130}"
      1024,         0,         0,   0.112,standalone_exact_mw,20c8daca17953576b13a32f59e5f9cb54485b277119f4e6925e9023b8dd1f351,"{""distance"":7,""physical_error_rate"":0.002}","{""detection_events"":6245,""detectors_checked"":829440}"
      5120,         0,         0,   0.321,standalone_exact_mw,20c8daca17953576b13a32f59e5f9cb54485b277119f4e6925e9023b8dd1f351,"{""distance"":7,""physical_error_rate"":0.002}","{""detection_events"":32928,""detectors_checked"":4147200}"
      1024,         0,         0,   0.128,standalone_exact_mw,20c8daca17953576b13a32f59e5f9cb54485b277119f4e6925e9023b8dd1f351,"{""distance"":7,""physical_error_rate"":0.002}","{""detection_events"":6448,""detectors_checked"":829440}"
      1024,         0,         0,   0.114,standalone_exact_mw,20c8daca17953576b13a32f59e5f9cb54485b277119f4e6925e9023b8dd1f351,"{""distance"":7,""physical_error_rate"":0.002}","{""detection_events"":6238,""detectors_checked"":829440}"
      1024,         0,         0,   0.063,standalone_exact_mw,20c8daca17953576b13a32f59e5f9cb54485b277119f4e6925e9023b8dd1f351,"{""distance"":7,""physical_error_rate"":0.002}","{""detection_events"":6344,""detectors_checked"":829440}"
      1024,         0,         0,   0.062,standalone_exact_mw,20c8daca17953576b13a32f59e5f9cb54485b277119f4e6925e9023b8dd1f351,"{""distance"":7,""physical_error_rate"":0.002}","{""detection_events"":6348,""detectors_checked"":829440}"
      7168,         0,         0,   0.444,standalone_exact_mw,20c8daca17953576b13a32f59e5f9cb54485b277119f4e6925e9023b8dd1f351,"{""distance"":7,""physical_error_rate"":0.002}","{""detection_events"":44562,""detectors_checked"":5806080}"
      2048,         0,         0,   0.126,standalone_exact_mw,20c8daca17953576b13a32f59e5f9cb54485b277119f4e6925e9023b8dd1f351,"{""distance"":7,""physical_error_rate"":0.002}","{""detection_events"":13090,""detectors_checked"":1658880}"
      2048,         0,         0,   0.124,standalone_exact_mw,20c8daca17953576b13a32f59e5f9cb54485b277119f4e6925e9023b8dd1f351,"{""distance"":7,""physical_error_rate"":0.002}","{""detection_events"":12735,""detectors_checked"":1658880}"
      2048,         0,         0,   0.151,standalone_exact_mw,20c8daca17953576b13a32f59e5f9cb54485b277119f4e6925e9023b8dd1f351,"{""distance"":7,""physical_error_rate"":0.002}","{""detection_events"":12735,""detectors_checked"":1658880}"
     47104,         0,         0,    3.05,standalone_exact_mw,20c8daca17953576b13a32f59e5f9cb54485b277119f4e6925e9023b8dd1f351,"{""distance"":7,""physical_error_rate"":0.002}","{""detection_events"":294281,""detectors_checked"":38154240}"
      8192,         0,         0,   0.572,standalone_exact_mw,20c8daca17953576b13a32f59e5f9cb54485b277119f4e6925e9023b8dd1f351,"{""distance"":7,""physical_error_rate"":0.002}","{""detection_events"":51130,""detectors_checked"":6635520}"
      4096,         0,         0,   0.251,standalone_exact_mw,20c8daca17953576b13a32f59e5f9cb54485b277119f4e6925e9023b8dd1f351,"{""distance"":7,""physical_error_rate"":0.002}","{""detection_events"":25759,""detectors_checked"":3317760}"
     24576,         0,         0,    1.64,standalone_exact_mw,20c8daca17953576b13a32f59e5f9cb54485b277119f4e6925e9023b8dd1f351,"{""distance"":7,""physical_error_rate"":0.002}","{""detection_events"":153208,""detectors_checked"":19906560}"
      5120,         0,         0,   0.316,standalone_exact_mw,20c8daca17953576b13a32f59e5f9cb54485b277119f4e6925e9023b8dd1f351,"{""distance"":7,""physical_error_rate"":0.002}","{""detection_events"":32464,""detectors_checked"":4147200}"
      7168,         0,         0,   0.437,standalone_exact_mw,20c8daca17953576b13a32f59e5f9cb54485b277119f4e6925e9023b8dd1f351,"{""distance"":7,""physical_error_rate"":0.002}","{""detection_events"":44725,""detectors_checked"":5806080}"
     13312,         0,         0,   0.835,standalone_exact_mw,20c8daca17953576b13a32f59e5f9cb54485b277119f4e6925e9023b8dd1f351,"{""distance"":7,""physical_error_rate"":0.002}","{""detection_events"":82457,""detectors_checked"":10782720}"
     61440,         0,         0,    4.30,standalone_exact_mw,20c8daca17953576b13a32f59e5f9cb54485b277119f4e6925e9023b8dd1f351,"{""distance"":7,""physical_error_rate"":0.002}","{""detection_events"":384604,""detectors_checked"":49766400}"
      8192,         0,         0,   0.579,standalone_exact_mw,20c8daca17953576b13a32f59e5f9cb54485b277119f4e6925e9023b8dd1f351,"{""distance"":7,""physical_error_rate"":0.002}","{""detection_events"":51147,""detectors_checked"":6635520}"
     18432,         0,         0,    1.14,standalone_exact_mw,20c8daca17953576b13a32f59e5f9cb54485b277119f4e6925e9023b8dd1f351,"{""distance"":7,""physical_error_rate"":0.002}","{""detection_events"":114644,""detectors_checked"":14929920}"
     10240,         0,         0,   0.831,standalone_exact_mw,20c8daca17953576b13a32f59e5f9cb54485b277119f4e6925e9023b8dd1f351,"{""distance"":7,""physical_error_rate"":0.002}","{""detection_events"":64331,""detectors_checked"":8294400}"
     33792,         0,         0,    2.19,standalone_exact_mw,20c8daca17953576b13a32f59e5f9cb54485b277119f4e6925e9023b8dd1f351,"{""distance"":7,""physical_error_rate"":0.002}","{""detection_events"":211416,""detectors_checked"":27371520}"
     15360,         0,         0,    1.23,standalone_exact_mw,20c8daca17953576b13a32f59e5f9cb54485b277119f4e6925e9023b8dd1f351,"{""distance"":7,""physical_error_rate"":0.002}","{""detection_events"":96201,""detectors_checked"":12441600}"
     24576,         0,         0,    1.59,standalone_exact_mw,20c8daca17953576b13a32f59e5f9cb54485b277119f4e6925e9023b8dd1f351,"{""distance"":7,""physical_error_rate"":0.002}","{""detection_events"":153907,""detectors_checked"":19906560}"
     68608,         0,         0,    4.32,standalone_exact_mw,20c8daca17953576b13a32f59e5f9cb54485b277119f4e6925e9023b8dd1f351,"{""distance"":7,""physical_error_rate"":0.002}","{""detection_events"":430126,""detectors_checked"":55572480}"
    922624,         0,         0,   119.9,standalone_exact_mw,20c8daca17953576b13a32f59e5f9cb54485b277119f4e6925e9023b8dd1f351,"{""distance"":7,""physical_error_rate"":0.002}","{""detection_events"":5777256,""detectors_checked"":747325440}"
     13312,         0,         0,    1.65,standalone_exact_mw,20c8daca17953576b13a32f59e5f9cb54485b277119f4e6925e9023b8dd1f351,"{""distance"":7,""physical_error_rate"":0.002}","{""detection_events"":83127,""detectors_checked"":10782720}"
     49152,         0,         0,    3.07,standalone_exact_mw,20c8daca17953576b13a32f59e5f9cb54485b277119f4e6925e9023b8dd1f351,"{""distance"":7,""physical_error_rate"":0.002}","{""detection_events"":307084,""detectors_checked"":39813120}"
     31744,         0,         0,    2.22,standalone_exact_mw,20c8daca17953576b13a32f59e5f9cb54485b277119f4e6925e9023b8dd1f351,"{""distance"":7,""physical_error_rate"":0.002}","{""detection_events"":198981,""detectors_checked"":25712640}"
     90112,         0,         0,    6.00,standalone_exact_mw,20c8daca17953576b13a32f59e5f9cb54485b277119f4e6925e9023b8dd1f351,"{""distance"":7,""physical_error_rate"":0.002}","{""detection_events"":565107,""detectors_checked"":72990720}"
     33792,         0,         0,    2.23,standalone_exact_mw,20c8daca17953576b13a32f59e5f9cb54485b277119f4e6925e9023b8dd1f351,"{""distance"":7,""physical_error_rate"":0.002}","{""detection_events"":212695,""detectors_checked"":27371520}"
     40960,         0,         0,    3.05,standalone_exact_mw,20c8daca17953576b13a32f59e5f9cb54485b277119f4e6925e9023b8dd1f351,"{""distance"":7,""physical_error_rate"":0.002}","{""detection_events"":257433,""detectors_checked"":33177600}"
     71680,         0,         0,    4.27,standalone_exact_mw,20c8daca17953576b13a32f59e5f9cb54485b277119f4e6925e9023b8dd1f351,"{""distance"":7,""physical_error_rate"":0.002}","{""detection_events"":448985,""detectors_checked"":58060800}"
     92160,         0,         0,    5.99,standalone_exact_mw,20c8daca17953576b13a32f59e5f9cb54485b277119f4e6925e9023b8dd1f351,"{""distance"":7,""physical_error_rate"":0.002}","{""detection_events"":576577,""detectors_checked"":74649600}"
     50176,         0,         0,    3.06,standalone_exact_mw,20c8daca17953576b13a32f59e5f9cb54485b277119f4e6925e9023b8dd1f351,"{""distance"":7,""physical_error_rate"":0.002}","{""detection_events"":312954,""detectors_checked"":40642560}"
     68608,         0,         0,    4.30,standalone_exact_mw,20c8daca17953576b13a32f59e5f9cb54485b277119f4e6925e9023b8dd1f351,"{""distance"":7,""physical_error_rate"":0.002}","{""detection_events"":429102,""detectors_checked"":55572480}"
     62464,         0,         0,    4.28,standalone_exact_mw,20c8daca17953576b13a32f59e5f9cb54485b277119f4e6925e9023b8dd1f351,"{""distance"":7,""physical_error_rate"":0.002}","{""detection_events"":390080,""detectors_checked"":50595840}"
    954368,         0,         0,   119.9,standalone_exact_mw,20c8daca17953576b13a32f59e5f9cb54485b277119f4e6925e9023b8dd1f351,"{""distance"":7,""physical_error_rate"":0.002}","{""detection_events"":5980567,""detectors_checked"":773038080}"
   1703936,         1,         0,   120.0,standalone_exact_mw,20c8daca17953576b13a32f59e5f9cb54485b277119f4e6925e9023b8dd1f351,"{""distance"":7,""physical_error_rate"":0.002}","{""detection_events"":10670812,""detectors_checked"":1380188160,""obs_mistake_mask=E"":1}"
    131072,         0,         0,    8.43,standalone_exact_mw,20c8daca17953576b13a32f59e5f9cb54485b277119f4e6925e9023b8dd1f351,"{""distance"":7,""physical_error_rate"":0.002}","{""detection_events"":821992,""detectors_checked"":106168320}"
     97280,         0,         0,    6.01,standalone_exact_mw,20c8daca17953576b13a32f59e5f9cb54485b277119f4e6925e9023b8dd1f351,"{""distance"":7,""physical_error_rate"":0.002}","{""detection_events"":611001,""detectors_checked"":78796800}"
    105472,         0,         0,    8.36,standalone_exact_mw,20c8daca17953576b13a32f59e5f9cb54485b277119f4e6925e9023b8dd1f351,"{""distance"":7,""physical_error_rate"":0.002}","{""detection_events"":661730,""detectors_checked"":85432320}"
     79872,         0,         0,    6.05,standalone_exact_mw,20c8daca17953576b13a32f59e5f9cb54485b277119f4e6925e9023b8dd1f351,"{""distance"":7,""physical_error_rate"":0.002}","{""detection_events"":501244,""detectors_checked"":64696320}"
     91136,         0,         0,    5.98,standalone_exact_mw,20c8daca17953576b13a32f59e5f9cb54485b277119f4e6925e9023b8dd1f351,"{""distance"":7,""physical_error_rate"":0.002}","{""detection_events"":571711,""detectors_checked"":73820160}"
     94208,         0,         0,    8.46,standalone_exact_mw,20c8daca17953576b13a32f59e5f9cb54485b277119f4e6925e9023b8dd1f351,"{""distance"":7,""physical_error_rate"":0.002}","{""detection_events"":591156,""detectors_checked"":76308480}"
   1863680,         0,         0,   120.0,standalone_exact_mw,20c8daca17953576b13a32f59e5f9cb54485b277119f4e6925e9023b8dd1f351,"{""distance"":7,""physical_error_rate"":0.002}","{""detection_events"":11678071,""detectors_checked"":1509580800}"
    168960,         0,         0,    11.7,standalone_exact_mw,20c8daca17953576b13a32f59e5f9cb54485b277119f4e6925e9023b8dd1f351,"{""distance"":7,""physical_error_rate"":0.002}","{""detection_events"":1061052,""detectors_checked"":136857600}"
     92160,         0,         0,    8.39,standalone_exact_mw,20c8daca17953576b13a32f59e5f9cb54485b277119f4e6925e9023b8dd1f351,"{""distance"":7,""physical_error_rate"":0.002}","{""detection_events"":576823,""detectors_checked"":74649600}"
   1117184,         0,         0,   119.9,standalone_exact_mw,20c8daca17953576b13a32f59e5f9cb54485b277119f4e6925e9023b8dd1f351,"{""distance"":7,""physical_error_rate"":0.002}","{""detection_events"":7000957,""detectors_checked"":904919040}"
    119808,         0,         0,    8.40,standalone_exact_mw,20c8daca17953576b13a32f59e5f9cb54485b277119f4e6925e9023b8dd1f351,"{""distance"":7,""physical_error_rate"":0.002}","{""detection_events"":748499,""detectors_checked"":97044480}"
       273,         0,         0,   0.035,standalone_exact_mw,20c8daca17953576b13a32f59e5f9cb54485b277119f4e6925e9023b8dd1f351,"{""distance"":7,""physical_error_rate"":0.002}","{""detection_events"":1751,""detectors_checked"":221130}"
      1024,         0,         0,   0.129,standalone_exact_mw,20c8daca17953576b13a32f59e5f9cb54485b277119f4e6925e9023b8dd1f351,"{""distance"":7,""physical_error_rate"":0.002}","{""detection_events"":6326,""detectors_checked"":829440}"
    172032,         0,         0,    11.8,standalone_exact_mw,20c8daca17953576b13a32f59e5f9cb54485b277119f4e6925e9023b8dd1f351,"{""distance"":7,""physical_error_rate"":0.002}","{""detection_events"":1079991,""detectors_checked"":139345920}"
      1024,         0,         0,   0.128,standalone_exact_mw,20c8daca17953576b13a32f59e5f9cb54485b277119f4e6925e9023b8dd1f351,"{""distance"":7,""physical_error_rate"":0.002}","{""detection_events"":6379,""detectors_checked"":829440}"
      1024,         0,         0,   0.116,standalone_exact_mw,20c8daca17953576b13a32f59e5f9cb54485b277119f4e6925e9023b8dd1f351,"{""distance"":7,""physical_error_rate"":0.002}","{""detection_events"":6279,""detectors_checked"":829440}"
      1024,         0,         0,   0.129,standalone_exact_mw,20c8daca17953576b13a32f59e5f9cb54485b277119f4e6925e9023b8dd1f351,"{""distance"":7,""physical_error_rate"":0.002}","{""detection_events"":6395,""detectors_checked"":829440}"
      1024,         0,         0,   0.129,standalone_exact_mw,20c8daca17953576b13a32f59e5f9cb54485b277119f4e6925e9023b8dd1f351,"{""distance"":7,""physical_error_rate"":0.002}","{""detection_events"":6503,""detectors_checked"":829440}"
      1024,         0,         0,   0.135,standalone_exact_mw,20c8daca17953576b13a32f59e5f9cb54485b277119f4e6925e9023b8dd1f351,"{""distance"":7,""physical_error_rate"":0.002}","{""detection_events"":6519,""detectors_checked"":829440}"
   1165312,         0,         0,   119.9,standalone_exact_mw,20c8daca17953576b13a32f59e5f9cb54485b277119f4e6925e9023b8dd1f351,"{""distance"":7,""physical_error_rate"":0.002}","{""detection_events"":7306442,""detectors_checked"":943902720}"
      1024,         0,         0,   0.115,standalone_exact_mw,20c8daca17953576b13a32f59e5f9cb54485b277119f4e6925e9023b8dd1f351,"{""distance"":7,""physical_error_rate"":0.002}","{""detection_events"":6385,""detectors_checked"":829440}"
      2048,         0,         0,   0.243,standalone_exact_mw,20c8daca17953576b13a32f59e5f9cb54485b277119f4e6925e9023b8dd1f351,"{""distance"":7,""physical_error_rate"":0.002}","{""detection_events"":12623,""detectors_checked"":1658880}"
      2048,         0,         0,   0.337,standalone_exact_mw,20c8daca17953576b13a32f59e5f9cb54485b277119f4e6925e9023b8dd1f351,"{""distance"":7,""physical_error_rate"":0.002}","{""detection_events"":12894,""detectors_checked"":1658880}"
      3072,         0,         0,   0.387,standalone_exact_mw,20c8daca17953576b13a32f59e5f9cb54485b277119f4e6925e9023b8dd1f351,"{""distance"":7,""physical_error_rate"":0.002}","{""detection_events"":19539,""detectors_checked"":2488320}"
      4096,         0,         0,   0.503,standalone_exact_mw,20c8daca17953576b13a32f59e5f9cb54485b277119f4e6925e9023b8dd1f351,"{""distance"":7,""physical_error_rate"":0.002}","{""detection_events"":25731,""detectors_checked"":3317760}"
         1,         0,         0,   0.002,standalone_exact_mw,20c8daca17953576b13a32f59e5f9cb54485b277119f4e6925e9023b8dd1f351,"{""distance"":7,""physical_error_rate"":0.002}","{""detectors_checked"":810}"
       272,         0,         0,   0.034,standalone_exact_mw,20c8daca17953576b13a32f59e5f9cb54485b277119f4e6925e9023b8dd1f351,"{""distance"":7,""physical_error_rate"":0.002}","{""detection_events"":1888,""detectors_checked"":220320}"
      1024,         0,         0,   0.128,standalone_exact_mw,20c8daca17953576b13a32f59e5f9cb54485b277119f4e6925e9023b8dd1f351,"{""distance"":7,""physical_error_rate"":0.002}","{""detection_events"":6319,""detectors_checked"":829440}"
      1024,         0,         0,   0.127,standalone_exact_mw,20c8daca17953576b13a32f59e5f9cb54485b277119f4e6925e9023b8dd1f351,"{""distance"":7,""physical_error_rate"":0.002}","{""detection_events"":6359,""detectors_checked"":829440}"
      1024,         0,         0,   0.114,standalone_exact_mw,20c8daca17953576b13a32f59e5f9cb54485b277119f4e6925e9023b8dd1f351,"{""distance"":7,""physical_error_rate"":0.002}","{""detection_events"":6345,""detectors_checked"":829440}"
      1024,         0,         0,   0.128,standalone_exact_mw,20c8daca17953576b13a32f59e5f9cb54485b277119f4e6925e9023b8dd1f351,"{""distance"":7,""physical_error_rate"":0.002}","{""detection_events"":6390,""detectors_checked"":829440}"
      5120,         0,         0,   0.634,standalone_exact_mw,20c8daca17953576b13a32f59e5f9cb54485b277119f4e6925e9023b8dd1f351,"{""distance"":7,""physical_error_rate"":0.002}","{""detection_events"":32404,""detectors_checked"":4147200}"
      1024,         0,         0,   0.128,standalone_exact_mw,20c8daca17953576b13a32f59e5f9cb54485b277119f4e6925e9023b8dd1f351,"{""distance"":7,""physical_error_rate"":0.002}","{""detection_events"":6540,""detectors_checked"":829440}"
      1024,         0,         0,   0.132,standalone_exact_mw,20c8daca17953576b13a32f59e5f9cb54485b277119f4e6925e9023b8dd1f351,"{""distance"":7,""physical_error_rate"":0.002}","{""detection_events"":6579,""detectors_checked"":829440}"
      2048,         0,         0,   0.245,standalone_exact_mw,20c8daca17953576b13a32f59e5f9cb54485b277119f4e6925e9023b8dd1f351,"{""distance"":7,""physical_error_rate"":0.002}","{""detection_events"":12774,""detectors_checked"":1658880}"
      2048,         0,         0,   0.237,standalone_exact_mw,20c8daca17953576b13a32f59e5f9cb54485b277119f4e6925e9023b8dd1f351,"{""distance"":7,""physical_error_rate"":0.002}","{""detection_events"":12872,""detectors_checked"":1658880}"
      7168,         0,         0,   0.899,standalone_exact_mw,20c8daca17953576b13a32f59e5f9cb54485b277119f4e6925e9023b8dd1f351,"{""distance"":7,""physical_error_rate"":0.002}","{""detection_events"":44835,""detectors_checked"":5806080}"
      3072,         0,         0,   0.368,standalone_exact_mw,20c8daca17953576b13a32f59e5f9cb54485b277119f4e6925e9023b8dd1f351,"{""distance"":7,""physical_error_rate"":0.002}","{""detection_events"":19350,""detectors_checked"":2488320}"
      4096,         0,         0,   0.483,standalone_exact_mw,20c8daca17953576b13a32f59e5f9cb54485b277119f4e6925e9023b8dd1f351,"{""distance"":7,""physical_error_rate"":0.002}","{""detection_events"":25577,""detectors_checked"":3317760}"
      9216,         0,         0,    1.14,standalone_exact_mw,20c8daca17953576b13a32f59e5f9cb54485b277119f4e6925e9023b8dd1f351,"{""distance"":7,""physical_error_rate"":0.002}","{""detection_events"":57652,""detectors_checked"":7464960}"
       273,         0,         0,   0.035,standalone_exact_mw,20c8daca17953576b13a32f59e5f9cb54485b277119f4e6925e9023b8dd1f351,"{""distance"":7,""physical_error_rate"":0.002}","{""detection_events"":1762,""detectors_checked"":221130}"
      5120,         0,         0,   0.624,standalone_exact_mw,20c8daca17953576b13a32f59e5f9cb54485b277119f4e6925e9023b8dd1f351,"{""distance"":7,""physical_error_rate"":0.002}","{""detection_events"":32482,""detectors_checked"":4147200}"
         1,         0,         0,   0.002,standalone_exact_mw,20c8daca17953576b13a32f59e5f9cb54485b277119f4e6925e9023b8dd1f351,"{""distance"":7,""physical_error_rate"":0.002}","{""detection_events"":7,""detectors_checked"":810}"
      1024,         0,         0,   0.114,standalone_exact_mw,20c8daca17953576b13a32f59e5f9cb54485b277119f4e6925e9023b8dd1f351,"{""distance"":7,""physical_error_rate"":0.002}","{""detection_events"":6383,""detectors_checked"":829440}"
       272,         0,         0,   0.032,standalone_exact_mw,20c8daca17953576b13a32f59e5f9cb54485b277119f4e6925e9023b8dd1f351,"{""distance"":7,""physical_error_rate"":0.002}","{""detection_events"":1640,""detectors_checked"":220320}"
      1024,         0,         0,   0.115,standalone_exact_mw,20c8daca17953576b13a32f59e5f9cb54485b277119f4e6925e9023b8dd1f351,"{""distance"":7,""physical_error_rate"":0.002}","{""detection_events"":6373,""detectors_checked"":829440}"
      1024,         0,         0,   0.116,standalone_exact_mw,20c8daca17953576b13a32f59e5f9cb54485b277119f4e6925e9023b8dd1f351,"{""distance"":7,""physical_error_rate"":0.002}","{""detection_events"":6324,""detectors_checked"":829440}"
      1024,         0,         0,   0.115,standalone_exact_mw,20c8daca17953576b13a32f59e5f9cb54485b277119f4e6925e9023b8dd1f351,"{""distance"":7,""physical_error_rate"":0.002}","{""detection_events"":6556,""detectors_checked"":829440}"
      1024,         0,         0,   0.115,standalone_exact_mw,20c8daca17953576b13a32f59e5f9cb54485b277119f4e6925e9023b8dd1f351,"{""distance"":7,""physical_error_rate"":0.002}","{""detection_events"":6378,""detectors_checked"":829440}"
      1024,         0,         0,   0.114,standalone_exact_mw,20c8daca17953576b13a32f59e5f9cb54485b277119f4e6925e9023b8dd1f351,"{""distance"":7,""physical_error_rate"":0.002}","{""detection_events"":6518,""detectors_checked"":829440}"
      1024,         0,         0,   0.114,standalone_exact_mw,20c8daca17953576b13a32f59e5f9cb54485b277119f4e6925e9023b8dd1f351,"{""distance"":7,""physical_error_rate"":0.002}","{""detection_events"":6199,""detectors_checked"":829440}"
    176128,         0,         0,    11.7,standalone_exact_mw,20c8daca17953576b13a32f59e5f9cb54485b277119f4e6925e9023b8dd1f351,"{""distance"":7,""physical_error_rate"":0.002}","{""detection_events"":1105515,""detectors_checked"":142663680}"
      1024,         0,         0,   0.109,standalone_exact_mw,20c8daca17953576b13a32f59e5f9cb54485b277119f4e6925e9023b8dd1f351,"{""distance"":7,""physical_error_rate"":0.002}","{""detection_events"":6363,""detectors_checked"":829440}"
      1024,         0,         0,   0.125,standalone_exact_mw,20c8daca17953576b13a32f59e5f9cb54485b277119f4e6925e9023b8dd1f351,"{""distance"":7,""physical_error_rate"":0.002}","{""detection_events"":6505,""detectors_checked"":829440}"
      1024,         0,         0,   0.114,standalone_exact_mw,20c8daca17953576b13a32f59e5f9cb54485b277119f4e6925e9023b8dd1f351,"{""distance"":7,""physical_error_rate"":0.002}","{""detection_events"":6321,""detectors_checked"":829440}"
      1024,         0,         0,   0.127,standalone_exact_mw,20c8daca17953576b13a32f59e5f9cb54485b277119f4e6925e9023b8dd1f351,"{""distance"":7,""physical_error_rate"":0.002}","{""detection_events"":6259,""detectors_checked"":829440}"
      1024,         0,         0,   0.127,standalone_exact_mw,20c8daca17953576b13a32f59e5f9cb54485b277119f4e6925e9023b8dd1f351,"{""distance"":7,""physical_error_rate"":0.002}","{""detection_events"":6349,""detectors_checked"":829440}"
      1024,         0,         0,   0.129,standalone_exact_mw,20c8daca17953576b13a32f59e5f9cb54485b277119f4e6925e9023b8dd1f351,"{""distance"":7,""physical_error_rate"":0.002}","{""detection_events"":6576,""detectors_checked"":829440}"
      7168,         0,         0,   0.859,standalone_exact_mw,20c8daca17953576b13a32f59e5f9cb54485b277119f4e6925e9023b8dd1f351,"{""distance"":7,""physical_error_rate"":0.002}","{""detection_events"":44588,""detectors_checked"":5806080}"
      2048,         0,         0,   0.233,standalone_exact_mw,20c8daca17953576b13a32f59e5f9cb54485b277119f4e6925e9023b8dd1f351,"{""distance"":7,""physical_error_rate"":0.002}","{""detection_events"":12564,""detectors_checked"":1658880}"
      2048,         0,         0,   0.244,standalone_exact_mw,20c8daca17953576b13a32f59e5f9cb54485b277119f4e6925e9023b8dd1f351,"{""distance"":7,""physical_error_rate"":0.002}","{""detection_events"":12918,""detectors_checked"":1658880}"
         1,         0,         0,   0.003,standalone_exact_mw,20c8daca17953576b13a32f59e5f9cb54485b277119f4e6925e9023b8dd1f351,"{""distance"":7,""physical_error_rate"":0.002}","{""detection_events"":2,""detectors_checked"":810}"
       272,         0,         0,   0.033,standalone_exact_mw,20c8daca17953576b13a32f59e5f9cb54485b277119f4e6925e9023b8dd1f351,"{""distance"":7,""physical_error_rate"":0.002}","{""detection_events"":1722,""detectors_checked"":220320}"
      2048,         0,         0,   0.241,standalone_exact_mw,20c8daca17953576b13a32f59e5f9cb54485b277119f4e6925e9023b8dd1f351,"{""distance"":7,""physical_error_rate"":0.002}","{""detection_events"":12865,""detectors_checked"":1658880}"
      2048,         0,         0,   0.244,standalone_exact_mw,20c8daca17953576b13a32f59e5f9cb54485b277119f4e6925e9023b8dd1f351,"{""distance"":7,""physical_error_rate"":0.002}","{""detection_events"":12785,""detectors_checked"":1658880}"
      1024,         0,         0,   0.115,standalone_exact_mw,20c8daca17953576b13a32f59e5f9cb54485b277119f4e6925e9023b8dd1f351,"{""distance"":7,""physical_error_rate"":0.002}","{""detection_events"":6585,""detectors_checked"":829440}"
      1024,         0,         0,   0.101,standalone_exact_mw,20c8daca17953576b13a32f59e5f9cb54485b277119f4e6925e9023b8dd1f351,"{""distance"":7,""physical_error_rate"":0.002}","{""detection_events"":6385,""detectors_checked"":829440}"
     13312,         0,         0,    1.66,standalone_exact_mw,20c8daca17953576b13a32f59e5f9cb54485b277119f4e6925e9023b8dd1f351,"{""distance"":7,""physical_error_rate"":0.002}","{""detection_events"":84087,""detectors_checked"":10782720}"
      1024,         0,         0,   0.062,standalone_exact_mw,20c8daca17953576b13a32f59e5f9cb54485b277119f4e6925e9023b8dd1f351,"{""distance"":7,""physical_error_rate"":0.002}","{""detection_events"":6263,""detectors_checked"":829440}"
      1024,         0,         0,   0.063,standalone_exact_mw,20c8daca17953576b13a32f59e5f9cb54485b277119f4e6925e9023b8dd1f351,"{""distance"":7,""physical_error_rate"":0.002}","{""detection_events"":6376,""detectors_checked"":829440}"
      3072,         0,         0,   0.357,standalone_exact_mw,20c8daca17953576b13a32f59e5f9cb54485b277119f4e6925e9023b8dd1f351,"{""distance"":7,""physical_error_rate"":0.002}","{""detection_events"":19562,""detectors_checked"":2488320}"
      3072,         0,         0,   0.370,standalone_exact_mw,20c8daca17953576b13a32f59e5f9cb54485b277119f4e6925e9023b8dd1f351,"{""distance"":7,""physical_error_rate"":0.002}","{""detection_events"":19335,""detectors_checked"":2488320}"
      2048,         0,         0,   0.125,standalone_exact_mw,20c8daca17953576b13a32f59e5f9cb54485b277119f4e6925e9023b8dd1f351,"{""distance"":7,""physical_error_rate"":0.002}","{""detection_events"":12704,""detectors_checked"":1658880}"
      2048,         0,         0,   0.124,standalone_exact_mw,20c8daca17953576b13a32f59e5f9cb54485b277119f4e6925e9023b8dd1f351,"{""distance"":7,""physical_error_rate"":0.002}","{""detection_events"":12821,""detectors_checked"":1658880}"
      9216,         0,         0,    1.13,standalone_exact_mw,20c8daca17953576b13a32f59e5f9cb54485b277119f4e6925e9023b8dd1f351,"{""distance"":7,""physical_error_rate"":0.002}","{""detection_events"":57811,""detectors_checked"":7464960}"
      3072,         0,         0,   0.185,standalone_exact_mw,20c8daca17953576b13a32f59e5f9cb54485b277119f4e6925e9023b8dd1f351,"{""distance"":7,""physical_error_rate"":0.002}","{""detection_events"":19299,""detectors_checked"":2488320}"
      4096,         0,         0,   0.506,standalone_exact_mw,20c8daca17953576b13a32f59e5f9cb54485b277119f4e6925e9023b8dd1f351,"{""distance"":7,""physical_error_rate"":0.002}","{""detection_events"":25340,""detectors_checked"":3317760}"
      4096,         0,         0,   0.501,standalone_exact_mw,20c8daca17953576b13a32f59e5f9cb54485b277119f4e6925e9023b8dd1f351,"{""distance"":7,""physical_error_rate"":0.002}","{""detection_events"":25906,""detectors_checked"":3317760}"
      4096,         0,         0,   0.248,standalone_exact_mw,20c8daca17953576b13a32f59e5f9cb54485b277119f4e6925e9023b8dd1f351,"{""distance"":7,""physical_error_rate"":0.002}","{""detection_events"":25660,""detectors_checked"":3317760}"
      4096,         0,         0,   0.391,standalone_exact_mw,20c8daca17953576b13a32f59e5f9cb54485b277119f4e6925e9023b8dd1f351,"{""distance"":7,""physical_error_rate"":0.002}","{""detection_events"":25241,""detectors_checked"":3317760}"
      5120,         0,         0,   0.623,standalone_exact_mw,20c8daca17953576b13a32f59e5f9cb54485b277119f4e6925e9023b8dd1f351,"{""distance"":7,""physical_error_rate"":0.002}","{""detection_events"":31895,""detectors_checked"":4147200}"
      5120,         0,         0,   0.622,standalone_exact_mw,20c8daca17953576b13a32f59e5f9cb54485b277119f4e6925e9023b8dd1f351,"{""distance"":7,""physical_error_rate"":0.002}","{""detection_events"":32341,""detectors_checked"":4147200}"
      4096,         0,         0,   0.500,standalone_exact_mw,20c8daca17953576b13a32f59e5f9cb54485b277119f4e6925e9023b8dd1f351,"{""distance"":7,""physical_error_rate"":0.002}","{""detection_events"":25963,""detectors_checked"":3317760}"
     13312,         0,         0,    1.63,standalone_exact_mw,20c8daca17953576b13a32f59e5f9cb54485b277119f4e6925e9023b8dd1f351,"{""distance"":7,""physical_error_rate"":0.002}","{""detection_events"":82695,""detectors_checked"":10782720}"
     17408,         0,         0,    2.18,standalone_exact_mw,20c8daca17953576b13a32f59e5f9cb54485b277119f4e6925e9023b8dd1f351,"{""distance"":7,""physical_error_rate"":0.002}","{""detection_events"":109643,""detectors_checked"":14100480}"
      7168,         0,         0,   0.875,standalone_exact_mw,20c8daca17953576b13a32f59e5f9cb54485b277119f4e6925e9023b8dd1f351,"{""distance"":7,""physical_error_rate"":0.002}","{""detection_events"":45036,""detectors_checked"":5806080}"
      7168,         0,         0,   0.862,standalone_exact_mw,20c8daca17953576b13a32f59e5f9cb54485b277119f4e6925e9023b8dd1f351,"{""distance"":7,""physical_error_rate"":0.002}","{""detection_events"":44558,""detectors_checked"":5806080}"
      5120,         0,         0,   0.614,standalone_exact_mw,20c8daca17953576b13a32f59e5f9cb54485b277119f4e6925e9023b8dd1f351,"{""distance"":7,""physical_error_rate"":0.002}","{""detection_events"":32179,""detectors_checked"":4147200}"
       273,         0,         0,   0.022,standalone_exact_mw,20c8daca17953576b13a32f59e5f9cb54485b277119f4e6925e9023b8dd1f351,"{""distance"":7,""physical_error_rate"":0.002}","{""detection_events"":1583,""detectors_checked"":221130}"
      1024,         0,         0,   0.063,standalone_exact_mw,20c8daca17953576b13a32f59e5f9cb54485b277119f4e6925e9023b8dd1f351,"{""distance"":7,""physical_error_rate"":0.002}","{""detection_events"":6473,""detectors_checked"":829440}"
      1024,         0,         0,   0.062,standalone_exact_mw,20c8daca17953576b13a32f59e5f9cb54485b277119f4e6925e9023b8dd1f351,"{""distance"":7,""physical_error_rate"":0.002}","{""detection_events"":6332,""detectors_checked"":829440}"
    140288,         0,         0,    11.8,standalone_exact_mw,20c8daca17953576b13a32f59e5f9cb54485b277119f4e6925e9023b8dd1f351,"{""distance"":7,""physical_error_rate"":0.002}","{""detection_events"":880316,""detectors_checked"":113633280}"
      1024,         0,         0,   0.106,standalone_exact_mw,20c8daca17953576b13a32f59e5f9cb54485b277119f4e6925e9023b8dd1f351,"{""distance"":7,""physical_error_rate"":0.002}","{""detection_events"":6465,""detectors_checked"":829440}"
      1024,         0,         0,   0.130,standalone_exact_mw,20c8daca17953576b13a32f59e5f9cb54485b277119f4e6925e9023b8dd1f351,"{""distance"":7,""physical_error_rate"":0.002}","{""detection_events"":6571,""detectors_checked"":829440}"
      1024,         0,         0,   0.115,standalone_exact_mw,20c8daca17953576b13a32f59e5f9cb54485b277119f4e6925e9023b8dd1f351,"{""distance"":7,""physical_error_rate"":0.002}","{""detection_events"":6258,""detectors_checked"":829440}"
      1024,         0,         0,   0.115,standalone_exact_mw,20c8daca17953576b13a32f59e5f9cb54485b277119f4e6925e9023b8dd1f351,"{""distance"":7,""physical_error_rate"":0.002}","{""detection_events"":6380,""detectors_checked"":829440}"
      8192,         0,         0,   0.799,standalone_exact_mw,20c8daca17953576b13a32f59e5f9cb54485b277119f4e6925e9023b8dd1f351,"{""distance"":7,""physical_error_rate"":0.002}","{""detection_events"":52057,""detectors_checked"":6635520}"
      1024,         0,         0,   0.130,standalone_exact_mw,20c8daca17953576b13a32f59e5f9cb54485b277119f4e6925e9023b8dd1f351,"{""distance"":7,""physical_error_rate"":0.002}","{""detection_events"":6708,""detectors_checked"":829440}"
      9216,         0,         0,    1.13,standalone_exact_mw,20c8daca17953576b13a32f59e5f9cb54485b277119f4e6925e9023b8dd1f351,"{""distance"":7,""physical_error_rate"":0.002}","{""detection_events"":57515,""detectors_checked"":7464960}"
      2048,         0,         0,   0.245,standalone_exact_mw,20c8daca17953576b13a32f59e5f9cb54485b277119f4e6925e9023b8dd1f351,"{""distance"":7,""physical_error_rate"":0.002}","{""detection_events"":12986,""detectors_checked"":1658880}"
     10240,         0,         0,    1.23,standalone_exact_mw,20c8daca17953576b13a32f59e5f9cb54485b277119f4e6925e9023b8dd1f351,"{""distance"":7,""physical_error_rate"":0.002}","{""detection_events"":63554,""detectors_checked"":8294400}"
   1045504,         0,         0,   120.0,standalone_exact_mw,20c8daca17953576b13a32f59e5f9cb54485b277119f4e6925e9023b8dd1f351,"{""distance"":7,""physical_error_rate"":0.002}","{""detection_events"":6558577,""detectors_checked"":846858240}"
      2048,         0,         0,   0.258,standalone_exact_mw,20c8daca17953576b13a32f59e5f9cb54485b277119f4e6925e9023b8dd1f351,"{""distance"":7,""physical_error_rate"":0.002}","{""detection_events"":12810,""detectors_checked"":1658880}"
    169984,         0,         0,    11.7,standalone_exact_mw,20c8daca17953576b13a32f59e5f9cb54485b277119f4e6925e9023b8dd1f351,"{""distance"":7,""physical_error_rate"":0.002}","{""detection_events"":1066640,""detectors_checked"":137687040}"
      3072,         0,         0,   0.386,standalone_exact_mw,20c8daca17953576b13a32f59e5f9cb54485b277119f4e6925e9023b8dd1f351,"{""distance"":7,""physical_error_rate"":0.002}","{""detection_events"":19284,""detectors_checked"":2488320}"
     18432,         0,         0,    1.11,standalone_exact_mw,20c8daca17953576b13a32f59e5f9cb54485b277119f4e6925e9023b8dd1f351,"{""distance"":7,""physical_error_rate"":0.002}","{""detection_events"":115006,""detectors_checked"":14929920}"
     18432,         0,         0,    2.24,standalone_exact_mw,20c8daca17953576b13a32f59e5f9cb54485b277119f4e6925e9023b8dd1f351,"{""distance"":7,""physical_error_rate"":0.002}","{""detection_events"":114010,""detectors_checked"":14929920}"
      4096,         0,         0,   0.532,standalone_exact_mw,20c8daca17953576b13a32f59e5f9cb54485b277119f4e6925e9023b8dd1f351,"{""distance"":7,""physical_error_rate"":0.002}","{""detection_events"":25975,""detectors_checked"":3317760}"
     13312,         0,         0,    1.65,standalone_exact_mw,20c8daca17953576b13a32f59e5f9cb54485b277119f4e6925e9023b8dd1f351,"{""distance"":7,""physical_error_rate"":0.002}","{""detection_events"":84220,""detectors_checked"":10782720}"
     13312,         0,         0,    1.63,standalone_exact_mw,20c8daca17953576b13a32f59e5f9cb54485b277119f4e6925e9023b8dd1f351,"{""distance"":7,""physical_error_rate"":0.002}","{""detection_events"":83610,""detectors_checked"":10782720}"
      5120,         0,         0,   0.651,standalone_exact_mw,20c8daca17953576b13a32f59e5f9cb54485b277119f4e6925e9023b8dd1f351,"{""distance"":7,""physical_error_rate"":0.002}","{""detection_events"":31943,""detectors_checked"":4147200}"
     24576,         0,         0,    3.09,standalone_exact_mw,20c8daca17953576b13a32f59e5f9cb54485b277119f4e6925e9023b8dd1f351,"{""distance"":7,""physical_error_rate"":0.002}","{""detection_events"":155055,""detectors_checked"":19906560}"
   1184768,         0,         0,   119.9,standalone_exact_mw,20c8daca17953576b13a32f59e5f9cb54485b277119f4e6925e9023b8dd1f351,"{""distance"":7,""physical_error_rate"":0.002}","{""detection_events"":7420419,""detectors_checked"":959662080}"
     19456,         0,         0,    1.63,standalone_exact_mw,20c8daca17953576b13a32f59e5f9cb54485b277119f4e6925e9023b8dd1f351,"{""distance"":7,""physical_error_rate"":0.002}","{""detection_events"":123128,""detectors_checked"":15759360}"
      7168,         0,         0,   0.902,standalone_exact_mw,20c8daca17953576b13a32f59e5f9cb54485b277119f4e6925e9023b8dd1f351,"{""distance"":7,""physical_error_rate"":0.002}","{""detection_events"":44555,""detectors_checked"":5806080}"
   1105920,         0,         0,   120.0,standalone_exact_mw,20c8daca17953576b13a32f59e5f9cb54485b277119f4e6925e9023b8dd1f351,"{""distance"":7,""physical_error_rate"":0.002}","{""detection_events"":6926137,""detectors_checked"":895795200}"
    256000,         0,         0,    16.5,standalone_exact_mw,20c8daca17953576b13a32f59e5f9cb54485b277119f4e6925e9023b8dd1f351,"{""distance"":7,""physical_error_rate"":0.002}","{""detection_events"":1604890,""detectors_checked"":207360000}"
     24576,         0,         0,    2.19,standalone_exact_mw,20c8daca17953576b13a32f59e5f9cb54485b277119f4e6925e9023b8dd1f351,"{""distance"":7,""physical_error_rate"":0.002}","{""detection_events"":154433,""detectors_checked"":19906560}"
     17408,         0,         0,    1.15,standalone_exact_mw,20c8daca17953576b13a32f59e5f9cb54485b277119f4e6925e9023b8dd1f351,"{""distance"":7,""physical_error_rate"":0.002}","{""detection_events"":109717,""detectors_checked"":14100480}"
     18432,         0,         0,    2.24,standalone_exact_mw,20c8daca17953576b13a32f59e5f9cb54485b277119f4e6925e9023b8dd1f351,"{""distance"":7,""physical_error_rate"":0.002}","{""detection_events"":115003,""detectors_checked"":14929920}"
     25600,         0,         0,    3.11,standalone_exact_mw,20c8daca17953576b13a32f59e5f9cb54485b277119f4e6925e9023b8dd1f351,"{""distance"":7,""physical_error_rate"":0.002}","{""detection_events"":160225,""detectors_checked"":20736000}"
     18432,         0,         0,    2.24,standalone_exact_mw,20c8daca17953576b13a32f59e5f9cb54485b277119f4e6925e9023b8dd1f351,"{""distance"":7,""physical_error_rate"":0.002}","{""detection_events"":115424,""detectors_checked"":14929920}"
     13312,         0,         0,    1.64,standalone_exact_mw,20c8daca17953576b13a32f59e5f9cb54485b277119f4e6925e9023b8dd1f351,"{""distance"":7,""physical_error_rate"":0.002}","{""detection_events"":82901,""detectors_checked"":10782720}"
     34816,         0,         0,    4.36,standalone_exact_mw,20c8daca17953576b13a32f59e5f9cb54485b277119f4e6925e9023b8dd1f351,"{""distance"":7,""physical_error_rate"":0.002}","{""detection_events"":218476,""detectors_checked"":28200960}"
    231424,         0,         0,    16.4,standalone_exact_mw,20c8daca17953576b13a32f59e5f9cb54485b277119f4e6925e9023b8dd1f351,"{""distance"":7,""physical_error_rate"":0.002}","{""detection_events"":1449308,""detectors_checked"":187453440}"
     31744,         0,         0,    3.17,standalone_exact_mw,20c8daca17953576b13a32f59e5f9cb54485b277119f4e6925e9023b8dd1f351,"{""distance"":7,""physical_error_rate"":0.002}","{""detection_events"":199522,""detectors_checked"":25712640}"
     25600,         0,         0,    3.12,standalone_exact_mw,20c8daca17953576b13a32f59e5f9cb54485b277119f4e6925e9023b8dd1f351,"{""distance"":7,""physical_error_rate"":0.002}","{""detection_events"":161273,""detectors_checked"":20736000}"
     29696,         0,         0,    3.07,standalone_exact_mw,20c8daca17953576b13a32f59e5f9cb54485b277119f4e6925e9023b8dd1f351,"{""distance"":7,""physical_error_rate"":0.002}","{""detection_events"":185582,""detectors_checked"":24053760}"
     21504,         0,         0,    2.29,standalone_exact_mw,20c8daca17953576b13a32f59e5f9cb54485b277119f4e6925e9023b8dd1f351,"{""distance"":7,""physical_error_rate"":0.002}","{""detection_events"":134382,""detectors_checked"":17418240}"
     39936,         0,         0,    4.27,standalone_exact_mw,20c8daca17953576b13a32f59e5f9cb54485b277119f4e6925e9023b8dd1f351,"{""distance"":7,""physical_error_rate"":0.002}","{""detection_events"":251120,""detectors_checked"":32348160}"
    940032,         0,         0,   120.0,standalone_exact_mw,20c8daca17953576b13a32f59e5f9cb54485b277119f4e6925e9023b8dd1f351,"{""distance"":7,""physical_error_rate"":0.002}","{""detection_events"":5890815,""detectors_checked"":761425920}"
     24576,         0,         0,    3.13,standalone_exact_mw,20c8daca17953576b13a32f59e5f9cb54485b277119f4e6925e9023b8dd1f351,"{""distance"":7,""physical_error_rate"":0.002}","{""detection_events"":153858,""detectors_checked"":19906560}"
   1067008,         0,         0,   119.9,standalone_exact_mw,20c8daca17953576b13a32f59e5f9cb54485b277119f4e6925e9023b8dd1f351,"{""distance"":7,""physical_error_rate"":0.002}","{""detection_events"":6685801,""detectors_checked"":864276480}"
     45056,         0,         0,    4.29,standalone_exact_mw,20c8daca17953576b13a32f59e5f9cb54485b277119f4e6925e9023b8dd1f351,"{""distance"":7,""physical_error_rate"":0.002}","{""detection_events"":281806,""detectors_checked"":36495360}"
     49152,         0,         0,    4.29,standalone_exact_mw,20c8daca17953576b13a32f59e5f9cb54485b277119f4e6925e9023b8dd1f351,"{""distance"":7,""physical_error_rate"":0.002}","{""detection_events"":308232,""detectors_checked"":39813120}"
    266240,         0,         0,    16.4,standalone_exact_mw,20c8daca17953576b13a32f59e5f9cb54485b277119f4e6925e9023b8dd1f351,"{""distance"":7,""physical_error_rate"":0.002}","{""detection_events"":1669106,""detectors_checked"":215654400}"
     40960,         0,         0,    4.31,standalone_exact_mw,20c8daca17953576b13a32f59e5f9cb54485b277119f4e6925e9023b8dd1f351,"{""distance"":7,""physical_error_rate"":0.002}","{""detection_events"":257582,""detectors_checked"":33177600}"
     61440,         0,         0,    6.10,standalone_exact_mw,20c8daca17953576b13a32f59e5f9cb54485b277119f4e6925e9023b8dd1f351,"{""distance"":7,""physical_error_rate"":0.002}","{""detection_events"":384591,""detectors_checked"":49766400}"
        17,         0,         0,   0.014,standalone_exact_mw,20c8daca17953576b13a32f59e5f9cb54485b277119f4e6925e9023b8dd1f351,"{""distance"":7,""physical_error_rate"":0.002}","{""detection_events"":72,""detectors_checked"":13770}"
       256,         0,         0,   0.016,standalone_exact_mw,20c8daca17953576b13a32f59e5f9cb54485b277119f4e6925e9023b8dd1f351,"{""distance"":7,""physical_error_rate"":0.002}","{""detection_events"":1591,""detectors_checked"":207360}"
      1024,         0,         0,   0.127,standalone_exact_mw,20c8daca17953576b13a32f59e5f9cb54485b277119f4e6925e9023b8dd1f351,"{""distance"":7,""physical_error_rate"":0.002}","{""detection_events"":6258,""detectors_checked"":829440}"
      1024,         0,         0,   0.129,standalone_exact_mw,20c8daca17953576b13a32f59e5f9cb54485b277119f4e6925e9023b8dd1f351,"{""distance"":7,""physical_error_rate"":0.002}","{""detection_events"":6473,""detectors_checked"":829440}"
      1024,         0,         0,   0.129,standalone_exact_mw,20c8daca17953576b13a32f59e5f9cb54485b277119f4e6925e9023b8dd1f351,"{""distance"":7,""physical_error_rate"":0.002}","{""detection_events"":6530,""detectors_checked"":829440}"
    611328,         0,         0,   119.9,standalone_exact_mw,20c8daca17953576b13a32f59e5f9cb54485b277119f4e6925e9023b8dd1f351,"{""distance"":7,""physical_error_rate"":0.002}","{""detection_events"":3827453,""detectors_checked"":495175680}"
      1024,         0,         0,   0.128,standalone_exact_mw,20c8daca17953576b13a32f59e5f9cb54485b277119f4e6925e9023b8dd1f351,"{""distance"":7,""physical_error_rate"":0.002}","{""detection_events"":6445,""detectors_checked"":829440}"
      1024,         0,         0,   0.129,standalone_exact_mw,20c8daca17953576b13a32f59e5f9cb54485b277119f4e6925e9023b8dd1f351,"{""distance"":7,""physical_error_rate"":0.002}","{""detection_events"":6503,""detectors_checked"":829440}"
      1024,         0,         0,   0.114,standalone_exact_mw,20c8daca17953576b13a32f59e5f9cb54485b277119f4e6925e9023b8dd1f351,"{""distance"":7,""physical_error_rate"":0.002}","{""detection_events"":6330,""detectors_checked"":829440}"
      2048,         0,         0,   0.254,standalone_exact_mw,20c8daca17953576b13a32f59e5f9cb54485b277119f4e6925e9023b8dd1f351,"{""distance"":7,""physical_error_rate"":0.002}","{""detection_events"":12499,""detectors_checked"":1658880}"
      2048,         0,         0,   0.253,standalone_exact_mw,20c8daca17953576b13a32f59e5f9cb54485b277119f4e6925e9023b8dd1f351,"{""distance"":7,""physical_error_rate"":0.002}","{""detection_events"":12576,""detectors_checked"":1658880}"
        17,         0,         0,   0.014,standalone_exact_mw,20c8daca17953576b13a32f59e5f9cb54485b277119f4e6925e9023b8dd1f351,"{""distance"":7,""physical_error_rate"":0.002}","{""detection_events"":104,""detectors_checked"":13770}"
       256,         0,         0,   0.029,standalone_exact_mw,20c8daca17953576b13a32f59e5f9cb54485b277119f4e6925e9023b8dd1f351,"{""distance"":7,""physical_error_rate"":0.002}","{""detection_events"":1548,""detectors_checked"":207360}"
      1024,         0,         0,   0.127,standalone_exact_mw,20c8daca17953576b13a32f59e5f9cb54485b277119f4e6925e9023b8dd1f351,"{""distance"":7,""physical_error_rate"":0.002}","{""detection_events"":6381,""detectors_checked"":829440}"
      3072,         0,         0,   0.371,standalone_exact_mw,20c8daca17953576b13a32f59e5f9cb54485b277119f4e6925e9023b8dd1f351,"{""distance"":7,""physical_error_rate"":0.002}","{""detection_events"":19106,""detectors_checked"":2488320}"
      1024,         0,         0,   0.127,standalone_exact_mw,20c8daca17953576b13a32f59e5f9cb54485b277119f4e6925e9023b8dd1f351,"{""distance"":7,""physical_error_rate"":0.002}","{""detection_events"":6335,""detectors_checked"":829440}"
         1,         0,         0,   0.003,standalone_exact_mw,20c8daca17953576b13a32f59e5f9cb54485b277119f4e6925e9023b8dd1f351,"{""distance"":7,""physical_error_rate"":0.002}","{""detection_events"":4,""detectors_checked"":810}"
       272,         0,         0,   0.032,standalone_exact_mw,20c8daca17953576b13a32f59e5f9cb54485b277119f4e6925e9023b8dd1f351,"{""distance"":7,""physical_error_rate"":0.002}","{""detection_events"":1614,""detectors_checked"":220320}"
      1024,         0,         0,   0.113,standalone_exact_mw,20c8daca17953576b13a32f59e5f9cb54485b277119f4e6925e9023b8dd1f351,"{""distance"":7,""physical_error_rate"":0.002}","{""detection_events"":6390,""detectors_checked"":829440}"
      1024,         0,         0,   0.115,standalone_exact_mw,20c8daca17953576b13a32f59e5f9cb54485b277119f4e6925e9023b8dd1f351,"{""distance"":7,""physical_error_rate"":0.002}","{""detection_events"":6324,""detectors_checked"":829440}"
      1024,         0,         0,   0.113,standalone_exact_mw,20c8daca17953576b13a32f59e5f9cb54485b277119f4e6925e9023b8dd1f351,"{""distance"":7,""physical_error_rate"":0.002}","{""detection_events"":6460,""detectors_checked"":829440}"
      1024,         0,         0,   0.115,standalone_exact_mw,20c8daca17953576b13a32f59e5f9cb54485b277119f4e6925e9023b8dd1f351,"{""distance"":7,""physical_error_rate"":0.002}","{""detection_events"":6181,""detectors_checked"":829440}"
     52224,         0,         0,    6.04,standalone_exact_mw,20c8daca17953576b13a32f59e5f9cb54485b277119f4e6925e9023b8dd1f351,"{""distance"":7,""physical_error_rate"":0.002}","{""detection_events"":326883,""detectors_checked"":42301440}"
      1024,         0,         0,   0.128,standalone_exact_mw,20c8daca17953576b13a32f59e5f9cb54485b277119f4e6925e9023b8dd1f351,"{""distance"":7,""physical_error_rate"":0.002}","{""detection_events"":6727,""detectors_checked"":829440}"
      1024,         0,         0,   0.127,standalone_exact_mw,20c8daca17953576b13a32f59e5f9cb54485b277119f4e6925e9023b8dd1f351,"{""distance"":7,""physical_error_rate"":0.002}","{""detection_events"":6633,""detectors_checked"":829440}"
      1024,         0,         0,   0.114,standalone_exact_mw,20c8daca17953576b13a32f59e5f9cb54485b277119f4e6925e9023b8dd1f351,"{""distance"":7,""physical_error_rate"":0.002}","{""detection_events"":6428,""detectors_checked"":829440}"
      4096,         0,         0,   0.511,standalone_exact_mw,20c8daca17953576b13a32f59e5f9cb54485b277119f4e6925e9023b8dd1f351,"{""distance"":7,""physical_error_rate"":0.002}","{""detection_events"":25610,""detectors_checked"":3317760}"
      1024,         0,         0,   0.116,standalone_exact_mw,20c8daca17953576b13a32f59e5f9cb54485b277119f4e6925e9023b8dd1f351,"{""distance"":7,""physical_error_rate"":0.002}","{""detection_events"":6703,""detectors_checked"":829440}"
      1024,         0,         0,   0.116,standalone_exact_mw,20c8daca17953576b13a32f59e5f9cb54485b277119f4e6925e9023b8dd1f351,"{""distance"":7,""physical_error_rate"":0.002}","{""detection_events"":6437,""detectors_checked"":829440}"
      2048,         0,         0,   0.241,standalone_exact_mw,20c8daca17953576b13a32f59e5f9cb54485b277119f4e6925e9023b8dd1f351,"{""distance"":7,""physical_error_rate"":0.002}","{""detection_events"":12806,""detectors_checked"":1658880}"
      1024,         0,         0,   0.129,standalone_exact_mw,20c8daca17953576b13a32f59e5f9cb54485b277119f4e6925e9023b8dd1f351,"{""distance"":7,""physical_error_rate"":0.002}","{""detection_events"":6369,""detectors_checked"":829440}"
    458672,         0,         0,    28.8,standalone_exact_mw,20c8daca17953576b13a32f59e5f9cb54485b277119f4e6925e9023b8dd1f351,"{""distance"":7,""physical_error_rate"":0.002}","{""detection_events"":2875177,""detectors_checked"":371524320}"
      2048,         0,         0,   0.241,standalone_exact_mw,20c8daca17953576b13a32f59e5f9cb54485b277119f4e6925e9023b8dd1f351,"{""distance"":7,""physical_error_rate"":0.002}","{""detection_events"":13008,""detectors_checked"":1658880}"
      2048,         0,         0,   0.257,standalone_exact_mw,20c8daca17953576b13a32f59e5f9cb54485b277119f4e6925e9023b8dd1f351,"{""distance"":7,""physical_error_rate"":0.002}","{""detection_events"":12663,""detectors_checked"":1658880}"
      5120,         0,         0,   0.614,standalone_exact_mw,20c8daca17953576b13a32f59e5f9cb54485b277119f4e6925e9023b8dd1f351,"{""distance"":7,""physical_error_rate"":0.002}","{""detection_events"":32104,""detectors_checked"":4147200}"
     50176,         0,         0,    4.31,standalone_exact_mw,20c8daca17953576b13a32f59e5f9cb54485b277119f4e6925e9023b8dd1f351,"{""distance"":7,""physical_error_rate"":0.002}","{""detection_events"":315359,""detectors_checked"":40642560}"
      2048,         0,         0,   0.256,standalone_exact_mw,20c8daca17953576b13a32f59e5f9cb54485b277119f4e6925e9023b8dd1f351,"{""distance"":7,""physical_error_rate"":0.002}","{""detection_events"":12356,""detectors_checked"":1658880}"
      3072,         0,         0,   0.367,standalone_exact_mw,20c8daca17953576b13a32f59e5f9cb54485b277119f4e6925e9023b8dd1f351,"{""distance"":7,""physical_error_rate"":0.002}","{""detection_events"":18719,""detectors_checked"":2488320}"
    239616,         0,         0,    16.5,standalone_exact_mw,20c8daca17953576b13a32f59e5f9cb54485b277119f4e6925e9023b8dd1f351,"{""distance"":7,""physical_error_rate"":0.002}","{""detection_events"":1503222,""detectors_checked"":194088960}"
      3072,         0,         0,   0.387,standalone_exact_mw,20c8daca17953576b13a32f59e5f9cb54485b277119f4e6925e9023b8dd1f351,"{""distance"":7,""physical_error_rate"":0.002}","{""detection_events"":19596,""detectors_checked"":2488320}"
      4096,         0,         0,   0.496,standalone_exact_mw,20c8daca17953576b13a32f59e5f9cb54485b277119f4e6925e9023b8dd1f351,"{""distance"":7,""physical_error_rate"":0.002}","{""detection_events"":25510,""detectors_checked"":3317760}"
      7168,         0,         0,   0.900,standalone_exact_mw,20c8daca17953576b13a32f59e5f9cb54485b277119f4e6925e9023b8dd1f351,"{""distance"":7,""physical_error_rate"":0.002}","{""detection_events"":45053,""detectors_checked"":5806080}"
      4096,         0,         0,   0.503,standalone_exact_mw,20c8daca17953576b13a32f59e5f9cb54485b277119f4e6925e9023b8dd1f351,"{""distance"":7,""physical_error_rate"":0.002}","{""detection_events"":25746,""detectors_checked"":3317760}"
      5120,         0,         0,   0.617,standalone_exact_mw,20c8daca17953576b13a32f59e5f9cb54485b277119f4e6925e9023b8dd1f351,"{""distance"":7,""physical_error_rate"":0.002}","{""detection_events"":32405,""detectors_checked"":4147200}"
   1178624,         0,         0,   119.9,standalone_exact_mw,20c8daca17953576b13a32f59e5f9cb54485b277119f4e6925e9023b8dd1f351,"{""distance"":7,""physical_error_rate"":0.002}","{""detection_events"":7380157,""detectors_checked"":954685440}"
      5120,         0,         0,   0.633,standalone_exact_mw,20c8daca17953576b13a32f59e5f9cb54485b277119f4e6925e9023b8dd1f351,"{""distance"":7,""physical_error_rate"":0.002}","{""detection_events"":32165,""detectors_checked"":4147200}"
    240640,         0,         0,    16.4,standalone_exact_mw,20c8daca17953576b13a32f59e5f9cb54485b277119f4e6925e9023b8dd1f351,"{""distance"":7,""physical_error_rate"":0.002}","{""detection_events"":1506264,""detectors_checked"":194918400}"
      9216,         0,         0,    1.13,standalone_exact_mw,20c8daca17953576b13a32f59e5f9cb54485b277119f4e6925e9023b8dd1f351,"{""distance"":7,""physical_error_rate"":0.002}","{""detection_events"":58170,""detectors_checked"":7464960}"
     72704,         0,         0,    6.01,standalone_exact_mw,20c8daca17953576b13a32f59e5f9cb54485b277119f4e6925e9023b8dd1f351,"{""distance"":7,""physical_error_rate"":0.002}","{""detection_events"":456898,""detectors_checked"":58890240}"
     52224,         0,         0,    6.06,standalone_exact_mw,20c8daca17953576b13a32f59e5f9cb54485b277119f4e6925e9023b8dd1f351,"{""distance"":7,""physical_error_rate"":0.002}","{""detection_events"":326635,""detectors_checked"":42301440}"
      7168,         1,         0,   0.851,standalone_exact_mw,20c8daca17953576b13a32f59e5f9cb54485b277119f4e6925e9023b8dd1f351,"{""distance"":7,""physical_error_rate"":0.002}","{""detection_events"":45287,""detectors_checked"":5806080,""obs_mistake_mask=E"":1}"
      7168,         0,         0,   0.887,standalone_exact_mw,20c8daca17953576b13a32f59e5f9cb54485b277119f4e6925e9023b8dd1f351,"{""distance"":7,""physical_error_rate"":0.002}","{""detection_events"":44834,""detectors_checked"":5806080}"
         1,         0,         0,   0.003,standalone_exact_mw,20c8daca17953576b13a32f59e5f9cb54485b277119f4e6925e9023b8dd1f351,"{""distance"":7,""physical_error_rate"":0.002}","{""detection_events"":6,""detectors_checked"":810}"
     66560,         0,         0,    5.99,standalone_exact_mw,20c8daca17953576b13a32f59e5f9cb54485b277119f4e6925e9023b8dd1f351,"{""distance"":7,""physical_error_rate"":0.002}","{""detection_events"":418136,""detectors_checked"":53913600}"
       272,         0,         0,   0.033,standalone_exact_mw,20c8daca17953576b13a32f59e5f9cb54485b277119f4e6925e9023b8dd1f351,"{""distance"":7,""physical_error_rate"":0.002}","{""detection_events"":1793,""detectors_checked"":220320}"
      1024,         0,         0,   0.127,standalone_exact_mw,20c8daca17953576b13a32f59e5f9cb54485b277119f4e6925e9023b8dd1f351,"{""distance"":7,""physical_error_rate"":0.002}","{""detection_events"":6507,""detectors_checked"":829440}"
      1024,         0,         0,   0.128,standalone_exact_mw,20c8daca17953576b13a32f59e5f9cb54485b277119f4e6925e9023b8dd1f351,"{""distance"":7,""physical_error_rate"":0.002}","{""detection_events"":6428,""detectors_checked"":829440}"
      1024,         0,         0,   0.111,standalone_exact_mw,20c8daca17953576b13a32f59e5f9cb54485b277119f4e6925e9023b8dd1f351,"{""distance"":7,""physical_error_rate"":0.002}","{""detection_events"":6229,""detectors_checked"":829440}"
      9216,         0,         0,    1.11,standalone_exact_mw,20c8daca17953576b13a32f59e5f9cb54485b277119f4e6925e9023b8dd1f351,"{""distance"":7,""physical_error_rate"":0.002}","{""detection_events"":57700,""detectors_checked"":7464960}"
      1024,         0,         0,   0.115,standalone_exact_mw,20c8daca17953576b13a32f59e5f9cb54485b277119f4e6925e9023b8dd1f351,"{""distance"":7,""physical_error_rate"":0.002}","{""detection_events"":6573,""detectors_checked"":829440}"
      1024,         0,         0,   0.119,standalone_exact_mw,20c8daca17953576b13a32f59e5f9cb54485b277119f4e6925e9023b8dd1f351,"{""distance"":7,""physical_error_rate"":0.002}","{""detection_events"":6481,""detectors_checked"":829440}"
      1024,         0,         0,   0.114,standalone_exact_mw,20c8daca17953576b13a32f59e5f9cb54485b277119f4e6925e9023b8dd1f351,"{""distance"":7,""physical_error_rate"":0.002}","{""detection_events"":6384,""detectors_checked"":829440}"
     13312,         0,         0,    1.63,standalone_exact_mw,20c8daca17953576b13a32f59e5f9cb54485b277119f4e6925e9023b8dd1f351,"{""distance"":7,""physical_error_rate"":0.002}","{""detection_events"":83781,""detectors_checked"":10782720}"
      9216,         0,         0,    1.15,standalone_exact_mw,20c8daca17953576b13a32f59e5f9cb54485b277119f4e6925e9023b8dd1f351,"{""distance"":7,""physical_error_rate"":0.002}","{""detection_events"":57292,""detectors_checked"":7464960}"
      2048,         0,         0,   0.251,standalone_exact_mw,20c8daca17953576b13a32f59e5f9cb54485b277119f4e6925e9023b8dd1f351,"{""distance"":7,""physical_error_rate"":0.002}","{""detection_events"":13002,""detectors_checked"":1658880}"
      2048,         0,         0,   0.235,standalone_exact_mw,20c8daca17953576b13a32f59e5f9cb54485b277119f4e6925e9023b8dd1f351,"{""distance"":7,""physical_error_rate"":0.002}","{""detection_events"":12957,""detectors_checked"":1658880}"
      3072,         0,         0,   0.370,standalone_exact_mw,20c8daca17953576b13a32f59e5f9cb54485b277119f4e6925e9023b8dd1f351,"{""distance"":7,""physical_error_rate"":0.002}","{""detection_events"":19176,""detectors_checked"":2488320}"
     13312,         0,         0,    1.60,standalone_exact_mw,20c8daca17953576b13a32f59e5f9cb54485b277119f4e6925e9023b8dd1f351,"{""distance"":7,""physical_error_rate"":0.002}","{""detection_events"":83236,""detectors_checked"":10782720}"
      4096,         0,         0,   0.499,standalone_exact_mw,20c8daca17953576b13a32f59e5f9cb54485b277119f4e6925e9023b8dd1f351,"{""distance"":7,""physical_error_rate"":0.002}","{""detection_events"":26264,""detectors_checked"":3317760}"
   1273856,         0,         0,   119.8,standalone_exact_mw,20c8daca17953576b13a32f59e5f9cb54485b277119f4e6925e9023b8dd1f351,"{""distance"":7,""physical_error_rate"":0.002}","{""detection_events"":7981283,""detectors_checked"":1031823360}"
     13312,         0,         0,    1.66,standalone_exact_mw,20c8daca17953576b13a32f59e5f9cb54485b277119f4e6925e9023b8dd1f351,"{""distance"":7,""physical_error_rate"":0.002}","{""detection_events"":83760,""detectors_checked"":10782720}"
     96256,         0,         0,    8.37,standalone_exact_mw,20c8daca17953576b13a32f59e5f9cb54485b277119f4e6925e9023b8dd1f351,"{""distance"":7,""physical_error_rate"":0.002}","{""detection_events"":603484,""detectors_checked"":77967360}"
      5120,         0,         0,   0.616,standalone_exact_mw,20c8daca17953576b13a32f59e5f9cb54485b277119f4e6925e9023b8dd1f351,"{""distance"":7,""physical_error_rate"":0.002}","{""detection_events"":32556,""detectors_checked"":4147200}"
     21504,         0,         0,    2.18,standalone_exact_mw,20c8daca17953576b13a32f59e5f9cb54485b277119f4e6925e9023b8dd1f351,"{""distance"":7,""physical_error_rate"":0.002}","{""detection_events"":134260,""detectors_checked"":17418240}"
     68608,         0,         0,    5.99,standalone_exact_mw,20c8daca17953576b13a32f59e5f9cb54485b277119f4e6925e9023b8dd1f351,"{""distance"":7,""physical_error_rate"":0.002}","{""detection_events"":428657,""detectors_checked"":55572480}"
      7168,         0,         0,   0.884,standalone_exact_mw,20c8daca17953576b13a32f59e5f9cb54485b277119f4e6925e9023b8dd1f351,"{""distance"":7,""physical_error_rate"":0.002}","{""detection_events"":45250,""detectors_checked"":5806080}"
     22528,         0,         0,    2.18,standalone_exact_mw,20c8daca17953576b13a32f59e5f9cb54485b277119f4e6925e9023b8dd1f351,"{""distance"":7,""physical_error_rate"":0.002}","{""detection_events"":141572,""detectors_checked"":18247680}"
      9216,         0,         0,    1.12,standalone_exact_mw,20c8daca17953576b13a32f59e5f9cb54485b277119f4e6925e9023b8dd1f351,"{""distance"":7,""physical_error_rate"":0.002}","{""detection_events"":57210,""detectors_checked"":7464960}"
    103424,         0,         0,    8.41,standalone_exact_mw,20c8daca17953576b13a32f59e5f9cb54485b277119f4e6925e9023b8dd1f351,"{""distance"":7,""physical_error_rate"":0.002}","{""detection_events"":649976,""detectors_checked"":83773440}"
     21504,         0,         0,    2.28,standalone_exact_mw,20c8daca17953576b13a32f59e5f9cb54485b277119f4e6925e9023b8dd1f351,"{""distance"":7,""physical_error_rate"":0.002}","{""detection_events"":134603,""detectors_checked"":17418240}"
     27648,         0,         0,    3.16,standalone_exact_mw,20c8daca17953576b13a32f59e5f9cb54485b277119f4e6925e9023b8dd1f351,"{""distance"":7,""physical_error_rate"":0.002}","{""detection_events"":172759,""detectors_checked"":22394880}"
     17408,         0,         0,    1.63,standalone_exact_mw,20c8daca17953576b13a32f59e5f9cb54485b277119f4e6925e9023b8dd1f351,"{""distance"":7,""physical_error_rate"":0.002}","{""detection_events"":109317,""detectors_checked"":14100480}"
     28672,         0,         0,    3.13,standalone_exact_mw,20c8daca17953576b13a32f59e5f9cb54485b277119f4e6925e9023b8dd1f351,"{""distance"":7,""physical_error_rate"":0.002}","{""detection_events"":179301,""detectors_checked"":23224320}"
         1,         0,         0,   0.002,standalone_exact_mw,20c8daca17953576b13a32f59e5f9cb54485b277119f4e6925e9023b8dd1f351,"{""distance"":7,""physical_error_rate"":0.002}","{""detection_events"":3,""detectors_checked"":810}"
       272,         0,         0,   0.033,standalone_exact_mw,20c8daca17953576b13a32f59e5f9cb54485b277119f4e6925e9023b8dd1f351,"{""distance"":7,""physical_error_rate"":0.002}","{""detection_events"":1708,""detectors_checked"":220320}"
      1024,         0,         0,   0.126,standalone_exact_mw,20c8daca17953576b13a32f59e5f9cb54485b277119f4e6925e9023b8dd1f351,"{""distance"":7,""physical_error_rate"":0.002}","{""detection_events"":6181,""detectors_checked"":829440}"
      1024,         0,         0,   0.114,standalone_exact_mw,20c8daca17953576b13a32f59e5f9cb54485b277119f4e6925e9023b8dd1f351,"{""distance"":7,""physical_error_rate"":0.002}","{""detection_events"":6687,""detectors_checked"":829440}"
     71680,         0,         0,    8.35,standalone_exact_mw,20c8daca17953576b13a32f59e5f9cb54485b277119f4e6925e9023b8dd1f351,"{""distance"":7,""physical_error_rate"":0.002}","{""detection_events"":447757,""detectors_checked"":58060800}"
     76800,         0,         0,    8.42,standalone_exact_mw,20c8daca17953576b13a32f59e5f9cb54485b277119f4e6925e9023b8dd1f351,"{""distance"":7,""physical_error_rate"":0.002}","{""detection_events"":482169,""detectors_checked"":62208000}"
      1024,         0,         0,   0.126,standalone_exact_mw,20c8daca17953576b13a32f59e5f9cb54485b277119f4e6925e9023b8dd1f351,"{""distance"":7,""physical_error_rate"":0.002}","{""detection_events"":6139,""detectors_checked"":829440}"
      1024,         0,         0,   0.128,standalone_exact_mw,20c8daca17953576b13a32f59e5f9cb54485b277119f4e6925e9023b8dd1f351,"{""distance"":7,""physical_error_rate"":0.002}","{""detection_events"":6794,""detectors_checked"":829440}"
     24576,         0,         0,    3.06,standalone_exact_mw,20c8daca17953576b13a32f59e5f9cb54485b277119f4e6925e9023b8dd1f351,"{""distance"":7,""physical_error_rate"":0.002}","{""detection_events"":154712,""detectors_checked"":19906560}"
      1024,         0,         0,   0.126,standalone_exact_mw,20c8daca17953576b13a32f59e5f9cb54485b277119f4e6925e9023b8dd1f351,"{""distance"":7,""physical_error_rate"":0.002}","{""detection_events"":6429,""detectors_checked"":829440}"
       273,         0,         0,   0.048,standalone_exact_mw,20c8daca17953576b13a32f59e5f9cb54485b277119f4e6925e9023b8dd1f351,"{""distance"":7,""physical_error_rate"":0.002}","{""detection_events"":1642,""detectors_checked"":221130}"
      1024,         0,         0,   0.114,standalone_exact_mw,20c8daca17953576b13a32f59e5f9cb54485b277119f4e6925e9023b8dd1f351,"{""distance"":7,""physical_error_rate"":0.002}","{""detection_events"":6606,""detectors_checked"":829440}"
      1024,         0,         0,   0.114,standalone_exact_mw,20c8daca17953576b13a32f59e5f9cb54485b277119f4e6925e9023b8dd1f351,"{""distance"":7,""physical_error_rate"":0.002}","{""detection_events"":6436,""detectors_checked"":829440}"
      1024,         0,         0,   0.117,standalone_exact_mw,20c8daca17953576b13a32f59e5f9cb54485b277119f4e6925e9023b8dd1f351,"{""distance"":7,""physical_error_rate"":0.002}","{""detection_events"":6281,""detectors_checked"":829440}"
     80896,         0,         0,    8.34,standalone_exact_mw,20c8daca17953576b13a32f59e5f9cb54485b277119f4e6925e9023b8dd1f351,"{""distance"":7,""physical_error_rate"":0.002}","{""detection_events"":507673,""detectors_checked"":65525760}"
      2048,         0,         0,   0.239,standalone_exact_mw,20c8daca17953576b13a32f59e5f9cb54485b277119f4e6925e9023b8dd1f351,"{""distance"":7,""physical_error_rate"":0.002}","{""detection_events"":12721,""detectors_checked"":1658880}"
    288768,         0,         0,    23.0,standalone_exact_mw,20c8daca17953576b13a32f59e5f9cb54485b277119f4e6925e9023b8dd1f351,"{""distance"":7,""physical_error_rate"":0.002}","{""detection_events"":1809932,""detectors_checked"":233902080}"
      1024,         0,         0,   0.127,standalone_exact_mw,20c8daca17953576b13a32f59e5f9cb54485b277119f4e6925e9023b8dd1f351,"{""distance"":7,""physical_error_rate"":0.002}","{""detection_events"":6527,""detectors_checked"":829440}"
      1024,         0,         0,   0.114,standalone_exact_mw,20c8daca17953576b13a32f59e5f9cb54485b277119f4e6925e9023b8dd1f351,"{""distance"":7,""physical_error_rate"":0.002}","{""detection_events"":6362,""detectors_checked"":829440}"
     18432,         0,         0,    2.21,standalone_exact_mw,20c8daca17953576b13a32f59e5f9cb54485b277119f4e6925e9023b8dd1f351,"{""distance"":7,""physical_error_rate"":0.002}","{""detection_events"":115908,""detectors_checked"":14929920}"
      2048,         0,         0,   0.248,standalone_exact_mw,20c8daca17953576b13a32f59e5f9cb54485b277119f4e6925e9023b8dd1f351,"{""distance"":7,""physical_error_rate"":0.002}","{""detection_events"":13034,""detectors_checked"":1658880}"
      1024,         0,         0,   0.115,standalone_exact_mw,20c8daca17953576b13a32f59e5f9cb54485b277119f4e6925e9023b8dd1f351,"{""distance"":7,""physical_error_rate"":0.002}","{""detection_events"":6400,""detectors_checked"":829440}"
      1024,         0,         0,   0.114,standalone_exact_mw,20c8daca17953576b13a32f59e5f9cb54485b277119f4e6925e9023b8dd1f351,"{""distance"":7,""physical_error_rate"":0.002}","{""detection_events"":6434,""detectors_checked"":829440}"
      1024,         0,         0,   0.113,standalone_exact_mw,20c8daca17953576b13a32f59e5f9cb54485b277119f4e6925e9023b8dd1f351,"{""distance"":7,""physical_error_rate"":0.002}","{""detection_events"":6324,""detectors_checked"":829440}"
      3072,         0,         0,   0.368,standalone_exact_mw,20c8daca17953576b13a32f59e5f9cb54485b277119f4e6925e9023b8dd1f351,"{""distance"":7,""physical_error_rate"":0.002}","{""detection_events"":19440,""detectors_checked"":2488320}"
      2048,         0,         0,   0.256,standalone_exact_mw,20c8daca17953576b13a32f59e5f9cb54485b277119f4e6925e9023b8dd1f351,"{""distance"":7,""physical_error_rate"":0.002}","{""detection_events"":13028,""detectors_checked"":1658880}"
      2048,         0,         0,   0.247,standalone_exact_mw,20c8daca17953576b13a32f59e5f9cb54485b277119f4e6925e9023b8dd1f351,"{""distance"":7,""physical_error_rate"":0.002}","{""detection_events"":12567,""detectors_checked"":1658880}"
       273,         0,         0,   0.036,standalone_exact_mw,20c8daca17953576b13a32f59e5f9cb54485b277119f4e6925e9023b8dd1f351,"{""distance"":7,""physical_error_rate"":0.002}","{""detection_events"":1759,""detectors_checked"":221130}"
      4096,         0,         0,   0.490,standalone_exact_mw,20c8daca17953576b13a32f59e5f9cb54485b277119f4e6925e9023b8dd1f351,"{""distance"":7,""physical_error_rate"":0.002}","{""detection_events"":25797,""detectors_checked"":3317760}"
      1024,         0,         0,   0.128,standalone_exact_mw,20c8daca17953576b13a32f59e5f9cb54485b277119f4e6925e9023b8dd1f351,"{""distance"":7,""physical_error_rate"":0.002}","{""detection_events"":6388,""detectors_checked"":829440}"
      1024,         0,         0,   0.115,standalone_exact_mw,20c8daca17953576b13a32f59e5f9cb54485b277119f4e6925e9023b8dd1f351,"{""distance"":7,""physical_error_rate"":0.002}","{""detection_events"":6347,""detectors_checked"":829440}"
      3072,         0,         0,   0.380,standalone_exact_mw,20c8daca17953576b13a32f59e5f9cb54485b277119f4e6925e9023b8dd1f351,"{""distance"":7,""physical_error_rate"":0.002}","{""detection_events"":19130,""detectors_checked"":2488320}"
      1024,         0,         0,   0.127,standalone_exact_mw,20c8daca17953576b13a32f59e5f9cb54485b277119f4e6925e9023b8dd1f351,"{""distance"":7,""physical_error_rate"":0.002}","{""detection_events"":6222,""detectors_checked"":829440}"
      1024,         0,         0,   0.133,standalone_exact_mw,20c8daca17953576b13a32f59e5f9cb54485b277119f4e6925e9023b8dd1f351,"{""distance"":7,""physical_error_rate"":0.002}","{""detection_events"":6221,""detectors_checked"":829440}"
      5120,         0,         0,   0.633,standalone_exact_mw,20c8daca17953576b13a32f59e5f9cb54485b277119f4e6925e9023b8dd1f351,"{""distance"":7,""physical_error_rate"":0.002}","{""detection_events"":32023,""detectors_checked"":4147200}"
      1024,         0,         0,   0.115,standalone_exact_mw,20c8daca17953576b13a32f59e5f9cb54485b277119f4e6925e9023b8dd1f351,"{""distance"":7,""physical_error_rate"":0.002}","{""detection_events"":6243,""detectors_checked"":829440}"
      1024,         0,         0,   0.116,standalone_exact_mw,20c8daca17953576b13a32f59e5f9cb54485b277119f4e6925e9023b8dd1f351,"{""distance"":7,""physical_error_rate"":0.002}","{""detection_events"":6438,""detectors_checked"":829440}"
      4096,         0,         0,   0.498,standalone_exact_mw,20c8daca17953576b13a32f59e5f9cb54485b277119f4e6925e9023b8dd1f351,"{""distance"":7,""physical_error_rate"":0.002}","{""detection_events"":26138,""detectors_checked"":3317760}"
      1024,         0,         0,   0.128,standalone_exact_mw,20c8daca17953576b13a32f59e5f9cb54485b277119f4e6925e9023b8dd1f351,"{""distance"":7,""physical_error_rate"":0.002}","{""detection_events"":6417,""detectors_checked"":829440}"
     40960,         0,         0,    4.35,standalone_exact_mw,20c8daca17953576b13a32f59e5f9cb54485b277119f4e6925e9023b8dd1f351,"{""distance"":7,""physical_error_rate"":0.002}","{""detection_events"":256481,""detectors_checked"":33177600}"
      2048,         0,         0,   0.246,standalone_exact_mw,20c8daca17953576b13a32f59e5f9cb54485b277119f4e6925e9023b8dd1f351,"{""distance"":7,""physical_error_rate"":0.002}","{""detection_events"":12872,""detectors_checked"":1658880}"
      2048,         0,         0,   0.256,standalone_exact_mw,20c8daca17953576b13a32f59e5f9cb54485b277119f4e6925e9023b8dd1f351,"{""distance"":7,""physical_error_rate"":0.002}","{""detection_events"":12934,""detectors_checked"":1658880}"
      5120,         0,         0,   0.633,standalone_exact_mw,20c8daca17953576b13a32f59e5f9cb54485b277119f4e6925e9023b8dd1f351,"{""distance"":7,""physical_error_rate"":0.002}","{""detection_events"":32149,""detectors_checked"":4147200}"
      7168,         0,         0,   0.853,standalone_exact_mw,20c8daca17953576b13a32f59e5f9cb54485b277119f4e6925e9023b8dd1f351,"{""distance"":7,""physical_error_rate"":0.002}","{""detection_events"":45379,""detectors_checked"":5806080}"
      3072,         0,         0,   0.374,standalone_exact_mw,20c8daca17953576b13a32f59e5f9cb54485b277119f4e6925e9023b8dd1f351,"{""distance"":7,""physical_error_rate"":0.002}","{""detection_events"":19432,""detectors_checked"":2488320}"
    329728,         0,         0,    22.9,standalone_exact_mw,20c8daca17953576b13a32f59e5f9cb54485b277119f4e6925e9023b8dd1f351,"{""distance"":7,""physical_error_rate"":0.002}","{""detection_events"":2069538,""detectors_checked"":267079680}"
     81920,         0,         0,    8.43,standalone_exact_mw,20c8daca17953576b13a32f59e5f9cb54485b277119f4e6925e9023b8dd1f351,"{""distance"":7,""physical_error_rate"":0.002}","{""detection_events"":512635,""detectors_checked"":66355200}"
     31744,         0,         0,    3.05,standalone_exact_mw,20c8daca17953576b13a32f59e5f9cb54485b277119f4e6925e9023b8dd1f351,"{""distance"":7,""physical_error_rate"":0.002}","{""detection_events"":198701,""detectors_checked"":25712640}"
     40960,         0,         0,    4.30,standalone_exact_mw,20c8daca17953576b13a32f59e5f9cb54485b277119f4e6925e9023b8dd1f351,"{""distance"":7,""physical_error_rate"":0.002}","{""detection_events"":256596,""detectors_checked"":33177600}"
      4096,         0,         0,   0.495,standalone_exact_mw,20c8daca17953576b13a32f59e5f9cb54485b277119f4e6925e9023b8dd1f351,"{""distance"":7,""physical_error_rate"":0.002}","{""detection_events"":25277,""detectors_checked"":3317760}"
      7168,         0,         0,   0.874,standalone_exact_mw,20c8daca17953576b13a32f59e5f9cb54485b277119f4e6925e9023b8dd1f351,"{""distance"":7,""physical_error_rate"":0.002}","{""detection_events"":45056,""detectors_checked"":5806080}"
      7168,         0,         0,    1.18,standalone_exact_mw,20c8daca17953576b13a32f59e5f9cb54485b277119f4e6925e9023b8dd1f351,"{""distance"":7,""physical_error_rate"":0.002}","{""detection_events"":44776,""detectors_checked"":5806080}"
     34816,         0,         0,    4.29,standalone_exact_mw,20c8daca17953576b13a32f59e5f9cb54485b277119f4e6925e9023b8dd1f351,"{""distance"":7,""physical_error_rate"":0.002}","{""detection_events"":217399,""detectors_checked"":28200960}"
      5120,         0,         0,   0.626,standalone_exact_mw,20c8daca17953576b13a32f59e5f9cb54485b277119f4e6925e9023b8dd1f351,"{""distance"":7,""physical_error_rate"":0.002}","{""detection_events"":31960,""detectors_checked"":4147200}"
         1,         0,         0,   0.016,standalone_exact_mw,20c8daca17953576b13a32f59e5f9cb54485b277119f4e6925e9023b8dd1f351,"{""distance"":7,""physical_error_rate"":0.002}","{""detection_events"":4,""detectors_checked"":810}"
       272,         0,         0,   0.033,standalone_exact_mw,20c8daca17953576b13a32f59e5f9cb54485b277119f4e6925e9023b8dd1f351,"{""distance"":7,""physical_error_rate"":0.002}","{""detection_events"":1687,""detectors_checked"":220320}"
      1024,         0,         0,   0.130,standalone_exact_mw,20c8daca17953576b13a32f59e5f9cb54485b277119f4e6925e9023b8dd1f351,"{""distance"":7,""physical_error_rate"":0.002}","{""detection_events"":6495,""detectors_checked"":829440}"
      1024,         0,         0,   0.129,standalone_exact_mw,20c8daca17953576b13a32f59e5f9cb54485b277119f4e6925e9023b8dd1f351,"{""distance"":7,""physical_error_rate"":0.002}","{""detection_events"":6349,""detectors_checked"":829440}"
      1024,         0,         0,   0.116,standalone_exact_mw,20c8daca17953576b13a32f59e5f9cb54485b277119f4e6925e9023b8dd1f351,"{""distance"":7,""physical_error_rate"":0.002}","{""detection_events"":6307,""detectors_checked"":829440}"
      9216,         0,         0,    1.13,standalone_exact_mw,20c8daca17953576b13a32f59e5f9cb54485b277119f4e6925e9023b8dd1f351,"{""distance"":7,""physical_error_rate"":0.002}","{""detection_events"":57728,""detectors_checked"":7464960}"
      1024,         0,         0,   0.116,standalone_exact_mw,20c8daca17953576b13a32f59e5f9cb54485b277119f4e6925e9023b8dd1f351,"{""distance"":7,""physical_error_rate"":0.002}","{""detection_events"":6337,""detectors_checked"":829440}"
      1024,         0,         0,   0.130,standalone_exact_mw,20c8daca17953576b13a32f59e5f9cb54485b277119f4e6925e9023b8dd1f351,"{""distance"":7,""physical_error_rate"":0.002}","{""detection_events"":6431,""detectors_checked"":829440}"
       273,         0,         0,   0.048,standalone_exact_mw,20c8daca17953576b13a32f59e5f9cb54485b277119f4e6925e9023b8dd1f351,"{""distance"":7,""physical_error_rate"":0.002}","{""detection_events"":1757,""detectors_checked"":221130}"
      7168,         0,         0,   0.883,standalone_exact_mw,20c8daca17953576b13a32f59e5f9cb54485b277119f4e6925e9023b8dd1f351,"{""distance"":7,""physical_error_rate"":0.002}","{""detection_events"":44878,""detectors_checked"":5806080}"
      1024,         0,         0,   0.171,standalone_exact_mw,20c8daca17953576b13a32f59e5f9cb54485b277119f4e6925e9023b8dd1f351,"{""distance"":7,""physical_error_rate"":0.002}","{""detection_events"":6627,""detectors_checked"":829440}"
      1024,         0,         0,   0.113,standalone_exact_mw,20c8daca17953576b13a32f59e5f9cb54485b277119f4e6925e9023b8dd1f351,"{""distance"":7,""physical_error_rate"":0.002}","{""detection_events"":6401,""detectors_checked"":829440}"
      1024,         0,         0,   0.149,standalone_exact_mw,20c8daca17953576b13a32f59e5f9cb54485b277119f4e6925e9023b8dd1f351,"{""distance"":7,""physical_error_rate"":0.002}","{""detection_events"":6618,""detectors_checked"":829440}"
      1024,         0,         0,   0.139,standalone_exact_mw,20c8daca17953576b13a32f59e5f9cb54485b277119f4e6925e9023b8dd1f351,"{""distance"":7,""physical_error_rate"":0.002}","{""detection_events"":6469,""detectors_checked"":829440}"
      1024,         0,         0,   0.112,standalone_exact_mw,20c8daca17953576b13a32f59e5f9cb54485b277119f4e6925e9023b8dd1f351,"{""distance"":7,""physical_error_rate"":0.002}","{""detection_events"":6400,""detectors_checked"":829440}"
      2048,         0,         0,   0.259,standalone_exact_mw,20c8daca17953576b13a32f59e5f9cb54485b277119f4e6925e9023b8dd1f351,"{""distance"":7,""physical_error_rate"":0.002}","{""detection_events"":12765,""detectors_checked"":1658880}"
      1024,         0,         0,   0.127,standalone_exact_mw,20c8daca17953576b13a32f59e5f9cb54485b277119f4e6925e9023b8dd1f351,"{""distance"":7,""physical_error_rate"":0.002}","{""detection_events"":6363,""detectors_checked"":829440}"
     11264,         0,         0,    1.67,standalone_exact_mw,20c8daca17953576b13a32f59e5f9cb54485b277119f4e6925e9023b8dd1f351,"{""distance"":7,""physical_error_rate"":0.002}","{""detection_events"":70416,""detectors_checked"":9123840}"
      1024,         0,         0,   0.126,standalone_exact_mw,20c8daca17953576b13a32f59e5f9cb54485b277119f4e6925e9023b8dd1f351,"{""distance"":7,""physical_error_rate"":0.002}","{""detection_events"":6400,""detectors_checked"":829440}"
      1024,         0,         0,   0.126,standalone_exact_mw,20c8daca17953576b13a32f59e5f9cb54485b277119f4e6925e9023b8dd1f351,"{""distance"":7,""physical_error_rate"":0.002}","{""detection_events"":6421,""detectors_checked"":829440}"
      1024,         0,         0,   0.116,standalone_exact_mw,20c8daca17953576b13a32f59e5f9cb54485b277119f4e6925e9023b8dd1f351,"{""distance"":7,""physical_error_rate"":0.002}","{""detection_events"":6176,""detectors_checked"":829440}"
      3072,         0,         0,   0.387,standalone_exact_mw,20c8daca17953576b13a32f59e5f9cb54485b277119f4e6925e9023b8dd1f351,"{""distance"":7,""physical_error_rate"":0.002}","{""detection_events"":19064,""detectors_checked"":2488320}"
    105472,         0,         0,    11.7,standalone_exact_mw,20c8daca17953576b13a32f59e5f9cb54485b277119f4e6925e9023b8dd1f351,"{""distance"":7,""physical_error_rate"":0.002}","{""detection_events"":661438,""detectors_checked"":85432320}"
      2048,         0,         0,   0.245,standalone_exact_mw,20c8daca17953576b13a32f59e5f9cb54485b277119f4e6925e9023b8dd1f351,"{""distance"":7,""physical_error_rate"":0.002}","{""detection_events"":12839,""detectors_checked"":1658880}"
      9216,         0,         0,    1.14,standalone_exact_mw,20c8daca17953576b13a32f59e5f9cb54485b277119f4e6925e9023b8dd1f351,"{""distance"":7,""physical_error_rate"":0.002}","{""detection_events"":57220,""detectors_checked"":7464960}"
      2048,         0,         0,   0.242,standalone_exact_mw,20c8daca17953576b13a32f59e5f9cb54485b277119f4e6925e9023b8dd1f351,"{""distance"":7,""physical_error_rate"":0.002}","{""detection_events"":12560,""detectors_checked"":1658880}"
     11264,         0,         0,    1.66,standalone_exact_mw,20c8daca17953576b13a32f59e5f9cb54485b277119f4e6925e9023b8dd1f351,"{""distance"":7,""physical_error_rate"":0.002}","{""detection_events"":69681,""detectors_checked"":9123840}"
      4096,         0,         0,   0.517,standalone_exact_mw,20c8daca17953576b13a32f59e5f9cb54485b277119f4e6925e9023b8dd1f351,"{""distance"":7,""physical_error_rate"":0.002}","{""detection_events"":25619,""detectors_checked"":3317760}"
    786432,         0,         0,   119.8,standalone_exact_mw,20c8daca17953576b13a32f59e5f9cb54485b277119f4e6925e9023b8dd1f351,"{""distance"":7,""physical_error_rate"":0.002}","{""detection_events"":4926239,""detectors_checked"":637009920}"
       273,         0,         0,   0.042,standalone_exact_mw,20c8daca17953576b13a32f59e5f9cb54485b277119f4e6925e9023b8dd1f351,"{""distance"":7,""physical_error_rate"":0.002}","{""detection_events"":1638,""detectors_checked"":221130}"
      1024,         0,         0,   0.119,standalone_exact_mw,20c8daca17953576b13a32f59e5f9cb54485b277119f4e6925e9023b8dd1f351,"{""distance"":7,""physical_error_rate"":0.002}","{""detection_events"":6462,""detectors_checked"":829440}"
      1024,         0,         0,   0.114,standalone_exact_mw,20c8daca17953576b13a32f59e5f9cb54485b277119f4e6925e9023b8dd1f351,"{""distance"":7,""physical_error_rate"":0.002}","{""detection_events"":6402,""detectors_checked"":829440}"
       273,         0,         0,   0.035,standalone_exact_mw,20c8daca17953576b13a32f59e5f9cb54485b277119f4e6925e9023b8dd1f351,"{""distance"":7,""physical_error_rate"":0.002}","{""detection_events"":1668,""detectors_checked"":221130}"
      3072,         0,         0,   0.381,standalone_exact_mw,20c8daca17953576b13a32f59e5f9cb54485b277119f4e6925e9023b8dd1f351,"{""distance"":7,""physical_error_rate"":0.002}","{""detection_events"":19491,""detectors_checked"":2488320}"
      1024,         0,         0,   0.126,standalone_exact_mw,20c8daca17953576b13a32f59e5f9cb54485b277119f4e6925e9023b8dd1f351,"{""distance"":7,""physical_error_rate"":0.002}","{""detection_events"":6346,""detectors_checked"":829440}"
      1024,         0,         0,   0.116,standalone_exact_mw,20c8daca17953576b13a32f59e5f9cb54485b277119f4e6925e9023b8dd1f351,"{""distance"":7,""physical_error_rate"":0.002}","{""detection_events"":6320,""detectors_checked"":829440}"
      1024,         0,         0,   0.114,standalone_exact_mw,20c8daca17953576b13a32f59e5f9cb54485b277119f4e6925e9023b8dd1f351,"{""distance"":7,""physical_error_rate"":0.002}","{""detection_events"":6465,""detectors_checked"":829440}"
      1024,         0,         0,   0.116,standalone_exact_mw,20c8daca17953576b13a32f59e5f9cb54485b277119f4e6925e9023b8dd1f351,"{""distance"":7,""physical_error_rate"":0.002}","{""detection_events"":6667,""detectors_checked"":829440}"
      5120,         0,         0,   0.656,standalone_exact_mw,20c8daca17953576b13a32f59e5f9cb54485b277119f4e6925e9023b8dd1f351,"{""distance"":7,""physical_error_rate"":0.002}","{""detection_events"":31938,""detectors_checked"":4147200}"
      1024,         0,         0,   0.118,standalone_exact_mw,20c8daca17953576b13a32f59e5f9cb54485b277119f4e6925e9023b8dd1f351,"{""distance"":7,""physical_error_rate"":0.002}","{""detection_events"":6355,""detectors_checked"":829440}"
      1024,         0,         0,   0.130,standalone_exact_mw,20c8daca17953576b13a32f59e5f9cb54485b277119f4e6925e9023b8dd1f351,"{""distance"":7,""physical_error_rate"":0.002}","{""detection_events"":6494,""detectors_checked"":829440}"
      1024,         0,         0,   0.127,standalone_exact_mw,20c8daca17953576b13a32f59e5f9cb54485b277119f4e6925e9023b8dd1f351,"{""distance"":7,""physical_error_rate"":0.002}","{""detection_events"":6432,""detectors_checked"":829440}"
      4096,         0,         0,   0.481,standalone_exact_mw,20c8daca17953576b13a32f59e5f9cb54485b277119f4e6925e9023b8dd1f351,"{""distance"":7,""physical_error_rate"":0.002}","{""detection_events"":25899,""detectors_checked"":3317760}"
      1024,         0,         0,   0.129,standalone_exact_mw,20c8daca17953576b13a32f59e5f9cb54485b277119f4e6925e9023b8dd1f351,"{""distance"":7,""physical_error_rate"":0.002}","{""detection_events"":6252,""detectors_checked"":829440}"
       273,         0,         0,   0.035,standalone_exact_mw,20c8daca17953576b13a32f59e5f9cb54485b277119f4e6925e9023b8dd1f351,"{""distance"":7,""physical_error_rate"":0.002}","{""detection_events"":1678,""detectors_checked"":221130}"
      1024,         0,         0,   0.128,standalone_exact_mw,20c8daca17953576b13a32f59e5f9cb54485b277119f4e6925e9023b8dd1f351,"{""distance"":7,""physical_error_rate"":0.002}","{""detection_events"":6455,""detectors_checked"":829440}"
      1024,         0,         0,   0.129,standalone_exact_mw,20c8daca17953576b13a32f59e5f9cb54485b277119f4e6925e9023b8dd1f351,"{""distance"":7,""physical_error_rate"":0.002}","{""detection_events"":6350,""detectors_checked"":829440}"
      1024,         0,         0,   0.128,standalone_exact_mw,20c8daca17953576b13a32f59e5f9cb54485b277119f4e6925e9023b8dd1f351,"{""distance"":7,""physical_error_rate"":0.002}","{""detection_events"":6345,""detectors_checked"":829440}"
      1024,         0,         0,   0.128,standalone_exact_mw,20c8daca17953576b13a32f59e5f9cb54485b277119f4e6925e9023b8dd1f351,"{""distance"":7,""physical_error_rate"":0.002}","{""detection_events"":6272,""detectors_checked"":829440}"
         1,         0,         0,   0.003,standalone_exact_mw,20c8daca17953576b13a32f59e5f9cb54485b277119f4e6925e9023b8dd1f351,"{""distance"":7,""physical_error_rate"":0.002}","{""detection_events"":6,""detectors_checked"":810}"
      1024,         0,         0,   0.127,standalone_exact_mw,20c8daca17953576b13a32f59e5f9cb54485b277119f4e6925e9023b8dd1f351,"{""distance"":7,""physical_error_rate"":0.002}","{""detection_events"":6323,""detectors_checked"":829440}"
      2048,         0,         0,   0.242,standalone_exact_mw,20c8daca17953576b13a32f59e5f9cb54485b277119f4e6925e9023b8dd1f351,"{""distance"":7,""physical_error_rate"":0.002}","{""detection_events"":12705,""detectors_checked"":1658880}"
       272,         0,         0,   0.031,standalone_exact_mw,20c8daca17953576b13a32f59e5f9cb54485b277119f4e6925e9023b8dd1f351,"{""distance"":7,""physical_error_rate"":0.002}","{""detection_events"":1694,""detectors_checked"":220320}"
      1024,         0,         0,   0.128,standalone_exact_mw,20c8daca17953576b13a32f59e5f9cb54485b277119f4e6925e9023b8dd1f351,"{""distance"":7,""physical_error_rate"":0.002}","{""detection_events"":6521,""detectors_checked"":829440}"
      1024,         0,         0,   0.128,standalone_exact_mw,20c8daca17953576b13a32f59e5f9cb54485b277119f4e6925e9023b8dd1f351,"{""distance"":7,""physical_error_rate"":0.002}","{""detection_events"":6376,""detectors_checked"":829440}"
      1024,         0,         0,   0.113,standalone_exact_mw,20c8daca17953576b13a32f59e5f9cb54485b277119f4e6925e9023b8dd1f351,"{""distance"":7,""physical_error_rate"":0.002}","{""detection_events"":6446,""detectors_checked"":829440}"
     18432,         0,         0,    2.22,standalone_exact_mw,20c8daca17953576b13a32f59e5f9cb54485b277119f4e6925e9023b8dd1f351,"{""distance"":7,""physical_error_rate"":0.002}","{""detection_events"":114892,""detectors_checked"":14929920}"
     13312,         0,         0,    1.62,standalone_exact_mw,20c8daca17953576b13a32f59e5f9cb54485b277119f4e6925e9023b8dd1f351,"{""distance"":7,""physical_error_rate"":0.002}","{""detection_events"":83142,""detectors_checked"":10782720}"
      1024,         0,         0,   0.116,standalone_exact_mw,20c8daca17953576b13a32f59e5f9cb54485b277119f4e6925e9023b8dd1f351,"{""distance"":7,""physical_error_rate"":0.002}","{""detection_events"":6575,""detectors_checked"":829440}"
     32768,         0,         0,    4.44,standalone_exact_mw,20c8daca17953576b13a32f59e5f9cb54485b277119f4e6925e9023b8dd1f351,"{""distance"":7,""physical_error_rate"":0.002}","{""detection_events"":205283,""detectors_checked"":26542080}"
      2048,         0,         0,   0.242,standalone_exact_mw,20c8daca17953576b13a32f59e5f9cb54485b277119f4e6925e9023b8dd1f351,"{""distance"":7,""physical_error_rate"":0.002}","{""detection_events"":12718,""detectors_checked"":1658880}"
      5120,         0,         0,   0.618,standalone_exact_mw,20c8daca17953576b13a32f59e5f9cb54485b277119f4e6925e9023b8dd1f351,"{""distance"":7,""physical_error_rate"":0.002}","{""detection_events"":32474,""detectors_checked"":4147200}"
       273,         0,         0,   0.049,standalone_exact_mw,20c8daca17953576b13a32f59e5f9cb54485b277119f4e6925e9023b8dd1f351,"{""distance"":7,""physical_error_rate"":0.002}","{""detection_events"":1748,""detectors_checked"":221130}"
      1024,         0,         0,   0.113,standalone_exact_mw,20c8daca17953576b13a32f59e5f9cb54485b277119f4e6925e9023b8dd1f351,"{""distance"":7,""physical_error_rate"":0.002}","{""detection_events"":6371,""detectors_checked"":829440}"
      2048,         0,         0,   0.245,standalone_exact_mw,20c8daca17953576b13a32f59e5f9cb54485b277119f4e6925e9023b8dd1f351,"{""distance"":7,""physical_error_rate"":0.002}","{""detection_events"":12646,""detectors_checked"":1658880}"
      1024,         0,         0,   0.115,standalone_exact_mw,20c8daca17953576b13a32f59e5f9cb54485b277119f4e6925e9023b8dd1f351,"{""distance"":7,""physical_error_rate"":0.002}","{""detection_events"":6318,""detectors_checked"":829440}"
      7168,         0,         0,   0.884,standalone_exact_mw,20c8daca17953576b13a32f59e5f9cb54485b277119f4e6925e9023b8dd1f351,"{""distance"":7,""physical_error_rate"":0.002}","{""detection_events"":44958,""detectors_checked"":5806080}"
      1024,         0,         0,   0.126,standalone_exact_mw,20c8daca17953576b13a32f59e5f9cb54485b277119f4e6925e9023b8dd1f351,"{""distance"":7,""physical_error_rate"":0.002}","{""detection_events"":6465,""detectors_checked"":829440}"
      1024,         0,         0,   0.130,standalone_exact_mw,20c8daca17953576b13a32f59e5f9cb54485b277119f4e6925e9023b8dd1f351,"{""distance"":7,""physical_error_rate"":0.002}","{""detection_events"":6353,""detectors_checked"":829440}"
      1024,         0,         0,   0.123,standalone_exact_mw,20c8daca17953576b13a32f59e5f9cb54485b277119f4e6925e9023b8dd1f351,"{""distance"":7,""physical_error_rate"":0.002}","{""detection_events"":6373,""detectors_checked"":829440}"
      1024,         0,         0,   0.114,standalone_exact_mw,20c8daca17953576b13a32f59e5f9cb54485b277119f4e6925e9023b8dd1f351,"{""distance"":7,""physical_error_rate"":0.002}","{""detection_events"":6599,""detectors_checked"":829440}"
      1024,         0,         0,   0.115,standalone_exact_mw,20c8daca17953576b13a32f59e5f9cb54485b277119f4e6925e9023b8dd1f351,"{""distance"":7,""physical_error_rate"":0.002}","{""detection_events"":6297,""detectors_checked"":829440}"
      2048,         0,         0,   0.243,standalone_exact_mw,20c8daca17953576b13a32f59e5f9cb54485b277119f4e6925e9023b8dd1f351,"{""distance"":7,""physical_error_rate"":0.002}","{""detection_events"":12546,""detectors_checked"":1658880}"
      1024,         0,         0,   0.127,standalone_exact_mw,20c8daca17953576b13a32f59e5f9cb54485b277119f4e6925e9023b8dd1f351,"{""distance"":7,""physical_error_rate"":0.002}","{""detection_events"":6235,""detectors_checked"":829440}"
      1024,         0,         0,   0.126,standalone_exact_mw,20c8daca17953576b13a32f59e5f9cb54485b277119f4e6925e9023b8dd1f351,"{""distance"":7,""physical_error_rate"":0.002}","{""detection_events"":6327,""detectors_checked"":829440}"
      3072,         0,         0,   0.372,standalone_exact_mw,20c8daca17953576b13a32f59e5f9cb54485b277119f4e6925e9023b8dd1f351,"{""distance"":7,""physical_error_rate"":0.002}","{""detection_events"":19404,""detectors_checked"":2488320}"
    158720,         0,         0,    11.7,standalone_exact_mw,20c8daca17953576b13a32f59e5f9cb54485b277119f4e6925e9023b8dd1f351,"{""distance"":7,""physical_error_rate"":0.002}","{""detection_events"":993025,""detectors_checked"":128563200}"
      1024,         0,         0,   0.130,standalone_exact_mw,20c8daca17953576b13a32f59e5f9cb54485b277119f4e6925e9023b8dd1f351,"{""distance"":7,""physical_error_rate"":0.002}","{""detection_events"":6346,""detectors_checked"":829440}"
     49152,         0,         0,    6.02,standalone_exact_mw,20c8daca17953576b13a32f59e5f9cb54485b277119f4e6925e9023b8dd1f351,"{""distance"":7,""physical_error_rate"":0.002}","{""detection_events"":308621,""detectors_checked"":39813120}"
      1024,         0,         0,   0.114,standalone_exact_mw,20c8daca17953576b13a32f59e5f9cb54485b277119f4e6925e9023b8dd1f351,"{""distance"":7,""physical_error_rate"":0.002}","{""detection_events"":6213,""detectors_checked"":829440}"
      1024,         0,         0,   0.116,standalone_exact_mw,20c8daca17953576b13a32f59e5f9cb54485b277119f4e6925e9023b8dd1f351,"{""distance"":7,""physical_error_rate"":0.002}","{""detection_events"":6192,""detectors_checked"":829440}"
      2048,         0,         0,   0.245,standalone_exact_mw,20c8daca17953576b13a32f59e5f9cb54485b277119f4e6925e9023b8dd1f351,"{""distance"":7,""physical_error_rate"":0.002}","{""detection_events"":12719,""detectors_checked"":1658880}"
      1024,         0,         0,   0.130,standalone_exact_mw,20c8daca17953576b13a32f59e5f9cb54485b277119f4e6925e9023b8dd1f351,"{""distance"":7,""physical_error_rate"":0.002}","{""detection_events"":6364,""detectors_checked"":829440}"
      3072,         0,         0,   0.374,standalone_exact_mw,20c8daca17953576b13a32f59e5f9cb54485b277119f4e6925e9023b8dd1f351,"{""distance"":7,""physical_error_rate"":0.002}","{""detection_events"":19302,""detectors_checked"":2488320}"
      2048,         0,         0,   0.254,standalone_exact_mw,20c8daca17953576b13a32f59e5f9cb54485b277119f4e6925e9023b8dd1f351,"{""distance"":7,""physical_error_rate"":0.002}","{""detection_events"":12917,""detectors_checked"":1658880}"
     18432,         0,         0,    2.23,standalone_exact_mw,20c8daca17953576b13a32f59e5f9cb54485b277119f4e6925e9023b8dd1f351,"{""distance"":7,""physical_error_rate"":0.002}","{""detection_events"":115760,""detectors_checked"":14929920}"
      1024,         0,         0,   0.131,standalone_exact_mw,20c8daca17953576b13a32f59e5f9cb54485b277119f4e6925e9023b8dd1f351,"{""distance"":7,""physical_error_rate"":0.002}","{""detection_events"":6562,""detectors_checked"":829440}"
    331776,         0,         0,    23.0,standalone_exact_mw,20c8daca17953576b13a32f59e5f9cb54485b277119f4e6925e9023b8dd1f351,"{""distance"":7,""physical_error_rate"":0.002}","{""detection_events"":2081683,""detectors_checked"":268738560}"
      2048,         0,         0,   0.258,standalone_exact_mw,20c8daca17953576b13a32f59e5f9cb54485b277119f4e6925e9023b8dd1f351,"{""distance"":7,""physical_error_rate"":0.002}","{""detection_events"":12933,""detectors_checked"":1658880}"
      7168,         0,         0,   0.860,standalone_exact_mw,20c8daca17953576b13a32f59e5f9cb54485b277119f4e6925e9023b8dd1f351,"{""distance"":7,""physical_error_rate"":0.002}","{""detection_events"":45298,""detectors_checked"":5806080}"
      4096,         0,         0,   0.497,standalone_exact_mw,20c8daca17953576b13a32f59e5f9cb54485b277119f4e6925e9023b8dd1f351,"{""distance"":7,""physical_error_rate"":0.002}","{""detection_events"":25623,""detectors_checked"":3317760}"
      1024,         0,         0,   0.192,standalone_exact_mw,20c8daca17953576b13a32f59e5f9cb54485b277119f4e6925e9023b8dd1f351,"{""distance"":7,""physical_error_rate"":0.002}","{""detection_events"":6299,""detectors_checked"":829440}"
      2048,         0,         0,   0.241,standalone_exact_mw,20c8daca17953576b13a32f59e5f9cb54485b277119f4e6925e9023b8dd1f351,"{""distance"":7,""physical_error_rate"":0.002}","{""detection_events"":13019,""detectors_checked"":1658880}"
      1024,         0,         0,   0.190,standalone_exact_mw,20c8daca17953576b13a32f59e5f9cb54485b277119f4e6925e9023b8dd1f351,"{""distance"":7,""physical_error_rate"":0.002}","{""detection_events"":6720,""detectors_checked"":829440}"
      4096,         0,         0,   0.503,standalone_exact_mw,20c8daca17953576b13a32f59e5f9cb54485b277119f4e6925e9023b8dd1f351,"{""distance"":7,""physical_error_rate"":0.002}","{""detection_events"":25515,""detectors_checked"":3317760}"
      3072,         0,         0,   0.383,standalone_exact_mw,20c8daca17953576b13a32f59e5f9cb54485b277119f4e6925e9023b8dd1f351,"{""distance"":7,""physical_error_rate"":0.002}","{""detection_events"":19060,""detectors_checked"":2488320}"
      9216,         0,         0,    1.18,standalone_exact_mw,20c8daca17953576b13a32f59e5f9cb54485b277119f4e6925e9023b8dd1f351,"{""distance"":7,""physical_error_rate"":0.002}","{""detection_events"":58003,""detectors_checked"":7464960}"
      3072,         0,         0,   0.365,standalone_exact_mw,20c8daca17953576b13a32f59e5f9cb54485b277119f4e6925e9023b8dd1f351,"{""distance"":7,""physical_error_rate"":0.002}","{""detection_events"":19422,""detectors_checked"":2488320}"
      5120,         0,         0,   0.625,standalone_exact_mw,20c8daca17953576b13a32f59e5f9cb54485b277119f4e6925e9023b8dd1f351,"{""distance"":7,""physical_error_rate"":0.002}","{""detection_events"":32250,""detectors_checked"":4147200}"
      2048,         0,         0,   0.379,standalone_exact_mw,20c8daca17953576b13a32f59e5f9cb54485b277119f4e6925e9023b8dd1f351,"{""distance"":7,""physical_error_rate"":0.002}","{""detection_events"":12594,""detectors_checked"":1658880}"
     51200,         0,         0,    6.00,standalone_exact_mw,20c8daca17953576b13a32f59e5f9cb54485b277119f4e6925e9023b8dd1f351,"{""distance"":7,""physical_error_rate"":0.002}","{""detection_events"":321018,""detectors_checked"":41472000}"
      4096,         0,         0,   0.499,standalone_exact_mw,20c8daca17953576b13a32f59e5f9cb54485b277119f4e6925e9023b8dd1f351,"{""distance"":7,""physical_error_rate"":0.002}","{""detection_events"":25971,""detectors_checked"":3317760}"
      5120,         0,         0,   0.632,standalone_exact_mw,20c8daca17953576b13a32f59e5f9cb54485b277119f4e6925e9023b8dd1f351,"{""distance"":7,""physical_error_rate"":0.002}","{""detection_events"":32782,""detectors_checked"":4147200}"
      4096,         0,         0,   0.478,standalone_exact_mw,20c8daca17953576b13a32f59e5f9cb54485b277119f4e6925e9023b8dd1f351,"{""distance"":7,""physical_error_rate"":0.002}","{""detection_events"":25442,""detectors_checked"":3317760}"
      2048,         0,         0,   0.380,standalone_exact_mw,20c8daca17953576b13a32f59e5f9cb54485b277119f4e6925e9023b8dd1f351,"{""distance"":7,""physical_error_rate"":0.002}","{""detection_events"":12946,""detectors_checked"":1658880}"
     10240,         0,         0,    1.22,standalone_exact_mw,20c8daca17953576b13a32f59e5f9cb54485b277119f4e6925e9023b8dd1f351,"{""distance"":7,""physical_error_rate"":0.002}","{""detection_events"":64292,""detectors_checked"":8294400}"
     18432,         0,         0,    2.26,standalone_exact_mw,20c8daca17953576b13a32f59e5f9cb54485b277119f4e6925e9023b8dd1f351,"{""distance"":7,""physical_error_rate"":0.002}","{""detection_events"":115720,""detectors_checked"":14929920}"
     59392,         0,         0,    6.09,standalone_exact_mw,20c8daca17953576b13a32f59e5f9cb54485b277119f4e6925e9023b8dd1f351,"{""distance"":7,""physical_error_rate"":0.002}","{""detection_events"":372451,""detectors_checked"":48107520}"
      5120,         0,         0,   0.632,standalone_exact_mw,20c8daca17953576b13a32f59e5f9cb54485b277119f4e6925e9023b8dd1f351,"{""distance"":7,""physical_error_rate"":0.002}","{""detection_events"":31764,""detectors_checked"":4147200}"
      7168,         0,         0,   0.878,standalone_exact_mw,20c8daca17953576b13a32f59e5f9cb54485b277119f4e6925e9023b8dd1f351,"{""distance"":7,""physical_error_rate"":0.002}","{""detection_events"":44884,""detectors_checked"":5806080}"
      5120,         0,         0,   0.619,standalone_exact_mw,20c8daca17953576b13a32f59e5f9cb54485b277119f4e6925e9023b8dd1f351,"{""distance"":7,""physical_error_rate"":0.002}","{""detection_events"":32275,""detectors_checked"":4147200}"
      3072,         0,         0,   0.566,standalone_exact_mw,20c8daca17953576b13a32f59e5f9cb54485b277119f4e6925e9023b8dd1f351,"{""distance"":7,""physical_error_rate"":0.002}","{""detection_events"":19375,""detectors_checked"":2488320}"
      7168,         0,         0,   0.903,standalone_exact_mw,20c8daca17953576b13a32f59e5f9cb54485b277119f4e6925e9023b8dd1f351,"{""distance"":7,""physical_error_rate"":0.002}","{""detection_events"":44893,""detectors_checked"":5806080}"
     12288,         0,         0,    1.55,standalone_exact_mw,20c8daca17953576b13a32f59e5f9cb54485b277119f4e6925e9023b8dd1f351,"{""distance"":7,""physical_error_rate"":0.002}","{""detection_events"":76737,""detectors_checked"":9953280}"
     19456,         0,         0,    3.10,standalone_exact_mw,20c8daca17953576b13a32f59e5f9cb54485b277119f4e6925e9023b8dd1f351,"{""distance"":7,""physical_error_rate"":0.002}","{""detection_events"":122540,""detectors_checked"":15759360}"
      3072,         0,         0,   0.569,standalone_exact_mw,20c8daca17953576b13a32f59e5f9cb54485b277119f4e6925e9023b8dd1f351,"{""distance"":7,""physical_error_rate"":0.002}","{""detection_events"":19081,""detectors_checked"":2488320}"
      7168,         0,         0,   0.882,standalone_exact_mw,20c8daca17953576b13a32f59e5f9cb54485b277119f4e6925e9023b8dd1f351,"{""distance"":7,""physical_error_rate"":0.002}","{""detection_events"":45042,""detectors_checked"":5806080}"
    125952,         0,         0,    11.7,standalone_exact_mw,20c8daca17953576b13a32f59e5f9cb54485b277119f4e6925e9023b8dd1f351,"{""distance"":7,""physical_error_rate"":0.002}","{""detection_events"":792850,""detectors_checked"":102021120}"
      7168,         0,         0,   0.864,standalone_exact_mw,20c8daca17953576b13a32f59e5f9cb54485b277119f4e6925e9023b8dd1f351,"{""distance"":7,""physical_error_rate"":0.002}","{""detection_events"":44648,""detectors_checked"":5806080}"
    133120,         0,         0,    11.8,standalone_exact_mw,20c8daca17953576b13a32f59e5f9cb54485b277119f4e6925e9023b8dd1f351,"{""distance"":7,""physical_error_rate"":0.002}","{""detection_events"":835133,""detectors_checked"":107827200}"
   1196032,         1,         0,   120.0,standalone_exact_mw,20c8daca17953576b13a32f59e5f9cb54485b277119f4e6925e9023b8dd1f351,"{""distance"":7,""physical_error_rate"":0.002}","{""detection_events"":7500404,""detectors_checked"":968785920,""obs_mistake_mask=E"":1}"
     10240,         0,         0,    1.23,standalone_exact_mw,20c8daca17953576b13a32f59e5f9cb54485b277119f4e6925e9023b8dd1f351,"{""distance"":7,""physical_error_rate"":0.002}","{""detection_events"":63705,""detectors_checked"":8294400}"
     13312,         0,         0,    1.61,standalone_exact_mw,20c8daca17953576b13a32f59e5f9cb54485b277119f4e6925e9023b8dd1f351,"{""distance"":7,""physical_error_rate"":0.002}","{""detection_events"":83657,""detectors_checked"":10782720}"
      9216,         0,         0,    1.15,standalone_exact_mw,20c8daca17953576b13a32f59e5f9cb54485b277119f4e6925e9023b8dd1f351,"{""distance"":7,""physical_error_rate"":0.002}","{""detection_events"":57827,""detectors_checked"":7464960}"
     25600,         0,         0,    3.15,standalone_exact_mw,20c8daca17953576b13a32f59e5f9cb54485b277119f4e6925e9023b8dd1f351,"{""distance"":7,""physical_error_rate"":0.002}","{""detection_events"":159730,""detectors_checked"":20736000}"
      5120,         0,         0,   0.964,standalone_exact_mw,20c8daca17953576b13a32f59e5f9cb54485b277119f4e6925e9023b8dd1f351,"{""distance"":7,""physical_error_rate"":0.002}","{""detection_events"":32054,""detectors_checked"":4147200}"
    106496,         0,         0,    11.8,standalone_exact_mw,20c8daca17953576b13a32f59e5f9cb54485b277119f4e6925e9023b8dd1f351,"{""distance"":7,""physical_error_rate"":0.002}","{""detection_events"":669731,""detectors_checked"":86261760}"
      9216,         0,         0,    1.13,standalone_exact_mw,20c8daca17953576b13a32f59e5f9cb54485b277119f4e6925e9023b8dd1f351,"{""distance"":7,""physical_error_rate"":0.002}","{""detection_events"":58246,""detectors_checked"":7464960}"
    277504,         0,         0,    23.1,standalone_exact_mw,20c8daca17953576b13a32f59e5f9cb54485b277119f4e6925e9023b8dd1f351,"{""distance"":7,""physical_error_rate"":0.002}","{""detection_events"":1739621,""detectors_checked"":224778240}"
     10240,         0,         0,    1.22,standalone_exact_mw,20c8daca17953576b13a32f59e5f9cb54485b277119f4e6925e9023b8dd1f351,"{""distance"":7,""physical_error_rate"":0.002}","{""detection_events"":64262,""detectors_checked"":8294400}"
   1001472,         0,         0,   119.9,standalone_exact_mw,20c8daca17953576b13a32f59e5f9cb54485b277119f4e6925e9023b8dd1f351,"{""distance"":7,""physical_error_rate"":0.002}","{""detection_events"":6279841,""detectors_checked"":811192320}"
     17408,         0,         0,    2.23,standalone_exact_mw,20c8daca17953576b13a32f59e5f9cb54485b277119f4e6925e9023b8dd1f351,"{""distance"":7,""physical_error_rate"":0.002}","{""detection_events"":108685,""detectors_checked"":14100480}"
      6144,         0,         0,    1.14,standalone_exact_mw,20c8daca17953576b13a32f59e5f9cb54485b277119f4e6925e9023b8dd1f351,"{""distance"":7,""physical_error_rate"":0.002}","{""detection_events"":38865,""detectors_checked"":4976640}"
     13312,         0,         0,    1.62,standalone_exact_mw,20c8daca17953576b13a32f59e5f9cb54485b277119f4e6925e9023b8dd1f351,"{""distance"":7,""physical_error_rate"":0.002}","{""detection_events"":83455,""detectors_checked"":10782720}"
     25600,         0,         0,    3.13,standalone_exact_mw,20c8daca17953576b13a32f59e5f9cb54485b277119f4e6925e9023b8dd1f351,"{""distance"":7,""physical_error_rate"":0.002}","{""detection_events"":160606,""detectors_checked"":20736000}"
     13312,         0,         0,    1.66,standalone_exact_mw,20c8daca17953576b13a32f59e5f9cb54485b277119f4e6925e9023b8dd1f351,"{""distance"":7,""physical_error_rate"":0.002}","{""detection_events"":83920,""detectors_checked"":10782720}"
    297984,         0,         0,    23.0,standalone_exact_mw,20c8daca17953576b13a32f59e5f9cb54485b277119f4e6925e9023b8dd1f351,"{""distance"":7,""physical_error_rate"":0.002}","{""detection_events"":1866461,""detectors_checked"":241367040}"
     18432,         0,         0,    2.24,standalone_exact_mw,20c8daca17953576b13a32f59e5f9cb54485b277119f4e6925e9023b8dd1f351,"{""distance"":7,""physical_error_rate"":0.002}","{""detection_events"":115410,""detectors_checked"":14929920}"
     13312,         0,         0,    1.62,standalone_exact_mw,20c8daca17953576b13a32f59e5f9cb54485b277119f4e6925e9023b8dd1f351,"{""distance"":7,""physical_error_rate"":0.002}","{""detection_events"":82617,""detectors_checked"":10782720}"
     13312,         0,         0,    1.59,standalone_exact_mw,20c8daca17953576b13a32f59e5f9cb54485b277119f4e6925e9023b8dd1f351,"{""distance"":7,""physical_error_rate"":0.002}","{""detection_events"":83500,""detectors_checked"":10782720}"
     33792,         0,         0,    6.16,standalone_exact_mw,20c8daca17953576b13a32f59e5f9cb54485b277119f4e6925e9023b8dd1f351,"{""distance"":7,""physical_error_rate"":0.002}","{""detection_events"":211824,""detectors_checked"":27371520}"
      9216,         0,         0,    1.72,standalone_exact_mw,20c8daca17953576b13a32f59e5f9cb54485b277119f4e6925e9023b8dd1f351,"{""distance"":7,""physical_error_rate"":0.002}","{""detection_events"":57691,""detectors_checked"":7464960}"
    111616,         0,         0,    11.7,standalone_exact_mw,20c8daca17953576b13a32f59e5f9cb54485b277119f4e6925e9023b8dd1f351,"{""distance"":7,""physical_error_rate"":0.002}","{""detection_events"":698589,""detectors_checked"":90408960}"
     26624,         0,         0,    4.34,standalone_exact_mw,20c8daca17953576b13a32f59e5f9cb54485b277119f4e6925e9023b8dd1f351,"{""distance"":7,""physical_error_rate"":0.002}","{""detection_events"":166382,""detectors_checked"":21565440}"
     18432,         0,         0,    2.26,standalone_exact_mw,20c8daca17953576b13a32f59e5f9cb54485b277119f4e6925e9023b8dd1f351,"{""distance"":7,""physical_error_rate"":0.002}","{""detection_events"":115887,""detectors_checked"":14929920}"
     17408,         0,         0,    2.18,standalone_exact_mw,20c8daca17953576b13a32f59e5f9cb54485b277119f4e6925e9023b8dd1f351,"{""distance"":7,""physical_error_rate"":0.002}","{""detection_events"":108976,""detectors_checked"":14100480}"
     24576,         0,         0,    3.07,standalone_exact_mw,20c8daca17953576b13a32f59e5f9cb54485b277119f4e6925e9023b8dd1f351,"{""distance"":7,""physical_error_rate"":0.002}","{""detection_events"":153281,""detectors_checked"":19906560}"
     18432,         0,         0,    2.26,standalone_exact_mw,20c8daca17953576b13a32f59e5f9cb54485b277119f4e6925e9023b8dd1f351,"{""distance"":7,""physical_error_rate"":0.002}","{""detection_events"":115064,""detectors_checked"":14929920}"
     35840,         0,         0,    4.36,standalone_exact_mw,20c8daca17953576b13a32f59e5f9cb54485b277119f4e6925e9023b8dd1f351,"{""distance"":7,""physical_error_rate"":0.002}","{""detection_events"":223772,""detectors_checked"":29030400}"
     13312,         0,         0,    2.31,standalone_exact_mw,20c8daca17953576b13a32f59e5f9cb54485b277119f4e6925e9023b8dd1f351,"{""distance"":7,""physical_error_rate"":0.002}","{""detection_events"":82515,""detectors_checked"":10782720}"
   1211392,         0,         0,   119.9,standalone_exact_mw,20c8daca17953576b13a32f59e5f9cb54485b277119f4e6925e9023b8dd1f351,"{""distance"":7,""physical_error_rate"":0.002}","{""detection_events"":7596529,""detectors_checked"":981227520}"
     68608,         0,         0,    8.43,standalone_exact_mw,20c8daca17953576b13a32f59e5f9cb54485b277119f4e6925e9023b8dd1f351,"{""distance"":7,""physical_error_rate"":0.002}","{""detection_events"":430578,""detectors_checked"":55572480}"
     25600,         0,         0,    3.13,standalone_exact_mw,20c8daca17953576b13a32f59e5f9cb54485b277119f4e6925e9023b8dd1f351,"{""distance"":7,""physical_error_rate"":0.002}","{""detection_events"":159968,""detectors_checked"":20736000}"
     11264,         0,         0,    2.33,standalone_exact_mw,20c8daca17953576b13a32f59e5f9cb54485b277119f4e6925e9023b8dd1f351,"{""distance"":7,""physical_error_rate"":0.002}","{""detection_events"":70186,""detectors_checked"":9123840}"
     32768,         0,         0,    4.38,standalone_exact_mw,20c8daca17953576b13a32f59e5f9cb54485b277119f4e6925e9023b8dd1f351,"{""distance"":7,""physical_error_rate"":0.002}","{""detection_events"":204979,""detectors_checked"":26542080}"
     69632,         0,         0,    8.44,standalone_exact_mw,20c8daca17953576b13a32f59e5f9cb54485b277119f4e6925e9023b8dd1f351,"{""distance"":7,""physical_error_rate"":0.002}","{""detection_events"":437971,""detectors_checked"":56401920}"
     67584,         0,         0,    8.39,standalone_exact_mw,20c8daca17953576b13a32f59e5f9cb54485b277119f4e6925e9023b8dd1f351,"{""distance"":7,""physical_error_rate"":0.002}","{""detection_events"":423973,""detectors_checked"":54743040}"
     25600,         0,         0,    3.13,standalone_exact_mw,20c8daca17953576b13a32f59e5f9cb54485b277119f4e6925e9023b8dd1f351,"{""distance"":7,""physical_error_rate"":0.002}","{""detection_events"":160245,""detectors_checked"":20736000}"
     24576,         0,         0,    3.05,standalone_exact_mw,20c8daca17953576b13a32f59e5f9cb54485b277119f4e6925e9023b8dd1f351,"{""distance"":7,""physical_error_rate"":0.002}","{""detection_events"":152862,""detectors_checked"":19906560}"
       273,         0,         0,   0.035,standalone_exact_mw,20c8daca17953576b13a32f59e5f9cb54485b277119f4e6925e9023b8dd1f351,"{""distance"":7,""physical_error_rate"":0.002}","{""detection_events"":1672,""detectors_checked"":221130}"
      1024,         0,         0,   0.121,standalone_exact_mw,20c8daca17953576b13a32f59e5f9cb54485b277119f4e6925e9023b8dd1f351,"{""distance"":7,""physical_error_rate"":0.002}","{""detection_events"":6485,""detectors_checked"":829440}"
     25600,         0,         0,    3.18,standalone_exact_mw,20c8daca17953576b13a32f59e5f9cb54485b277119f4e6925e9023b8dd1f351,"{""distance"":7,""physical_error_rate"":0.002}","{""detection_events"":160079,""detectors_checked"":20736000}"
     17408,         0,         0,    3.07,standalone_exact_mw,20c8daca17953576b13a32f59e5f9cb54485b277119f4e6925e9023b8dd1f351,"{""distance"":7,""physical_error_rate"":0.002}","{""detection_events"":109264,""detectors_checked"":14100480}"
      1024,         0,         0,   0.126,standalone_exact_mw,20c8daca17953576b13a32f59e5f9cb54485b277119f4e6925e9023b8dd1f351,"{""distance"":7,""physical_error_rate"":0.002}","{""detection_events"":6174,""detectors_checked"":829440}"
      1024,         0,         0,   0.128,standalone_exact_mw,20c8daca17953576b13a32f59e5f9cb54485b277119f4e6925e9023b8dd1f351,"{""distance"":7,""physical_error_rate"":0.002}","{""detection_events"":6651,""detectors_checked"":829440}"
      1024,         0,         0,   0.127,standalone_exact_mw,20c8daca17953576b13a32f59e5f9cb54485b277119f4e6925e9023b8dd1f351,"{""distance"":7,""physical_error_rate"":0.002}","{""detection_events"":6514,""detectors_checked"":829440}"
      1024,         0,         0,   0.114,standalone_exact_mw,20c8daca17953576b13a32f59e5f9cb54485b277119f4e6925e9023b8dd1f351,"{""distance"":7,""physical_error_rate"":0.002}","{""detection_events"":6330,""detectors_checked"":829440}"
      1024,         0,         0,   0.128,standalone_exact_mw,20c8daca17953576b13a32f59e5f9cb54485b277119f4e6925e9023b8dd1f351,"{""distance"":7,""physical_error_rate"":0.002}","{""detection_events"":6540,""detectors_checked"":829440}"
    972800,         0,         0,   120.0,standalone_exact_mw,20c8daca17953576b13a32f59e5f9cb54485b277119f4e6925e9023b8dd1f351,"{""distance"":7,""physical_error_rate"":0.002}","{""detection_events"":6096024,""detectors_checked"":787968000}"
      1024,         0,         0,   0.113,standalone_exact_mw,20c8daca17953576b13a32f59e5f9cb54485b277119f4e6925e9023b8dd1f351,"{""distance"":7,""physical_error_rate"":0.002}","{""detection_events"":6449,""detectors_checked"":829440}"
     14336,         0,         0,    3.07,standalone_exact_mw,20c8daca17953576b13a32f59e5f9cb54485b277119f4e6925e9023b8dd1f351,"{""distance"":7,""physical_error_rate"":0.002}","{""detection_events"":89485,""detectors_checked"":11612160}"
      2048,         0,         0,   0.267,standalone_exact_mw,20c8daca17953576b13a32f59e5f9cb54485b277119f4e6925e9023b8dd1f351,"{""distance"":7,""physical_error_rate"":0.002}","{""detection_events"":12757,""detectors_checked"":1658880}"
     33792,         0,         0,    4.26,standalone_exact_mw,20c8daca17953576b13a32f59e5f9cb54485b277119f4e6925e9023b8dd1f351,"{""distance"":7,""physical_error_rate"":0.002}","{""detection_events"":211301,""detectors_checked"":27371520}"
      2048,         0,         0,   0.241,standalone_exact_mw,20c8daca17953576b13a32f59e5f9cb54485b277119f4e6925e9023b8dd1f351,"{""distance"":7,""physical_error_rate"":0.002}","{""detection_events"":12856,""detectors_checked"":1658880}"
      3072,         0,         0,   0.369,standalone_exact_mw,20c8daca17953576b13a32f59e5f9cb54485b277119f4e6925e9023b8dd1f351,"{""distance"":7,""physical_error_rate"":0.002}","{""detection_events"":19421,""detectors_checked"":2488320}"
     49152,         0,         0,    6.01,standalone_exact_mw,20c8daca17953576b13a32f59e5f9cb54485b277119f4e6925e9023b8dd1f351,"{""distance"":7,""physical_error_rate"":0.002}","{""detection_events"":307252,""detectors_checked"":39813120}"
     35840,         0,         0,    4.34,standalone_exact_mw,20c8daca17953576b13a32f59e5f9cb54485b277119f4e6925e9023b8dd1f351,"{""distance"":7,""physical_error_rate"":0.002}","{""detection_events"":225475,""detectors_checked"":29030400}"
    978944,         0,         0,   119.9,standalone_exact_mw,20c8daca17953576b13a32f59e5f9cb54485b277119f4e6925e9023b8dd1f351,"{""distance"":7,""physical_error_rate"":0.002}","{""detection_events"":6135177,""detectors_checked"":792944640}"
      4096,         0,         0,   0.489,standalone_exact_mw,20c8daca17953576b13a32f59e5f9cb54485b277119f4e6925e9023b8dd1f351,"{""distance"":7,""physical_error_rate"":0.002}","{""detection_events"":24930,""detectors_checked"":3317760}"
    889856,         0,         0,   119.9,standalone_exact_mw,20c8daca17953576b13a32f59e5f9cb54485b277119f4e6925e9023b8dd1f351,"{""distance"":7,""physical_error_rate"":0.002}","{""detection_events"":5575715,""detectors_checked"":720783360}"
   1607680,         0,         0,   120.0,standalone_exact_mw,20c8daca17953576b13a32f59e5f9cb54485b277119f4e6925e9023b8dd1f351,"{""distance"":7,""physical_error_rate"":0.002}","{""detection_events"":10069779,""detectors_checked"":1302220800}"
      5120,         0,         0,   0.608,standalone_exact_mw,20c8daca17953576b13a32f59e5f9cb54485b277119f4e6925e9023b8dd1f351,"{""distance"":7,""physical_error_rate"":0.002}","{""detection_events"":32751,""detectors_checked"":4147200}"
         1,         0,         0,   0.016,standalone_exact_mw,20c8daca17953576b13a32f59e5f9cb54485b277119f4e6925e9023b8dd1f351,"{""distance"":7,""physical_error_rate"":0.002}","{""detection_events"":10,""detectors_checked"":810}"
     49152,         0,         0,    5.98,standalone_exact_mw,20c8daca17953576b13a32f59e5f9cb54485b277119f4e6925e9023b8dd1f351,"{""distance"":7,""physical_error_rate"":0.002}","{""detection_events"":308732,""detectors_checked"":39813120}"
       272,         0,         0,   0.031,standalone_exact_mw,20c8daca17953576b13a32f59e5f9cb54485b277119f4e6925e9023b8dd1f351,"{""distance"":7,""physical_error_rate"":0.002}","{""detection_events"":1699,""detectors_checked"":220320}"
      1024,         0,         0,   0.123,standalone_exact_mw,20c8daca17953576b13a32f59e5f9cb54485b277119f4e6925e9023b8dd1f351,"{""distance"":7,""physical_error_rate"":0.002}","{""detection_events"":6624,""detectors_checked"":829440}"
      1024,         0,         0,   0.126,standalone_exact_mw,20c8daca17953576b13a32f59e5f9cb54485b277119f4e6925e9023b8dd1f351,"{""distance"":7,""physical_error_rate"":0.002}","{""detection_events"":6356,""detectors_checked"":829440}"
     63488,         0,         0,    8.50,standalone_exact_mw,20c8daca17953576b13a32f59e5f9cb54485b277119f4e6925e9023b8dd1f351,"{""distance"":7,""physical_error_rate"":0.002}","{""detection_events"":396703,""detectors_checked"":51425280}"
    184320,         0,         0,    16.4,standalone_exact_mw,20c8daca17953576b13a32f59e5f9cb54485b277119f4e6925e9023b8dd1f351,"{""distance"":7,""physical_error_rate"":0.002}","{""detection_events"":1153010,""detectors_checked"":149299200}"
      1024,         0,         0,   0.126,standalone_exact_mw,20c8daca17953576b13a32f59e5f9cb54485b277119f4e6925e9023b8dd1f351,"{""distance"":7,""physical_error_rate"":0.002}","{""detection_events"":6355,""detectors_checked"":829440}"
      1024,         0,         0,   0.113,standalone_exact_mw,20c8daca17953576b13a32f59e5f9cb54485b277119f4e6925e9023b8dd1f351,"{""distance"":7,""physical_error_rate"":0.002}","{""detection_events"":6483,""detectors_checked"":829440}"
      1024,         0,         0,   0.134,standalone_exact_mw,20c8daca17953576b13a32f59e5f9cb54485b277119f4e6925e9023b8dd1f351,"{""distance"":7,""physical_error_rate"":0.002}","{""detection_events"":6447,""detectors_checked"":829440}"
     35840,         0,         0,    4.35,standalone_exact_mw,20c8daca17953576b13a32f59e5f9cb54485b277119f4e6925e9023b8dd1f351,"{""distance"":7,""physical_error_rate"":0.002}","{""detection_events"":224927,""detectors_checked"":29030400}"
      7168,         0,         0,   0.876,standalone_exact_mw,20c8daca17953576b13a32f59e5f9cb54485b277119f4e6925e9023b8dd1f351,"{""distance"":7,""physical_error_rate"":0.002}","{""detection_events"":45355,""detectors_checked"":5806080}"
      1024,         0,         0,   0.125,standalone_exact_mw,20c8daca17953576b13a32f59e5f9cb54485b277119f4e6925e9023b8dd1f351,"{""distance"":7,""physical_error_rate"":0.002}","{""detection_events"":6320,""detectors_checked"":829440}"
     34816,         0,         0,    4.34,standalone_exact_mw,20c8daca17953576b13a32f59e5f9cb54485b277119f4e6925e9023b8dd1f351,"{""distance"":7,""physical_error_rate"":0.002}","{""detection_events"":219358,""detectors_checked"":28200960}"
         1,         0,         0,   0.002,standalone_exact_mw,20c8daca17953576b13a32f59e5f9cb54485b277119f4e6925e9023b8dd1f351,"{""distance"":7,""physical_error_rate"":0.002}","{""detection_events"":4,""detectors_checked"":810}"
       272,         0,         0,   0.033,standalone_exact_mw,20c8daca17953576b13a32f59e5f9cb54485b277119f4e6925e9023b8dd1f351,"{""distance"":7,""physical_error_rate"":0.002}","{""detection_events"":1638,""detectors_checked"":220320}"
      2048,         0,         0,   0.239,standalone_exact_mw,20c8daca17953576b13a32f59e5f9cb54485b277119f4e6925e9023b8dd1f351,"{""distance"":7,""physical_error_rate"":0.002}","{""detection_events"":13119,""detectors_checked"":1658880}"
      1024,         0,         0,   0.128,standalone_exact_mw,20c8daca17953576b13a32f59e5f9cb54485b277119f4e6925e9023b8dd1f351,"{""distance"":7,""physical_error_rate"":0.002}","{""detection_events"":6433,""detectors_checked"":829440}"
      2048,         0,         0,   0.239,standalone_exact_mw,20c8daca17953576b13a32f59e5f9cb54485b277119f4e6925e9023b8dd1f351,"{""distance"":7,""physical_error_rate"":0.002}","{""detection_events"":12853,""detectors_checked"":1658880}"
      1024,         0,         0,   0.123,standalone_exact_mw,20c8daca17953576b13a32f59e5f9cb54485b277119f4e6925e9023b8dd1f351,"{""distance"":7,""physical_error_rate"":0.002}","{""detection_events"":6385,""detectors_checked"":829440}"
      1024,         0,         0,   0.128,standalone_exact_mw,20c8daca17953576b13a32f59e5f9cb54485b277119f4e6925e9023b8dd1f351,"{""distance"":7,""physical_error_rate"":0.002}","{""detection_events"":6483,""detectors_checked"":829440}"
     34816,         0,         0,    4.27,standalone_exact_mw,20c8daca17953576b13a32f59e5f9cb54485b277119f4e6925e9023b8dd1f351,"{""distance"":7,""physical_error_rate"":0.002}","{""detection_events"":218128,""detectors_checked"":28200960}"
     49152,         0,         0,    6.03,standalone_exact_mw,20c8daca17953576b13a32f59e5f9cb54485b277119f4e6925e9023b8dd1f351,"{""distance"":7,""physical_error_rate"":0.002}","{""detection_events"":307933,""detectors_checked"":39813120}"
      1024,         0,         0,   0.115,standalone_exact_mw,20c8daca17953576b13a32f59e5f9cb54485b277119f4e6925e9023b8dd1f351,"{""distance"":7,""physical_error_rate"":0.002}","{""detection_events"":6630,""detectors_checked"":829440}"
      1024,         0,         0,   0.128,standalone_exact_mw,20c8daca17953576b13a32f59e5f9cb54485b277119f4e6925e9023b8dd1f351,"{""distance"":7,""physical_error_rate"":0.002}","{""detection_events"":6368,""detectors_checked"":829440}"
      3072,         0,         0,   0.379,standalone_exact_mw,20c8daca17953576b13a32f59e5f9cb54485b277119f4e6925e9023b8dd1f351,"{""distance"":7,""physical_error_rate"":0.002}","{""detection_events"":19190,""detectors_checked"":2488320}"
     31744,         0,         0,    4.40,standalone_exact_mw,20c8daca17953576b13a32f59e5f9cb54485b277119f4e6925e9023b8dd1f351,"{""distance"":7,""physical_error_rate"":0.002}","{""detection_events"":199843,""detectors_checked"":25712640}"
      1024,         0,         0,   0.127,standalone_exact_mw,20c8daca17953576b13a32f59e5f9cb54485b277119f4e6925e9023b8dd1f351,"{""distance"":7,""physical_error_rate"":0.002}","{""detection_events"":6288,""detectors_checked"":829440}"
     10240,         0,         0,    1.23,standalone_exact_mw,20c8daca17953576b13a32f59e5f9cb54485b277119f4e6925e9023b8dd1f351,"{""distance"":7,""physical_error_rate"":0.002}","{""detection_events"":63248,""detectors_checked"":8294400}"
      2048,         0,         0,   0.255,standalone_exact_mw,20c8daca17953576b13a32f59e5f9cb54485b277119f4e6925e9023b8dd1f351,"{""distance"":7,""physical_error_rate"":0.002}","{""detection_events"":12896,""detectors_checked"":1658880}"
      4096,         0,         0,   0.478,standalone_exact_mw,20c8daca17953576b13a32f59e5f9cb54485b277119f4e6925e9023b8dd1f351,"{""distance"":7,""physical_error_rate"":0.002}","{""detection_events"":25845,""detectors_checked"":3317760}"
   1100800,         0,         0,   120.0,standalone_exact_mw,20c8daca17953576b13a32f59e5f9cb54485b277119f4e6925e9023b8dd1f351,"{""distance"":7,""physical_error_rate"":0.002}","{""detection_events"":6896838,""detectors_checked"":891648000}"
      2048,         0,         0,   0.253,standalone_exact_mw,20c8daca17953576b13a32f59e5f9cb54485b277119f4e6925e9023b8dd1f351,"{""distance"":7,""physical_error_rate"":0.002}","{""detection_events"":12968,""detectors_checked"":1658880}"
     23552,         0,         0,    4.40,standalone_exact_mw,20c8daca17953576b13a32f59e5f9cb54485b277119f4e6925e9023b8dd1f351,"{""distance"":7,""physical_error_rate"":0.002}","{""detection_events"":147067,""detectors_checked"":19077120}"
    950272,         0,         0,   119.9,standalone_exact_mw,20c8daca17953576b13a32f59e5f9cb54485b277119f4e6925e9023b8dd1f351,"{""distance"":7,""physical_error_rate"":0.002}","{""detection_events"":5955984,""detectors_checked"":769720320}"
    202752,         0,         0,    16.5,standalone_exact_mw,20c8daca17953576b13a32f59e5f9cb54485b277119f4e6925e9023b8dd1f351,"{""distance"":7,""physical_error_rate"":0.002}","{""detection_events"":1271214,""detectors_checked"":164229120}"
      3072,         0,         0,   0.383,standalone_exact_mw,20c8daca17953576b13a32f59e5f9cb54485b277119f4e6925e9023b8dd1f351,"{""distance"":7,""physical_error_rate"":0.002}","{""detection_events"":19265,""detectors_checked"":2488320}"
      5120,         0,         0,   0.616,standalone_exact_mw,20c8daca17953576b13a32f59e5f9cb54485b277119f4e6925e9023b8dd1f351,"{""distance"":7,""physical_error_rate"":0.002}","{""detection_events"":31876,""detectors_checked"":4147200}"
      4096,         0,         0,   0.499,standalone_exact_mw,20c8daca17953576b13a32f59e5f9cb54485b277119f4e6925e9023b8dd1f351,"{""distance"":7,""physical_error_rate"":0.002}","{""detection_events"":26164,""detectors_checked"":3317760}"
      7168,         0,         0,   0.832,standalone_exact_mw,20c8daca17953576b13a32f59e5f9cb54485b277119f4e6925e9023b8dd1f351,"{""distance"":7,""physical_error_rate"":0.002}","{""detection_events"":45200,""detectors_checked"":5806080}"
     13312,         0,         0,    1.61,standalone_exact_mw,20c8daca17953576b13a32f59e5f9cb54485b277119f4e6925e9023b8dd1f351,"{""distance"":7,""physical_error_rate"":0.002}","{""detection_events"":83859,""detectors_checked"":10782720}"
      5120,         0,         0,   0.624,standalone_exact_mw,20c8daca17953576b13a32f59e5f9cb54485b277119f4e6925e9023b8dd1f351,"{""distance"":7,""physical_error_rate"":0.002}","{""detection_events"":32099,""detectors_checked"":4147200}"
     48128,         0,         0,    6.06,standalone_exact_mw,20c8daca17953576b13a32f59e5f9cb54485b277119f4e6925e9023b8dd1f351,"{""distance"":7,""physical_error_rate"":0.002}","{""detection_events"":302365,""detectors_checked"":38983680}"
      7168,         0,         0,   0.876,standalone_exact_mw,20c8daca17953576b13a32f59e5f9cb54485b277119f4e6925e9023b8dd1f351,"{""distance"":7,""physical_error_rate"":0.002}","{""detection_events"":45150,""detectors_checked"":5806080}"
     10240,         0,         0,    1.21,standalone_exact_mw,20c8daca17953576b13a32f59e5f9cb54485b277119f4e6925e9023b8dd1f351,"{""distance"":7,""physical_error_rate"":0.002}","{""detection_events"":63841,""detectors_checked"":8294400}"
   1039360,         0,         0,   120.0,standalone_exact_mw,20c8daca17953576b13a32f59e5f9cb54485b277119f4e6925e9023b8dd1f351,"{""distance"":7,""physical_error_rate"":0.002}","{""detection_events"":6507872,""detectors_checked"":841881600}"
     49152,         0,         0,    5.98,standalone_exact_mw,20c8daca17953576b13a32f59e5f9cb54485b277119f4e6925e9023b8dd1f351,"{""distance"":7,""physical_error_rate"":0.002}","{""detection_events"":309158,""detectors_checked"":39813120}"
    146432,         0,         0,    16.4,standalone_exact_mw,20c8daca17953576b13a32f59e5f9cb54485b277119f4e6925e9023b8dd1f351,"{""distance"":7,""physical_error_rate"":0.002}","{""detection_events"":917545,""detectors_checked"":118609920}"
    143360,         0,         0,    16.5,standalone_exact_mw,20c8daca17953576b13a32f59e5f9cb54485b277119f4e6925e9023b8dd1f351,"{""distance"":7,""physical_error_rate"":0.002}","{""detection_events"":899056,""detectors_checked"":116121600}"
      9216,         0,         0,    1.12,standalone_exact_mw,20c8daca17953576b13a32f59e5f9cb54485b277119f4e6925e9023b8dd1f351,"{""distance"":7,""physical_error_rate"":0.002}","{""detection_events"":57710,""detectors_checked"":7464960}"
     18432,         0,         0,    2.24,standalone_exact_mw,20c8daca17953576b13a32f59e5f9cb54485b277119f4e6925e9023b8dd1f351,"{""distance"":7,""physical_error_rate"":0.002}","{""detection_events"":115539,""detectors_checked"":14929920}"
     98304,         0,         0,    11.7,standalone_exact_mw,20c8daca17953576b13a32f59e5f9cb54485b277119f4e6925e9023b8dd1f351,"{""distance"":7,""physical_error_rate"":0.002}","{""detection_events"":615651,""detectors_checked"":79626240}"
    158720,         0,         0,    16.5,standalone_exact_mw,20c8daca17953576b13a32f59e5f9cb54485b277119f4e6925e9023b8dd1f351,"{""distance"":7,""physical_error_rate"":0.002}","{""detection_events"":995343,""detectors_checked"":128563200}"
     13312,         0,         0,    1.58,standalone_exact_mw,20c8daca17953576b13a32f59e5f9cb54485b277119f4e6925e9023b8dd1f351,"{""distance"":7,""physical_error_rate"":0.002}","{""detection_events"":84134,""detectors_checked"":10782720}"
     49152,         0,         0,    5.99,standalone_exact_mw,20c8daca17953576b13a32f59e5f9cb54485b277119f4e6925e9023b8dd1f351,"{""distance"":7,""physical_error_rate"":0.002}","{""detection_events"":308534,""detectors_checked"":39813120}"
     49152,         0,         0,    6.08,standalone_exact_mw,20c8daca17953576b13a32f59e5f9cb54485b277119f4e6925e9023b8dd1f351,"{""distance"":7,""physical_error_rate"":0.002}","{""detection_events"":308756,""detectors_checked"":39813120}"
     13312,         0,         0,    1.62,standalone_exact_mw,20c8daca17953576b13a32f59e5f9cb54485b277119f4e6925e9023b8dd1f351,"{""distance"":7,""physical_error_rate"":0.002}","{""detection_events"":84012,""detectors_checked"":10782720}"
     49152,         0,         0,    6.05,standalone_exact_mw,20c8daca17953576b13a32f59e5f9cb54485b277119f4e6925e9023b8dd1f351,"{""distance"":7,""physical_error_rate"":0.002}","{""detection_events"":307240,""detectors_checked"":39813120}"
     97280,         0,         0,    11.8,standalone_exact_mw,20c8daca17953576b13a32f59e5f9cb54485b277119f4e6925e9023b8dd1f351,"{""distance"":7,""physical_error_rate"":0.002}","{""detection_events"":610824,""detectors_checked"":78796800}"
     68608,         0,         0,    8.41,standalone_exact_mw,20c8daca17953576b13a32f59e5f9cb54485b277119f4e6925e9023b8dd1f351,"{""distance"":7,""physical_error_rate"":0.002}","{""detection_events"":430453,""detectors_checked"":55572480}"
     39936,         0,         0,    6.05,standalone_exact_mw,20c8daca17953576b13a32f59e5f9cb54485b277119f4e6925e9023b8dd1f351,"{""distance"":7,""physical_error_rate"":0.002}","{""detection_events"":251128,""detectors_checked"":32348160}"
    899072,         0,         0,   119.9,standalone_exact_mw,20c8daca17953576b13a32f59e5f9cb54485b277119f4e6925e9023b8dd1f351,"{""distance"":7,""physical_error_rate"":0.002}","{""detection_events"":5635113,""detectors_checked"":728248320}"
     98304,         0,         0,    11.7,standalone_exact_mw,20c8daca17953576b13a32f59e5f9cb54485b277119f4e6925e9023b8dd1f351,"{""distance"":7,""physical_error_rate"":0.002}","{""detection_events"":616269,""detectors_checked"":79626240}"
     68608,         0,         0,    8.41,standalone_exact_mw,20c8daca17953576b13a32f59e5f9cb54485b277119f4e6925e9023b8dd1f351,"{""distance"":7,""physical_error_rate"":0.002}","{""detection_events"":430161,""detectors_checked"":55572480}"
     36864,         0,         0,    6.09,standalone_exact_mw,20c8daca17953576b13a32f59e5f9cb54485b277119f4e6925e9023b8dd1f351,"{""distance"":7,""physical_error_rate"":0.002}","{""detection_events"":231158,""detectors_checked"":29859840}"
     18432,         0,         0,    2.28,standalone_exact_mw,20c8daca17953576b13a32f59e5f9cb54485b277119f4e6925e9023b8dd1f351,"{""distance"":7,""physical_error_rate"":0.002}","{""detection_events"":115146,""detectors_checked"":14929920}"
         1,         0,         0,   0.025,standalone_exact_mw,20c8daca17953576b13a32f59e5f9cb54485b277119f4e6925e9023b8dd1f351,"{""distance"":7,""physical_error_rate"":0.002}","{""detection_events"":8,""detectors_checked"":810}"
     25600,         0,         0,    3.09,standalone_exact_mw,20c8daca17953576b13a32f59e5f9cb54485b277119f4e6925e9023b8dd1f351,"{""distance"":7,""physical_error_rate"":0.002}","{""detection_events"":161727,""detectors_checked"":20736000}"
       272,         0,         0,   0.091,standalone_exact_mw,20c8daca17953576b13a32f59e5f9cb54485b277119f4e6925e9023b8dd1f351,"{""distance"":7,""physical_error_rate"":0.002}","{""detection_events"":1760,""detectors_checked"":220320}"
      1024,         0,         0,   0.338,standalone_exact_mw,20c8daca17953576b13a32f59e5f9cb54485b277119f4e6925e9023b8dd1f351,"{""distance"":7,""physical_error_rate"":0.002}","{""detection_events"":6410,""detectors_checked"":829440}"
    524288,         0,         0,   120.1,standalone_exact_mw,20c8daca17953576b13a32f59e5f9cb54485b277119f4e6925e9023b8dd1f351,"{""distance"":7,""physical_error_rate"":0.002}","{""detection_events"":3286079,""detectors_checked"":424673280}"
    167936,         0,         0,    16.4,standalone_exact_mw,20c8daca17953576b13a32f59e5f9cb54485b277119f4e6925e9023b8dd1f351,"{""distance"":7,""physical_error_rate"":0.002}","{""detection_events"":1050739,""detectors_checked"":136028160}"
     18432,         0,         0,    2.24,standalone_exact_mw,20c8daca17953576b13a32f59e5f9cb54485b277119f4e6925e9023b8dd1f351,"{""distance"":7,""physical_error_rate"":0.002}","{""detection_events"":114888,""detectors_checked"":14929920}"
      1024,         0,         0,   0.349,standalone_exact_mw,20c8daca17953576b13a32f59e5f9cb54485b277119f4e6925e9023b8dd1f351,"{""distance"":7,""physical_error_rate"":0.002}","{""detection_events"":6664,""detectors_checked"":829440}"
      1024,         0,         0,   0.129,standalone_exact_mw,20c8daca17953576b13a32f59e5f9cb54485b277119f4e6925e9023b8dd1f351,"{""distance"":7,""physical_error_rate"":0.002}","{""detection_events"":6308,""detectors_checked"":829440}"
      1024,         0,         0,   0.127,standalone_exact_mw,20c8daca17953576b13a32f59e5f9cb54485b277119f4e6925e9023b8dd1f351,"{""distance"":7,""physical_error_rate"":0.002}","{""detection_events"":6475,""detectors_checked"":829440}"
     68608,         0,         0,    8.44,standalone_exact_mw,20c8daca17953576b13a32f59e5f9cb54485b277119f4e6925e9023b8dd1f351,"{""distance"":7,""physical_error_rate"":0.002}","{""detection_events"":430944,""detectors_checked"":55572480}"
      1024,         0,         0,   0.115,standalone_exact_mw,20c8daca17953576b13a32f59e5f9cb54485b277119f4e6925e9023b8dd1f351,"{""distance"":7,""physical_error_rate"":0.002}","{""detection_events"":6338,""detectors_checked"":829440}"
      1024,         0,         0,   0.116,standalone_exact_mw,20c8daca17953576b13a32f59e5f9cb54485b277119f4e6925e9023b8dd1f351,"{""distance"":7,""physical_error_rate"":0.002}","{""detection_events"":6404,""detectors_checked"":829440}"
    437248,         0,         0,    32.1,standalone_exact_mw,20c8daca17953576b13a32f59e5f9cb54485b277119f4e6925e9023b8dd1f351,"{""distance"":7,""physical_error_rate"":0.002}","{""detection_events"":2739740,""detectors_checked"":354170880}"
      2048,         0,         0,   0.256,standalone_exact_mw,20c8daca17953576b13a32f59e5f9cb54485b277119f4e6925e9023b8dd1f351,"{""distance"":7,""physical_error_rate"":0.002}","{""detection_events"":12760,""detectors_checked"":1658880}"
      2048,         0,         0,   0.242,standalone_exact_mw,20c8daca17953576b13a32f59e5f9cb54485b277119f4e6925e9023b8dd1f351,"{""distance"":7,""physical_error_rate"":0.002}","{""detection_events"":12745,""detectors_checked"":1658880}"
      3072,         0,         0,   0.370,standalone_exact_mw,20c8daca17953576b13a32f59e5f9cb54485b277119f4e6925e9023b8dd1f351,"{""distance"":7,""physical_error_rate"":0.002}","{""detection_events"":19032,""detectors_checked"":2488320}"
      4096,         0,         0,   0.502,standalone_exact_mw,20c8daca17953576b13a32f59e5f9cb54485b277119f4e6925e9023b8dd1f351,"{""distance"":7,""physical_error_rate"":0.002}","{""detection_events"":25607,""detectors_checked"":3317760}"
     25600,         0,         0,    3.06,standalone_exact_mw,20c8daca17953576b13a32f59e5f9cb54485b277119f4e6925e9023b8dd1f351,"{""distance"":7,""physical_error_rate"":0.002}","{""detection_events"":159768,""detectors_checked"":20736000}"
     88064,         0,         0,    11.7,standalone_exact_mw,20c8daca17953576b13a32f59e5f9cb54485b277119f4e6925e9023b8dd1f351,"{""distance"":7,""physical_error_rate"":0.002}","{""detection_events"":549965,""detectors_checked"":71331840}"
      5120,         0,         0,   0.631,standalone_exact_mw,20c8daca17953576b13a32f59e5f9cb54485b277119f4e6925e9023b8dd1f351,"{""distance"":7,""physical_error_rate"":0.002}","{""detection_events"":32453,""detectors_checked"":4147200}"
    942080,         0,         0,   119.9,standalone_exact_mw,20c8daca17953576b13a32f59e5f9cb54485b277119f4e6925e9023b8dd1f351,"{""distance"":7,""physical_error_rate"":0.002}","{""detection_events"":5901986,""detectors_checked"":763084800}"
     66560,         0,         0,    8.40,standalone_exact_mw,20c8daca17953576b13a32f59e5f9cb54485b277119f4e6925e9023b8dd1f351,"{""distance"":7,""physical_error_rate"":0.002}","{""detection_events"":419294,""detectors_checked"":53913600}"
     25600,         0,         0,    3.11,standalone_exact_mw,20c8daca17953576b13a32f59e5f9cb54485b277119f4e6925e9023b8dd1f351,"{""distance"":7,""physical_error_rate"":0.002}","{""detection_events"":160599,""detectors_checked"":20736000}"
      7168,         0,         0,   0.864,standalone_exact_mw,20c8daca17953576b13a32f59e5f9cb54485b277119f4e6925e9023b8dd1f351,"{""distance"":7,""physical_error_rate"":0.002}","{""detection_events"":44881,""detectors_checked"":5806080}"
     35840,         0,         0,    4.35,standalone_exact_mw,20c8daca17953576b13a32f59e5f9cb54485b277119f4e6925e9023b8dd1f351,"{""distance"":7,""physical_error_rate"":0.002}","{""detection_events"":224966,""detectors_checked"":29030400}"
    476160,         0,         0,    32.2,standalone_exact_mw,20c8daca17953576b13a32f59e5f9cb54485b277119f4e6925e9023b8dd1f351,"{""distance"":7,""physical_error_rate"":0.002}","{""detection_events"":2986802,""detectors_checked"":385689600}"
    912384,         0,         0,   119.9,standalone_exact_mw,20c8daca17953576b13a32f59e5f9cb54485b277119f4e6925e9023b8dd1f351,"{""distance"":7,""physical_error_rate"":0.002}","{""detection_events"":5722437,""detectors_checked"":739031040}"
     69632,         0,         0,    8.37,standalone_exact_mw,20c8daca17953576b13a32f59e5f9cb54485b277119f4e6925e9023b8dd1f351,"{""distance"":7,""physical_error_rate"":0.002}","{""detection_events"":435634,""detectors_checked"":56401920}"
      9216,         0,         0,    1.14,standalone_exact_mw,20c8daca17953576b13a32f59e5f9cb54485b277119f4e6925e9023b8dd1f351,"{""distance"":7,""physical_error_rate"":0.002}","{""detection_events"":57808,""detectors_checked"":7464960}"
     68608,         0,         0,    8.39,standalone_exact_mw,20c8daca17953576b13a32f59e5f9cb54485b277119f4e6925e9023b8dd1f351,"{""distance"":7,""physical_error_rate"":0.002}","{""detection_events"":431426,""detectors_checked"":55572480}"
     66560,         0,         0,    8.39,standalone_exact_mw,20c8daca17953576b13a32f59e5f9cb54485b277119f4e6925e9023b8dd1f351,"{""distance"":7,""physical_error_rate"":0.002}","{""detection_events"":418468,""detectors_checked"":53913600}"
     13312,         0,         0,    1.62,standalone_exact_mw,20c8daca17953576b13a32f59e5f9cb54485b277119f4e6925e9023b8dd1f351,"{""distance"":7,""physical_error_rate"":0.002}","{""detection_events"":83542,""detectors_checked"":10782720}"
     65536,         0,         0,    8.42,standalone_exact_mw,20c8daca17953576b13a32f59e5f9cb54485b277119f4e6925e9023b8dd1f351,"{""distance"":7,""physical_error_rate"":0.002}","{""detection_events"":410806,""detectors_checked"":53084160}"
     34816,         0,         0,    4.26,standalone_exact_mw,20c8daca17953576b13a32f59e5f9cb54485b277119f4e6925e9023b8dd1f351,"{""distance"":7,""physical_error_rate"":0.002}","{""detection_events"":216962,""detectors_checked"":28200960}"
       273,         0,         0,   0.040,standalone_exact_mw,20c8daca17953576b13a32f59e5f9cb54485b277119f4e6925e9023b8dd1f351,"{""distance"":7,""physical_error_rate"":0.002}","{""detection_events"":1677,""detectors_checked"":221130}"
     59392,         0,         0,    8.42,standalone_exact_mw,20c8daca17953576b13a32f59e5f9cb54485b277119f4e6925e9023b8dd1f351,"{""distance"":7,""physical_error_rate"":0.002}","{""detection_events"":374902,""detectors_checked"":48107520}"
      1024,         0,         0,   0.131,standalone_exact_mw,20c8daca17953576b13a32f59e5f9cb54485b277119f4e6925e9023b8dd1f351,"{""distance"":7,""physical_error_rate"":0.002}","{""detection_events"":6467,""detectors_checked"":829440}"
      1024,         0,         0,   0.131,standalone_exact_mw,20c8daca17953576b13a32f59e5f9cb54485b277119f4e6925e9023b8dd1f351,"{""distance"":7,""physical_error_rate"":0.002}","{""detection_events"":6433,""detectors_checked"":829440}"
      1024,         0,         0,   0.129,standalone_exact_mw,20c8daca17953576b13a32f59e5f9cb54485b277119f4e6925e9023b8dd1f351,"{""distance"":7,""physical_error_rate"":0.002}","{""detection_events"":6499,""detectors_checked"":829440}"
      1024,         0,         0,   0.128,standalone_exact_mw,20c8daca17953576b13a32f59e5f9cb54485b277119f4e6925e9023b8dd1f351,"{""distance"":7,""physical_error_rate"":0.002}","{""detection_events"":6372,""detectors_checked"":829440}"
      1024,         0,         0,   0.112,standalone_exact_mw,20c8daca17953576b13a32f59e5f9cb54485b277119f4e6925e9023b8dd1f351,"{""distance"":7,""physical_error_rate"":0.002}","{""detection_events"":6244,""detectors_checked"":829440}"
      1024,         0,         0,   0.129,standalone_exact_mw,20c8daca17953576b13a32f59e5f9cb54485b277119f4e6925e9023b8dd1f351,"{""distance"":7,""physical_error_rate"":0.002}","{""detection_events"":6350,""detectors_checked"":829440}"
     63488,         0,         0,    8.38,standalone_exact_mw,20c8daca17953576b13a32f59e5f9cb54485b277119f4e6925e9023b8dd1f351,"{""distance"":7,""physical_error_rate"":0.002}","{""detection_events"":398436,""detectors_checked"":51425280}"
      1024,         0,         0,   0.128,standalone_exact_mw,20c8daca17953576b13a32f59e5f9cb54485b277119f4e6925e9023b8dd1f351,"{""distance"":7,""physical_error_rate"":0.002}","{""detection_events"":6410,""detectors_checked"":829440}"
     30720,         0,         0,    4.46,standalone_exact_mw,20c8daca17953576b13a32f59e5f9cb54485b277119f4e6925e9023b8dd1f351,"{""distance"":7,""physical_error_rate"":0.002}","{""detection_events"":191846,""detectors_checked"":24883200}"
      2048,         0,         0,   0.256,standalone_exact_mw,20c8daca17953576b13a32f59e5f9cb54485b277119f4e6925e9023b8dd1f351,"{""distance"":7,""physical_error_rate"":0.002}","{""detection_events"":13034,""detectors_checked"":1658880}"
      2048,         0,         0,   0.246,standalone_exact_mw,20c8daca17953576b13a32f59e5f9cb54485b277119f4e6925e9023b8dd1f351,"{""distance"":7,""physical_error_rate"":0.002}","{""detection_events"":12761,""detectors_checked"":1658880}"
      3072,         0,         0,   0.370,standalone_exact_mw,20c8daca17953576b13a32f59e5f9cb54485b277119f4e6925e9023b8dd1f351,"{""distance"":7,""physical_error_rate"":0.002}","{""detection_events"":19127,""detectors_checked"":2488320}"
     18432,         0,         0,    2.25,standalone_exact_mw,20c8daca17953576b13a32f59e5f9cb54485b277119f4e6925e9023b8dd1f351,"{""distance"":7,""physical_error_rate"":0.002}","{""detection_events"":114584,""detectors_checked"":14929920}"
    931840,         0,         0,   120.0,standalone_exact_mw,20c8daca17953576b13a32f59e5f9cb54485b277119f4e6925e9023b8dd1f351,"{""distance"":7,""physical_error_rate"":0.002}","{""detection_events"":5843154,""detectors_checked"":754790400}"
      4096,         0,         0,   0.498,standalone_exact_mw,20c8daca17953576b13a32f59e5f9cb54485b277119f4e6925e9023b8dd1f351,"{""distance"":7,""physical_error_rate"":0.002}","{""detection_events"":25590,""detectors_checked"":3317760}"
    513024,         0,         0,    32.2,standalone_exact_mw,20c8daca17953576b13a32f59e5f9cb54485b277119f4e6925e9023b8dd1f351,"{""distance"":7,""physical_error_rate"":0.002}","{""detection_events"":3217837,""detectors_checked"":415549440}"
    808960,         0,         0,   119.9,standalone_exact_mw,20c8daca17953576b13a32f59e5f9cb54485b277119f4e6925e9023b8dd1f351,"{""distance"":7,""physical_error_rate"":0.002}","{""detection_events"":5065222,""detectors_checked"":655257600}"
      5120,         0,         0,   0.621,standalone_exact_mw,20c8daca17953576b13a32f59e5f9cb54485b277119f4e6925e9023b8dd1f351,"{""distance"":7,""physical_error_rate"":0.002}","{""detection_events"":31994,""detectors_checked"":4147200}"
     50176,         0,         0,    6.07,standalone_exact_mw,20c8daca17953576b13a32f59e5f9cb54485b277119f4e6925e9023b8dd1f351,"{""distance"":7,""physical_error_rate"":0.002}","{""detection_events"":312983,""detectors_checked"":40642560}"
     77824,         0,         0,    11.8,standalone_exact_mw,20c8daca17953576b13a32f59e5f9cb54485b277119f4e6925e9023b8dd1f351,"{""distance"":7,""physical_error_rate"":0.002}","{""detection_events"":487371,""detectors_checked"":63037440}"
      7168,         0,         0,   0.885,standalone_exact_mw,20c8daca17953576b13a32f59e5f9cb54485b277119f4e6925e9023b8dd1f351,"{""distance"":7,""physical_error_rate"":0.002}","{""detection_events"":44826,""detectors_checked"":5806080}"
     81920,         0,         0,    11.7,standalone_exact_mw,20c8daca17953576b13a32f59e5f9cb54485b277119f4e6925e9023b8dd1f351,"{""distance"":7,""physical_error_rate"":0.002}","{""detection_events"":514296,""detectors_checked"":66355200}"
    627712,         0,         0,   119.9,standalone_exact_mw,20c8daca17953576b13a32f59e5f9cb54485b277119f4e6925e9023b8dd1f351,"{""distance"":7,""physical_error_rate"":0.002}","{""detection_events"":3930598,""detectors_checked"":508446720}"
      9216,         0,         0,    1.11,standalone_exact_mw,20c8daca17953576b13a32f59e5f9cb54485b277119f4e6925e9023b8dd1f351,"{""distance"":7,""physical_error_rate"":0.002}","{""detection_events"":58372,""detectors_checked"":7464960}"
     25600,         0,         0,    3.15,standalone_exact_mw,20c8daca17953576b13a32f59e5f9cb54485b277119f4e6925e9023b8dd1f351,"{""distance"":7,""physical_error_rate"":0.002}","{""detection_events"":160116,""detectors_checked"":20736000}"
     94208,         0,         0,    11.8,standalone_exact_mw,20c8daca17953576b13a32f59e5f9cb54485b277119f4e6925e9023b8dd1f351,"{""distance"":7,""physical_error_rate"":0.002}","{""detection_events"":591734,""detectors_checked"":76308480}"
     30720,         0,         0,    6.16,standalone_exact_mw,20c8daca17953576b13a32f59e5f9cb54485b277119f4e6925e9023b8dd1f351,"{""distance"":7,""physical_error_rate"":0.002}","{""detection_events"":193273,""detectors_checked"":24883200}"
    449536,         0,         0,    32.1,standalone_exact_mw,20c8daca17953576b13a32f59e5f9cb54485b277119f4e6925e9023b8dd1f351,"{""distance"":7,""physical_error_rate"":0.002}","{""detection_events"":2813582,""detectors_checked"":364124160}"
     13312,         0,         0,    1.63,standalone_exact_mw,20c8daca17953576b13a32f59e5f9cb54485b277119f4e6925e9023b8dd1f351,"{""distance"":7,""physical_error_rate"":0.002}","{""detection_events"":83939,""detectors_checked"":10782720}"
    140288,         0,         0,    16.4,standalone_exact_mw,20c8daca17953576b13a32f59e5f9cb54485b277119f4e6925e9023b8dd1f351,"{""distance"":7,""physical_error_rate"":0.002}","{""detection_events"":877030,""detectors_checked"":113633280}"
     36864,         0,         0,    6.03,standalone_exact_mw,20c8daca17953576b13a32f59e5f9cb54485b277119f4e6925e9023b8dd1f351,"{""distance"":7,""physical_error_rate"":0.002}","{""detection_events"":230500,""detectors_checked"":29859840}"
    225280,         0,         0,    22.9,standalone_exact_mw,20c8daca17953576b13a32f59e5f9cb54485b277119f4e6925e9023b8dd1f351,"{""distance"":7,""physical_error_rate"":0.002}","{""detection_events"":1412561,""detectors_checked"":182476800}"
    442368,         0,         0,    32.1,standalone_exact_mw,20c8daca17953576b13a32f59e5f9cb54485b277119f4e6925e9023b8dd1f351,"{""distance"":7,""physical_error_rate"":0.002}","{""detection_events"":2773490,""detectors_checked"":358318080}"
    139264,         0,         0,    16.4,standalone_exact_mw,20c8daca17953576b13a32f59e5f9cb54485b277119f4e6925e9023b8dd1f351,"{""distance"":7,""physical_error_rate"":0.002}","{""detection_events"":873427,""detectors_checked"":112803840}"
     63488,         0,         0,    11.8,standalone_exact_mw,20c8daca17953576b13a32f59e5f9cb54485b277119f4e6925e9023b8dd1f351,"{""distance"":7,""physical_error_rate"":0.002}","{""detection_events"":397689,""detectors_checked"":51425280}"
    141312,         0,         0,    16.5,standalone_exact_mw,20c8daca17953576b13a32f59e5f9cb54485b277119f4e6925e9023b8dd1f351,"{""distance"":7,""physical_error_rate"":0.002}","{""detection_events"":884182,""detectors_checked"":114462720}"
     13312,         0,         0,    2.34,standalone_exact_mw,20c8daca17953576b13a32f59e5f9cb54485b277119f4e6925e9023b8dd1f351,"{""distance"":7,""physical_error_rate"":0.002}","{""detection_events"":83016,""detectors_checked"":10782720}"
     97280,         0,         0,    11.7,standalone_exact_mw,20c8daca17953576b13a32f59e5f9cb54485b277119f4e6925e9023b8dd1f351,"{""distance"":7,""physical_error_rate"":0.002}","{""detection_events"":611127,""detectors_checked"":78796800}"
     34816,         0,         0,    4.28,standalone_exact_mw,20c8daca17953576b13a32f59e5f9cb54485b277119f4e6925e9023b8dd1f351,"{""distance"":7,""physical_error_rate"":0.002}","{""detection_events"":218062,""detectors_checked"":28200960}"
    225280,         0,         0,    23.0,standalone_exact_mw,20c8daca17953576b13a32f59e5f9cb54485b277119f4e6925e9023b8dd1f351,"{""distance"":7,""physical_error_rate"":0.002}","{""detection_events"":1410664,""detectors_checked"":182476800}"
     96256,         0,         0,    11.7,standalone_exact_mw,20c8daca17953576b13a32f59e5f9cb54485b277119f4e6925e9023b8dd1f351,"{""distance"":7,""physical_error_rate"":0.002}","{""detection_events"":601446,""detectors_checked"":77967360}"
     90112,         1,         0,    11.8,standalone_exact_mw,20c8daca17953576b13a32f59e5f9cb54485b277119f4e6925e9023b8dd1f351,"{""distance"":7,""physical_error_rate"":0.002}","{""detection_events"":564497,""detectors_checked"":72990720,""obs_mistake_mask=E"":1}"
         1,         0,         0,   0.003,standalone_exact_mw,20c8daca17953576b13a32f59e5f9cb54485b277119f4e6925e9023b8dd1f351,"{""distance"":7,""physical_error_rate"":0.002}","{""detection_events"":4,""detectors_checked"":810}"
        16,         0,         0,   0.002,standalone_exact_mw,20c8daca17953576b13a32f59e5f9cb54485b277119f4e6925e9023b8dd1f351,"{""distance"":7,""physical_error_rate"":0.002}","{""detection_events"":98,""detectors_checked"":12960}"
       256,         0,         0,   0.030,standalone_exact_mw,20c8daca17953576b13a32f59e5f9cb54485b277119f4e6925e9023b8dd1f351,"{""distance"":7,""physical_error_rate"":0.002}","{""detection_events"":1530,""detectors_checked"":207360}"
      1024,         0,         0,   0.117,standalone_exact_mw,20c8daca17953576b13a32f59e5f9cb54485b277119f4e6925e9023b8dd1f351,"{""distance"":7,""physical_error_rate"":0.002}","{""detection_events"":6638,""detectors_checked"":829440}"
     95232,         0,         0,    11.7,standalone_exact_mw,20c8daca17953576b13a32f59e5f9cb54485b277119f4e6925e9023b8dd1f351,"{""distance"":7,""physical_error_rate"":0.002}","{""detection_events"":595614,""detectors_checked"":77137920}"
      1024,         0,         0,   0.129,standalone_exact_mw,20c8daca17953576b13a32f59e5f9cb54485b277119f4e6925e9023b8dd1f351,"{""distance"":7,""physical_error_rate"":0.002}","{""detection_events"":6527,""detectors_checked"":829440}"
     68608,         0,         0,    8.40,standalone_exact_mw,20c8daca17953576b13a32f59e5f9cb54485b277119f4e6925e9023b8dd1f351,"{""distance"":7,""physical_error_rate"":0.002}","{""detection_events"":430473,""detectors_checked"":55572480}"
      1024,         0,         0,   0.113,standalone_exact_mw,20c8daca17953576b13a32f59e5f9cb54485b277119f4e6925e9023b8dd1f351,"{""distance"":7,""physical_error_rate"":0.002}","{""detection_events"":6578,""detectors_checked"":829440}"
     84992,         0,         0,    11.7,standalone_exact_mw,20c8daca17953576b13a32f59e5f9cb54485b277119f4e6925e9023b8dd1f351,"{""distance"":7,""physical_error_rate"":0.002}","{""detection_events"":530826,""detectors_checked"":68843520}"
      1024,         0,         0,   0.116,standalone_exact_mw,20c8daca17953576b13a32f59e5f9cb54485b277119f4e6925e9023b8dd1f351,"{""distance"":7,""physical_error_rate"":0.002}","{""detection_events"":6551,""detectors_checked"":829440}"
      1024,         0,         0,   0.128,standalone_exact_mw,20c8daca17953576b13a32f59e5f9cb54485b277119f4e6925e9023b8dd1f351,"{""distance"":7,""physical_error_rate"":0.002}","{""detection_events"":6469,""detectors_checked"":829440}"
     18432,         0,         0,    3.17,standalone_exact_mw,20c8daca17953576b13a32f59e5f9cb54485b277119f4e6925e9023b8dd1f351,"{""distance"":7,""physical_error_rate"":0.002}","{""detection_events"":115634,""detectors_checked"":14929920}"
      2048,         0,         0,   0.244,standalone_exact_mw,20c8daca17953576b13a32f59e5f9cb54485b277119f4e6925e9023b8dd1f351,"{""distance"":7,""physical_error_rate"":0.002}","{""detection_events"":12652,""detectors_checked"":1658880}"
    194560,         0,         0,    22.9,standalone_exact_mw,20c8daca17953576b13a32f59e5f9cb54485b277119f4e6925e9023b8dd1f351,"{""distance"":7,""physical_error_rate"":0.002}","{""detection_events"":1219756,""detectors_checked"":157593600}"
    128000,         0,         0,    16.4,standalone_exact_mw,20c8daca17953576b13a32f59e5f9cb54485b277119f4e6925e9023b8dd1f351,"{""distance"":7,""physical_error_rate"":0.002}","{""detection_events"":801891,""detectors_checked"":103680000}"
    236544,         0,         0,    23.0,standalone_exact_mw,20c8daca17953576b13a32f59e5f9cb54485b277119f4e6925e9023b8dd1f351,"{""distance"":7,""physical_error_rate"":0.002}","{""detection_events"":1483230,""detectors_checked"":191600640}"
      2048,         0,         0,   0.244,standalone_exact_mw,20c8daca17953576b13a32f59e5f9cb54485b277119f4e6925e9023b8dd1f351,"{""distance"":7,""physical_error_rate"":0.002}","{""detection_events"":12980,""detectors_checked"":1658880}"
     94208,         0,         0,    11.8,standalone_exact_mw,20c8daca17953576b13a32f59e5f9cb54485b277119f4e6925e9023b8dd1f351,"{""distance"":7,""physical_error_rate"":0.002}","{""detection_events"":590013,""detectors_checked"":76308480}"
      3072,         0,         0,   0.385,standalone_exact_mw,20c8daca17953576b13a32f59e5f9cb54485b277119f4e6925e9023b8dd1f351,"{""distance"":7,""physical_error_rate"":0.002}","{""detection_events"":19300,""detectors_checked"":2488320}"
    224256,         0,         0,    23.0,standalone_exact_mw,20c8daca17953576b13a32f59e5f9cb54485b277119f4e6925e9023b8dd1f351,"{""distance"":7,""physical_error_rate"":0.002}","{""detection_events"":1406555,""detectors_checked"":181647360}"
      3072,         0,         0,   0.409,standalone_exact_mw,20c8daca17953576b13a32f59e5f9cb54485b277119f4e6925e9023b8dd1f351,"{""distance"":7,""physical_error_rate"":0.002}","{""detection_events"":19409,""detectors_checked"":2488320}"
      5120,         0,         0,   0.637,standalone_exact_mw,20c8daca17953576b13a32f59e5f9cb54485b277119f4e6925e9023b8dd1f351,"{""distance"":7,""physical_error_rate"":0.002}","{""detection_events"":32005,""detectors_checked"":4147200}"
     41984,         1,         0,    8.47,standalone_exact_mw,20c8daca17953576b13a32f59e5f9cb54485b277119f4e6925e9023b8dd1f351,"{""distance"":7,""physical_error_rate"":0.002}","{""detection_events"":263574,""detectors_checked"":34007040,""obs_mistake_mask=E"":1}"
      7168,         0,         0,   0.886,standalone_exact_mw,20c8daca17953576b13a32f59e5f9cb54485b277119f4e6925e9023b8dd1f351,"{""distance"":7,""physical_error_rate"":0.002}","{""detection_events"":45143,""detectors_checked"":5806080}"
     49152,         0,         0,    5.99,standalone_exact_mw,20c8daca17953576b13a32f59e5f9cb54485b277119f4e6925e9023b8dd1f351,"{""distance"":7,""physical_error_rate"":0.002}","{""detection_events"":307662,""detectors_checked"":39813120}"
     56320,         0,         0,    8.35,standalone_exact_mw,20c8daca17953576b13a32f59e5f9cb54485b277119f4e6925e9023b8dd1f351,"{""distance"":7,""physical_error_rate"":0.002}","{""detection_events"":353016,""detectors_checked"":45619200}"
      9216,         0,         0,    1.14,standalone_exact_mw,20c8daca17953576b13a32f59e5f9cb54485b277119f4e6925e9023b8dd1f351,"{""distance"":7,""physical_error_rate"":0.002}","{""detection_events"":57539,""detectors_checked"":7464960}"
     28672,         0,         0,    4.32,standalone_exact_mw,20c8daca17953576b13a32f59e5f9cb54485b277119f4e6925e9023b8dd1f351,"{""distance"":7,""physical_error_rate"":0.002}","{""detection_events"":179626,""detectors_checked"":23224320}"
    222208,         0,         0,    23.1,standalone_exact_mw,20c8daca17953576b13a32f59e5f9cb54485b277119f4e6925e9023b8dd1f351,"{""distance"":7,""physical_error_rate"":0.002}","{""detection_events"":1389219,""detectors_checked"":179988480}"
     13312,         0,         0,    1.63,standalone_exact_mw,20c8daca17953576b13a32f59e5f9cb54485b277119f4e6925e9023b8dd1f351,"{""distance"":7,""physical_error_rate"":0.002}","{""detection_events"":82575,""detectors_checked"":10782720}"
         1,         0,         0,   0.003,standalone_exact_mw,20c8daca17953576b13a32f59e5f9cb54485b277119f4e6925e9023b8dd1f351,"{""distance"":7,""physical_error_rate"":0.002}","{""detection_events"":9,""detectors_checked"":810}"
       272,         0,         0,   0.032,standalone_exact_mw,20c8daca17953576b13a32f59e5f9cb54485b277119f4e6925e9023b8dd1f351,"{""distance"":7,""physical_error_rate"":0.002}","{""detection_events"":1662,""detectors_checked"":220320}"
      1024,         0,         0,   0.128,standalone_exact_mw,20c8daca17953576b13a32f59e5f9cb54485b277119f4e6925e9023b8dd1f351,"{""distance"":7,""physical_error_rate"":0.002}","{""detection_events"":6395,""detectors_checked"":829440}"
      1024,         0,         0,   0.121,standalone_exact_mw,20c8daca17953576b13a32f59e5f9cb54485b277119f4e6925e9023b8dd1f351,"{""distance"":7,""physical_error_rate"":0.002}","{""detection_events"":6306,""detectors_checked"":829440}"
      1024,         0,         0,   0.129,standalone_exact_mw,20c8daca17953576b13a32f59e5f9cb54485b277119f4e6925e9023b8dd1f351,"{""distance"":7,""physical_error_rate"":0.002}","{""detection_events"":6539,""detectors_checked"":829440}"
      1024,         0,         0,   0.115,standalone_exact_mw,20c8daca17953576b13a32f59e5f9cb54485b277119f4e6925e9023b8dd1f351,"{""distance"":7,""physical_error_rate"":0.002}","{""detection_events"":6375,""detectors_checked"":829440}"
      1024,         0,         0,   0.129,standalone_exact_mw,20c8daca17953576b13a32f59e5f9cb54485b277119f4e6925e9023b8dd1f351,"{""distance"":7,""physical_error_rate"":0.002}","{""detection_events"":6661,""detectors_checked"":829440}"
      1024,         0,         0,   0.114,standalone_exact_mw,20c8daca17953576b13a32f59e5f9cb54485b277119f4e6925e9023b8dd1f351,"{""distance"":7,""physical_error_rate"":0.002}","{""detection_events"":6366,""detectors_checked"":829440}"
      2048,         0,         0,   0.244,standalone_exact_mw,20c8daca17953576b13a32f59e5f9cb54485b277119f4e6925e9023b8dd1f351,"{""distance"":7,""physical_error_rate"":0.002}","{""detection_events"":12983,""detectors_checked"":1658880}"
      2048,         0,         0,   0.243,standalone_exact_mw,20c8daca17953576b13a32f59e5f9cb54485b277119f4e6925e9023b8dd1f351,"{""distance"":7,""physical_error_rate"":0.002}","{""detection_events"":13028,""detectors_checked"":1658880}"
      3072,         0,         0,   0.356,standalone_exact_mw,20c8daca17953576b13a32f59e5f9cb54485b277119f4e6925e9023b8dd1f351,"{""distance"":7,""physical_error_rate"":0.002}","{""detection_events"":19589,""detectors_checked"":2488320}"
    890880,         0,         0,   120.0,standalone_exact_mw,20c8daca17953576b13a32f59e5f9cb54485b277119f4e6925e9023b8dd1f351,"{""distance"":7,""physical_error_rate"":0.002}","{""detection_events"":5580625,""detectors_checked"":721612800}"
    132096,         0,         0,    16.4,standalone_exact_mw,20c8daca17953576b13a32f59e5f9cb54485b277119f4e6925e9023b8dd1f351,"{""distance"":7,""physical_error_rate"":0.002}","{""detection_events"":827165,""detectors_checked"":106997760}"
      4096,         0,         0,   0.511,standalone_exact_mw,20c8daca17953576b13a32f59e5f9cb54485b277119f4e6925e9023b8dd1f351,"{""distance"":7,""physical_error_rate"":0.002}","{""detection_events"":25395,""detectors_checked"":3317760}"
     17408,         0,         0,    2.24,standalone_exact_mw,20c8daca17953576b13a32f59e5f9cb54485b277119f4e6925e9023b8dd1f351,"{""distance"":7,""physical_error_rate"":0.002}","{""detection_events"":109084,""detectors_checked"":14100480}"
    105472,         0,         0,    16.5,standalone_exact_mw,20c8daca17953576b13a32f59e5f9cb54485b277119f4e6925e9023b8dd1f351,"{""distance"":7,""physical_error_rate"":0.002}","{""detection_events"":660887,""detectors_checked"":85432320}"
      5120,         0,         0,   0.616,standalone_exact_mw,20c8daca17953576b13a32f59e5f9cb54485b277119f4e6925e9023b8dd1f351,"{""distance"":7,""physical_error_rate"":0.002}","{""detection_events"":32175,""detectors_checked"":4147200}"
      7168,         0,         0,   0.879,standalone_exact_mw,20c8daca17953576b13a32f59e5f9cb54485b277119f4e6925e9023b8dd1f351,"{""distance"":7,""physical_error_rate"":0.002}","{""detection_events"":44972,""detectors_checked"":5806080}"
    134144,         1,         0,    16.5,standalone_exact_mw,20c8daca17953576b13a32f59e5f9cb54485b277119f4e6925e9023b8dd1f351,"{""distance"":7,""physical_error_rate"":0.002}","{""detection_events"":841550,""detectors_checked"":108656640,""obs_mistake_mask=E"":1}"
     49152,         0,         0,    6.03,standalone_exact_mw,20c8daca17953576b13a32f59e5f9cb54485b277119f4e6925e9023b8dd1f351,"{""distance"":7,""physical_error_rate"":0.002}","{""detection_events"":308563,""detectors_checked"":39813120}"
      9216,         0,         0,    1.13,standalone_exact_mw,20c8daca17953576b13a32f59e5f9cb54485b277119f4e6925e9023b8dd1f351,"{""distance"":7,""physical_error_rate"":0.002}","{""detection_events"":57528,""detectors_checked"":7464960}"
     20480,         0,         0,    3.22,standalone_exact_mw,20c8daca17953576b13a32f59e5f9cb54485b277119f4e6925e9023b8dd1f351,"{""distance"":7,""physical_error_rate"":0.002}","{""detection_events"":128570,""detectors_checked"":16588800}"
     93184,         0,         0,    11.8,standalone_exact_mw,20c8daca17953576b13a32f59e5f9cb54485b277119f4e6925e9023b8dd1f351,"{""distance"":7,""physical_error_rate"":0.002}","{""detection_events"":584298,""detectors_checked"":75479040}"
     68608,         0,         0,    8.45,standalone_exact_mw,20c8daca17953576b13a32f59e5f9cb54485b277119f4e6925e9023b8dd1f351,"{""distance"":7,""physical_error_rate"":0.002}","{""detection_events"":430788,""detectors_checked"":55572480}"
     13312,         0,         0,    1.64,standalone_exact_mw,20c8daca17953576b13a32f59e5f9cb54485b277119f4e6925e9023b8dd1f351,"{""distance"":7,""physical_error_rate"":0.002}","{""detection_events"":83027,""detectors_checked"":10782720}"
    112640,         0,         0,    16.4,standalone_exact_mw,20c8daca17953576b13a32f59e5f9cb54485b277119f4e6925e9023b8dd1f351,"{""distance"":7,""physical_error_rate"":0.002}","{""detection_events"":705557,""detectors_checked"":91238400}"
    103424,         0,         0,    16.4,standalone_exact_mw,20c8daca17953576b13a32f59e5f9cb54485b277119f4e6925e9023b8dd1f351,"{""distance"":7,""physical_error_rate"":0.002}","{""detection_events"":648353,""detectors_checked"":83773440}"
     83968,         0,         0,    11.8,standalone_exact_mw,20c8daca17953576b13a32f59e5f9cb54485b277119f4e6925e9023b8dd1f351,"{""distance"":7,""physical_error_rate"":0.002}","{""detection_events"":524262,""detectors_checked"":68014080}"
     18432,         0,         0,    2.26,standalone_exact_mw,20c8daca17953576b13a32f59e5f9cb54485b277119f4e6925e9023b8dd1f351,"{""distance"":7,""physical_error_rate"":0.002}","{""detection_events"":115523,""detectors_checked"":14929920}"
    102400,         0,         0,    16.4,standalone_exact_mw,20c8daca17953576b13a32f59e5f9cb54485b277119f4e6925e9023b8dd1f351,"{""distance"":7,""physical_error_rate"":0.002}","{""detection_events"":640620,""detectors_checked"":82944000}"
     59392,         0,         0,    11.8,standalone_exact_mw,20c8daca17953576b13a32f59e5f9cb54485b277119f4e6925e9023b8dd1f351,"{""distance"":7,""physical_error_rate"":0.002}","{""detection_events"":374333,""detectors_checked"":48107520}"
     31744,         0,         0,    4.36,standalone_exact_mw,20c8daca17953576b13a32f59e5f9cb54485b277119f4e6925e9023b8dd1f351,"{""distance"":7,""physical_error_rate"":0.002}","{""detection_events"":199946,""detectors_checked"":25712640}"
    131072,         0,         0,    16.4,standalone_exact_mw,20c8daca17953576b13a32f59e5f9cb54485b277119f4e6925e9023b8dd1f351,"{""distance"":7,""physical_error_rate"":0.002}","{""detection_events"":819720,""detectors_checked"":106168320}"
    129024,         0,         0,    16.4,standalone_exact_mw,20c8daca17953576b13a32f59e5f9cb54485b277119f4e6925e9023b8dd1f351,"{""distance"":7,""physical_error_rate"":0.002}","{""detection_events"":810790,""detectors_checked"":104509440}"
    135168,         0,         0,    16.4,standalone_exact_mw,20c8daca17953576b13a32f59e5f9cb54485b277119f4e6925e9023b8dd1f351,"{""distance"":7,""physical_error_rate"":0.002}","{""detection_events"":846694,""detectors_checked"":109486080}"
    117760,         0,         0,    16.5,standalone_exact_mw,20c8daca17953576b13a32f59e5f9cb54485b277119f4e6925e9023b8dd1f351,"{""distance"":7,""physical_error_rate"":0.002}","{""detection_events"":738452,""detectors_checked"":95385600}"
     25600,         0,         0,    3.16,standalone_exact_mw,20c8daca17953576b13a32f59e5f9cb54485b277119f4e6925e9023b8dd1f351,"{""distance"":7,""physical_error_rate"":0.002}","{""detection_events"":160253,""detectors_checked"":20736000}"
    191488,         0,         0,    23.0,standalone_exact_mw,20c8daca17953576b13a32f59e5f9cb54485b277119f4e6925e9023b8dd1f351,"{""distance"":7,""physical_error_rate"":0.002}","{""detection_events"":1201497,""detectors_checked"":155105280}"
    914432,         0,         0,   119.9,standalone_exact_mw,20c8daca17953576b13a32f59e5f9cb54485b277119f4e6925e9023b8dd1f351,"{""distance"":7,""physical_error_rate"":0.002}","{""detection_events"":5731253,""detectors_checked"":740689920}"
   1716224,         0,         0,   120.0,standalone_exact_mw,20c8daca17953576b13a32f59e5f9cb54485b277119f4e6925e9023b8dd1f351,"{""distance"":7,""physical_error_rate"":0.002}","{""detection_events"":10765593,""detectors_checked"":1390141440}"
    203776,         0,         0,    23.0,standalone_exact_mw,20c8daca17953576b13a32f59e5f9cb54485b277119f4e6925e9023b8dd1f351,"{""distance"":7,""physical_error_rate"":0.002}","{""detection_events"":1280193,""detectors_checked"":165058560}"
     68608,         0,         0,    8.38,standalone_exact_mw,20c8daca17953576b13a32f59e5f9cb54485b277119f4e6925e9023b8dd1f351,"{""distance"":7,""physical_error_rate"":0.002}","{""detection_events"":429662,""detectors_checked"":55572480}"
    204800,         0,         0,    23.0,standalone_exact_mw,20c8daca17953576b13a32f59e5f9cb54485b277119f4e6925e9023b8dd1f351,"{""distance"":7,""physical_error_rate"":0.002}","{""detection_events"":1286496,""detectors_checked"":165888000}"
     49152,         0,         0,    5.99,standalone_exact_mw,20c8daca17953576b13a32f59e5f9cb54485b277119f4e6925e9023b8dd1f351,"{""distance"":7,""physical_error_rate"":0.002}","{""detection_events"":308254,""detectors_checked"":39813120}"
     34816,         0,         0,    4.28,standalone_exact_mw,20c8daca17953576b13a32f59e5f9cb54485b277119f4e6925e9023b8dd1f351,"{""distance"":7,""physical_error_rate"":0.002}","{""detection_events"":218365,""detectors_checked"":28200960}"
    182272,         1,         0,    23.0,standalone_exact_mw,20c8daca17953576b13a32f59e5f9cb54485b277119f4e6925e9023b8dd1f351,"{""distance"":7,""physical_error_rate"":0.002}","{""detection_events"":1144458,""detectors_checked"":147640320,""obs_mistake_mask=E"":1}"
     96256,         0,         0,    11.8,standalone_exact_mw,20c8daca17953576b13a32f59e5f9cb54485b277119f4e6925e9023b8dd1f351,"{""distance"":7,""physical_error_rate"":0.002}","{""detection_events"":602463,""detectors_checked"":77967360}"
    619520,         0,         0,    45.0,standalone_exact_mw,20c8daca17953576b13a32f59e5f9cb54485b277119f4e6925e9023b8dd1f351,"{""distance"":7,""physical_error_rate"":0.002}","{""detection_events"":3882952,""detectors_checked"":501811200}"
    326656,         0,         0,    32.2,standalone_exact_mw,20c8daca17953576b13a32f59e5f9cb54485b277119f4e6925e9023b8dd1f351,"{""distance"":7,""physical_error_rate"":0.002}","{""detection_events"":2043642,""detectors_checked"":264591360}"
    134144,         0,         0,    16.5,standalone_exact_mw,20c8daca17953576b13a32f59e5f9cb54485b277119f4e6925e9023b8dd1f351,"{""distance"":7,""physical_error_rate"":0.002}","{""detection_events"":837890,""detectors_checked"":108656640}"
     49152,         0,         0,    6.05,standalone_exact_mw,20c8daca17953576b13a32f59e5f9cb54485b277119f4e6925e9023b8dd1f351,"{""distance"":7,""physical_error_rate"":0.002}","{""detection_events"":306792,""detectors_checked"":39813120}"
    314368,         0,         0,    32.2,standalone_exact_mw,20c8daca17953576b13a32f59e5f9cb54485b277119f4e6925e9023b8dd1f351,"{""distance"":7,""physical_error_rate"":0.002}","{""detection_events"":1971457,""detectors_checked"":254638080}"
     67584,         0,         0,    8.48,standalone_exact_mw,20c8daca17953576b13a32f59e5f9cb54485b277119f4e6925e9023b8dd1f351,"{""distance"":7,""physical_error_rate"":0.002}","{""detection_events"":423854,""detectors_checked"":54743040}"
    675840,         0,         0,    45.0,standalone_exact_mw,20c8daca17953576b13a32f59e5f9cb54485b277119f4e6925e9023b8dd1f351,"{""distance"":7,""physical_error_rate"":0.002}","{""detection_events"":4233676,""detectors_checked"":547430400}"
     96256,         0,         0,    11.8,standalone_exact_mw,20c8daca17953576b13a32f59e5f9cb54485b277119f4e6925e9023b8dd1f351,"{""distance"":7,""physical_error_rate"":0.002}","{""detection_events"":605910,""detectors_checked"":77967360}"
    137216,         0,         0,    16.5,standalone_exact_mw,20c8daca17953576b13a32f59e5f9cb54485b277119f4e6925e9023b8dd1f351,"{""distance"":7,""physical_error_rate"":0.002}","{""detection_events"":859423,""detectors_checked"":111144960}"
    122880,         0,         0,    23.1,standalone_exact_mw,20c8daca17953576b13a32f59e5f9cb54485b277119f4e6925e9023b8dd1f351,"{""distance"":7,""physical_error_rate"":0.002}","{""detection_events"":770836,""detectors_checked"":99532800}"
   1157120,         0,         0,   119.9,standalone_exact_mw,20c8daca17953576b13a32f59e5f9cb54485b277119f4e6925e9023b8dd1f351,"{""distance"":7,""physical_error_rate"":0.002}","{""detection_events"":7249840,""detectors_checked"":937267200}"
    185344,         0,         0,    23.0,standalone_exact_mw,20c8daca17953576b13a32f59e5f9cb54485b277119f4e6925e9023b8dd1f351,"{""distance"":7,""physical_error_rate"":0.002}","{""detection_events"":1162205,""detectors_checked"":150128640}"
    135168,         0,         0,    16.4,standalone_exact_mw,20c8daca17953576b13a32f59e5f9cb54485b277119f4e6925e9023b8dd1f351,"{""distance"":7,""physical_error_rate"":0.002}","{""detection_events"":847326,""detectors_checked"":109486080}"
    313344,         0,         0,    32.1,standalone_exact_mw,20c8daca17953576b13a32f59e5f9cb54485b277119f4e6925e9023b8dd1f351,"{""distance"":7,""physical_error_rate"":0.002}","{""detection_events"":1965696,""detectors_checked"":253808640}"
    330752,         0,         0,    32.2,standalone_exact_mw,20c8daca17953576b13a32f59e5f9cb54485b277119f4e6925e9023b8dd1f351,"{""distance"":7,""physical_error_rate"":0.002}","{""detection_events"":2074330,""detectors_checked"":267909120}"
    189440,         0,         0,    23.0,standalone_exact_mw,20c8daca17953576b13a32f59e5f9cb54485b277119f4e6925e9023b8dd1f351,"{""distance"":7,""physical_error_rate"":0.002}","{""detection_events"":1188352,""detectors_checked"":153446400}"
    307200,         0,         0,    32.2,standalone_exact_mw,20c8daca17953576b13a32f59e5f9cb54485b277119f4e6925e9023b8dd1f351,"{""distance"":7,""physical_error_rate"":0.002}","{""detection_events"":1920659,""detectors_checked"":248832000}"
   1199104,         0,         0,   119.9,standalone_exact_mw,20c8daca17953576b13a32f59e5f9cb54485b277119f4e6925e9023b8dd1f351,"{""distance"":7,""physical_error_rate"":0.002}","{""detection_events"":7517720,""detectors_checked"":971274240}"
    675840,         0,         0,    45.0,standalone_exact_mw,20c8daca17953576b13a32f59e5f9cb54485b277119f4e6925e9023b8dd1f351,"{""distance"":7,""physical_error_rate"":0.002}","{""detection_events"":4229993,""detectors_checked"":547430400}"
    183296,         0,         0,    23.0,standalone_exact_mw,20c8daca17953576b13a32f59e5f9cb54485b277119f4e6925e9023b8dd1f351,"{""distance"":7,""physical_error_rate"":0.002}","{""detection_events"":1146911,""detectors_checked"":148469760}"
     68608,         0,         0,    8.48,standalone_exact_mw,20c8daca17953576b13a32f59e5f9cb54485b277119f4e6925e9023b8dd1f351,"{""distance"":7,""physical_error_rate"":0.002}","{""detection_events"":430964,""detectors_checked"":55572480}"
    171008,         0,         0,    23.0,standalone_exact_mw,20c8daca17953576b13a32f59e5f9cb54485b277119f4e6925e9023b8dd1f351,"{""distance"":7,""physical_error_rate"":0.002}","{""detection_events"":1069809,""detectors_checked"":138516480}"
    284672,         0,         0,    32.2,standalone_exact_mw,20c8daca17953576b13a32f59e5f9cb54485b277119f4e6925e9023b8dd1f351,"{""distance"":7,""physical_error_rate"":0.002}","{""detection_events"":1785696,""detectors_checked"":230584320}"
    168960,         0,         0,    23.1,standalone_exact_mw,20c8daca17953576b13a32f59e5f9cb54485b277119f4e6925e9023b8dd1f351,"{""distance"":7,""physical_error_rate"":0.002}","{""detection_events"":1059679,""detectors_checked"":136857600}"
    183296,         0,         0,    22.9,standalone_exact_mw,20c8daca17953576b13a32f59e5f9cb54485b277119f4e6925e9023b8dd1f351,"{""distance"":7,""physical_error_rate"":0.002}","{""detection_events"":1148560,""detectors_checked"":148469760}"
    168960,         0,         0,    23.1,standalone_exact_mw,20c8daca17953576b13a32f59e5f9cb54485b277119f4e6925e9023b8dd1f351,"{""distance"":7,""physical_error_rate"":0.002}","{""detection_events"":1061360,""detectors_checked"":136857600}"
    189440,         0,         0,    22.9,standalone_exact_mw,20c8daca17953576b13a32f59e5f9cb54485b277119f4e6925e9023b8dd1f351,"{""distance"":7,""physical_error_rate"":0.002}","{""detection_events"":1189468,""detectors_checked"":153446400}"
    620544,         0,         0,    45.0,standalone_exact_mw,20c8daca17953576b13a32f59e5f9cb54485b277119f4e6925e9023b8dd1f351,"{""distance"":7,""physical_error_rate"":0.002}","{""detection_events"":3889537,""detectors_checked"":502640640}"
    133120,         0,         0,    16.4,standalone_exact_mw,20c8daca17953576b13a32f59e5f9cb54485b277119f4e6925e9023b8dd1f351,"{""distance"":7,""physical_error_rate"":0.002}","{""detection_events"":834897,""detectors_checked"":107827200}"
    185344,         0,         0,    23.1,standalone_exact_mw,20c8daca17953576b13a32f59e5f9cb54485b277119f4e6925e9023b8dd1f351,"{""distance"":7,""physical_error_rate"":0.002}","{""detection_events"":1156494,""detectors_checked"":150128640}"
    613376,         0,         0,    45.0,standalone_exact_mw,20c8daca17953576b13a32f59e5f9cb54485b277119f4e6925e9023b8dd1f351,"{""distance"":7,""physical_error_rate"":0.002}","{""detection_events"":3842165,""detectors_checked"":496834560}"
     95232,         0,         0,    11.8,standalone_exact_mw,20c8daca17953576b13a32f59e5f9cb54485b277119f4e6925e9023b8dd1f351,"{""distance"":7,""physical_error_rate"":0.002}","{""detection_events"":594485,""detectors_checked"":77137920}"
   1043456,         0,         0,   119.9,standalone_exact_mw,20c8daca17953576b13a32f59e5f9cb54485b277119f4e6925e9023b8dd1f351,"{""distance"":7,""physical_error_rate"":0.002}","{""detection_events"":6531413,""detectors_checked"":845199360}"
   1219584,         1,         0,   120.0,standalone_exact_mw,20c8daca17953576b13a32f59e5f9cb54485b277119f4e6925e9023b8dd1f351,"{""distance"":7,""physical_error_rate"":0.002}","{""detection_events"":7650226,""detectors_checked"":987863040,""obs_mistake_mask=E"":1}"
   1056768,         0,         0,   119.9,standalone_exact_mw,20c8daca17953576b13a32f59e5f9cb54485b277119f4e6925e9023b8dd1f351,"{""distance"":7,""physical_error_rate"":0.002}","{""detection_events"":6614072,""detectors_checked"":855982080}"
    134144,         0,         0,    16.4,standalone_exact_mw,20c8daca17953576b13a32f59e5f9cb54485b277119f4e6925e9023b8dd1f351,"{""distance"":7,""physical_error_rate"":0.002}","{""detection_events"":841990,""detectors_checked"":108656640}"
     95232,         0,         0,    11.8,standalone_exact_mw,20c8daca17953576b13a32f59e5f9cb54485b277119f4e6925e9023b8dd1f351,"{""distance"":7,""physical_error_rate"":0.002}","{""detection_events"":597306,""detectors_checked"":77137920}"
    266240,         0,         0,    32.2,standalone_exact_mw,20c8daca17953576b13a32f59e5f9cb54485b277119f4e6925e9023b8dd1f351,"{""distance"":7,""physical_error_rate"":0.002}","{""detection_events"":1668728,""detectors_checked"":215654400}"
    185344,         0,         0,    23.0,standalone_exact_mw,20c8daca17953576b13a32f59e5f9cb54485b277119f4e6925e9023b8dd1f351,"{""distance"":7,""physical_error_rate"":0.002}","{""detection_events"":1163391,""detectors_checked"":150128640}"
    270336,         0,         0,    32.2,standalone_exact_mw,20c8daca17953576b13a32f59e5f9cb54485b277119f4e6925e9023b8dd1f351,"{""distance"":7,""physical_error_rate"":0.002}","{""detection_events"":1693210,""detectors_checked"":218972160}"
    265216,         0,         0,    32.2,standalone_exact_mw,20c8daca17953576b13a32f59e5f9cb54485b277119f4e6925e9023b8dd1f351,"{""distance"":7,""physical_error_rate"":0.002}","{""detection_events"":1661375,""detectors_checked"":214824960}"
    904192,         0,         0,   120.0,standalone_exact_mw,20c8daca17953576b13a32f59e5f9cb54485b277119f4e6925e9023b8dd1f351,"{""distance"":7,""physical_error_rate"":0.002}","{""detection_events"":5659915,""detectors_checked"":732395520}"
    147456,         0,         0,    23.1,standalone_exact_mw,20c8daca17953576b13a32f59e5f9cb54485b277119f4e6925e9023b8dd1f351,"{""distance"":7,""physical_error_rate"":0.002}","{""detection_events"":922444,""detectors_checked"":119439360}"
   1141760,         0,         0,   119.9,standalone_exact_mw,20c8daca17953576b13a32f59e5f9cb54485b277119f4e6925e9023b8dd1f351,"{""distance"":7,""physical_error_rate"":0.002}","{""detection_events"":7146889,""detectors_checked"":924825600}"
    161792,         0,         0,    23.0,standalone_exact_mw,20c8daca17953576b13a32f59e5f9cb54485b277119f4e6925e9023b8dd1f351,"{""distance"":7,""physical_error_rate"":0.002}","{""detection_events"":1013628,""detectors_checked"":131051520}"
    276480,         0,         0,    32.2,standalone_exact_mw,20c8daca17953576b13a32f59e5f9cb54485b277119f4e6925e9023b8dd1f351,"{""distance"":7,""physical_error_rate"":0.002}","{""detection_events"":1736962,""detectors_checked"":223948800}"
    893952,         0,         0,   120.0,standalone_exact_mw,20c8daca17953576b13a32f59e5f9cb54485b277119f4e6925e9023b8dd1f351,"{""distance"":7,""physical_error_rate"":0.002}","{""detection_events"":5603190,""detectors_checked"":724101120}"
    133120,         0,         0,    16.4,standalone_exact_mw,20c8daca17953576b13a32f59e5f9cb54485b277119f4e6925e9023b8dd1f351,"{""distance"":7,""physical_error_rate"":0.002}","{""detection_events"":833641,""detectors_checked"":107827200}"
   1915904,         0,         0,   119.9,standalone_exact_mw,20c8daca17953576b13a32f59e5f9cb54485b277119f4e6925e9023b8dd1f351,"{""distance"":7,""physical_error_rate"":0.002}","{""detection_events"":12001638,""detectors_checked"":1551882240}"
   1200128,         0,         0,   119.9,standalone_exact_mw,20c8daca17953576b13a32f59e5f9cb54485b277119f4e6925e9023b8dd1f351,"{""distance"":7,""physical_error_rate"":0.002}","{""detection_events"":7522158,""detectors_checked"":972103680}"
    187392,         0,         0,    23.0,standalone_exact_mw,20c8daca17953576b13a32f59e5f9cb54485b277119f4e6925e9023b8dd1f351,"{""distance"":7,""physical_error_rate"":0.002}","{""detection_events"":1174909,""detectors_checked"":151787520}"
    119808,         0,         0,    32.3,standalone_exact_mw,20c8daca17953576b13a32f59e5f9cb54485b277119f4e6925e9023b8dd1f351,"{""distance"":7,""physical_error_rate"":0.002}","{""detection_events"":750501,""detectors_checked"":97044480}"
   1300480,         0,         0,   119.9,standalone_exact_mw,20c8daca17953576b13a32f59e5f9cb54485b277119f4e6925e9023b8dd1f351,"{""distance"":7,""physical_error_rate"":0.002}","{""detection_events"":8141983,""detectors_checked"":1053388800}"
    264192,         0,         0,    32.1,standalone_exact_mw,20c8daca17953576b13a32f59e5f9cb54485b277119f4e6925e9023b8dd1f351,"{""distance"":7,""physical_error_rate"":0.002}","{""detection_events"":1658904,""detectors_checked"":213995520}"
    133120,         0,         0,    16.4,standalone_exact_mw,20c8daca17953576b13a32f59e5f9cb54485b277119f4e6925e9023b8dd1f351,"{""distance"":7,""physical_error_rate"":0.002}","{""detection_events"":835602,""detectors_checked"":107827200}"
    265216,         0,         0,    32.2,standalone_exact_mw,20c8daca17953576b13a32f59e5f9cb54485b277119f4e6925e9023b8dd1f351,"{""distance"":7,""physical_error_rate"":0.002}","{""detection_events"":1663593,""detectors_checked"":214824960}"
    258048,         0,         0,    32.2,standalone_exact_mw,20c8daca17953576b13a32f59e5f9cb54485b277119f4e6925e9023b8dd1f351,"{""distance"":7,""physical_error_rate"":0.002}","{""detection_events"":1615316,""detectors_checked"":209018880}"
    223232,         0,         0,    32.2,standalone_exact_mw,20c8daca17953576b13a32f59e5f9cb54485b277119f4e6925e9023b8dd1f351,"{""distance"":7,""physical_error_rate"":0.002}","{""detection_events"":1398466,""detectors_checked"":180817920}"
    188416,         0,         0,    23.0,standalone_exact_mw,20c8daca17953576b13a32f59e5f9cb54485b277119f4e6925e9023b8dd1f351,"{""distance"":7,""physical_error_rate"":0.002}","{""detection_events"":1180942,""detectors_checked"":152616960}"
    248832,         0,         0,    32.2,standalone_exact_mw,20c8daca17953576b13a32f59e5f9cb54485b277119f4e6925e9023b8dd1f351,"{""distance"":7,""physical_error_rate"":0.002}","{""detection_events"":1561072,""detectors_checked"":201553920}"
    253952,         0,         0,    32.2,standalone_exact_mw,20c8daca17953576b13a32f59e5f9cb54485b277119f4e6925e9023b8dd1f351,"{""distance"":7,""physical_error_rate"":0.002}","{""detection_events"":1591697,""detectors_checked"":205701120}"
    222208,         0,         0,    32.2,standalone_exact_mw,20c8daca17953576b13a32f59e5f9cb54485b277119f4e6925e9023b8dd1f351,"{""distance"":7,""physical_error_rate"":0.002}","{""detection_events"":1394765,""detectors_checked"":179988480}"
    245760,         0,         0,    32.1,standalone_exact_mw,20c8daca17953576b13a32f59e5f9cb54485b277119f4e6925e9023b8dd1f351,"{""distance"":7,""physical_error_rate"":0.002}","{""detection_events"":1540397,""detectors_checked"":199065600}"
    254976,         0,         0,    32.1,standalone_exact_mw,20c8daca17953576b13a32f59e5f9cb54485b277119f4e6925e9023b8dd1f351,"{""distance"":7,""physical_error_rate"":0.002}","{""detection_events"":1598236,""detectors_checked"":206530560}"
    481280,         0,         0,    45.0,standalone_exact_mw,20c8daca17953576b13a32f59e5f9cb54485b277119f4e6925e9023b8dd1f351,"{""distance"":7,""physical_error_rate"":0.002}","{""detection_events"":3011862,""detectors_checked"":389836800}"
    444416,         1,         0,    45.0,standalone_exact_mw,20c8daca17953576b13a32f59e5f9cb54485b277119f4e6925e9023b8dd1f351,"{""distance"":7,""physical_error_rate"":0.002}","{""detection_events"":2786760,""detectors_checked"":359976960,""obs_mistake_mask=E"":1}"
    883712,         0,         0,   119.9,standalone_exact_mw,20c8daca17953576b13a32f59e5f9cb54485b277119f4e6925e9023b8dd1f351,"{""distance"":7,""physical_error_rate"":0.002}","{""detection_events"":5537654,""detectors_checked"":715806720}"
    498688,         0,         0,    45.0,standalone_exact_mw,20c8daca17953576b13a32f59e5f9cb54485b277119f4e6925e9023b8dd1f351,"{""distance"":7,""physical_error_rate"":0.002}","{""detection_events"":3130089,""detectors_checked"":403937280}"
    457728,         0,         0,    45.0,standalone_exact_mw,20c8daca17953576b13a32f59e5f9cb54485b277119f4e6925e9023b8dd1f351,"{""distance"":7,""physical_error_rate"":0.002}","{""detection_events"":2867071,""detectors_checked"":370759680}"
    440320,         0,         0,    45.1,standalone_exact_mw,20c8daca17953576b13a32f59e5f9cb54485b277119f4e6925e9023b8dd1f351,"{""distance"":7,""physical_error_rate"":0.002}","{""detection_events"":2761099,""detectors_checked"":356659200}"
   1271808,         0,         0,   119.9,standalone_exact_mw,20c8daca17953576b13a32f59e5f9cb54485b277119f4e6925e9023b8dd1f351,"{""distance"":7,""physical_error_rate"":0.002}","{""detection_events"":7966114,""detectors_checked"":1030164480}"
    165888,         0,         0,    23.1,standalone_exact_mw,20c8daca17953576b13a32f59e5f9cb54485b277119f4e6925e9023b8dd1f351,"{""distance"":7,""physical_error_rate"":0.002}","{""detection_events"":1039074,""detectors_checked"":134369280}"
    419840,         0,         0,    45.0,standalone_exact_mw,20c8daca17953576b13a32f59e5f9cb54485b277119f4e6925e9023b8dd1f351,"{""distance"":7,""physical_error_rate"":0.002}","{""detection_events"":2630283,""detectors_checked"":340070400}"
    959488,         0,         0,   120.0,standalone_exact_mw,20c8daca17953576b13a32f59e5f9cb54485b277119f4e6925e9023b8dd1f351,"{""distance"":7,""physical_error_rate"":0.002}","{""detection_events"":6017554,""detectors_checked"":777185280}"
    260096,         0,         0,    32.2,standalone_exact_mw,20c8daca17953576b13a32f59e5f9cb54485b277119f4e6925e9023b8dd1f351,"{""distance"":7,""physical_error_rate"":0.002}","{""detection_events"":1629635,""detectors_checked"":210677760}"
    192512,         0,         0,    32.1,standalone_exact_mw,20c8daca17953576b13a32f59e5f9cb54485b277119f4e6925e9023b8dd1f351,"{""distance"":7,""physical_error_rate"":0.002}","{""detection_events"":1207340,""detectors_checked"":155934720}"
   1284096,         0,         0,   119.9,standalone_exact_mw,20c8daca17953576b13a32f59e5f9cb54485b277119f4e6925e9023b8dd1f351,"{""distance"":7,""physical_error_rate"":0.002}","{""detection_events"":8037889,""detectors_checked"":1040117760}"
    256000,         0,         0,    32.1,standalone_exact_mw,20c8daca17953576b13a32f59e5f9cb54485b277119f4e6925e9023b8dd1f351,"{""distance"":7,""physical_error_rate"":0.002}","{""detection_events"":1606797,""detectors_checked"":207360000}"
    154624,         0,         0,    23.1,standalone_exact_mw,20c8daca17953576b13a32f59e5f9cb54485b277119f4e6925e9023b8dd1f351,"{""distance"":7,""physical_error_rate"":0.002}","{""detection_events"":970551,""detectors_checked"":125245440}"
    864256,         0,         0,   120.0,standalone_exact_mw,20c8daca17953576b13a32f59e5f9cb54485b277119f4e6925e9023b8dd1f351,"{""distance"":7,""physical_error_rate"":0.002}","{""detection_events"":5415798,""detectors_checked"":700047360}"
    801792,         0,         0,    63.0,standalone_exact_mw,20c8daca17953576b13a32f59e5f9cb54485b277119f4e6925e9023b8dd1f351,"{""distance"":7,""physical_error_rate"":0.002}","{""detection_events"":5024381,""detectors_checked"":649451520}"
    969728,         0,         0,   119.9,standalone_exact_mw,20c8daca17953576b13a32f59e5f9cb54485b277119f4e6925e9023b8dd1f351,"{""distance"":7,""physical_error_rate"":0.002}","{""detection_events"":6076899,""detectors_checked"":785479680}"
    806912,         0,         0,   120.0,standalone_exact_mw,20c8daca17953576b13a32f59e5f9cb54485b277119f4e6925e9023b8dd1f351,"{""distance"":7,""physical_error_rate"":0.002}","{""detection_events"":5057960,""detectors_checked"":653598720}"
   1600512,         0,         0,   120.0,standalone_exact_mw,20c8daca17953576b13a32f59e5f9cb54485b277119f4e6925e9023b8dd1f351,"{""distance"":7,""physical_error_rate"":0.002}","{""detection_events"":10025583,""detectors_checked"":1296414720}"
    864256,         0,         0,    63.0,standalone_exact_mw,20c8daca17953576b13a32f59e5f9cb54485b277119f4e6925e9023b8dd1f351,"{""distance"":7,""physical_error_rate"":0.002}","{""detection_events"":5410765,""detectors_checked"":700047360}"
   1199104,         0,         0,   120.0,standalone_exact_mw,20c8daca17953576b13a32f59e5f9cb54485b277119f4e6925e9023b8dd1f351,"{""distance"":7,""physical_error_rate"":0.002}","{""detection_events"":7510494,""detectors_checked"":971274240}"
    781312,         0,         0,   119.9,standalone_exact_mw,20c8daca17953576b13a32f59e5f9cb54485b277119f4e6925e9023b8dd1f351,"{""distance"":7,""physical_error_rate"":0.002}","{""detection_events"":4896386,""detectors_checked"":632862720}"
    402432,         0,         0,    45.0,standalone_exact_mw,20c8daca17953576b13a32f59e5f9cb54485b277119f4e6925e9023b8dd1f351,"{""distance"":7,""physical_error_rate"":0.002}","{""detection_events"":2522672,""detectors_checked"":325969920}"
    204800,         0,         0,    32.1,standalone_exact_mw,20c8daca17953576b13a32f59e5f9cb54485b277119f4e6925e9023b8dd1f351,"{""distance"":7,""physical_error_rate"":0.002}","{""detection_events"":1283570,""detectors_checked"":165888000}"
    413696,         0,         0,    45.0,standalone_exact_mw,20c8daca17953576b13a32f59e5f9cb54485b277119f4e6925e9023b8dd1f351,"{""distance"":7,""physical_error_rate"":0.002}","{""detection_events"":2590077,""detectors_checked"":335093760}"
    405504,         0,         0,    44.9,standalone_exact_mw,20c8daca17953576b13a32f59e5f9cb54485b277119f4e6925e9023b8dd1f351,"{""distance"":7,""physical_error_rate"":0.002}","{""detection_events"":2544003,""detectors_checked"":328458240}"
   1042432,         0,         0,   119.9,standalone_exact_mw,20c8daca17953576b13a32f59e5f9cb54485b277119f4e6925e9023b8dd1f351,"{""distance"":7,""physical_error_rate"":0.002}","{""detection_events"":6538708,""detectors_checked"":844369920}"
    814080,         0,         0,    62.9,standalone_exact_mw,20c8daca17953576b13a32f59e5f9cb54485b277119f4e6925e9023b8dd1f351,"{""distance"":7,""physical_error_rate"":0.002}","{""detection_events"":5102608,""detectors_checked"":659404800}"
    877568,         0,         0,   119.9,standalone_exact_mw,20c8daca17953576b13a32f59e5f9cb54485b277119f4e6925e9023b8dd1f351,"{""distance"":7,""physical_error_rate"":0.002}","{""detection_events"":5491281,""detectors_checked"":710830080}"
    407552,         0,         0,    45.0,standalone_exact_mw,20c8daca17953576b13a32f59e5f9cb54485b277119f4e6925e9023b8dd1f351,"{""distance"":7,""physical_error_rate"":0.002}","{""detection_events"":2553445,""detectors_checked"":330117120}"
    545792,         0,         0,   119.9,standalone_exact_mw,20c8daca17953576b13a32f59e5f9cb54485b277119f4e6925e9023b8dd1f351,"{""distance"":7,""physical_error_rate"":0.002}","{""detection_events"":3422246,""detectors_checked"":442091520}"
    845824,         0,         0,    63.0,standalone_exact_mw,20c8daca17953576b13a32f59e5f9cb54485b277119f4e6925e9023b8dd1f351,"{""distance"":7,""physical_error_rate"":0.002}","{""detection_events"":5304166,""detectors_checked"":685117440}"
    257024,         0,         0,    32.2,standalone_exact_mw,20c8daca17953576b13a32f59e5f9cb54485b277119f4e6925e9023b8dd1f351,"{""distance"":7,""physical_error_rate"":0.002}","{""detection_events"":1613271,""detectors_checked"":208189440}"
    856064,         0,         0,    62.9,standalone_exact_mw,20c8daca17953576b13a32f59e5f9cb54485b277119f4e6925e9023b8dd1f351,"{""distance"":7,""physical_error_rate"":0.002}","{""detection_events"":5361012,""detectors_checked"":693411840}"
    935936,         0,         0,   120.0,standalone_exact_mw,20c8daca17953576b13a32f59e5f9cb54485b277119f4e6925e9023b8dd1f351,"{""distance"":7,""physical_error_rate"":0.002}","{""detection_events"":5861942,""detectors_checked"":758108160}"
    824320,         0,         0,   119.9,standalone_exact_mw,20c8daca17953576b13a32f59e5f9cb54485b277119f4e6925e9023b8dd1f351,"{""distance"":7,""physical_error_rate"":0.002}","{""detection_events"":5165862,""detectors_checked"":667699200}"
    338944,         0,         0,    44.9,standalone_exact_mw,20c8daca17953576b13a32f59e5f9cb54485b277119f4e6925e9023b8dd1f351,"{""distance"":7,""physical_error_rate"":0.002}","{""detection_events"":2125304,""detectors_checked"":274544640}"
    331776,         0,         0,    45.0,standalone_exact_mw,20c8daca17953576b13a32f59e5f9cb54485b277119f4e6925e9023b8dd1f351,"{""distance"":7,""physical_error_rate"":0.002}","{""detection_events"":2077333,""detectors_checked"":268738560}"
    952320,         0,         0,   119.9,standalone_exact_mw,20c8daca17953576b13a32f59e5f9cb54485b277119f4e6925e9023b8dd1f351,"{""distance"":7,""physical_error_rate"":0.002}","{""detection_events"":5963789,""detectors_checked"":771379200}"
    367616,         0,         0,    45.0,standalone_exact_mw,20c8daca17953576b13a32f59e5f9cb54485b277119f4e6925e9023b8dd1f351,"{""distance"":7,""physical_error_rate"":0.002}","{""detection_events"":2307313,""detectors_checked"":297768960}"
    801792,         0,         0,   120.0,standalone_exact_mw,20c8daca17953576b13a32f59e5f9cb54485b277119f4e6925e9023b8dd1f351,"{""distance"":7,""physical_error_rate"":0.002}","{""detection_events"":5021575,""detectors_checked"":649451520}"
    913408,         0,         0,   119.9,standalone_exact_mw,20c8daca17953576b13a32f59e5f9cb54485b277119f4e6925e9023b8dd1f351,"{""distance"":7,""physical_error_rate"":0.002}","{""detection_events"":5716056,""detectors_checked"":739860480}"
    360448,         0,         0,    45.0,standalone_exact_mw,20c8daca17953576b13a32f59e5f9cb54485b277119f4e6925e9023b8dd1f351,"{""distance"":7,""physical_error_rate"":0.002}","{""detection_events"":2258756,""detectors_checked"":291962880}"
    230400,         0,         0,    32.2,standalone_exact_mw,20c8daca17953576b13a32f59e5f9cb54485b277119f4e6925e9023b8dd1f351,"{""distance"":7,""physical_error_rate"":0.002}","{""detection_events"":1440843,""detectors_checked"":186624000}"
    224256,         0,         0,    45.0,standalone_exact_mw,20c8daca17953576b13a32f59e5f9cb54485b277119f4e6925e9023b8dd1f351,"{""distance"":7,""physical_error_rate"":0.002}","{""detection_events"":1404140,""detectors_checked"":181647360}"
    369664,         0,         0,    45.0,standalone_exact_mw,20c8daca17953576b13a32f59e5f9cb54485b277119f4e6925e9023b8dd1f351,"{""distance"":7,""physical_error_rate"":0.002}","{""detection_events"":2318103,""detectors_checked"":299427840}"
    359424,         0,         0,    45.0,standalone_exact_mw,20c8daca17953576b13a32f59e5f9cb54485b277119f4e6925e9023b8dd1f351,"{""distance"":7,""physical_error_rate"":0.002}","{""detection_events"":2251842,""detectors_checked"":291133440}"
    372736,         0,         0,    44.9,standalone_exact_mw,20c8daca17953576b13a32f59e5f9cb54485b277119f4e6925e9023b8dd1f351,"{""distance"":7,""physical_error_rate"":0.002}","{""detection_events"":2333787,""detectors_checked"":301916160}"
    352256,         0,         0,    45.0,standalone_exact_mw,20c8daca17953576b13a32f59e5f9cb54485b277119f4e6925e9023b8dd1f351,"{""distance"":7,""physical_error_rate"":0.002}","{""detection_events"":2209481,""detectors_checked"":285327360}"
    245760,         0,         0,    45.0,standalone_exact_mw,20c8daca17953576b13a32f59e5f9cb54485b277119f4e6925e9023b8dd1f351,"{""distance"":7,""physical_error_rate"":0.002}","{""detection_events"":1539009,""detectors_checked"":199065600}"
    254976,         0,         0,    32.2,standalone_exact_mw,20c8daca17953576b13a32f59e5f9cb54485b277119f4e6925e9023b8dd1f351,"{""distance"":7,""physical_error_rate"":0.002}","{""detection_events"":1598045,""detectors_checked"":206530560}"
    889856,         0,         0,   119.9,standalone_exact_mw,20c8daca17953576b13a32f59e5f9cb54485b277119f4e6925e9023b8dd1f351,"{""distance"":7,""physical_error_rate"":0.002}","{""detection_events"":5577468,""detectors_checked"":720783360}"
    269312,         0,         0,    45.0,standalone_exact_mw,20c8daca17953576b13a32f59e5f9cb54485b277119f4e6925e9023b8dd1f351,"{""distance"":7,""physical_error_rate"":0.002}","{""detection_events"":1687356,""detectors_checked"":218142720}"
   1484675,         0,         0,   110.6,standalone_exact_mw,20c8daca17953576b13a32f59e5f9cb54485b277119f4e6925e9023b8dd1f351,"{""distance"":7,""physical_error_rate"":0.002}","{""detection_events"":9309107,""detectors_checked"":1202586750}"
    347136,         0,         0,    44.9,standalone_exact_mw,20c8daca17953576b13a32f59e5f9cb54485b277119f4e6925e9023b8dd1f351,"{""distance"":7,""physical_error_rate"":0.002}","{""detection_events"":2179429,""detectors_checked"":281180160}"
    355328,         0,         0,    45.0,standalone_exact_mw,20c8daca17953576b13a32f59e5f9cb54485b277119f4e6925e9023b8dd1f351,"{""distance"":7,""physical_error_rate"":0.002}","{""detection_events"":2225106,""detectors_checked"":287815680}"
    620544,         1,         0,    63.0,standalone_exact_mw,20c8daca17953576b13a32f59e5f9cb54485b277119f4e6925e9023b8dd1f351,"{""distance"":7,""physical_error_rate"":0.002}","{""detection_events"":3891702,""detectors_checked"":502640640,""obs_mistake_mask=E"":1}"
    585728,         0,         0,    63.0,standalone_exact_mw,20c8daca17953576b13a32f59e5f9cb54485b277119f4e6925e9023b8dd1f351,"{""distance"":7,""physical_error_rate"":0.002}","{""detection_events"":3665483,""detectors_checked"":474439680}"
    985088,         0,         0,   119.9,standalone_exact_mw,20c8daca17953576b13a32f59e5f9cb54485b277119f4e6925e9023b8dd1f351,"{""distance"":7,""physical_error_rate"":0.002}","{""detection_events"":6175402,""detectors_checked"":797921280}"
    364544,         0,         0,    45.0,standalone_exact_mw,20c8daca17953576b13a32f59e5f9cb54485b277119f4e6925e9023b8dd1f351,"{""distance"":7,""physical_error_rate"":0.002}","{""detection_events"":2283649,""detectors_checked"":295280640}"
    620544,         0,         0,    63.0,standalone_exact_mw,20c8daca17953576b13a32f59e5f9cb54485b277119f4e6925e9023b8dd1f351,"{""distance"":7,""physical_error_rate"":0.002}","{""detection_events"":3893343,""detectors_checked"":502640640}"
    596992,         0,         0,    63.0,standalone_exact_mw,20c8daca17953576b13a32f59e5f9cb54485b277119f4e6925e9023b8dd1f351,"{""distance"":7,""physical_error_rate"":0.002}","{""detection_events"":3743095,""detectors_checked"":483563520}"
    622592,         0,         0,    62.9,standalone_exact_mw,20c8daca17953576b13a32f59e5f9cb54485b277119f4e6925e9023b8dd1f351,"{""distance"":7,""physical_error_rate"":0.002}","{""detection_events"":3902262,""detectors_checked"":504299520}"
    628736,         0,         0,    62.9,standalone_exact_mw,20c8daca17953576b13a32f59e5f9cb54485b277119f4e6925e9023b8dd1f351,"{""distance"":7,""physical_error_rate"":0.002}","{""detection_events"":3950485,""detectors_checked"":509276160}"
    310272,         0,         0,    44.9,standalone_exact_mw,20c8daca17953576b13a32f59e5f9cb54485b277119f4e6925e9023b8dd1f351,"{""distance"":7,""physical_error_rate"":0.002}","{""detection_events"":1942417,""detectors_checked"":251320320}"
   1243136,         0,         0,   119.9,standalone_exact_mw,20c8daca17953576b13a32f59e5f9cb54485b277119f4e6925e9023b8dd1f351,"{""distance"":7,""physical_error_rate"":0.002}","{""detection_events"":7796726,""detectors_checked"":1006940160}"
   1147904,         0,         0,   119.9,standalone_exact_mw,20c8daca17953576b13a32f59e5f9cb54485b277119f4e6925e9023b8dd1f351,"{""distance"":7,""physical_error_rate"":0.002}","{""detection_events"":7205433,""detectors_checked"":929802240}"
    548864,         0,         0,    62.9,standalone_exact_mw,20c8daca17953576b13a32f59e5f9cb54485b277119f4e6925e9023b8dd1f351,"{""distance"":7,""physical_error_rate"":0.002}","{""detection_events"":3437673,""detectors_checked"":444579840}"
    352256,         0,         0,    45.0,standalone_exact_mw,20c8daca17953576b13a32f59e5f9cb54485b277119f4e6925e9023b8dd1f351,"{""distance"":7,""physical_error_rate"":0.002}","{""detection_events"":2209024,""detectors_checked"":285327360}"
    564224,         0,         0,    63.0,standalone_exact_mw,20c8daca17953576b13a32f59e5f9cb54485b277119f4e6925e9023b8dd1f351,"{""distance"":7,""physical_error_rate"":0.002}","{""detection_events"":3533533,""detectors_checked"":457021440}"
    535552,         0,         0,    63.0,standalone_exact_mw,20c8daca17953576b13a32f59e5f9cb54485b277119f4e6925e9023b8dd1f351,"{""distance"":7,""physical_error_rate"":0.002}","{""detection_events"":3357236,""detectors_checked"":433797120}"
   1082368,         0,         0,   119.9,standalone_exact_mw,20c8daca17953576b13a32f59e5f9cb54485b277119f4e6925e9023b8dd1f351,"{""distance"":7,""physical_error_rate"":0.002}","{""detection_events"":6785799,""detectors_checked"":876718080}"
    559104,         0,         0,    63.0,standalone_exact_mw,20c8daca17953576b13a32f59e5f9cb54485b277119f4e6925e9023b8dd1f351,"{""distance"":7,""physical_error_rate"":0.002}","{""detection_events"":3505351,""detectors_checked"":452874240}"
    358400,         0,         0,    45.0,standalone_exact_mw,20c8daca17953576b13a32f59e5f9cb54485b277119f4e6925e9023b8dd1f351,"{""distance"":7,""physical_error_rate"":0.002}","{""detection_events"":2248916,""detectors_checked"":290304000}"
   1192960,         0,         0,   119.9,standalone_exact_mw,20c8daca17953576b13a32f59e5f9cb54485b277119f4e6925e9023b8dd1f351,"{""distance"":7,""physical_error_rate"":0.002}","{""detection_events"":7484409,""detectors_checked"":966297600}"
   1121280,         0,         0,   119.9,standalone_exact_mw,20c8daca17953576b13a32f59e5f9cb54485b277119f4e6925e9023b8dd1f351,"{""distance"":7,""physical_error_rate"":0.002}","{""detection_events"":7023478,""detectors_checked"":908236800}"
   1729643,         0,         0,   111.6,standalone_exact_mw,20c8daca17953576b13a32f59e5f9cb54485b277119f4e6925e9023b8dd1f351,"{""distance"":7,""physical_error_rate"":0.002}","{""detection_events"":10829236,""detectors_checked"":1401010830}"
    512000,         0,         0,    63.0,standalone_exact_mw,20c8daca17953576b13a32f59e5f9cb54485b277119f4e6925e9023b8dd1f351,"{""distance"":7,""physical_error_rate"":0.002}","{""detection_events"":3209762,""detectors_checked"":414720000}"
    427008,         0,         0,    63.0,standalone_exact_mw,20c8daca17953576b13a32f59e5f9cb54485b277119f4e6925e9023b8dd1f351,"{""distance"":7,""physical_error_rate"":0.002}","{""detection_events"":2676945,""detectors_checked"":345876480}"
    812032,         0,         0,   119.9,standalone_exact_mw,20c8daca17953576b13a32f59e5f9cb54485b277119f4e6925e9023b8dd1f351,"{""distance"":7,""physical_error_rate"":0.002}","{""detection_events"":5087807,""detectors_checked"":657745920}"
    484352,         0,         0,    63.0,standalone_exact_mw,20c8daca17953576b13a32f59e5f9cb54485b277119f4e6925e9023b8dd1f351,"{""distance"":7,""physical_error_rate"":0.002}","{""detection_events"":3030904,""detectors_checked"":392325120}"
   1150976,         0,         0,   119.9,standalone_exact_mw,20c8daca17953576b13a32f59e5f9cb54485b277119f4e6925e9023b8dd1f351,"{""distance"":7,""physical_error_rate"":0.002}","{""detection_events"":7210962,""detectors_checked"":932290560}"
    496640,         0,         0,    63.0,standalone_exact_mw,20c8daca17953576b13a32f59e5f9cb54485b277119f4e6925e9023b8dd1f351,"{""distance"":7,""physical_error_rate"":0.002}","{""detection_events"":3114667,""detectors_checked"":402278400}"
    619520,         0,         0,   120.1,standalone_exact_mw,20c8daca17953576b13a32f59e5f9cb54485b277119f4e6925e9023b8dd1f351,"{""distance"":7,""physical_error_rate"":0.002}","{""detection_events"":3885790,""detectors_checked"":501811200}"
    523264,         0,         0,    63.0,standalone_exact_mw,20c8daca17953576b13a32f59e5f9cb54485b277119f4e6925e9023b8dd1f351,"{""distance"":7,""physical_error_rate"":0.002}","{""detection_events"":3281066,""detectors_checked"":423843840}"
   1311744,         0,         0,    88.2,standalone_exact_mw,20c8daca17953576b13a32f59e5f9cb54485b277119f4e6925e9023b8dd1f351,"{""distance"":7,""physical_error_rate"":0.002}","{""detection_events"":8213754,""detectors_checked"":1062512640}"
    457728,         0,         0,    63.0,standalone_exact_mw,20c8daca17953576b13a32f59e5f9cb54485b277119f4e6925e9023b8dd1f351,"{""distance"":7,""physical_error_rate"":0.002}","{""detection_events"":2870882,""detectors_checked"":370759680}"
    502784,         0,         0,    63.0,standalone_exact_mw,20c8daca17953576b13a32f59e5f9cb54485b277119f4e6925e9023b8dd1f351,"{""distance"":7,""physical_error_rate"":0.002}","{""detection_events"":3151176,""detectors_checked"":407255040}"
    450560,         0,         0,    62.9,standalone_exact_mw,20c8daca17953576b13a32f59e5f9cb54485b277119f4e6925e9023b8dd1f351,"{""distance"":7,""physical_error_rate"":0.002}","{""detection_events"":2825177,""detectors_checked"":364953600}"
    464896,         0,         0,    63.2,standalone_exact_mw,20c8daca17953576b13a32f59e5f9cb54485b277119f4e6925e9023b8dd1f351,"{""distance"":7,""physical_error_rate"":0.002}","{""detection_events"":2915660,""detectors_checked"":376565760}"
   1175552,         0,         0,   119.9,standalone_exact_mw,20c8daca17953576b13a32f59e5f9cb54485b277119f4e6925e9023b8dd1f351,"{""distance"":7,""physical_error_rate"":0.002}","{""detection_events"":7368726,""detectors_checked"":952197120}"
    428032,         0,         0,    63.0,standalone_exact_mw,20c8daca17953576b13a32f59e5f9cb54485b277119f4e6925e9023b8dd1f351,"{""distance"":7,""physical_error_rate"":0.002}","{""detection_events"":2679982,""detectors_checked"":346705920}"
   1345536,         0,         0,    88.2,standalone_exact_mw,20c8daca17953576b13a32f59e5f9cb54485b277119f4e6925e9023b8dd1f351,"{""distance"":7,""physical_error_rate"":0.002}","{""detection_events"":8429414,""detectors_checked"":1089884160}"
   1191936,         0,         0,   119.9,standalone_exact_mw,20c8daca17953576b13a32f59e5f9cb54485b277119f4e6925e9023b8dd1f351,"{""distance"":7,""physical_error_rate"":0.002}","{""detection_events"":7462114,""detectors_checked"":965468160}"
   1472249,         0,         0,    93.7,standalone_exact_mw,20c8daca17953576b13a32f59e5f9cb54485b277119f4e6925e9023b8dd1f351,"{""distance"":7,""physical_error_rate"":0.002}","{""detection_events"":9227216,""detectors_checked"":1192521690}"
   1256448,         1,         0,    81.7,standalone_exact_mw,20c8daca17953576b13a32f59e5f9cb54485b277119f4e6925e9023b8dd1f351,"{""distance"":7,""physical_error_rate"":0.002}","{""detection_events"":7870971,""detectors_checked"":1017722880,""obs_mistake_mask=E"":1}"
   1377280,         0,         0,    86.6,standalone_exact_mw,20c8daca17953576b13a32f59e5f9cb54485b277119f4e6925e9023b8dd1f351,"{""distance"":7,""physical_error_rate"":0.002}","{""detection_events"":8638128,""detectors_checked"":1115596800}"
   1256205,         0,         0,    83.2,standalone_exact_mw,20c8daca17953576b13a32f59e5f9cb54485b277119f4e6925e9023b8dd1f351,"{""distance"":7,""physical_error_rate"":0.002}","{""detection_events"":7876013,""detectors_checked"":1017526050}"
    240640,         0,         0,    62.9,standalone_exact_mw,20c8daca17953576b13a32f59e5f9cb54485b277119f4e6925e9023b8dd1f351,"{""distance"":7,""physical_error_rate"":0.002}","{""detection_events"":1505978,""detectors_checked"":194918400}"
    530432,         0,         0,    62.9,standalone_exact_mw,20c8daca17953576b13a32f59e5f9cb54485b277119f4e6925e9023b8dd1f351,"{""distance"":7,""physical_error_rate"":0.002}","{""detection_events"":3325642,""detectors_checked"":429649920}"
    509952,         0,         0,    63.0,standalone_exact_mw,20c8daca17953576b13a32f59e5f9cb54485b277119f4e6925e9023b8dd1f351,"{""distance"":7,""physical_error_rate"":0.002}","{""detection_events"":3193470,""detectors_checked"":413061120}"
    808960,         0,         0,   119.8,standalone_exact_mw,20c8daca17953576b13a32f59e5f9cb54485b277119f4e6925e9023b8dd1f351,"{""distance"":7,""physical_error_rate"":0.002}","{""detection_events"":5064650,""detectors_checked"":655257600}"
   1195425,         0,         0,   113.2,standalone_exact_mw,20c8daca17953576b13a32f59e5f9cb54485b277119f4e6925e9023b8dd1f351,"{""distance"":7,""physical_error_rate"":0.002}","{""detection_events"":7492689,""detectors_checked"":968294250}"
   1133568,         0,         0,   119.9,standalone_exact_mw,20c8daca17953576b13a32f59e5f9cb54485b277119f4e6925e9023b8dd1f351,"{""distance"":7,""physical_error_rate"":0.002}","{""detection_events"":7108390,""detectors_checked"":918190080}"
   1144090,         0,         0,    72.0,standalone_exact_mw,20c8daca17953576b13a32f59e5f9cb54485b277119f4e6925e9023b8dd1f351,"{""distance"":7,""physical_error_rate"":0.002}","{""detection_events"":7173276,""detectors_checked"":926712900}"
    970752,         0,         0,   120.0,standalone_exact_mw,20c8daca17953576b13a32f59e5f9cb54485b277119f4e6925e9023b8dd1f351,"{""distance"":7,""physical_error_rate"":0.002}","{""detection_events"":6083096,""detectors_checked"":786309120}"
    487424,         0,         0,    63.0,standalone_exact_mw,20c8daca17953576b13a32f59e5f9cb54485b277119f4e6925e9023b8dd1f351,"{""distance"":7,""physical_error_rate"":0.002}","{""detection_events"":3055952,""detectors_checked"":394813440}"
    989184,         0,         0,   119.9,standalone_exact_mw,20c8daca17953576b13a32f59e5f9cb54485b277119f4e6925e9023b8dd1f351,"{""distance"":7,""physical_error_rate"":0.002}","{""detection_events"":6198805,""detectors_checked"":801239040}"
    493568,         0,         0,    62.9,standalone_exact_mw,20c8daca17953576b13a32f59e5f9cb54485b277119f4e6925e9023b8dd1f351,"{""distance"":7,""physical_error_rate"":0.002}","{""detection_events"":3087039,""detectors_checked"":399790080}"
    948224,         0,         0,   119.8,standalone_exact_mw,20c8daca17953576b13a32f59e5f9cb54485b277119f4e6925e9023b8dd1f351,"{""distance"":7,""physical_error_rate"":0.002}","{""detection_events"":5946182,""detectors_checked"":768061440}"
    782336,         0,         0,   119.9,standalone_exact_mw,20c8daca17953576b13a32f59e5f9cb54485b277119f4e6925e9023b8dd1f351,"{""distance"":7,""physical_error_rate"":0.002}","{""detection_events"":4903041,""detectors_checked"":633692160}"
    984064,         0,         0,   119.9,standalone_exact_mw,20c8daca17953576b13a32f59e5f9cb54485b277119f4e6925e9023b8dd1f351,"{""distance"":7,""physical_error_rate"":0.002}","{""detection_events"":6163557,""detectors_checked"":797091840}"
    902144,         0,         0,   119.9,standalone_exact_mw,20c8daca17953576b13a32f59e5f9cb54485b277119f4e6925e9023b8dd1f351,"{""distance"":7,""physical_error_rate"":0.002}","{""detection_events"":5660678,""detectors_checked"":730736640}"
    985088,         0,         0,   119.8,standalone_exact_mw,20c8daca17953576b13a32f59e5f9cb54485b277119f4e6925e9023b8dd1f351,"{""distance"":7,""physical_error_rate"":0.002}","{""detection_events"":6171062,""detectors_checked"":797921280}"
    137750,         0,         0,    16.8,standalone_exact_mw,20c8daca17953576b13a32f59e5f9cb54485b277119f4e6925e9023b8dd1f351,"{""distance"":7,""physical_error_rate"":0.002}","{""detection_events"":860593,""detectors_checked"":111577500}"
    969728,         0,         0,   120.0,standalone_exact_mw,20c8daca17953576b13a32f59e5f9cb54485b277119f4e6925e9023b8dd1f351,"{""distance"":7,""physical_error_rate"":0.002}","{""detection_events"":6075071,""detectors_checked"":785479680}"
    471040,         0,         0,   119.9,standalone_exact_mw,20c8daca17953576b13a32f59e5f9cb54485b277119f4e6925e9023b8dd1f351,"{""distance"":7,""physical_error_rate"":0.002}","{""detection_events"":2950852,""detectors_checked"":381542400}"
    491520,         2,         0,    63.0,standalone_exact_mw,20c8daca17953576b13a32f59e5f9cb54485b277119f4e6925e9023b8dd1f351,"{""distance"":7,""physical_error_rate"":0.002}","{""detection_events"":3082138,""detectors_checked"":398131200,""obs_mistake_mask=E"":2}"
     18766,         0,         0,    2.34,standalone_exact_mw,20c8daca17953576b13a32f59e5f9cb54485b277119f4e6925e9023b8dd1f351,"{""distance"":7,""physical_error_rate"":0.002}","{""detection_events"":118282,""detectors_checked"":15200460}"
    846848,         0,         0,    88.1,standalone_exact_mw,20c8daca17953576b13a32f59e5f9cb54485b277119f4e6925e9023b8dd1f351,"{""distance"":7,""physical_error_rate"":0.002}","{""detection_events"":5305097,""detectors_checked"":685946880}"
    958008,         0,         0,   118.2,standalone_exact_mw,20c8daca17953576b13a32f59e5f9cb54485b277119f4e6925e9023b8dd1f351,"{""distance"":7,""physical_error_rate"":0.002}","{""detection_events"":6004206,""detectors_checked"":775986480}"
    907264,         0,         0,   119.8,standalone_exact_mw,20c8daca17953576b13a32f59e5f9cb54485b277119f4e6925e9023b8dd1f351,"{""distance"":7,""physical_error_rate"":0.002}","{""detection_events"":5678064,""detectors_checked"":734883840}"
    825344,         0,         0,    88.1,standalone_exact_mw,20c8daca17953576b13a32f59e5f9cb54485b277119f4e6925e9023b8dd1f351,"{""distance"":7,""physical_error_rate"":0.002}","{""detection_events"":5166869,""detectors_checked"":668528640}"
    929808,         0,         0,   115.9,standalone_exact_mw,20c8daca17953576b13a32f59e5f9cb54485b277119f4e6925e9023b8dd1f351,"{""distance"":7,""physical_error_rate"":0.002}","{""detection_events"":5825774,""detectors_checked"":753144480}"
    899072,         0,         0,    56.1,standalone_exact_mw,20c8daca17953576b13a32f59e5f9cb54485b277119f4e6925e9023b8dd1f351,"{""distance"":7,""physical_error_rate"":0.002}","{""detection_events"":5637316,""detectors_checked"":728248320}"
    364544,         0,         0,    62.9,standalone_exact_mw,20c8daca17953576b13a32f59e5f9cb54485b277119f4e6925e9023b8dd1f351,"{""distance"":7,""physical_error_rate"":0.002}","{""detection_events"":2282379,""detectors_checked"":295280640}"
    771072,         0,         0,    88.2,standalone_exact_mw,20c8daca17953576b13a32f59e5f9cb54485b277119f4e6925e9023b8dd1f351,"{""distance"":7,""physical_error_rate"":0.002}","{""detection_events"":4831178,""detectors_checked"":624568320}"
    822272,         0,         0,    88.1,standalone_exact_mw,20c8daca17953576b13a32f59e5f9cb54485b277119f4e6925e9023b8dd1f351,"{""distance"":7,""physical_error_rate"":0.002}","{""detection_events"":5155853,""detectors_checked"":666040320}"
    843776,         0,         0,    88.1,standalone_exact_mw,20c8daca17953576b13a32f59e5f9cb54485b277119f4e6925e9023b8dd1f351,"{""distance"":7,""physical_error_rate"":0.002}","{""detection_events"":5281717,""detectors_checked"":683458560}"
    821248,         0,         0,   119.9,standalone_exact_mw,20c8daca17953576b13a32f59e5f9cb54485b277119f4e6925e9023b8dd1f351,"{""distance"":7,""physical_error_rate"":0.002}","{""detection_events"":5145946,""detectors_checked"":665210880}"
    868352,         0,         0,    88.1,standalone_exact_mw,20c8daca17953576b13a32f59e5f9cb54485b277119f4e6925e9023b8dd1f351,"{""distance"":7,""physical_error_rate"":0.002}","{""detection_events"":5435751,""detectors_checked"":703365120}"
    847872,         1,         0,   119.9,standalone_exact_mw,20c8daca17953576b13a32f59e5f9cb54485b277119f4e6925e9023b8dd1f351,"{""distance"":7,""physical_error_rate"":0.002}","{""detection_events"":5305161,""detectors_checked"":686776320,""obs_mistake_mask=E"":1}"
     65935,         0,         0,    4.88,standalone_exact_mw,20c8daca17953576b13a32f59e5f9cb54485b277119f4e6925e9023b8dd1f351,"{""distance"":7,""physical_error_rate"":0.002}","{""detection_events"":414351,""detectors_checked"":53407350}"
    801792,         0,         0,    55.6,standalone_exact_mw,20c8daca17953576b13a32f59e5f9cb54485b277119f4e6925e9023b8dd1f351,"{""distance"":7,""physical_error_rate"":0.002}","{""detection_events"":5023500,""detectors_checked"":649451520}"
    820224,         0,         0,   106.1,standalone_exact_mw,20c8daca17953576b13a32f59e5f9cb54485b277119f4e6925e9023b8dd1f351,"{""distance"":7,""physical_error_rate"":0.002}","{""detection_events"":5139091,""detectors_checked"":664381440}"
    789705,         0,         0,    82.6,standalone_exact_mw,20c8daca17953576b13a32f59e5f9cb54485b277119f4e6925e9023b8dd1f351,"{""distance"":7,""physical_error_rate"":0.002}","{""detection_events"":4956461,""detectors_checked"":639661050}"
    785408,         0,         0,    52.6,standalone_exact_mw,20c8daca17953576b13a32f59e5f9cb54485b277119f4e6925e9023b8dd1f351,"{""distance"":7,""physical_error_rate"":0.002}","{""detection_events"":4924359,""detectors_checked"":636180480}"
    777216,         0,         0,    79.8,standalone_exact_mw,20c8daca17953576b13a32f59e5f9cb54485b277119f4e6925e9023b8dd1f351,"{""distance"":7,""physical_error_rate"":0.002}","{""detection_events"":4869431,""detectors_checked"":629544960}"
    754688,         0,         0,    48.6,standalone_exact_mw,20c8daca17953576b13a32f59e5f9cb54485b277119f4e6925e9023b8dd1f351,"{""distance"":7,""physical_error_rate"":0.002}","{""detection_events"":4729545,""detectors_checked"":611297280}"
    789504,         0,         0,    95.9,standalone_exact_mw,20c8daca17953576b13a32f59e5f9cb54485b277119f4e6925e9023b8dd1f351,"{""distance"":7,""physical_error_rate"":0.002}","{""detection_events"":4943414,""detectors_checked"":639498240}"
    752022,         0,         0,    51.6,standalone_exact_mw,20c8daca17953576b13a32f59e5f9cb54485b277119f4e6925e9023b8dd1f351,"{""distance"":7,""physical_error_rate"":0.002}","{""detection_events"":4711956,""detectors_checked"":609137820}"
    714752,         0,         0,    71.0,standalone_exact_mw,20c8daca17953576b13a32f59e5f9cb54485b277119f4e6925e9023b8dd1f351,"{""distance"":7,""physical_error_rate"":0.002}","{""detection_events"":4480075,""detectors_checked"":578949120}"
    697344,         0,         0,    51.7,standalone_exact_mw,20c8daca17953576b13a32f59e5f9cb54485b277119f4e6925e9023b8dd1f351,"{""distance"":7,""physical_error_rate"":0.002}","{""detection_events"":4367543,""detectors_checked"":564848640}"
    691728,         0,         0,    79.4,standalone_exact_mw,20c8daca17953576b13a32f59e5f9cb54485b277119f4e6925e9023b8dd1f351,"{""distance"":7,""physical_error_rate"":0.002}","{""detection_events"":4333397,""detectors_checked"":560299680}"
    689152,         0,         0,    78.3,standalone_exact_mw,20c8daca17953576b13a32f59e5f9cb54485b277119f4e6925e9023b8dd1f351,"{""distance"":7,""physical_error_rate"":0.002}","{""detection_events"":4322495,""detectors_checked"":558213120}"
    676864,         0,         0,    52.1,standalone_exact_mw,20c8daca17953576b13a32f59e5f9cb54485b277119f4e6925e9023b8dd1f351,"{""distance"":7,""physical_error_rate"":0.002}","{""detection_events"":4235601,""detectors_checked"":548259840}"
    675840,         0,         0,    73.8,standalone_exact_mw,20c8daca17953576b13a32f59e5f9cb54485b277119f4e6925e9023b8dd1f351,"{""distance"":7,""physical_error_rate"":0.002}","{""detection_events"":4237406,""detectors_checked"":547430400}"
    658855,         0,         0,    77.8,standalone_exact_mw,20c8daca17953576b13a32f59e5f9cb54485b277119f4e6925e9023b8dd1f351,"{""distance"":7,""physical_error_rate"":0.002}","{""detection_events"":4126690,""detectors_checked"":533672550}"
    636928,         0,         0,    70.8,standalone_exact_mw,20c8daca17953576b13a32f59e5f9cb54485b277119f4e6925e9023b8dd1f351,"{""distance"":7,""physical_error_rate"":0.002}","{""detection_events"":3990762,""detectors_checked"":515911680}"
    622592,         0,         0,    73.9,standalone_exact_mw,20c8daca17953576b13a32f59e5f9cb54485b277119f4e6925e9023b8dd1f351,"{""distance"":7,""physical_error_rate"":0.002}","{""detection_events"":3896829,""detectors_checked"":504299520}"
    616657,         0,         0,    61.5,standalone_exact_mw,20c8daca17953576b13a32f59e5f9cb54485b277119f4e6925e9023b8dd1f351,"{""distance"":7,""physical_error_rate"":0.002}","{""detection_events"":3864407,""detectors_checked"":499492170}"
    593920,         0,         0,    67.0,standalone_exact_mw,20c8daca17953576b13a32f59e5f9cb54485b277119f4e6925e9023b8dd1f351,"{""distance"":7,""physical_error_rate"":0.002}","{""detection_events"":3718871,""detectors_checked"":481075200}"
    603136,         0,         0,    57.9,standalone_exact_mw,20c8daca17953576b13a32f59e5f9cb54485b277119f4e6925e9023b8dd1f351,"{""distance"":7,""physical_error_rate"":0.002}","{""detection_events"":3779332,""detectors_checked"":488540160}"
    605184,         0,         0,    40.2,standalone_exact_mw,20c8daca17953576b13a32f59e5f9cb54485b277119f4e6925e9023b8dd1f351,"{""distance"":7,""physical_error_rate"":0.002}","{""detection_events"":3793269,""detectors_checked"":490199040}"
    587341,         0,         0,    72.3,standalone_exact_mw,20c8daca17953576b13a32f59e5f9cb54485b277119f4e6925e9023b8dd1f351,"{""distance"":7,""physical_error_rate"":0.002}","{""detection_events"":3682986,""detectors_checked"":475746210}"
    555008,         0,         0,    71.7,standalone_exact_mw,20c8daca17953576b13a32f59e5f9cb54485b277119f4e6925e9023b8dd1f351,"{""distance"":7,""physical_error_rate"":0.002}","{""detection_events"":3472303,""detectors_checked"":449556480}"
    550004,         0,         0,    67.7,standalone_exact_mw,20c8daca17953576b13a32f59e5f9cb54485b277119f4e6925e9023b8dd1f351,"{""distance"":7,""physical_error_rate"":0.002}","{""detection_events"":3443917,""detectors_checked"":445503240}"
    535552,         0,         0,    68.6,standalone_exact_mw,20c8daca17953576b13a32f59e5f9cb54485b277119f4e6925e9023b8dd1f351,"{""distance"":7,""physical_error_rate"":0.002}","{""detection_events"":3354335,""detectors_checked"":433797120}"
    532738,         0,         0,    66.4,standalone_exact_mw,20c8daca17953576b13a32f59e5f9cb54485b277119f4e6925e9023b8dd1f351,"{""distance"":7,""physical_error_rate"":0.002}","{""detection_events"":3340120,""detectors_checked"":431517780}"
    529408,         0,         0,    67.3,standalone_exact_mw,20c8daca17953576b13a32f59e5f9cb54485b277119f4e6925e9023b8dd1f351,"{""distance"":7,""physical_error_rate"":0.002}","{""detection_events"":3319827,""detectors_checked"":428820480}"
    525312,         0,         0,    68.1,standalone_exact_mw,20c8daca17953576b13a32f59e5f9cb54485b277119f4e6925e9023b8dd1f351,"{""distance"":7,""physical_error_rate"":0.002}","{""detection_events"":3288196,""detectors_checked"":425502720}"
    532480,         0,         0,    73.9,standalone_exact_mw,20c8daca17953576b13a32f59e5f9cb54485b277119f4e6925e9023b8dd1f351,"{""distance"":7,""physical_error_rate"":0.002}","{""detection_events"":3337153,""detectors_checked"":431308800}"
    531456,         0,         0,    67.9,standalone_exact_mw,20c8daca17953576b13a32f59e5f9cb54485b277119f4e6925e9023b8dd1f351,"{""distance"":7,""physical_error_rate"":0.002}","{""detection_events"":3331503,""detectors_checked"":430479360}"
    516046,         0,         0,    47.9,standalone_exact_mw,20c8daca17953576b13a32f59e5f9cb54485b277119f4e6925e9023b8dd1f351,"{""distance"":7,""physical_error_rate"":0.002}","{""detection_events"":3235396,""detectors_checked"":417997260}"
    474879,         1,         0,    47.8,standalone_exact_mw,20c8daca17953576b13a32f59e5f9cb54485b277119f4e6925e9023b8dd1f351,"{""distance"":7,""physical_error_rate"":0.002}","{""detection_events"":2977729,""detectors_checked"":384651990,""obs_mistake_mask=E"":1}"
    467459,         0,         0,    55.4,standalone_exact_mw,20c8daca17953576b13a32f59e5f9cb54485b277119f4e6925e9023b8dd1f351,"{""distance"":7,""physical_error_rate"":0.002}","{""detection_events"":2926308,""detectors_checked"":378641790}"
    460155,         0,         0,    57.3,standalone_exact_mw,20c8daca17953576b13a32f59e5f9cb54485b277119f4e6925e9023b8dd1f351,"{""distance"":7,""physical_error_rate"":0.002}","{""detection_events"":2884247,""detectors_checked"":372725550}"
    454656,         1,         0,    56.3,standalone_exact_mw,20c8daca17953576b13a32f59e5f9cb54485b277119f4e6925e9023b8dd1f351,"{""distance"":7,""physical_error_rate"":0.002}","{""detection_events"":2848386,""detectors_checked"":368271360,""obs_mistake_mask=E"":1}"
    452965,         0,         0,    77.6,standalone_exact_mw,20c8daca17953576b13a32f59e5f9cb54485b277119f4e6925e9023b8dd1f351,"{""distance"":7,""physical_error_rate"":0.002}","{""detection_events"":2839819,""detectors_checked"":366901650}"
    440320,         0,         0,    80.7,standalone_exact_mw,20c8daca17953576b13a32f59e5f9cb54485b277119f4e6925e9023b8dd1f351,"{""distance"":7,""physical_error_rate"":0.002}","{""detection_events"":2762485,""detectors_checked"":356659200}"
    445440,         0,         0,    28.1,standalone_exact_mw,20c8daca17953576b13a32f59e5f9cb54485b277119f4e6925e9023b8dd1f351,"{""distance"":7,""physical_error_rate"":0.002}","{""detection_events"":2796392,""detectors_checked"":360806400}"
    438784,         0,         0,    64.1,standalone_exact_mw,20c8daca17953576b13a32f59e5f9cb54485b277119f4e6925e9023b8dd1f351,"{""distance"":7,""physical_error_rate"":0.002}","{""detection_events"":2751633,""detectors_checked"":355415040}"
    418088,         0,         0,    78.3,standalone_exact_mw,20c8daca17953576b13a32f59e5f9cb54485b277119f4e6925e9023b8dd1f351,"{""distance"":7,""physical_error_rate"":0.002}","{""detection_events"":2615214,""detectors_checked"":338651280}"
    411555,         0,         0,    51.8,standalone_exact_mw,20c8daca17953576b13a32f59e5f9cb54485b277119f4e6925e9023b8dd1f351,"{""distance"":7,""physical_error_rate"":0.002}","{""detection_events"":2581099,""detectors_checked"":333359550}"
    405504,         0,         0,    47.6,standalone_exact_mw,20c8daca17953576b13a32f59e5f9cb54485b277119f4e6925e9023b8dd1f351,"{""distance"":7,""physical_error_rate"":0.002}","{""detection_events"":2541462,""detectors_checked"":328458240}"
    409600,         0,         0,    58.3,standalone_exact_mw,20c8daca17953576b13a32f59e5f9cb54485b277119f4e6925e9023b8dd1f351,"{""distance"":7,""physical_error_rate"":0.002}","{""detection_events"":2564155,""detectors_checked"":331776000}"
    405125,         0,         0,    28.3,standalone_exact_mw,20c8daca17953576b13a32f59e5f9cb54485b277119f4e6925e9023b8dd1f351,"{""distance"":7,""physical_error_rate"":0.002}","{""detection_events"":2536595,""detectors_checked"":328151250}"
    391168,         0,         0,    28.1,standalone_exact_mw,20c8daca17953576b13a32f59e5f9cb54485b277119f4e6925e9023b8dd1f351,"{""distance"":7,""physical_error_rate"":0.002}","{""detection_events"":2451957,""detectors_checked"":316846080}"
    393216,         0,         0,    28.2,standalone_exact_mw,20c8daca17953576b13a32f59e5f9cb54485b277119f4e6925e9023b8dd1f351,"{""distance"":7,""physical_error_rate"":0.002}","{""detection_events"":2462782,""detectors_checked"":318504960}"
    402432,         0,         0,    51.3,standalone_exact_mw,20c8daca17953576b13a32f59e5f9cb54485b277119f4e6925e9023b8dd1f351,"{""distance"":7,""physical_error_rate"":0.002}","{""detection_events"":2522202,""detectors_checked"":325969920}"
    386058,         0,         0,    25.8,standalone_exact_mw,20c8daca17953576b13a32f59e5f9cb54485b277119f4e6925e9023b8dd1f351,"{""distance"":7,""physical_error_rate"":0.002}","{""detection_events"":2422790,""detectors_checked"":312706980}"
    382976,         0,         0,    25.4,standalone_exact_mw,20c8daca17953576b13a32f59e5f9cb54485b277119f4e6925e9023b8dd1f351,"{""distance"":7,""physical_error_rate"":0.002}","{""detection_events"":2399401,""detectors_checked"":310210560}"
    375808,         0,         0,    48.3,standalone_exact_mw,20c8daca17953576b13a32f59e5f9cb54485b277119f4e6925e9023b8dd1f351,"{""distance"":7,""physical_error_rate"":0.002}","{""detection_events"":2358326,""detectors_checked"":304404480}"
    377856,         0,         0,    46.0,standalone_exact_mw,20c8daca17953576b13a32f59e5f9cb54485b277119f4e6925e9023b8dd1f351,"{""distance"":7,""physical_error_rate"":0.002}","{""detection_events"":2371115,""detectors_checked"":306063360}"
    369664,         0,         0,    52.4,standalone_exact_mw,20c8daca17953576b13a32f59e5f9cb54485b277119f4e6925e9023b8dd1f351,"{""distance"":7,""physical_error_rate"":0.002}","{""detection_events"":2317428,""detectors_checked"":299427840}"
    373760,         0,         0,    39.2,standalone_exact_mw,20c8daca17953576b13a32f59e5f9cb54485b277119f4e6925e9023b8dd1f351,"{""distance"":7,""physical_error_rate"":0.002}","{""detection_events"":2339047,""detectors_checked"":302745600}"
    361482,         0,         0,    26.2,standalone_exact_mw,20c8daca17953576b13a32f59e5f9cb54485b277119f4e6925e9023b8dd1f351,"{""distance"":7,""physical_error_rate"":0.002}","{""detection_events"":2260896,""detectors_checked"":292800420}"
    339968,         0,         0,    37.1,standalone_exact_mw,20c8daca17953576b13a32f59e5f9cb54485b277119f4e6925e9023b8dd1f351,"{""distance"":7,""physical_error_rate"":0.002}","{""detection_events"":2126094,""detectors_checked"":275374080}"
    337920,         0,         0,    21.5,standalone_exact_mw,20c8daca17953576b13a32f59e5f9cb54485b277119f4e6925e9023b8dd1f351,"{""distance"":7,""physical_error_rate"":0.002}","{""detection_events"":2115594,""detectors_checked"":273715200}"
    330752,         1,         0,    40.9,standalone_exact_mw,20c8daca17953576b13a32f59e5f9cb54485b277119f4e6925e9023b8dd1f351,"{""distance"":7,""physical_error_rate"":0.002}","{""detection_events"":2075557,""detectors_checked"":267909120,""obs_mistake_mask=E"":1}"
    326458,         0,         0,    34.3,standalone_exact_mw,20c8daca17953576b13a32f59e5f9cb54485b277119f4e6925e9023b8dd1f351,"{""distance"":7,""physical_error_rate"":0.002}","{""detection_events"":2045170,""detectors_checked"":264430980}"
    310272,         0,         0,    52.7,standalone_exact_mw,20c8daca17953576b13a32f59e5f9cb54485b277119f4e6925e9023b8dd1f351,"{""distance"":7,""physical_error_rate"":0.002}","{""detection_events"":1944985,""detectors_checked"":251320320}"
    321536,         0,         0,    44.5,standalone_exact_mw,20c8daca17953576b13a32f59e5f9cb54485b277119f4e6925e9023b8dd1f351,"{""distance"":7,""physical_error_rate"":0.002}","{""detection_events"":2014976,""detectors_checked"":260444160}"
    310272,         0,         0,    35.3,standalone_exact_mw,20c8daca17953576b13a32f59e5f9cb54485b277119f4e6925e9023b8dd1f351,"{""distance"":7,""physical_error_rate"":0.002}","{""detection_events"":1943662,""detectors_checked"":251320320}"
    305597,         0,         0,    30.1,standalone_exact_mw,20c8daca17953576b13a32f59e5f9cb54485b277119f4e6925e9023b8dd1f351,"{""distance"":7,""physical_error_rate"":0.002}","{""detection_events"":1912535,""detectors_checked"":247533570}"
    294912,         0,         0,    31.3,standalone_exact_mw,20c8daca17953576b13a32f59e5f9cb54485b277119f4e6925e9023b8dd1f351,"{""distance"":7,""physical_error_rate"":0.002}","{""detection_events"":1844365,""detectors_checked"":238878720}"
    292864,         0,         0,    39.9,standalone_exact_mw,20c8daca17953576b13a32f59e5f9cb54485b277119f4e6925e9023b8dd1f351,"{""distance"":7,""physical_error_rate"":0.002}","{""detection_events"":1835094,""detectors_checked"":237219840}"
    292864,         1,         0,    42.5,standalone_exact_mw,20c8daca17953576b13a32f59e5f9cb54485b277119f4e6925e9023b8dd1f351,"{""distance"":7,""physical_error_rate"":0.002}","{""detection_events"":1835889,""detectors_checked"":237219840,""obs_mistake_mask=E"":1}"
    291840,         0,         0,    40.4,standalone_exact_mw,20c8daca17953576b13a32f59e5f9cb54485b277119f4e6925e9023b8dd1f351,"{""distance"":7,""physical_error_rate"":0.002}","{""detection_events"":1828277,""detectors_checked"":236390400}"
    297984,         0,         0,    30.2,standalone_exact_mw,20c8daca17953576b13a32f59e5f9cb54485b277119f4e6925e9023b8dd1f351,"{""distance"":7,""physical_error_rate"":0.002}","{""detection_events"":1866706,""detectors_checked"":241367040}"
    292864,         0,         0,    38.1,standalone_exact_mw,20c8daca17953576b13a32f59e5f9cb54485b277119f4e6925e9023b8dd1f351,"{""distance"":7,""physical_error_rate"":0.002}","{""detection_events"":1833807,""detectors_checked"":237219840}"
    293888,         0,         0,    36.3,standalone_exact_mw,20c8daca17953576b13a32f59e5f9cb54485b277119f4e6925e9023b8dd1f351,"{""distance"":7,""physical_error_rate"":0.002}","{""detection_events"":1843166,""detectors_checked"":238049280}"
    286102,         0,         0,    32.3,standalone_exact_mw,20c8daca17953576b13a32f59e5f9cb54485b277119f4e6925e9023b8dd1f351,"{""distance"":7,""physical_error_rate"":0.002}","{""detection_events"":1793436,""detectors_checked"":231742620}"
    262144,         0,         0,    28.8,standalone_exact_mw,20c8daca17953576b13a32f59e5f9cb54485b277119f4e6925e9023b8dd1f351,"{""distance"":7,""physical_error_rate"":0.002}","{""detection_events"":1638847,""detectors_checked"":212336640}"
    250880,         0,         0,    28.6,standalone_exact_mw,20c8daca17953576b13a32f59e5f9cb54485b277119f4e6925e9023b8dd1f351,"{""distance"":7,""physical_error_rate"":0.002}","{""detection_events"":1574029,""detectors_checked"":203212800}"
    280576,         1,         0,    29.3,standalone_exact_mw,20c8daca17953576b13a32f59e5f9cb54485b277119f4e6925e9023b8dd1f351,"{""distance"":7,""physical_error_rate"":0.002}","{""detection_events"":1756494,""detectors_checked"":227266560,""obs_mistake_mask=E"":1}"
    260096,         0,         0,    28.7,standalone_exact_mw,20c8daca17953576b13a32f59e5f9cb54485b277119f4e6925e9023b8dd1f351,"{""distance"":7,""physical_error_rate"":0.002}","{""detection_events"":1628927,""detectors_checked"":210677760}"
    275456,         0,         0,    24.7,standalone_exact_mw,20c8daca17953576b13a32f59e5f9cb54485b277119f4e6925e9023b8dd1f351,"{""distance"":7,""physical_error_rate"":0.002}","{""detection_events"":1728047,""detectors_checked"":223119360}"
    264192,         0,         0,    33.4,standalone_exact_mw,20c8daca17953576b13a32f59e5f9cb54485b277119f4e6925e9023b8dd1f351,"{""distance"":7,""physical_error_rate"":0.002}","{""detection_events"":1651255,""detectors_checked"":213995520}"
    263168,         1,         0,    32.3,standalone_exact_mw,20c8daca17953576b13a32f59e5f9cb54485b277119f4e6925e9023b8dd1f351,"{""distance"":7,""physical_error_rate"":0.002}","{""detection_events"":1646403,""detectors_checked"":213166080,""obs_mistake_mask=E"":1}"
    263168,         0,         0,    32.1,standalone_exact_mw,20c8daca17953576b13a32f59e5f9cb54485b277119f4e6925e9023b8dd1f351,"{""distance"":7,""physical_error_rate"":0.002}","{""detection_events"":1647511,""detectors_checked"":213166080}"
    256000,         0,         0,    28.9,standalone_exact_mw,20c8daca17953576b13a32f59e5f9cb54485b277119f4e6925e9023b8dd1f351,"{""distance"":7,""physical_error_rate"":0.002}","{""detection_events"":1606143,""detectors_checked"":207360000}"
    249488,         0,         0,    28.9,standalone_exact_mw,20c8daca17953576b13a32f59e5f9cb54485b277119f4e6925e9023b8dd1f351,"{""distance"":7,""physical_error_rate"":0.002}","{""detection_events"":1560994,""detectors_checked"":202085280}"
    247808,         0,         0,    25.2,standalone_exact_mw,20c8daca17953576b13a32f59e5f9cb54485b277119f4e6925e9023b8dd1f351,"{""distance"":7,""physical_error_rate"":0.002}","{""detection_events"":1554324,""detectors_checked"":200724480}"
    238592,         0,         0,    29.0,standalone_exact_mw,20c8daca17953576b13a32f59e5f9cb54485b277119f4e6925e9023b8dd1f351,"{""distance"":7,""physical_error_rate"":0.002}","{""detection_events"":1493918,""detectors_checked"":193259520}"
    244736,         0,         0,    45.4,standalone_exact_mw,20c8daca17953576b13a32f59e5f9cb54485b277119f4e6925e9023b8dd1f351,"{""distance"":7,""physical_error_rate"":0.002}","{""detection_events"":1534044,""detectors_checked"":198236160}"
    228352,         0,         0,    35.9,standalone_exact_mw,20c8daca17953576b13a32f59e5f9cb54485b277119f4e6925e9023b8dd1f351,"{""distance"":7,""physical_error_rate"":0.002}","{""detection_events"":1430651,""detectors_checked"":184965120}"
    208470,         0,         0,    25.7,standalone_exact_mw,20c8daca17953576b13a32f59e5f9cb54485b277119f4e6925e9023b8dd1f351,"{""distance"":7,""physical_error_rate"":0.002}","{""detection_events"":1308549,""detectors_checked"":168860700}"
    197632,         0,         0,    23.8,standalone_exact_mw,20c8daca17953576b13a32f59e5f9cb54485b277119f4e6925e9023b8dd1f351,"{""distance"":7,""physical_error_rate"":0.002}","{""detection_events"":1242205,""detectors_checked"":160081920}"
    206848,         0,         0,    19.8,standalone_exact_mw,20c8daca17953576b13a32f59e5f9cb54485b277119f4e6925e9023b8dd1f351,"{""distance"":7,""physical_error_rate"":0.002}","{""detection_events"":1295745,""detectors_checked"":167546880}"
    204800,         0,         0,    13.0,standalone_exact_mw,20c8daca17953576b13a32f59e5f9cb54485b277119f4e6925e9023b8dd1f351,"{""distance"":7,""physical_error_rate"":0.002}","{""detection_events"":1284844,""detectors_checked"":165888000}"
    192512,         0,         0,    23.9,standalone_exact_mw,20c8daca17953576b13a32f59e5f9cb54485b277119f4e6925e9023b8dd1f351,"{""distance"":7,""physical_error_rate"":0.002}","{""detection_events"":1205758,""detectors_checked"":155934720}"
    190220,         0,         0,    23.1,standalone_exact_mw,20c8daca17953576b13a32f59e5f9cb54485b277119f4e6925e9023b8dd1f351,"{""distance"":7,""physical_error_rate"":0.002}","{""detection_events"":1194235,""detectors_checked"":154078200}"
    175104,         0,         0,    21.1,standalone_exact_mw,20c8daca17953576b13a32f59e5f9cb54485b277119f4e6925e9023b8dd1f351,"{""distance"":7,""physical_error_rate"":0.002}","{""detection_events"":1098396,""detectors_checked"":141834240}"
    187392,         1,         0,    25.2,standalone_exact_mw,20c8daca17953576b13a32f59e5f9cb54485b277119f4e6925e9023b8dd1f351,"{""distance"":7,""physical_error_rate"":0.002}","{""detection_events"":1175107,""detectors_checked"":151787520,""obs_mistake_mask=E"":1}"
    185344,         0,         0,    23.2,standalone_exact_mw,20c8daca17953576b13a32f59e5f9cb54485b277119f4e6925e9023b8dd1f351,"{""distance"":7,""physical_error_rate"":0.002}","{""detection_events"":1163063,""detectors_checked"":150128640}"
    181248,         0,         0,    23.2,standalone_exact_mw,20c8daca17953576b13a32f59e5f9cb54485b277119f4e6925e9023b8dd1f351,"{""distance"":7,""physical_error_rate"":0.002}","{""detection_events"":1136806,""detectors_checked"":146810880}"
    185344,         0,         0,    23.2,standalone_exact_mw,20c8daca17953576b13a32f59e5f9cb54485b277119f4e6925e9023b8dd1f351,"{""distance"":7,""physical_error_rate"":0.002}","{""detection_events"":1163783,""detectors_checked"":150128640}"
    186368,         0,         0,    25.1,standalone_exact_mw,20c8daca17953576b13a32f59e5f9cb54485b277119f4e6925e9023b8dd1f351,"{""distance"":7,""physical_error_rate"":0.002}","{""detection_events"":1167485,""detectors_checked"":150958080}"
    174720,         0,         0,    23.3,standalone_exact_mw,20c8daca17953576b13a32f59e5f9cb54485b277119f4e6925e9023b8dd1f351,"{""distance"":7,""physical_error_rate"":0.002}","{""detection_events"":1093610,""detectors_checked"":141523200}"
    167936,         0,         0,    20.5,standalone_exact_mw,20c8daca17953576b13a32f59e5f9cb54485b277119f4e6925e9023b8dd1f351,"{""distance"":7,""physical_error_rate"":0.002}","{""detection_events"":1052058,""detectors_checked"":136028160}"
    154790,         0,         0,    18.5,standalone_exact_mw,20c8daca17953576b13a32f59e5f9cb54485b277119f4e6925e9023b8dd1f351,"{""distance"":7,""physical_error_rate"":0.002}","{""detection_events"":971094,""detectors_checked"":125379900}"
    150528,         0,         0,    18.6,standalone_exact_mw,20c8daca17953576b13a32f59e5f9cb54485b277119f4e6925e9023b8dd1f351,"{""distance"":7,""physical_error_rate"":0.002}","{""detection_events"":945621,""detectors_checked"":121927680}"
    149748,         0,         0,    9.88,standalone_exact_mw,20c8daca17953576b13a32f59e5f9cb54485b277119f4e6925e9023b8dd1f351,"{""distance"":7,""physical_error_rate"":0.002}","{""detection_events"":937284,""detectors_checked"":121295880}"
    147456,         0,         0,    10.7,standalone_exact_mw,20c8daca17953576b13a32f59e5f9cb54485b277119f4e6925e9023b8dd1f351,"{""distance"":7,""physical_error_rate"":0.002}","{""detection_events"":924159,""detectors_checked"":119439360}"
    149504,         0,         0,    10.2,standalone_exact_mw,20c8daca17953576b13a32f59e5f9cb54485b277119f4e6925e9023b8dd1f351,"{""distance"":7,""physical_error_rate"":0.002}","{""detection_events"":934984,""detectors_checked"":121098240}"
    145056,         0,         0,    17.6,standalone_exact_mw,20c8daca17953576b13a32f59e5f9cb54485b277119f4e6925e9023b8dd1f351,"{""distance"":7,""physical_error_rate"":0.002}","{""detection_events"":908193,""detectors_checked"":117495360}"
    144384,         0,         0,    10.2,standalone_exact_mw,20c8daca17953576b13a32f59e5f9cb54485b277119f4e6925e9023b8dd1f351,"{""distance"":7,""physical_error_rate"":0.002}","{""detection_events"":903107,""detectors_checked"":116951040}"
    145056,         0,         0,    18.9,standalone_exact_mw,20c8daca17953576b13a32f59e5f9cb54485b277119f4e6925e9023b8dd1f351,"{""distance"":7,""physical_error_rate"":0.002}","{""detection_events"":907809,""detectors_checked"":117495360}"
    138149,         0,         0,    11.0,standalone_exact_mw,20c8daca17953576b13a32f59e5f9cb54485b277119f4e6925e9023b8dd1f351,"{""distance"":7,""physical_error_rate"":0.002}","{""detection_events"":864269,""detectors_checked"":111900690}"
    134144,         0,         0,    18.9,standalone_exact_mw,20c8daca17953576b13a32f59e5f9cb54485b277119f4e6925e9023b8dd1f351,"{""distance"":7,""physical_error_rate"":0.002}","{""detection_events"":840025,""detectors_checked"":108656640}"
    131468,         0,         0,    10.7,standalone_exact_mw,20c8daca17953576b13a32f59e5f9cb54485b277119f4e6925e9023b8dd1f351,"{""distance"":7,""physical_error_rate"":0.002}","{""detection_events"":824042,""detectors_checked"":106489080}"
    131468,         0,         0,    11.6,standalone_exact_mw,20c8daca17953576b13a32f59e5f9cb54485b277119f4e6925e9023b8dd1f351,"{""distance"":7,""physical_error_rate"":0.002}","{""detection_events"":822889,""detectors_checked"":106489080}"
    127318,         0,         0,    10.4,standalone_exact_mw,20c8daca17953576b13a32f59e5f9cb54485b277119f4e6925e9023b8dd1f351,"{""distance"":7,""physical_error_rate"":0.002}","{""detection_events"":793477,""detectors_checked"":103127580}"
    123274,         0,         0,    11.3,standalone_exact_mw,20c8daca17953576b13a32f59e5f9cb54485b277119f4e6925e9023b8dd1f351,"{""distance"":7,""physical_error_rate"":0.002}","{""detection_events"":772185,""detectors_checked"":99851940}"
    121348,         0,         0,    8.02,standalone_exact_mw,20c8daca17953576b13a32f59e5f9cb54485b277119f4e6925e9023b8dd1f351,"{""distance"":7,""physical_error_rate"":0.002}","{""detection_events"":761374,""detectors_checked"":98291880}"
    121348,         0,         0,    11.4,standalone_exact_mw,20c8daca17953576b13a32f59e5f9cb54485b277119f4e6925e9023b8dd1f351,"{""distance"":7,""physical_error_rate"":0.002}","{""detection_events"":760841,""detectors_checked"":98291880}"
    117556,         0,         0,    18.0,standalone_exact_mw,20c8daca17953576b13a32f59e5f9cb54485b277119f4e6925e9023b8dd1f351,"{""distance"":7,""physical_error_rate"":0.002}","{""detection_events"":736896,""detectors_checked"":95220360}"
    115719,         0,         0,    14.2,standalone_exact_mw,20c8daca17953576b13a32f59e5f9cb54485b277119f4e6925e9023b8dd1f351,"{""distance"":7,""physical_error_rate"":0.002}","{""detection_events"":724157,""detectors_checked"":93732390}"
    116736,         0,         0,    12.8,standalone_exact_mw,20c8daca17953576b13a32f59e5f9cb54485b277119f4e6925e9023b8dd1f351,"{""distance"":7,""physical_error_rate"":0.002}","{""detection_events"":730045,""detectors_checked"":94556160}"
    116736,         0,         0,    14.4,standalone_exact_mw,20c8daca17953576b13a32f59e5f9cb54485b277119f4e6925e9023b8dd1f351,"{""distance"":7,""physical_error_rate"":0.002}","{""detection_events"":729837,""detectors_checked"":94556160}"
    115719,         0,         0,    14.5,standalone_exact_mw,20c8daca17953576b13a32f59e5f9cb54485b277119f4e6925e9023b8dd1f351,"{""distance"":7,""physical_error_rate"":0.002}","{""detection_events"":723604,""detectors_checked"":93732390}"
    109568,         0,         0,    13.4,standalone_exact_mw,20c8daca17953576b13a32f59e5f9cb54485b277119f4e6925e9023b8dd1f351,"{""distance"":7,""physical_error_rate"":0.002}","{""detection_events"":686054,""detectors_checked"":88750080}"
    113664,         0,         0,    13.4,standalone_exact_mw,20c8daca17953576b13a32f59e5f9cb54485b277119f4e6925e9023b8dd1f351,"{""distance"":7,""physical_error_rate"":0.002}","{""detection_events"":711084,""detectors_checked"":92067840}"
    109568,         0,         0,    14.0,standalone_exact_mw,20c8daca17953576b13a32f59e5f9cb54485b277119f4e6925e9023b8dd1f351,"{""distance"":7,""physical_error_rate"":0.002}","{""detection_events"":685901,""detectors_checked"":88750080}"
    108544,         0,         0,    13.4,standalone_exact_mw,20c8daca17953576b13a32f59e5f9cb54485b277119f4e6925e9023b8dd1f351,"{""distance"":7,""physical_error_rate"":0.002}","{""detection_events"":677496,""detectors_checked"":87920640}"
    108455,         0,         0,    12.1,standalone_exact_mw,20c8daca17953576b13a32f59e5f9cb54485b277119f4e6925e9023b8dd1f351,"{""distance"":7,""physical_error_rate"":0.002}","{""detection_events"":680726,""detectors_checked"":87848550}"
    104448,         0,         0,    10.2,standalone_exact_mw,20c8daca17953576b13a32f59e5f9cb54485b277119f4e6925e9023b8dd1f351,"{""distance"":7,""physical_error_rate"":0.002}","{""detection_events"":654504,""detectors_checked"":84602880}"
    107520,         0,         0,    10.2,standalone_exact_mw,20c8daca17953576b13a32f59e5f9cb54485b277119f4e6925e9023b8dd1f351,"{""distance"":7,""physical_error_rate"":0.002}","{""detection_events"":674700,""detectors_checked"":87091200}"
    105472,         0,         0,    12.3,standalone_exact_mw,20c8daca17953576b13a32f59e5f9cb54485b277119f4e6925e9023b8dd1f351,"{""distance"":7,""physical_error_rate"":0.002}","{""detection_events"":660720,""detectors_checked"":85432320}"
    101376,         0,         0,    12.3,standalone_exact_mw,20c8daca17953576b13a32f59e5f9cb54485b277119f4e6925e9023b8dd1f351,"{""distance"":7,""physical_error_rate"":0.002}","{""detection_events"":636016,""detectors_checked"":82114560}"
    107520,         0,         0,    13.3,standalone_exact_mw,20c8daca17953576b13a32f59e5f9cb54485b277119f4e6925e9023b8dd1f351,"{""distance"":7,""physical_error_rate"":0.002}","{""detection_events"":675607,""detectors_checked"":87091200}"
     99865,         0,         0,    12.3,standalone_exact_mw,20c8daca17953576b13a32f59e5f9cb54485b277119f4e6925e9023b8dd1f351,"{""distance"":7,""physical_error_rate"":0.002}","{""detection_events"":627320,""detectors_checked"":80890650}"
    102400,         0,         0,    9.16,standalone_exact_mw,20c8daca17953576b13a32f59e5f9cb54485b277119f4e6925e9023b8dd1f351,"{""distance"":7,""physical_error_rate"":0.002}","{""detection_events"":642610,""detectors_checked"":82944000}"
    100352,         0,         0,    9.80,standalone_exact_mw,20c8daca17953576b13a32f59e5f9cb54485b277119f4e6925e9023b8dd1f351,"{""distance"":7,""physical_error_rate"":0.002}","{""detection_events"":629741,""detectors_checked"":81285120}"
    106496,         0,         0,    13.6,standalone_exact_mw,20c8daca17953576b13a32f59e5f9cb54485b277119f4e6925e9023b8dd1f351,"{""distance"":7,""physical_error_rate"":0.002}","{""detection_events"":666264,""detectors_checked"":86261760}"
     95232,         0,         0,    10.3,standalone_exact_mw,20c8daca17953576b13a32f59e5f9cb54485b277119f4e6925e9023b8dd1f351,"{""distance"":7,""physical_error_rate"":0.002}","{""detection_events"":597732,""detectors_checked"":77137920}"
     97280,         0,         0,    12.3,standalone_exact_mw,20c8daca17953576b13a32f59e5f9cb54485b277119f4e6925e9023b8dd1f351,"{""distance"":7,""physical_error_rate"":0.002}","{""detection_events"":612427,""detectors_checked"":78796800}"
     96256,         0,         0,    10.3,standalone_exact_mw,20c8daca17953576b13a32f59e5f9cb54485b277119f4e6925e9023b8dd1f351,"{""distance"":7,""physical_error_rate"":0.002}","{""detection_events"":601905,""detectors_checked"":77967360}"
     97280,         0,         0,    10.3,standalone_exact_mw,20c8daca17953576b13a32f59e5f9cb54485b277119f4e6925e9023b8dd1f351,"{""distance"":7,""physical_error_rate"":0.002}","{""detection_events"":609125,""detectors_checked"":78796800}"
     99865,         0,         0,    12.3,standalone_exact_mw,20c8daca17953576b13a32f59e5f9cb54485b277119f4e6925e9023b8dd1f351,"{""distance"":7,""physical_error_rate"":0.002}","{""detection_events"":627158,""detectors_checked"":80890650}"
     96256,         0,         0,    9.83,standalone_exact_mw,20c8daca17953576b13a32f59e5f9cb54485b277119f4e6925e9023b8dd1f351,"{""distance"":7,""physical_error_rate"":0.002}","{""detection_events"":603636,""detectors_checked"":77967360}"
     95232,         0,         0,    12.3,standalone_exact_mw,20c8daca17953576b13a32f59e5f9cb54485b277119f4e6925e9023b8dd1f351,"{""distance"":7,""physical_error_rate"":0.002}","{""detection_events"":598065,""detectors_checked"":77137920}"
     90080,         0,         0,    10.4,standalone_exact_mw,20c8daca17953576b13a32f59e5f9cb54485b277119f4e6925e9023b8dd1f351,"{""distance"":7,""physical_error_rate"":0.002}","{""detection_events"":564489,""detectors_checked"":72964800}"
     82944,         0,         0,    10.3,standalone_exact_mw,20c8daca17953576b13a32f59e5f9cb54485b277119f4e6925e9023b8dd1f351,"{""distance"":7,""physical_error_rate"":0.002}","{""detection_events"":519816,""detectors_checked"":67184640}"
     87040,         0,         0,    10.4,standalone_exact_mw,20c8daca17953576b13a32f59e5f9cb54485b277119f4e6925e9023b8dd1f351,"{""distance"":7,""physical_error_rate"":0.002}","{""detection_events"":546213,""detectors_checked"":70502400}"
     77824,         0,         0,    9.32,standalone_exact_mw,20c8daca17953576b13a32f59e5f9cb54485b277119f4e6925e9023b8dd1f351,"{""distance"":7,""physical_error_rate"":0.002}","{""detection_events"":487945,""detectors_checked"":63037440}"
     82944,         0,         0,    10.4,standalone_exact_mw,20c8daca17953576b13a32f59e5f9cb54485b277119f4e6925e9023b8dd1f351,"{""distance"":7,""physical_error_rate"":0.002}","{""detection_events"":521394,""detectors_checked"":67184640}"
     87040,         0,         0,    12.4,standalone_exact_mw,20c8daca17953576b13a32f59e5f9cb54485b277119f4e6925e9023b8dd1f351,"{""distance"":7,""physical_error_rate"":0.002}","{""detection_events"":547284,""detectors_checked"":70502400}"
     88064,         0,         0,    12.4,standalone_exact_mw,20c8daca17953576b13a32f59e5f9cb54485b277119f4e6925e9023b8dd1f351,"{""distance"":7,""physical_error_rate"":0.002}","{""detection_events"":552408,""detectors_checked"":71331840}"
     77824,         0,         0,    10.4,standalone_exact_mw,20c8daca17953576b13a32f59e5f9cb54485b277119f4e6925e9023b8dd1f351,"{""distance"":7,""physical_error_rate"":0.002}","{""detection_events"":487392,""detectors_checked"":63037440}"
     80896,         0,         0,    10.1,standalone_exact_mw,20c8daca17953576b13a32f59e5f9cb54485b277119f4e6925e9023b8dd1f351,"{""distance"":7,""physical_error_rate"":0.002}","{""detection_events"":505610,""detectors_checked"":65525760}"
     77656,         0,         0,    9.44,standalone_exact_mw,20c8daca17953576b13a32f59e5f9cb54485b277119f4e6925e9023b8dd1f351,"{""distance"":7,""physical_error_rate"":0.002}","{""detection_events"":485012,""detectors_checked"":62901360}"
     64512,         0,         0,    10.0,standalone_exact_mw,20c8daca17953576b13a32f59e5f9cb54485b277119f4e6925e9023b8dd1f351,"{""distance"":7,""physical_error_rate"":0.002}","{""detection_events"":403324,""detectors_checked"":52254720}"
     63488,         0,         0,    6.91,standalone_exact_mw,20c8daca17953576b13a32f59e5f9cb54485b277119f4e6925e9023b8dd1f351,"{""distance"":7,""physical_error_rate"":0.002}","{""detection_events"":397265,""detectors_checked"":51425280}"
     61659,         0,         0,    6.84,standalone_exact_mw,20c8daca17953576b13a32f59e5f9cb54485b277119f4e6925e9023b8dd1f351,"{""distance"":7,""physical_error_rate"":0.002}","{""detection_events"":386387,""detectors_checked"":49943790}"
     60416,         0,         0,    3.97,standalone_exact_mw,20c8daca17953576b13a32f59e5f9cb54485b277119f4e6925e9023b8dd1f351,"{""distance"":7,""physical_error_rate"":0.002}","{""detection_events"":378541,""detectors_checked"":48936960}"
     65536,         0,         0,    9.52,standalone_exact_mw,20c8daca17953576b13a32f59e5f9cb54485b277119f4e6925e9023b8dd1f351,"{""distance"":7,""physical_error_rate"":0.002}","{""detection_events"":409701,""detectors_checked"":53084160}"
     58695,         0,         0,    3.99,standalone_exact_mw,20c8daca17953576b13a32f59e5f9cb54485b277119f4e6925e9023b8dd1f351,"{""distance"":7,""physical_error_rate"":0.002}","{""detection_events"":366591,""detectors_checked"":47542950}"
     58368,         0,         0,    7.16,standalone_exact_mw,20c8daca17953576b13a32f59e5f9cb54485b277119f4e6925e9023b8dd1f351,"{""distance"":7,""physical_error_rate"":0.002}","{""detection_events"":364638,""detectors_checked"":47278080}"
     56320,         0,         0,    3.86,standalone_exact_mw,20c8daca17953576b13a32f59e5f9cb54485b277119f4e6925e9023b8dd1f351,"{""distance"":7,""physical_error_rate"":0.002}","{""detection_events"":353609,""detectors_checked"":45619200}"
     57344,         0,         0,    7.16,standalone_exact_mw,20c8daca17953576b13a32f59e5f9cb54485b277119f4e6925e9023b8dd1f351,"{""distance"":7,""physical_error_rate"":0.002}","{""detection_events"":359595,""detectors_checked"":46448640}"
     57344,         0,         0,    10.3,standalone_exact_mw,20c8daca17953576b13a32f59e5f9cb54485b277119f4e6925e9023b8dd1f351,"{""distance"":7,""physical_error_rate"":0.002}","{""detection_events"":358831,""detectors_checked"":46448640}"
     58368,         0,         0,    7.25,standalone_exact_mw,20c8daca17953576b13a32f59e5f9cb54485b277119f4e6925e9023b8dd1f351,"{""distance"":7,""physical_error_rate"":0.002}","{""detection_events"":365521,""detectors_checked"":47278080}"
     55810,         0,         0,    7.20,standalone_exact_mw,20c8daca17953576b13a32f59e5f9cb54485b277119f4e6925e9023b8dd1f351,"{""distance"":7,""physical_error_rate"":0.002}","{""detection_events"":349840,""detectors_checked"":45206100}"
     58368,         0,         0,    7.32,standalone_exact_mw,20c8daca17953576b13a32f59e5f9cb54485b277119f4e6925e9023b8dd1f351,"{""distance"":7,""physical_error_rate"":0.002}","{""detection_events"":367009,""detectors_checked"":47278080}"
     53248,         0,         0,    6.28,standalone_exact_mw,20c8daca17953576b13a32f59e5f9cb54485b277119f4e6925e9023b8dd1f351,"{""distance"":7,""physical_error_rate"":0.002}","{""detection_events"":333491,""detectors_checked"":43130880}"
     50442,         0,         0,    4.53,standalone_exact_mw,20c8daca17953576b13a32f59e5f9cb54485b277119f4e6925e9023b8dd1f351,"{""distance"":7,""physical_error_rate"":0.002}","{""detection_events"":314556,""detectors_checked"":40858020}"
     50442,         0,         0,    3.70,standalone_exact_mw,20c8daca17953576b13a32f59e5f9cb54485b277119f4e6925e9023b8dd1f351,"{""distance"":7,""physical_error_rate"":0.002}","{""detection_events"":316180,""detectors_checked"":40858020}"
     53248,         0,         0,    6.48,standalone_exact_mw,20c8daca17953576b13a32f59e5f9cb54485b277119f4e6925e9023b8dd1f351,"{""distance"":7,""physical_error_rate"":0.002}","{""detection_events"":335228,""detectors_checked"":43130880}"
     50176,         0,         0,    7.66,standalone_exact_mw,20c8daca17953576b13a32f59e5f9cb54485b277119f4e6925e9023b8dd1f351,"{""distance"":7,""physical_error_rate"":0.002}","{""detection_events"":315610,""detectors_checked"":40642560}"
     47910,         0,         0,    3.61,standalone_exact_mw,20c8daca17953576b13a32f59e5f9cb54485b277119f4e6925e9023b8dd1f351,"{""distance"":7,""physical_error_rate"":0.002}","{""detection_events"":300797,""detectors_checked"":38807100}"
     45056,         0,         0,    4.39,standalone_exact_mw,20c8daca17953576b13a32f59e5f9cb54485b277119f4e6925e9023b8dd1f351,"{""distance"":7,""physical_error_rate"":0.002}","{""detection_events"":282832,""detectors_checked"":36495360}"
     44757,         0,         0,    5.35,standalone_exact_mw,20c8daca17953576b13a32f59e5f9cb54485b277119f4e6925e9023b8dd1f351,"{""distance"":7,""physical_error_rate"":0.002}","{""detection_events"":281967,""detectors_checked"":36253170}"
     44032,         0,         0,    2.96,standalone_exact_mw,20c8daca17953576b13a32f59e5f9cb54485b277119f4e6925e9023b8dd1f351,"{""distance"":7,""physical_error_rate"":0.002}","{""detection_events"":274530,""detectors_checked"":35665920}"
       725,         0,         0,   0.044,standalone_exact_mw,20c8daca17953576b13a32f59e5f9cb54485b277119f4e6925e9023b8dd1f351,"{""distance"":7,""physical_error_rate"":0.002}","{""detection_events"":4682,""detectors_checked"":587250}"
     43354,         0,         0,    5.31,standalone_exact_mw,20c8daca17953576b13a32f59e5f9cb54485b277119f4e6925e9023b8dd1f351,"{""distance"":7,""physical_error_rate"":0.002}","{""detection_events"":272281,""detectors_checked"":35116740}"
     43008,         0,         0,    5.18,standalone_exact_mw,20c8daca17953576b13a32f59e5f9cb54485b277119f4e6925e9023b8dd1f351,"{""distance"":7,""physical_error_rate"":0.002}","{""detection_events"":269946,""detectors_checked"":34836480}"
     44032,         0,         0,    8.44,standalone_exact_mw,20c8daca17953576b13a32f59e5f9cb54485b277119f4e6925e9023b8dd1f351,"{""distance"":7,""physical_error_rate"":0.002}","{""detection_events"":275053,""detectors_checked"":35665920}"
     41977,         0,         0,    5.43,standalone_exact_mw,20c8daca17953576b13a32f59e5f9cb54485b277119f4e6925e9023b8dd1f351,"{""distance"":7,""physical_error_rate"":0.002}","{""detection_events"":262121,""detectors_checked"":34001370}"
     41977,         0,         0,    3.33,standalone_exact_mw,20c8daca17953576b13a32f59e5f9cb54485b277119f4e6925e9023b8dd1f351,"{""distance"":7,""physical_error_rate"":0.002}","{""detection_events"":263761,""detectors_checked"":34001370}"
       727,         0,         0,   0.107,standalone_exact_mw,20c8daca17953576b13a32f59e5f9cb54485b277119f4e6925e9023b8dd1f351,"{""distance"":7,""physical_error_rate"":0.002}","{""detection_events"":4456,""detectors_checked"":588870}"
       927,         0,         0,   0.097,standalone_exact_mw,20c8daca17953576b13a32f59e5f9cb54485b277119f4e6925e9023b8dd1f351,"{""distance"":7,""physical_error_rate"":0.002}","{""detection_events"":5921,""detectors_checked"":750870}"
     39306,         0,         0,    3.78,standalone_exact_mw,20c8daca17953576b13a32f59e5f9cb54485b277119f4e6925e9023b8dd1f351,"{""distance"":7,""physical_error_rate"":0.002}","{""detection_events"":244852,""detectors_checked"":31837860}"
     38666,         0,         0,    2.55,standalone_exact_mw,20c8daca17953576b13a32f59e5f9cb54485b277119f4e6925e9023b8dd1f351,"{""distance"":7,""physical_error_rate"":0.002}","{""detection_events"":243236,""detectors_checked"":31319460}"
     38061,         0,         0,    3.70,standalone_exact_mw,20c8daca17953576b13a32f59e5f9cb54485b277119f4e6925e9023b8dd1f351,"{""distance"":7,""physical_error_rate"":0.002}","{""detection_events"":237530,""detectors_checked"":30829410}"
     38061,         0,         0,    2.58,standalone_exact_mw,20c8daca17953576b13a32f59e5f9cb54485b277119f4e6925e9023b8dd1f351,"{""distance"":7,""physical_error_rate"":0.002}","{""detection_events"":238467,""detectors_checked"":30829410}"
     37467,         0,         0,    3.69,standalone_exact_mw,20c8daca17953576b13a32f59e5f9cb54485b277119f4e6925e9023b8dd1f351,"{""distance"":7,""physical_error_rate"":0.002}","{""detection_events"":235148,""detectors_checked"":30348270}"
     36287,         0,         0,    2.52,standalone_exact_mw,20c8daca17953576b13a32f59e5f9cb54485b277119f4e6925e9023b8dd1f351,"{""distance"":7,""physical_error_rate"":0.002}","{""detection_events"":227500,""detectors_checked"":29392470}"
     36287,         0,         0,    3.59,standalone_exact_mw,20c8daca17953576b13a32f59e5f9cb54485b277119f4e6925e9023b8dd1f351,"{""distance"":7,""physical_error_rate"":0.002}","{""detection_events"":225751,""detectors_checked"":29392470}"
     35840,         0,         0,    3.63,standalone_exact_mw,20c8daca17953576b13a32f59e5f9cb54485b277119f4e6925e9023b8dd1f351,"{""distance"":7,""physical_error_rate"":0.002}","{""detection_events"":224018,""detectors_checked"":29030400}"
       447,         0,         0,   0.028,standalone_exact_mw,20c8daca17953576b13a32f59e5f9cb54485b277119f4e6925e9023b8dd1f351,"{""distance"":7,""physical_error_rate"":0.002}","{""detection_events"":2689,""detectors_checked"":362070}"
     35153,         0,         0,    3.77,standalone_exact_mw,20c8daca17953576b13a32f59e5f9cb54485b277119f4e6925e9023b8dd1f351,"{""distance"":7,""physical_error_rate"":0.002}","{""detection_events"":221209,""detectors_checked"":28473930}"
     35720,         0,         0,    4.26,standalone_exact_mw,20c8daca17953576b13a32f59e5f9cb54485b277119f4e6925e9023b8dd1f351,"{""distance"":7,""physical_error_rate"":0.002}","{""detection_events"":224340,""detectors_checked"":28933200}"
     35720,         0,         0,    3.18,standalone_exact_mw,20c8daca17953576b13a32f59e5f9cb54485b277119f4e6925e9023b8dd1f351,"{""distance"":7,""physical_error_rate"":0.002}","{""detection_events"":223249,""detectors_checked"":28933200}"
     35153,         0,         0,    3.67,standalone_exact_mw,20c8daca17953576b13a32f59e5f9cb54485b277119f4e6925e9023b8dd1f351,"{""distance"":7,""physical_error_rate"":0.002}","{""detection_events"":219018,""detectors_checked"":28473930}"
     35153,         0,         0,    3.54,standalone_exact_mw,20c8daca17953576b13a32f59e5f9cb54485b277119f4e6925e9023b8dd1f351,"{""distance"":7,""physical_error_rate"":0.002}","{""detection_events"":220442,""detectors_checked"":28473930}"
     35153,         0,         0,    4.32,standalone_exact_mw,20c8daca17953576b13a32f59e5f9cb54485b277119f4e6925e9023b8dd1f351,"{""distance"":7,""physical_error_rate"":0.002}","{""detection_events"":220456,""detectors_checked"":28473930}"
     34036,         0,         0,    3.90,standalone_exact_mw,20c8daca17953576b13a32f59e5f9cb54485b277119f4e6925e9023b8dd1f351,"{""distance"":7,""physical_error_rate"":0.002}","{""detection_events"":213030,""detectors_checked"":27569160}"
       567,         0,         0,   0.062,standalone_exact_mw,20c8daca17953576b13a32f59e5f9cb54485b277119f4e6925e9023b8dd1f351,"{""distance"":7,""physical_error_rate"":0.002}","{""detection_events"":3559,""detectors_checked"":459270}"
     34816,         0,         0,    4.31,standalone_exact_mw,20c8daca17953576b13a32f59e5f9cb54485b277119f4e6925e9023b8dd1f351,"{""distance"":7,""physical_error_rate"":0.002}","{""detection_events"":218895,""detectors_checked"":28200960}"
     31744,         0,         0,    3.67,standalone_exact_mw,20c8daca17953576b13a32f59e5f9cb54485b277119f4e6925e9023b8dd1f351,"{""distance"":7,""physical_error_rate"":0.002}","{""detection_events"":199163,""detectors_checked"":25712640}"
     34036,         0,         0,    4.12,standalone_exact_mw,20c8daca17953576b13a32f59e5f9cb54485b277119f4e6925e9023b8dd1f351,"{""distance"":7,""physical_error_rate"":0.002}","{""detection_events"":213559,""detectors_checked"":27569160}"
     34036,         0,         0,    3.52,standalone_exact_mw,20c8daca17953576b13a32f59e5f9cb54485b277119f4e6925e9023b8dd1f351,"{""distance"":7,""physical_error_rate"":0.002}","{""detection_events"":212756,""detectors_checked"":27569160}"
     32768,         0,         0,    3.93,standalone_exact_mw,20c8daca17953576b13a32f59e5f9cb54485b277119f4e6925e9023b8dd1f351,"{""distance"":7,""physical_error_rate"":0.002}","{""detection_events"":204659,""detectors_checked"":26542080}"
     32371,         0,         0,    3.90,standalone_exact_mw,20c8daca17953576b13a32f59e5f9cb54485b277119f4e6925e9023b8dd1f351,"{""distance"":7,""physical_error_rate"":0.002}","{""detection_events"":203139,""detectors_checked"":26220510}"
     33792,         0,         0,    3.78,standalone_exact_mw,20c8daca17953576b13a32f59e5f9cb54485b277119f4e6925e9023b8dd1f351,"{""distance"":7,""physical_error_rate"":0.002}","{""detection_events"":211406,""detectors_checked"":27371520}"
     31272,         0,         0,    3.52,standalone_exact_mw,20c8daca17953576b13a32f59e5f9cb54485b277119f4e6925e9023b8dd1f351,"{""distance"":7,""physical_error_rate"":0.002}","{""detection_events"":196383,""detectors_checked"":25330320}"
     30720,         0,         0,    2.02,standalone_exact_mw,20c8daca17953576b13a32f59e5f9cb54485b277119f4e6925e9023b8dd1f351,"{""distance"":7,""physical_error_rate"":0.002}","{""detection_events"":191875,""detectors_checked"":24883200}"
     31744,         0,         0,    3.87,standalone_exact_mw,20c8daca17953576b13a32f59e5f9cb54485b277119f4e6925e9023b8dd1f351,"{""distance"":7,""physical_error_rate"":0.002}","{""detection_events"":198370,""detectors_checked"":25712640}"
     31744,         0,         0,    3.84,standalone_exact_mw,20c8daca17953576b13a32f59e5f9cb54485b277119f4e6925e9023b8dd1f351,"{""distance"":7,""physical_error_rate"":0.002}","{""detection_events"":199150,""detectors_checked"":25712640}"
     31272,         0,         0,    3.59,standalone_exact_mw,20c8daca17953576b13a32f59e5f9cb54485b277119f4e6925e9023b8dd1f351,"{""distance"":7,""physical_error_rate"":0.002}","{""detection_events"":194551,""detectors_checked"":25330320}"
     30740,         0,         0,    3.71,standalone_exact_mw,20c8daca17953576b13a32f59e5f9cb54485b277119f4e6925e9023b8dd1f351,"{""distance"":7,""physical_error_rate"":0.002}","{""detection_events"":193024,""detectors_checked"":24899400}"
     28672,         0,         0,    3.75,standalone_exact_mw,20c8daca17953576b13a32f59e5f9cb54485b277119f4e6925e9023b8dd1f351,"{""distance"":7,""physical_error_rate"":0.002}","{""detection_events"":178753,""detectors_checked"":23224320}"
     32768,         0,         0,    3.86,standalone_exact_mw,20c8daca17953576b13a32f59e5f9cb54485b277119f4e6925e9023b8dd1f351,"{""distance"":7,""physical_error_rate"":0.002}","{""detection_events"":205210,""detectors_checked"":26542080}"
     33478,         0,         0,    4.15,standalone_exact_mw,20c8daca17953576b13a32f59e5f9cb54485b277119f4e6925e9023b8dd1f351,"{""distance"":7,""physical_error_rate"":0.002}","{""detection_events"":211688,""detectors_checked"":27117180}"
     33478,         0,         0,    4.15,standalone_exact_mw,20c8daca17953576b13a32f59e5f9cb54485b277119f4e6925e9023b8dd1f351,"{""distance"":7,""physical_error_rate"":0.002}","{""detection_events"":210602,""detectors_checked"":27117180}"
     32371,         0,         0,    3.96,standalone_exact_mw,20c8daca17953576b13a32f59e5f9cb54485b277119f4e6925e9023b8dd1f351,"{""distance"":7,""physical_error_rate"":0.002}","{""detection_events"":201975,""detectors_checked"":26220510}"
     32768,         0,         0,    4.14,standalone_exact_mw,20c8daca17953576b13a32f59e5f9cb54485b277119f4e6925e9023b8dd1f351,"{""distance"":7,""physical_error_rate"":0.002}","{""detection_events"":205318,""detectors_checked"":26542080}"
     29696,         0,         0,    3.77,standalone_exact_mw,20c8daca17953576b13a32f59e5f9cb54485b277119f4e6925e9023b8dd1f351,"{""distance"":7,""physical_error_rate"":0.002}","{""detection_events"":186576,""detectors_checked"":24053760}"
     32768,         0,         0,    3.93,standalone_exact_mw,20c8daca17953576b13a32f59e5f9cb54485b277119f4e6925e9023b8dd1f351,"{""distance"":7,""physical_error_rate"":0.002}","{""detection_events"":204465,""detectors_checked"":26542080}"
     30740,         0,         0,    3.72,standalone_exact_mw,20c8daca17953576b13a32f59e5f9cb54485b277119f4e6925e9023b8dd1f351,"{""distance"":7,""physical_error_rate"":0.002}","{""detection_events"":191722,""detectors_checked"":24899400}"
     31744,         0,         0,    3.89,standalone_exact_mw,20c8daca17953576b13a32f59e5f9cb54485b277119f4e6925e9023b8dd1f351,"{""distance"":7,""physical_error_rate"":0.002}","{""detection_events"":197340,""detectors_checked"":25712640}"
     32768,         0,         0,    4.00,standalone_exact_mw,20c8daca17953576b13a32f59e5f9cb54485b277119f4e6925e9023b8dd1f351,"{""distance"":7,""physical_error_rate"":0.002}","{""detection_events"":205139,""detectors_checked"":26542080}"
     31744,         0,         0,    3.69,standalone_exact_mw,20c8daca17953576b13a32f59e5f9cb54485b277119f4e6925e9023b8dd1f351,"{""distance"":7,""physical_error_rate"":0.002}","{""detection_events"":197932,""detectors_checked"":25712640}"
     30720,         0,         0,    3.84,standalone_exact_mw,20c8daca17953576b13a32f59e5f9cb54485b277119f4e6925e9023b8dd1f351,"{""distance"":7,""physical_error_rate"":0.002}","{""detection_events"":191127,""detectors_checked"":24883200}"
     30720,         0,         0,    3.85,standalone_exact_mw,20c8daca17953576b13a32f59e5f9cb54485b277119f4e6925e9023b8dd1f351,"{""distance"":7,""physical_error_rate"":0.002}","{""detection_events"":193190,""detectors_checked"":24883200}"
     30720,         0,         0,    3.72,standalone_exact_mw,20c8daca17953576b13a32f59e5f9cb54485b277119f4e6925e9023b8dd1f351,"{""distance"":7,""physical_error_rate"":0.002}","{""detection_events"":192085,""detectors_checked"":24883200}"
     29160,         0,         0,    3.52,standalone_exact_mw,20c8daca17953576b13a32f59e5f9cb54485b277119f4e6925e9023b8dd1f351,"{""distance"":7,""physical_error_rate"":0.002}","{""detection_events"":183099,""detectors_checked"":23619600}"
     27648,         0,         0,    2.33,standalone_exact_mw,20c8daca17953576b13a32f59e5f9cb54485b277119f4e6925e9023b8dd1f351,"{""distance"":7,""physical_error_rate"":0.002}","{""detection_events"":174117,""detectors_checked"":22394880}"
     24576,         0,         0,    1.75,standalone_exact_mw,20c8daca17953576b13a32f59e5f9cb54485b277119f4e6925e9023b8dd1f351,"{""distance"":7,""physical_error_rate"":0.002}","{""detection_events"":153185,""detectors_checked"":19906560}"
     24633,         0,         0,    2.93,standalone_exact_mw,20c8daca17953576b13a32f59e5f9cb54485b277119f4e6925e9023b8dd1f351,"{""distance"":7,""physical_error_rate"":0.002}","{""detection_events"":153659,""detectors_checked"":19952730}"
     27648,         0,         0,    3.31,standalone_exact_mw,20c8daca17953576b13a32f59e5f9cb54485b277119f4e6925e9023b8dd1f351,"{""distance"":7,""physical_error_rate"":0.002}","{""detection_events"":173458,""detectors_checked"":22394880}"
     28672,         0,         0,    3.01,standalone_exact_mw,20c8daca17953576b13a32f59e5f9cb54485b277119f4e6925e9023b8dd1f351,"{""distance"":7,""physical_error_rate"":0.002}","{""detection_events"":179134,""detectors_checked"":23224320}"
     30720,         0,         0,    3.83,standalone_exact_mw,20c8daca17953576b13a32f59e5f9cb54485b277119f4e6925e9023b8dd1f351,"{""distance"":7,""physical_error_rate"":0.002}","{""detection_events"":192705,""detectors_checked"":24883200}"
     26624,         0,         0,    3.43,standalone_exact_mw,20c8daca17953576b13a32f59e5f9cb54485b277119f4e6925e9023b8dd1f351,"{""distance"":7,""physical_error_rate"":0.002}","{""detection_events"":167147,""detectors_checked"":21565440}"
        20,         0,         0,   0.003,standalone_exact_mw,20c8daca17953576b13a32f59e5f9cb54485b277119f4e6925e9023b8dd1f351,"{""distance"":7,""physical_error_rate"":0.002}","{""detection_events"":147,""detectors_checked"":16200}"
     29696,         0,         0,    2.25,standalone_exact_mw,20c8daca17953576b13a32f59e5f9cb54485b277119f4e6925e9023b8dd1f351,"{""distance"":7,""physical_error_rate"":0.002}","{""detection_events"":185153,""detectors_checked"":24053760}"
     24576,         0,         0,    2.21,standalone_exact_mw,20c8daca17953576b13a32f59e5f9cb54485b277119f4e6925e9023b8dd1f351,"{""distance"":7,""physical_error_rate"":0.002}","{""detection_events"":154274,""detectors_checked"":19906560}"
     24576,         0,         0,    3.43,standalone_exact_mw,20c8daca17953576b13a32f59e5f9cb54485b277119f4e6925e9023b8dd1f351,"{""distance"":7,""physical_error_rate"":0.002}","{""detection_events"":153895,""detectors_checked"":19906560}"
     27648,         0,         0,    3.23,standalone_exact_mw,20c8daca17953576b13a32f59e5f9cb54485b277119f4e6925e9023b8dd1f351,"{""distance"":7,""physical_error_rate"":0.002}","{""detection_events"":174341,""detectors_checked"":22394880}"
     28672,         0,         0,    3.39,standalone_exact_mw,20c8daca17953576b13a32f59e5f9cb54485b277119f4e6925e9023b8dd1f351,"{""distance"":7,""physical_error_rate"":0.002}","{""detection_events"":179583,""detectors_checked"":23224320}"
     28672,         0,         0,    3.88,standalone_exact_mw,20c8daca17953576b13a32f59e5f9cb54485b277119f4e6925e9023b8dd1f351,"{""distance"":7,""physical_error_rate"":0.002}","{""detection_events"":179905,""detectors_checked"":23224320}"
     27648,         0,         0,    3.39,standalone_exact_mw,20c8daca17953576b13a32f59e5f9cb54485b277119f4e6925e9023b8dd1f351,"{""distance"":7,""physical_error_rate"":0.002}","{""detection_events"":173587,""detectors_checked"":22394880}"
     17408,         0,         0,    2.10,standalone_exact_mw,20c8daca17953576b13a32f59e5f9cb54485b277119f4e6925e9023b8dd1f351,"{""distance"":7,""physical_error_rate"":0.002}","{""detection_events"":108494,""detectors_checked"":14100480}"
     16384,         0,         0,    1.99,standalone_exact_mw,20c8daca17953576b13a32f59e5f9cb54485b277119f4e6925e9023b8dd1f351,"{""distance"":7,""physical_error_rate"":0.002}","{""detection_events"":102593,""detectors_checked"":13271040}"
       488,         0,         0,   0.056,standalone_exact_mw,20c8daca17953576b13a32f59e5f9cb54485b277119f4e6925e9023b8dd1f351,"{""distance"":7,""physical_error_rate"":0.002}","{""detection_events"":2958,""detectors_checked"":395280}"
       488,         0,         0,   0.056,standalone_exact_mw,20c8daca17953576b13a32f59e5f9cb54485b277119f4e6925e9023b8dd1f351,"{""distance"":7,""physical_error_rate"":0.002}","{""detection_events"":3076,""detectors_checked"":395280}"
     16384,         0,         0,    3.11,standalone_exact_mw,20c8daca17953576b13a32f59e5f9cb54485b277119f4e6925e9023b8dd1f351,"{""distance"":7,""physical_error_rate"":0.002}","{""detection_events"":102275,""detectors_checked"":13271040}"
     19456,         0,         0,    3.61,standalone_exact_mw,20c8daca17953576b13a32f59e5f9cb54485b277119f4e6925e9023b8dd1f351,"{""distance"":7,""physical_error_rate"":0.002}","{""detection_events"":122540,""detectors_checked"":15759360}"
      5496,         0,         0,   0.328,standalone_exact_mw,20c8daca17953576b13a32f59e5f9cb54485b277119f4e6925e9023b8dd1f351,"{""distance"":7,""physical_error_rate"":0.002}","{""detection_events"":34041,""detectors_checked"":4451760}"
     10240,         0,         0,    1.07,standalone_exact_mw,20c8daca17953576b13a32f59e5f9cb54485b277119f4e6925e9023b8dd1f351,"{""distance"":7,""physical_error_rate"":0.002}","{""detection_events"":64405,""detectors_checked"":8294400}"
     19456,         0,         0,    2.37,standalone_exact_mw,20c8daca17953576b13a32f59e5f9cb54485b277119f4e6925e9023b8dd1f351,"{""distance"":7,""physical_error_rate"":0.002}","{""detection_events"":121951,""detectors_checked"":15759360}"
      4584,         0,         0,   0.284,standalone_exact_mw,20c8daca17953576b13a32f59e5f9cb54485b277119f4e6925e9023b8dd1f351,"{""distance"":7,""physical_error_rate"":0.002}","{""detection_events"":28864,""detectors_checked"":3713040}"
     13312,         0,         0,    1.09,standalone_exact_mw,20c8daca17953576b13a32f59e5f9cb54485b277119f4e6925e9023b8dd1f351,"{""distance"":7,""physical_error_rate"":0.002}","{""detection_events"":84351,""detectors_checked"":10782720}"
       422,         0,         0,   0.052,standalone_exact_mw,20c8daca17953576b13a32f59e5f9cb54485b277119f4e6925e9023b8dd1f351,"{""distance"":7,""physical_error_rate"":0.002}","{""detection_events"":2631,""detectors_checked"":341820}"
     16273,         0,         0,    1.40,standalone_exact_mw,20c8daca17953576b13a32f59e5f9cb54485b277119f4e6925e9023b8dd1f351,"{""distance"":7,""physical_error_rate"":0.002}","{""detection_events"":101589,""detectors_checked"":13181130}"
     15360,         0,         0,    1.23,standalone_exact_mw,20c8daca17953576b13a32f59e5f9cb54485b277119f4e6925e9023b8dd1f351,"{""distance"":7,""physical_error_rate"":0.002}","{""detection_events"":95847,""detectors_checked"":12441600}"
      6663,         0,         0,   0.449,standalone_exact_mw,20c8daca17953576b13a32f59e5f9cb54485b277119f4e6925e9023b8dd1f351,"{""distance"":7,""physical_error_rate"":0.002}","{""detection_events"":41618,""detectors_checked"":5397030}"
      9114,         0,         0,   0.711,standalone_exact_mw,20c8daca17953576b13a32f59e5f9cb54485b277119f4e6925e9023b8dd1f351,"{""distance"":7,""physical_error_rate"":0.002}","{""detection_events"":57058,""detectors_checked"":7382340}"
     12288,         0,         0,    2.24,standalone_exact_mw,20c8daca17953576b13a32f59e5f9cb54485b277119f4e6925e9023b8dd1f351,"{""distance"":7,""physical_error_rate"":0.002}","{""detection_events"":77333,""detectors_checked"":9953280}"
      8110,         0,         0,   0.584,standalone_exact_mw,20c8daca17953576b13a32f59e5f9cb54485b277119f4e6925e9023b8dd1f351,"{""distance"":7,""physical_error_rate"":0.002}","{""detection_events"":50981,""detectors_checked"":6569100}"
      9114,         0,         0,   0.725,standalone_exact_mw,20c8daca17953576b13a32f59e5f9cb54485b277119f4e6925e9023b8dd1f351,"{""distance"":7,""physical_error_rate"":0.002}","{""detection_events"":57112,""detectors_checked"":7382340}"
      7305,         0,         0,   0.491,standalone_exact_mw,20c8daca17953576b13a32f59e5f9cb54485b277119f4e6925e9023b8dd1f351,"{""distance"":7,""physical_error_rate"":0.002}","{""detection_events"":45509,""detectors_checked"":5917050}"
      8192,         0,         0,   0.716,standalone_exact_mw,20c8daca17953576b13a32f59e5f9cb54485b277119f4e6925e9023b8dd1f351,"{""distance"":7,""physical_error_rate"":0.002}","{""detection_events"":51146,""detectors_checked"":6635520}"
      6426,         0,         0,   0.450,standalone_exact_mw,20c8daca17953576b13a32f59e5f9cb54485b277119f4e6925e9023b8dd1f351,"{""distance"":7,""physical_error_rate"":0.002}","{""detection_events"":40273,""detectors_checked"":5205060}"
      8110,         0,         0,   0.957,standalone_exact_mw,20c8daca17953576b13a32f59e5f9cb54485b277119f4e6925e9023b8dd1f351,"{""distance"":7,""physical_error_rate"":0.002}","{""detection_events"":50914,""detectors_checked"":6569100}"
      7168,         0,         0,   0.493,standalone_exact_mw,20c8daca17953576b13a32f59e5f9cb54485b277119f4e6925e9023b8dd1f351,"{""distance"":7,""physical_error_rate"":0.002}","{""detection_events"":45001,""detectors_checked"":5806080}"
      7168,         0,         0,   0.778,standalone_exact_mw,20c8daca17953576b13a32f59e5f9cb54485b277119f4e6925e9023b8dd1f351,"{""distance"":7,""physical_error_rate"":0.002}","{""detection_events"":45006,""detectors_checked"":5806080}"
       137,         0,         0,   0.010,standalone_exact_mw,20c8daca17953576b13a32f59e5f9cb54485b277119f4e6925e9023b8dd1f351,"{""distance"":7,""physical_error_rate"":0.002}","{""detection_events"":897,""detectors_checked"":110970}"
       455,         0,         0,   0.029,standalone_exact_mw,20c8daca17953576b13a32f59e5f9cb54485b277119f4e6925e9023b8dd1f351,"{""distance"":7,""physical_error_rate"":0.002}","{""detection_events"":2860,""detectors_checked"":368550}"
      6545,         0,         0,   0.545,standalone_exact_mw,20c8daca17953576b13a32f59e5f9cb54485b277119f4e6925e9023b8dd1f351,"{""distance"":7,""physical_error_rate"":0.002}","{""detection_events"":40735,""detectors_checked"":5301450}"
      8110,         0,         0,   0.971,standalone_exact_mw,20c8daca17953576b13a32f59e5f9cb54485b277119f4e6925e9023b8dd1f351,"{""distance"":7,""physical_error_rate"":0.002}","{""detection_events"":50908,""detectors_checked"":6569100}"
       487,         0,         0,   0.031,standalone_exact_mw,20c8daca17953576b13a32f59e5f9cb54485b277119f4e6925e9023b8dd1f351,"{""distance"":7,""physical_error_rate"":0.002}","{""detection_events"":3009,""detectors_checked"":394470}"
        40,         0,         0,   0.004,standalone_exact_mw,20c8daca17953576b13a32f59e5f9cb54485b277119f4e6925e9023b8dd1f351,"{""distance"":7,""physical_error_rate"":0.002}","{""detection_events"":229,""detectors_checked"":32400}"
      5969,         0,         0,   0.574,standalone_exact_mw,20c8daca17953576b13a32f59e5f9cb54485b277119f4e6925e9023b8dd1f351,"{""distance"":7,""physical_error_rate"":0.002}","{""detection_events"":37364,""detectors_checked"":4834890}"
       922,         0,         0,   0.113,standalone_exact_mw,20c8daca17953576b13a32f59e5f9cb54485b277119f4e6925e9023b8dd1f351,"{""distance"":7,""physical_error_rate"":0.002}","{""detection_events"":5722,""detectors_checked"":746820}"
      7168,         0,         0,   0.799,standalone_exact_mw,20c8daca17953576b13a32f59e5f9cb54485b277119f4e6925e9023b8dd1f351,"{""distance"":7,""physical_error_rate"":0.002}","{""detection_events"":45232,""detectors_checked"":5806080}"
      7168,         0,         0,   0.812,standalone_exact_mw,20c8daca17953576b13a32f59e5f9cb54485b277119f4e6925e9023b8dd1f351,"{""distance"":7,""physical_error_rate"":0.002}","{""detection_events"":44518,""detectors_checked"":5806080}"
      7168,         0,         0,   0.734,standalone_exact_mw,20c8daca17953576b13a32f59e5f9cb54485b277119f4e6925e9023b8dd1f351,"{""distance"":7,""physical_error_rate"":0.002}","{""detection_events"":44943,""detectors_checked"":5806080}"
      5588,         0,         0,   0.669,standalone_exact_mw,20c8daca17953576b13a32f59e5f9cb54485b277119f4e6925e9023b8dd1f351,"{""distance"":7,""physical_error_rate"":0.002}","{""detection_events"":35383,""detectors_checked"":4526280}"
       715,         0,         0,   0.084,standalone_exact_mw,20c8daca17953576b13a32f59e5f9cb54485b277119f4e6925e9023b8dd1f351,"{""distance"":7,""physical_error_rate"":0.002}","{""detection_events"":4471,""detectors_checked"":579150}"
        15,         0,         0,   0.003,standalone_exact_mw,20c8daca17953576b13a32f59e5f9cb54485b277119f4e6925e9023b8dd1f351,"{""distance"":7,""physical_error_rate"":0.002}","{""detection_events"":108,""detectors_checked"":12150}"
       463,         0,         0,   0.034,standalone_exact_mw,20c8daca17953576b13a32f59e5f9cb54485b277119f4e6925e9023b8dd1f351,"{""distance"":7,""physical_error_rate"":0.002}","{""detection_events"":2942,""detectors_checked"":375030}"
      1617,         0,         0,   0.097,standalone_exact_mw,20c8daca17953576b13a32f59e5f9cb54485b277119f4e6925e9023b8dd1f351,"{""distance"":7,""physical_error_rate"":0.002}","{""detection_events"":10290,""detectors_checked"":1309770}"
       921,         0,         0,   0.058,standalone_exact_mw,20c8daca17953576b13a32f59e5f9cb54485b277119f4e6925e9023b8dd1f351,"{""distance"":7,""physical_error_rate"":0.002}","{""detection_events"":5852,""detectors_checked"":746010}"
      7048,         0,         0,   0.535,standalone_exact_mw,20c8daca17953576b13a32f59e5f9cb54485b277119f4e6925e9023b8dd1f351,"{""distance"":7,""physical_error_rate"":0.002}","{""detection_events"":44020,""detectors_checked"":5708880}"
      7168,         0,         0,   0.821,standalone_exact_mw,20c8daca17953576b13a32f59e5f9cb54485b277119f4e6925e9023b8dd1f351,"{""distance"":7,""physical_error_rate"":0.002}","{""detection_events"":44587,""detectors_checked"":5806080}"
      5634,         0,         0,   0.642,standalone_exact_mw,20c8daca17953576b13a32f59e5f9cb54485b277119f4e6925e9023b8dd1f351,"{""distance"":7,""physical_error_rate"":0.002}","{""detection_events"":34424,""detectors_checked"":4563540}"
       805,         0,         0,   0.090,standalone_exact_mw,20c8daca17953576b13a32f59e5f9cb54485b277119f4e6925e9023b8dd1f351,"{""distance"":7,""physical_error_rate"":0.002}","{""detection_events"":5187,""detectors_checked"":652050}"
      4122,         0,         0,   0.258,standalone_exact_mw,20c8daca17953576b13a32f59e5f9cb54485b277119f4e6925e9023b8dd1f351,"{""distance"":7,""physical_error_rate"":0.002}","{""detection_events"":25647,""detectors_checked"":3338820}"
      1753,         0,         0,   0.109,standalone_exact_mw,20c8daca17953576b13a32f59e5f9cb54485b277119f4e6925e9023b8dd1f351,"{""distance"":7,""physical_error_rate"":0.002}","{""detection_events"":10878,""detectors_checked"":1419930}"
      7168,         0,         0,   0.787,standalone_exact_mw,20c8daca17953576b13a32f59e5f9cb54485b277119f4e6925e9023b8dd1f351,"{""distance"":7,""physical_error_rate"":0.002}","{""detection_events"":44209,""detectors_checked"":5806080}"
      6357,         0,         0,   0.718,standalone_exact_mw,20c8daca17953576b13a32f59e5f9cb54485b277119f4e6925e9023b8dd1f351,"{""distance"":7,""physical_error_rate"":0.002}","{""detection_events"":39876,""detectors_checked"":5149170}"
       948,         0,         0,   0.059,standalone_exact_mw,20c8daca17953576b13a32f59e5f9cb54485b277119f4e6925e9023b8dd1f351,"{""distance"":7,""physical_error_rate"":0.002}","{""detection_events"":6027,""detectors_checked"":767880}"
      5692,         0,         0,   0.353,standalone_exact_mw,20c8daca17953576b13a32f59e5f9cb54485b277119f4e6925e9023b8dd1f351,"{""distance"":7,""physical_error_rate"":0.002}","{""detection_events"":35696,""detectors_checked"":4610520}"
       887,         0,         0,   0.052,standalone_exact_mw,20c8daca17953576b13a32f59e5f9cb54485b277119f4e6925e9023b8dd1f351,"{""distance"":7,""physical_error_rate"":0.002}","{""detection_events"":5612,""detectors_checked"":718470}"
      6357,         0,         0,   0.787,standalone_exact_mw,20c8daca17953576b13a32f59e5f9cb54485b277119f4e6925e9023b8dd1f351,"{""distance"":7,""physical_error_rate"":0.002}","{""detection_events"":39675,""detectors_checked"":5149170}"
      6357,         0,         0,   0.733,standalone_exact_mw,20c8daca17953576b13a32f59e5f9cb54485b277119f4e6925e9023b8dd1f351,"{""distance"":7,""physical_error_rate"":0.002}","{""detection_events"":40109,""detectors_checked"":5149170}"
      7048,         0,         0,   0.836,standalone_exact_mw,20c8daca17953576b13a32f59e5f9cb54485b277119f4e6925e9023b8dd1f351,"{""distance"":7,""physical_error_rate"":0.002}","{""detection_events"":43409,""detectors_checked"":5708880}"
      6357,         0,         0,   0.710,standalone_exact_mw,20c8daca17953576b13a32f59e5f9cb54485b277119f4e6925e9023b8dd1f351,"{""distance"":7,""physical_error_rate"":0.002}","{""detection_events"":40187,""detectors_checked"":5149170}"
      6820,         0,         0,   0.823,standalone_exact_mw,20c8daca17953576b13a32f59e5f9cb54485b277119f4e6925e9023b8dd1f351,"{""distance"":7,""physical_error_rate"":0.002}","{""detection_events"":42391,""detectors_checked"":5524200}"
      1290,         0,         0,   0.079,standalone_exact_mw,20c8daca17953576b13a32f59e5f9cb54485b277119f4e6925e9023b8dd1f351,"{""distance"":7,""physical_error_rate"":0.002}","{""detection_events"":7965,""detectors_checked"":1044900}"
       372,         0,         0,   0.037,standalone_exact_mw,20c8daca17953576b13a32f59e5f9cb54485b277119f4e6925e9023b8dd1f351,"{""distance"":7,""physical_error_rate"":0.002}","{""detection_events"":2311,""detectors_checked"":301320}"
      1174,         0,         0,   0.099,standalone_exact_mw,20c8daca17953576b13a32f59e5f9cb54485b277119f4e6925e9023b8dd1f351,"{""distance"":7,""physical_error_rate"":0.002}","{""detection_events"":7202,""detectors_checked"":950940}"
      5591,         0,         0,   0.674,standalone_exact_mw,20c8daca17953576b13a32f59e5f9cb54485b277119f4e6925e9023b8dd1f351,"{""distance"":7,""physical_error_rate"":0.002}","{""detection_events"":34760,""detectors_checked"":4528710}"
      5323,         0,         0,   0.730,standalone_exact_mw,20c8daca17953576b13a32f59e5f9cb54485b277119f4e6925e9023b8dd1f351,"{""distance"":7,""physical_error_rate"":0.002}","{""detection_events"":33380,""detectors_checked"":4311630}"
       805,         0,         0,   0.092,standalone_exact_mw,20c8daca17953576b13a32f59e5f9cb54485b277119f4e6925e9023b8dd1f351,"{""distance"":7,""physical_error_rate"":0.002}","{""detection_events"":5029,""detectors_checked"":652050}"
       340,         0,         0,   0.022,standalone_exact_mw,20c8daca17953576b13a32f59e5f9cb54485b277119f4e6925e9023b8dd1f351,"{""distance"":7,""physical_error_rate"":0.002}","{""detection_events"":2172,""detectors_checked"":275400}"
      6693,         0,         0,   0.822,standalone_exact_mw,20c8daca17953576b13a32f59e5f9cb54485b277119f4e6925e9023b8dd1f351,"{""distance"":7,""physical_error_rate"":0.002}","{""detection_events"":41741,""detectors_checked"":5421330}"
      7048,         0,         0,   0.810,standalone_exact_mw,20c8daca17953576b13a32f59e5f9cb54485b277119f4e6925e9023b8dd1f351,"{""distance"":7,""physical_error_rate"":0.002}","{""detection_events"":43864,""detectors_checked"":5708880}"
      6129,         0,         0,   0.733,standalone_exact_mw,20c8daca17953576b13a32f59e5f9cb54485b277119f4e6925e9023b8dd1f351,"{""distance"":7,""physical_error_rate"":0.002}","{""detection_events"":38183,""detectors_checked"":4964490}"
      6144,         0,         0,   0.732,standalone_exact_mw,20c8daca17953576b13a32f59e5f9cb54485b277119f4e6925e9023b8dd1f351,"{""distance"":7,""physical_error_rate"":0.002}","{""detection_events"":38691,""detectors_checked"":4976640}"
       833,         0,         0,   0.072,standalone_exact_mw,20c8daca17953576b13a32f59e5f9cb54485b277119f4e6925e9023b8dd1f351,"{""distance"":7,""physical_error_rate"":0.002}","{""detection_events"":5307,""detectors_checked"":674730}"
      5692,         0,         0,   0.625,standalone_exact_mw,20c8daca17953576b13a32f59e5f9cb54485b277119f4e6925e9023b8dd1f351,"{""distance"":7,""physical_error_rate"":0.002}","{""detection_events"":35635,""detectors_checked"":4610520}"
      6144,         0,         0,   0.727,standalone_exact_mw,20c8daca17953576b13a32f59e5f9cb54485b277119f4e6925e9023b8dd1f351,"{""distance"":7,""physical_error_rate"":0.002}","{""detection_events"":38645,""detectors_checked"":4976640}"
       948,         0,         0,   0.070,standalone_exact_mw,20c8daca17953576b13a32f59e5f9cb54485b277119f4e6925e9023b8dd1f351,"{""distance"":7,""physical_error_rate"":0.002}","{""detection_events"":5896,""detectors_checked"":767880}"
      6144,         0,         0,   0.699,standalone_exact_mw,20c8daca17953576b13a32f59e5f9cb54485b277119f4e6925e9023b8dd1f351,"{""distance"":7,""physical_error_rate"":0.002}","{""detection_events"":38591,""detectors_checked"":4976640}"
       227,         0,         0,   0.015,standalone_exact_mw,20c8daca17953576b13a32f59e5f9cb54485b277119f4e6925e9023b8dd1f351,"{""distance"":7,""physical_error_rate"":0.002}","{""detection_events"":1488,""detectors_checked"":183870}"
      1888,         0,         0,   0.138,standalone_exact_mw,20c8daca17953576b13a32f59e5f9cb54485b277119f4e6925e9023b8dd1f351,"{""distance"":7,""physical_error_rate"":0.002}","{""detection_events"":11751,""detectors_checked"":1529280}"
      4674,         0,         0,   0.285,standalone_exact_mw,20c8daca17953576b13a32f59e5f9cb54485b277119f4e6925e9023b8dd1f351,"{""distance"":7,""physical_error_rate"":0.002}","{""detection_events"":29170,""detectors_checked"":3785940}"
       948,         0,         0,   0.059,standalone_exact_mw,20c8daca17953576b13a32f59e5f9cb54485b277119f4e6925e9023b8dd1f351,"{""distance"":7,""physical_error_rate"":0.002}","{""detection_events"":6045,""detectors_checked"":767880}"
      1401,         0,         0,   0.136,standalone_exact_mw,20c8daca17953576b13a32f59e5f9cb54485b277119f4e6925e9023b8dd1f351,"{""distance"":7,""physical_error_rate"":0.002}","{""detection_events"":8836,""detectors_checked"":1134810}"
       137,         0,         0,   0.010,standalone_exact_mw,20c8daca17953576b13a32f59e5f9cb54485b277119f4e6925e9023b8dd1f351,"{""distance"":7,""physical_error_rate"":0.002}","{""detection_events"":882,""detectors_checked"":110970}"
      5323,         0,         0,   0.691,standalone_exact_mw,20c8daca17953576b13a32f59e5f9cb54485b277119f4e6925e9023b8dd1f351,"{""distance"":7,""physical_error_rate"":0.002}","{""detection_events"":33028,""detectors_checked"":4311630}"
      5246,         0,         0,   0.572,standalone_exact_mw,20c8daca17953576b13a32f59e5f9cb54485b277119f4e6925e9023b8dd1f351,"{""distance"":7,""physical_error_rate"":0.002}","{""detection_events"":32601,""detectors_checked"":4249260}"
      6144,         0,         0,   0.732,standalone_exact_mw,20c8daca17953576b13a32f59e5f9cb54485b277119f4e6925e9023b8dd1f351,"{""distance"":7,""physical_error_rate"":0.002}","{""detection_events"":38539,""detectors_checked"":4976640}"
      6144,         0,         0,   0.732,standalone_exact_mw,20c8daca17953576b13a32f59e5f9cb54485b277119f4e6925e9023b8dd1f351,"{""distance"":7,""physical_error_rate"":0.002}","{""detection_events"":38816,""detectors_checked"":4976640}"
      6129,         0,         0,   0.683,standalone_exact_mw,20c8daca17953576b13a32f59e5f9cb54485b277119f4e6925e9023b8dd1f351,"{""distance"":7,""physical_error_rate"":0.002}","{""detection_events"":38260,""detectors_checked"":4964490}"
      5120,         0,         0,   0.530,standalone_exact_mw,20c8daca17953576b13a32f59e5f9cb54485b277119f4e6925e9023b8dd1f351,"{""distance"":7,""physical_error_rate"":0.002}","{""detection_events"":32295,""detectors_checked"":4147200}"
      6129,         0,         0,   0.729,standalone_exact_mw,20c8daca17953576b13a32f59e5f9cb54485b277119f4e6925e9023b8dd1f351,"{""distance"":7,""physical_error_rate"":0.002}","{""detection_events"":38489,""detectors_checked"":4964490}"
       985,         0,         0,   0.077,standalone_exact_mw,20c8daca17953576b13a32f59e5f9cb54485b277119f4e6925e9023b8dd1f351,"{""distance"":7,""physical_error_rate"":0.002}","{""detection_events"":6140,""detectors_checked"":797850}"
       213,         0,         0,   0.014,standalone_exact_mw,20c8daca17953576b13a32f59e5f9cb54485b277119f4e6925e9023b8dd1f351,"{""distance"":7,""physical_error_rate"":0.002}","{""detection_events"":1272,""detectors_checked"":172530}"
      1595,         0,         0,   0.098,standalone_exact_mw,20c8daca17953576b13a32f59e5f9cb54485b277119f4e6925e9023b8dd1f351,"{""distance"":7,""physical_error_rate"":0.002}","{""detection_events"":10005,""detectors_checked"":1291950}"
       320,         0,         0,   0.021,standalone_exact_mw,20c8daca17953576b13a32f59e5f9cb54485b277119f4e6925e9023b8dd1f351,"{""distance"":7,""physical_error_rate"":0.002}","{""detection_events"":2030,""detectors_checked"":259200}"
      6144,         0,         0,   0.732,standalone_exact_mw,20c8daca17953576b13a32f59e5f9cb54485b277119f4e6925e9023b8dd1f351,"{""distance"":7,""physical_error_rate"":0.002}","{""detection_events"":38043,""detectors_checked"":4976640}"
      1266,         0,         0,   0.075,standalone_exact_mw,20c8daca17953576b13a32f59e5f9cb54485b277119f4e6925e9023b8dd1f351,"{""distance"":7,""physical_error_rate"":0.002}","{""detection_events"":7891,""detectors_checked"":1025460}"
      5219,         0,         0,   0.573,standalone_exact_mw,20c8daca17953576b13a32f59e5f9cb54485b277119f4e6925e9023b8dd1f351,"{""distance"":7,""physical_error_rate"":0.002}","{""detection_events"":32596,""detectors_checked"":4227390}"
      6144,         0,         0,   0.730,standalone_exact_mw,20c8daca17953576b13a32f59e5f9cb54485b277119f4e6925e9023b8dd1f351,"{""distance"":7,""physical_error_rate"":0.002}","{""detection_events"":38360,""detectors_checked"":4976640}"
      5523,         0,         0,   0.621,standalone_exact_mw,20c8daca17953576b13a32f59e5f9cb54485b277119f4e6925e9023b8dd1f351,"{""distance"":7,""physical_error_rate"":0.002}","{""detection_events"":34422,""detectors_checked"":4473630}"
      6144,         0,         0,   0.681,standalone_exact_mw,20c8daca17953576b13a32f59e5f9cb54485b277119f4e6925e9023b8dd1f351,"{""distance"":7,""physical_error_rate"":0.002}","{""detection_events"":38357,""detectors_checked"":4976640}"
      6144,         0,         0,   0.779,standalone_exact_mw,20c8daca17953576b13a32f59e5f9cb54485b277119f4e6925e9023b8dd1f351,"{""distance"":7,""physical_error_rate"":0.002}","{""detection_events"":38457,""detectors_checked"":4976640}"
      2092,         0,         0,   0.193,standalone_exact_mw,20c8daca17953576b13a32f59e5f9cb54485b277119f4e6925e9023b8dd1f351,"{""distance"":7,""physical_error_rate"":0.002}","{""detection_events"":12844,""detectors_checked"":1694520}"
       228,         0,         0,   0.015,standalone_exact_mw,20c8daca17953576b13a32f59e5f9cb54485b277119f4e6925e9023b8dd1f351,"{""distance"":7,""physical_error_rate"":0.002}","{""detection_events"":1331,""detectors_checked"":184680}"
        40,         0,         0,   0.004,standalone_exact_mw,20c8daca17953576b13a32f59e5f9cb54485b277119f4e6925e9023b8dd1f351,"{""distance"":7,""physical_error_rate"":0.002}","{""detection_events"":240,""detectors_checked"":32400}"
       213,         0,         0,   0.014,standalone_exact_mw,20c8daca17953576b13a32f59e5f9cb54485b277119f4e6925e9023b8dd1f351,"{""distance"":7,""physical_error_rate"":0.002}","{""detection_events"":1355,""detectors_checked"":172530}"
       402,         0,         0,   0.032,standalone_exact_mw,20c8daca17953576b13a32f59e5f9cb54485b277119f4e6925e9023b8dd1f351,"{""distance"":7,""physical_error_rate"":0.002}","{""detection_events"":2496,""detectors_checked"":325620}"
      5120,         0,         0,   0.683,standalone_exact_mw,20c8daca17953576b13a32f59e5f9cb54485b277119f4e6925e9023b8dd1f351,"{""distance"":7,""physical_error_rate"":0.002}","{""detection_events"":31845,""detectors_checked"":4147200}"
       689,         0,         0,   0.041,standalone_exact_mw,20c8daca17953576b13a32f59e5f9cb54485b277119f4e6925e9023b8dd1f351,"{""distance"":7,""physical_error_rate"":0.002}","{""detection_events"":4333,""detectors_checked"":558090}"
       676,         0,         0,   0.042,standalone_exact_mw,20c8daca17953576b13a32f59e5f9cb54485b277119f4e6925e9023b8dd1f351,"{""distance"":7,""physical_error_rate"":0.002}","{""detection_events"":4351,""detectors_checked"":547560}"
      5692,         0,         0,   0.699,standalone_exact_mw,20c8daca17953576b13a32f59e5f9cb54485b277119f4e6925e9023b8dd1f351,"{""distance"":7,""physical_error_rate"":0.002}","{""detection_events"":35733,""detectors_checked"":4610520}"
      6129,         0,         0,   0.737,standalone_exact_mw,20c8daca17953576b13a32f59e5f9cb54485b277119f4e6925e9023b8dd1f351,"{""distance"":7,""physical_error_rate"":0.002}","{""detection_events"":38245,""detectors_checked"":4964490}"
       979,         0,         0,   0.085,standalone_exact_mw,20c8daca17953576b13a32f59e5f9cb54485b277119f4e6925e9023b8dd1f351,"{""distance"":7,""physical_error_rate"":0.002}","{""detection_events"":6122,""detectors_checked"":792990}"
       676,         0,         0,   0.042,standalone_exact_mw,20c8daca17953576b13a32f59e5f9cb54485b277119f4e6925e9023b8dd1f351,"{""distance"":7,""physical_error_rate"":0.002}","{""detection_events"":4201,""detectors_checked"":547560}"
      1478,         0,         0,   0.176,standalone_exact_mw,20c8daca17953576b13a32f59e5f9cb54485b277119f4e6925e9023b8dd1f351,"{""distance"":7,""physical_error_rate"":0.002}","{""detection_events"":9217,""detectors_checked"":1197180}"
      5323,         0,         0,   0.666,standalone_exact_mw,20c8daca17953576b13a32f59e5f9cb54485b277119f4e6925e9023b8dd1f351,"{""distance"":7,""physical_error_rate"":0.002}","{""detection_events"":32838,""detectors_checked"":4311630}"
      2839,         0,         0,   0.213,standalone_exact_mw,20c8daca17953576b13a32f59e5f9cb54485b277119f4e6925e9023b8dd1f351,"{""distance"":7,""physical_error_rate"":0.002}","{""detection_events"":17859,""detectors_checked"":2299590}"
      5120,         0,         0,   0.406,standalone_exact_mw,20c8daca17953576b13a32f59e5f9cb54485b277119f4e6925e9023b8dd1f351,"{""distance"":7,""physical_error_rate"":0.002}","{""detection_events"":31340,""detectors_checked"":4147200}"
       213,         0,         0,   0.014,standalone_exact_mw,20c8daca17953576b13a32f59e5f9cb54485b277119f4e6925e9023b8dd1f351,"{""distance"":7,""physical_error_rate"":0.002}","{""detection_events"":1368,""detectors_checked"":172530}"
      4790,         0,         0,   0.470,standalone_exact_mw,20c8daca17953576b13a32f59e5f9cb54485b277119f4e6925e9023b8dd1f351,"{""distance"":7,""physical_error_rate"":0.002}","{""detection_events"":30184,""detectors_checked"":3879900}"
      6144,         0,         0,   0.715,standalone_exact_mw,20c8daca17953576b13a32f59e5f9cb54485b277119f4e6925e9023b8dd1f351,"{""distance"":7,""physical_error_rate"":0.002}","{""detection_events"":39055,""detectors_checked"":4976640}"
       213,         0,         0,   0.014,standalone_exact_mw,20c8daca17953576b13a32f59e5f9cb54485b277119f4e6925e9023b8dd1f351,"{""distance"":7,""physical_error_rate"":0.002}","{""detection_events"":1347,""detectors_checked"":172530}"
       437,         0,         0,   0.049,standalone_exact_mw,20c8daca17953576b13a32f59e5f9cb54485b277119f4e6925e9023b8dd1f351,"{""distance"":7,""physical_error_rate"":0.002}","{""detection_events"":2775,""detectors_checked"":353970}"
      4355,         0,         0,   0.472,standalone_exact_mw,20c8daca17953576b13a32f59e5f9cb54485b277119f4e6925e9023b8dd1f351,"{""distance"":7,""physical_error_rate"":0.002}","{""detection_events"":27235,""detectors_checked"":3527550}"
       415,         0,         0,   0.049,standalone_exact_mw,20c8daca17953576b13a32f59e5f9cb54485b277119f4e6925e9023b8dd1f351,"{""distance"":7,""physical_error_rate"":0.002}","{""detection_events"":2639,""detectors_checked"":336150}"
      4096,         0,         0,   0.427,standalone_exact_mw,20c8daca17953576b13a32f59e5f9cb54485b277119f4e6925e9023b8dd1f351,"{""distance"":7,""physical_error_rate"":0.002}","{""detection_events"":25904,""detectors_checked"":3317760}"
      4096,         0,         0,   0.437,standalone_exact_mw,20c8daca17953576b13a32f59e5f9cb54485b277119f4e6925e9023b8dd1f351,"{""distance"":7,""physical_error_rate"":0.002}","{""detection_events"":25549,""detectors_checked"":3317760}"
       126,         0,         0,   0.009,standalone_exact_mw,20c8daca17953576b13a32f59e5f9cb54485b277119f4e6925e9023b8dd1f351,"{""distance"":7,""physical_error_rate"":0.002}","{""detection_events"":847,""detectors_checked"":102060}"
       805,         0,         0,   0.063,standalone_exact_mw,20c8daca17953576b13a32f59e5f9cb54485b277119f4e6925e9023b8dd1f351,"{""distance"":7,""physical_error_rate"":0.002}","{""detection_events"":5144,""detectors_checked"":652050}"
      4038,         0,         0,   0.363,standalone_exact_mw,20c8daca17953576b13a32f59e5f9cb54485b277119f4e6925e9023b8dd1f351,"{""distance"":7,""physical_error_rate"":0.002}","{""detection_events"":25331,""detectors_checked"":3270780}"
        51,         0,         0,   0.004,standalone_exact_mw,20c8daca17953576b13a32f59e5f9cb54485b277119f4e6925e9023b8dd1f351,"{""distance"":7,""physical_error_rate"":0.002}","{""detection_events"":371,""detectors_checked"":41310}"
        87,         0,         0,   0.007,standalone_exact_mw,20c8daca17953576b13a32f59e5f9cb54485b277119f4e6925e9023b8dd1f351,"{""distance"":7,""physical_error_rate"":0.002}","{""detection_events"":541,""detectors_checked"":70470}"
      1012,         0,         0,   0.066,standalone_exact_mw,20c8daca17953576b13a32f59e5f9cb54485b277119f4e6925e9023b8dd1f351,"{""distance"":7,""physical_error_rate"":0.002}","{""detection_events"":6147,""detectors_checked"":819720}"
      1024,         0,         0,   0.063,standalone_exact_mw,20c8daca17953576b13a32f59e5f9cb54485b277119f4e6925e9023b8dd1f351,"{""distance"":7,""physical_error_rate"":0.002}","{""detection_events"":6372,""detectors_checked"":829440}"
       549,         0,         0,   0.034,standalone_exact_mw,20c8daca17953576b13a32f59e5f9cb54485b277119f4e6925e9023b8dd1f351,"{""distance"":7,""physical_error_rate"":0.002}","{""detection_events"":3396,""detectors_checked"":444690}"
      1176,         0,         0,   0.074,standalone_exact_mw,20c8daca17953576b13a32f59e5f9cb54485b277119f4e6925e9023b8dd1f351,"{""distance"":7,""physical_error_rate"":0.002}","{""detection_events"":7515,""detectors_checked"":952560}"
       549,         0,         0,   0.056,standalone_exact_mw,20c8daca17953576b13a32f59e5f9cb54485b277119f4e6925e9023b8dd1f351,"{""distance"":7,""physical_error_rate"":0.002}","{""detection_events"":3434,""detectors_checked"":444690}"
      1309,         0,         0,   0.119,standalone_exact_mw,20c8daca17953576b13a32f59e5f9cb54485b277119f4e6925e9023b8dd1f351,"{""distance"":7,""physical_error_rate"":0.002}","{""detection_events"":8278,""detectors_checked"":1060290}"
       676,         0,         0,   0.050,standalone_exact_mw,20c8daca17953576b13a32f59e5f9cb54485b277119f4e6925e9023b8dd1f351,"{""distance"":7,""physical_error_rate"":0.002}","{""detection_events"":4230,""detectors_checked"":547560}"
        67,         0,         0,   0.006,standalone_exact_mw,20c8daca17953576b13a32f59e5f9cb54485b277119f4e6925e9023b8dd1f351,"{""distance"":7,""physical_error_rate"":0.002}","{""detection_events"":424,""detectors_checked"":54270}"
         2,         0,         0,   0.003,standalone_exact_mw,20c8daca17953576b13a32f59e5f9cb54485b277119f4e6925e9023b8dd1f351,"{""distance"":7,""physical_error_rate"":0.002}","{""detection_events"":14,""detectors_checked"":1620}"
      1121,         0,         0,   0.081,standalone_exact_mw,20c8daca17953576b13a32f59e5f9cb54485b277119f4e6925e9023b8dd1f351,"{""distance"":7,""physical_error_rate"":0.002}","{""detection_events"":6927,""detectors_checked"":908010}"
      3634,         0,         0,   0.360,standalone_exact_mw,20c8daca17953576b13a32f59e5f9cb54485b277119f4e6925e9023b8dd1f351,"{""distance"":7,""physical_error_rate"":0.002}","{""detection_events"":23125,""detectors_checked"":2943540}"
        10,         0,         0,   0.003,standalone_exact_mw,20c8daca17953576b13a32f59e5f9cb54485b277119f4e6925e9023b8dd1f351,"{""distance"":7,""physical_error_rate"":0.002}","{""detection_events"":61,""detectors_checked"":8100}"
      4790,         0,         0,   0.511,standalone_exact_mw,20c8daca17953576b13a32f59e5f9cb54485b277119f4e6925e9023b8dd1f351,"{""distance"":7,""physical_error_rate"":0.002}","{""detection_events"":30313,""detectors_checked"":3879900}"
      1009,         0,         0,   0.059,standalone_exact_mw,20c8daca17953576b13a32f59e5f9cb54485b277119f4e6925e9023b8dd1f351,"{""distance"":7,""physical_error_rate"":0.002}","{""detection_events"":6195,""detectors_checked"":817290}"
        64,         0,         0,   0.006,standalone_exact_mw,20c8daca17953576b13a32f59e5f9cb54485b277119f4e6925e9023b8dd1f351,"{""distance"":7,""physical_error_rate"":0.002}","{""detection_events"":342,""detectors_checked"":51840}"
      5120,         0,         0,   0.507,standalone_exact_mw,20c8daca17953576b13a32f59e5f9cb54485b277119f4e6925e9023b8dd1f351,"{""distance"":7,""physical_error_rate"":0.002}","{""detection_events"":32031,""detectors_checked"":4147200}"
      1121,         0,         0,   0.081,standalone_exact_mw,20c8daca17953576b13a32f59e5f9cb54485b277119f4e6925e9023b8dd1f351,"{""distance"":7,""physical_error_rate"":0.002}","{""detection_events"":7046,""detectors_checked"":908010}"
        12,         0,         0,   0.003,standalone_exact_mw,20c8daca17953576b13a32f59e5f9cb54485b277119f4e6925e9023b8dd1f351,"{""distance"":7,""physical_error_rate"":0.002}","{""detection_events"":61,""detectors_checked"":9720}"
        51,         0,         0,   0.005,standalone_exact_mw,20c8daca17953576b13a32f59e5f9cb54485b277119f4e6925e9023b8dd1f351,"{""distance"":7,""physical_error_rate"":0.002}","{""detection_events"":313,""detectors_checked"":41310}"
         7,         0,         0,   0.002,standalone_exact_mw,20c8daca17953576b13a32f59e5f9cb54485b277119f4e6925e9023b8dd1f351,"{""distance"":7,""physical_error_rate"":0.002}","{""detection_events"":21,""detectors_checked"":5670}"
      1057,         0,         0,   0.074,standalone_exact_mw,20c8daca17953576b13a32f59e5f9cb54485b277119f4e6925e9023b8dd1f351,"{""distance"":7,""physical_error_rate"":0.002}","{""detection_events"":6716,""detectors_checked"":856170}"
      1121,         0,         0,   0.091,standalone_exact_mw,20c8daca17953576b13a32f59e5f9cb54485b277119f4e6925e9023b8dd1f351,"{""distance"":7,""physical_error_rate"":0.002}","{""detection_events"":7088,""detectors_checked"":908010}"
        75,         0,         0,   0.006,standalone_exact_mw,20c8daca17953576b13a32f59e5f9cb54485b277119f4e6925e9023b8dd1f351,"{""distance"":7,""physical_error_rate"":0.002}","{""detection_events"":447,""detectors_checked"":60750}"
      3072,         0,         0,   0.605,standalone_exact_mw,20c8daca17953576b13a32f59e5f9cb54485b277119f4e6925e9023b8dd1f351,"{""distance"":7,""physical_error_rate"":0.002}","{""detection_events"":19356,""detectors_checked"":2488320}"
        81,         0,         0,   0.006,standalone_exact_mw,20c8daca17953576b13a32f59e5f9cb54485b277119f4e6925e9023b8dd1f351,"{""distance"":7,""physical_error_rate"":0.002}","{""detection_events"":464,""detectors_checked"":65610}"
        55,         0,         0,   0.005,standalone_exact_mw,20c8daca17953576b13a32f59e5f9cb54485b277119f4e6925e9023b8dd1f351,"{""distance"":7,""physical_error_rate"":0.002}","{""detection_events"":314,""detectors_checked"":44550}"
       539,         0,         0,   0.032,standalone_exact_mw,20c8daca17953576b13a32f59e5f9cb54485b277119f4e6925e9023b8dd1f351,"{""distance"":7,""physical_error_rate"":0.002}","{""detection_events"":3351,""detectors_checked"":436590}"
        17,         0,         0,   0.003,standalone_exact_mw,20c8daca17953576b13a32f59e5f9cb54485b277119f4e6925e9023b8dd1f351,"{""distance"":7,""physical_error_rate"":0.002}","{""detection_events"":109,""detectors_checked"":13770}"
      1270,         0,         0,   0.075,standalone_exact_mw,20c8daca17953576b13a32f59e5f9cb54485b277119f4e6925e9023b8dd1f351,"{""distance"":7,""physical_error_rate"":0.002}","{""detection_events"":7825,""detectors_checked"":1028700}"
       431,         0,         0,   0.025,standalone_exact_mw,20c8daca17953576b13a32f59e5f9cb54485b277119f4e6925e9023b8dd1f351,"{""distance"":7,""physical_error_rate"":0.002}","{""detection_events"":2630,""detectors_checked"":349110}"
        69,         0,         0,   0.005,standalone_exact_mw,20c8daca17953576b13a32f59e5f9cb54485b277119f4e6925e9023b8dd1f351,"{""distance"":7,""physical_error_rate"":0.002}","{""detection_events"":384,""detectors_checked"":55890}"
        17,         0,         0,   0.003,standalone_exact_mw,20c8daca17953576b13a32f59e5f9cb54485b277119f4e6925e9023b8dd1f351,"{""distance"":7,""physical_error_rate"":0.002}","{""detection_events"":117,""detectors_checked"":13770}"
      1009,         0,         0,   0.065,standalone_exact_mw,20c8daca17953576b13a32f59e5f9cb54485b277119f4e6925e9023b8dd1f351,"{""distance"":7,""physical_error_rate"":0.002}","{""detection_events"":6531,""detectors_checked"":817290}"
      1024,         0,         0,   0.102,standalone_exact_mw,20c8daca17953576b13a32f59e5f9cb54485b277119f4e6925e9023b8dd1f351,"{""distance"":7,""physical_error_rate"":0.002}","{""detection_events"":6372,""detectors_checked"":829440}"
         8,         0,         0,   0.003,standalone_exact_mw,20c8daca17953576b13a32f59e5f9cb54485b277119f4e6925e9023b8dd1f351,"{""distance"":7,""physical_error_rate"":0.002}","{""detection_events"":45,""detectors_checked"":6480}"
      1043,         0,         0,   0.078,standalone_exact_mw,20c8daca17953576b13a32f59e5f9cb54485b277119f4e6925e9023b8dd1f351,"{""distance"":7,""physical_error_rate"":0.002}","{""detection_events"":6623,""detectors_checked"":844830}"
        54,         0,         0,   0.005,standalone_exact_mw,20c8daca17953576b13a32f59e5f9cb54485b277119f4e6925e9023b8dd1f351,"{""distance"":7,""physical_error_rate"":0.002}","{""detection_events"":353,""detectors_checked"":43740}"
        53,         0,         0,   0.004,standalone_exact_mw,20c8daca17953576b13a32f59e5f9cb54485b277119f4e6925e9023b8dd1f351,"{""distance"":7,""physical_error_rate"":0.002}","{""detection_events"":324,""detectors_checked"":42930}"
         1,         0,         0,   0.002,standalone_exact_mw,20c8daca17953576b13a32f59e5f9cb54485b277119f4e6925e9023b8dd1f351,"{""distance"":7,""physical_error_rate"":0.002}","{""detection_events"":6,""detectors_checked"":810}"
         1,         0,         0,   0.002,standalone_exact_mw,20c8daca17953576b13a32f59e5f9cb54485b277119f4e6925e9023b8dd1f351,"{""distance"":7,""physical_error_rate"":0.002}","{""detection_events"":2,""detectors_checked"":810}"
       399,         0,         0,   0.024,standalone_exact_mw,20c8daca17953576b13a32f59e5f9cb54485b277119f4e6925e9023b8dd1f351,"{""distance"":7,""physical_error_rate"":0.002}","{""detection_events"":2622,""detectors_checked"":323190}"
       199,         0,         0,   0.013,standalone_exact_mw,20c8daca17953576b13a32f59e5f9cb54485b277119f4e6925e9023b8dd1f351,"{""distance"":7,""physical_error_rate"":0.002}","{""detection_events"":1212,""detectors_checked"":161190}"
       128,         0,         0,   0.009,standalone_exact_mw,20c8daca17953576b13a32f59e5f9cb54485b277119f4e6925e9023b8dd1f351,"{""distance"":7,""physical_error_rate"":0.002}","{""detection_events"":729,""detectors_checked"":103680}"
         2,         0,         0,   0.002,standalone_exact_mw,20c8daca17953576b13a32f59e5f9cb54485b277119f4e6925e9023b8dd1f351,"{""distance"":7,""physical_error_rate"":0.002}","{""detection_events"":14,""detectors_checked"":1620}"
      1366,         0,         0,   0.111,standalone_exact_mw,20c8daca17953576b13a32f59e5f9cb54485b277119f4e6925e9023b8dd1f351,"{""distance"":7,""physical_error_rate"":0.002}","{""detection_events"":8603,""detectors_checked"":1106460}"
        27,         0,         0,   0.003,standalone_exact_mw,20c8daca17953576b13a32f59e5f9cb54485b277119f4e6925e9023b8dd1f351,"{""distance"":7,""physical_error_rate"":0.002}","{""detection_events"":197,""detectors_checked"":21870}"
         1,         0,         0,   0.002,standalone_exact_mw,20c8daca17953576b13a32f59e5f9cb54485b277119f4e6925e9023b8dd1f351,"{""distance"":7,""physical_error_rate"":0.002}","{""detection_events"":6,""detectors_checked"":810}"
         9,         0,         0,   0.002,standalone_exact_mw,20c8daca17953576b13a32f59e5f9cb54485b277119f4e6925e9023b8dd1f351,"{""distance"":7,""physical_error_rate"":0.002}","{""detection_events"":64,""detectors_checked"":7290}"
       902,         0,         0,   0.054,standalone_exact_mw,20c8daca17953576b13a32f59e5f9cb54485b277119f4e6925e9023b8dd1f351,"{""distance"":7,""physical_error_rate"":0.002}","{""detection_events"":5565,""detectors_checked"":730620}"
         1,         0,         0,   0.002,standalone_exact_mw,20c8daca17953576b13a32f59e5f9cb54485b277119f4e6925e9023b8dd1f351,"{""distance"":7,""physical_error_rate"":0.002}","{""detection_events"":7,""detectors_checked"":810}"
      1270,         0,         0,   0.099,standalone_exact_mw,20c8daca17953576b13a32f59e5f9cb54485b277119f4e6925e9023b8dd1f351,"{""distance"":7,""physical_error_rate"":0.002}","{""detection_events"":7704,""detectors_checked"":1028700}"
         1,         0,         0,   0.002,standalone_exact_mw,20c8daca17953576b13a32f59e5f9cb54485b277119f4e6925e9023b8dd1f351,"{""distance"":7,""physical_error_rate"":0.002}","{""detection_events"":13,""detectors_checked"":810}"
         1,         0,         0,   0.002,standalone_exact_mw,20c8daca17953576b13a32f59e5f9cb54485b277119f4e6925e9023b8dd1f351,"{""distance"":7,""physical_error_rate"":0.002}","{""detection_events"":2,""detectors_checked"":810}"
      1797,         0,         0,   0.118,standalone_exact_mw,20c8daca17953576b13a32f59e5f9cb54485b277119f4e6925e9023b8dd1f351,"{""distance"":7,""physical_error_rate"":0.002}","{""detection_events"":11258,""detectors_checked"":1455570}"
         3,         0,         0,   0.002,standalone_exact_mw,20c8daca17953576b13a32f59e5f9cb54485b277119f4e6925e9023b8dd1f351,"{""distance"":7,""physical_error_rate"":0.002}","{""detection_events"":10,""detectors_checked"":2430}"
      1444,         0,         0,   0.102,standalone_exact_mw,20c8daca17953576b13a32f59e5f9cb54485b277119f4e6925e9023b8dd1f351,"{""distance"":7,""physical_error_rate"":0.002}","{""detection_events"":9055,""detectors_checked"":1169640}"
      1267,         0,         0,   0.072,standalone_exact_mw,20c8daca17953576b13a32f59e5f9cb54485b277119f4e6925e9023b8dd1f351,"{""distance"":7,""physical_error_rate"":0.002}","{""detection_events"":7994,""detectors_checked"":1026270}"
       579,         0,         0,   0.034,standalone_exact_mw,20c8daca17953576b13a32f59e5f9cb54485b277119f4e6925e9023b8dd1f351,"{""distance"":7,""physical_error_rate"":0.002}","{""detection_events"":3838,""detectors_checked"":468990}"
      1024,         0,         0,   0.060,standalone_exact_mw,20c8daca17953576b13a32f59e5f9cb54485b277119f4e6925e9023b8dd1f351,"{""distance"":7,""physical_error_rate"":0.002}","{""detection_events"":6422,""detectors_checked"":829440}"
       528,         0,         0,   0.036,standalone_exact_mw,20c8daca17953576b13a32f59e5f9cb54485b277119f4e6925e9023b8dd1f351,"{""distance"":7,""physical_error_rate"":0.002}","{""detection_events"":3389,""detectors_checked"":427680}"
       578,         0,         0,   0.032,standalone_exact_mw,20c8daca17953576b13a32f59e5f9cb54485b277119f4e6925e9023b8dd1f351,"{""distance"":7,""physical_error_rate"":0.002}","{""detection_events"":3579,""detectors_checked"":468180}"
      1024,         0,         0,   0.058,standalone_exact_mw,20c8daca17953576b13a32f59e5f9cb54485b277119f4e6925e9023b8dd1f351,"{""distance"":7,""physical_error_rate"":0.002}","{""detection_events"":6283,""detectors_checked"":829440}"
       578,         0,         0,   0.035,standalone_exact_mw,20c8daca17953576b13a32f59e5f9cb54485b277119f4e6925e9023b8dd1f351,"{""distance"":7,""physical_error_rate"":0.002}","{""detection_events"":3607,""detectors_checked"":468180}"
       529,         0,         0,   0.030,standalone_exact_mw,20c8daca17953576b13a32f59e5f9cb54485b277119f4e6925e9023b8dd1f351,"{""distance"":7,""physical_error_rate"":0.002}","{""detection_events"":3203,""detectors_checked"":428490}"
       578,         0,         0,   0.033,standalone_exact_mw,20c8daca17953576b13a32f59e5f9cb54485b277119f4e6925e9023b8dd1f351,"{""distance"":7,""physical_error_rate"":0.002}","{""detection_events"":3634,""detectors_checked"":468180}"
       529,         0,         0,   0.031,standalone_exact_mw,20c8daca17953576b13a32f59e5f9cb54485b277119f4e6925e9023b8dd1f351,"{""distance"":7,""physical_error_rate"":0.002}","{""detection_events"":3341,""detectors_checked"":428490}"
      4096,         0,         0,   0.608,standalone_exact_mw,20c8daca17953576b13a32f59e5f9cb54485b277119f4e6925e9023b8dd1f351,"{""distance"":7,""physical_error_rate"":0.002}","{""detection_events"":26017,""detectors_checked"":3317760}"
      1907,         0,         0,   0.138,standalone_exact_mw,20c8daca17953576b13a32f59e5f9cb54485b277119f4e6925e9023b8dd1f351,"{""distance"":7,""physical_error_rate"":0.002}","{""detection_events"":12167,""detectors_checked"":1544670}"
       861,         0,         0,   0.049,standalone_exact_mw,20c8daca17953576b13a32f59e5f9cb54485b277119f4e6925e9023b8dd1f351,"{""distance"":7,""physical_error_rate"":0.002}","{""detection_events"":5404,""detectors_checked"":697410}"
        33,         0,         0,   0.004,standalone_exact_mw,20c8daca17953576b13a32f59e5f9cb54485b277119f4e6925e9023b8dd1f351,"{""distance"":7,""physical_error_rate"":0.002}","{""detection_events"":217,""detectors_checked"":26730}"
       529,         0,         0,   0.031,standalone_exact_mw,20c8daca17953576b13a32f59e5f9cb54485b277119f4e6925e9023b8dd1f351,"{""distance"":7,""physical_error_rate"":0.002}","{""detection_events"":3329,""detectors_checked"":428490}"
       861,         0,         0,   0.050,standalone_exact_mw,20c8daca17953576b13a32f59e5f9cb54485b277119f4e6925e9023b8dd1f351,"{""distance"":7,""physical_error_rate"":0.002}","{""detection_events"":5356,""detectors_checked"":697410}"
        31,         0,         0,   0.004,standalone_exact_mw,20c8daca17953576b13a32f59e5f9cb54485b277119f4e6925e9023b8dd1f351,"{""distance"":7,""physical_error_rate"":0.002}","{""detection_events"":202,""detectors_checked"":25110}"
      3072,         0,         0,   0.435,standalone_exact_mw,20c8daca17953576b13a32f59e5f9cb54485b277119f4e6925e9023b8dd1f351,"{""distance"":7,""physical_error_rate"":0.002}","{""detection_events"":19021,""detectors_checked"":2488320}"
        33,         0,         0,   0.003,standalone_exact_mw,20c8daca17953576b13a32f59e5f9cb54485b277119f4e6925e9023b8dd1f351,"{""distance"":7,""physical_error_rate"":0.002}","{""detection_events"":220,""detectors_checked"":26730}"
        33,         0,         0,   0.004,standalone_exact_mw,20c8daca17953576b13a32f59e5f9cb54485b277119f4e6925e9023b8dd1f351,"{""distance"":7,""physical_error_rate"":0.002}","{""detection_events"":181,""detectors_checked"":26730}"
        33,         0,         0,   0.004,standalone_exact_mw,20c8daca17953576b13a32f59e5f9cb54485b277119f4e6925e9023b8dd1f351,"{""distance"":7,""physical_error_rate"":0.002}","{""detection_events"":224,""detectors_checked"":26730}"
        33,         0,         0,   0.003,standalone_exact_mw,20c8daca17953576b13a32f59e5f9cb54485b277119f4e6925e9023b8dd1f351,"{""distance"":7,""physical_error_rate"":0.002}","{""detection_events"":167,""detectors_checked"":26730}"
        33,         0,         0,   0.004,standalone_exact_mw,20c8daca17953576b13a32f59e5f9cb54485b277119f4e6925e9023b8dd1f351,"{""distance"":7,""physical_error_rate"":0.002}","{""detection_events"":181,""detectors_checked"":26730}"
        33,         0,         0,   0.004,standalone_exact_mw,20c8daca17953576b13a32f59e5f9cb54485b277119f4e6925e9023b8dd1f351,"{""distance"":7,""physical_error_rate"":0.002}","{""detection_events"":218,""detectors_checked"":26730}"
        33,         0,         0,   0.004,standalone_exact_mw,20c8daca17953576b13a32f59e5f9cb54485b277119f4e6925e9023b8dd1f351,"{""distance"":7,""physical_error_rate"":0.002}","{""detection_events"":183,""detectors_checked"":26730}"
        33,         0,         0,   0.003,standalone_exact_mw,20c8daca17953576b13a32f59e5f9cb54485b277119f4e6925e9023b8dd1f351,"{""distance"":7,""physical_error_rate"":0.002}","{""detection_events"":170,""detectors_checked"":26730}"
       117,         0,         0,   0.008,standalone_exact_mw,20c8daca17953576b13a32f59e5f9cb54485b277119f4e6925e9023b8dd1f351,"{""distance"":7,""physical_error_rate"":0.002}","{""detection_events"":718,""detectors_checked"":94770}"
       117,         0,         0,   0.008,standalone_exact_mw,20c8daca17953576b13a32f59e5f9cb54485b277119f4e6925e9023b8dd1f351,"{""distance"":7,""physical_error_rate"":0.002}","{""detection_events"":683,""detectors_checked"":94770}"
        33,         0,         0,   0.005,standalone_exact_mw,20c8daca17953576b13a32f59e5f9cb54485b277119f4e6925e9023b8dd1f351,"{""distance"":7,""physical_error_rate"":0.002}","{""detection_events"":205,""detectors_checked"":26730}"
        33,         0,         0,   0.004,standalone_exact_mw,20c8daca17953576b13a32f59e5f9cb54485b277119f4e6925e9023b8dd1f351,"{""distance"":7,""physical_error_rate"":0.002}","{""detection_events"":205,""detectors_checked"":26730}"
       117,         0,         0,   0.008,standalone_exact_mw,20c8daca17953576b13a32f59e5f9cb54485b277119f4e6925e9023b8dd1f351,"{""distance"":7,""physical_error_rate"":0.002}","{""detection_events"":789,""detectors_checked"":94770}"
       117,         0,         0,   0.008,standalone_exact_mw,20c8daca17953576b13a32f59e5f9cb54485b277119f4e6925e9023b8dd1f351,"{""distance"":7,""physical_error_rate"":0.002}","{""detection_events"":774,""detectors_checked"":94770}"
        33,         0,         0,   0.004,standalone_exact_mw,20c8daca17953576b13a32f59e5f9cb54485b277119f4e6925e9023b8dd1f351,"{""distance"":7,""physical_error_rate"":0.002}","{""detection_events"":159,""detectors_checked"":26730}"
        33,         0,         0,   0.004,standalone_exact_mw,20c8daca17953576b13a32f59e5f9cb54485b277119f4e6925e9023b8dd1f351,"{""distance"":7,""physical_error_rate"":0.002}","{""detection_events"":219,""detectors_checked"":26730}"
        29,         0,         0,   0.003,standalone_exact_mw,20c8daca17953576b13a32f59e5f9cb54485b277119f4e6925e9023b8dd1f351,"{""distance"":7,""physical_error_rate"":0.002}","{""detection_events"":192,""detectors_checked"":23490}"
        33,         0,         0,   0.003,standalone_exact_mw,20c8daca17953576b13a32f59e5f9cb54485b277119f4e6925e9023b8dd1f351,"{""distance"":7,""physical_error_rate"":0.002}","{""detection_events"":186,""detectors_checked"":26730}"
        30,         0,         0,   0.003,standalone_exact_mw,20c8daca17953576b13a32f59e5f9cb54485b277119f4e6925e9023b8dd1f351,"{""distance"":7,""physical_error_rate"":0.002}","{""detection_events"":194,""detectors_checked"":24300}"
        16,         0,         0,   0.002,standalone_exact_mw,20c8daca17953576b13a32f59e5f9cb54485b277119f4e6925e9023b8dd1f351,"{""distance"":7,""physical_error_rate"":0.002}","{""detection_events"":106,""detectors_checked"":12960}"
        32,         0,         0,   0.003,standalone_exact_mw,20c8daca17953576b13a32f59e5f9cb54485b277119f4e6925e9023b8dd1f351,"{""distance"":7,""physical_error_rate"":0.002}","{""detection_events"":174,""detectors_checked"":25920}"
        32,         0,         0,   0.003,standalone_exact_mw,20c8daca17953576b13a32f59e5f9cb54485b277119f4e6925e9023b8dd1f351,"{""distance"":7,""physical_error_rate"":0.002}","{""detection_events"":188,""detectors_checked"":25920}"
        32,         0,         0,   0.004,standalone_exact_mw,20c8daca17953576b13a32f59e5f9cb54485b277119f4e6925e9023b8dd1f351,"{""distance"":7,""physical_error_rate"":0.002}","{""detection_events"":221,""detectors_checked"":25920}"
        32,         0,         0,   0.003,standalone_exact_mw,20c8daca17953576b13a32f59e5f9cb54485b277119f4e6925e9023b8dd1f351,"{""distance"":7,""physical_error_rate"":0.002}","{""detection_events"":188,""detectors_checked"":25920}"
        32,         0,         0,   0.003,standalone_exact_mw,20c8daca17953576b13a32f59e5f9cb54485b277119f4e6925e9023b8dd1f351,"{""distance"":7,""physical_error_rate"":0.002}","{""detection_events"":181,""detectors_checked"":25920}"
        30,         0,         0,   0.003,standalone_exact_mw,20c8daca17953576b13a32f59e5f9cb54485b277119f4e6925e9023b8dd1f351,"{""distance"":7,""physical_error_rate"":0.002}","{""detection_events"":205,""detectors_checked"":24300}"
        32,         0,         0,   0.004,standalone_exact_mw,20c8daca17953576b13a32f59e5f9cb54485b277119f4e6925e9023b8dd1f351,"{""distance"":7,""physical_error_rate"":0.002}","{""detection_events"":209,""detectors_checked"":25920}"
        32,         0,         0,   0.004,standalone_exact_mw,20c8daca17953576b13a32f59e5f9cb54485b277119f4e6925e9023b8dd1f351,"{""distance"":7,""physical_error_rate"":0.002}","{""detection_events"":151,""detectors_checked"":25920}"
        32,         0,         0,   0.004,standalone_exact_mw,20c8daca17953576b13a32f59e5f9cb54485b277119f4e6925e9023b8dd1f351,"{""distance"":7,""physical_error_rate"":0.002}","{""detection_events"":210,""detectors_checked"":25920}"
        32,         0,         0,   0.004,standalone_exact_mw,20c8daca17953576b13a32f59e5f9cb54485b277119f4e6925e9023b8dd1f351,"{""distance"":7,""physical_error_rate"":0.002}","{""detection_events"":206,""detectors_checked"":25920}"
       117,         0,         0,   0.008,standalone_exact_mw,20c8daca17953576b13a32f59e5f9cb54485b277119f4e6925e9023b8dd1f351,"{""distance"":7,""physical_error_rate"":0.002}","{""detection_events"":758,""detectors_checked"":94770}"
        32,         0,         0,   0.003,standalone_exact_mw,20c8daca17953576b13a32f59e5f9cb54485b277119f4e6925e9023b8dd1f351,"{""distance"":7,""physical_error_rate"":0.002}","{""detection_events"":190,""detectors_checked"":25920}"
        32,         0,         0,   0.004,standalone_exact_mw,20c8daca17953576b13a32f59e5f9cb54485b277119f4e6925e9023b8dd1f351,"{""distance"":7,""physical_error_rate"":0.002}","{""detection_events"":173,""detectors_checked"":25920}"
        29,         0,         0,   0.003,standalone_exact_mw,20c8daca17953576b13a32f59e5f9cb54485b277119f4e6925e9023b8dd1f351,"{""distance"":7,""physical_error_rate"":0.002}","{""detection_events"":137,""detectors_checked"":23490}"
        29,         0,         0,   0.003,standalone_exact_mw,20c8daca17953576b13a32f59e5f9cb54485b277119f4e6925e9023b8dd1f351,"{""distance"":7,""physical_error_rate"":0.002}","{""detection_events"":203,""detectors_checked"":23490}"
        32,         0,         0,   0.003,standalone_exact_mw,20c8daca17953576b13a32f59e5f9cb54485b277119f4e6925e9023b8dd1f351,"{""distance"":7,""physical_error_rate"":0.002}","{""detection_events"":183,""detectors_checked"":25920}"
        32,         0,         0,   0.003,standalone_exact_mw,20c8daca17953576b13a32f59e5f9cb54485b277119f4e6925e9023b8dd1f351,"{""distance"":7,""physical_error_rate"":0.002}","{""detection_events"":204,""detectors_checked"":25920}"
        32,         0,         0,   0.003,standalone_exact_mw,20c8daca17953576b13a32f59e5f9cb54485b277119f4e6925e9023b8dd1f351,"{""distance"":7,""physical_error_rate"":0.002}","{""detection_events"":164,""detectors_checked"":25920}"
       117,         0,         0,   0.007,standalone_exact_mw,20c8daca17953576b13a32f59e5f9cb54485b277119f4e6925e9023b8dd1f351,"{""distance"":7,""physical_error_rate"":0.002}","{""detection_events"":743,""detectors_checked"":94770}"
        32,         0,         0,   0.004,standalone_exact_mw,20c8daca17953576b13a32f59e5f9cb54485b277119f4e6925e9023b8dd1f351,"{""distance"":7,""physical_error_rate"":0.002}","{""detection_events"":232,""detectors_checked"":25920}"
        29,         0,         0,   0.003,standalone_exact_mw,20c8daca17953576b13a32f59e5f9cb54485b277119f4e6925e9023b8dd1f351,"{""distance"":7,""physical_error_rate"":0.002}","{""detection_events"":182,""detectors_checked"":23490}"
        32,         0,         0,   0.003,standalone_exact_mw,20c8daca17953576b13a32f59e5f9cb54485b277119f4e6925e9023b8dd1f351,"{""distance"":7,""physical_error_rate"":0.002}","{""detection_events"":193,""detectors_checked"":25920}"
        32,         0,         0,   0.003,standalone_exact_mw,20c8daca17953576b13a32f59e5f9cb54485b277119f4e6925e9023b8dd1f351,"{""distance"":7,""physical_error_rate"":0.002}","{""detection_events"":186,""detectors_checked"":25920}"
        32,         0,         0,   0.003,standalone_exact_mw,20c8daca17953576b13a32f59e5f9cb54485b277119f4e6925e9023b8dd1f351,"{""distance"":7,""physical_error_rate"":0.002}","{""detection_events"":201,""detectors_checked"":25920}"
        32,         0,         0,   0.004,standalone_exact_mw,20c8daca17953576b13a32f59e5f9cb54485b277119f4e6925e9023b8dd1f351,"{""distance"":7,""physical_error_rate"":0.002}","{""detection_events"":184,""detectors_checked"":25920}"
        32,         0,         0,   0.004,standalone_exact_mw,20c8daca17953576b13a32f59e5f9cb54485b277119f4e6925e9023b8dd1f351,"{""distance"":7,""physical_error_rate"":0.002}","{""detection_events"":164,""detectors_checked"":25920}"
        32,         0,         0,   0.005,standalone_exact_mw,20c8daca17953576b13a32f59e5f9cb54485b277119f4e6925e9023b8dd1f351,"{""distance"":7,""physical_error_rate"":0.002}","{""detection_events"":199,""detectors_checked"":25920}"
        32,         0,         0,   0.003,standalone_exact_mw,20c8daca17953576b13a32f59e5f9cb54485b277119f4e6925e9023b8dd1f351,"{""distance"":7,""physical_error_rate"":0.002}","{""detection_events"":198,""detectors_checked"":25920}"
         1,         0,         0,   0.002,standalone_exact_mw,20c8daca17953576b13a32f59e5f9cb54485b277119f4e6925e9023b8dd1f351,"{""distance"":7,""physical_error_rate"":0.002}","{""detection_events"":4,""detectors_checked"":810}"
         1,         0,         0,   0.002,standalone_exact_mw,20c8daca17953576b13a32f59e5f9cb54485b277119f4e6925e9023b8dd1f351,"{""distance"":7,""physical_error_rate"":0.002}","{""detection_events"":9,""detectors_checked"":810}"
         1,         0,         0,   0.002,standalone_exact_mw,20c8daca17953576b13a32f59e5f9cb54485b277119f4e6925e9023b8dd1f351,"{""distance"":7,""physical_error_rate"":0.002}","{""detection_events"":8,""detectors_checked"":810}"
        27,         0,         0,   0.003,standalone_exact_mw,20c8daca17953576b13a32f59e5f9cb54485b277119f4e6925e9023b8dd1f351,"{""distance"":7,""physical_error_rate"":0.002}","{""detection_events"":190,""detectors_checked"":21870}"
         1,         0,         0,   0.002,standalone_exact_mw,20c8daca17953576b13a32f59e5f9cb54485b277119f4e6925e9023b8dd1f351,"{""distance"":7,""physical_error_rate"":0.002}","{""detection_events"":17,""detectors_checked"":810}"
         1,         0,         0,   0.002,standalone_exact_mw,20c8daca17953576b13a32f59e5f9cb54485b277119f4e6925e9023b8dd1f351,"{""distance"":7,""physical_error_rate"":0.002}","{""detection_events"":9,""detectors_checked"":810}"
         1,         0,         0,   0.002,standalone_exact_mw,20c8daca17953576b13a32f59e5f9cb54485b277119f4e6925e9023b8dd1f351,"{""distance"":7,""physical_error_rate"":0.002}","{""detection_events"":2,""detectors_checked"":810}"
         1,         0,         0,   0.002,standalone_exact_mw,20c8daca17953576b13a32f59e5f9cb54485b277119f4e6925e9023b8dd1f351,"{""distance"":7,""physical_error_rate"":0.002}","{""detection_events"":3,""detectors_checked"":810}"
         1,         0,         0,   0.002,standalone_exact_mw,20c8daca17953576b13a32f59e5f9cb54485b277119f4e6925e9023b8dd1f351,"{""distance"":7,""physical_error_rate"":0.002}","{""detection_events"":6,""detectors_checked"":810}"
         1,         0,         0,   0.002,standalone_exact_mw,20c8daca17953576b13a32f59e5f9cb54485b277119f4e6925e9023b8dd1f351,"{""distance"":7,""physical_error_rate"":0.002}","{""detection_events"":10,""detectors_checked"":810}"
         1,         0,         0,   0.002,standalone_exact_mw,20c8daca17953576b13a32f59e5f9cb54485b277119f4e6925e9023b8dd1f351,"{""distance"":7,""physical_error_rate"":0.002}","{""detection_events"":4,""detectors_checked"":810}"
         1,         0,         0,   0.002,standalone_exact_mw,20c8daca17953576b13a32f59e5f9cb54485b277119f4e6925e9023b8dd1f351,"{""distance"":7,""physical_error_rate"":0.002}","{""detection_events"":10,""detectors_checked"":810}"
         1,         0,         0,   0.002,standalone_exact_mw,20c8daca17953576b13a32f59e5f9cb54485b277119f4e6925e9023b8dd1f351,"{""distance"":7,""physical_error_rate"":0.002}","{""detection_events"":11,""detectors_checked"":810}"
         1,         0,         0,   0.002,standalone_exact_mw,20c8daca17953576b13a32f59e5f9cb54485b277119f4e6925e9023b8dd1f351,"{""distance"":7,""physical_error_rate"":0.002}","{""detection_events"":4,""detectors_checked"":810}"
         1,         0,         0,   0.002,standalone_exact_mw,20c8daca17953576b13a32f59e5f9cb54485b277119f4e6925e9023b8dd1f351,"{""distance"":7,""physical_error_rate"":0.002}","{""detection_events"":4,""detectors_checked"":810}"
         1,         0,         0,   0.002,standalone_exact_mw,20c8daca17953576b13a32f59e5f9cb54485b277119f4e6925e9023b8dd1f351,"{""distance"":7,""physical_error_rate"":0.002}","{""detection_events"":8,""detectors_checked"":810}"
         1,         0,         0,   0.002,standalone_exact_mw,20c8daca17953576b13a32f59e5f9cb54485b277119f4e6925e9023b8dd1f351,"{""distance"":7,""physical_error_rate"":0.002}","{""detection_events"":8,""detectors_checked"":810}"
         1,         0,         0,   0.002,standalone_exact_mw,20c8daca17953576b13a32f59e5f9cb54485b277119f4e6925e9023b8dd1f351,"{""distance"":7,""physical_error_rate"":0.002}","{""detection_events"":4,""detectors_checked"":810}"
         1,         0,         0,   0.002,standalone_exact_mw,20c8daca17953576b13a32f59e5f9cb54485b277119f4e6925e9023b8dd1f351,"{""distance"":7,""physical_error_rate"":0.002}","{""detection_events"":6,""detectors_checked"":810}"
         1,         0,         0,   0.002,standalone_exact_mw,20c8daca17953576b13a32f59e5f9cb54485b277119f4e6925e9023b8dd1f351,"{""distance"":7,""physical_error_rate"":0.002}","{""detection_events"":2,""detectors_checked"":810}"
         1,         0,         0,   0.002,standalone_exact_mw,20c8daca17953576b13a32f59e5f9cb54485b277119f4e6925e9023b8dd1f351,"{""distance"":7,""physical_error_rate"":0.002}","{""detection_events"":6,""detectors_checked"":810}"
         1,         0,         0,   0.002,standalone_exact_mw,20c8daca17953576b13a32f59e5f9cb54485b277119f4e6925e9023b8dd1f351,"{""distance"":7,""physical_error_rate"":0.002}","{""detection_events"":6,""detectors_checked"":810}"
         1,         0,         0,   0.002,standalone_exact_mw,20c8daca17953576b13a32f59e5f9cb54485b277119f4e6925e9023b8dd1f351,"{""distance"":7,""physical_error_rate"":0.002}","{""detection_events"":11,""detectors_checked"":810}"
         1,         0,         0,   0.002,standalone_exact_mw,20c8daca17953576b13a32f59e5f9cb54485b277119f4e6925e9023b8dd1f351,"{""distance"":7,""physical_error_rate"":0.002}","{""detection_events"":6,""detectors_checked"":810}"
         1,         0,         0,   0.002,standalone_exact_mw,20c8daca17953576b13a32f59e5f9cb54485b277119f4e6925e9023b8dd1f351,"{""distance"":7,""physical_error_rate"":0.002}","{""detection_events"":9,""detectors_checked"":810}"
         1,         0,         0,   0.002,standalone_exact_mw,20c8daca17953576b13a32f59e5f9cb54485b277119f4e6925e9023b8dd1f351,"{""distance"":7,""physical_error_rate"":0.002}","{""detection_events"":6,""detectors_checked"":810}"
         1,         0,         0,   0.002,standalone_exact_mw,20c8daca17953576b13a32f59e5f9cb54485b277119f4e6925e9023b8dd1f351,"{""distance"":7,""physical_error_rate"":0.002}","{""detection_events"":6,""detectors_checked"":810}"
         1,         0,         0,   0.002,standalone_exact_mw,20c8daca17953576b13a32f59e5f9cb54485b277119f4e6925e9023b8dd1f351,"{""distance"":7,""physical_error_rate"":0.002}","{""detection_events"":6,""detectors_checked"":810}"
         1,         0,         0,   0.002,standalone_exact_mw,20c8daca17953576b13a32f59e5f9cb54485b277119f4e6925e9023b8dd1f351,"{""distance"":7,""physical_error_rate"":0.002}","{""detection_events"":9,""detectors_checked"":810}"
